{"digraph": {"vertex_count": 22, "arc_count": 420, "arcs": [[0, 1, 1, 1, 1, 1, 1, 1, 1, 1, 1, 1, 1, 1, 1, 1, 1, 1, 1, 1, 1, 1], [0, 0, 1, 1, 1, 1, 1, 1, 1, 1, 1, 1, 1, 1, 1, 1, 1, 1, 1, 1, 1, 1], [0, 1, 0, 1, 1, 1, 1, 1, 1, 1, 1, 1, 1, 1, 1, 1, 1, 1, 1, 1, 1, 1], [0, 1, 1, 0, 1, 1, 1, 1, 1, 1, 1, 1, 1, 1, 1, 1, 1, 1, 1, 1, 1, 1], [0, 1, 1, 1, 0, 1, 1, 1, 1, 1, 1, 1, 1, 1, 1, 1, 1, 1, 1, 1, 1, 1], [0, 1, 1, 1, 1, 0, 1, 1, 1, 1, 1, 1, 1, 1, 1, 1, 1, 1, 1, 1, 1, 1], [0, 1, 1, 1, 1, 1, 0, 1, 1, 1, 1, 1, 1, 1, 1, 1, 1, 1, 1, 1, 1, 1], [0, 1, 1, 1, 1, 1, 1, 0, 1, 1, 1, 1, 1, 1, 1, 1, 1, 1, 1, 1, 1, 1], [0, 1, 1, 1, 1, 1, 1, 1, 0, 1, 1, 1, 1, 1, 1, 1, 1, 1, 1, 1, 1, 1], [0, 1, 1, 1, 1, 1, 1, 1, 1, 0, 1, 1, 1, 1, 1, 1, 1, 1, 1, 1, 1, 1], [0, 1, 1, 1, 1, 1, 1, 1, 1, 1, 0, 1, 1, 1, 1, 1, 1, 1, 1, 1, 1, 1], [0, 1, 1, 1, 1, 1, 1, 1, 1, 1, 1, 0, 1, 1, 1, 1, 1, 1, 1, 1, 1, 1], [0, 1, 1, 1, 1, 1, 1, 1, 1, 1, 1, 1, 0, 1, 1, 1, 1, 1, 1, 1, 1, 1], [0, 1, 1, 1, 1, 1, 1, 1, 1, 1, 1, 1, 1, 0, 1, 1, 1, 1, 1, 1, 1, 1], [0, 1, 1, 1, 1, 1, 1, 1, 1, 1, 1, 1, 1, 1, 0, 1, 1, 1, 1, 1, 1, 1], [0, 1, 1, 1, 1, 1, 1, 1, 1, 1, 1, 1, 1, 1, 1, 0, 1, 1, 1, 1, 1, 1], [0, 1, 1, 1, 1, 1, 1, 1, 1, 1, 1, 1, 1, 1, 1, 1, 0, 1, 1, 1, 1, 1], [0, 1, 1, 1, 1, 1, 1, 1, 1, 1, 1, 1, 1, 1, 1, 1, 1, 0, 1, 1, 1, 1], [0, 1, 1, 1, 1, 1, 1, 1, 1, 1, 1, 1, 1, 1, 1, 1, 1, 1, 0, 1, 1, 1], [0, 1, 1, 1, 1, 1, 1, 1, 1, 1, 1, 1, 1, 1, 1, 1, 1, 1, 1, 0, 1, 1], [0, 1, 1, 1, 1, 1, 1, 1, 1, 1, 1, 1, 1, 1, 1, 1, 1, 1, 1, 1, 0, 1], [0, 0, 0, 0, 0, 0, 0, 0, 0, 0, 0, 0, 0, 0, 0, 0, 0, 0, 0, 0, 0, 0]], "coordinates": [[17.0, 7.0], [48.0, 3.0], [27.0, 39.0], [45.0, 3.0], [9.0, 37.0], [46.0, 33.0], [2.0, 25.0], [14.0, 33.0], [1.0, 45.0], [38.0, 36.0], [25.0, 26.0], [18.0, 10.0], [45.0, 31.0], [42.0, 35.0], [39.0, 5.0], [17.0, 10.0], [8.0, 41.0], [29.0, 39.0], [43.0, 32.0], [11.0, 17.0], [38.0, 23.0], [17.0, 7.0]]}, "cluster_count": 3, "cluster_speeds": [[1.5, 1.0, 1.67, 1.17, 1.33], [1.17, 0.67, 1.33, 0.83, 1.0], [1.0, 0.33, 0.67, 0.5, 0.83]], "clusters": [[1, 1, 0, 0, 2, 2, 0, 2, 2, 2, 2, 1, 2, 0, 0, 1, 2, 2, 0, 0, 1, 0], [1, 2, 2, 1, 2, 0, 1, 0, 2, 0, 1, 0, 0, 0, 0, 1, 2, 2, 2, 2, 1, 1], [0, 0, 2, 1, 1, 0, 1, 0, 2, 2, 2, 1, 2, 2, 0, 2, 2, 1, 0, 0, 2, 2], [2, 2, 0, 0, 0, 0, 2, 1, 0, 2, 1, 1, 2, 1, 2, 2, 2, 1, 0, 2, 0, 1], [1, 0, 2, 0, 2, 1, 0, 0, 1, 2, 0, 2, 0, 1, 0, 0, 0, 0, 2, 1, 1, 1], [0, 2, 0, 1, 0, 2, 0, 2, 2, 2, 2, 2, 1, 1, 1, 0, 1, 1, 1, 2, 2, 2], [2, 0, 1, 2, 2, 1, 2, 2, 1, 1, 0, 0, 2, 2, 2, 2, 1, 0, 2, 0, 1, 0], [1, 2, 1, 2, 2, 0, 2, 1, 0, 2, 0, 0, 1, 1, 1, 1, 1, 2, 1, 1, 0, 1], [0, 1, 2, 0, 2, 1, 2, 2, 1, 0, 1, 1, 1, 0, 0, 0, 0, 2, 2, 0, 2, 2], [1, 1, 2, 2, 1, 1, 1, 1, 0, 2, 0, 1, 0, 1, 2, 2, 0, 1, 0, 1, 0, 1], [1, 0, 0, 2, 1, 1, 0, 0, 1, 0, 0, 0, 0, 0, 2, 2, 1, 0, 0, 2, 1, 0], [0, 2, 2, 2, 2, 1, 2, 1, 1, 1, 1, 0, 0, 1, 0, 2, 2, 1, 2, 2, 2, 1], [0, 0, 0, 2, 1, 1, 0, 2, 0, 1, 1, 1, 0, 0, 0, 2, 1, 0, 2, 0, 0, 2], [2, 0, 2, 2, 0, 0, 0, 0, 2, 0, 1, 0, 1, 2, 2, 1, 2, 2, 0, 1, 2, 2], [2, 1, 0, 1, 0, 2, 2, 1, 2, 2, 1, 0, 2, 2, 1, 1, 1, 0, 0, 2, 1, 1], [2, 0, 1, 2, 0, 2, 0, 2, 0, 0, 0, 1, 0, 1, 0, 1, 2, 1, 1, 1, 1, 1], [2, 2, 2, 1, 0, 0, 0, 2, 0, 2, 1, 1, 2, 2, 1, 1, 0, 0, 0, 2, 1, 2], [1, 2, 2, 0, 0, 2, 0, 1, 1, 2, 1, 2, 1, 1, 2, 2, 1, 0, 0, 2, 2, 2], [1, 2, 0, 0, 0, 0, 1, 0, 0, 1, 1, 0, 1, 2, 1, 0, 2, 2, 1, 0, 2, 2], [0, 0, 2, 0, 2, 0, 2, 0, 1, 1, 0, 2, 2, 0, 2, 2, 2, 1, 1, 0, 0, 2], [2, 2, 1, 0, 0, 0, 1, 2, 2, 0, 0, 2, 2, 0, 2, 2, 0, 2, 1, 2, 1, 2], [1, 0, 0, 2, 1, 0, 1, 1, 2, 1, 2, 1, 1, 2, 1, 1, 2, 2, 1, 2, 0, 1]], "speed_zone_count": 5, "speed_zones": [[0.0, 76.80000000000001], [76.80000000000001, 115.19999999999999], [115.19999999999999, 268.79999999999995], [268.79999999999995, 307.20000000000005], [307.20000000000005, 384.0]], "distances": [[0, 31, 33, 28, 31, 38, 23, 26, 41, 35, 20, 3, 36, 37, 22, 3, 35, 34, 36, 11, 26, 0], [31, 0, 41, 3, 51, 30, 50, 45, 63, 34, 32, 30, 28, 32, 9, 31, 55, 40, 29, 39, 22, 31], [33, 41, 0, 40, 18, 19, 28, 14, 26, 11, 13, 30, 19, 15, 36, 30, 19, 2, 17, 27, 19, 33], [28, 3, 40, 0, 49, 30, 48, 43, 60, 33, 30, 27, 28, 32, 6, 28, 53, 39, 29, 36, 21, 28], [31, 51, 18, 49, 0, 37, 13, 6, 11, 29, 19, 28, 36, 33, 43, 28, 4, 20, 34, 20, 32, 31], [38, 30, 19, 30, 37, 0, 44, 32, 46, 8, 22, 36, 2, 4, 28, 37, 38, 18, 3, 38, 12, 38], [23, 50, 28, 48, 13, 44, 0, 14, 20, 37, 23, 21, 43, 41, 42, 21, 17, 30, 41, 12, 36, 23], [26, 45, 14, 43, 6, 32, 14, 0, 17, 24, 13, 23, 31, 28, 37, 23, 10, 16, 29, 16, 26, 26], [41, 63, 26, 60, 11, 46, 20, 17, 0, 38, 30, 38, 46, 42, 55, 38, 8, 28, 43, 29, 43, 41], [35, 34, 11, 33, 29, 8, 37, 24, 38, 0, 16, 32, 8, 4, 31, 33, 30, 9, 6, 33, 13, 35], [20, 32, 13, 30, 19, 22, 23, 13, 30, 16, 0, 17, 20, 19, 25, 17, 22, 13, 18, 16, 13, 20], [3, 30, 30, 27, 28, 36, 21, 23, 38, 32, 17, 0, 34, 34, 21, 1, 32, 31, 33, 9, 23, 3], [36, 28, 19, 28, 36, 2, 43, 31, 46, 8, 20, 34, 0, 5, 26, 35, 38, 17, 2, 36, 10, 36], [37, 32, 15, 32, 33, 4, 41, 28, 42, 4, 19, 34, 5, 0, 30, 35, 34, 13, 3, 35, 12, 37], [22, 9, 36, 6, 43, 28, 42, 37, 55, 31, 25, 21, 26, 30, 0, 22, 47, 35, 27, 30, 18, 22], [3, 31, 30, 28, 28, 37, 21, 23, 38, 33, 17, 1, 35, 35, 22, 0, 32, 31, 34, 9, 24, 3], [35, 55, 19, 53, 4, 38, 17, 10, 8, 30, 22, 32, 38, 34, 47, 32, 0, 21, 36, 24, 34, 35], [34, 40, 2, 39, 20, 18, 30, 16, 28, 9, 13, 31, 17, 13, 35, 31, 21, 0, 15, 28, 18, 34], [36, 29, 17, 29, 34, 3, 41, 29, 43, 6, 18, 33, 2, 3, 27, 34, 36, 15, 0, 35, 10, 36], [11, 39, 27, 36, 20, 38, 12, 16, 29, 33, 16, 9, 36, 35, 30, 9, 24, 28, 35, 0, 27, 11], [26, 22, 19, 21, 32, 12, 36, 26, 43, 13, 13, 23, 10, 12, 18, 24, 34, 18, 10, 27, 0, 26], [0, 31, 33, 28, 31, 38, 23, 26, 41, 35, 20, 3, 36, 37, 22, 3, 35, 34, 36, 11, 26, 0]], "time_windows": [[0.0, 384.0], [104.0, 233.0], [19.0, 160.0], [155.0, 325.0], [222.0, 353.0], [57.0, 200.0], [0.0, 79.0], [0.0, 105.0], [0.0, 131.0], [36.0, 154.0], [255.0, 361.0], [139.0, 297.0], [45.0, 195.0], [38.0, 156.0], [118.0, 237.0], [0.0, 65.0], [0.0, 115.0], [52.0, 176.0], [47.0, 187.0], [0.0, 79.0], [200.0, 315.0], [0.0, 384.0]], "start_depot": 0, "end_depot": 21, "horizon": [0.0, 384.0]}