{"digraph": {"vertex_count": 22, "arc_count": 420, "arcs": [[0, 1, 1, 1, 1, 1, 1, 1, 1, 1, 1, 1, 1, 1, 1, 1, 1, 1, 1, 1, 1, 1], [0, 0, 1, 1, 1, 1, 1, 1, 1, 1, 1, 1, 1, 1, 1, 1, 1, 1, 1, 1, 1, 1], [0, 1, 0, 1, 1, 1, 1, 1, 1, 1, 1, 1, 1, 1, 1, 1, 1, 1, 1, 1, 1, 1], [0, 1, 1, 0, 1, 1, 1, 1, 1, 1, 1, 1, 1, 1, 1, 1, 1, 1, 1, 1, 1, 1], [0, 1, 1, 1, 0, 1, 1, 1, 1, 1, 1, 1, 1, 1, 1, 1, 1, 1, 1, 1, 1, 1], [0, 1, 1, 1, 1, 0, 1, 1, 1, 1, 1, 1, 1, 1, 1, 1, 1, 1, 1, 1, 1, 1], [0, 1, 1, 1, 1, 1, 0, 1, 1, 1, 1, 1, 1, 1, 1, 1, 1, 1, 1, 1, 1, 1], [0, 1, 1, 1, 1, 1, 1, 0, 1, 1, 1, 1, 1, 1, 1, 1, 1, 1, 1, 1, 1, 1], [0, 1, 1, 1, 1, 1, 1, 1, 0, 1, 1, 1, 1, 1, 1, 1, 1, 1, 1, 1, 1, 1], [0, 1, 1, 1, 1, 1, 1, 1, 1, 0, 1, 1, 1, 1, 1, 1, 1, 1, 1, 1, 1, 1], [0, 1, 1, 1, 1, 1, 1, 1, 1, 1, 0, 1, 1, 1, 1, 1, 1, 1, 1, 1, 1, 1], [0, 1, 1, 1, 1, 1, 1, 1, 1, 1, 1, 0, 1, 1, 1, 1, 1, 1, 1, 1, 1, 1], [0, 1, 1, 1, 1, 1, 1, 1, 1, 1, 1, 1, 0, 1, 1, 1, 1, 1, 1, 1, 1, 1], [0, 1, 1, 1, 1, 1, 1, 1, 1, 1, 1, 1, 1, 0, 1, 1, 1, 1, 1, 1, 1, 1], [0, 1, 1, 1, 1, 1, 1, 1, 1, 1, 1, 1, 1, 1, 0, 1, 1, 1, 1, 1, 1, 1], [0, 1, 1, 1, 1, 1, 1, 1, 1, 1, 1, 1, 1, 1, 1, 0, 1, 1, 1, 1, 1, 1], [0, 1, 1, 1, 1, 1, 1, 1, 1, 1, 1, 1, 1, 1, 1, 1, 0, 1, 1, 1, 1, 1], [0, 1, 1, 1, 1, 1, 1, 1, 1, 1, 1, 1, 1, 1, 1, 1, 1, 0, 1, 1, 1, 1], [0, 1, 1, 1, 1, 1, 1, 1, 1, 1, 1, 1, 1, 1, 1, 1, 1, 1, 0, 1, 1, 1], [0, 1, 1, 1, 1, 1, 1, 1, 1, 1, 1, 1, 1, 1, 1, 1, 1, 1, 1, 0, 1, 1], [0, 1, 1, 1, 1, 1, 1, 1, 1, 1, 1, 1, 1, 1, 1, 1, 1, 1, 1, 1, 0, 1], [0, 0, 0, 0, 0, 0, 0, 0, 0, 0, 0, 0, 0, 0, 0, 0, 0, 0, 0, 0, 0, 0]], "coordinates": [[43.0, 7.0], [2.0, 29.0], [19.0, 12.0], [34.0, 2.0], [6.0, 11.0], [1.0, 1.0], [45.0, 16.0], [15.0, 40.0], [40.0, 37.0], [49.0, 44.0], [29.0, 13.0], [17.0, 18.0], [7.0, 15.0], [43.0, 1.0], [29.0, 22.0], [32.0, 47.0], [10.0, 28.0], [38.0, 20.0], [46.0, 29.0], [13.0, 40.0], [38.0, 7.0], [43.0, 7.0]]}, "cluster_count": 3, "cluster_speeds": [[1.5, 1.0, 1.67, 1.17, 1.33], [1.17, 0.67, 1.33, 0.83, 1.0], [1.0, 0.33, 0.67, 0.5, 0.83]], "clusters": [[1, 0, 0, 1, 2, 1, 2, 1, 2, 2, 0, 2, 0, 0, 2, 0, 0, 0, 2, 0, 1, 2], [0, 1, 2, 1, 2, 2, 0, 0, 1, 1, 0, 2, 0, 0, 2, 0, 0, 2, 2, 0, 2, 2], [2, 0, 0, 2, 2, 0, 2, 1, 0, 2, 0, 1, 0, 0, 0, 0, 2, 2, 1, 1, 1, 1], [2, 1, 2, 2, 2, 1, 1, 2, 0, 0, 0, 2, 1, 1, 0, 0, 1, 2, 1, 2, 2, 2], [1, 1, 2, 1, 1, 1, 0, 1, 2, 2, 0, 1, 1, 1, 2, 0, 2, 0, 1, 1, 1, 2], [1, 0, 1, 0, 0, 2, 1, 1, 0, 2, 0, 2, 0, 2, 2, 1, 1, 1, 2, 2, 2, 1], [1, 2, 1, 0, 0, 1, 1, 1, 0, 2, 0, 1, 1, 2, 1, 2, 0, 2, 2, 1, 2, 0], [2, 0, 2, 2, 2, 2, 2, 2, 2, 1, 0, 1, 1, 0, 1, 0, 0, 1, 1, 0, 1, 1], [1, 1, 0, 1, 1, 0, 0, 2, 2, 0, 0, 1, 1, 0, 2, 2, 0, 2, 0, 1, 1, 2], [2, 1, 0, 2, 0, 1, 2, 2, 1, 2, 0, 0, 2, 2, 1, 0, 2, 1, 1, 1, 2, 0], [1, 0, 0, 1, 0, 2, 1, 0, 1, 1, 2, 0, 0, 0, 1, 0, 2, 1, 1, 0, 0, 1], [1, 1, 0, 1, 1, 2, 0, 2, 2, 0, 0, 0, 0, 1, 1, 2, 2, 1, 1, 1, 0, 2], [2, 2, 0, 0, 0, 2, 2, 1, 0, 2, 2, 0, 2, 1, 2, 2, 0, 0, 1, 0, 1, 1], [1, 2, 0, 0, 0, 0, 1, 1, 1, 0, 2, 1, 1, 1, 1, 0, 1, 1, 1, 2, 1, 1], [1, 1, 1, 1, 1, 1, 0, 2, 2, 0, 1, 2, 0, 0, 2, 2, 2, 1, 1, 0, 0, 1], [2, 0, 0, 1, 0, 2, 2, 0, 2, 2, 0, 1, 1, 2, 0, 2, 0, 2, 0, 0, 2, 1], [0, 2, 2, 2, 2, 0, 2, 0, 2, 2, 0, 2, 0, 0, 2, 0, 0, 1, 0, 1, 2, 0], [0, 0, 0, 2, 0, 0, 1, 0, 1, 0, 0, 2, 0, 2, 1, 1, 2, 0, 0, 0, 0, 2], [0, 0, 1, 0, 1, 0, 1, 1, 0, 0, 2, 1, 1, 2, 0, 0, 1, 1, 2, 1, 1, 1], [1, 0, 0, 1, 2, 0, 1, 1, 1, 2, 2, 1, 1, 1, 1, 0, 0, 0, 2, 1, 2, 1], [2, 2, 0, 1, 2, 0, 0, 2, 0, 1, 2, 0, 2, 1, 1, 2, 2, 1, 1, 0, 2, 2], [1, 1, 1, 2, 1, 2, 1, 1, 0, 1, 0, 1, 0, 0, 2, 1, 2, 1, 2, 0, 0, 1]], "speed_zone_count": 5, "speed_zones": [[0.0, 103.60000000000001], [103.60000000000001, 155.4], [155.4, 362.59999999999997], [362.59999999999997, 414.40000000000003], [414.40000000000003, 518.0]], "distances": [[0, 46, 24, 10, 37, 42, 9, 43, 30, 37, 15, 28, 36, 6, 20, 41, 39, 13, 22, 44, 5, 0], [46, 0, 24, 41, 18, 28, 44, 17, 38, 49, 31, 18, 14, 49, 27, 34, 8, 37, 44, 15, 42, 46], [24, 24, 0, 18, 13, 21, 26, 28, 32, 43, 10, 6, 12, 26, 14, 37, 18, 20, 31, 28, 19, 24], [10, 41, 18, 0, 29, 33, 17, 42, 35, 44, 12, 23, 29, 9, 20, 45, 35, 18, 29, 43, 6, 10], [37, 18, 13, 29, 0, 11, 39, 30, 42, 54, 23, 13, 4, 38, 25, 44, 17, 33, 43, 29, 32, 37], [42, 28, 21, 33, 11, 0, 46, 41, 53, 64, 30, 23, 15, 42, 35, 55, 28, 41, 53, 40, 37, 42], [9, 44, 26, 17, 39, 46, 0, 38, 21, 28, 16, 28, 38, 15, 17, 33, 37, 8, 13, 40, 11, 9], [43, 17, 28, 42, 30, 41, 38, 0, 25, 34, 30, 22, 26, 48, 22, 18, 13, 30, 32, 2, 40, 43], [30, 38, 32, 35, 42, 53, 21, 25, 0, 11, 26, 29, 39, 36, 18, 12, 31, 17, 10, 27, 30, 30], [37, 49, 43, 44, 54, 64, 28, 34, 11, 0, 36, 41, 51, 43, 29, 17, 42, 26, 15, 36, 38, 37], [15, 31, 10, 12, 23, 30, 16, 30, 26, 36, 0, 13, 22, 18, 9, 34, 24, 11, 23, 31, 10, 15], [28, 18, 6, 23, 13, 23, 28, 22, 29, 41, 13, 0, 10, 31, 12, 32, 12, 21, 31, 22, 23, 28], [36, 14, 12, 29, 4, 15, 38, 26, 39, 51, 22, 10, 0, 38, 23, 40, 13, 31, 41, 25, 32, 36], [6, 49, 26, 9, 38, 42, 15, 48, 36, 43, 18, 31, 38, 0, 25, 47, 42, 19, 28, 49, 7, 6], [20, 27, 14, 20, 25, 35, 17, 22, 18, 29, 9, 12, 23, 25, 0, 25, 19, 9, 18, 24, 17, 20], [41, 34, 37, 45, 44, 55, 33, 18, 12, 17, 34, 32, 40, 47, 25, 0, 29, 27, 22, 20, 40, 41], [39, 8, 18, 35, 17, 28, 37, 13, 31, 42, 24, 12, 13, 42, 19, 29, 0, 29, 36, 12, 35, 39], [13, 37, 20, 18, 33, 41, 8, 30, 17, 26, 11, 21, 31, 19, 9, 27, 29, 0, 12, 32, 13, 13], [22, 44, 31, 29, 43, 53, 13, 32, 10, 15, 23, 31, 41, 28, 18, 22, 36, 12, 0, 34, 23, 22], [44, 15, 28, 43, 29, 40, 40, 2, 27, 36, 31, 22, 25, 49, 24, 20, 12, 32, 34, 0, 41, 44], [5, 42, 19, 6, 32, 37, 11, 40, 30, 38, 10, 23, 32, 7, 17, 40, 35, 13, 23, 41, 0, 5], [0, 46, 24, 10, 37, 42, 9, 43, 30, 37, 15, 28, 36, 6, 20, 41, 39, 13, 22, 44, 5, 0]], "time_windows": [[0.0, 518.0], [52.0, 286.0], [0.0, 205.0], [109.0, 290.0], [106.0, 317.0], [208.0, 404.0], [0.0, 124.0], [206.0, 358.0], [117.0, 292.0], [270.0, 481.0], [0.0, 168.0], [0.0, 199.0], [0.0, 179.0], [0.0, 96.0], [0.0, 183.0], [124.0, 321.0], [60.0, 252.0], [0.0, 188.0], [0.0, 148.0], [31.0, 215.0], [237.0, 446.0], [0.0, 518.0]], "start_depot": 0, "end_depot": 21, "horizon": [0.0, 518.0]}