{"digraph": {"vertex_count": 22, "arc_count": 420, "arcs": [[0, 1, 1, 1, 1, 1, 1, 1, 1, 1, 1, 1, 1, 1, 1, 1, 1, 1, 1, 1, 1, 1], [0, 0, 1, 1, 1, 1, 1, 1, 1, 1, 1, 1, 1, 1, 1, 1, 1, 1, 1, 1, 1, 1], [0, 1, 0, 1, 1, 1, 1, 1, 1, 1, 1, 1, 1, 1, 1, 1, 1, 1, 1, 1, 1, 1], [0, 1, 1, 0, 1, 1, 1, 1, 1, 1, 1, 1, 1, 1, 1, 1, 1, 1, 1, 1, 1, 1], [0, 1, 1, 1, 0, 1, 1, 1, 1, 1, 1, 1, 1, 1, 1, 1, 1, 1, 1, 1, 1, 1], [0, 1, 1, 1, 1, 0, 1, 1, 1, 1, 1, 1, 1, 1, 1, 1, 1, 1, 1, 1, 1, 1], [0, 1, 1, 1, 1, 1, 0, 1, 1, 1, 1, 1, 1, 1, 1, 1, 1, 1, 1, 1, 1, 1], [0, 1, 1, 1, 1, 1, 1, 0, 1, 1, 1, 1, 1, 1, 1, 1, 1, 1, 1, 1, 1, 1], [0, 1, 1, 1, 1, 1, 1, 1, 0, 1, 1, 1, 1, 1, 1, 1, 1, 1, 1, 1, 1, 1], [0, 1, 1, 1, 1, 1, 1, 1, 1, 0, 1, 1, 1, 1, 1, 1, 1, 1, 1, 1, 1, 1], [0, 1, 1, 1, 1, 1, 1, 1, 1, 1, 0, 1, 1, 1, 1, 1, 1, 1, 1, 1, 1, 1], [0, 1, 1, 1, 1, 1, 1, 1, 1, 1, 1, 0, 1, 1, 1, 1, 1, 1, 1, 1, 1, 1], [0, 1, 1, 1, 1, 1, 1, 1, 1, 1, 1, 1, 0, 1, 1, 1, 1, 1, 1, 1, 1, 1], [0, 1, 1, 1, 1, 1, 1, 1, 1, 1, 1, 1, 1, 0, 1, 1, 1, 1, 1, 1, 1, 1], [0, 1, 1, 1, 1, 1, 1, 1, 1, 1, 1, 1, 1, 1, 0, 1, 1, 1, 1, 1, 1, 1], [0, 1, 1, 1, 1, 1, 1, 1, 1, 1, 1, 1, 1, 1, 1, 0, 1, 1, 1, 1, 1, 1], [0, 1, 1, 1, 1, 1, 1, 1, 1, 1, 1, 1, 1, 1, 1, 1, 0, 1, 1, 1, 1, 1], [0, 1, 1, 1, 1, 1, 1, 1, 1, 1, 1, 1, 1, 1, 1, 1, 1, 0, 1, 1, 1, 1], [0, 1, 1, 1, 1, 1, 1, 1, 1, 1, 1, 1, 1, 1, 1, 1, 1, 1, 0, 1, 1, 1], [0, 1, 1, 1, 1, 1, 1, 1, 1, 1, 1, 1, 1, 1, 1, 1, 1, 1, 1, 0, 1, 1], [0, 1, 1, 1, 1, 1, 1, 1, 1, 1, 1, 1, 1, 1, 1, 1, 1, 1, 1, 1, 0, 1], [0, 0, 0, 0, 0, 0, 0, 0, 0, 0, 0, 0, 0, 0, 0, 0, 0, 0, 0, 0, 0, 0]], "coordinates": [[36.0, 15.0], [34.0, 48.0], [45.0, 36.0], [38.0, 15.0], [17.0, 1.0], [32.0, 38.0], [12.0, 10.0], [5.0, 39.0], [15.0, 2.0], [15.0, 3.0], [29.0, 43.0], [31.0, 45.0], [32.0, 26.0], [45.0, 1.0], [22.0, 45.0], [43.0, 37.0], [7.0, 26.0], [47.0, 48.0], [27.0, 28.0], [35.0, 4.0], [43.0, 1.0], [36.0, 15.0]]}, "cluster_count": 3, "cluster_speeds": [[1.5, 1.0, 1.67, 1.17, 1.33], [1.17, 0.67, 1.33, 0.83, 1.0], [1.0, 0.33, 0.67, 0.5, 0.83]], "clusters": [[2, 2, 2, 2, 0, 0, 2, 1, 1, 1, 2, 1, 0, 2, 0, 2, 1, 1, 1, 1, 1, 0], [1, 2, 1, 2, 2, 1, 1, 1, 1, 0, 2, 0, 1, 0, 1, 2, 0, 0, 0, 2, 0, 1], [1, 0, 1, 2, 2, 0, 0, 2, 1, 2, 2, 1, 2, 1, 2, 1, 2, 2, 0, 2, 2, 0], [1, 1, 0, 0, 2, 0, 2, 2, 2, 2, 1, 0, 1, 1, 1, 2, 2, 1, 0, 0, 0, 0], [1, 2, 0, 1, 0, 2, 1, 0, 2, 1, 2, 2, 1, 1, 2, 2, 2, 2, 2, 1, 2, 0], [1, 2, 1, 1, 2, 2, 0, 1, 1, 1, 2, 1, 0, 1, 1, 1, 1, 2, 1, 0, 0, 2], [2, 0, 0, 1, 2, 2, 1, 2, 2, 2, 0, 1, 0, 2, 0, 1, 1, 0, 1, 2, 0, 1], [1, 1, 1, 0, 2, 0, 0, 1, 0, 1, 2, 1, 1, 2, 1, 0, 0, 0, 0, 0, 2, 0], [0, 1, 0, 1, 2, 0, 2, 0, 1, 2, 2, 2, 0, 0, 0, 2, 1, 0, 2, 1, 2, 1], [2, 0, 2, 1, 2, 1, 0, 0, 0, 1, 2, 0, 1, 2, 2, 0, 0, 1, 1, 2, 2, 2], [2, 2, 2, 0, 1, 2, 1, 0, 2, 2, 2, 1, 0, 0, 2, 1, 0, 1, 1, 1, 2, 2], [0, 1, 1, 0, 1, 2, 2, 2, 0, 1, 1, 1, 2, 0, 0, 0, 0, 1, 1, 1, 2, 1], [1, 1, 0, 1, 1, 2, 1, 2, 1, 1, 2, 1, 0, 2, 1, 2, 0, 2, 0, 1, 1, 2], [1, 1, 0, 1, 1, 0, 0, 2, 2, 2, 0, 0, 2, 2, 2, 0, 2, 0, 0, 0, 1, 1], [2, 2, 1, 2, 2, 2, 2, 0, 2, 1, 0, 2, 2, 2, 0, 0, 0, 1, 1, 2, 1, 1], [2, 1, 0, 1, 2, 0, 0, 1, 0, 0, 2, 1, 2, 2, 1, 1, 1, 2, 1, 2, 0, 0], [2, 0, 2, 0, 1, 2, 0, 0, 1, 1, 1, 2, 0, 1, 2, 0, 0, 0, 1, 0, 1, 2], [0, 1, 0, 2, 1, 2, 1, 1, 2, 2, 1, 2, 0, 0, 1, 2, 1, 0, 2, 2, 1, 1], [0, 2, 2, 2, 1, 0, 2, 1, 0, 1, 1, 1, 2, 2, 1, 2, 1, 2, 0, 0, 0, 2], [2, 0, 0, 0, 2, 1, 1, 1, 2, 2, 0, 2, 2, 1, 1, 1, 1, 0, 0, 2, 2, 0], [1, 1, 1, 1, 0, 1, 0, 1, 0, 1, 0, 2, 2, 1, 1, 2, 2, 1, 1, 1, 0, 0], [2, 2, 1, 0, 2, 0, 0, 1, 0, 1, 0, 0, 1, 2, 1, 1, 1, 1, 2, 2, 1, 1]], "speed_zone_count": 5, "speed_zones": [[0.0, 98.2], [98.2, 147.29999999999998], [147.29999999999998, 343.7], [343.7, 392.8], [392.8, 491.0]], "distances": [[0, 33, 22, 2, 23, 23, 24, 39, 24, 24, 28, 30, 11, 16, 32, 23, 31, 34, 15, 11, 15, 0], [33, 0, 16, 33, 49, 10, 43, 30, 49, 48, 6, 4, 22, 48, 12, 14, 33, 13, 21, 44, 47, 33], [22, 16, 0, 22, 44, 13, 41, 40, 45, 44, 17, 16, 16, 35, 24, 2, 39, 12, 19, 33, 35, 22], [2, 33, 22, 0, 25, 23, 26, 40, 26, 25, 28, 30, 12, 15, 33, 22, 32, 33, 17, 11, 14, 2], [23, 49, 44, 25, 0, 39, 9, 38, 2, 2, 43, 45, 29, 28, 44, 44, 25, 55, 28, 18, 26, 23], [23, 10, 13, 23, 39, 0, 34, 27, 39, 38, 5, 7, 12, 38, 12, 11, 27, 18, 11, 34, 37, 23], [24, 43, 41, 26, 9, 34, 0, 29, 8, 7, 37, 39, 25, 33, 36, 40, 16, 51, 23, 23, 31, 24], [39, 30, 40, 40, 38, 27, 29, 0, 37, 36, 24, 26, 29, 55, 18, 38, 13, 42, 24, 46, 53, 39], [24, 49, 45, 26, 2, 39, 8, 37, 0, 1, 43, 45, 29, 30, 43, 44, 24, 55, 28, 20, 28, 24], [24, 48, 44, 25, 2, 38, 7, 36, 1, 0, 42, 44, 28, 30, 42, 43, 23, 54, 27, 20, 28, 24], [28, 6, 17, 28, 43, 5, 37, 24, 43, 42, 0, 2, 17, 43, 7, 15, 27, 18, 15, 39, 42, 28], [30, 4, 16, 30, 45, 7, 39, 26, 45, 44, 2, 0, 19, 45, 9, 14, 29, 16, 17, 41, 44, 30], [11, 22, 16, 12, 29, 12, 25, 29, 29, 28, 17, 19, 0, 27, 21, 15, 25, 26, 5, 22, 26, 11], [16, 48, 35, 15, 28, 38, 33, 55, 30, 30, 43, 45, 27, 0, 48, 36, 45, 47, 31, 10, 2, 16], [32, 12, 24, 33, 44, 12, 36, 18, 43, 42, 7, 9, 21, 48, 0, 22, 24, 25, 17, 42, 47, 32], [23, 14, 2, 22, 44, 11, 40, 38, 44, 43, 15, 14, 15, 36, 22, 0, 37, 11, 18, 33, 36, 23], [31, 33, 39, 32, 25, 27, 16, 13, 24, 23, 27, 29, 25, 45, 24, 37, 0, 45, 20, 35, 43, 31], [34, 13, 12, 33, 55, 18, 51, 42, 55, 54, 18, 16, 26, 47, 25, 11, 45, 0, 28, 44, 47, 34], [15, 21, 19, 17, 28, 11, 23, 24, 28, 27, 15, 17, 5, 31, 17, 18, 20, 28, 0, 25, 30, 15], [11, 44, 33, 11, 18, 34, 23, 46, 20, 20, 39, 41, 22, 10, 42, 33, 35, 44, 25, 0, 8, 11], [15, 47, 35, 14, 26, 37, 31, 53, 28, 28, 42, 44, 26, 2, 47, 36, 43, 47, 30, 8, 0, 15], [0, 33, 22, 2, 23, 23, 24, 39, 24, 24, 28, 30, 11, 16, 32, 23, 31, 34, 15, 11, 15, 0]], "time_windows": [[0.0, 491.0], [0.0, 139.0], [285.0, 398.0], [0.0, 116.0], [176.0, 348.0], [0.0, 168.0], [143.0, 321.0], [73.0, 274.0], [114.0, 300.0], [302.0, 467.0], [115.0, 268.0], [0.0, 165.0], [0.0, 178.0], [0.0, 125.0], [30.0, 212.0], [35.0, 213.0], [159.0, 357.0], [88.0, 223.0], [18.0, 179.0], [0.0, 117.0], [233.0, 423.0], [0.0, 491.0]], "start_depot": 0, "end_depot": 21, "horizon": [0.0, 491.0]}