{"digraph": {"vertex_count": 22, "arc_count": 420, "arcs": [[0, 1, 1, 1, 1, 1, 1, 1, 1, 1, 1, 1, 1, 1, 1, 1, 1, 1, 1, 1, 1, 1], [0, 0, 1, 1, 1, 1, 1, 1, 1, 1, 1, 1, 1, 1, 1, 1, 1, 1, 1, 1, 1, 1], [0, 1, 0, 1, 1, 1, 1, 1, 1, 1, 1, 1, 1, 1, 1, 1, 1, 1, 1, 1, 1, 1], [0, 1, 1, 0, 1, 1, 1, 1, 1, 1, 1, 1, 1, 1, 1, 1, 1, 1, 1, 1, 1, 1], [0, 1, 1, 1, 0, 1, 1, 1, 1, 1, 1, 1, 1, 1, 1, 1, 1, 1, 1, 1, 1, 1], [0, 1, 1, 1, 1, 0, 1, 1, 1, 1, 1, 1, 1, 1, 1, 1, 1, 1, 1, 1, 1, 1], [0, 1, 1, 1, 1, 1, 0, 1, 1, 1, 1, 1, 1, 1, 1, 1, 1, 1, 1, 1, 1, 1], [0, 1, 1, 1, 1, 1, 1, 0, 1, 1, 1, 1, 1, 1, 1, 1, 1, 1, 1, 1, 1, 1], [0, 1, 1, 1, 1, 1, 1, 1, 0, 1, 1, 1, 1, 1, 1, 1, 1, 1, 1, 1, 1, 1], [0, 1, 1, 1, 1, 1, 1, 1, 1, 0, 1, 1, 1, 1, 1, 1, 1, 1, 1, 1, 1, 1], [0, 1, 1, 1, 1, 1, 1, 1, 1, 1, 0, 1, 1, 1, 1, 1, 1, 1, 1, 1, 1, 1], [0, 1, 1, 1, 1, 1, 1, 1, 1, 1, 1, 0, 1, 1, 1, 1, 1, 1, 1, 1, 1, 1], [0, 1, 1, 1, 1, 1, 1, 1, 1, 1, 1, 1, 0, 1, 1, 1, 1, 1, 1, 1, 1, 1], [0, 1, 1, 1, 1, 1, 1, 1, 1, 1, 1, 1, 1, 0, 1, 1, 1, 1, 1, 1, 1, 1], [0, 1, 1, 1, 1, 1, 1, 1, 1, 1, 1, 1, 1, 1, 0, 1, 1, 1, 1, 1, 1, 1], [0, 1, 1, 1, 1, 1, 1, 1, 1, 1, 1, 1, 1, 1, 1, 0, 1, 1, 1, 1, 1, 1], [0, 1, 1, 1, 1, 1, 1, 1, 1, 1, 1, 1, 1, 1, 1, 1, 0, 1, 1, 1, 1, 1], [0, 1, 1, 1, 1, 1, 1, 1, 1, 1, 1, 1, 1, 1, 1, 1, 1, 0, 1, 1, 1, 1], [0, 1, 1, 1, 1, 1, 1, 1, 1, 1, 1, 1, 1, 1, 1, 1, 1, 1, 0, 1, 1, 1], [0, 1, 1, 1, 1, 1, 1, 1, 1, 1, 1, 1, 1, 1, 1, 1, 1, 1, 1, 0, 1, 1], [0, 1, 1, 1, 1, 1, 1, 1, 1, 1, 1, 1, 1, 1, 1, 1, 1, 1, 1, 1, 0, 1], [0, 0, 0, 0, 0, 0, 0, 0, 0, 0, 0, 0, 0, 0, 0, 0, 0, 0, 0, 0, 0, 0]], "coordinates": [[13.0, 14.0], [43.0, 24.0], [39.0, 49.0], [48.0, 15.0], [20.0, 33.0], [24.0, 40.0], [1.0, 37.0], [42.0, 2.0], [31.0, 33.0], [45.0, 48.0], [28.0, 46.0], [5.0, 39.0], [35.0, 5.0], [4.0, 45.0], [10.0, 38.0], [23.0, 25.0], [25.0, 32.0], [15.0, 36.0], [22.0, 32.0], [29.0, 38.0], [6.0, 44.0], [13.0, 14.0]]}, "cluster_count": 3, "cluster_speeds": [[1.5, 1.0, 1.67, 1.17, 1.33], [1.17, 0.67, 1.33, 0.83, 1.0], [1.0, 0.33, 0.67, 0.5, 0.83]], "clusters": [[0, 1, 1, 1, 0, 0, 0, 1, 0, 0, 1, 2, 1, 1, 1, 1, 1, 1, 0, 0, 1, 0], [0, 0, 2, 0, 2, 0, 1, 0, 1, 1, 2, 2, 2, 2, 1, 2, 2, 0, 0, 0, 1, 0], [0, 0, 1, 0, 2, 2, 0, 1, 2, 0, 0, 1, 2, 0, 2, 0, 1, 2, 1, 2, 1, 2], [0, 0, 2, 0, 1, 2, 1, 1, 2, 1, 2, 1, 0, 2, 2, 0, 2, 0, 2, 0, 0, 2], [0, 2, 2, 1, 2, 1, 2, 1, 1, 1, 2, 2, 1, 0, 2, 1, 1, 2, 1, 1, 1, 1], [2, 0, 0, 2, 1, 2, 1, 2, 0, 2, 0, 0, 2, 1, 0, 0, 0, 0, 1, 1, 1, 0], [0, 1, 2, 2, 1, 0, 0, 2, 0, 1, 0, 1, 2, 0, 0, 2, 1, 0, 0, 0, 1, 0], [2, 2, 0, 0, 0, 0, 2, 0, 0, 0, 0, 0, 1, 1, 0, 0, 1, 2, 0, 2, 2, 0], [2, 1, 2, 0, 1, 1, 1, 0, 2, 0, 1, 2, 1, 2, 2, 2, 2, 2, 1, 0, 0, 1], [1, 1, 0, 0, 1, 1, 0, 0, 0, 0, 2, 0, 2, 0, 2, 1, 0, 2, 0, 0, 2, 2], [2, 1, 1, 2, 2, 2, 2, 0, 0, 1, 1, 1, 2, 1, 0, 2, 0, 1, 1, 2, 1, 0], [0, 1, 1, 1, 0, 1, 1, 1, 1, 1, 0, 1, 2, 2, 1, 1, 1, 1, 1, 2, 1, 0], [2, 2, 1, 0, 1, 2, 1, 0, 0, 1, 2, 1, 1, 2, 1, 2, 2, 1, 1, 1, 0, 2], [2, 2, 0, 1, 1, 1, 2, 1, 2, 1, 0, 1, 0, 2, 1, 1, 1, 2, 1, 1, 1, 2], [2, 2, 0, 0, 2, 1, 2, 2, 0, 2, 0, 1, 1, 0, 1, 2, 1, 2, 2, 2, 2, 0], [1, 0, 2, 1, 2, 0, 1, 1, 2, 0, 0, 0, 0, 2, 0, 0, 1, 2, 2, 2, 1, 2], [2, 2, 2, 1, 1, 1, 2, 0, 1, 1, 1, 0, 2, 2, 2, 1, 0, 0, 0, 0, 1, 0], [0, 2, 1, 1, 0, 1, 0, 0, 0, 1, 2, 2, 1, 0, 2, 1, 2, 0, 2, 1, 1, 0], [2, 2, 0, 0, 2, 1, 0, 1, 1, 0, 1, 1, 2, 0, 2, 1, 0, 0, 1, 2, 0, 1], [1, 1, 0, 2, 0, 0, 0, 1, 2, 0, 2, 0, 0, 1, 1, 1, 2, 1, 0, 1, 1, 0], [2, 0, 2, 1, 2, 1, 2, 2, 0, 2, 1, 2, 0, 0, 0, 0, 0, 1, 0, 0, 1, 2], [2, 0, 1, 2, 1, 2, 1, 0, 1, 2, 0, 0, 2, 1, 0, 1, 2, 2, 2, 1, 2, 1]], "speed_zone_count": 5, "speed_zones": [[0.0, 98.80000000000001], [98.80000000000001, 148.2], [148.2, 345.79999999999995], [345.79999999999995, 395.20000000000005], [395.20000000000005, 494.0]], "distances": [[0, 31, 43, 35, 20, 28, 25, 31, 26, 46, 35, 26, 23, 32, 24, 14, 21, 22, 20, 28, 30, 0], [31, 0, 25, 10, 24, 24, 43, 22, 15, 24, 26, 40, 20, 44, 35, 20, 19, 30, 22, 19, 42, 31], [43, 25, 0, 35, 24, 17, 39, 47, 17, 6, 11, 35, 44, 35, 31, 28, 22, 27, 24, 14, 33, 43], [35, 10, 35, 0, 33, 34, 51, 14, 24, 33, 36, 49, 16, 53, 44, 26, 28, 39, 31, 29, 51, 35], [20, 24, 24, 33, 0, 8, 19, 38, 11, 29, 15, 16, 31, 20, 11, 8, 5, 5, 2, 10, 17, 20], [28, 24, 17, 34, 8, 0, 23, 42, 9, 22, 7, 19, 36, 20, 14, 15, 8, 9, 8, 5, 18, 28], [25, 43, 39, 51, 19, 23, 0, 53, 30, 45, 28, 4, 46, 8, 9, 25, 24, 14, 21, 28, 8, 25], [31, 22, 47, 14, 38, 42, 53, 0, 32, 46, 46, 52, 7, 57, 48, 29, 34, 43, 36, 38, 55, 31], [26, 15, 17, 24, 11, 9, 30, 32, 0, 20, 13, 26, 28, 29, 21, 11, 6, 16, 9, 5, 27, 26], [46, 24, 6, 33, 29, 22, 45, 46, 20, 0, 17, 41, 44, 41, 36, 31, 25, 32, 28, 18, 39, 46], [35, 26, 11, 36, 15, 7, 28, 46, 13, 17, 0, 24, 41, 24, 19, 21, 14, 16, 15, 8, 22, 35], [26, 40, 35, 49, 16, 19, 4, 52, 26, 41, 24, 0, 45, 6, 5, 22, 21, 10, 18, 24, 5, 26], [23, 20, 44, 16, 31, 36, 46, 7, 28, 44, 41, 45, 0, 50, 41, 23, 28, 36, 29, 33, 48, 23], [32, 44, 35, 53, 20, 20, 8, 57, 29, 41, 24, 6, 50, 0, 9, 27, 24, 14, 22, 25, 2, 32], [24, 35, 31, 44, 11, 14, 9, 48, 21, 36, 19, 5, 41, 9, 0, 18, 16, 5, 13, 19, 7, 24], [14, 20, 28, 26, 8, 15, 25, 29, 11, 31, 21, 22, 23, 27, 18, 0, 7, 13, 7, 14, 25, 14], [21, 19, 22, 28, 5, 8, 24, 34, 6, 25, 14, 21, 28, 24, 16, 7, 0, 10, 3, 7, 22, 21], [22, 30, 27, 39, 5, 9, 14, 43, 16, 32, 16, 10, 36, 14, 5, 13, 10, 0, 8, 14, 12, 22], [20, 22, 24, 31, 2, 8, 21, 36, 9, 28, 15, 18, 29, 22, 13, 7, 3, 8, 0, 9, 20, 20], [28, 19, 14, 29, 10, 5, 28, 38, 5, 18, 8, 24, 33, 25, 19, 14, 7, 14, 9, 0, 23, 28], [30, 42, 33, 51, 17, 18, 8, 55, 27, 39, 22, 5, 48, 2, 7, 25, 22, 12, 20, 23, 0, 30], [0, 31, 43, 35, 20, 28, 25, 31, 26, 46, 35, 26, 23, 32, 24, 14, 21, 22, 20, 28, 30, 0]], "time_windows": [[0.0, 494.0], [253.0, 462.0], [0.0, 214.0], [112.0, 243.0], [0.0, 89.0], [0.0, 166.0], [40.0, 222.0], [147.0, 332.0], [0.0, 126.0], [115.0, 348.0], [0.0, 110.0], [11.0, 173.0], [58.0, 277.0], [231.0, 429.0], [0.0, 194.0], [50.0, 262.0], [0.0, 99.0], [0.0, 179.0], [0.0, 158.0], [0.0, 154.0], [152.0, 413.0], [0.0, 494.0]], "start_depot": 0, "end_depot": 21, "horizon": [0.0, 494.0]}