{"digraph": {"vertex_count": 22, "arc_count": 420, "arcs": [[0, 1, 1, 1, 1, 1, 1, 1, 1, 1, 1, 1, 1, 1, 1, 1, 1, 1, 1, 1, 1, 1], [0, 0, 1, 1, 1, 1, 1, 1, 1, 1, 1, 1, 1, 1, 1, 1, 1, 1, 1, 1, 1, 1], [0, 1, 0, 1, 1, 1, 1, 1, 1, 1, 1, 1, 1, 1, 1, 1, 1, 1, 1, 1, 1, 1], [0, 1, 1, 0, 1, 1, 1, 1, 1, 1, 1, 1, 1, 1, 1, 1, 1, 1, 1, 1, 1, 1], [0, 1, 1, 1, 0, 1, 1, 1, 1, 1, 1, 1, 1, 1, 1, 1, 1, 1, 1, 1, 1, 1], [0, 1, 1, 1, 1, 0, 1, 1, 1, 1, 1, 1, 1, 1, 1, 1, 1, 1, 1, 1, 1, 1], [0, 1, 1, 1, 1, 1, 0, 1, 1, 1, 1, 1, 1, 1, 1, 1, 1, 1, 1, 1, 1, 1], [0, 1, 1, 1, 1, 1, 1, 0, 1, 1, 1, 1, 1, 1, 1, 1, 1, 1, 1, 1, 1, 1], [0, 1, 1, 1, 1, 1, 1, 1, 0, 1, 1, 1, 1, 1, 1, 1, 1, 1, 1, 1, 1, 1], [0, 1, 1, 1, 1, 1, 1, 1, 1, 0, 1, 1, 1, 1, 1, 1, 1, 1, 1, 1, 1, 1], [0, 1, 1, 1, 1, 1, 1, 1, 1, 1, 0, 1, 1, 1, 1, 1, 1, 1, 1, 1, 1, 1], [0, 1, 1, 1, 1, 1, 1, 1, 1, 1, 1, 0, 1, 1, 1, 1, 1, 1, 1, 1, 1, 1], [0, 1, 1, 1, 1, 1, 1, 1, 1, 1, 1, 1, 0, 1, 1, 1, 1, 1, 1, 1, 1, 1], [0, 1, 1, 1, 1, 1, 1, 1, 1, 1, 1, 1, 1, 0, 1, 1, 1, 1, 1, 1, 1, 1], [0, 1, 1, 1, 1, 1, 1, 1, 1, 1, 1, 1, 1, 1, 0, 1, 1, 1, 1, 1, 1, 1], [0, 1, 1, 1, 1, 1, 1, 1, 1, 1, 1, 1, 1, 1, 1, 0, 1, 1, 1, 1, 1, 1], [0, 1, 1, 1, 1, 1, 1, 1, 1, 1, 1, 1, 1, 1, 1, 1, 0, 1, 1, 1, 1, 1], [0, 1, 1, 1, 1, 1, 1, 1, 1, 1, 1, 1, 1, 1, 1, 1, 1, 0, 1, 1, 1, 1], [0, 1, 1, 1, 1, 1, 1, 1, 1, 1, 1, 1, 1, 1, 1, 1, 1, 1, 0, 1, 1, 1], [0, 1, 1, 1, 1, 1, 1, 1, 1, 1, 1, 1, 1, 1, 1, 1, 1, 1, 1, 0, 1, 1], [0, 1, 1, 1, 1, 1, 1, 1, 1, 1, 1, 1, 1, 1, 1, 1, 1, 1, 1, 1, 0, 1], [0, 0, 0, 0, 0, 0, 0, 0, 0, 0, 0, 0, 0, 0, 0, 0, 0, 0, 0, 0, 0, 0]], "coordinates": [[16.0, 23.0], [22.0, 4.0], [12.0, 6.0], [47.0, 38.0], [11.0, 29.0], [25.0, 5.0], [22.0, 31.0], [0.0, 16.0], [37.0, 3.0], [31.0, 19.0], [38.0, 12.0], [36.0, 1.0], [38.0, 14.0], [4.0, 50.0], [5.0, 4.0], [16.0, 3.0], [25.0, 25.0], [31.0, 15.0], [36.0, 14.0], [28.0, 16.0], [20.0, 35.0], [16.0, 23.0]]}, "cluster_count": 3, "cluster_speeds": [[1.5, 1.0, 1.67, 1.17, 1.33], [1.17, 0.67, 1.33, 0.83, 1.0], [1.0, 0.33, 0.67, 0.5, 0.83]], "clusters": [[0, 1, 1, 0, 2, 2, 0, 2, 2, 0, 2, 2, 2, 0, 2, 1, 1, 1, 0, 1, 0, 0], [2, 0, 1, 1, 2, 1, 1, 0, 1, 1, 0, 2, 1, 1, 2, 0, 1, 1, 2, 0, 1, 1], [0, 0, 1, 0, 1, 1, 0, 0, 1, 0, 2, 0, 1, 0, 1, 0, 2, 1, 0, 0, 0, 0], [2, 0, 1, 2, 1, 2, 1, 1, 0, 2, 1, 0, 0, 2, 0, 2, 2, 1, 2, 2, 2, 0], [1, 0, 2, 0, 0, 1, 0, 2, 0, 0, 0, 2, 1, 0, 0, 0, 1, 2, 2, 2, 1, 0], [2, 2, 2, 0, 2, 0, 1, 2, 0, 1, 1, 0, 0, 0, 0, 2, 1, 1, 0, 0, 2, 2], [1, 2, 2, 0, 1, 1, 0, 0, 0, 1, 1, 0, 0, 2, 1, 0, 1, 2, 0, 1, 0, 1], [1, 0, 1, 2, 1, 2, 2, 1, 2, 0, 0, 0, 1, 2, 1, 0, 0, 2, 2, 0, 2, 2], [0, 1, 0, 2, 2, 2, 1, 1, 2, 1, 1, 0, 0, 2, 1, 2, 2, 2, 0, 1, 0, 2], [0, 0, 0, 0, 2, 2, 1, 2, 1, 2, 2, 2, 2, 0, 1, 0, 0, 1, 2, 0, 1, 1], [2, 2, 0, 2, 0, 2, 1, 2, 0, 1, 1, 0, 1, 2, 1, 2, 2, 0, 2, 1, 0, 1], [0, 2, 1, 2, 1, 0, 2, 2, 1, 1, 0, 1, 2, 2, 0, 2, 0, 0, 2, 2, 0, 2], [2, 1, 1, 2, 1, 1, 2, 1, 0, 2, 2, 2, 0, 0, 1, 1, 2, 0, 2, 0, 2, 0], [0, 2, 2, 0, 1, 0, 0, 2, 1, 1, 1, 2, 1, 0, 2, 2, 1, 1, 1, 2, 0, 2], [1, 0, 2, 2, 1, 2, 1, 1, 2, 0, 0, 1, 1, 0, 0, 2, 0, 2, 0, 2, 2, 0], [0, 1, 2, 0, 2, 0, 0, 0, 0, 1, 1, 0, 2, 0, 1, 0, 0, 1, 2, 0, 2, 2], [2, 1, 0, 1, 0, 1, 0, 1, 1, 2, 0, 0, 0, 1, 2, 0, 1, 1, 2, 0, 1, 0], [1, 2, 2, 1, 1, 0, 1, 0, 0, 0, 2, 0, 2, 1, 2, 2, 2, 1, 1, 2, 1, 1], [0, 0, 2, 2, 2, 2, 1, 1, 0, 1, 2, 1, 1, 2, 0, 2, 1, 2, 1, 0, 1, 2], [1, 2, 2, 0, 1, 1, 2, 0, 1, 0, 2, 1, 2, 1, 2, 2, 2, 2, 2, 0, 1, 2], [0, 0, 0, 0, 2, 0, 0, 1, 1, 0, 2, 0, 0, 2, 0, 0, 1, 2, 2, 2, 1, 2], [1, 2, 2, 1, 2, 0, 0, 0, 0, 2, 1, 0, 2, 2, 2, 2, 1, 2, 0, 1, 1, 2]], "speed_zone_count": 5, "speed_zones": [[0.0, 91.60000000000001], [91.60000000000001, 137.4], [137.4, 320.59999999999997], [320.59999999999997, 366.40000000000003], [366.40000000000003, 458.0]], "distances": [[0, 19, 17, 34, 7, 20, 10, 17, 29, 15, 24, 29, 23, 29, 21, 20, 9, 17, 21, 13, 12, 0], [19, 0, 10, 42, 27, 3, 27, 25, 15, 17, 17, 14, 18, 49, 17, 6, 21, 14, 17, 13, 31, 19], [17, 10, 0, 47, 23, 13, 26, 15, 25, 23, 26, 24, 27, 44, 7, 5, 23, 21, 25, 18, 30, 17], [34, 42, 47, 0, 37, 39, 25, 51, 36, 24, 27, 38, 25, 44, 54, 46, 25, 28, 26, 29, 27, 34], [7, 27, 23, 37, 0, 27, 11, 17, 36, 22, 31, 37, 30, 22, 25, 26, 14, 24, 29, 21, 10, 7], [20, 3, 13, 39, 27, 0, 26, 27, 12, 15, 14, 11, 15, 49, 20, 9, 20, 11, 14, 11, 30, 20], [10, 27, 26, 25, 11, 26, 0, 26, 31, 15, 24, 33, 23, 26, 31, 28, 6, 18, 22, 16, 4, 10], [17, 25, 15, 51, 17, 27, 26, 0, 39, 31, 38, 39, 38, 34, 13, 20, 26, 31, 36, 28, 27, 17], [29, 15, 25, 36, 36, 12, 31, 39, 0, 17, 9, 2, 11, 57, 32, 21, 25, 13, 11, 15, 36, 29], [15, 17, 23, 24, 22, 15, 15, 31, 17, 0, 9, 18, 8, 41, 30, 21, 8, 4, 7, 4, 19, 15], [24, 17, 26, 27, 31, 14, 24, 38, 9, 9, 0, 11, 2, 50, 33, 23, 18, 7, 2, 10, 29, 24], [29, 14, 24, 38, 37, 11, 33, 39, 2, 18, 11, 0, 13, 58, 31, 20, 26, 14, 13, 17, 37, 29], [23, 18, 27, 25, 30, 15, 23, 38, 11, 8, 2, 13, 0, 49, 34, 24, 17, 7, 2, 10, 27, 23], [29, 49, 44, 44, 22, 49, 26, 34, 57, 41, 50, 58, 49, 0, 46, 48, 32, 44, 48, 41, 21, 29], [21, 17, 7, 54, 25, 20, 31, 13, 32, 30, 33, 31, 34, 46, 0, 11, 29, 28, 32, 25, 34, 21], [20, 6, 5, 46, 26, 9, 28, 20, 21, 21, 23, 20, 24, 48, 11, 0, 23, 19, 22, 17, 32, 20], [9, 21, 23, 25, 14, 20, 6, 26, 25, 8, 18, 26, 17, 32, 29, 23, 0, 11, 15, 9, 11, 9], [17, 14, 21, 28, 24, 11, 18, 31, 13, 4, 7, 14, 7, 44, 28, 19, 11, 0, 5, 3, 22, 17], [21, 17, 25, 26, 29, 14, 22, 36, 11, 7, 2, 13, 2, 48, 32, 22, 15, 5, 0, 8, 26, 21], [13, 13, 18, 29, 21, 11, 16, 28, 15, 4, 10, 17, 10, 41, 25, 17, 9, 3, 8, 0, 20, 13], [12, 31, 30, 27, 10, 30, 4, 27, 36, 19, 29, 37, 27, 21, 34, 32, 11, 22, 26, 20, 0, 12], [0, 19, 17, 34, 7, 20, 10, 17, 29, 15, 24, 29, 23, 29, 21, 20, 9, 17, 21, 13, 12, 0]], "time_windows": [[0.0, 458.0], [12.0, 118.0], [131.0, 255.0], [256.0, 374.0], [164.0, 267.0], [1.0, 111.0], [52.0, 179.0], [125.0, 236.0], [200.0, 313.0], [0.0, 73.0], [0.0, 99.0], [29.0, 140.0], [28.0, 146.0], [90.0, 204.0], [304.0, 436.0], [0.0, 113.0], [0.0, 63.0], [0.0, 92.0], [0.0, 83.0], [0.0, 71.0], [225.0, 350.0], [0.0, 458.0]], "start_depot": 0, "end_depot": 21, "horizon": [0.0, 458.0]}