{"digraph": {"vertex_count": 22, "arc_count": 420, "arcs": [[0, 1, 1, 1, 1, 1, 1, 1, 1, 1, 1, 1, 1, 1, 1, 1, 1, 1, 1, 1, 1, 1], [0, 0, 1, 1, 1, 1, 1, 1, 1, 1, 1, 1, 1, 1, 1, 1, 1, 1, 1, 1, 1, 1], [0, 1, 0, 1, 1, 1, 1, 1, 1, 1, 1, 1, 1, 1, 1, 1, 1, 1, 1, 1, 1, 1], [0, 1, 1, 0, 1, 1, 1, 1, 1, 1, 1, 1, 1, 1, 1, 1, 1, 1, 1, 1, 1, 1], [0, 1, 1, 1, 0, 1, 1, 1, 1, 1, 1, 1, 1, 1, 1, 1, 1, 1, 1, 1, 1, 1], [0, 1, 1, 1, 1, 0, 1, 1, 1, 1, 1, 1, 1, 1, 1, 1, 1, 1, 1, 1, 1, 1], [0, 1, 1, 1, 1, 1, 0, 1, 1, 1, 1, 1, 1, 1, 1, 1, 1, 1, 1, 1, 1, 1], [0, 1, 1, 1, 1, 1, 1, 0, 1, 1, 1, 1, 1, 1, 1, 1, 1, 1, 1, 1, 1, 1], [0, 1, 1, 1, 1, 1, 1, 1, 0, 1, 1, 1, 1, 1, 1, 1, 1, 1, 1, 1, 1, 1], [0, 1, 1, 1, 1, 1, 1, 1, 1, 0, 1, 1, 1, 1, 1, 1, 1, 1, 1, 1, 1, 1], [0, 1, 1, 1, 1, 1, 1, 1, 1, 1, 0, 1, 1, 1, 1, 1, 1, 1, 1, 1, 1, 1], [0, 1, 1, 1, 1, 1, 1, 1, 1, 1, 1, 0, 1, 1, 1, 1, 1, 1, 1, 1, 1, 1], [0, 1, 1, 1, 1, 1, 1, 1, 1, 1, 1, 1, 0, 1, 1, 1, 1, 1, 1, 1, 1, 1], [0, 1, 1, 1, 1, 1, 1, 1, 1, 1, 1, 1, 1, 0, 1, 1, 1, 1, 1, 1, 1, 1], [0, 1, 1, 1, 1, 1, 1, 1, 1, 1, 1, 1, 1, 1, 0, 1, 1, 1, 1, 1, 1, 1], [0, 1, 1, 1, 1, 1, 1, 1, 1, 1, 1, 1, 1, 1, 1, 0, 1, 1, 1, 1, 1, 1], [0, 1, 1, 1, 1, 1, 1, 1, 1, 1, 1, 1, 1, 1, 1, 1, 0, 1, 1, 1, 1, 1], [0, 1, 1, 1, 1, 1, 1, 1, 1, 1, 1, 1, 1, 1, 1, 1, 1, 0, 1, 1, 1, 1], [0, 1, 1, 1, 1, 1, 1, 1, 1, 1, 1, 1, 1, 1, 1, 1, 1, 1, 0, 1, 1, 1], [0, 1, 1, 1, 1, 1, 1, 1, 1, 1, 1, 1, 1, 1, 1, 1, 1, 1, 1, 0, 1, 1], [0, 1, 1, 1, 1, 1, 1, 1, 1, 1, 1, 1, 1, 1, 1, 1, 1, 1, 1, 1, 0, 1], [0, 0, 0, 0, 0, 0, 0, 0, 0, 0, 0, 0, 0, 0, 0, 0, 0, 0, 0, 0, 0, 0]], "coordinates": [[42.0, 26.0], [4.0, 11.0], [3.0, 1.0], [41.0, 13.0], [19.0, 34.0], [5.0, 35.0], [29.0, 19.0], [40.0, 49.0], [36.0, 34.0], [39.0, 31.0], [44.0, 5.0], [49.0, 30.0], [6.0, 35.0], [33.0, 13.0], [35.0, 37.0], [43.0, 9.0], [1.0, 25.0], [48.0, 31.0], [15.0, 41.0], [18.0, 15.0], [16.0, 21.0], [42.0, 26.0]]}, "cluster_count": 3, "cluster_speeds": [[1.5, 1.0, 1.67, 1.17, 1.33], [1.17, 0.67, 1.33, 0.83, 1.0], [1.0, 0.33, 0.67, 0.5, 0.83]], "clusters": [[2, 0, 2, 2, 0, 1, 2, 0, 2, 0, 2, 2, 2, 2, 0, 1, 1, 2, 0, 0, 2, 0], [0, 2, 1, 0, 1, 1, 1, 1, 0, 0, 2, 1, 0, 0, 1, 1, 2, 2, 2, 0, 1, 0], [1, 1, 1, 2, 0, 1, 0, 0, 0, 2, 2, 2, 0, 0, 1, 0, 2, 2, 0, 1, 2, 0], [0, 0, 2, 0, 1, 1, 0, 1, 1, 1, 2, 1, 0, 2, 1, 1, 0, 1, 2, 1, 1, 2], [1, 2, 1, 0, 1, 0, 1, 2, 1, 2, 0, 0, 2, 2, 2, 0, 1, 1, 2, 2, 2, 2], [2, 0, 2, 0, 1, 2, 1, 2, 1, 2, 1, 0, 1, 0, 0, 0, 2, 2, 1, 1, 2, 0], [1, 0, 0, 0, 2, 2, 0, 2, 2, 1, 2, 0, 0, 1, 1, 2, 0, 1, 2, 1, 0, 0], [1, 0, 0, 0, 0, 2, 1, 0, 1, 2, 1, 0, 1, 1, 2, 1, 2, 0, 1, 1, 0, 1], [0, 2, 2, 0, 0, 2, 2, 2, 0, 1, 2, 1, 1, 1, 1, 2, 0, 2, 1, 0, 0, 0], [1, 1, 2, 0, 1, 1, 0, 2, 1, 2, 0, 2, 2, 2, 2, 1, 1, 1, 0, 2, 2, 0], [1, 1, 2, 1, 1, 1, 0, 0, 1, 0, 0, 0, 2, 1, 1, 1, 0, 1, 0, 0, 2, 0], [1, 1, 0, 1, 1, 1, 0, 1, 2, 1, 2, 2, 2, 0, 1, 0, 0, 0, 1, 1, 2, 0], [1, 2, 2, 2, 2, 0, 2, 0, 0, 1, 0, 0, 2, 1, 2, 0, 0, 2, 2, 2, 1, 1], [1, 1, 2, 2, 1, 0, 2, 2, 2, 2, 0, 0, 0, 2, 0, 2, 1, 2, 1, 1, 0, 1], [0, 1, 2, 1, 1, 0, 0, 1, 0, 2, 2, 0, 2, 2, 1, 0, 0, 0, 0, 2, 1, 0], [0, 0, 0, 0, 2, 0, 2, 0, 1, 2, 0, 1, 0, 0, 0, 0, 0, 2, 1, 1, 0, 0], [2, 2, 2, 2, 2, 1, 0, 2, 1, 2, 1, 2, 1, 0, 0, 0, 0, 0, 2, 1, 0, 2], [1, 2, 2, 1, 2, 2, 1, 0, 0, 1, 2, 0, 0, 0, 0, 2, 1, 1, 0, 1, 2, 0], [0, 2, 2, 0, 1, 2, 0, 2, 2, 0, 0, 2, 2, 2, 2, 0, 0, 2, 1, 2, 0, 2], [2, 1, 0, 1, 0, 1, 0, 0, 1, 2, 2, 1, 0, 1, 1, 0, 2, 0, 2, 0, 0, 0], [2, 0, 2, 0, 0, 0, 1, 1, 1, 2, 1, 2, 0, 0, 1, 2, 0, 2, 1, 1, 1, 1], [2, 1, 2, 2, 2, 0, 0, 2, 2, 1, 0, 2, 1, 1, 1, 1, 2, 2, 2, 0, 1, 1]], "speed_zone_count": 5, "speed_zones": [[0.0, 84.4], [84.4, 126.6], [126.6, 295.4], [295.4, 337.6], [337.6, 422.0]], "distances": [[0, 40, 46, 13, 24, 38, 14, 23, 10, 5, 21, 8, 37, 15, 13, 17, 41, 7, 30, 26, 26, 0], [40, 0, 10, 37, 27, 24, 26, 52, 39, 40, 40, 48, 24, 29, 40, 39, 14, 48, 31, 14, 15, 40], [46, 10, 0, 39, 36, 34, 31, 60, 46, 46, 41, 54, 34, 32, 48, 40, 24, 54, 41, 20, 23, 46], [13, 37, 39, 0, 30, 42, 13, 36, 21, 18, 8, 18, 41, 8, 24, 4, 41, 19, 38, 23, 26, 13], [24, 27, 36, 30, 0, 14, 18, 25, 17, 20, 38, 30, 13, 25, 16, 34, 20, 29, 8, 19, 13, 24], [38, 24, 34, 42, 14, 0, 28, 37, 31, 34, 49, 44, 1, 35, 30, 46, 10, 43, 11, 23, 17, 38], [14, 26, 31, 13, 18, 28, 0, 31, 16, 15, 20, 22, 28, 7, 18, 17, 28, 22, 26, 11, 13, 14], [23, 52, 60, 36, 25, 37, 31, 0, 15, 18, 44, 21, 36, 36, 13, 40, 45, 19, 26, 40, 36, 23], [10, 39, 46, 21, 17, 31, 16, 15, 0, 4, 30, 13, 30, 21, 3, 25, 36, 12, 22, 26, 23, 10], [5, 40, 46, 18, 20, 34, 15, 18, 4, 0, 26, 10, 33, 18, 7, 22, 38, 9, 26, 26, 25, 5], [21, 40, 41, 8, 38, 49, 20, 44, 30, 26, 0, 25, 48, 13, 33, 4, 47, 26, 46, 27, 32, 21], [8, 48, 54, 18, 30, 44, 22, 21, 13, 10, 25, 0, 43, 23, 15, 21, 48, 1, 35, 34, 34, 8], [37, 24, 34, 41, 13, 1, 28, 36, 30, 33, 48, 43, 0, 34, 29, 45, 11, 42, 10, 23, 17, 37], [15, 29, 32, 8, 25, 35, 7, 36, 21, 18, 13, 23, 34, 0, 24, 10, 34, 23, 33, 15, 18, 15], [13, 40, 48, 24, 16, 30, 18, 13, 3, 7, 33, 15, 29, 24, 0, 29, 36, 14, 20, 27, 24, 13], [17, 39, 40, 4, 34, 46, 17, 40, 25, 22, 4, 21, 45, 10, 29, 0, 44, 22, 42, 25, 29, 17], [41, 14, 24, 41, 20, 10, 28, 45, 36, 38, 47, 48, 11, 34, 36, 44, 0, 47, 21, 19, 15, 41], [7, 48, 54, 19, 29, 43, 22, 19, 12, 9, 26, 1, 42, 23, 14, 22, 47, 0, 34, 34, 33, 7], [30, 31, 41, 38, 8, 11, 26, 26, 22, 26, 46, 35, 10, 33, 20, 42, 21, 34, 0, 26, 20, 30], [26, 14, 20, 23, 19, 23, 11, 40, 26, 26, 27, 34, 23, 15, 27, 25, 19, 34, 26, 0, 6, 26], [26, 15, 23, 26, 13, 17, 13, 36, 23, 25, 32, 34, 17, 18, 24, 29, 15, 33, 20, 6, 0, 26], [0, 40, 46, 13, 24, 38, 14, 23, 10, 5, 21, 8, 37, 15, 13, 17, 41, 7, 30, 26, 26, 0]], "time_windows": [[0.0, 422.0], [148.0, 292.0], [228.0, 366.0], [9.0, 155.0], [100.0, 252.0], [194.0, 303.0], [92.0, 216.0], [0.0, 107.0], [47.0, 213.0], [0.0, 69.0], [23.0, 148.0], [0.0, 72.0], [106.0, 241.0], [28.0, 152.0], [0.0, 86.0], [24.0, 186.0], [132.0, 281.0], [7.0, 137.0], [250.0, 391.0], [159.0, 292.0], [186.0, 348.0], [0.0, 422.0]], "start_depot": 0, "end_depot": 21, "horizon": [0.0, 422.0]}