{"digraph": {"vertex_count": 22, "arc_count": 420, "arcs": [[0, 1, 1, 1, 1, 1, 1, 1, 1, 1, 1, 1, 1, 1, 1, 1, 1, 1, 1, 1, 1, 1], [0, 0, 1, 1, 1, 1, 1, 1, 1, 1, 1, 1, 1, 1, 1, 1, 1, 1, 1, 1, 1, 1], [0, 1, 0, 1, 1, 1, 1, 1, 1, 1, 1, 1, 1, 1, 1, 1, 1, 1, 1, 1, 1, 1], [0, 1, 1, 0, 1, 1, 1, 1, 1, 1, 1, 1, 1, 1, 1, 1, 1, 1, 1, 1, 1, 1], [0, 1, 1, 1, 0, 1, 1, 1, 1, 1, 1, 1, 1, 1, 1, 1, 1, 1, 1, 1, 1, 1], [0, 1, 1, 1, 1, 0, 1, 1, 1, 1, 1, 1, 1, 1, 1, 1, 1, 1, 1, 1, 1, 1], [0, 1, 1, 1, 1, 1, 0, 1, 1, 1, 1, 1, 1, 1, 1, 1, 1, 1, 1, 1, 1, 1], [0, 1, 1, 1, 1, 1, 1, 0, 1, 1, 1, 1, 1, 1, 1, 1, 1, 1, 1, 1, 1, 1], [0, 1, 1, 1, 1, 1, 1, 1, 0, 1, 1, 1, 1, 1, 1, 1, 1, 1, 1, 1, 1, 1], [0, 1, 1, 1, 1, 1, 1, 1, 1, 0, 1, 1, 1, 1, 1, 1, 1, 1, 1, 1, 1, 1], [0, 1, 1, 1, 1, 1, 1, 1, 1, 1, 0, 1, 1, 1, 1, 1, 1, 1, 1, 1, 1, 1], [0, 1, 1, 1, 1, 1, 1, 1, 1, 1, 1, 0, 1, 1, 1, 1, 1, 1, 1, 1, 1, 1], [0, 1, 1, 1, 1, 1, 1, 1, 1, 1, 1, 1, 0, 1, 1, 1, 1, 1, 1, 1, 1, 1], [0, 1, 1, 1, 1, 1, 1, 1, 1, 1, 1, 1, 1, 0, 1, 1, 1, 1, 1, 1, 1, 1], [0, 1, 1, 1, 1, 1, 1, 1, 1, 1, 1, 1, 1, 1, 0, 1, 1, 1, 1, 1, 1, 1], [0, 1, 1, 1, 1, 1, 1, 1, 1, 1, 1, 1, 1, 1, 1, 0, 1, 1, 1, 1, 1, 1], [0, 1, 1, 1, 1, 1, 1, 1, 1, 1, 1, 1, 1, 1, 1, 1, 0, 1, 1, 1, 1, 1], [0, 1, 1, 1, 1, 1, 1, 1, 1, 1, 1, 1, 1, 1, 1, 1, 1, 0, 1, 1, 1, 1], [0, 1, 1, 1, 1, 1, 1, 1, 1, 1, 1, 1, 1, 1, 1, 1, 1, 1, 0, 1, 1, 1], [0, 1, 1, 1, 1, 1, 1, 1, 1, 1, 1, 1, 1, 1, 1, 1, 1, 1, 1, 0, 1, 1], [0, 1, 1, 1, 1, 1, 1, 1, 1, 1, 1, 1, 1, 1, 1, 1, 1, 1, 1, 1, 0, 1], [0, 0, 0, 0, 0, 0, 0, 0, 0, 0, 0, 0, 0, 0, 0, 0, 0, 0, 0, 0, 0, 0]], "coordinates": [[24.0, 2.0], [14.0, 1.0], [48.0, 10.0], [5.0, 11.0], [22.0, 1.0], [14.0, 32.0], [46.0, 39.0], [3.0, 34.0], [10.0, 20.0], [29.0, 24.0], [12.0, 27.0], [46.0, 45.0], [11.0, 40.0], [18.0, 5.0], [41.0, 12.0], [28.0, 21.0], [4.0, 7.0], [0.0, 33.0], [16.0, 38.0], [34.0, 41.0], [2.0, 24.0], [24.0, 2.0]]}, "cluster_count": 3, "cluster_speeds": [[1.5, 1.0, 1.67, 1.17, 1.33], [1.17, 0.67, 1.33, 0.83, 1.0], [1.0, 0.33, 0.67, 0.5, 0.83]], "clusters": [[1, 2, 0, 2, 0, 2, 1, 0, 1, 2, 1, 2, 2, 2, 0, 0, 0, 1, 0, 0, 1, 1], [0, 0, 1, 1, 1, 2, 0, 1, 2, 2, 2, 0, 0, 2, 2, 1, 1, 2, 2, 2, 1, 0], [1, 0, 2, 0, 2, 2, 2, 0, 1, 2, 0, 1, 1, 1, 1, 2, 1, 0, 2, 0, 2, 0], [0, 2, 0, 2, 0, 2, 2, 1, 0, 0, 0, 2, 0, 1, 2, 0, 1, 0, 0, 2, 1, 2], [1, 0, 1, 1, 0, 1, 0, 2, 0, 1, 1, 0, 2, 0, 0, 0, 2, 1, 2, 0, 0, 2], [2, 0, 0, 1, 2, 1, 0, 2, 0, 2, 1, 2, 2, 1, 0, 2, 1, 0, 1, 0, 2, 2], [0, 1, 1, 1, 1, 2, 2, 1, 1, 1, 2, 0, 2, 0, 1, 2, 0, 1, 2, 0, 2, 1], [1, 1, 2, 2, 1, 0, 0, 0, 1, 0, 1, 0, 0, 1, 0, 1, 1, 1, 1, 0, 0, 0], [2, 0, 1, 0, 2, 2, 1, 2, 0, 0, 2, 1, 2, 1, 0, 1, 2, 1, 0, 1, 0, 0], [0, 1, 1, 1, 2, 0, 0, 0, 0, 0, 1, 2, 0, 2, 0, 1, 0, 1, 2, 2, 2, 1], [1, 0, 1, 1, 1, 1, 0, 0, 2, 0, 2, 2, 1, 1, 0, 2, 1, 1, 2, 2, 2, 0], [2, 0, 2, 1, 1, 1, 1, 1, 2, 2, 0, 1, 2, 0, 0, 0, 1, 1, 0, 1, 1, 1], [2, 1, 2, 2, 1, 1, 2, 2, 2, 1, 1, 0, 1, 2, 0, 0, 2, 1, 0, 1, 1, 1], [1, 2, 1, 1, 1, 1, 1, 0, 2, 1, 2, 1, 1, 2, 2, 2, 0, 2, 0, 0, 0, 0], [2, 0, 0, 0, 1, 0, 2, 1, 0, 1, 0, 1, 2, 0, 1, 0, 0, 2, 0, 0, 1, 2], [2, 2, 1, 2, 2, 1, 2, 1, 1, 1, 1, 1, 1, 0, 0, 2, 2, 2, 1, 2, 0, 0], [0, 0, 0, 0, 2, 2, 1, 0, 0, 0, 0, 2, 2, 2, 1, 1, 0, 1, 0, 2, 2, 2], [2, 0, 1, 1, 0, 2, 0, 1, 2, 2, 0, 1, 1, 1, 0, 0, 2, 1, 0, 0, 1, 0], [2, 0, 1, 2, 2, 0, 1, 2, 1, 0, 0, 0, 2, 1, 1, 0, 1, 1, 1, 2, 2, 0], [0, 0, 2, 1, 1, 1, 2, 2, 0, 2, 1, 1, 0, 0, 1, 0, 1, 1, 0, 1, 1, 1], [1, 2, 0, 2, 2, 2, 1, 0, 0, 2, 1, 0, 2, 0, 0, 1, 0, 2, 1, 0, 0, 0], [2, 0, 0, 1, 1, 0, 1, 2, 0, 0, 1, 1, 0, 2, 2, 2, 2, 2, 2, 1, 2, 2]], "speed_zone_count": 5, "speed_zones": [[0.0, 99.2], [99.2, 148.79999999999998], [148.79999999999998, 347.2], [347.2, 396.8], [396.8, 496.0]], "distances": [[0, 10, 25, 21, 2, 31, 43, 38, 22, 22, 27, 48, 40, 6, 19, 19, 20, 39, 36, 40, 31, 0], [10, 0, 35, 13, 8, 31, 49, 34, 19, 27, 26, 54, 39, 5, 29, 24, 11, 34, 37, 44, 25, 10], [25, 35, 0, 43, 27, 40, 29, 51, 39, 23, 39, 35, 47, 30, 7, 22, 44, 53, 42, 34, 48, 25], [21, 13, 43, 0, 19, 22, 49, 23, 10, 27, 17, 53, 29, 14, 36, 25, 4, 22, 29, 41, 13, 21], [2, 8, 27, 19, 0, 32, 44, 38, 22, 24, 27, 50, 40, 5, 21, 20, 18, 38, 37, 41, 30, 2], [31, 31, 40, 22, 32, 0, 32, 11, 12, 17, 5, 34, 8, 27, 33, 17, 26, 14, 6, 21, 14, 31], [43, 49, 29, 49, 44, 32, 0, 43, 40, 22, 36, 6, 35, 44, 27, 25, 52, 46, 30, 12, 46, 43], [38, 34, 51, 23, 38, 11, 43, 0, 15, 27, 11, 44, 10, 32, 43, 28, 27, 3, 13, 31, 10, 38], [22, 19, 39, 10, 22, 12, 40, 15, 0, 19, 7, 43, 20, 17, 32, 18, 14, 16, 18, 31, 8, 22], [22, 27, 23, 27, 24, 17, 22, 27, 19, 0, 17, 27, 24, 21, 16, 3, 30, 30, 19, 17, 27, 22], [27, 26, 39, 17, 27, 5, 36, 11, 7, 17, 0, 38, 13, 22, 32, 17, 21, 13, 11, 26, 10, 27], [48, 54, 35, 53, 50, 34, 6, 44, 43, 27, 38, 0, 35, 48, 33, 30, 56, 47, 30, 12, 48, 48], [40, 39, 47, 29, 40, 8, 35, 10, 20, 24, 13, 35, 0, 35, 41, 25, 33, 13, 5, 23, 18, 40], [6, 5, 30, 14, 5, 27, 44, 32, 17, 21, 22, 48, 35, 0, 24, 18, 14, 33, 33, 39, 24, 6], [19, 29, 7, 36, 21, 33, 27, 43, 32, 16, 32, 33, 41, 24, 0, 15, 37, 46, 36, 29, 40, 19], [19, 24, 22, 25, 20, 17, 25, 28, 18, 3, 17, 30, 25, 18, 15, 0, 27, 30, 20, 20, 26, 19], [20, 11, 44, 4, 18, 26, 52, 27, 14, 30, 21, 56, 33, 14, 37, 27, 0, 26, 33, 45, 17, 20], [39, 34, 53, 22, 38, 14, 46, 3, 16, 30, 13, 47, 13, 33, 46, 30, 26, 0, 16, 34, 9, 39], [36, 37, 42, 29, 37, 6, 30, 13, 18, 19, 11, 30, 5, 33, 36, 20, 33, 16, 0, 18, 19, 36], [40, 44, 34, 41, 41, 21, 12, 31, 31, 17, 26, 12, 23, 39, 29, 20, 45, 34, 18, 0, 36, 40], [31, 25, 48, 13, 30, 14, 46, 10, 8, 27, 10, 48, 18, 24, 40, 26, 17, 9, 19, 36, 0, 31], [0, 10, 25, 21, 2, 31, 43, 38, 22, 22, 27, 48, 40, 6, 19, 19, 20, 39, 36, 40, 31, 0]], "time_windows": [[0.0, 496.0], [0.0, 112.0], [252.0, 443.0], [0.0, 105.0], [10.0, 162.0], [68.0, 236.0], [153.0, 336.0], [85.0, 235.0], [0.0, 92.0], [117.0, 285.0], [54.0, 198.0], [282.0, 448.0], [57.0, 227.0], [0.0, 80.0], [0.0, 178.0], [16.0, 191.0], [0.0, 92.0], [59.0, 277.0], [161.0, 290.0], [197.0, 368.0], [220.0, 389.0], [0.0, 496.0]], "start_depot": 0, "end_depot": 21, "horizon": [0.0, 496.0]}