{"digraph": {"vertex_count": 22, "arc_count": 210, "arcs": [[0, 1, 1, 1, 1, 1, 1, 1, 1, 1, 1, 1, 1, 1, 1, 1, 1, 1, 1, 1, 1, 1], [0, 0, 1, 1, 1, 1, 1, 1, 1, 1, 1, 1, 1, 1, 1, 1, 1, 1, 1, 1, 1, 1], [0, 1, 0, 1, 1, 1, 1, 1, 1, 1, 1, 1, 1, 1, 1, 1, 1, 1, 1, 1, 1, 1], [0, 1, 1, 0, 1, 1, 1, 1, 1, 1, 1, 1, 1, 1, 1, 1, 1, 1, 1, 1, 1, 1], [0, 1, 1, 1, 0, 1, 1, 1, 1, 1, 1, 1, 1, 1, 1, 1, 1, 1, 1, 1, 1, 1], [0, 1, 1, 1, 1, 0, 1, 1, 1, 1, 1, 1, 1, 1, 1, 1, 1, 1, 1, 1, 1, 1], [0, 1, 1, 1, 1, 1, 0, 1, 1, 1, 1, 1, 1, 1, 1, 1, 1, 1, 1, 1, 1, 1], [0, 1, 1, 1, 1, 1, 1, 0, 1, 1, 1, 1, 1, 1, 1, 1, 1, 1, 1, 1, 1, 1], [0, 1, 1, 1, 1, 1, 1, 1, 0, 1, 1, 1, 1, 1, 1, 1, 1, 1, 1, 1, 1, 1], [0, 1, 1, 1, 1, 1, 1, 1, 1, 0, 1, 1, 1, 1, 1, 1, 1, 1, 1, 1, 1, 1], [0, 1, 1, 1, 1, 1, 1, 1, 1, 1, 0, 1, 1, 1, 1, 1, 1, 1, 1, 1, 1, 1], [0, 1, 1, 1, 1, 1, 1, 1, 1, 1, 1, 0, 1, 1, 1, 1, 1, 1, 1, 1, 1, 1], [0, 1, 1, 1, 1, 1, 1, 1, 1, 1, 1, 1, 0, 1, 1, 1, 1, 1, 1, 1, 1, 1], [0, 1, 1, 1, 1, 1, 1, 1, 1, 1, 1, 1, 1, 0, 1, 1, 1, 1, 1, 1, 1, 1], [0, 1, 1, 1, 1, 1, 1, 1, 1, 1, 1, 1, 1, 1, 0, 1, 1, 1, 1, 1, 1, 1], [0, 1, 1, 1, 1, 1, 1, 1, 1, 1, 1, 1, 1, 1, 1, 0, 1, 1, 1, 1, 1, 1], [0, 1, 1, 1, 1, 1, 1, 1, 1, 1, 1, 1, 1, 1, 1, 1, 0, 1, 1, 1, 1, 1], [0, 1, 1, 1, 1, 1, 1, 1, 1, 1, 1, 1, 1, 1, 1, 1, 1, 0, 1, 1, 1, 1], [0, 1, 1, 1, 1, 1, 1, 1, 1, 1, 1, 1, 1, 1, 1, 1, 1, 1, 0, 1, 1, 1], [0, 1, 1, 1, 1, 1, 1, 1, 1, 1, 1, 1, 1, 1, 1, 1, 1, 1, 1, 0, 1, 1], [0, 1, 1, 1, 1, 1, 1, 1, 1, 1, 1, 1, 1, 1, 1, 1, 1, 1, 1, 1, 0, 1], [0, 0, 0, 0, 0, 0, 0, 0, 0, 0, 0, 0, 0, 0, 0, 0, 0, 0, 0, 0, 0, 0]], "coordinates": [[9.0, 42.0], [2.0, 12.0], [40.0, 6.0], [37.0, 30.0], [6.0, 19.0], [1.0, 20.0], [19.0, 16.0], [19.0, 18.0], [34.0, 29.0], [47.0, 6.0], [11.0, 16.0], [24.0, 29.0], [48.0, 23.0], [2.0, 45.0], [47.0, 31.0], [34.0, 32.0], [1.0, 33.0], [13.0, 22.0], [9.0, 9.0], [34.0, 24.0], [12.0, 40.0], [9.0, 42.0]]}, "cluster_count": 3, "cluster_speeds": [[1.5, 1.0, 1.67, 1.17, 1.33], [1.17, 0.67, 1.33, 0.83, 1.0], [1.0, 0.33, 0.67, 0.5, 0.83]], "clusters": [[0, 1, 2, 2, 2, 2, 1, 2, 2, 1, 0, 2, 0, 2, 1, 2, 2, 1, 2, 1, 2, 1], [1, 2, 2, 2, 0, 2, 1, 0, 0, 1, 1, 0, 0, 0, 1, 1, 0, 2, 2, 1, 0, 0], [1, 1, 0, 0, 1, 2, 2, 2, 0, 2, 0, 1, 0, 1, 1, 1, 1, 1, 0, 1, 0, 2], [2, 1, 2, 0, 1, 0, 1, 1, 1, 2, 1, 2, 0, 2, 1, 2, 2, 1, 2, 2, 0, 1], [0, 1, 1, 1, 2, 2, 0, 1, 1, 1, 1, 2, 0, 1, 2, 0, 2, 0, 1, 2, 1, 1], [0, 2, 1, 2, 0, 2, 1, 2, 1, 0, 0, 2, 1, 0, 0, 1, 2, 2, 0, 2, 0, 2], [0, 1, 1, 0, 2, 1, 0, 2, 1, 0, 1, 0, 2, 0, 2, 0, 1, 2, 0, 1, 1, 0], [2, 0, 2, 0, 2, 1, 0, 1, 0, 1, 0, 1, 1, 2, 2, 0, 1, 0, 2, 2, 2, 2], [1, 2, 0, 0, 0, 2, 0, 0, 0, 2, 0, 1, 0, 0, 2, 1, 1, 0, 1, 0, 0, 1], [2, 2, 1, 1, 0, 1, 2, 1, 1, 1, 1, 2, 0, 1, 0, 2, 2, 0, 0, 0, 1, 2], [0, 0, 2, 1, 1, 1, 0, 0, 2, 1, 0, 1, 0, 0, 1, 2, 1, 0, 0, 1, 2, 0], [0, 0, 1, 1, 0, 1, 0, 2, 0, 2, 0, 2, 1, 2, 1, 2, 0, 1, 2, 0, 1, 0], [1, 1, 1, 2, 1, 2, 1, 0, 2, 0, 2, 0, 1, 1, 2, 1, 2, 0, 1, 2, 1, 2], [0, 0, 2, 0, 0, 2, 1, 1, 0, 2, 1, 1, 0, 2, 2, 2, 0, 2, 0, 2, 2, 0], [1, 1, 2, 2, 2, 1, 1, 1, 0, 2, 1, 0, 1, 1, 2, 1, 0, 1, 2, 1, 1, 0], [2, 1, 2, 1, 0, 0, 1, 2, 2, 2, 1, 0, 1, 2, 1, 1, 0, 1, 1, 1, 1, 1], [1, 2, 0, 0, 0, 0, 0, 1, 1, 2, 2, 2, 2, 2, 2, 1, 1, 2, 0, 1, 0, 0], [0, 0, 2, 0, 1, 2, 0, 0, 1, 0, 2, 1, 1, 2, 1, 0, 2, 0, 0, 1, 1, 0], [2, 1, 0, 0, 0, 0, 0, 2, 1, 0, 0, 2, 1, 1, 1, 0, 1, 2, 1, 1, 2, 0], [1, 0, 2, 0, 1, 0, 1, 1, 2, 1, 0, 0, 1, 2, 0, 1, 0, 0, 0, 1, 0, 2], [2, 0, 0, 2, 2, 0, 1, 0, 2, 2, 2, 0, 1, 2, 0, 0, 0, 2, 0, 2, 2, 1], [1, 1, 0, 2, 2, 2, 1, 0, 0, 2, 0, 2, 1, 0, 2, 0, 1, 0, 1, 2, 0, 1]], "speed_zone_count": 5, "speed_zones": [[0.0, 91.4], [91.4, 137.1], [137.1, 319.9], [319.9, 365.6], [365.6, 457.0]], "distances": [[0, 30, 47, 29, 23, 23, 27, 26, 27, 51, 26, 19, 42, 7, 39, 26, 12, 20, 33, 30, 3, 0], [30, 0, 38, 38, 8, 8, 17, 17, 35, 45, 9, 27, 46, 33, 47, 37, 21, 14, 7, 33, 29, 30], [47, 38, 0, 24, 35, 40, 23, 24, 23, 7, 30, 28, 18, 54, 25, 26, 47, 31, 31, 18, 44, 47], [29, 38, 24, 0, 32, 37, 22, 21, 3, 26, 29, 13, 13, 36, 10, 3, 36, 25, 34, 6, 26, 29], [23, 8, 35, 32, 0, 5, 13, 13, 29, 42, 5, 20, 42, 26, 42, 30, 14, 7, 10, 28, 21, 23], [23, 8, 40, 37, 5, 0, 18, 18, 34, 47, 10, 24, 47, 25, 47, 34, 13, 12, 13, 33, 22, 23], [27, 17, 23, 22, 13, 18, 0, 2, 19, 29, 8, 13, 29, 33, 31, 21, 24, 8, 12, 17, 25, 27], [26, 17, 24, 21, 13, 18, 2, 0, 18, 30, 8, 12, 29, 31, 30, 20, 23, 7, 13, 16, 23, 26], [27, 35, 23, 3, 29, 34, 19, 18, 0, 26, 26, 10, 15, 34, 13, 3, 33, 22, 31, 5, 24, 27], [51, 45, 7, 26, 42, 47, 29, 30, 26, 0, 37, 32, 17, 58, 25, 29, 53, 37, 38, 22, 48, 51], [26, 9, 30, 29, 5, 10, 8, 8, 26, 37, 0, 18, 37, 30, 38, 28, 19, 6, 7, 24, 24, 26], [19, 27, 28, 13, 20, 24, 13, 12, 10, 32, 18, 0, 24, 26, 23, 10, 23, 13, 25, 11, 16, 19], [42, 46, 18, 13, 42, 47, 29, 29, 15, 17, 37, 24, 0, 49, 8, 16, 47, 35, 41, 14, 39, 42], [7, 33, 54, 36, 26, 25, 33, 31, 34, 58, 30, 26, 49, 0, 46, 33, 12, 25, 36, 37, 10, 7], [39, 47, 25, 10, 42, 47, 31, 30, 13, 25, 38, 23, 8, 46, 0, 13, 46, 35, 43, 14, 36, 39], [26, 37, 26, 3, 30, 34, 21, 20, 3, 29, 28, 10, 16, 33, 13, 0, 33, 23, 33, 8, 23, 26], [12, 21, 47, 36, 14, 13, 24, 23, 33, 53, 19, 23, 47, 12, 46, 33, 0, 16, 24, 34, 13, 12], [20, 14, 31, 25, 7, 12, 8, 7, 22, 37, 6, 13, 35, 25, 35, 23, 16, 0, 13, 21, 18, 20], [33, 7, 31, 34, 10, 13, 12, 13, 31, 38, 7, 25, 41, 36, 43, 33, 24, 13, 0, 29, 31, 33], [30, 33, 18, 6, 28, 33, 17, 16, 5, 22, 24, 11, 14, 37, 14, 8, 34, 21, 29, 0, 27, 30], [3, 29, 44, 26, 21, 22, 25, 23, 24, 48, 24, 16, 39, 10, 36, 23, 13, 18, 31, 27, 0, 3], [0, 30, 47, 29, 23, 23, 27, 26, 27, 51, 26, 19, 42, 7, 39, 26, 12, 20, 33, 30, 3, 0]], "time_windows": [[0.0, 457.0], [0.0, 95.0], [153.0, 319.0], [61.0, 200.0], [0.0, 149.0], [0.0, 114.0], [87.0, 243.0], [15.0, 124.0], [64.0, 239.0], [267.0, 405.0], [24.0, 172.0], [48.0, 158.0], [49.0, 201.0], [0.0, 61.0], [211.0, 341.0], [38.0, 176.0], [140.0, 271.0], [0.0, 120.0], [0.0, 115.0], [62.0, 202.0], [228.0, 354.0], [0.0, 457.0]], "start_depot": 0, "end_depot": 21, "horizon": [0.0, 457.0]}