{"digraph": {"vertex_count": 22, "arc_count": 210, "arcs": [[0, 1, 1, 1, 1, 1, 1, 1, 1, 1, 1, 1, 1, 1, 1, 1, 1, 1, 1, 1, 1, 1], [0, 0, 1, 1, 1, 1, 1, 1, 1, 1, 1, 1, 1, 1, 1, 1, 1, 1, 1, 1, 1, 1], [0, 1, 0, 1, 1, 1, 1, 1, 1, 1, 1, 1, 1, 1, 1, 1, 1, 1, 1, 1, 1, 1], [0, 1, 1, 0, 1, 1, 1, 1, 1, 1, 1, 1, 1, 1, 1, 1, 1, 1, 1, 1, 1, 1], [0, 1, 1, 1, 0, 1, 1, 1, 1, 1, 1, 1, 1, 1, 1, 1, 1, 1, 1, 1, 1, 1], [0, 1, 1, 1, 1, 0, 1, 1, 1, 1, 1, 1, 1, 1, 1, 1, 1, 1, 1, 1, 1, 1], [0, 1, 1, 1, 1, 1, 0, 1, 1, 1, 1, 1, 1, 1, 1, 1, 1, 1, 1, 1, 1, 1], [0, 1, 1, 1, 1, 1, 1, 0, 1, 1, 1, 1, 1, 1, 1, 1, 1, 1, 1, 1, 1, 1], [0, 1, 1, 1, 1, 1, 1, 1, 0, 1, 1, 1, 1, 1, 1, 1, 1, 1, 1, 1, 1, 1], [0, 1, 1, 1, 1, 1, 1, 1, 1, 0, 1, 1, 1, 1, 1, 1, 1, 1, 1, 1, 1, 1], [0, 1, 1, 1, 1, 1, 1, 1, 1, 1, 0, 1, 1, 1, 1, 1, 1, 1, 1, 1, 1, 1], [0, 1, 1, 1, 1, 1, 1, 1, 1, 1, 1, 0, 1, 1, 1, 1, 1, 1, 1, 1, 1, 1], [0, 1, 1, 1, 1, 1, 1, 1, 1, 1, 1, 1, 0, 1, 1, 1, 1, 1, 1, 1, 1, 1], [0, 1, 1, 1, 1, 1, 1, 1, 1, 1, 1, 1, 1, 0, 1, 1, 1, 1, 1, 1, 1, 1], [0, 1, 1, 1, 1, 1, 1, 1, 1, 1, 1, 1, 1, 1, 0, 1, 1, 1, 1, 1, 1, 1], [0, 1, 1, 1, 1, 1, 1, 1, 1, 1, 1, 1, 1, 1, 1, 0, 1, 1, 1, 1, 1, 1], [0, 1, 1, 1, 1, 1, 1, 1, 1, 1, 1, 1, 1, 1, 1, 1, 0, 1, 1, 1, 1, 1], [0, 1, 1, 1, 1, 1, 1, 1, 1, 1, 1, 1, 1, 1, 1, 1, 1, 0, 1, 1, 1, 1], [0, 1, 1, 1, 1, 1, 1, 1, 1, 1, 1, 1, 1, 1, 1, 1, 1, 1, 0, 1, 1, 1], [0, 1, 1, 1, 1, 1, 1, 1, 1, 1, 1, 1, 1, 1, 1, 1, 1, 1, 1, 0, 1, 1], [0, 1, 1, 1, 1, 1, 1, 1, 1, 1, 1, 1, 1, 1, 1, 1, 1, 1, 1, 1, 0, 1], [0, 0, 0, 0, 0, 0, 0, 0, 0, 0, 0, 0, 0, 0, 0, 0, 0, 0, 0, 0, 0, 0]], "coordinates": [[13.0, 14.0], [43.0, 24.0], [39.0, 49.0], [48.0, 15.0], [20.0, 33.0], [24.0, 40.0], [1.0, 37.0], [42.0, 2.0], [31.0, 33.0], [45.0, 48.0], [28.0, 46.0], [5.0, 39.0], [35.0, 5.0], [4.0, 45.0], [10.0, 38.0], [23.0, 25.0], [25.0, 32.0], [15.0, 36.0], [22.0, 32.0], [29.0, 38.0], [6.0, 44.0], [13.0, 14.0]]}, "cluster_count": 3, "cluster_speeds": [[1.5, 1.0, 1.67, 1.17, 1.33], [1.17, 0.67, 1.33, 0.83, 1.0], [1.0, 0.33, 0.67, 0.5, 0.83]], "clusters": [[2, 1, 0, 0, 2, 0, 0, 0, 2, 1, 1, 1, 1, 0, 1, 1, 1, 0, 2, 2, 2, 0], [1, 2, 2, 2, 2, 1, 2, 0, 1, 1, 0, 0, 2, 2, 2, 2, 1, 2, 0, 0, 1, 2], [1, 1, 1, 1, 0, 1, 1, 0, 0, 2, 0, 0, 0, 1, 0, 1, 2, 1, 1, 1, 0, 2], [0, 1, 1, 2, 0, 0, 2, 2, 2, 0, 1, 0, 2, 0, 2, 0, 2, 0, 1, 2, 0, 0], [1, 2, 2, 1, 0, 2, 1, 1, 2, 1, 0, 1, 1, 0, 1, 0, 2, 2, 1, 2, 1, 0], [1, 2, 1, 2, 0, 1, 1, 1, 0, 2, 0, 2, 1, 2, 1, 0, 2, 0, 1, 0, 1, 2], [0, 0, 2, 1, 1, 0, 2, 0, 1, 0, 2, 2, 2, 1, 2, 1, 2, 0, 1, 1, 0, 2], [1, 2, 1, 1, 0, 1, 2, 1, 2, 2, 0, 1, 2, 2, 2, 1, 0, 0, 0, 1, 2, 0], [2, 2, 2, 2, 1, 0, 1, 0, 0, 2, 0, 2, 1, 0, 2, 2, 0, 2, 0, 2, 1, 0], [1, 1, 2, 1, 2, 2, 1, 0, 1, 1, 1, 2, 1, 0, 0, 2, 1, 0, 1, 1, 2, 1], [1, 0, 1, 1, 1, 0, 0, 1, 2, 2, 0, 0, 1, 0, 2, 1, 2, 0, 0, 0, 1, 0], [0, 0, 2, 2, 0, 1, 0, 1, 2, 1, 1, 2, 2, 1, 2, 2, 0, 0, 0, 0, 2, 1], [0, 1, 2, 2, 0, 1, 0, 0, 1, 2, 2, 0, 0, 2, 1, 1, 0, 2, 1, 0, 1, 2], [2, 1, 2, 1, 0, 0, 2, 2, 1, 2, 0, 2, 0, 1, 0, 2, 1, 0, 0, 2, 2, 1], [1, 2, 2, 1, 1, 0, 0, 0, 2, 2, 2, 2, 2, 2, 1, 0, 0, 1, 0, 0, 2, 1], [2, 0, 0, 0, 2, 2, 2, 0, 1, 0, 1, 0, 1, 0, 2, 0, 1, 2, 0, 1, 0, 1], [0, 2, 1, 2, 0, 2, 2, 2, 2, 0, 0, 1, 2, 0, 2, 1, 1, 0, 1, 0, 2, 0], [2, 0, 2, 1, 1, 0, 2, 2, 0, 0, 2, 1, 0, 1, 2, 0, 1, 2, 1, 2, 1, 2], [0, 1, 1, 0, 1, 2, 2, 2, 1, 0, 2, 2, 2, 0, 2, 2, 0, 1, 2, 0, 1, 1], [0, 1, 2, 1, 2, 1, 1, 1, 1, 0, 2, 1, 1, 1, 0, 1, 0, 0, 1, 1, 2, 1], [2, 1, 0, 1, 0, 0, 0, 1, 0, 0, 0, 2, 2, 0, 0, 2, 2, 2, 1, 0, 0, 1], [2, 2, 2, 1, 0, 1, 1, 2, 0, 0, 1, 2, 1, 0, 2, 0, 2, 0, 0, 1, 1, 1]], "speed_zone_count": 5, "speed_zones": [[0.0, 98.80000000000001], [98.80000000000001, 148.2], [148.2, 345.79999999999995], [345.79999999999995, 395.20000000000005], [395.20000000000005, 494.0]], "distances": [[0, 31, 42, 35, 20, 28, 25, 30, 25, 45, 35, 26, 23, 32, 24, 14, 21, 22, 20, 28, 30, 0], [31, 0, 25, 10, 24, 24, 43, 22, 15, 24, 26, 40, 20, 43, 35, 20, 19, 29, 22, 19, 41, 31], [42, 25, 0, 35, 24, 17, 39, 47, 17, 6, 11, 35, 44, 35, 30, 28, 21, 26, 23, 14, 33, 42], [35, 10, 35, 0, 33, 33, 51, 14, 24, 33, 36, 48, 16, 52, 44, 26, 28, 38, 31, 29, 50, 35], [20, 24, 24, 33, 0, 8, 19, 37, 11, 28, 15, 15, 31, 19, 10, 8, 5, 5, 2, 10, 17, 20], [28, 24, 17, 33, 8, 0, 23, 41, 9, 22, 7, 19, 36, 20, 14, 15, 8, 9, 8, 5, 18, 28], [25, 43, 39, 51, 19, 23, 0, 53, 30, 45, 28, 4, 46, 8, 9, 25, 24, 14, 21, 28, 8, 25], [30, 22, 47, 14, 37, 41, 53, 0, 32, 46, 45, 51, 7, 56, 47, 29, 34, 42, 36, 37, 54, 30], [25, 15, 17, 24, 11, 9, 30, 32, 0, 20, 13, 26, 28, 29, 21, 11, 6, 16, 9, 5, 27, 25], [45, 24, 6, 33, 28, 22, 45, 46, 20, 0, 17, 41, 44, 41, 36, 31, 25, 31, 27, 18, 39, 45], [35, 26, 11, 36, 15, 7, 28, 45, 13, 17, 0, 24, 41, 24, 19, 21, 14, 16, 15, 8, 22, 35], [26, 40, 35, 48, 15, 19, 4, 51, 26, 41, 24, 0, 45, 6, 5, 22, 20, 10, 17, 24, 5, 26], [23, 20, 44, 16, 31, 36, 46, 7, 28, 44, 41, 45, 0, 50, 41, 23, 28, 36, 29, 33, 48, 23], [32, 43, 35, 52, 19, 20, 8, 56, 29, 41, 24, 6, 50, 0, 9, 27, 24, 14, 21, 25, 2, 32], [24, 35, 30, 44, 10, 14, 9, 47, 21, 36, 19, 5, 41, 9, 0, 18, 15, 5, 12, 19, 7, 24], [14, 20, 28, 26, 8, 15, 25, 29, 11, 31, 21, 22, 23, 27, 18, 0, 7, 13, 7, 14, 25, 14], [21, 19, 21, 28, 5, 8, 24, 34, 6, 25, 14, 20, 28, 24, 15, 7, 0, 10, 3, 7, 22, 21], [22, 29, 26, 38, 5, 9, 14, 42, 16, 31, 16, 10, 36, 14, 5, 13, 10, 0, 7, 14, 12, 22], [20, 22, 23, 31, 2, 8, 21, 36, 9, 27, 15, 17, 29, 21, 12, 7, 3, 7, 0, 9, 19, 20], [28, 19, 14, 29, 10, 5, 28, 37, 5, 18, 8, 24, 33, 25, 19, 14, 7, 14, 9, 0, 23, 28], [30, 41, 33, 50, 17, 18, 8, 54, 27, 39, 22, 5, 48, 2, 7, 25, 22, 12, 19, 23, 0, 30], [0, 31, 42, 35, 20, 28, 25, 30, 25, 45, 35, 26, 23, 32, 24, 14, 21, 22, 20, 28, 30, 0]], "time_windows": [[0.0, 494.0], [253.0, 462.0], [0.0, 214.0], [112.0, 243.0], [0.0, 89.0], [0.0, 166.0], [40.0, 222.0], [147.0, 332.0], [0.0, 126.0], [115.0, 348.0], [0.0, 110.0], [11.0, 173.0], [58.0, 277.0], [231.0, 429.0], [0.0, 194.0], [50.0, 262.0], [0.0, 99.0], [0.0, 179.0], [0.0, 158.0], [0.0, 154.0], [152.0, 413.0], [0.0, 494.0]], "start_depot": 0, "end_depot": 21, "horizon": [0.0, 494.0]}