{"digraph": {"vertex_count": 22, "arc_count": 210, "arcs": [[0, 1, 1, 1, 1, 1, 1, 1, 1, 1, 1, 1, 1, 1, 1, 1, 1, 1, 1, 1, 1, 1], [0, 0, 1, 1, 1, 1, 1, 1, 1, 1, 1, 1, 1, 1, 1, 1, 1, 1, 1, 1, 1, 1], [0, 1, 0, 1, 1, 1, 1, 1, 1, 1, 1, 1, 1, 1, 1, 1, 1, 1, 1, 1, 1, 1], [0, 1, 1, 0, 1, 1, 1, 1, 1, 1, 1, 1, 1, 1, 1, 1, 1, 1, 1, 1, 1, 1], [0, 1, 1, 1, 0, 1, 1, 1, 1, 1, 1, 1, 1, 1, 1, 1, 1, 1, 1, 1, 1, 1], [0, 1, 1, 1, 1, 0, 1, 1, 1, 1, 1, 1, 1, 1, 1, 1, 1, 1, 1, 1, 1, 1], [0, 1, 1, 1, 1, 1, 0, 1, 1, 1, 1, 1, 1, 1, 1, 1, 1, 1, 1, 1, 1, 1], [0, 1, 1, 1, 1, 1, 1, 0, 1, 1, 1, 1, 1, 1, 1, 1, 1, 1, 1, 1, 1, 1], [0, 1, 1, 1, 1, 1, 1, 1, 0, 1, 1, 1, 1, 1, 1, 1, 1, 1, 1, 1, 1, 1], [0, 1, 1, 1, 1, 1, 1, 1, 1, 0, 1, 1, 1, 1, 1, 1, 1, 1, 1, 1, 1, 1], [0, 1, 1, 1, 1, 1, 1, 1, 1, 1, 0, 1, 1, 1, 1, 1, 1, 1, 1, 1, 1, 1], [0, 1, 1, 1, 1, 1, 1, 1, 1, 1, 1, 0, 1, 1, 1, 1, 1, 1, 1, 1, 1, 1], [0, 1, 1, 1, 1, 1, 1, 1, 1, 1, 1, 1, 0, 1, 1, 1, 1, 1, 1, 1, 1, 1], [0, 1, 1, 1, 1, 1, 1, 1, 1, 1, 1, 1, 1, 0, 1, 1, 1, 1, 1, 1, 1, 1], [0, 1, 1, 1, 1, 1, 1, 1, 1, 1, 1, 1, 1, 1, 0, 1, 1, 1, 1, 1, 1, 1], [0, 1, 1, 1, 1, 1, 1, 1, 1, 1, 1, 1, 1, 1, 1, 0, 1, 1, 1, 1, 1, 1], [0, 1, 1, 1, 1, 1, 1, 1, 1, 1, 1, 1, 1, 1, 1, 1, 0, 1, 1, 1, 1, 1], [0, 1, 1, 1, 1, 1, 1, 1, 1, 1, 1, 1, 1, 1, 1, 1, 1, 0, 1, 1, 1, 1], [0, 1, 1, 1, 1, 1, 1, 1, 1, 1, 1, 1, 1, 1, 1, 1, 1, 1, 0, 1, 1, 1], [0, 1, 1, 1, 1, 1, 1, 1, 1, 1, 1, 1, 1, 1, 1, 1, 1, 1, 1, 0, 1, 1], [0, 1, 1, 1, 1, 1, 1, 1, 1, 1, 1, 1, 1, 1, 1, 1, 1, 1, 1, 1, 0, 1], [0, 0, 0, 0, 0, 0, 0, 0, 0, 0, 0, 0, 0, 0, 0, 0, 0, 0, 0, 0, 0, 0]], "coordinates": [[22.0, 39.0], [7.0, 16.0], [28.0, 18.0], [2.0, 21.0], [35.0, 23.0], [31.0, 18.0], [47.0, 39.0], [7.0, 46.0], [8.0, 15.0], [42.0, 33.0], [32.0, 21.0], [16.0, 34.0], [47.0, 0.0], [18.0, 28.0], [36.0, 18.0], [46.0, 20.0], [0.0, 37.0], [15.0, 10.0], [3.0, 26.0], [21.0, 28.0], [4.0, 26.0], [22.0, 39.0]]}, "cluster_count": 3, "cluster_speeds": [[1.5, 1.0, 1.67, 1.17, 1.33], [1.17, 0.67, 1.33, 0.83, 1.0], [1.0, 0.33, 0.67, 0.5, 0.83]], "clusters": [[2, 0, 1, 2, 2, 0, 0, 2, 2, 2, 1, 1, 2, 2, 0, 2, 2, 0, 2, 0, 1, 2], [2, 0, 0, 0, 2, 2, 2, 1, 0, 2, 2, 1, 0, 2, 1, 1, 2, 0, 2, 2, 2, 2], [0, 2, 0, 0, 0, 1, 0, 0, 0, 0, 1, 2, 2, 1, 2, 0, 2, 1, 0, 2, 2, 2], [2, 1, 0, 0, 1, 0, 2, 2, 2, 1, 1, 0, 2, 1, 0, 0, 1, 1, 0, 0, 1, 0], [2, 2, 1, 2, 1, 2, 2, 1, 2, 2, 1, 1, 0, 2, 0, 2, 0, 0, 0, 2, 1, 1], [1, 1, 0, 1, 1, 1, 2, 1, 1, 1, 2, 2, 2, 2, 0, 2, 1, 1, 1, 2, 2, 0], [0, 0, 0, 2, 1, 2, 0, 0, 0, 0, 2, 1, 1, 0, 2, 0, 2, 2, 0, 1, 2, 1], [0, 1, 2, 2, 0, 1, 2, 2, 1, 1, 1, 2, 1, 2, 0, 2, 2, 2, 1, 2, 2, 2], [2, 2, 1, 2, 1, 2, 1, 2, 0, 1, 2, 0, 0, 0, 1, 1, 0, 0, 0, 1, 0, 2], [0, 2, 1, 0, 2, 2, 1, 2, 2, 2, 1, 2, 2, 2, 1, 1, 2, 2, 1, 1, 1, 2], [2, 1, 0, 1, 0, 1, 2, 1, 2, 2, 2, 1, 0, 2, 2, 1, 0, 2, 1, 0, 2, 1], [0, 1, 1, 2, 0, 0, 2, 0, 1, 2, 1, 1, 0, 2, 0, 0, 1, 2, 0, 2, 1, 1], [1, 0, 0, 0, 2, 1, 2, 0, 2, 0, 2, 1, 0, 0, 2, 1, 2, 1, 0, 1, 1, 2], [2, 2, 0, 0, 2, 2, 1, 1, 2, 1, 1, 2, 0, 2, 1, 0, 0, 0, 0, 1, 0, 2], [0, 2, 0, 2, 1, 2, 0, 2, 0, 1, 1, 1, 2, 2, 2, 1, 2, 1, 1, 0, 0, 0], [2, 1, 1, 0, 1, 0, 0, 0, 1, 2, 2, 2, 2, 1, 2, 1, 1, 0, 0, 1, 0, 1], [2, 1, 1, 0, 2, 0, 1, 1, 0, 2, 0, 0, 0, 2, 2, 1, 1, 1, 1, 2, 2, 2], [0, 2, 1, 2, 2, 0, 2, 1, 1, 1, 2, 2, 0, 2, 1, 0, 0, 1, 1, 0, 0, 1], [0, 2, 0, 0, 2, 1, 0, 0, 2, 2, 1, 1, 0, 2, 2, 1, 1, 2, 0, 2, 1, 0], [1, 1, 1, 1, 2, 1, 2, 1, 2, 1, 2, 2, 2, 0, 2, 2, 1, 0, 0, 0, 0, 2], [0, 2, 2, 0, 1, 1, 2, 1, 0, 2, 2, 2, 1, 0, 1, 1, 2, 2, 1, 1, 2, 2], [2, 1, 0, 0, 2, 2, 1, 2, 0, 2, 0, 0, 2, 0, 2, 0, 0, 0, 1, 1, 1, 2]], "speed_zone_count": 5, "speed_zones": [[0.0, 85.0], [85.0, 127.5], [127.5, 297.5], [297.5, 340.0], [340.0, 425.0]], "distances": [[0, 27, 21, 26, 20, 22, 25, 16, 27, 20, 20, 7, 45, 11, 25, 30, 22, 29, 22, 11, 21, 0], [27, 0, 21, 7, 28, 24, 45, 30, 1, 38, 25, 20, 42, 16, 29, 39, 21, 9, 10, 18, 10, 27], [21, 21, 0, 26, 8, 3, 27, 34, 20, 20, 5, 19, 26, 14, 8, 18, 33, 15, 26, 12, 25, 21], [26, 7, 26, 0, 33, 29, 48, 25, 8, 41, 30, 19, 49, 17, 34, 44, 16, 16, 5, 20, 5, 26], [20, 28, 8, 33, 0, 6, 19, 36, 27, 12, 3, 21, 25, 17, 5, 11, 36, 23, 32, 14, 31, 20], [22, 24, 3, 29, 6, 0, 25, 36, 23, 18, 3, 21, 24, 16, 5, 15, 36, 17, 29, 14, 28, 22], [25, 45, 27, 48, 19, 25, 0, 40, 45, 7, 22, 31, 39, 31, 23, 19, 47, 42, 45, 28, 44, 25], [16, 30, 34, 25, 36, 36, 40, 0, 31, 36, 35, 15, 60, 21, 40, 46, 11, 36, 20, 22, 20, 16], [27, 1, 20, 8, 27, 23, 45, 31, 0, 38, 24, 20, 41, 16, 28, 38, 22, 8, 11, 18, 11, 27], [20, 38, 20, 41, 12, 18, 7, 36, 38, 0, 15, 26, 33, 24, 16, 13, 42, 35, 39, 21, 38, 20], [20, 25, 5, 30, 3, 3, 22, 35, 24, 15, 0, 20, 25, 15, 5, 14, 35, 20, 29, 13, 28, 20], [7, 20, 19, 19, 21, 21, 31, 15, 20, 26, 20, 0, 45, 6, 25, 32, 16, 24, 15, 7, 14, 7], [45, 42, 26, 49, 25, 24, 39, 60, 41, 33, 25, 45, 0, 40, 21, 20, 59, 33, 51, 38, 50, 45], [11, 16, 14, 17, 17, 16, 31, 21, 16, 24, 15, 6, 40, 0, 20, 28, 20, 18, 15, 3, 14, 11], [25, 29, 8, 34, 5, 5, 23, 40, 28, 16, 5, 25, 21, 20, 0, 10, 40, 22, 33, 18, 32, 25], [30, 39, 18, 44, 11, 15, 19, 46, 38, 13, 14, 32, 20, 28, 10, 0, 47, 32, 43, 25, 42, 30], [22, 21, 33, 16, 36, 36, 47, 11, 22, 42, 35, 16, 59, 20, 40, 47, 0, 30, 11, 22, 11, 22], [29, 9, 15, 16, 23, 17, 42, 36, 8, 35, 20, 24, 33, 18, 22, 32, 30, 0, 19, 18, 19, 29], [22, 10, 26, 5, 32, 29, 45, 20, 11, 39, 29, 15, 51, 15, 33, 43, 11, 19, 0, 18, 1, 22], [11, 18, 12, 20, 14, 14, 28, 22, 18, 21, 13, 7, 38, 3, 18, 25, 22, 18, 18, 0, 17, 11], [21, 10, 25, 5, 31, 28, 44, 20, 11, 38, 28, 14, 50, 14, 32, 42, 11, 19, 1, 17, 0, 21], [0, 27, 21, 26, 20, 22, 25, 16, 27, 20, 20, 7, 45, 11, 25, 30, 22, 29, 22, 11, 21, 0]], "time_windows": [[0.0, 425.0], [226.0, 347.0], [75.0, 206.0], [57.0, 177.0], [91.0, 219.0], [93.0, 215.0], [169.0, 281.0], [0.0, 90.0], [38.0, 159.0], [123.0, 235.0], [83.0, 205.0], [0.0, 71.0], [256.0, 379.0], [34.0, 149.0], [148.0, 269.0], [120.0, 234.0], [7.0, 117.0], [76.0, 192.0], [0.0, 105.0], [0.0, 70.0], [218.0, 333.0], [0.0, 425.0]], "start_depot": 0, "end_depot": 21, "horizon": [0.0, 425.0]}