{"digraph": {"vertex_count": 22, "arc_count": 420, "arcs": [[0, 1, 1, 1, 1, 1, 1, 1, 1, 1, 1, 1, 1, 1, 1, 1, 1, 1, 1, 1, 1, 1], [0, 0, 1, 1, 1, 1, 1, 1, 1, 1, 1, 1, 1, 1, 1, 1, 1, 1, 1, 1, 1, 1], [0, 1, 0, 1, 1, 1, 1, 1, 1, 1, 1, 1, 1, 1, 1, 1, 1, 1, 1, 1, 1, 1], [0, 1, 1, 0, 1, 1, 1, 1, 1, 1, 1, 1, 1, 1, 1, 1, 1, 1, 1, 1, 1, 1], [0, 1, 1, 1, 0, 1, 1, 1, 1, 1, 1, 1, 1, 1, 1, 1, 1, 1, 1, 1, 1, 1], [0, 1, 1, 1, 1, 0, 1, 1, 1, 1, 1, 1, 1, 1, 1, 1, 1, 1, 1, 1, 1, 1], [0, 1, 1, 1, 1, 1, 0, 1, 1, 1, 1, 1, 1, 1, 1, 1, 1, 1, 1, 1, 1, 1], [0, 1, 1, 1, 1, 1, 1, 0, 1, 1, 1, 1, 1, 1, 1, 1, 1, 1, 1, 1, 1, 1], [0, 1, 1, 1, 1, 1, 1, 1, 0, 1, 1, 1, 1, 1, 1, 1, 1, 1, 1, 1, 1, 1], [0, 1, 1, 1, 1, 1, 1, 1, 1, 0, 1, 1, 1, 1, 1, 1, 1, 1, 1, 1, 1, 1], [0, 1, 1, 1, 1, 1, 1, 1, 1, 1, 0, 1, 1, 1, 1, 1, 1, 1, 1, 1, 1, 1], [0, 1, 1, 1, 1, 1, 1, 1, 1, 1, 1, 0, 1, 1, 1, 1, 1, 1, 1, 1, 1, 1], [0, 1, 1, 1, 1, 1, 1, 1, 1, 1, 1, 1, 0, 1, 1, 1, 1, 1, 1, 1, 1, 1], [0, 1, 1, 1, 1, 1, 1, 1, 1, 1, 1, 1, 1, 0, 1, 1, 1, 1, 1, 1, 1, 1], [0, 1, 1, 1, 1, 1, 1, 1, 1, 1, 1, 1, 1, 1, 0, 1, 1, 1, 1, 1, 1, 1], [0, 1, 1, 1, 1, 1, 1, 1, 1, 1, 1, 1, 1, 1, 1, 0, 1, 1, 1, 1, 1, 1], [0, 1, 1, 1, 1, 1, 1, 1, 1, 1, 1, 1, 1, 1, 1, 1, 0, 1, 1, 1, 1, 1], [0, 1, 1, 1, 1, 1, 1, 1, 1, 1, 1, 1, 1, 1, 1, 1, 1, 0, 1, 1, 1, 1], [0, 1, 1, 1, 1, 1, 1, 1, 1, 1, 1, 1, 1, 1, 1, 1, 1, 1, 0, 1, 1, 1], [0, 1, 1, 1, 1, 1, 1, 1, 1, 1, 1, 1, 1, 1, 1, 1, 1, 1, 1, 0, 1, 1], [0, 1, 1, 1, 1, 1, 1, 1, 1, 1, 1, 1, 1, 1, 1, 1, 1, 1, 1, 1, 0, 1], [0, 0, 0, 0, 0, 0, 0, 0, 0, 0, 0, 0, 0, 0, 0, 0, 0, 0, 0, 0, 0, 0]], "coordinates": [[35.0, 21.0], [4.0, 16.0], [21.0, 29.0], [35.0, 26.0], [44.0, 4.0], [4.0, 12.0], [14.0, 1.0], [22.0, 31.0], [3.0, 24.0], [19.0, 45.0], [24.0, 11.0], [39.0, 17.0], [39.0, 25.0], [25.0, 2.0], [32.0, 7.0], [30.0, 43.0], [46.0, 43.0], [45.0, 49.0], [36.0, 48.0], [18.0, 17.0], [40.0, 29.0], [35.0, 21.0]]}, "cluster_count": 3, "cluster_speeds": [[1.5, 1.0, 1.67, 1.17, 1.33], [1.17, 0.67, 1.33, 0.83, 1.0], [1.0, 0.33, 0.67, 0.5, 0.83]], "clusters": [[0, 0, 1, 1, 1, 2, 2, 2, 0, 1, 2, 0, 1, 0, 1, 1, 0, 1, 2, 0, 0, 2], [2, 1, 2, 2, 0, 0, 1, 1, 0, 1, 2, 0, 1, 2, 1, 0, 0, 0, 0, 0, 2, 0], [2, 0, 1, 2, 1, 0, 1, 1, 2, 0, 1, 2, 0, 0, 2, 1, 0, 0, 2, 2, 1, 1], [2, 1, 0, 2, 1, 2, 0, 1, 0, 0, 1, 0, 2, 0, 2, 2, 1, 2, 0, 0, 2, 1], [2, 2, 1, 0, 1, 1, 1, 1, 0, 1, 0, 0, 1, 0, 1, 2, 0, 0, 1, 0, 1, 2], [0, 2, 1, 1, 1, 0, 0, 1, 0, 0, 0, 1, 1, 0, 0, 1, 0, 2, 2, 1, 0, 0], [1, 1, 2, 1, 1, 1, 1, 2, 1, 0, 2, 2, 0, 0, 2, 0, 1, 1, 0, 1, 1, 1], [0, 2, 2, 2, 2, 0, 2, 1, 1, 0, 1, 1, 1, 0, 1, 1, 1, 1, 0, 0, 0, 2], [2, 0, 0, 1, 1, 2, 0, 0, 0, 0, 0, 0, 0, 0, 0, 1, 1, 1, 1, 1, 1, 0], [0, 2, 0, 0, 1, 0, 2, 0, 2, 2, 1, 2, 0, 0, 0, 1, 0, 1, 0, 1, 2, 0], [2, 1, 1, 0, 1, 1, 2, 2, 1, 0, 1, 2, 0, 0, 2, 2, 2, 1, 0, 1, 2, 2], [2, 0, 0, 2, 2, 0, 2, 2, 2, 0, 2, 2, 1, 2, 0, 0, 2, 1, 0, 0, 0, 2], [0, 0, 1, 1, 1, 0, 0, 2, 2, 0, 0, 0, 2, 2, 1, 2, 0, 0, 1, 1, 1, 2], [1, 0, 1, 1, 0, 2, 0, 2, 0, 2, 2, 2, 2, 1, 2, 0, 2, 2, 0, 2, 2, 2], [0, 1, 0, 1, 2, 0, 0, 0, 0, 1, 2, 2, 1, 2, 2, 2, 2, 0, 2, 0, 2, 1], [0, 0, 1, 2, 0, 2, 0, 2, 0, 1, 0, 0, 2, 1, 1, 0, 0, 1, 1, 1, 0, 2], [2, 0, 1, 0, 0, 0, 2, 1, 2, 1, 1, 1, 2, 2, 1, 0, 1, 1, 1, 2, 2, 2], [1, 2, 1, 1, 1, 0, 1, 2, 0, 0, 2, 1, 1, 2, 0, 1, 0, 1, 2, 1, 0, 1], [2, 0, 2, 1, 2, 0, 1, 1, 2, 0, 2, 2, 0, 2, 0, 1, 2, 1, 2, 2, 0, 0], [0, 1, 0, 1, 1, 0, 2, 2, 2, 0, 0, 2, 0, 0, 1, 0, 2, 0, 1, 1, 0, 0], [0, 2, 0, 0, 0, 2, 2, 0, 2, 2, 0, 0, 1, 2, 0, 1, 2, 2, 1, 0, 2, 1], [1, 0, 2, 2, 1, 1, 1, 0, 2, 0, 1, 0, 0, 1, 2, 0, 2, 2, 0, 2, 1, 1]], "speed_zone_count": 5, "speed_zones": [[0.0, 91.60000000000001], [91.60000000000001, 137.4], [137.4, 320.59999999999997], [320.59999999999997, 366.40000000000003], [366.40000000000003, 458.0]], "distances": [[0, 31, 16, 5, 18, 31, 28, 16, 32, 28, 14, 5, 5, 21, 14, 22, 24, 29, 27, 17, 9, 0], [31, 0, 21, 32, 41, 4, 18, 23, 8, 32, 20, 35, 36, 25, 28, 37, 49, 52, 44, 14, 37, 31], [16, 21, 0, 14, 33, 24, 28, 2, 18, 16, 18, 21, 18, 27, 24, 16, 28, 31, 23, 12, 19, 16], [5, 32, 14, 0, 22, 33, 32, 13, 32, 24, 18, 9, 4, 26, 19, 17, 20, 25, 22, 19, 5, 5], [18, 41, 33, 22, 0, 40, 30, 34, 45, 46, 20, 13, 21, 19, 12, 39, 39, 45, 44, 28, 25, 18], [31, 4, 24, 33, 40, 0, 14, 26, 12, 36, 20, 35, 36, 23, 28, 40, 52, 55, 47, 14, 38, 31], [28, 18, 28, 32, 30, 14, 0, 30, 25, 44, 14, 29, 33, 11, 18, 44, 52, 57, 51, 16, 37, 28], [16, 23, 2, 13, 34, 26, 30, 0, 20, 14, 20, 21, 17, 29, 26, 14, 26, 29, 21, 14, 18, 16], [32, 8, 18, 32, 45, 12, 25, 20, 0, 26, 24, 36, 36, 31, 32, 33, 46, 48, 40, 16, 37, 32], [28, 32, 16, 24, 46, 36, 44, 14, 26, 0, 34, 33, 28, 43, 40, 11, 27, 26, 17, 28, 26, 28], [14, 20, 18, 18, 20, 20, 14, 20, 24, 34, 0, 16, 19, 9, 8, 32, 38, 43, 38, 8, 23, 14], [5, 35, 21, 9, 13, 35, 29, 21, 36, 33, 16, 0, 8, 20, 12, 26, 26, 32, 31, 21, 12, 5], [5, 36, 18, 4, 21, 36, 33, 17, 36, 28, 19, 8, 0, 26, 19, 20, 19, 24, 23, 22, 4, 5], [21, 25, 27, 26, 19, 23, 11, 29, 31, 43, 9, 20, 26, 0, 8, 41, 45, 50, 47, 16, 30, 21], [14, 28, 24, 19, 12, 28, 18, 26, 32, 40, 8, 12, 19, 8, 0, 36, 38, 43, 41, 16, 23, 14], [22, 37, 16, 17, 39, 40, 44, 14, 33, 11, 32, 26, 20, 41, 36, 0, 16, 16, 7, 28, 17, 22], [24, 49, 28, 20, 39, 52, 52, 26, 46, 27, 38, 26, 19, 45, 38, 16, 0, 6, 11, 38, 15, 24], [29, 52, 31, 25, 45, 55, 57, 29, 48, 26, 43, 32, 24, 50, 43, 16, 6, 0, 9, 41, 20, 29], [27, 44, 23, 22, 44, 47, 51, 21, 40, 17, 38, 31, 23, 47, 41, 7, 11, 9, 0, 35, 19, 27], [17, 14, 12, 19, 28, 14, 16, 14, 16, 28, 8, 21, 22, 16, 16, 28, 38, 41, 35, 0, 24, 17], [9, 37, 19, 5, 25, 38, 37, 18, 37, 26, 23, 12, 4, 30, 23, 17, 15, 20, 19, 24, 0, 9], [0, 31, 16, 5, 18, 31, 28, 16, 32, 28, 14, 5, 5, 21, 14, 22, 24, 29, 27, 17, 9, 0]], "time_windows": [[0.0, 458.0], [319.0, 427.0], [0.0, 91.0], [0.0, 73.0], [116.0, 233.0], [65.0, 176.0], [67.0, 192.0], [0.0, 118.0], [41.0, 165.0], [17.0, 142.0], [84.0, 201.0], [0.0, 69.0], [129.0, 253.0], [214.0, 325.0], [100.0, 226.0], [5.0, 134.0], [162.0, 290.0], [268.0, 374.0], [150.0, 283.0], [0.0, 98.0], [248.0, 352.0], [0.0, 458.0]], "start_depot": 0, "end_depot": 21, "horizon": [0.0, 458.0]}