{"cluster_count": 3, "cluster_speeds": [[0.925, 0.85, 0.925, 1.0, 0.8325, 0.765, 0.8325, 0.9, 0.4625, 0.425, 0.4625, 0.5, 0.30525, 0.2805, 0.30525, 0.33, 0.37, 0.34, 0.37, 0.4, 0.555, 0.51, 0.555, 0.6, 0.6475, 0.595, 0.6475, 0.7, 0.37, 0.34, 0.37, 0.4, 0.30525, 0.2805, 0.30525, 0.33, 0.4625, 0.425, 0.4625, 0.5, 0.6475, 0.595, 0.6475, 0.7, 0.74, 0.68, 0.74, 0.8, 0.6475, 0.595, 0.6475, 0.7, 0.4625, 0.425, 0.4625, 0.5, 0.555, 0.51, 0.555, 0.6, 0.6475, 0.595, 0.6475, 0.7, 0.8325, 0.765, 0.8325, 0.9, 0.925, 0.85, 0.925, 1.0, 1.0], [0.6475, 0.595, 0.6475, 0.7, 0.58275, 0.5355, 0.58275, 0.63, 0.32375, 0.2975, 0.32375, 0.35, 0.213675, 0.19635, 0.213675, 0.231, 0.259, 0.238, 0.259, 0.28, 0.3885, 0.357, 0.3885, 0.42, 0.6475, 0.595, 0.6475, 0.7, 0.37, 0.34, 0.37, 0.4, 0.30525, 0.2805, 0.30525, 0.33, 0.4625, 0.425, 0.4625, 0.5, 0.6475, 0.595, 0.6475, 0.7, 0.74, 0.68, 0.74, 0.8, 0.45325, 0.4165, 0.45325, 0.49, 0.32375, 0.2975, 0.32375, 0.35, 0.3885, 0.357, 0.3885, 0.42, 0.45325, 0.4165, 0.45325, 0.49, 0.58275, 0.5355, 0.58275, 0.63, 0.6475, 0.595, 0.6475, 0.7, 0.7], [0.87875, 0.8075, 0.87875, 0.95, 0.790875, 0.72675, 0.790875, 0.855, 0.439375, 0.40375, 0.439375, 0.475, 0.289988, 0.266475, 0.289988, 0.3135, 0.3515, 0.323, 0.3515, 0.38, 0.52725, 0.4845, 0.52725, 0.57, 0.6475, 0.595, 0.6475, 0.7, 0.37, 0.34, 0.37, 0.4, 0.30525, 0.2805, 0.30525, 0.33, 0.4625, 0.425, 0.4625, 0.5, 0.6475, 0.595, 0.6475, 0.7, 0.74, 0.68, 0.74, 0.8, 0.615125, 0.56525, 0.615125, 0.665, 0.439375, 0.40375, 0.439375, 0.475, 0.52725, 0.4845, 0.52725, 0.57, 0.615125, 0.56525, 0.615125, 0.665, 0.790875, 0.72675, 0.790875, 0.855, 0.87875, 0.8075, 0.87875, 0.95, 0.95]], "clusters": [[-1, 2, 2, 2, 2, 2, 2, 2, 2, 2, 2, 2, 2, 2, 2, 2, 2, 2, 2, 2, 2, -1], [1, -1, 1, 1, 1, 1, 1, 1, 1, 1, 1, 1, 1, 1, 1, 1, 1, 1, 1, 1, 1, 1], [0, 0, -1, 0, 0, 0, 0, 0, 0, 0, 0, 0, 0, 0, 0, 0, 0, 0, 0, 0, 0, 0], [0, 0, 0, -1, 0, 0, 0, 0, 0, 0, 0, 0, 0, 0, 0, 0, 0, 0, 0, 0, 0, 0], [0, 0, 0, 0, -1, 0, 0, 0, 0, 0, 0, 0, 0, 0, 0, 0, 0, 0, 0, 0, 0, 0], [0, 0, 0, 0, 0, -1, 0, 0, 0, 0, 0, 0, 0, 0, 0, 0, 0, 0, 0, 0, 0, 0], [0, 0, 0, 0, 0, 0, -1, 0, 0, 0, 0, 0, 0, 0, 0, 0, 0, 0, 0, 0, 0, 0], [1, 1, 1, 1, 1, 1, 1, -1, 1, 1, 1, 1, 1, 1, 1, 1, 1, 1, 1, 1, 1, 1], [0, 0, 0, 0, 0, 0, 0, 0, -1, 0, 0, 0, 0, 0, 0, 0, 0, 0, 0, 0, 0, 0], [0, 0, 0, 0, 0, 0, 0, 0, 0, -1, 0, 0, 0, 0, 0, 0, 0, 0, 0, 0, 0, 0], [0, 0, 0, 0, 0, 0, 0, 0, 0, 0, -1, 0, 0, 0, 0, 0, 0, 0, 0, 0, 0, 0], [0, 0, 0, 0, 0, 0, 0, 0, 0, 0, 0, -1, 0, 0, 0, 0, 0, 0, 0, 0, 0, 0], [1, 1, 1, 1, 1, 1, 1, 1, 1, 1, 1, 1, -1, 1, 1, 1, 1, 1, 1, 1, 1, 1], [0, 0, 0, 0, 0, 0, 0, 0, 0, 0, 0, 0, 0, -1, 0, 0, 0, 0, 0, 0, 0, 0], [0, 0, 0, 0, 0, 0, 0, 0, 0, 0, 0, 0, 0, 0, -1, 0, 0, 0, 0, 0, 0, 0], [0, 0, 0, 0, 0, 0, 0, 0, 0, 0, 0, 0, 0, 0, 0, -1, 0, 0, 0, 0, 0, 0], [0, 0, 0, 0, 0, 0, 0, 0, 0, 0, 0, 0, 0, 0, 0, 0, -1, 0, 0, 0, 0, 0], [0, 0, 0, 0, 0, 0, 0, 0, 0, 0, 0, 0, 0, 0, 0, 0, 0, -1, 0, 0, 0, 0], [0, 0, 0, 0, 0, 0, 0, 0, 0, 0, 0, 0, 0, 0, 0, 0, 0, 0, -1, 0, 0, 0], [1, 1, 1, 1, 1, 1, 1, 1, 1, 1, 1, 1, 1, 1, 1, 1, 1, 1, 1, -1, 1, 1], [0, 0, 0, 0, 0, 0, 0, 0, 0, 0, 0, 0, 0, 0, 0, 0, 0, 0, 0, 0, -1, 0], [-1, 2, 2, 2, 2, 2, 2, 2, 2, 2, 2, 2, 2, 2, 2, 2, 2, 2, 2, 2, 2, -1]], "dataset_name": "guerriero_et_al_2014b", "digraph": {"arc_count": 420, "arcs": [[0, 1, 1, 1, 1, 1, 1, 1, 1, 1, 1, 1, 1, 1, 1, 1, 1, 1, 1, 1, 1, 0], [0, 0, 1, 1, 1, 1, 1, 1, 1, 1, 1, 1, 1, 1, 1, 1, 1, 1, 1, 1, 1, 1], [0, 1, 0, 1, 1, 1, 1, 1, 1, 1, 1, 1, 1, 1, 1, 1, 1, 1, 1, 1, 1, 1], [0, 1, 1, 0, 1, 1, 1, 1, 1, 1, 1, 1, 1, 1, 1, 1, 1, 1, 1, 1, 1, 1], [0, 1, 1, 1, 0, 1, 1, 1, 1, 1, 1, 1, 1, 1, 1, 1, 1, 1, 1, 1, 1, 1], [0, 1, 1, 1, 1, 0, 1, 1, 1, 1, 1, 1, 1, 1, 1, 1, 1, 1, 1, 1, 1, 1], [0, 1, 1, 1, 1, 1, 0, 1, 1, 1, 1, 1, 1, 1, 1, 1, 1, 1, 1, 1, 1, 1], [0, 1, 1, 1, 1, 1, 1, 0, 1, 1, 1, 1, 1, 1, 1, 1, 1, 1, 1, 1, 1, 1], [0, 1, 1, 1, 1, 1, 1, 1, 0, 1, 1, 1, 1, 1, 1, 1, 1, 1, 1, 1, 1, 1], [0, 1, 1, 1, 1, 1, 1, 1, 1, 0, 1, 1, 1, 1, 1, 1, 1, 1, 1, 1, 1, 1], [0, 1, 1, 1, 1, 1, 1, 1, 1, 1, 0, 1, 1, 1, 1, 1, 1, 1, 1, 1, 1, 1], [0, 1, 1, 1, 1, 1, 1, 1, 1, 1, 1, 0, 1, 1, 1, 1, 1, 1, 1, 1, 1, 1], [0, 1, 1, 1, 1, 1, 1, 1, 1, 1, 1, 1, 0, 1, 1, 1, 1, 1, 1, 1, 1, 1], [0, 1, 1, 1, 1, 1, 1, 1, 1, 1, 1, 1, 1, 0, 1, 1, 1, 1, 1, 1, 1, 1], [0, 1, 1, 1, 1, 1, 1, 1, 1, 1, 1, 1, 1, 1, 0, 1, 1, 1, 1, 1, 1, 1], [0, 1, 1, 1, 1, 1, 1, 1, 1, 1, 1, 1, 1, 1, 1, 0, 1, 1, 1, 1, 1, 1], [0, 1, 1, 1, 1, 1, 1, 1, 1, 1, 1, 1, 1, 1, 1, 1, 0, 1, 1, 1, 1, 1], [0, 1, 1, 1, 1, 1, 1, 1, 1, 1, 1, 1, 1, 1, 1, 1, 1, 0, 1, 1, 1, 1], [0, 1, 1, 1, 1, 1, 1, 1, 1, 1, 1, 1, 1, 1, 1, 1, 1, 1, 0, 1, 1, 1], [0, 1, 1, 1, 1, 1, 1, 1, 1, 1, 1, 1, 1, 1, 1, 1, 1, 1, 1, 0, 1, 1], [0, 1, 1, 1, 1, 1, 1, 1, 1, 1, 1, 1, 1, 1, 1, 1, 1, 1, 1, 1, 0, 1], [0, 0, 0, 0, 0, 0, 0, 0, 0, 0, 0, 0, 0, 0, 0, 0, 0, 0, 0, 0, 0, 0]], "vertex_count": 22}, "distances": [[0, 58.68, 68.2, 69.62, 70.19, 79.59, 59.29, 89.59, 73.33, 82.01, 69.08, 69.96, 67.07, 77.07, 80.33, 71.16, 68.68, 80.47, 65.41, 83.58, 79.95, 0], [0, 0.0, 9.53, 21.68, 14.4, 24.38, 8.43, 42.04, 27.65, 32.48, 10.4, 17.63, 8.61, 21.93, 25.9, 26.02, 10.07, 30.35, 14.49, 33.92, 25.28, 58.68], [0, 9.53, 0.0, 20.7, 9.99, 18.05, 13.02, 37.86, 26.26, 28.44, 19.3, 15.17, 18.14, 16.04, 19.93, 25.25, 18.25, 26.31, 14.55, 29.65, 19.23, 68.2], [0, 21.68, 20.7, 0.0, 11.13, 12.93, 14.18, 21.52, 5.97, 12.65, 20.18, 5.74, 22.23, 11.3, 12.52, 4.57, 19.06, 10.91, 7.19, 14.24, 12.5, 69.62], [0, 14.4, 9.99, 11.13, 0.0, 10.09, 10.91, 28.31, 16.38, 18.76, 9.31, 5.4, 11.76, 7.58, 11.51, 15.57, 8.26, 16.61, 6.86, 20.08, 10.91, 70.19], [0, 24.38, 18.05, 12.93, 10.09, 0.0, 20.5, 20.48, 14.81, 11.85, 17.06, 9.86, 20.01, 17.39, 18.21, 15.42, 16.39, 10.06, 14.29, 12.63, 18.82, 79.59], [0, 8.43, 13.02, 14.18, 10.91, 20.5, 0.0, 35.44, 20.01, 26.11, 13.29, 11.56, 13.4, 17.94, 21.51, 18.18, 12.31, 24.08, 7.33, 27.65, 21.03, 59.29], [0, 42.04, 37.86, 21.52, 28.31, 20.48, 35.44, 0.0, 16.52, 9.58, 36.97, 24.42, 39.77, 21.97, 18.44, 18.71, 36.12, 11.72, 28.13, 8.23, 19.15, 89.59], [0, 27.65, 26.26, 5.97, 16.38, 14.81, 20.01, 16.52, 0.0, 9.04, 25.66, 11.09, 27.89, 14.13, 13.61, 10.54, 24.56, 8.13, 13.16, 10.5, 13.9, 73.33], [0, 32.48, 28.44, 12.65, 18.76, 11.85, 26.11, 9.58, 9.04, 0.0, 27.59, 14.88, 30.33, 12.85, 9.87, 11.07, 26.69, 17.18, 18.77, 17.81, 10.52, 82.01], [0, 10.4, 19.3, 20.18, 9.31, 17.06, 13.29, 36.97, 25.66, 27.59, 0.0, 14.58, 19.02, 15.1, 18.96, 24.72, 17.57, 25.47, 14.27, 28.77, 18.26, 69.08], [0, 17.63, 15.17, 5.74, 5.4, 9.86, 11.56, 24.42, 11.09, 14.88, 14.58, 0.0, 16.81, 7.53, 10.38, 10.17, 13.48, 12.78, 4.56, 16.36, 10.03, 69.96], [0, 8.61, 18.14, 22.23, 11.76, 20.01, 13.4, 39.77, 27.89, 30.33, 19.02, 16.81, 0.0, 17.99, 21.89, 26.79, 18.68, 28.19, 15.82, 31.55, 21.19, 67.07], [0, 21.93, 16.04, 11.3, 7.58, 17.39, 17.94, 21.97, 14.13, 12.85, 15.1, 7.53, 17.99, 0.0, 17.91, 14.38, 14.34, 10.84, 11.85, 13.86, 17.57, 77.07], [0, 25.9, 19.93, 12.52, 11.51, 18.21, 21.51, 18.44, 13.61, 9.87, 18.96, 10.38, 21.89, 17.91, 0.0, 14.45, 18.25, 8.15, 14.92, 10.6, 16.91, 80.33], [0, 26.02, 25.25, 4.57, 15.57, 15.42, 18.18, 18.71, 10.54, 11.07, 24.72, 10.17, 26.79, 14.38, 14.45, 0.0, 23.6, 9.95, 11.59, 12.57, 14.65, 71.16], [0, 10.07, 18.25, 19.06, 8.26, 16.39, 12.31, 36.12, 24.56, 26.69, 17.57, 13.48, 18.68, 14.34, 18.25, 23.6, 0.0, 24.56, 13.11, 27.9, 17.55, 68.68], [0, 30.35, 26.31, 10.91, 16.61, 10.06, 24.08, 11.72, 8.13, 17.18, 25.47, 12.78, 28.19, 10.84, 8.15, 9.95, 24.56, 0.0, 16.75, 18.63, 8.76, 80.47], [0, 14.49, 14.55, 7.19, 6.86, 14.29, 7.33, 28.13, 13.16, 18.77, 14.27, 4.56, 15.82, 11.85, 14.92, 11.59, 13.11, 16.75, 0.0, 20.31, 14.55, 65.41], [0, 33.92, 29.65, 14.24, 20.08, 12.63, 27.65, 8.23, 10.5, 17.81, 28.77, 16.36, 31.55, 13.86, 10.6, 12.57, 27.9, 18.63, 20.31, 0.0, 11.29, 83.58], [0, 25.28, 19.23, 12.5, 10.91, 18.82, 21.03, 19.15, 13.9, 10.52, 18.26, 10.03, 21.19, 17.57, 16.91, 14.65, 17.55, 8.76, 14.55, 11.29, 0.0, 79.95], [0, 0, 0, 0, 0, 0, 0, 0, 0, 0, 0, 0, 0, 0, 0, 0, 0, 0, 0, 0, 0, 0]], "end_depot": 21, "horizon": [0.0, 2000.0], "instance_name": "20_70_A_25_A4", "speed_zone_count": 73, "speed_zones": [[0.0, 15.0], [15.0, 30.0], [30.0, 45.0], [45.0, 60.0], [60.0, 75.0], [75.0, 90.0], [90.0, 105.0], [105.0, 120.0], [120.0, 135.0], [135.0, 150.0], [150.0, 165.0], [165.0, 180.0], [180.0, 195.0], [195.0, 210.0], [210.0, 225.0], [225.0, 240.0], [240.0, 255.0], [255.0, 270.0], [270.0, 285.0], [285.0, 300.0], [300.0, 315.0], [315.0, 330.0], [330.0, 345.0], [345.0, 360.0], [360.0, 375.0], [375.0, 390.0], [390.0, 405.0], [405.0, 420.0], [420.0, 435.0], [435.0, 450.0], [450.0, 465.0], [465.0, 480.0], [480.0, 495.0], [495.0, 510.0], [510.0, 525.0], [525.0, 540.0], [540.0, 555.0], [555.0, 570.0], [570.0, 585.0], [585.0, 600.0], [600.0, 615.0], [615.0, 630.0], [630.0, 645.0], [645.0, 660.0], [660.0, 675.0], [675.0, 690.0], [690.0, 705.0], [705.0, 720.0], [720.0, 735.0], [735.0, 750.0], [750.0, 765.0], [765.0, 780.0], [780.0, 795.0], [795.0, 810.0], [810.0, 825.0], [825.0, 840.0], [840.0, 855.0], [855.0, 870.0], [870.0, 885.0], [885.0, 900.0], [900.0, 915.0], [915.0, 930.0], [930.0, 945.0], [945.0, 960.0], [960.0, 975.0], [975.0, 990.0], [990.0, 1005.0], [1005.0, 1020.0], [1020.0, 1035.0], [1035.0, 1050.0], [1050.0, 1065.0], [1065.0, 1080.0], [1080.0, 2000.0]], "start_depot": 0, "time_windows": [[0.0, 1700.0], [7.0, 108.0], [12.0, 125.0], [18.0, 150.0], [21.0, 164.0], [27.0, 187.0], [39.0, 236.0], [65.0, 339.0], [76.0, 383.0], [80.0, 399.0], [91.0, 443.0], [97.0, 466.0], [108.0, 512.0], [123.0, 570.0], [134.0, 613.0], [141.0, 642.0], [150.0, 680.0], [159.0, 715.0], [165.0, 738.0], [172.0, 765.0], [178.0, 791.0], [0.0, 1700.0]], "vehicle_count": 1}