{"cluster_count": 3, "cluster_speeds": [[0.6475, 0.595, 0.6475, 0.7, 0.58275, 0.5355, 0.58275, 0.63, 0.32375, 0.2975, 0.32375, 0.35, 0.213675, 0.19635, 0.213675, 0.231, 0.259, 0.238, 0.259, 0.28, 0.3885, 0.357, 0.3885, 0.42, 0.6475, 0.595, 0.6475, 0.7, 0.37, 0.34, 0.37, 0.4, 0.30525, 0.2805, 0.30525, 0.33, 0.4625, 0.425, 0.4625, 0.5, 0.6475, 0.595, 0.6475, 0.7, 0.74, 0.68, 0.74, 0.8, 0.45325, 0.4165, 0.45325, 0.49, 0.32375, 0.2975, 0.32375, 0.35, 0.3885, 0.357, 0.3885, 0.42, 0.45325, 0.4165, 0.45325, 0.49, 0.58275, 0.5355, 0.58275, 0.63, 0.6475, 0.595, 0.6475, 0.7, 0.7], [0.74, 0.68, 0.74, 0.8, 0.666, 0.612, 0.666, 0.72, 0.37, 0.34, 0.37, 0.4, 0.2442, 0.2244, 0.2442, 0.264, 0.296, 0.272, 0.296, 0.32, 0.444, 0.408, 0.444, 0.48, 0.6475, 0.595, 0.6475, 0.7, 0.37, 0.34, 0.37, 0.4, 0.30525, 0.2805, 0.30525, 0.33, 0.4625, 0.425, 0.4625, 0.5, 0.6475, 0.595, 0.6475, 0.7, 0.74, 0.68, 0.74, 0.8, 0.518, 0.476, 0.518, 0.56, 0.37, 0.34, 0.37, 0.4, 0.444, 0.408, 0.444, 0.48, 0.518, 0.476, 0.518, 0.56, 0.666, 0.612, 0.666, 0.72, 0.74, 0.68, 0.74, 0.8, 0.8], [0.925, 0.85, 0.925, 1.0, 0.8325, 0.765, 0.8325, 0.9, 0.4625, 0.425, 0.4625, 0.5, 0.30525, 0.2805, 0.30525, 0.33, 0.37, 0.34, 0.37, 0.4, 0.555, 0.51, 0.555, 0.6, 0.6475, 0.595, 0.6475, 0.7, 0.37, 0.34, 0.37, 0.4, 0.30525, 0.2805, 0.30525, 0.33, 0.4625, 0.425, 0.4625, 0.5, 0.6475, 0.595, 0.6475, 0.7, 0.74, 0.68, 0.74, 0.8, 0.6475, 0.595, 0.6475, 0.7, 0.4625, 0.425, 0.4625, 0.5, 0.555, 0.51, 0.555, 0.6, 0.6475, 0.595, 0.6475, 0.7, 0.8325, 0.765, 0.8325, 0.9, 0.925, 0.85, 0.925, 1.0, 1.0]], "clusters": [[-1, 2, 2, 2, 2, 2, 2, 2, 2, 2, 2, 2, 2, 2, 2, 2, 2, 2, 2, 2, 2, -1], [0, -1, 0, 0, 0, 0, 0, 0, 0, 0, 0, 0, 0, 0, 0, 0, 0, 0, 0, 0, 0, 0], [2, 2, -1, 2, 2, 2, 2, 2, 2, 2, 2, 2, 2, 2, 2, 2, 2, 2, 2, 2, 2, 2], [0, 0, 0, -1, 0, 0, 0, 0, 0, 0, 0, 0, 0, 0, 0, 0, 0, 0, 0, 0, 0, 0], [1, 1, 1, 1, -1, 1, 1, 1, 1, 1, 1, 1, 1, 1, 1, 1, 1, 1, 1, 1, 1, 1], [2, 2, 2, 2, 2, -1, 2, 2, 2, 2, 2, 2, 2, 2, 2, 2, 2, 2, 2, 2, 2, 2], [1, 1, 1, 1, 1, 1, -1, 1, 1, 1, 1, 1, 1, 1, 1, 1, 1, 1, 1, 1, 1, 1], [0, 0, 0, 0, 0, 0, 0, -1, 0, 0, 0, 0, 0, 0, 0, 0, 0, 0, 0, 0, 0, 0], [0, 0, 0, 0, 0, 0, 0, 0, -1, 0, 0, 0, 0, 0, 0, 0, 0, 0, 0, 0, 0, 0], [0, 0, 0, 0, 0, 0, 0, 0, 0, -1, 0, 0, 0, 0, 0, 0, 0, 0, 0, 0, 0, 0], [1, 1, 1, 1, 1, 1, 1, 1, 1, 1, -1, 1, 1, 1, 1, 1, 1, 1, 1, 1, 1, 1], [0, 0, 0, 0, 0, 0, 0, 0, 0, 0, 0, -1, 0, 0, 0, 0, 0, 0, 0, 0, 0, 0], [2, 2, 2, 2, 2, 2, 2, 2, 2, 2, 2, 2, -1, 2, 2, 2, 2, 2, 2, 2, 2, 2], [0, 0, 0, 0, 0, 0, 0, 0, 0, 0, 0, 0, 0, -1, 0, 0, 0, 0, 0, 0, 0, 0], [0, 0, 0, 0, 0, 0, 0, 0, 0, 0, 0, 0, 0, 0, -1, 0, 0, 0, 0, 0, 0, 0], [0, 0, 0, 0, 0, 0, 0, 0, 0, 0, 0, 0, 0, 0, 0, -1, 0, 0, 0, 0, 0, 0], [0, 0, 0, 0, 0, 0, 0, 0, 0, 0, 0, 0, 0, 0, 0, 0, -1, 0, 0, 0, 0, 0], [0, 0, 0, 0, 0, 0, 0, 0, 0, 0, 0, 0, 0, 0, 0, 0, 0, -1, 0, 0, 0, 0], [0, 0, 0, 0, 0, 0, 0, 0, 0, 0, 0, 0, 0, 0, 0, 0, 0, 0, -1, 0, 0, 0], [0, 0, 0, 0, 0, 0, 0, 0, 0, 0, 0, 0, 0, 0, 0, 0, 0, 0, 0, -1, 0, 0], [1, 1, 1, 1, 1, 1, 1, 1, 1, 1, 1, 1, 1, 1, 1, 1, 1, 1, 1, 1, -1, 1], [-1, 2, 2, 2, 2, 2, 2, 2, 2, 2, 2, 2, 2, 2, 2, 2, 2, 2, 2, 2, 2, -1]], "dataset_name": "guerriero_et_al_2014b", "digraph": {"arc_count": 420, "arcs": [[0, 1, 1, 1, 1, 1, 1, 1, 1, 1, 1, 1, 1, 1, 1, 1, 1, 1, 1, 1, 1, 0], [0, 0, 1, 1, 1, 1, 1, 1, 1, 1, 1, 1, 1, 1, 1, 1, 1, 1, 1, 1, 1, 1], [0, 1, 0, 1, 1, 1, 1, 1, 1, 1, 1, 1, 1, 1, 1, 1, 1, 1, 1, 1, 1, 1], [0, 1, 1, 0, 1, 1, 1, 1, 1, 1, 1, 1, 1, 1, 1, 1, 1, 1, 1, 1, 1, 1], [0, 1, 1, 1, 0, 1, 1, 1, 1, 1, 1, 1, 1, 1, 1, 1, 1, 1, 1, 1, 1, 1], [0, 1, 1, 1, 1, 0, 1, 1, 1, 1, 1, 1, 1, 1, 1, 1, 1, 1, 1, 1, 1, 1], [0, 1, 1, 1, 1, 1, 0, 1, 1, 1, 1, 1, 1, 1, 1, 1, 1, 1, 1, 1, 1, 1], [0, 1, 1, 1, 1, 1, 1, 0, 1, 1, 1, 1, 1, 1, 1, 1, 1, 1, 1, 1, 1, 1], [0, 1, 1, 1, 1, 1, 1, 1, 0, 1, 1, 1, 1, 1, 1, 1, 1, 1, 1, 1, 1, 1], [0, 1, 1, 1, 1, 1, 1, 1, 1, 0, 1, 1, 1, 1, 1, 1, 1, 1, 1, 1, 1, 1], [0, 1, 1, 1, 1, 1, 1, 1, 1, 1, 0, 1, 1, 1, 1, 1, 1, 1, 1, 1, 1, 1], [0, 1, 1, 1, 1, 1, 1, 1, 1, 1, 1, 0, 1, 1, 1, 1, 1, 1, 1, 1, 1, 1], [0, 1, 1, 1, 1, 1, 1, 1, 1, 1, 1, 1, 0, 1, 1, 1, 1, 1, 1, 1, 1, 1], [0, 1, 1, 1, 1, 1, 1, 1, 1, 1, 1, 1, 1, 0, 1, 1, 1, 1, 1, 1, 1, 1], [0, 1, 1, 1, 1, 1, 1, 1, 1, 1, 1, 1, 1, 1, 0, 1, 1, 1, 1, 1, 1, 1], [0, 1, 1, 1, 1, 1, 1, 1, 1, 1, 1, 1, 1, 1, 1, 0, 1, 1, 1, 1, 1, 1], [0, 1, 1, 1, 1, 1, 1, 1, 1, 1, 1, 1, 1, 1, 1, 1, 0, 1, 1, 1, 1, 1], [0, 1, 1, 1, 1, 1, 1, 1, 1, 1, 1, 1, 1, 1, 1, 1, 1, 0, 1, 1, 1, 1], [0, 1, 1, 1, 1, 1, 1, 1, 1, 1, 1, 1, 1, 1, 1, 1, 1, 1, 0, 1, 1, 1], [0, 1, 1, 1, 1, 1, 1, 1, 1, 1, 1, 1, 1, 1, 1, 1, 1, 1, 1, 0, 1, 1], [0, 1, 1, 1, 1, 1, 1, 1, 1, 1, 1, 1, 1, 1, 1, 1, 1, 1, 1, 1, 0, 1], [0, 0, 0, 0, 0, 0, 0, 0, 0, 0, 0, 0, 0, 0, 0, 0, 0, 0, 0, 0, 0, 0]], "vertex_count": 22}, "distances": [[0, 73.34, 82.98, 79.56, 78.21, 51.9, 85.54, 59.63, 71.8, 73.78, 76.99, 62.62, 98.56, 56.13, 76.31, 73.44, 75.33, 67.99, 69.33, 68.94, 67.65, 0], [0, 0.0, 31.93, 16.02, 27.64, 39.97, 27.46, 14.11, 14.3, 4.69, 26.81, 13.6, 29.49, 18.13, 10.04, 10.52, 4.77, 7.41, 5.19, 17.02, 17.11, 73.34], [0, 31.93, 0.0, 16.51, 5.4, 67.42, 7.28, 33.48, 18.83, 36.56, 6.69, 28.08, 24.74, 33.87, 22.02, 21.63, 27.41, 37.75, 35.74, 18.57, 48.37, 82.98], [0, 16.02, 16.51, 0.0, 13.28, 54.47, 11.44, 22.25, 7.77, 20.48, 12.9, 17.64, 19.04, 24.45, 6.04, 7.23, 11.29, 22.7, 20.51, 10.99, 33.04, 79.56], [0, 27.64, 5.4, 13.28, 0.0, 62.13, 8.36, 28.17, 13.92, 32.33, 12.09, 22.77, 25.82, 28.48, 18.05, 17.15, 23.34, 33.01, 31.1, 13.28, 43.65, 78.21], [0, 39.97, 67.42, 54.47, 62.13, 0.0, 65.24, 33.97, 48.94, 37.17, 60.92, 39.37, 69.35, 34.36, 48.66, 47.36, 44.37, 32.56, 34.8, 48.86, 24.77, 51.9], [0, 27.46, 7.28, 11.44, 8.36, 65.24, 0.0, 31.92, 16.46, 31.89, 9.24, 26.73, 17.78, 33.2, 17.45, 18.01, 22.72, 34.02, 31.86, 17.7, 44.45, 85.54], [0, 14.11, 33.48, 22.25, 28.17, 33.97, 31.92, 0.0, 15.47, 16.03, 26.94, 5.4, 40.19, 12.21, 17.5, 15.13, 15.71, 11.45, 11.52, 14.9, 19.43, 59.63], [0, 14.3, 18.83, 7.77, 13.92, 48.94, 16.46, 15.47, 0.0, 18.95, 12.91, 10.38, 26.8, 17.08, 6.75, 15.0, 10.73, 19.11, 17.24, 17.27, 29.74, 71.8], [0, 4.69, 36.56, 20.48, 32.33, 37.17, 31.89, 16.03, 18.95, 0.0, 31.49, 16.91, 32.29, 20.19, 14.59, 15.21, 9.2, 5.83, 4.62, 21.53, 13.23, 73.78], [0, 26.81, 6.69, 12.9, 12.09, 60.92, 9.24, 26.94, 12.91, 31.49, 0.0, 21.54, 26.42, 27.2, 17.37, 16.29, 22.59, 32.02, 30.13, 12.07, 42.65, 76.99], [0, 13.6, 28.08, 17.64, 22.77, 39.37, 26.73, 5.4, 10.38, 16.91, 21.54, 0.0, 36.21, 6.81, 13.69, 10.9, 13.47, 13.87, 13.04, 9.51, 23.41, 62.62], [0, 29.49, 24.74, 19.04, 25.82, 69.35, 17.78, 40.19, 26.8, 32.29, 26.42, 36.21, 0.0, 42.97, 22.7, 25.32, 25.49, 36.87, 34.68, 29.93, 45.37, 98.56], [0, 18.13, 33.87, 24.45, 28.48, 34.36, 33.2, 12.21, 17.08, 20.19, 27.2, 6.81, 42.97, 0.0, 20.34, 17.66, 19.3, 15.5, 15.67, 15.58, 22.69, 56.13], [0, 10.04, 22.02, 6.04, 18.05, 48.66, 17.45, 17.5, 6.75, 14.59, 17.37, 13.69, 22.7, 20.34, 0.0, 12.0, 5.4, 16.67, 14.47, 10.51, 27.0, 76.31], [0, 10.52, 21.63, 7.23, 17.15, 47.36, 18.01, 15.13, 15.0, 15.21, 16.29, 10.9, 25.32, 17.66, 12.0, 0.0, 6.61, 16.18, 14.13, 7.73, 26.77, 73.44], [0, 4.77, 27.41, 11.29, 23.34, 44.37, 22.72, 15.71, 10.73, 9.2, 22.59, 13.47, 25.49, 19.3, 5.4, 6.61, 0.0, 11.89, 9.65, 14.02, 21.87, 75.33], [0, 7.41, 37.75, 22.7, 33.01, 32.56, 34.02, 11.45, 19.11, 5.83, 32.02, 13.87, 36.87, 15.5, 16.67, 16.18, 11.89, 0.0, 10.44, 20.78, 10.64, 67.99], [0, 5.19, 35.74, 20.51, 31.1, 34.8, 31.86, 11.52, 17.24, 4.62, 30.13, 13.04, 34.68, 15.67, 14.47, 14.13, 9.65, 10.44, 0.0, 19.17, 12.65, 69.33], [0, 17.02, 18.57, 10.99, 13.28, 48.86, 17.7, 14.9, 17.27, 21.53, 12.07, 9.51, 29.93, 15.58, 10.51, 7.73, 14.02, 20.78, 19.17, 0.0, 31.26, 68.94], [0, 17.11, 48.37, 33.04, 43.65, 24.77, 44.45, 19.43, 29.74, 13.23, 42.65, 23.41, 45.37, 22.69, 27.0, 26.77, 21.87, 10.64, 12.65, 31.26, 0.0, 67.65], [0, 0, 0, 0, 0, 0, 0, 0, 0, 0, 0, 0, 0, 0, 0, 0, 0, 0, 0, 0, 0, 0]], "end_depot": 21, "horizon": [0.0, 2000.0], "instance_name": "20_70_B_25_B7", "speed_zone_count": 73, "speed_zones": [[0.0, 15.0], [15.0, 30.0], [30.0, 45.0], [45.0, 60.0], [60.0, 75.0], [75.0, 90.0], [90.0, 105.0], [105.0, 120.0], [120.0, 135.0], [135.0, 150.0], [150.0, 165.0], [165.0, 180.0], [180.0, 195.0], [195.0, 210.0], [210.0, 225.0], [225.0, 240.0], [240.0, 255.0], [255.0, 270.0], [270.0, 285.0], [285.0, 300.0], [300.0, 315.0], [315.0, 330.0], [330.0, 345.0], [345.0, 360.0], [360.0, 375.0], [375.0, 390.0], [390.0, 405.0], [405.0, 420.0], [420.0, 435.0], [435.0, 450.0], [450.0, 465.0], [465.0, 480.0], [480.0, 495.0], [495.0, 510.0], [510.0, 525.0], [525.0, 540.0], [540.0, 555.0], [555.0, 570.0], [570.0, 585.0], [585.0, 600.0], [600.0, 615.0], [615.0, 630.0], [630.0, 645.0], [645.0, 660.0], [660.0, 675.0], [675.0, 690.0], [690.0, 705.0], [705.0, 720.0], [720.0, 735.0], [735.0, 750.0], [750.0, 765.0], [765.0, 780.0], [780.0, 795.0], [795.0, 810.0], [810.0, 825.0], [825.0, 840.0], [840.0, 855.0], [855.0, 870.0], [870.0, 885.0], [885.0, 900.0], [900.0, 915.0], [915.0, 930.0], [930.0, 945.0], [945.0, 960.0], [960.0, 975.0], [975.0, 990.0], [990.0, 1005.0], [1005.0, 1020.0], [1020.0, 1035.0], [1035.0, 1050.0], [1050.0, 1065.0], [1065.0, 1080.0], [1080.0, 2000.0]], "start_depot": 0, "time_windows": [[0.0, 1700.0], [11.0, 122.0], [28.0, 191.0], [37.0, 228.0], [52.0, 288.0], [89.0, 433.0], [129.0, 593.0], [144.0, 656.0], [151.0, 681.0], [157.0, 708.0], [168.0, 751.0], [178.0, 789.0], [202.0, 886.0], [221.0, 961.0], [231.0, 1004.0], [237.0, 1025.0], [240.0, 1037.0], [245.0, 1057.0], [249.0, 1073.0], [256.0, 1104.0], [267.0, 1148.0], [0.0, 1700.0]], "vehicle_count": 1}