{"cluster_count": 3, "cluster_speeds": [[0.925, 0.85, 0.925, 1.0, 0.8325, 0.765, 0.8325, 0.9, 0.4625, 0.425, 0.4625, 0.5, 0.30525, 0.2805, 0.30525, 0.33, 0.37, 0.34, 0.37, 0.4, 0.555, 0.51, 0.555, 0.6, 0.6475, 0.595, 0.6475, 0.7, 0.37, 0.34, 0.37, 0.4, 0.30525, 0.2805, 0.30525, 0.33, 0.4625, 0.425, 0.4625, 0.5, 0.6475, 0.595, 0.6475, 0.7, 0.74, 0.68, 0.74, 0.8, 0.6475, 0.595, 0.6475, 0.7, 0.4625, 0.425, 0.4625, 0.5, 0.555, 0.51, 0.555, 0.6, 0.6475, 0.595, 0.6475, 0.7, 0.8325, 0.765, 0.8325, 0.9, 0.925, 0.85, 0.925, 1.0, 1.0], [0.6475, 0.595, 0.6475, 0.7, 0.58275, 0.5355, 0.58275, 0.63, 0.32375, 0.2975, 0.32375, 0.35, 0.213675, 0.19635, 0.213675, 0.231, 0.259, 0.238, 0.259, 0.28, 0.3885, 0.357, 0.3885, 0.42, 0.6475, 0.595, 0.6475, 0.7, 0.37, 0.34, 0.37, 0.4, 0.30525, 0.2805, 0.30525, 0.33, 0.4625, 0.425, 0.4625, 0.5, 0.6475, 0.595, 0.6475, 0.7, 0.74, 0.68, 0.74, 0.8, 0.45325, 0.4165, 0.45325, 0.49, 0.32375, 0.2975, 0.32375, 0.35, 0.3885, 0.357, 0.3885, 0.42, 0.45325, 0.4165, 0.45325, 0.49, 0.58275, 0.5355, 0.58275, 0.63, 0.6475, 0.595, 0.6475, 0.7, 0.7], [0.87875, 0.8075, 0.87875, 0.95, 0.790875, 0.72675, 0.790875, 0.855, 0.439375, 0.40375, 0.439375, 0.475, 0.289988, 0.266475, 0.289988, 0.3135, 0.3515, 0.323, 0.3515, 0.38, 0.52725, 0.4845, 0.52725, 0.57, 0.6475, 0.595, 0.6475, 0.7, 0.37, 0.34, 0.37, 0.4, 0.30525, 0.2805, 0.30525, 0.33, 0.4625, 0.425, 0.4625, 0.5, 0.6475, 0.595, 0.6475, 0.7, 0.74, 0.68, 0.74, 0.8, 0.615125, 0.56525, 0.615125, 0.665, 0.439375, 0.40375, 0.439375, 0.475, 0.52725, 0.4845, 0.52725, 0.57, 0.615125, 0.56525, 0.615125, 0.665, 0.790875, 0.72675, 0.790875, 0.855, 0.87875, 0.8075, 0.87875, 0.95, 0.95]], "clusters": [[-1, 2, 2, 2, 2, 2, 2, 2, 2, 2, 2, 2, 2, 2, 2, 2, 2, 2, 2, 2, 2, -1], [1, -1, 1, 1, 1, 1, 1, 1, 1, 1, 1, 1, 1, 1, 1, 1, 1, 1, 1, 1, 1, 1], [0, 0, -1, 0, 0, 0, 0, 0, 0, 0, 0, 0, 0, 0, 0, 0, 0, 0, 0, 0, 0, 0], [0, 0, 0, -1, 0, 0, 0, 0, 0, 0, 0, 0, 0, 0, 0, 0, 0, 0, 0, 0, 0, 0], [0, 0, 0, 0, -1, 0, 0, 0, 0, 0, 0, 0, 0, 0, 0, 0, 0, 0, 0, 0, 0, 0], [1, 1, 1, 1, 1, -1, 1, 1, 1, 1, 1, 1, 1, 1, 1, 1, 1, 1, 1, 1, 1, 1], [0, 0, 0, 0, 0, 0, -1, 0, 0, 0, 0, 0, 0, 0, 0, 0, 0, 0, 0, 0, 0, 0], [0, 0, 0, 0, 0, 0, 0, -1, 0, 0, 0, 0, 0, 0, 0, 0, 0, 0, 0, 0, 0, 0], [1, 1, 1, 1, 1, 1, 1, 1, -1, 1, 1, 1, 1, 1, 1, 1, 1, 1, 1, 1, 1, 1], [0, 0, 0, 0, 0, 0, 0, 0, 0, -1, 0, 0, 0, 0, 0, 0, 0, 0, 0, 0, 0, 0], [0, 0, 0, 0, 0, 0, 0, 0, 0, 0, -1, 0, 0, 0, 0, 0, 0, 0, 0, 0, 0, 0], [2, 2, 2, 2, 2, 2, 2, 2, 2, 2, 2, -1, 2, 2, 2, 2, 2, 2, 2, 2, 2, 2], [0, 0, 0, 0, 0, 0, 0, 0, 0, 0, 0, 0, -1, 0, 0, 0, 0, 0, 0, 0, 0, 0], [0, 0, 0, 0, 0, 0, 0, 0, 0, 0, 0, 0, 0, -1, 0, 0, 0, 0, 0, 0, 0, 0], [0, 0, 0, 0, 0, 0, 0, 0, 0, 0, 0, 0, 0, 0, -1, 0, 0, 0, 0, 0, 0, 0], [0, 0, 0, 0, 0, 0, 0, 0, 0, 0, 0, 0, 0, 0, 0, -1, 0, 0, 0, 0, 0, 0], [0, 0, 0, 0, 0, 0, 0, 0, 0, 0, 0, 0, 0, 0, 0, 0, -1, 0, 0, 0, 0, 0], [0, 0, 0, 0, 0, 0, 0, 0, 0, 0, 0, 0, 0, 0, 0, 0, 0, -1, 0, 0, 0, 0], [0, 0, 0, 0, 0, 0, 0, 0, 0, 0, 0, 0, 0, 0, 0, 0, 0, 0, -1, 0, 0, 0], [0, 0, 0, 0, 0, 0, 0, 0, 0, 0, 0, 0, 0, 0, 0, 0, 0, 0, 0, -1, 0, 0], [0, 0, 0, 0, 0, 0, 0, 0, 0, 0, 0, 0, 0, 0, 0, 0, 0, 0, 0, 0, -1, 0], [-1, 2, 2, 2, 2, 2, 2, 2, 2, 2, 2, 2, 2, 2, 2, 2, 2, 2, 2, 2, 2, -1]], "dataset_name": "guerriero_et_al_2014b", "digraph": {"arc_count": 420, "arcs": [[0, 1, 1, 1, 1, 1, 1, 1, 1, 1, 1, 1, 1, 1, 1, 1, 1, 1, 1, 1, 1, 0], [0, 0, 1, 1, 1, 1, 1, 1, 1, 1, 1, 1, 1, 1, 1, 1, 1, 1, 1, 1, 1, 1], [0, 1, 0, 1, 1, 1, 1, 1, 1, 1, 1, 1, 1, 1, 1, 1, 1, 1, 1, 1, 1, 1], [0, 1, 1, 0, 1, 1, 1, 1, 1, 1, 1, 1, 1, 1, 1, 1, 1, 1, 1, 1, 1, 1], [0, 1, 1, 1, 0, 1, 1, 1, 1, 1, 1, 1, 1, 1, 1, 1, 1, 1, 1, 1, 1, 1], [0, 1, 1, 1, 1, 0, 1, 1, 1, 1, 1, 1, 1, 1, 1, 1, 1, 1, 1, 1, 1, 1], [0, 1, 1, 1, 1, 1, 0, 1, 1, 1, 1, 1, 1, 1, 1, 1, 1, 1, 1, 1, 1, 1], [0, 1, 1, 1, 1, 1, 1, 0, 1, 1, 1, 1, 1, 1, 1, 1, 1, 1, 1, 1, 1, 1], [0, 1, 1, 1, 1, 1, 1, 1, 0, 1, 1, 1, 1, 1, 1, 1, 1, 1, 1, 1, 1, 1], [0, 1, 1, 1, 1, 1, 1, 1, 1, 0, 1, 1, 1, 1, 1, 1, 1, 1, 1, 1, 1, 1], [0, 1, 1, 1, 1, 1, 1, 1, 1, 1, 0, 1, 1, 1, 1, 1, 1, 1, 1, 1, 1, 1], [0, 1, 1, 1, 1, 1, 1, 1, 1, 1, 1, 0, 1, 1, 1, 1, 1, 1, 1, 1, 1, 1], [0, 1, 1, 1, 1, 1, 1, 1, 1, 1, 1, 1, 0, 1, 1, 1, 1, 1, 1, 1, 1, 1], [0, 1, 1, 1, 1, 1, 1, 1, 1, 1, 1, 1, 1, 0, 1, 1, 1, 1, 1, 1, 1, 1], [0, 1, 1, 1, 1, 1, 1, 1, 1, 1, 1, 1, 1, 1, 0, 1, 1, 1, 1, 1, 1, 1], [0, 1, 1, 1, 1, 1, 1, 1, 1, 1, 1, 1, 1, 1, 1, 0, 1, 1, 1, 1, 1, 1], [0, 1, 1, 1, 1, 1, 1, 1, 1, 1, 1, 1, 1, 1, 1, 1, 0, 1, 1, 1, 1, 1], [0, 1, 1, 1, 1, 1, 1, 1, 1, 1, 1, 1, 1, 1, 1, 1, 1, 0, 1, 1, 1, 1], [0, 1, 1, 1, 1, 1, 1, 1, 1, 1, 1, 1, 1, 1, 1, 1, 1, 1, 0, 1, 1, 1], [0, 1, 1, 1, 1, 1, 1, 1, 1, 1, 1, 1, 1, 1, 1, 1, 1, 1, 1, 0, 1, 1], [0, 1, 1, 1, 1, 1, 1, 1, 1, 1, 1, 1, 1, 1, 1, 1, 1, 1, 1, 1, 0, 1], [0, 0, 0, 0, 0, 0, 0, 0, 0, 0, 0, 0, 0, 0, 0, 0, 0, 0, 0, 0, 0, 0]], "vertex_count": 22}, "distances": [[0, 78.16, 59.37, 72.97, 65.78, 54.73, 57.83, 75.27, 50.6, 76.18, 59.21, 98.78, 80.84, 68.58, 69.32, 71.03, 67.97, 77.1, 73.47, 59.92, 83.68, 0], [0, 0.0, 26.64, 25.24, 26.14, 36.06, 27.29, 15.47, 43.49, 11.55, 27.94, 30.35, 18.42, 20.15, 31.65, 11.04, 32.5, 14.57, 30.85, 27.84, 24.65, 78.16], [0, 26.64, 0.0, 13.99, 6.99, 9.43, 15.54, 16.77, 16.86, 18.96, 13.67, 39.45, 21.73, 9.48, 13.3, 15.82, 12.76, 18.75, 16.4, 12.91, 24.34, 59.37], [0, 25.24, 13.99, 0.0, 7.2, 19.17, 15.59, 9.9, 25.83, 13.85, 13.86, 26.57, 10.93, 7.49, 7.21, 15.59, 8.52, 11.35, 5.63, 13.12, 10.96, 72.97], [0, 26.14, 6.99, 7.2, 0.0, 12.56, 8.56, 12.89, 19.73, 16.16, 6.68, 33.45, 16.51, 6.05, 7.23, 15.22, 7.29, 14.85, 9.6, 5.93, 17.98, 65.78], [0, 36.06, 9.43, 19.17, 12.56, 0.0, 9.02, 25.04, 7.51, 27.79, 8.13, 45.74, 29.07, 17.67, 14.59, 25.17, 13.24, 27.05, 18.77, 8.32, 30.13, 54.73], [0, 27.29, 15.54, 15.59, 8.56, 9.02, 0.0, 18.09, 16.26, 20.11, 15.24, 40.97, 23.19, 10.9, 14.68, 16.64, 14.04, 20.07, 17.9, 14.48, 25.91, 57.83], [0, 15.47, 16.77, 9.9, 12.89, 25.04, 18.09, 0.0, 32.44, 13.27, 17.51, 24.0, 6.09, 7.41, 16.77, 7.54, 17.84, 11.11, 15.45, 17.03, 11.54, 75.27], [0, 43.49, 16.86, 25.83, 19.73, 7.51, 16.26, 32.44, 0.0, 35.28, 15.61, 52.26, 36.18, 25.11, 20.14, 32.66, 18.63, 34.44, 24.34, 15.83, 36.65, 50.6], [0, 11.55, 18.96, 13.85, 16.16, 27.79, 20.11, 13.27, 35.28, 0.0, 19.92, 24.42, 7.96, 10.25, 20.62, 5.74, 21.63, 12.98, 19.4, 19.55, 14.16, 76.18], [0, 27.94, 13.67, 13.86, 6.68, 8.13, 15.24, 17.51, 15.61, 19.92, 0.0, 39.74, 22.22, 10.12, 12.42, 17.05, 11.75, 19.51, 15.77, 12.61, 24.46, 59.21], [0, 30.35, 39.45, 26.57, 33.45, 45.74, 40.97, 24.0, 52.26, 24.42, 39.74, 0.0, 18.07, 30.22, 32.35, 30.15, 33.88, 22.45, 28.38, 39.08, 15.62, 98.78], [0, 18.42, 21.73, 10.93, 16.51, 29.07, 23.19, 6.09, 36.18, 7.96, 22.22, 18.07, 0.0, 12.31, 18.07, 13.2, 19.44, 5.02, 15.38, 21.63, 6.3, 80.84], [0, 20.15, 9.48, 7.49, 6.05, 17.67, 10.9, 7.41, 25.11, 10.25, 10.12, 30.22, 12.31, 0.0, 11.95, 9.36, 12.55, 9.42, 12.51, 9.63, 15.67, 68.58], [0, 31.65, 13.3, 7.21, 7.23, 14.59, 14.68, 16.77, 20.14, 20.62, 12.42, 32.35, 18.07, 11.95, 0.0, 21.23, 9.94, 18.39, 4.23, 11.67, 16.92, 69.32], [0, 11.04, 15.82, 15.59, 15.22, 25.17, 16.64, 7.54, 32.66, 5.74, 17.05, 30.15, 13.2, 9.36, 21.23, 0.0, 21.9, 8.18, 21.15, 16.89, 19.04, 71.03], [0, 32.5, 12.76, 8.52, 7.29, 13.24, 14.04, 17.84, 18.63, 21.63, 11.75, 33.88, 19.44, 12.55, 9.94, 21.9, 0.0, 19.53, 5.71, 11.02, 18.45, 67.97], [0, 14.57, 18.75, 11.35, 14.85, 27.05, 20.07, 11.11, 34.44, 12.98, 19.51, 22.45, 5.02, 9.42, 18.39, 8.18, 19.53, 0.0, 16.74, 19.04, 11.06, 77.1], [0, 30.85, 16.4, 5.63, 9.6, 18.77, 17.9, 15.45, 24.34, 19.4, 15.77, 28.38, 15.38, 12.51, 4.23, 21.15, 5.71, 16.74, 0.0, 14.99, 13.2, 73.47], [0, 27.84, 12.91, 13.12, 5.93, 8.32, 14.48, 17.03, 15.83, 19.55, 12.61, 39.08, 21.63, 9.63, 11.67, 16.89, 11.02, 19.04, 14.99, 0.0, 23.77, 59.92], [0, 24.65, 24.34, 10.96, 17.98, 30.13, 25.91, 11.54, 36.65, 14.16, 24.46, 15.62, 6.3, 15.67, 16.92, 19.04, 18.45, 11.06, 13.2, 23.77, 0.0, 83.68], [0, 0, 0, 0, 0, 0, 0, 0, 0, 0, 0, 0, 0, 0, 0, 0, 0, 0, 0, 0, 0, 0]], "end_depot": 21, "horizon": [0.0, 2000.0], "instance_name": "20_70_A_75_B9", "speed_zone_count": 73, "speed_zones": [[0.0, 15.0], [15.0, 30.0], [30.0, 45.0], [45.0, 60.0], [60.0, 75.0], [75.0, 90.0], [90.0, 105.0], [105.0, 120.0], [120.0, 135.0], [135.0, 150.0], [150.0, 165.0], [165.0, 180.0], [180.0, 195.0], [195.0, 210.0], [210.0, 225.0], [225.0, 240.0], [240.0, 255.0], [255.0, 270.0], [270.0, 285.0], [285.0, 300.0], [300.0, 315.0], [315.0, 330.0], [330.0, 345.0], [345.0, 360.0], [360.0, 375.0], [375.0, 390.0], [390.0, 405.0], [405.0, 420.0], [420.0, 435.0], [435.0, 450.0], [450.0, 465.0], [465.0, 480.0], [480.0, 495.0], [495.0, 510.0], [510.0, 525.0], [525.0, 540.0], [540.0, 555.0], [555.0, 570.0], [570.0, 585.0], [585.0, 600.0], [600.0, 615.0], [615.0, 630.0], [630.0, 645.0], [645.0, 660.0], [660.0, 675.0], [675.0, 690.0], [690.0, 705.0], [705.0, 720.0], [720.0, 735.0], [735.0, 750.0], [750.0, 765.0], [765.0, 780.0], [780.0, 795.0], [795.0, 810.0], [810.0, 825.0], [825.0, 840.0], [840.0, 855.0], [855.0, 870.0], [870.0, 885.0], [885.0, 900.0], [900.0, 915.0], [915.0, 930.0], [930.0, 945.0], [945.0, 960.0], [960.0, 975.0], [975.0, 990.0], [990.0, 1005.0], [1005.0, 1020.0], [1020.0, 1035.0], [1035.0, 1050.0], [1050.0, 1065.0], [1065.0, 1080.0], [1080.0, 2000.0]], "start_depot": 0, "time_windows": [[0.0, 1700.0], [41.0, 134.0], [86.0, 194.0], [108.0, 224.0], [127.0, 249.0], [156.0, 287.0], [183.0, 323.0], [211.0, 361.0], [253.0, 417.0], [300.0, 480.0], [342.0, 536.0], [418.0, 637.0], [441.0, 667.0], [455.0, 686.0], [468.0, 703.0], [490.0, 733.0], [511.0, 761.0], [535.0, 793.0], [554.0, 818.0], [578.0, 850.0], [613.0, 897.0], [0.0, 1700.0]], "vehicle_count": 1}