{"cluster_count": 3, "cluster_speeds": [[0.6475, 0.595, 0.6475, 0.7, 0.58275, 0.5355, 0.58275, 0.63, 0.32375, 0.2975, 0.32375, 0.35, 0.213675, 0.19635, 0.213675, 0.231, 0.259, 0.238, 0.259, 0.28, 0.3885, 0.357, 0.3885, 0.42, 0.6475, 0.595, 0.6475, 0.7, 0.37, 0.34, 0.37, 0.4, 0.30525, 0.2805, 0.30525, 0.33, 0.4625, 0.425, 0.4625, 0.5, 0.6475, 0.595, 0.6475, 0.7, 0.74, 0.68, 0.74, 0.8, 0.45325, 0.4165, 0.45325, 0.49, 0.32375, 0.2975, 0.32375, 0.35, 0.3885, 0.357, 0.3885, 0.42, 0.45325, 0.4165, 0.45325, 0.49, 0.58275, 0.5355, 0.58275, 0.63, 0.6475, 0.595, 0.6475, 0.7, 0.7], [0.74, 0.68, 0.74, 0.8, 0.666, 0.612, 0.666, 0.72, 0.37, 0.34, 0.37, 0.4, 0.2442, 0.2244, 0.2442, 0.264, 0.296, 0.272, 0.296, 0.32, 0.444, 0.408, 0.444, 0.48, 0.6475, 0.595, 0.6475, 0.7, 0.37, 0.34, 0.37, 0.4, 0.30525, 0.2805, 0.30525, 0.33, 0.4625, 0.425, 0.4625, 0.5, 0.6475, 0.595, 0.6475, 0.7, 0.74, 0.68, 0.74, 0.8, 0.518, 0.476, 0.518, 0.56, 0.37, 0.34, 0.37, 0.4, 0.444, 0.408, 0.444, 0.48, 0.518, 0.476, 0.518, 0.56, 0.666, 0.612, 0.666, 0.72, 0.74, 0.68, 0.74, 0.8, 0.8], [0.925, 0.85, 0.925, 1.0, 0.8325, 0.765, 0.8325, 0.9, 0.4625, 0.425, 0.4625, 0.5, 0.30525, 0.2805, 0.30525, 0.33, 0.37, 0.34, 0.37, 0.4, 0.555, 0.51, 0.555, 0.6, 0.6475, 0.595, 0.6475, 0.7, 0.37, 0.34, 0.37, 0.4, 0.30525, 0.2805, 0.30525, 0.33, 0.4625, 0.425, 0.4625, 0.5, 0.6475, 0.595, 0.6475, 0.7, 0.74, 0.68, 0.74, 0.8, 0.6475, 0.595, 0.6475, 0.7, 0.4625, 0.425, 0.4625, 0.5, 0.555, 0.51, 0.555, 0.6, 0.6475, 0.595, 0.6475, 0.7, 0.8325, 0.765, 0.8325, 0.9, 0.925, 0.85, 0.925, 1.0, 1.0]], "clusters": [[-1, 2, 2, 2, 2, 2, 2, 2, 2, 2, 2, 2, 2, 2, 2, 2, 2, 2, 2, 2, 2, -1], [2, -1, 2, 2, 2, 2, 2, 2, 2, 2, 2, 2, 2, 2, 2, 2, 2, 2, 2, 2, 2, 2], [2, 2, -1, 2, 2, 2, 2, 2, 2, 2, 2, 2, 2, 2, 2, 2, 2, 2, 2, 2, 2, 2], [1, 1, 1, -1, 1, 1, 1, 1, 1, 1, 1, 1, 1, 1, 1, 1, 1, 1, 1, 1, 1, 1], [2, 2, 2, 2, -1, 2, 2, 2, 2, 2, 2, 2, 2, 2, 2, 2, 2, 2, 2, 2, 2, 2], [1, 1, 1, 1, 1, -1, 1, 1, 1, 1, 1, 1, 1, 1, 1, 1, 1, 1, 1, 1, 1, 1], [1, 1, 1, 1, 1, 1, -1, 1, 1, 1, 1, 1, 1, 1, 1, 1, 1, 1, 1, 1, 1, 1], [0, 0, 0, 0, 0, 0, 0, -1, 0, 0, 0, 0, 0, 0, 0, 0, 0, 0, 0, 0, 0, 0], [1, 1, 1, 1, 1, 1, 1, 1, -1, 1, 1, 1, 1, 1, 1, 1, 1, 1, 1, 1, 1, 1], [1, 1, 1, 1, 1, 1, 1, 1, 1, -1, 1, 1, 1, 1, 1, 1, 1, 1, 1, 1, 1, 1], [0, 0, 0, 0, 0, 0, 0, 0, 0, 0, -1, 0, 0, 0, 0, 0, 0, 0, 0, 0, 0, 0], [2, 2, 2, 2, 2, 2, 2, 2, 2, 2, 2, -1, 2, 2, 2, 2, 2, 2, 2, 2, 2, 2], [0, 0, 0, 0, 0, 0, 0, 0, 0, 0, 0, 0, -1, 0, 0, 0, 0, 0, 0, 0, 0, 0], [0, 0, 0, 0, 0, 0, 0, 0, 0, 0, 0, 0, 0, -1, 0, 0, 0, 0, 0, 0, 0, 0], [2, 2, 2, 2, 2, 2, 2, 2, 2, 2, 2, 2, 2, 2, -1, 2, 2, 2, 2, 2, 2, 2], [1, 1, 1, 1, 1, 1, 1, 1, 1, 1, 1, 1, 1, 1, 1, -1, 1, 1, 1, 1, 1, 1], [1, 1, 1, 1, 1, 1, 1, 1, 1, 1, 1, 1, 1, 1, 1, 1, -1, 1, 1, 1, 1, 1], [0, 0, 0, 0, 0, 0, 0, 0, 0, 0, 0, 0, 0, 0, 0, 0, 0, -1, 0, 0, 0, 0], [2, 2, 2, 2, 2, 2, 2, 2, 2, 2, 2, 2, 2, 2, 2, 2, 2, 2, -1, 2, 2, 2], [0, 0, 0, 0, 0, 0, 0, 0, 0, 0, 0, 0, 0, 0, 0, 0, 0, 0, 0, -1, 0, 0], [0, 0, 0, 0, 0, 0, 0, 0, 0, 0, 0, 0, 0, 0, 0, 0, 0, 0, 0, 0, -1, 0], [-1, 2, 2, 2, 2, 2, 2, 2, 2, 2, 2, 2, 2, 2, 2, 2, 2, 2, 2, 2, 2, -1]], "dataset_name": "guerriero_et_al_2014b", "digraph": {"arc_count": 420, "arcs": [[0, 1, 1, 1, 1, 1, 1, 1, 1, 1, 1, 1, 1, 1, 1, 1, 1, 1, 1, 1, 1, 0], [0, 0, 1, 1, 1, 1, 1, 1, 1, 1, 1, 1, 1, 1, 1, 1, 1, 1, 1, 1, 1, 1], [0, 1, 0, 1, 1, 1, 1, 1, 1, 1, 1, 1, 1, 1, 1, 1, 1, 1, 1, 1, 1, 1], [0, 1, 1, 0, 1, 1, 1, 1, 1, 1, 1, 1, 1, 1, 1, 1, 1, 1, 1, 1, 1, 1], [0, 1, 1, 1, 0, 1, 1, 1, 1, 1, 1, 1, 1, 1, 1, 1, 1, 1, 1, 1, 1, 1], [0, 1, 1, 1, 1, 0, 1, 1, 1, 1, 1, 1, 1, 1, 1, 1, 1, 1, 1, 1, 1, 1], [0, 1, 1, 1, 1, 1, 0, 1, 1, 1, 1, 1, 1, 1, 1, 1, 1, 1, 1, 1, 1, 1], [0, 1, 1, 1, 1, 1, 1, 0, 1, 1, 1, 1, 1, 1, 1, 1, 1, 1, 1, 1, 1, 1], [0, 1, 1, 1, 1, 1, 1, 1, 0, 1, 1, 1, 1, 1, 1, 1, 1, 1, 1, 1, 1, 1], [0, 1, 1, 1, 1, 1, 1, 1, 1, 0, 1, 1, 1, 1, 1, 1, 1, 1, 1, 1, 1, 1], [0, 1, 1, 1, 1, 1, 1, 1, 1, 1, 0, 1, 1, 1, 1, 1, 1, 1, 1, 1, 1, 1], [0, 1, 1, 1, 1, 1, 1, 1, 1, 1, 1, 0, 1, 1, 1, 1, 1, 1, 1, 1, 1, 1], [0, 1, 1, 1, 1, 1, 1, 1, 1, 1, 1, 1, 0, 1, 1, 1, 1, 1, 1, 1, 1, 1], [0, 1, 1, 1, 1, 1, 1, 1, 1, 1, 1, 1, 1, 0, 1, 1, 1, 1, 1, 1, 1, 1], [0, 1, 1, 1, 1, 1, 1, 1, 1, 1, 1, 1, 1, 1, 0, 1, 1, 1, 1, 1, 1, 1], [0, 1, 1, 1, 1, 1, 1, 1, 1, 1, 1, 1, 1, 1, 1, 0, 1, 1, 1, 1, 1, 1], [0, 1, 1, 1, 1, 1, 1, 1, 1, 1, 1, 1, 1, 1, 1, 1, 0, 1, 1, 1, 1, 1], [0, 1, 1, 1, 1, 1, 1, 1, 1, 1, 1, 1, 1, 1, 1, 1, 1, 0, 1, 1, 1, 1], [0, 1, 1, 1, 1, 1, 1, 1, 1, 1, 1, 1, 1, 1, 1, 1, 1, 1, 0, 1, 1, 1], [0, 1, 1, 1, 1, 1, 1, 1, 1, 1, 1, 1, 1, 1, 1, 1, 1, 1, 1, 0, 1, 1], [0, 1, 1, 1, 1, 1, 1, 1, 1, 1, 1, 1, 1, 1, 1, 1, 1, 1, 1, 1, 0, 1], [0, 0, 0, 0, 0, 0, 0, 0, 0, 0, 0, 0, 0, 0, 0, 0, 0, 0, 0, 0, 0, 0]], "vertex_count": 22}, "distances": [[0, 61.71, 47.23, 76.51, 95.75, 53.19, 50.87, 65.32, 93.68, 74.45, 65.32, 48.91, 74.15, 72.85, 80.76, 73.88, 86.39, 81.1, 47.56, 80.61, 63.17, 0], [0, 0.0, 14.58, 43.79, 46.57, 24.24, 14.28, 27.5, 49.82, 46.68, 15.37, 13.03, 23.64, 25.48, 54.63, 15.54, 36.06, 31.04, 16.28, 32.85, 27.31, 61.71], [0, 14.58, 0.0, 47.87, 56.99, 22.22, 10.35, 31.32, 58.44, 49.26, 23.39, 13.74, 33.21, 33.69, 57.42, 28.58, 46.45, 41.02, 8.55, 41.96, 30.11, 47.23], [0, 43.79, 47.87, 0.0, 25.32, 26.9, 37.53, 16.74, 19.18, 5.41, 28.52, 43.85, 23.44, 20.11, 11.28, 34.8, 22.33, 21.29, 39.95, 18.16, 17.76, 76.51], [0, 46.57, 56.99, 25.32, 0.0, 42.58, 48.14, 30.46, 8.91, 30.48, 33.61, 53.23, 23.79, 23.71, 32.22, 31.67, 10.59, 15.97, 51.45, 15.42, 32.64, 95.75], [0, 24.24, 22.22, 26.9, 42.58, 0.0, 12.29, 12.29, 41.21, 27.44, 15.46, 18.46, 21.89, 19.95, 35.52, 26.13, 33.29, 28.13, 13.75, 27.44, 10.26, 53.19], [0, 14.28, 10.35, 37.53, 48.14, 12.29, 0.0, 21.06, 48.82, 38.94, 15.0, 6.37, 24.65, 24.47, 47.1, 23.05, 37.81, 32.31, 11.56, 32.82, 19.77, 50.87], [0, 27.5, 31.32, 16.74, 30.46, 12.29, 21.06, 0.0, 28.96, 19.19, 12.84, 27.28, 12.87, 9.73, 27.19, 21.79, 21.73, 17.04, 23.76, 15.71, 21.42, 65.32], [0, 49.82, 58.44, 19.18, 8.91, 41.21, 48.82, 28.96, 0.0, 23.77, 35.42, 54.49, 26.19, 24.87, 24.08, 36.08, 15.01, 19.0, 51.92, 16.97, 30.95, 93.68], [0, 46.68, 49.26, 5.41, 30.48, 27.44, 38.94, 19.19, 23.77, 0.0, 31.75, 45.31, 27.86, 24.39, 8.16, 39.0, 27.73, 26.45, 41.02, 23.37, 19.65, 74.45], [0, 15.37, 23.39, 28.52, 33.61, 15.46, 15.0, 12.84, 35.42, 31.75, 0.0, 19.64, 9.84, 10.57, 39.52, 10.7, 23.1, 17.64, 18.42, 18.66, 13.29, 65.32], [0, 13.03, 13.74, 43.85, 53.23, 18.46, 6.37, 27.28, 54.49, 45.31, 19.64, 0.0, 29.48, 29.8, 53.47, 25.66, 42.73, 37.27, 5.19, 38.11, 26.08, 48.91], [0, 23.64, 33.21, 23.44, 23.79, 21.89, 24.65, 12.87, 26.19, 27.86, 9.84, 29.48, 0.0, 16.06, 34.71, 11.46, 13.26, 7.81, 28.03, 9.22, 14.66, 74.15], [0, 25.48, 33.69, 20.11, 23.71, 19.95, 24.47, 9.73, 24.87, 24.39, 10.57, 29.8, 16.06, 0.0, 31.39, 14.69, 13.62, 8.25, 27.76, 8.34, 11.69, 72.85], [0, 54.63, 57.42, 11.28, 32.22, 35.52, 47.1, 27.19, 24.08, 8.16, 39.52, 53.47, 34.71, 31.39, 0.0, 46.08, 32.06, 31.98, 49.15, 28.8, 27.76, 80.76], [0, 15.54, 28.58, 34.8, 31.67, 26.13, 23.05, 21.79, 36.08, 39.0, 10.7, 25.66, 11.46, 14.69, 46.08, 0.0, 21.46, 17.13, 26.32, 19.66, 22.87, 73.88], [0, 36.06, 46.45, 22.33, 10.59, 33.29, 37.81, 21.73, 15.01, 27.73, 23.1, 42.73, 13.26, 13.62, 32.06, 21.46, 0.0, 5.49, 41.16, 6.04, 23.93, 86.39], [0, 31.04, 41.02, 21.29, 15.97, 28.13, 32.31, 17.04, 19.0, 26.45, 17.64, 37.27, 7.81, 8.25, 31.98, 17.13, 5.49, 0.0, 35.66, 11.54, 19.19, 81.1], [0, 16.28, 8.55, 39.95, 51.45, 13.75, 11.56, 23.76, 51.92, 41.02, 18.42, 5.19, 28.03, 27.76, 49.15, 26.32, 41.16, 35.66, 0.0, 36.09, 22.3, 47.56], [0, 32.85, 41.96, 18.16, 15.42, 27.44, 32.82, 15.71, 16.97, 23.37, 18.66, 38.11, 9.22, 8.34, 28.8, 19.66, 6.04, 11.54, 36.09, 0.0, 17.91, 80.61], [0, 27.31, 30.11, 17.76, 32.64, 10.26, 19.77, 21.42, 30.95, 19.65, 13.29, 26.08, 14.66, 11.69, 27.76, 22.87, 23.93, 19.19, 22.3, 17.91, 0.0, 63.17], [0, 0, 0, 0, 0, 0, 0, 0, 0, 0, 0, 0, 0, 0, 0, 0, 0, 0, 0, 0, 0, 0]], "end_depot": 21, "horizon": [0.0, 2000.0], "instance_name": "20_70_B_0_C2", "speed_zone_count": 73, "speed_zones": [[0.0, 15.0], [15.0, 30.0], [30.0, 45.0], [45.0, 60.0], [60.0, 75.0], [75.0, 90.0], [90.0, 105.0], [105.0, 120.0], [120.0, 135.0], [135.0, 150.0], [150.0, 165.0], [165.0, 180.0], [180.0, 195.0], [195.0, 210.0], [210.0, 225.0], [225.0, 240.0], [240.0, 255.0], [255.0, 270.0], [270.0, 285.0], [285.0, 300.0], [300.0, 315.0], [315.0, 330.0], [330.0, 345.0], [345.0, 360.0], [360.0, 375.0], [375.0, 390.0], [390.0, 405.0], [405.0, 420.0], [420.0, 435.0], [435.0, 450.0], [450.0, 465.0], [465.0, 480.0], [480.0, 495.0], [495.0, 510.0], [510.0, 525.0], [525.0, 540.0], [540.0, 555.0], [555.0, 570.0], [570.0, 585.0], [585.0, 600.0], [600.0, 615.0], [615.0, 630.0], [630.0, 645.0], [645.0, 660.0], [660.0, 675.0], [675.0, 690.0], [690.0, 705.0], [705.0, 720.0], [720.0, 735.0], [735.0, 750.0], [750.0, 765.0], [765.0, 780.0], [780.0, 795.0], [795.0, 810.0], [810.0, 825.0], [825.0, 840.0], [840.0, 855.0], [855.0, 870.0], [870.0, 885.0], [885.0, 900.0], [900.0, 915.0], [915.0, 930.0], [930.0, 945.0], [945.0, 960.0], [960.0, 975.0], [975.0, 990.0], [990.0, 1005.0], [1005.0, 1020.0], [1020.0, 1035.0], [1035.0, 1050.0], [1050.0, 1065.0], [1065.0, 1080.0], [1080.0, 2000.0]], "start_depot": 0, "time_windows": [[0.0, 1700.0], [0.0, 108.0], [0.0, 126.0], [0.0, 202.0], [0.0, 292.0], [0.0, 386.0], [0.0, 409.0], [0.0, 443.0], [0.0, 506.0], [0.0, 580.0], [0.0, 646.0], [0.0, 678.0], [0.0, 720.0], [0.0, 742.0], [0.0, 800.0], [0.0, 888.0], [0.0, 936.0], [0.0, 947.0], [0.0, 1021.0], [0.0, 1063.0], [0.0, 1092.0], [0.0, 1700.0]], "vehicle_count": 1}