{"cluster_count": 3, "cluster_speeds": [[0.74, 0.68, 0.74, 0.8, 0.666, 0.612, 0.666, 0.72, 0.37, 0.34, 0.37, 0.4, 0.2442, 0.2244, 0.2442, 0.264, 0.296, 0.272, 0.296, 0.32, 0.444, 0.408, 0.444, 0.48, 0.6475, 0.595, 0.6475, 0.7, 0.37, 0.34, 0.37, 0.4, 0.30525, 0.2805, 0.30525, 0.33, 0.4625, 0.425, 0.4625, 0.5, 0.6475, 0.595, 0.6475, 0.7, 0.74, 0.68, 0.74, 0.8, 0.518, 0.476, 0.518, 0.56, 0.37, 0.34, 0.37, 0.4, 0.444, 0.408, 0.444, 0.48, 0.518, 0.476, 0.518, 0.56, 0.666, 0.612, 0.666, 0.72, 0.74, 0.68, 0.74, 0.8, 0.8], [0.8325, 0.765, 0.8325, 0.9, 0.74925, 0.6885, 0.74925, 0.81, 0.41625, 0.3825, 0.41625, 0.45, 0.274725, 0.25245, 0.274725, 0.297, 0.333, 0.306, 0.333, 0.36, 0.4995, 0.459, 0.4995, 0.54, 0.6475, 0.595, 0.6475, 0.7, 0.37, 0.34, 0.37, 0.4, 0.30525, 0.2805, 0.30525, 0.33, 0.4625, 0.425, 0.4625, 0.5, 0.6475, 0.595, 0.6475, 0.7, 0.74, 0.68, 0.74, 0.8, 0.58275, 0.5355, 0.58275, 0.63, 0.41625, 0.3825, 0.41625, 0.45, 0.4995, 0.459, 0.4995, 0.54, 0.58275, 0.5355, 0.58275, 0.63, 0.74925, 0.6885, 0.74925, 0.81, 0.8325, 0.765, 0.8325, 0.9, 0.9], [0.925, 0.85, 0.925, 1.0, 0.8325, 0.765, 0.8325, 0.9, 0.4625, 0.425, 0.4625, 0.5, 0.30525, 0.2805, 0.30525, 0.33, 0.37, 0.34, 0.37, 0.4, 0.555, 0.51, 0.555, 0.6, 0.6475, 0.595, 0.6475, 0.7, 0.37, 0.34, 0.37, 0.4, 0.30525, 0.2805, 0.30525, 0.33, 0.4625, 0.425, 0.4625, 0.5, 0.6475, 0.595, 0.6475, 0.7, 0.74, 0.68, 0.74, 0.8, 0.6475, 0.595, 0.6475, 0.7, 0.4625, 0.425, 0.4625, 0.5, 0.555, 0.51, 0.555, 0.6, 0.6475, 0.595, 0.6475, 0.7, 0.8325, 0.765, 0.8325, 0.9, 0.925, 0.85, 0.925, 1.0, 1.0]], "clusters": [[-1, 2, 2, 2, 2, 2, 2, 2, 2, 2, 2, 2, 2, 2, 2, 2, 2, 2, 2, 2, 2, -1], [1, -1, 1, 1, 1, 1, 1, 1, 1, 1, 1, 1, 1, 1, 1, 1, 1, 1, 1, 1, 1, 1], [0, 0, -1, 0, 0, 0, 0, 0, 0, 0, 0, 0, 0, 0, 0, 0, 0, 0, 0, 0, 0, 0], [0, 0, 0, -1, 0, 0, 0, 0, 0, 0, 0, 0, 0, 0, 0, 0, 0, 0, 0, 0, 0, 0], [1, 1, 1, 1, -1, 1, 1, 1, 1, 1, 1, 1, 1, 1, 1, 1, 1, 1, 1, 1, 1, 1], [0, 0, 0, 0, 0, -1, 0, 0, 0, 0, 0, 0, 0, 0, 0, 0, 0, 0, 0, 0, 0, 0], [0, 0, 0, 0, 0, 0, -1, 0, 0, 0, 0, 0, 0, 0, 0, 0, 0, 0, 0, 0, 0, 0], [1, 1, 1, 1, 1, 1, 1, -1, 1, 1, 1, 1, 1, 1, 1, 1, 1, 1, 1, 1, 1, 1], [0, 0, 0, 0, 0, 0, 0, 0, -1, 0, 0, 0, 0, 0, 0, 0, 0, 0, 0, 0, 0, 0], [0, 0, 0, 0, 0, 0, 0, 0, 0, -1, 0, 0, 0, 0, 0, 0, 0, 0, 0, 0, 0, 0], [0, 0, 0, 0, 0, 0, 0, 0, 0, 0, -1, 0, 0, 0, 0, 0, 0, 0, 0, 0, 0, 0], [1, 1, 1, 1, 1, 1, 1, 1, 1, 1, 1, -1, 1, 1, 1, 1, 1, 1, 1, 1, 1, 1], [0, 0, 0, 0, 0, 0, 0, 0, 0, 0, 0, 0, -1, 0, 0, 0, 0, 0, 0, 0, 0, 0], [0, 0, 0, 0, 0, 0, 0, 0, 0, 0, 0, 0, 0, -1, 0, 0, 0, 0, 0, 0, 0, 0], [1, 1, 1, 1, 1, 1, 1, 1, 1, 1, 1, 1, 1, 1, -1, 1, 1, 1, 1, 1, 1, 1], [0, 0, 0, 0, 0, 0, 0, 0, 0, 0, 0, 0, 0, 0, 0, -1, 0, 0, 0, 0, 0, 0], [0, 0, 0, 0, 0, 0, 0, 0, 0, 0, 0, 0, 0, 0, 0, 0, -1, 0, 0, 0, 0, 0], [1, 1, 1, 1, 1, 1, 1, 1, 1, 1, 1, 1, 1, 1, 1, 1, 1, -1, 1, 1, 1, 1], [0, 0, 0, 0, 0, 0, 0, 0, 0, 0, 0, 0, 0, 0, 0, 0, 0, 0, -1, 0, 0, 0], [1, 1, 1, 1, 1, 1, 1, 1, 1, 1, 1, 1, 1, 1, 1, 1, 1, 1, 1, -1, 1, 1], [0, 0, 0, 0, 0, 0, 0, 0, 0, 0, 0, 0, 0, 0, 0, 0, 0, 0, 0, 0, -1, 0], [-1, 2, 2, 2, 2, 2, 2, 2, 2, 2, 2, 2, 2, 2, 2, 2, 2, 2, 2, 2, 2, -1]], "dataset_name": "guerriero_et_al_2014b", "digraph": {"arc_count": 420, "arcs": [[0, 1, 1, 1, 1, 1, 1, 1, 1, 1, 1, 1, 1, 1, 1, 1, 1, 1, 1, 1, 1, 0], [0, 0, 1, 1, 1, 1, 1, 1, 1, 1, 1, 1, 1, 1, 1, 1, 1, 1, 1, 1, 1, 1], [0, 1, 0, 1, 1, 1, 1, 1, 1, 1, 1, 1, 1, 1, 1, 1, 1, 1, 1, 1, 1, 1], [0, 1, 1, 0, 1, 1, 1, 1, 1, 1, 1, 1, 1, 1, 1, 1, 1, 1, 1, 1, 1, 1], [0, 1, 1, 1, 0, 1, 1, 1, 1, 1, 1, 1, 1, 1, 1, 1, 1, 1, 1, 1, 1, 1], [0, 1, 1, 1, 1, 0, 1, 1, 1, 1, 1, 1, 1, 1, 1, 1, 1, 1, 1, 1, 1, 1], [0, 1, 1, 1, 1, 1, 0, 1, 1, 1, 1, 1, 1, 1, 1, 1, 1, 1, 1, 1, 1, 1], [0, 1, 1, 1, 1, 1, 1, 0, 1, 1, 1, 1, 1, 1, 1, 1, 1, 1, 1, 1, 1, 1], [0, 1, 1, 1, 1, 1, 1, 1, 0, 1, 1, 1, 1, 1, 1, 1, 1, 1, 1, 1, 1, 1], [0, 1, 1, 1, 1, 1, 1, 1, 1, 0, 1, 1, 1, 1, 1, 1, 1, 1, 1, 1, 1, 1], [0, 1, 1, 1, 1, 1, 1, 1, 1, 1, 0, 1, 1, 1, 1, 1, 1, 1, 1, 1, 1, 1], [0, 1, 1, 1, 1, 1, 1, 1, 1, 1, 1, 0, 1, 1, 1, 1, 1, 1, 1, 1, 1, 1], [0, 1, 1, 1, 1, 1, 1, 1, 1, 1, 1, 1, 0, 1, 1, 1, 1, 1, 1, 1, 1, 1], [0, 1, 1, 1, 1, 1, 1, 1, 1, 1, 1, 1, 1, 0, 1, 1, 1, 1, 1, 1, 1, 1], [0, 1, 1, 1, 1, 1, 1, 1, 1, 1, 1, 1, 1, 1, 0, 1, 1, 1, 1, 1, 1, 1], [0, 1, 1, 1, 1, 1, 1, 1, 1, 1, 1, 1, 1, 1, 1, 0, 1, 1, 1, 1, 1, 1], [0, 1, 1, 1, 1, 1, 1, 1, 1, 1, 1, 1, 1, 1, 1, 1, 0, 1, 1, 1, 1, 1], [0, 1, 1, 1, 1, 1, 1, 1, 1, 1, 1, 1, 1, 1, 1, 1, 1, 0, 1, 1, 1, 1], [0, 1, 1, 1, 1, 1, 1, 1, 1, 1, 1, 1, 1, 1, 1, 1, 1, 1, 0, 1, 1, 1], [0, 1, 1, 1, 1, 1, 1, 1, 1, 1, 1, 1, 1, 1, 1, 1, 1, 1, 1, 0, 1, 1], [0, 1, 1, 1, 1, 1, 1, 1, 1, 1, 1, 1, 1, 1, 1, 1, 1, 1, 1, 1, 0, 1], [0, 0, 0, 0, 0, 0, 0, 0, 0, 0, 0, 0, 0, 0, 0, 0, 0, 0, 0, 0, 0, 0]], "vertex_count": 22}, "distances": [[0, 80.02, 63.3, 70.03, 63.69, 69.6, 64.53, 86.7, 59.47, 74.62, 68.31, 85.2, 70.82, 63.6, 55.16, 72.56, 65.72, 80.36, 71.08, 55.29, 69.26, 0], [0, 0.0, 29.32, 11.33, 32.79, 14.45, 22.37, 12.59, 23.73, 5.56, 17.21, 7.12, 12.81, 19.11, 34.38, 15.25, 17.27, 9.82, 25.7, 27.74, 15.18, 80.02], [0, 29.32, 0.0, 19.05, 17.05, 15.02, 7.45, 28.17, 10.98, 24.83, 12.19, 30.05, 16.61, 12.86, 8.22, 14.52, 13.51, 36.88, 7.89, 11.98, 14.27, 63.3], [0, 11.33, 19.05, 0.0, 22.81, 4.4, 11.69, 17.25, 12.4, 6.04, 7.08, 15.21, 11.22, 7.78, 23.22, 7.78, 6.03, 17.83, 17.58, 16.46, 5.1, 70.03], [0, 32.79, 17.05, 22.81, 0.0, 18.67, 11.3, 30.63, 14.68, 28.49, 15.84, 33.03, 20.22, 16.75, 8.88, 17.72, 17.37, 40.61, 9.15, 15.09, 17.92, 63.69], [0, 14.45, 15.02, 4.4, 18.67, 0.0, 7.92, 17.11, 10.42, 9.82, 11.22, 16.64, 13.33, 6.01, 20.06, 12.19, 10.43, 21.97, 13.19, 14.71, 9.5, 69.6], [0, 22.37, 7.45, 11.69, 11.3, 7.92, 0.0, 23.33, 6.04, 17.59, 5.22, 24.05, 9.57, 5.71, 12.33, 8.73, 6.07, 29.51, 9.22, 9.48, 7.2, 64.53], [0, 12.59, 28.17, 17.25, 30.63, 17.11, 23.33, 0.0, 27.42, 15.03, 18.68, 6.12, 15.9, 23.12, 35.35, 14.62, 20.98, 21.81, 21.73, 31.69, 17.48, 86.7], [0, 23.73, 10.98, 12.4, 14.68, 10.42, 6.04, 27.42, 0.0, 18.33, 8.85, 26.97, 11.87, 4.66, 11.55, 13.09, 6.7, 29.13, 15.11, 4.29, 9.96, 59.47], [0, 5.56, 24.83, 6.04, 28.49, 9.82, 17.59, 15.03, 18.33, 0.0, 12.65, 11.1, 8.29, 13.77, 29.27, 11.78, 12.07, 12.23, 22.32, 22.26, 10.57, 74.62], [0, 17.21, 12.19, 7.08, 15.84, 11.22, 5.22, 18.68, 8.85, 12.65, 0.0, 18.92, 4.43, 5.21, 17.51, 4.26, 9.62, 24.78, 10.8, 13.07, 10.9, 68.31], [0, 7.12, 30.05, 15.21, 33.03, 16.64, 24.05, 6.12, 26.97, 11.1, 18.92, 0.0, 15.11, 22.36, 36.38, 15.58, 20.26, 15.76, 24.74, 31.22, 17.22, 85.2], [0, 12.81, 16.61, 11.22, 20.22, 13.33, 9.57, 15.9, 11.87, 8.29, 4.43, 15.11, 0.0, 7.33, 21.7, 4.4, 5.2, 20.49, 14.34, 16.15, 13.01, 70.82], [0, 19.11, 12.86, 7.78, 16.75, 6.01, 5.71, 23.12, 4.66, 13.77, 5.21, 22.36, 7.33, 0.0, 15.62, 9.32, 11.36, 24.97, 14.43, 8.86, 5.68, 63.6], [0, 34.38, 8.22, 23.22, 8.88, 20.06, 12.33, 35.35, 11.55, 29.27, 17.51, 36.38, 21.7, 15.62, 0.0, 20.95, 17.19, 40.56, 16.11, 9.38, 19.38, 55.16], [0, 15.25, 14.52, 7.78, 17.72, 12.19, 8.73, 14.62, 13.09, 11.78, 4.26, 15.58, 4.4, 9.32, 20.95, 0.0, 7.4, 23.93, 10.58, 17.29, 12.89, 72.56], [0, 17.27, 13.51, 6.03, 17.37, 10.43, 6.07, 20.98, 6.7, 12.07, 9.62, 20.26, 5.2, 11.36, 17.19, 7.4, 0.0, 23.64, 13.85, 10.96, 11.13, 65.72], [0, 9.82, 36.88, 17.83, 40.61, 21.97, 29.51, 21.81, 29.13, 12.23, 24.78, 15.76, 20.49, 24.97, 40.56, 23.93, 23.64, 0.0, 34.5, 32.51, 22.72, 80.36], [0, 25.7, 7.89, 17.58, 9.15, 13.19, 9.22, 21.73, 15.11, 22.32, 10.8, 24.74, 14.34, 14.43, 16.11, 10.58, 13.85, 34.5, 0.0, 17.81, 12.53, 71.08], [0, 27.74, 11.98, 16.46, 15.09, 14.71, 9.48, 31.69, 4.29, 22.26, 13.07, 31.22, 16.15, 8.86, 9.38, 17.29, 10.96, 32.51, 17.81, 0.0, 14.25, 55.29], [0, 15.18, 14.27, 5.1, 17.92, 9.5, 7.2, 17.48, 9.96, 10.57, 10.9, 17.22, 13.01, 5.68, 19.38, 12.89, 11.13, 22.72, 12.53, 14.25, 0.0, 69.26], [0, 0, 0, 0, 0, 0, 0, 0, 0, 0, 0, 0, 0, 0, 0, 0, 0, 0, 0, 0, 0, 0]], "end_depot": 21, "horizon": [0.0, 2000.0], "instance_name": "20_80_B_75_A1", "speed_zone_count": 73, "speed_zones": [[0.0, 15.0], [15.0, 30.0], [30.0, 45.0], [45.0, 60.0], [60.0, 75.0], [75.0, 90.0], [90.0, 105.0], [105.0, 120.0], [120.0, 135.0], [135.0, 150.0], [150.0, 165.0], [165.0, 180.0], [180.0, 195.0], [195.0, 210.0], [210.0, 225.0], [225.0, 240.0], [240.0, 255.0], [255.0, 270.0], [270.0, 285.0], [285.0, 300.0], [300.0, 315.0], [315.0, 330.0], [330.0, 345.0], [345.0, 360.0], [360.0, 375.0], [375.0, 390.0], [390.0, 405.0], [405.0, 420.0], [420.0, 435.0], [435.0, 450.0], [450.0, 465.0], [465.0, 480.0], [480.0, 495.0], [495.0, 510.0], [510.0, 525.0], [525.0, 540.0], [540.0, 555.0], [555.0, 570.0], [570.0, 585.0], [585.0, 600.0], [600.0, 615.0], [615.0, 630.0], [630.0, 645.0], [645.0, 660.0], [660.0, 675.0], [675.0, 690.0], [690.0, 705.0], [705.0, 720.0], [720.0, 735.0], [735.0, 750.0], [750.0, 765.0], [765.0, 780.0], [780.0, 795.0], [795.0, 810.0], [810.0, 825.0], [825.0, 840.0], [840.0, 855.0], [855.0, 870.0], [870.0, 885.0], [885.0, 900.0], [900.0, 915.0], [915.0, 930.0], [930.0, 945.0], [945.0, 960.0], [960.0, 975.0], [975.0, 990.0], [990.0, 1005.0], [1005.0, 1020.0], [1020.0, 1035.0], [1035.0, 1050.0], [1050.0, 1065.0], [1065.0, 1080.0], [1080.0, 2000.0]], "start_depot": 0, "time_windows": [[0.0, 1700.0], [39.0, 131.0], [72.0, 176.0], [114.0, 231.0], [179.0, 318.0], [213.0, 363.0], [226.0, 381.0], [258.0, 423.0], [291.0, 468.0], [329.0, 518.0], [360.0, 559.0], [396.0, 608.0], [420.0, 639.0], [429.0, 651.0], [447.0, 676.0], [471.0, 707.0], [478.0, 717.0], [502.0, 749.0], [545.0, 806.0], [576.0, 847.0], [601.0, 881.0], [0.0, 1700.0]], "vehicle_count": 1}