{"cluster_count": 3, "cluster_speeds": [[0.925, 0.85, 0.925, 1.0, 0.8325, 0.765, 0.8325, 0.9, 0.4625, 0.425, 0.4625, 0.5, 0.30525, 0.2805, 0.30525, 0.33, 0.37, 0.34, 0.37, 0.4, 0.555, 0.51, 0.555, 0.6, 0.6475, 0.595, 0.6475, 0.7, 0.37, 0.34, 0.37, 0.4, 0.30525, 0.2805, 0.30525, 0.33, 0.4625, 0.425, 0.4625, 0.5, 0.6475, 0.595, 0.6475, 0.7, 0.74, 0.68, 0.74, 0.8, 0.6475, 0.595, 0.6475, 0.7, 0.4625, 0.425, 0.4625, 0.5, 0.555, 0.51, 0.555, 0.6, 0.6475, 0.595, 0.6475, 0.7, 0.8325, 0.765, 0.8325, 0.9, 0.925, 0.85, 0.925, 1.0, 1.0], [0.74, 0.68, 0.74, 0.8, 0.666, 0.612, 0.666, 0.72, 0.37, 0.34, 0.37, 0.4, 0.2442, 0.2244, 0.2442, 0.264, 0.296, 0.272, 0.296, 0.32, 0.444, 0.408, 0.444, 0.48, 0.6475, 0.595, 0.6475, 0.7, 0.37, 0.34, 0.37, 0.4, 0.30525, 0.2805, 0.30525, 0.33, 0.4625, 0.425, 0.4625, 0.5, 0.6475, 0.595, 0.6475, 0.7, 0.74, 0.68, 0.74, 0.8, 0.518, 0.476, 0.518, 0.56, 0.37, 0.34, 0.37, 0.4, 0.444, 0.408, 0.444, 0.48, 0.518, 0.476, 0.518, 0.56, 0.666, 0.612, 0.666, 0.72, 0.74, 0.68, 0.74, 0.8, 0.8], [0.87875, 0.8075, 0.87875, 0.95, 0.790875, 0.72675, 0.790875, 0.855, 0.439375, 0.40375, 0.439375, 0.475, 0.289988, 0.266475, 0.289988, 0.3135, 0.3515, 0.323, 0.3515, 0.38, 0.52725, 0.4845, 0.52725, 0.57, 0.6475, 0.595, 0.6475, 0.7, 0.37, 0.34, 0.37, 0.4, 0.30525, 0.2805, 0.30525, 0.33, 0.4625, 0.425, 0.4625, 0.5, 0.6475, 0.595, 0.6475, 0.7, 0.74, 0.68, 0.74, 0.8, 0.615125, 0.56525, 0.615125, 0.665, 0.439375, 0.40375, 0.439375, 0.475, 0.52725, 0.4845, 0.52725, 0.57, 0.615125, 0.56525, 0.615125, 0.665, 0.790875, 0.72675, 0.790875, 0.855, 0.87875, 0.8075, 0.87875, 0.95, 0.95]], "clusters": [[-1, 2, 2, 2, 2, 2, 2, 2, 2, 2, 2, 2, 2, 2, 2, 2, 2, 2, 2, 2, 2, -1], [2, -1, 2, 2, 2, 2, 2, 2, 2, 2, 2, 2, 2, 2, 2, 2, 2, 2, 2, 2, 2, 2], [0, 0, -1, 0, 0, 0, 0, 0, 0, 0, 0, 0, 0, 0, 0, 0, 0, 0, 0, 0, 0, 0], [2, 2, 2, -1, 2, 2, 2, 2, 2, 2, 2, 2, 2, 2, 2, 2, 2, 2, 2, 2, 2, 2], [0, 0, 0, 0, -1, 0, 0, 0, 0, 0, 0, 0, 0, 0, 0, 0, 0, 0, 0, 0, 0, 0], [0, 0, 0, 0, 0, -1, 0, 0, 0, 0, 0, 0, 0, 0, 0, 0, 0, 0, 0, 0, 0, 0], [2, 2, 2, 2, 2, 2, -1, 2, 2, 2, 2, 2, 2, 2, 2, 2, 2, 2, 2, 2, 2, 2], [0, 0, 0, 0, 0, 0, 0, -1, 0, 0, 0, 0, 0, 0, 0, 0, 0, 0, 0, 0, 0, 0], [1, 1, 1, 1, 1, 1, 1, 1, -1, 1, 1, 1, 1, 1, 1, 1, 1, 1, 1, 1, 1, 1], [1, 1, 1, 1, 1, 1, 1, 1, 1, -1, 1, 1, 1, 1, 1, 1, 1, 1, 1, 1, 1, 1], [1, 1, 1, 1, 1, 1, 1, 1, 1, 1, -1, 1, 1, 1, 1, 1, 1, 1, 1, 1, 1, 1], [0, 0, 0, 0, 0, 0, 0, 0, 0, 0, 0, -1, 0, 0, 0, 0, 0, 0, 0, 0, 0, 0], [2, 2, 2, 2, 2, 2, 2, 2, 2, 2, 2, 2, -1, 2, 2, 2, 2, 2, 2, 2, 2, 2], [2, 2, 2, 2, 2, 2, 2, 2, 2, 2, 2, 2, 2, -1, 2, 2, 2, 2, 2, 2, 2, 2], [0, 0, 0, 0, 0, 0, 0, 0, 0, 0, 0, 0, 0, 0, -1, 0, 0, 0, 0, 0, 0, 0], [0, 0, 0, 0, 0, 0, 0, 0, 0, 0, 0, 0, 0, 0, 0, -1, 0, 0, 0, 0, 0, 0], [2, 2, 2, 2, 2, 2, 2, 2, 2, 2, 2, 2, 2, 2, 2, 2, -1, 2, 2, 2, 2, 2], [0, 0, 0, 0, 0, 0, 0, 0, 0, 0, 0, 0, 0, 0, 0, 0, 0, -1, 0, 0, 0, 0], [1, 1, 1, 1, 1, 1, 1, 1, 1, 1, 1, 1, 1, 1, 1, 1, 1, 1, -1, 1, 1, 1], [1, 1, 1, 1, 1, 1, 1, 1, 1, 1, 1, 1, 1, 1, 1, 1, 1, 1, 1, -1, 1, 1], [2, 2, 2, 2, 2, 2, 2, 2, 2, 2, 2, 2, 2, 2, 2, 2, 2, 2, 2, 2, -1, 2], [-1, 2, 2, 2, 2, 2, 2, 2, 2, 2, 2, 2, 2, 2, 2, 2, 2, 2, 2, 2, 2, -1]], "dataset_name": "guerriero_et_al_2014b", "digraph": {"arc_count": 420, "arcs": [[0, 1, 1, 1, 1, 1, 1, 1, 1, 1, 1, 1, 1, 1, 1, 1, 1, 1, 1, 1, 1, 0], [0, 0, 1, 1, 1, 1, 1, 1, 1, 1, 1, 1, 1, 1, 1, 1, 1, 1, 1, 1, 1, 1], [0, 1, 0, 1, 1, 1, 1, 1, 1, 1, 1, 1, 1, 1, 1, 1, 1, 1, 1, 1, 1, 1], [0, 1, 1, 0, 1, 1, 1, 1, 1, 1, 1, 1, 1, 1, 1, 1, 1, 1, 1, 1, 1, 1], [0, 1, 1, 1, 0, 1, 1, 1, 1, 1, 1, 1, 1, 1, 1, 1, 1, 1, 1, 1, 1, 1], [0, 1, 1, 1, 1, 0, 1, 1, 1, 1, 1, 1, 1, 1, 1, 1, 1, 1, 1, 1, 1, 1], [0, 1, 1, 1, 1, 1, 0, 1, 1, 1, 1, 1, 1, 1, 1, 1, 1, 1, 1, 1, 1, 1], [0, 1, 1, 1, 1, 1, 1, 0, 1, 1, 1, 1, 1, 1, 1, 1, 1, 1, 1, 1, 1, 1], [0, 1, 1, 1, 1, 1, 1, 1, 0, 1, 1, 1, 1, 1, 1, 1, 1, 1, 1, 1, 1, 1], [0, 1, 1, 1, 1, 1, 1, 1, 1, 0, 1, 1, 1, 1, 1, 1, 1, 1, 1, 1, 1, 1], [0, 1, 1, 1, 1, 1, 1, 1, 1, 1, 0, 1, 1, 1, 1, 1, 1, 1, 1, 1, 1, 1], [0, 1, 1, 1, 1, 1, 1, 1, 1, 1, 1, 0, 1, 1, 1, 1, 1, 1, 1, 1, 1, 1], [0, 1, 1, 1, 1, 1, 1, 1, 1, 1, 1, 1, 0, 1, 1, 1, 1, 1, 1, 1, 1, 1], [0, 1, 1, 1, 1, 1, 1, 1, 1, 1, 1, 1, 1, 0, 1, 1, 1, 1, 1, 1, 1, 1], [0, 1, 1, 1, 1, 1, 1, 1, 1, 1, 1, 1, 1, 1, 0, 1, 1, 1, 1, 1, 1, 1], [0, 1, 1, 1, 1, 1, 1, 1, 1, 1, 1, 1, 1, 1, 1, 0, 1, 1, 1, 1, 1, 1], [0, 1, 1, 1, 1, 1, 1, 1, 1, 1, 1, 1, 1, 1, 1, 1, 0, 1, 1, 1, 1, 1], [0, 1, 1, 1, 1, 1, 1, 1, 1, 1, 1, 1, 1, 1, 1, 1, 1, 0, 1, 1, 1, 1], [0, 1, 1, 1, 1, 1, 1, 1, 1, 1, 1, 1, 1, 1, 1, 1, 1, 1, 0, 1, 1, 1], [0, 1, 1, 1, 1, 1, 1, 1, 1, 1, 1, 1, 1, 1, 1, 1, 1, 1, 1, 0, 1, 1], [0, 1, 1, 1, 1, 1, 1, 1, 1, 1, 1, 1, 1, 1, 1, 1, 1, 1, 1, 1, 0, 1], [0, 0, 0, 0, 0, 0, 0, 0, 0, 0, 0, 0, 0, 0, 0, 0, 0, 0, 0, 0, 0, 0]], "vertex_count": 22}, "distances": [[0, 94.0, 61.46, 93.36, 74.52, 67.84, 68.22, 69.06, 52.31, 71.38, 68.43, 74.68, 48.35, 95.25, 70.57, 68.8, 41.16, 83.15, 73.21, 74.86, 80.84, 0], [0, 0.0, 33.25, 6.59, 28.12, 26.33, 51.71, 25.33, 46.13, 25.15, 46.36, 28.87, 71.29, 8.72, 23.45, 25.31, 59.04, 18.83, 25.07, 42.97, 20.39, 94.0], [0, 33.25, 0.0, 34.13, 16.64, 7.23, 31.33, 12.18, 14.22, 17.87, 26.48, 17.36, 41.84, 36.53, 11.41, 10.77, 26.38, 22.5, 20.96, 28.46, 27.1, 61.46], [0, 6.59, 34.13, 0.0, 32.11, 26.92, 55.97, 24.32, 47.82, 22.59, 50.53, 32.97, 74.08, 15.32, 23.24, 24.75, 60.45, 23.77, 21.75, 47.75, 15.69, 93.36], [0, 28.12, 16.64, 32.11, 0.0, 16.03, 23.87, 22.03, 22.35, 27.54, 18.41, 20.86, 43.78, 34.86, 18.99, 20.36, 34.87, 10.19, 30.26, 16.39, 33.12, 74.52], [0, 26.33, 7.23, 26.92, 16.03, 0.0, 35.62, 6.5, 21.28, 12.48, 30.36, 17.0, 48.61, 29.3, 4.5, 4.78, 33.6, 18.42, 15.51, 30.88, 20.63, 67.84], [0, 51.71, 31.33, 55.97, 23.87, 35.62, 0.0, 42.09, 23.25, 48.08, 5.5, 23.01, 25.14, 58.73, 39.84, 40.38, 28.06, 32.99, 51.13, 9.99, 55.61, 68.22], [0, 25.33, 12.18, 24.32, 22.03, 6.5, 42.09, 0.0, 26.28, 5.99, 36.85, 23.04, 53.99, 26.34, 11.0, 11.28, 37.79, 22.37, 9.07, 37.32, 14.95, 69.06], [0, 46.13, 14.22, 47.82, 22.35, 21.28, 23.25, 26.28, 0.0, 31.69, 20.22, 22.43, 27.78, 50.32, 25.61, 24.96, 13.0, 31.66, 34.72, 25.21, 41.23, 52.31], [0, 25.15, 17.87, 22.59, 27.54, 12.48, 48.08, 5.99, 31.69, 0.0, 42.84, 28.57, 59.47, 24.13, 8.58, 7.7, 42.6, 26.44, 15.06, 43.15, 10.05, 71.38], [0, 46.36, 26.48, 50.53, 18.41, 30.36, 5.5, 36.85, 20.22, 42.84, 0.0, 17.57, 28.34, 53.28, 34.51, 35.14, 27.45, 27.72, 45.86, 6.66, 50.19, 68.43], [0, 28.87, 17.36, 32.97, 20.86, 17.0, 23.01, 23.04, 22.43, 28.57, 17.57, 0.0, 43.28, 35.72, 20.02, 21.37, 34.82, 10.67, 31.29, 15.38, 34.16, 74.68], [0, 71.29, 41.84, 74.08, 43.78, 48.61, 25.14, 53.99, 27.78, 59.47, 28.34, 43.28, 0.0, 76.72, 53.07, 52.61, 19.52, 53.94, 62.49, 34.67, 68.93, 48.35], [0, 8.72, 36.53, 15.32, 34.86, 29.3, 58.73, 26.34, 50.32, 24.13, 53.28, 35.72, 76.72, 0.0, 25.48, 26.89, 62.88, 26.49, 22.98, 50.49, 16.33, 95.25], [0, 23.45, 11.41, 23.24, 18.99, 4.5, 39.84, 11.0, 25.61, 8.58, 34.51, 20.02, 53.07, 25.48, 0.0, 9.27, 37.69, 19.11, 11.46, 34.59, 16.15, 70.57], [0, 25.31, 10.77, 24.75, 20.36, 4.78, 40.38, 11.28, 24.96, 7.7, 35.14, 21.37, 52.61, 26.89, 9.27, 0.0, 36.7, 21.1, 10.75, 35.59, 16.34, 68.8], [0, 59.04, 26.38, 60.45, 34.87, 33.6, 28.06, 37.79, 13.0, 42.6, 27.45, 34.82, 19.52, 62.88, 37.69, 36.7, 0.0, 44.5, 45.45, 33.76, 52.53, 41.16], [0, 18.83, 22.5, 23.77, 10.19, 18.42, 32.99, 22.37, 31.66, 26.44, 27.72, 10.67, 53.94, 26.49, 19.11, 21.1, 44.5, 0.0, 28.45, 24.15, 28.91, 83.15], [0, 25.07, 20.96, 21.75, 30.26, 15.51, 51.13, 9.07, 34.72, 15.06, 45.86, 31.29, 62.49, 22.98, 11.46, 10.75, 45.45, 28.45, 0.0, 46.04, 7.68, 73.21], [0, 42.97, 28.46, 47.75, 16.39, 30.88, 9.99, 37.32, 25.21, 43.15, 6.66, 15.38, 34.67, 50.49, 34.59, 35.59, 33.76, 24.15, 46.04, 0.0, 49.44, 74.86], [0, 20.39, 27.1, 15.69, 33.12, 20.63, 55.61, 14.95, 41.23, 10.05, 50.19, 34.16, 68.93, 16.33, 16.15, 16.34, 52.53, 28.91, 7.68, 49.44, 0.0, 80.84], [0, 0, 0, 0, 0, 0, 0, 0, 0, 0, 0, 0, 0, 0, 0, 0, 0, 0, 0, 0, 0, 0]], "end_depot": 21, "horizon": [0.0, 2000.0], "instance_name": "20_80_A_100_C5", "speed_zone_count": 73, "speed_zones": [[0.0, 15.0], [15.0, 30.0], [30.0, 45.0], [45.0, 60.0], [60.0, 75.0], [75.0, 90.0], [90.0, 105.0], [105.0, 120.0], [120.0, 135.0], [135.0, 150.0], [150.0, 165.0], [165.0, 180.0], [180.0, 195.0], [195.0, 210.0], [210.0, 225.0], [225.0, 240.0], [240.0, 255.0], [255.0, 270.0], [270.0, 285.0], [285.0, 300.0], [300.0, 315.0], [315.0, 330.0], [330.0, 345.0], [345.0, 360.0], [360.0, 375.0], [375.0, 390.0], [390.0, 405.0], [405.0, 420.0], [420.0, 435.0], [435.0, 450.0], [450.0, 465.0], [465.0, 480.0], [480.0, 495.0], [495.0, 510.0], [510.0, 525.0], [525.0, 540.0], [540.0, 555.0], [555.0, 570.0], [570.0, 585.0], [585.0, 600.0], [600.0, 615.0], [615.0, 630.0], [630.0, 645.0], [645.0, 660.0], [660.0, 675.0], [675.0, 690.0], [690.0, 705.0], [705.0, 720.0], [720.0, 735.0], [735.0, 750.0], [750.0, 765.0], [765.0, 780.0], [780.0, 795.0], [795.0, 810.0], [810.0, 825.0], [825.0, 840.0], [840.0, 855.0], [855.0, 870.0], [870.0, 885.0], [885.0, 900.0], [900.0, 915.0], [915.0, 930.0], [930.0, 945.0], [945.0, 960.0], [960.0, 975.0], [975.0, 990.0], [990.0, 1005.0], [1005.0, 1020.0], [1020.0, 1035.0], [1035.0, 1050.0], [1050.0, 1065.0], [1065.0, 1080.0], [1080.0, 2000.0]], "start_depot": 0, "time_windows": [[0.0, 1700.0], [73.0, 153.0], [143.0, 223.0], [246.0, 326.0], [312.0, 392.0], [337.0, 417.0], [402.0, 482.0], [521.0, 601.0], [572.0, 652.0], [621.0, 701.0], [679.0, 759.0], [714.0, 794.0], [795.0, 875.0], [928.0, 1008.0], [961.0, 1041.0], [972.0, 1052.0], [1013.0, 1093.0], [1061.0, 1141.0], [1089.0, 1169.0], [1147.0, 1227.0], [1209.0, 1289.0], [0.0, 1700.0]], "vehicle_count": 1}