{"cluster_count": 3, "cluster_speeds": [[0.74, 0.68, 0.74, 0.8, 0.666, 0.612, 0.666, 0.72, 0.37, 0.34, 0.37, 0.4, 0.2442, 0.2244, 0.2442, 0.264, 0.296, 0.272, 0.296, 0.32, 0.444, 0.408, 0.444, 0.48, 0.6475, 0.595, 0.6475, 0.7, 0.37, 0.34, 0.37, 0.4, 0.30525, 0.2805, 0.30525, 0.33, 0.4625, 0.425, 0.4625, 0.5, 0.6475, 0.595, 0.6475, 0.7, 0.74, 0.68, 0.74, 0.8, 0.518, 0.476, 0.518, 0.56, 0.37, 0.34, 0.37, 0.4, 0.444, 0.408, 0.444, 0.48, 0.518, 0.476, 0.518, 0.56, 0.666, 0.612, 0.666, 0.72, 0.74, 0.68, 0.74, 0.8, 0.8], [0.8325, 0.765, 0.8325, 0.9, 0.74925, 0.6885, 0.74925, 0.81, 0.41625, 0.3825, 0.41625, 0.45, 0.274725, 0.25245, 0.274725, 0.297, 0.333, 0.306, 0.333, 0.36, 0.4995, 0.459, 0.4995, 0.54, 0.6475, 0.595, 0.6475, 0.7, 0.37, 0.34, 0.37, 0.4, 0.30525, 0.2805, 0.30525, 0.33, 0.4625, 0.425, 0.4625, 0.5, 0.6475, 0.595, 0.6475, 0.7, 0.74, 0.68, 0.74, 0.8, 0.58275, 0.5355, 0.58275, 0.63, 0.41625, 0.3825, 0.41625, 0.45, 0.4995, 0.459, 0.4995, 0.54, 0.58275, 0.5355, 0.58275, 0.63, 0.74925, 0.6885, 0.74925, 0.81, 0.8325, 0.765, 0.8325, 0.9, 0.9], [0.925, 0.85, 0.925, 1.0, 0.8325, 0.765, 0.8325, 0.9, 0.4625, 0.425, 0.4625, 0.5, 0.30525, 0.2805, 0.30525, 0.33, 0.37, 0.34, 0.37, 0.4, 0.555, 0.51, 0.555, 0.6, 0.6475, 0.595, 0.6475, 0.7, 0.37, 0.34, 0.37, 0.4, 0.30525, 0.2805, 0.30525, 0.33, 0.4625, 0.425, 0.4625, 0.5, 0.6475, 0.595, 0.6475, 0.7, 0.74, 0.68, 0.74, 0.8, 0.6475, 0.595, 0.6475, 0.7, 0.4625, 0.425, 0.4625, 0.5, 0.555, 0.51, 0.555, 0.6, 0.6475, 0.595, 0.6475, 0.7, 0.8325, 0.765, 0.8325, 0.9, 0.925, 0.85, 0.925, 1.0, 1.0]], "clusters": [[-1, 2, 2, 2, 2, 2, 2, 2, 2, 2, 2, 2, 2, 2, 2, 2, 2, 2, 2, 2, 2, -1], [0, -1, 0, 0, 0, 0, 0, 0, 0, 0, 0, 0, 0, 0, 0, 0, 0, 0, 0, 0, 0, 0], [2, 2, -1, 2, 2, 2, 2, 2, 2, 2, 2, 2, 2, 2, 2, 2, 2, 2, 2, 2, 2, 2], [1, 1, 1, -1, 1, 1, 1, 1, 1, 1, 1, 1, 1, 1, 1, 1, 1, 1, 1, 1, 1, 1], [1, 1, 1, 1, -1, 1, 1, 1, 1, 1, 1, 1, 1, 1, 1, 1, 1, 1, 1, 1, 1, 1], [0, 0, 0, 0, 0, -1, 0, 0, 0, 0, 0, 0, 0, 0, 0, 0, 0, 0, 0, 0, 0, 0], [2, 2, 2, 2, 2, 2, -1, 2, 2, 2, 2, 2, 2, 2, 2, 2, 2, 2, 2, 2, 2, 2], [1, 1, 1, 1, 1, 1, 1, -1, 1, 1, 1, 1, 1, 1, 1, 1, 1, 1, 1, 1, 1, 1], [1, 1, 1, 1, 1, 1, 1, 1, -1, 1, 1, 1, 1, 1, 1, 1, 1, 1, 1, 1, 1, 1], [2, 2, 2, 2, 2, 2, 2, 2, 2, -1, 2, 2, 2, 2, 2, 2, 2, 2, 2, 2, 2, 2], [2, 2, 2, 2, 2, 2, 2, 2, 2, 2, -1, 2, 2, 2, 2, 2, 2, 2, 2, 2, 2, 2], [1, 1, 1, 1, 1, 1, 1, 1, 1, 1, 1, -1, 1, 1, 1, 1, 1, 1, 1, 1, 1, 1], [2, 2, 2, 2, 2, 2, 2, 2, 2, 2, 2, 2, -1, 2, 2, 2, 2, 2, 2, 2, 2, 2], [1, 1, 1, 1, 1, 1, 1, 1, 1, 1, 1, 1, 1, -1, 1, 1, 1, 1, 1, 1, 1, 1], [2, 2, 2, 2, 2, 2, 2, 2, 2, 2, 2, 2, 2, 2, -1, 2, 2, 2, 2, 2, 2, 2], [0, 0, 0, 0, 0, 0, 0, 0, 0, 0, 0, 0, 0, 0, 0, -1, 0, 0, 0, 0, 0, 0], [2, 2, 2, 2, 2, 2, 2, 2, 2, 2, 2, 2, 2, 2, 2, 2, -1, 2, 2, 2, 2, 2], [0, 0, 0, 0, 0, 0, 0, 0, 0, 0, 0, 0, 0, 0, 0, 0, 0, -1, 0, 0, 0, 0], [0, 0, 0, 0, 0, 0, 0, 0, 0, 0, 0, 0, 0, 0, 0, 0, 0, 0, -1, 0, 0, 0], [2, 2, 2, 2, 2, 2, 2, 2, 2, 2, 2, 2, 2, 2, 2, 2, 2, 2, 2, -1, 2, 2], [0, 0, 0, 0, 0, 0, 0, 0, 0, 0, 0, 0, 0, 0, 0, 0, 0, 0, 0, 0, -1, 0], [-1, 2, 2, 2, 2, 2, 2, 2, 2, 2, 2, 2, 2, 2, 2, 2, 2, 2, 2, 2, 2, -1]], "dataset_name": "guerriero_et_al_2014b", "digraph": {"arc_count": 420, "arcs": [[0, 1, 1, 1, 1, 1, 1, 1, 1, 1, 1, 1, 1, 1, 1, 1, 1, 1, 1, 1, 1, 0], [0, 0, 1, 1, 1, 1, 1, 1, 1, 1, 1, 1, 1, 1, 1, 1, 1, 1, 1, 1, 1, 1], [0, 1, 0, 1, 1, 1, 1, 1, 1, 1, 1, 1, 1, 1, 1, 1, 1, 1, 1, 1, 1, 1], [0, 1, 1, 0, 1, 1, 1, 1, 1, 1, 1, 1, 1, 1, 1, 1, 1, 1, 1, 1, 1, 1], [0, 1, 1, 1, 0, 1, 1, 1, 1, 1, 1, 1, 1, 1, 1, 1, 1, 1, 1, 1, 1, 1], [0, 1, 1, 1, 1, 0, 1, 1, 1, 1, 1, 1, 1, 1, 1, 1, 1, 1, 1, 1, 1, 1], [0, 1, 1, 1, 1, 1, 0, 1, 1, 1, 1, 1, 1, 1, 1, 1, 1, 1, 1, 1, 1, 1], [0, 1, 1, 1, 1, 1, 1, 0, 1, 1, 1, 1, 1, 1, 1, 1, 1, 1, 1, 1, 1, 1], [0, 1, 1, 1, 1, 1, 1, 1, 0, 1, 1, 1, 1, 1, 1, 1, 1, 1, 1, 1, 1, 1], [0, 1, 1, 1, 1, 1, 1, 1, 1, 0, 1, 1, 1, 1, 1, 1, 1, 1, 1, 1, 1, 1], [0, 1, 1, 1, 1, 1, 1, 1, 1, 1, 0, 1, 1, 1, 1, 1, 1, 1, 1, 1, 1, 1], [0, 1, 1, 1, 1, 1, 1, 1, 1, 1, 1, 0, 1, 1, 1, 1, 1, 1, 1, 1, 1, 1], [0, 1, 1, 1, 1, 1, 1, 1, 1, 1, 1, 1, 0, 1, 1, 1, 1, 1, 1, 1, 1, 1], [0, 1, 1, 1, 1, 1, 1, 1, 1, 1, 1, 1, 1, 0, 1, 1, 1, 1, 1, 1, 1, 1], [0, 1, 1, 1, 1, 1, 1, 1, 1, 1, 1, 1, 1, 1, 0, 1, 1, 1, 1, 1, 1, 1], [0, 1, 1, 1, 1, 1, 1, 1, 1, 1, 1, 1, 1, 1, 1, 0, 1, 1, 1, 1, 1, 1], [0, 1, 1, 1, 1, 1, 1, 1, 1, 1, 1, 1, 1, 1, 1, 1, 0, 1, 1, 1, 1, 1], [0, 1, 1, 1, 1, 1, 1, 1, 1, 1, 1, 1, 1, 1, 1, 1, 1, 0, 1, 1, 1, 1], [0, 1, 1, 1, 1, 1, 1, 1, 1, 1, 1, 1, 1, 1, 1, 1, 1, 1, 0, 1, 1, 1], [0, 1, 1, 1, 1, 1, 1, 1, 1, 1, 1, 1, 1, 1, 1, 1, 1, 1, 1, 0, 1, 1], [0, 1, 1, 1, 1, 1, 1, 1, 1, 1, 1, 1, 1, 1, 1, 1, 1, 1, 1, 1, 0, 1], [0, 0, 0, 0, 0, 0, 0, 0, 0, 0, 0, 0, 0, 0, 0, 0, 0, 0, 0, 0, 0, 0]], "vertex_count": 22}, "distances": [[0, 57.12, 97.86, 73.74, 88.3, 62.07, 95.2, 87.37, 74.21, 48.78, 43.46, 64.39, 83.35, 74.16, 103.45, 84.84, 46.08, 69.44, 74.1, 100.26, 74.32, 0], [0, 0.0, 40.75, 25.53, 31.53, 4.95, 38.36, 30.36, 30.0, 24.82, 21.57, 18.99, 34.11, 25.86, 46.75, 28.48, 18.99, 15.69, 18.15, 44.93, 22.14, 57.12], [0, 40.75, 0.0, 34.27, 10.75, 35.8, 7.74, 11.35, 39.18, 57.4, 58.33, 40.05, 33.01, 34.04, 10.88, 14.99, 55.29, 31.56, 25.56, 17.77, 29.16, 97.86], [0, 25.53, 34.27, 0.0, 23.84, 23.32, 37.07, 30.01, 6.02, 26.46, 30.35, 9.37, 48.59, 12.03, 44.41, 19.68, 27.65, 32.51, 29.25, 47.72, 6.34, 73.74], [0, 31.53, 10.75, 23.84, 0.0, 26.67, 13.63, 8.84, 29.09, 46.69, 47.87, 29.29, 33.02, 23.65, 20.58, 4.26, 44.83, 25.51, 19.41, 24.77, 18.47, 88.3], [0, 4.95, 35.8, 23.32, 26.67, 0.0, 33.48, 25.44, 28.41, 27.74, 25.47, 18.42, 31.15, 23.6, 41.89, 23.76, 22.68, 12.54, 13.77, 40.37, 19.0, 62.07], [0, 38.36, 7.74, 37.07, 13.63, 33.48, 0.0, 8.24, 42.55, 57.74, 57.7, 41.3, 25.53, 36.92, 8.44, 17.49, 54.69, 26.81, 21.31, 11.23, 31.26, 95.2], [0, 30.36, 11.35, 30.01, 8.84, 25.44, 8.24, 0.0, 35.75, 49.58, 49.46, 33.43, 24.38, 29.91, 16.65, 11.36, 46.46, 20.21, 14.23, 17.78, 23.91, 87.37], [0, 30.0, 39.18, 6.02, 29.09, 28.41, 42.55, 35.75, 0.0, 25.73, 30.86, 11.65, 54.6, 6.0, 49.61, 25.06, 28.5, 38.28, 35.22, 53.36, 12.36, 74.21], [0, 24.82, 57.4, 26.46, 46.69, 27.74, 57.74, 49.58, 25.73, 0.0, 7.34, 17.89, 58.78, 26.86, 66.01, 42.53, 7.34, 40.17, 41.09, 66.53, 29.09, 48.78], [0, 21.57, 58.33, 30.35, 47.87, 25.47, 57.7, 49.46, 30.86, 7.34, 0.0, 21.08, 55.56, 30.77, 66.11, 43.91, 14.69, 37.26, 39.23, 65.6, 31.63, 43.46], [0, 18.99, 40.05, 9.37, 29.29, 18.42, 41.3, 33.43, 11.65, 17.89, 21.08, 0.0, 47.76, 9.79, 49.3, 25.06, 18.32, 29.92, 28.4, 51.05, 11.23, 64.39], [0, 34.11, 33.01, 48.59, 33.02, 31.15, 25.53, 24.38, 54.6, 58.78, 55.56, 47.76, 0.0, 48.66, 29.78, 34.39, 53.08, 18.62, 19.51, 21.87, 42.35, 83.35], [0, 25.86, 34.04, 12.03, 23.65, 23.6, 36.92, 29.91, 6.0, 26.86, 30.77, 9.79, 48.66, 0.0, 44.22, 19.51, 28.07, 32.68, 29.35, 47.6, 6.36, 74.16], [0, 46.75, 10.88, 44.41, 20.58, 41.89, 8.44, 16.65, 49.61, 66.01, 66.11, 49.3, 29.78, 44.22, 0.0, 24.75, 63.1, 34.59, 29.39, 9.25, 38.89, 103.45], [0, 28.48, 14.99, 19.68, 4.26, 23.76, 17.49, 11.36, 25.06, 42.53, 43.91, 25.06, 34.39, 19.51, 24.75, 0.0, 40.88, 24.47, 18.64, 28.42, 14.22, 84.84], [0, 18.99, 55.29, 27.65, 44.83, 22.68, 54.69, 46.46, 28.5, 7.34, 14.69, 18.32, 53.08, 28.07, 63.1, 40.88, 0.0, 34.67, 36.42, 62.68, 28.7, 46.08], [0, 15.69, 31.56, 32.51, 25.51, 12.54, 26.81, 20.21, 38.28, 40.17, 37.26, 29.92, 18.62, 32.68, 34.59, 24.47, 34.67, 0.0, 6.15, 30.84, 26.8, 69.44], [0, 18.15, 25.56, 29.25, 19.41, 13.77, 21.31, 14.23, 35.22, 41.09, 39.23, 28.4, 19.51, 29.35, 29.39, 18.64, 36.42, 6.15, 0.0, 26.79, 23.13, 74.1], [0, 44.93, 17.77, 47.72, 24.77, 40.37, 11.23, 17.78, 53.36, 66.53, 65.6, 51.05, 21.87, 47.6, 9.25, 28.42, 62.68, 30.84, 26.79, 0.0, 41.68, 100.26], [0, 22.14, 29.16, 6.34, 18.47, 19.0, 31.26, 23.91, 12.36, 29.09, 31.63, 11.23, 42.35, 6.36, 38.89, 14.22, 28.7, 26.8, 23.13, 41.68, 0.0, 74.32], [0, 0, 0, 0, 0, 0, 0, 0, 0, 0, 0, 0, 0, 0, 0, 0, 0, 0, 0, 0, 0, 0]], "end_depot": 21, "horizon": [0.0, 2000.0], "instance_name": "20_80_B_75_C6", "speed_zone_count": 73, "speed_zones": [[0.0, 15.0], [15.0, 30.0], [30.0, 45.0], [45.0, 60.0], [60.0, 75.0], [75.0, 90.0], [90.0, 105.0], [105.0, 120.0], [120.0, 135.0], [135.0, 150.0], [150.0, 165.0], [165.0, 180.0], [180.0, 195.0], [195.0, 210.0], [210.0, 225.0], [225.0, 240.0], [240.0, 255.0], [255.0, 270.0], [270.0, 285.0], [285.0, 300.0], [300.0, 315.0], [315.0, 330.0], [330.0, 345.0], [345.0, 360.0], [360.0, 375.0], [375.0, 390.0], [390.0, 405.0], [405.0, 420.0], [420.0, 435.0], [435.0, 450.0], [450.0, 465.0], [465.0, 480.0], [480.0, 495.0], [495.0, 510.0], [510.0, 525.0], [525.0, 540.0], [540.0, 555.0], [555.0, 570.0], [570.0, 585.0], [585.0, 600.0], [600.0, 615.0], [615.0, 630.0], [630.0, 645.0], [645.0, 660.0], [660.0, 675.0], [675.0, 690.0], [690.0, 705.0], [705.0, 720.0], [720.0, 735.0], [735.0, 750.0], [750.0, 765.0], [765.0, 780.0], [780.0, 795.0], [795.0, 810.0], [810.0, 825.0], [825.0, 840.0], [840.0, 855.0], [855.0, 870.0], [870.0, 885.0], [885.0, 900.0], [900.0, 915.0], [915.0, 930.0], [930.0, 945.0], [945.0, 960.0], [960.0, 975.0], [975.0, 990.0], [990.0, 1005.0], [1005.0, 1020.0], [1020.0, 1035.0], [1035.0, 1050.0], [1050.0, 1065.0], [1065.0, 1080.0], [1080.0, 2000.0]], "start_depot": 0, "time_windows": [[0.0, 1700.0], [17.0, 102.0], [65.0, 166.0], [129.0, 252.0], [186.0, 328.0], [230.0, 386.0], [273.0, 443.0], [282.0, 455.0], [355.0, 553.0], [404.0, 618.0], [416.0, 634.0], [442.0, 669.0], [494.0, 738.0], [547.0, 809.0], [619.0, 905.0], [651.0, 948.0], [706.0, 1021.0], [737.0, 1062.0], [744.0, 1071.0], [771.0, 1108.0], [803.0, 1150.0], [0.0, 1700.0]], "vehicle_count": 1}