{"cluster_count": 3, "cluster_speeds": [[0.8325, 0.765, 0.8325, 0.9, 0.74925, 0.6885, 0.74925, 0.81, 0.41625, 0.3825, 0.41625, 0.45, 0.274725, 0.25245, 0.274725, 0.297, 0.333, 0.306, 0.333, 0.36, 0.4995, 0.459, 0.4995, 0.54, 0.6475, 0.595, 0.6475, 0.7, 0.37, 0.34, 0.37, 0.4, 0.30525, 0.2805, 0.30525, 0.33, 0.4625, 0.425, 0.4625, 0.5, 0.6475, 0.595, 0.6475, 0.7, 0.74, 0.68, 0.74, 0.8, 0.58275, 0.5355, 0.58275, 0.63, 0.41625, 0.3825, 0.41625, 0.45, 0.4995, 0.459, 0.4995, 0.54, 0.58275, 0.5355, 0.58275, 0.63, 0.74925, 0.6885, 0.74925, 0.81, 0.8325, 0.765, 0.8325, 0.9, 0.9], [0.87875, 0.8075, 0.87875, 0.95, 0.790875, 0.72675, 0.790875, 0.855, 0.439375, 0.40375, 0.439375, 0.475, 0.289988, 0.266475, 0.289988, 0.3135, 0.3515, 0.323, 0.3515, 0.38, 0.52725, 0.4845, 0.52725, 0.57, 0.6475, 0.595, 0.6475, 0.7, 0.37, 0.34, 0.37, 0.4, 0.30525, 0.2805, 0.30525, 0.33, 0.4625, 0.425, 0.4625, 0.5, 0.6475, 0.595, 0.6475, 0.7, 0.74, 0.68, 0.74, 0.8, 0.615125, 0.56525, 0.615125, 0.665, 0.439375, 0.40375, 0.439375, 0.475, 0.52725, 0.4845, 0.52725, 0.57, 0.615125, 0.56525, 0.615125, 0.665, 0.790875, 0.72675, 0.790875, 0.855, 0.87875, 0.8075, 0.87875, 0.95, 0.95], [0.925, 0.85, 0.925, 1.0, 0.8325, 0.765, 0.8325, 0.9, 0.4625, 0.425, 0.4625, 0.5, 0.30525, 0.2805, 0.30525, 0.33, 0.37, 0.34, 0.37, 0.4, 0.555, 0.51, 0.555, 0.6, 0.6475, 0.595, 0.6475, 0.7, 0.37, 0.34, 0.37, 0.4, 0.30525, 0.2805, 0.30525, 0.33, 0.4625, 0.425, 0.4625, 0.5, 0.6475, 0.595, 0.6475, 0.7, 0.74, 0.68, 0.74, 0.8, 0.6475, 0.595, 0.6475, 0.7, 0.4625, 0.425, 0.4625, 0.5, 0.555, 0.51, 0.555, 0.6, 0.6475, 0.595, 0.6475, 0.7, 0.8325, 0.765, 0.8325, 0.9, 0.925, 0.85, 0.925, 1.0, 1.0]], "clusters": [[-1, 2, 2, 2, 2, 2, 2, 2, 2, 2, 2, 2, 2, 2, 2, 2, 2, 2, 2, 2, 2, -1], [0, -1, 0, 0, 0, 0, 0, 0, 0, 0, 0, 0, 0, 0, 0, 0, 0, 0, 0, 0, 0, 0], [0, 0, -1, 0, 0, 0, 0, 0, 0, 0, 0, 0, 0, 0, 0, 0, 0, 0, 0, 0, 0, 0], [2, 2, 2, -1, 2, 2, 2, 2, 2, 2, 2, 2, 2, 2, 2, 2, 2, 2, 2, 2, 2, 2], [1, 1, 1, 1, -1, 1, 1, 1, 1, 1, 1, 1, 1, 1, 1, 1, 1, 1, 1, 1, 1, 1], [0, 0, 0, 0, 0, -1, 0, 0, 0, 0, 0, 0, 0, 0, 0, 0, 0, 0, 0, 0, 0, 0], [0, 0, 0, 0, 0, 0, -1, 0, 0, 0, 0, 0, 0, 0, 0, 0, 0, 0, 0, 0, 0, 0], [0, 0, 0, 0, 0, 0, 0, -1, 0, 0, 0, 0, 0, 0, 0, 0, 0, 0, 0, 0, 0, 0], [1, 1, 1, 1, 1, 1, 1, 1, -1, 1, 1, 1, 1, 1, 1, 1, 1, 1, 1, 1, 1, 1], [1, 1, 1, 1, 1, 1, 1, 1, 1, -1, 1, 1, 1, 1, 1, 1, 1, 1, 1, 1, 1, 1], [1, 1, 1, 1, 1, 1, 1, 1, 1, 1, -1, 1, 1, 1, 1, 1, 1, 1, 1, 1, 1, 1], [0, 0, 0, 0, 0, 0, 0, 0, 0, 0, 0, -1, 0, 0, 0, 0, 0, 0, 0, 0, 0, 0], [0, 0, 0, 0, 0, 0, 0, 0, 0, 0, 0, 0, -1, 0, 0, 0, 0, 0, 0, 0, 0, 0], [0, 0, 0, 0, 0, 0, 0, 0, 0, 0, 0, 0, 0, -1, 0, 0, 0, 0, 0, 0, 0, 0], [1, 1, 1, 1, 1, 1, 1, 1, 1, 1, 1, 1, 1, 1, -1, 1, 1, 1, 1, 1, 1, 1], [0, 0, 0, 0, 0, 0, 0, 0, 0, 0, 0, 0, 0, 0, 0, -1, 0, 0, 0, 0, 0, 0], [0, 0, 0, 0, 0, 0, 0, 0, 0, 0, 0, 0, 0, 0, 0, 0, -1, 0, 0, 0, 0, 0], [2, 2, 2, 2, 2, 2, 2, 2, 2, 2, 2, 2, 2, 2, 2, 2, 2, -1, 2, 2, 2, 2], [1, 1, 1, 1, 1, 1, 1, 1, 1, 1, 1, 1, 1, 1, 1, 1, 1, 1, -1, 1, 1, 1], [0, 0, 0, 0, 0, 0, 0, 0, 0, 0, 0, 0, 0, 0, 0, 0, 0, 0, 0, -1, 0, 0], [1, 1, 1, 1, 1, 1, 1, 1, 1, 1, 1, 1, 1, 1, 1, 1, 1, 1, 1, 1, -1, 1], [-1, 2, 2, 2, 2, 2, 2, 2, 2, 2, 2, 2, 2, 2, 2, 2, 2, 2, 2, 2, 2, -1]], "dataset_name": "guerriero_et_al_2014b", "digraph": {"arc_count": 420, "arcs": [[0, 1, 1, 1, 1, 1, 1, 1, 1, 1, 1, 1, 1, 1, 1, 1, 1, 1, 1, 1, 1, 0], [0, 0, 1, 1, 1, 1, 1, 1, 1, 1, 1, 1, 1, 1, 1, 1, 1, 1, 1, 1, 1, 1], [0, 1, 0, 1, 1, 1, 1, 1, 1, 1, 1, 1, 1, 1, 1, 1, 1, 1, 1, 1, 1, 1], [0, 1, 1, 0, 1, 1, 1, 1, 1, 1, 1, 1, 1, 1, 1, 1, 1, 1, 1, 1, 1, 1], [0, 1, 1, 1, 0, 1, 1, 1, 1, 1, 1, 1, 1, 1, 1, 1, 1, 1, 1, 1, 1, 1], [0, 1, 1, 1, 1, 0, 1, 1, 1, 1, 1, 1, 1, 1, 1, 1, 1, 1, 1, 1, 1, 1], [0, 1, 1, 1, 1, 1, 0, 1, 1, 1, 1, 1, 1, 1, 1, 1, 1, 1, 1, 1, 1, 1], [0, 1, 1, 1, 1, 1, 1, 0, 1, 1, 1, 1, 1, 1, 1, 1, 1, 1, 1, 1, 1, 1], [0, 1, 1, 1, 1, 1, 1, 1, 0, 1, 1, 1, 1, 1, 1, 1, 1, 1, 1, 1, 1, 1], [0, 1, 1, 1, 1, 1, 1, 1, 1, 0, 1, 1, 1, 1, 1, 1, 1, 1, 1, 1, 1, 1], [0, 1, 1, 1, 1, 1, 1, 1, 1, 1, 0, 1, 1, 1, 1, 1, 1, 1, 1, 1, 1, 1], [0, 1, 1, 1, 1, 1, 1, 1, 1, 1, 1, 0, 1, 1, 1, 1, 1, 1, 1, 1, 1, 1], [0, 1, 1, 1, 1, 1, 1, 1, 1, 1, 1, 1, 0, 1, 1, 1, 1, 1, 1, 1, 1, 1], [0, 1, 1, 1, 1, 1, 1, 1, 1, 1, 1, 1, 1, 0, 1, 1, 1, 1, 1, 1, 1, 1], [0, 1, 1, 1, 1, 1, 1, 1, 1, 1, 1, 1, 1, 1, 0, 1, 1, 1, 1, 1, 1, 1], [0, 1, 1, 1, 1, 1, 1, 1, 1, 1, 1, 1, 1, 1, 1, 0, 1, 1, 1, 1, 1, 1], [0, 1, 1, 1, 1, 1, 1, 1, 1, 1, 1, 1, 1, 1, 1, 1, 0, 1, 1, 1, 1, 1], [0, 1, 1, 1, 1, 1, 1, 1, 1, 1, 1, 1, 1, 1, 1, 1, 1, 0, 1, 1, 1, 1], [0, 1, 1, 1, 1, 1, 1, 1, 1, 1, 1, 1, 1, 1, 1, 1, 1, 1, 0, 1, 1, 1], [0, 1, 1, 1, 1, 1, 1, 1, 1, 1, 1, 1, 1, 1, 1, 1, 1, 1, 1, 0, 1, 1], [0, 1, 1, 1, 1, 1, 1, 1, 1, 1, 1, 1, 1, 1, 1, 1, 1, 1, 1, 1, 0, 1], [0, 0, 0, 0, 0, 0, 0, 0, 0, 0, 0, 0, 0, 0, 0, 0, 0, 0, 0, 0, 0, 0]], "vertex_count": 22}, "distances": [[0, 74.62, 70.14, 110.0, 51.91, 63.04, 80.58, 70.08, 74.38, 75.1, 69.65, 59.1, 80.39, 76.27, 58.44, 62.25, 78.76, 43.23, 69.09, 68.29, 90.03, 0], [0, 0.0, 15.43, 55.86, 23.87, 11.6, 8.95, 23.45, 24.89, 14.71, 25.98, 19.56, 11.3, 6.93, 16.92, 12.57, 20.95, 31.83, 10.48, 15.02, 19.68, 74.62], [0, 15.43, 0.0, 46.67, 18.96, 14.75, 13.7, 8.06, 10.38, 29.34, 10.57, 11.16, 11.84, 10.42, 21.33, 17.51, 9.85, 31.49, 22.79, 17.11, 20.36, 70.14], [0, 55.86, 46.67, 0.0, 64.19, 61.0, 47.27, 42.38, 37.99, 69.84, 41.83, 56.4, 44.58, 49.13, 67.82, 63.66, 36.99, 77.39, 66.17, 48.69, 38.5, 110.0], [0, 23.87, 18.96, 64.19, 0.0, 12.74, 28.74, 21.84, 26.2, 30.36, 22.74, 7.94, 28.48, 24.43, 12.47, 13.44, 28.52, 13.26, 22.47, 16.94, 38.18, 51.91], [0, 11.6, 14.75, 61.0, 12.74, 0.0, 18.36, 21.67, 24.94, 18.62, 23.74, 11.06, 19.2, 14.33, 6.9, 11.48, 24.04, 20.53, 10.7, 12.98, 28.97, 63.04], [0, 8.95, 13.7, 47.27, 28.74, 18.36, 0.0, 20.39, 20.24, 22.61, 22.9, 22.42, 9.31, 4.31, 24.74, 20.17, 14.63, 38.82, 19.42, 14.55, 10.88, 80.58], [0, 23.45, 8.06, 42.38, 21.84, 21.67, 20.39, 0.0, 4.45, 37.37, 9.4, 14.21, 17.82, 17.9, 27.64, 24.43, 9.47, 35.08, 30.62, 9.05, 24.08, 70.08], [0, 24.89, 10.38, 37.99, 26.2, 24.94, 20.24, 4.45, 0.0, 39.33, 4.94, 18.46, 17.31, 18.62, 31.25, 27.72, 6.75, 39.42, 33.09, 11.96, 21.83, 74.38], [0, 14.71, 29.34, 69.84, 30.36, 18.62, 22.61, 37.37, 39.33, 0.0, 39.82, 29.61, 25.48, 21.6, 18.51, 17.05, 35.66, 32.41, 7.97, 28.43, 32.02, 75.1], [0, 25.98, 10.57, 41.83, 22.74, 23.74, 22.9, 9.4, 4.94, 39.82, 0.0, 15.45, 20.27, 20.46, 29.47, 26.47, 11.16, 35.99, 32.96, 11.42, 26.1, 69.65], [0, 19.56, 11.16, 56.4, 7.94, 11.06, 22.42, 14.21, 18.46, 29.61, 15.45, 0.0, 21.62, 18.21, 14.92, 13.22, 20.59, 21.0, 21.75, 9.22, 31.01, 59.1], [0, 11.3, 11.84, 44.58, 28.48, 19.2, 9.31, 17.82, 17.31, 25.48, 20.27, 21.62, 0.0, 5.0, 25.88, 21.31, 11.5, 39.33, 21.72, 13.05, 9.85, 80.39], [0, 6.93, 10.42, 49.13, 24.43, 14.33, 4.31, 17.9, 18.62, 21.6, 20.46, 18.21, 5.0, 0.0, 20.92, 16.34, 14.11, 34.66, 17.04, 10.86, 14.64, 76.27], [0, 16.92, 21.33, 67.82, 12.47, 6.9, 24.74, 27.64, 31.25, 18.51, 29.47, 14.92, 25.88, 20.92, 0.0, 4.58, 30.84, 15.24, 11.1, 19.43, 35.52, 58.44], [0, 12.57, 17.51, 63.66, 13.44, 11.48, 20.17, 24.43, 27.72, 17.05, 26.47, 13.22, 21.31, 16.34, 4.58, 0.0, 26.73, 19.28, 9.09, 15.76, 30.94, 62.25], [0, 20.95, 9.85, 36.99, 28.52, 24.04, 14.63, 9.47, 6.75, 35.66, 11.16, 20.59, 11.5, 14.11, 30.84, 26.73, 0.0, 41.28, 30.36, 11.92, 15.08, 78.76], [0, 31.83, 31.49, 77.39, 13.26, 20.53, 38.82, 35.08, 39.42, 32.41, 35.99, 21.0, 39.33, 34.66, 15.24, 19.28, 41.28, 0.0, 25.91, 29.42, 49.18, 43.23], [0, 10.48, 22.79, 66.17, 22.47, 10.7, 19.42, 30.62, 33.09, 7.97, 32.96, 21.75, 21.72, 17.04, 11.1, 9.09, 30.36, 25.91, 0.0, 21.57, 30.02, 69.09], [0, 15.02, 17.11, 48.69, 16.94, 12.98, 14.55, 9.05, 11.96, 28.43, 11.42, 9.22, 13.05, 10.86, 19.43, 15.76, 11.92, 29.42, 21.57, 0.0, 21.99, 68.29], [0, 19.68, 20.36, 38.5, 38.18, 28.97, 10.88, 24.08, 21.83, 32.02, 26.1, 31.01, 9.85, 14.64, 35.52, 30.94, 15.08, 49.18, 30.02, 21.99, 0.0, 90.03], [0, 0, 0, 0, 0, 0, 0, 0, 0, 0, 0, 0, 0, 0, 0, 0, 0, 0, 0, 0, 0, 0]], "end_depot": 21, "horizon": [0.0, 2000.0], "instance_name": "20_90_B_0_C7", "speed_zone_count": 73, "speed_zones": [[0.0, 15.0], [15.0, 30.0], [30.0, 45.0], [45.0, 60.0], [60.0, 75.0], [75.0, 90.0], [90.0, 105.0], [105.0, 120.0], [120.0, 135.0], [135.0, 150.0], [150.0, 165.0], [165.0, 180.0], [180.0, 195.0], [195.0, 210.0], [210.0, 225.0], [225.0, 240.0], [240.0, 255.0], [255.0, 270.0], [270.0, 285.0], [285.0, 300.0], [300.0, 315.0], [315.0, 330.0], [330.0, 345.0], [345.0, 360.0], [360.0, 375.0], [375.0, 390.0], [390.0, 405.0], [405.0, 420.0], [420.0, 435.0], [435.0, 450.0], [450.0, 465.0], [465.0, 480.0], [480.0, 495.0], [495.0, 510.0], [510.0, 525.0], [525.0, 540.0], [540.0, 555.0], [555.0, 570.0], [570.0, 585.0], [585.0, 600.0], [600.0, 615.0], [615.0, 630.0], [630.0, 645.0], [645.0, 660.0], [660.0, 675.0], [675.0, 690.0], [690.0, 705.0], [705.0, 720.0], [720.0, 735.0], [735.0, 750.0], [750.0, 765.0], [765.0, 780.0], [780.0, 795.0], [795.0, 810.0], [810.0, 825.0], [825.0, 840.0], [840.0, 855.0], [855.0, 870.0], [870.0, 885.0], [885.0, 900.0], [900.0, 915.0], [915.0, 930.0], [930.0, 945.0], [945.0, 960.0], [960.0, 975.0], [975.0, 990.0], [990.0, 1005.0], [1005.0, 1020.0], [1020.0, 1035.0], [1035.0, 1050.0], [1050.0, 1065.0], [1065.0, 1080.0], [1080.0, 2000.0]], "start_depot": 0, "time_windows": [[0.0, 1700.0], [0.0, 124.0], [0.0, 145.0], [0.0, 256.0], [0.0, 402.0], [0.0, 422.0], [0.0, 451.0], [0.0, 498.0], [0.0, 510.0], [0.0, 618.0], [0.0, 686.0], [0.0, 708.0], [0.0, 738.0], [0.0, 745.0], [0.0, 775.0], [0.0, 783.0], [0.0, 832.0], [0.0, 924.0], [0.0, 966.0], [0.0, 1000.0], [0.0, 1031.0], [0.0, 1700.0]], "vehicle_count": 1}