{"cluster_count": 3, "cluster_speeds": [[0.925, 0.85, 0.925, 1.0, 0.8325, 0.765, 0.8325, 0.9, 0.4625, 0.425, 0.4625, 0.5, 0.30525, 0.2805, 0.30525, 0.33, 0.37, 0.34, 0.37, 0.4, 0.555, 0.51, 0.555, 0.6, 0.6475, 0.595, 0.6475, 0.7, 0.37, 0.34, 0.37, 0.4, 0.30525, 0.2805, 0.30525, 0.33, 0.4625, 0.425, 0.4625, 0.5, 0.6475, 0.595, 0.6475, 0.7, 0.74, 0.68, 0.74, 0.8, 0.6475, 0.595, 0.6475, 0.7, 0.4625, 0.425, 0.4625, 0.5, 0.555, 0.51, 0.555, 0.6, 0.6475, 0.595, 0.6475, 0.7, 0.8325, 0.765, 0.8325, 0.9, 0.925, 0.85, 0.925, 1.0, 1.0], [0.925, 0.85, 0.925, 1.0, 0.8325, 0.765, 0.8325, 0.9, 0.4625, 0.425, 0.4625, 0.5, 0.30525, 0.2805, 0.30525, 0.33, 0.37, 0.34, 0.37, 0.4, 0.555, 0.51, 0.555, 0.6, 0.6475, 0.595, 0.6475, 0.7, 0.37, 0.34, 0.37, 0.4, 0.30525, 0.2805, 0.30525, 0.33, 0.4625, 0.425, 0.4625, 0.5, 0.6475, 0.595, 0.6475, 0.7, 0.74, 0.68, 0.74, 0.8, 0.6475, 0.595, 0.6475, 0.7, 0.4625, 0.425, 0.4625, 0.5, 0.555, 0.51, 0.555, 0.6, 0.6475, 0.595, 0.6475, 0.7, 0.8325, 0.765, 0.8325, 0.9, 0.925, 0.85, 0.925, 1.0, 1.0], [0.9065, 0.833, 0.9065, 0.98, 0.81585, 0.7497, 0.81585, 0.882, 0.45325, 0.4165, 0.45325, 0.49, 0.299145, 0.27489, 0.299145, 0.3234, 0.3626, 0.3332, 0.3626, 0.392, 0.5439, 0.4998, 0.5439, 0.588, 0.6475, 0.595, 0.6475, 0.7, 0.37, 0.34, 0.37, 0.4, 0.30525, 0.2805, 0.30525, 0.33, 0.4625, 0.425, 0.4625, 0.5, 0.6475, 0.595, 0.6475, 0.7, 0.74, 0.68, 0.74, 0.8, 0.63455, 0.5831, 0.63455, 0.686, 0.45325, 0.4165, 0.45325, 0.49, 0.5439, 0.4998, 0.5439, 0.588, 0.63455, 0.5831, 0.63455, 0.686, 0.81585, 0.7497, 0.81585, 0.882, 0.9065, 0.833, 0.9065, 0.98, 0.98]], "clusters": [[-1, 2, 2, 2, 2, 2, 2, 2, 2, 2, 2, 2, 2, 2, 2, 2, 2, 2, 2, 2, 2, -1], [0, -1, 0, 0, 0, 0, 0, 0, 0, 0, 0, 0, 0, 0, 0, 0, 0, 0, 0, 0, 0, 0], [1, 1, -1, 1, 1, 1, 1, 1, 1, 1, 1, 1, 1, 1, 1, 1, 1, 1, 1, 1, 1, 1], [0, 0, 0, -1, 0, 0, 0, 0, 0, 0, 0, 0, 0, 0, 0, 0, 0, 0, 0, 0, 0, 0], [1, 1, 1, 1, -1, 1, 1, 1, 1, 1, 1, 1, 1, 1, 1, 1, 1, 1, 1, 1, 1, 1], [0, 0, 0, 0, 0, -1, 0, 0, 0, 0, 0, 0, 0, 0, 0, 0, 0, 0, 0, 0, 0, 0], [0, 0, 0, 0, 0, 0, -1, 0, 0, 0, 0, 0, 0, 0, 0, 0, 0, 0, 0, 0, 0, 0], [0, 0, 0, 0, 0, 0, 0, -1, 0, 0, 0, 0, 0, 0, 0, 0, 0, 0, 0, 0, 0, 0], [0, 0, 0, 0, 0, 0, 0, 0, -1, 0, 0, 0, 0, 0, 0, 0, 0, 0, 0, 0, 0, 0], [0, 0, 0, 0, 0, 0, 0, 0, 0, -1, 0, 0, 0, 0, 0, 0, 0, 0, 0, 0, 0, 0], [0, 0, 0, 0, 0, 0, 0, 0, 0, 0, -1, 0, 0, 0, 0, 0, 0, 0, 0, 0, 0, 0], [0, 0, 0, 0, 0, 0, 0, 0, 0, 0, 0, -1, 0, 0, 0, 0, 0, 0, 0, 0, 0, 0], [0, 0, 0, 0, 0, 0, 0, 0, 0, 0, 0, 0, -1, 0, 0, 0, 0, 0, 0, 0, 0, 0], [0, 0, 0, 0, 0, 0, 0, 0, 0, 0, 0, 0, 0, -1, 0, 0, 0, 0, 0, 0, 0, 0], [0, 0, 0, 0, 0, 0, 0, 0, 0, 0, 0, 0, 0, 0, -1, 0, 0, 0, 0, 0, 0, 0], [1, 1, 1, 1, 1, 1, 1, 1, 1, 1, 1, 1, 1, 1, 1, -1, 1, 1, 1, 1, 1, 1], [0, 0, 0, 0, 0, 0, 0, 0, 0, 0, 0, 0, 0, 0, 0, 0, -1, 0, 0, 0, 0, 0], [0, 0, 0, 0, 0, 0, 0, 0, 0, 0, 0, 0, 0, 0, 0, 0, 0, -1, 0, 0, 0, 0], [0, 0, 0, 0, 0, 0, 0, 0, 0, 0, 0, 0, 0, 0, 0, 0, 0, 0, -1, 0, 0, 0], [0, 0, 0, 0, 0, 0, 0, 0, 0, 0, 0, 0, 0, 0, 0, 0, 0, 0, 0, -1, 0, 0], [0, 0, 0, 0, 0, 0, 0, 0, 0, 0, 0, 0, 0, 0, 0, 0, 0, 0, 0, 0, -1, 0], [-1, 2, 2, 2, 2, 2, 2, 2, 2, 2, 2, 2, 2, 2, 2, 2, 2, 2, 2, 2, 2, -1]], "dataset_name": "guerriero_et_al_2014b", "digraph": {"arc_count": 420, "arcs": [[0, 1, 1, 1, 1, 1, 1, 1, 1, 1, 1, 1, 1, 1, 1, 1, 1, 1, 1, 1, 1, 0], [0, 0, 1, 1, 1, 1, 1, 1, 1, 1, 1, 1, 1, 1, 1, 1, 1, 1, 1, 1, 1, 1], [0, 1, 0, 1, 1, 1, 1, 1, 1, 1, 1, 1, 1, 1, 1, 1, 1, 1, 1, 1, 1, 1], [0, 1, 1, 0, 1, 1, 1, 1, 1, 1, 1, 1, 1, 1, 1, 1, 1, 1, 1, 1, 1, 1], [0, 1, 1, 1, 0, 1, 1, 1, 1, 1, 1, 1, 1, 1, 1, 1, 1, 1, 1, 1, 1, 1], [0, 1, 1, 1, 1, 0, 1, 1, 1, 1, 1, 1, 1, 1, 1, 1, 1, 1, 1, 1, 1, 1], [0, 1, 1, 1, 1, 1, 0, 1, 1, 1, 1, 1, 1, 1, 1, 1, 1, 1, 1, 1, 1, 1], [0, 1, 1, 1, 1, 1, 1, 0, 1, 1, 1, 1, 1, 1, 1, 1, 1, 1, 1, 1, 1, 1], [0, 1, 1, 1, 1, 1, 1, 1, 0, 1, 1, 1, 1, 1, 1, 1, 1, 1, 1, 1, 1, 1], [0, 1, 1, 1, 1, 1, 1, 1, 1, 0, 1, 1, 1, 1, 1, 1, 1, 1, 1, 1, 1, 1], [0, 1, 1, 1, 1, 1, 1, 1, 1, 1, 0, 1, 1, 1, 1, 1, 1, 1, 1, 1, 1, 1], [0, 1, 1, 1, 1, 1, 1, 1, 1, 1, 1, 0, 1, 1, 1, 1, 1, 1, 1, 1, 1, 1], [0, 1, 1, 1, 1, 1, 1, 1, 1, 1, 1, 1, 0, 1, 1, 1, 1, 1, 1, 1, 1, 1], [0, 1, 1, 1, 1, 1, 1, 1, 1, 1, 1, 1, 1, 0, 1, 1, 1, 1, 1, 1, 1, 1], [0, 1, 1, 1, 1, 1, 1, 1, 1, 1, 1, 1, 1, 1, 0, 1, 1, 1, 1, 1, 1, 1], [0, 1, 1, 1, 1, 1, 1, 1, 1, 1, 1, 1, 1, 1, 1, 0, 1, 1, 1, 1, 1, 1], [0, 1, 1, 1, 1, 1, 1, 1, 1, 1, 1, 1, 1, 1, 1, 1, 0, 1, 1, 1, 1, 1], [0, 1, 1, 1, 1, 1, 1, 1, 1, 1, 1, 1, 1, 1, 1, 1, 1, 0, 1, 1, 1, 1], [0, 1, 1, 1, 1, 1, 1, 1, 1, 1, 1, 1, 1, 1, 1, 1, 1, 1, 0, 1, 1, 1], [0, 1, 1, 1, 1, 1, 1, 1, 1, 1, 1, 1, 1, 1, 1, 1, 1, 1, 1, 0, 1, 1], [0, 1, 1, 1, 1, 1, 1, 1, 1, 1, 1, 1, 1, 1, 1, 1, 1, 1, 1, 1, 0, 1], [0, 0, 0, 0, 0, 0, 0, 0, 0, 0, 0, 0, 0, 0, 0, 0, 0, 0, 0, 0, 0, 0]], "vertex_count": 22}, "distances": [[0, 69.54, 87.55, 76.49, 52.02, 78.45, 79.88, 72.83, 67.05, 57.23, 64.23, 76.92, 71.17, 69.93, 71.68, 88.0, 69.59, 75.51, 64.84, 69.55, 78.07, 0], [0, 0.0, 18.18, 11.27, 22.05, 11.51, 12.67, 5.34, 5.99, 17.58, 10.12, 11.77, 16.6, 10.12, 10.09, 18.87, 10.4, 7.73, 20.22, 10.5, 9.97, 69.54], [0, 18.18, 0.0, 16.76, 39.47, 14.15, 13.35, 16.43, 22.23, 34.45, 26.26, 16.75, 26.69, 17.86, 20.91, 26.73, 18.19, 14.54, 33.39, 18.54, 12.7, 87.55], [0, 11.27, 16.76, 0.0, 25.29, 12.3, 9.17, 5.93, 9.91, 19.93, 12.26, 8.77, 9.93, 10.71, 4.98, 18.17, 10.98, 4.2, 16.81, 9.89, 4.31, 76.49], [0, 22.05, 39.47, 25.29, 0.0, 27.61, 28.99, 23.12, 17.24, 5.37, 13.37, 25.65, 19.16, 22.18, 20.31, 40.42, 21.93, 25.42, 13.47, 21.19, 27.82, 52.02], [0, 11.51, 14.15, 12.3, 27.61, 0.0, 14.03, 6.37, 11.49, 22.27, 14.38, 12.78, 12.55, 10.94, 7.44, 15.58, 11.26, 13.96, 19.47, 10.43, 11.68, 78.45], [0, 12.67, 13.35, 9.17, 28.99, 14.03, 0.0, 7.66, 12.9, 23.65, 15.8, 9.57, 13.5, 12.11, 8.77, 14.84, 12.44, 4.97, 20.58, 11.68, 12.97, 79.88], [0, 5.34, 16.43, 5.93, 23.12, 6.37, 7.66, 0.0, 5.96, 18.03, 9.83, 6.43, 12.78, 4.78, 5.93, 17.5, 5.06, 10.14, 17.97, 10.46, 5.31, 72.83], [0, 5.99, 22.23, 9.91, 17.24, 11.49, 12.9, 5.96, 0.0, 12.29, 4.28, 10.4, 11.5, 5.83, 6.23, 23.2, 5.74, 8.51, 14.27, 4.51, 11.05, 67.05], [0, 17.58, 34.45, 19.93, 5.37, 22.27, 23.65, 18.03, 12.29, 0.0, 8.2, 20.28, 14.12, 17.63, 14.95, 35.47, 17.42, 20.21, 9.54, 16.51, 22.56, 57.23], [0, 10.12, 26.26, 12.26, 13.37, 14.38, 15.8, 9.83, 4.28, 8.2, 0.0, 12.69, 9.99, 10.03, 7.49, 27.3, 9.89, 12.05, 10.66, 8.75, 14.46, 64.23], [0, 11.77, 16.75, 8.77, 25.65, 12.78, 9.57, 6.43, 10.4, 20.28, 12.69, 0.0, 9.95, 11.21, 5.34, 18.18, 11.49, 4.61, 16.94, 10.4, 4.46, 76.92], [0, 16.6, 26.69, 9.93, 19.16, 12.55, 13.5, 12.78, 11.5, 14.12, 9.99, 9.95, 0.0, 16.21, 6.85, 28.09, 16.29, 13.01, 7.47, 14.86, 14.12, 71.17], [0, 10.12, 17.86, 10.71, 22.18, 10.94, 12.11, 4.78, 5.83, 17.63, 10.03, 11.21, 16.21, 0.0, 9.64, 18.58, 9.84, 7.17, 20.0, 10.34, 9.42, 69.93], [0, 10.09, 20.91, 4.98, 20.31, 7.44, 8.77, 5.93, 6.23, 14.95, 7.49, 5.34, 6.85, 9.64, 0.0, 22.19, 9.77, 6.52, 12.54, 8.38, 8.25, 71.68], [0, 18.87, 26.73, 18.17, 40.42, 15.58, 14.84, 17.5, 23.2, 35.47, 27.3, 18.18, 28.09, 18.58, 22.19, 0.0, 18.9, 15.75, 34.7, 19.35, 14.03, 88.0], [0, 10.4, 18.19, 10.98, 21.93, 11.26, 12.44, 5.06, 5.74, 17.42, 9.89, 11.49, 16.29, 9.84, 9.77, 18.9, 0.0, 7.5, 19.95, 10.24, 9.76, 69.59], [0, 7.73, 14.54, 4.2, 25.42, 13.96, 4.97, 10.14, 8.51, 20.21, 12.05, 4.61, 13.01, 7.17, 6.52, 15.75, 7.5, 0.0, 19.05, 6.72, 8.51, 75.51], [0, 20.22, 33.39, 16.81, 13.47, 19.47, 20.58, 17.97, 14.27, 9.54, 10.66, 16.94, 7.47, 20.0, 12.54, 34.7, 19.95, 19.05, 0.0, 18.62, 20.69, 64.84], [0, 10.5, 18.54, 9.89, 21.19, 10.43, 11.68, 10.46, 4.51, 16.51, 8.75, 10.4, 14.86, 10.34, 8.38, 19.35, 10.24, 6.72, 18.62, 0.0, 9.14, 69.55], [0, 9.97, 12.7, 4.31, 27.82, 11.68, 12.97, 5.31, 11.05, 22.56, 14.46, 4.46, 14.12, 9.42, 8.25, 14.03, 9.76, 8.51, 20.69, 9.14, 0.0, 78.07], [0, 0, 0, 0, 0, 0, 0, 0, 0, 0, 0, 0, 0, 0, 0, 0, 0, 0, 0, 0, 0, 0]], "end_depot": 21, "horizon": [0.0, 2000.0], "instance_name": "20_98_A_0_A9", "speed_zone_count": 73, "speed_zones": [[0.0, 15.0], [15.0, 30.0], [30.0, 45.0], [45.0, 60.0], [60.0, 75.0], [75.0, 90.0], [90.0, 105.0], [105.0, 120.0], [120.0, 135.0], [135.0, 150.0], [150.0, 165.0], [165.0, 180.0], [180.0, 195.0], [195.0, 210.0], [210.0, 225.0], [225.0, 240.0], [240.0, 255.0], [255.0, 270.0], [270.0, 285.0], [285.0, 300.0], [300.0, 315.0], [315.0, 330.0], [330.0, 345.0], [345.0, 360.0], [360.0, 375.0], [375.0, 390.0], [390.0, 405.0], [405.0, 420.0], [420.0, 435.0], [435.0, 450.0], [450.0, 465.0], [465.0, 480.0], [480.0, 495.0], [495.0, 510.0], [510.0, 525.0], [525.0, 540.0], [540.0, 555.0], [555.0, 570.0], [570.0, 585.0], [585.0, 600.0], [600.0, 615.0], [615.0, 630.0], [630.0, 645.0], [645.0, 660.0], [660.0, 675.0], [675.0, 690.0], [690.0, 705.0], [705.0, 720.0], [720.0, 735.0], [735.0, 750.0], [750.0, 765.0], [765.0, 780.0], [780.0, 795.0], [795.0, 810.0], [810.0, 825.0], [825.0, 840.0], [840.0, 855.0], [855.0, 870.0], [870.0, 885.0], [885.0, 900.0], [900.0, 915.0], [915.0, 930.0], [930.0, 945.0], [945.0, 960.0], [960.0, 975.0], [975.0, 990.0], [990.0, 1005.0], [1005.0, 1020.0], [1020.0, 1035.0], [1035.0, 1050.0], [1050.0, 1065.0], [1065.0, 1080.0], [1080.0, 2000.0]], "start_depot": 0, "time_windows": [[0.0, 1700.0], [0.0, 119.0], [0.0, 142.0], [0.0, 161.0], [0.0, 216.0], [0.0, 301.0], [0.0, 338.0], [0.0, 353.0], [0.0, 364.0], [0.0, 387.0], [0.0, 400.0], [0.0, 420.0], [0.0, 437.0], [0.0, 460.0], [0.0, 487.0], [0.0, 553.0], [0.0, 603.0], [0.0, 620.0], [0.0, 654.0], [0.0, 684.0], [0.0, 697.0], [0.0, 1700.0]], "vehicle_count": 1}