{"cluster_count": 3, "cluster_speeds": [[0.925, 0.85, 0.925, 1.0, 0.8325, 0.765, 0.8325, 0.9, 0.4625, 0.425, 0.4625, 0.5, 0.30525, 0.2805, 0.30525, 0.33, 0.37, 0.34, 0.37, 0.4, 0.555, 0.51, 0.555, 0.6, 0.6475, 0.595, 0.6475, 0.7, 0.37, 0.34, 0.37, 0.4, 0.30525, 0.2805, 0.30525, 0.33, 0.4625, 0.425, 0.4625, 0.5, 0.6475, 0.595, 0.6475, 0.7, 0.74, 0.68, 0.74, 0.8, 0.6475, 0.595, 0.6475, 0.7, 0.4625, 0.425, 0.4625, 0.5, 0.555, 0.51, 0.555, 0.6, 0.6475, 0.595, 0.6475, 0.7, 0.8325, 0.765, 0.8325, 0.9, 0.925, 0.85, 0.925, 1.0, 1.0], [0.8325, 0.765, 0.8325, 0.9, 0.74925, 0.6885, 0.74925, 0.81, 0.41625, 0.3825, 0.41625, 0.45, 0.274725, 0.25245, 0.274725, 0.297, 0.333, 0.306, 0.333, 0.36, 0.4995, 0.459, 0.4995, 0.54, 0.6475, 0.595, 0.6475, 0.7, 0.37, 0.34, 0.37, 0.4, 0.30525, 0.2805, 0.30525, 0.33, 0.4625, 0.425, 0.4625, 0.5, 0.6475, 0.595, 0.6475, 0.7, 0.74, 0.68, 0.74, 0.8, 0.58275, 0.5355, 0.58275, 0.63, 0.41625, 0.3825, 0.41625, 0.45, 0.4995, 0.459, 0.4995, 0.54, 0.58275, 0.5355, 0.58275, 0.63, 0.74925, 0.6885, 0.74925, 0.81, 0.8325, 0.765, 0.8325, 0.9, 0.9], [0.87875, 0.8075, 0.87875, 0.95, 0.790875, 0.72675, 0.790875, 0.855, 0.439375, 0.40375, 0.439375, 0.475, 0.289988, 0.266475, 0.289988, 0.3135, 0.3515, 0.323, 0.3515, 0.38, 0.52725, 0.4845, 0.52725, 0.57, 0.6475, 0.595, 0.6475, 0.7, 0.37, 0.34, 0.37, 0.4, 0.30525, 0.2805, 0.30525, 0.33, 0.4625, 0.425, 0.4625, 0.5, 0.6475, 0.595, 0.6475, 0.7, 0.74, 0.68, 0.74, 0.8, 0.615125, 0.56525, 0.615125, 0.665, 0.439375, 0.40375, 0.439375, 0.475, 0.52725, 0.4845, 0.52725, 0.57, 0.615125, 0.56525, 0.615125, 0.665, 0.790875, 0.72675, 0.790875, 0.855, 0.87875, 0.8075, 0.87875, 0.95, 0.95]], "clusters": [[-1, 2, 2, 2, 2, 2, 2, 2, 2, 2, 2, 2, 2, 2, 2, 2, 2, 2, 2, 2, 2, -1], [0, -1, 0, 0, 0, 0, 0, 0, 0, 0, 0, 0, 0, 0, 0, 0, 0, 0, 0, 0, 0, 0], [0, 0, -1, 0, 0, 0, 0, 0, 0, 0, 0, 0, 0, 0, 0, 0, 0, 0, 0, 0, 0, 0], [0, 0, 0, -1, 0, 0, 0, 0, 0, 0, 0, 0, 0, 0, 0, 0, 0, 0, 0, 0, 0, 0], [0, 0, 0, 0, -1, 0, 0, 0, 0, 0, 0, 0, 0, 0, 0, 0, 0, 0, 0, 0, 0, 0], [1, 1, 1, 1, 1, -1, 1, 1, 1, 1, 1, 1, 1, 1, 1, 1, 1, 1, 1, 1, 1, 1], [0, 0, 0, 0, 0, 0, -1, 0, 0, 0, 0, 0, 0, 0, 0, 0, 0, 0, 0, 0, 0, 0], [2, 2, 2, 2, 2, 2, 2, -1, 2, 2, 2, 2, 2, 2, 2, 2, 2, 2, 2, 2, 2, 2], [1, 1, 1, 1, 1, 1, 1, 1, -1, 1, 1, 1, 1, 1, 1, 1, 1, 1, 1, 1, 1, 1], [0, 0, 0, 0, 0, 0, 0, 0, 0, -1, 0, 0, 0, 0, 0, 0, 0, 0, 0, 0, 0, 0], [0, 0, 0, 0, 0, 0, 0, 0, 0, 0, -1, 0, 0, 0, 0, 0, 0, 0, 0, 0, 0, 0], [0, 0, 0, 0, 0, 0, 0, 0, 0, 0, 0, -1, 0, 0, 0, 0, 0, 0, 0, 0, 0, 0], [1, 1, 1, 1, 1, 1, 1, 1, 1, 1, 1, 1, -1, 1, 1, 1, 1, 1, 1, 1, 1, 1], [0, 0, 0, 0, 0, 0, 0, 0, 0, 0, 0, 0, 0, -1, 0, 0, 0, 0, 0, 0, 0, 0], [1, 1, 1, 1, 1, 1, 1, 1, 1, 1, 1, 1, 1, 1, -1, 1, 1, 1, 1, 1, 1, 1], [1, 1, 1, 1, 1, 1, 1, 1, 1, 1, 1, 1, 1, 1, 1, -1, 1, 1, 1, 1, 1, 1], [1, 1, 1, 1, 1, 1, 1, 1, 1, 1, 1, 1, 1, 1, 1, 1, -1, 1, 1, 1, 1, 1], [0, 0, 0, 0, 0, 0, 0, 0, 0, 0, 0, 0, 0, 0, 0, 0, 0, -1, 0, 0, 0, 0], [1, 1, 1, 1, 1, 1, 1, 1, 1, 1, 1, 1, 1, 1, 1, 1, 1, 1, -1, 1, 1, 1], [0, 0, 0, 0, 0, 0, 0, 0, 0, 0, 0, 0, 0, 0, 0, 0, 0, 0, 0, -1, 0, 0], [0, 0, 0, 0, 0, 0, 0, 0, 0, 0, 0, 0, 0, 0, 0, 0, 0, 0, 0, 0, -1, 0], [-1, 2, 2, 2, 2, 2, 2, 2, 2, 2, 2, 2, 2, 2, 2, 2, 2, 2, 2, 2, 2, -1]], "dataset_name": "guerriero_et_al_2014b", "digraph": {"arc_count": 420, "arcs": [[0, 1, 1, 1, 1, 1, 1, 1, 1, 1, 1, 1, 1, 1, 1, 1, 1, 1, 1, 1, 1, 0], [0, 0, 1, 1, 1, 1, 1, 1, 1, 1, 1, 1, 1, 1, 1, 1, 1, 1, 1, 1, 1, 1], [0, 1, 0, 1, 1, 1, 1, 1, 1, 1, 1, 1, 1, 1, 1, 1, 1, 1, 1, 1, 1, 1], [0, 1, 1, 0, 1, 1, 1, 1, 1, 1, 1, 1, 1, 1, 1, 1, 1, 1, 1, 1, 1, 1], [0, 1, 1, 1, 0, 1, 1, 1, 1, 1, 1, 1, 1, 1, 1, 1, 1, 1, 1, 1, 1, 1], [0, 1, 1, 1, 1, 0, 1, 1, 1, 1, 1, 1, 1, 1, 1, 1, 1, 1, 1, 1, 1, 1], [0, 1, 1, 1, 1, 1, 0, 1, 1, 1, 1, 1, 1, 1, 1, 1, 1, 1, 1, 1, 1, 1], [0, 1, 1, 1, 1, 1, 1, 0, 1, 1, 1, 1, 1, 1, 1, 1, 1, 1, 1, 1, 1, 1], [0, 1, 1, 1, 1, 1, 1, 1, 0, 1, 1, 1, 1, 1, 1, 1, 1, 1, 1, 1, 1, 1], [0, 1, 1, 1, 1, 1, 1, 1, 1, 0, 1, 1, 1, 1, 1, 1, 1, 1, 1, 1, 1, 1], [0, 1, 1, 1, 1, 1, 1, 1, 1, 1, 0, 1, 1, 1, 1, 1, 1, 1, 1, 1, 1, 1], [0, 1, 1, 1, 1, 1, 1, 1, 1, 1, 1, 0, 1, 1, 1, 1, 1, 1, 1, 1, 1, 1], [0, 1, 1, 1, 1, 1, 1, 1, 1, 1, 1, 1, 0, 1, 1, 1, 1, 1, 1, 1, 1, 1], [0, 1, 1, 1, 1, 1, 1, 1, 1, 1, 1, 1, 1, 0, 1, 1, 1, 1, 1, 1, 1, 1], [0, 1, 1, 1, 1, 1, 1, 1, 1, 1, 1, 1, 1, 1, 0, 1, 1, 1, 1, 1, 1, 1], [0, 1, 1, 1, 1, 1, 1, 1, 1, 1, 1, 1, 1, 1, 1, 0, 1, 1, 1, 1, 1, 1], [0, 1, 1, 1, 1, 1, 1, 1, 1, 1, 1, 1, 1, 1, 1, 1, 0, 1, 1, 1, 1, 1], [0, 1, 1, 1, 1, 1, 1, 1, 1, 1, 1, 1, 1, 1, 1, 1, 1, 0, 1, 1, 1, 1], [0, 1, 1, 1, 1, 1, 1, 1, 1, 1, 1, 1, 1, 1, 1, 1, 1, 1, 0, 1, 1, 1], [0, 1, 1, 1, 1, 1, 1, 1, 1, 1, 1, 1, 1, 1, 1, 1, 1, 1, 1, 0, 1, 1], [0, 1, 1, 1, 1, 1, 1, 1, 1, 1, 1, 1, 1, 1, 1, 1, 1, 1, 1, 1, 0, 1], [0, 0, 0, 0, 0, 0, 0, 0, 0, 0, 0, 0, 0, 0, 0, 0, 0, 0, 0, 0, 0, 0]], "vertex_count": 22}, "distances": [[0, 73.52, 77.07, 81.6, 61.55, 62.08, 59.39, 58.93, 75.84, 73.2, 72.98, 62.05, 85.89, 75.15, 79.98, 57.16, 72.38, 57.84, 77.84, 69.48, 70.85, 0], [0, 0.0, 19.92, 9.23, 12.55, 15.13, 14.52, 23.81, 24.01, 12.73, 7.41, 14.24, 16.84, 4.38, 25.55, 18.45, 11.11, 16.98, 25.82, 16.95, 12.36, 73.52], [0, 19.92, 0.0, 16.75, 20.97, 31.78, 22.67, 40.74, 4.77, 23.95, 27.32, 17.71, 12.99, 15.8, 5.71, 32.68, 30.97, 22.02, 6.0, 7.91, 22.95, 77.07], [0, 9.23, 16.75, 0.0, 20.05, 24.33, 22.21, 32.85, 21.49, 12.08, 14.95, 20.13, 8.41, 6.46, 21.51, 27.64, 18.5, 23.94, 22.6, 17.8, 13.01, 81.6], [0, 12.55, 20.97, 20.05, 0.0, 12.53, 9.54, 20.72, 23.05, 13.82, 15.53, 4.3, 25.16, 13.6, 26.28, 11.96, 17.57, 4.55, 25.38, 13.9, 11.21, 61.55], [0, 15.13, 31.78, 24.33, 12.53, 0.0, 12.29, 9.04, 34.68, 12.73, 11.33, 16.83, 31.85, 18.97, 37.41, 5.0, 10.31, 15.36, 36.91, 25.74, 11.32, 62.08], [0, 14.52, 22.67, 22.21, 9.54, 12.29, 0.0, 19.9, 24.45, 15.46, 16.86, 5.23, 27.31, 15.76, 27.84, 10.86, 18.56, 9.7, 26.81, 15.32, 12.85, 59.39], [0, 23.81, 40.74, 32.85, 20.72, 9.04, 19.9, 0.0, 43.47, 20.86, 18.59, 24.95, 40.64, 27.84, 46.34, 9.17, 16.09, 22.49, 45.74, 34.42, 19.94, 58.93], [0, 24.01, 4.77, 21.49, 23.05, 34.68, 24.45, 43.47, 0.0, 27.99, 31.32, 19.26, 17.49, 20.09, 10.48, 34.99, 34.89, 23.19, 10.77, 9.15, 26.74, 75.84], [0, 12.73, 23.95, 12.08, 13.82, 12.73, 15.46, 20.86, 27.99, 0.0, 20.07, 16.46, 20.21, 8.35, 29.58, 16.79, 7.09, 18.37, 29.83, 20.64, 15.3, 73.2], [0, 7.41, 27.32, 14.95, 15.53, 11.33, 16.86, 18.59, 31.32, 20.07, 0.0, 18.71, 23.25, 11.72, 32.96, 15.94, 13.15, 19.98, 33.18, 23.78, 4.94, 72.98], [0, 14.24, 17.71, 20.13, 4.3, 16.83, 5.23, 24.95, 19.26, 16.46, 18.71, 0.0, 23.88, 13.95, 22.73, 16.03, 21.18, 4.47, 21.62, 10.16, 13.98, 62.05], [0, 16.84, 12.99, 8.41, 25.16, 31.85, 27.31, 40.64, 17.49, 20.21, 23.25, 23.88, 0.0, 12.91, 16.02, 34.58, 26.86, 28.22, 17.78, 17.73, 20.71, 85.89], [0, 4.38, 15.8, 6.46, 13.6, 18.97, 15.76, 27.84, 20.09, 8.35, 11.72, 13.95, 12.91, 0.0, 21.35, 21.74, 15.44, 17.56, 21.77, 13.92, 8.07, 75.15], [0, 25.55, 5.71, 21.51, 26.28, 37.41, 27.84, 46.34, 10.48, 29.58, 32.96, 22.73, 16.02, 21.35, 0.0, 38.12, 36.62, 26.84, 11.72, 12.58, 28.64, 79.98], [0, 18.45, 32.68, 27.64, 11.96, 5.0, 10.86, 9.17, 34.99, 16.79, 15.94, 16.03, 34.58, 21.74, 38.12, 0.0, 15.27, 13.32, 37.31, 25.85, 14.91, 57.16], [0, 11.11, 30.97, 18.5, 17.57, 10.31, 18.56, 16.09, 34.89, 7.09, 13.15, 21.18, 26.86, 15.44, 36.62, 15.27, 0.0, 21.8, 36.79, 27.11, 8.21, 72.38], [0, 16.98, 22.02, 23.94, 4.55, 15.36, 9.7, 22.49, 23.19, 18.37, 19.98, 4.47, 28.22, 17.56, 26.84, 13.32, 21.8, 0.0, 25.56, 14.28, 15.76, 57.84], [0, 25.82, 6.0, 22.6, 25.38, 36.91, 26.81, 45.74, 10.77, 29.83, 33.18, 21.62, 17.78, 21.77, 11.72, 37.31, 36.79, 25.56, 0.0, 11.49, 28.69, 77.84], [0, 16.95, 7.91, 17.8, 13.9, 25.74, 15.32, 34.42, 9.15, 20.64, 23.78, 10.16, 17.73, 13.92, 12.58, 25.85, 27.11, 14.28, 11.49, 0.0, 18.92, 69.48], [0, 12.36, 22.95, 13.01, 11.21, 11.32, 12.85, 19.94, 26.74, 15.3, 4.94, 13.98, 20.71, 8.07, 28.64, 14.91, 8.21, 15.76, 28.69, 18.92, 0.0, 70.85], [0, 0, 0, 0, 0, 0, 0, 0, 0, 0, 0, 0, 0, 0, 0, 0, 0, 0, 0, 0, 0, 0]], "end_depot": 21, "horizon": [0.0, 2000.0], "instance_name": "20_90_A_25_B10", "speed_zone_count": 73, "speed_zones": [[0.0, 15.0], [15.0, 30.0], [30.0, 45.0], [45.0, 60.0], [60.0, 75.0], [75.0, 90.0], [90.0, 105.0], [105.0, 120.0], [120.0, 135.0], [135.0, 150.0], [150.0, 165.0], [165.0, 180.0], [180.0, 195.0], [195.0, 210.0], [210.0, 225.0], [225.0, 240.0], [240.0, 255.0], [255.0, 270.0], [270.0, 285.0], [285.0, 300.0], [300.0, 315.0], [315.0, 330.0], [330.0, 345.0], [345.0, 360.0], [360.0, 375.0], [375.0, 390.0], [390.0, 405.0], [405.0, 420.0], [420.0, 435.0], [435.0, 450.0], [450.0, 465.0], [465.0, 480.0], [480.0, 495.0], [495.0, 510.0], [510.0, 525.0], [525.0, 540.0], [540.0, 555.0], [555.0, 570.0], [570.0, 585.0], [585.0, 600.0], [600.0, 615.0], [615.0, 630.0], [630.0, 645.0], [645.0, 660.0], [660.0, 675.0], [675.0, 690.0], [690.0, 705.0], [705.0, 720.0], [720.0, 735.0], [735.0, 750.0], [750.0, 765.0], [765.0, 780.0], [780.0, 795.0], [795.0, 810.0], [810.0, 825.0], [825.0, 840.0], [840.0, 855.0], [855.0, 870.0], [870.0, 885.0], [885.0, 900.0], [900.0, 915.0], [915.0, 930.0], [930.0, 945.0], [945.0, 960.0], [960.0, 975.0], [975.0, 990.0], [990.0, 1005.0], [1005.0, 1020.0], [1020.0, 1035.0], [1035.0, 1050.0], [1050.0, 1065.0], [1065.0, 1080.0], [1080.0, 2000.0]], "start_depot": 0, "time_windows": [[0.0, 1700.0], [12.0, 128.0], [18.0, 151.0], [25.0, 179.0], [36.0, 223.0], [47.0, 266.0], [57.0, 305.0], [68.0, 352.0], [88.0, 429.0], [100.0, 480.0], [115.0, 537.0], [128.0, 592.0], [141.0, 643.0], [146.0, 663.0], [154.0, 696.0], [168.0, 749.0], [173.0, 771.0], [183.0, 809.0], [195.0, 860.0], [202.0, 885.0], [210.0, 920.0], [0.0, 1700.0]], "vehicle_count": 1}