{"cluster_count": 3, "cluster_speeds": [[0.925, 0.85, 0.925, 1.0, 0.8325, 0.765, 0.8325, 0.9, 0.4625, 0.425, 0.4625, 0.5, 0.30525, 0.2805, 0.30525, 0.33, 0.37, 0.34, 0.37, 0.4, 0.555, 0.51, 0.555, 0.6, 0.6475, 0.595, 0.6475, 0.7, 0.37, 0.34, 0.37, 0.4, 0.30525, 0.2805, 0.30525, 0.33, 0.4625, 0.425, 0.4625, 0.5, 0.6475, 0.595, 0.6475, 0.7, 0.74, 0.68, 0.74, 0.8, 0.6475, 0.595, 0.6475, 0.7, 0.4625, 0.425, 0.4625, 0.5, 0.555, 0.51, 0.555, 0.6, 0.6475, 0.595, 0.6475, 0.7, 0.8325, 0.765, 0.8325, 0.9, 0.925, 0.85, 0.925, 1.0, 1.0], [0.87875, 0.8075, 0.87875, 0.95, 0.790875, 0.72675, 0.790875, 0.855, 0.439375, 0.40375, 0.439375, 0.475, 0.289988, 0.266475, 0.289988, 0.3135, 0.3515, 0.323, 0.3515, 0.38, 0.52725, 0.4845, 0.52725, 0.57, 0.6475, 0.595, 0.6475, 0.7, 0.37, 0.34, 0.37, 0.4, 0.30525, 0.2805, 0.30525, 0.33, 0.4625, 0.425, 0.4625, 0.5, 0.6475, 0.595, 0.6475, 0.7, 0.74, 0.68, 0.74, 0.8, 0.615125, 0.56525, 0.615125, 0.665, 0.439375, 0.40375, 0.439375, 0.475, 0.52725, 0.4845, 0.52725, 0.57, 0.615125, 0.56525, 0.615125, 0.665, 0.790875, 0.72675, 0.790875, 0.855, 0.87875, 0.8075, 0.87875, 0.95, 0.95], [0.9065, 0.833, 0.9065, 0.98, 0.81585, 0.7497, 0.81585, 0.882, 0.45325, 0.4165, 0.45325, 0.49, 0.299145, 0.27489, 0.299145, 0.3234, 0.3626, 0.3332, 0.3626, 0.392, 0.5439, 0.4998, 0.5439, 0.588, 0.6475, 0.595, 0.6475, 0.7, 0.37, 0.34, 0.37, 0.4, 0.30525, 0.2805, 0.30525, 0.33, 0.4625, 0.425, 0.4625, 0.5, 0.6475, 0.595, 0.6475, 0.7, 0.74, 0.68, 0.74, 0.8, 0.63455, 0.5831, 0.63455, 0.686, 0.45325, 0.4165, 0.45325, 0.49, 0.5439, 0.4998, 0.5439, 0.588, 0.63455, 0.5831, 0.63455, 0.686, 0.81585, 0.7497, 0.81585, 0.882, 0.9065, 0.833, 0.9065, 0.98, 0.98]], "clusters": [[-1, 2, 2, 2, 2, 2, 2, 2, 2, 2, 2, 2, 2, 2, 2, 2, 2, 2, 2, 2, 2, -1], [1, -1, 1, 1, 1, 1, 1, 1, 1, 1, 1, 1, 1, 1, 1, 1, 1, 1, 1, 1, 1, 1], [0, 0, -1, 0, 0, 0, 0, 0, 0, 0, 0, 0, 0, 0, 0, 0, 0, 0, 0, 0, 0, 0], [2, 2, 2, -1, 2, 2, 2, 2, 2, 2, 2, 2, 2, 2, 2, 2, 2, 2, 2, 2, 2, 2], [0, 0, 0, 0, -1, 0, 0, 0, 0, 0, 0, 0, 0, 0, 0, 0, 0, 0, 0, 0, 0, 0], [0, 0, 0, 0, 0, -1, 0, 0, 0, 0, 0, 0, 0, 0, 0, 0, 0, 0, 0, 0, 0, 0], [0, 0, 0, 0, 0, 0, -1, 0, 0, 0, 0, 0, 0, 0, 0, 0, 0, 0, 0, 0, 0, 0], [1, 1, 1, 1, 1, 1, 1, -1, 1, 1, 1, 1, 1, 1, 1, 1, 1, 1, 1, 1, 1, 1], [0, 0, 0, 0, 0, 0, 0, 0, -1, 0, 0, 0, 0, 0, 0, 0, 0, 0, 0, 0, 0, 0], [0, 0, 0, 0, 0, 0, 0, 0, 0, -1, 0, 0, 0, 0, 0, 0, 0, 0, 0, 0, 0, 0], [2, 2, 2, 2, 2, 2, 2, 2, 2, 2, -1, 2, 2, 2, 2, 2, 2, 2, 2, 2, 2, 2], [0, 0, 0, 0, 0, 0, 0, 0, 0, 0, 0, -1, 0, 0, 0, 0, 0, 0, 0, 0, 0, 0], [1, 1, 1, 1, 1, 1, 1, 1, 1, 1, 1, 1, -1, 1, 1, 1, 1, 1, 1, 1, 1, 1], [0, 0, 0, 0, 0, 0, 0, 0, 0, 0, 0, 0, 0, -1, 0, 0, 0, 0, 0, 0, 0, 0], [1, 1, 1, 1, 1, 1, 1, 1, 1, 1, 1, 1, 1, 1, -1, 1, 1, 1, 1, 1, 1, 1], [2, 2, 2, 2, 2, 2, 2, 2, 2, 2, 2, 2, 2, 2, 2, -1, 2, 2, 2, 2, 2, 2], [0, 0, 0, 0, 0, 0, 0, 0, 0, 0, 0, 0, 0, 0, 0, 0, -1, 0, 0, 0, 0, 0], [0, 0, 0, 0, 0, 0, 0, 0, 0, 0, 0, 0, 0, 0, 0, 0, 0, -1, 0, 0, 0, 0], [2, 2, 2, 2, 2, 2, 2, 2, 2, 2, 2, 2, 2, 2, 2, 2, 2, 2, -1, 2, 2, 2], [0, 0, 0, 0, 0, 0, 0, 0, 0, 0, 0, 0, 0, 0, 0, 0, 0, 0, 0, -1, 0, 0], [2, 2, 2, 2, 2, 2, 2, 2, 2, 2, 2, 2, 2, 2, 2, 2, 2, 2, 2, 2, -1, 2], [-1, 2, 2, 2, 2, 2, 2, 2, 2, 2, 2, 2, 2, 2, 2, 2, 2, 2, 2, 2, 2, -1]], "dataset_name": "guerriero_et_al_2014b", "digraph": {"arc_count": 420, "arcs": [[0, 1, 1, 1, 1, 1, 1, 1, 1, 1, 1, 1, 1, 1, 1, 1, 1, 1, 1, 1, 1, 0], [0, 0, 1, 1, 1, 1, 1, 1, 1, 1, 1, 1, 1, 1, 1, 1, 1, 1, 1, 1, 1, 1], [0, 1, 0, 1, 1, 1, 1, 1, 1, 1, 1, 1, 1, 1, 1, 1, 1, 1, 1, 1, 1, 1], [0, 1, 1, 0, 1, 1, 1, 1, 1, 1, 1, 1, 1, 1, 1, 1, 1, 1, 1, 1, 1, 1], [0, 1, 1, 1, 0, 1, 1, 1, 1, 1, 1, 1, 1, 1, 1, 1, 1, 1, 1, 1, 1, 1], [0, 1, 1, 1, 1, 0, 1, 1, 1, 1, 1, 1, 1, 1, 1, 1, 1, 1, 1, 1, 1, 1], [0, 1, 1, 1, 1, 1, 0, 1, 1, 1, 1, 1, 1, 1, 1, 1, 1, 1, 1, 1, 1, 1], [0, 1, 1, 1, 1, 1, 1, 0, 1, 1, 1, 1, 1, 1, 1, 1, 1, 1, 1, 1, 1, 1], [0, 1, 1, 1, 1, 1, 1, 1, 0, 1, 1, 1, 1, 1, 1, 1, 1, 1, 1, 1, 1, 1], [0, 1, 1, 1, 1, 1, 1, 1, 1, 0, 1, 1, 1, 1, 1, 1, 1, 1, 1, 1, 1, 1], [0, 1, 1, 1, 1, 1, 1, 1, 1, 1, 0, 1, 1, 1, 1, 1, 1, 1, 1, 1, 1, 1], [0, 1, 1, 1, 1, 1, 1, 1, 1, 1, 1, 0, 1, 1, 1, 1, 1, 1, 1, 1, 1, 1], [0, 1, 1, 1, 1, 1, 1, 1, 1, 1, 1, 1, 0, 1, 1, 1, 1, 1, 1, 1, 1, 1], [0, 1, 1, 1, 1, 1, 1, 1, 1, 1, 1, 1, 1, 0, 1, 1, 1, 1, 1, 1, 1, 1], [0, 1, 1, 1, 1, 1, 1, 1, 1, 1, 1, 1, 1, 1, 0, 1, 1, 1, 1, 1, 1, 1], [0, 1, 1, 1, 1, 1, 1, 1, 1, 1, 1, 1, 1, 1, 1, 0, 1, 1, 1, 1, 1, 1], [0, 1, 1, 1, 1, 1, 1, 1, 1, 1, 1, 1, 1, 1, 1, 1, 0, 1, 1, 1, 1, 1], [0, 1, 1, 1, 1, 1, 1, 1, 1, 1, 1, 1, 1, 1, 1, 1, 1, 0, 1, 1, 1, 1], [0, 1, 1, 1, 1, 1, 1, 1, 1, 1, 1, 1, 1, 1, 1, 1, 1, 1, 0, 1, 1, 1], [0, 1, 1, 1, 1, 1, 1, 1, 1, 1, 1, 1, 1, 1, 1, 1, 1, 1, 1, 0, 1, 1], [0, 1, 1, 1, 1, 1, 1, 1, 1, 1, 1, 1, 1, 1, 1, 1, 1, 1, 1, 1, 0, 1], [0, 0, 0, 0, 0, 0, 0, 0, 0, 0, 0, 0, 0, 0, 0, 0, 0, 0, 0, 0, 0, 0]], "vertex_count": 22}, "distances": [[0, 48.43, 76.32, 50.44, 82.42, 62.6, 70.95, 75.1, 67.84, 61.43, 105.35, 73.31, 54.98, 69.99, 71.44, 107.32, 70.13, 69.13, 105.47, 82.27, 34.87, 0], [0, 0.0, 30.26, 30.53, 34.52, 16.51, 25.81, 27.53, 22.71, 15.35, 58.81, 24.89, 9.64, 22.07, 25.12, 65.58, 21.97, 27.29, 61.58, 34.09, 17.36, 48.43], [0, 30.26, 0.0, 55.82, 9.89, 13.98, 5.61, 23.14, 8.52, 15.18, 29.06, 13.84, 21.64, 10.38, 27.21, 36.33, 19.35, 11.03, 31.49, 11.75, 47.61, 76.32], [0, 30.53, 55.82, 0.0, 55.64, 44.44, 53.02, 39.81, 50.4, 43.54, 80.64, 44.52, 39.51, 45.56, 34.29, 92.1, 38.74, 56.42, 86.62, 54.06, 21.68, 50.44], [0, 34.52, 9.89, 55.64, 0.0, 20.26, 14.7, 17.93, 16.76, 21.34, 25.2, 11.16, 27.58, 12.48, 23.15, 38.09, 16.92, 20.86, 31.51, 21.02, 51.28, 82.42], [0, 16.51, 13.98, 44.44, 20.26, 0.0, 9.3, 22.12, 6.24, 13.61, 42.97, 14.36, 7.68, 8.83, 23.38, 49.14, 15.9, 12.09, 45.09, 20.66, 33.85, 62.6], [0, 25.81, 5.61, 53.02, 14.7, 9.3, 0.0, 24.23, 13.92, 10.46, 34.4, 14.8, 16.7, 9.53, 27.36, 39.87, 19.24, 6.77, 35.83, 16.1, 43.14, 70.95], [0, 27.53, 23.14, 39.81, 17.93, 22.12, 24.23, 0.0, 23.81, 22.44, 41.49, 9.48, 25.73, 14.94, 5.61, 56.01, 6.38, 30.75, 49.26, 15.75, 40.97, 75.1], [0, 22.71, 8.52, 50.4, 16.76, 6.24, 13.92, 23.81, 0.0, 7.36, 37.5, 14.68, 13.53, 8.88, 26.34, 42.9, 18.29, 7.15, 38.98, 17.83, 40.02, 67.84], [0, 15.35, 15.18, 43.54, 21.34, 13.61, 10.46, 22.44, 7.36, 0.0, 44.16, 15.02, 6.49, 9.67, 23.41, 50.26, 16.15, 12.9, 46.27, 21.68, 32.68, 61.43], [0, 58.81, 29.06, 80.64, 25.2, 42.97, 34.4, 41.49, 37.5, 44.16, 0.0, 36.33, 50.65, 36.99, 47.08, 20.83, 41.93, 37.23, 12.49, 26.59, 75.97, 105.35], [0, 24.89, 13.84, 44.52, 11.16, 14.36, 14.8, 9.48, 14.68, 15.02, 36.33, 0.0, 19.96, 5.91, 13.4, 48.39, 5.96, 21.42, 42.3, 9.86, 40.9, 73.31], [0, 9.64, 21.64, 39.51, 27.58, 7.68, 16.7, 25.73, 13.53, 6.49, 50.65, 19.96, 0.0, 15.41, 25.33, 56.16, 19.39, 17.65, 52.5, 27.71, 26.65, 54.98], [0, 22.07, 10.38, 45.56, 12.48, 8.83, 9.53, 14.94, 8.88, 9.67, 36.99, 5.91, 15.41, 0.0, 17.83, 46.54, 9.71, 15.84, 41.25, 12.34, 39.01, 69.99], [0, 25.12, 27.21, 34.29, 23.15, 23.38, 27.36, 5.61, 26.34, 23.41, 47.08, 13.4, 25.33, 17.83, 0.0, 61.2, 8.11, 33.48, 54.62, 21.09, 36.87, 71.44], [0, 65.58, 36.33, 92.1, 38.09, 49.14, 39.87, 56.01, 42.9, 50.26, 20.83, 48.39, 56.16, 46.54, 61.2, 0.0, 54.34, 39.05, 8.37, 40.29, 82.8, 107.32], [0, 21.97, 19.35, 38.74, 16.92, 15.9, 19.24, 6.38, 18.29, 16.15, 41.93, 5.96, 19.39, 9.71, 8.11, 54.34, 0.0, 25.4, 48.24, 15.33, 36.71, 70.13], [0, 27.29, 11.03, 56.42, 20.86, 12.09, 6.77, 30.75, 7.15, 12.9, 37.23, 21.42, 17.65, 15.84, 33.48, 39.05, 25.4, 0.0, 36.37, 22.52, 44.1, 69.13], [0, 61.58, 31.49, 86.62, 31.51, 45.09, 35.83, 49.26, 38.98, 46.27, 12.49, 42.3, 52.5, 41.25, 54.62, 8.37, 48.24, 36.37, 0.0, 33.54, 78.94, 105.47], [0, 34.09, 11.75, 54.06, 21.02, 20.66, 16.1, 15.75, 17.83, 21.68, 26.59, 9.86, 27.71, 12.34, 21.09, 40.29, 15.33, 22.52, 33.54, 0.0, 50.56, 82.27], [0, 17.36, 47.61, 21.68, 51.28, 33.85, 43.14, 40.97, 40.02, 32.68, 75.97, 40.9, 26.65, 39.01, 36.87, 82.8, 36.71, 44.1, 78.94, 50.56, 0.0, 34.87], [0, 0, 0, 0, 0, 0, 0, 0, 0, 0, 0, 0, 0, 0, 0, 0, 0, 0, 0, 0, 0, 0]], "end_depot": 21, "horizon": [0.0, 2000.0], "instance_name": "20_95_A_50_C10", "speed_zone_count": 73, "speed_zones": [[0.0, 15.0], [15.0, 30.0], [30.0, 45.0], [45.0, 60.0], [60.0, 75.0], [75.0, 90.0], [90.0, 105.0], [105.0, 120.0], [120.0, 135.0], [135.0, 150.0], [150.0, 165.0], [165.0, 180.0], [180.0, 195.0], [195.0, 210.0], [210.0, 225.0], [225.0, 240.0], [240.0, 255.0], [255.0, 270.0], [270.0, 285.0], [285.0, 300.0], [300.0, 315.0], [315.0, 330.0], [330.0, 345.0], [345.0, 360.0], [360.0, 375.0], [375.0, 390.0], [390.0, 405.0], [405.0, 420.0], [420.0, 435.0], [435.0, 450.0], [450.0, 465.0], [465.0, 480.0], [480.0, 495.0], [495.0, 510.0], [510.0, 525.0], [525.0, 540.0], [540.0, 555.0], [555.0, 570.0], [570.0, 585.0], [585.0, 600.0], [600.0, 615.0], [615.0, 630.0], [630.0, 645.0], [645.0, 660.0], [660.0, 675.0], [675.0, 690.0], [690.0, 705.0], [705.0, 720.0], [720.0, 735.0], [735.0, 750.0], [750.0, 765.0], [765.0, 780.0], [780.0, 795.0], [795.0, 810.0], [810.0, 825.0], [825.0, 840.0], [840.0, 855.0], [855.0, 870.0], [870.0, 885.0], [885.0, 900.0], [900.0, 915.0], [915.0, 930.0], [930.0, 945.0], [945.0, 960.0], [960.0, 975.0], [975.0, 990.0], [990.0, 1005.0], [1005.0, 1020.0], [1020.0, 1035.0], [1035.0, 1050.0], [1050.0, 1065.0], [1065.0, 1080.0], [1080.0, 2000.0]], "start_depot": 0, "time_windows": [[0.0, 1700.0], [7.0, 94.0], [27.0, 133.0], [77.0, 233.0], [149.0, 378.0], [166.0, 411.0], [174.0, 427.0], [193.0, 465.0], [226.0, 532.0], [239.0, 557.0], [287.0, 654.0], [315.0, 709.0], [329.0, 737.0], [339.0, 757.0], [353.0, 785.0], [413.0, 905.0], [458.0, 995.0], [474.0, 1027.0], [495.0, 1069.0], [514.0, 1107.0], [539.0, 1158.0], [0.0, 1700.0]], "vehicle_count": 1}