{"cluster_count": 3, "cluster_speeds": [[0.8325, 0.765, 0.8325, 0.9, 0.74925, 0.6885, 0.74925, 0.81, 0.41625, 0.3825, 0.41625, 0.45, 0.274725, 0.25245, 0.274725, 0.297, 0.333, 0.306, 0.333, 0.36, 0.4995, 0.459, 0.4995, 0.54, 0.6475, 0.595, 0.6475, 0.7, 0.37, 0.34, 0.37, 0.4, 0.30525, 0.2805, 0.30525, 0.33, 0.4625, 0.425, 0.4625, 0.5, 0.6475, 0.595, 0.6475, 0.7, 0.74, 0.68, 0.74, 0.8, 0.58275, 0.5355, 0.58275, 0.63, 0.41625, 0.3825, 0.41625, 0.45, 0.4995, 0.459, 0.4995, 0.54, 0.58275, 0.5355, 0.58275, 0.63, 0.74925, 0.6885, 0.74925, 0.81, 0.8325, 0.765, 0.8325, 0.9, 0.9], [0.87875, 0.8075, 0.87875, 0.95, 0.790875, 0.72675, 0.790875, 0.855, 0.439375, 0.40375, 0.439375, 0.475, 0.289988, 0.266475, 0.289988, 0.3135, 0.3515, 0.323, 0.3515, 0.38, 0.52725, 0.4845, 0.52725, 0.57, 0.6475, 0.595, 0.6475, 0.7, 0.37, 0.34, 0.37, 0.4, 0.30525, 0.2805, 0.30525, 0.33, 0.4625, 0.425, 0.4625, 0.5, 0.6475, 0.595, 0.6475, 0.7, 0.74, 0.68, 0.74, 0.8, 0.615125, 0.56525, 0.615125, 0.665, 0.439375, 0.40375, 0.439375, 0.475, 0.52725, 0.4845, 0.52725, 0.57, 0.615125, 0.56525, 0.615125, 0.665, 0.790875, 0.72675, 0.790875, 0.855, 0.87875, 0.8075, 0.87875, 0.95, 0.95], [0.925, 0.85, 0.925, 1.0, 0.8325, 0.765, 0.8325, 0.9, 0.4625, 0.425, 0.4625, 0.5, 0.30525, 0.2805, 0.30525, 0.33, 0.37, 0.34, 0.37, 0.4, 0.555, 0.51, 0.555, 0.6, 0.6475, 0.595, 0.6475, 0.7, 0.37, 0.34, 0.37, 0.4, 0.30525, 0.2805, 0.30525, 0.33, 0.4625, 0.425, 0.4625, 0.5, 0.6475, 0.595, 0.6475, 0.7, 0.74, 0.68, 0.74, 0.8, 0.6475, 0.595, 0.6475, 0.7, 0.4625, 0.425, 0.4625, 0.5, 0.555, 0.51, 0.555, 0.6, 0.6475, 0.595, 0.6475, 0.7, 0.8325, 0.765, 0.8325, 0.9, 0.925, 0.85, 0.925, 1.0, 1.0]], "clusters": [[-1, 2, 2, 2, 2, 2, 2, 2, 2, 2, 2, 2, 2, 2, 2, 2, 2, 2, 2, 2, 2, -1], [0, -1, 0, 0, 0, 0, 0, 0, 0, 0, 0, 0, 0, 0, 0, 0, 0, 0, 0, 0, 0, 0], [0, 0, -1, 0, 0, 0, 0, 0, 0, 0, 0, 0, 0, 0, 0, 0, 0, 0, 0, 0, 0, 0], [0, 0, 0, -1, 0, 0, 0, 0, 0, 0, 0, 0, 0, 0, 0, 0, 0, 0, 0, 0, 0, 0], [0, 0, 0, 0, -1, 0, 0, 0, 0, 0, 0, 0, 0, 0, 0, 0, 0, 0, 0, 0, 0, 0], [0, 0, 0, 0, 0, -1, 0, 0, 0, 0, 0, 0, 0, 0, 0, 0, 0, 0, 0, 0, 0, 0], [0, 0, 0, 0, 0, 0, -1, 0, 0, 0, 0, 0, 0, 0, 0, 0, 0, 0, 0, 0, 0, 0], [0, 0, 0, 0, 0, 0, 0, -1, 0, 0, 0, 0, 0, 0, 0, 0, 0, 0, 0, 0, 0, 0], [0, 0, 0, 0, 0, 0, 0, 0, -1, 0, 0, 0, 0, 0, 0, 0, 0, 0, 0, 0, 0, 0], [0, 0, 0, 0, 0, 0, 0, 0, 0, -1, 0, 0, 0, 0, 0, 0, 0, 0, 0, 0, 0, 0], [0, 0, 0, 0, 0, 0, 0, 0, 0, 0, -1, 0, 0, 0, 0, 0, 0, 0, 0, 0, 0, 0], [0, 0, 0, 0, 0, 0, 0, 0, 0, 0, 0, -1, 0, 0, 0, 0, 0, 0, 0, 0, 0, 0], [0, 0, 0, 0, 0, 0, 0, 0, 0, 0, 0, 0, -1, 0, 0, 0, 0, 0, 0, 0, 0, 0], [0, 0, 0, 0, 0, 0, 0, 0, 0, 0, 0, 0, 0, -1, 0, 0, 0, 0, 0, 0, 0, 0], [0, 0, 0, 0, 0, 0, 0, 0, 0, 0, 0, 0, 0, 0, -1, 0, 0, 0, 0, 0, 0, 0], [0, 0, 0, 0, 0, 0, 0, 0, 0, 0, 0, 0, 0, 0, 0, -1, 0, 0, 0, 0, 0, 0], [0, 0, 0, 0, 0, 0, 0, 0, 0, 0, 0, 0, 0, 0, 0, 0, -1, 0, 0, 0, 0, 0], [0, 0, 0, 0, 0, 0, 0, 0, 0, 0, 0, 0, 0, 0, 0, 0, 0, -1, 0, 0, 0, 0], [1, 1, 1, 1, 1, 1, 1, 1, 1, 1, 1, 1, 1, 1, 1, 1, 1, 1, -1, 1, 1, 1], [0, 0, 0, 0, 0, 0, 0, 0, 0, 0, 0, 0, 0, 0, 0, 0, 0, 0, 0, -1, 0, 0], [0, 0, 0, 0, 0, 0, 0, 0, 0, 0, 0, 0, 0, 0, 0, 0, 0, 0, 0, 0, -1, 0], [-1, 2, 2, 2, 2, 2, 2, 2, 2, 2, 2, 2, 2, 2, 2, 2, 2, 2, 2, 2, 2, -1]], "dataset_name": "guerriero_et_al_2014b", "digraph": {"arc_count": 420, "arcs": [[0, 1, 1, 1, 1, 1, 1, 1, 1, 1, 1, 1, 1, 1, 1, 1, 1, 1, 1, 1, 1, 0], [0, 0, 1, 1, 1, 1, 1, 1, 1, 1, 1, 1, 1, 1, 1, 1, 1, 1, 1, 1, 1, 1], [0, 1, 0, 1, 1, 1, 1, 1, 1, 1, 1, 1, 1, 1, 1, 1, 1, 1, 1, 1, 1, 1], [0, 1, 1, 0, 1, 1, 1, 1, 1, 1, 1, 1, 1, 1, 1, 1, 1, 1, 1, 1, 1, 1], [0, 1, 1, 1, 0, 1, 1, 1, 1, 1, 1, 1, 1, 1, 1, 1, 1, 1, 1, 1, 1, 1], [0, 1, 1, 1, 1, 0, 1, 1, 1, 1, 1, 1, 1, 1, 1, 1, 1, 1, 1, 1, 1, 1], [0, 1, 1, 1, 1, 1, 0, 1, 1, 1, 1, 1, 1, 1, 1, 1, 1, 1, 1, 1, 1, 1], [0, 1, 1, 1, 1, 1, 1, 0, 1, 1, 1, 1, 1, 1, 1, 1, 1, 1, 1, 1, 1, 1], [0, 1, 1, 1, 1, 1, 1, 1, 0, 1, 1, 1, 1, 1, 1, 1, 1, 1, 1, 1, 1, 1], [0, 1, 1, 1, 1, 1, 1, 1, 1, 0, 1, 1, 1, 1, 1, 1, 1, 1, 1, 1, 1, 1], [0, 1, 1, 1, 1, 1, 1, 1, 1, 1, 0, 1, 1, 1, 1, 1, 1, 1, 1, 1, 1, 1], [0, 1, 1, 1, 1, 1, 1, 1, 1, 1, 1, 0, 1, 1, 1, 1, 1, 1, 1, 1, 1, 1], [0, 1, 1, 1, 1, 1, 1, 1, 1, 1, 1, 1, 0, 1, 1, 1, 1, 1, 1, 1, 1, 1], [0, 1, 1, 1, 1, 1, 1, 1, 1, 1, 1, 1, 1, 0, 1, 1, 1, 1, 1, 1, 1, 1], [0, 1, 1, 1, 1, 1, 1, 1, 1, 1, 1, 1, 1, 1, 0, 1, 1, 1, 1, 1, 1, 1], [0, 1, 1, 1, 1, 1, 1, 1, 1, 1, 1, 1, 1, 1, 1, 0, 1, 1, 1, 1, 1, 1], [0, 1, 1, 1, 1, 1, 1, 1, 1, 1, 1, 1, 1, 1, 1, 1, 0, 1, 1, 1, 1, 1], [0, 1, 1, 1, 1, 1, 1, 1, 1, 1, 1, 1, 1, 1, 1, 1, 1, 0, 1, 1, 1, 1], [0, 1, 1, 1, 1, 1, 1, 1, 1, 1, 1, 1, 1, 1, 1, 1, 1, 1, 0, 1, 1, 1], [0, 1, 1, 1, 1, 1, 1, 1, 1, 1, 1, 1, 1, 1, 1, 1, 1, 1, 1, 0, 1, 1], [0, 1, 1, 1, 1, 1, 1, 1, 1, 1, 1, 1, 1, 1, 1, 1, 1, 1, 1, 1, 0, 1], [0, 0, 0, 0, 0, 0, 0, 0, 0, 0, 0, 0, 0, 0, 0, 0, 0, 0, 0, 0, 0, 0]], "vertex_count": 22}, "distances": [[0, 61.85, 70.63, 75.62, 71.65, 70.59, 61.02, 76.83, 73.31, 69.37, 67.8, 67.01, 69.17, 76.85, 72.63, 67.57, 81.5, 64.18, 88.28, 72.52, 74.7, 0], [0, 0.0, 19.18, 23.49, 13.97, 21.63, 10.0, 18.38, 23.69, 15.17, 6.74, 8.79, 16.79, 24.65, 20.06, 13.56, 23.45, 11.81, 30.56, 12.99, 23.4, 61.85], [0, 19.18, 0.0, 5.21, 7.82, 8.82, 11.5, 9.85, 4.51, 4.19, 14.75, 10.8, 11.41, 6.51, 9.1, 5.62, 12.38, 8.18, 18.1, 10.76, 4.62, 70.63], [0, 23.49, 5.21, 0.0, 10.33, 5.27, 16.62, 9.57, 9.72, 8.41, 18.21, 14.76, 7.32, 11.65, 13.32, 10.25, 9.72, 13.23, 13.93, 12.85, 9.47, 75.62], [0, 13.97, 7.82, 10.33, 0.0, 10.77, 10.66, 5.19, 11.66, 4.3, 8.0, 5.37, 6.27, 11.28, 7.52, 4.97, 10.13, 7.82, 17.27, 10.61, 10.62, 71.65], [0, 21.63, 8.82, 5.27, 10.77, 0.0, 13.18, 12.42, 11.92, 7.04, 17.57, 13.52, 5.02, 6.38, 11.21, 8.18, 14.21, 10.13, 19.15, 13.71, 4.2, 70.59], [0, 10.0, 11.5, 16.62, 10.66, 13.18, 0.0, 15.82, 15.72, 8.73, 9.95, 6.84, 9.31, 17.91, 13.09, 6.8, 20.52, 12.42, 27.47, 12.01, 16.12, 61.02], [0, 18.38, 9.85, 9.57, 5.19, 12.42, 15.82, 0.0, 12.11, 8.2, 11.81, 10.31, 9.49, 9.98, 8.47, 9.61, 5.11, 12.81, 12.27, 5.42, 10.38, 76.83], [0, 23.69, 4.51, 9.72, 11.66, 11.92, 15.72, 12.11, 0.0, 8.62, 19.09, 15.25, 6.9, 11.02, 13.53, 10.13, 12.87, 12.53, 17.05, 14.48, 9.13, 73.31], [0, 15.17, 4.19, 8.41, 4.3, 7.04, 8.73, 8.2, 8.62, 0.0, 10.56, 6.63, 10.58, 9.63, 4.9, 9.27, 12.23, 5.32, 18.92, 7.18, 8.24, 69.37], [0, 6.74, 14.75, 18.21, 8.0, 17.57, 9.95, 11.81, 19.09, 10.56, 0.0, 4.22, 12.55, 19.23, 15.09, 9.56, 16.83, 9.6, 23.88, 6.4, 18.36, 67.8], [0, 8.79, 10.8, 14.76, 5.37, 13.52, 6.84, 10.31, 15.25, 6.63, 4.22, 0.0, 8.51, 15.89, 11.41, 5.4, 15.39, 5.58, 22.55, 5.52, 14.75, 67.01], [0, 16.79, 11.41, 7.32, 6.27, 5.02, 9.31, 9.49, 6.9, 10.58, 12.55, 8.51, 0.0, 8.6, 13.44, 11.24, 12.91, 5.91, 19.2, 9.2, 6.89, 69.17], [0, 24.65, 6.51, 11.65, 11.28, 6.38, 17.91, 9.98, 11.02, 9.63, 19.23, 15.89, 8.6, 0.0, 4.83, 11.5, 9.45, 14.51, 13.06, 13.68, 10.57, 76.85], [0, 20.06, 9.1, 13.32, 7.52, 11.21, 13.09, 8.47, 13.53, 4.9, 15.09, 11.41, 13.44, 4.83, 0.0, 6.7, 10.48, 9.68, 16.06, 10.34, 13.14, 72.63], [0, 13.56, 5.62, 10.25, 4.97, 8.18, 6.8, 9.61, 10.13, 9.27, 9.56, 5.4, 11.24, 11.5, 6.7, 0.0, 13.95, 10.98, 20.76, 7.47, 9.98, 67.57], [0, 23.45, 12.38, 9.72, 10.13, 14.21, 20.52, 5.11, 12.87, 12.23, 16.83, 15.39, 12.91, 9.45, 10.48, 13.95, 0.0, 17.32, 7.17, 10.47, 10.84, 81.5], [0, 11.81, 8.18, 13.23, 7.82, 10.13, 12.42, 12.81, 12.53, 5.32, 9.6, 5.58, 5.91, 14.51, 9.68, 10.98, 17.32, 0.0, 24.17, 9.73, 12.78, 64.18], [0, 30.56, 18.1, 13.93, 17.27, 19.15, 27.47, 12.27, 17.05, 18.92, 23.88, 22.55, 19.2, 13.06, 16.06, 20.76, 7.17, 24.17, 0.0, 17.58, 15.09, 88.28], [0, 12.99, 10.76, 12.85, 10.61, 13.71, 12.01, 5.42, 14.48, 7.18, 6.4, 5.52, 9.2, 13.68, 10.34, 7.47, 10.47, 9.73, 17.58, 0.0, 13.28, 72.52], [0, 23.4, 4.62, 9.47, 10.62, 4.2, 16.12, 10.38, 9.13, 8.24, 18.36, 14.75, 6.89, 10.57, 13.14, 9.98, 10.84, 12.78, 15.09, 13.28, 0.0, 74.7], [0, 0, 0, 0, 0, 0, 0, 0, 0, 0, 0, 0, 0, 0, 0, 0, 0, 0, 0, 0, 0, 0]], "end_depot": 21, "horizon": [0.0, 2000.0], "instance_name": "20_90_B_50_A8", "speed_zone_count": 73, "speed_zones": [[0.0, 15.0], [15.0, 30.0], [30.0, 45.0], [45.0, 60.0], [60.0, 75.0], [75.0, 90.0], [90.0, 105.0], [105.0, 120.0], [120.0, 135.0], [135.0, 150.0], [150.0, 165.0], [165.0, 180.0], [180.0, 195.0], [195.0, 210.0], [210.0, 225.0], [225.0, 240.0], [240.0, 255.0], [255.0, 270.0], [270.0, 285.0], [285.0, 300.0], [300.0, 315.0], [315.0, 330.0], [330.0, 345.0], [345.0, 360.0], [360.0, 375.0], [375.0, 390.0], [390.0, 405.0], [405.0, 420.0], [420.0, 435.0], [435.0, 450.0], [450.0, 465.0], [465.0, 480.0], [480.0, 495.0], [495.0, 510.0], [510.0, 525.0], [525.0, 540.0], [540.0, 555.0], [555.0, 570.0], [570.0, 585.0], [585.0, 600.0], [600.0, 615.0], [615.0, 630.0], [630.0, 645.0], [645.0, 660.0], [660.0, 675.0], [675.0, 690.0], [690.0, 705.0], [705.0, 720.0], [720.0, 735.0], [735.0, 750.0], [750.0, 765.0], [765.0, 780.0], [780.0, 795.0], [795.0, 810.0], [810.0, 825.0], [825.0, 840.0], [840.0, 855.0], [855.0, 870.0], [870.0, 885.0], [885.0, 900.0], [900.0, 915.0], [915.0, 930.0], [930.0, 945.0], [945.0, 960.0], [960.0, 975.0], [975.0, 990.0], [990.0, 1005.0], [1005.0, 1020.0], [1020.0, 1035.0], [1035.0, 1050.0], [1050.0, 1065.0], [1065.0, 1080.0], [1080.0, 2000.0]], "start_depot": 0, "time_windows": [[0.0, 1700.0], [14.0, 108.0], [28.0, 135.0], [31.0, 142.0], [38.0, 155.0], [48.0, 176.0], [64.0, 208.0], [90.0, 259.0], [109.0, 298.0], [123.0, 325.0], [136.0, 351.0], [140.0, 359.0], [149.0, 377.0], [157.0, 394.0], [161.0, 402.0], [167.0, 413.0], [178.0, 436.0], [191.0, 462.0], [224.0, 528.0], [252.0, 584.0], [267.0, 614.0], [0.0, 1700.0]], "vehicle_count": 1}