{"cluster_count": 3, "cluster_speeds": [[0.925, 0.85, 0.925, 1.0, 0.8325, 0.765, 0.8325, 0.9, 0.4625, 0.425, 0.4625, 0.5, 0.30525, 0.2805, 0.30525, 0.33, 0.37, 0.34, 0.37, 0.4, 0.555, 0.51, 0.555, 0.6, 0.6475, 0.595, 0.6475, 0.7, 0.37, 0.34, 0.37, 0.4, 0.30525, 0.2805, 0.30525, 0.33, 0.4625, 0.425, 0.4625, 0.5, 0.6475, 0.595, 0.6475, 0.7, 0.74, 0.68, 0.74, 0.8, 0.6475, 0.595, 0.6475, 0.7, 0.4625, 0.425, 0.4625, 0.5, 0.555, 0.51, 0.555, 0.6, 0.6475, 0.595, 0.6475, 0.7, 0.8325, 0.765, 0.8325, 0.9, 0.925, 0.85, 0.925, 1.0, 1.0], [0.87875, 0.8075, 0.87875, 0.95, 0.790875, 0.72675, 0.790875, 0.855, 0.439375, 0.40375, 0.439375, 0.475, 0.289988, 0.266475, 0.289988, 0.3135, 0.3515, 0.323, 0.3515, 0.38, 0.52725, 0.4845, 0.52725, 0.57, 0.6475, 0.595, 0.6475, 0.7, 0.37, 0.34, 0.37, 0.4, 0.30525, 0.2805, 0.30525, 0.33, 0.4625, 0.425, 0.4625, 0.5, 0.6475, 0.595, 0.6475, 0.7, 0.74, 0.68, 0.74, 0.8, 0.615125, 0.56525, 0.615125, 0.665, 0.439375, 0.40375, 0.439375, 0.475, 0.52725, 0.4845, 0.52725, 0.57, 0.615125, 0.56525, 0.615125, 0.665, 0.790875, 0.72675, 0.790875, 0.855, 0.87875, 0.8075, 0.87875, 0.95, 0.95], [0.9065, 0.833, 0.9065, 0.98, 0.81585, 0.7497, 0.81585, 0.882, 0.45325, 0.4165, 0.45325, 0.49, 0.299145, 0.27489, 0.299145, 0.3234, 0.3626, 0.3332, 0.3626, 0.392, 0.5439, 0.4998, 0.5439, 0.588, 0.6475, 0.595, 0.6475, 0.7, 0.37, 0.34, 0.37, 0.4, 0.30525, 0.2805, 0.30525, 0.33, 0.4625, 0.425, 0.4625, 0.5, 0.6475, 0.595, 0.6475, 0.7, 0.74, 0.68, 0.74, 0.8, 0.63455, 0.5831, 0.63455, 0.686, 0.45325, 0.4165, 0.45325, 0.49, 0.5439, 0.4998, 0.5439, 0.588, 0.63455, 0.5831, 0.63455, 0.686, 0.81585, 0.7497, 0.81585, 0.882, 0.9065, 0.833, 0.9065, 0.98, 0.98]], "clusters": [[-1, 2, 2, 2, 2, 2, 2, 2, 2, 2, 2, 2, 2, 2, 2, 2, 2, 2, 2, 2, 2, -1], [0, -1, 0, 0, 0, 0, 0, 0, 0, 0, 0, 0, 0, 0, 0, 0, 0, 0, 0, 0, 0, 0], [0, 0, -1, 0, 0, 0, 0, 0, 0, 0, 0, 0, 0, 0, 0, 0, 0, 0, 0, 0, 0, 0], [0, 0, 0, -1, 0, 0, 0, 0, 0, 0, 0, 0, 0, 0, 0, 0, 0, 0, 0, 0, 0, 0], [0, 0, 0, 0, -1, 0, 0, 0, 0, 0, 0, 0, 0, 0, 0, 0, 0, 0, 0, 0, 0, 0], [1, 1, 1, 1, 1, -1, 1, 1, 1, 1, 1, 1, 1, 1, 1, 1, 1, 1, 1, 1, 1, 1], [0, 0, 0, 0, 0, 0, -1, 0, 0, 0, 0, 0, 0, 0, 0, 0, 0, 0, 0, 0, 0, 0], [0, 0, 0, 0, 0, 0, 0, -1, 0, 0, 0, 0, 0, 0, 0, 0, 0, 0, 0, 0, 0, 0], [1, 1, 1, 1, 1, 1, 1, 1, -1, 1, 1, 1, 1, 1, 1, 1, 1, 1, 1, 1, 1, 1], [0, 0, 0, 0, 0, 0, 0, 0, 0, -1, 0, 0, 0, 0, 0, 0, 0, 0, 0, 0, 0, 0], [1, 1, 1, 1, 1, 1, 1, 1, 1, 1, -1, 1, 1, 1, 1, 1, 1, 1, 1, 1, 1, 1], [0, 0, 0, 0, 0, 0, 0, 0, 0, 0, 0, -1, 0, 0, 0, 0, 0, 0, 0, 0, 0, 0], [0, 0, 0, 0, 0, 0, 0, 0, 0, 0, 0, 0, -1, 0, 0, 0, 0, 0, 0, 0, 0, 0], [0, 0, 0, 0, 0, 0, 0, 0, 0, 0, 0, 0, 0, -1, 0, 0, 0, 0, 0, 0, 0, 0], [0, 0, 0, 0, 0, 0, 0, 0, 0, 0, 0, 0, 0, 0, -1, 0, 0, 0, 0, 0, 0, 0], [0, 0, 0, 0, 0, 0, 0, 0, 0, 0, 0, 0, 0, 0, 0, -1, 0, 0, 0, 0, 0, 0], [0, 0, 0, 0, 0, 0, 0, 0, 0, 0, 0, 0, 0, 0, 0, 0, -1, 0, 0, 0, 0, 0], [0, 0, 0, 0, 0, 0, 0, 0, 0, 0, 0, 0, 0, 0, 0, 0, 0, -1, 0, 0, 0, 0], [0, 0, 0, 0, 0, 0, 0, 0, 0, 0, 0, 0, 0, 0, 0, 0, 0, 0, -1, 0, 0, 0], [0, 0, 0, 0, 0, 0, 0, 0, 0, 0, 0, 0, 0, 0, 0, 0, 0, 0, 0, -1, 0, 0], [0, 0, 0, 0, 0, 0, 0, 0, 0, 0, 0, 0, 0, 0, 0, 0, 0, 0, 0, 0, -1, 0], [-1, 2, 2, 2, 2, 2, 2, 2, 2, 2, 2, 2, 2, 2, 2, 2, 2, 2, 2, 2, 2, -1]], "dataset_name": "guerriero_et_al_2014b", "digraph": {"arc_count": 420, "arcs": [[0, 1, 1, 1, 1, 1, 1, 1, 1, 1, 1, 1, 1, 1, 1, 1, 1, 1, 1, 1, 1, 0], [0, 0, 1, 1, 1, 1, 1, 1, 1, 1, 1, 1, 1, 1, 1, 1, 1, 1, 1, 1, 1, 1], [0, 1, 0, 1, 1, 1, 1, 1, 1, 1, 1, 1, 1, 1, 1, 1, 1, 1, 1, 1, 1, 1], [0, 1, 1, 0, 1, 1, 1, 1, 1, 1, 1, 1, 1, 1, 1, 1, 1, 1, 1, 1, 1, 1], [0, 1, 1, 1, 0, 1, 1, 1, 1, 1, 1, 1, 1, 1, 1, 1, 1, 1, 1, 1, 1, 1], [0, 1, 1, 1, 1, 0, 1, 1, 1, 1, 1, 1, 1, 1, 1, 1, 1, 1, 1, 1, 1, 1], [0, 1, 1, 1, 1, 1, 0, 1, 1, 1, 1, 1, 1, 1, 1, 1, 1, 1, 1, 1, 1, 1], [0, 1, 1, 1, 1, 1, 1, 0, 1, 1, 1, 1, 1, 1, 1, 1, 1, 1, 1, 1, 1, 1], [0, 1, 1, 1, 1, 1, 1, 1, 0, 1, 1, 1, 1, 1, 1, 1, 1, 1, 1, 1, 1, 1], [0, 1, 1, 1, 1, 1, 1, 1, 1, 0, 1, 1, 1, 1, 1, 1, 1, 1, 1, 1, 1, 1], [0, 1, 1, 1, 1, 1, 1, 1, 1, 1, 0, 1, 1, 1, 1, 1, 1, 1, 1, 1, 1, 1], [0, 1, 1, 1, 1, 1, 1, 1, 1, 1, 1, 0, 1, 1, 1, 1, 1, 1, 1, 1, 1, 1], [0, 1, 1, 1, 1, 1, 1, 1, 1, 1, 1, 1, 0, 1, 1, 1, 1, 1, 1, 1, 1, 1], [0, 1, 1, 1, 1, 1, 1, 1, 1, 1, 1, 1, 1, 0, 1, 1, 1, 1, 1, 1, 1, 1], [0, 1, 1, 1, 1, 1, 1, 1, 1, 1, 1, 1, 1, 1, 0, 1, 1, 1, 1, 1, 1, 1], [0, 1, 1, 1, 1, 1, 1, 1, 1, 1, 1, 1, 1, 1, 1, 0, 1, 1, 1, 1, 1, 1], [0, 1, 1, 1, 1, 1, 1, 1, 1, 1, 1, 1, 1, 1, 1, 1, 0, 1, 1, 1, 1, 1], [0, 1, 1, 1, 1, 1, 1, 1, 1, 1, 1, 1, 1, 1, 1, 1, 1, 0, 1, 1, 1, 1], [0, 1, 1, 1, 1, 1, 1, 1, 1, 1, 1, 1, 1, 1, 1, 1, 1, 1, 0, 1, 1, 1], [0, 1, 1, 1, 1, 1, 1, 1, 1, 1, 1, 1, 1, 1, 1, 1, 1, 1, 1, 0, 1, 1], [0, 1, 1, 1, 1, 1, 1, 1, 1, 1, 1, 1, 1, 1, 1, 1, 1, 1, 1, 1, 0, 1], [0, 0, 0, 0, 0, 0, 0, 0, 0, 0, 0, 0, 0, 0, 0, 0, 0, 0, 0, 0, 0, 0]], "vertex_count": 22}, "distances": [[0, 71.94, 62.84, 70.35, 70.43, 88.04, 70.21, 69.54, 87.55, 76.49, 52.02, 78.45, 79.88, 72.83, 67.05, 57.23, 64.23, 76.92, 71.17, 69.93, 71.68, 0], [0, 0.0, 9.98, 11.04, 6.7, 24.19, 12.61, 10.71, 21.15, 4.94, 20.45, 7.49, 8.77, 6.47, 6.8, 15.07, 7.81, 5.24, 6.31, 10.26, 9.92, 71.94], [0, 9.98, 0.0, 7.7, 12.66, 28.08, 9.7, 8.83, 26.25, 13.86, 13.32, 15.64, 17.06, 10.17, 4.24, 8.76, 8.52, 14.33, 12.95, 8.91, 9.53, 62.84], [0, 11.04, 7.7, 0.0, 8.91, 23.27, 4.86, 7.92, 20.62, 6.18, 19.5, 8.18, 9.59, 4.57, 10.49, 14.22, 6.21, 6.64, 8.71, 7.51, 10.5, 70.35], [0, 6.7, 12.66, 8.91, 0.0, 30.6, 13.78, 16.74, 27.31, 10.55, 18.43, 13.19, 14.18, 13.12, 11.47, 13.44, 9.67, 10.6, 13.01, 16.37, 7.2, 70.43], [0, 24.19, 28.08, 23.27, 30.6, 0.0, 27.18, 19.52, 4.18, 20.14, 41.4, 17.63, 17.0, 18.83, 24.3, 36.59, 28.49, 20.19, 30.02, 19.3, 23.87, 88.04], [0, 12.61, 9.7, 4.86, 13.78, 27.18, 0.0, 12.71, 24.12, 7.68, 18.36, 10.31, 11.52, 9.16, 7.69, 13.02, 6.95, 7.89, 13.57, 12.33, 12.66, 70.21], [0, 10.71, 8.83, 7.92, 16.74, 19.52, 12.71, 0.0, 18.18, 11.27, 22.05, 11.51, 12.67, 5.34, 5.99, 17.58, 10.12, 11.77, 16.6, 10.12, 10.09, 69.54], [0, 21.15, 26.25, 20.62, 27.31, 4.18, 24.12, 18.18, 0.0, 16.76, 39.47, 14.15, 13.35, 16.43, 22.23, 34.45, 26.26, 16.75, 26.69, 17.86, 20.91, 87.55], [0, 4.94, 13.86, 6.18, 10.55, 20.14, 7.68, 11.27, 16.76, 0.0, 25.29, 12.3, 13.59, 5.93, 9.91, 19.93, 12.26, 10.18, 9.93, 10.71, 4.98, 76.49], [0, 20.45, 13.32, 19.5, 18.43, 41.4, 18.36, 22.05, 39.47, 25.29, 0.0, 27.61, 28.99, 23.12, 17.24, 5.37, 13.37, 25.65, 19.16, 22.18, 20.31, 52.02], [0, 7.49, 15.64, 8.18, 13.19, 17.63, 10.31, 11.51, 14.15, 12.3, 27.61, 0.0, 14.03, 6.37, 11.49, 22.27, 14.38, 12.73, 12.55, 10.94, 7.44, 78.45], [0, 8.77, 17.06, 9.59, 14.18, 17.0, 11.52, 12.67, 13.35, 13.59, 28.99, 14.03, 0.0, 7.66, 12.9, 23.65, 15.8, 14.02, 13.5, 12.11, 8.77, 79.88], [0, 6.47, 10.17, 4.57, 13.12, 18.83, 9.16, 5.34, 16.43, 5.93, 23.12, 6.37, 7.66, 0.0, 5.96, 18.03, 9.83, 6.43, 12.78, 4.78, 5.93, 72.83], [0, 6.8, 4.24, 10.49, 11.47, 24.3, 7.69, 5.99, 22.23, 9.91, 17.24, 11.49, 12.9, 5.96, 0.0, 12.29, 4.28, 10.4, 11.5, 5.83, 6.23, 67.05], [0, 15.07, 8.76, 14.22, 13.44, 36.59, 13.02, 17.58, 34.45, 19.93, 5.37, 22.27, 23.65, 18.03, 12.29, 0.0, 8.2, 20.28, 14.12, 17.63, 14.95, 57.23], [0, 7.81, 8.52, 6.21, 9.67, 28.49, 6.95, 10.12, 26.26, 12.26, 13.37, 14.38, 15.8, 9.83, 4.28, 8.2, 0.0, 12.69, 9.99, 10.03, 7.49, 64.23], [0, 5.24, 14.33, 6.64, 10.6, 20.19, 7.89, 11.77, 16.75, 10.18, 25.65, 12.73, 14.02, 6.43, 10.4, 20.28, 12.69, 0.0, 9.95, 11.21, 5.34, 76.92], [0, 6.31, 12.95, 8.71, 13.01, 30.02, 13.57, 16.6, 26.69, 9.93, 19.16, 12.55, 13.5, 12.78, 11.5, 14.12, 9.99, 9.95, 0.0, 16.21, 6.85, 71.17], [0, 10.26, 8.91, 7.51, 16.37, 19.3, 12.33, 10.12, 17.86, 10.71, 22.18, 10.94, 12.11, 4.78, 5.83, 17.63, 10.03, 11.21, 16.21, 0.0, 9.64, 69.93], [0, 9.92, 9.53, 10.5, 7.2, 23.87, 12.66, 10.09, 20.91, 4.98, 20.31, 7.44, 8.77, 5.93, 6.23, 14.95, 7.49, 5.34, 6.85, 9.64, 0.0, 71.68], [0, 0, 0, 0, 0, 0, 0, 0, 0, 0, 0, 0, 0, 0, 0, 0, 0, 0, 0, 0, 0, 0]], "end_depot": 21, "horizon": [0.0, 2000.0], "instance_name": "20_95_A_50_A3", "speed_zone_count": 73, "speed_zones": [[0.0, 15.0], [15.0, 30.0], [30.0, 45.0], [45.0, 60.0], [60.0, 75.0], [75.0, 90.0], [90.0, 105.0], [105.0, 120.0], [120.0, 135.0], [135.0, 150.0], [150.0, 165.0], [165.0, 180.0], [180.0, 195.0], [195.0, 210.0], [210.0, 225.0], [225.0, 240.0], [240.0, 255.0], [255.0, 270.0], [270.0, 285.0], [285.0, 300.0], [300.0, 315.0], [315.0, 330.0], [330.0, 345.0], [345.0, 360.0], [360.0, 375.0], [375.0, 390.0], [390.0, 405.0], [405.0, 420.0], [420.0, 435.0], [435.0, 450.0], [450.0, 465.0], [465.0, 480.0], [480.0, 495.0], [495.0, 510.0], [510.0, 525.0], [525.0, 540.0], [540.0, 555.0], [555.0, 570.0], [570.0, 585.0], [585.0, 600.0], [600.0, 615.0], [615.0, 630.0], [630.0, 645.0], [645.0, 660.0], [660.0, 675.0], [675.0, 690.0], [690.0, 705.0], [705.0, 720.0], [720.0, 735.0], [735.0, 750.0], [750.0, 765.0], [765.0, 780.0], [780.0, 795.0], [795.0, 810.0], [810.0, 825.0], [825.0, 840.0], [840.0, 855.0], [855.0, 870.0], [870.0, 885.0], [885.0, 900.0], [900.0, 915.0], [915.0, 930.0], [930.0, 945.0], [945.0, 960.0], [960.0, 975.0], [975.0, 990.0], [990.0, 1005.0], [1005.0, 1020.0], [1020.0, 1035.0], [1035.0, 1050.0], [1050.0, 1065.0], [1065.0, 1080.0], [1080.0, 2000.0]], "start_depot": 0, "time_windows": [[0.0, 1700.0], [22.0, 123.0], [28.0, 135.0], [32.0, 144.0], [37.0, 154.0], [68.0, 215.0], [111.0, 302.0], [128.0, 336.0], [146.0, 371.0], [161.0, 402.0], [181.0, 442.0], [211.0, 502.0], [232.0, 543.0], [244.0, 568.0], [253.0, 585.0], [266.0, 612.0], [275.0, 630.0], [286.0, 652.0], [294.0, 668.0], [307.0, 693.0], [313.0, 706.0], [0.0, 1700.0]], "vehicle_count": 1}