{"cluster_count": 3, "cluster_speeds": [[0.87875, 0.8075, 0.87875, 0.95, 0.790875, 0.72675, 0.790875, 0.855, 0.439375, 0.40375, 0.439375, 0.475, 0.289988, 0.266475, 0.289988, 0.3135, 0.3515, 0.323, 0.3515, 0.38, 0.52725, 0.4845, 0.52725, 0.57, 0.6475, 0.595, 0.6475, 0.7, 0.37, 0.34, 0.37, 0.4, 0.30525, 0.2805, 0.30525, 0.33, 0.4625, 0.425, 0.4625, 0.5, 0.6475, 0.595, 0.6475, 0.7, 0.74, 0.68, 0.74, 0.8, 0.615125, 0.56525, 0.615125, 0.665, 0.439375, 0.40375, 0.439375, 0.475, 0.52725, 0.4845, 0.52725, 0.57, 0.615125, 0.56525, 0.615125, 0.665, 0.790875, 0.72675, 0.790875, 0.855, 0.87875, 0.8075, 0.87875, 0.95, 0.95], [0.89725, 0.8245, 0.89725, 0.97, 0.807525, 0.74205, 0.807525, 0.873, 0.448625, 0.41225, 0.448625, 0.485, 0.296093, 0.272085, 0.296093, 0.3201, 0.3589, 0.3298, 0.3589, 0.388, 0.53835, 0.4947, 0.53835, 0.582, 0.6475, 0.595, 0.6475, 0.7, 0.37, 0.34, 0.37, 0.4, 0.30525, 0.2805, 0.30525, 0.33, 0.4625, 0.425, 0.4625, 0.5, 0.6475, 0.595, 0.6475, 0.7, 0.74, 0.68, 0.74, 0.8, 0.628075, 0.57715, 0.628075, 0.679, 0.448625, 0.41225, 0.448625, 0.485, 0.53835, 0.4947, 0.53835, 0.582, 0.628075, 0.57715, 0.628075, 0.679, 0.807525, 0.74205, 0.807525, 0.873, 0.89725, 0.8245, 0.89725, 0.97, 0.97], [0.925, 0.85, 0.925, 1.0, 0.8325, 0.765, 0.8325, 0.9, 0.4625, 0.425, 0.4625, 0.5, 0.30525, 0.2805, 0.30525, 0.33, 0.37, 0.34, 0.37, 0.4, 0.555, 0.51, 0.555, 0.6, 0.6475, 0.595, 0.6475, 0.7, 0.37, 0.34, 0.37, 0.4, 0.30525, 0.2805, 0.30525, 0.33, 0.4625, 0.425, 0.4625, 0.5, 0.6475, 0.595, 0.6475, 0.7, 0.74, 0.68, 0.74, 0.8, 0.6475, 0.595, 0.6475, 0.7, 0.4625, 0.425, 0.4625, 0.5, 0.555, 0.51, 0.555, 0.6, 0.6475, 0.595, 0.6475, 0.7, 0.8325, 0.765, 0.8325, 0.9, 0.925, 0.85, 0.925, 1.0, 1.0]], "clusters": [[-1, 2, 2, 2, 2, 2, 2, 2, 2, 2, 2, 2, 2, 2, 2, 2, 2, 2, 2, 2, 2, -1], [0, -1, 0, 0, 0, 0, 0, 0, 0, 0, 0, 0, 0, 0, 0, 0, 0, 0, 0, 0, 0, 0], [0, 0, -1, 0, 0, 0, 0, 0, 0, 0, 0, 0, 0, 0, 0, 0, 0, 0, 0, 0, 0, 0], [1, 1, 1, -1, 1, 1, 1, 1, 1, 1, 1, 1, 1, 1, 1, 1, 1, 1, 1, 1, 1, 1], [0, 0, 0, 0, -1, 0, 0, 0, 0, 0, 0, 0, 0, 0, 0, 0, 0, 0, 0, 0, 0, 0], [0, 0, 0, 0, 0, -1, 0, 0, 0, 0, 0, 0, 0, 0, 0, 0, 0, 0, 0, 0, 0, 0], [0, 0, 0, 0, 0, 0, -1, 0, 0, 0, 0, 0, 0, 0, 0, 0, 0, 0, 0, 0, 0, 0], [1, 1, 1, 1, 1, 1, 1, -1, 1, 1, 1, 1, 1, 1, 1, 1, 1, 1, 1, 1, 1, 1], [0, 0, 0, 0, 0, 0, 0, 0, -1, 0, 0, 0, 0, 0, 0, 0, 0, 0, 0, 0, 0, 0], [0, 0, 0, 0, 0, 0, 0, 0, 0, -1, 0, 0, 0, 0, 0, 0, 0, 0, 0, 0, 0, 0], [0, 0, 0, 0, 0, 0, 0, 0, 0, 0, -1, 0, 0, 0, 0, 0, 0, 0, 0, 0, 0, 0], [0, 0, 0, 0, 0, 0, 0, 0, 0, 0, 0, -1, 0, 0, 0, 0, 0, 0, 0, 0, 0, 0], [0, 0, 0, 0, 0, 0, 0, 0, 0, 0, 0, 0, -1, 0, 0, 0, 0, 0, 0, 0, 0, 0], [0, 0, 0, 0, 0, 0, 0, 0, 0, 0, 0, 0, 0, -1, 0, 0, 0, 0, 0, 0, 0, 0], [0, 0, 0, 0, 0, 0, 0, 0, 0, 0, 0, 0, 0, 0, -1, 0, 0, 0, 0, 0, 0, 0], [0, 0, 0, 0, 0, 0, 0, 0, 0, 0, 0, 0, 0, 0, 0, -1, 0, 0, 0, 0, 0, 0], [0, 0, 0, 0, 0, 0, 0, 0, 0, 0, 0, 0, 0, 0, 0, 0, -1, 0, 0, 0, 0, 0], [0, 0, 0, 0, 0, 0, 0, 0, 0, 0, 0, 0, 0, 0, 0, 0, 0, -1, 0, 0, 0, 0], [1, 1, 1, 1, 1, 1, 1, 1, 1, 1, 1, 1, 1, 1, 1, 1, 1, 1, -1, 1, 1, 1], [1, 1, 1, 1, 1, 1, 1, 1, 1, 1, 1, 1, 1, 1, 1, 1, 1, 1, 1, -1, 1, 1], [0, 0, 0, 0, 0, 0, 0, 0, 0, 0, 0, 0, 0, 0, 0, 0, 0, 0, 0, 0, -1, 0], [-1, 2, 2, 2, 2, 2, 2, 2, 2, 2, 2, 2, 2, 2, 2, 2, 2, 2, 2, 2, 2, -1]], "dataset_name": "guerriero_et_al_2014b", "digraph": {"arc_count": 420, "arcs": [[0, 1, 1, 1, 1, 1, 1, 1, 1, 1, 1, 1, 1, 1, 1, 1, 1, 1, 1, 1, 1, 0], [0, 0, 1, 1, 1, 1, 1, 1, 1, 1, 1, 1, 1, 1, 1, 1, 1, 1, 1, 1, 1, 1], [0, 1, 0, 1, 1, 1, 1, 1, 1, 1, 1, 1, 1, 1, 1, 1, 1, 1, 1, 1, 1, 1], [0, 1, 1, 0, 1, 1, 1, 1, 1, 1, 1, 1, 1, 1, 1, 1, 1, 1, 1, 1, 1, 1], [0, 1, 1, 1, 0, 1, 1, 1, 1, 1, 1, 1, 1, 1, 1, 1, 1, 1, 1, 1, 1, 1], [0, 1, 1, 1, 1, 0, 1, 1, 1, 1, 1, 1, 1, 1, 1, 1, 1, 1, 1, 1, 1, 1], [0, 1, 1, 1, 1, 1, 0, 1, 1, 1, 1, 1, 1, 1, 1, 1, 1, 1, 1, 1, 1, 1], [0, 1, 1, 1, 1, 1, 1, 0, 1, 1, 1, 1, 1, 1, 1, 1, 1, 1, 1, 1, 1, 1], [0, 1, 1, 1, 1, 1, 1, 1, 0, 1, 1, 1, 1, 1, 1, 1, 1, 1, 1, 1, 1, 1], [0, 1, 1, 1, 1, 1, 1, 1, 1, 0, 1, 1, 1, 1, 1, 1, 1, 1, 1, 1, 1, 1], [0, 1, 1, 1, 1, 1, 1, 1, 1, 1, 0, 1, 1, 1, 1, 1, 1, 1, 1, 1, 1, 1], [0, 1, 1, 1, 1, 1, 1, 1, 1, 1, 1, 0, 1, 1, 1, 1, 1, 1, 1, 1, 1, 1], [0, 1, 1, 1, 1, 1, 1, 1, 1, 1, 1, 1, 0, 1, 1, 1, 1, 1, 1, 1, 1, 1], [0, 1, 1, 1, 1, 1, 1, 1, 1, 1, 1, 1, 1, 0, 1, 1, 1, 1, 1, 1, 1, 1], [0, 1, 1, 1, 1, 1, 1, 1, 1, 1, 1, 1, 1, 1, 0, 1, 1, 1, 1, 1, 1, 1], [0, 1, 1, 1, 1, 1, 1, 1, 1, 1, 1, 1, 1, 1, 1, 0, 1, 1, 1, 1, 1, 1], [0, 1, 1, 1, 1, 1, 1, 1, 1, 1, 1, 1, 1, 1, 1, 1, 0, 1, 1, 1, 1, 1], [0, 1, 1, 1, 1, 1, 1, 1, 1, 1, 1, 1, 1, 1, 1, 1, 1, 0, 1, 1, 1, 1], [0, 1, 1, 1, 1, 1, 1, 1, 1, 1, 1, 1, 1, 1, 1, 1, 1, 1, 0, 1, 1, 1], [0, 1, 1, 1, 1, 1, 1, 1, 1, 1, 1, 1, 1, 1, 1, 1, 1, 1, 1, 0, 1, 1], [0, 1, 1, 1, 1, 1, 1, 1, 1, 1, 1, 1, 1, 1, 1, 1, 1, 1, 1, 1, 0, 1], [0, 0, 0, 0, 0, 0, 0, 0, 0, 0, 0, 0, 0, 0, 0, 0, 0, 0, 0, 0, 0, 0]], "vertex_count": 22}, "distances": [[0, 82.77, 62.03, 83.02, 71.94, 77.11, 64.17, 81.56, 64.12, 59.69, 63.89, 84.26, 71.68, 79.5, 66.36, 82.81, 78.96, 71.5, 58.65, 56.55, 67.09, 0], [0, 0.0, 20.76, 20.87, 11.25, 11.65, 18.61, 15.53, 23.8, 23.09, 18.91, 10.52, 15.33, 9.26, 16.44, 4.56, 4.85, 17.82, 26.93, 27.47, 18.23, 82.77], [0, 20.76, 0.0, 28.13, 10.11, 17.79, 15.95, 24.06, 12.4, 11.37, 15.74, 22.29, 12.9, 17.48, 4.56, 21.29, 17.24, 14.77, 10.38, 8.54, 9.01, 62.03], [0, 20.87, 28.13, 0.0, 25.03, 11.61, 25.94, 5.44, 38.0, 29.64, 25.91, 20.09, 31.98, 22.21, 24.33, 16.34, 17.88, 34.98, 38.19, 36.66, 32.2, 83.02], [0, 11.25, 10.11, 25.03, 0.0, 13.42, 8.39, 19.89, 13.61, 12.42, 8.76, 12.96, 7.08, 7.72, 6.63, 13.08, 9.07, 10.08, 15.85, 16.23, 7.67, 71.94], [0, 11.65, 17.79, 11.61, 13.42, 0.0, 15.43, 6.59, 26.54, 19.69, 15.5, 11.72, 20.38, 11.65, 13.51, 8.12, 7.29, 23.39, 27.27, 26.22, 20.67, 77.11], [0, 18.61, 15.95, 25.94, 8.39, 15.43, 0.0, 21.76, 13.51, 4.59, 8.96, 20.1, 12.39, 15.44, 11.39, 18.96, 14.94, 14.64, 12.33, 10.82, 9.16, 64.17], [0, 15.53, 24.06, 5.44, 19.89, 6.59, 21.76, 0.0, 33.13, 25.81, 21.79, 14.87, 26.73, 16.77, 19.94, 11.04, 12.44, 29.72, 33.78, 32.57, 27.25, 81.56], [0, 23.8, 12.4, 38.0, 13.61, 26.54, 13.51, 33.13, 0.0, 12.85, 13.75, 25.61, 8.78, 20.26, 14.25, 26.49, 22.61, 7.56, 5.79, 9.08, 5.95, 64.12], [0, 23.09, 11.37, 29.64, 12.42, 19.69, 4.59, 25.81, 12.85, 0.0, 4.37, 24.62, 14.69, 19.83, 6.8, 23.54, 19.52, 16.28, 9.76, 7.21, 10.46, 59.69], [0, 18.91, 15.74, 25.91, 8.76, 15.5, 8.96, 21.79, 13.75, 4.37, 0.0, 20.38, 12.77, 15.76, 11.18, 19.18, 15.18, 15.0, 12.41, 10.79, 9.5, 63.89], [0, 10.52, 22.29, 20.09, 12.96, 11.72, 20.1, 14.87, 25.61, 24.62, 20.38, 0.0, 17.13, 5.38, 17.9, 12.19, 5.68, 19.59, 28.7, 29.17, 20.02, 84.26], [0, 15.33, 12.9, 31.98, 7.08, 20.38, 12.39, 26.73, 8.78, 14.69, 12.77, 17.13, 0.0, 11.92, 11.66, 18.54, 15.0, 10.5, 13.22, 15.17, 4.68, 71.68], [0, 9.26, 17.48, 22.21, 7.72, 11.65, 15.44, 16.77, 20.26, 19.83, 15.76, 5.38, 11.92, 0.0, 13.33, 6.82, 4.42, 14.54, 23.34, 23.94, 14.64, 79.5], [0, 16.44, 4.56, 24.33, 6.63, 13.51, 11.39, 19.94, 14.25, 6.8, 11.18, 17.9, 11.66, 13.33, 0.0, 16.74, 12.72, 14.2, 13.87, 12.74, 9.21, 66.36], [0, 4.56, 21.29, 16.34, 13.08, 8.12, 18.96, 11.04, 26.49, 23.54, 19.18, 12.19, 18.54, 6.82, 16.74, 0.0, 9.41, 21.27, 28.87, 28.85, 20.65, 82.81], [0, 4.85, 17.24, 17.88, 9.07, 7.29, 14.94, 12.44, 22.61, 19.52, 15.18, 5.68, 15.0, 4.42, 12.72, 9.41, 0.0, 17.87, 24.79, 24.74, 16.71, 78.96], [0, 17.82, 14.77, 34.98, 10.08, 23.39, 14.64, 29.72, 7.56, 16.28, 15.0, 19.59, 10.5, 14.54, 14.2, 21.27, 17.87, 0.0, 12.86, 15.43, 5.82, 71.5], [0, 26.93, 10.38, 38.19, 15.85, 27.27, 12.33, 33.78, 5.79, 9.76, 12.41, 28.7, 13.22, 23.34, 13.87, 28.87, 24.79, 12.86, 0.0, 14.87, 8.95, 58.65], [0, 27.47, 8.54, 36.66, 16.23, 26.22, 10.82, 32.57, 9.08, 7.21, 10.79, 29.17, 15.17, 23.94, 12.74, 28.85, 24.74, 15.43, 14.87, 0.0, 10.54, 56.55], [0, 18.23, 9.01, 32.2, 7.67, 20.67, 9.16, 27.25, 5.95, 10.46, 9.5, 20.02, 4.68, 14.64, 9.21, 20.65, 16.71, 5.82, 8.95, 10.54, 0.0, 67.09], [0, 0, 0, 0, 0, 0, 0, 0, 0, 0, 0, 0, 0, 0, 0, 0, 0, 0, 0, 0, 0, 0]], "end_depot": 21, "horizon": [0.0, 2000.0], "instance_name": "20_95_B_50_A10", "speed_zone_count": 73, "speed_zones": [[0.0, 15.0], [15.0, 30.0], [30.0, 45.0], [45.0, 60.0], [60.0, 75.0], [75.0, 90.0], [90.0, 105.0], [105.0, 120.0], [120.0, 135.0], [135.0, 150.0], [150.0, 165.0], [165.0, 180.0], [180.0, 195.0], [195.0, 210.0], [210.0, 225.0], [225.0, 240.0], [240.0, 255.0], [255.0, 270.0], [270.0, 285.0], [285.0, 300.0], [300.0, 315.0], [315.0, 330.0], [330.0, 345.0], [345.0, 360.0], [360.0, 375.0], [375.0, 390.0], [390.0, 405.0], [405.0, 420.0], [420.0, 435.0], [435.0, 450.0], [450.0, 465.0], [465.0, 480.0], [480.0, 495.0], [495.0, 510.0], [510.0, 525.0], [525.0, 540.0], [540.0, 555.0], [555.0, 570.0], [570.0, 585.0], [585.0, 600.0], [600.0, 615.0], [615.0, 630.0], [630.0, 645.0], [645.0, 660.0], [660.0, 675.0], [675.0, 690.0], [690.0, 705.0], [705.0, 720.0], [720.0, 735.0], [735.0, 750.0], [750.0, 765.0], [765.0, 780.0], [780.0, 795.0], [795.0, 810.0], [810.0, 825.0], [825.0, 840.0], [840.0, 855.0], [855.0, 870.0], [870.0, 885.0], [885.0, 900.0], [900.0, 915.0], [915.0, 930.0], [930.0, 945.0], [945.0, 960.0], [960.0, 975.0], [975.0, 990.0], [990.0, 1005.0], [1005.0, 1020.0], [1020.0, 1035.0], [1035.0, 1050.0], [1050.0, 1065.0], [1065.0, 1080.0], [1080.0, 2000.0]], "start_depot": 0, "time_windows": [[0.0, 1700.0], [27.0, 134.0], [40.0, 160.0], [72.0, 224.0], [112.0, 304.0], [131.0, 341.0], [146.0, 372.0], [165.0, 410.0], [191.0, 461.0], [209.0, 497.0], [215.0, 509.0], [246.0, 572.0], [267.0, 613.0], [279.0, 638.0], [290.0, 659.0], [303.0, 686.0], [310.0, 699.0], [322.0, 724.0], [331.0, 742.0], [341.0, 761.0], [349.0, 778.0], [0.0, 1700.0]], "vehicle_count": 1}