{"cluster_count": 3, "cluster_speeds": [[0.74, 0.68, 0.74, 0.8, 0.666, 0.612, 0.666, 0.72, 0.37, 0.34, 0.37, 0.4, 0.2442, 0.2244, 0.2442, 0.264, 0.296, 0.272, 0.296, 0.32, 0.444, 0.408, 0.444, 0.48, 0.6475, 0.595, 0.6475, 0.7, 0.37, 0.34, 0.37, 0.4, 0.30525, 0.2805, 0.30525, 0.33, 0.4625, 0.425, 0.4625, 0.5, 0.6475, 0.595, 0.6475, 0.7, 0.74, 0.68, 0.74, 0.8, 0.518, 0.476, 0.518, 0.56, 0.37, 0.34, 0.37, 0.4, 0.444, 0.408, 0.444, 0.48, 0.518, 0.476, 0.518, 0.56, 0.666, 0.612, 0.666, 0.72, 0.74, 0.68, 0.74, 0.8, 0.8], [0.8325, 0.765, 0.8325, 0.9, 0.74925, 0.6885, 0.74925, 0.81, 0.41625, 0.3825, 0.41625, 0.45, 0.274725, 0.25245, 0.274725, 0.297, 0.333, 0.306, 0.333, 0.36, 0.4995, 0.459, 0.4995, 0.54, 0.6475, 0.595, 0.6475, 0.7, 0.37, 0.34, 0.37, 0.4, 0.30525, 0.2805, 0.30525, 0.33, 0.4625, 0.425, 0.4625, 0.5, 0.6475, 0.595, 0.6475, 0.7, 0.74, 0.68, 0.74, 0.8, 0.58275, 0.5355, 0.58275, 0.63, 0.41625, 0.3825, 0.41625, 0.45, 0.4995, 0.459, 0.4995, 0.54, 0.58275, 0.5355, 0.58275, 0.63, 0.74925, 0.6885, 0.74925, 0.81, 0.8325, 0.765, 0.8325, 0.9, 0.9], [0.925, 0.85, 0.925, 1.0, 0.8325, 0.765, 0.8325, 0.9, 0.4625, 0.425, 0.4625, 0.5, 0.30525, 0.2805, 0.30525, 0.33, 0.37, 0.34, 0.37, 0.4, 0.555, 0.51, 0.555, 0.6, 0.6475, 0.595, 0.6475, 0.7, 0.37, 0.34, 0.37, 0.4, 0.30525, 0.2805, 0.30525, 0.33, 0.4625, 0.425, 0.4625, 0.5, 0.6475, 0.595, 0.6475, 0.7, 0.74, 0.68, 0.74, 0.8, 0.6475, 0.595, 0.6475, 0.7, 0.4625, 0.425, 0.4625, 0.5, 0.555, 0.51, 0.555, 0.6, 0.6475, 0.595, 0.6475, 0.7, 0.8325, 0.765, 0.8325, 0.9, 0.925, 0.85, 0.925, 1.0, 1.0]], "clusters": [[-1, 2, 2, 2, 2, 2, 2, 2, 2, 2, 2, 2, 2, 2, 2, 2, 2, 2, 2, 2, 2, 2, 2, 2, 2, 2, 2, 2, 2, 2, 2, -1], [0, -1, 0, 0, 0, 0, 0, 0, 0, 0, 0, 0, 0, 0, 0, 0, 0, 0, 0, 0, 0, 0, 0, 0, 0, 0, 0, 0, 0, 0, 0, 0], [0, 0, -1, 0, 0, 0, 0, 0, 0, 0, 0, 0, 0, 0, 0, 0, 0, 0, 0, 0, 0, 0, 0, 0, 0, 0, 0, 0, 0, 0, 0, 0], [1, 1, 1, -1, 1, 1, 1, 1, 1, 1, 1, 1, 1, 1, 1, 1, 1, 1, 1, 1, 1, 1, 1, 1, 1, 1, 1, 1, 1, 1, 1, 1], [1, 1, 1, 1, -1, 1, 1, 1, 1, 1, 1, 1, 1, 1, 1, 1, 1, 1, 1, 1, 1, 1, 1, 1, 1, 1, 1, 1, 1, 1, 1, 1], [0, 0, 0, 0, 0, -1, 0, 0, 0, 0, 0, 0, 0, 0, 0, 0, 0, 0, 0, 0, 0, 0, 0, 0, 0, 0, 0, 0, 0, 0, 0, 0], [0, 0, 0, 0, 0, 0, -1, 0, 0, 0, 0, 0, 0, 0, 0, 0, 0, 0, 0, 0, 0, 0, 0, 0, 0, 0, 0, 0, 0, 0, 0, 0], [1, 1, 1, 1, 1, 1, 1, -1, 1, 1, 1, 1, 1, 1, 1, 1, 1, 1, 1, 1, 1, 1, 1, 1, 1, 1, 1, 1, 1, 1, 1, 1], [1, 1, 1, 1, 1, 1, 1, 1, -1, 1, 1, 1, 1, 1, 1, 1, 1, 1, 1, 1, 1, 1, 1, 1, 1, 1, 1, 1, 1, 1, 1, 1], [0, 0, 0, 0, 0, 0, 0, 0, 0, -1, 0, 0, 0, 0, 0, 0, 0, 0, 0, 0, 0, 0, 0, 0, 0, 0, 0, 0, 0, 0, 0, 0], [0, 0, 0, 0, 0, 0, 0, 0, 0, 0, -1, 0, 0, 0, 0, 0, 0, 0, 0, 0, 0, 0, 0, 0, 0, 0, 0, 0, 0, 0, 0, 0], [0, 0, 0, 0, 0, 0, 0, 0, 0, 0, 0, -1, 0, 0, 0, 0, 0, 0, 0, 0, 0, 0, 0, 0, 0, 0, 0, 0, 0, 0, 0, 0], [0, 0, 0, 0, 0, 0, 0, 0, 0, 0, 0, 0, -1, 0, 0, 0, 0, 0, 0, 0, 0, 0, 0, 0, 0, 0, 0, 0, 0, 0, 0, 0], [1, 1, 1, 1, 1, 1, 1, 1, 1, 1, 1, 1, 1, -1, 1, 1, 1, 1, 1, 1, 1, 1, 1, 1, 1, 1, 1, 1, 1, 1, 1, 1], [1, 1, 1, 1, 1, 1, 1, 1, 1, 1, 1, 1, 1, 1, -1, 1, 1, 1, 1, 1, 1, 1, 1, 1, 1, 1, 1, 1, 1, 1, 1, 1], [0, 0, 0, 0, 0, 0, 0, 0, 0, 0, 0, 0, 0, 0, 0, -1, 0, 0, 0, 0, 0, 0, 0, 0, 0, 0, 0, 0, 0, 0, 0, 0], [0, 0, 0, 0, 0, 0, 0, 0, 0, 0, 0, 0, 0, 0, 0, 0, -1, 0, 0, 0, 0, 0, 0, 0, 0, 0, 0, 0, 0, 0, 0, 0], [0, 0, 0, 0, 0, 0, 0, 0, 0, 0, 0, 0, 0, 0, 0, 0, 0, -1, 0, 0, 0, 0, 0, 0, 0, 0, 0, 0, 0, 0, 0, 0], [0, 0, 0, 0, 0, 0, 0, 0, 0, 0, 0, 0, 0, 0, 0, 0, 0, 0, -1, 0, 0, 0, 0, 0, 0, 0, 0, 0, 0, 0, 0, 0], [0, 0, 0, 0, 0, 0, 0, 0, 0, 0, 0, 0, 0, 0, 0, 0, 0, 0, 0, -1, 0, 0, 0, 0, 0, 0, 0, 0, 0, 0, 0, 0], [0, 0, 0, 0, 0, 0, 0, 0, 0, 0, 0, 0, 0, 0, 0, 0, 0, 0, 0, 0, -1, 0, 0, 0, 0, 0, 0, 0, 0, 0, 0, 0], [1, 1, 1, 1, 1, 1, 1, 1, 1, 1, 1, 1, 1, 1, 1, 1, 1, 1, 1, 1, 1, -1, 1, 1, 1, 1, 1, 1, 1, 1, 1, 1], [0, 0, 0, 0, 0, 0, 0, 0, 0, 0, 0, 0, 0, 0, 0, 0, 0, 0, 0, 0, 0, 0, -1, 0, 0, 0, 0, 0, 0, 0, 0, 0], [0, 0, 0, 0, 0, 0, 0, 0, 0, 0, 0, 0, 0, 0, 0, 0, 0, 0, 0, 0, 0, 0, 0, -1, 0, 0, 0, 0, 0, 0, 0, 0], [0, 0, 0, 0, 0, 0, 0, 0, 0, 0, 0, 0, 0, 0, 0, 0, 0, 0, 0, 0, 0, 0, 0, 0, -1, 0, 0, 0, 0, 0, 0, 0], [0, 0, 0, 0, 0, 0, 0, 0, 0, 0, 0, 0, 0, 0, 0, 0, 0, 0, 0, 0, 0, 0, 0, 0, 0, -1, 0, 0, 0, 0, 0, 0], [0, 0, 0, 0, 0, 0, 0, 0, 0, 0, 0, 0, 0, 0, 0, 0, 0, 0, 0, 0, 0, 0, 0, 0, 0, 0, -1, 0, 0, 0, 0, 0], [0, 0, 0, 0, 0, 0, 0, 0, 0, 0, 0, 0, 0, 0, 0, 0, 0, 0, 0, 0, 0, 0, 0, 0, 0, 0, 0, -1, 0, 0, 0, 0], [1, 1, 1, 1, 1, 1, 1, 1, 1, 1, 1, 1, 1, 1, 1, 1, 1, 1, 1, 1, 1, 1, 1, 1, 1, 1, 1, 1, -1, 1, 1, 1], [0, 0, 0, 0, 0, 0, 0, 0, 0, 0, 0, 0, 0, 0, 0, 0, 0, 0, 0, 0, 0, 0, 0, 0, 0, 0, 0, 0, 0, -1, 0, 0], [1, 1, 1, 1, 1, 1, 1, 1, 1, 1, 1, 1, 1, 1, 1, 1, 1, 1, 1, 1, 1, 1, 1, 1, 1, 1, 1, 1, 1, 1, -1, 1], [-1, 2, 2, 2, 2, 2, 2, 2, 2, 2, 2, 2, 2, 2, 2, 2, 2, 2, 2, 2, 2, 2, 2, 2, 2, 2, 2, 2, 2, 2, 2, -1]], "dataset_name": "guerriero_et_al_2014b", "digraph": {"arc_count": 930, "arcs": [[0, 1, 1, 1, 1, 1, 1, 1, 1, 1, 1, 1, 1, 1, 1, 1, 1, 1, 1, 1, 1, 1, 1, 1, 1, 1, 1, 1, 1, 1, 1, 0], [0, 0, 1, 1, 1, 1, 1, 1, 1, 1, 1, 1, 1, 1, 1, 1, 1, 1, 1, 1, 1, 1, 1, 1, 1, 1, 1, 1, 1, 1, 1, 1], [0, 1, 0, 1, 1, 1, 1, 1, 1, 1, 1, 1, 1, 1, 1, 1, 1, 1, 1, 1, 1, 1, 1, 1, 1, 1, 1, 1, 1, 1, 1, 1], [0, 1, 1, 0, 1, 1, 1, 1, 1, 1, 1, 1, 1, 1, 1, 1, 1, 1, 1, 1, 1, 1, 1, 1, 1, 1, 1, 1, 1, 1, 1, 1], [0, 1, 1, 1, 0, 1, 1, 1, 1, 1, 1, 1, 1, 1, 1, 1, 1, 1, 1, 1, 1, 1, 1, 1, 1, 1, 1, 1, 1, 1, 1, 1], [0, 1, 1, 1, 1, 0, 1, 1, 1, 1, 1, 1, 1, 1, 1, 1, 1, 1, 1, 1, 1, 1, 1, 1, 1, 1, 1, 1, 1, 1, 1, 1], [0, 1, 1, 1, 1, 1, 0, 1, 1, 1, 1, 1, 1, 1, 1, 1, 1, 1, 1, 1, 1, 1, 1, 1, 1, 1, 1, 1, 1, 1, 1, 1], [0, 1, 1, 1, 1, 1, 1, 0, 1, 1, 1, 1, 1, 1, 1, 1, 1, 1, 1, 1, 1, 1, 1, 1, 1, 1, 1, 1, 1, 1, 1, 1], [0, 1, 1, 1, 1, 1, 1, 1, 0, 1, 1, 1, 1, 1, 1, 1, 1, 1, 1, 1, 1, 1, 1, 1, 1, 1, 1, 1, 1, 1, 1, 1], [0, 1, 1, 1, 1, 1, 1, 1, 1, 0, 1, 1, 1, 1, 1, 1, 1, 1, 1, 1, 1, 1, 1, 1, 1, 1, 1, 1, 1, 1, 1, 1], [0, 1, 1, 1, 1, 1, 1, 1, 1, 1, 0, 1, 1, 1, 1, 1, 1, 1, 1, 1, 1, 1, 1, 1, 1, 1, 1, 1, 1, 1, 1, 1], [0, 1, 1, 1, 1, 1, 1, 1, 1, 1, 1, 0, 1, 1, 1, 1, 1, 1, 1, 1, 1, 1, 1, 1, 1, 1, 1, 1, 1, 1, 1, 1], [0, 1, 1, 1, 1, 1, 1, 1, 1, 1, 1, 1, 0, 1, 1, 1, 1, 1, 1, 1, 1, 1, 1, 1, 1, 1, 1, 1, 1, 1, 1, 1], [0, 1, 1, 1, 1, 1, 1, 1, 1, 1, 1, 1, 1, 0, 1, 1, 1, 1, 1, 1, 1, 1, 1, 1, 1, 1, 1, 1, 1, 1, 1, 1], [0, 1, 1, 1, 1, 1, 1, 1, 1, 1, 1, 1, 1, 1, 0, 1, 1, 1, 1, 1, 1, 1, 1, 1, 1, 1, 1, 1, 1, 1, 1, 1], [0, 1, 1, 1, 1, 1, 1, 1, 1, 1, 1, 1, 1, 1, 1, 0, 1, 1, 1, 1, 1, 1, 1, 1, 1, 1, 1, 1, 1, 1, 1, 1], [0, 1, 1, 1, 1, 1, 1, 1, 1, 1, 1, 1, 1, 1, 1, 1, 0, 1, 1, 1, 1, 1, 1, 1, 1, 1, 1, 1, 1, 1, 1, 1], [0, 1, 1, 1, 1, 1, 1, 1, 1, 1, 1, 1, 1, 1, 1, 1, 1, 0, 1, 1, 1, 1, 1, 1, 1, 1, 1, 1, 1, 1, 1, 1], [0, 1, 1, 1, 1, 1, 1, 1, 1, 1, 1, 1, 1, 1, 1, 1, 1, 1, 0, 1, 1, 1, 1, 1, 1, 1, 1, 1, 1, 1, 1, 1], [0, 1, 1, 1, 1, 1, 1, 1, 1, 1, 1, 1, 1, 1, 1, 1, 1, 1, 1, 0, 1, 1, 1, 1, 1, 1, 1, 1, 1, 1, 1, 1], [0, 1, 1, 1, 1, 1, 1, 1, 1, 1, 1, 1, 1, 1, 1, 1, 1, 1, 1, 1, 0, 1, 1, 1, 1, 1, 1, 1, 1, 1, 1, 1], [0, 1, 1, 1, 1, 1, 1, 1, 1, 1, 1, 1, 1, 1, 1, 1, 1, 1, 1, 1, 1, 0, 1, 1, 1, 1, 1, 1, 1, 1, 1, 1], [0, 1, 1, 1, 1, 1, 1, 1, 1, 1, 1, 1, 1, 1, 1, 1, 1, 1, 1, 1, 1, 1, 0, 1, 1, 1, 1, 1, 1, 1, 1, 1], [0, 1, 1, 1, 1, 1, 1, 1, 1, 1, 1, 1, 1, 1, 1, 1, 1, 1, 1, 1, 1, 1, 1, 0, 1, 1, 1, 1, 1, 1, 1, 1], [0, 1, 1, 1, 1, 1, 1, 1, 1, 1, 1, 1, 1, 1, 1, 1, 1, 1, 1, 1, 1, 1, 1, 1, 0, 1, 1, 1, 1, 1, 1, 1], [0, 1, 1, 1, 1, 1, 1, 1, 1, 1, 1, 1, 1, 1, 1, 1, 1, 1, 1, 1, 1, 1, 1, 1, 1, 0, 1, 1, 1, 1, 1, 1], [0, 1, 1, 1, 1, 1, 1, 1, 1, 1, 1, 1, 1, 1, 1, 1, 1, 1, 1, 1, 1, 1, 1, 1, 1, 1, 0, 1, 1, 1, 1, 1], [0, 1, 1, 1, 1, 1, 1, 1, 1, 1, 1, 1, 1, 1, 1, 1, 1, 1, 1, 1, 1, 1, 1, 1, 1, 1, 1, 0, 1, 1, 1, 1], [0, 1, 1, 1, 1, 1, 1, 1, 1, 1, 1, 1, 1, 1, 1, 1, 1, 1, 1, 1, 1, 1, 1, 1, 1, 1, 1, 1, 0, 1, 1, 1], [0, 1, 1, 1, 1, 1, 1, 1, 1, 1, 1, 1, 1, 1, 1, 1, 1, 1, 1, 1, 1, 1, 1, 1, 1, 1, 1, 1, 1, 0, 1, 1], [0, 1, 1, 1, 1, 1, 1, 1, 1, 1, 1, 1, 1, 1, 1, 1, 1, 1, 1, 1, 1, 1, 1, 1, 1, 1, 1, 1, 1, 1, 0, 1], [0, 0, 0, 0, 0, 0, 0, 0, 0, 0, 0, 0, 0, 0, 0, 0, 0, 0, 0, 0, 0, 0, 0, 0, 0, 0, 0, 0, 0, 0, 0, 0]], "vertex_count": 32}, "distances": [[0, 81.07, 79.68, 48.13, 63.93, 68.86, 72.49, 71.44, 57.69, 63.42, 84.74, 76.5, 70.73, 71.08, 90.05, 67.68, 64.66, 62.63, 63.32, 79.47, 82.32, 85.98, 71.63, 69.01, 68.47, 75.88, 62.41, 63.39, 65.15, 77.79, 53.22, 0], [0, 0.0, 11.33, 33.12, 23.25, 14.26, 8.75, 19.04, 24.53, 17.74, 12.34, 15.78, 16.67, 26.85, 11.03, 13.91, 16.41, 18.96, 18.24, 6.84, 6.19, 5.01, 14.59, 13.33, 17.12, 5.24, 18.68, 17.73, 25.86, 12.07, 30.59, 81.07], [0, 11.33, 0.0, 31.77, 22.41, 12.86, 7.31, 18.59, 23.3, 16.4, 5.06, 14.93, 15.44, 26.51, 11.94, 12.47, 15.03, 17.52, 16.8, 6.2, 6.19, 6.32, 13.96, 11.9, 16.33, 14.0, 17.31, 16.38, 25.18, 11.28, 29.43, 79.68], [0, 33.12, 31.77, 0.0, 18.18, 22.55, 24.78, 25.12, 9.95, 15.38, 36.82, 32.1, 26.24, 27.95, 42.8, 20.48, 16.83, 15.86, 16.45, 32.49, 35.15, 38.1, 24.09, 22.22, 21.13, 27.89, 14.5, 15.39, 21.17, 32.13, 8.59, 48.13], [0, 23.25, 22.41, 18.18, 0.0, 21.54, 18.45, 7.51, 9.13, 12.32, 26.58, 31.18, 27.03, 10.35, 34.29, 18.08, 14.12, 17.71, 17.58, 26.45, 28.04, 27.87, 9.14, 20.15, 6.16, 18.86, 13.3, 12.67, 4.23, 29.11, 10.82, 63.93], [0, 14.26, 12.86, 22.55, 21.54, 0.0, 6.52, 22.15, 17.18, 9.81, 17.37, 10.22, 5.5, 29.83, 21.28, 10.53, 7.74, 6.69, 6.14, 10.67, 13.58, 18.39, 17.38, 11.68, 17.43, 10.46, 9.56, 9.53, 25.58, 9.59, 23.54, 68.86], [0, 8.75, 7.31, 24.78, 18.45, 6.52, 0.0, 17.14, 17.04, 9.61, 12.31, 13.28, 10.94, 25.15, 18.08, 5.22, 7.95, 10.21, 9.49, 8.37, 10.63, 13.52, 12.13, 5.16, 13.14, 13.99, 10.29, 9.52, 22.03, 10.73, 23.43, 72.49], [0, 19.04, 18.59, 25.12, 7.51, 22.15, 17.14, 0.0, 15.38, 15.15, 21.82, 30.41, 27.5, 8.09, 29.81, 18.91, 16.23, 20.51, 20.13, 23.85, 24.72, 23.0, 5.02, 20.59, 5.16, 15.89, 16.51, 15.48, 7.7, 27.62, 18.28, 71.44], [0, 24.53, 23.3, 9.95, 9.13, 17.18, 17.04, 15.38, 0.0, 7.65, 28.22, 27.4, 22.17, 19.46, 34.96, 14.12, 9.67, 11.35, 11.56, 25.34, 27.66, 29.53, 14.15, 16.23, 11.18, 19.35, 7.62, 7.85, 12.94, 26.35, 6.46, 57.69], [0, 17.74, 16.4, 15.38, 12.32, 9.81, 9.61, 15.15, 7.65, 0.0, 21.44, 19.98, 15.12, 21.77, 27.68, 6.56, 9.85, 5.51, 5.29, 17.78, 20.21, 22.72, 11.58, 8.71, 9.99, 12.5, 9.63, 10.23, 16.53, 18.73, 14.11, 63.42], [0, 12.34, 5.06, 36.82, 26.58, 17.37, 12.31, 21.82, 28.22, 21.44, 0.0, 17.05, 19.02, 29.35, 8.0, 17.38, 20.08, 22.47, 21.75, 8.19, 6.15, 11.38, 17.69, 16.6, 20.42, 8.95, 22.36, 21.43, 28.95, 13.3, 34.24, 84.74], [0, 15.78, 14.93, 32.1, 31.18, 10.22, 13.28, 30.41, 27.4, 19.98, 17.05, 0.0, 5.94, 38.43, 16.67, 13.44, 17.89, 16.56, 16.13, 9.02, 11.01, 17.43, 25.4, 11.29, 26.32, 15.29, 19.78, 19.71, 35.01, 13.27, 33.75, 76.5], [0, 16.67, 15.44, 26.24, 27.03, 5.5, 10.94, 27.5, 22.17, 15.12, 19.02, 5.94, 0.0, 35.26, 20.84, 8.96, 13.09, 10.98, 10.65, 11.03, 13.81, 19.76, 22.63, 6.98, 22.88, 14.25, 14.66, 14.81, 31.08, 7.32, 28.37, 70.73], [0, 26.85, 26.51, 27.95, 10.35, 29.83, 25.15, 8.09, 19.46, 21.77, 29.35, 38.43, 35.26, 0.0, 37.34, 26.47, 23.23, 27.28, 27.02, 31.91, 32.68, 30.45, 13.09, 28.29, 12.39, 23.96, 22.97, 22.12, 6.78, 35.7, 19.74, 71.08], [0, 11.03, 11.94, 42.8, 34.29, 21.28, 18.08, 29.81, 34.96, 27.68, 8.0, 16.67, 20.84, 37.34, 0.0, 22.45, 26.01, 27.45, 26.76, 10.61, 7.74, 6.91, 25.56, 21.04, 28.16, 15.78, 28.35, 27.6, 36.85, 13.64, 41.22, 90.05], [0, 13.91, 12.47, 20.48, 18.08, 10.53, 5.22, 18.91, 14.12, 6.56, 17.38, 13.44, 8.96, 26.47, 22.45, 0.0, 4.47, 5.1, 4.39, 12.01, 14.74, 18.55, 14.27, 10.2, 14.08, 9.25, 6.56, 6.3, 22.12, 12.24, 20.56, 67.68], [0, 16.41, 15.03, 16.83, 14.12, 7.74, 7.95, 16.23, 9.67, 9.85, 20.08, 17.89, 13.09, 23.23, 26.01, 4.47, 0.0, 4.34, 8.87, 15.92, 18.44, 21.34, 12.21, 6.62, 11.11, 11.24, 8.75, 9.49, 18.29, 16.68, 16.13, 64.66], [0, 18.96, 17.52, 15.86, 17.71, 6.69, 10.21, 20.51, 11.35, 5.51, 22.47, 16.56, 10.98, 27.28, 27.45, 5.1, 4.34, 0.0, 8.75, 16.91, 19.71, 23.64, 16.55, 6.46, 15.36, 14.11, 4.41, 5.15, 21.94, 16.28, 17.41, 62.63], [0, 18.24, 16.8, 16.45, 17.58, 6.14, 9.49, 20.13, 11.56, 5.29, 21.75, 16.13, 10.65, 27.02, 26.76, 4.39, 8.87, 8.75, 0.0, 16.24, 19.03, 22.93, 16.07, 5.81, 15.0, 13.39, 4.34, 4.94, 21.8, 15.73, 17.72, 63.32], [0, 6.84, 6.2, 32.49, 26.45, 10.67, 8.37, 23.85, 25.34, 17.78, 8.19, 9.02, 11.03, 31.91, 10.61, 12.01, 15.92, 16.91, 16.24, 0.0, 12.39, 8.78, 18.94, 10.47, 20.72, 7.97, 18.25, 17.64, 29.74, 5.26, 31.76, 79.47], [0, 6.19, 6.19, 35.15, 28.04, 13.58, 10.63, 24.72, 27.66, 20.21, 6.15, 11.01, 13.81, 32.68, 7.74, 14.74, 18.44, 19.71, 19.03, 12.39, 0.0, 6.42, 19.99, 13.31, 22.11, 9.19, 20.79, 20.1, 31.08, 7.33, 34.03, 82.32], [0, 5.01, 6.32, 38.1, 27.87, 18.39, 13.52, 23.0, 29.53, 22.72, 11.38, 17.43, 19.76, 30.45, 6.91, 18.55, 21.34, 23.64, 22.93, 8.78, 6.42, 0.0, 18.94, 17.68, 21.71, 10.24, 23.63, 22.71, 30.19, 13.73, 35.56, 85.98], [0, 14.59, 13.96, 24.09, 9.14, 17.38, 12.13, 5.02, 14.15, 11.58, 17.69, 25.4, 22.63, 13.09, 25.56, 14.27, 12.21, 16.55, 16.07, 18.94, 19.99, 18.94, 0.0, 15.8, 10.18, 10.98, 13.0, 11.86, 11.28, 22.61, 18.64, 71.63], [0, 13.33, 11.9, 22.22, 20.15, 11.68, 5.16, 20.59, 16.23, 8.71, 16.6, 11.29, 6.98, 28.29, 21.04, 10.2, 6.62, 6.46, 5.81, 10.47, 13.31, 17.68, 15.8, 0.0, 15.91, 9.2, 8.64, 8.45, 24.14, 10.18, 22.66, 69.01], [0, 17.12, 16.33, 21.13, 6.16, 17.43, 13.14, 5.16, 11.18, 9.99, 20.42, 26.32, 22.88, 12.39, 28.16, 14.08, 11.11, 15.36, 15.0, 20.72, 22.11, 21.71, 10.18, 15.91, 0.0, 12.92, 11.35, 10.32, 9.02, 23.86, 15.42, 68.47], [0, 5.24, 14.0, 27.89, 18.86, 10.46, 13.99, 15.89, 19.35, 12.5, 8.95, 15.29, 14.25, 23.96, 15.78, 9.25, 11.24, 14.11, 13.39, 7.97, 9.19, 10.24, 10.98, 9.2, 12.92, 0.0, 13.47, 12.5, 21.92, 12.06, 25.5, 75.88], [0, 18.68, 17.31, 14.5, 13.3, 9.56, 10.29, 16.51, 7.62, 9.63, 22.36, 19.78, 14.66, 22.97, 28.35, 6.56, 8.75, 4.41, 4.34, 18.25, 20.79, 23.63, 13.0, 8.64, 11.35, 13.47, 0.0, 9.27, 17.53, 18.8, 14.02, 62.41], [0, 17.73, 16.38, 15.39, 12.67, 9.53, 9.52, 15.48, 7.85, 10.23, 21.43, 19.71, 14.81, 22.12, 27.6, 6.3, 9.49, 5.15, 4.94, 17.64, 20.1, 22.71, 11.86, 8.45, 10.32, 12.5, 9.27, 0.0, 16.88, 18.5, 14.31, 63.39], [0, 25.86, 25.18, 21.17, 4.23, 25.58, 22.03, 7.7, 12.94, 16.53, 28.95, 35.01, 31.08, 6.78, 36.85, 22.12, 18.29, 21.94, 21.8, 29.74, 31.08, 30.19, 11.28, 24.14, 9.02, 21.92, 17.53, 16.88, 0.0, 32.75, 13.02, 65.15], [0, 12.07, 11.28, 32.13, 29.11, 9.59, 10.73, 27.62, 26.35, 18.73, 13.3, 13.27, 7.32, 35.7, 13.64, 12.24, 16.68, 16.28, 15.73, 5.26, 7.33, 13.73, 22.61, 10.18, 23.86, 12.06, 18.8, 18.5, 32.75, 0.0, 32.8, 77.79], [0, 30.59, 29.43, 8.59, 10.82, 23.54, 23.43, 18.28, 6.46, 14.11, 34.24, 33.75, 28.37, 19.74, 41.22, 20.56, 16.13, 17.41, 17.72, 31.76, 34.03, 35.56, 18.64, 22.66, 15.42, 25.5, 14.02, 14.31, 13.02, 32.8, 0.0, 53.22], [0, 0, 0, 0, 0, 0, 0, 0, 0, 0, 0, 0, 0, 0, 0, 0, 0, 0, 0, 0, 0, 0, 0, 0, 0, 0, 0, 0, 0, 0, 0, 0]], "end_depot": 31, "horizon": [0.0, 2000.0], "instance_name": "30_80_B_75_B1", "speed_zone_count": 73, "speed_zones": [[0.0, 15.0], [15.0, 30.0], [30.0, 45.0], [45.0, 60.0], [60.0, 75.0], [75.0, 90.0], [90.0, 105.0], [105.0, 120.0], [120.0, 135.0], [135.0, 150.0], [150.0, 165.0], [165.0, 180.0], [180.0, 195.0], [195.0, 210.0], [210.0, 225.0], [225.0, 240.0], [240.0, 255.0], [255.0, 270.0], [270.0, 285.0], [285.0, 300.0], [300.0, 315.0], [315.0, 330.0], [330.0, 345.0], [345.0, 360.0], [360.0, 375.0], [375.0, 390.0], [390.0, 405.0], [405.0, 420.0], [420.0, 435.0], [435.0, 450.0], [450.0, 465.0], [465.0, 480.0], [480.0, 495.0], [495.0, 510.0], [510.0, 525.0], [525.0, 540.0], [540.0, 555.0], [555.0, 570.0], [570.0, 585.0], [585.0, 600.0], [600.0, 615.0], [615.0, 630.0], [630.0, 645.0], [645.0, 660.0], [660.0, 675.0], [675.0, 690.0], [690.0, 705.0], [705.0, 720.0], [720.0, 735.0], [735.0, 750.0], [750.0, 765.0], [765.0, 780.0], [780.0, 795.0], [795.0, 810.0], [810.0, 825.0], [825.0, 840.0], [840.0, 855.0], [855.0, 870.0], [870.0, 885.0], [885.0, 900.0], [900.0, 915.0], [915.0, 930.0], [930.0, 945.0], [945.0, 960.0], [960.0, 975.0], [975.0, 990.0], [990.0, 1005.0], [1005.0, 1020.0], [1020.0, 1035.0], [1035.0, 1050.0], [1050.0, 1065.0], [1065.0, 1080.0], [1080.0, 2000.0]], "start_depot": 0, "time_windows": [[0.0, 1700.0], [39.0, 132.0], [52.0, 149.0], [110.0, 226.0], [158.0, 290.0], [203.0, 350.0], [215.0, 366.0], [243.0, 403.0], [261.0, 427.0], [270.0, 439.0], [300.0, 480.0], [335.0, 526.0], [351.0, 547.0], [416.0, 634.0], [461.0, 694.0], [484.0, 725.0], [489.0, 732.0], [494.0, 738.0], [502.0, 749.0], [522.0, 775.0], [540.0, 800.0], [549.0, 812.0], [581.0, 854.0], [610.0, 893.0], [637.0, 929.0], [657.0, 955.0], [677.0, 982.0], [690.0, 999.0], [710.0, 1026.0], [741.0, 1068.0], [775.0, 1113.0], [0.0, 1700.0]], "vehicle_count": 1}