{"cluster_count": 3, "cluster_speeds": [[0.74, 0.68, 0.74, 0.8, 0.666, 0.612, 0.666, 0.72, 0.37, 0.34, 0.37, 0.4, 0.2442, 0.2244, 0.2442, 0.264, 0.296, 0.272, 0.296, 0.32, 0.444, 0.408, 0.444, 0.48, 0.6475, 0.595, 0.6475, 0.7, 0.37, 0.34, 0.37, 0.4, 0.30525, 0.2805, 0.30525, 0.33, 0.4625, 0.425, 0.4625, 0.5, 0.6475, 0.595, 0.6475, 0.7, 0.74, 0.68, 0.74, 0.8, 0.518, 0.476, 0.518, 0.56, 0.37, 0.34, 0.37, 0.4, 0.444, 0.408, 0.444, 0.48, 0.518, 0.476, 0.518, 0.56, 0.666, 0.612, 0.666, 0.72, 0.74, 0.68, 0.74, 0.8, 0.8], [0.8325, 0.765, 0.8325, 0.9, 0.74925, 0.6885, 0.74925, 0.81, 0.41625, 0.3825, 0.41625, 0.45, 0.274725, 0.25245, 0.274725, 0.297, 0.333, 0.306, 0.333, 0.36, 0.4995, 0.459, 0.4995, 0.54, 0.6475, 0.595, 0.6475, 0.7, 0.37, 0.34, 0.37, 0.4, 0.30525, 0.2805, 0.30525, 0.33, 0.4625, 0.425, 0.4625, 0.5, 0.6475, 0.595, 0.6475, 0.7, 0.74, 0.68, 0.74, 0.8, 0.58275, 0.5355, 0.58275, 0.63, 0.41625, 0.3825, 0.41625, 0.45, 0.4995, 0.459, 0.4995, 0.54, 0.58275, 0.5355, 0.58275, 0.63, 0.74925, 0.6885, 0.74925, 0.81, 0.8325, 0.765, 0.8325, 0.9, 0.9], [0.925, 0.85, 0.925, 1.0, 0.8325, 0.765, 0.8325, 0.9, 0.4625, 0.425, 0.4625, 0.5, 0.30525, 0.2805, 0.30525, 0.33, 0.37, 0.34, 0.37, 0.4, 0.555, 0.51, 0.555, 0.6, 0.6475, 0.595, 0.6475, 0.7, 0.37, 0.34, 0.37, 0.4, 0.30525, 0.2805, 0.30525, 0.33, 0.4625, 0.425, 0.4625, 0.5, 0.6475, 0.595, 0.6475, 0.7, 0.74, 0.68, 0.74, 0.8, 0.6475, 0.595, 0.6475, 0.7, 0.4625, 0.425, 0.4625, 0.5, 0.555, 0.51, 0.555, 0.6, 0.6475, 0.595, 0.6475, 0.7, 0.8325, 0.765, 0.8325, 0.9, 0.925, 0.85, 0.925, 1.0, 1.0]], "clusters": [[-1, 2, 2, 2, 2, 2, 2, 2, 2, 2, 2, 2, 2, 2, 2, 2, 2, 2, 2, 2, 2, 2, 2, 2, 2, 2, 2, 2, 2, 2, 2, -1], [0, -1, 0, 0, 0, 0, 0, 0, 0, 0, 0, 0, 0, 0, 0, 0, 0, 0, 0, 0, 0, 0, 0, 0, 0, 0, 0, 0, 0, 0, 0, 0], [0, 0, -1, 0, 0, 0, 0, 0, 0, 0, 0, 0, 0, 0, 0, 0, 0, 0, 0, 0, 0, 0, 0, 0, 0, 0, 0, 0, 0, 0, 0, 0], [0, 0, 0, -1, 0, 0, 0, 0, 0, 0, 0, 0, 0, 0, 0, 0, 0, 0, 0, 0, 0, 0, 0, 0, 0, 0, 0, 0, 0, 0, 0, 0], [0, 0, 0, 0, -1, 0, 0, 0, 0, 0, 0, 0, 0, 0, 0, 0, 0, 0, 0, 0, 0, 0, 0, 0, 0, 0, 0, 0, 0, 0, 0, 0], [0, 0, 0, 0, 0, -1, 0, 0, 0, 0, 0, 0, 0, 0, 0, 0, 0, 0, 0, 0, 0, 0, 0, 0, 0, 0, 0, 0, 0, 0, 0, 0], [0, 0, 0, 0, 0, 0, -1, 0, 0, 0, 0, 0, 0, 0, 0, 0, 0, 0, 0, 0, 0, 0, 0, 0, 0, 0, 0, 0, 0, 0, 0, 0], [0, 0, 0, 0, 0, 0, 0, -1, 0, 0, 0, 0, 0, 0, 0, 0, 0, 0, 0, 0, 0, 0, 0, 0, 0, 0, 0, 0, 0, 0, 0, 0], [0, 0, 0, 0, 0, 0, 0, 0, -1, 0, 0, 0, 0, 0, 0, 0, 0, 0, 0, 0, 0, 0, 0, 0, 0, 0, 0, 0, 0, 0, 0, 0], [0, 0, 0, 0, 0, 0, 0, 0, 0, -1, 0, 0, 0, 0, 0, 0, 0, 0, 0, 0, 0, 0, 0, 0, 0, 0, 0, 0, 0, 0, 0, 0], [0, 0, 0, 0, 0, 0, 0, 0, 0, 0, -1, 0, 0, 0, 0, 0, 0, 0, 0, 0, 0, 0, 0, 0, 0, 0, 0, 0, 0, 0, 0, 0], [0, 0, 0, 0, 0, 0, 0, 0, 0, 0, 0, -1, 0, 0, 0, 0, 0, 0, 0, 0, 0, 0, 0, 0, 0, 0, 0, 0, 0, 0, 0, 0], [1, 1, 1, 1, 1, 1, 1, 1, 1, 1, 1, 1, -1, 1, 1, 1, 1, 1, 1, 1, 1, 1, 1, 1, 1, 1, 1, 1, 1, 1, 1, 1], [0, 0, 0, 0, 0, 0, 0, 0, 0, 0, 0, 0, 0, -1, 0, 0, 0, 0, 0, 0, 0, 0, 0, 0, 0, 0, 0, 0, 0, 0, 0, 0], [0, 0, 0, 0, 0, 0, 0, 0, 0, 0, 0, 0, 0, 0, -1, 0, 0, 0, 0, 0, 0, 0, 0, 0, 0, 0, 0, 0, 0, 0, 0, 0], [0, 0, 0, 0, 0, 0, 0, 0, 0, 0, 0, 0, 0, 0, 0, -1, 0, 0, 0, 0, 0, 0, 0, 0, 0, 0, 0, 0, 0, 0, 0, 0], [0, 0, 0, 0, 0, 0, 0, 0, 0, 0, 0, 0, 0, 0, 0, 0, -1, 0, 0, 0, 0, 0, 0, 0, 0, 0, 0, 0, 0, 0, 0, 0], [0, 0, 0, 0, 0, 0, 0, 0, 0, 0, 0, 0, 0, 0, 0, 0, 0, -1, 0, 0, 0, 0, 0, 0, 0, 0, 0, 0, 0, 0, 0, 0], [0, 0, 0, 0, 0, 0, 0, 0, 0, 0, 0, 0, 0, 0, 0, 0, 0, 0, -1, 0, 0, 0, 0, 0, 0, 0, 0, 0, 0, 0, 0, 0], [0, 0, 0, 0, 0, 0, 0, 0, 0, 0, 0, 0, 0, 0, 0, 0, 0, 0, 0, -1, 0, 0, 0, 0, 0, 0, 0, 0, 0, 0, 0, 0], [0, 0, 0, 0, 0, 0, 0, 0, 0, 0, 0, 0, 0, 0, 0, 0, 0, 0, 0, 0, -1, 0, 0, 0, 0, 0, 0, 0, 0, 0, 0, 0], [0, 0, 0, 0, 0, 0, 0, 0, 0, 0, 0, 0, 0, 0, 0, 0, 0, 0, 0, 0, 0, -1, 0, 0, 0, 0, 0, 0, 0, 0, 0, 0], [1, 1, 1, 1, 1, 1, 1, 1, 1, 1, 1, 1, 1, 1, 1, 1, 1, 1, 1, 1, 1, 1, -1, 1, 1, 1, 1, 1, 1, 1, 1, 1], [0, 0, 0, 0, 0, 0, 0, 0, 0, 0, 0, 0, 0, 0, 0, 0, 0, 0, 0, 0, 0, 0, 0, -1, 0, 0, 0, 0, 0, 0, 0, 0], [1, 1, 1, 1, 1, 1, 1, 1, 1, 1, 1, 1, 1, 1, 1, 1, 1, 1, 1, 1, 1, 1, 1, 1, -1, 1, 1, 1, 1, 1, 1, 1], [1, 1, 1, 1, 1, 1, 1, 1, 1, 1, 1, 1, 1, 1, 1, 1, 1, 1, 1, 1, 1, 1, 1, 1, 1, -1, 1, 1, 1, 1, 1, 1], [0, 0, 0, 0, 0, 0, 0, 0, 0, 0, 0, 0, 0, 0, 0, 0, 0, 0, 0, 0, 0, 0, 0, 0, 0, 0, -1, 0, 0, 0, 0, 0], [0, 0, 0, 0, 0, 0, 0, 0, 0, 0, 0, 0, 0, 0, 0, 0, 0, 0, 0, 0, 0, 0, 0, 0, 0, 0, 0, -1, 0, 0, 0, 0], [0, 0, 0, 0, 0, 0, 0, 0, 0, 0, 0, 0, 0, 0, 0, 0, 0, 0, 0, 0, 0, 0, 0, 0, 0, 0, 0, 0, -1, 0, 0, 0], [1, 1, 1, 1, 1, 1, 1, 1, 1, 1, 1, 1, 1, 1, 1, 1, 1, 1, 1, 1, 1, 1, 1, 1, 1, 1, 1, 1, 1, -1, 1, 1], [0, 0, 0, 0, 0, 0, 0, 0, 0, 0, 0, 0, 0, 0, 0, 0, 0, 0, 0, 0, 0, 0, 0, 0, 0, 0, 0, 0, 0, 0, -1, 0], [-1, 2, 2, 2, 2, 2, 2, 2, 2, 2, 2, 2, 2, 2, 2, 2, 2, 2, 2, 2, 2, 2, 2, 2, 2, 2, 2, 2, 2, 2, 2, -1]], "dataset_name": "guerriero_et_al_2014b", "digraph": {"arc_count": 930, "arcs": [[0, 1, 1, 1, 1, 1, 1, 1, 1, 1, 1, 1, 1, 1, 1, 1, 1, 1, 1, 1, 1, 1, 1, 1, 1, 1, 1, 1, 1, 1, 1, 0], [0, 0, 1, 1, 1, 1, 1, 1, 1, 1, 1, 1, 1, 1, 1, 1, 1, 1, 1, 1, 1, 1, 1, 1, 1, 1, 1, 1, 1, 1, 1, 1], [0, 1, 0, 1, 1, 1, 1, 1, 1, 1, 1, 1, 1, 1, 1, 1, 1, 1, 1, 1, 1, 1, 1, 1, 1, 1, 1, 1, 1, 1, 1, 1], [0, 1, 1, 0, 1, 1, 1, 1, 1, 1, 1, 1, 1, 1, 1, 1, 1, 1, 1, 1, 1, 1, 1, 1, 1, 1, 1, 1, 1, 1, 1, 1], [0, 1, 1, 1, 0, 1, 1, 1, 1, 1, 1, 1, 1, 1, 1, 1, 1, 1, 1, 1, 1, 1, 1, 1, 1, 1, 1, 1, 1, 1, 1, 1], [0, 1, 1, 1, 1, 0, 1, 1, 1, 1, 1, 1, 1, 1, 1, 1, 1, 1, 1, 1, 1, 1, 1, 1, 1, 1, 1, 1, 1, 1, 1, 1], [0, 1, 1, 1, 1, 1, 0, 1, 1, 1, 1, 1, 1, 1, 1, 1, 1, 1, 1, 1, 1, 1, 1, 1, 1, 1, 1, 1, 1, 1, 1, 1], [0, 1, 1, 1, 1, 1, 1, 0, 1, 1, 1, 1, 1, 1, 1, 1, 1, 1, 1, 1, 1, 1, 1, 1, 1, 1, 1, 1, 1, 1, 1, 1], [0, 1, 1, 1, 1, 1, 1, 1, 0, 1, 1, 1, 1, 1, 1, 1, 1, 1, 1, 1, 1, 1, 1, 1, 1, 1, 1, 1, 1, 1, 1, 1], [0, 1, 1, 1, 1, 1, 1, 1, 1, 0, 1, 1, 1, 1, 1, 1, 1, 1, 1, 1, 1, 1, 1, 1, 1, 1, 1, 1, 1, 1, 1, 1], [0, 1, 1, 1, 1, 1, 1, 1, 1, 1, 0, 1, 1, 1, 1, 1, 1, 1, 1, 1, 1, 1, 1, 1, 1, 1, 1, 1, 1, 1, 1, 1], [0, 1, 1, 1, 1, 1, 1, 1, 1, 1, 1, 0, 1, 1, 1, 1, 1, 1, 1, 1, 1, 1, 1, 1, 1, 1, 1, 1, 1, 1, 1, 1], [0, 1, 1, 1, 1, 1, 1, 1, 1, 1, 1, 1, 0, 1, 1, 1, 1, 1, 1, 1, 1, 1, 1, 1, 1, 1, 1, 1, 1, 1, 1, 1], [0, 1, 1, 1, 1, 1, 1, 1, 1, 1, 1, 1, 1, 0, 1, 1, 1, 1, 1, 1, 1, 1, 1, 1, 1, 1, 1, 1, 1, 1, 1, 1], [0, 1, 1, 1, 1, 1, 1, 1, 1, 1, 1, 1, 1, 1, 0, 1, 1, 1, 1, 1, 1, 1, 1, 1, 1, 1, 1, 1, 1, 1, 1, 1], [0, 1, 1, 1, 1, 1, 1, 1, 1, 1, 1, 1, 1, 1, 1, 0, 1, 1, 1, 1, 1, 1, 1, 1, 1, 1, 1, 1, 1, 1, 1, 1], [0, 1, 1, 1, 1, 1, 1, 1, 1, 1, 1, 1, 1, 1, 1, 1, 0, 1, 1, 1, 1, 1, 1, 1, 1, 1, 1, 1, 1, 1, 1, 1], [0, 1, 1, 1, 1, 1, 1, 1, 1, 1, 1, 1, 1, 1, 1, 1, 1, 0, 1, 1, 1, 1, 1, 1, 1, 1, 1, 1, 1, 1, 1, 1], [0, 1, 1, 1, 1, 1, 1, 1, 1, 1, 1, 1, 1, 1, 1, 1, 1, 1, 0, 1, 1, 1, 1, 1, 1, 1, 1, 1, 1, 1, 1, 1], [0, 1, 1, 1, 1, 1, 1, 1, 1, 1, 1, 1, 1, 1, 1, 1, 1, 1, 1, 0, 1, 1, 1, 1, 1, 1, 1, 1, 1, 1, 1, 1], [0, 1, 1, 1, 1, 1, 1, 1, 1, 1, 1, 1, 1, 1, 1, 1, 1, 1, 1, 1, 0, 1, 1, 1, 1, 1, 1, 1, 1, 1, 1, 1], [0, 1, 1, 1, 1, 1, 1, 1, 1, 1, 1, 1, 1, 1, 1, 1, 1, 1, 1, 1, 1, 0, 1, 1, 1, 1, 1, 1, 1, 1, 1, 1], [0, 1, 1, 1, 1, 1, 1, 1, 1, 1, 1, 1, 1, 1, 1, 1, 1, 1, 1, 1, 1, 1, 0, 1, 1, 1, 1, 1, 1, 1, 1, 1], [0, 1, 1, 1, 1, 1, 1, 1, 1, 1, 1, 1, 1, 1, 1, 1, 1, 1, 1, 1, 1, 1, 1, 0, 1, 1, 1, 1, 1, 1, 1, 1], [0, 1, 1, 1, 1, 1, 1, 1, 1, 1, 1, 1, 1, 1, 1, 1, 1, 1, 1, 1, 1, 1, 1, 1, 0, 1, 1, 1, 1, 1, 1, 1], [0, 1, 1, 1, 1, 1, 1, 1, 1, 1, 1, 1, 1, 1, 1, 1, 1, 1, 1, 1, 1, 1, 1, 1, 1, 0, 1, 1, 1, 1, 1, 1], [0, 1, 1, 1, 1, 1, 1, 1, 1, 1, 1, 1, 1, 1, 1, 1, 1, 1, 1, 1, 1, 1, 1, 1, 1, 1, 0, 1, 1, 1, 1, 1], [0, 1, 1, 1, 1, 1, 1, 1, 1, 1, 1, 1, 1, 1, 1, 1, 1, 1, 1, 1, 1, 1, 1, 1, 1, 1, 1, 0, 1, 1, 1, 1], [0, 1, 1, 1, 1, 1, 1, 1, 1, 1, 1, 1, 1, 1, 1, 1, 1, 1, 1, 1, 1, 1, 1, 1, 1, 1, 1, 1, 0, 1, 1, 1], [0, 1, 1, 1, 1, 1, 1, 1, 1, 1, 1, 1, 1, 1, 1, 1, 1, 1, 1, 1, 1, 1, 1, 1, 1, 1, 1, 1, 1, 0, 1, 1], [0, 1, 1, 1, 1, 1, 1, 1, 1, 1, 1, 1, 1, 1, 1, 1, 1, 1, 1, 1, 1, 1, 1, 1, 1, 1, 1, 1, 1, 1, 0, 1], [0, 0, 0, 0, 0, 0, 0, 0, 0, 0, 0, 0, 0, 0, 0, 0, 0, 0, 0, 0, 0, 0, 0, 0, 0, 0, 0, 0, 0, 0, 0, 0]], "vertex_count": 32}, "distances": [[0, 77.79, 58.01, 74.83, 69.39, 71.67, 72.73, 62.35, 66.68, 60.38, 75.03, 72.62, 84.86, 67.37, 77.36, 57.9, 81.5, 71.08, 69.4, 63.64, 71.96, 80.34, 80.41, 72.07, 83.51, 55.68, 59.55, 60.71, 64.33, 80.3, 69.28, 0], [0, 0.0, 21.41, 5.08, 13.4, 15.15, 9.7, 15.49, 11.69, 20.8, 4.9, 11.38, 8.02, 10.44, 10.83, 20.13, 11.92, 8.18, 9.44, 21.21, 7.29, 10.3, 12.52, 7.4, 13.81, 22.58, 18.52, 17.13, 13.51, 11.23, 8.55, 77.79], [0, 21.41, 0.0, 17.4, 11.44, 14.27, 21.04, 7.64, 9.74, 11.9, 17.61, 14.63, 29.34, 11.75, 21.51, 4.43, 24.54, 13.61, 16.16, 8.41, 14.54, 23.01, 29.28, 14.58, 31.97, 12.53, 4.69, 6.7, 9.05, 28.49, 14.09, 58.01], [0, 5.08, 17.4, 0.0, 8.36, 10.15, 12.28, 12.73, 8.16, 16.29, 9.98, 6.35, 12.85, 8.14, 6.09, 16.94, 7.23, 11.76, 9.78, 16.25, 11.92, 5.61, 17.13, 11.61, 18.72, 19.17, 15.29, 14.32, 10.83, 15.89, 7.29, 74.83], [0, 13.4, 11.44, 8.36, 0.0, 14.63, 18.18, 10.81, 6.81, 9.14, 8.56, 11.24, 21.19, 9.37, 14.22, 13.02, 15.28, 5.83, 13.93, 7.96, 6.45, 13.32, 24.71, 6.24, 26.67, 14.43, 11.59, 11.81, 9.83, 23.57, 10.65, 69.39], [0, 15.15, 14.27, 10.15, 14.63, 0.0, 21.32, 14.61, 10.62, 11.37, 10.31, 14.12, 22.4, 13.06, 16.24, 16.47, 16.13, 8.81, 17.37, 8.46, 9.15, 14.01, 27.2, 8.87, 28.87, 17.6, 15.15, 15.55, 13.67, 25.99, 14.1, 71.67], [0, 9.7, 21.04, 12.28, 18.18, 21.32, 0.0, 13.46, 12.69, 22.03, 12.24, 17.76, 13.11, 9.85, 8.27, 17.94, 13.21, 12.52, 4.92, 24.44, 12.2, 13.81, 8.42, 12.5, 11.36, 20.51, 16.72, 14.75, 12.02, 7.88, 7.79, 72.73], [0, 15.49, 7.64, 12.73, 10.81, 14.61, 13.46, 0.0, 4.82, 9.33, 12.91, 12.95, 22.99, 5.05, 15.21, 4.77, 19.15, 9.23, 8.66, 13.12, 9.99, 18.07, 21.79, 10.18, 24.57, 7.34, 11.95, 11.11, 11.46, 21.07, 7.19, 62.35], [0, 11.69, 9.74, 8.16, 6.81, 10.62, 12.69, 4.82, 0.0, 9.68, 8.35, 8.36, 19.59, 9.77, 11.77, 8.79, 15.01, 4.48, 7.91, 11.77, 5.31, 13.68, 20.34, 5.46, 22.79, 11.06, 7.13, 6.3, 10.22, 19.39, 4.95, 66.68], [0, 20.8, 11.9, 16.29, 9.14, 11.37, 22.03, 9.33, 9.68, 0.0, 16.51, 12.41, 28.82, 12.26, 21.15, 7.55, 23.53, 12.66, 17.11, 4.89, 13.58, 21.79, 29.96, 13.54, 32.47, 7.31, 7.21, 8.93, 10.16, 29.05, 14.53, 60.38], [0, 4.9, 17.61, 9.98, 8.56, 10.31, 12.24, 12.91, 8.35, 16.51, 0.0, 6.51, 12.65, 8.29, 5.93, 17.14, 7.02, 11.92, 9.83, 16.46, 12.08, 5.4, 17.0, 11.77, 18.56, 19.37, 15.48, 14.5, 11.0, 15.75, 7.39, 75.03], [0, 11.38, 14.63, 6.35, 11.24, 14.12, 17.76, 12.95, 8.36, 12.41, 6.51, 0.0, 18.78, 10.29, 12.44, 15.82, 12.62, 5.41, 14.11, 10.87, 5.57, 10.55, 23.41, 5.26, 25.07, 17.44, 14.3, 14.19, 11.61, 22.2, 10.9, 72.62], [0, 8.02, 29.34, 12.85, 21.19, 22.4, 13.11, 22.99, 19.59, 28.82, 12.65, 18.78, 0.0, 17.98, 7.84, 27.73, 6.37, 16.19, 15.48, 29.1, 15.3, 8.52, 9.98, 15.38, 9.3, 30.25, 26.16, 24.6, 21.04, 8.84, 15.81, 84.86], [0, 10.44, 11.75, 8.14, 9.37, 13.06, 9.85, 5.05, 9.77, 12.26, 8.29, 10.29, 17.98, 0.0, 10.17, 9.76, 14.15, 5.29, 5.02, 14.65, 5.77, 13.19, 17.72, 6.04, 20.3, 12.28, 8.19, 6.69, 12.13, 16.84, 10.81, 67.37], [0, 10.83, 21.51, 6.09, 14.22, 16.24, 8.27, 15.21, 11.77, 21.15, 5.93, 12.44, 7.84, 10.17, 0.0, 19.93, 5.08, 8.71, 8.48, 21.89, 7.89, 5.56, 11.17, 8.05, 12.63, 22.43, 18.35, 16.84, 13.25, 9.9, 8.09, 77.36], [0, 20.13, 4.43, 16.94, 13.02, 16.47, 17.94, 4.77, 8.79, 7.55, 17.14, 15.82, 27.73, 9.76, 19.93, 0.0, 23.68, 13.23, 13.28, 12.3, 14.09, 22.45, 26.34, 14.22, 29.19, 12.11, 9.12, 11.13, 6.69, 25.68, 11.95, 57.9], [0, 11.92, 24.54, 7.23, 15.28, 16.13, 13.21, 19.15, 15.01, 23.53, 7.02, 12.62, 6.37, 14.15, 5.08, 23.68, 0.0, 10.96, 13.42, 23.24, 10.02, 10.64, 14.06, 10.02, 14.51, 26.05, 22.04, 20.79, 17.17, 12.74, 12.42, 81.5], [0, 8.18, 13.61, 11.76, 5.83, 8.81, 12.52, 9.23, 4.48, 12.66, 11.92, 5.41, 16.19, 5.29, 8.71, 13.23, 10.96, 0.0, 8.7, 13.2, 9.8, 9.42, 18.9, 9.95, 20.92, 15.4, 11.57, 10.76, 7.45, 17.77, 5.51, 71.08], [0, 9.44, 16.16, 9.78, 13.93, 17.37, 4.92, 8.66, 7.91, 17.11, 9.83, 14.11, 15.48, 5.02, 8.48, 13.28, 13.42, 8.7, 0.0, 19.67, 8.67, 13.23, 13.14, 8.99, 15.93, 15.87, 11.96, 10.05, 7.12, 12.42, 12.4, 69.4], [0, 21.21, 8.41, 16.25, 7.96, 8.46, 24.44, 13.12, 11.77, 4.89, 16.46, 10.87, 29.1, 14.65, 21.89, 12.3, 23.24, 13.2, 19.67, 0.0, 14.0, 21.27, 31.8, 13.85, 34.02, 12.2, 11.7, 13.13, 13.38, 30.76, 16.66, 63.64], [0, 7.29, 14.54, 11.92, 6.45, 9.15, 12.2, 9.99, 5.31, 13.58, 12.08, 5.57, 15.3, 5.77, 7.89, 14.09, 10.02, 9.8, 8.67, 14.0, 0.0, 8.49, 18.28, 10.78, 20.22, 16.29, 12.43, 11.55, 8.16, 17.12, 5.62, 71.96], [0, 10.3, 23.01, 5.61, 13.32, 14.01, 13.81, 18.07, 13.68, 21.79, 5.4, 10.55, 8.52, 13.19, 5.56, 22.45, 10.64, 9.42, 13.23, 21.27, 8.49, 0.0, 15.71, 8.44, 16.41, 24.74, 20.8, 19.7, 16.11, 14.39, 11.73, 80.34], [0, 12.52, 29.28, 17.13, 24.71, 27.2, 8.42, 21.79, 20.34, 29.96, 17.0, 23.41, 9.98, 17.72, 11.17, 26.34, 14.06, 18.9, 13.14, 31.8, 18.28, 15.71, 0.0, 18.52, 19.28, 28.92, 25.08, 23.13, 20.23, 16.3, 15.43, 80.41], [0, 7.4, 14.58, 11.61, 6.24, 8.87, 12.5, 10.18, 5.46, 13.54, 11.77, 5.26, 15.38, 6.04, 8.05, 14.22, 10.02, 9.95, 8.99, 13.85, 10.78, 8.44, 18.52, 0.0, 20.43, 16.4, 12.57, 11.73, 8.37, 17.36, 5.94, 72.07], [0, 13.81, 31.97, 18.72, 26.67, 28.87, 11.36, 24.57, 22.79, 32.47, 18.56, 25.07, 9.3, 20.3, 12.63, 29.19, 14.51, 20.92, 15.93, 34.02, 20.22, 16.41, 19.28, 20.43, 0.0, 31.78, 27.89, 25.96, 22.94, 18.14, 17.97, 83.51], [0, 22.58, 12.53, 19.17, 14.43, 17.6, 20.51, 7.34, 11.06, 7.31, 19.37, 17.44, 30.25, 12.28, 22.43, 12.11, 26.05, 15.4, 15.87, 12.2, 16.29, 24.74, 28.92, 16.4, 31.78, 0.0, 14.38, 5.83, 9.23, 28.27, 14.5, 55.68], [0, 18.52, 4.69, 15.29, 11.59, 15.15, 16.72, 11.95, 7.13, 7.21, 15.48, 14.3, 26.16, 8.19, 18.35, 9.12, 22.04, 11.57, 11.96, 11.7, 12.43, 20.8, 25.08, 12.57, 27.89, 14.38, 0.0, 11.39, 5.15, 24.38, 10.43, 59.55], [0, 17.13, 6.7, 14.32, 11.81, 15.55, 14.75, 11.11, 6.3, 8.93, 14.5, 14.19, 24.6, 6.69, 16.84, 11.13, 20.79, 10.76, 10.05, 13.13, 11.55, 19.7, 23.13, 11.73, 25.96, 5.83, 11.39, 0.0, 14.07, 22.45, 8.79, 60.71], [0, 13.51, 9.05, 10.83, 9.83, 13.67, 12.02, 11.46, 10.22, 10.16, 11.0, 11.61, 21.04, 12.13, 13.25, 6.69, 17.17, 7.45, 7.12, 13.38, 8.16, 16.11, 20.23, 8.37, 22.94, 9.23, 5.15, 14.07, 0.0, 19.44, 5.28, 64.33], [0, 11.23, 28.49, 15.89, 23.57, 25.99, 7.88, 21.07, 19.39, 29.05, 15.75, 22.2, 8.84, 16.84, 9.9, 25.68, 12.74, 17.77, 12.42, 30.76, 17.12, 14.39, 16.3, 17.36, 18.14, 28.27, 24.38, 22.45, 19.44, 0.0, 14.53, 80.3], [0, 8.55, 14.09, 7.29, 10.65, 14.1, 7.79, 7.19, 4.95, 14.53, 7.39, 10.9, 15.81, 10.81, 8.09, 11.95, 12.42, 5.51, 12.4, 16.66, 5.62, 11.73, 15.43, 5.94, 17.97, 14.5, 10.43, 8.79, 5.28, 14.53, 0.0, 69.28], [0, 0, 0, 0, 0, 0, 0, 0, 0, 0, 0, 0, 0, 0, 0, 0, 0, 0, 0, 0, 0, 0, 0, 0, 0, 0, 0, 0, 0, 0, 0, 0]], "end_depot": 31, "horizon": [0.0, 2000.0], "instance_name": "30_80_B_50_A3", "speed_zone_count": 73, "speed_zones": [[0.0, 15.0], [15.0, 30.0], [30.0, 45.0], [45.0, 60.0], [60.0, 75.0], [75.0, 90.0], [90.0, 105.0], [105.0, 120.0], [120.0, 135.0], [135.0, 150.0], [150.0, 165.0], [165.0, 180.0], [180.0, 195.0], [195.0, 210.0], [210.0, 225.0], [225.0, 240.0], [240.0, 255.0], [255.0, 270.0], [270.0, 285.0], [285.0, 300.0], [300.0, 315.0], [315.0, 330.0], [330.0, 345.0], [345.0, 360.0], [360.0, 375.0], [375.0, 390.0], [390.0, 405.0], [405.0, 420.0], [420.0, 435.0], [435.0, 450.0], [450.0, 465.0], [465.0, 480.0], [480.0, 495.0], [495.0, 510.0], [510.0, 525.0], [525.0, 540.0], [540.0, 555.0], [555.0, 570.0], [570.0, 585.0], [585.0, 600.0], [600.0, 615.0], [615.0, 630.0], [630.0, 645.0], [645.0, 660.0], [660.0, 675.0], [675.0, 690.0], [690.0, 705.0], [705.0, 720.0], [720.0, 735.0], [735.0, 750.0], [750.0, 765.0], [765.0, 780.0], [780.0, 795.0], [795.0, 810.0], [810.0, 825.0], [825.0, 840.0], [840.0, 855.0], [855.0, 870.0], [870.0, 885.0], [885.0, 900.0], [900.0, 915.0], [915.0, 930.0], [930.0, 945.0], [945.0, 960.0], [960.0, 975.0], [975.0, 990.0], [990.0, 1005.0], [1005.0, 1020.0], [1020.0, 1035.0], [1035.0, 1050.0], [1050.0, 1065.0], [1065.0, 1080.0], [1080.0, 2000.0]], "start_depot": 0, "time_windows": [[0.0, 1700.0], [24.0, 128.0], [40.0, 160.0], [64.0, 207.0], [76.0, 232.0], [105.0, 290.0], [138.0, 355.0], [153.0, 386.0], [158.0, 396.0], [166.0, 412.0], [180.0, 439.0], [185.0, 449.0], [206.0, 491.0], [231.0, 542.0], [248.0, 575.0], [271.0, 621.0], [292.0, 663.0], [300.0, 680.0], [307.0, 693.0], [321.0, 721.0], [330.0, 740.0], [336.0, 751.0], [349.0, 777.0], [365.0, 809.0], [390.0, 860.0], [424.0, 927.0], [437.0, 953.0], [448.0, 976.0], [461.0, 1002.0], [476.0, 1032.0], [486.0, 1051.0], [0.0, 1700.0]], "vehicle_count": 1}