{"cluster_count": 3, "cluster_speeds": [[0.925, 0.85, 0.925, 1.0, 0.8325, 0.765, 0.8325, 0.9, 0.4625, 0.425, 0.4625, 0.5, 0.30525, 0.2805, 0.30525, 0.33, 0.37, 0.34, 0.37, 0.4, 0.555, 0.51, 0.555, 0.6, 0.6475, 0.595, 0.6475, 0.7, 0.37, 0.34, 0.37, 0.4, 0.30525, 0.2805, 0.30525, 0.33, 0.4625, 0.425, 0.4625, 0.5, 0.6475, 0.595, 0.6475, 0.7, 0.74, 0.68, 0.74, 0.8, 0.6475, 0.595, 0.6475, 0.7, 0.4625, 0.425, 0.4625, 0.5, 0.555, 0.51, 0.555, 0.6, 0.6475, 0.595, 0.6475, 0.7, 0.8325, 0.765, 0.8325, 0.9, 0.925, 0.85, 0.925, 1.0, 1.0], [0.8325, 0.765, 0.8325, 0.9, 0.74925, 0.6885, 0.74925, 0.81, 0.41625, 0.3825, 0.41625, 0.45, 0.274725, 0.25245, 0.274725, 0.297, 0.333, 0.306, 0.333, 0.36, 0.4995, 0.459, 0.4995, 0.54, 0.6475, 0.595, 0.6475, 0.7, 0.37, 0.34, 0.37, 0.4, 0.30525, 0.2805, 0.30525, 0.33, 0.4625, 0.425, 0.4625, 0.5, 0.6475, 0.595, 0.6475, 0.7, 0.74, 0.68, 0.74, 0.8, 0.58275, 0.5355, 0.58275, 0.63, 0.41625, 0.3825, 0.41625, 0.45, 0.4995, 0.459, 0.4995, 0.54, 0.58275, 0.5355, 0.58275, 0.63, 0.74925, 0.6885, 0.74925, 0.81, 0.8325, 0.765, 0.8325, 0.9, 0.9], [0.87875, 0.8075, 0.87875, 0.95, 0.790875, 0.72675, 0.790875, 0.855, 0.439375, 0.40375, 0.439375, 0.475, 0.289988, 0.266475, 0.289988, 0.3135, 0.3515, 0.323, 0.3515, 0.38, 0.52725, 0.4845, 0.52725, 0.57, 0.6475, 0.595, 0.6475, 0.7, 0.37, 0.34, 0.37, 0.4, 0.30525, 0.2805, 0.30525, 0.33, 0.4625, 0.425, 0.4625, 0.5, 0.6475, 0.595, 0.6475, 0.7, 0.74, 0.68, 0.74, 0.8, 0.615125, 0.56525, 0.615125, 0.665, 0.439375, 0.40375, 0.439375, 0.475, 0.52725, 0.4845, 0.52725, 0.57, 0.615125, 0.56525, 0.615125, 0.665, 0.790875, 0.72675, 0.790875, 0.855, 0.87875, 0.8075, 0.87875, 0.95, 0.95]], "clusters": [[-1, 2, 2, 2, 2, 2, 2, 2, 2, 2, 2, 2, 2, 2, 2, 2, 2, 2, 2, 2, 2, 2, 2, 2, 2, 2, 2, 2, 2, 2, 2, -1], [0, -1, 0, 0, 0, 0, 0, 0, 0, 0, 0, 0, 0, 0, 0, 0, 0, 0, 0, 0, 0, 0, 0, 0, 0, 0, 0, 0, 0, 0, 0, 0], [0, 0, -1, 0, 0, 0, 0, 0, 0, 0, 0, 0, 0, 0, 0, 0, 0, 0, 0, 0, 0, 0, 0, 0, 0, 0, 0, 0, 0, 0, 0, 0], [0, 0, 0, -1, 0, 0, 0, 0, 0, 0, 0, 0, 0, 0, 0, 0, 0, 0, 0, 0, 0, 0, 0, 0, 0, 0, 0, 0, 0, 0, 0, 0], [1, 1, 1, 1, -1, 1, 1, 1, 1, 1, 1, 1, 1, 1, 1, 1, 1, 1, 1, 1, 1, 1, 1, 1, 1, 1, 1, 1, 1, 1, 1, 1], [0, 0, 0, 0, 0, -1, 0, 0, 0, 0, 0, 0, 0, 0, 0, 0, 0, 0, 0, 0, 0, 0, 0, 0, 0, 0, 0, 0, 0, 0, 0, 0], [2, 2, 2, 2, 2, 2, -1, 2, 2, 2, 2, 2, 2, 2, 2, 2, 2, 2, 2, 2, 2, 2, 2, 2, 2, 2, 2, 2, 2, 2, 2, 2], [0, 0, 0, 0, 0, 0, 0, -1, 0, 0, 0, 0, 0, 0, 0, 0, 0, 0, 0, 0, 0, 0, 0, 0, 0, 0, 0, 0, 0, 0, 0, 0], [0, 0, 0, 0, 0, 0, 0, 0, -1, 0, 0, 0, 0, 0, 0, 0, 0, 0, 0, 0, 0, 0, 0, 0, 0, 0, 0, 0, 0, 0, 0, 0], [0, 0, 0, 0, 0, 0, 0, 0, 0, -1, 0, 0, 0, 0, 0, 0, 0, 0, 0, 0, 0, 0, 0, 0, 0, 0, 0, 0, 0, 0, 0, 0], [0, 0, 0, 0, 0, 0, 0, 0, 0, 0, -1, 0, 0, 0, 0, 0, 0, 0, 0, 0, 0, 0, 0, 0, 0, 0, 0, 0, 0, 0, 0, 0], [1, 1, 1, 1, 1, 1, 1, 1, 1, 1, 1, -1, 1, 1, 1, 1, 1, 1, 1, 1, 1, 1, 1, 1, 1, 1, 1, 1, 1, 1, 1, 1], [1, 1, 1, 1, 1, 1, 1, 1, 1, 1, 1, 1, -1, 1, 1, 1, 1, 1, 1, 1, 1, 1, 1, 1, 1, 1, 1, 1, 1, 1, 1, 1], [0, 0, 0, 0, 0, 0, 0, 0, 0, 0, 0, 0, 0, -1, 0, 0, 0, 0, 0, 0, 0, 0, 0, 0, 0, 0, 0, 0, 0, 0, 0, 0], [1, 1, 1, 1, 1, 1, 1, 1, 1, 1, 1, 1, 1, 1, -1, 1, 1, 1, 1, 1, 1, 1, 1, 1, 1, 1, 1, 1, 1, 1, 1, 1], [0, 0, 0, 0, 0, 0, 0, 0, 0, 0, 0, 0, 0, 0, 0, -1, 0, 0, 0, 0, 0, 0, 0, 0, 0, 0, 0, 0, 0, 0, 0, 0], [2, 2, 2, 2, 2, 2, 2, 2, 2, 2, 2, 2, 2, 2, 2, 2, -1, 2, 2, 2, 2, 2, 2, 2, 2, 2, 2, 2, 2, 2, 2, 2], [0, 0, 0, 0, 0, 0, 0, 0, 0, 0, 0, 0, 0, 0, 0, 0, 0, -1, 0, 0, 0, 0, 0, 0, 0, 0, 0, 0, 0, 0, 0, 0], [1, 1, 1, 1, 1, 1, 1, 1, 1, 1, 1, 1, 1, 1, 1, 1, 1, 1, -1, 1, 1, 1, 1, 1, 1, 1, 1, 1, 1, 1, 1, 1], [1, 1, 1, 1, 1, 1, 1, 1, 1, 1, 1, 1, 1, 1, 1, 1, 1, 1, 1, -1, 1, 1, 1, 1, 1, 1, 1, 1, 1, 1, 1, 1], [0, 0, 0, 0, 0, 0, 0, 0, 0, 0, 0, 0, 0, 0, 0, 0, 0, 0, 0, 0, -1, 0, 0, 0, 0, 0, 0, 0, 0, 0, 0, 0], [1, 1, 1, 1, 1, 1, 1, 1, 1, 1, 1, 1, 1, 1, 1, 1, 1, 1, 1, 1, 1, -1, 1, 1, 1, 1, 1, 1, 1, 1, 1, 1], [0, 0, 0, 0, 0, 0, 0, 0, 0, 0, 0, 0, 0, 0, 0, 0, 0, 0, 0, 0, 0, 0, -1, 0, 0, 0, 0, 0, 0, 0, 0, 0], [2, 2, 2, 2, 2, 2, 2, 2, 2, 2, 2, 2, 2, 2, 2, 2, 2, 2, 2, 2, 2, 2, 2, -1, 2, 2, 2, 2, 2, 2, 2, 2], [1, 1, 1, 1, 1, 1, 1, 1, 1, 1, 1, 1, 1, 1, 1, 1, 1, 1, 1, 1, 1, 1, 1, 1, -1, 1, 1, 1, 1, 1, 1, 1], [0, 0, 0, 0, 0, 0, 0, 0, 0, 0, 0, 0, 0, 0, 0, 0, 0, 0, 0, 0, 0, 0, 0, 0, 0, -1, 0, 0, 0, 0, 0, 0], [0, 0, 0, 0, 0, 0, 0, 0, 0, 0, 0, 0, 0, 0, 0, 0, 0, 0, 0, 0, 0, 0, 0, 0, 0, 0, -1, 0, 0, 0, 0, 0], [0, 0, 0, 0, 0, 0, 0, 0, 0, 0, 0, 0, 0, 0, 0, 0, 0, 0, 0, 0, 0, 0, 0, 0, 0, 0, 0, -1, 0, 0, 0, 0], [1, 1, 1, 1, 1, 1, 1, 1, 1, 1, 1, 1, 1, 1, 1, 1, 1, 1, 1, 1, 1, 1, 1, 1, 1, 1, 1, 1, -1, 1, 1, 1], [1, 1, 1, 1, 1, 1, 1, 1, 1, 1, 1, 1, 1, 1, 1, 1, 1, 1, 1, 1, 1, 1, 1, 1, 1, 1, 1, 1, 1, -1, 1, 1], [0, 0, 0, 0, 0, 0, 0, 0, 0, 0, 0, 0, 0, 0, 0, 0, 0, 0, 0, 0, 0, 0, 0, 0, 0, 0, 0, 0, 0, 0, -1, 0], [-1, 2, 2, 2, 2, 2, 2, 2, 2, 2, 2, 2, 2, 2, 2, 2, 2, 2, 2, 2, 2, 2, 2, 2, 2, 2, 2, 2, 2, 2, 2, -1]], "dataset_name": "guerriero_et_al_2014b", "digraph": {"arc_count": 930, "arcs": [[0, 1, 1, 1, 1, 1, 1, 1, 1, 1, 1, 1, 1, 1, 1, 1, 1, 1, 1, 1, 1, 1, 1, 1, 1, 1, 1, 1, 1, 1, 1, 0], [0, 0, 1, 1, 1, 1, 1, 1, 1, 1, 1, 1, 1, 1, 1, 1, 1, 1, 1, 1, 1, 1, 1, 1, 1, 1, 1, 1, 1, 1, 1, 1], [0, 1, 0, 1, 1, 1, 1, 1, 1, 1, 1, 1, 1, 1, 1, 1, 1, 1, 1, 1, 1, 1, 1, 1, 1, 1, 1, 1, 1, 1, 1, 1], [0, 1, 1, 0, 1, 1, 1, 1, 1, 1, 1, 1, 1, 1, 1, 1, 1, 1, 1, 1, 1, 1, 1, 1, 1, 1, 1, 1, 1, 1, 1, 1], [0, 1, 1, 1, 0, 1, 1, 1, 1, 1, 1, 1, 1, 1, 1, 1, 1, 1, 1, 1, 1, 1, 1, 1, 1, 1, 1, 1, 1, 1, 1, 1], [0, 1, 1, 1, 1, 0, 1, 1, 1, 1, 1, 1, 1, 1, 1, 1, 1, 1, 1, 1, 1, 1, 1, 1, 1, 1, 1, 1, 1, 1, 1, 1], [0, 1, 1, 1, 1, 1, 0, 1, 1, 1, 1, 1, 1, 1, 1, 1, 1, 1, 1, 1, 1, 1, 1, 1, 1, 1, 1, 1, 1, 1, 1, 1], [0, 1, 1, 1, 1, 1, 1, 0, 1, 1, 1, 1, 1, 1, 1, 1, 1, 1, 1, 1, 1, 1, 1, 1, 1, 1, 1, 1, 1, 1, 1, 1], [0, 1, 1, 1, 1, 1, 1, 1, 0, 1, 1, 1, 1, 1, 1, 1, 1, 1, 1, 1, 1, 1, 1, 1, 1, 1, 1, 1, 1, 1, 1, 1], [0, 1, 1, 1, 1, 1, 1, 1, 1, 0, 1, 1, 1, 1, 1, 1, 1, 1, 1, 1, 1, 1, 1, 1, 1, 1, 1, 1, 1, 1, 1, 1], [0, 1, 1, 1, 1, 1, 1, 1, 1, 1, 0, 1, 1, 1, 1, 1, 1, 1, 1, 1, 1, 1, 1, 1, 1, 1, 1, 1, 1, 1, 1, 1], [0, 1, 1, 1, 1, 1, 1, 1, 1, 1, 1, 0, 1, 1, 1, 1, 1, 1, 1, 1, 1, 1, 1, 1, 1, 1, 1, 1, 1, 1, 1, 1], [0, 1, 1, 1, 1, 1, 1, 1, 1, 1, 1, 1, 0, 1, 1, 1, 1, 1, 1, 1, 1, 1, 1, 1, 1, 1, 1, 1, 1, 1, 1, 1], [0, 1, 1, 1, 1, 1, 1, 1, 1, 1, 1, 1, 1, 0, 1, 1, 1, 1, 1, 1, 1, 1, 1, 1, 1, 1, 1, 1, 1, 1, 1, 1], [0, 1, 1, 1, 1, 1, 1, 1, 1, 1, 1, 1, 1, 1, 0, 1, 1, 1, 1, 1, 1, 1, 1, 1, 1, 1, 1, 1, 1, 1, 1, 1], [0, 1, 1, 1, 1, 1, 1, 1, 1, 1, 1, 1, 1, 1, 1, 0, 1, 1, 1, 1, 1, 1, 1, 1, 1, 1, 1, 1, 1, 1, 1, 1], [0, 1, 1, 1, 1, 1, 1, 1, 1, 1, 1, 1, 1, 1, 1, 1, 0, 1, 1, 1, 1, 1, 1, 1, 1, 1, 1, 1, 1, 1, 1, 1], [0, 1, 1, 1, 1, 1, 1, 1, 1, 1, 1, 1, 1, 1, 1, 1, 1, 0, 1, 1, 1, 1, 1, 1, 1, 1, 1, 1, 1, 1, 1, 1], [0, 1, 1, 1, 1, 1, 1, 1, 1, 1, 1, 1, 1, 1, 1, 1, 1, 1, 0, 1, 1, 1, 1, 1, 1, 1, 1, 1, 1, 1, 1, 1], [0, 1, 1, 1, 1, 1, 1, 1, 1, 1, 1, 1, 1, 1, 1, 1, 1, 1, 1, 0, 1, 1, 1, 1, 1, 1, 1, 1, 1, 1, 1, 1], [0, 1, 1, 1, 1, 1, 1, 1, 1, 1, 1, 1, 1, 1, 1, 1, 1, 1, 1, 1, 0, 1, 1, 1, 1, 1, 1, 1, 1, 1, 1, 1], [0, 1, 1, 1, 1, 1, 1, 1, 1, 1, 1, 1, 1, 1, 1, 1, 1, 1, 1, 1, 1, 0, 1, 1, 1, 1, 1, 1, 1, 1, 1, 1], [0, 1, 1, 1, 1, 1, 1, 1, 1, 1, 1, 1, 1, 1, 1, 1, 1, 1, 1, 1, 1, 1, 0, 1, 1, 1, 1, 1, 1, 1, 1, 1], [0, 1, 1, 1, 1, 1, 1, 1, 1, 1, 1, 1, 1, 1, 1, 1, 1, 1, 1, 1, 1, 1, 1, 0, 1, 1, 1, 1, 1, 1, 1, 1], [0, 1, 1, 1, 1, 1, 1, 1, 1, 1, 1, 1, 1, 1, 1, 1, 1, 1, 1, 1, 1, 1, 1, 1, 0, 1, 1, 1, 1, 1, 1, 1], [0, 1, 1, 1, 1, 1, 1, 1, 1, 1, 1, 1, 1, 1, 1, 1, 1, 1, 1, 1, 1, 1, 1, 1, 1, 0, 1, 1, 1, 1, 1, 1], [0, 1, 1, 1, 1, 1, 1, 1, 1, 1, 1, 1, 1, 1, 1, 1, 1, 1, 1, 1, 1, 1, 1, 1, 1, 1, 0, 1, 1, 1, 1, 1], [0, 1, 1, 1, 1, 1, 1, 1, 1, 1, 1, 1, 1, 1, 1, 1, 1, 1, 1, 1, 1, 1, 1, 1, 1, 1, 1, 0, 1, 1, 1, 1], [0, 1, 1, 1, 1, 1, 1, 1, 1, 1, 1, 1, 1, 1, 1, 1, 1, 1, 1, 1, 1, 1, 1, 1, 1, 1, 1, 1, 0, 1, 1, 1], [0, 1, 1, 1, 1, 1, 1, 1, 1, 1, 1, 1, 1, 1, 1, 1, 1, 1, 1, 1, 1, 1, 1, 1, 1, 1, 1, 1, 1, 0, 1, 1], [0, 1, 1, 1, 1, 1, 1, 1, 1, 1, 1, 1, 1, 1, 1, 1, 1, 1, 1, 1, 1, 1, 1, 1, 1, 1, 1, 1, 1, 1, 0, 1], [0, 0, 0, 0, 0, 0, 0, 0, 0, 0, 0, 0, 0, 0, 0, 0, 0, 0, 0, 0, 0, 0, 0, 0, 0, 0, 0, 0, 0, 0, 0, 0]], "vertex_count": 32}, "distances": [[0, 79.44, 74.54, 56.31, 88.0, 63.61, 73.35, 74.58, 74.7, 80.07, 57.72, 62.05, 74.28, 77.17, 75.72, 74.19, 44.19, 59.62, 85.6, 58.54, 74.44, 57.86, 74.29, 77.59, 69.61, 68.24, 67.83, 84.66, 54.09, 91.57, 67.97, 0], [0, 0.0, 22.34, 25.4, 14.75, 17.72, 42.22, 21.26, 4.89, 11.57, 22.77, 31.25, 30.53, 14.06, 8.66, 21.58, 58.51, 20.96, 11.56, 31.59, 20.48, 33.13, 26.91, 14.14, 35.41, 11.27, 12.11, 16.42, 28.94, 19.04, 12.58, 79.44], [0, 22.34, 0.0, 19.99, 17.6, 16.12, 19.95, 10.22, 22.24, 12.08, 20.68, 13.84, 8.19, 8.51, 28.77, 9.92, 42.56, 19.34, 17.22, 16.56, 11.01, 17.67, 4.57, 35.03, 13.69, 20.0, 18.11, 12.58, 20.94, 19.37, 16.57, 74.54], [0, 25.4, 19.99, 0.0, 31.7, 7.78, 30.55, 19.67, 21.5, 23.77, 13.71, 13.91, 23.6, 20.9, 25.66, 19.39, 34.21, 4.71, 29.4, 11.23, 19.29, 12.38, 21.7, 30.68, 23.18, 14.74, 13.38, 28.44, 13.23, 35.27, 12.84, 56.31], [0, 14.75, 17.6, 31.7, 0.0, 24.51, 35.87, 16.85, 18.51, 7.93, 30.44, 30.92, 24.41, 11.17, 23.41, 17.32, 59.85, 28.56, 11.34, 32.92, 16.44, 34.27, 21.28, 28.52, 30.84, 22.06, 21.51, 5.2, 34.25, 4.39, 20.83, 88.0], [0, 17.72, 16.12, 7.78, 24.51, 0.0, 31.52, 15.44, 14.12, 16.63, 5.93, 16.37, 22.09, 14.32, 19.07, 15.33, 41.14, 12.49, 21.99, 15.31, 14.82, 16.8, 19.26, 24.69, 23.92, 7.77, 6.0, 21.82, 11.22, 28.34, 5.15, 63.61], [0, 42.22, 19.95, 30.55, 35.87, 31.52, 0.0, 21.02, 41.6, 31.87, 33.19, 16.69, 11.84, 28.45, 48.02, 20.67, 32.58, 32.84, 36.37, 19.99, 21.78, 19.48, 15.42, 54.25, 7.61, 37.89, 35.83, 30.71, 28.78, 36.06, 34.29, 73.35], [0, 21.26, 10.22, 19.67, 16.85, 15.44, 21.02, 0.0, 21.18, 11.09, 20.19, 14.33, 9.27, 7.47, 27.71, 10.99, 43.16, 18.78, 16.33, 16.87, 12.08, 18.04, 5.65, 33.97, 14.67, 19.05, 17.19, 11.91, 20.81, 18.8, 15.66, 74.58], [0, 4.89, 22.24, 21.5, 18.51, 14.12, 41.6, 21.18, 0.0, 13.48, 18.6, 29.08, 30.28, 14.8, 6.53, 21.41, 55.25, 16.89, 15.26, 28.89, 20.37, 30.42, 26.72, 12.79, 34.42, 6.85, 8.16, 19.09, 25.19, 22.89, 9.06, 74.7], [0, 11.57, 12.08, 23.77, 7.93, 16.63, 31.87, 11.09, 13.48, 0.0, 22.56, 24.07, 20.03, 13.47, 19.58, 11.51, 52.87, 20.69, 5.94, 25.65, 10.44, 27.07, 16.49, 25.53, 25.76, 15.13, 14.21, 5.91, 26.37, 11.73, 13.31, 80.07], [0, 22.77, 20.68, 13.71, 30.44, 5.93, 33.19, 20.19, 18.6, 22.56, 0.0, 16.77, 25.33, 20.12, 22.37, 19.98, 37.6, 15.78, 27.91, 14.44, 19.68, 15.69, 23.04, 27.24, 25.69, 11.75, 10.66, 27.67, 7.27, 34.25, 10.43, 57.72], [0, 31.25, 13.84, 13.91, 30.92, 16.37, 16.69, 14.33, 29.08, 24.07, 16.77, 0.0, 12.32, 20.23, 34.89, 13.86, 28.93, 16.71, 29.89, 21.01, 14.58, 4.2, 12.37, 40.81, 9.58, 23.78, 21.77, 26.17, 12.16, 33.12, 20.41, 62.05], [0, 30.53, 8.19, 23.6, 24.41, 22.09, 11.84, 9.27, 30.28, 20.03, 25.33, 12.32, 0.0, 16.64, 36.78, 8.96, 38.28, 24.44, 24.65, 16.02, 10.05, 16.48, 12.77, 43.04, 6.73, 27.36, 25.36, 19.21, 23.22, 25.15, 23.79, 74.28], [0, 14.06, 8.51, 20.9, 11.17, 14.32, 28.45, 7.47, 14.8, 13.47, 20.12, 20.23, 16.64, 0.0, 21.25, 7.86, 49.07, 18.33, 9.68, 21.91, 6.76, 23.3, 13.04, 27.42, 22.09, 14.65, 13.27, 7.56, 23.2, 14.4, 12.05, 77.17], [0, 8.66, 28.77, 25.66, 23.41, 19.07, 48.02, 27.71, 6.53, 19.58, 22.37, 34.89, 36.78, 21.25, 0.0, 27.93, 59.86, 20.95, 20.22, 34.31, 26.9, 35.83, 33.23, 6.27, 40.76, 11.3, 13.2, 24.87, 29.47, 27.66, 14.49, 75.72], [0, 21.58, 9.92, 19.39, 17.32, 15.33, 20.67, 10.99, 21.41, 11.51, 19.98, 13.86, 8.96, 7.86, 27.93, 0.0, 42.68, 18.61, 16.79, 16.42, 11.78, 17.58, 5.35, 34.2, 14.25, 19.14, 17.25, 12.38, 20.47, 19.27, 15.71, 74.19], [0, 58.51, 42.56, 34.21, 59.85, 41.14, 32.58, 43.16, 55.25, 52.87, 37.6, 28.93, 38.28, 49.07, 59.86, 42.68, 0.0, 38.91, 58.75, 27.31, 43.47, 25.84, 40.02, 64.84, 31.88, 48.75, 47.13, 55.05, 30.4, 61.93, 46.22, 44.19], [0, 20.96, 19.34, 4.71, 28.56, 12.49, 32.84, 18.78, 16.89, 20.69, 15.78, 16.71, 24.44, 18.33, 20.95, 18.61, 38.91, 0.0, 26.01, 14.76, 18.24, 16.11, 21.96, 26.04, 25.27, 10.08, 8.85, 25.86, 8.52, 32.4, 8.55, 59.62], [0, 11.56, 17.22, 29.4, 11.34, 21.99, 36.37, 16.33, 15.26, 5.94, 27.91, 29.89, 24.65, 9.68, 20.22, 16.79, 58.75, 26.01, 0.0, 31.57, 15.8, 32.98, 21.3, 25.45, 30.81, 19.01, 18.58, 6.14, 32.16, 7.63, 18.02, 85.6], [0, 31.59, 16.56, 11.23, 32.92, 15.31, 19.99, 16.87, 28.89, 25.65, 14.44, 21.01, 16.02, 21.91, 34.31, 16.42, 27.31, 14.76, 31.57, 0.0, 16.98, 18.53, 15.75, 40.0, 13.19, 23.03, 21.12, 28.42, 8.85, 35.47, 19.92, 58.54], [0, 20.48, 11.01, 19.29, 16.44, 14.82, 21.78, 12.08, 20.37, 10.44, 19.68, 14.58, 10.05, 6.76, 26.9, 11.78, 43.47, 18.24, 15.8, 16.98, 0.0, 18.19, 6.44, 33.16, 15.34, 18.27, 16.42, 11.59, 20.56, 18.56, 14.9, 74.44], [0, 33.13, 17.67, 12.38, 34.27, 16.8, 19.48, 18.04, 30.42, 27.07, 15.69, 4.2, 16.48, 23.3, 35.83, 17.58, 25.84, 16.11, 32.98, 18.53, 18.19, 0.0, 16.53, 41.49, 13.04, 24.53, 22.64, 29.7, 9.68, 36.73, 21.45, 57.86], [0, 26.91, 4.57, 21.7, 21.28, 19.26, 15.42, 5.65, 26.72, 16.49, 23.04, 12.37, 12.77, 13.04, 33.23, 5.35, 40.02, 21.96, 21.3, 15.75, 6.44, 16.53, 0.0, 39.49, 9.56, 24.04, 22.07, 16.1, 21.87, 22.41, 20.51, 74.29], [0, 14.14, 35.03, 30.68, 28.52, 24.69, 54.25, 33.97, 12.79, 25.53, 27.24, 40.81, 43.04, 27.42, 6.27, 34.2, 64.84, 26.04, 25.45, 40.0, 33.16, 41.49, 39.49, 0.0, 46.95, 17.04, 19.04, 30.56, 34.49, 32.59, 20.44, 77.59], [0, 35.41, 13.69, 23.18, 30.84, 23.92, 7.61, 14.67, 34.42, 25.76, 25.69, 9.58, 6.73, 22.09, 40.76, 14.25, 31.88, 25.27, 30.81, 13.19, 15.34, 13.04, 9.56, 46.95, 0.0, 30.41, 28.34, 25.66, 21.73, 31.81, 26.81, 69.61], [0, 11.27, 20.0, 14.74, 22.06, 7.77, 37.89, 19.05, 6.85, 15.13, 11.75, 23.78, 27.36, 14.65, 11.3, 19.14, 48.75, 10.08, 19.01, 23.03, 18.27, 24.53, 24.04, 17.04, 30.41, 0.0, 13.77, 21.02, 18.49, 26.35, 12.92, 68.24], [0, 12.11, 18.11, 13.38, 21.51, 6.0, 35.83, 17.19, 8.16, 14.21, 10.66, 21.77, 25.36, 13.27, 13.2, 17.25, 47.13, 8.85, 18.58, 21.12, 16.42, 22.64, 22.07, 19.04, 28.34, 13.77, 0.0, 20.01, 17.03, 25.71, 11.15, 67.83], [0, 16.42, 12.58, 28.44, 5.2, 21.82, 30.71, 11.91, 19.09, 5.91, 27.67, 26.17, 19.21, 7.56, 24.87, 12.38, 55.05, 25.86, 6.14, 28.42, 11.59, 29.7, 16.1, 30.56, 25.66, 21.02, 20.01, 0.0, 30.62, 7.08, 19.02, 84.66], [0, 28.94, 20.94, 13.23, 34.25, 11.22, 28.78, 20.81, 25.19, 26.37, 7.27, 12.16, 23.22, 23.2, 29.47, 20.47, 30.4, 8.52, 32.16, 8.85, 20.56, 9.68, 21.87, 34.49, 21.73, 18.49, 17.03, 30.62, 0.0, 37.59, 16.37, 54.09], [0, 19.04, 19.37, 35.27, 4.39, 28.34, 36.06, 18.8, 22.89, 11.73, 34.25, 33.12, 25.15, 14.4, 27.66, 19.27, 61.93, 32.4, 7.63, 35.47, 18.56, 36.73, 22.41, 32.59, 31.81, 26.35, 25.71, 7.08, 37.59, 0.0, 24.94, 91.57], [0, 12.58, 16.57, 12.84, 20.83, 5.15, 34.29, 15.66, 9.06, 13.31, 10.43, 20.41, 23.79, 12.05, 14.49, 15.71, 46.22, 8.55, 18.02, 19.92, 14.9, 21.45, 20.51, 20.44, 26.81, 12.92, 11.15, 19.02, 16.37, 24.94, 0.0, 67.97], [0, 0, 0, 0, 0, 0, 0, 0, 0, 0, 0, 0, 0, 0, 0, 0, 0, 0, 0, 0, 0, 0, 0, 0, 0, 0, 0, 0, 0, 0, 0, 0]], "end_depot": 31, "horizon": [0.0, 2000.0], "instance_name": "30_90_A_100_C10", "speed_zone_count": 73, "speed_zones": [[0.0, 15.0], [15.0, 30.0], [30.0, 45.0], [45.0, 60.0], [60.0, 75.0], [75.0, 90.0], [90.0, 105.0], [105.0, 120.0], [120.0, 135.0], [135.0, 150.0], [150.0, 165.0], [165.0, 180.0], [180.0, 195.0], [195.0, 210.0], [210.0, 225.0], [225.0, 240.0], [240.0, 255.0], [255.0, 270.0], [270.0, 285.0], [285.0, 300.0], [300.0, 315.0], [315.0, 330.0], [330.0, 345.0], [345.0, 360.0], [360.0, 375.0], [375.0, 390.0], [390.0, 405.0], [405.0, 420.0], [420.0, 435.0], [435.0, 450.0], [450.0, 465.0], [465.0, 480.0], [480.0, 495.0], [495.0, 510.0], [510.0, 525.0], [525.0, 540.0], [540.0, 555.0], [555.0, 570.0], [570.0, 585.0], [585.0, 600.0], [600.0, 615.0], [615.0, 630.0], [630.0, 645.0], [645.0, 660.0], [660.0, 675.0], [675.0, 690.0], [690.0, 705.0], [705.0, 720.0], [720.0, 735.0], [735.0, 750.0], [750.0, 765.0], [765.0, 780.0], [780.0, 795.0], [795.0, 810.0], [810.0, 825.0], [825.0, 840.0], [840.0, 855.0], [855.0, 870.0], [870.0, 885.0], [885.0, 900.0], [900.0, 915.0], [915.0, 930.0], [930.0, 945.0], [945.0, 960.0], [960.0, 975.0], [975.0, 990.0], [990.0, 1005.0], [1005.0, 1020.0], [1020.0, 1035.0], [1035.0, 1050.0], [1050.0, 1065.0], [1065.0, 1080.0], [1080.0, 2000.0]], "start_depot": 0, "time_windows": [[0.0, 1700.0], [55.0, 135.0], [82.0, 162.0], [126.0, 206.0], [217.0, 297.0], [281.0, 361.0], [335.0, 415.0], [368.0, 448.0], [416.0, 496.0], [454.0, 534.0], [519.0, 599.0], [555.0, 635.0], [575.0, 655.0], [602.0, 682.0], [632.0, 712.0], [671.0, 751.0], [735.0, 815.0], [817.0, 897.0], [863.0, 943.0], [918.0, 998.0], [941.0, 1021.0], [964.0, 1044.0], [984.0, 1064.0], [1028.0, 1108.0], [1078.0, 1158.0], [1111.0, 1191.0], [1125.0, 1205.0], [1145.0, 1225.0], [1176.0, 1256.0], [1217.0, 1297.0], [1245.0, 1325.0], [0.0, 1700.0]], "vehicle_count": 1}