{"cluster_count": 3, "cluster_speeds": [[0.925, 0.85, 0.925, 1.0, 0.8325, 0.765, 0.8325, 0.9, 0.4625, 0.425, 0.4625, 0.5, 0.30525, 0.2805, 0.30525, 0.33, 0.37, 0.34, 0.37, 0.4, 0.555, 0.51, 0.555, 0.6, 0.6475, 0.595, 0.6475, 0.7, 0.37, 0.34, 0.37, 0.4, 0.30525, 0.2805, 0.30525, 0.33, 0.4625, 0.425, 0.4625, 0.5, 0.6475, 0.595, 0.6475, 0.7, 0.74, 0.68, 0.74, 0.8, 0.6475, 0.595, 0.6475, 0.7, 0.4625, 0.425, 0.4625, 0.5, 0.555, 0.51, 0.555, 0.6, 0.6475, 0.595, 0.6475, 0.7, 0.8325, 0.765, 0.8325, 0.9, 0.925, 0.85, 0.925, 1.0, 1.0], [0.8325, 0.765, 0.8325, 0.9, 0.74925, 0.6885, 0.74925, 0.81, 0.41625, 0.3825, 0.41625, 0.45, 0.274725, 0.25245, 0.274725, 0.297, 0.333, 0.306, 0.333, 0.36, 0.4995, 0.459, 0.4995, 0.54, 0.6475, 0.595, 0.6475, 0.7, 0.37, 0.34, 0.37, 0.4, 0.30525, 0.2805, 0.30525, 0.33, 0.4625, 0.425, 0.4625, 0.5, 0.6475, 0.595, 0.6475, 0.7, 0.74, 0.68, 0.74, 0.8, 0.58275, 0.5355, 0.58275, 0.63, 0.41625, 0.3825, 0.41625, 0.45, 0.4995, 0.459, 0.4995, 0.54, 0.58275, 0.5355, 0.58275, 0.63, 0.74925, 0.6885, 0.74925, 0.81, 0.8325, 0.765, 0.8325, 0.9, 0.9], [0.87875, 0.8075, 0.87875, 0.95, 0.790875, 0.72675, 0.790875, 0.855, 0.439375, 0.40375, 0.439375, 0.475, 0.289988, 0.266475, 0.289988, 0.3135, 0.3515, 0.323, 0.3515, 0.38, 0.52725, 0.4845, 0.52725, 0.57, 0.6475, 0.595, 0.6475, 0.7, 0.37, 0.34, 0.37, 0.4, 0.30525, 0.2805, 0.30525, 0.33, 0.4625, 0.425, 0.4625, 0.5, 0.6475, 0.595, 0.6475, 0.7, 0.74, 0.68, 0.74, 0.8, 0.615125, 0.56525, 0.615125, 0.665, 0.439375, 0.40375, 0.439375, 0.475, 0.52725, 0.4845, 0.52725, 0.57, 0.615125, 0.56525, 0.615125, 0.665, 0.790875, 0.72675, 0.790875, 0.855, 0.87875, 0.8075, 0.87875, 0.95, 0.95]], "clusters": [[-1, 2, 2, 2, 2, 2, 2, 2, 2, 2, 2, 2, 2, 2, 2, 2, 2, 2, 2, 2, 2, 2, 2, 2, 2, 2, 2, 2, 2, 2, 2, -1], [0, -1, 0, 0, 0, 0, 0, 0, 0, 0, 0, 0, 0, 0, 0, 0, 0, 0, 0, 0, 0, 0, 0, 0, 0, 0, 0, 0, 0, 0, 0, 0], [0, 0, -1, 0, 0, 0, 0, 0, 0, 0, 0, 0, 0, 0, 0, 0, 0, 0, 0, 0, 0, 0, 0, 0, 0, 0, 0, 0, 0, 0, 0, 0], [0, 0, 0, -1, 0, 0, 0, 0, 0, 0, 0, 0, 0, 0, 0, 0, 0, 0, 0, 0, 0, 0, 0, 0, 0, 0, 0, 0, 0, 0, 0, 0], [0, 0, 0, 0, -1, 0, 0, 0, 0, 0, 0, 0, 0, 0, 0, 0, 0, 0, 0, 0, 0, 0, 0, 0, 0, 0, 0, 0, 0, 0, 0, 0], [1, 1, 1, 1, 1, -1, 1, 1, 1, 1, 1, 1, 1, 1, 1, 1, 1, 1, 1, 1, 1, 1, 1, 1, 1, 1, 1, 1, 1, 1, 1, 1], [0, 0, 0, 0, 0, 0, -1, 0, 0, 0, 0, 0, 0, 0, 0, 0, 0, 0, 0, 0, 0, 0, 0, 0, 0, 0, 0, 0, 0, 0, 0, 0], [0, 0, 0, 0, 0, 0, 0, -1, 0, 0, 0, 0, 0, 0, 0, 0, 0, 0, 0, 0, 0, 0, 0, 0, 0, 0, 0, 0, 0, 0, 0, 0], [0, 0, 0, 0, 0, 0, 0, 0, -1, 0, 0, 0, 0, 0, 0, 0, 0, 0, 0, 0, 0, 0, 0, 0, 0, 0, 0, 0, 0, 0, 0, 0], [0, 0, 0, 0, 0, 0, 0, 0, 0, -1, 0, 0, 0, 0, 0, 0, 0, 0, 0, 0, 0, 0, 0, 0, 0, 0, 0, 0, 0, 0, 0, 0], [0, 0, 0, 0, 0, 0, 0, 0, 0, 0, -1, 0, 0, 0, 0, 0, 0, 0, 0, 0, 0, 0, 0, 0, 0, 0, 0, 0, 0, 0, 0, 0], [0, 0, 0, 0, 0, 0, 0, 0, 0, 0, 0, -1, 0, 0, 0, 0, 0, 0, 0, 0, 0, 0, 0, 0, 0, 0, 0, 0, 0, 0, 0, 0], [1, 1, 1, 1, 1, 1, 1, 1, 1, 1, 1, 1, -1, 1, 1, 1, 1, 1, 1, 1, 1, 1, 1, 1, 1, 1, 1, 1, 1, 1, 1, 1], [0, 0, 0, 0, 0, 0, 0, 0, 0, 0, 0, 0, 0, -1, 0, 0, 0, 0, 0, 0, 0, 0, 0, 0, 0, 0, 0, 0, 0, 0, 0, 0], [0, 0, 0, 0, 0, 0, 0, 0, 0, 0, 0, 0, 0, 0, -1, 0, 0, 0, 0, 0, 0, 0, 0, 0, 0, 0, 0, 0, 0, 0, 0, 0], [0, 0, 0, 0, 0, 0, 0, 0, 0, 0, 0, 0, 0, 0, 0, -1, 0, 0, 0, 0, 0, 0, 0, 0, 0, 0, 0, 0, 0, 0, 0, 0], [0, 0, 0, 0, 0, 0, 0, 0, 0, 0, 0, 0, 0, 0, 0, 0, -1, 0, 0, 0, 0, 0, 0, 0, 0, 0, 0, 0, 0, 0, 0, 0], [0, 0, 0, 0, 0, 0, 0, 0, 0, 0, 0, 0, 0, 0, 0, 0, 0, -1, 0, 0, 0, 0, 0, 0, 0, 0, 0, 0, 0, 0, 0, 0], [0, 0, 0, 0, 0, 0, 0, 0, 0, 0, 0, 0, 0, 0, 0, 0, 0, 0, -1, 0, 0, 0, 0, 0, 0, 0, 0, 0, 0, 0, 0, 0], [0, 0, 0, 0, 0, 0, 0, 0, 0, 0, 0, 0, 0, 0, 0, 0, 0, 0, 0, -1, 0, 0, 0, 0, 0, 0, 0, 0, 0, 0, 0, 0], [0, 0, 0, 0, 0, 0, 0, 0, 0, 0, 0, 0, 0, 0, 0, 0, 0, 0, 0, 0, -1, 0, 0, 0, 0, 0, 0, 0, 0, 0, 0, 0], [0, 0, 0, 0, 0, 0, 0, 0, 0, 0, 0, 0, 0, 0, 0, 0, 0, 0, 0, 0, 0, -1, 0, 0, 0, 0, 0, 0, 0, 0, 0, 0], [1, 1, 1, 1, 1, 1, 1, 1, 1, 1, 1, 1, 1, 1, 1, 1, 1, 1, 1, 1, 1, 1, -1, 1, 1, 1, 1, 1, 1, 1, 1, 1], [1, 1, 1, 1, 1, 1, 1, 1, 1, 1, 1, 1, 1, 1, 1, 1, 1, 1, 1, 1, 1, 1, 1, -1, 1, 1, 1, 1, 1, 1, 1, 1], [0, 0, 0, 0, 0, 0, 0, 0, 0, 0, 0, 0, 0, 0, 0, 0, 0, 0, 0, 0, 0, 0, 0, 0, -1, 0, 0, 0, 0, 0, 0, 0], [0, 0, 0, 0, 0, 0, 0, 0, 0, 0, 0, 0, 0, 0, 0, 0, 0, 0, 0, 0, 0, 0, 0, 0, 0, -1, 0, 0, 0, 0, 0, 0], [0, 0, 0, 0, 0, 0, 0, 0, 0, 0, 0, 0, 0, 0, 0, 0, 0, 0, 0, 0, 0, 0, 0, 0, 0, 0, -1, 0, 0, 0, 0, 0], [0, 0, 0, 0, 0, 0, 0, 0, 0, 0, 0, 0, 0, 0, 0, 0, 0, 0, 0, 0, 0, 0, 0, 0, 0, 0, 0, -1, 0, 0, 0, 0], [0, 0, 0, 0, 0, 0, 0, 0, 0, 0, 0, 0, 0, 0, 0, 0, 0, 0, 0, 0, 0, 0, 0, 0, 0, 0, 0, 0, -1, 0, 0, 0], [0, 0, 0, 0, 0, 0, 0, 0, 0, 0, 0, 0, 0, 0, 0, 0, 0, 0, 0, 0, 0, 0, 0, 0, 0, 0, 0, 0, 0, -1, 0, 0], [0, 0, 0, 0, 0, 0, 0, 0, 0, 0, 0, 0, 0, 0, 0, 0, 0, 0, 0, 0, 0, 0, 0, 0, 0, 0, 0, 0, 0, 0, -1, 0], [-1, 2, 2, 2, 2, 2, 2, 2, 2, 2, 2, 2, 2, 2, 2, 2, 2, 2, 2, 2, 2, 2, 2, 2, 2, 2, 2, 2, 2, 2, 2, -1]], "dataset_name": "guerriero_et_al_2014b", "digraph": {"arc_count": 930, "arcs": [[0, 1, 1, 1, 1, 1, 1, 1, 1, 1, 1, 1, 1, 1, 1, 1, 1, 1, 1, 1, 1, 1, 1, 1, 1, 1, 1, 1, 1, 1, 1, 0], [0, 0, 1, 1, 1, 1, 1, 1, 1, 1, 1, 1, 1, 1, 1, 1, 1, 1, 1, 1, 1, 1, 1, 1, 1, 1, 1, 1, 1, 1, 1, 1], [0, 1, 0, 1, 1, 1, 1, 1, 1, 1, 1, 1, 1, 1, 1, 1, 1, 1, 1, 1, 1, 1, 1, 1, 1, 1, 1, 1, 1, 1, 1, 1], [0, 1, 1, 0, 1, 1, 1, 1, 1, 1, 1, 1, 1, 1, 1, 1, 1, 1, 1, 1, 1, 1, 1, 1, 1, 1, 1, 1, 1, 1, 1, 1], [0, 1, 1, 1, 0, 1, 1, 1, 1, 1, 1, 1, 1, 1, 1, 1, 1, 1, 1, 1, 1, 1, 1, 1, 1, 1, 1, 1, 1, 1, 1, 1], [0, 1, 1, 1, 1, 0, 1, 1, 1, 1, 1, 1, 1, 1, 1, 1, 1, 1, 1, 1, 1, 1, 1, 1, 1, 1, 1, 1, 1, 1, 1, 1], [0, 1, 1, 1, 1, 1, 0, 1, 1, 1, 1, 1, 1, 1, 1, 1, 1, 1, 1, 1, 1, 1, 1, 1, 1, 1, 1, 1, 1, 1, 1, 1], [0, 1, 1, 1, 1, 1, 1, 0, 1, 1, 1, 1, 1, 1, 1, 1, 1, 1, 1, 1, 1, 1, 1, 1, 1, 1, 1, 1, 1, 1, 1, 1], [0, 1, 1, 1, 1, 1, 1, 1, 0, 1, 1, 1, 1, 1, 1, 1, 1, 1, 1, 1, 1, 1, 1, 1, 1, 1, 1, 1, 1, 1, 1, 1], [0, 1, 1, 1, 1, 1, 1, 1, 1, 0, 1, 1, 1, 1, 1, 1, 1, 1, 1, 1, 1, 1, 1, 1, 1, 1, 1, 1, 1, 1, 1, 1], [0, 1, 1, 1, 1, 1, 1, 1, 1, 1, 0, 1, 1, 1, 1, 1, 1, 1, 1, 1, 1, 1, 1, 1, 1, 1, 1, 1, 1, 1, 1, 1], [0, 1, 1, 1, 1, 1, 1, 1, 1, 1, 1, 0, 1, 1, 1, 1, 1, 1, 1, 1, 1, 1, 1, 1, 1, 1, 1, 1, 1, 1, 1, 1], [0, 1, 1, 1, 1, 1, 1, 1, 1, 1, 1, 1, 0, 1, 1, 1, 1, 1, 1, 1, 1, 1, 1, 1, 1, 1, 1, 1, 1, 1, 1, 1], [0, 1, 1, 1, 1, 1, 1, 1, 1, 1, 1, 1, 1, 0, 1, 1, 1, 1, 1, 1, 1, 1, 1, 1, 1, 1, 1, 1, 1, 1, 1, 1], [0, 1, 1, 1, 1, 1, 1, 1, 1, 1, 1, 1, 1, 1, 0, 1, 1, 1, 1, 1, 1, 1, 1, 1, 1, 1, 1, 1, 1, 1, 1, 1], [0, 1, 1, 1, 1, 1, 1, 1, 1, 1, 1, 1, 1, 1, 1, 0, 1, 1, 1, 1, 1, 1, 1, 1, 1, 1, 1, 1, 1, 1, 1, 1], [0, 1, 1, 1, 1, 1, 1, 1, 1, 1, 1, 1, 1, 1, 1, 1, 0, 1, 1, 1, 1, 1, 1, 1, 1, 1, 1, 1, 1, 1, 1, 1], [0, 1, 1, 1, 1, 1, 1, 1, 1, 1, 1, 1, 1, 1, 1, 1, 1, 0, 1, 1, 1, 1, 1, 1, 1, 1, 1, 1, 1, 1, 1, 1], [0, 1, 1, 1, 1, 1, 1, 1, 1, 1, 1, 1, 1, 1, 1, 1, 1, 1, 0, 1, 1, 1, 1, 1, 1, 1, 1, 1, 1, 1, 1, 1], [0, 1, 1, 1, 1, 1, 1, 1, 1, 1, 1, 1, 1, 1, 1, 1, 1, 1, 1, 0, 1, 1, 1, 1, 1, 1, 1, 1, 1, 1, 1, 1], [0, 1, 1, 1, 1, 1, 1, 1, 1, 1, 1, 1, 1, 1, 1, 1, 1, 1, 1, 1, 0, 1, 1, 1, 1, 1, 1, 1, 1, 1, 1, 1], [0, 1, 1, 1, 1, 1, 1, 1, 1, 1, 1, 1, 1, 1, 1, 1, 1, 1, 1, 1, 1, 0, 1, 1, 1, 1, 1, 1, 1, 1, 1, 1], [0, 1, 1, 1, 1, 1, 1, 1, 1, 1, 1, 1, 1, 1, 1, 1, 1, 1, 1, 1, 1, 1, 0, 1, 1, 1, 1, 1, 1, 1, 1, 1], [0, 1, 1, 1, 1, 1, 1, 1, 1, 1, 1, 1, 1, 1, 1, 1, 1, 1, 1, 1, 1, 1, 1, 0, 1, 1, 1, 1, 1, 1, 1, 1], [0, 1, 1, 1, 1, 1, 1, 1, 1, 1, 1, 1, 1, 1, 1, 1, 1, 1, 1, 1, 1, 1, 1, 1, 0, 1, 1, 1, 1, 1, 1, 1], [0, 1, 1, 1, 1, 1, 1, 1, 1, 1, 1, 1, 1, 1, 1, 1, 1, 1, 1, 1, 1, 1, 1, 1, 1, 0, 1, 1, 1, 1, 1, 1], [0, 1, 1, 1, 1, 1, 1, 1, 1, 1, 1, 1, 1, 1, 1, 1, 1, 1, 1, 1, 1, 1, 1, 1, 1, 1, 0, 1, 1, 1, 1, 1], [0, 1, 1, 1, 1, 1, 1, 1, 1, 1, 1, 1, 1, 1, 1, 1, 1, 1, 1, 1, 1, 1, 1, 1, 1, 1, 1, 0, 1, 1, 1, 1], [0, 1, 1, 1, 1, 1, 1, 1, 1, 1, 1, 1, 1, 1, 1, 1, 1, 1, 1, 1, 1, 1, 1, 1, 1, 1, 1, 1, 0, 1, 1, 1], [0, 1, 1, 1, 1, 1, 1, 1, 1, 1, 1, 1, 1, 1, 1, 1, 1, 1, 1, 1, 1, 1, 1, 1, 1, 1, 1, 1, 1, 0, 1, 1], [0, 1, 1, 1, 1, 1, 1, 1, 1, 1, 1, 1, 1, 1, 1, 1, 1, 1, 1, 1, 1, 1, 1, 1, 1, 1, 1, 1, 1, 1, 0, 1], [0, 0, 0, 0, 0, 0, 0, 0, 0, 0, 0, 0, 0, 0, 0, 0, 0, 0, 0, 0, 0, 0, 0, 0, 0, 0, 0, 0, 0, 0, 0, 0]], "vertex_count": 32}, "distances": [[0, 75.9, 56.17, 69.06, 72.2, 91.91, 72.12, 64.25, 66.6, 72.15, 66.91, 70.16, 69.92, 83.64, 69.82, 73.24, 66.87, 74.51, 75.94, 75.92, 63.93, 71.43, 75.54, 79.87, 73.22, 66.17, 58.5, 77.89, 74.48, 71.37, 67.66, 0], [0, 0.0, 19.83, 7.21, 12.06, 21.42, 4.31, 11.77, 9.3, 13.87, 9.44, 9.61, 16.19, 8.39, 6.36, 11.46, 9.41, 14.25, 10.08, 10.28, 12.31, 7.84, 18.42, 21.41, 12.07, 9.73, 17.41, 10.41, 7.32, 4.53, 8.69, 75.9], [0, 19.83, 0.0, 13.46, 16.04, 38.54, 15.96, 8.74, 10.57, 16.11, 11.59, 16.39, 17.64, 27.9, 14.1, 17.38, 10.71, 23.17, 20.41, 22.52, 8.87, 15.69, 26.31, 31.08, 17.14, 10.16, 14.88, 21.8, 20.04, 15.36, 12.25, 56.17], [0, 7.21, 13.46, 0.0, 4.85, 25.38, 5.23, 4.83, 10.58, 11.1, 10.38, 5.26, 16.56, 14.6, 9.7, 4.25, 5.17, 12.51, 6.97, 10.18, 5.17, 8.7, 16.6, 20.76, 4.86, 11.04, 10.89, 9.16, 7.09, 10.51, 9.96, 69.06], [0, 12.06, 16.04, 4.85, 0.0, 25.1, 9.17, 8.53, 5.73, 11.3, 6.79, 9.21, 13.41, 12.38, 10.67, 9.1, 5.45, 15.51, 6.25, 12.13, 9.28, 4.86, 19.75, 23.36, 9.71, 6.19, 13.71, 5.86, 8.81, 10.53, 6.14, 72.2], [0, 21.42, 38.54, 25.38, 25.1, 0.0, 25.55, 29.83, 28.71, 24.07, 26.99, 22.36, 37.26, 14.09, 24.94, 22.33, 29.86, 17.46, 19.01, 16.25, 29.68, 29.23, 17.47, 14.79, 23.51, 29.0, 35.94, 20.21, 18.5, 24.55, 26.38, 91.91], [0, 4.31, 15.96, 5.23, 9.17, 25.55, 0.0, 8.67, 5.8, 10.74, 7.07, 9.72, 12.85, 12.69, 4.47, 9.47, 5.29, 16.07, 6.76, 12.69, 9.46, 4.3, 20.31, 23.92, 10.09, 6.25, 13.67, 6.1, 9.37, 8.85, 6.46, 72.12], [0, 11.77, 8.74, 4.83, 8.53, 29.83, 8.67, 0.0, 12.06, 8.06, 10.05, 8.02, 16.5, 19.42, 5.57, 8.99, 4.84, 15.29, 11.79, 14.0, 10.0, 10.46, 18.95, 23.52, 9.18, 12.48, 6.14, 13.76, 11.33, 7.26, 10.01, 64.25], [0, 9.3, 10.57, 10.58, 5.73, 28.71, 5.8, 12.06, 0.0, 5.56, 9.92, 8.23, 14.28, 17.35, 10.27, 6.85, 10.13, 15.64, 9.99, 13.55, 12.65, 7.57, 19.61, 23.93, 6.62, 10.02, 8.11, 11.29, 10.5, 4.8, 9.21, 66.6], [0, 13.87, 16.11, 11.1, 11.3, 24.07, 10.74, 8.06, 5.56, 0.0, 5.9, 7.66, 14.95, 11.88, 11.15, 10.7, 5.93, 13.91, 5.07, 10.6, 8.65, 6.44, 18.15, 21.8, 9.72, 5.99, 13.67, 5.74, 7.27, 9.6, 5.18, 72.15], [0, 9.44, 11.59, 10.38, 6.79, 26.99, 7.07, 10.05, 9.92, 5.9, 0.0, 5.52, 17.15, 16.73, 10.43, 6.47, 5.21, 12.93, 9.04, 11.27, 11.12, 9.93, 16.8, 21.22, 7.02, 10.34, 9.0, 11.39, 8.5, 5.12, 9.53, 66.91], [0, 9.61, 16.39, 5.26, 9.21, 22.36, 9.72, 8.02, 8.23, 7.66, 5.52, 0.0, 21.8, 14.38, 5.6, 6.79, 10.32, 7.42, 7.19, 6.16, 7.58, 13.71, 11.4, 15.72, 8.4, 8.28, 13.83, 11.07, 4.38, 7.28, 5.25, 70.16], [0, 16.19, 17.64, 16.56, 13.41, 37.26, 12.85, 16.5, 14.28, 14.95, 17.15, 21.8, 0.0, 23.33, 16.22, 16.62, 11.98, 28.75, 19.41, 25.54, 17.6, 8.57, 32.96, 36.74, 14.89, 14.48, 16.95, 17.09, 22.21, 14.96, 16.99, 69.92], [0, 8.39, 27.9, 14.6, 12.38, 14.09, 12.69, 19.42, 17.35, 11.88, 16.73, 14.38, 23.33, 0.0, 13.86, 10.51, 17.75, 14.85, 7.72, 10.82, 19.71, 15.71, 18.06, 19.18, 10.97, 17.74, 25.39, 6.68, 10.15, 12.58, 15.98, 83.64], [0, 6.36, 14.1, 9.7, 10.67, 24.94, 4.47, 5.57, 10.27, 11.15, 10.43, 5.6, 16.22, 13.86, 0.0, 12.39, 5.22, 12.65, 6.31, 10.05, 5.98, 8.15, 16.8, 20.85, 10.97, 10.73, 11.55, 8.31, 6.85, 10.56, 10.38, 69.82], [0, 11.46, 17.38, 4.25, 9.1, 22.33, 9.47, 8.99, 6.85, 10.7, 6.47, 6.79, 16.62, 10.51, 12.39, 0.0, 7.56, 12.44, 9.19, 8.94, 9.41, 8.06, 16.68, 20.18, 9.11, 7.23, 14.88, 4.96, 5.63, 10.13, 5.71, 73.24], [0, 9.41, 10.71, 5.17, 5.45, 29.86, 5.29, 4.84, 10.13, 5.93, 5.21, 10.32, 11.98, 17.75, 5.22, 7.56, 0.0, 17.66, 10.88, 15.27, 5.92, 5.73, 21.71, 25.93, 6.77, 10.55, 8.53, 11.31, 12.07, 5.34, 5.16, 66.87], [0, 14.25, 23.17, 12.51, 15.51, 17.46, 16.07, 15.29, 15.64, 13.91, 12.93, 7.42, 28.75, 14.85, 12.65, 12.44, 17.66, 0.0, 10.75, 4.25, 14.68, 20.33, 4.25, 8.3, 14.25, 15.7, 20.71, 14.88, 6.95, 13.8, 12.67, 74.51], [0, 10.08, 20.41, 6.97, 6.25, 19.01, 6.76, 11.79, 9.99, 5.07, 9.04, 7.19, 19.41, 7.72, 6.31, 9.19, 10.88, 10.75, 0.0, 6.71, 12.02, 10.88, 14.88, 17.84, 4.66, 10.35, 17.85, 4.23, 11.56, 5.55, 8.3, 75.94], [0, 10.28, 22.52, 10.18, 12.13, 16.25, 12.69, 14.0, 13.55, 10.6, 11.27, 6.16, 25.54, 10.82, 10.05, 8.94, 15.27, 4.25, 6.71, 0.0, 13.67, 16.99, 8.2, 11.26, 10.71, 13.73, 19.95, 10.72, 10.54, 10.67, 10.79, 75.92], [0, 12.31, 8.87, 5.17, 9.28, 29.68, 9.46, 10.0, 12.65, 8.65, 11.12, 7.58, 17.6, 19.71, 5.98, 9.41, 5.92, 14.68, 12.02, 13.67, 0.0, 11.48, 18.22, 22.85, 9.79, 13.07, 6.28, 14.28, 11.19, 7.85, 11.08, 63.93], [0, 7.84, 15.69, 8.7, 4.86, 29.23, 4.3, 10.46, 7.57, 6.44, 9.93, 13.71, 8.57, 15.71, 8.15, 8.06, 5.73, 20.33, 10.88, 16.99, 11.48, 0.0, 24.57, 28.22, 6.33, 7.95, 13.85, 9.09, 13.68, 6.55, 9.54, 71.43], [0, 18.42, 26.31, 16.6, 19.75, 17.47, 20.31, 18.95, 19.61, 18.15, 16.8, 11.4, 32.96, 18.06, 16.8, 16.68, 21.71, 4.25, 14.88, 8.2, 18.22, 24.57, 0.0, 4.82, 18.49, 19.63, 23.97, 18.93, 11.16, 18.03, 16.63, 75.54], [0, 21.41, 31.08, 20.76, 23.36, 14.79, 23.92, 23.52, 23.93, 21.8, 21.22, 15.72, 36.74, 19.18, 20.85, 20.18, 25.93, 8.3, 17.84, 11.26, 22.85, 28.22, 4.82, 0.0, 21.96, 24.0, 28.71, 21.53, 14.55, 21.8, 20.96, 79.87], [0, 12.07, 17.14, 4.86, 9.71, 23.51, 10.09, 9.18, 6.62, 9.72, 7.02, 8.4, 14.89, 10.97, 10.97, 9.11, 6.77, 14.25, 4.66, 10.71, 9.79, 6.33, 18.49, 21.96, 0.0, 7.06, 14.72, 4.67, 7.43, 10.21, 6.3, 73.22], [0, 9.73, 10.16, 11.04, 6.19, 29.0, 6.25, 12.48, 10.02, 5.99, 10.34, 8.28, 14.48, 17.74, 10.73, 7.23, 10.55, 15.7, 10.35, 13.73, 13.07, 7.95, 19.63, 24.0, 7.06, 0.0, 7.69, 11.72, 10.72, 5.22, 9.63, 66.17], [0, 17.41, 14.88, 10.89, 13.71, 35.94, 13.67, 6.14, 8.11, 13.67, 9.0, 13.83, 16.95, 25.39, 11.55, 14.88, 8.53, 20.71, 17.85, 19.95, 6.28, 13.85, 23.97, 28.71, 14.72, 7.69, 0.0, 19.39, 17.44, 12.9, 9.66, 58.5], [0, 10.41, 21.8, 9.16, 5.86, 20.21, 6.1, 13.76, 11.29, 5.74, 11.39, 11.07, 17.09, 6.68, 8.31, 4.96, 11.31, 14.88, 4.23, 10.72, 14.28, 9.09, 18.93, 21.53, 4.67, 11.72, 19.39, 0.0, 8.15, 6.53, 10.64, 77.89], [0, 7.32, 20.04, 7.09, 8.81, 18.5, 9.37, 11.33, 10.5, 7.27, 8.5, 4.38, 22.21, 10.15, 6.85, 5.63, 12.07, 6.95, 11.56, 10.54, 11.19, 13.68, 11.16, 14.55, 7.43, 10.72, 17.44, 8.15, 0.0, 7.34, 7.93, 74.48], [0, 4.53, 15.36, 10.51, 10.53, 24.55, 8.85, 7.26, 4.8, 9.6, 5.12, 7.28, 14.96, 12.58, 10.56, 10.13, 5.34, 13.8, 5.55, 10.67, 7.85, 6.55, 18.03, 21.8, 10.21, 5.22, 12.9, 6.53, 7.34, 0.0, 4.42, 71.37], [0, 8.69, 12.25, 9.96, 6.14, 26.38, 6.46, 10.01, 9.21, 5.18, 9.53, 5.25, 16.99, 15.98, 10.38, 5.71, 5.16, 12.67, 8.3, 10.79, 11.08, 9.54, 16.63, 20.96, 6.3, 9.63, 9.66, 10.64, 7.93, 4.42, 0.0, 67.66], [0, 0, 0, 0, 0, 0, 0, 0, 0, 0, 0, 0, 0, 0, 0, 0, 0, 0, 0, 0, 0, 0, 0, 0, 0, 0, 0, 0, 0, 0, 0, 0]], "end_depot": 31, "horizon": [0.0, 2000.0], "instance_name": "30_90_A_75_A4", "speed_zone_count": 73, "speed_zones": [[0.0, 15.0], [15.0, 30.0], [30.0, 45.0], [45.0, 60.0], [60.0, 75.0], [75.0, 90.0], [90.0, 105.0], [105.0, 120.0], [120.0, 135.0], [135.0, 150.0], [150.0, 165.0], [165.0, 180.0], [180.0, 195.0], [195.0, 210.0], [210.0, 225.0], [225.0, 240.0], [240.0, 255.0], [255.0, 270.0], [270.0, 285.0], [285.0, 300.0], [300.0, 315.0], [315.0, 330.0], [330.0, 345.0], [345.0, 360.0], [360.0, 375.0], [375.0, 390.0], [390.0, 405.0], [405.0, 420.0], [420.0, 435.0], [435.0, 450.0], [450.0, 465.0], [465.0, 480.0], [480.0, 495.0], [495.0, 510.0], [510.0, 525.0], [525.0, 540.0], [540.0, 555.0], [555.0, 570.0], [570.0, 585.0], [585.0, 600.0], [600.0, 615.0], [615.0, 630.0], [630.0, 645.0], [645.0, 660.0], [660.0, 675.0], [675.0, 690.0], [690.0, 705.0], [705.0, 720.0], [720.0, 735.0], [735.0, 750.0], [750.0, 765.0], [765.0, 780.0], [780.0, 795.0], [795.0, 810.0], [810.0, 825.0], [825.0, 840.0], [840.0, 855.0], [855.0, 870.0], [870.0, 885.0], [885.0, 900.0], [900.0, 915.0], [915.0, 930.0], [930.0, 945.0], [945.0, 960.0], [960.0, 975.0], [975.0, 990.0], [990.0, 1005.0], [1005.0, 1020.0], [1020.0, 1035.0], [1035.0, 1050.0], [1050.0, 1065.0], [1065.0, 1080.0], [1080.0, 2000.0]], "start_depot": 0, "time_windows": [[0.0, 1700.0], [39.0, 131.0], [56.0, 154.0], [73.0, 177.0], [82.0, 189.0], [131.0, 254.0], [192.0, 335.0], [204.0, 352.0], [222.0, 375.0], [229.0, 385.0], [237.0, 395.0], [243.0, 404.0], [270.0, 439.0], [303.0, 484.0], [331.0, 521.0], [363.0, 563.0], [378.0, 584.0], [408.0, 624.0], [423.0, 644.0], [432.0, 655.0], [448.0, 677.0], [461.0, 694.0], [487.0, 729.0], [492.0, 735.0], [514.0, 765.0], [522.0, 776.0], [531.0, 788.0], [554.0, 818.0], [566.0, 834.0], [579.0, 851.0], [585.0, 860.0], [0.0, 1700.0]], "vehicle_count": 1}