{"cluster_count": 3, "cluster_speeds": [[0.8325, 0.765, 0.8325, 0.9, 0.74925, 0.6885, 0.74925, 0.81, 0.41625, 0.3825, 0.41625, 0.45, 0.274725, 0.25245, 0.274725, 0.297, 0.333, 0.306, 0.333, 0.36, 0.4995, 0.459, 0.4995, 0.54, 0.6475, 0.595, 0.6475, 0.7, 0.37, 0.34, 0.37, 0.4, 0.30525, 0.2805, 0.30525, 0.33, 0.4625, 0.425, 0.4625, 0.5, 0.6475, 0.595, 0.6475, 0.7, 0.74, 0.68, 0.74, 0.8, 0.58275, 0.5355, 0.58275, 0.63, 0.41625, 0.3825, 0.41625, 0.45, 0.4995, 0.459, 0.4995, 0.54, 0.58275, 0.5355, 0.58275, 0.63, 0.74925, 0.6885, 0.74925, 0.81, 0.8325, 0.765, 0.8325, 0.9, 0.9], [0.87875, 0.8075, 0.87875, 0.95, 0.790875, 0.72675, 0.790875, 0.855, 0.439375, 0.40375, 0.439375, 0.475, 0.289988, 0.266475, 0.289988, 0.3135, 0.3515, 0.323, 0.3515, 0.38, 0.52725, 0.4845, 0.52725, 0.57, 0.6475, 0.595, 0.6475, 0.7, 0.37, 0.34, 0.37, 0.4, 0.30525, 0.2805, 0.30525, 0.33, 0.4625, 0.425, 0.4625, 0.5, 0.6475, 0.595, 0.6475, 0.7, 0.74, 0.68, 0.74, 0.8, 0.615125, 0.56525, 0.615125, 0.665, 0.439375, 0.40375, 0.439375, 0.475, 0.52725, 0.4845, 0.52725, 0.57, 0.615125, 0.56525, 0.615125, 0.665, 0.790875, 0.72675, 0.790875, 0.855, 0.87875, 0.8075, 0.87875, 0.95, 0.95], [0.925, 0.85, 0.925, 1.0, 0.8325, 0.765, 0.8325, 0.9, 0.4625, 0.425, 0.4625, 0.5, 0.30525, 0.2805, 0.30525, 0.33, 0.37, 0.34, 0.37, 0.4, 0.555, 0.51, 0.555, 0.6, 0.6475, 0.595, 0.6475, 0.7, 0.37, 0.34, 0.37, 0.4, 0.30525, 0.2805, 0.30525, 0.33, 0.4625, 0.425, 0.4625, 0.5, 0.6475, 0.595, 0.6475, 0.7, 0.74, 0.68, 0.74, 0.8, 0.6475, 0.595, 0.6475, 0.7, 0.4625, 0.425, 0.4625, 0.5, 0.555, 0.51, 0.555, 0.6, 0.6475, 0.595, 0.6475, 0.7, 0.8325, 0.765, 0.8325, 0.9, 0.925, 0.85, 0.925, 1.0, 1.0]], "clusters": [[-1, 2, 2, 2, 2, 2, 2, 2, 2, 2, 2, 2, 2, 2, 2, 2, 2, 2, 2, 2, 2, 2, 2, 2, 2, 2, 2, 2, 2, 2, 2, -1], [0, -1, 0, 0, 0, 0, 0, 0, 0, 0, 0, 0, 0, 0, 0, 0, 0, 0, 0, 0, 0, 0, 0, 0, 0, 0, 0, 0, 0, 0, 0, 0], [1, 1, -1, 1, 1, 1, 1, 1, 1, 1, 1, 1, 1, 1, 1, 1, 1, 1, 1, 1, 1, 1, 1, 1, 1, 1, 1, 1, 1, 1, 1, 1], [0, 0, 0, -1, 0, 0, 0, 0, 0, 0, 0, 0, 0, 0, 0, 0, 0, 0, 0, 0, 0, 0, 0, 0, 0, 0, 0, 0, 0, 0, 0, 0], [0, 0, 0, 0, -1, 0, 0, 0, 0, 0, 0, 0, 0, 0, 0, 0, 0, 0, 0, 0, 0, 0, 0, 0, 0, 0, 0, 0, 0, 0, 0, 0], [2, 2, 2, 2, 2, -1, 2, 2, 2, 2, 2, 2, 2, 2, 2, 2, 2, 2, 2, 2, 2, 2, 2, 2, 2, 2, 2, 2, 2, 2, 2, 2], [0, 0, 0, 0, 0, 0, -1, 0, 0, 0, 0, 0, 0, 0, 0, 0, 0, 0, 0, 0, 0, 0, 0, 0, 0, 0, 0, 0, 0, 0, 0, 0], [0, 0, 0, 0, 0, 0, 0, -1, 0, 0, 0, 0, 0, 0, 0, 0, 0, 0, 0, 0, 0, 0, 0, 0, 0, 0, 0, 0, 0, 0, 0, 0], [0, 0, 0, 0, 0, 0, 0, 0, -1, 0, 0, 0, 0, 0, 0, 0, 0, 0, 0, 0, 0, 0, 0, 0, 0, 0, 0, 0, 0, 0, 0, 0], [0, 0, 0, 0, 0, 0, 0, 0, 0, -1, 0, 0, 0, 0, 0, 0, 0, 0, 0, 0, 0, 0, 0, 0, 0, 0, 0, 0, 0, 0, 0, 0], [0, 0, 0, 0, 0, 0, 0, 0, 0, 0, -1, 0, 0, 0, 0, 0, 0, 0, 0, 0, 0, 0, 0, 0, 0, 0, 0, 0, 0, 0, 0, 0], [1, 1, 1, 1, 1, 1, 1, 1, 1, 1, 1, -1, 1, 1, 1, 1, 1, 1, 1, 1, 1, 1, 1, 1, 1, 1, 1, 1, 1, 1, 1, 1], [0, 0, 0, 0, 0, 0, 0, 0, 0, 0, 0, 0, -1, 0, 0, 0, 0, 0, 0, 0, 0, 0, 0, 0, 0, 0, 0, 0, 0, 0, 0, 0], [0, 0, 0, 0, 0, 0, 0, 0, 0, 0, 0, 0, 0, -1, 0, 0, 0, 0, 0, 0, 0, 0, 0, 0, 0, 0, 0, 0, 0, 0, 0, 0], [0, 0, 0, 0, 0, 0, 0, 0, 0, 0, 0, 0, 0, 0, -1, 0, 0, 0, 0, 0, 0, 0, 0, 0, 0, 0, 0, 0, 0, 0, 0, 0], [0, 0, 0, 0, 0, 0, 0, 0, 0, 0, 0, 0, 0, 0, 0, -1, 0, 0, 0, 0, 0, 0, 0, 0, 0, 0, 0, 0, 0, 0, 0, 0], [1, 1, 1, 1, 1, 1, 1, 1, 1, 1, 1, 1, 1, 1, 1, 1, -1, 1, 1, 1, 1, 1, 1, 1, 1, 1, 1, 1, 1, 1, 1, 1], [0, 0, 0, 0, 0, 0, 0, 0, 0, 0, 0, 0, 0, 0, 0, 0, 0, -1, 0, 0, 0, 0, 0, 0, 0, 0, 0, 0, 0, 0, 0, 0], [0, 0, 0, 0, 0, 0, 0, 0, 0, 0, 0, 0, 0, 0, 0, 0, 0, 0, -1, 0, 0, 0, 0, 0, 0, 0, 0, 0, 0, 0, 0, 0], [0, 0, 0, 0, 0, 0, 0, 0, 0, 0, 0, 0, 0, 0, 0, 0, 0, 0, 0, -1, 0, 0, 0, 0, 0, 0, 0, 0, 0, 0, 0, 0], [0, 0, 0, 0, 0, 0, 0, 0, 0, 0, 0, 0, 0, 0, 0, 0, 0, 0, 0, 0, -1, 0, 0, 0, 0, 0, 0, 0, 0, 0, 0, 0], [2, 2, 2, 2, 2, 2, 2, 2, 2, 2, 2, 2, 2, 2, 2, 2, 2, 2, 2, 2, 2, -1, 2, 2, 2, 2, 2, 2, 2, 2, 2, 2], [0, 0, 0, 0, 0, 0, 0, 0, 0, 0, 0, 0, 0, 0, 0, 0, 0, 0, 0, 0, 0, 0, -1, 0, 0, 0, 0, 0, 0, 0, 0, 0], [1, 1, 1, 1, 1, 1, 1, 1, 1, 1, 1, 1, 1, 1, 1, 1, 1, 1, 1, 1, 1, 1, 1, -1, 1, 1, 1, 1, 1, 1, 1, 1], [0, 0, 0, 0, 0, 0, 0, 0, 0, 0, 0, 0, 0, 0, 0, 0, 0, 0, 0, 0, 0, 0, 0, 0, -1, 0, 0, 0, 0, 0, 0, 0], [0, 0, 0, 0, 0, 0, 0, 0, 0, 0, 0, 0, 0, 0, 0, 0, 0, 0, 0, 0, 0, 0, 0, 0, 0, -1, 0, 0, 0, 0, 0, 0], [1, 1, 1, 1, 1, 1, 1, 1, 1, 1, 1, 1, 1, 1, 1, 1, 1, 1, 1, 1, 1, 1, 1, 1, 1, 1, -1, 1, 1, 1, 1, 1], [0, 0, 0, 0, 0, 0, 0, 0, 0, 0, 0, 0, 0, 0, 0, 0, 0, 0, 0, 0, 0, 0, 0, 0, 0, 0, 0, -1, 0, 0, 0, 0], [0, 0, 0, 0, 0, 0, 0, 0, 0, 0, 0, 0, 0, 0, 0, 0, 0, 0, 0, 0, 0, 0, 0, 0, 0, 0, 0, 0, -1, 0, 0, 0], [1, 1, 1, 1, 1, 1, 1, 1, 1, 1, 1, 1, 1, 1, 1, 1, 1, 1, 1, 1, 1, 1, 1, 1, 1, 1, 1, 1, 1, -1, 1, 1], [0, 0, 0, 0, 0, 0, 0, 0, 0, 0, 0, 0, 0, 0, 0, 0, 0, 0, 0, 0, 0, 0, 0, 0, 0, 0, 0, 0, 0, 0, -1, 0], [-1, 2, 2, 2, 2, 2, 2, 2, 2, 2, 2, 2, 2, 2, 2, 2, 2, 2, 2, 2, 2, 2, 2, 2, 2, 2, 2, 2, 2, 2, 2, -1]], "dataset_name": "guerriero_et_al_2014b", "digraph": {"arc_count": 930, "arcs": [[0, 1, 1, 1, 1, 1, 1, 1, 1, 1, 1, 1, 1, 1, 1, 1, 1, 1, 1, 1, 1, 1, 1, 1, 1, 1, 1, 1, 1, 1, 1, 0], [0, 0, 1, 1, 1, 1, 1, 1, 1, 1, 1, 1, 1, 1, 1, 1, 1, 1, 1, 1, 1, 1, 1, 1, 1, 1, 1, 1, 1, 1, 1, 1], [0, 1, 0, 1, 1, 1, 1, 1, 1, 1, 1, 1, 1, 1, 1, 1, 1, 1, 1, 1, 1, 1, 1, 1, 1, 1, 1, 1, 1, 1, 1, 1], [0, 1, 1, 0, 1, 1, 1, 1, 1, 1, 1, 1, 1, 1, 1, 1, 1, 1, 1, 1, 1, 1, 1, 1, 1, 1, 1, 1, 1, 1, 1, 1], [0, 1, 1, 1, 0, 1, 1, 1, 1, 1, 1, 1, 1, 1, 1, 1, 1, 1, 1, 1, 1, 1, 1, 1, 1, 1, 1, 1, 1, 1, 1, 1], [0, 1, 1, 1, 1, 0, 1, 1, 1, 1, 1, 1, 1, 1, 1, 1, 1, 1, 1, 1, 1, 1, 1, 1, 1, 1, 1, 1, 1, 1, 1, 1], [0, 1, 1, 1, 1, 1, 0, 1, 1, 1, 1, 1, 1, 1, 1, 1, 1, 1, 1, 1, 1, 1, 1, 1, 1, 1, 1, 1, 1, 1, 1, 1], [0, 1, 1, 1, 1, 1, 1, 0, 1, 1, 1, 1, 1, 1, 1, 1, 1, 1, 1, 1, 1, 1, 1, 1, 1, 1, 1, 1, 1, 1, 1, 1], [0, 1, 1, 1, 1, 1, 1, 1, 0, 1, 1, 1, 1, 1, 1, 1, 1, 1, 1, 1, 1, 1, 1, 1, 1, 1, 1, 1, 1, 1, 1, 1], [0, 1, 1, 1, 1, 1, 1, 1, 1, 0, 1, 1, 1, 1, 1, 1, 1, 1, 1, 1, 1, 1, 1, 1, 1, 1, 1, 1, 1, 1, 1, 1], [0, 1, 1, 1, 1, 1, 1, 1, 1, 1, 0, 1, 1, 1, 1, 1, 1, 1, 1, 1, 1, 1, 1, 1, 1, 1, 1, 1, 1, 1, 1, 1], [0, 1, 1, 1, 1, 1, 1, 1, 1, 1, 1, 0, 1, 1, 1, 1, 1, 1, 1, 1, 1, 1, 1, 1, 1, 1, 1, 1, 1, 1, 1, 1], [0, 1, 1, 1, 1, 1, 1, 1, 1, 1, 1, 1, 0, 1, 1, 1, 1, 1, 1, 1, 1, 1, 1, 1, 1, 1, 1, 1, 1, 1, 1, 1], [0, 1, 1, 1, 1, 1, 1, 1, 1, 1, 1, 1, 1, 0, 1, 1, 1, 1, 1, 1, 1, 1, 1, 1, 1, 1, 1, 1, 1, 1, 1, 1], [0, 1, 1, 1, 1, 1, 1, 1, 1, 1, 1, 1, 1, 1, 0, 1, 1, 1, 1, 1, 1, 1, 1, 1, 1, 1, 1, 1, 1, 1, 1, 1], [0, 1, 1, 1, 1, 1, 1, 1, 1, 1, 1, 1, 1, 1, 1, 0, 1, 1, 1, 1, 1, 1, 1, 1, 1, 1, 1, 1, 1, 1, 1, 1], [0, 1, 1, 1, 1, 1, 1, 1, 1, 1, 1, 1, 1, 1, 1, 1, 0, 1, 1, 1, 1, 1, 1, 1, 1, 1, 1, 1, 1, 1, 1, 1], [0, 1, 1, 1, 1, 1, 1, 1, 1, 1, 1, 1, 1, 1, 1, 1, 1, 0, 1, 1, 1, 1, 1, 1, 1, 1, 1, 1, 1, 1, 1, 1], [0, 1, 1, 1, 1, 1, 1, 1, 1, 1, 1, 1, 1, 1, 1, 1, 1, 1, 0, 1, 1, 1, 1, 1, 1, 1, 1, 1, 1, 1, 1, 1], [0, 1, 1, 1, 1, 1, 1, 1, 1, 1, 1, 1, 1, 1, 1, 1, 1, 1, 1, 0, 1, 1, 1, 1, 1, 1, 1, 1, 1, 1, 1, 1], [0, 1, 1, 1, 1, 1, 1, 1, 1, 1, 1, 1, 1, 1, 1, 1, 1, 1, 1, 1, 0, 1, 1, 1, 1, 1, 1, 1, 1, 1, 1, 1], [0, 1, 1, 1, 1, 1, 1, 1, 1, 1, 1, 1, 1, 1, 1, 1, 1, 1, 1, 1, 1, 0, 1, 1, 1, 1, 1, 1, 1, 1, 1, 1], [0, 1, 1, 1, 1, 1, 1, 1, 1, 1, 1, 1, 1, 1, 1, 1, 1, 1, 1, 1, 1, 1, 0, 1, 1, 1, 1, 1, 1, 1, 1, 1], [0, 1, 1, 1, 1, 1, 1, 1, 1, 1, 1, 1, 1, 1, 1, 1, 1, 1, 1, 1, 1, 1, 1, 0, 1, 1, 1, 1, 1, 1, 1, 1], [0, 1, 1, 1, 1, 1, 1, 1, 1, 1, 1, 1, 1, 1, 1, 1, 1, 1, 1, 1, 1, 1, 1, 1, 0, 1, 1, 1, 1, 1, 1, 1], [0, 1, 1, 1, 1, 1, 1, 1, 1, 1, 1, 1, 1, 1, 1, 1, 1, 1, 1, 1, 1, 1, 1, 1, 1, 0, 1, 1, 1, 1, 1, 1], [0, 1, 1, 1, 1, 1, 1, 1, 1, 1, 1, 1, 1, 1, 1, 1, 1, 1, 1, 1, 1, 1, 1, 1, 1, 1, 0, 1, 1, 1, 1, 1], [0, 1, 1, 1, 1, 1, 1, 1, 1, 1, 1, 1, 1, 1, 1, 1, 1, 1, 1, 1, 1, 1, 1, 1, 1, 1, 1, 0, 1, 1, 1, 1], [0, 1, 1, 1, 1, 1, 1, 1, 1, 1, 1, 1, 1, 1, 1, 1, 1, 1, 1, 1, 1, 1, 1, 1, 1, 1, 1, 1, 0, 1, 1, 1], [0, 1, 1, 1, 1, 1, 1, 1, 1, 1, 1, 1, 1, 1, 1, 1, 1, 1, 1, 1, 1, 1, 1, 1, 1, 1, 1, 1, 1, 0, 1, 1], [0, 1, 1, 1, 1, 1, 1, 1, 1, 1, 1, 1, 1, 1, 1, 1, 1, 1, 1, 1, 1, 1, 1, 1, 1, 1, 1, 1, 1, 1, 0, 1], [0, 0, 0, 0, 0, 0, 0, 0, 0, 0, 0, 0, 0, 0, 0, 0, 0, 0, 0, 0, 0, 0, 0, 0, 0, 0, 0, 0, 0, 0, 0, 0]], "vertex_count": 32}, "distances": [[0, 65.58, 86.97, 78.78, 76.51, 96.57, 56.83, 74.78, 59.29, 70.37, 71.36, 69.81, 69.51, 82.13, 85.1, 73.83, 55.87, 66.94, 81.31, 72.75, 71.71, 97.41, 56.71, 58.51, 72.65, 60.47, 87.24, 67.82, 82.45, 54.65, 83.17, 0], [0, 0.0, 23.22, 14.78, 11.66, 36.1, 10.69, 9.94, 8.34, 11.29, 13.19, 18.08, 13.99, 17.37, 19.53, 13.23, 12.51, 12.26, 17.31, 16.81, 11.27, 34.64, 10.31, 12.47, 8.44, 5.42, 22.17, 13.02, 17.11, 11.09, 17.7, 65.58], [0, 23.22, 0.0, 8.5, 17.85, 14.14, 33.87, 18.56, 31.43, 16.77, 27.83, 34.09, 19.87, 6.31, 9.8, 25.15, 35.64, 21.81, 5.93, 30.47, 15.33, 11.46, 33.53, 34.97, 20.59, 28.59, 4.99, 21.18, 14.17, 33.96, 13.0, 86.97], [0, 14.78, 8.5, 0.0, 11.88, 21.6, 25.46, 11.93, 23.05, 9.45, 21.24, 27.56, 11.62, 14.0, 9.38, 19.02, 27.26, 13.38, 14.42, 24.38, 7.85, 19.86, 25.09, 26.79, 13.51, 20.12, 8.83, 12.8, 11.22, 25.46, 10.6, 78.78], [0, 11.66, 17.85, 11.88, 0.0, 31.99, 19.88, 13.88, 17.33, 16.45, 9.99, 16.24, 8.08, 11.7, 10.1, 7.34, 21.18, 10.62, 13.26, 12.71, 15.26, 28.74, 19.89, 19.4, 13.46, 16.17, 14.55, 9.71, 6.13, 21.92, 7.11, 76.51], [0, 36.1, 14.14, 21.6, 31.99, 0.0, 46.74, 32.65, 44.44, 27.07, 41.96, 48.24, 33.2, 20.36, 23.38, 39.3, 48.6, 34.76, 19.34, 44.61, 26.09, 6.07, 46.29, 48.34, 34.62, 41.23, 18.22, 34.28, 28.03, 46.1, 26.81, 96.57], [0, 10.69, 33.87, 25.46, 19.88, 46.74, 0.0, 18.21, 10.05, 20.84, 15.25, 16.43, 14.11, 27.9, 29.26, 17.29, 10.0, 12.08, 27.98, 17.69, 21.27, 45.31, 10.64, 12.92, 15.97, 5.58, 32.51, 12.7, 25.96, 4.41, 26.83, 56.83], [0, 9.94, 18.56, 11.93, 13.88, 32.65, 18.21, 0.0, 15.65, 15.45, 9.39, 15.71, 6.45, 12.29, 11.44, 7.11, 19.55, 8.93, 13.59, 12.45, 14.37, 29.66, 18.19, 17.88, 12.0, 14.42, 15.61, 8.03, 7.76, 20.18, 8.66, 74.78], [0, 8.34, 31.43, 23.05, 17.33, 44.44, 10.05, 15.65, 0.0, 18.95, 13.29, 15.29, 11.6, 25.41, 26.69, 15.09, 4.21, 9.69, 25.55, 16.03, 19.25, 42.88, 9.6, 4.66, 13.43, 11.45, 29.97, 10.26, 23.41, 5.64, 24.26, 59.29], [0, 11.29, 16.77, 9.45, 16.45, 27.07, 20.84, 15.45, 18.95, 0.0, 22.9, 28.62, 10.71, 13.2, 18.4, 21.77, 22.78, 10.45, 11.61, 26.52, 17.3, 27.09, 20.23, 23.45, 15.67, 15.29, 18.23, 10.56, 18.81, 19.35, 18.63, 70.37], [0, 13.19, 27.83, 21.24, 9.99, 41.96, 15.25, 9.39, 13.29, 22.9, 0.0, 6.33, 12.2, 21.62, 19.72, 13.92, 15.73, 13.2, 22.98, 18.99, 22.21, 38.7, 15.67, 12.86, 7.8, 14.48, 24.46, 12.72, 15.15, 18.91, 16.36, 71.36], [0, 18.08, 34.09, 27.56, 16.24, 48.24, 16.43, 15.71, 15.29, 28.62, 6.33, 0.0, 17.95, 27.92, 25.69, 8.98, 16.14, 18.44, 29.3, 14.36, 28.09, 44.84, 17.09, 12.82, 14.08, 17.73, 30.57, 18.14, 21.0, 20.71, 22.25, 69.81], [0, 13.99, 19.87, 11.62, 8.08, 33.2, 14.11, 6.45, 11.6, 10.71, 12.2, 17.95, 0.0, 13.8, 15.61, 11.34, 15.81, 13.22, 14.04, 15.84, 10.14, 31.33, 13.84, 15.16, 5.55, 9.2, 18.44, 12.39, 13.23, 14.97, 13.78, 69.51], [0, 17.37, 6.31, 14.0, 11.7, 20.36, 27.9, 12.29, 25.41, 13.2, 21.62, 27.92, 13.8, 0.0, 6.11, 19.04, 29.61, 15.94, 11.86, 24.4, 11.6, 17.68, 27.61, 28.78, 14.29, 22.78, 5.17, 15.23, 9.12, 28.34, 8.19, 82.13], [0, 19.53, 9.8, 9.38, 10.1, 23.38, 29.26, 11.44, 26.69, 18.4, 19.72, 25.69, 15.61, 6.11, 0.0, 16.76, 30.75, 18.16, 8.48, 21.79, 16.81, 19.29, 29.14, 29.29, 13.76, 24.78, 5.17, 17.29, 4.75, 30.57, 13.78, 85.1], [0, 13.23, 25.15, 19.02, 7.34, 39.3, 17.29, 7.11, 15.09, 21.77, 13.92, 8.98, 11.34, 19.04, 16.76, 0.0, 18.01, 12.91, 20.56, 5.38, 20.9, 35.86, 17.6, 15.37, 6.12, 15.6, 21.59, 12.25, 12.14, 20.57, 13.37, 73.83], [0, 12.51, 35.64, 27.26, 21.18, 48.6, 10.0, 19.55, 4.21, 22.78, 15.73, 16.14, 15.81, 29.61, 30.75, 18.01, 0.0, 13.88, 29.76, 17.84, 23.2, 47.09, 12.57, 8.87, 17.27, 7.51, 34.14, 14.47, 27.3, 5.59, 28.2, 55.87], [0, 12.26, 21.81, 13.38, 10.62, 34.76, 12.08, 8.93, 9.69, 10.45, 13.2, 18.44, 13.22, 15.94, 18.16, 12.91, 13.88, 0.0, 15.9, 16.86, 10.27, 33.24, 11.72, 13.69, 7.67, 6.84, 20.75, 14.45, 15.88, 12.5, 16.42, 66.94], [0, 17.31, 5.93, 14.42, 13.26, 19.34, 27.98, 13.59, 25.55, 11.61, 22.98, 29.3, 14.04, 11.86, 8.48, 20.56, 29.76, 15.9, 0.0, 25.94, 10.05, 17.33, 27.62, 29.19, 15.39, 22.67, 6.69, 15.29, 11.36, 28.04, 10.5, 81.31], [0, 16.81, 30.47, 24.38, 12.71, 44.61, 17.69, 12.45, 16.03, 26.52, 18.99, 14.36, 15.84, 24.4, 21.79, 5.38, 17.84, 16.86, 25.94, 0.0, 25.8, 41.02, 18.22, 14.68, 11.18, 17.7, 26.75, 16.38, 17.07, 21.66, 18.33, 72.75], [0, 11.27, 15.33, 7.85, 15.26, 26.09, 21.27, 14.37, 19.25, 17.3, 22.21, 28.09, 10.14, 11.6, 16.81, 20.9, 23.2, 10.27, 10.05, 25.8, 0.0, 25.85, 20.7, 23.65, 14.79, 15.69, 16.64, 10.24, 17.33, 20.09, 17.11, 71.71], [0, 34.64, 11.46, 19.86, 28.74, 6.07, 45.31, 29.66, 42.88, 27.09, 38.7, 44.84, 31.33, 17.68, 19.29, 35.86, 47.09, 33.24, 17.33, 41.02, 25.85, 0.0, 44.95, 46.43, 31.81, 39.98, 14.27, 32.62, 24.03, 45.24, 22.78, 97.41], [0, 10.31, 33.53, 25.09, 19.89, 46.29, 10.64, 18.19, 9.6, 20.23, 15.67, 17.09, 13.84, 27.61, 29.14, 17.6, 12.57, 11.72, 27.62, 18.22, 20.7, 44.95, 0.0, 4.94, 15.99, 5.06, 32.27, 12.38, 25.94, 10.87, 26.77, 56.71], [0, 12.47, 34.97, 26.79, 19.4, 48.34, 12.92, 17.88, 4.66, 23.45, 12.86, 12.82, 15.16, 28.78, 29.29, 15.37, 8.87, 13.69, 29.19, 14.68, 23.65, 46.43, 4.94, 0.0, 15.56, 8.42, 33.03, 14.09, 25.51, 8.51, 26.51, 58.51], [0, 8.44, 20.59, 13.51, 13.46, 34.62, 15.97, 12.0, 13.43, 15.67, 7.8, 14.08, 5.55, 14.29, 13.76, 6.12, 17.27, 7.67, 15.39, 11.18, 14.79, 31.81, 15.99, 15.56, 0.0, 12.45, 17.85, 6.84, 10.03, 18.14, 10.97, 72.65], [0, 5.42, 28.59, 20.12, 16.17, 41.23, 5.58, 14.42, 11.45, 15.29, 14.48, 17.73, 9.2, 22.78, 24.78, 15.6, 7.51, 6.84, 22.67, 17.7, 15.69, 39.98, 5.06, 8.42, 12.45, 0.0, 27.58, 7.6, 22.0, 5.81, 22.71, 60.47], [0, 22.17, 4.99, 8.83, 14.55, 18.22, 32.51, 15.61, 29.97, 18.23, 24.46, 30.57, 18.44, 5.17, 5.17, 21.59, 34.14, 20.75, 6.69, 26.75, 16.64, 14.27, 32.27, 33.03, 17.85, 27.58, 0.0, 19.98, 9.85, 33.23, 8.61, 87.24], [0, 13.02, 21.18, 12.8, 9.71, 34.28, 12.7, 8.03, 10.26, 10.56, 12.72, 18.14, 12.39, 15.23, 17.29, 12.25, 14.47, 14.45, 15.29, 16.38, 10.24, 32.62, 12.38, 14.09, 6.84, 7.6, 19.98, 0.0, 14.95, 13.32, 15.51, 67.82], [0, 17.11, 14.17, 11.22, 6.13, 28.03, 25.96, 7.76, 23.41, 18.81, 15.15, 21.0, 13.23, 9.12, 4.75, 12.14, 27.3, 15.88, 11.36, 17.07, 17.33, 24.03, 25.94, 25.51, 10.03, 22.0, 9.85, 14.95, 0.0, 27.8, 13.24, 82.45], [0, 11.09, 33.96, 25.46, 21.92, 46.1, 4.41, 20.18, 5.64, 19.35, 18.91, 20.71, 14.97, 28.34, 30.57, 20.57, 5.59, 12.5, 28.04, 21.66, 20.09, 45.24, 10.87, 8.51, 18.14, 5.81, 33.23, 13.32, 27.8, 0.0, 28.52, 54.65], [0, 17.7, 13.0, 10.6, 7.11, 26.81, 26.83, 8.66, 24.26, 18.63, 16.36, 22.25, 13.78, 8.19, 13.78, 13.37, 28.2, 16.42, 10.5, 18.33, 17.11, 22.78, 26.77, 26.51, 10.97, 22.71, 8.61, 15.51, 13.24, 28.52, 0.0, 83.17], [0, 0, 0, 0, 0, 0, 0, 0, 0, 0, 0, 0, 0, 0, 0, 0, 0, 0, 0, 0, 0, 0, 0, 0, 0, 0, 0, 0, 0, 0, 0, 0]], "end_depot": 31, "horizon": [0.0, 2000.0], "instance_name": "30_90_B_75_B6", "speed_zone_count": 73, "speed_zones": [[0.0, 15.0], [15.0, 30.0], [30.0, 45.0], [45.0, 60.0], [60.0, 75.0], [75.0, 90.0], [90.0, 105.0], [105.0, 120.0], [120.0, 135.0], [135.0, 150.0], [150.0, 165.0], [165.0, 180.0], [180.0, 195.0], [195.0, 210.0], [210.0, 225.0], [225.0, 240.0], [240.0, 255.0], [255.0, 270.0], [270.0, 285.0], [285.0, 300.0], [300.0, 315.0], [315.0, 330.0], [330.0, 345.0], [345.0, 360.0], [360.0, 375.0], [375.0, 390.0], [390.0, 405.0], [405.0, 420.0], [420.0, 435.0], [435.0, 450.0], [450.0, 465.0], [465.0, 480.0], [480.0, 495.0], [495.0, 510.0], [510.0, 525.0], [525.0, 540.0], [540.0, 555.0], [555.0, 570.0], [570.0, 585.0], [585.0, 600.0], [600.0, 615.0], [615.0, 630.0], [630.0, 645.0], [645.0, 660.0], [660.0, 675.0], [675.0, 690.0], [690.0, 705.0], [705.0, 720.0], [720.0, 735.0], [735.0, 750.0], [750.0, 765.0], [765.0, 780.0], [780.0, 795.0], [795.0, 810.0], [810.0, 825.0], [825.0, 840.0], [840.0, 855.0], [855.0, 870.0], [870.0, 885.0], [885.0, 900.0], [900.0, 915.0], [915.0, 930.0], [930.0, 945.0], [945.0, 960.0], [960.0, 975.0], [975.0, 990.0], [990.0, 1005.0], [1005.0, 1020.0], [1020.0, 1035.0], [1035.0, 1050.0], [1050.0, 1065.0], [1065.0, 1080.0], [1080.0, 2000.0]], "start_depot": 0, "time_windows": [[0.0, 1700.0], [25.0, 113.0], [49.0, 145.0], [57.0, 155.0], [74.0, 178.0], [145.0, 273.0], [227.0, 382.0], [250.0, 413.0], [269.0, 438.0], [294.0, 471.0], [342.0, 535.0], [358.0, 557.0], [393.0, 604.0], [416.0, 634.0], [424.0, 645.0], [444.0, 672.0], [465.0, 699.0], [479.0, 718.0], [495.0, 740.0], [524.0, 778.0], [557.0, 822.0], [603.0, 884.0], [662.0, 962.0], [669.0, 971.0], [687.0, 996.0], [700.0, 1013.0], [729.0, 1051.0], [746.0, 1074.0], [760.0, 1093.0], [784.0, 1125.0], [807.0, 1155.0], [0.0, 1700.0]], "vehicle_count": 1}