{"cluster_count": 3, "cluster_speeds": [[0.9065, 0.833, 0.9065, 0.98, 0.81585, 0.7497, 0.81585, 0.882, 0.45325, 0.4165, 0.45325, 0.49, 0.299145, 0.27489, 0.299145, 0.3234, 0.3626, 0.3332, 0.3626, 0.392, 0.5439, 0.4998, 0.5439, 0.588, 0.6475, 0.595, 0.6475, 0.7, 0.37, 0.34, 0.37, 0.4, 0.30525, 0.2805, 0.30525, 0.33, 0.4625, 0.425, 0.4625, 0.5, 0.6475, 0.595, 0.6475, 0.7, 0.74, 0.68, 0.74, 0.8, 0.63455, 0.5831, 0.63455, 0.686, 0.45325, 0.4165, 0.45325, 0.49, 0.5439, 0.4998, 0.5439, 0.588, 0.63455, 0.5831, 0.63455, 0.686, 0.81585, 0.7497, 0.81585, 0.882, 0.9065, 0.833, 0.9065, 0.98, 0.98], [0.91575, 0.8415, 0.91575, 0.99, 0.824175, 0.75735, 0.824175, 0.891, 0.457875, 0.42075, 0.457875, 0.495, 0.302198, 0.277695, 0.302198, 0.3267, 0.3663, 0.3366, 0.3663, 0.396, 0.54945, 0.5049, 0.54945, 0.594, 0.6475, 0.595, 0.6475, 0.7, 0.37, 0.34, 0.37, 0.4, 0.30525, 0.2805, 0.30525, 0.33, 0.4625, 0.425, 0.4625, 0.5, 0.6475, 0.595, 0.6475, 0.7, 0.74, 0.68, 0.74, 0.8, 0.641025, 0.58905, 0.641025, 0.693, 0.457875, 0.42075, 0.457875, 0.495, 0.54945, 0.5049, 0.54945, 0.594, 0.641025, 0.58905, 0.641025, 0.693, 0.824175, 0.75735, 0.824175, 0.891, 0.91575, 0.8415, 0.91575, 0.99, 0.99], [0.925, 0.85, 0.925, 1.0, 0.8325, 0.765, 0.8325, 0.9, 0.4625, 0.425, 0.4625, 0.5, 0.30525, 0.2805, 0.30525, 0.33, 0.37, 0.34, 0.37, 0.4, 0.555, 0.51, 0.555, 0.6, 0.6475, 0.595, 0.6475, 0.7, 0.37, 0.34, 0.37, 0.4, 0.30525, 0.2805, 0.30525, 0.33, 0.4625, 0.425, 0.4625, 0.5, 0.6475, 0.595, 0.6475, 0.7, 0.74, 0.68, 0.74, 0.8, 0.6475, 0.595, 0.6475, 0.7, 0.4625, 0.425, 0.4625, 0.5, 0.555, 0.51, 0.555, 0.6, 0.6475, 0.595, 0.6475, 0.7, 0.8325, 0.765, 0.8325, 0.9, 0.925, 0.85, 0.925, 1.0, 1.0]], "clusters": [[-1, 2, 2, 2, 2, 2, 2, 2, 2, 2, 2, 2, 2, 2, 2, 2, 2, 2, 2, 2, 2, 2, 2, 2, 2, 2, 2, 2, 2, 2, 2, -1], [1, -1, 1, 1, 1, 1, 1, 1, 1, 1, 1, 1, 1, 1, 1, 1, 1, 1, 1, 1, 1, 1, 1, 1, 1, 1, 1, 1, 1, 1, 1, 1], [1, 1, -1, 1, 1, 1, 1, 1, 1, 1, 1, 1, 1, 1, 1, 1, 1, 1, 1, 1, 1, 1, 1, 1, 1, 1, 1, 1, 1, 1, 1, 1], [1, 1, 1, -1, 1, 1, 1, 1, 1, 1, 1, 1, 1, 1, 1, 1, 1, 1, 1, 1, 1, 1, 1, 1, 1, 1, 1, 1, 1, 1, 1, 1], [0, 0, 0, 0, -1, 0, 0, 0, 0, 0, 0, 0, 0, 0, 0, 0, 0, 0, 0, 0, 0, 0, 0, 0, 0, 0, 0, 0, 0, 0, 0, 0], [1, 1, 1, 1, 1, -1, 1, 1, 1, 1, 1, 1, 1, 1, 1, 1, 1, 1, 1, 1, 1, 1, 1, 1, 1, 1, 1, 1, 1, 1, 1, 1], [0, 0, 0, 0, 0, 0, -1, 0, 0, 0, 0, 0, 0, 0, 0, 0, 0, 0, 0, 0, 0, 0, 0, 0, 0, 0, 0, 0, 0, 0, 0, 0], [0, 0, 0, 0, 0, 0, 0, -1, 0, 0, 0, 0, 0, 0, 0, 0, 0, 0, 0, 0, 0, 0, 0, 0, 0, 0, 0, 0, 0, 0, 0, 0], [0, 0, 0, 0, 0, 0, 0, 0, -1, 0, 0, 0, 0, 0, 0, 0, 0, 0, 0, 0, 0, 0, 0, 0, 0, 0, 0, 0, 0, 0, 0, 0], [1, 1, 1, 1, 1, 1, 1, 1, 1, -1, 1, 1, 1, 1, 1, 1, 1, 1, 1, 1, 1, 1, 1, 1, 1, 1, 1, 1, 1, 1, 1, 1], [1, 1, 1, 1, 1, 1, 1, 1, 1, 1, -1, 1, 1, 1, 1, 1, 1, 1, 1, 1, 1, 1, 1, 1, 1, 1, 1, 1, 1, 1, 1, 1], [0, 0, 0, 0, 0, 0, 0, 0, 0, 0, 0, -1, 0, 0, 0, 0, 0, 0, 0, 0, 0, 0, 0, 0, 0, 0, 0, 0, 0, 0, 0, 0], [1, 1, 1, 1, 1, 1, 1, 1, 1, 1, 1, 1, -1, 1, 1, 1, 1, 1, 1, 1, 1, 1, 1, 1, 1, 1, 1, 1, 1, 1, 1, 1], [0, 0, 0, 0, 0, 0, 0, 0, 0, 0, 0, 0, 0, -1, 0, 0, 0, 0, 0, 0, 0, 0, 0, 0, 0, 0, 0, 0, 0, 0, 0, 0], [0, 0, 0, 0, 0, 0, 0, 0, 0, 0, 0, 0, 0, 0, -1, 0, 0, 0, 0, 0, 0, 0, 0, 0, 0, 0, 0, 0, 0, 0, 0, 0], [1, 1, 1, 1, 1, 1, 1, 1, 1, 1, 1, 1, 1, 1, 1, -1, 1, 1, 1, 1, 1, 1, 1, 1, 1, 1, 1, 1, 1, 1, 1, 1], [0, 0, 0, 0, 0, 0, 0, 0, 0, 0, 0, 0, 0, 0, 0, 0, -1, 0, 0, 0, 0, 0, 0, 0, 0, 0, 0, 0, 0, 0, 0, 0], [1, 1, 1, 1, 1, 1, 1, 1, 1, 1, 1, 1, 1, 1, 1, 1, 1, -1, 1, 1, 1, 1, 1, 1, 1, 1, 1, 1, 1, 1, 1, 1], [0, 0, 0, 0, 0, 0, 0, 0, 0, 0, 0, 0, 0, 0, 0, 0, 0, 0, -1, 0, 0, 0, 0, 0, 0, 0, 0, 0, 0, 0, 0, 0], [1, 1, 1, 1, 1, 1, 1, 1, 1, 1, 1, 1, 1, 1, 1, 1, 1, 1, 1, -1, 1, 1, 1, 1, 1, 1, 1, 1, 1, 1, 1, 1], [0, 0, 0, 0, 0, 0, 0, 0, 0, 0, 0, 0, 0, 0, 0, 0, 0, 0, 0, 0, -1, 0, 0, 0, 0, 0, 0, 0, 0, 0, 0, 0], [2, 2, 2, 2, 2, 2, 2, 2, 2, 2, 2, 2, 2, 2, 2, 2, 2, 2, 2, 2, 2, -1, 2, 2, 2, 2, 2, 2, 2, 2, 2, 2], [1, 1, 1, 1, 1, 1, 1, 1, 1, 1, 1, 1, 1, 1, 1, 1, 1, 1, 1, 1, 1, 1, -1, 1, 1, 1, 1, 1, 1, 1, 1, 1], [0, 0, 0, 0, 0, 0, 0, 0, 0, 0, 0, 0, 0, 0, 0, 0, 0, 0, 0, 0, 0, 0, 0, -1, 0, 0, 0, 0, 0, 0, 0, 0], [0, 0, 0, 0, 0, 0, 0, 0, 0, 0, 0, 0, 0, 0, 0, 0, 0, 0, 0, 0, 0, 0, 0, 0, -1, 0, 0, 0, 0, 0, 0, 0], [2, 2, 2, 2, 2, 2, 2, 2, 2, 2, 2, 2, 2, 2, 2, 2, 2, 2, 2, 2, 2, 2, 2, 2, 2, -1, 2, 2, 2, 2, 2, 2], [0, 0, 0, 0, 0, 0, 0, 0, 0, 0, 0, 0, 0, 0, 0, 0, 0, 0, 0, 0, 0, 0, 0, 0, 0, 0, -1, 0, 0, 0, 0, 0], [1, 1, 1, 1, 1, 1, 1, 1, 1, 1, 1, 1, 1, 1, 1, 1, 1, 1, 1, 1, 1, 1, 1, 1, 1, 1, 1, -1, 1, 1, 1, 1], [1, 1, 1, 1, 1, 1, 1, 1, 1, 1, 1, 1, 1, 1, 1, 1, 1, 1, 1, 1, 1, 1, 1, 1, 1, 1, 1, 1, -1, 1, 1, 1], [1, 1, 1, 1, 1, 1, 1, 1, 1, 1, 1, 1, 1, 1, 1, 1, 1, 1, 1, 1, 1, 1, 1, 1, 1, 1, 1, 1, 1, -1, 1, 1], [0, 0, 0, 0, 0, 0, 0, 0, 0, 0, 0, 0, 0, 0, 0, 0, 0, 0, 0, 0, 0, 0, 0, 0, 0, 0, 0, 0, 0, 0, -1, 0], [-1, 2, 2, 2, 2, 2, 2, 2, 2, 2, 2, 2, 2, 2, 2, 2, 2, 2, 2, 2, 2, 2, 2, 2, 2, 2, 2, 2, 2, 2, 2, -1]], "dataset_name": "guerriero_et_al_2014b", "digraph": {"arc_count": 930, "arcs": [[0, 1, 1, 1, 1, 1, 1, 1, 1, 1, 1, 1, 1, 1, 1, 1, 1, 1, 1, 1, 1, 1, 1, 1, 1, 1, 1, 1, 1, 1, 1, 0], [0, 0, 1, 1, 1, 1, 1, 1, 1, 1, 1, 1, 1, 1, 1, 1, 1, 1, 1, 1, 1, 1, 1, 1, 1, 1, 1, 1, 1, 1, 1, 1], [0, 1, 0, 1, 1, 1, 1, 1, 1, 1, 1, 1, 1, 1, 1, 1, 1, 1, 1, 1, 1, 1, 1, 1, 1, 1, 1, 1, 1, 1, 1, 1], [0, 1, 1, 0, 1, 1, 1, 1, 1, 1, 1, 1, 1, 1, 1, 1, 1, 1, 1, 1, 1, 1, 1, 1, 1, 1, 1, 1, 1, 1, 1, 1], [0, 1, 1, 1, 0, 1, 1, 1, 1, 1, 1, 1, 1, 1, 1, 1, 1, 1, 1, 1, 1, 1, 1, 1, 1, 1, 1, 1, 1, 1, 1, 1], [0, 1, 1, 1, 1, 0, 1, 1, 1, 1, 1, 1, 1, 1, 1, 1, 1, 1, 1, 1, 1, 1, 1, 1, 1, 1, 1, 1, 1, 1, 1, 1], [0, 1, 1, 1, 1, 1, 0, 1, 1, 1, 1, 1, 1, 1, 1, 1, 1, 1, 1, 1, 1, 1, 1, 1, 1, 1, 1, 1, 1, 1, 1, 1], [0, 1, 1, 1, 1, 1, 1, 0, 1, 1, 1, 1, 1, 1, 1, 1, 1, 1, 1, 1, 1, 1, 1, 1, 1, 1, 1, 1, 1, 1, 1, 1], [0, 1, 1, 1, 1, 1, 1, 1, 0, 1, 1, 1, 1, 1, 1, 1, 1, 1, 1, 1, 1, 1, 1, 1, 1, 1, 1, 1, 1, 1, 1, 1], [0, 1, 1, 1, 1, 1, 1, 1, 1, 0, 1, 1, 1, 1, 1, 1, 1, 1, 1, 1, 1, 1, 1, 1, 1, 1, 1, 1, 1, 1, 1, 1], [0, 1, 1, 1, 1, 1, 1, 1, 1, 1, 0, 1, 1, 1, 1, 1, 1, 1, 1, 1, 1, 1, 1, 1, 1, 1, 1, 1, 1, 1, 1, 1], [0, 1, 1, 1, 1, 1, 1, 1, 1, 1, 1, 0, 1, 1, 1, 1, 1, 1, 1, 1, 1, 1, 1, 1, 1, 1, 1, 1, 1, 1, 1, 1], [0, 1, 1, 1, 1, 1, 1, 1, 1, 1, 1, 1, 0, 1, 1, 1, 1, 1, 1, 1, 1, 1, 1, 1, 1, 1, 1, 1, 1, 1, 1, 1], [0, 1, 1, 1, 1, 1, 1, 1, 1, 1, 1, 1, 1, 0, 1, 1, 1, 1, 1, 1, 1, 1, 1, 1, 1, 1, 1, 1, 1, 1, 1, 1], [0, 1, 1, 1, 1, 1, 1, 1, 1, 1, 1, 1, 1, 1, 0, 1, 1, 1, 1, 1, 1, 1, 1, 1, 1, 1, 1, 1, 1, 1, 1, 1], [0, 1, 1, 1, 1, 1, 1, 1, 1, 1, 1, 1, 1, 1, 1, 0, 1, 1, 1, 1, 1, 1, 1, 1, 1, 1, 1, 1, 1, 1, 1, 1], [0, 1, 1, 1, 1, 1, 1, 1, 1, 1, 1, 1, 1, 1, 1, 1, 0, 1, 1, 1, 1, 1, 1, 1, 1, 1, 1, 1, 1, 1, 1, 1], [0, 1, 1, 1, 1, 1, 1, 1, 1, 1, 1, 1, 1, 1, 1, 1, 1, 0, 1, 1, 1, 1, 1, 1, 1, 1, 1, 1, 1, 1, 1, 1], [0, 1, 1, 1, 1, 1, 1, 1, 1, 1, 1, 1, 1, 1, 1, 1, 1, 1, 0, 1, 1, 1, 1, 1, 1, 1, 1, 1, 1, 1, 1, 1], [0, 1, 1, 1, 1, 1, 1, 1, 1, 1, 1, 1, 1, 1, 1, 1, 1, 1, 1, 0, 1, 1, 1, 1, 1, 1, 1, 1, 1, 1, 1, 1], [0, 1, 1, 1, 1, 1, 1, 1, 1, 1, 1, 1, 1, 1, 1, 1, 1, 1, 1, 1, 0, 1, 1, 1, 1, 1, 1, 1, 1, 1, 1, 1], [0, 1, 1, 1, 1, 1, 1, 1, 1, 1, 1, 1, 1, 1, 1, 1, 1, 1, 1, 1, 1, 0, 1, 1, 1, 1, 1, 1, 1, 1, 1, 1], [0, 1, 1, 1, 1, 1, 1, 1, 1, 1, 1, 1, 1, 1, 1, 1, 1, 1, 1, 1, 1, 1, 0, 1, 1, 1, 1, 1, 1, 1, 1, 1], [0, 1, 1, 1, 1, 1, 1, 1, 1, 1, 1, 1, 1, 1, 1, 1, 1, 1, 1, 1, 1, 1, 1, 0, 1, 1, 1, 1, 1, 1, 1, 1], [0, 1, 1, 1, 1, 1, 1, 1, 1, 1, 1, 1, 1, 1, 1, 1, 1, 1, 1, 1, 1, 1, 1, 1, 0, 1, 1, 1, 1, 1, 1, 1], [0, 1, 1, 1, 1, 1, 1, 1, 1, 1, 1, 1, 1, 1, 1, 1, 1, 1, 1, 1, 1, 1, 1, 1, 1, 0, 1, 1, 1, 1, 1, 1], [0, 1, 1, 1, 1, 1, 1, 1, 1, 1, 1, 1, 1, 1, 1, 1, 1, 1, 1, 1, 1, 1, 1, 1, 1, 1, 0, 1, 1, 1, 1, 1], [0, 1, 1, 1, 1, 1, 1, 1, 1, 1, 1, 1, 1, 1, 1, 1, 1, 1, 1, 1, 1, 1, 1, 1, 1, 1, 1, 0, 1, 1, 1, 1], [0, 1, 1, 1, 1, 1, 1, 1, 1, 1, 1, 1, 1, 1, 1, 1, 1, 1, 1, 1, 1, 1, 1, 1, 1, 1, 1, 1, 0, 1, 1, 1], [0, 1, 1, 1, 1, 1, 1, 1, 1, 1, 1, 1, 1, 1, 1, 1, 1, 1, 1, 1, 1, 1, 1, 1, 1, 1, 1, 1, 1, 0, 1, 1], [0, 1, 1, 1, 1, 1, 1, 1, 1, 1, 1, 1, 1, 1, 1, 1, 1, 1, 1, 1, 1, 1, 1, 1, 1, 1, 1, 1, 1, 1, 0, 1], [0, 0, 0, 0, 0, 0, 0, 0, 0, 0, 0, 0, 0, 0, 0, 0, 0, 0, 0, 0, 0, 0, 0, 0, 0, 0, 0, 0, 0, 0, 0, 0]], "vertex_count": 32}, "distances": [[0, 79.98, 57.16, 72.38, 57.84, 77.84, 69.48, 70.85, 82.09, 54.56, 88.04, 63.77, 87.39, 73.48, 68.5, 67.63, 69.23, 56.77, 70.73, 68.19, 73.6, 51.07, 88.75, 70.46, 69.1, 48.08, 80.02, 71.96, 73.11, 77.63, 81.82, 0], [0, 0.0, 38.12, 36.62, 26.84, 14.16, 12.58, 28.64, 21.61, 33.49, 13.6, 21.91, 9.69, 25.33, 16.84, 42.58, 12.93, 32.56, 9.63, 38.48, 26.09, 53.26, 10.0, 13.47, 13.84, 41.24, 21.48, 8.05, 37.62, 13.8, 13.02, 79.98], [0, 38.12, 0.0, 15.27, 13.32, 37.31, 25.85, 14.91, 28.09, 7.39, 38.47, 16.38, 40.36, 18.51, 21.29, 12.36, 25.5, 6.55, 29.76, 11.4, 18.31, 15.25, 42.34, 24.65, 24.41, 9.23, 26.09, 32.08, 16.09, 36.65, 31.86, 57.16], [0, 36.62, 15.27, 0.0, 21.8, 36.79, 27.11, 8.21, 18.79, 19.98, 31.54, 20.14, 35.02, 11.32, 22.0, 7.67, 26.84, 17.83, 31.24, 4.56, 10.58, 25.79, 37.09, 24.82, 25.55, 24.49, 17.42, 33.42, 9.56, 36.04, 25.98, 72.38], [0, 26.84, 13.32, 21.8, 0.0, 25.56, 14.28, 15.76, 24.42, 6.9, 30.92, 6.01, 31.38, 16.87, 11.24, 23.19, 13.93, 6.79, 17.6, 20.23, 17.25, 27.29, 33.12, 14.04, 13.18, 14.4, 22.4, 19.79, 22.99, 25.0, 24.38, 57.84], [0, 14.16, 37.31, 36.79, 25.56, 0.0, 11.49, 28.69, 22.75, 32.33, 15.75, 20.96, 12.05, 25.59, 16.16, 42.44, 11.84, 31.54, 8.02, 38.37, 26.37, 52.33, 12.42, 12.8, 12.9, 39.94, 22.41, 6.11, 37.84, 11.87, 14.41, 77.84], [0, 12.58, 25.85, 27.11, 14.28, 11.49, 0.0, 18.92, 18.16, 20.92, 18.8, 9.48, 17.97, 16.73, 5.17, 31.87, 8.7, 20.06, 4.19, 27.94, 17.5, 40.84, 19.47, 10.63, 9.97, 28.67, 16.84, 6.49, 28.25, 10.87, 13.32, 69.48], [0, 28.64, 14.91, 8.21, 15.76, 28.69, 18.92, 0.0, 13.43, 16.41, 25.09, 12.65, 27.98, 19.19, 13.84, 14.11, 18.66, 14.15, 23.03, 9.98, 18.79, 28.91, 30.05, 16.61, 17.36, 23.06, 11.56, 25.21, 9.34, 27.94, 18.94, 70.85], [0, 21.61, 28.09, 18.79, 24.42, 22.75, 18.16, 13.43, 0.0, 27.88, 12.96, 18.82, 17.03, 9.59, 15.51, 26.26, 18.13, 25.82, 20.88, 22.38, 9.88, 42.34, 19.02, 15.72, 17.26, 35.44, 17.23, 22.23, 19.4, 22.04, 8.75, 82.09], [0, 33.49, 7.39, 19.98, 6.9, 32.33, 20.92, 16.41, 27.88, 0.0, 36.25, 11.79, 37.29, 18.94, 17.2, 19.1, 20.57, 13.69, 24.43, 17.11, 19.04, 20.41, 39.13, 20.32, 19.69, 8.04, 25.8, 26.65, 21.03, 31.74, 29.58, 54.56], [0, 13.6, 38.47, 31.54, 30.92, 15.75, 18.8, 25.09, 12.96, 36.25, 0.0, 24.93, 4.94, 21.09, 19.74, 38.78, 19.0, 34.6, 18.86, 34.76, 21.64, 53.46, 6.55, 17.59, 18.98, 44.27, 14.12, 18.81, 32.23, 15.29, 6.68, 88.04], [0, 21.91, 16.38, 20.14, 6.01, 20.96, 9.48, 12.65, 18.82, 11.79, 24.93, 0.0, 25.59, 12.46, 5.42, 23.49, 9.13, 10.67, 13.41, 19.85, 13.02, 31.38, 27.39, 8.56, 8.08, 19.78, 16.86, 15.73, 21.34, 20.32, 18.37, 63.77], [0, 9.69, 40.36, 35.02, 31.38, 12.05, 17.97, 27.98, 17.03, 37.29, 4.94, 25.59, 0.0, 24.07, 20.18, 41.98, 18.24, 35.86, 16.94, 37.88, 24.71, 55.55, 11.49, 17.42, 18.55, 45.32, 17.83, 16.31, 35.81, 11.76, 9.07, 87.39], [0, 25.33, 18.51, 11.32, 16.87, 25.59, 16.73, 19.19, 9.59, 18.94, 21.09, 12.46, 24.07, 0.0, 12.01, 17.91, 16.51, 16.76, 20.65, 13.81, 15.63, 32.84, 26.14, 14.24, 15.26, 26.15, 7.64, 22.69, 12.3, 24.84, 15.01, 73.48], [0, 16.84, 21.29, 22.0, 11.24, 16.16, 5.17, 13.84, 15.51, 17.2, 19.74, 5.42, 20.18, 12.01, 0.0, 26.71, 4.88, 15.97, 9.36, 22.77, 12.75, 36.47, 21.97, 13.98, 13.51, 25.2, 13.81, 11.64, 23.16, 15.47, 13.33, 68.5], [0, 42.58, 12.36, 7.67, 23.19, 42.44, 31.87, 14.11, 26.26, 19.1, 38.78, 23.49, 41.98, 17.91, 26.71, 0.0, 31.56, 17.44, 36.07, 12.23, 17.27, 18.85, 44.05, 29.88, 30.29, 21.05, 24.74, 38.35, 7.5, 41.71, 32.91, 67.63], [0, 12.93, 25.5, 26.84, 13.93, 11.84, 8.7, 18.66, 18.13, 20.57, 19.0, 9.13, 18.24, 16.51, 4.88, 31.56, 0.0, 19.7, 4.5, 27.63, 17.28, 40.49, 19.76, 10.95, 10.28, 28.33, 16.78, 6.81, 27.99, 11.22, 13.46, 69.23], [0, 32.56, 6.55, 17.83, 6.79, 31.54, 20.06, 14.15, 25.82, 13.69, 34.6, 10.67, 35.86, 16.76, 15.97, 17.44, 19.7, 0.0, 23.77, 15.16, 16.84, 20.84, 37.74, 19.21, 18.73, 9.74, 23.74, 26.04, 18.91, 30.92, 27.92, 56.77], [0, 9.63, 29.76, 31.24, 17.6, 8.02, 4.19, 23.03, 20.88, 24.43, 18.86, 13.41, 16.94, 20.65, 9.36, 36.07, 4.5, 23.77, 0.0, 32.13, 21.43, 44.61, 18.09, 6.44, 5.78, 31.95, 19.83, 10.68, 32.37, 7.53, 14.54, 70.73], [0, 38.48, 11.4, 4.56, 20.23, 38.37, 27.94, 9.98, 22.38, 17.11, 34.76, 19.85, 37.88, 13.81, 22.77, 12.23, 27.63, 15.16, 32.13, 0.0, 13.18, 21.25, 39.96, 25.88, 26.35, 20.59, 20.79, 34.4, 4.99, 37.64, 28.82, 68.19], [0, 26.09, 18.31, 10.58, 17.25, 26.37, 17.5, 18.79, 9.88, 19.04, 21.64, 13.02, 24.71, 15.63, 12.75, 17.27, 17.28, 16.84, 21.43, 13.18, 0.0, 32.47, 26.78, 15.01, 16.03, 26.12, 7.99, 23.48, 11.54, 25.61, 15.65, 73.6], [0, 53.26, 15.25, 25.79, 27.29, 52.33, 40.84, 28.91, 42.34, 20.41, 53.46, 31.38, 55.55, 32.84, 36.47, 18.85, 40.49, 20.84, 44.61, 21.25, 32.47, 0.0, 57.54, 39.8, 39.46, 14.65, 40.46, 46.88, 26.0, 51.7, 46.93, 51.07], [0, 10.0, 42.34, 37.09, 33.12, 12.42, 19.47, 30.05, 19.02, 39.13, 6.55, 27.39, 11.49, 26.14, 21.97, 44.05, 19.76, 37.74, 18.09, 39.96, 26.78, 57.54, 0.0, 19.11, 20.16, 47.16, 19.87, 17.24, 37.87, 12.25, 11.14, 88.75], [0, 13.47, 24.65, 24.82, 14.04, 12.8, 10.63, 16.61, 15.72, 20.32, 17.59, 8.56, 17.42, 14.24, 13.98, 29.88, 10.95, 19.21, 6.44, 25.88, 15.01, 39.8, 19.11, 0.0, 12.22, 28.26, 14.33, 8.6, 25.94, 12.11, 11.63, 70.46], [0, 13.84, 24.41, 25.55, 13.18, 12.9, 9.97, 17.36, 17.26, 19.69, 18.98, 8.08, 18.55, 15.26, 13.51, 30.29, 10.28, 18.73, 5.78, 26.35, 16.03, 39.46, 20.16, 12.22, 0.0, 27.53, 15.82, 8.07, 26.69, 12.25, 13.15, 69.1], [0, 41.24, 9.23, 24.49, 14.4, 39.94, 28.67, 23.06, 35.44, 8.04, 44.27, 19.78, 45.32, 26.15, 25.2, 21.05, 28.33, 9.74, 31.95, 20.59, 26.12, 14.65, 47.16, 28.26, 27.53, 0.0, 33.37, 34.09, 25.32, 39.39, 37.6, 48.08], [0, 21.48, 26.09, 17.42, 22.4, 22.41, 16.84, 11.56, 17.23, 25.8, 14.12, 16.86, 17.83, 7.64, 13.81, 24.74, 16.78, 23.74, 19.83, 20.79, 7.99, 40.46, 19.87, 14.33, 15.82, 33.37, 0.0, 21.35, 18.11, 21.68, 9.06, 80.02], [0, 8.05, 32.08, 33.42, 19.79, 6.11, 6.49, 25.21, 22.23, 26.65, 18.81, 15.73, 16.31, 22.69, 11.64, 38.35, 6.81, 26.04, 10.68, 34.4, 23.48, 46.88, 17.24, 8.6, 8.07, 34.09, 21.35, 0.0, 34.54, 5.75, 15.23, 71.96], [0, 37.62, 16.09, 9.56, 22.99, 37.84, 28.25, 9.34, 19.4, 21.03, 32.23, 21.34, 35.81, 12.3, 23.16, 7.5, 27.99, 18.91, 32.37, 4.99, 11.54, 26.0, 37.87, 25.94, 26.69, 25.32, 18.11, 34.54, 0.0, 37.08, 26.8, 73.11], [0, 13.8, 36.65, 36.04, 25.0, 11.87, 10.87, 27.94, 22.04, 31.74, 15.29, 20.32, 11.76, 24.84, 15.47, 41.71, 11.22, 30.92, 7.53, 37.64, 25.61, 51.7, 12.25, 12.11, 12.25, 39.39, 21.68, 5.75, 37.08, 0.0, 13.74, 77.63], [0, 13.02, 31.86, 25.98, 24.38, 14.41, 13.32, 18.94, 8.75, 29.58, 6.68, 18.37, 9.07, 15.01, 13.33, 32.91, 13.46, 27.92, 14.54, 28.82, 15.65, 46.93, 11.14, 11.63, 13.15, 37.6, 9.06, 15.23, 26.8, 13.74, 0.0, 81.82], [0, 0, 0, 0, 0, 0, 0, 0, 0, 0, 0, 0, 0, 0, 0, 0, 0, 0, 0, 0, 0, 0, 0, 0, 0, 0, 0, 0, 0, 0, 0, 0]], "end_depot": 31, "horizon": [0.0, 2000.0], "instance_name": "30_98_B_75_B3", "speed_zone_count": 73, "speed_zones": [[0.0, 15.0], [15.0, 30.0], [30.0, 45.0], [45.0, 60.0], [60.0, 75.0], [75.0, 90.0], [90.0, 105.0], [105.0, 120.0], [120.0, 135.0], [135.0, 150.0], [150.0, 165.0], [165.0, 180.0], [180.0, 195.0], [195.0, 210.0], [210.0, 225.0], [225.0, 240.0], [240.0, 255.0], [255.0, 270.0], [270.0, 285.0], [285.0, 300.0], [300.0, 315.0], [315.0, 330.0], [330.0, 345.0], [345.0, 360.0], [360.0, 375.0], [375.0, 390.0], [390.0, 405.0], [405.0, 420.0], [420.0, 435.0], [435.0, 450.0], [450.0, 465.0], [465.0, 480.0], [480.0, 495.0], [495.0, 510.0], [510.0, 525.0], [525.0, 540.0], [540.0, 555.0], [555.0, 570.0], [570.0, 585.0], [585.0, 600.0], [600.0, 615.0], [615.0, 630.0], [630.0, 645.0], [645.0, 660.0], [660.0, 675.0], [675.0, 690.0], [690.0, 705.0], [705.0, 720.0], [720.0, 735.0], [735.0, 750.0], [750.0, 765.0], [765.0, 780.0], [780.0, 795.0], [795.0, 810.0], [810.0, 825.0], [825.0, 840.0], [840.0, 855.0], [855.0, 870.0], [870.0, 885.0], [885.0, 900.0], [900.0, 915.0], [915.0, 930.0], [930.0, 945.0], [945.0, 960.0], [960.0, 975.0], [975.0, 990.0], [990.0, 1005.0], [1005.0, 1020.0], [1020.0, 1035.0], [1035.0, 1050.0], [1050.0, 1065.0], [1065.0, 1080.0], [1080.0, 2000.0]], "start_depot": 0, "time_windows": [[0.0, 1700.0], [39.0, 131.0], [83.0, 190.0], [108.0, 223.0], [159.0, 292.0], [207.0, 355.0], [224.0, 378.0], [247.0, 409.0], [264.0, 431.0], [303.0, 483.0], [382.0, 589.0], [422.0, 642.0], [453.0, 683.0], [478.0, 717.0], [491.0, 734.0], [518.0, 770.0], [555.0, 820.0], [588.0, 864.0], [623.0, 910.0], [664.0, 965.0], [680.0, 986.0], [712.0, 1029.0], [762.0, 1095.0], [777.0, 1115.0], [786.0, 1127.0], [807.0, 1155.0], [832.0, 1189.0], [849.0, 1211.0], [874.0, 1245.0], [903.0, 1283.0], [913.0, 1297.0], [0.0, 1700.0]], "vehicle_count": 1}