{"cluster_count": 3, "cluster_speeds": [[0.925, 0.85, 0.925, 1.0, 0.8325, 0.765, 0.8325, 0.9, 0.4625, 0.425, 0.4625, 0.5, 0.30525, 0.2805, 0.30525, 0.33, 0.37, 0.34, 0.37, 0.4, 0.555, 0.51, 0.555, 0.6, 0.6475, 0.595, 0.6475, 0.7, 0.37, 0.34, 0.37, 0.4, 0.30525, 0.2805, 0.30525, 0.33, 0.4625, 0.425, 0.4625, 0.5, 0.6475, 0.595, 0.6475, 0.7, 0.74, 0.68, 0.74, 0.8, 0.6475, 0.595, 0.6475, 0.7, 0.4625, 0.425, 0.4625, 0.5, 0.555, 0.51, 0.555, 0.6, 0.6475, 0.595, 0.6475, 0.7, 0.8325, 0.765, 0.8325, 0.9, 0.925, 0.85, 0.925, 1.0, 1.0], [0.87875, 0.8075, 0.87875, 0.95, 0.790875, 0.72675, 0.790875, 0.855, 0.439375, 0.40375, 0.439375, 0.475, 0.289988, 0.266475, 0.289988, 0.3135, 0.3515, 0.323, 0.3515, 0.38, 0.52725, 0.4845, 0.52725, 0.57, 0.6475, 0.595, 0.6475, 0.7, 0.37, 0.34, 0.37, 0.4, 0.30525, 0.2805, 0.30525, 0.33, 0.4625, 0.425, 0.4625, 0.5, 0.6475, 0.595, 0.6475, 0.7, 0.74, 0.68, 0.74, 0.8, 0.615125, 0.56525, 0.615125, 0.665, 0.439375, 0.40375, 0.439375, 0.475, 0.52725, 0.4845, 0.52725, 0.57, 0.615125, 0.56525, 0.615125, 0.665, 0.790875, 0.72675, 0.790875, 0.855, 0.87875, 0.8075, 0.87875, 0.95, 0.95], [0.9065, 0.833, 0.9065, 0.98, 0.81585, 0.7497, 0.81585, 0.882, 0.45325, 0.4165, 0.45325, 0.49, 0.299145, 0.27489, 0.299145, 0.3234, 0.3626, 0.3332, 0.3626, 0.392, 0.5439, 0.4998, 0.5439, 0.588, 0.6475, 0.595, 0.6475, 0.7, 0.37, 0.34, 0.37, 0.4, 0.30525, 0.2805, 0.30525, 0.33, 0.4625, 0.425, 0.4625, 0.5, 0.6475, 0.595, 0.6475, 0.7, 0.74, 0.68, 0.74, 0.8, 0.63455, 0.5831, 0.63455, 0.686, 0.45325, 0.4165, 0.45325, 0.49, 0.5439, 0.4998, 0.5439, 0.588, 0.63455, 0.5831, 0.63455, 0.686, 0.81585, 0.7497, 0.81585, 0.882, 0.9065, 0.833, 0.9065, 0.98, 0.98]], "clusters": [[-1, 2, 2, 2, 2, 2, 2, 2, 2, 2, 2, 2, 2, 2, 2, 2, 2, 2, 2, 2, 2, 2, 2, 2, 2, 2, 2, 2, 2, 2, 2, -1], [1, -1, 1, 1, 1, 1, 1, 1, 1, 1, 1, 1, 1, 1, 1, 1, 1, 1, 1, 1, 1, 1, 1, 1, 1, 1, 1, 1, 1, 1, 1, 1], [0, 0, -1, 0, 0, 0, 0, 0, 0, 0, 0, 0, 0, 0, 0, 0, 0, 0, 0, 0, 0, 0, 0, 0, 0, 0, 0, 0, 0, 0, 0, 0], [0, 0, 0, -1, 0, 0, 0, 0, 0, 0, 0, 0, 0, 0, 0, 0, 0, 0, 0, 0, 0, 0, 0, 0, 0, 0, 0, 0, 0, 0, 0, 0], [0, 0, 0, 0, -1, 0, 0, 0, 0, 0, 0, 0, 0, 0, 0, 0, 0, 0, 0, 0, 0, 0, 0, 0, 0, 0, 0, 0, 0, 0, 0, 0], [1, 1, 1, 1, 1, -1, 1, 1, 1, 1, 1, 1, 1, 1, 1, 1, 1, 1, 1, 1, 1, 1, 1, 1, 1, 1, 1, 1, 1, 1, 1, 1], [0, 0, 0, 0, 0, 0, -1, 0, 0, 0, 0, 0, 0, 0, 0, 0, 0, 0, 0, 0, 0, 0, 0, 0, 0, 0, 0, 0, 0, 0, 0, 0], [1, 1, 1, 1, 1, 1, 1, -1, 1, 1, 1, 1, 1, 1, 1, 1, 1, 1, 1, 1, 1, 1, 1, 1, 1, 1, 1, 1, 1, 1, 1, 1], [1, 1, 1, 1, 1, 1, 1, 1, -1, 1, 1, 1, 1, 1, 1, 1, 1, 1, 1, 1, 1, 1, 1, 1, 1, 1, 1, 1, 1, 1, 1, 1], [0, 0, 0, 0, 0, 0, 0, 0, 0, -1, 0, 0, 0, 0, 0, 0, 0, 0, 0, 0, 0, 0, 0, 0, 0, 0, 0, 0, 0, 0, 0, 0], [0, 0, 0, 0, 0, 0, 0, 0, 0, 0, -1, 0, 0, 0, 0, 0, 0, 0, 0, 0, 0, 0, 0, 0, 0, 0, 0, 0, 0, 0, 0, 0], [1, 1, 1, 1, 1, 1, 1, 1, 1, 1, 1, -1, 1, 1, 1, 1, 1, 1, 1, 1, 1, 1, 1, 1, 1, 1, 1, 1, 1, 1, 1, 1], [0, 0, 0, 0, 0, 0, 0, 0, 0, 0, 0, 0, -1, 0, 0, 0, 0, 0, 0, 0, 0, 0, 0, 0, 0, 0, 0, 0, 0, 0, 0, 0], [2, 2, 2, 2, 2, 2, 2, 2, 2, 2, 2, 2, 2, -1, 2, 2, 2, 2, 2, 2, 2, 2, 2, 2, 2, 2, 2, 2, 2, 2, 2, 2], [0, 0, 0, 0, 0, 0, 0, 0, 0, 0, 0, 0, 0, 0, -1, 0, 0, 0, 0, 0, 0, 0, 0, 0, 0, 0, 0, 0, 0, 0, 0, 0], [1, 1, 1, 1, 1, 1, 1, 1, 1, 1, 1, 1, 1, 1, 1, -1, 1, 1, 1, 1, 1, 1, 1, 1, 1, 1, 1, 1, 1, 1, 1, 1], [0, 0, 0, 0, 0, 0, 0, 0, 0, 0, 0, 0, 0, 0, 0, 0, -1, 0, 0, 0, 0, 0, 0, 0, 0, 0, 0, 0, 0, 0, 0, 0], [2, 2, 2, 2, 2, 2, 2, 2, 2, 2, 2, 2, 2, 2, 2, 2, 2, -1, 2, 2, 2, 2, 2, 2, 2, 2, 2, 2, 2, 2, 2, 2], [1, 1, 1, 1, 1, 1, 1, 1, 1, 1, 1, 1, 1, 1, 1, 1, 1, 1, -1, 1, 1, 1, 1, 1, 1, 1, 1, 1, 1, 1, 1, 1], [1, 1, 1, 1, 1, 1, 1, 1, 1, 1, 1, 1, 1, 1, 1, 1, 1, 1, 1, -1, 1, 1, 1, 1, 1, 1, 1, 1, 1, 1, 1, 1], [0, 0, 0, 0, 0, 0, 0, 0, 0, 0, 0, 0, 0, 0, 0, 0, 0, 0, 0, 0, -1, 0, 0, 0, 0, 0, 0, 0, 0, 0, 0, 0], [1, 1, 1, 1, 1, 1, 1, 1, 1, 1, 1, 1, 1, 1, 1, 1, 1, 1, 1, 1, 1, -1, 1, 1, 1, 1, 1, 1, 1, 1, 1, 1], [0, 0, 0, 0, 0, 0, 0, 0, 0, 0, 0, 0, 0, 0, 0, 0, 0, 0, 0, 0, 0, 0, -1, 0, 0, 0, 0, 0, 0, 0, 0, 0], [0, 0, 0, 0, 0, 0, 0, 0, 0, 0, 0, 0, 0, 0, 0, 0, 0, 0, 0, 0, 0, 0, 0, -1, 0, 0, 0, 0, 0, 0, 0, 0], [0, 0, 0, 0, 0, 0, 0, 0, 0, 0, 0, 0, 0, 0, 0, 0, 0, 0, 0, 0, 0, 0, 0, 0, -1, 0, 0, 0, 0, 0, 0, 0], [1, 1, 1, 1, 1, 1, 1, 1, 1, 1, 1, 1, 1, 1, 1, 1, 1, 1, 1, 1, 1, 1, 1, 1, 1, -1, 1, 1, 1, 1, 1, 1], [0, 0, 0, 0, 0, 0, 0, 0, 0, 0, 0, 0, 0, 0, 0, 0, 0, 0, 0, 0, 0, 0, 0, 0, 0, 0, -1, 0, 0, 0, 0, 0], [1, 1, 1, 1, 1, 1, 1, 1, 1, 1, 1, 1, 1, 1, 1, 1, 1, 1, 1, 1, 1, 1, 1, 1, 1, 1, 1, -1, 1, 1, 1, 1], [1, 1, 1, 1, 1, 1, 1, 1, 1, 1, 1, 1, 1, 1, 1, 1, 1, 1, 1, 1, 1, 1, 1, 1, 1, 1, 1, 1, -1, 1, 1, 1], [1, 1, 1, 1, 1, 1, 1, 1, 1, 1, 1, 1, 1, 1, 1, 1, 1, 1, 1, 1, 1, 1, 1, 1, 1, 1, 1, 1, 1, -1, 1, 1], [0, 0, 0, 0, 0, 0, 0, 0, 0, 0, 0, 0, 0, 0, 0, 0, 0, 0, 0, 0, 0, 0, 0, 0, 0, 0, 0, 0, 0, 0, -1, 0], [-1, 2, 2, 2, 2, 2, 2, 2, 2, 2, 2, 2, 2, 2, 2, 2, 2, 2, 2, 2, 2, 2, 2, 2, 2, 2, 2, 2, 2, 2, 2, -1]], "dataset_name": "guerriero_et_al_2014b", "digraph": {"arc_count": 930, "arcs": [[0, 1, 1, 1, 1, 1, 1, 1, 1, 1, 1, 1, 1, 1, 1, 1, 1, 1, 1, 1, 1, 1, 1, 1, 1, 1, 1, 1, 1, 1, 1, 0], [0, 0, 1, 1, 1, 1, 1, 1, 1, 1, 1, 1, 1, 1, 1, 1, 1, 1, 1, 1, 1, 1, 1, 1, 1, 1, 1, 1, 1, 1, 1, 1], [0, 1, 0, 1, 1, 1, 1, 1, 1, 1, 1, 1, 1, 1, 1, 1, 1, 1, 1, 1, 1, 1, 1, 1, 1, 1, 1, 1, 1, 1, 1, 1], [0, 1, 1, 0, 1, 1, 1, 1, 1, 1, 1, 1, 1, 1, 1, 1, 1, 1, 1, 1, 1, 1, 1, 1, 1, 1, 1, 1, 1, 1, 1, 1], [0, 1, 1, 1, 0, 1, 1, 1, 1, 1, 1, 1, 1, 1, 1, 1, 1, 1, 1, 1, 1, 1, 1, 1, 1, 1, 1, 1, 1, 1, 1, 1], [0, 1, 1, 1, 1, 0, 1, 1, 1, 1, 1, 1, 1, 1, 1, 1, 1, 1, 1, 1, 1, 1, 1, 1, 1, 1, 1, 1, 1, 1, 1, 1], [0, 1, 1, 1, 1, 1, 0, 1, 1, 1, 1, 1, 1, 1, 1, 1, 1, 1, 1, 1, 1, 1, 1, 1, 1, 1, 1, 1, 1, 1, 1, 1], [0, 1, 1, 1, 1, 1, 1, 0, 1, 1, 1, 1, 1, 1, 1, 1, 1, 1, 1, 1, 1, 1, 1, 1, 1, 1, 1, 1, 1, 1, 1, 1], [0, 1, 1, 1, 1, 1, 1, 1, 0, 1, 1, 1, 1, 1, 1, 1, 1, 1, 1, 1, 1, 1, 1, 1, 1, 1, 1, 1, 1, 1, 1, 1], [0, 1, 1, 1, 1, 1, 1, 1, 1, 0, 1, 1, 1, 1, 1, 1, 1, 1, 1, 1, 1, 1, 1, 1, 1, 1, 1, 1, 1, 1, 1, 1], [0, 1, 1, 1, 1, 1, 1, 1, 1, 1, 0, 1, 1, 1, 1, 1, 1, 1, 1, 1, 1, 1, 1, 1, 1, 1, 1, 1, 1, 1, 1, 1], [0, 1, 1, 1, 1, 1, 1, 1, 1, 1, 1, 0, 1, 1, 1, 1, 1, 1, 1, 1, 1, 1, 1, 1, 1, 1, 1, 1, 1, 1, 1, 1], [0, 1, 1, 1, 1, 1, 1, 1, 1, 1, 1, 1, 0, 1, 1, 1, 1, 1, 1, 1, 1, 1, 1, 1, 1, 1, 1, 1, 1, 1, 1, 1], [0, 1, 1, 1, 1, 1, 1, 1, 1, 1, 1, 1, 1, 0, 1, 1, 1, 1, 1, 1, 1, 1, 1, 1, 1, 1, 1, 1, 1, 1, 1, 1], [0, 1, 1, 1, 1, 1, 1, 1, 1, 1, 1, 1, 1, 1, 0, 1, 1, 1, 1, 1, 1, 1, 1, 1, 1, 1, 1, 1, 1, 1, 1, 1], [0, 1, 1, 1, 1, 1, 1, 1, 1, 1, 1, 1, 1, 1, 1, 0, 1, 1, 1, 1, 1, 1, 1, 1, 1, 1, 1, 1, 1, 1, 1, 1], [0, 1, 1, 1, 1, 1, 1, 1, 1, 1, 1, 1, 1, 1, 1, 1, 0, 1, 1, 1, 1, 1, 1, 1, 1, 1, 1, 1, 1, 1, 1, 1], [0, 1, 1, 1, 1, 1, 1, 1, 1, 1, 1, 1, 1, 1, 1, 1, 1, 0, 1, 1, 1, 1, 1, 1, 1, 1, 1, 1, 1, 1, 1, 1], [0, 1, 1, 1, 1, 1, 1, 1, 1, 1, 1, 1, 1, 1, 1, 1, 1, 1, 0, 1, 1, 1, 1, 1, 1, 1, 1, 1, 1, 1, 1, 1], [0, 1, 1, 1, 1, 1, 1, 1, 1, 1, 1, 1, 1, 1, 1, 1, 1, 1, 1, 0, 1, 1, 1, 1, 1, 1, 1, 1, 1, 1, 1, 1], [0, 1, 1, 1, 1, 1, 1, 1, 1, 1, 1, 1, 1, 1, 1, 1, 1, 1, 1, 1, 0, 1, 1, 1, 1, 1, 1, 1, 1, 1, 1, 1], [0, 1, 1, 1, 1, 1, 1, 1, 1, 1, 1, 1, 1, 1, 1, 1, 1, 1, 1, 1, 1, 0, 1, 1, 1, 1, 1, 1, 1, 1, 1, 1], [0, 1, 1, 1, 1, 1, 1, 1, 1, 1, 1, 1, 1, 1, 1, 1, 1, 1, 1, 1, 1, 1, 0, 1, 1, 1, 1, 1, 1, 1, 1, 1], [0, 1, 1, 1, 1, 1, 1, 1, 1, 1, 1, 1, 1, 1, 1, 1, 1, 1, 1, 1, 1, 1, 1, 0, 1, 1, 1, 1, 1, 1, 1, 1], [0, 1, 1, 1, 1, 1, 1, 1, 1, 1, 1, 1, 1, 1, 1, 1, 1, 1, 1, 1, 1, 1, 1, 1, 0, 1, 1, 1, 1, 1, 1, 1], [0, 1, 1, 1, 1, 1, 1, 1, 1, 1, 1, 1, 1, 1, 1, 1, 1, 1, 1, 1, 1, 1, 1, 1, 1, 0, 1, 1, 1, 1, 1, 1], [0, 1, 1, 1, 1, 1, 1, 1, 1, 1, 1, 1, 1, 1, 1, 1, 1, 1, 1, 1, 1, 1, 1, 1, 1, 1, 0, 1, 1, 1, 1, 1], [0, 1, 1, 1, 1, 1, 1, 1, 1, 1, 1, 1, 1, 1, 1, 1, 1, 1, 1, 1, 1, 1, 1, 1, 1, 1, 1, 0, 1, 1, 1, 1], [0, 1, 1, 1, 1, 1, 1, 1, 1, 1, 1, 1, 1, 1, 1, 1, 1, 1, 1, 1, 1, 1, 1, 1, 1, 1, 1, 1, 0, 1, 1, 1], [0, 1, 1, 1, 1, 1, 1, 1, 1, 1, 1, 1, 1, 1, 1, 1, 1, 1, 1, 1, 1, 1, 1, 1, 1, 1, 1, 1, 1, 0, 1, 1], [0, 1, 1, 1, 1, 1, 1, 1, 1, 1, 1, 1, 1, 1, 1, 1, 1, 1, 1, 1, 1, 1, 1, 1, 1, 1, 1, 1, 1, 1, 0, 1], [0, 0, 0, 0, 0, 0, 0, 0, 0, 0, 0, 0, 0, 0, 0, 0, 0, 0, 0, 0, 0, 0, 0, 0, 0, 0, 0, 0, 0, 0, 0, 0]], "vertex_count": 32}, "distances": [[0, 54.65, 83.17, 57.35, 69.31, 64.0, 66.16, 74.89, 82.08, 71.46, 57.57, 88.82, 57.69, 90.88, 72.57, 80.8, 60.91, 87.99, 61.81, 54.17, 60.49, 91.05, 72.58, 83.9, 64.21, 88.98, 83.15, 72.62, 53.36, 49.82, 65.61, 0], [0, 0.0, 28.52, 11.61, 14.82, 16.1, 12.77, 25.8, 31.05, 16.81, 5.14, 34.21, 10.23, 44.73, 18.03, 29.58, 6.66, 38.86, 18.36, 11.23, 6.41, 36.52, 21.15, 29.25, 9.95, 35.06, 28.98, 23.49, 13.93, 10.35, 14.75, 54.65], [0, 28.52, 0.0, 25.91, 14.05, 25.31, 18.48, 21.04, 17.57, 11.74, 26.2, 5.9, 25.49, 32.84, 10.98, 16.81, 22.4, 24.69, 30.1, 29.01, 22.87, 8.5, 17.75, 11.3, 19.21, 10.15, 6.06, 21.78, 34.54, 35.31, 21.59, 83.17], [0, 11.61, 25.91, 0.0, 11.96, 17.01, 11.87, 22.43, 27.65, 14.37, 6.47, 31.48, 11.56, 41.37, 15.85, 26.19, 14.05, 35.46, 20.0, 12.56, 14.22, 33.7, 20.6, 26.68, 6.88, 31.97, 25.95, 23.5, 16.72, 13.62, 14.88, 57.35], [0, 14.82, 14.05, 11.96, 0.0, 17.89, 9.19, 16.48, 18.76, 13.23, 13.66, 19.53, 11.71, 34.39, 5.76, 17.31, 8.41, 27.2, 22.59, 15.19, 8.85, 21.75, 15.47, 14.85, 5.16, 20.36, 14.21, 19.79, 23.86, 23.08, 13.99, 69.31], [0, 16.1, 25.31, 17.01, 17.89, 0.0, 8.71, 34.22, 36.42, 16.42, 10.97, 30.99, 15.57, 52.26, 15.52, 35.02, 16.58, 44.88, 4.91, 17.05, 17.01, 33.68, 9.07, 25.64, 17.19, 34.88, 29.02, 8.71, 10.85, 14.42, 13.54, 64.0], [0, 12.77, 18.48, 11.87, 9.19, 8.71, 0.0, 25.57, 27.77, 7.99, 8.65, 24.38, 10.67, 43.55, 7.66, 26.35, 9.87, 36.23, 13.46, 13.6, 10.42, 26.98, 8.77, 19.01, 9.27, 27.25, 21.17, 12.14, 16.12, 17.02, 4.83, 66.16], [0, 25.8, 21.04, 22.43, 16.48, 34.22, 25.57, 0.0, 7.64, 19.0, 27.48, 23.07, 23.23, 18.96, 20.9, 6.77, 19.96, 13.46, 38.75, 25.58, 19.91, 23.63, 31.49, 21.85, 17.71, 18.61, 15.93, 35.96, 38.4, 36.01, 30.4, 74.89], [0, 31.05, 17.57, 27.65, 18.76, 36.42, 27.77, 7.64, 0.0, 20.08, 31.69, 17.77, 28.16, 16.13, 21.44, 14.41, 24.63, 8.47, 41.23, 31.0, 24.73, 17.65, 31.83, 18.19, 21.75, 12.06, 11.58, 36.33, 42.37, 40.81, 32.42, 82.08], [0, 16.81, 11.74, 14.37, 13.23, 16.42, 7.99, 19.0, 20.08, 0.0, 14.6, 17.53, 13.82, 36.09, 15.65, 18.72, 10.96, 28.54, 21.29, 17.34, 11.48, 19.96, 12.5, 12.45, 8.07, 19.5, 13.34, 16.95, 23.85, 23.9, 12.4, 71.46], [0, 5.14, 26.2, 6.47, 13.66, 10.97, 8.65, 27.48, 31.69, 14.6, 0.0, 32.06, 5.09, 46.38, 15.26, 30.21, 7.58, 39.89, 13.56, 6.09, 7.75, 34.54, 16.42, 26.84, 9.97, 33.88, 27.69, 18.45, 10.92, 9.42, 9.75, 57.57], [0, 34.21, 5.9, 31.48, 19.53, 30.99, 24.38, 23.07, 17.77, 17.53, 32.06, 0.0, 31.15, 31.31, 16.88, 17.48, 27.93, 23.3, 35.72, 34.66, 28.37, 12.65, 23.01, 5.4, 24.67, 6.85, 7.28, 26.73, 40.41, 41.21, 27.36, 88.82], [0, 10.23, 25.49, 11.56, 11.71, 15.57, 10.67, 23.23, 28.16, 13.82, 5.09, 31.15, 0.0, 42.19, 15.16, 26.69, 12.67, 36.1, 18.59, 11.18, 12.83, 33.43, 19.35, 26.23, 6.84, 31.94, 25.86, 22.15, 15.56, 12.79, 13.5, 57.69], [0, 44.73, 32.84, 41.37, 34.39, 52.26, 43.55, 18.96, 16.13, 36.09, 46.38, 31.31, 42.19, 0.0, 37.53, 17.41, 38.9, 8.15, 56.99, 44.46, 38.87, 30.12, 47.96, 33.31, 36.49, 24.5, 26.8, 52.46, 57.28, 54.97, 48.3, 90.88], [0, 18.03, 10.98, 15.85, 5.76, 15.52, 7.66, 20.9, 21.44, 15.65, 15.26, 16.88, 15.16, 37.53, 0.0, 20.12, 12.59, 29.83, 20.43, 18.63, 13.14, 19.43, 10.63, 11.59, 9.94, 19.62, 13.59, 15.13, 23.78, 24.33, 11.53, 72.57], [0, 29.58, 16.81, 26.19, 17.31, 35.02, 26.35, 6.77, 14.41, 18.72, 30.21, 17.48, 26.69, 17.41, 20.12, 0.0, 23.15, 9.89, 39.81, 29.54, 23.26, 17.59, 30.57, 17.48, 20.26, 12.19, 10.94, 35.08, 40.9, 39.33, 31.02, 80.8], [0, 6.66, 22.4, 14.05, 8.41, 16.58, 9.87, 19.96, 24.63, 10.96, 7.58, 27.93, 12.67, 38.9, 12.59, 23.15, 0.0, 32.64, 20.26, 6.89, 13.07, 30.15, 18.58, 23.17, 13.57, 28.45, 22.41, 21.96, 18.48, 16.21, 13.74, 60.91], [0, 38.86, 24.69, 35.46, 27.2, 44.88, 36.23, 13.46, 8.47, 28.54, 39.89, 23.3, 36.1, 8.15, 29.83, 9.89, 32.64, 0.0, 49.7, 38.72, 32.69, 22.3, 40.1, 25.16, 29.92, 16.57, 18.66, 44.58, 50.67, 48.85, 40.88, 87.99], [0, 18.36, 30.1, 20.0, 22.59, 4.91, 13.46, 38.75, 41.23, 21.29, 13.56, 35.72, 18.59, 56.99, 20.43, 39.81, 20.26, 49.7, 0.0, 19.27, 20.61, 38.41, 13.18, 30.4, 21.37, 39.75, 33.92, 11.34, 8.68, 13.62, 8.92, 61.81], [0, 11.23, 29.01, 12.56, 15.19, 17.05, 13.6, 25.58, 31.0, 17.34, 6.09, 34.66, 11.18, 44.46, 18.63, 29.54, 6.89, 38.72, 19.27, 0.0, 6.57, 36.93, 22.04, 29.75, 10.22, 35.34, 29.29, 24.42, 14.63, 10.8, 15.68, 54.17], [0, 6.41, 22.87, 14.22, 8.85, 17.01, 10.42, 19.91, 24.73, 11.48, 7.75, 28.37, 12.83, 38.87, 13.14, 23.26, 13.07, 32.69, 20.61, 6.57, 0.0, 30.56, 19.15, 23.65, 14.01, 28.78, 22.77, 22.5, 18.61, 16.17, 14.24, 60.49], [0, 36.52, 8.5, 33.7, 21.75, 33.68, 26.98, 23.63, 17.65, 19.96, 34.54, 12.65, 33.43, 30.12, 19.43, 17.59, 30.15, 22.3, 38.41, 36.93, 30.56, 0.0, 25.69, 8.06, 26.85, 5.8, 8.52, 29.38, 43.04, 43.74, 30.03, 91.05], [0, 21.15, 17.75, 20.6, 15.47, 9.07, 8.77, 31.49, 31.83, 12.5, 16.42, 23.01, 19.35, 47.96, 10.63, 30.57, 18.58, 40.1, 13.18, 22.04, 19.15, 25.69, 0.0, 17.88, 17.48, 27.81, 22.51, 4.52, 19.84, 22.76, 7.03, 72.58], [0, 29.25, 11.3, 26.68, 14.85, 25.64, 19.01, 21.85, 18.19, 12.45, 26.84, 5.4, 26.23, 33.31, 11.59, 17.48, 23.17, 25.16, 30.4, 29.75, 23.65, 8.06, 17.88, 0.0, 20.0, 10.23, 6.63, 21.81, 35.02, 35.9, 21.97, 83.9], [0, 9.95, 19.21, 6.88, 5.16, 17.19, 9.27, 17.71, 21.75, 8.07, 9.97, 24.67, 6.84, 36.49, 9.94, 20.26, 13.57, 29.92, 21.37, 10.22, 14.01, 26.85, 17.48, 20.0, 0.0, 25.12, 19.08, 21.3, 20.8, 19.1, 13.8, 64.21], [0, 35.06, 10.15, 31.97, 20.36, 34.88, 27.25, 18.61, 12.06, 19.5, 33.88, 6.85, 31.94, 24.5, 19.62, 12.19, 28.45, 16.57, 39.75, 35.34, 28.78, 5.8, 27.81, 10.23, 25.12, 0.0, 6.18, 31.91, 43.31, 43.28, 30.99, 88.98], [0, 28.98, 6.06, 25.95, 14.21, 29.02, 21.17, 15.93, 11.58, 13.34, 27.69, 7.28, 25.86, 26.8, 13.59, 10.94, 22.41, 18.66, 33.92, 29.29, 22.77, 8.52, 22.51, 6.63, 19.08, 6.18, 0.0, 26.81, 37.18, 37.09, 25.07, 83.15], [0, 23.49, 21.78, 23.5, 19.79, 8.71, 12.14, 35.96, 36.33, 16.95, 18.45, 26.73, 22.15, 52.46, 15.13, 35.08, 21.96, 44.58, 11.34, 24.42, 22.5, 29.38, 4.52, 21.81, 21.3, 31.91, 26.81, 0.0, 19.3, 23.14, 8.74, 72.62], [0, 13.93, 34.54, 16.72, 23.86, 10.85, 16.12, 38.4, 42.37, 23.85, 10.92, 40.41, 15.56, 57.28, 23.78, 40.9, 18.48, 50.67, 8.68, 14.63, 18.61, 43.04, 19.84, 35.02, 20.8, 43.31, 37.18, 19.3, 0.0, 5.51, 13.42, 53.36], [0, 10.35, 35.31, 13.62, 23.08, 14.42, 17.02, 36.01, 40.81, 23.9, 9.42, 41.21, 12.79, 54.97, 24.33, 39.33, 16.21, 48.85, 13.62, 10.8, 16.17, 43.74, 22.76, 35.9, 19.1, 43.28, 37.09, 23.14, 5.51, 0.0, 15.8, 49.82], [0, 14.75, 21.59, 14.88, 13.99, 13.54, 4.83, 30.4, 32.42, 12.4, 9.75, 27.36, 13.5, 48.3, 11.53, 31.02, 13.74, 40.88, 8.92, 15.68, 14.24, 30.03, 7.03, 21.97, 13.8, 30.99, 25.07, 8.74, 13.42, 15.8, 0.0, 65.61], [0, 0, 0, 0, 0, 0, 0, 0, 0, 0, 0, 0, 0, 0, 0, 0, 0, 0, 0, 0, 0, 0, 0, 0, 0, 0, 0, 0, 0, 0, 0, 0]], "end_depot": 31, "horizon": [0.0, 2000.0], "instance_name": "30_95_A_75_B4", "speed_zone_count": 73, "speed_zones": [[0.0, 15.0], [15.0, 30.0], [30.0, 45.0], [45.0, 60.0], [60.0, 75.0], [75.0, 90.0], [90.0, 105.0], [105.0, 120.0], [120.0, 135.0], [135.0, 150.0], [150.0, 165.0], [165.0, 180.0], [180.0, 195.0], [195.0, 210.0], [210.0, 225.0], [225.0, 240.0], [240.0, 255.0], [255.0, 270.0], [270.0, 285.0], [285.0, 300.0], [300.0, 315.0], [315.0, 330.0], [330.0, 345.0], [345.0, 360.0], [360.0, 375.0], [375.0, 390.0], [390.0, 405.0], [405.0, 420.0], [420.0, 435.0], [435.0, 450.0], [450.0, 465.0], [465.0, 480.0], [480.0, 495.0], [495.0, 510.0], [510.0, 525.0], [525.0, 540.0], [540.0, 555.0], [555.0, 570.0], [570.0, 585.0], [585.0, 600.0], [600.0, 615.0], [615.0, 630.0], [630.0, 645.0], [645.0, 660.0], [660.0, 675.0], [675.0, 690.0], [690.0, 705.0], [705.0, 720.0], [720.0, 735.0], [735.0, 750.0], [750.0, 765.0], [765.0, 780.0], [780.0, 795.0], [795.0, 810.0], [810.0, 825.0], [825.0, 840.0], [840.0, 855.0], [855.0, 870.0], [870.0, 885.0], [885.0, 900.0], [900.0, 915.0], [915.0, 930.0], [930.0, 945.0], [945.0, 960.0], [960.0, 975.0], [975.0, 990.0], [990.0, 1005.0], [1005.0, 1020.0], [1020.0, 1035.0], [1035.0, 1050.0], [1050.0, 1065.0], [1065.0, 1080.0], [1080.0, 2000.0]], "start_depot": 0, "time_windows": [[0.0, 1700.0], [16.0, 101.0], [44.0, 138.0], [71.0, 174.0], [91.0, 201.0], [127.0, 249.0], [149.0, 278.0], [199.0, 345.0], [210.0, 360.0], [239.0, 398.0], [256.0, 421.0], [299.0, 478.0], [369.0, 571.0], [434.0, 658.0], [476.0, 714.0], [497.0, 742.0], [522.0, 775.0], [561.0, 827.0], [637.0, 929.0], [661.0, 961.0], [670.0, 973.0], [702.0, 1015.0], [726.0, 1048.0], [741.0, 1068.0], [759.0, 1091.0], [778.0, 1117.0], [783.0, 1123.0], [803.0, 1150.0], [818.0, 1170.0], [822.0, 1176.0], [835.0, 1193.0], [0.0, 1700.0]], "vehicle_count": 1}