{"cluster_count": 3, "cluster_speeds": [[0.925, 0.85, 0.925, 1.0, 0.8325, 0.765, 0.8325, 0.9, 0.4625, 0.425, 0.4625, 0.5, 0.30525, 0.2805, 0.30525, 0.33, 0.37, 0.34, 0.37, 0.4, 0.555, 0.51, 0.555, 0.6, 0.6475, 0.595, 0.6475, 0.7, 0.37, 0.34, 0.37, 0.4, 0.30525, 0.2805, 0.30525, 0.33, 0.4625, 0.425, 0.4625, 0.5, 0.6475, 0.595, 0.6475, 0.7, 0.74, 0.68, 0.74, 0.8, 0.6475, 0.595, 0.6475, 0.7, 0.4625, 0.425, 0.4625, 0.5, 0.555, 0.51, 0.555, 0.6, 0.6475, 0.595, 0.6475, 0.7, 0.8325, 0.765, 0.8325, 0.9, 0.925, 0.85, 0.925, 1.0, 1.0], [0.8325, 0.765, 0.8325, 0.9, 0.74925, 0.6885, 0.74925, 0.81, 0.41625, 0.3825, 0.41625, 0.45, 0.274725, 0.25245, 0.274725, 0.297, 0.333, 0.306, 0.333, 0.36, 0.4995, 0.459, 0.4995, 0.54, 0.6475, 0.595, 0.6475, 0.7, 0.37, 0.34, 0.37, 0.4, 0.30525, 0.2805, 0.30525, 0.33, 0.4625, 0.425, 0.4625, 0.5, 0.6475, 0.595, 0.6475, 0.7, 0.74, 0.68, 0.74, 0.8, 0.58275, 0.5355, 0.58275, 0.63, 0.41625, 0.3825, 0.41625, 0.45, 0.4995, 0.459, 0.4995, 0.54, 0.58275, 0.5355, 0.58275, 0.63, 0.74925, 0.6885, 0.74925, 0.81, 0.8325, 0.765, 0.8325, 0.9, 0.9], [0.87875, 0.8075, 0.87875, 0.95, 0.790875, 0.72675, 0.790875, 0.855, 0.439375, 0.40375, 0.439375, 0.475, 0.289988, 0.266475, 0.289988, 0.3135, 0.3515, 0.323, 0.3515, 0.38, 0.52725, 0.4845, 0.52725, 0.57, 0.6475, 0.595, 0.6475, 0.7, 0.37, 0.34, 0.37, 0.4, 0.30525, 0.2805, 0.30525, 0.33, 0.4625, 0.425, 0.4625, 0.5, 0.6475, 0.595, 0.6475, 0.7, 0.74, 0.68, 0.74, 0.8, 0.615125, 0.56525, 0.615125, 0.665, 0.439375, 0.40375, 0.439375, 0.475, 0.52725, 0.4845, 0.52725, 0.57, 0.615125, 0.56525, 0.615125, 0.665, 0.790875, 0.72675, 0.790875, 0.855, 0.87875, 0.8075, 0.87875, 0.95, 0.95]], "clusters": [[-1, 2, 2, 2, 2, 2, 2, 2, 2, 2, 2, 2, 2, 2, 2, 2, 2, 2, 2, 2, 2, 2, 2, 2, 2, 2, 2, 2, 2, 2, 2, -1], [1, -1, 1, 1, 1, 1, 1, 1, 1, 1, 1, 1, 1, 1, 1, 1, 1, 1, 1, 1, 1, 1, 1, 1, 1, 1, 1, 1, 1, 1, 1, 1], [2, 2, -1, 2, 2, 2, 2, 2, 2, 2, 2, 2, 2, 2, 2, 2, 2, 2, 2, 2, 2, 2, 2, 2, 2, 2, 2, 2, 2, 2, 2, 2], [2, 2, 2, -1, 2, 2, 2, 2, 2, 2, 2, 2, 2, 2, 2, 2, 2, 2, 2, 2, 2, 2, 2, 2, 2, 2, 2, 2, 2, 2, 2, 2], [0, 0, 0, 0, -1, 0, 0, 0, 0, 0, 0, 0, 0, 0, 0, 0, 0, 0, 0, 0, 0, 0, 0, 0, 0, 0, 0, 0, 0, 0, 0, 0], [2, 2, 2, 2, 2, -1, 2, 2, 2, 2, 2, 2, 2, 2, 2, 2, 2, 2, 2, 2, 2, 2, 2, 2, 2, 2, 2, 2, 2, 2, 2, 2], [1, 1, 1, 1, 1, 1, -1, 1, 1, 1, 1, 1, 1, 1, 1, 1, 1, 1, 1, 1, 1, 1, 1, 1, 1, 1, 1, 1, 1, 1, 1, 1], [0, 0, 0, 0, 0, 0, 0, -1, 0, 0, 0, 0, 0, 0, 0, 0, 0, 0, 0, 0, 0, 0, 0, 0, 0, 0, 0, 0, 0, 0, 0, 0], [2, 2, 2, 2, 2, 2, 2, 2, -1, 2, 2, 2, 2, 2, 2, 2, 2, 2, 2, 2, 2, 2, 2, 2, 2, 2, 2, 2, 2, 2, 2, 2], [0, 0, 0, 0, 0, 0, 0, 0, 0, -1, 0, 0, 0, 0, 0, 0, 0, 0, 0, 0, 0, 0, 0, 0, 0, 0, 0, 0, 0, 0, 0, 0], [1, 1, 1, 1, 1, 1, 1, 1, 1, 1, -1, 1, 1, 1, 1, 1, 1, 1, 1, 1, 1, 1, 1, 1, 1, 1, 1, 1, 1, 1, 1, 1], [2, 2, 2, 2, 2, 2, 2, 2, 2, 2, 2, -1, 2, 2, 2, 2, 2, 2, 2, 2, 2, 2, 2, 2, 2, 2, 2, 2, 2, 2, 2, 2], [2, 2, 2, 2, 2, 2, 2, 2, 2, 2, 2, 2, -1, 2, 2, 2, 2, 2, 2, 2, 2, 2, 2, 2, 2, 2, 2, 2, 2, 2, 2, 2], [0, 0, 0, 0, 0, 0, 0, 0, 0, 0, 0, 0, 0, -1, 0, 0, 0, 0, 0, 0, 0, 0, 0, 0, 0, 0, 0, 0, 0, 0, 0, 0], [0, 0, 0, 0, 0, 0, 0, 0, 0, 0, 0, 0, 0, 0, -1, 0, 0, 0, 0, 0, 0, 0, 0, 0, 0, 0, 0, 0, 0, 0, 0, 0], [2, 2, 2, 2, 2, 2, 2, 2, 2, 2, 2, 2, 2, 2, 2, -1, 2, 2, 2, 2, 2, 2, 2, 2, 2, 2, 2, 2, 2, 2, 2, 2], [1, 1, 1, 1, 1, 1, 1, 1, 1, 1, 1, 1, 1, 1, 1, 1, -1, 1, 1, 1, 1, 1, 1, 1, 1, 1, 1, 1, 1, 1, 1, 1], [0, 0, 0, 0, 0, 0, 0, 0, 0, 0, 0, 0, 0, 0, 0, 0, 0, -1, 0, 0, 0, 0, 0, 0, 0, 0, 0, 0, 0, 0, 0, 0], [2, 2, 2, 2, 2, 2, 2, 2, 2, 2, 2, 2, 2, 2, 2, 2, 2, 2, -1, 2, 2, 2, 2, 2, 2, 2, 2, 2, 2, 2, 2, 2], [0, 0, 0, 0, 0, 0, 0, 0, 0, 0, 0, 0, 0, 0, 0, 0, 0, 0, 0, -1, 0, 0, 0, 0, 0, 0, 0, 0, 0, 0, 0, 0], [2, 2, 2, 2, 2, 2, 2, 2, 2, 2, 2, 2, 2, 2, 2, 2, 2, 2, 2, 2, -1, 2, 2, 2, 2, 2, 2, 2, 2, 2, 2, 2], [0, 0, 0, 0, 0, 0, 0, 0, 0, 0, 0, 0, 0, 0, 0, 0, 0, 0, 0, 0, 0, -1, 0, 0, 0, 0, 0, 0, 0, 0, 0, 0], [2, 2, 2, 2, 2, 2, 2, 2, 2, 2, 2, 2, 2, 2, 2, 2, 2, 2, 2, 2, 2, 2, -1, 2, 2, 2, 2, 2, 2, 2, 2, 2], [0, 0, 0, 0, 0, 0, 0, 0, 0, 0, 0, 0, 0, 0, 0, 0, 0, 0, 0, 0, 0, 0, 0, -1, 0, 0, 0, 0, 0, 0, 0, 0], [1, 1, 1, 1, 1, 1, 1, 1, 1, 1, 1, 1, 1, 1, 1, 1, 1, 1, 1, 1, 1, 1, 1, 1, -1, 1, 1, 1, 1, 1, 1, 1], [2, 2, 2, 2, 2, 2, 2, 2, 2, 2, 2, 2, 2, 2, 2, 2, 2, 2, 2, 2, 2, 2, 2, 2, 2, -1, 2, 2, 2, 2, 2, 2], [0, 0, 0, 0, 0, 0, 0, 0, 0, 0, 0, 0, 0, 0, 0, 0, 0, 0, 0, 0, 0, 0, 0, 0, 0, 0, -1, 0, 0, 0, 0, 0], [2, 2, 2, 2, 2, 2, 2, 2, 2, 2, 2, 2, 2, 2, 2, 2, 2, 2, 2, 2, 2, 2, 2, 2, 2, 2, 2, -1, 2, 2, 2, 2], [0, 0, 0, 0, 0, 0, 0, 0, 0, 0, 0, 0, 0, 0, 0, 0, 0, 0, 0, 0, 0, 0, 0, 0, 0, 0, 0, 0, -1, 0, 0, 0], [0, 0, 0, 0, 0, 0, 0, 0, 0, 0, 0, 0, 0, 0, 0, 0, 0, 0, 0, 0, 0, 0, 0, 0, 0, 0, 0, 0, 0, -1, 0, 0], [1, 1, 1, 1, 1, 1, 1, 1, 1, 1, 1, 1, 1, 1, 1, 1, 1, 1, 1, 1, 1, 1, 1, 1, 1, 1, 1, 1, 1, 1, -1, 1], [-1, 2, 2, 2, 2, 2, 2, 2, 2, 2, 2, 2, 2, 2, 2, 2, 2, 2, 2, 2, 2, 2, 2, 2, 2, 2, 2, 2, 2, 2, 2, -1]], "dataset_name": "guerriero_et_al_2014b", "digraph": {"arc_count": 930, "arcs": [[0, 1, 1, 1, 1, 1, 1, 1, 1, 1, 1, 1, 1, 1, 1, 1, 1, 1, 1, 1, 1, 1, 1, 1, 1, 1, 1, 1, 1, 1, 1, 0], [0, 0, 1, 1, 1, 1, 1, 1, 1, 1, 1, 1, 1, 1, 1, 1, 1, 1, 1, 1, 1, 1, 1, 1, 1, 1, 1, 1, 1, 1, 1, 1], [0, 1, 0, 1, 1, 1, 1, 1, 1, 1, 1, 1, 1, 1, 1, 1, 1, 1, 1, 1, 1, 1, 1, 1, 1, 1, 1, 1, 1, 1, 1, 1], [0, 1, 1, 0, 1, 1, 1, 1, 1, 1, 1, 1, 1, 1, 1, 1, 1, 1, 1, 1, 1, 1, 1, 1, 1, 1, 1, 1, 1, 1, 1, 1], [0, 1, 1, 1, 0, 1, 1, 1, 1, 1, 1, 1, 1, 1, 1, 1, 1, 1, 1, 1, 1, 1, 1, 1, 1, 1, 1, 1, 1, 1, 1, 1], [0, 1, 1, 1, 1, 0, 1, 1, 1, 1, 1, 1, 1, 1, 1, 1, 1, 1, 1, 1, 1, 1, 1, 1, 1, 1, 1, 1, 1, 1, 1, 1], [0, 1, 1, 1, 1, 1, 0, 1, 1, 1, 1, 1, 1, 1, 1, 1, 1, 1, 1, 1, 1, 1, 1, 1, 1, 1, 1, 1, 1, 1, 1, 1], [0, 1, 1, 1, 1, 1, 1, 0, 1, 1, 1, 1, 1, 1, 1, 1, 1, 1, 1, 1, 1, 1, 1, 1, 1, 1, 1, 1, 1, 1, 1, 1], [0, 1, 1, 1, 1, 1, 1, 1, 0, 1, 1, 1, 1, 1, 1, 1, 1, 1, 1, 1, 1, 1, 1, 1, 1, 1, 1, 1, 1, 1, 1, 1], [0, 1, 1, 1, 1, 1, 1, 1, 1, 0, 1, 1, 1, 1, 1, 1, 1, 1, 1, 1, 1, 1, 1, 1, 1, 1, 1, 1, 1, 1, 1, 1], [0, 1, 1, 1, 1, 1, 1, 1, 1, 1, 0, 1, 1, 1, 1, 1, 1, 1, 1, 1, 1, 1, 1, 1, 1, 1, 1, 1, 1, 1, 1, 1], [0, 1, 1, 1, 1, 1, 1, 1, 1, 1, 1, 0, 1, 1, 1, 1, 1, 1, 1, 1, 1, 1, 1, 1, 1, 1, 1, 1, 1, 1, 1, 1], [0, 1, 1, 1, 1, 1, 1, 1, 1, 1, 1, 1, 0, 1, 1, 1, 1, 1, 1, 1, 1, 1, 1, 1, 1, 1, 1, 1, 1, 1, 1, 1], [0, 1, 1, 1, 1, 1, 1, 1, 1, 1, 1, 1, 1, 0, 1, 1, 1, 1, 1, 1, 1, 1, 1, 1, 1, 1, 1, 1, 1, 1, 1, 1], [0, 1, 1, 1, 1, 1, 1, 1, 1, 1, 1, 1, 1, 1, 0, 1, 1, 1, 1, 1, 1, 1, 1, 1, 1, 1, 1, 1, 1, 1, 1, 1], [0, 1, 1, 1, 1, 1, 1, 1, 1, 1, 1, 1, 1, 1, 1, 0, 1, 1, 1, 1, 1, 1, 1, 1, 1, 1, 1, 1, 1, 1, 1, 1], [0, 1, 1, 1, 1, 1, 1, 1, 1, 1, 1, 1, 1, 1, 1, 1, 0, 1, 1, 1, 1, 1, 1, 1, 1, 1, 1, 1, 1, 1, 1, 1], [0, 1, 1, 1, 1, 1, 1, 1, 1, 1, 1, 1, 1, 1, 1, 1, 1, 0, 1, 1, 1, 1, 1, 1, 1, 1, 1, 1, 1, 1, 1, 1], [0, 1, 1, 1, 1, 1, 1, 1, 1, 1, 1, 1, 1, 1, 1, 1, 1, 1, 0, 1, 1, 1, 1, 1, 1, 1, 1, 1, 1, 1, 1, 1], [0, 1, 1, 1, 1, 1, 1, 1, 1, 1, 1, 1, 1, 1, 1, 1, 1, 1, 1, 0, 1, 1, 1, 1, 1, 1, 1, 1, 1, 1, 1, 1], [0, 1, 1, 1, 1, 1, 1, 1, 1, 1, 1, 1, 1, 1, 1, 1, 1, 1, 1, 1, 0, 1, 1, 1, 1, 1, 1, 1, 1, 1, 1, 1], [0, 1, 1, 1, 1, 1, 1, 1, 1, 1, 1, 1, 1, 1, 1, 1, 1, 1, 1, 1, 1, 0, 1, 1, 1, 1, 1, 1, 1, 1, 1, 1], [0, 1, 1, 1, 1, 1, 1, 1, 1, 1, 1, 1, 1, 1, 1, 1, 1, 1, 1, 1, 1, 1, 0, 1, 1, 1, 1, 1, 1, 1, 1, 1], [0, 1, 1, 1, 1, 1, 1, 1, 1, 1, 1, 1, 1, 1, 1, 1, 1, 1, 1, 1, 1, 1, 1, 0, 1, 1, 1, 1, 1, 1, 1, 1], [0, 1, 1, 1, 1, 1, 1, 1, 1, 1, 1, 1, 1, 1, 1, 1, 1, 1, 1, 1, 1, 1, 1, 1, 0, 1, 1, 1, 1, 1, 1, 1], [0, 1, 1, 1, 1, 1, 1, 1, 1, 1, 1, 1, 1, 1, 1, 1, 1, 1, 1, 1, 1, 1, 1, 1, 1, 0, 1, 1, 1, 1, 1, 1], [0, 1, 1, 1, 1, 1, 1, 1, 1, 1, 1, 1, 1, 1, 1, 1, 1, 1, 1, 1, 1, 1, 1, 1, 1, 1, 0, 1, 1, 1, 1, 1], [0, 1, 1, 1, 1, 1, 1, 1, 1, 1, 1, 1, 1, 1, 1, 1, 1, 1, 1, 1, 1, 1, 1, 1, 1, 1, 1, 0, 1, 1, 1, 1], [0, 1, 1, 1, 1, 1, 1, 1, 1, 1, 1, 1, 1, 1, 1, 1, 1, 1, 1, 1, 1, 1, 1, 1, 1, 1, 1, 1, 0, 1, 1, 1], [0, 1, 1, 1, 1, 1, 1, 1, 1, 1, 1, 1, 1, 1, 1, 1, 1, 1, 1, 1, 1, 1, 1, 1, 1, 1, 1, 1, 1, 0, 1, 1], [0, 1, 1, 1, 1, 1, 1, 1, 1, 1, 1, 1, 1, 1, 1, 1, 1, 1, 1, 1, 1, 1, 1, 1, 1, 1, 1, 1, 1, 1, 0, 1], [0, 0, 0, 0, 0, 0, 0, 0, 0, 0, 0, 0, 0, 0, 0, 0, 0, 0, 0, 0, 0, 0, 0, 0, 0, 0, 0, 0, 0, 0, 0, 0]], "vertex_count": 32}, "distances": [[0, 73.31, 68.98, 90.99, 60.11, 97.51, 89.2, 84.91, 39.85, 82.37, 51.85, 74.68, 80.96, 82.27, 68.34, 48.76, 53.32, 68.0, 110.29, 60.8, 72.33, 73.74, 98.31, 68.58, 71.36, 56.19, 83.76, 98.26, 56.58, 74.48, 73.23, 0], [0, 0.0, 47.19, 19.9, 23.19, 25.13, 29.3, 29.25, 49.05, 28.46, 30.84, 51.84, 7.78, 25.82, 11.67, 52.73, 27.39, 16.97, 38.9, 20.94, 52.83, 29.18, 32.85, 19.03, 5.99, 59.08, 24.97, 26.75, 24.62, 30.35, 43.38, 73.31], [0, 47.19, 0.0, 49.11, 26.21, 55.79, 35.1, 29.86, 29.14, 27.8, 25.29, 6.45, 52.13, 30.09, 35.58, 21.55, 27.4, 30.22, 62.18, 28.29, 5.9, 20.05, 45.26, 28.19, 41.21, 19.59, 32.49, 54.07, 27.32, 19.38, 6.67, 68.98], [0, 19.9, 49.11, 0.0, 33.51, 7.17, 17.52, 21.08, 61.16, 22.21, 42.7, 51.65, 15.07, 19.44, 22.85, 61.75, 39.89, 24.76, 19.43, 31.95, 53.65, 29.13, 15.11, 25.31, 19.81, 65.69, 17.16, 7.27, 36.49, 29.74, 43.34, 90.99], [0, 23.19, 26.21, 33.51, 0.0, 40.64, 29.12, 25.1, 27.69, 22.67, 9.21, 31.94, 29.84, 22.23, 12.11, 29.76, 6.82, 8.76, 51.72, 14.79, 32.11, 15.51, 38.3, 8.65, 17.74, 35.9, 23.65, 40.42, 15.62, 16.63, 24.49, 60.11], [0, 25.13, 55.79, 7.17, 40.64, 0.0, 22.57, 26.89, 68.3, 28.38, 49.82, 58.0, 18.76, 25.8, 29.72, 68.9, 46.95, 31.89, 13.95, 39.03, 60.13, 35.95, 16.8, 32.48, 26.15, 72.72, 23.43, 14.44, 43.56, 36.47, 49.84, 97.51], [0, 29.3, 35.1, 17.52, 29.12, 22.57, 0.0, 5.33, 54.02, 7.77, 37.54, 36.26, 28.69, 6.96, 24.16, 51.81, 35.88, 22.03, 27.08, 28.68, 38.68, 17.24, 10.41, 20.92, 25.41, 53.65, 5.59, 20.07, 32.66, 17.15, 28.66, 89.2], [0, 29.25, 29.86, 21.08, 25.1, 26.89, 5.33, 0.0, 49.05, 9.54, 33.09, 31.29, 30.05, 12.29, 22.13, 46.55, 31.71, 18.98, 32.36, 24.97, 33.61, 12.07, 15.73, 17.47, 24.54, 48.32, 4.5, 24.7, 28.64, 11.88, 23.48, 84.91], [0, 49.05, 29.14, 61.16, 27.69, 68.3, 54.02, 49.05, 0.0, 46.44, 18.64, 34.9, 56.46, 47.2, 39.38, 10.49, 21.86, 36.42, 78.89, 29.46, 32.67, 37.04, 64.14, 35.92, 44.5, 19.78, 49.19, 67.95, 25.04, 37.46, 33.63, 39.85], [0, 28.46, 27.8, 22.21, 22.67, 28.38, 7.77, 9.54, 46.44, 0.0, 30.53, 29.61, 29.92, 14.73, 20.51, 44.04, 29.22, 16.95, 34.6, 22.64, 31.8, 9.49, 18.18, 15.3, 23.42, 46.0, 5.05, 26.4, 26.2, 9.38, 21.57, 82.37], [0, 30.84, 25.29, 42.7, 9.21, 49.82, 37.54, 33.09, 18.64, 30.53, 0.0, 31.65, 38.04, 30.58, 20.74, 22.19, 16.03, 17.96, 60.9, 10.84, 30.94, 22.01, 47.11, 17.76, 25.98, 29.69, 32.25, 49.63, 6.41, 22.86, 25.97, 51.85], [0, 51.84, 6.45, 51.65, 31.94, 58.0, 36.26, 31.29, 34.9, 29.61, 31.65, 0.0, 56.2, 32.24, 40.41, 26.44, 33.64, 34.99, 63.05, 33.92, 12.35, 23.38, 45.93, 32.84, 45.85, 22.45, 34.58, 55.97, 33.34, 22.45, 8.58, 74.68], [0, 7.78, 52.13, 15.07, 29.84, 18.76, 28.69, 30.05, 56.46, 29.92, 38.04, 56.2, 0.0, 27.02, 17.77, 59.59, 34.66, 22.46, 32.71, 27.69, 57.53, 32.91, 29.7, 24.2, 12.12, 65.44, 25.55, 20.98, 31.7, 33.95, 47.63, 80.96], [0, 25.82, 30.09, 19.44, 22.23, 25.8, 6.96, 12.29, 47.2, 14.73, 30.58, 32.24, 27.02, 0.0, 18.56, 45.41, 28.96, 15.6, 32.79, 21.91, 34.33, 10.87, 16.96, 14.25, 21.0, 47.87, 12.55, 23.98, 25.78, 11.06, 24.04, 82.27], [0, 11.67, 35.58, 22.85, 12.11, 29.72, 24.16, 22.13, 39.38, 20.51, 20.74, 40.41, 17.77, 18.56, 0.0, 41.86, 17.57, 5.43, 41.98, 10.04, 41.28, 18.51, 31.13, 7.63, 5.8, 47.71, 18.76, 30.06, 14.34, 19.77, 32.06, 68.34], [0, 52.73, 21.55, 61.75, 29.76, 68.9, 51.81, 46.55, 10.49, 44.04, 22.19, 26.44, 59.59, 45.41, 41.86, 0.0, 25.7, 37.81, 78.08, 31.91, 23.83, 34.61, 62.21, 36.71, 47.48, 9.41, 47.65, 68.04, 28.14, 34.68, 27.25, 48.76], [0, 27.39, 27.4, 39.89, 6.82, 46.95, 35.88, 31.71, 21.86, 29.22, 16.03, 33.64, 34.66, 28.96, 17.57, 25.7, 0.0, 15.3, 58.38, 7.96, 33.19, 21.33, 45.13, 15.44, 22.64, 33.08, 30.45, 46.91, 12.51, 22.31, 27.32, 53.32], [0, 16.97, 30.22, 24.76, 8.76, 31.89, 22.03, 18.98, 36.42, 16.95, 17.96, 34.99, 22.46, 15.6, 5.43, 37.81, 15.3, 0.0, 43.08, 7.36, 35.89, 13.37, 30.37, 13.05, 10.99, 43.08, 16.44, 31.68, 11.87, 14.63, 26.64, 68.0], [0, 38.9, 62.18, 19.43, 51.72, 13.95, 27.08, 32.36, 78.89, 34.6, 60.9, 63.05, 32.71, 32.79, 41.98, 78.08, 58.38, 43.08, 0.0, 50.43, 65.59, 43.65, 17.13, 43.14, 39.24, 80.59, 30.48, 12.22, 54.95, 43.81, 55.7, 110.29], [0, 20.94, 28.29, 31.95, 14.79, 39.03, 28.68, 24.97, 29.46, 22.64, 10.84, 33.92, 27.69, 21.91, 10.04, 31.91, 7.96, 7.36, 50.43, 0.0, 34.19, 16.27, 37.52, 7.8, 15.57, 38.16, 23.13, 38.95, 4.55, 17.46, 26.29, 60.8], [0, 52.83, 5.9, 53.65, 32.11, 60.13, 38.68, 33.61, 32.67, 31.8, 30.94, 12.35, 57.53, 34.33, 41.28, 23.83, 33.19, 35.89, 65.59, 34.19, 0.0, 24.96, 48.5, 33.8, 46.84, 19.43, 36.7, 58.2, 33.2, 24.13, 10.31, 72.33], [0, 29.18, 20.05, 29.13, 15.51, 35.95, 17.24, 12.07, 37.04, 9.49, 22.01, 23.38, 32.91, 10.87, 18.51, 34.61, 21.33, 13.37, 43.65, 16.27, 24.96, 0.0, 27.6, 11.12, 23.31, 37.07, 13.18, 34.46, 18.77, 18.87, 14.8, 73.74], [0, 32.85, 45.26, 15.11, 38.3, 16.8, 10.41, 15.73, 64.14, 18.18, 47.11, 45.93, 29.7, 16.96, 31.13, 62.21, 45.13, 30.37, 17.13, 37.52, 48.5, 27.6, 0.0, 29.75, 30.6, 64.02, 14.97, 13.53, 41.79, 27.55, 38.71, 98.31], [0, 19.03, 28.19, 25.31, 8.65, 32.48, 20.92, 17.47, 35.92, 15.3, 17.76, 32.84, 24.2, 14.25, 7.63, 36.71, 15.44, 13.05, 43.14, 7.8, 33.8, 11.12, 29.75, 0.0, 13.04, 41.62, 15.35, 32.03, 12.06, 12.4, 24.45, 68.58], [0, 5.99, 41.21, 19.81, 17.74, 26.15, 25.41, 24.54, 44.5, 23.42, 25.98, 45.85, 12.12, 21.0, 5.8, 47.48, 22.64, 10.99, 39.24, 15.57, 46.84, 23.31, 30.6, 13.04, 0.0, 53.49, 20.53, 27.06, 19.6, 24.51, 37.4, 71.36], [0, 59.08, 19.59, 65.69, 35.9, 72.72, 53.65, 48.32, 19.78, 46.0, 29.69, 22.45, 65.44, 47.87, 47.71, 9.41, 33.08, 43.08, 80.59, 38.16, 19.43, 37.07, 64.02, 41.62, 53.49, 0.0, 50.22, 71.45, 34.99, 36.8, 26.19, 56.19], [0, 24.97, 32.49, 17.16, 23.65, 23.43, 5.59, 4.5, 49.19, 5.05, 32.25, 34.58, 25.55, 12.55, 18.76, 47.65, 30.45, 16.44, 30.48, 23.13, 36.7, 13.18, 14.97, 15.35, 20.53, 50.22, 0.0, 21.58, 27.19, 13.43, 26.42, 83.76], [0, 26.75, 54.07, 7.27, 40.42, 14.44, 20.07, 24.7, 67.95, 26.4, 49.63, 55.97, 20.98, 23.98, 30.06, 68.04, 46.91, 31.68, 12.22, 38.95, 58.2, 34.46, 13.53, 32.03, 27.06, 71.45, 21.58, 0.0, 43.5, 34.88, 47.96, 98.26], [0, 24.62, 27.32, 36.49, 15.62, 43.56, 32.66, 28.64, 25.04, 26.2, 6.41, 33.34, 31.7, 25.78, 14.34, 28.14, 12.51, 11.87, 54.95, 4.55, 33.2, 18.77, 41.79, 12.06, 19.6, 34.99, 27.19, 43.5, 0.0, 19.84, 26.4, 56.58], [0, 30.35, 19.38, 29.74, 16.63, 36.47, 17.15, 11.88, 37.46, 9.38, 22.86, 22.45, 33.95, 11.06, 19.77, 34.68, 22.31, 14.63, 43.81, 17.46, 24.13, 18.87, 27.55, 12.4, 24.51, 36.8, 13.43, 34.88, 19.84, 0.0, 13.89, 74.48], [0, 43.38, 6.67, 43.34, 24.49, 49.84, 28.66, 23.48, 33.63, 21.57, 25.97, 8.58, 47.63, 24.04, 32.06, 27.25, 27.32, 26.64, 55.7, 26.29, 10.31, 14.8, 38.71, 24.45, 37.4, 26.19, 26.42, 47.96, 26.4, 13.89, 0.0, 73.23], [0, 0, 0, 0, 0, 0, 0, 0, 0, 0, 0, 0, 0, 0, 0, 0, 0, 0, 0, 0, 0, 0, 0, 0, 0, 0, 0, 0, 0, 0, 0, 0]], "end_depot": 31, "horizon": [0.0, 2000.0], "instance_name": "30_90_A_100_C3", "speed_zone_count": 73, "speed_zones": [[0.0, 15.0], [15.0, 30.0], [30.0, 45.0], [45.0, 60.0], [60.0, 75.0], [75.0, 90.0], [90.0, 105.0], [105.0, 120.0], [120.0, 135.0], [135.0, 150.0], [150.0, 165.0], [165.0, 180.0], [180.0, 195.0], [195.0, 210.0], [210.0, 225.0], [225.0, 240.0], [240.0, 255.0], [255.0, 270.0], [270.0, 285.0], [285.0, 300.0], [300.0, 315.0], [315.0, 330.0], [330.0, 345.0], [345.0, 360.0], [360.0, 375.0], [375.0, 390.0], [390.0, 405.0], [405.0, 420.0], [420.0, 435.0], [435.0, 450.0], [450.0, 465.0], [465.0, 480.0], [480.0, 495.0], [495.0, 510.0], [510.0, 525.0], [525.0, 540.0], [540.0, 555.0], [555.0, 570.0], [570.0, 585.0], [585.0, 600.0], [600.0, 615.0], [615.0, 630.0], [630.0, 645.0], [645.0, 660.0], [660.0, 675.0], [675.0, 690.0], [690.0, 705.0], [705.0, 720.0], [720.0, 735.0], [735.0, 750.0], [750.0, 765.0], [765.0, 780.0], [780.0, 795.0], [795.0, 810.0], [810.0, 825.0], [825.0, 840.0], [840.0, 855.0], [855.0, 870.0], [870.0, 885.0], [885.0, 900.0], [900.0, 915.0], [915.0, 930.0], [930.0, 945.0], [945.0, 960.0], [960.0, 975.0], [975.0, 990.0], [990.0, 1005.0], [1005.0, 1020.0], [1020.0, 1035.0], [1035.0, 1050.0], [1050.0, 1065.0], [1065.0, 1080.0], [1080.0, 2000.0]], "start_depot": 0, "time_windows": [[0.0, 1700.0], [48.0, 128.0], [133.0, 213.0], [274.0, 354.0], [335.0, 415.0], [411.0, 491.0], [479.0, 559.0], [495.0, 575.0], [592.0, 672.0], [658.0, 738.0], [701.0, 781.0], [762.0, 842.0], [872.0, 952.0], [917.0, 997.0], [940.0, 1020.0], [989.0, 1069.0], [1019.0, 1099.0], [1037.0, 1117.0], [1080.0, 1160.0], [1133.0, 1213.0], [1167.0, 1247.0], [1193.0, 1273.0], [1221.0, 1301.0], [1252.0, 1332.0], [1265.0, 1345.0], [1325.0, 1405.0], [1378.0, 1458.0], [1399.0, 1479.0], [1445.0, 1525.0], [1465.0, 1545.0], [1479.0, 1559.0], [0.0, 1700.0]], "vehicle_count": 1}