{"cluster_count": 3, "cluster_speeds": [[0.8325, 0.765, 0.8325, 0.9, 0.74925, 0.6885, 0.74925, 0.81, 0.41625, 0.3825, 0.41625, 0.45, 0.274725, 0.25245, 0.274725, 0.297, 0.333, 0.306, 0.333, 0.36, 0.4995, 0.459, 0.4995, 0.54, 0.6475, 0.595, 0.6475, 0.7, 0.37, 0.34, 0.37, 0.4, 0.30525, 0.2805, 0.30525, 0.33, 0.4625, 0.425, 0.4625, 0.5, 0.6475, 0.595, 0.6475, 0.7, 0.74, 0.68, 0.74, 0.8, 0.58275, 0.5355, 0.58275, 0.63, 0.41625, 0.3825, 0.41625, 0.45, 0.4995, 0.459, 0.4995, 0.54, 0.58275, 0.5355, 0.58275, 0.63, 0.74925, 0.6885, 0.74925, 0.81, 0.8325, 0.765, 0.8325, 0.9, 0.9], [0.87875, 0.8075, 0.87875, 0.95, 0.790875, 0.72675, 0.790875, 0.855, 0.439375, 0.40375, 0.439375, 0.475, 0.289988, 0.266475, 0.289988, 0.3135, 0.3515, 0.323, 0.3515, 0.38, 0.52725, 0.4845, 0.52725, 0.57, 0.6475, 0.595, 0.6475, 0.7, 0.37, 0.34, 0.37, 0.4, 0.30525, 0.2805, 0.30525, 0.33, 0.4625, 0.425, 0.4625, 0.5, 0.6475, 0.595, 0.6475, 0.7, 0.74, 0.68, 0.74, 0.8, 0.615125, 0.56525, 0.615125, 0.665, 0.439375, 0.40375, 0.439375, 0.475, 0.52725, 0.4845, 0.52725, 0.57, 0.615125, 0.56525, 0.615125, 0.665, 0.790875, 0.72675, 0.790875, 0.855, 0.87875, 0.8075, 0.87875, 0.95, 0.95], [0.925, 0.85, 0.925, 1.0, 0.8325, 0.765, 0.8325, 0.9, 0.4625, 0.425, 0.4625, 0.5, 0.30525, 0.2805, 0.30525, 0.33, 0.37, 0.34, 0.37, 0.4, 0.555, 0.51, 0.555, 0.6, 0.6475, 0.595, 0.6475, 0.7, 0.37, 0.34, 0.37, 0.4, 0.30525, 0.2805, 0.30525, 0.33, 0.4625, 0.425, 0.4625, 0.5, 0.6475, 0.595, 0.6475, 0.7, 0.74, 0.68, 0.74, 0.8, 0.6475, 0.595, 0.6475, 0.7, 0.4625, 0.425, 0.4625, 0.5, 0.555, 0.51, 0.555, 0.6, 0.6475, 0.595, 0.6475, 0.7, 0.8325, 0.765, 0.8325, 0.9, 0.925, 0.85, 0.925, 1.0, 1.0]], "clusters": [[-1, 2, 2, 2, 2, 2, 2, 2, 2, 2, 2, 2, 2, 2, 2, 2, 2, 2, 2, 2, 2, 2, 2, 2, 2, 2, 2, 2, 2, 2, 2, -1], [0, -1, 0, 0, 0, 0, 0, 0, 0, 0, 0, 0, 0, 0, 0, 0, 0, 0, 0, 0, 0, 0, 0, 0, 0, 0, 0, 0, 0, 0, 0, 0], [1, 1, -1, 1, 1, 1, 1, 1, 1, 1, 1, 1, 1, 1, 1, 1, 1, 1, 1, 1, 1, 1, 1, 1, 1, 1, 1, 1, 1, 1, 1, 1], [1, 1, 1, -1, 1, 1, 1, 1, 1, 1, 1, 1, 1, 1, 1, 1, 1, 1, 1, 1, 1, 1, 1, 1, 1, 1, 1, 1, 1, 1, 1, 1], [0, 0, 0, 0, -1, 0, 0, 0, 0, 0, 0, 0, 0, 0, 0, 0, 0, 0, 0, 0, 0, 0, 0, 0, 0, 0, 0, 0, 0, 0, 0, 0], [1, 1, 1, 1, 1, -1, 1, 1, 1, 1, 1, 1, 1, 1, 1, 1, 1, 1, 1, 1, 1, 1, 1, 1, 1, 1, 1, 1, 1, 1, 1, 1], [0, 0, 0, 0, 0, 0, -1, 0, 0, 0, 0, 0, 0, 0, 0, 0, 0, 0, 0, 0, 0, 0, 0, 0, 0, 0, 0, 0, 0, 0, 0, 0], [2, 2, 2, 2, 2, 2, 2, -1, 2, 2, 2, 2, 2, 2, 2, 2, 2, 2, 2, 2, 2, 2, 2, 2, 2, 2, 2, 2, 2, 2, 2, 2], [1, 1, 1, 1, 1, 1, 1, 1, -1, 1, 1, 1, 1, 1, 1, 1, 1, 1, 1, 1, 1, 1, 1, 1, 1, 1, 1, 1, 1, 1, 1, 1], [0, 0, 0, 0, 0, 0, 0, 0, 0, -1, 0, 0, 0, 0, 0, 0, 0, 0, 0, 0, 0, 0, 0, 0, 0, 0, 0, 0, 0, 0, 0, 0], [0, 0, 0, 0, 0, 0, 0, 0, 0, 0, -1, 0, 0, 0, 0, 0, 0, 0, 0, 0, 0, 0, 0, 0, 0, 0, 0, 0, 0, 0, 0, 0], [0, 0, 0, 0, 0, 0, 0, 0, 0, 0, 0, -1, 0, 0, 0, 0, 0, 0, 0, 0, 0, 0, 0, 0, 0, 0, 0, 0, 0, 0, 0, 0], [1, 1, 1, 1, 1, 1, 1, 1, 1, 1, 1, 1, -1, 1, 1, 1, 1, 1, 1, 1, 1, 1, 1, 1, 1, 1, 1, 1, 1, 1, 1, 1], [1, 1, 1, 1, 1, 1, 1, 1, 1, 1, 1, 1, 1, -1, 1, 1, 1, 1, 1, 1, 1, 1, 1, 1, 1, 1, 1, 1, 1, 1, 1, 1], [0, 0, 0, 0, 0, 0, 0, 0, 0, 0, 0, 0, 0, 0, -1, 0, 0, 0, 0, 0, 0, 0, 0, 0, 0, 0, 0, 0, 0, 0, 0, 0], [1, 1, 1, 1, 1, 1, 1, 1, 1, 1, 1, 1, 1, 1, 1, -1, 1, 1, 1, 1, 1, 1, 1, 1, 1, 1, 1, 1, 1, 1, 1, 1], [2, 2, 2, 2, 2, 2, 2, 2, 2, 2, 2, 2, 2, 2, 2, 2, -1, 2, 2, 2, 2, 2, 2, 2, 2, 2, 2, 2, 2, 2, 2, 2], [1, 1, 1, 1, 1, 1, 1, 1, 1, 1, 1, 1, 1, 1, 1, 1, 1, -1, 1, 1, 1, 1, 1, 1, 1, 1, 1, 1, 1, 1, 1, 1], [1, 1, 1, 1, 1, 1, 1, 1, 1, 1, 1, 1, 1, 1, 1, 1, 1, 1, -1, 1, 1, 1, 1, 1, 1, 1, 1, 1, 1, 1, 1, 1], [0, 0, 0, 0, 0, 0, 0, 0, 0, 0, 0, 0, 0, 0, 0, 0, 0, 0, 0, -1, 0, 0, 0, 0, 0, 0, 0, 0, 0, 0, 0, 0], [0, 0, 0, 0, 0, 0, 0, 0, 0, 0, 0, 0, 0, 0, 0, 0, 0, 0, 0, 0, -1, 0, 0, 0, 0, 0, 0, 0, 0, 0, 0, 0], [1, 1, 1, 1, 1, 1, 1, 1, 1, 1, 1, 1, 1, 1, 1, 1, 1, 1, 1, 1, 1, -1, 1, 1, 1, 1, 1, 1, 1, 1, 1, 1], [1, 1, 1, 1, 1, 1, 1, 1, 1, 1, 1, 1, 1, 1, 1, 1, 1, 1, 1, 1, 1, 1, -1, 1, 1, 1, 1, 1, 1, 1, 1, 1], [1, 1, 1, 1, 1, 1, 1, 1, 1, 1, 1, 1, 1, 1, 1, 1, 1, 1, 1, 1, 1, 1, 1, -1, 1, 1, 1, 1, 1, 1, 1, 1], [0, 0, 0, 0, 0, 0, 0, 0, 0, 0, 0, 0, 0, 0, 0, 0, 0, 0, 0, 0, 0, 0, 0, 0, -1, 0, 0, 0, 0, 0, 0, 0], [1, 1, 1, 1, 1, 1, 1, 1, 1, 1, 1, 1, 1, 1, 1, 1, 1, 1, 1, 1, 1, 1, 1, 1, 1, -1, 1, 1, 1, 1, 1, 1], [0, 0, 0, 0, 0, 0, 0, 0, 0, 0, 0, 0, 0, 0, 0, 0, 0, 0, 0, 0, 0, 0, 0, 0, 0, 0, -1, 0, 0, 0, 0, 0], [0, 0, 0, 0, 0, 0, 0, 0, 0, 0, 0, 0, 0, 0, 0, 0, 0, 0, 0, 0, 0, 0, 0, 0, 0, 0, 0, -1, 0, 0, 0, 0], [2, 2, 2, 2, 2, 2, 2, 2, 2, 2, 2, 2, 2, 2, 2, 2, 2, 2, 2, 2, 2, 2, 2, 2, 2, 2, 2, 2, -1, 2, 2, 2], [0, 0, 0, 0, 0, 0, 0, 0, 0, 0, 0, 0, 0, 0, 0, 0, 0, 0, 0, 0, 0, 0, 0, 0, 0, 0, 0, 0, 0, -1, 0, 0], [1, 1, 1, 1, 1, 1, 1, 1, 1, 1, 1, 1, 1, 1, 1, 1, 1, 1, 1, 1, 1, 1, 1, 1, 1, 1, 1, 1, 1, 1, -1, 1], [-1, 2, 2, 2, 2, 2, 2, 2, 2, 2, 2, 2, 2, 2, 2, 2, 2, 2, 2, 2, 2, 2, 2, 2, 2, 2, 2, 2, 2, 2, 2, -1]], "dataset_name": "guerriero_et_al_2014b", "digraph": {"arc_count": 930, "arcs": [[0, 1, 1, 1, 1, 1, 1, 1, 1, 1, 1, 1, 1, 1, 1, 1, 1, 1, 1, 1, 1, 1, 1, 1, 1, 1, 1, 1, 1, 1, 1, 0], [0, 0, 1, 1, 1, 1, 1, 1, 1, 1, 1, 1, 1, 1, 1, 1, 1, 1, 1, 1, 1, 1, 1, 1, 1, 1, 1, 1, 1, 1, 1, 1], [0, 1, 0, 1, 1, 1, 1, 1, 1, 1, 1, 1, 1, 1, 1, 1, 1, 1, 1, 1, 1, 1, 1, 1, 1, 1, 1, 1, 1, 1, 1, 1], [0, 1, 1, 0, 1, 1, 1, 1, 1, 1, 1, 1, 1, 1, 1, 1, 1, 1, 1, 1, 1, 1, 1, 1, 1, 1, 1, 1, 1, 1, 1, 1], [0, 1, 1, 1, 0, 1, 1, 1, 1, 1, 1, 1, 1, 1, 1, 1, 1, 1, 1, 1, 1, 1, 1, 1, 1, 1, 1, 1, 1, 1, 1, 1], [0, 1, 1, 1, 1, 0, 1, 1, 1, 1, 1, 1, 1, 1, 1, 1, 1, 1, 1, 1, 1, 1, 1, 1, 1, 1, 1, 1, 1, 1, 1, 1], [0, 1, 1, 1, 1, 1, 0, 1, 1, 1, 1, 1, 1, 1, 1, 1, 1, 1, 1, 1, 1, 1, 1, 1, 1, 1, 1, 1, 1, 1, 1, 1], [0, 1, 1, 1, 1, 1, 1, 0, 1, 1, 1, 1, 1, 1, 1, 1, 1, 1, 1, 1, 1, 1, 1, 1, 1, 1, 1, 1, 1, 1, 1, 1], [0, 1, 1, 1, 1, 1, 1, 1, 0, 1, 1, 1, 1, 1, 1, 1, 1, 1, 1, 1, 1, 1, 1, 1, 1, 1, 1, 1, 1, 1, 1, 1], [0, 1, 1, 1, 1, 1, 1, 1, 1, 0, 1, 1, 1, 1, 1, 1, 1, 1, 1, 1, 1, 1, 1, 1, 1, 1, 1, 1, 1, 1, 1, 1], [0, 1, 1, 1, 1, 1, 1, 1, 1, 1, 0, 1, 1, 1, 1, 1, 1, 1, 1, 1, 1, 1, 1, 1, 1, 1, 1, 1, 1, 1, 1, 1], [0, 1, 1, 1, 1, 1, 1, 1, 1, 1, 1, 0, 1, 1, 1, 1, 1, 1, 1, 1, 1, 1, 1, 1, 1, 1, 1, 1, 1, 1, 1, 1], [0, 1, 1, 1, 1, 1, 1, 1, 1, 1, 1, 1, 0, 1, 1, 1, 1, 1, 1, 1, 1, 1, 1, 1, 1, 1, 1, 1, 1, 1, 1, 1], [0, 1, 1, 1, 1, 1, 1, 1, 1, 1, 1, 1, 1, 0, 1, 1, 1, 1, 1, 1, 1, 1, 1, 1, 1, 1, 1, 1, 1, 1, 1, 1], [0, 1, 1, 1, 1, 1, 1, 1, 1, 1, 1, 1, 1, 1, 0, 1, 1, 1, 1, 1, 1, 1, 1, 1, 1, 1, 1, 1, 1, 1, 1, 1], [0, 1, 1, 1, 1, 1, 1, 1, 1, 1, 1, 1, 1, 1, 1, 0, 1, 1, 1, 1, 1, 1, 1, 1, 1, 1, 1, 1, 1, 1, 1, 1], [0, 1, 1, 1, 1, 1, 1, 1, 1, 1, 1, 1, 1, 1, 1, 1, 0, 1, 1, 1, 1, 1, 1, 1, 1, 1, 1, 1, 1, 1, 1, 1], [0, 1, 1, 1, 1, 1, 1, 1, 1, 1, 1, 1, 1, 1, 1, 1, 1, 0, 1, 1, 1, 1, 1, 1, 1, 1, 1, 1, 1, 1, 1, 1], [0, 1, 1, 1, 1, 1, 1, 1, 1, 1, 1, 1, 1, 1, 1, 1, 1, 1, 0, 1, 1, 1, 1, 1, 1, 1, 1, 1, 1, 1, 1, 1], [0, 1, 1, 1, 1, 1, 1, 1, 1, 1, 1, 1, 1, 1, 1, 1, 1, 1, 1, 0, 1, 1, 1, 1, 1, 1, 1, 1, 1, 1, 1, 1], [0, 1, 1, 1, 1, 1, 1, 1, 1, 1, 1, 1, 1, 1, 1, 1, 1, 1, 1, 1, 0, 1, 1, 1, 1, 1, 1, 1, 1, 1, 1, 1], [0, 1, 1, 1, 1, 1, 1, 1, 1, 1, 1, 1, 1, 1, 1, 1, 1, 1, 1, 1, 1, 0, 1, 1, 1, 1, 1, 1, 1, 1, 1, 1], [0, 1, 1, 1, 1, 1, 1, 1, 1, 1, 1, 1, 1, 1, 1, 1, 1, 1, 1, 1, 1, 1, 0, 1, 1, 1, 1, 1, 1, 1, 1, 1], [0, 1, 1, 1, 1, 1, 1, 1, 1, 1, 1, 1, 1, 1, 1, 1, 1, 1, 1, 1, 1, 1, 1, 0, 1, 1, 1, 1, 1, 1, 1, 1], [0, 1, 1, 1, 1, 1, 1, 1, 1, 1, 1, 1, 1, 1, 1, 1, 1, 1, 1, 1, 1, 1, 1, 1, 0, 1, 1, 1, 1, 1, 1, 1], [0, 1, 1, 1, 1, 1, 1, 1, 1, 1, 1, 1, 1, 1, 1, 1, 1, 1, 1, 1, 1, 1, 1, 1, 1, 0, 1, 1, 1, 1, 1, 1], [0, 1, 1, 1, 1, 1, 1, 1, 1, 1, 1, 1, 1, 1, 1, 1, 1, 1, 1, 1, 1, 1, 1, 1, 1, 1, 0, 1, 1, 1, 1, 1], [0, 1, 1, 1, 1, 1, 1, 1, 1, 1, 1, 1, 1, 1, 1, 1, 1, 1, 1, 1, 1, 1, 1, 1, 1, 1, 1, 0, 1, 1, 1, 1], [0, 1, 1, 1, 1, 1, 1, 1, 1, 1, 1, 1, 1, 1, 1, 1, 1, 1, 1, 1, 1, 1, 1, 1, 1, 1, 1, 1, 0, 1, 1, 1], [0, 1, 1, 1, 1, 1, 1, 1, 1, 1, 1, 1, 1, 1, 1, 1, 1, 1, 1, 1, 1, 1, 1, 1, 1, 1, 1, 1, 1, 0, 1, 1], [0, 1, 1, 1, 1, 1, 1, 1, 1, 1, 1, 1, 1, 1, 1, 1, 1, 1, 1, 1, 1, 1, 1, 1, 1, 1, 1, 1, 1, 1, 0, 1], [0, 0, 0, 0, 0, 0, 0, 0, 0, 0, 0, 0, 0, 0, 0, 0, 0, 0, 0, 0, 0, 0, 0, 0, 0, 0, 0, 0, 0, 0, 0, 0]], "vertex_count": 32}, "distances": [[0, 59.62, 85.6, 58.54, 74.44, 57.86, 74.29, 77.59, 69.61, 68.24, 67.83, 84.66, 54.09, 91.57, 67.97, 86.91, 93.78, 55.65, 68.25, 80.16, 74.62, 70.48, 70.14, 49.38, 77.34, 89.48, 72.93, 73.29, 46.92, 79.63, 65.73, 0], [0, 0.0, 26.01, 14.76, 18.24, 16.11, 21.96, 26.04, 25.27, 10.08, 8.85, 25.86, 8.52, 32.4, 8.55, 28.55, 37.21, 6.06, 26.57, 21.59, 15.12, 16.11, 23.16, 11.61, 17.75, 31.07, 14.28, 14.69, 18.03, 21.1, 22.79, 59.62], [0, 26.01, 0.0, 31.57, 15.8, 32.98, 21.3, 25.45, 30.81, 19.01, 18.58, 6.14, 32.16, 7.63, 18.02, 11.82, 21.08, 30.23, 33.5, 8.38, 11.63, 21.85, 27.91, 36.59, 8.77, 12.61, 13.51, 13.24, 41.16, 8.8, 31.83, 85.6], [0, 14.76, 31.57, 0.0, 16.98, 18.53, 15.75, 40.0, 13.19, 23.03, 21.12, 28.42, 8.85, 35.47, 19.92, 38.48, 48.2, 10.13, 13.42, 24.03, 24.4, 30.12, 12.45, 12.17, 25.95, 40.71, 18.21, 18.42, 11.63, 23.5, 9.61, 58.54], [0, 18.24, 15.8, 16.98, 0.0, 18.19, 6.44, 33.16, 15.34, 18.27, 16.42, 11.59, 20.56, 18.56, 14.9, 25.44, 35.45, 19.49, 17.95, 7.52, 14.03, 25.09, 12.38, 25.31, 13.7, 27.12, 6.14, 5.9, 27.95, 7.05, 16.04, 74.44], [0, 16.11, 32.98, 18.53, 18.19, 0.0, 16.53, 41.49, 13.04, 24.53, 22.64, 29.7, 9.68, 36.73, 21.45, 40.01, 49.74, 11.21, 12.95, 25.35, 25.94, 31.59, 12.64, 12.53, 27.47, 42.22, 19.66, 19.86, 11.05, 24.82, 9.26, 57.86], [0, 21.96, 21.3, 15.75, 6.44, 16.53, 0.0, 39.49, 9.56, 24.04, 22.07, 16.1, 21.87, 22.41, 20.51, 31.64, 41.61, 21.49, 12.28, 12.96, 20.42, 31.13, 6.77, 26.41, 20.13, 33.19, 12.38, 12.19, 27.36, 12.6, 11.33, 74.29], [0, 26.04, 25.45, 40.0, 33.16, 41.49, 39.49, 0.0, 46.95, 17.04, 19.04, 30.56, 34.49, 32.59, 20.44, 16.18, 17.58, 32.06, 49.07, 29.47, 19.15, 9.95, 44.13, 36.59, 20.17, 17.87, 27.11, 27.3, 43.65, 29.44, 45.86, 77.59], [0, 25.27, 30.81, 13.19, 15.34, 13.04, 9.56, 46.95, 0.0, 30.41, 28.34, 25.66, 21.73, 31.81, 26.81, 40.77, 50.78, 22.42, 21.84, 22.44, 28.46, 37.8, 16.34, 25.36, 28.72, 42.46, 20.4, 20.34, 23.7, 22.05, 20.89, 69.61], [0, 10.08, 19.01, 23.03, 18.27, 24.53, 24.04, 17.04, 30.41, 0.0, 14.41, 21.02, 18.49, 26.35, 14.08, 18.86, 27.16, 16.04, 32.35, 17.77, 7.42, 7.41, 27.73, 21.63, 10.25, 21.42, 12.27, 12.6, 28.08, 17.46, 28.99, 68.24], [0, 8.85, 18.58, 21.12, 16.42, 22.64, 22.07, 19.04, 28.34, 14.41, 0.0, 20.01, 17.03, 25.71, 13.64, 19.71, 28.42, 14.62, 30.28, 16.49, 6.99, 9.48, 25.66, 20.46, 9.84, 22.24, 10.53, 10.88, 26.67, 16.13, 26.93, 67.83], [0, 25.86, 6.14, 28.42, 11.59, 29.7, 16.1, 30.56, 25.66, 21.02, 20.01, 0.0, 30.62, 7.08, 19.02, 17.92, 27.2, 29.02, 28.38, 4.53, 13.83, 25.47, 22.87, 35.29, 11.39, 18.75, 11.77, 11.39, 38.93, 5.07, 27.16, 84.66], [0, 8.52, 32.16, 8.85, 20.56, 9.68, 21.87, 34.49, 21.73, 18.49, 17.03, 30.62, 0.0, 37.59, 16.37, 36.42, 45.44, 11.12, 22.21, 26.1, 22.45, 24.59, 20.47, 4.75, 24.74, 38.88, 18.97, 19.32, 9.65, 25.56, 18.36, 54.09], [0, 32.4, 7.63, 35.47, 18.56, 36.73, 22.41, 32.59, 31.81, 26.35, 25.71, 7.08, 37.59, 0.0, 24.94, 17.54, 25.11, 35.92, 34.53, 11.58, 18.92, 29.47, 29.16, 42.23, 16.12, 17.37, 18.65, 18.29, 46.0, 12.13, 33.69, 91.57], [0, 8.55, 18.02, 19.92, 14.9, 21.45, 20.51, 20.44, 26.81, 14.08, 13.64, 19.02, 16.37, 24.94, 0.0, 20.1, 29.1, 14.01, 28.78, 15.31, 6.65, 10.99, 24.12, 20.05, 9.41, 22.59, 9.08, 9.45, 26.01, 14.94, 25.46, 67.97], [0, 28.55, 11.82, 38.48, 25.44, 40.01, 31.64, 16.18, 40.77, 18.86, 19.71, 17.92, 36.42, 17.54, 20.1, 0.0, 10.03, 34.1, 43.33, 19.0, 14.18, 17.25, 37.79, 40.13, 12.59, 18.53, 20.91, 20.85, 46.04, 19.24, 41.04, 86.91], [0, 37.21, 21.08, 48.2, 35.45, 49.74, 41.61, 17.58, 50.78, 27.16, 28.42, 27.2, 45.44, 25.11, 29.1, 10.03, 0.0, 43.04, 53.36, 28.83, 23.8, 23.33, 47.81, 48.79, 22.51, 8.5, 30.9, 30.85, 55.09, 29.11, 51.06, 93.78], [0, 6.06, 30.23, 10.13, 19.49, 11.21, 21.49, 32.06, 22.42, 16.04, 14.62, 29.02, 11.12, 35.92, 14.01, 34.1, 43.04, 0.0, 23.18, 24.53, 20.21, 22.15, 20.87, 6.36, 22.59, 36.57, 17.28, 17.64, 12.05, 24.01, 19.31, 55.65], [0, 26.57, 33.5, 13.42, 17.95, 12.95, 12.28, 49.07, 21.84, 32.35, 30.28, 28.38, 22.21, 34.53, 28.78, 43.33, 53.36, 23.18, 0.0, 25.12, 30.8, 39.76, 5.59, 25.47, 31.18, 45.06, 22.81, 22.77, 23.03, 24.72, 10.51, 68.25], [0, 21.59, 8.38, 24.03, 7.52, 25.35, 12.96, 29.47, 22.44, 17.77, 16.49, 4.53, 26.1, 11.58, 15.31, 19.0, 28.83, 24.53, 25.12, 0.0, 11.15, 23.13, 19.53, 30.78, 9.36, 20.36, 7.35, 6.96, 34.42, 9.6, 23.5, 80.16], [0, 15.12, 11.63, 24.4, 14.03, 25.94, 20.42, 19.15, 28.46, 7.42, 6.99, 13.83, 22.45, 18.92, 6.65, 14.18, 23.8, 20.21, 30.8, 11.15, 0.0, 11.98, 25.54, 26.43, 16.07, 16.54, 8.12, 8.25, 31.99, 10.96, 28.0, 74.62], [0, 16.11, 21.85, 30.12, 25.09, 31.59, 31.13, 9.95, 37.8, 7.41, 9.48, 25.47, 24.59, 29.47, 10.99, 17.25, 23.33, 22.15, 39.76, 23.13, 11.98, 0.0, 35.09, 26.93, 14.1, 19.71, 18.95, 19.22, 33.87, 22.94, 36.4, 70.48], [0, 23.16, 27.91, 12.45, 12.38, 12.64, 6.77, 44.13, 16.34, 27.73, 25.66, 22.87, 20.47, 29.16, 24.12, 37.79, 47.81, 20.87, 5.59, 19.53, 25.54, 35.09, 0.0, 24.44, 25.76, 39.5, 17.46, 17.39, 23.64, 19.13, 4.92, 70.14], [0, 11.61, 36.59, 12.17, 25.31, 12.53, 26.41, 36.59, 25.36, 21.63, 20.46, 35.29, 4.75, 42.23, 20.05, 40.13, 48.79, 6.36, 25.47, 30.78, 26.43, 26.93, 24.44, 0.0, 28.88, 42.63, 23.58, 23.94, 7.25, 30.24, 21.73, 49.38], [0, 17.75, 8.77, 25.95, 13.7, 27.47, 20.13, 20.17, 28.72, 10.25, 9.84, 11.39, 24.74, 16.12, 9.41, 12.59, 22.51, 22.59, 31.18, 9.36, 16.07, 14.1, 25.76, 28.88, 0.0, 14.75, 8.44, 8.43, 34.17, 9.28, 28.65, 77.34], [0, 31.07, 12.61, 40.71, 27.12, 42.22, 33.19, 17.87, 42.46, 21.42, 22.24, 18.75, 38.88, 17.37, 22.59, 18.53, 8.5, 36.57, 45.06, 20.36, 16.54, 19.71, 39.5, 42.63, 14.75, 0.0, 22.92, 22.83, 48.47, 20.65, 42.91, 89.48], [0, 14.28, 13.51, 18.21, 6.14, 19.66, 12.38, 27.11, 20.4, 12.27, 10.53, 11.77, 18.97, 18.65, 9.08, 20.91, 30.9, 17.28, 22.81, 7.35, 8.12, 18.95, 17.46, 23.58, 8.44, 22.92, 0.0, 12.04, 27.71, 6.85, 20.22, 72.93], [0, 14.69, 13.24, 18.42, 5.9, 19.86, 12.19, 27.3, 20.34, 12.6, 10.88, 11.39, 19.32, 18.29, 9.45, 20.85, 30.85, 17.64, 22.77, 6.96, 8.25, 19.22, 17.39, 23.94, 8.43, 22.83, 12.04, 0.0, 28.01, 6.45, 20.23, 73.29], [0, 18.03, 41.16, 11.63, 27.95, 11.05, 27.36, 43.65, 23.7, 28.08, 26.67, 38.93, 9.65, 46.0, 26.01, 46.04, 55.09, 12.05, 23.03, 34.42, 31.99, 33.87, 23.64, 7.25, 34.17, 48.47, 27.71, 28.01, 0.0, 33.88, 19.78, 46.92], [0, 21.1, 8.8, 23.5, 7.05, 24.82, 12.6, 29.44, 22.05, 17.46, 16.13, 5.07, 25.56, 12.13, 14.94, 19.24, 29.11, 24.01, 24.72, 9.6, 10.96, 22.94, 19.13, 30.24, 9.28, 20.65, 6.85, 6.45, 33.88, 0.0, 23.05, 79.63], [0, 22.79, 31.83, 9.61, 16.04, 9.26, 11.33, 45.86, 20.89, 28.99, 26.93, 27.16, 18.36, 33.69, 25.46, 41.04, 51.06, 19.31, 10.51, 23.5, 28.0, 36.4, 4.92, 21.73, 28.65, 42.91, 20.22, 20.23, 19.78, 23.05, 0.0, 65.73], [0, 0, 0, 0, 0, 0, 0, 0, 0, 0, 0, 0, 0, 0, 0, 0, 0, 0, 0, 0, 0, 0, 0, 0, 0, 0, 0, 0, 0, 0, 0, 0]], "end_depot": 31, "horizon": [0.0, 2000.0], "instance_name": "30_90_B_75_C2", "speed_zone_count": 73, "speed_zones": [[0.0, 15.0], [15.0, 30.0], [30.0, 45.0], [45.0, 60.0], [60.0, 75.0], [75.0, 90.0], [90.0, 105.0], [105.0, 120.0], [120.0, 135.0], [135.0, 150.0], [150.0, 165.0], [165.0, 180.0], [180.0, 195.0], [195.0, 210.0], [210.0, 225.0], [225.0, 240.0], [240.0, 255.0], [255.0, 270.0], [270.0, 285.0], [285.0, 300.0], [300.0, 315.0], [315.0, 330.0], [330.0, 345.0], [345.0, 360.0], [360.0, 375.0], [375.0, 390.0], [390.0, 405.0], [405.0, 420.0], [420.0, 435.0], [435.0, 450.0], [450.0, 465.0], [465.0, 480.0], [480.0, 495.0], [495.0, 510.0], [510.0, 525.0], [525.0, 540.0], [540.0, 555.0], [555.0, 570.0], [570.0, 585.0], [585.0, 600.0], [600.0, 615.0], [615.0, 630.0], [630.0, 645.0], [645.0, 660.0], [660.0, 675.0], [675.0, 690.0], [690.0, 705.0], [705.0, 720.0], [720.0, 735.0], [735.0, 750.0], [750.0, 765.0], [765.0, 780.0], [780.0, 795.0], [795.0, 810.0], [810.0, 825.0], [825.0, 840.0], [840.0, 855.0], [855.0, 870.0], [870.0, 885.0], [885.0, 900.0], [900.0, 915.0], [915.0, 930.0], [930.0, 945.0], [945.0, 960.0], [960.0, 975.0], [975.0, 990.0], [990.0, 1005.0], [1005.0, 1020.0], [1020.0, 1035.0], [1035.0, 1050.0], [1050.0, 1065.0], [1065.0, 1080.0], [1080.0, 2000.0]], "start_depot": 0, "time_windows": [[0.0, 1700.0], [19.0, 105.0], [46.0, 141.0], [88.0, 197.0], [122.0, 242.0], [168.0, 304.0], [201.0, 347.0], [256.0, 421.0], [328.0, 517.0], [393.0, 604.0], [417.0, 635.0], [441.0, 668.0], [475.0, 713.0], [513.0, 764.0], [545.0, 806.0], [576.0, 848.0], [593.0, 870.0], [651.0, 948.0], [681.0, 987.0], [706.0, 1021.0], [718.0, 1037.0], [729.0, 1052.0], [760.0, 1093.0], [780.0, 1120.0], [804.0, 1151.0], [816.0, 1167.0], [834.0, 1191.0], [843.0, 1204.0], [867.0, 1236.0], [892.0, 1269.0], [912.0, 1295.0], [0.0, 1700.0]], "vehicle_count": 1}