{"cluster_count": 3, "cluster_speeds": [[0.87875, 0.8075, 0.87875, 0.95, 0.790875, 0.72675, 0.790875, 0.855, 0.439375, 0.40375, 0.439375, 0.475, 0.289988, 0.266475, 0.289988, 0.3135, 0.3515, 0.323, 0.3515, 0.38, 0.52725, 0.4845, 0.52725, 0.57, 0.6475, 0.595, 0.6475, 0.7, 0.37, 0.34, 0.37, 0.4, 0.30525, 0.2805, 0.30525, 0.33, 0.4625, 0.425, 0.4625, 0.5, 0.6475, 0.595, 0.6475, 0.7, 0.74, 0.68, 0.74, 0.8, 0.615125, 0.56525, 0.615125, 0.665, 0.439375, 0.40375, 0.439375, 0.475, 0.52725, 0.4845, 0.52725, 0.57, 0.615125, 0.56525, 0.615125, 0.665, 0.790875, 0.72675, 0.790875, 0.855, 0.87875, 0.8075, 0.87875, 0.95, 0.95], [0.89725, 0.8245, 0.89725, 0.97, 0.807525, 0.74205, 0.807525, 0.873, 0.448625, 0.41225, 0.448625, 0.485, 0.296093, 0.272085, 0.296093, 0.3201, 0.3589, 0.3298, 0.3589, 0.388, 0.53835, 0.4947, 0.53835, 0.582, 0.6475, 0.595, 0.6475, 0.7, 0.37, 0.34, 0.37, 0.4, 0.30525, 0.2805, 0.30525, 0.33, 0.4625, 0.425, 0.4625, 0.5, 0.6475, 0.595, 0.6475, 0.7, 0.74, 0.68, 0.74, 0.8, 0.628075, 0.57715, 0.628075, 0.679, 0.448625, 0.41225, 0.448625, 0.485, 0.53835, 0.4947, 0.53835, 0.582, 0.628075, 0.57715, 0.628075, 0.679, 0.807525, 0.74205, 0.807525, 0.873, 0.89725, 0.8245, 0.89725, 0.97, 0.97], [0.925, 0.85, 0.925, 1.0, 0.8325, 0.765, 0.8325, 0.9, 0.4625, 0.425, 0.4625, 0.5, 0.30525, 0.2805, 0.30525, 0.33, 0.37, 0.34, 0.37, 0.4, 0.555, 0.51, 0.555, 0.6, 0.6475, 0.595, 0.6475, 0.7, 0.37, 0.34, 0.37, 0.4, 0.30525, 0.2805, 0.30525, 0.33, 0.4625, 0.425, 0.4625, 0.5, 0.6475, 0.595, 0.6475, 0.7, 0.74, 0.68, 0.74, 0.8, 0.6475, 0.595, 0.6475, 0.7, 0.4625, 0.425, 0.4625, 0.5, 0.555, 0.51, 0.555, 0.6, 0.6475, 0.595, 0.6475, 0.7, 0.8325, 0.765, 0.8325, 0.9, 0.925, 0.85, 0.925, 1.0, 1.0]], "clusters": [[-1, 2, 2, 2, 2, 2, 2, 2, 2, 2, 2, 2, 2, 2, 2, 2, 2, 2, 2, 2, 2, 2, 2, 2, 2, 2, 2, 2, 2, 2, 2, -1], [0, -1, 0, 0, 0, 0, 0, 0, 0, 0, 0, 0, 0, 0, 0, 0, 0, 0, 0, 0, 0, 0, 0, 0, 0, 0, 0, 0, 0, 0, 0, 0], [2, 2, -1, 2, 2, 2, 2, 2, 2, 2, 2, 2, 2, 2, 2, 2, 2, 2, 2, 2, 2, 2, 2, 2, 2, 2, 2, 2, 2, 2, 2, 2], [1, 1, 1, -1, 1, 1, 1, 1, 1, 1, 1, 1, 1, 1, 1, 1, 1, 1, 1, 1, 1, 1, 1, 1, 1, 1, 1, 1, 1, 1, 1, 1], [0, 0, 0, 0, -1, 0, 0, 0, 0, 0, 0, 0, 0, 0, 0, 0, 0, 0, 0, 0, 0, 0, 0, 0, 0, 0, 0, 0, 0, 0, 0, 0], [2, 2, 2, 2, 2, -1, 2, 2, 2, 2, 2, 2, 2, 2, 2, 2, 2, 2, 2, 2, 2, 2, 2, 2, 2, 2, 2, 2, 2, 2, 2, 2], [0, 0, 0, 0, 0, 0, -1, 0, 0, 0, 0, 0, 0, 0, 0, 0, 0, 0, 0, 0, 0, 0, 0, 0, 0, 0, 0, 0, 0, 0, 0, 0], [1, 1, 1, 1, 1, 1, 1, -1, 1, 1, 1, 1, 1, 1, 1, 1, 1, 1, 1, 1, 1, 1, 1, 1, 1, 1, 1, 1, 1, 1, 1, 1], [0, 0, 0, 0, 0, 0, 0, 0, -1, 0, 0, 0, 0, 0, 0, 0, 0, 0, 0, 0, 0, 0, 0, 0, 0, 0, 0, 0, 0, 0, 0, 0], [1, 1, 1, 1, 1, 1, 1, 1, 1, -1, 1, 1, 1, 1, 1, 1, 1, 1, 1, 1, 1, 1, 1, 1, 1, 1, 1, 1, 1, 1, 1, 1], [1, 1, 1, 1, 1, 1, 1, 1, 1, 1, -1, 1, 1, 1, 1, 1, 1, 1, 1, 1, 1, 1, 1, 1, 1, 1, 1, 1, 1, 1, 1, 1], [0, 0, 0, 0, 0, 0, 0, 0, 0, 0, 0, -1, 0, 0, 0, 0, 0, 0, 0, 0, 0, 0, 0, 0, 0, 0, 0, 0, 0, 0, 0, 0], [2, 2, 2, 2, 2, 2, 2, 2, 2, 2, 2, 2, -1, 2, 2, 2, 2, 2, 2, 2, 2, 2, 2, 2, 2, 2, 2, 2, 2, 2, 2, 2], [0, 0, 0, 0, 0, 0, 0, 0, 0, 0, 0, 0, 0, -1, 0, 0, 0, 0, 0, 0, 0, 0, 0, 0, 0, 0, 0, 0, 0, 0, 0, 0], [0, 0, 0, 0, 0, 0, 0, 0, 0, 0, 0, 0, 0, 0, -1, 0, 0, 0, 0, 0, 0, 0, 0, 0, 0, 0, 0, 0, 0, 0, 0, 0], [0, 0, 0, 0, 0, 0, 0, 0, 0, 0, 0, 0, 0, 0, 0, -1, 0, 0, 0, 0, 0, 0, 0, 0, 0, 0, 0, 0, 0, 0, 0, 0], [0, 0, 0, 0, 0, 0, 0, 0, 0, 0, 0, 0, 0, 0, 0, 0, -1, 0, 0, 0, 0, 0, 0, 0, 0, 0, 0, 0, 0, 0, 0, 0], [0, 0, 0, 0, 0, 0, 0, 0, 0, 0, 0, 0, 0, 0, 0, 0, 0, -1, 0, 0, 0, 0, 0, 0, 0, 0, 0, 0, 0, 0, 0, 0], [0, 0, 0, 0, 0, 0, 0, 0, 0, 0, 0, 0, 0, 0, 0, 0, 0, 0, -1, 0, 0, 0, 0, 0, 0, 0, 0, 0, 0, 0, 0, 0], [2, 2, 2, 2, 2, 2, 2, 2, 2, 2, 2, 2, 2, 2, 2, 2, 2, 2, 2, -1, 2, 2, 2, 2, 2, 2, 2, 2, 2, 2, 2, 2], [0, 0, 0, 0, 0, 0, 0, 0, 0, 0, 0, 0, 0, 0, 0, 0, 0, 0, 0, 0, -1, 0, 0, 0, 0, 0, 0, 0, 0, 0, 0, 0], [0, 0, 0, 0, 0, 0, 0, 0, 0, 0, 0, 0, 0, 0, 0, 0, 0, 0, 0, 0, 0, -1, 0, 0, 0, 0, 0, 0, 0, 0, 0, 0], [0, 0, 0, 0, 0, 0, 0, 0, 0, 0, 0, 0, 0, 0, 0, 0, 0, 0, 0, 0, 0, 0, -1, 0, 0, 0, 0, 0, 0, 0, 0, 0], [0, 0, 0, 0, 0, 0, 0, 0, 0, 0, 0, 0, 0, 0, 0, 0, 0, 0, 0, 0, 0, 0, 0, -1, 0, 0, 0, 0, 0, 0, 0, 0], [2, 2, 2, 2, 2, 2, 2, 2, 2, 2, 2, 2, 2, 2, 2, 2, 2, 2, 2, 2, 2, 2, 2, 2, -1, 2, 2, 2, 2, 2, 2, 2], [0, 0, 0, 0, 0, 0, 0, 0, 0, 0, 0, 0, 0, 0, 0, 0, 0, 0, 0, 0, 0, 0, 0, 0, 0, -1, 0, 0, 0, 0, 0, 0], [0, 0, 0, 0, 0, 0, 0, 0, 0, 0, 0, 0, 0, 0, 0, 0, 0, 0, 0, 0, 0, 0, 0, 0, 0, 0, -1, 0, 0, 0, 0, 0], [2, 2, 2, 2, 2, 2, 2, 2, 2, 2, 2, 2, 2, 2, 2, 2, 2, 2, 2, 2, 2, 2, 2, 2, 2, 2, 2, -1, 2, 2, 2, 2], [0, 0, 0, 0, 0, 0, 0, 0, 0, 0, 0, 0, 0, 0, 0, 0, 0, 0, 0, 0, 0, 0, 0, 0, 0, 0, 0, 0, -1, 0, 0, 0], [2, 2, 2, 2, 2, 2, 2, 2, 2, 2, 2, 2, 2, 2, 2, 2, 2, 2, 2, 2, 2, 2, 2, 2, 2, 2, 2, 2, 2, -1, 2, 2], [0, 0, 0, 0, 0, 0, 0, 0, 0, 0, 0, 0, 0, 0, 0, 0, 0, 0, 0, 0, 0, 0, 0, 0, 0, 0, 0, 0, 0, 0, -1, 0], [-1, 2, 2, 2, 2, 2, 2, 2, 2, 2, 2, 2, 2, 2, 2, 2, 2, 2, 2, 2, 2, 2, 2, 2, 2, 2, 2, 2, 2, 2, 2, -1]], "dataset_name": "guerriero_et_al_2014b", "digraph": {"arc_count": 930, "arcs": [[0, 1, 1, 1, 1, 1, 1, 1, 1, 1, 1, 1, 1, 1, 1, 1, 1, 1, 1, 1, 1, 1, 1, 1, 1, 1, 1, 1, 1, 1, 1, 0], [0, 0, 1, 1, 1, 1, 1, 1, 1, 1, 1, 1, 1, 1, 1, 1, 1, 1, 1, 1, 1, 1, 1, 1, 1, 1, 1, 1, 1, 1, 1, 1], [0, 1, 0, 1, 1, 1, 1, 1, 1, 1, 1, 1, 1, 1, 1, 1, 1, 1, 1, 1, 1, 1, 1, 1, 1, 1, 1, 1, 1, 1, 1, 1], [0, 1, 1, 0, 1, 1, 1, 1, 1, 1, 1, 1, 1, 1, 1, 1, 1, 1, 1, 1, 1, 1, 1, 1, 1, 1, 1, 1, 1, 1, 1, 1], [0, 1, 1, 1, 0, 1, 1, 1, 1, 1, 1, 1, 1, 1, 1, 1, 1, 1, 1, 1, 1, 1, 1, 1, 1, 1, 1, 1, 1, 1, 1, 1], [0, 1, 1, 1, 1, 0, 1, 1, 1, 1, 1, 1, 1, 1, 1, 1, 1, 1, 1, 1, 1, 1, 1, 1, 1, 1, 1, 1, 1, 1, 1, 1], [0, 1, 1, 1, 1, 1, 0, 1, 1, 1, 1, 1, 1, 1, 1, 1, 1, 1, 1, 1, 1, 1, 1, 1, 1, 1, 1, 1, 1, 1, 1, 1], [0, 1, 1, 1, 1, 1, 1, 0, 1, 1, 1, 1, 1, 1, 1, 1, 1, 1, 1, 1, 1, 1, 1, 1, 1, 1, 1, 1, 1, 1, 1, 1], [0, 1, 1, 1, 1, 1, 1, 1, 0, 1, 1, 1, 1, 1, 1, 1, 1, 1, 1, 1, 1, 1, 1, 1, 1, 1, 1, 1, 1, 1, 1, 1], [0, 1, 1, 1, 1, 1, 1, 1, 1, 0, 1, 1, 1, 1, 1, 1, 1, 1, 1, 1, 1, 1, 1, 1, 1, 1, 1, 1, 1, 1, 1, 1], [0, 1, 1, 1, 1, 1, 1, 1, 1, 1, 0, 1, 1, 1, 1, 1, 1, 1, 1, 1, 1, 1, 1, 1, 1, 1, 1, 1, 1, 1, 1, 1], [0, 1, 1, 1, 1, 1, 1, 1, 1, 1, 1, 0, 1, 1, 1, 1, 1, 1, 1, 1, 1, 1, 1, 1, 1, 1, 1, 1, 1, 1, 1, 1], [0, 1, 1, 1, 1, 1, 1, 1, 1, 1, 1, 1, 0, 1, 1, 1, 1, 1, 1, 1, 1, 1, 1, 1, 1, 1, 1, 1, 1, 1, 1, 1], [0, 1, 1, 1, 1, 1, 1, 1, 1, 1, 1, 1, 1, 0, 1, 1, 1, 1, 1, 1, 1, 1, 1, 1, 1, 1, 1, 1, 1, 1, 1, 1], [0, 1, 1, 1, 1, 1, 1, 1, 1, 1, 1, 1, 1, 1, 0, 1, 1, 1, 1, 1, 1, 1, 1, 1, 1, 1, 1, 1, 1, 1, 1, 1], [0, 1, 1, 1, 1, 1, 1, 1, 1, 1, 1, 1, 1, 1, 1, 0, 1, 1, 1, 1, 1, 1, 1, 1, 1, 1, 1, 1, 1, 1, 1, 1], [0, 1, 1, 1, 1, 1, 1, 1, 1, 1, 1, 1, 1, 1, 1, 1, 0, 1, 1, 1, 1, 1, 1, 1, 1, 1, 1, 1, 1, 1, 1, 1], [0, 1, 1, 1, 1, 1, 1, 1, 1, 1, 1, 1, 1, 1, 1, 1, 1, 0, 1, 1, 1, 1, 1, 1, 1, 1, 1, 1, 1, 1, 1, 1], [0, 1, 1, 1, 1, 1, 1, 1, 1, 1, 1, 1, 1, 1, 1, 1, 1, 1, 0, 1, 1, 1, 1, 1, 1, 1, 1, 1, 1, 1, 1, 1], [0, 1, 1, 1, 1, 1, 1, 1, 1, 1, 1, 1, 1, 1, 1, 1, 1, 1, 1, 0, 1, 1, 1, 1, 1, 1, 1, 1, 1, 1, 1, 1], [0, 1, 1, 1, 1, 1, 1, 1, 1, 1, 1, 1, 1, 1, 1, 1, 1, 1, 1, 1, 0, 1, 1, 1, 1, 1, 1, 1, 1, 1, 1, 1], [0, 1, 1, 1, 1, 1, 1, 1, 1, 1, 1, 1, 1, 1, 1, 1, 1, 1, 1, 1, 1, 0, 1, 1, 1, 1, 1, 1, 1, 1, 1, 1], [0, 1, 1, 1, 1, 1, 1, 1, 1, 1, 1, 1, 1, 1, 1, 1, 1, 1, 1, 1, 1, 1, 0, 1, 1, 1, 1, 1, 1, 1, 1, 1], [0, 1, 1, 1, 1, 1, 1, 1, 1, 1, 1, 1, 1, 1, 1, 1, 1, 1, 1, 1, 1, 1, 1, 0, 1, 1, 1, 1, 1, 1, 1, 1], [0, 1, 1, 1, 1, 1, 1, 1, 1, 1, 1, 1, 1, 1, 1, 1, 1, 1, 1, 1, 1, 1, 1, 1, 0, 1, 1, 1, 1, 1, 1, 1], [0, 1, 1, 1, 1, 1, 1, 1, 1, 1, 1, 1, 1, 1, 1, 1, 1, 1, 1, 1, 1, 1, 1, 1, 1, 0, 1, 1, 1, 1, 1, 1], [0, 1, 1, 1, 1, 1, 1, 1, 1, 1, 1, 1, 1, 1, 1, 1, 1, 1, 1, 1, 1, 1, 1, 1, 1, 1, 0, 1, 1, 1, 1, 1], [0, 1, 1, 1, 1, 1, 1, 1, 1, 1, 1, 1, 1, 1, 1, 1, 1, 1, 1, 1, 1, 1, 1, 1, 1, 1, 1, 0, 1, 1, 1, 1], [0, 1, 1, 1, 1, 1, 1, 1, 1, 1, 1, 1, 1, 1, 1, 1, 1, 1, 1, 1, 1, 1, 1, 1, 1, 1, 1, 1, 0, 1, 1, 1], [0, 1, 1, 1, 1, 1, 1, 1, 1, 1, 1, 1, 1, 1, 1, 1, 1, 1, 1, 1, 1, 1, 1, 1, 1, 1, 1, 1, 1, 0, 1, 1], [0, 1, 1, 1, 1, 1, 1, 1, 1, 1, 1, 1, 1, 1, 1, 1, 1, 1, 1, 1, 1, 1, 1, 1, 1, 1, 1, 1, 1, 1, 0, 1], [0, 0, 0, 0, 0, 0, 0, 0, 0, 0, 0, 0, 0, 0, 0, 0, 0, 0, 0, 0, 0, 0, 0, 0, 0, 0, 0, 0, 0, 0, 0, 0]], "vertex_count": 32}, "distances": [[0, 68.07, 54.77, 89.3, 59.65, 107.56, 58.07, 55.58, 73.22, 82.47, 53.94, 74.86, 52.38, 79.49, 64.61, 70.8, 73.7, 68.49, 63.74, 96.6, 72.61, 58.9, 70.17, 70.78, 97.51, 70.12, 69.24, 96.41, 79.37, 43.14, 82.33, 0], [0, 0.0, 29.96, 24.39, 8.53, 40.78, 10.0, 13.47, 8.67, 24.34, 15.2, 7.54, 34.76, 11.62, 12.04, 5.07, 14.41, 9.91, 4.39, 28.98, 7.87, 9.17, 11.64, 16.12, 34.6, 10.12, 9.04, 31.16, 11.93, 28.18, 14.33, 68.07], [0, 29.96, 0.0, 53.72, 24.39, 67.82, 25.22, 19.82, 28.49, 54.1, 18.99, 36.96, 5.01, 36.72, 28.71, 34.99, 24.92, 33.09, 28.07, 55.46, 28.39, 25.36, 29.24, 20.8, 64.15, 24.04, 37.74, 59.98, 35.53, 15.15, 39.51, 54.77], [0, 24.39, 53.72, 0.0, 32.31, 18.58, 33.05, 37.59, 25.97, 11.57, 39.26, 16.92, 58.66, 18.24, 26.88, 19.91, 31.68, 22.25, 27.75, 11.18, 25.83, 32.36, 24.5, 35.51, 10.47, 30.31, 20.15, 7.13, 19.95, 52.26, 16.33, 89.3], [0, 8.53, 24.39, 32.31, 0.0, 49.22, 10.24, 5.35, 14.48, 30.28, 6.97, 15.87, 28.78, 19.85, 5.44, 12.4, 17.81, 10.07, 4.56, 37.51, 13.74, 9.44, 10.57, 17.45, 42.22, 13.08, 13.71, 39.26, 19.83, 19.95, 22.68, 59.65], [0, 40.78, 67.82, 18.58, 49.22, 0.0, 50.32, 54.25, 39.38, 28.52, 55.97, 33.35, 72.83, 31.2, 43.83, 37.1, 43.41, 39.48, 44.72, 12.36, 39.56, 49.55, 39.84, 47.61, 14.71, 43.8, 38.34, 11.91, 32.29, 68.93, 28.34, 107.56], [0, 10.0, 25.22, 33.05, 10.24, 50.32, 0.0, 5.49, 16.56, 30.24, 6.78, 17.02, 29.41, 21.54, 6.57, 13.26, 20.01, 10.88, 5.68, 38.78, 15.8, 10.56, 12.41, 19.59, 42.76, 15.27, 13.76, 40.08, 21.63, 19.36, 24.31, 58.07], [0, 13.47, 19.82, 37.59, 5.35, 54.25, 5.49, 0.0, 17.67, 35.55, 12.27, 20.98, 23.93, 24.17, 10.72, 17.69, 19.32, 15.38, 9.86, 42.37, 17.04, 5.81, 14.83, 17.77, 47.56, 15.03, 18.98, 44.5, 23.87, 14.72, 27.09, 55.58], [0, 8.67, 28.49, 25.97, 14.48, 39.38, 16.56, 17.67, 0.0, 29.43, 19.28, 10.84, 33.5, 8.24, 11.59, 11.78, 6.53, 11.76, 12.08, 27.04, 8.95, 15.74, 5.23, 9.71, 36.42, 4.46, 16.78, 31.75, 7.12, 31.15, 11.04, 73.22], [0, 24.34, 54.1, 11.57, 30.28, 28.52, 30.24, 35.55, 29.43, 0.0, 37.0, 18.61, 58.77, 23.71, 25.43, 19.28, 35.9, 21.03, 26.13, 22.74, 28.99, 29.77, 26.0, 39.02, 15.44, 33.08, 16.57, 16.69, 25.54, 49.38, 23.1, 82.47], [0, 15.2, 18.99, 39.26, 6.97, 55.97, 6.78, 12.27, 19.28, 37.0, 0.0, 22.69, 22.9, 25.89, 12.38, 19.36, 20.65, 17.03, 11.52, 44.11, 18.68, 7.23, 16.55, 18.84, 49.19, 16.48, 20.47, 46.19, 25.57, 13.02, 28.82, 53.94], [0, 7.54, 36.96, 16.92, 15.87, 33.35, 17.02, 20.98, 10.84, 18.61, 22.69, 0.0, 41.86, 7.41, 10.49, 4.2, 17.35, 6.39, 11.38, 21.79, 10.38, 16.23, 7.78, 20.41, 27.25, 14.52, 8.28, 23.62, 8.8, 35.7, 9.03, 74.86], [0, 34.76, 5.01, 58.66, 28.78, 72.83, 29.41, 23.93, 33.5, 58.77, 22.9, 41.86, 0.0, 41.73, 33.33, 39.76, 29.86, 37.8, 32.66, 60.47, 33.39, 29.63, 34.17, 25.71, 69.08, 29.05, 42.31, 64.96, 40.55, 16.26, 44.52, 52.38], [0, 11.62, 36.72, 18.24, 19.85, 31.2, 21.54, 24.17, 8.24, 23.71, 25.89, 7.41, 41.73, 0.0, 15.2, 11.02, 13.45, 12.57, 16.01, 18.9, 8.36, 20.69, 9.36, 17.37, 28.57, 12.7, 15.65, 23.63, 15.35, 38.45, 16.44, 79.49], [0, 12.04, 28.71, 26.88, 5.44, 43.83, 6.57, 10.72, 11.59, 25.43, 12.38, 10.49, 33.33, 15.2, 0.0, 6.98, 16.59, 4.68, 10.0, 32.22, 10.78, 5.76, 6.62, 17.54, 36.86, 11.94, 9.07, 33.82, 15.5, 25.38, 17.88, 64.61], [0, 5.07, 34.99, 19.91, 12.4, 37.1, 13.26, 17.69, 11.78, 19.28, 19.36, 4.2, 39.76, 11.02, 6.98, 0.0, 18.17, 10.46, 7.84, 25.8, 11.1, 12.53, 7.14, 20.52, 29.91, 14.44, 5.09, 26.87, 12.07, 32.35, 13.04, 70.8], [0, 14.41, 24.92, 31.68, 17.81, 43.41, 20.01, 19.32, 6.53, 35.9, 20.65, 17.35, 29.86, 13.45, 16.59, 18.17, 0.0, 17.86, 16.83, 31.12, 7.11, 19.3, 11.2, 4.21, 42.01, 4.77, 23.07, 36.95, 11.82, 30.72, 15.73, 73.7], [0, 9.91, 33.09, 22.25, 10.07, 39.48, 10.88, 15.38, 11.76, 21.03, 17.03, 6.39, 37.8, 12.57, 4.68, 10.46, 17.86, 0.0, 5.52, 28.13, 11.01, 10.15, 6.66, 19.76, 32.18, 13.73, 5.37, 29.24, 13.37, 30.01, 14.86, 68.49], [0, 4.39, 28.07, 27.75, 4.56, 44.72, 5.68, 9.86, 12.08, 26.13, 11.52, 11.38, 32.66, 16.01, 10.0, 7.84, 16.83, 5.52, 0.0, 33.11, 11.27, 4.87, 7.25, 17.57, 37.7, 12.12, 9.67, 34.7, 16.26, 24.51, 18.71, 63.74], [0, 28.98, 55.46, 11.18, 37.51, 12.36, 38.78, 42.37, 27.04, 22.74, 44.11, 21.79, 60.47, 18.9, 32.22, 25.8, 31.12, 28.13, 33.11, 0.0, 27.23, 37.99, 27.74, 35.31, 15.63, 31.45, 27.92, 9.37, 19.94, 56.97, 16.0, 96.6], [0, 7.87, 28.39, 25.83, 13.74, 39.56, 15.8, 17.04, 8.95, 28.99, 18.68, 10.38, 33.39, 8.36, 10.78, 11.1, 7.11, 11.01, 11.27, 27.23, 0.0, 14.98, 4.44, 10.06, 36.29, 4.48, 16.07, 31.72, 7.39, 30.67, 11.23, 72.61], [0, 9.17, 25.36, 32.36, 9.44, 49.55, 10.56, 5.81, 15.74, 29.77, 7.23, 16.23, 29.63, 20.69, 5.76, 12.53, 19.3, 10.15, 4.87, 37.99, 14.98, 0.0, 11.56, 19.01, 42.12, 14.55, 13.24, 39.38, 20.79, 19.98, 23.47, 58.9], [0, 11.64, 29.24, 24.5, 10.57, 39.84, 12.41, 14.83, 5.23, 26.0, 16.55, 7.78, 34.17, 9.36, 6.62, 7.14, 11.2, 6.66, 7.25, 27.74, 4.44, 11.56, 0.0, 13.38, 34.91, 7.3, 11.88, 30.94, 9.25, 29.25, 12.27, 70.17], [0, 16.12, 20.8, 35.51, 17.45, 47.61, 19.59, 17.77, 9.71, 39.02, 18.84, 20.41, 25.71, 17.37, 17.54, 20.52, 4.21, 19.76, 17.57, 35.31, 10.06, 19.01, 13.38, 0.0, 45.91, 6.08, 25.12, 40.97, 15.83, 27.65, 19.8, 70.78], [0, 34.6, 64.15, 10.47, 42.22, 14.71, 42.76, 47.56, 36.42, 15.44, 49.19, 27.25, 69.08, 28.57, 36.86, 29.91, 42.01, 32.18, 37.7, 15.63, 36.29, 42.12, 34.91, 45.91, 0.0, 40.77, 29.29, 6.28, 30.22, 62.1, 26.44, 97.51], [0, 10.12, 24.04, 30.31, 13.08, 43.8, 15.27, 15.03, 4.46, 33.08, 16.48, 14.52, 29.05, 12.7, 11.94, 14.44, 4.77, 13.73, 12.12, 31.45, 4.48, 14.55, 7.3, 6.08, 40.77, 0.0, 19.07, 36.19, 11.51, 27.53, 15.47, 70.12], [0, 9.04, 37.74, 20.15, 13.71, 38.34, 13.76, 18.98, 16.78, 16.57, 20.47, 8.28, 42.31, 15.65, 9.07, 5.09, 23.07, 5.37, 9.67, 27.92, 16.07, 13.24, 11.88, 25.12, 29.29, 19.07, 0.0, 27.28, 16.89, 33.07, 17.26, 69.24], [0, 31.16, 59.98, 7.13, 39.26, 11.91, 40.08, 44.5, 31.75, 16.69, 46.19, 23.62, 64.96, 23.63, 33.82, 26.87, 36.95, 29.24, 34.7, 9.37, 31.72, 39.38, 30.94, 40.97, 6.28, 36.19, 27.28, 0.0, 25.15, 59.2, 21.22, 96.41], [0, 11.93, 35.53, 19.95, 19.83, 32.29, 21.63, 23.87, 7.12, 25.54, 25.57, 8.8, 40.55, 15.35, 15.5, 12.07, 11.82, 13.37, 16.26, 19.94, 7.39, 20.79, 9.25, 15.83, 30.22, 11.51, 16.89, 25.15, 0.0, 37.92, 17.83, 79.37], [0, 28.18, 15.15, 52.26, 19.95, 68.93, 19.36, 14.72, 31.15, 49.38, 13.02, 35.7, 16.26, 38.45, 25.38, 32.35, 30.72, 30.01, 24.51, 56.97, 30.67, 19.98, 29.25, 27.65, 62.1, 27.53, 33.07, 59.2, 37.92, 0.0, 41.41, 43.14], [0, 14.33, 39.51, 16.33, 22.68, 28.34, 24.31, 27.09, 11.04, 23.1, 28.82, 9.03, 44.52, 16.44, 17.88, 13.04, 15.73, 14.86, 18.71, 16.0, 11.23, 23.47, 12.27, 19.8, 26.44, 15.47, 17.26, 21.22, 17.83, 41.41, 0.0, 82.33], [0, 0, 0, 0, 0, 0, 0, 0, 0, 0, 0, 0, 0, 0, 0, 0, 0, 0, 0, 0, 0, 0, 0, 0, 0, 0, 0, 0, 0, 0, 0, 0]], "end_depot": 31, "horizon": [0.0, 2000.0], "instance_name": "30_95_B_50_B10", "speed_zone_count": 73, "speed_zones": [[0.0, 15.0], [15.0, 30.0], [30.0, 45.0], [45.0, 60.0], [60.0, 75.0], [75.0, 90.0], [90.0, 105.0], [105.0, 120.0], [120.0, 135.0], [135.0, 150.0], [150.0, 165.0], [165.0, 180.0], [180.0, 195.0], [195.0, 210.0], [210.0, 225.0], [225.0, 240.0], [240.0, 255.0], [255.0, 270.0], [270.0, 285.0], [285.0, 300.0], [300.0, 315.0], [315.0, 330.0], [330.0, 345.0], [345.0, 360.0], [360.0, 375.0], [375.0, 390.0], [390.0, 405.0], [405.0, 420.0], [420.0, 435.0], [435.0, 450.0], [450.0, 465.0], [465.0, 480.0], [480.0, 495.0], [495.0, 510.0], [510.0, 525.0], [525.0, 540.0], [540.0, 555.0], [555.0, 570.0], [570.0, 585.0], [585.0, 600.0], [600.0, 615.0], [615.0, 630.0], [630.0, 645.0], [645.0, 660.0], [660.0, 675.0], [675.0, 690.0], [690.0, 705.0], [705.0, 720.0], [720.0, 735.0], [735.0, 750.0], [750.0, 765.0], [765.0, 780.0], [780.0, 795.0], [795.0, 810.0], [810.0, 825.0], [825.0, 840.0], [840.0, 855.0], [855.0, 870.0], [870.0, 885.0], [885.0, 900.0], [900.0, 915.0], [915.0, 930.0], [930.0, 945.0], [945.0, 960.0], [960.0, 975.0], [975.0, 990.0], [990.0, 1005.0], [1005.0, 1020.0], [1020.0, 1035.0], [1035.0, 1050.0], [1050.0, 1065.0], [1065.0, 1080.0], [1080.0, 2000.0]], "start_depot": 0, "time_windows": [[0.0, 1700.0], [18.0, 116.0], [37.0, 154.0], [103.0, 285.0], [143.0, 365.0], [184.0, 448.0], [251.0, 582.0], [257.0, 594.0], [277.0, 633.0], [301.0, 681.0], [327.0, 734.0], [342.0, 764.0], [379.0, 837.0], [420.0, 920.0], [434.0, 947.0], [439.0, 958.0], [455.0, 989.0], [467.0, 1013.0], [470.0, 1020.0], [491.0, 1062.0], [506.0, 1092.0], [515.0, 1109.0], [521.0, 1121.0], [528.0, 1135.0], [552.0, 1184.0], [573.0, 1225.0], [583.0, 1245.0], [597.0, 1273.0], [609.0, 1298.0], [629.0, 1338.0], [650.0, 1380.0], [0.0, 1700.0]], "vehicle_count": 1}