{"cluster_count": 3, "cluster_speeds": [[0.925, 0.85, 0.925, 1.0, 0.8325, 0.765, 0.8325, 0.9, 0.4625, 0.425, 0.4625, 0.5, 0.30525, 0.2805, 0.30525, 0.33, 0.37, 0.34, 0.37, 0.4, 0.555, 0.51, 0.555, 0.6, 0.6475, 0.595, 0.6475, 0.7, 0.37, 0.34, 0.37, 0.4, 0.30525, 0.2805, 0.30525, 0.33, 0.4625, 0.425, 0.4625, 0.5, 0.6475, 0.595, 0.6475, 0.7, 0.74, 0.68, 0.74, 0.8, 0.6475, 0.595, 0.6475, 0.7, 0.4625, 0.425, 0.4625, 0.5, 0.555, 0.51, 0.555, 0.6, 0.6475, 0.595, 0.6475, 0.7, 0.8325, 0.765, 0.8325, 0.9, 0.925, 0.85, 0.925, 1.0, 1.0], [0.925, 0.85, 0.925, 1.0, 0.8325, 0.765, 0.8325, 0.9, 0.4625, 0.425, 0.4625, 0.5, 0.30525, 0.2805, 0.30525, 0.33, 0.37, 0.34, 0.37, 0.4, 0.555, 0.51, 0.555, 0.6, 0.6475, 0.595, 0.6475, 0.7, 0.37, 0.34, 0.37, 0.4, 0.30525, 0.2805, 0.30525, 0.33, 0.4625, 0.425, 0.4625, 0.5, 0.6475, 0.595, 0.6475, 0.7, 0.74, 0.68, 0.74, 0.8, 0.6475, 0.595, 0.6475, 0.7, 0.4625, 0.425, 0.4625, 0.5, 0.555, 0.51, 0.555, 0.6, 0.6475, 0.595, 0.6475, 0.7, 0.8325, 0.765, 0.8325, 0.9, 0.925, 0.85, 0.925, 1.0, 1.0], [0.9065, 0.833, 0.9065, 0.98, 0.81585, 0.7497, 0.81585, 0.882, 0.45325, 0.4165, 0.45325, 0.49, 0.299145, 0.27489, 0.299145, 0.3234, 0.3626, 0.3332, 0.3626, 0.392, 0.5439, 0.4998, 0.5439, 0.588, 0.6475, 0.595, 0.6475, 0.7, 0.37, 0.34, 0.37, 0.4, 0.30525, 0.2805, 0.30525, 0.33, 0.4625, 0.425, 0.4625, 0.5, 0.6475, 0.595, 0.6475, 0.7, 0.74, 0.68, 0.74, 0.8, 0.63455, 0.5831, 0.63455, 0.686, 0.45325, 0.4165, 0.45325, 0.49, 0.5439, 0.4998, 0.5439, 0.588, 0.63455, 0.5831, 0.63455, 0.686, 0.81585, 0.7497, 0.81585, 0.882, 0.9065, 0.833, 0.9065, 0.98, 0.98]], "clusters": [[-1, 2, 2, 2, 2, 2, 2, 2, 2, 2, 2, 2, 2, 2, 2, 2, 2, 2, 2, 2, 2, 2, 2, 2, 2, 2, 2, 2, 2, 2, 2, -1], [0, -1, 0, 0, 0, 0, 0, 0, 0, 0, 0, 0, 0, 0, 0, 0, 0, 0, 0, 0, 0, 0, 0, 0, 0, 0, 0, 0, 0, 0, 0, 0], [0, 0, -1, 0, 0, 0, 0, 0, 0, 0, 0, 0, 0, 0, 0, 0, 0, 0, 0, 0, 0, 0, 0, 0, 0, 0, 0, 0, 0, 0, 0, 0], [1, 1, 1, -1, 1, 1, 1, 1, 1, 1, 1, 1, 1, 1, 1, 1, 1, 1, 1, 1, 1, 1, 1, 1, 1, 1, 1, 1, 1, 1, 1, 1], [2, 2, 2, 2, -1, 2, 2, 2, 2, 2, 2, 2, 2, 2, 2, 2, 2, 2, 2, 2, 2, 2, 2, 2, 2, 2, 2, 2, 2, 2, 2, 2], [1, 1, 1, 1, 1, -1, 1, 1, 1, 1, 1, 1, 1, 1, 1, 1, 1, 1, 1, 1, 1, 1, 1, 1, 1, 1, 1, 1, 1, 1, 1, 1], [2, 2, 2, 2, 2, 2, -1, 2, 2, 2, 2, 2, 2, 2, 2, 2, 2, 2, 2, 2, 2, 2, 2, 2, 2, 2, 2, 2, 2, 2, 2, 2], [0, 0, 0, 0, 0, 0, 0, -1, 0, 0, 0, 0, 0, 0, 0, 0, 0, 0, 0, 0, 0, 0, 0, 0, 0, 0, 0, 0, 0, 0, 0, 0], [0, 0, 0, 0, 0, 0, 0, 0, -1, 0, 0, 0, 0, 0, 0, 0, 0, 0, 0, 0, 0, 0, 0, 0, 0, 0, 0, 0, 0, 0, 0, 0], [1, 1, 1, 1, 1, 1, 1, 1, 1, -1, 1, 1, 1, 1, 1, 1, 1, 1, 1, 1, 1, 1, 1, 1, 1, 1, 1, 1, 1, 1, 1, 1], [1, 1, 1, 1, 1, 1, 1, 1, 1, 1, -1, 1, 1, 1, 1, 1, 1, 1, 1, 1, 1, 1, 1, 1, 1, 1, 1, 1, 1, 1, 1, 1], [2, 2, 2, 2, 2, 2, 2, 2, 2, 2, 2, -1, 2, 2, 2, 2, 2, 2, 2, 2, 2, 2, 2, 2, 2, 2, 2, 2, 2, 2, 2, 2], [0, 0, 0, 0, 0, 0, 0, 0, 0, 0, 0, 0, -1, 0, 0, 0, 0, 0, 0, 0, 0, 0, 0, 0, 0, 0, 0, 0, 0, 0, 0, 0], [1, 1, 1, 1, 1, 1, 1, 1, 1, 1, 1, 1, 1, -1, 1, 1, 1, 1, 1, 1, 1, 1, 1, 1, 1, 1, 1, 1, 1, 1, 1, 1], [2, 2, 2, 2, 2, 2, 2, 2, 2, 2, 2, 2, 2, 2, -1, 2, 2, 2, 2, 2, 2, 2, 2, 2, 2, 2, 2, 2, 2, 2, 2, 2], [0, 0, 0, 0, 0, 0, 0, 0, 0, 0, 0, 0, 0, 0, 0, -1, 0, 0, 0, 0, 0, 0, 0, 0, 0, 0, 0, 0, 0, 0, 0, 0], [2, 2, 2, 2, 2, 2, 2, 2, 2, 2, 2, 2, 2, 2, 2, 2, -1, 2, 2, 2, 2, 2, 2, 2, 2, 2, 2, 2, 2, 2, 2, 2], [0, 0, 0, 0, 0, 0, 0, 0, 0, 0, 0, 0, 0, 0, 0, 0, 0, -1, 0, 0, 0, 0, 0, 0, 0, 0, 0, 0, 0, 0, 0, 0], [1, 1, 1, 1, 1, 1, 1, 1, 1, 1, 1, 1, 1, 1, 1, 1, 1, 1, -1, 1, 1, 1, 1, 1, 1, 1, 1, 1, 1, 1, 1, 1], [1, 1, 1, 1, 1, 1, 1, 1, 1, 1, 1, 1, 1, 1, 1, 1, 1, 1, 1, -1, 1, 1, 1, 1, 1, 1, 1, 1, 1, 1, 1, 1], [1, 1, 1, 1, 1, 1, 1, 1, 1, 1, 1, 1, 1, 1, 1, 1, 1, 1, 1, 1, -1, 1, 1, 1, 1, 1, 1, 1, 1, 1, 1, 1], [1, 1, 1, 1, 1, 1, 1, 1, 1, 1, 1, 1, 1, 1, 1, 1, 1, 1, 1, 1, 1, -1, 1, 1, 1, 1, 1, 1, 1, 1, 1, 1], [0, 0, 0, 0, 0, 0, 0, 0, 0, 0, 0, 0, 0, 0, 0, 0, 0, 0, 0, 0, 0, 0, -1, 0, 0, 0, 0, 0, 0, 0, 0, 0], [2, 2, 2, 2, 2, 2, 2, 2, 2, 2, 2, 2, 2, 2, 2, 2, 2, 2, 2, 2, 2, 2, 2, -1, 2, 2, 2, 2, 2, 2, 2, 2], [0, 0, 0, 0, 0, 0, 0, 0, 0, 0, 0, 0, 0, 0, 0, 0, 0, 0, 0, 0, 0, 0, 0, 0, -1, 0, 0, 0, 0, 0, 0, 0], [1, 1, 1, 1, 1, 1, 1, 1, 1, 1, 1, 1, 1, 1, 1, 1, 1, 1, 1, 1, 1, 1, 1, 1, 1, -1, 1, 1, 1, 1, 1, 1], [2, 2, 2, 2, 2, 2, 2, 2, 2, 2, 2, 2, 2, 2, 2, 2, 2, 2, 2, 2, 2, 2, 2, 2, 2, 2, -1, 2, 2, 2, 2, 2], [0, 0, 0, 0, 0, 0, 0, 0, 0, 0, 0, 0, 0, 0, 0, 0, 0, 0, 0, 0, 0, 0, 0, 0, 0, 0, 0, -1, 0, 0, 0, 0], [1, 1, 1, 1, 1, 1, 1, 1, 1, 1, 1, 1, 1, 1, 1, 1, 1, 1, 1, 1, 1, 1, 1, 1, 1, 1, 1, 1, -1, 1, 1, 1], [2, 2, 2, 2, 2, 2, 2, 2, 2, 2, 2, 2, 2, 2, 2, 2, 2, 2, 2, 2, 2, 2, 2, 2, 2, 2, 2, 2, 2, -1, 2, 2], [1, 1, 1, 1, 1, 1, 1, 1, 1, 1, 1, 1, 1, 1, 1, 1, 1, 1, 1, 1, 1, 1, 1, 1, 1, 1, 1, 1, 1, 1, -1, 1], [-1, 2, 2, 2, 2, 2, 2, 2, 2, 2, 2, 2, 2, 2, 2, 2, 2, 2, 2, 2, 2, 2, 2, 2, 2, 2, 2, 2, 2, 2, 2, -1]], "dataset_name": "guerriero_et_al_2014b", "digraph": {"arc_count": 930, "arcs": [[0, 1, 1, 1, 1, 1, 1, 1, 1, 1, 1, 1, 1, 1, 1, 1, 1, 1, 1, 1, 1, 1, 1, 1, 1, 1, 1, 1, 1, 1, 1, 0], [0, 0, 1, 1, 1, 1, 1, 1, 1, 1, 1, 1, 1, 1, 1, 1, 1, 1, 1, 1, 1, 1, 1, 1, 1, 1, 1, 1, 1, 1, 1, 1], [0, 1, 0, 1, 1, 1, 1, 1, 1, 1, 1, 1, 1, 1, 1, 1, 1, 1, 1, 1, 1, 1, 1, 1, 1, 1, 1, 1, 1, 1, 1, 1], [0, 1, 1, 0, 1, 1, 1, 1, 1, 1, 1, 1, 1, 1, 1, 1, 1, 1, 1, 1, 1, 1, 1, 1, 1, 1, 1, 1, 1, 1, 1, 1], [0, 1, 1, 1, 0, 1, 1, 1, 1, 1, 1, 1, 1, 1, 1, 1, 1, 1, 1, 1, 1, 1, 1, 1, 1, 1, 1, 1, 1, 1, 1, 1], [0, 1, 1, 1, 1, 0, 1, 1, 1, 1, 1, 1, 1, 1, 1, 1, 1, 1, 1, 1, 1, 1, 1, 1, 1, 1, 1, 1, 1, 1, 1, 1], [0, 1, 1, 1, 1, 1, 0, 1, 1, 1, 1, 1, 1, 1, 1, 1, 1, 1, 1, 1, 1, 1, 1, 1, 1, 1, 1, 1, 1, 1, 1, 1], [0, 1, 1, 1, 1, 1, 1, 0, 1, 1, 1, 1, 1, 1, 1, 1, 1, 1, 1, 1, 1, 1, 1, 1, 1, 1, 1, 1, 1, 1, 1, 1], [0, 1, 1, 1, 1, 1, 1, 1, 0, 1, 1, 1, 1, 1, 1, 1, 1, 1, 1, 1, 1, 1, 1, 1, 1, 1, 1, 1, 1, 1, 1, 1], [0, 1, 1, 1, 1, 1, 1, 1, 1, 0, 1, 1, 1, 1, 1, 1, 1, 1, 1, 1, 1, 1, 1, 1, 1, 1, 1, 1, 1, 1, 1, 1], [0, 1, 1, 1, 1, 1, 1, 1, 1, 1, 0, 1, 1, 1, 1, 1, 1, 1, 1, 1, 1, 1, 1, 1, 1, 1, 1, 1, 1, 1, 1, 1], [0, 1, 1, 1, 1, 1, 1, 1, 1, 1, 1, 0, 1, 1, 1, 1, 1, 1, 1, 1, 1, 1, 1, 1, 1, 1, 1, 1, 1, 1, 1, 1], [0, 1, 1, 1, 1, 1, 1, 1, 1, 1, 1, 1, 0, 1, 1, 1, 1, 1, 1, 1, 1, 1, 1, 1, 1, 1, 1, 1, 1, 1, 1, 1], [0, 1, 1, 1, 1, 1, 1, 1, 1, 1, 1, 1, 1, 0, 1, 1, 1, 1, 1, 1, 1, 1, 1, 1, 1, 1, 1, 1, 1, 1, 1, 1], [0, 1, 1, 1, 1, 1, 1, 1, 1, 1, 1, 1, 1, 1, 0, 1, 1, 1, 1, 1, 1, 1, 1, 1, 1, 1, 1, 1, 1, 1, 1, 1], [0, 1, 1, 1, 1, 1, 1, 1, 1, 1, 1, 1, 1, 1, 1, 0, 1, 1, 1, 1, 1, 1, 1, 1, 1, 1, 1, 1, 1, 1, 1, 1], [0, 1, 1, 1, 1, 1, 1, 1, 1, 1, 1, 1, 1, 1, 1, 1, 0, 1, 1, 1, 1, 1, 1, 1, 1, 1, 1, 1, 1, 1, 1, 1], [0, 1, 1, 1, 1, 1, 1, 1, 1, 1, 1, 1, 1, 1, 1, 1, 1, 0, 1, 1, 1, 1, 1, 1, 1, 1, 1, 1, 1, 1, 1, 1], [0, 1, 1, 1, 1, 1, 1, 1, 1, 1, 1, 1, 1, 1, 1, 1, 1, 1, 0, 1, 1, 1, 1, 1, 1, 1, 1, 1, 1, 1, 1, 1], [0, 1, 1, 1, 1, 1, 1, 1, 1, 1, 1, 1, 1, 1, 1, 1, 1, 1, 1, 0, 1, 1, 1, 1, 1, 1, 1, 1, 1, 1, 1, 1], [0, 1, 1, 1, 1, 1, 1, 1, 1, 1, 1, 1, 1, 1, 1, 1, 1, 1, 1, 1, 0, 1, 1, 1, 1, 1, 1, 1, 1, 1, 1, 1], [0, 1, 1, 1, 1, 1, 1, 1, 1, 1, 1, 1, 1, 1, 1, 1, 1, 1, 1, 1, 1, 0, 1, 1, 1, 1, 1, 1, 1, 1, 1, 1], [0, 1, 1, 1, 1, 1, 1, 1, 1, 1, 1, 1, 1, 1, 1, 1, 1, 1, 1, 1, 1, 1, 0, 1, 1, 1, 1, 1, 1, 1, 1, 1], [0, 1, 1, 1, 1, 1, 1, 1, 1, 1, 1, 1, 1, 1, 1, 1, 1, 1, 1, 1, 1, 1, 1, 0, 1, 1, 1, 1, 1, 1, 1, 1], [0, 1, 1, 1, 1, 1, 1, 1, 1, 1, 1, 1, 1, 1, 1, 1, 1, 1, 1, 1, 1, 1, 1, 1, 0, 1, 1, 1, 1, 1, 1, 1], [0, 1, 1, 1, 1, 1, 1, 1, 1, 1, 1, 1, 1, 1, 1, 1, 1, 1, 1, 1, 1, 1, 1, 1, 1, 0, 1, 1, 1, 1, 1, 1], [0, 1, 1, 1, 1, 1, 1, 1, 1, 1, 1, 1, 1, 1, 1, 1, 1, 1, 1, 1, 1, 1, 1, 1, 1, 1, 0, 1, 1, 1, 1, 1], [0, 1, 1, 1, 1, 1, 1, 1, 1, 1, 1, 1, 1, 1, 1, 1, 1, 1, 1, 1, 1, 1, 1, 1, 1, 1, 1, 0, 1, 1, 1, 1], [0, 1, 1, 1, 1, 1, 1, 1, 1, 1, 1, 1, 1, 1, 1, 1, 1, 1, 1, 1, 1, 1, 1, 1, 1, 1, 1, 1, 0, 1, 1, 1], [0, 1, 1, 1, 1, 1, 1, 1, 1, 1, 1, 1, 1, 1, 1, 1, 1, 1, 1, 1, 1, 1, 1, 1, 1, 1, 1, 1, 1, 0, 1, 1], [0, 1, 1, 1, 1, 1, 1, 1, 1, 1, 1, 1, 1, 1, 1, 1, 1, 1, 1, 1, 1, 1, 1, 1, 1, 1, 1, 1, 1, 1, 0, 1], [0, 0, 0, 0, 0, 0, 0, 0, 0, 0, 0, 0, 0, 0, 0, 0, 0, 0, 0, 0, 0, 0, 0, 0, 0, 0, 0, 0, 0, 0, 0, 0]], "vertex_count": 32}, "distances": [[0, 68.96, 68.49, 87.63, 53.5, 70.82, 47.33, 79.87, 74.49, 71.65, 70.54, 101.73, 74.64, 91.26, 88.32, 84.95, 46.04, 78.97, 68.93, 74.28, 76.11, 54.0, 62.68, 51.56, 79.37, 75.25, 99.38, 64.07, 84.17, 45.1, 92.3, 0], [0, 0.0, 5.43, 22.89, 25.69, 16.25, 24.17, 11.83, 16.16, 17.39, 20.77, 32.82, 11.34, 25.4, 29.24, 16.24, 26.87, 11.02, 16.77, 23.49, 19.65, 14.98, 7.41, 26.63, 11.32, 17.06, 31.84, 5.27, 16.18, 24.07, 23.34, 68.96], [0, 5.43, 0.0, 20.42, 29.25, 10.89, 26.04, 15.41, 21.56, 12.06, 26.11, 33.57, 16.57, 23.53, 25.34, 16.75, 28.99, 14.76, 22.07, 28.91, 14.72, 15.02, 10.75, 29.93, 14.94, 22.45, 31.03, 5.49, 15.69, 24.55, 24.56, 68.49], [0, 22.89, 20.42, 0.0, 48.56, 17.48, 46.41, 20.91, 33.44, 17.03, 40.31, 19.85, 27.98, 19.14, 9.8, 11.76, 49.31, 21.21, 37.05, 41.48, 13.35, 35.33, 30.2, 49.52, 20.92, 33.9, 12.89, 25.82, 9.11, 44.84, 15.74, 87.63], [0, 25.69, 29.25, 48.56, 0.0, 38.75, 9.76, 31.96, 22.46, 40.02, 17.22, 55.06, 24.69, 50.87, 54.57, 40.34, 8.69, 31.14, 16.48, 20.8, 43.59, 18.85, 18.57, 15.75, 31.59, 23.02, 56.38, 23.94, 41.15, 16.23, 45.61, 53.5], [0, 16.25, 10.89, 17.48, 38.75, 0.0, 33.7, 23.78, 32.18, 10.03, 37.0, 35.63, 26.92, 21.38, 17.95, 20.61, 36.8, 23.39, 32.96, 39.72, 5.53, 21.56, 20.97, 39.12, 23.42, 33.03, 30.22, 15.17, 18.13, 30.39, 28.3, 70.82], [0, 24.17, 26.04, 46.41, 9.76, 33.7, 0.0, 33.46, 27.19, 34.93, 24.05, 56.34, 27.48, 49.3, 50.89, 40.26, 15.4, 32.56, 21.82, 28.06, 39.0, 12.18, 16.88, 8.56, 32.99, 27.98, 56.01, 20.6, 40.34, 6.54, 46.73, 47.33], [0, 11.83, 15.41, 20.91, 31.96, 23.78, 33.46, 0.0, 12.77, 24.55, 19.99, 23.16, 7.8, 21.6, 29.95, 9.66, 35.68, 14.96, 17.36, 20.67, 24.76, 26.33, 17.19, 33.42, 15.37, 13.12, 25.01, 17.09, 11.82, 34.77, 13.64, 79.87], [0, 16.16, 21.56, 33.44, 22.46, 32.18, 27.19, 12.77, 0.0, 33.24, 7.36, 34.03, 5.61, 34.36, 42.01, 22.43, 28.53, 12.31, 6.0, 8.09, 34.78, 24.96, 15.76, 24.25, 12.65, 11.91, 37.42, 19.65, 24.47, 30.75, 25.22, 74.49], [0, 17.39, 12.06, 17.03, 40.02, 10.03, 34.93, 24.55, 33.24, 0.0, 38.15, 35.56, 27.93, 20.96, 16.92, 20.91, 38.03, 24.19, 34.12, 40.83, 4.5, 22.78, 22.22, 40.39, 24.2, 34.07, 29.85, 16.43, 18.33, 31.55, 28.48, 71.65], [0, 20.77, 26.11, 40.31, 17.22, 37.0, 24.05, 19.99, 7.36, 38.15, 0.0, 41.28, 12.37, 41.46, 48.51, 29.61, 24.65, 19.45, 13.36, 14.93, 40.27, 25.28, 17.66, 19.15, 19.82, 7.35, 44.77, 22.85, 31.49, 28.86, 32.57, 70.54], [0, 32.82, 33.57, 19.85, 55.06, 35.63, 56.34, 23.16, 34.03, 35.56, 41.28, 0.0, 30.45, 16.39, 27.94, 16.85, 58.71, 24.01, 39.63, 40.47, 32.66, 47.74, 39.6, 56.55, 23.57, 33.93, 9.48, 37.66, 18.16, 56.88, 9.61, 101.73], [0, 11.34, 16.57, 27.98, 24.69, 26.92, 27.48, 7.8, 5.61, 27.93, 12.37, 30.45, 0.0, 29.1, 36.43, 17.31, 29.35, 7.16, 9.55, 13.69, 29.27, 22.72, 13.08, 26.27, 7.56, 6.29, 32.81, 15.62, 19.12, 29.91, 21.15, 74.64], [0, 25.4, 23.53, 19.14, 50.87, 21.38, 49.3, 21.6, 34.36, 20.96, 41.46, 16.39, 29.1, 0.0, 11.88, 11.98, 52.13, 22.06, 38.45, 42.27, 17.28, 38.53, 32.79, 51.94, 21.71, 34.73, 8.96, 28.79, 10.03, 48.06, 13.81, 91.26], [0, 29.24, 25.34, 9.8, 54.57, 17.95, 50.89, 29.95, 42.01, 16.92, 48.51, 27.94, 36.43, 11.88, 0.0, 21.35, 53.93, 30.12, 44.94, 50.11, 12.43, 38.99, 36.01, 55.27, 29.88, 42.58, 19.22, 30.76, 18.49, 48.14, 25.38, 88.32], [0, 16.24, 16.75, 11.76, 40.34, 20.61, 40.26, 9.66, 22.43, 20.91, 29.61, 16.85, 17.31, 11.98, 21.35, 0.0, 42.83, 10.17, 26.79, 30.3, 19.42, 30.99, 23.38, 41.61, 9.8, 22.77, 16.04, 20.88, 18.13, 40.27, 7.96, 84.95], [0, 26.87, 28.99, 49.31, 8.69, 36.8, 15.4, 35.68, 28.53, 38.03, 24.65, 58.71, 29.35, 52.13, 53.93, 42.83, 0.0, 34.8, 22.89, 28.54, 42.09, 15.29, 19.51, 7.05, 35.23, 29.26, 58.68, 23.52, 43.04, 8.86, 49.1, 46.04], [0, 11.02, 14.76, 21.21, 31.14, 23.39, 32.56, 14.96, 12.31, 24.19, 19.45, 24.01, 7.16, 22.06, 30.12, 10.17, 34.8, 0.0, 16.7, 20.29, 24.56, 25.45, 16.29, 32.59, 14.73, 12.71, 25.7, 16.27, 12.18, 33.87, 14.48, 78.97], [0, 16.77, 22.07, 37.05, 16.48, 32.96, 21.82, 17.36, 6.0, 34.12, 13.36, 39.63, 9.55, 38.45, 44.94, 26.79, 22.89, 16.7, 0.0, 7.69, 36.35, 21.61, 13.62, 18.29, 17.11, 6.54, 42.36, 18.75, 28.42, 26.03, 30.55, 68.93], [0, 23.49, 28.91, 41.48, 20.8, 39.72, 28.06, 20.67, 8.09, 40.83, 14.93, 40.47, 13.69, 42.27, 50.11, 30.3, 28.54, 20.29, 7.69, 0.0, 42.63, 29.23, 21.24, 22.75, 20.6, 7.58, 44.78, 26.14, 32.46, 32.95, 32.25, 74.28], [0, 19.65, 14.72, 13.35, 43.59, 5.53, 39.0, 24.76, 34.78, 4.5, 40.27, 32.66, 29.27, 17.28, 12.43, 19.42, 42.09, 24.56, 36.35, 42.63, 0.0, 26.92, 25.37, 44.08, 24.49, 35.54, 26.23, 19.7, 16.55, 35.88, 26.43, 76.11], [0, 14.98, 15.02, 35.33, 18.85, 21.56, 12.18, 26.33, 24.96, 22.78, 25.28, 47.74, 22.72, 38.53, 38.99, 30.99, 15.29, 25.45, 21.61, 29.23, 26.92, 0.0, 9.65, 18.68, 25.82, 25.93, 45.98, 10.12, 30.43, 9.53, 38.31, 54.0], [0, 7.41, 10.75, 30.2, 18.57, 20.97, 16.88, 17.19, 15.76, 22.22, 17.66, 39.6, 13.08, 32.79, 36.01, 23.38, 19.51, 16.29, 13.62, 21.24, 25.37, 9.65, 0.0, 19.38, 16.7, 16.74, 39.17, 5.81, 23.53, 17.58, 30.01, 62.68], [0, 26.63, 29.93, 49.52, 15.75, 39.12, 8.56, 33.42, 24.25, 40.39, 19.15, 56.55, 26.27, 51.94, 55.27, 41.61, 7.05, 32.59, 18.29, 22.75, 44.08, 18.68, 19.38, 0.0, 33.03, 24.83, 57.65, 24.53, 42.31, 15.1, 47.06, 51.56], [0, 11.32, 14.94, 20.92, 31.59, 23.42, 32.99, 15.37, 12.65, 24.2, 19.82, 23.57, 7.56, 21.71, 29.88, 9.8, 35.23, 14.73, 17.11, 20.6, 24.49, 25.82, 16.7, 33.03, 0.0, 13.04, 25.28, 16.59, 11.86, 34.27, 14.03, 79.37], [0, 17.06, 22.45, 33.9, 23.02, 33.03, 27.98, 13.12, 11.91, 34.07, 7.35, 33.93, 6.29, 34.73, 42.58, 22.77, 29.26, 12.71, 6.54, 7.58, 35.54, 25.93, 16.74, 24.83, 13.04, 0.0, 37.56, 20.61, 24.89, 31.64, 25.25, 75.25], [0, 31.84, 31.03, 12.89, 56.38, 30.22, 56.01, 25.01, 37.42, 29.85, 44.77, 9.48, 32.81, 8.96, 19.22, 16.04, 58.68, 25.7, 42.36, 44.78, 26.23, 45.98, 39.17, 57.65, 25.28, 37.56, 0.0, 35.94, 15.68, 55.46, 12.73, 99.38], [0, 5.27, 5.49, 25.82, 23.94, 15.17, 20.6, 17.09, 19.65, 16.43, 22.85, 37.66, 15.62, 28.79, 30.76, 20.88, 23.52, 16.27, 18.75, 26.14, 19.7, 10.12, 5.81, 24.53, 16.59, 20.61, 35.94, 0.0, 20.34, 19.52, 28.3, 64.07], [0, 16.18, 15.69, 9.11, 41.15, 18.13, 40.34, 11.82, 24.47, 18.33, 31.49, 18.16, 19.12, 10.03, 18.49, 18.13, 43.04, 12.18, 28.42, 32.46, 16.55, 30.43, 23.53, 42.31, 11.86, 24.89, 15.68, 20.34, 0.0, 39.86, 10.16, 84.17], [0, 24.07, 24.55, 44.84, 16.23, 30.39, 6.54, 34.77, 30.75, 31.55, 28.86, 56.88, 29.91, 48.06, 48.14, 40.27, 8.86, 33.87, 26.03, 32.95, 35.88, 9.53, 17.58, 15.1, 34.27, 31.64, 55.46, 19.52, 39.86, 0.0, 47.36, 45.1], [0, 23.34, 24.56, 15.74, 45.61, 28.3, 46.73, 13.64, 25.22, 28.48, 32.57, 9.61, 21.15, 13.81, 25.38, 7.96, 49.1, 14.48, 30.55, 32.25, 26.43, 38.31, 30.01, 47.06, 14.03, 25.25, 12.73, 28.3, 10.16, 47.36, 0.0, 92.3], [0, 0, 0, 0, 0, 0, 0, 0, 0, 0, 0, 0, 0, 0, 0, 0, 0, 0, 0, 0, 0, 0, 0, 0, 0, 0, 0, 0, 0, 0, 0, 0]], "end_depot": 31, "horizon": [0.0, 2000.0], "instance_name": "30_98_A_100_C5", "speed_zone_count": 73, "speed_zones": [[0.0, 15.0], [15.0, 30.0], [30.0, 45.0], [45.0, 60.0], [60.0, 75.0], [75.0, 90.0], [90.0, 105.0], [105.0, 120.0], [120.0, 135.0], [135.0, 150.0], [150.0, 165.0], [165.0, 180.0], [180.0, 195.0], [195.0, 210.0], [210.0, 225.0], [225.0, 240.0], [240.0, 255.0], [255.0, 270.0], [270.0, 285.0], [285.0, 300.0], [300.0, 315.0], [315.0, 330.0], [330.0, 345.0], [345.0, 360.0], [360.0, 375.0], [375.0, 390.0], [390.0, 405.0], [405.0, 420.0], [420.0, 435.0], [435.0, 450.0], [450.0, 465.0], [465.0, 480.0], [480.0, 495.0], [495.0, 510.0], [510.0, 525.0], [525.0, 540.0], [540.0, 555.0], [555.0, 570.0], [570.0, 585.0], [585.0, 600.0], [600.0, 615.0], [615.0, 630.0], [630.0, 645.0], [645.0, 660.0], [660.0, 675.0], [675.0, 690.0], [690.0, 705.0], [705.0, 720.0], [720.0, 735.0], [735.0, 750.0], [750.0, 765.0], [765.0, 780.0], [780.0, 795.0], [795.0, 810.0], [810.0, 825.0], [825.0, 840.0], [840.0, 855.0], [855.0, 870.0], [870.0, 885.0], [885.0, 900.0], [900.0, 915.0], [915.0, 930.0], [930.0, 945.0], [945.0, 960.0], [960.0, 975.0], [975.0, 990.0], [990.0, 1005.0], [1005.0, 1020.0], [1020.0, 1035.0], [1035.0, 1050.0], [1050.0, 1065.0], [1065.0, 1080.0], [1080.0, 2000.0]], "start_depot": 0, "time_windows": [[0.0, 1700.0], [39.0, 119.0], [46.0, 126.0], [70.0, 150.0], [180.0, 260.0], [280.0, 360.0], [338.0, 418.0], [396.0, 476.0], [431.0, 511.0], [525.0, 605.0], [595.0, 675.0], [654.0, 734.0], [696.0, 776.0], [741.0, 821.0], [768.0, 848.0], [812.0, 892.0], [886.0, 966.0], [936.0, 1016.0], [957.0, 1037.0], [966.0, 1046.0], [1014.0, 1094.0], [1042.0, 1122.0], [1051.0, 1131.0], [1071.0, 1151.0], [1104.0, 1184.0], [1117.0, 1197.0], [1155.0, 1235.0], [1192.0, 1272.0], [1212.0, 1292.0], [1252.0, 1332.0], [1300.0, 1380.0], [0.0, 1700.0]], "vehicle_count": 1}