{"cluster_count": 3, "cluster_speeds": [[0.925, 0.85, 0.925, 1.0, 0.8325, 0.765, 0.8325, 0.9, 0.4625, 0.425, 0.4625, 0.5, 0.30525, 0.2805, 0.30525, 0.33, 0.37, 0.34, 0.37, 0.4, 0.555, 0.51, 0.555, 0.6, 0.6475, 0.595, 0.6475, 0.7, 0.37, 0.34, 0.37, 0.4, 0.30525, 0.2805, 0.30525, 0.33, 0.4625, 0.425, 0.4625, 0.5, 0.6475, 0.595, 0.6475, 0.7, 0.74, 0.68, 0.74, 0.8, 0.6475, 0.595, 0.6475, 0.7, 0.4625, 0.425, 0.4625, 0.5, 0.555, 0.51, 0.555, 0.6, 0.6475, 0.595, 0.6475, 0.7, 0.8325, 0.765, 0.8325, 0.9, 0.925, 0.85, 0.925, 1.0, 1.0], [0.87875, 0.8075, 0.87875, 0.95, 0.790875, 0.72675, 0.790875, 0.855, 0.439375, 0.40375, 0.439375, 0.475, 0.289988, 0.266475, 0.289988, 0.3135, 0.3515, 0.323, 0.3515, 0.38, 0.52725, 0.4845, 0.52725, 0.57, 0.6475, 0.595, 0.6475, 0.7, 0.37, 0.34, 0.37, 0.4, 0.30525, 0.2805, 0.30525, 0.33, 0.4625, 0.425, 0.4625, 0.5, 0.6475, 0.595, 0.6475, 0.7, 0.74, 0.68, 0.74, 0.8, 0.615125, 0.56525, 0.615125, 0.665, 0.439375, 0.40375, 0.439375, 0.475, 0.52725, 0.4845, 0.52725, 0.57, 0.615125, 0.56525, 0.615125, 0.665, 0.790875, 0.72675, 0.790875, 0.855, 0.87875, 0.8075, 0.87875, 0.95, 0.95], [0.9065, 0.833, 0.9065, 0.98, 0.81585, 0.7497, 0.81585, 0.882, 0.45325, 0.4165, 0.45325, 0.49, 0.299145, 0.27489, 0.299145, 0.3234, 0.3626, 0.3332, 0.3626, 0.392, 0.5439, 0.4998, 0.5439, 0.588, 0.6475, 0.595, 0.6475, 0.7, 0.37, 0.34, 0.37, 0.4, 0.30525, 0.2805, 0.30525, 0.33, 0.4625, 0.425, 0.4625, 0.5, 0.6475, 0.595, 0.6475, 0.7, 0.74, 0.68, 0.74, 0.8, 0.63455, 0.5831, 0.63455, 0.686, 0.45325, 0.4165, 0.45325, 0.49, 0.5439, 0.4998, 0.5439, 0.588, 0.63455, 0.5831, 0.63455, 0.686, 0.81585, 0.7497, 0.81585, 0.882, 0.9065, 0.833, 0.9065, 0.98, 0.98]], "clusters": [[-1, 2, 2, 2, 2, 2, 2, 2, 2, 2, 2, 2, 2, 2, 2, 2, 2, 2, 2, 2, 2, 2, 2, 2, 2, 2, 2, 2, 2, 2, 2, -1], [0, -1, 0, 0, 0, 0, 0, 0, 0, 0, 0, 0, 0, 0, 0, 0, 0, 0, 0, 0, 0, 0, 0, 0, 0, 0, 0, 0, 0, 0, 0, 0], [0, 0, -1, 0, 0, 0, 0, 0, 0, 0, 0, 0, 0, 0, 0, 0, 0, 0, 0, 0, 0, 0, 0, 0, 0, 0, 0, 0, 0, 0, 0, 0], [0, 0, 0, -1, 0, 0, 0, 0, 0, 0, 0, 0, 0, 0, 0, 0, 0, 0, 0, 0, 0, 0, 0, 0, 0, 0, 0, 0, 0, 0, 0, 0], [0, 0, 0, 0, -1, 0, 0, 0, 0, 0, 0, 0, 0, 0, 0, 0, 0, 0, 0, 0, 0, 0, 0, 0, 0, 0, 0, 0, 0, 0, 0, 0], [1, 1, 1, 1, 1, -1, 1, 1, 1, 1, 1, 1, 1, 1, 1, 1, 1, 1, 1, 1, 1, 1, 1, 1, 1, 1, 1, 1, 1, 1, 1, 1], [0, 0, 0, 0, 0, 0, -1, 0, 0, 0, 0, 0, 0, 0, 0, 0, 0, 0, 0, 0, 0, 0, 0, 0, 0, 0, 0, 0, 0, 0, 0, 0], [0, 0, 0, 0, 0, 0, 0, -1, 0, 0, 0, 0, 0, 0, 0, 0, 0, 0, 0, 0, 0, 0, 0, 0, 0, 0, 0, 0, 0, 0, 0, 0], [0, 0, 0, 0, 0, 0, 0, 0, -1, 0, 0, 0, 0, 0, 0, 0, 0, 0, 0, 0, 0, 0, 0, 0, 0, 0, 0, 0, 0, 0, 0, 0], [0, 0, 0, 0, 0, 0, 0, 0, 0, -1, 0, 0, 0, 0, 0, 0, 0, 0, 0, 0, 0, 0, 0, 0, 0, 0, 0, 0, 0, 0, 0, 0], [0, 0, 0, 0, 0, 0, 0, 0, 0, 0, -1, 0, 0, 0, 0, 0, 0, 0, 0, 0, 0, 0, 0, 0, 0, 0, 0, 0, 0, 0, 0, 0], [0, 0, 0, 0, 0, 0, 0, 0, 0, 0, 0, -1, 0, 0, 0, 0, 0, 0, 0, 0, 0, 0, 0, 0, 0, 0, 0, 0, 0, 0, 0, 0], [0, 0, 0, 0, 0, 0, 0, 0, 0, 0, 0, 0, -1, 0, 0, 0, 0, 0, 0, 0, 0, 0, 0, 0, 0, 0, 0, 0, 0, 0, 0, 0], [0, 0, 0, 0, 0, 0, 0, 0, 0, 0, 0, 0, 0, -1, 0, 0, 0, 0, 0, 0, 0, 0, 0, 0, 0, 0, 0, 0, 0, 0, 0, 0], [0, 0, 0, 0, 0, 0, 0, 0, 0, 0, 0, 0, 0, 0, -1, 0, 0, 0, 0, 0, 0, 0, 0, 0, 0, 0, 0, 0, 0, 0, 0, 0], [1, 1, 1, 1, 1, 1, 1, 1, 1, 1, 1, 1, 1, 1, 1, -1, 1, 1, 1, 1, 1, 1, 1, 1, 1, 1, 1, 1, 1, 1, 1, 1], [0, 0, 0, 0, 0, 0, 0, 0, 0, 0, 0, 0, 0, 0, 0, 0, -1, 0, 0, 0, 0, 0, 0, 0, 0, 0, 0, 0, 0, 0, 0, 0], [1, 1, 1, 1, 1, 1, 1, 1, 1, 1, 1, 1, 1, 1, 1, 1, 1, -1, 1, 1, 1, 1, 1, 1, 1, 1, 1, 1, 1, 1, 1, 1], [1, 1, 1, 1, 1, 1, 1, 1, 1, 1, 1, 1, 1, 1, 1, 1, 1, 1, -1, 1, 1, 1, 1, 1, 1, 1, 1, 1, 1, 1, 1, 1], [0, 0, 0, 0, 0, 0, 0, 0, 0, 0, 0, 0, 0, 0, 0, 0, 0, 0, 0, -1, 0, 0, 0, 0, 0, 0, 0, 0, 0, 0, 0, 0], [0, 0, 0, 0, 0, 0, 0, 0, 0, 0, 0, 0, 0, 0, 0, 0, 0, 0, 0, 0, -1, 0, 0, 0, 0, 0, 0, 0, 0, 0, 0, 0], [0, 0, 0, 0, 0, 0, 0, 0, 0, 0, 0, 0, 0, 0, 0, 0, 0, 0, 0, 0, 0, -1, 0, 0, 0, 0, 0, 0, 0, 0, 0, 0], [1, 1, 1, 1, 1, 1, 1, 1, 1, 1, 1, 1, 1, 1, 1, 1, 1, 1, 1, 1, 1, 1, -1, 1, 1, 1, 1, 1, 1, 1, 1, 1], [0, 0, 0, 0, 0, 0, 0, 0, 0, 0, 0, 0, 0, 0, 0, 0, 0, 0, 0, 0, 0, 0, 0, -1, 0, 0, 0, 0, 0, 0, 0, 0], [0, 0, 0, 0, 0, 0, 0, 0, 0, 0, 0, 0, 0, 0, 0, 0, 0, 0, 0, 0, 0, 0, 0, 0, -1, 0, 0, 0, 0, 0, 0, 0], [1, 1, 1, 1, 1, 1, 1, 1, 1, 1, 1, 1, 1, 1, 1, 1, 1, 1, 1, 1, 1, 1, 1, 1, 1, -1, 1, 1, 1, 1, 1, 1], [1, 1, 1, 1, 1, 1, 1, 1, 1, 1, 1, 1, 1, 1, 1, 1, 1, 1, 1, 1, 1, 1, 1, 1, 1, 1, -1, 1, 1, 1, 1, 1], [0, 0, 0, 0, 0, 0, 0, 0, 0, 0, 0, 0, 0, 0, 0, 0, 0, 0, 0, 0, 0, 0, 0, 0, 0, 0, 0, -1, 0, 0, 0, 0], [1, 1, 1, 1, 1, 1, 1, 1, 1, 1, 1, 1, 1, 1, 1, 1, 1, 1, 1, 1, 1, 1, 1, 1, 1, 1, 1, 1, -1, 1, 1, 1], [0, 0, 0, 0, 0, 0, 0, 0, 0, 0, 0, 0, 0, 0, 0, 0, 0, 0, 0, 0, 0, 0, 0, 0, 0, 0, 0, 0, 0, -1, 0, 0], [0, 0, 0, 0, 0, 0, 0, 0, 0, 0, 0, 0, 0, 0, 0, 0, 0, 0, 0, 0, 0, 0, 0, 0, 0, 0, 0, 0, 0, 0, -1, 0], [-1, 2, 2, 2, 2, 2, 2, 2, 2, 2, 2, 2, 2, 2, 2, 2, 2, 2, 2, 2, 2, 2, 2, 2, 2, 2, 2, 2, 2, 2, 2, -1]], "dataset_name": "guerriero_et_al_2014b", "digraph": {"arc_count": 930, "arcs": [[0, 1, 1, 1, 1, 1, 1, 1, 1, 1, 1, 1, 1, 1, 1, 1, 1, 1, 1, 1, 1, 1, 1, 1, 1, 1, 1, 1, 1, 1, 1, 0], [0, 0, 1, 1, 1, 1, 1, 1, 1, 1, 1, 1, 1, 1, 1, 1, 1, 1, 1, 1, 1, 1, 1, 1, 1, 1, 1, 1, 1, 1, 1, 1], [0, 1, 0, 1, 1, 1, 1, 1, 1, 1, 1, 1, 1, 1, 1, 1, 1, 1, 1, 1, 1, 1, 1, 1, 1, 1, 1, 1, 1, 1, 1, 1], [0, 1, 1, 0, 1, 1, 1, 1, 1, 1, 1, 1, 1, 1, 1, 1, 1, 1, 1, 1, 1, 1, 1, 1, 1, 1, 1, 1, 1, 1, 1, 1], [0, 1, 1, 1, 0, 1, 1, 1, 1, 1, 1, 1, 1, 1, 1, 1, 1, 1, 1, 1, 1, 1, 1, 1, 1, 1, 1, 1, 1, 1, 1, 1], [0, 1, 1, 1, 1, 0, 1, 1, 1, 1, 1, 1, 1, 1, 1, 1, 1, 1, 1, 1, 1, 1, 1, 1, 1, 1, 1, 1, 1, 1, 1, 1], [0, 1, 1, 1, 1, 1, 0, 1, 1, 1, 1, 1, 1, 1, 1, 1, 1, 1, 1, 1, 1, 1, 1, 1, 1, 1, 1, 1, 1, 1, 1, 1], [0, 1, 1, 1, 1, 1, 1, 0, 1, 1, 1, 1, 1, 1, 1, 1, 1, 1, 1, 1, 1, 1, 1, 1, 1, 1, 1, 1, 1, 1, 1, 1], [0, 1, 1, 1, 1, 1, 1, 1, 0, 1, 1, 1, 1, 1, 1, 1, 1, 1, 1, 1, 1, 1, 1, 1, 1, 1, 1, 1, 1, 1, 1, 1], [0, 1, 1, 1, 1, 1, 1, 1, 1, 0, 1, 1, 1, 1, 1, 1, 1, 1, 1, 1, 1, 1, 1, 1, 1, 1, 1, 1, 1, 1, 1, 1], [0, 1, 1, 1, 1, 1, 1, 1, 1, 1, 0, 1, 1, 1, 1, 1, 1, 1, 1, 1, 1, 1, 1, 1, 1, 1, 1, 1, 1, 1, 1, 1], [0, 1, 1, 1, 1, 1, 1, 1, 1, 1, 1, 0, 1, 1, 1, 1, 1, 1, 1, 1, 1, 1, 1, 1, 1, 1, 1, 1, 1, 1, 1, 1], [0, 1, 1, 1, 1, 1, 1, 1, 1, 1, 1, 1, 0, 1, 1, 1, 1, 1, 1, 1, 1, 1, 1, 1, 1, 1, 1, 1, 1, 1, 1, 1], [0, 1, 1, 1, 1, 1, 1, 1, 1, 1, 1, 1, 1, 0, 1, 1, 1, 1, 1, 1, 1, 1, 1, 1, 1, 1, 1, 1, 1, 1, 1, 1], [0, 1, 1, 1, 1, 1, 1, 1, 1, 1, 1, 1, 1, 1, 0, 1, 1, 1, 1, 1, 1, 1, 1, 1, 1, 1, 1, 1, 1, 1, 1, 1], [0, 1, 1, 1, 1, 1, 1, 1, 1, 1, 1, 1, 1, 1, 1, 0, 1, 1, 1, 1, 1, 1, 1, 1, 1, 1, 1, 1, 1, 1, 1, 1], [0, 1, 1, 1, 1, 1, 1, 1, 1, 1, 1, 1, 1, 1, 1, 1, 0, 1, 1, 1, 1, 1, 1, 1, 1, 1, 1, 1, 1, 1, 1, 1], [0, 1, 1, 1, 1, 1, 1, 1, 1, 1, 1, 1, 1, 1, 1, 1, 1, 0, 1, 1, 1, 1, 1, 1, 1, 1, 1, 1, 1, 1, 1, 1], [0, 1, 1, 1, 1, 1, 1, 1, 1, 1, 1, 1, 1, 1, 1, 1, 1, 1, 0, 1, 1, 1, 1, 1, 1, 1, 1, 1, 1, 1, 1, 1], [0, 1, 1, 1, 1, 1, 1, 1, 1, 1, 1, 1, 1, 1, 1, 1, 1, 1, 1, 0, 1, 1, 1, 1, 1, 1, 1, 1, 1, 1, 1, 1], [0, 1, 1, 1, 1, 1, 1, 1, 1, 1, 1, 1, 1, 1, 1, 1, 1, 1, 1, 1, 0, 1, 1, 1, 1, 1, 1, 1, 1, 1, 1, 1], [0, 1, 1, 1, 1, 1, 1, 1, 1, 1, 1, 1, 1, 1, 1, 1, 1, 1, 1, 1, 1, 0, 1, 1, 1, 1, 1, 1, 1, 1, 1, 1], [0, 1, 1, 1, 1, 1, 1, 1, 1, 1, 1, 1, 1, 1, 1, 1, 1, 1, 1, 1, 1, 1, 0, 1, 1, 1, 1, 1, 1, 1, 1, 1], [0, 1, 1, 1, 1, 1, 1, 1, 1, 1, 1, 1, 1, 1, 1, 1, 1, 1, 1, 1, 1, 1, 1, 0, 1, 1, 1, 1, 1, 1, 1, 1], [0, 1, 1, 1, 1, 1, 1, 1, 1, 1, 1, 1, 1, 1, 1, 1, 1, 1, 1, 1, 1, 1, 1, 1, 0, 1, 1, 1, 1, 1, 1, 1], [0, 1, 1, 1, 1, 1, 1, 1, 1, 1, 1, 1, 1, 1, 1, 1, 1, 1, 1, 1, 1, 1, 1, 1, 1, 0, 1, 1, 1, 1, 1, 1], [0, 1, 1, 1, 1, 1, 1, 1, 1, 1, 1, 1, 1, 1, 1, 1, 1, 1, 1, 1, 1, 1, 1, 1, 1, 1, 0, 1, 1, 1, 1, 1], [0, 1, 1, 1, 1, 1, 1, 1, 1, 1, 1, 1, 1, 1, 1, 1, 1, 1, 1, 1, 1, 1, 1, 1, 1, 1, 1, 0, 1, 1, 1, 1], [0, 1, 1, 1, 1, 1, 1, 1, 1, 1, 1, 1, 1, 1, 1, 1, 1, 1, 1, 1, 1, 1, 1, 1, 1, 1, 1, 1, 0, 1, 1, 1], [0, 1, 1, 1, 1, 1, 1, 1, 1, 1, 1, 1, 1, 1, 1, 1, 1, 1, 1, 1, 1, 1, 1, 1, 1, 1, 1, 1, 1, 0, 1, 1], [0, 1, 1, 1, 1, 1, 1, 1, 1, 1, 1, 1, 1, 1, 1, 1, 1, 1, 1, 1, 1, 1, 1, 1, 1, 1, 1, 1, 1, 1, 0, 1], [0, 0, 0, 0, 0, 0, 0, 0, 0, 0, 0, 0, 0, 0, 0, 0, 0, 0, 0, 0, 0, 0, 0, 0, 0, 0, 0, 0, 0, 0, 0, 0]], "vertex_count": 32}, "distances": [[0, 66.68, 60.38, 75.03, 72.62, 84.86, 67.37, 77.36, 57.9, 81.5, 71.08, 69.4, 63.64, 71.96, 80.34, 80.41, 72.07, 83.51, 55.68, 59.55, 60.71, 64.33, 80.3, 69.28, 59.06, 62.57, 85.9, 67.18, 89.69, 59.28, 71.55, 0], [0, 0.0, 9.68, 8.35, 8.36, 19.59, 9.77, 11.77, 8.79, 15.01, 4.48, 7.91, 11.77, 5.31, 13.68, 20.34, 5.46, 22.79, 11.06, 7.13, 6.3, 10.22, 19.39, 4.95, 7.63, 16.21, 20.11, 9.92, 23.6, 7.41, 13.23, 66.68], [0, 9.68, 0.0, 16.51, 12.41, 28.82, 12.26, 21.15, 7.55, 23.53, 12.66, 17.11, 4.89, 13.58, 21.79, 29.96, 13.54, 32.47, 7.31, 7.21, 8.93, 10.16, 29.05, 14.53, 7.33, 8.13, 29.09, 12.16, 32.27, 7.47, 22.27, 60.38], [0, 8.35, 16.51, 0.0, 6.51, 12.65, 8.29, 5.93, 17.14, 7.02, 11.92, 9.83, 16.46, 12.08, 5.4, 17.0, 11.77, 18.56, 19.37, 15.48, 14.5, 11.0, 15.75, 7.39, 15.98, 20.64, 12.66, 8.47, 15.76, 15.76, 13.69, 75.03], [0, 8.36, 12.41, 6.51, 0.0, 18.78, 10.29, 12.44, 15.82, 12.62, 5.41, 14.11, 10.87, 5.57, 10.55, 23.41, 5.26, 25.07, 17.44, 14.3, 14.19, 11.61, 22.2, 10.9, 14.77, 14.67, 18.48, 10.41, 21.04, 14.64, 18.93, 72.62], [0, 19.59, 28.82, 12.65, 18.78, 0.0, 17.98, 7.84, 27.73, 6.37, 16.19, 15.48, 29.1, 15.3, 8.52, 9.98, 15.38, 9.3, 30.25, 26.16, 24.6, 21.04, 8.84, 15.81, 26.61, 33.26, 12.23, 18.15, 5.46, 26.35, 14.74, 84.86], [0, 9.77, 12.26, 8.29, 10.29, 17.98, 0.0, 10.17, 9.76, 14.15, 5.29, 5.02, 14.65, 5.77, 13.19, 17.72, 6.04, 20.3, 12.28, 8.19, 6.69, 12.13, 16.84, 10.81, 8.64, 19.09, 18.73, 10.08, 22.4, 8.38, 10.34, 67.37], [0, 11.77, 21.15, 5.93, 12.44, 7.84, 10.17, 0.0, 19.93, 5.08, 8.71, 8.48, 21.89, 7.89, 5.56, 11.17, 8.05, 12.63, 22.43, 18.35, 16.84, 13.25, 9.9, 8.09, 18.81, 26.21, 8.57, 10.35, 12.33, 18.55, 10.0, 77.36], [0, 8.79, 7.55, 17.14, 15.82, 27.73, 9.76, 19.93, 0.0, 23.68, 13.23, 13.28, 12.3, 14.09, 22.45, 26.34, 14.22, 29.19, 14.86, 11.84, 15.08, 6.69, 25.68, 11.95, 12.27, 15.61, 28.48, 9.58, 32.11, 12.01, 17.63, 57.9], [0, 15.01, 23.53, 7.02, 12.62, 6.37, 14.15, 5.08, 23.68, 0.0, 10.96, 13.42, 23.24, 10.02, 10.64, 14.06, 10.02, 14.51, 26.05, 22.04, 20.79, 17.17, 12.74, 12.42, 22.52, 27.25, 5.86, 14.34, 8.74, 22.29, 14.97, 81.5], [0, 4.48, 12.66, 11.92, 5.41, 16.19, 5.29, 8.71, 13.23, 10.96, 0.0, 8.7, 13.2, 9.8, 9.42, 18.9, 9.95, 20.92, 15.4, 11.57, 10.76, 7.45, 17.77, 5.51, 12.07, 17.56, 16.43, 5.44, 19.68, 11.87, 13.6, 71.08], [0, 7.91, 17.11, 9.83, 14.11, 15.48, 5.02, 8.48, 13.28, 13.42, 8.7, 0.0, 19.67, 8.67, 13.23, 13.14, 8.99, 15.93, 15.87, 11.96, 10.05, 7.12, 12.42, 12.4, 12.31, 24.1, 16.66, 5.07, 20.54, 12.04, 5.32, 69.4], [0, 11.77, 4.89, 16.46, 10.87, 29.1, 14.65, 21.89, 12.3, 23.24, 13.2, 19.67, 0.0, 14.0, 21.27, 31.8, 13.85, 34.02, 12.2, 11.7, 13.13, 13.38, 30.76, 16.66, 11.92, 4.46, 29.05, 14.61, 31.82, 12.0, 24.99, 63.64], [0, 5.31, 13.58, 12.08, 5.57, 15.3, 5.77, 7.89, 14.09, 10.02, 9.8, 8.67, 14.0, 0.0, 8.49, 18.28, 10.78, 20.22, 16.29, 12.43, 11.55, 8.16, 17.12, 5.62, 12.93, 18.34, 15.51, 5.94, 18.75, 12.72, 13.37, 71.96], [0, 13.68, 21.79, 5.4, 10.55, 8.52, 13.19, 5.56, 22.45, 10.64, 9.42, 13.23, 21.27, 8.49, 0.0, 15.71, 8.44, 16.41, 24.74, 20.8, 19.7, 16.11, 14.39, 11.73, 21.29, 25.22, 7.97, 13.39, 10.57, 21.06, 15.52, 80.34], [0, 20.34, 29.96, 17.0, 23.41, 9.98, 17.72, 11.17, 26.34, 14.06, 18.9, 13.14, 31.8, 18.28, 15.71, 0.0, 18.52, 19.28, 28.92, 25.08, 23.13, 20.23, 17.89, 15.43, 25.42, 36.25, 11.89, 17.83, 14.9, 25.14, 9.1, 80.41], [0, 5.46, 13.54, 11.77, 5.26, 15.38, 6.04, 8.05, 14.22, 10.02, 9.95, 8.99, 13.85, 10.78, 8.44, 18.52, 0.0, 20.43, 16.4, 12.57, 11.73, 8.37, 17.36, 5.94, 13.07, 18.17, 15.55, 6.2, 18.75, 12.86, 13.68, 72.07], [0, 22.79, 32.47, 18.56, 25.07, 9.3, 20.3, 12.63, 29.19, 14.51, 20.92, 15.93, 34.02, 20.22, 16.41, 19.28, 20.43, 0.0, 31.78, 27.89, 25.96, 22.94, 18.14, 17.97, 28.24, 38.44, 11.1, 20.42, 13.48, 27.96, 12.16, 83.51], [0, 11.06, 7.31, 19.37, 17.44, 30.25, 12.28, 22.43, 14.86, 26.05, 15.4, 15.87, 12.2, 16.29, 24.74, 28.92, 16.4, 31.78, 0.0, 14.38, 5.83, 9.23, 28.27, 14.5, 14.64, 14.89, 30.96, 12.1, 34.56, 14.55, 20.17, 55.68], [0, 7.13, 7.21, 15.48, 14.3, 26.16, 8.19, 18.35, 11.84, 22.04, 11.57, 11.96, 11.7, 12.43, 20.8, 25.08, 12.57, 27.89, 14.38, 0.0, 13.43, 5.15, 24.38, 10.43, 10.73, 15.34, 26.88, 8.01, 30.5, 10.46, 16.54, 59.55], [0, 6.3, 8.93, 14.5, 14.19, 24.6, 6.69, 16.84, 15.08, 20.79, 10.76, 10.05, 13.13, 11.55, 19.7, 23.13, 11.73, 25.96, 5.83, 13.43, 0.0, 14.07, 22.45, 8.79, 13.92, 17.0, 25.41, 6.51, 29.1, 13.71, 14.52, 60.71], [0, 10.22, 10.16, 11.0, 11.61, 21.04, 12.13, 13.25, 6.69, 17.17, 7.45, 7.12, 13.38, 8.16, 16.11, 20.23, 8.37, 22.94, 9.23, 5.15, 14.07, 0.0, 19.44, 5.28, 5.58, 17.66, 21.81, 12.19, 25.48, 5.32, 12.13, 64.33], [0, 19.39, 29.05, 15.75, 22.2, 8.84, 16.84, 9.9, 25.68, 12.74, 17.77, 12.42, 30.76, 17.12, 14.39, 17.89, 17.36, 18.14, 28.27, 24.38, 22.45, 19.44, 0.0, 14.53, 24.73, 35.2, 10.75, 16.96, 13.91, 24.45, 8.79, 80.3], [0, 4.95, 14.53, 7.39, 10.9, 15.81, 10.81, 8.09, 11.95, 12.42, 5.51, 12.4, 16.66, 5.62, 11.73, 15.43, 5.94, 17.97, 14.5, 10.43, 8.79, 5.28, 14.53, 0.0, 10.86, 21.12, 16.66, 10.96, 20.41, 10.59, 8.5, 69.28], [0, 7.63, 7.33, 15.98, 14.77, 26.61, 8.64, 18.81, 12.27, 22.52, 12.07, 12.31, 11.92, 12.93, 21.29, 25.42, 13.07, 28.24, 14.64, 10.73, 13.92, 5.58, 24.73, 10.86, 0.0, 15.46, 27.34, 8.46, 30.97, 10.9, 16.82, 59.06], [0, 16.21, 8.13, 20.64, 14.67, 33.26, 19.09, 26.21, 15.61, 27.25, 17.56, 24.1, 4.46, 18.34, 25.22, 36.25, 18.17, 38.44, 14.89, 15.34, 17.0, 17.66, 35.2, 21.12, 15.46, 0.0, 33.1, 19.04, 35.7, 15.6, 29.42, 62.57], [0, 20.11, 29.09, 12.66, 18.48, 12.23, 18.73, 8.57, 28.48, 5.86, 16.43, 16.66, 29.05, 15.51, 7.97, 11.89, 15.55, 11.1, 30.96, 26.88, 25.41, 21.81, 10.75, 16.66, 27.34, 33.1, 0.0, 18.91, 14.6, 27.09, 16.36, 85.9], [0, 9.92, 12.16, 8.47, 10.41, 18.15, 10.08, 10.35, 9.58, 14.34, 5.44, 5.07, 14.61, 5.94, 13.39, 17.83, 6.2, 20.42, 12.1, 8.01, 6.51, 12.19, 16.96, 10.96, 8.46, 19.04, 18.91, 0.0, 22.59, 8.2, 10.38, 67.18], [0, 23.6, 32.27, 15.76, 21.04, 5.46, 22.4, 12.33, 32.11, 8.74, 19.68, 20.54, 31.82, 18.75, 10.57, 14.9, 18.75, 13.48, 34.56, 30.5, 29.1, 25.48, 13.91, 20.41, 30.97, 35.7, 14.6, 22.59, 0.0, 30.72, 20.18, 89.69], [0, 7.41, 7.47, 15.76, 14.64, 26.35, 8.38, 18.55, 12.01, 22.29, 11.87, 12.04, 12.0, 12.72, 21.06, 25.14, 12.86, 27.96, 14.55, 10.46, 13.71, 5.32, 24.45, 10.59, 10.9, 15.6, 27.09, 8.2, 30.72, 0.0, 16.55, 59.28], [0, 13.23, 22.27, 13.69, 18.93, 14.74, 10.34, 10.0, 17.63, 14.97, 13.6, 5.32, 24.99, 13.37, 15.52, 9.1, 13.68, 12.16, 20.17, 16.54, 14.52, 12.13, 8.79, 8.5, 16.82, 29.42, 16.36, 10.38, 20.18, 16.55, 0.0, 71.55], [0, 0, 0, 0, 0, 0, 0, 0, 0, 0, 0, 0, 0, 0, 0, 0, 0, 0, 0, 0, 0, 0, 0, 0, 0, 0, 0, 0, 0, 0, 0, 0]], "end_depot": 31, "horizon": [0.0, 2000.0], "instance_name": "30_95_A_50_A9", "speed_zone_count": 73, "speed_zones": [[0.0, 15.0], [15.0, 30.0], [30.0, 45.0], [45.0, 60.0], [60.0, 75.0], [75.0, 90.0], [90.0, 105.0], [105.0, 120.0], [120.0, 135.0], [135.0, 150.0], [150.0, 165.0], [165.0, 180.0], [180.0, 195.0], [195.0, 210.0], [210.0, 225.0], [225.0, 240.0], [240.0, 255.0], [255.0, 270.0], [270.0, 285.0], [285.0, 300.0], [300.0, 315.0], [315.0, 330.0], [330.0, 345.0], [345.0, 360.0], [360.0, 375.0], [375.0, 390.0], [390.0, 405.0], [405.0, 420.0], [420.0, 435.0], [435.0, 450.0], [450.0, 465.0], [465.0, 480.0], [480.0, 495.0], [495.0, 510.0], [510.0, 525.0], [525.0, 540.0], [540.0, 555.0], [555.0, 570.0], [570.0, 585.0], [585.0, 600.0], [600.0, 615.0], [615.0, 630.0], [630.0, 645.0], [645.0, 660.0], [660.0, 675.0], [675.0, 690.0], [690.0, 705.0], [705.0, 720.0], [720.0, 735.0], [735.0, 750.0], [750.0, 765.0], [765.0, 780.0], [780.0, 795.0], [795.0, 810.0], [810.0, 825.0], [825.0, 840.0], [840.0, 855.0], [855.0, 870.0], [870.0, 885.0], [885.0, 900.0], [900.0, 915.0], [915.0, 930.0], [930.0, 945.0], [945.0, 960.0], [960.0, 975.0], [975.0, 990.0], [990.0, 1005.0], [1005.0, 1020.0], [1020.0, 1035.0], [1035.0, 1050.0], [1050.0, 1065.0], [1065.0, 1080.0], [1080.0, 2000.0]], "start_depot": 0, "time_windows": [[0.0, 1700.0], [18.0, 116.0], [24.0, 128.0], [34.0, 148.0], [38.0, 155.0], [56.0, 192.0], [79.0, 238.0], [96.0, 272.0], [124.0, 328.0], [148.0, 375.0], [157.0, 394.0], [164.0, 408.0], [180.0, 440.0], [190.0, 460.0], [202.0, 483.0], [223.0, 526.0], [253.0, 585.0], [275.0, 630.0], [301.0, 682.0], [312.0, 703.0], [321.0, 722.0], [331.0, 741.0], [344.0, 767.0], [356.0, 792.0], [365.0, 809.0], [378.0, 836.0], [414.0, 907.0], [431.0, 942.0], [449.0, 978.0], [471.0, 1021.0], [481.0, 1042.0], [0.0, 1700.0]], "vehicle_count": 1}