{"cluster_count": 3, "cluster_speeds": [[0.8325, 0.765, 0.8325, 0.9, 0.74925, 0.6885, 0.74925, 0.81, 0.41625, 0.3825, 0.41625, 0.45, 0.274725, 0.25245, 0.274725, 0.297, 0.333, 0.306, 0.333, 0.36, 0.4995, 0.459, 0.4995, 0.54, 0.6475, 0.595, 0.6475, 0.7, 0.37, 0.34, 0.37, 0.4, 0.30525, 0.2805, 0.30525, 0.33, 0.4625, 0.425, 0.4625, 0.5, 0.6475, 0.595, 0.6475, 0.7, 0.74, 0.68, 0.74, 0.8, 0.58275, 0.5355, 0.58275, 0.63, 0.41625, 0.3825, 0.41625, 0.45, 0.4995, 0.459, 0.4995, 0.54, 0.58275, 0.5355, 0.58275, 0.63, 0.74925, 0.6885, 0.74925, 0.81, 0.8325, 0.765, 0.8325, 0.9, 0.9], [0.87875, 0.8075, 0.87875, 0.95, 0.790875, 0.72675, 0.790875, 0.855, 0.439375, 0.40375, 0.439375, 0.475, 0.289988, 0.266475, 0.289988, 0.3135, 0.3515, 0.323, 0.3515, 0.38, 0.52725, 0.4845, 0.52725, 0.57, 0.6475, 0.595, 0.6475, 0.7, 0.37, 0.34, 0.37, 0.4, 0.30525, 0.2805, 0.30525, 0.33, 0.4625, 0.425, 0.4625, 0.5, 0.6475, 0.595, 0.6475, 0.7, 0.74, 0.68, 0.74, 0.8, 0.615125, 0.56525, 0.615125, 0.665, 0.439375, 0.40375, 0.439375, 0.475, 0.52725, 0.4845, 0.52725, 0.57, 0.615125, 0.56525, 0.615125, 0.665, 0.790875, 0.72675, 0.790875, 0.855, 0.87875, 0.8075, 0.87875, 0.95, 0.95], [0.925, 0.85, 0.925, 1.0, 0.8325, 0.765, 0.8325, 0.9, 0.4625, 0.425, 0.4625, 0.5, 0.30525, 0.2805, 0.30525, 0.33, 0.37, 0.34, 0.37, 0.4, 0.555, 0.51, 0.555, 0.6, 0.6475, 0.595, 0.6475, 0.7, 0.37, 0.34, 0.37, 0.4, 0.30525, 0.2805, 0.30525, 0.33, 0.4625, 0.425, 0.4625, 0.5, 0.6475, 0.595, 0.6475, 0.7, 0.74, 0.68, 0.74, 0.8, 0.6475, 0.595, 0.6475, 0.7, 0.4625, 0.425, 0.4625, 0.5, 0.555, 0.51, 0.555, 0.6, 0.6475, 0.595, 0.6475, 0.7, 0.8325, 0.765, 0.8325, 0.9, 0.925, 0.85, 0.925, 1.0, 1.0]], "clusters": [[-1, 2, 2, 2, 2, 2, 2, 2, 2, 2, 2, 2, 2, 2, 2, 2, 2, 2, 2, 2, 2, 2, 2, 2, 2, 2, 2, 2, 2, 2, 2, -1], [2, -1, 2, 2, 2, 2, 2, 2, 2, 2, 2, 2, 2, 2, 2, 2, 2, 2, 2, 2, 2, 2, 2, 2, 2, 2, 2, 2, 2, 2, 2, 2], [0, 0, -1, 0, 0, 0, 0, 0, 0, 0, 0, 0, 0, 0, 0, 0, 0, 0, 0, 0, 0, 0, 0, 0, 0, 0, 0, 0, 0, 0, 0, 0], [0, 0, 0, -1, 0, 0, 0, 0, 0, 0, 0, 0, 0, 0, 0, 0, 0, 0, 0, 0, 0, 0, 0, 0, 0, 0, 0, 0, 0, 0, 0, 0], [0, 0, 0, 0, -1, 0, 0, 0, 0, 0, 0, 0, 0, 0, 0, 0, 0, 0, 0, 0, 0, 0, 0, 0, 0, 0, 0, 0, 0, 0, 0, 0], [1, 1, 1, 1, 1, -1, 1, 1, 1, 1, 1, 1, 1, 1, 1, 1, 1, 1, 1, 1, 1, 1, 1, 1, 1, 1, 1, 1, 1, 1, 1, 1], [0, 0, 0, 0, 0, 0, -1, 0, 0, 0, 0, 0, 0, 0, 0, 0, 0, 0, 0, 0, 0, 0, 0, 0, 0, 0, 0, 0, 0, 0, 0, 0], [0, 0, 0, 0, 0, 0, 0, -1, 0, 0, 0, 0, 0, 0, 0, 0, 0, 0, 0, 0, 0, 0, 0, 0, 0, 0, 0, 0, 0, 0, 0, 0], [1, 1, 1, 1, 1, 1, 1, 1, -1, 1, 1, 1, 1, 1, 1, 1, 1, 1, 1, 1, 1, 1, 1, 1, 1, 1, 1, 1, 1, 1, 1, 1], [0, 0, 0, 0, 0, 0, 0, 0, 0, -1, 0, 0, 0, 0, 0, 0, 0, 0, 0, 0, 0, 0, 0, 0, 0, 0, 0, 0, 0, 0, 0, 0], [0, 0, 0, 0, 0, 0, 0, 0, 0, 0, -1, 0, 0, 0, 0, 0, 0, 0, 0, 0, 0, 0, 0, 0, 0, 0, 0, 0, 0, 0, 0, 0], [0, 0, 0, 0, 0, 0, 0, 0, 0, 0, 0, -1, 0, 0, 0, 0, 0, 0, 0, 0, 0, 0, 0, 0, 0, 0, 0, 0, 0, 0, 0, 0], [0, 0, 0, 0, 0, 0, 0, 0, 0, 0, 0, 0, -1, 0, 0, 0, 0, 0, 0, 0, 0, 0, 0, 0, 0, 0, 0, 0, 0, 0, 0, 0], [0, 0, 0, 0, 0, 0, 0, 0, 0, 0, 0, 0, 0, -1, 0, 0, 0, 0, 0, 0, 0, 0, 0, 0, 0, 0, 0, 0, 0, 0, 0, 0], [0, 0, 0, 0, 0, 0, 0, 0, 0, 0, 0, 0, 0, 0, -1, 0, 0, 0, 0, 0, 0, 0, 0, 0, 0, 0, 0, 0, 0, 0, 0, 0], [1, 1, 1, 1, 1, 1, 1, 1, 1, 1, 1, 1, 1, 1, 1, -1, 1, 1, 1, 1, 1, 1, 1, 1, 1, 1, 1, 1, 1, 1, 1, 1], [0, 0, 0, 0, 0, 0, 0, 0, 0, 0, 0, 0, 0, 0, 0, 0, -1, 0, 0, 0, 0, 0, 0, 0, 0, 0, 0, 0, 0, 0, 0, 0], [0, 0, 0, 0, 0, 0, 0, 0, 0, 0, 0, 0, 0, 0, 0, 0, 0, -1, 0, 0, 0, 0, 0, 0, 0, 0, 0, 0, 0, 0, 0, 0], [0, 0, 0, 0, 0, 0, 0, 0, 0, 0, 0, 0, 0, 0, 0, 0, 0, 0, -1, 0, 0, 0, 0, 0, 0, 0, 0, 0, 0, 0, 0, 0], [0, 0, 0, 0, 0, 0, 0, 0, 0, 0, 0, 0, 0, 0, 0, 0, 0, 0, 0, -1, 0, 0, 0, 0, 0, 0, 0, 0, 0, 0, 0, 0], [1, 1, 1, 1, 1, 1, 1, 1, 1, 1, 1, 1, 1, 1, 1, 1, 1, 1, 1, 1, -1, 1, 1, 1, 1, 1, 1, 1, 1, 1, 1, 1], [0, 0, 0, 0, 0, 0, 0, 0, 0, 0, 0, 0, 0, 0, 0, 0, 0, 0, 0, 0, 0, -1, 0, 0, 0, 0, 0, 0, 0, 0, 0, 0], [0, 0, 0, 0, 0, 0, 0, 0, 0, 0, 0, 0, 0, 0, 0, 0, 0, 0, 0, 0, 0, 0, -1, 0, 0, 0, 0, 0, 0, 0, 0, 0], [1, 1, 1, 1, 1, 1, 1, 1, 1, 1, 1, 1, 1, 1, 1, 1, 1, 1, 1, 1, 1, 1, 1, -1, 1, 1, 1, 1, 1, 1, 1, 1], [0, 0, 0, 0, 0, 0, 0, 0, 0, 0, 0, 0, 0, 0, 0, 0, 0, 0, 0, 0, 0, 0, 0, 0, -1, 0, 0, 0, 0, 0, 0, 0], [1, 1, 1, 1, 1, 1, 1, 1, 1, 1, 1, 1, 1, 1, 1, 1, 1, 1, 1, 1, 1, 1, 1, 1, 1, -1, 1, 1, 1, 1, 1, 1], [0, 0, 0, 0, 0, 0, 0, 0, 0, 0, 0, 0, 0, 0, 0, 0, 0, 0, 0, 0, 0, 0, 0, 0, 0, 0, -1, 0, 0, 0, 0, 0], [0, 0, 0, 0, 0, 0, 0, 0, 0, 0, 0, 0, 0, 0, 0, 0, 0, 0, 0, 0, 0, 0, 0, 0, 0, 0, 0, -1, 0, 0, 0, 0], [0, 0, 0, 0, 0, 0, 0, 0, 0, 0, 0, 0, 0, 0, 0, 0, 0, 0, 0, 0, 0, 0, 0, 0, 0, 0, 0, 0, -1, 0, 0, 0], [0, 0, 0, 0, 0, 0, 0, 0, 0, 0, 0, 0, 0, 0, 0, 0, 0, 0, 0, 0, 0, 0, 0, 0, 0, 0, 0, 0, 0, -1, 0, 0], [0, 0, 0, 0, 0, 0, 0, 0, 0, 0, 0, 0, 0, 0, 0, 0, 0, 0, 0, 0, 0, 0, 0, 0, 0, 0, 0, 0, 0, 0, -1, 0], [-1, 2, 2, 2, 2, 2, 2, 2, 2, 2, 2, 2, 2, 2, 2, 2, 2, 2, 2, 2, 2, 2, 2, 2, 2, 2, 2, 2, 2, 2, 2, -1]], "dataset_name": "guerriero_et_al_2014b", "digraph": {"arc_count": 930, "arcs": [[0, 1, 1, 1, 1, 1, 1, 1, 1, 1, 1, 1, 1, 1, 1, 1, 1, 1, 1, 1, 1, 1, 1, 1, 1, 1, 1, 1, 1, 1, 1, 0], [0, 0, 1, 1, 1, 1, 1, 1, 1, 1, 1, 1, 1, 1, 1, 1, 1, 1, 1, 1, 1, 1, 1, 1, 1, 1, 1, 1, 1, 1, 1, 1], [0, 1, 0, 1, 1, 1, 1, 1, 1, 1, 1, 1, 1, 1, 1, 1, 1, 1, 1, 1, 1, 1, 1, 1, 1, 1, 1, 1, 1, 1, 1, 1], [0, 1, 1, 0, 1, 1, 1, 1, 1, 1, 1, 1, 1, 1, 1, 1, 1, 1, 1, 1, 1, 1, 1, 1, 1, 1, 1, 1, 1, 1, 1, 1], [0, 1, 1, 1, 0, 1, 1, 1, 1, 1, 1, 1, 1, 1, 1, 1, 1, 1, 1, 1, 1, 1, 1, 1, 1, 1, 1, 1, 1, 1, 1, 1], [0, 1, 1, 1, 1, 0, 1, 1, 1, 1, 1, 1, 1, 1, 1, 1, 1, 1, 1, 1, 1, 1, 1, 1, 1, 1, 1, 1, 1, 1, 1, 1], [0, 1, 1, 1, 1, 1, 0, 1, 1, 1, 1, 1, 1, 1, 1, 1, 1, 1, 1, 1, 1, 1, 1, 1, 1, 1, 1, 1, 1, 1, 1, 1], [0, 1, 1, 1, 1, 1, 1, 0, 1, 1, 1, 1, 1, 1, 1, 1, 1, 1, 1, 1, 1, 1, 1, 1, 1, 1, 1, 1, 1, 1, 1, 1], [0, 1, 1, 1, 1, 1, 1, 1, 0, 1, 1, 1, 1, 1, 1, 1, 1, 1, 1, 1, 1, 1, 1, 1, 1, 1, 1, 1, 1, 1, 1, 1], [0, 1, 1, 1, 1, 1, 1, 1, 1, 0, 1, 1, 1, 1, 1, 1, 1, 1, 1, 1, 1, 1, 1, 1, 1, 1, 1, 1, 1, 1, 1, 1], [0, 1, 1, 1, 1, 1, 1, 1, 1, 1, 0, 1, 1, 1, 1, 1, 1, 1, 1, 1, 1, 1, 1, 1, 1, 1, 1, 1, 1, 1, 1, 1], [0, 1, 1, 1, 1, 1, 1, 1, 1, 1, 1, 0, 1, 1, 1, 1, 1, 1, 1, 1, 1, 1, 1, 1, 1, 1, 1, 1, 1, 1, 1, 1], [0, 1, 1, 1, 1, 1, 1, 1, 1, 1, 1, 1, 0, 1, 1, 1, 1, 1, 1, 1, 1, 1, 1, 1, 1, 1, 1, 1, 1, 1, 1, 1], [0, 1, 1, 1, 1, 1, 1, 1, 1, 1, 1, 1, 1, 0, 1, 1, 1, 1, 1, 1, 1, 1, 1, 1, 1, 1, 1, 1, 1, 1, 1, 1], [0, 1, 1, 1, 1, 1, 1, 1, 1, 1, 1, 1, 1, 1, 0, 1, 1, 1, 1, 1, 1, 1, 1, 1, 1, 1, 1, 1, 1, 1, 1, 1], [0, 1, 1, 1, 1, 1, 1, 1, 1, 1, 1, 1, 1, 1, 1, 0, 1, 1, 1, 1, 1, 1, 1, 1, 1, 1, 1, 1, 1, 1, 1, 1], [0, 1, 1, 1, 1, 1, 1, 1, 1, 1, 1, 1, 1, 1, 1, 1, 0, 1, 1, 1, 1, 1, 1, 1, 1, 1, 1, 1, 1, 1, 1, 1], [0, 1, 1, 1, 1, 1, 1, 1, 1, 1, 1, 1, 1, 1, 1, 1, 1, 0, 1, 1, 1, 1, 1, 1, 1, 1, 1, 1, 1, 1, 1, 1], [0, 1, 1, 1, 1, 1, 1, 1, 1, 1, 1, 1, 1, 1, 1, 1, 1, 1, 0, 1, 1, 1, 1, 1, 1, 1, 1, 1, 1, 1, 1, 1], [0, 1, 1, 1, 1, 1, 1, 1, 1, 1, 1, 1, 1, 1, 1, 1, 1, 1, 1, 0, 1, 1, 1, 1, 1, 1, 1, 1, 1, 1, 1, 1], [0, 1, 1, 1, 1, 1, 1, 1, 1, 1, 1, 1, 1, 1, 1, 1, 1, 1, 1, 1, 0, 1, 1, 1, 1, 1, 1, 1, 1, 1, 1, 1], [0, 1, 1, 1, 1, 1, 1, 1, 1, 1, 1, 1, 1, 1, 1, 1, 1, 1, 1, 1, 1, 0, 1, 1, 1, 1, 1, 1, 1, 1, 1, 1], [0, 1, 1, 1, 1, 1, 1, 1, 1, 1, 1, 1, 1, 1, 1, 1, 1, 1, 1, 1, 1, 1, 0, 1, 1, 1, 1, 1, 1, 1, 1, 1], [0, 1, 1, 1, 1, 1, 1, 1, 1, 1, 1, 1, 1, 1, 1, 1, 1, 1, 1, 1, 1, 1, 1, 0, 1, 1, 1, 1, 1, 1, 1, 1], [0, 1, 1, 1, 1, 1, 1, 1, 1, 1, 1, 1, 1, 1, 1, 1, 1, 1, 1, 1, 1, 1, 1, 1, 0, 1, 1, 1, 1, 1, 1, 1], [0, 1, 1, 1, 1, 1, 1, 1, 1, 1, 1, 1, 1, 1, 1, 1, 1, 1, 1, 1, 1, 1, 1, 1, 1, 0, 1, 1, 1, 1, 1, 1], [0, 1, 1, 1, 1, 1, 1, 1, 1, 1, 1, 1, 1, 1, 1, 1, 1, 1, 1, 1, 1, 1, 1, 1, 1, 1, 0, 1, 1, 1, 1, 1], [0, 1, 1, 1, 1, 1, 1, 1, 1, 1, 1, 1, 1, 1, 1, 1, 1, 1, 1, 1, 1, 1, 1, 1, 1, 1, 1, 0, 1, 1, 1, 1], [0, 1, 1, 1, 1, 1, 1, 1, 1, 1, 1, 1, 1, 1, 1, 1, 1, 1, 1, 1, 1, 1, 1, 1, 1, 1, 1, 1, 0, 1, 1, 1], [0, 1, 1, 1, 1, 1, 1, 1, 1, 1, 1, 1, 1, 1, 1, 1, 1, 1, 1, 1, 1, 1, 1, 1, 1, 1, 1, 1, 1, 0, 1, 1], [0, 1, 1, 1, 1, 1, 1, 1, 1, 1, 1, 1, 1, 1, 1, 1, 1, 1, 1, 1, 1, 1, 1, 1, 1, 1, 1, 1, 1, 1, 0, 1], [0, 0, 0, 0, 0, 0, 0, 0, 0, 0, 0, 0, 0, 0, 0, 0, 0, 0, 0, 0, 0, 0, 0, 0, 0, 0, 0, 0, 0, 0, 0, 0]], "vertex_count": 32}, "distances": [[0, 95.09, 62.27, 60.61, 72.34, 77.86, 59.49, 73.43, 56.74, 76.57, 66.63, 70.71, 72.5, 69.18, 66.05, 87.91, 71.94, 62.84, 70.35, 70.43, 88.04, 70.21, 69.54, 87.55, 76.49, 52.02, 78.45, 79.88, 72.83, 67.05, 57.23, 0], [0, 0.0, 33.55, 36.16, 26.25, 19.01, 37.31, 22.23, 48.55, 20.8, 29.21, 24.73, 28.94, 26.31, 29.82, 8.23, 26.38, 33.03, 26.56, 31.74, 9.8, 29.2, 25.55, 7.94, 21.52, 45.96, 18.9, 17.69, 22.9, 28.85, 40.74, 95.09], [0, 33.55, 0.0, 11.53, 11.04, 20.16, 4.52, 11.35, 19.6, 14.36, 4.39, 8.84, 13.35, 7.26, 12.19, 25.87, 10.54, 9.02, 8.28, 13.06, 28.51, 10.19, 9.18, 26.72, 14.44, 12.91, 16.21, 17.63, 10.7, 4.79, 8.47, 62.27], [0, 36.16, 11.53, 0.0, 11.77, 23.69, 14.24, 13.98, 15.95, 16.11, 7.14, 11.79, 12.88, 10.25, 6.57, 28.25, 11.35, 11.68, 9.88, 11.84, 31.7, 10.01, 12.66, 29.66, 15.92, 9.82, 18.06, 19.47, 13.3, 7.44, 4.93, 60.61], [0, 26.25, 11.04, 11.77, 0.0, 19.62, 12.86, 7.22, 22.34, 5.49, 7.72, 7.85, 4.37, 7.84, 8.05, 18.03, 9.12, 10.49, 10.92, 6.47, 24.27, 12.42, 11.18, 21.16, 4.75, 20.77, 7.35, 8.6, 6.81, 7.34, 15.4, 72.34], [0, 19.01, 20.16, 23.69, 19.62, 0.0, 24.66, 12.41, 39.17, 15.81, 16.95, 12.85, 23.93, 14.01, 17.42, 15.17, 19.32, 19.85, 17.33, 26.01, 10.3, 22.05, 11.04, 11.13, 17.03, 32.92, 15.4, 15.64, 12.89, 16.82, 28.61, 77.86], [0, 37.31, 4.52, 14.24, 12.86, 24.66, 0.0, 15.12, 15.26, 17.26, 8.26, 12.9, 13.77, 11.35, 7.67, 29.41, 12.45, 4.82, 11.04, 12.56, 32.79, 10.99, 13.65, 30.79, 17.06, 8.68, 19.21, 20.62, 14.45, 8.57, 12.99, 59.49], [0, 22.23, 11.35, 13.98, 7.22, 12.41, 15.12, 0.0, 27.9, 4.94, 6.99, 9.95, 11.58, 4.26, 7.59, 14.54, 6.92, 10.82, 5.18, 13.6, 18.17, 9.68, 5.51, 15.75, 5.88, 23.8, 6.03, 7.26, 9.75, 6.62, 18.71, 73.43], [0, 48.55, 19.6, 15.95, 22.34, 39.17, 15.26, 27.9, 0.0, 27.82, 22.23, 26.51, 19.9, 25.2, 21.77, 40.32, 22.26, 19.75, 22.78, 17.14, 46.05, 19.37, 28.21, 43.31, 27.04, 10.84, 29.68, 30.86, 27.25, 22.36, 11.59, 56.74], [0, 20.8, 14.36, 16.11, 5.49, 15.81, 17.26, 4.94, 27.82, 0.0, 10.13, 7.35, 8.97, 8.38, 10.67, 12.6, 5.58, 13.79, 6.24, 11.58, 19.04, 8.47, 10.43, 15.75, 10.24, 25.64, 10.97, 12.2, 5.11, 9.7, 20.3, 76.57], [0, 29.21, 4.39, 7.14, 7.72, 16.95, 8.26, 6.99, 22.23, 10.13, 0.0, 4.65, 11.07, 8.86, 9.26, 21.48, 7.18, 12.12, 4.42, 11.69, 24.56, 7.97, 6.04, 22.54, 10.34, 16.93, 11.92, 13.33, 6.33, 9.01, 12.03, 66.63], [0, 24.73, 8.84, 11.79, 7.85, 12.85, 12.9, 9.95, 26.51, 7.35, 4.65, 0.0, 12.12, 9.2, 5.23, 17.21, 7.4, 8.35, 4.77, 13.68, 19.94, 9.63, 10.35, 17.91, 8.05, 21.57, 8.7, 9.99, 9.34, 4.36, 16.66, 70.71], [0, 28.94, 13.35, 12.88, 4.37, 23.93, 13.77, 11.58, 19.9, 8.97, 11.07, 12.12, 0.0, 11.91, 11.23, 20.75, 4.75, 12.87, 7.48, 10.84, 28.01, 12.34, 15.39, 24.64, 7.88, 20.49, 10.49, 11.43, 11.18, 10.77, 15.29, 72.5], [0, 26.31, 7.26, 10.25, 7.84, 14.01, 11.35, 4.26, 25.2, 8.38, 8.86, 9.2, 11.91, 0.0, 9.28, 18.75, 7.34, 6.76, 4.44, 13.17, 21.45, 9.15, 9.77, 19.49, 8.92, 20.01, 9.91, 11.25, 9.01, 10.88, 15.14, 69.18], [0, 29.82, 12.19, 6.57, 8.05, 17.42, 7.67, 7.59, 21.77, 10.67, 9.26, 5.23, 11.23, 9.28, 0.0, 22.09, 7.51, 12.49, 4.84, 11.7, 25.14, 8.08, 6.46, 23.14, 10.85, 16.34, 12.48, 13.89, 6.93, 9.6, 11.46, 66.05], [0, 8.23, 25.87, 28.25, 18.03, 15.17, 29.41, 14.54, 40.32, 12.6, 21.48, 17.21, 20.75, 18.75, 22.09, 0.0, 18.16, 25.33, 18.5, 23.54, 10.42, 20.97, 18.61, 6.25, 13.29, 37.99, 10.68, 9.46, 15.17, 21.1, 32.72, 87.91], [0, 26.38, 10.54, 11.35, 9.12, 19.32, 12.45, 6.92, 22.26, 5.58, 7.18, 7.4, 4.75, 7.34, 7.51, 18.16, 0.0, 9.98, 11.04, 6.7, 24.19, 12.61, 10.71, 21.15, 4.94, 20.45, 7.49, 8.77, 6.47, 6.8, 15.07, 71.94], [0, 33.03, 9.02, 11.68, 10.49, 19.85, 4.82, 10.82, 19.75, 13.79, 12.12, 8.35, 12.87, 6.76, 12.49, 25.33, 9.98, 0.0, 7.7, 12.66, 28.08, 9.7, 8.83, 26.25, 13.86, 13.32, 15.64, 17.06, 10.17, 4.24, 8.76, 62.84], [0, 26.56, 8.28, 9.88, 10.92, 17.33, 11.04, 5.18, 22.78, 6.24, 4.42, 4.77, 7.48, 4.44, 4.84, 18.5, 11.04, 7.7, 0.0, 8.91, 23.27, 4.86, 7.92, 20.62, 6.18, 19.5, 8.18, 9.59, 4.57, 9.13, 14.22, 70.35], [0, 31.74, 13.06, 11.84, 6.47, 26.01, 12.56, 13.6, 17.14, 11.58, 11.69, 13.68, 10.84, 13.17, 11.7, 23.54, 6.7, 12.66, 8.91, 0.0, 30.6, 13.78, 16.74, 27.31, 10.55, 18.43, 13.19, 14.18, 13.12, 11.47, 13.44, 70.43], [0, 9.8, 28.51, 31.7, 24.27, 10.3, 32.79, 18.17, 46.05, 19.04, 24.56, 19.94, 28.01, 21.45, 25.14, 10.42, 24.19, 28.08, 23.27, 30.6, 0.0, 27.18, 19.52, 4.18, 20.14, 41.4, 17.63, 17.0, 18.83, 24.3, 36.59, 88.04], [0, 29.2, 10.19, 10.01, 12.42, 22.05, 10.99, 9.68, 19.37, 8.47, 7.97, 9.63, 12.34, 9.15, 8.08, 20.97, 12.61, 9.7, 4.86, 13.78, 27.18, 0.0, 12.71, 24.12, 7.68, 18.36, 10.31, 11.52, 9.16, 7.69, 13.02, 70.21], [0, 25.55, 9.18, 12.66, 11.18, 11.04, 13.65, 5.51, 28.21, 10.43, 6.04, 10.35, 15.39, 9.77, 6.46, 18.61, 10.71, 8.83, 7.92, 16.74, 19.52, 12.71, 0.0, 18.18, 11.27, 22.05, 11.51, 12.67, 5.34, 5.99, 17.58, 69.54], [0, 7.94, 26.72, 29.66, 21.16, 11.13, 30.79, 15.75, 43.31, 15.75, 22.54, 17.91, 24.64, 19.49, 23.14, 6.25, 21.15, 26.25, 20.62, 27.31, 4.18, 24.12, 18.18, 0.0, 16.76, 39.47, 14.15, 13.35, 16.43, 22.23, 34.45, 87.55], [0, 21.52, 14.44, 15.92, 4.75, 17.03, 17.06, 5.88, 27.04, 10.24, 10.34, 8.05, 7.88, 8.92, 10.85, 13.29, 4.94, 13.86, 6.18, 10.55, 20.14, 7.68, 11.27, 16.76, 0.0, 25.29, 11.9, 13.14, 5.93, 9.91, 19.93, 76.49], [0, 45.96, 12.91, 9.82, 20.77, 32.92, 8.68, 23.8, 10.84, 25.64, 16.93, 21.57, 20.49, 20.01, 16.34, 37.99, 20.45, 13.32, 19.5, 18.43, 41.4, 18.36, 22.05, 39.47, 25.29, 0.0, 27.61, 28.99, 23.12, 17.24, 5.37, 52.02], [0, 18.9, 16.21, 18.06, 7.35, 15.4, 19.21, 6.03, 29.68, 10.97, 11.92, 8.7, 10.49, 9.91, 12.48, 10.68, 7.49, 15.64, 8.18, 13.19, 17.63, 10.31, 11.51, 14.15, 11.9, 27.61, 0.0, 13.29, 6.37, 11.49, 22.27, 78.45], [0, 17.69, 17.63, 19.47, 8.6, 15.64, 20.62, 7.26, 30.86, 12.2, 13.33, 9.99, 11.43, 11.25, 13.89, 9.46, 8.77, 17.06, 9.59, 14.18, 17.0, 11.52, 12.67, 13.35, 13.14, 28.99, 13.29, 0.0, 7.66, 12.9, 23.65, 79.88], [0, 22.9, 10.7, 13.3, 6.81, 12.89, 14.45, 9.75, 27.25, 5.11, 6.33, 9.34, 11.18, 9.01, 6.93, 15.17, 6.47, 10.17, 4.57, 13.12, 18.83, 9.16, 5.34, 16.43, 5.93, 23.12, 6.37, 7.66, 0.0, 5.96, 18.03, 72.83], [0, 28.85, 4.79, 7.44, 7.34, 16.82, 8.57, 6.62, 22.36, 9.7, 9.01, 4.36, 10.77, 10.88, 9.6, 21.1, 6.8, 4.24, 9.13, 11.47, 24.3, 7.69, 5.99, 22.23, 9.91, 17.24, 11.49, 12.9, 5.96, 0.0, 12.29, 67.05], [0, 40.74, 8.47, 4.93, 15.4, 28.61, 12.99, 18.71, 11.59, 20.3, 12.03, 16.66, 15.29, 15.14, 11.46, 32.72, 15.07, 8.76, 14.22, 13.44, 36.59, 13.02, 17.58, 34.45, 19.93, 5.37, 22.27, 23.65, 18.03, 12.29, 0.0, 57.23], [0, 0, 0, 0, 0, 0, 0, 0, 0, 0, 0, 0, 0, 0, 0, 0, 0, 0, 0, 0, 0, 0, 0, 0, 0, 0, 0, 0, 0, 0, 0, 0]], "end_depot": 31, "horizon": [0.0, 2000.0], "instance_name": "30_90_B_50_A6", "speed_zone_count": 73, "speed_zones": [[0.0, 15.0], [15.0, 30.0], [30.0, 45.0], [45.0, 60.0], [60.0, 75.0], [75.0, 90.0], [90.0, 105.0], [105.0, 120.0], [120.0, 135.0], [135.0, 150.0], [150.0, 165.0], [165.0, 180.0], [180.0, 195.0], [195.0, 210.0], [210.0, 225.0], [225.0, 240.0], [240.0, 255.0], [255.0, 270.0], [270.0, 285.0], [285.0, 300.0], [300.0, 315.0], [315.0, 330.0], [330.0, 345.0], [345.0, 360.0], [360.0, 375.0], [375.0, 390.0], [390.0, 405.0], [405.0, 420.0], [420.0, 435.0], [435.0, 450.0], [450.0, 465.0], [465.0, 480.0], [480.0, 495.0], [495.0, 510.0], [510.0, 525.0], [525.0, 540.0], [540.0, 555.0], [555.0, 570.0], [570.0, 585.0], [585.0, 600.0], [600.0, 615.0], [615.0, 630.0], [630.0, 645.0], [645.0, 660.0], [660.0, 675.0], [675.0, 690.0], [690.0, 705.0], [705.0, 720.0], [720.0, 735.0], [735.0, 750.0], [750.0, 765.0], [765.0, 780.0], [780.0, 795.0], [795.0, 810.0], [810.0, 825.0], [825.0, 840.0], [840.0, 855.0], [855.0, 870.0], [870.0, 885.0], [885.0, 900.0], [900.0, 915.0], [915.0, 930.0], [930.0, 945.0], [945.0, 960.0], [960.0, 975.0], [975.0, 990.0], [990.0, 1005.0], [1005.0, 1020.0], [1020.0, 1035.0], [1035.0, 1050.0], [1050.0, 1065.0], [1065.0, 1080.0], [1080.0, 2000.0]], "start_depot": 0, "time_windows": [[0.0, 1700.0], [35.0, 149.0], [66.0, 211.0], [85.0, 249.0], [105.0, 289.0], [133.0, 345.0], [157.0, 393.0], [169.0, 417.0], [190.0, 460.0], [230.0, 539.0], [246.0, 572.0], [253.0, 585.0], [266.0, 612.0], [279.0, 637.0], [286.0, 652.0], [304.0, 687.0], [317.0, 713.0], [324.0, 727.0], [329.0, 738.0], [335.0, 749.0], [360.0, 799.0], [386.0, 852.0], [401.0, 881.0], [420.0, 919.0], [434.0, 948.0], [456.0, 992.0], [475.0, 1029.0], [484.0, 1047.0], [489.0, 1057.0], [492.0, 1064.0], [500.0, 1079.0], [0.0, 1700.0]], "vehicle_count": 1}