{"cluster_count": 3, "cluster_speeds": [[0.6475, 0.595, 0.6475, 0.7, 0.58275, 0.5355, 0.58275, 0.63, 0.32375, 0.2975, 0.32375, 0.35, 0.213675, 0.19635, 0.213675, 0.231, 0.259, 0.238, 0.259, 0.28, 0.3885, 0.357, 0.3885, 0.42, 0.6475, 0.595, 0.6475, 0.7, 0.37, 0.34, 0.37, 0.4, 0.30525, 0.2805, 0.30525, 0.33, 0.4625, 0.425, 0.4625, 0.5, 0.6475, 0.595, 0.6475, 0.7, 0.74, 0.68, 0.74, 0.8, 0.45325, 0.4165, 0.45325, 0.49, 0.32375, 0.2975, 0.32375, 0.35, 0.3885, 0.357, 0.3885, 0.42, 0.45325, 0.4165, 0.45325, 0.49, 0.58275, 0.5355, 0.58275, 0.63, 0.6475, 0.595, 0.6475, 0.7, 0.7], [0.74, 0.68, 0.74, 0.8, 0.666, 0.612, 0.666, 0.72, 0.37, 0.34, 0.37, 0.4, 0.2442, 0.2244, 0.2442, 0.264, 0.296, 0.272, 0.296, 0.32, 0.444, 0.408, 0.444, 0.48, 0.6475, 0.595, 0.6475, 0.7, 0.37, 0.34, 0.37, 0.4, 0.30525, 0.2805, 0.30525, 0.33, 0.4625, 0.425, 0.4625, 0.5, 0.6475, 0.595, 0.6475, 0.7, 0.74, 0.68, 0.74, 0.8, 0.518, 0.476, 0.518, 0.56, 0.37, 0.34, 0.37, 0.4, 0.444, 0.408, 0.444, 0.48, 0.518, 0.476, 0.518, 0.56, 0.666, 0.612, 0.666, 0.72, 0.74, 0.68, 0.74, 0.8, 0.8], [0.925, 0.85, 0.925, 1.0, 0.8325, 0.765, 0.8325, 0.9, 0.4625, 0.425, 0.4625, 0.5, 0.30525, 0.2805, 0.30525, 0.33, 0.37, 0.34, 0.37, 0.4, 0.555, 0.51, 0.555, 0.6, 0.6475, 0.595, 0.6475, 0.7, 0.37, 0.34, 0.37, 0.4, 0.30525, 0.2805, 0.30525, 0.33, 0.4625, 0.425, 0.4625, 0.5, 0.6475, 0.595, 0.6475, 0.7, 0.74, 0.68, 0.74, 0.8, 0.6475, 0.595, 0.6475, 0.7, 0.4625, 0.425, 0.4625, 0.5, 0.555, 0.51, 0.555, 0.6, 0.6475, 0.595, 0.6475, 0.7, 0.8325, 0.765, 0.8325, 0.9, 0.925, 0.85, 0.925, 1.0, 1.0]], "clusters": [[-1, 2, 2, 2, 2, 2, 2, 2, 2, 2, 2, 2, 2, 2, 2, 2, 2, 2, 2, 2, 2, 2, 2, 2, 2, 2, 2, 2, 2, 2, 2, 2, 2, 2, 2, 2, 2, 2, 2, 2, 2, -1], [1, -1, 1, 1, 1, 1, 1, 1, 1, 1, 1, 1, 1, 1, 1, 1, 1, 1, 1, 1, 1, 1, 1, 1, 1, 1, 1, 1, 1, 1, 1, 1, 1, 1, 1, 1, 1, 1, 1, 1, 1, 1], [0, 0, -1, 0, 0, 0, 0, 0, 0, 0, 0, 0, 0, 0, 0, 0, 0, 0, 0, 0, 0, 0, 0, 0, 0, 0, 0, 0, 0, 0, 0, 0, 0, 0, 0, 0, 0, 0, 0, 0, 0, 0], [2, 2, 2, -1, 2, 2, 2, 2, 2, 2, 2, 2, 2, 2, 2, 2, 2, 2, 2, 2, 2, 2, 2, 2, 2, 2, 2, 2, 2, 2, 2, 2, 2, 2, 2, 2, 2, 2, 2, 2, 2, 2], [1, 1, 1, 1, -1, 1, 1, 1, 1, 1, 1, 1, 1, 1, 1, 1, 1, 1, 1, 1, 1, 1, 1, 1, 1, 1, 1, 1, 1, 1, 1, 1, 1, 1, 1, 1, 1, 1, 1, 1, 1, 1], [2, 2, 2, 2, 2, -1, 2, 2, 2, 2, 2, 2, 2, 2, 2, 2, 2, 2, 2, 2, 2, 2, 2, 2, 2, 2, 2, 2, 2, 2, 2, 2, 2, 2, 2, 2, 2, 2, 2, 2, 2, 2], [1, 1, 1, 1, 1, 1, -1, 1, 1, 1, 1, 1, 1, 1, 1, 1, 1, 1, 1, 1, 1, 1, 1, 1, 1, 1, 1, 1, 1, 1, 1, 1, 1, 1, 1, 1, 1, 1, 1, 1, 1, 1], [2, 2, 2, 2, 2, 2, 2, -1, 2, 2, 2, 2, 2, 2, 2, 2, 2, 2, 2, 2, 2, 2, 2, 2, 2, 2, 2, 2, 2, 2, 2, 2, 2, 2, 2, 2, 2, 2, 2, 2, 2, 2], [1, 1, 1, 1, 1, 1, 1, 1, -1, 1, 1, 1, 1, 1, 1, 1, 1, 1, 1, 1, 1, 1, 1, 1, 1, 1, 1, 1, 1, 1, 1, 1, 1, 1, 1, 1, 1, 1, 1, 1, 1, 1], [1, 1, 1, 1, 1, 1, 1, 1, 1, -1, 1, 1, 1, 1, 1, 1, 1, 1, 1, 1, 1, 1, 1, 1, 1, 1, 1, 1, 1, 1, 1, 1, 1, 1, 1, 1, 1, 1, 1, 1, 1, 1], [2, 2, 2, 2, 2, 2, 2, 2, 2, 2, -1, 2, 2, 2, 2, 2, 2, 2, 2, 2, 2, 2, 2, 2, 2, 2, 2, 2, 2, 2, 2, 2, 2, 2, 2, 2, 2, 2, 2, 2, 2, 2], [1, 1, 1, 1, 1, 1, 1, 1, 1, 1, 1, -1, 1, 1, 1, 1, 1, 1, 1, 1, 1, 1, 1, 1, 1, 1, 1, 1, 1, 1, 1, 1, 1, 1, 1, 1, 1, 1, 1, 1, 1, 1], [2, 2, 2, 2, 2, 2, 2, 2, 2, 2, 2, 2, -1, 2, 2, 2, 2, 2, 2, 2, 2, 2, 2, 2, 2, 2, 2, 2, 2, 2, 2, 2, 2, 2, 2, 2, 2, 2, 2, 2, 2, 2], [2, 2, 2, 2, 2, 2, 2, 2, 2, 2, 2, 2, 2, -1, 2, 2, 2, 2, 2, 2, 2, 2, 2, 2, 2, 2, 2, 2, 2, 2, 2, 2, 2, 2, 2, 2, 2, 2, 2, 2, 2, 2], [1, 1, 1, 1, 1, 1, 1, 1, 1, 1, 1, 1, 1, 1, -1, 1, 1, 1, 1, 1, 1, 1, 1, 1, 1, 1, 1, 1, 1, 1, 1, 1, 1, 1, 1, 1, 1, 1, 1, 1, 1, 1], [0, 0, 0, 0, 0, 0, 0, 0, 0, 0, 0, 0, 0, 0, 0, -1, 0, 0, 0, 0, 0, 0, 0, 0, 0, 0, 0, 0, 0, 0, 0, 0, 0, 0, 0, 0, 0, 0, 0, 0, 0, 0], [0, 0, 0, 0, 0, 0, 0, 0, 0, 0, 0, 0, 0, 0, 0, 0, -1, 0, 0, 0, 0, 0, 0, 0, 0, 0, 0, 0, 0, 0, 0, 0, 0, 0, 0, 0, 0, 0, 0, 0, 0, 0], [2, 2, 2, 2, 2, 2, 2, 2, 2, 2, 2, 2, 2, 2, 2, 2, 2, -1, 2, 2, 2, 2, 2, 2, 2, 2, 2, 2, 2, 2, 2, 2, 2, 2, 2, 2, 2, 2, 2, 2, 2, 2], [2, 2, 2, 2, 2, 2, 2, 2, 2, 2, 2, 2, 2, 2, 2, 2, 2, 2, -1, 2, 2, 2, 2, 2, 2, 2, 2, 2, 2, 2, 2, 2, 2, 2, 2, 2, 2, 2, 2, 2, 2, 2], [0, 0, 0, 0, 0, 0, 0, 0, 0, 0, 0, 0, 0, 0, 0, 0, 0, 0, 0, -1, 0, 0, 0, 0, 0, 0, 0, 0, 0, 0, 0, 0, 0, 0, 0, 0, 0, 0, 0, 0, 0, 0], [2, 2, 2, 2, 2, 2, 2, 2, 2, 2, 2, 2, 2, 2, 2, 2, 2, 2, 2, 2, -1, 2, 2, 2, 2, 2, 2, 2, 2, 2, 2, 2, 2, 2, 2, 2, 2, 2, 2, 2, 2, 2], [2, 2, 2, 2, 2, 2, 2, 2, 2, 2, 2, 2, 2, 2, 2, 2, 2, 2, 2, 2, 2, -1, 2, 2, 2, 2, 2, 2, 2, 2, 2, 2, 2, 2, 2, 2, 2, 2, 2, 2, 2, 2], [0, 0, 0, 0, 0, 0, 0, 0, 0, 0, 0, 0, 0, 0, 0, 0, 0, 0, 0, 0, 0, 0, -1, 0, 0, 0, 0, 0, 0, 0, 0, 0, 0, 0, 0, 0, 0, 0, 0, 0, 0, 0], [2, 2, 2, 2, 2, 2, 2, 2, 2, 2, 2, 2, 2, 2, 2, 2, 2, 2, 2, 2, 2, 2, 2, -1, 2, 2, 2, 2, 2, 2, 2, 2, 2, 2, 2, 2, 2, 2, 2, 2, 2, 2], [1, 1, 1, 1, 1, 1, 1, 1, 1, 1, 1, 1, 1, 1, 1, 1, 1, 1, 1, 1, 1, 1, 1, 1, -1, 1, 1, 1, 1, 1, 1, 1, 1, 1, 1, 1, 1, 1, 1, 1, 1, 1], [1, 1, 1, 1, 1, 1, 1, 1, 1, 1, 1, 1, 1, 1, 1, 1, 1, 1, 1, 1, 1, 1, 1, 1, 1, -1, 1, 1, 1, 1, 1, 1, 1, 1, 1, 1, 1, 1, 1, 1, 1, 1], [0, 0, 0, 0, 0, 0, 0, 0, 0, 0, 0, 0, 0, 0, 0, 0, 0, 0, 0, 0, 0, 0, 0, 0, 0, 0, -1, 0, 0, 0, 0, 0, 0, 0, 0, 0, 0, 0, 0, 0, 0, 0], [2, 2, 2, 2, 2, 2, 2, 2, 2, 2, 2, 2, 2, 2, 2, 2, 2, 2, 2, 2, 2, 2, 2, 2, 2, 2, 2, -1, 2, 2, 2, 2, 2, 2, 2, 2, 2, 2, 2, 2, 2, 2], [1, 1, 1, 1, 1, 1, 1, 1, 1, 1, 1, 1, 1, 1, 1, 1, 1, 1, 1, 1, 1, 1, 1, 1, 1, 1, 1, 1, -1, 1, 1, 1, 1, 1, 1, 1, 1, 1, 1, 1, 1, 1], [0, 0, 0, 0, 0, 0, 0, 0, 0, 0, 0, 0, 0, 0, 0, 0, 0, 0, 0, 0, 0, 0, 0, 0, 0, 0, 0, 0, 0, -1, 0, 0, 0, 0, 0, 0, 0, 0, 0, 0, 0, 0], [2, 2, 2, 2, 2, 2, 2, 2, 2, 2, 2, 2, 2, 2, 2, 2, 2, 2, 2, 2, 2, 2, 2, 2, 2, 2, 2, 2, 2, 2, -1, 2, 2, 2, 2, 2, 2, 2, 2, 2, 2, 2], [0, 0, 0, 0, 0, 0, 0, 0, 0, 0, 0, 0, 0, 0, 0, 0, 0, 0, 0, 0, 0, 0, 0, 0, 0, 0, 0, 0, 0, 0, 0, -1, 0, 0, 0, 0, 0, 0, 0, 0, 0, 0], [0, 0, 0, 0, 0, 0, 0, 0, 0, 0, 0, 0, 0, 0, 0, 0, 0, 0, 0, 0, 0, 0, 0, 0, 0, 0, 0, 0, 0, 0, 0, 0, -1, 0, 0, 0, 0, 0, 0, 0, 0, 0], [0, 0, 0, 0, 0, 0, 0, 0, 0, 0, 0, 0, 0, 0, 0, 0, 0, 0, 0, 0, 0, 0, 0, 0, 0, 0, 0, 0, 0, 0, 0, 0, 0, -1, 0, 0, 0, 0, 0, 0, 0, 0], [1, 1, 1, 1, 1, 1, 1, 1, 1, 1, 1, 1, 1, 1, 1, 1, 1, 1, 1, 1, 1, 1, 1, 1, 1, 1, 1, 1, 1, 1, 1, 1, 1, 1, -1, 1, 1, 1, 1, 1, 1, 1], [0, 0, 0, 0, 0, 0, 0, 0, 0, 0, 0, 0, 0, 0, 0, 0, 0, 0, 0, 0, 0, 0, 0, 0, 0, 0, 0, 0, 0, 0, 0, 0, 0, 0, 0, -1, 0, 0, 0, 0, 0, 0], [0, 0, 0, 0, 0, 0, 0, 0, 0, 0, 0, 0, 0, 0, 0, 0, 0, 0, 0, 0, 0, 0, 0, 0, 0, 0, 0, 0, 0, 0, 0, 0, 0, 0, 0, 0, -1, 0, 0, 0, 0, 0], [2, 2, 2, 2, 2, 2, 2, 2, 2, 2, 2, 2, 2, 2, 2, 2, 2, 2, 2, 2, 2, 2, 2, 2, 2, 2, 2, 2, 2, 2, 2, 2, 2, 2, 2, 2, 2, -1, 2, 2, 2, 2], [0, 0, 0, 0, 0, 0, 0, 0, 0, 0, 0, 0, 0, 0, 0, 0, 0, 0, 0, 0, 0, 0, 0, 0, 0, 0, 0, 0, 0, 0, 0, 0, 0, 0, 0, 0, 0, 0, -1, 0, 0, 0], [1, 1, 1, 1, 1, 1, 1, 1, 1, 1, 1, 1, 1, 1, 1, 1, 1, 1, 1, 1, 1, 1, 1, 1, 1, 1, 1, 1, 1, 1, 1, 1, 1, 1, 1, 1, 1, 1, 1, -1, 1, 1], [0, 0, 0, 0, 0, 0, 0, 0, 0, 0, 0, 0, 0, 0, 0, 0, 0, 0, 0, 0, 0, 0, 0, 0, 0, 0, 0, 0, 0, 0, 0, 0, 0, 0, 0, 0, 0, 0, 0, 0, -1, 0], [-1, 2, 2, 2, 2, 2, 2, 2, 2, 2, 2, 2, 2, 2, 2, 2, 2, 2, 2, 2, 2, 2, 2, 2, 2, 2, 2, 2, 2, 2, 2, 2, 2, 2, 2, 2, 2, 2, 2, 2, 2, -1]], "dataset_name": "guerriero_et_al_2014b", "digraph": {"arc_count": 1640, "arcs": [[0, 1, 1, 1, 1, 1, 1, 1, 1, 1, 1, 1, 1, 1, 1, 1, 1, 1, 1, 1, 1, 1, 1, 1, 1, 1, 1, 1, 1, 1, 1, 1, 1, 1, 1, 1, 1, 1, 1, 1, 1, 0], [0, 0, 1, 1, 1, 1, 1, 1, 1, 1, 1, 1, 1, 1, 1, 1, 1, 1, 1, 1, 1, 1, 1, 1, 1, 1, 1, 1, 1, 1, 1, 1, 1, 1, 1, 1, 1, 1, 1, 1, 1, 1], [0, 1, 0, 1, 1, 1, 1, 1, 1, 1, 1, 1, 1, 1, 1, 1, 1, 1, 1, 1, 1, 1, 1, 1, 1, 1, 1, 1, 1, 1, 1, 1, 1, 1, 1, 1, 1, 1, 1, 1, 1, 1], [0, 1, 1, 0, 1, 1, 1, 1, 1, 1, 1, 1, 1, 1, 1, 1, 1, 1, 1, 1, 1, 1, 1, 1, 1, 1, 1, 1, 1, 1, 1, 1, 1, 1, 1, 1, 1, 1, 1, 1, 1, 1], [0, 1, 1, 1, 0, 1, 1, 1, 1, 1, 1, 1, 1, 1, 1, 1, 1, 1, 1, 1, 1, 1, 1, 1, 1, 1, 1, 1, 1, 1, 1, 1, 1, 1, 1, 1, 1, 1, 1, 1, 1, 1], [0, 1, 1, 1, 1, 0, 1, 1, 1, 1, 1, 1, 1, 1, 1, 1, 1, 1, 1, 1, 1, 1, 1, 1, 1, 1, 1, 1, 1, 1, 1, 1, 1, 1, 1, 1, 1, 1, 1, 1, 1, 1], [0, 1, 1, 1, 1, 1, 0, 1, 1, 1, 1, 1, 1, 1, 1, 1, 1, 1, 1, 1, 1, 1, 1, 1, 1, 1, 1, 1, 1, 1, 1, 1, 1, 1, 1, 1, 1, 1, 1, 1, 1, 1], [0, 1, 1, 1, 1, 1, 1, 0, 1, 1, 1, 1, 1, 1, 1, 1, 1, 1, 1, 1, 1, 1, 1, 1, 1, 1, 1, 1, 1, 1, 1, 1, 1, 1, 1, 1, 1, 1, 1, 1, 1, 1], [0, 1, 1, 1, 1, 1, 1, 1, 0, 1, 1, 1, 1, 1, 1, 1, 1, 1, 1, 1, 1, 1, 1, 1, 1, 1, 1, 1, 1, 1, 1, 1, 1, 1, 1, 1, 1, 1, 1, 1, 1, 1], [0, 1, 1, 1, 1, 1, 1, 1, 1, 0, 1, 1, 1, 1, 1, 1, 1, 1, 1, 1, 1, 1, 1, 1, 1, 1, 1, 1, 1, 1, 1, 1, 1, 1, 1, 1, 1, 1, 1, 1, 1, 1], [0, 1, 1, 1, 1, 1, 1, 1, 1, 1, 0, 1, 1, 1, 1, 1, 1, 1, 1, 1, 1, 1, 1, 1, 1, 1, 1, 1, 1, 1, 1, 1, 1, 1, 1, 1, 1, 1, 1, 1, 1, 1], [0, 1, 1, 1, 1, 1, 1, 1, 1, 1, 1, 0, 1, 1, 1, 1, 1, 1, 1, 1, 1, 1, 1, 1, 1, 1, 1, 1, 1, 1, 1, 1, 1, 1, 1, 1, 1, 1, 1, 1, 1, 1], [0, 1, 1, 1, 1, 1, 1, 1, 1, 1, 1, 1, 0, 1, 1, 1, 1, 1, 1, 1, 1, 1, 1, 1, 1, 1, 1, 1, 1, 1, 1, 1, 1, 1, 1, 1, 1, 1, 1, 1, 1, 1], [0, 1, 1, 1, 1, 1, 1, 1, 1, 1, 1, 1, 1, 0, 1, 1, 1, 1, 1, 1, 1, 1, 1, 1, 1, 1, 1, 1, 1, 1, 1, 1, 1, 1, 1, 1, 1, 1, 1, 1, 1, 1], [0, 1, 1, 1, 1, 1, 1, 1, 1, 1, 1, 1, 1, 1, 0, 1, 1, 1, 1, 1, 1, 1, 1, 1, 1, 1, 1, 1, 1, 1, 1, 1, 1, 1, 1, 1, 1, 1, 1, 1, 1, 1], [0, 1, 1, 1, 1, 1, 1, 1, 1, 1, 1, 1, 1, 1, 1, 0, 1, 1, 1, 1, 1, 1, 1, 1, 1, 1, 1, 1, 1, 1, 1, 1, 1, 1, 1, 1, 1, 1, 1, 1, 1, 1], [0, 1, 1, 1, 1, 1, 1, 1, 1, 1, 1, 1, 1, 1, 1, 1, 0, 1, 1, 1, 1, 1, 1, 1, 1, 1, 1, 1, 1, 1, 1, 1, 1, 1, 1, 1, 1, 1, 1, 1, 1, 1], [0, 1, 1, 1, 1, 1, 1, 1, 1, 1, 1, 1, 1, 1, 1, 1, 1, 0, 1, 1, 1, 1, 1, 1, 1, 1, 1, 1, 1, 1, 1, 1, 1, 1, 1, 1, 1, 1, 1, 1, 1, 1], [0, 1, 1, 1, 1, 1, 1, 1, 1, 1, 1, 1, 1, 1, 1, 1, 1, 1, 0, 1, 1, 1, 1, 1, 1, 1, 1, 1, 1, 1, 1, 1, 1, 1, 1, 1, 1, 1, 1, 1, 1, 1], [0, 1, 1, 1, 1, 1, 1, 1, 1, 1, 1, 1, 1, 1, 1, 1, 1, 1, 1, 0, 1, 1, 1, 1, 1, 1, 1, 1, 1, 1, 1, 1, 1, 1, 1, 1, 1, 1, 1, 1, 1, 1], [0, 1, 1, 1, 1, 1, 1, 1, 1, 1, 1, 1, 1, 1, 1, 1, 1, 1, 1, 1, 0, 1, 1, 1, 1, 1, 1, 1, 1, 1, 1, 1, 1, 1, 1, 1, 1, 1, 1, 1, 1, 1], [0, 1, 1, 1, 1, 1, 1, 1, 1, 1, 1, 1, 1, 1, 1, 1, 1, 1, 1, 1, 1, 0, 1, 1, 1, 1, 1, 1, 1, 1, 1, 1, 1, 1, 1, 1, 1, 1, 1, 1, 1, 1], [0, 1, 1, 1, 1, 1, 1, 1, 1, 1, 1, 1, 1, 1, 1, 1, 1, 1, 1, 1, 1, 1, 0, 1, 1, 1, 1, 1, 1, 1, 1, 1, 1, 1, 1, 1, 1, 1, 1, 1, 1, 1], [0, 1, 1, 1, 1, 1, 1, 1, 1, 1, 1, 1, 1, 1, 1, 1, 1, 1, 1, 1, 1, 1, 1, 0, 1, 1, 1, 1, 1, 1, 1, 1, 1, 1, 1, 1, 1, 1, 1, 1, 1, 1], [0, 1, 1, 1, 1, 1, 1, 1, 1, 1, 1, 1, 1, 1, 1, 1, 1, 1, 1, 1, 1, 1, 1, 1, 0, 1, 1, 1, 1, 1, 1, 1, 1, 1, 1, 1, 1, 1, 1, 1, 1, 1], [0, 1, 1, 1, 1, 1, 1, 1, 1, 1, 1, 1, 1, 1, 1, 1, 1, 1, 1, 1, 1, 1, 1, 1, 1, 0, 1, 1, 1, 1, 1, 1, 1, 1, 1, 1, 1, 1, 1, 1, 1, 1], [0, 1, 1, 1, 1, 1, 1, 1, 1, 1, 1, 1, 1, 1, 1, 1, 1, 1, 1, 1, 1, 1, 1, 1, 1, 1, 0, 1, 1, 1, 1, 1, 1, 1, 1, 1, 1, 1, 1, 1, 1, 1], [0, 1, 1, 1, 1, 1, 1, 1, 1, 1, 1, 1, 1, 1, 1, 1, 1, 1, 1, 1, 1, 1, 1, 1, 1, 1, 1, 0, 1, 1, 1, 1, 1, 1, 1, 1, 1, 1, 1, 1, 1, 1], [0, 1, 1, 1, 1, 1, 1, 1, 1, 1, 1, 1, 1, 1, 1, 1, 1, 1, 1, 1, 1, 1, 1, 1, 1, 1, 1, 1, 0, 1, 1, 1, 1, 1, 1, 1, 1, 1, 1, 1, 1, 1], [0, 1, 1, 1, 1, 1, 1, 1, 1, 1, 1, 1, 1, 1, 1, 1, 1, 1, 1, 1, 1, 1, 1, 1, 1, 1, 1, 1, 1, 0, 1, 1, 1, 1, 1, 1, 1, 1, 1, 1, 1, 1], [0, 1, 1, 1, 1, 1, 1, 1, 1, 1, 1, 1, 1, 1, 1, 1, 1, 1, 1, 1, 1, 1, 1, 1, 1, 1, 1, 1, 1, 1, 0, 1, 1, 1, 1, 1, 1, 1, 1, 1, 1, 1], [0, 1, 1, 1, 1, 1, 1, 1, 1, 1, 1, 1, 1, 1, 1, 1, 1, 1, 1, 1, 1, 1, 1, 1, 1, 1, 1, 1, 1, 1, 1, 0, 1, 1, 1, 1, 1, 1, 1, 1, 1, 1], [0, 1, 1, 1, 1, 1, 1, 1, 1, 1, 1, 1, 1, 1, 1, 1, 1, 1, 1, 1, 1, 1, 1, 1, 1, 1, 1, 1, 1, 1, 1, 1, 0, 1, 1, 1, 1, 1, 1, 1, 1, 1], [0, 1, 1, 1, 1, 1, 1, 1, 1, 1, 1, 1, 1, 1, 1, 1, 1, 1, 1, 1, 1, 1, 1, 1, 1, 1, 1, 1, 1, 1, 1, 1, 1, 0, 1, 1, 1, 1, 1, 1, 1, 1], [0, 1, 1, 1, 1, 1, 1, 1, 1, 1, 1, 1, 1, 1, 1, 1, 1, 1, 1, 1, 1, 1, 1, 1, 1, 1, 1, 1, 1, 1, 1, 1, 1, 1, 0, 1, 1, 1, 1, 1, 1, 1], [0, 1, 1, 1, 1, 1, 1, 1, 1, 1, 1, 1, 1, 1, 1, 1, 1, 1, 1, 1, 1, 1, 1, 1, 1, 1, 1, 1, 1, 1, 1, 1, 1, 1, 1, 0, 1, 1, 1, 1, 1, 1], [0, 1, 1, 1, 1, 1, 1, 1, 1, 1, 1, 1, 1, 1, 1, 1, 1, 1, 1, 1, 1, 1, 1, 1, 1, 1, 1, 1, 1, 1, 1, 1, 1, 1, 1, 1, 0, 1, 1, 1, 1, 1], [0, 1, 1, 1, 1, 1, 1, 1, 1, 1, 1, 1, 1, 1, 1, 1, 1, 1, 1, 1, 1, 1, 1, 1, 1, 1, 1, 1, 1, 1, 1, 1, 1, 1, 1, 1, 1, 0, 1, 1, 1, 1], [0, 1, 1, 1, 1, 1, 1, 1, 1, 1, 1, 1, 1, 1, 1, 1, 1, 1, 1, 1, 1, 1, 1, 1, 1, 1, 1, 1, 1, 1, 1, 1, 1, 1, 1, 1, 1, 1, 0, 1, 1, 1], [0, 1, 1, 1, 1, 1, 1, 1, 1, 1, 1, 1, 1, 1, 1, 1, 1, 1, 1, 1, 1, 1, 1, 1, 1, 1, 1, 1, 1, 1, 1, 1, 1, 1, 1, 1, 1, 1, 1, 0, 1, 1], [0, 1, 1, 1, 1, 1, 1, 1, 1, 1, 1, 1, 1, 1, 1, 1, 1, 1, 1, 1, 1, 1, 1, 1, 1, 1, 1, 1, 1, 1, 1, 1, 1, 1, 1, 1, 1, 1, 1, 1, 0, 1], [0, 0, 0, 0, 0, 0, 0, 0, 0, 0, 0, 0, 0, 0, 0, 0, 0, 0, 0, 0, 0, 0, 0, 0, 0, 0, 0, 0, 0, 0, 0, 0, 0, 0, 0, 0, 0, 0, 0, 0, 0, 0]], "vertex_count": 42}, "distances": [[0, 65.94, 74.13, 70.32, 71.58, 48.2, 87.14, 65.23, 75.32, 91.94, 97.9, 71.92, 81.37, 36.37, 88.29, 74.66, 68.22, 66.23, 97.92, 67.19, 52.36, 95.97, 55.96, 120.13, 53.87, 50.6, 74.14, 87.62, 48.43, 76.32, 50.44, 82.42, 62.6, 70.95, 75.1, 67.84, 61.43, 105.35, 73.31, 54.98, 69.99, 0], [0, 0.0, 17.07, 10.46, 39.59, 27.42, 30.65, 6.3, 9.63, 40.45, 58.0, 39.36, 50.97, 29.57, 32.22, 16.67, 26.39, 8.31, 51.97, 23.92, 21.08, 52.59, 22.38, 69.77, 24.95, 20.77, 18.01, 55.87, 21.69, 31.35, 27.65, 28.82, 24.54, 30.42, 12.16, 28.78, 24.24, 53.32, 18.15, 24.4, 21.2, 65.94], [0, 17.07, 0.0, 25.74, 26.47, 43.26, 14.46, 23.25, 13.78, 23.5, 41.17, 26.1, 36.24, 39.44, 15.95, 14.29, 14.07, 25.02, 34.89, 12.42, 37.24, 35.6, 19.65, 53.21, 22.46, 23.59, 14.84, 40.36, 25.71, 15.58, 43.92, 11.8, 16.13, 16.77, 7.6, 16.66, 16.73, 36.74, 13.78, 21.38, 7.86, 74.13], [0, 10.46, 25.74, 0.0, 49.88, 25.94, 37.59, 5.91, 13.36, 48.06, 66.86, 49.63, 61.01, 34.62, 39.15, 25.08, 36.62, 4.2, 60.11, 34.19, 19.75, 61.15, 32.6, 76.23, 35.03, 30.06, 26.8, 65.68, 30.52, 40.92, 25.17, 36.88, 35.0, 40.53, 18.97, 39.07, 34.71, 60.01, 27.21, 34.58, 31.12, 70.32], [0, 39.59, 26.47, 49.88, 0.0, 58.67, 27.32, 45.63, 39.89, 24.93, 26.46, 19.09, 12.29, 45.86, 27.34, 27.47, 13.27, 47.79, 26.85, 15.69, 54.22, 24.5, 22.08, 49.11, 21.99, 29.06, 25.4, 18.35, 30.99, 12.61, 60.29, 22.43, 15.98, 9.72, 33.96, 10.82, 16.79, 36.0, 24.52, 21.35, 19.18, 71.58], [0, 27.42, 43.26, 25.94, 58.67, 0.0, 57.55, 23.04, 36.33, 66.6, 81.79, 58.64, 70.95, 19.34, 59.09, 43.14, 47.38, 22.79, 77.19, 45.03, 6.44, 77.12, 36.66, 96.46, 37.35, 30.04, 43.97, 76.82, 28.55, 54.64, 13.11, 54.9, 42.91, 51.65, 39.55, 48.95, 41.98, 80.0, 43.75, 37.7, 44.47, 48.2], [0, 30.65, 14.46, 37.59, 27.32, 57.55, 0.0, 36.44, 24.27, 10.75, 31.23, 26.81, 32.56, 53.46, 11.35, 14.45, 20.47, 37.88, 23.16, 20.61, 51.42, 25.0, 31.29, 39.11, 33.67, 36.69, 13.96, 34.55, 38.95, 14.98, 58.09, 5.32, 25.38, 19.99, 18.85, 22.08, 26.42, 22.68, 14.49, 32.53, 17.19, 87.14], [0, 6.3, 23.25, 5.91, 45.63, 23.04, 36.44, 0.0, 13.42, 46.47, 64.28, 45.42, 57.14, 29.19, 38.01, 22.78, 32.5, 10.11, 58.13, 30.01, 16.6, 58.83, 27.21, 75.51, 29.52, 24.26, 24.22, 62.12, 24.65, 37.65, 22.83, 34.92, 30.25, 36.59, 17.63, 34.82, 29.84, 59.11, 24.41, 29.13, 27.46, 65.23], [0, 9.63, 13.78, 13.36, 39.89, 36.33, 24.27, 13.42, 0.0, 34.83, 54.14, 39.55, 50.01, 39.0, 25.82, 12.9, 26.89, 14.31, 47.01, 24.75, 29.89, 48.26, 27.43, 62.89, 30.3, 27.97, 14.89, 54.1, 29.38, 29.35, 36.23, 23.94, 27.08, 30.19, 6.24, 29.5, 27.21, 46.65, 15.59, 29.48, 20.73, 75.32], [0, 40.45, 23.5, 48.06, 24.93, 66.6, 10.75, 46.47, 34.83, 0.0, 20.87, 24.42, 25.99, 60.27, 9.32, 23.8, 23.73, 48.06, 12.42, 24.94, 60.69, 14.54, 36.32, 30.02, 38.14, 42.71, 22.7, 26.34, 45.03, 15.71, 67.36, 11.72, 29.38, 21.26, 29.13, 24.23, 30.56, 13.81, 22.86, 37.05, 23.19, 91.94], [0, 58.0, 41.17, 66.86, 26.46, 81.79, 31.23, 64.28, 54.14, 20.87, 0.0, 26.18, 17.49, 71.42, 29.97, 41.79, 34.57, 66.14, 9.44, 36.82, 76.49, 6.34, 46.77, 25.4, 47.44, 53.89, 40.14, 12.62, 56.05, 27.2, 83.0, 30.21, 39.65, 30.43, 48.04, 33.41, 40.76, 19.49, 39.88, 46.59, 37.53, 97.9], [0, 39.36, 26.1, 49.63, 19.09, 58.64, 26.81, 45.42, 39.55, 24.42, 26.18, 0.0, 12.31, 45.98, 26.82, 27.1, 13.01, 47.58, 26.44, 15.45, 54.15, 24.13, 22.1, 48.7, 22.07, 29.1, 25.02, 18.3, 31.06, 12.12, 60.25, 21.93, 15.89, 9.37, 33.6, 10.59, 16.72, 35.53, 24.15, 21.42, 18.86, 71.92], [0, 50.97, 36.24, 61.01, 12.29, 70.95, 32.56, 57.14, 50.01, 25.99, 17.49, 12.31, 0.0, 57.85, 31.99, 37.15, 24.69, 59.26, 21.88, 27.2, 66.44, 18.38, 34.37, 42.53, 34.18, 41.31, 35.12, 6.38, 43.2, 20.73, 72.56, 28.85, 28.17, 20.56, 43.83, 22.54, 29.02, 32.76, 34.42, 33.59, 29.9, 81.37], [0, 29.57, 39.44, 34.62, 45.86, 19.34, 53.46, 29.19, 39.0, 60.27, 71.42, 45.98, 57.85, 0.0, 54.8, 39.8, 37.5, 30.44, 68.8, 35.7, 19.84, 67.83, 24.75, 90.03, 24.02, 17.76, 39.69, 64.12, 15.5, 45.73, 21.89, 49.39, 31.99, 41.29, 39.23, 38.17, 30.83, 74.08, 39.03, 24.83, 37.12, 36.37], [0, 32.22, 15.95, 39.15, 27.34, 59.09, 11.35, 38.01, 25.82, 9.32, 29.97, 26.82, 31.99, 54.8, 0.0, 15.96, 21.23, 39.46, 21.74, 21.52, 52.97, 23.7, 32.38, 37.55, 34.69, 37.92, 15.41, 33.72, 40.19, 15.23, 59.64, 6.04, 26.29, 20.44, 20.42, 22.69, 27.36, 21.11, 15.9, 33.55, 18.3, 88.29], [0, 16.67, 14.29, 25.08, 27.47, 43.14, 14.45, 22.78, 12.9, 23.8, 41.79, 27.1, 37.15, 39.8, 15.96, 0.0, 15.1, 24.5, 35.35, 13.44, 37.07, 36.15, 20.46, 53.36, 23.29, 24.19, 15.4, 41.2, 26.28, 16.46, 43.74, 12.15, 17.11, 17.78, 6.69, 17.69, 17.69, 36.89, 14.81, 22.22, 8.9, 74.66], [0, 26.39, 14.07, 36.62, 13.27, 47.38, 20.47, 32.5, 26.89, 23.73, 34.57, 13.01, 24.69, 37.5, 21.23, 15.1, 0.0, 34.63, 31.3, 10.46, 42.37, 30.45, 12.87, 52.77, 14.44, 19.74, 13.12, 29.98, 22.01, 8.31, 48.73, 15.21, 5.69, 4.3, 21.19, 11.93, 6.88, 37.28, 12.09, 13.37, 6.26, 68.22], [0, 8.31, 25.02, 4.2, 47.79, 22.79, 37.88, 10.11, 14.31, 48.06, 66.14, 47.58, 59.26, 30.44, 39.46, 24.5, 34.63, 0.0, 59.84, 32.15, 16.42, 60.62, 29.43, 76.88, 31.72, 26.36, 26.02, 64.18, 26.67, 39.63, 22.33, 36.59, 32.46, 38.7, 19.04, 36.98, 32.06, 60.52, 26.26, 31.34, 29.51, 66.23], [0, 51.97, 34.89, 60.11, 26.85, 77.19, 23.16, 58.13, 47.01, 12.42, 9.44, 26.44, 21.88, 68.8, 21.74, 35.35, 31.3, 59.84, 0.0, 33.18, 71.54, 15.79, 44.11, 22.29, 45.33, 51.04, 33.97, 19.24, 53.3, 23.12, 78.17, 23.26, 36.86, 27.65, 41.13, 30.82, 38.04, 11.09, 33.91, 44.35, 32.79, 97.92], [0, 23.92, 12.42, 34.19, 15.69, 45.03, 20.61, 30.01, 24.75, 24.94, 36.82, 15.45, 27.2, 35.7, 21.52, 13.44, 10.46, 32.15, 33.18, 0.0, 39.95, 32.51, 11.38, 54.37, 13.34, 17.96, 11.56, 32.46, 20.26, 10.06, 46.35, 15.5, 4.77, 6.76, 19.21, 4.9, 5.85, 38.65, 10.49, 12.21, 4.6, 67.19], [0, 21.08, 37.24, 19.75, 54.22, 6.44, 51.42, 16.6, 29.89, 60.69, 76.49, 54.15, 66.44, 19.84, 52.97, 37.07, 42.37, 16.42, 71.54, 39.95, 0.0, 71.63, 32.53, 90.43, 33.63, 26.43, 38.0, 72.14, 25.33, 49.29, 6.68, 48.97, 38.28, 46.66, 33.23, 44.12, 37.43, 73.96, 37.85, 33.82, 38.99, 52.36], [0, 52.59, 35.6, 61.15, 24.5, 77.12, 25.0, 58.83, 48.26, 14.54, 6.34, 24.13, 18.38, 67.83, 23.7, 36.15, 30.45, 60.62, 15.79, 32.51, 71.63, 0.0, 43.08, 24.77, 44.07, 50.12, 34.61, 15.43, 52.35, 22.56, 78.21, 24.32, 35.84, 26.54, 42.23, 29.67, 37.0, 14.9, 34.43, 43.14, 32.66, 95.97], [0, 22.38, 19.65, 32.6, 22.08, 36.66, 31.29, 27.21, 27.43, 36.32, 46.77, 22.1, 34.37, 24.75, 32.38, 20.46, 12.87, 29.43, 44.11, 11.38, 32.53, 43.08, 0.0, 65.63, 13.66, 7.13, 19.32, 40.38, 9.29, 21.17, 38.37, 26.47, 7.26, 16.54, 23.76, 13.42, 6.08, 50.02, 18.32, 12.57, 14.1, 55.96], [0, 69.77, 53.21, 76.23, 49.11, 96.46, 39.11, 75.51, 62.89, 30.02, 25.4, 48.7, 42.53, 90.03, 37.55, 53.36, 52.77, 76.88, 22.29, 54.37, 90.43, 24.77, 65.63, 0.0, 67.09, 72.33, 52.5, 38.02, 74.63, 44.46, 97.11, 41.61, 58.44, 49.46, 57.88, 52.63, 59.63, 16.47, 52.75, 66.07, 53.12, 120.13], [0, 24.95, 22.46, 35.03, 21.99, 37.35, 33.67, 29.52, 30.3, 38.14, 47.44, 22.07, 34.18, 24.02, 34.69, 23.29, 14.44, 31.72, 45.33, 13.34, 33.63, 44.07, 13.66, 67.09, 0.0, 7.31, 22.09, 40.34, 9.04, 22.69, 39.21, 28.72, 8.76, 17.68, 26.68, 14.51, 7.58, 51.72, 21.06, 14.07, 16.55, 53.87], [0, 20.77, 23.59, 30.06, 29.06, 30.04, 36.69, 24.26, 27.97, 42.71, 53.89, 29.1, 41.31, 17.76, 37.92, 24.19, 19.74, 26.36, 51.04, 17.96, 26.43, 50.12, 7.13, 72.33, 7.31, 0.0, 23.56, 47.4, 16.35, 27.97, 31.91, 32.23, 14.28, 23.58, 25.76, 20.51, 13.14, 56.5, 22.71, 7.74, 19.77, 50.6], [0, 18.01, 14.84, 26.8, 25.4, 43.97, 13.96, 24.22, 14.89, 22.7, 40.14, 25.02, 35.12, 39.69, 15.41, 15.4, 13.12, 26.02, 33.97, 11.56, 38.0, 34.61, 19.32, 52.5, 22.09, 23.56, 0.0, 39.24, 25.72, 14.46, 44.67, 10.98, 15.45, 15.71, 8.71, 15.69, 16.11, 36.05, 12.89, 20.99, 6.98, 74.14], [0, 55.87, 40.36, 65.68, 18.35, 76.82, 34.55, 62.12, 54.1, 26.34, 12.62, 18.3, 6.38, 64.12, 33.72, 41.2, 29.98, 64.18, 19.24, 32.46, 72.14, 15.43, 40.38, 38.02, 40.34, 47.4, 39.24, 0.0, 49.34, 24.82, 78.36, 31.62, 33.92, 25.71, 47.86, 28.04, 34.85, 30.32, 38.66, 39.7, 34.67, 87.62], [0, 21.69, 25.71, 30.52, 30.99, 28.55, 38.95, 24.65, 29.38, 45.03, 56.05, 31.06, 43.2, 15.5, 40.19, 26.28, 22.01, 26.67, 53.3, 20.26, 25.33, 52.35, 9.29, 74.63, 9.04, 16.35, 25.72, 49.34, 0.0, 30.26, 30.53, 34.52, 16.51, 25.81, 27.53, 22.71, 15.35, 58.81, 24.89, 9.64, 22.07, 48.43], [0, 31.35, 15.58, 40.92, 12.61, 54.64, 14.98, 37.65, 29.35, 15.71, 27.2, 12.12, 20.73, 45.73, 15.23, 16.46, 8.31, 39.63, 23.12, 10.06, 49.29, 22.56, 21.17, 44.46, 22.69, 27.97, 14.46, 24.82, 30.26, 0.0, 55.82, 9.89, 13.98, 5.61, 23.14, 8.52, 15.18, 29.06, 13.84, 21.64, 10.38, 76.32], [0, 27.65, 43.92, 25.17, 60.29, 13.11, 58.09, 22.83, 36.23, 67.36, 83.0, 60.25, 72.56, 21.89, 59.64, 43.74, 48.73, 22.33, 78.17, 46.35, 6.68, 78.21, 38.37, 97.11, 39.21, 31.91, 44.67, 78.36, 30.53, 55.82, 0.0, 55.64, 44.44, 53.02, 39.81, 50.4, 43.54, 80.64, 44.52, 39.51, 45.56, 50.44], [0, 28.82, 11.8, 36.88, 22.43, 54.9, 5.32, 34.92, 23.94, 11.72, 30.21, 21.93, 28.85, 49.39, 6.04, 12.15, 15.21, 36.59, 23.26, 15.5, 48.97, 24.32, 26.47, 41.61, 28.72, 32.23, 10.98, 31.62, 34.52, 9.89, 55.64, 0.0, 20.26, 14.7, 17.93, 16.76, 21.34, 25.2, 11.16, 27.58, 12.48, 82.42], [0, 24.54, 16.13, 35.0, 15.98, 42.91, 25.38, 30.25, 27.08, 29.38, 39.65, 15.89, 28.17, 31.99, 26.29, 17.11, 5.69, 32.46, 36.86, 4.77, 38.28, 35.84, 7.26, 58.44, 8.76, 14.28, 15.45, 33.92, 16.51, 13.98, 44.44, 20.26, 0.0, 9.3, 22.12, 6.24, 10.62, 42.97, 14.36, 7.68, 8.83, 62.6], [0, 30.42, 16.77, 40.53, 9.72, 51.65, 19.99, 36.59, 30.19, 21.26, 30.43, 9.37, 20.56, 41.29, 20.44, 17.78, 4.3, 38.7, 27.65, 6.76, 46.66, 26.54, 16.54, 49.46, 17.68, 23.58, 15.71, 25.71, 25.81, 5.61, 53.02, 14.7, 9.3, 0.0, 24.23, 11.66, 10.46, 34.4, 14.8, 16.7, 9.53, 70.95], [0, 12.16, 7.6, 18.97, 33.96, 39.55, 18.85, 17.63, 6.24, 29.13, 48.04, 33.6, 43.83, 39.23, 20.42, 6.69, 21.19, 19.04, 41.13, 19.21, 33.23, 42.23, 23.76, 57.88, 26.68, 25.76, 8.71, 47.86, 27.53, 23.14, 39.81, 17.93, 22.12, 24.23, 0.0, 23.81, 22.44, 41.49, 9.48, 25.73, 14.94, 75.1], [0, 28.78, 16.66, 39.07, 10.82, 48.95, 22.08, 34.82, 29.5, 24.23, 33.41, 10.59, 22.54, 38.17, 22.69, 17.69, 11.93, 36.98, 30.82, 4.9, 44.12, 29.67, 13.42, 52.63, 14.51, 20.51, 15.69, 28.04, 22.71, 8.52, 50.4, 16.76, 6.24, 11.66, 23.81, 0.0, 7.36, 37.5, 14.68, 13.53, 8.88, 67.84], [0, 24.24, 16.73, 34.71, 16.79, 41.98, 26.42, 29.84, 27.21, 30.56, 40.76, 16.72, 29.02, 30.83, 27.36, 17.69, 6.88, 32.06, 38.04, 5.85, 37.43, 37.0, 6.08, 59.63, 7.58, 13.14, 16.11, 34.85, 15.35, 15.18, 43.54, 21.34, 10.62, 10.46, 22.44, 7.36, 0.0, 44.16, 15.02, 6.49, 9.67, 61.43], [0, 53.32, 36.74, 60.01, 36.0, 80.0, 22.68, 59.11, 46.65, 13.81, 19.49, 35.53, 32.76, 74.08, 21.11, 36.89, 37.28, 60.52, 11.09, 38.65, 73.96, 14.9, 50.02, 16.47, 51.72, 56.5, 36.05, 30.32, 58.81, 29.06, 80.64, 25.2, 42.97, 34.4, 41.49, 37.5, 44.16, 0.0, 36.33, 50.65, 36.99, 105.35], [0, 18.15, 13.78, 27.21, 24.52, 43.75, 14.49, 24.41, 15.59, 22.86, 39.88, 24.15, 34.42, 39.03, 15.9, 14.81, 12.09, 26.26, 33.91, 10.49, 37.85, 34.43, 18.32, 52.75, 21.06, 22.71, 12.89, 38.66, 24.89, 13.84, 44.52, 11.16, 14.36, 14.8, 9.48, 14.68, 15.02, 36.33, 0.0, 19.96, 5.91, 73.31], [0, 24.4, 21.38, 34.58, 21.35, 37.7, 32.53, 29.13, 29.48, 37.05, 46.59, 21.42, 33.59, 24.83, 33.55, 22.22, 13.37, 31.34, 44.35, 12.21, 33.82, 43.14, 12.57, 66.07, 14.07, 7.74, 20.99, 39.7, 9.64, 21.64, 39.51, 27.58, 7.68, 16.7, 25.73, 13.53, 6.49, 50.65, 19.96, 0.0, 15.41, 54.98], [0, 21.2, 7.86, 31.12, 19.18, 44.47, 17.19, 27.46, 20.73, 23.19, 37.53, 18.86, 29.9, 37.12, 18.3, 8.9, 6.26, 29.51, 32.79, 4.6, 38.99, 32.66, 14.1, 53.12, 16.55, 19.77, 6.98, 34.67, 22.07, 10.38, 45.56, 12.48, 8.83, 9.53, 14.94, 8.88, 9.67, 36.99, 5.91, 15.41, 0.0, 69.99], [0, 0, 0, 0, 0, 0, 0, 0, 0, 0, 0, 0, 0, 0, 0, 0, 0, 0, 0, 0, 0, 0, 0, 0, 0, 0, 0, 0, 0, 0, 0, 0, 0, 0, 0, 0, 0, 0, 0, 0, 0, 0]], "end_depot": 41, "horizon": [0.0, 2200.0], "instance_name": "40_70_B_100_C6", "speed_zone_count": 73, "speed_zones": [[0.0, 15.0], [15.0, 30.0], [30.0, 45.0], [45.0, 60.0], [60.0, 75.0], [75.0, 90.0], [90.0, 105.0], [105.0, 120.0], [120.0, 135.0], [135.0, 150.0], [150.0, 165.0], [165.0, 180.0], [180.0, 195.0], [195.0, 210.0], [210.0, 225.0], [225.0, 240.0], [240.0, 255.0], [255.0, 270.0], [270.0, 285.0], [285.0, 300.0], [300.0, 315.0], [315.0, 330.0], [330.0, 345.0], [345.0, 360.0], [360.0, 375.0], [375.0, 390.0], [390.0, 405.0], [405.0, 420.0], [420.0, 435.0], [435.0, 450.0], [450.0, 465.0], [465.0, 480.0], [480.0, 495.0], [495.0, 510.0], [510.0, 525.0], [525.0, 540.0], [540.0, 555.0], [555.0, 570.0], [570.0, 585.0], [585.0, 600.0], [600.0, 615.0], [615.0, 630.0], [630.0, 645.0], [645.0, 660.0], [660.0, 675.0], [675.0, 690.0], [690.0, 705.0], [705.0, 720.0], [720.0, 735.0], [735.0, 750.0], [750.0, 765.0], [765.0, 780.0], [780.0, 795.0], [795.0, 810.0], [810.0, 825.0], [825.0, 840.0], [840.0, 855.0], [855.0, 870.0], [870.0, 885.0], [885.0, 900.0], [900.0, 915.0], [915.0, 930.0], [930.0, 945.0], [945.0, 960.0], [960.0, 975.0], [975.0, 990.0], [990.0, 1005.0], [1005.0, 1020.0], [1020.0, 1035.0], [1035.0, 1050.0], [1050.0, 1065.0], [1065.0, 1080.0], [1080.0, 2200.0]], "start_depot": 0, "time_windows": [[0.0, 2200.0], [33.0, 113.0], [60.0, 140.0], [122.0, 202.0], [261.0, 341.0], [371.0, 451.0], [524.0, 604.0], [591.0, 671.0], [611.0, 691.0], [660.0, 740.0], [690.0, 770.0], [731.0, 811.0], [760.0, 840.0], [869.0, 949.0], [947.0, 1027.0], [971.0, 1051.0], [995.0, 1075.0], [1048.0, 1128.0], [1108.0, 1188.0], [1141.0, 1221.0], [1198.0, 1278.0], [1269.0, 1349.0], [1312.0, 1392.0], [1406.0, 1486.0], [1473.0, 1553.0], [1482.0, 1562.0], [1512.0, 1592.0], [1568.0, 1648.0], [1617.0, 1697.0], [1655.0, 1735.0], [1735.0, 1815.0], [1791.0, 1871.0], [1819.0, 1899.0], [1833.0, 1913.0], [1867.0, 1947.0], [1897.0, 1977.0], [1908.0, 1988.0], [1971.0, 2051.0], [2007.0, 2087.0], [2036.0, 2116.0], [2055.0, 2135.0], [0.0, 2200.0]], "vehicle_count": 1}