{"cluster_count": 3, "cluster_speeds": [[0.925, 0.85, 0.925, 1.0, 0.8325, 0.765, 0.8325, 0.9, 0.4625, 0.425, 0.4625, 0.5, 0.30525, 0.2805, 0.30525, 0.33, 0.37, 0.34, 0.37, 0.4, 0.555, 0.51, 0.555, 0.6, 0.6475, 0.595, 0.6475, 0.7, 0.37, 0.34, 0.37, 0.4, 0.30525, 0.2805, 0.30525, 0.33, 0.4625, 0.425, 0.4625, 0.5, 0.6475, 0.595, 0.6475, 0.7, 0.74, 0.68, 0.74, 0.8, 0.6475, 0.595, 0.6475, 0.7, 0.4625, 0.425, 0.4625, 0.5, 0.555, 0.51, 0.555, 0.6, 0.6475, 0.595, 0.6475, 0.7, 0.8325, 0.765, 0.8325, 0.9, 0.925, 0.85, 0.925, 1.0, 1.0], [0.6475, 0.595, 0.6475, 0.7, 0.58275, 0.5355, 0.58275, 0.63, 0.32375, 0.2975, 0.32375, 0.35, 0.213675, 0.19635, 0.213675, 0.231, 0.259, 0.238, 0.259, 0.28, 0.3885, 0.357, 0.3885, 0.42, 0.6475, 0.595, 0.6475, 0.7, 0.37, 0.34, 0.37, 0.4, 0.30525, 0.2805, 0.30525, 0.33, 0.4625, 0.425, 0.4625, 0.5, 0.6475, 0.595, 0.6475, 0.7, 0.74, 0.68, 0.74, 0.8, 0.45325, 0.4165, 0.45325, 0.49, 0.32375, 0.2975, 0.32375, 0.35, 0.3885, 0.357, 0.3885, 0.42, 0.45325, 0.4165, 0.45325, 0.49, 0.58275, 0.5355, 0.58275, 0.63, 0.6475, 0.595, 0.6475, 0.7, 0.7], [0.87875, 0.8075, 0.87875, 0.95, 0.790875, 0.72675, 0.790875, 0.855, 0.439375, 0.40375, 0.439375, 0.475, 0.289988, 0.266475, 0.289988, 0.3135, 0.3515, 0.323, 0.3515, 0.38, 0.52725, 0.4845, 0.52725, 0.57, 0.6475, 0.595, 0.6475, 0.7, 0.37, 0.34, 0.37, 0.4, 0.30525, 0.2805, 0.30525, 0.33, 0.4625, 0.425, 0.4625, 0.5, 0.6475, 0.595, 0.6475, 0.7, 0.74, 0.68, 0.74, 0.8, 0.615125, 0.56525, 0.615125, 0.665, 0.439375, 0.40375, 0.439375, 0.475, 0.52725, 0.4845, 0.52725, 0.57, 0.615125, 0.56525, 0.615125, 0.665, 0.790875, 0.72675, 0.790875, 0.855, 0.87875, 0.8075, 0.87875, 0.95, 0.95]], "clusters": [[-1, 2, 2, 2, 2, 2, 2, 2, 2, 2, 2, 2, 2, 2, 2, 2, 2, 2, 2, 2, 2, 2, 2, 2, 2, 2, 2, 2, 2, 2, 2, 2, 2, 2, 2, 2, 2, 2, 2, 2, 2, -1], [2, -1, 2, 2, 2, 2, 2, 2, 2, 2, 2, 2, 2, 2, 2, 2, 2, 2, 2, 2, 2, 2, 2, 2, 2, 2, 2, 2, 2, 2, 2, 2, 2, 2, 2, 2, 2, 2, 2, 2, 2, 2], [1, 1, -1, 1, 1, 1, 1, 1, 1, 1, 1, 1, 1, 1, 1, 1, 1, 1, 1, 1, 1, 1, 1, 1, 1, 1, 1, 1, 1, 1, 1, 1, 1, 1, 1, 1, 1, 1, 1, 1, 1, 1], [0, 0, 0, -1, 0, 0, 0, 0, 0, 0, 0, 0, 0, 0, 0, 0, 0, 0, 0, 0, 0, 0, 0, 0, 0, 0, 0, 0, 0, 0, 0, 0, 0, 0, 0, 0, 0, 0, 0, 0, 0, 0], [0, 0, 0, 0, -1, 0, 0, 0, 0, 0, 0, 0, 0, 0, 0, 0, 0, 0, 0, 0, 0, 0, 0, 0, 0, 0, 0, 0, 0, 0, 0, 0, 0, 0, 0, 0, 0, 0, 0, 0, 0, 0], [0, 0, 0, 0, 0, -1, 0, 0, 0, 0, 0, 0, 0, 0, 0, 0, 0, 0, 0, 0, 0, 0, 0, 0, 0, 0, 0, 0, 0, 0, 0, 0, 0, 0, 0, 0, 0, 0, 0, 0, 0, 0], [1, 1, 1, 1, 1, 1, -1, 1, 1, 1, 1, 1, 1, 1, 1, 1, 1, 1, 1, 1, 1, 1, 1, 1, 1, 1, 1, 1, 1, 1, 1, 1, 1, 1, 1, 1, 1, 1, 1, 1, 1, 1], [1, 1, 1, 1, 1, 1, 1, -1, 1, 1, 1, 1, 1, 1, 1, 1, 1, 1, 1, 1, 1, 1, 1, 1, 1, 1, 1, 1, 1, 1, 1, 1, 1, 1, 1, 1, 1, 1, 1, 1, 1, 1], [0, 0, 0, 0, 0, 0, 0, 0, -1, 0, 0, 0, 0, 0, 0, 0, 0, 0, 0, 0, 0, 0, 0, 0, 0, 0, 0, 0, 0, 0, 0, 0, 0, 0, 0, 0, 0, 0, 0, 0, 0, 0], [1, 1, 1, 1, 1, 1, 1, 1, 1, -1, 1, 1, 1, 1, 1, 1, 1, 1, 1, 1, 1, 1, 1, 1, 1, 1, 1, 1, 1, 1, 1, 1, 1, 1, 1, 1, 1, 1, 1, 1, 1, 1], [2, 2, 2, 2, 2, 2, 2, 2, 2, 2, -1, 2, 2, 2, 2, 2, 2, 2, 2, 2, 2, 2, 2, 2, 2, 2, 2, 2, 2, 2, 2, 2, 2, 2, 2, 2, 2, 2, 2, 2, 2, 2], [1, 1, 1, 1, 1, 1, 1, 1, 1, 1, 1, -1, 1, 1, 1, 1, 1, 1, 1, 1, 1, 1, 1, 1, 1, 1, 1, 1, 1, 1, 1, 1, 1, 1, 1, 1, 1, 1, 1, 1, 1, 1], [1, 1, 1, 1, 1, 1, 1, 1, 1, 1, 1, 1, -1, 1, 1, 1, 1, 1, 1, 1, 1, 1, 1, 1, 1, 1, 1, 1, 1, 1, 1, 1, 1, 1, 1, 1, 1, 1, 1, 1, 1, 1], [0, 0, 0, 0, 0, 0, 0, 0, 0, 0, 0, 0, 0, -1, 0, 0, 0, 0, 0, 0, 0, 0, 0, 0, 0, 0, 0, 0, 0, 0, 0, 0, 0, 0, 0, 0, 0, 0, 0, 0, 0, 0], [0, 0, 0, 0, 0, 0, 0, 0, 0, 0, 0, 0, 0, 0, -1, 0, 0, 0, 0, 0, 0, 0, 0, 0, 0, 0, 0, 0, 0, 0, 0, 0, 0, 0, 0, 0, 0, 0, 0, 0, 0, 0], [1, 1, 1, 1, 1, 1, 1, 1, 1, 1, 1, 1, 1, 1, 1, -1, 1, 1, 1, 1, 1, 1, 1, 1, 1, 1, 1, 1, 1, 1, 1, 1, 1, 1, 1, 1, 1, 1, 1, 1, 1, 1], [1, 1, 1, 1, 1, 1, 1, 1, 1, 1, 1, 1, 1, 1, 1, 1, -1, 1, 1, 1, 1, 1, 1, 1, 1, 1, 1, 1, 1, 1, 1, 1, 1, 1, 1, 1, 1, 1, 1, 1, 1, 1], [1, 1, 1, 1, 1, 1, 1, 1, 1, 1, 1, 1, 1, 1, 1, 1, 1, -1, 1, 1, 1, 1, 1, 1, 1, 1, 1, 1, 1, 1, 1, 1, 1, 1, 1, 1, 1, 1, 1, 1, 1, 1], [0, 0, 0, 0, 0, 0, 0, 0, 0, 0, 0, 0, 0, 0, 0, 0, 0, 0, -1, 0, 0, 0, 0, 0, 0, 0, 0, 0, 0, 0, 0, 0, 0, 0, 0, 0, 0, 0, 0, 0, 0, 0], [1, 1, 1, 1, 1, 1, 1, 1, 1, 1, 1, 1, 1, 1, 1, 1, 1, 1, 1, -1, 1, 1, 1, 1, 1, 1, 1, 1, 1, 1, 1, 1, 1, 1, 1, 1, 1, 1, 1, 1, 1, 1], [0, 0, 0, 0, 0, 0, 0, 0, 0, 0, 0, 0, 0, 0, 0, 0, 0, 0, 0, 0, -1, 0, 0, 0, 0, 0, 0, 0, 0, 0, 0, 0, 0, 0, 0, 0, 0, 0, 0, 0, 0, 0], [0, 0, 0, 0, 0, 0, 0, 0, 0, 0, 0, 0, 0, 0, 0, 0, 0, 0, 0, 0, 0, -1, 0, 0, 0, 0, 0, 0, 0, 0, 0, 0, 0, 0, 0, 0, 0, 0, 0, 0, 0, 0], [2, 2, 2, 2, 2, 2, 2, 2, 2, 2, 2, 2, 2, 2, 2, 2, 2, 2, 2, 2, 2, 2, -1, 2, 2, 2, 2, 2, 2, 2, 2, 2, 2, 2, 2, 2, 2, 2, 2, 2, 2, 2], [0, 0, 0, 0, 0, 0, 0, 0, 0, 0, 0, 0, 0, 0, 0, 0, 0, 0, 0, 0, 0, 0, 0, -1, 0, 0, 0, 0, 0, 0, 0, 0, 0, 0, 0, 0, 0, 0, 0, 0, 0, 0], [1, 1, 1, 1, 1, 1, 1, 1, 1, 1, 1, 1, 1, 1, 1, 1, 1, 1, 1, 1, 1, 1, 1, 1, -1, 1, 1, 1, 1, 1, 1, 1, 1, 1, 1, 1, 1, 1, 1, 1, 1, 1], [1, 1, 1, 1, 1, 1, 1, 1, 1, 1, 1, 1, 1, 1, 1, 1, 1, 1, 1, 1, 1, 1, 1, 1, 1, -1, 1, 1, 1, 1, 1, 1, 1, 1, 1, 1, 1, 1, 1, 1, 1, 1], [1, 1, 1, 1, 1, 1, 1, 1, 1, 1, 1, 1, 1, 1, 1, 1, 1, 1, 1, 1, 1, 1, 1, 1, 1, 1, -1, 1, 1, 1, 1, 1, 1, 1, 1, 1, 1, 1, 1, 1, 1, 1], [0, 0, 0, 0, 0, 0, 0, 0, 0, 0, 0, 0, 0, 0, 0, 0, 0, 0, 0, 0, 0, 0, 0, 0, 0, 0, 0, -1, 0, 0, 0, 0, 0, 0, 0, 0, 0, 0, 0, 0, 0, 0], [0, 0, 0, 0, 0, 0, 0, 0, 0, 0, 0, 0, 0, 0, 0, 0, 0, 0, 0, 0, 0, 0, 0, 0, 0, 0, 0, 0, -1, 0, 0, 0, 0, 0, 0, 0, 0, 0, 0, 0, 0, 0], [2, 2, 2, 2, 2, 2, 2, 2, 2, 2, 2, 2, 2, 2, 2, 2, 2, 2, 2, 2, 2, 2, 2, 2, 2, 2, 2, 2, 2, -1, 2, 2, 2, 2, 2, 2, 2, 2, 2, 2, 2, 2], [0, 0, 0, 0, 0, 0, 0, 0, 0, 0, 0, 0, 0, 0, 0, 0, 0, 0, 0, 0, 0, 0, 0, 0, 0, 0, 0, 0, 0, 0, -1, 0, 0, 0, 0, 0, 0, 0, 0, 0, 0, 0], [0, 0, 0, 0, 0, 0, 0, 0, 0, 0, 0, 0, 0, 0, 0, 0, 0, 0, 0, 0, 0, 0, 0, 0, 0, 0, 0, 0, 0, 0, 0, -1, 0, 0, 0, 0, 0, 0, 0, 0, 0, 0], [2, 2, 2, 2, 2, 2, 2, 2, 2, 2, 2, 2, 2, 2, 2, 2, 2, 2, 2, 2, 2, 2, 2, 2, 2, 2, 2, 2, 2, 2, 2, 2, -1, 2, 2, 2, 2, 2, 2, 2, 2, 2], [0, 0, 0, 0, 0, 0, 0, 0, 0, 0, 0, 0, 0, 0, 0, 0, 0, 0, 0, 0, 0, 0, 0, 0, 0, 0, 0, 0, 0, 0, 0, 0, 0, -1, 0, 0, 0, 0, 0, 0, 0, 0], [2, 2, 2, 2, 2, 2, 2, 2, 2, 2, 2, 2, 2, 2, 2, 2, 2, 2, 2, 2, 2, 2, 2, 2, 2, 2, 2, 2, 2, 2, 2, 2, 2, 2, -1, 2, 2, 2, 2, 2, 2, 2], [1, 1, 1, 1, 1, 1, 1, 1, 1, 1, 1, 1, 1, 1, 1, 1, 1, 1, 1, 1, 1, 1, 1, 1, 1, 1, 1, 1, 1, 1, 1, 1, 1, 1, 1, -1, 1, 1, 1, 1, 1, 1], [1, 1, 1, 1, 1, 1, 1, 1, 1, 1, 1, 1, 1, 1, 1, 1, 1, 1, 1, 1, 1, 1, 1, 1, 1, 1, 1, 1, 1, 1, 1, 1, 1, 1, 1, 1, -1, 1, 1, 1, 1, 1], [0, 0, 0, 0, 0, 0, 0, 0, 0, 0, 0, 0, 0, 0, 0, 0, 0, 0, 0, 0, 0, 0, 0, 0, 0, 0, 0, 0, 0, 0, 0, 0, 0, 0, 0, 0, 0, -1, 0, 0, 0, 0], [0, 0, 0, 0, 0, 0, 0, 0, 0, 0, 0, 0, 0, 0, 0, 0, 0, 0, 0, 0, 0, 0, 0, 0, 0, 0, 0, 0, 0, 0, 0, 0, 0, 0, 0, 0, 0, 0, -1, 0, 0, 0], [2, 2, 2, 2, 2, 2, 2, 2, 2, 2, 2, 2, 2, 2, 2, 2, 2, 2, 2, 2, 2, 2, 2, 2, 2, 2, 2, 2, 2, 2, 2, 2, 2, 2, 2, 2, 2, 2, 2, -1, 2, 2], [0, 0, 0, 0, 0, 0, 0, 0, 0, 0, 0, 0, 0, 0, 0, 0, 0, 0, 0, 0, 0, 0, 0, 0, 0, 0, 0, 0, 0, 0, 0, 0, 0, 0, 0, 0, 0, 0, 0, 0, -1, 0], [-1, 2, 2, 2, 2, 2, 2, 2, 2, 2, 2, 2, 2, 2, 2, 2, 2, 2, 2, 2, 2, 2, 2, 2, 2, 2, 2, 2, 2, 2, 2, 2, 2, 2, 2, 2, 2, 2, 2, 2, 2, -1]], "dataset_name": "guerriero_et_al_2014b", "digraph": {"arc_count": 1640, "arcs": [[0, 1, 1, 1, 1, 1, 1, 1, 1, 1, 1, 1, 1, 1, 1, 1, 1, 1, 1, 1, 1, 1, 1, 1, 1, 1, 1, 1, 1, 1, 1, 1, 1, 1, 1, 1, 1, 1, 1, 1, 1, 0], [0, 0, 1, 1, 1, 1, 1, 1, 1, 1, 1, 1, 1, 1, 1, 1, 1, 1, 1, 1, 1, 1, 1, 1, 1, 1, 1, 1, 1, 1, 1, 1, 1, 1, 1, 1, 1, 1, 1, 1, 1, 1], [0, 1, 0, 1, 1, 1, 1, 1, 1, 1, 1, 1, 1, 1, 1, 1, 1, 1, 1, 1, 1, 1, 1, 1, 1, 1, 1, 1, 1, 1, 1, 1, 1, 1, 1, 1, 1, 1, 1, 1, 1, 1], [0, 1, 1, 0, 1, 1, 1, 1, 1, 1, 1, 1, 1, 1, 1, 1, 1, 1, 1, 1, 1, 1, 1, 1, 1, 1, 1, 1, 1, 1, 1, 1, 1, 1, 1, 1, 1, 1, 1, 1, 1, 1], [0, 1, 1, 1, 0, 1, 1, 1, 1, 1, 1, 1, 1, 1, 1, 1, 1, 1, 1, 1, 1, 1, 1, 1, 1, 1, 1, 1, 1, 1, 1, 1, 1, 1, 1, 1, 1, 1, 1, 1, 1, 1], [0, 1, 1, 1, 1, 0, 1, 1, 1, 1, 1, 1, 1, 1, 1, 1, 1, 1, 1, 1, 1, 1, 1, 1, 1, 1, 1, 1, 1, 1, 1, 1, 1, 1, 1, 1, 1, 1, 1, 1, 1, 1], [0, 1, 1, 1, 1, 1, 0, 1, 1, 1, 1, 1, 1, 1, 1, 1, 1, 1, 1, 1, 1, 1, 1, 1, 1, 1, 1, 1, 1, 1, 1, 1, 1, 1, 1, 1, 1, 1, 1, 1, 1, 1], [0, 1, 1, 1, 1, 1, 1, 0, 1, 1, 1, 1, 1, 1, 1, 1, 1, 1, 1, 1, 1, 1, 1, 1, 1, 1, 1, 1, 1, 1, 1, 1, 1, 1, 1, 1, 1, 1, 1, 1, 1, 1], [0, 1, 1, 1, 1, 1, 1, 1, 0, 1, 1, 1, 1, 1, 1, 1, 1, 1, 1, 1, 1, 1, 1, 1, 1, 1, 1, 1, 1, 1, 1, 1, 1, 1, 1, 1, 1, 1, 1, 1, 1, 1], [0, 1, 1, 1, 1, 1, 1, 1, 1, 0, 1, 1, 1, 1, 1, 1, 1, 1, 1, 1, 1, 1, 1, 1, 1, 1, 1, 1, 1, 1, 1, 1, 1, 1, 1, 1, 1, 1, 1, 1, 1, 1], [0, 1, 1, 1, 1, 1, 1, 1, 1, 1, 0, 1, 1, 1, 1, 1, 1, 1, 1, 1, 1, 1, 1, 1, 1, 1, 1, 1, 1, 1, 1, 1, 1, 1, 1, 1, 1, 1, 1, 1, 1, 1], [0, 1, 1, 1, 1, 1, 1, 1, 1, 1, 1, 0, 1, 1, 1, 1, 1, 1, 1, 1, 1, 1, 1, 1, 1, 1, 1, 1, 1, 1, 1, 1, 1, 1, 1, 1, 1, 1, 1, 1, 1, 1], [0, 1, 1, 1, 1, 1, 1, 1, 1, 1, 1, 1, 0, 1, 1, 1, 1, 1, 1, 1, 1, 1, 1, 1, 1, 1, 1, 1, 1, 1, 1, 1, 1, 1, 1, 1, 1, 1, 1, 1, 1, 1], [0, 1, 1, 1, 1, 1, 1, 1, 1, 1, 1, 1, 1, 0, 1, 1, 1, 1, 1, 1, 1, 1, 1, 1, 1, 1, 1, 1, 1, 1, 1, 1, 1, 1, 1, 1, 1, 1, 1, 1, 1, 1], [0, 1, 1, 1, 1, 1, 1, 1, 1, 1, 1, 1, 1, 1, 0, 1, 1, 1, 1, 1, 1, 1, 1, 1, 1, 1, 1, 1, 1, 1, 1, 1, 1, 1, 1, 1, 1, 1, 1, 1, 1, 1], [0, 1, 1, 1, 1, 1, 1, 1, 1, 1, 1, 1, 1, 1, 1, 0, 1, 1, 1, 1, 1, 1, 1, 1, 1, 1, 1, 1, 1, 1, 1, 1, 1, 1, 1, 1, 1, 1, 1, 1, 1, 1], [0, 1, 1, 1, 1, 1, 1, 1, 1, 1, 1, 1, 1, 1, 1, 1, 0, 1, 1, 1, 1, 1, 1, 1, 1, 1, 1, 1, 1, 1, 1, 1, 1, 1, 1, 1, 1, 1, 1, 1, 1, 1], [0, 1, 1, 1, 1, 1, 1, 1, 1, 1, 1, 1, 1, 1, 1, 1, 1, 0, 1, 1, 1, 1, 1, 1, 1, 1, 1, 1, 1, 1, 1, 1, 1, 1, 1, 1, 1, 1, 1, 1, 1, 1], [0, 1, 1, 1, 1, 1, 1, 1, 1, 1, 1, 1, 1, 1, 1, 1, 1, 1, 0, 1, 1, 1, 1, 1, 1, 1, 1, 1, 1, 1, 1, 1, 1, 1, 1, 1, 1, 1, 1, 1, 1, 1], [0, 1, 1, 1, 1, 1, 1, 1, 1, 1, 1, 1, 1, 1, 1, 1, 1, 1, 1, 0, 1, 1, 1, 1, 1, 1, 1, 1, 1, 1, 1, 1, 1, 1, 1, 1, 1, 1, 1, 1, 1, 1], [0, 1, 1, 1, 1, 1, 1, 1, 1, 1, 1, 1, 1, 1, 1, 1, 1, 1, 1, 1, 0, 1, 1, 1, 1, 1, 1, 1, 1, 1, 1, 1, 1, 1, 1, 1, 1, 1, 1, 1, 1, 1], [0, 1, 1, 1, 1, 1, 1, 1, 1, 1, 1, 1, 1, 1, 1, 1, 1, 1, 1, 1, 1, 0, 1, 1, 1, 1, 1, 1, 1, 1, 1, 1, 1, 1, 1, 1, 1, 1, 1, 1, 1, 1], [0, 1, 1, 1, 1, 1, 1, 1, 1, 1, 1, 1, 1, 1, 1, 1, 1, 1, 1, 1, 1, 1, 0, 1, 1, 1, 1, 1, 1, 1, 1, 1, 1, 1, 1, 1, 1, 1, 1, 1, 1, 1], [0, 1, 1, 1, 1, 1, 1, 1, 1, 1, 1, 1, 1, 1, 1, 1, 1, 1, 1, 1, 1, 1, 1, 0, 1, 1, 1, 1, 1, 1, 1, 1, 1, 1, 1, 1, 1, 1, 1, 1, 1, 1], [0, 1, 1, 1, 1, 1, 1, 1, 1, 1, 1, 1, 1, 1, 1, 1, 1, 1, 1, 1, 1, 1, 1, 1, 0, 1, 1, 1, 1, 1, 1, 1, 1, 1, 1, 1, 1, 1, 1, 1, 1, 1], [0, 1, 1, 1, 1, 1, 1, 1, 1, 1, 1, 1, 1, 1, 1, 1, 1, 1, 1, 1, 1, 1, 1, 1, 1, 0, 1, 1, 1, 1, 1, 1, 1, 1, 1, 1, 1, 1, 1, 1, 1, 1], [0, 1, 1, 1, 1, 1, 1, 1, 1, 1, 1, 1, 1, 1, 1, 1, 1, 1, 1, 1, 1, 1, 1, 1, 1, 1, 0, 1, 1, 1, 1, 1, 1, 1, 1, 1, 1, 1, 1, 1, 1, 1], [0, 1, 1, 1, 1, 1, 1, 1, 1, 1, 1, 1, 1, 1, 1, 1, 1, 1, 1, 1, 1, 1, 1, 1, 1, 1, 1, 0, 1, 1, 1, 1, 1, 1, 1, 1, 1, 1, 1, 1, 1, 1], [0, 1, 1, 1, 1, 1, 1, 1, 1, 1, 1, 1, 1, 1, 1, 1, 1, 1, 1, 1, 1, 1, 1, 1, 1, 1, 1, 1, 0, 1, 1, 1, 1, 1, 1, 1, 1, 1, 1, 1, 1, 1], [0, 1, 1, 1, 1, 1, 1, 1, 1, 1, 1, 1, 1, 1, 1, 1, 1, 1, 1, 1, 1, 1, 1, 1, 1, 1, 1, 1, 1, 0, 1, 1, 1, 1, 1, 1, 1, 1, 1, 1, 1, 1], [0, 1, 1, 1, 1, 1, 1, 1, 1, 1, 1, 1, 1, 1, 1, 1, 1, 1, 1, 1, 1, 1, 1, 1, 1, 1, 1, 1, 1, 1, 0, 1, 1, 1, 1, 1, 1, 1, 1, 1, 1, 1], [0, 1, 1, 1, 1, 1, 1, 1, 1, 1, 1, 1, 1, 1, 1, 1, 1, 1, 1, 1, 1, 1, 1, 1, 1, 1, 1, 1, 1, 1, 1, 0, 1, 1, 1, 1, 1, 1, 1, 1, 1, 1], [0, 1, 1, 1, 1, 1, 1, 1, 1, 1, 1, 1, 1, 1, 1, 1, 1, 1, 1, 1, 1, 1, 1, 1, 1, 1, 1, 1, 1, 1, 1, 1, 0, 1, 1, 1, 1, 1, 1, 1, 1, 1], [0, 1, 1, 1, 1, 1, 1, 1, 1, 1, 1, 1, 1, 1, 1, 1, 1, 1, 1, 1, 1, 1, 1, 1, 1, 1, 1, 1, 1, 1, 1, 1, 1, 0, 1, 1, 1, 1, 1, 1, 1, 1], [0, 1, 1, 1, 1, 1, 1, 1, 1, 1, 1, 1, 1, 1, 1, 1, 1, 1, 1, 1, 1, 1, 1, 1, 1, 1, 1, 1, 1, 1, 1, 1, 1, 1, 0, 1, 1, 1, 1, 1, 1, 1], [0, 1, 1, 1, 1, 1, 1, 1, 1, 1, 1, 1, 1, 1, 1, 1, 1, 1, 1, 1, 1, 1, 1, 1, 1, 1, 1, 1, 1, 1, 1, 1, 1, 1, 1, 0, 1, 1, 1, 1, 1, 1], [0, 1, 1, 1, 1, 1, 1, 1, 1, 1, 1, 1, 1, 1, 1, 1, 1, 1, 1, 1, 1, 1, 1, 1, 1, 1, 1, 1, 1, 1, 1, 1, 1, 1, 1, 1, 0, 1, 1, 1, 1, 1], [0, 1, 1, 1, 1, 1, 1, 1, 1, 1, 1, 1, 1, 1, 1, 1, 1, 1, 1, 1, 1, 1, 1, 1, 1, 1, 1, 1, 1, 1, 1, 1, 1, 1, 1, 1, 1, 0, 1, 1, 1, 1], [0, 1, 1, 1, 1, 1, 1, 1, 1, 1, 1, 1, 1, 1, 1, 1, 1, 1, 1, 1, 1, 1, 1, 1, 1, 1, 1, 1, 1, 1, 1, 1, 1, 1, 1, 1, 1, 1, 0, 1, 1, 1], [0, 1, 1, 1, 1, 1, 1, 1, 1, 1, 1, 1, 1, 1, 1, 1, 1, 1, 1, 1, 1, 1, 1, 1, 1, 1, 1, 1, 1, 1, 1, 1, 1, 1, 1, 1, 1, 1, 1, 0, 1, 1], [0, 1, 1, 1, 1, 1, 1, 1, 1, 1, 1, 1, 1, 1, 1, 1, 1, 1, 1, 1, 1, 1, 1, 1, 1, 1, 1, 1, 1, 1, 1, 1, 1, 1, 1, 1, 1, 1, 1, 1, 0, 1], [0, 0, 0, 0, 0, 0, 0, 0, 0, 0, 0, 0, 0, 0, 0, 0, 0, 0, 0, 0, 0, 0, 0, 0, 0, 0, 0, 0, 0, 0, 0, 0, 0, 0, 0, 0, 0, 0, 0, 0, 0, 0]], "vertex_count": 42}, "distances": [[0, 77.59, 69.61, 68.24, 67.83, 84.66, 54.09, 91.57, 67.97, 86.91, 93.78, 55.65, 68.25, 80.16, 74.62, 70.48, 70.14, 49.38, 77.34, 89.48, 72.93, 73.29, 46.92, 79.63, 65.73, 74.57, 76.08, 72.79, 80.2, 53.17, 70.29, 72.18, 97.81, 63.03, 103.71, 47.62, 91.62, 79.55, 64.09, 58.95, 73.48, 0], [0, 0.0, 46.95, 17.04, 19.04, 30.56, 34.49, 32.59, 20.44, 16.18, 17.58, 32.06, 49.07, 29.47, 19.15, 9.95, 44.13, 36.59, 20.17, 17.87, 27.11, 27.3, 43.65, 29.44, 45.86, 45.23, 5.71, 31.54, 27.08, 47.09, 25.23, 39.53, 27.71, 24.43, 26.92, 36.35, 29.38, 29.5, 33.47, 51.59, 29.85, 77.59], [0, 46.95, 0.0, 30.41, 28.34, 25.66, 21.73, 31.81, 26.81, 40.77, 50.78, 22.42, 13.82, 22.44, 28.46, 37.8, 10.1, 25.36, 28.72, 42.46, 20.4, 20.34, 23.7, 22.05, 14.72, 5.66, 41.35, 16.13, 24.51, 16.44, 21.75, 8.28, 44.63, 24.56, 58.55, 27.93, 34.43, 21.94, 14.6, 12.03, 17.99, 69.61], [0, 17.04, 30.41, 0.0, 13.67, 21.02, 18.49, 26.35, 13.02, 18.86, 27.16, 16.04, 32.35, 17.77, 7.42, 7.41, 27.73, 21.63, 10.25, 21.42, 12.27, 12.6, 28.08, 17.46, 28.99, 29.47, 11.9, 16.25, 16.17, 30.38, 9.39, 23.62, 29.62, 7.65, 36.96, 22.19, 24.98, 17.46, 16.48, 34.57, 14.95, 68.24], [0, 19.04, 28.34, 13.67, 0.0, 20.01, 17.03, 25.71, 11.4, 19.71, 28.42, 14.62, 30.28, 16.49, 6.99, 9.48, 25.66, 20.46, 9.84, 22.24, 10.53, 10.88, 26.67, 16.13, 26.93, 27.45, 13.8, 14.35, 15.1, 28.59, 7.5, 21.6, 29.98, 6.02, 38.11, 21.22, 24.64, 16.13, 14.44, 32.6, 13.14, 67.83], [0, 30.56, 25.66, 21.02, 20.01, 0.0, 30.62, 7.08, 19.02, 17.92, 27.2, 29.02, 28.38, 4.53, 13.83, 25.47, 22.87, 35.29, 11.39, 18.75, 11.77, 11.39, 38.93, 5.07, 27.16, 21.08, 25.27, 12.48, 4.94, 36.26, 14.7, 17.69, 19.0, 22.56, 33.58, 37.08, 8.82, 5.15, 21.19, 35.99, 11.36, 84.66], [0, 34.49, 21.73, 18.49, 17.03, 30.62, 0.0, 37.59, 16.37, 36.42, 45.44, 11.12, 22.21, 26.1, 22.45, 24.59, 20.47, 4.75, 24.74, 38.88, 18.97, 19.32, 9.65, 25.56, 18.36, 24.44, 30.05, 18.77, 26.31, 13.16, 16.68, 20.03, 45.51, 11.03, 55.04, 6.98, 38.01, 25.49, 10.36, 19.45, 19.4, 54.09], [0, 32.59, 31.81, 26.35, 25.71, 7.08, 37.59, 0.0, 24.94, 17.54, 25.11, 35.92, 34.53, 11.58, 18.92, 29.47, 29.16, 42.23, 16.12, 17.37, 18.65, 18.29, 46.0, 12.13, 33.69, 26.79, 27.93, 19.55, 11.39, 43.26, 21.35, 24.19, 14.05, 29.03, 29.65, 43.95, 15.9, 12.22, 28.27, 42.65, 18.43, 91.57], [0, 20.44, 26.81, 13.02, 11.4, 19.02, 16.37, 24.94, 0.0, 20.1, 29.1, 14.01, 28.78, 15.31, 6.65, 10.99, 24.12, 20.05, 9.41, 22.59, 9.08, 9.45, 26.01, 14.94, 25.46, 25.89, 15.09, 12.81, 14.08, 27.53, 5.97, 20.03, 29.95, 5.38, 38.68, 20.99, 24.1, 14.92, 13.04, 31.31, 11.65, 67.97], [0, 16.18, 40.77, 18.86, 19.71, 17.92, 36.42, 17.54, 20.1, 0.0, 10.03, 34.1, 43.33, 19.0, 14.18, 17.25, 37.79, 40.13, 12.59, 18.53, 20.91, 20.85, 46.04, 19.24, 41.04, 37.32, 13.05, 24.77, 16.6, 46.55, 21.13, 32.52, 12.09, 25.48, 18.79, 40.93, 13.85, 19.34, 30.72, 48.78, 22.91, 86.91], [0, 17.58, 50.78, 27.16, 28.42, 27.2, 45.44, 25.11, 29.1, 10.03, 0.0, 43.04, 53.36, 28.83, 23.8, 23.33, 47.81, 48.79, 22.51, 8.5, 30.9, 30.85, 55.09, 29.11, 51.06, 47.24, 17.71, 34.79, 26.5, 56.19, 30.91, 42.53, 13.77, 34.4, 9.96, 49.29, 21.11, 29.21, 40.51, 58.71, 32.94, 93.78], [0, 32.06, 22.42, 16.04, 14.62, 29.02, 11.12, 35.92, 14.01, 34.1, 43.04, 0.0, 23.18, 24.53, 20.21, 22.15, 20.87, 6.36, 22.59, 36.57, 17.28, 17.64, 12.05, 24.01, 19.31, 24.6, 27.59, 17.56, 24.56, 15.38, 14.76, 19.79, 43.39, 8.65, 52.68, 8.08, 36.15, 23.94, 9.7, 21.3, 17.98, 55.65], [0, 49.07, 13.82, 32.35, 30.28, 28.38, 22.21, 34.53, 28.78, 43.33, 53.36, 23.18, 0.0, 25.12, 30.8, 39.76, 5.59, 25.47, 31.18, 45.06, 22.81, 22.77, 23.03, 24.72, 10.51, 8.16, 43.51, 18.62, 27.16, 15.24, 23.95, 10.92, 47.35, 26.16, 61.21, 28.03, 37.16, 24.61, 16.17, 9.88, 20.48, 68.25], [0, 29.47, 22.44, 17.77, 16.49, 4.53, 26.1, 11.58, 15.31, 19.0, 28.83, 24.53, 25.12, 0.0, 11.15, 23.13, 19.53, 30.78, 9.36, 20.36, 7.35, 6.96, 34.42, 9.6, 23.5, 18.45, 23.91, 8.08, 9.46, 31.96, 10.45, 14.22, 22.43, 18.37, 36.14, 32.6, 12.83, 9.68, 16.7, 32.12, 6.85, 80.16], [0, 19.15, 28.46, 7.42, 6.99, 13.83, 22.45, 18.92, 6.65, 14.18, 23.8, 20.21, 30.8, 11.15, 0.0, 11.98, 25.54, 26.43, 15.8, 16.54, 8.12, 8.25, 31.99, 10.96, 28.0, 26.2, 13.44, 12.54, 9.17, 32.42, 7.18, 20.64, 23.34, 11.8, 32.97, 27.53, 17.67, 10.99, 16.74, 35.09, 10.78, 74.62], [0, 9.95, 37.8, 7.41, 9.48, 25.47, 24.59, 29.47, 10.99, 17.25, 23.33, 22.15, 39.76, 23.13, 11.98, 0.0, 35.09, 26.93, 14.1, 19.71, 18.95, 19.22, 33.87, 22.94, 36.4, 36.68, 5.84, 23.2, 21.07, 37.14, 16.46, 30.85, 29.2, 14.52, 33.28, 26.91, 27.2, 22.97, 23.85, 41.75, 21.72, 70.48], [0, 44.13, 10.1, 27.73, 25.66, 22.87, 20.47, 29.16, 24.12, 37.79, 47.81, 20.87, 5.59, 19.53, 25.54, 35.09, 0.0, 24.44, 25.76, 39.5, 17.46, 17.39, 23.64, 19.13, 4.92, 4.44, 38.51, 13.17, 21.57, 17.13, 18.91, 5.33, 41.8, 22.18, 55.61, 27.0, 31.67, 19.02, 12.35, 13.91, 15.03, 70.14], [0, 36.59, 25.36, 21.63, 20.46, 35.29, 4.75, 42.23, 20.05, 40.13, 48.79, 6.36, 25.47, 30.78, 26.43, 26.93, 24.44, 0.0, 28.88, 42.63, 23.58, 23.94, 7.25, 30.24, 21.73, 28.59, 32.63, 23.52, 30.89, 13.75, 21.12, 24.5, 49.69, 14.69, 58.55, 11.73, 42.51, 30.17, 15.08, 21.0, 24.11, 49.38], [0, 20.17, 28.72, 10.25, 9.84, 11.39, 24.74, 16.12, 9.41, 12.59, 22.51, 22.59, 31.18, 9.36, 15.8, 14.1, 25.76, 28.88, 0.0, 14.75, 8.44, 8.43, 34.17, 9.28, 28.65, 25.93, 14.56, 12.59, 7.08, 34.05, 8.61, 20.64, 20.81, 14.38, 31.3, 30.1, 14.81, 9.34, 18.16, 36.2, 10.74, 77.34], [0, 17.87, 42.46, 21.42, 22.24, 18.75, 38.88, 17.37, 22.59, 18.53, 8.5, 36.57, 45.06, 20.36, 16.54, 19.71, 39.5, 42.63, 14.75, 0.0, 22.92, 22.83, 48.47, 20.65, 42.91, 38.79, 15.26, 26.61, 18.05, 48.8, 23.35, 34.19, 9.92, 27.97, 16.55, 43.46, 13.47, 20.76, 32.91, 50.81, 24.77, 89.48], [0, 27.11, 20.4, 12.27, 10.53, 11.77, 18.97, 18.65, 9.08, 20.91, 30.9, 17.28, 22.81, 7.35, 8.12, 18.95, 17.46, 23.58, 8.44, 22.92, 0.0, 8.73, 27.71, 6.85, 20.22, 18.12, 21.41, 4.44, 7.34, 26.34, 11.3, 12.52, 27.5, 11.15, 39.43, 25.32, 19.13, 6.79, 10.42, 27.89, 13.01, 72.93], [0, 27.3, 20.34, 12.6, 10.88, 11.39, 19.32, 18.29, 9.45, 20.85, 30.85, 17.64, 22.77, 6.96, 8.25, 19.22, 17.39, 23.94, 8.43, 22.83, 8.73, 0.0, 28.01, 6.45, 20.23, 17.96, 21.6, 4.29, 7.01, 26.54, 11.15, 12.39, 27.28, 11.56, 39.32, 25.7, 18.82, 6.4, 10.65, 27.99, 12.61, 73.29], [0, 43.65, 23.7, 28.08, 26.67, 38.93, 9.65, 46.0, 26.01, 46.04, 55.09, 12.05, 23.03, 34.42, 31.99, 33.87, 23.64, 7.25, 34.17, 48.47, 27.71, 28.01, 0.0, 33.88, 19.78, 28.06, 39.47, 26.55, 35.0, 8.55, 25.84, 25.26, 54.83, 20.68, 64.69, 8.55, 46.83, 33.79, 17.76, 16.19, 27.57, 46.92], [0, 29.44, 22.05, 17.46, 16.13, 5.07, 25.56, 12.13, 14.94, 19.24, 29.11, 24.01, 24.72, 9.6, 10.96, 22.94, 19.13, 30.24, 9.28, 20.65, 6.85, 6.45, 33.88, 0.0, 23.05, 18.14, 23.85, 7.55, 10.01, 31.44, 9.98, 13.81, 22.89, 17.9, 36.51, 32.08, 13.35, 10.22, 16.15, 31.64, 6.3, 79.63], [0, 45.86, 14.72, 28.99, 26.93, 27.16, 18.36, 33.69, 25.46, 41.04, 51.06, 19.31, 10.51, 23.5, 28.0, 36.4, 4.92, 21.73, 28.65, 42.91, 20.22, 20.23, 19.78, 23.05, 0.0, 9.05, 40.37, 16.3, 25.32, 12.57, 20.97, 9.5, 45.92, 22.54, 59.25, 24.3, 35.98, 22.94, 12.61, 9.06, 18.14, 65.73], [0, 45.23, 5.66, 29.47, 27.45, 21.08, 24.44, 26.79, 25.89, 37.32, 47.24, 24.6, 8.16, 18.45, 26.2, 36.68, 4.44, 28.59, 25.93, 38.79, 18.12, 17.96, 28.06, 18.14, 9.05, 0.0, 39.53, 13.69, 20.74, 21.51, 20.22, 5.86, 40.05, 24.76, 54.48, 31.13, 29.68, 18.03, 15.46, 17.68, 15.42, 74.57], [0, 5.71, 41.35, 11.9, 13.8, 25.27, 30.05, 27.93, 15.09, 13.05, 17.71, 27.59, 43.51, 23.91, 13.44, 5.84, 38.51, 32.63, 14.56, 15.26, 21.41, 21.6, 39.47, 23.85, 40.37, 39.53, 0.0, 25.84, 21.56, 42.26, 19.6, 33.85, 25.12, 19.51, 27.63, 32.7, 25.04, 23.9, 28.11, 46.4, 24.15, 76.08], [0, 31.54, 16.13, 16.25, 14.35, 12.48, 18.77, 19.55, 12.81, 24.77, 34.79, 17.56, 18.62, 8.08, 12.54, 23.2, 13.17, 23.52, 12.59, 26.61, 4.44, 4.29, 26.55, 7.55, 16.3, 13.69, 25.84, 0.0, 9.34, 23.9, 6.86, 8.11, 30.15, 13.44, 42.97, 25.58, 20.88, 7.45, 8.81, 24.48, 12.56, 72.79], [0, 27.08, 24.51, 16.17, 15.1, 4.94, 26.31, 11.39, 14.08, 16.6, 26.5, 24.56, 27.16, 9.46, 9.17, 21.07, 21.57, 30.89, 7.08, 18.05, 7.34, 7.01, 35.0, 10.01, 25.32, 20.74, 21.56, 9.34, 0.0, 33.11, 9.97, 16.24, 20.82, 17.73, 34.04, 32.57, 11.84, 10.09, 17.47, 33.75, 7.76, 80.2], [0, 47.09, 16.44, 30.38, 28.59, 36.26, 13.16, 43.26, 27.53, 46.55, 56.19, 15.38, 15.24, 31.96, 32.42, 37.14, 17.13, 13.75, 34.05, 48.8, 26.34, 26.54, 8.55, 31.44, 12.57, 21.51, 42.26, 23.9, 33.11, 0.0, 25.45, 20.16, 53.8, 22.76, 65.33, 15.91, 44.78, 31.33, 15.96, 7.65, 25.35, 53.17], [0, 25.23, 21.75, 9.39, 7.5, 14.7, 16.68, 21.35, 5.97, 21.13, 30.91, 14.76, 23.95, 10.45, 7.18, 16.46, 18.91, 21.12, 8.61, 23.35, 11.3, 11.15, 25.84, 9.98, 20.97, 20.22, 19.6, 6.86, 9.97, 25.45, 0.0, 14.41, 29.0, 7.92, 39.89, 22.68, 21.4, 9.94, 9.61, 27.91, 5.7, 70.29], [0, 39.53, 8.28, 23.62, 21.6, 17.69, 20.03, 24.19, 20.03, 32.52, 42.53, 19.79, 10.92, 14.22, 20.64, 30.85, 5.33, 24.5, 20.64, 34.19, 12.52, 12.39, 25.26, 13.81, 9.5, 5.86, 33.85, 8.11, 16.24, 20.16, 14.41, 0.0, 36.55, 19.03, 50.28, 26.94, 26.51, 13.7, 10.21, 18.47, 9.93, 72.18], [0, 27.71, 44.63, 29.62, 29.98, 19.0, 45.51, 14.05, 29.95, 12.09, 13.77, 43.39, 47.35, 22.43, 23.34, 29.2, 41.8, 49.69, 20.81, 9.92, 27.5, 27.28, 54.83, 22.89, 45.92, 40.05, 25.12, 30.15, 20.82, 53.8, 29.0, 36.55, 0.0, 35.13, 15.77, 50.87, 10.48, 23.0, 37.93, 54.53, 28.54, 97.81], [0, 24.43, 24.56, 7.65, 6.02, 22.56, 11.03, 29.03, 5.38, 25.48, 34.4, 8.65, 26.16, 18.37, 11.8, 14.52, 22.18, 14.69, 14.38, 27.97, 11.15, 11.56, 20.68, 17.9, 22.54, 24.76, 19.51, 13.44, 17.73, 22.76, 7.92, 19.03, 35.13, 0.0, 44.03, 15.73, 28.67, 17.85, 9.99, 27.26, 12.97, 63.03], [0, 26.92, 58.55, 36.96, 38.11, 33.58, 55.04, 29.65, 38.68, 18.79, 9.96, 52.68, 61.21, 36.14, 32.97, 33.28, 55.61, 58.55, 31.3, 16.55, 39.43, 39.32, 64.69, 36.51, 59.25, 54.48, 27.63, 42.97, 34.04, 65.33, 39.89, 50.28, 15.77, 44.03, 0.0, 59.13, 25.83, 36.62, 49.46, 67.31, 41.17, 103.71], [0, 36.35, 27.93, 22.19, 21.22, 37.08, 6.98, 43.95, 20.99, 40.93, 49.29, 8.08, 28.03, 32.6, 27.53, 26.91, 27.0, 11.73, 30.1, 43.46, 25.32, 25.7, 8.55, 32.08, 24.3, 31.13, 32.7, 25.58, 32.57, 15.91, 22.68, 26.94, 50.87, 15.73, 59.13, 0.0, 44.05, 32.01, 17.33, 23.32, 26.05, 47.62], [0, 29.38, 34.43, 24.98, 24.64, 8.82, 38.01, 15.9, 24.1, 13.85, 21.11, 36.15, 37.16, 12.83, 17.67, 27.2, 31.67, 42.51, 14.81, 13.47, 19.13, 18.82, 46.83, 13.35, 35.98, 29.68, 25.04, 20.88, 11.84, 44.78, 21.4, 26.51, 10.48, 28.67, 25.83, 44.05, 0.0, 13.45, 29.29, 44.79, 19.49, 91.62], [0, 29.5, 21.94, 17.46, 16.13, 5.15, 25.49, 12.22, 14.92, 19.34, 29.21, 23.94, 24.61, 9.68, 10.99, 22.97, 19.02, 30.17, 9.34, 20.76, 6.79, 6.4, 33.79, 10.22, 22.94, 18.03, 23.9, 7.45, 10.09, 31.33, 9.94, 13.7, 23.0, 17.85, 36.62, 32.01, 13.45, 0.0, 16.06, 31.53, 6.21, 79.55], [0, 33.47, 14.6, 16.48, 14.44, 21.19, 10.36, 28.27, 13.04, 30.72, 40.51, 9.7, 16.17, 16.7, 16.74, 23.85, 12.35, 15.08, 18.16, 32.91, 10.42, 10.65, 17.76, 16.15, 12.61, 15.46, 28.11, 8.81, 17.47, 15.96, 9.61, 10.21, 37.93, 9.99, 49.46, 17.33, 29.29, 16.06, 0.0, 18.46, 9.86, 64.09], [0, 51.59, 12.03, 34.57, 32.6, 35.99, 19.45, 42.65, 31.31, 48.78, 58.71, 21.3, 9.88, 32.12, 35.09, 41.75, 13.91, 21.0, 36.2, 50.81, 27.89, 27.99, 16.19, 31.64, 9.06, 17.68, 46.4, 24.48, 33.75, 7.65, 27.91, 18.47, 54.53, 27.26, 67.31, 23.32, 44.79, 31.53, 18.46, 0.0, 26.22, 58.95], [0, 29.85, 17.99, 14.95, 13.14, 11.36, 19.4, 18.43, 11.65, 22.91, 32.94, 17.98, 20.48, 6.85, 10.78, 21.72, 15.03, 24.11, 10.74, 24.77, 13.01, 12.61, 27.57, 6.3, 18.14, 15.42, 24.15, 12.56, 7.76, 25.35, 5.7, 9.93, 28.54, 12.97, 41.17, 26.05, 19.49, 6.21, 9.86, 26.22, 0.0, 73.48], [0, 0, 0, 0, 0, 0, 0, 0, 0, 0, 0, 0, 0, 0, 0, 0, 0, 0, 0, 0, 0, 0, 0, 0, 0, 0, 0, 0, 0, 0, 0, 0, 0, 0, 0, 0, 0, 0, 0, 0, 0, 0]], "end_depot": 41, "horizon": [0.0, 2100.0], "instance_name": "40_70_A_25_C9", "speed_zone_count": 73, "speed_zones": [[0.0, 15.0], [15.0, 30.0], [30.0, 45.0], [45.0, 60.0], [60.0, 75.0], [75.0, 90.0], [90.0, 105.0], [105.0, 120.0], [120.0, 135.0], [135.0, 150.0], [150.0, 165.0], [165.0, 180.0], [180.0, 195.0], [195.0, 210.0], [210.0, 225.0], [225.0, 240.0], [240.0, 255.0], [255.0, 270.0], [270.0, 285.0], [285.0, 300.0], [300.0, 315.0], [315.0, 330.0], [330.0, 345.0], [345.0, 360.0], [360.0, 375.0], [375.0, 390.0], [390.0, 405.0], [405.0, 420.0], [420.0, 435.0], [435.0, 450.0], [450.0, 465.0], [465.0, 480.0], [480.0, 495.0], [495.0, 510.0], [510.0, 525.0], [525.0, 540.0], [540.0, 555.0], [555.0, 570.0], [570.0, 585.0], [585.0, 600.0], [600.0, 615.0], [615.0, 630.0], [630.0, 645.0], [645.0, 660.0], [660.0, 675.0], [675.0, 690.0], [690.0, 705.0], [705.0, 720.0], [720.0, 735.0], [735.0, 750.0], [750.0, 765.0], [765.0, 780.0], [780.0, 795.0], [795.0, 810.0], [810.0, 825.0], [825.0, 840.0], [840.0, 855.0], [855.0, 870.0], [870.0, 885.0], [885.0, 900.0], [900.0, 915.0], [915.0, 930.0], [930.0, 945.0], [945.0, 960.0], [960.0, 975.0], [975.0, 990.0], [990.0, 1005.0], [1005.0, 1020.0], [1020.0, 1035.0], [1035.0, 1050.0], [1050.0, 1065.0], [1065.0, 1080.0], [1080.0, 2100.0]], "start_depot": 0, "time_windows": [[0.0, 2100.0], [14.0, 133.0], [34.0, 216.0], [66.0, 342.0], [72.0, 368.0], [81.0, 402.0], [93.0, 450.0], [118.0, 549.0], [134.0, 614.0], [143.0, 652.0], [147.0, 668.0], [163.0, 731.0], [171.0, 761.0], [185.0, 817.0], [190.0, 840.0], [197.0, 866.0], [219.0, 956.0], [232.0, 1007.0], [245.0, 1057.0], [249.0, 1073.0], [258.0, 1110.0], [260.0, 1118.0], [267.0, 1146.0], [276.0, 1182.0], [282.0, 1205.0], [285.0, 1218.0], [299.0, 1274.0], [308.0, 1311.0], [311.0, 1321.0], [319.0, 1354.0], [326.0, 1381.0], [329.0, 1395.0], [338.0, 1432.0], [348.0, 1469.0], [359.0, 1513.0], [374.0, 1575.0], [390.0, 1638.0], [395.0, 1657.0], [399.0, 1673.0], [403.0, 1691.0], [410.0, 1719.0], [0.0, 2100.0]], "vehicle_count": 1}