{"cluster_count": 3, "cluster_speeds": [[0.925, 0.85, 0.925, 1.0, 0.8325, 0.765, 0.8325, 0.9, 0.4625, 0.425, 0.4625, 0.5, 0.30525, 0.2805, 0.30525, 0.33, 0.37, 0.34, 0.37, 0.4, 0.555, 0.51, 0.555, 0.6, 0.6475, 0.595, 0.6475, 0.7, 0.37, 0.34, 0.37, 0.4, 0.30525, 0.2805, 0.30525, 0.33, 0.4625, 0.425, 0.4625, 0.5, 0.6475, 0.595, 0.6475, 0.7, 0.74, 0.68, 0.74, 0.8, 0.6475, 0.595, 0.6475, 0.7, 0.4625, 0.425, 0.4625, 0.5, 0.555, 0.51, 0.555, 0.6, 0.6475, 0.595, 0.6475, 0.7, 0.8325, 0.765, 0.8325, 0.9, 0.925, 0.85, 0.925, 1.0, 1.0], [0.6475, 0.595, 0.6475, 0.7, 0.58275, 0.5355, 0.58275, 0.63, 0.32375, 0.2975, 0.32375, 0.35, 0.213675, 0.19635, 0.213675, 0.231, 0.259, 0.238, 0.259, 0.28, 0.3885, 0.357, 0.3885, 0.42, 0.6475, 0.595, 0.6475, 0.7, 0.37, 0.34, 0.37, 0.4, 0.30525, 0.2805, 0.30525, 0.33, 0.4625, 0.425, 0.4625, 0.5, 0.6475, 0.595, 0.6475, 0.7, 0.74, 0.68, 0.74, 0.8, 0.45325, 0.4165, 0.45325, 0.49, 0.32375, 0.2975, 0.32375, 0.35, 0.3885, 0.357, 0.3885, 0.42, 0.45325, 0.4165, 0.45325, 0.49, 0.58275, 0.5355, 0.58275, 0.63, 0.6475, 0.595, 0.6475, 0.7, 0.7], [0.87875, 0.8075, 0.87875, 0.95, 0.790875, 0.72675, 0.790875, 0.855, 0.439375, 0.40375, 0.439375, 0.475, 0.289988, 0.266475, 0.289988, 0.3135, 0.3515, 0.323, 0.3515, 0.38, 0.52725, 0.4845, 0.52725, 0.57, 0.6475, 0.595, 0.6475, 0.7, 0.37, 0.34, 0.37, 0.4, 0.30525, 0.2805, 0.30525, 0.33, 0.4625, 0.425, 0.4625, 0.5, 0.6475, 0.595, 0.6475, 0.7, 0.74, 0.68, 0.74, 0.8, 0.615125, 0.56525, 0.615125, 0.665, 0.439375, 0.40375, 0.439375, 0.475, 0.52725, 0.4845, 0.52725, 0.57, 0.615125, 0.56525, 0.615125, 0.665, 0.790875, 0.72675, 0.790875, 0.855, 0.87875, 0.8075, 0.87875, 0.95, 0.95]], "clusters": [[-1, 2, 2, 2, 2, 2, 2, 2, 2, 2, 2, 2, 2, 2, 2, 2, 2, 2, 2, 2, 2, 2, 2, 2, 2, 2, 2, 2, 2, 2, 2, 2, 2, 2, 2, 2, 2, 2, 2, 2, 2, -1], [0, -1, 0, 0, 0, 0, 0, 0, 0, 0, 0, 0, 0, 0, 0, 0, 0, 0, 0, 0, 0, 0, 0, 0, 0, 0, 0, 0, 0, 0, 0, 0, 0, 0, 0, 0, 0, 0, 0, 0, 0, 0], [1, 1, -1, 1, 1, 1, 1, 1, 1, 1, 1, 1, 1, 1, 1, 1, 1, 1, 1, 1, 1, 1, 1, 1, 1, 1, 1, 1, 1, 1, 1, 1, 1, 1, 1, 1, 1, 1, 1, 1, 1, 1], [1, 1, 1, -1, 1, 1, 1, 1, 1, 1, 1, 1, 1, 1, 1, 1, 1, 1, 1, 1, 1, 1, 1, 1, 1, 1, 1, 1, 1, 1, 1, 1, 1, 1, 1, 1, 1, 1, 1, 1, 1, 1], [1, 1, 1, 1, -1, 1, 1, 1, 1, 1, 1, 1, 1, 1, 1, 1, 1, 1, 1, 1, 1, 1, 1, 1, 1, 1, 1, 1, 1, 1, 1, 1, 1, 1, 1, 1, 1, 1, 1, 1, 1, 1], [0, 0, 0, 0, 0, -1, 0, 0, 0, 0, 0, 0, 0, 0, 0, 0, 0, 0, 0, 0, 0, 0, 0, 0, 0, 0, 0, 0, 0, 0, 0, 0, 0, 0, 0, 0, 0, 0, 0, 0, 0, 0], [1, 1, 1, 1, 1, 1, -1, 1, 1, 1, 1, 1, 1, 1, 1, 1, 1, 1, 1, 1, 1, 1, 1, 1, 1, 1, 1, 1, 1, 1, 1, 1, 1, 1, 1, 1, 1, 1, 1, 1, 1, 1], [0, 0, 0, 0, 0, 0, 0, -1, 0, 0, 0, 0, 0, 0, 0, 0, 0, 0, 0, 0, 0, 0, 0, 0, 0, 0, 0, 0, 0, 0, 0, 0, 0, 0, 0, 0, 0, 0, 0, 0, 0, 0], [0, 0, 0, 0, 0, 0, 0, 0, -1, 0, 0, 0, 0, 0, 0, 0, 0, 0, 0, 0, 0, 0, 0, 0, 0, 0, 0, 0, 0, 0, 0, 0, 0, 0, 0, 0, 0, 0, 0, 0, 0, 0], [2, 2, 2, 2, 2, 2, 2, 2, 2, -1, 2, 2, 2, 2, 2, 2, 2, 2, 2, 2, 2, 2, 2, 2, 2, 2, 2, 2, 2, 2, 2, 2, 2, 2, 2, 2, 2, 2, 2, 2, 2, 2], [0, 0, 0, 0, 0, 0, 0, 0, 0, 0, -1, 0, 0, 0, 0, 0, 0, 0, 0, 0, 0, 0, 0, 0, 0, 0, 0, 0, 0, 0, 0, 0, 0, 0, 0, 0, 0, 0, 0, 0, 0, 0], [0, 0, 0, 0, 0, 0, 0, 0, 0, 0, 0, -1, 0, 0, 0, 0, 0, 0, 0, 0, 0, 0, 0, 0, 0, 0, 0, 0, 0, 0, 0, 0, 0, 0, 0, 0, 0, 0, 0, 0, 0, 0], [1, 1, 1, 1, 1, 1, 1, 1, 1, 1, 1, 1, -1, 1, 1, 1, 1, 1, 1, 1, 1, 1, 1, 1, 1, 1, 1, 1, 1, 1, 1, 1, 1, 1, 1, 1, 1, 1, 1, 1, 1, 1], [1, 1, 1, 1, 1, 1, 1, 1, 1, 1, 1, 1, 1, -1, 1, 1, 1, 1, 1, 1, 1, 1, 1, 1, 1, 1, 1, 1, 1, 1, 1, 1, 1, 1, 1, 1, 1, 1, 1, 1, 1, 1], [0, 0, 0, 0, 0, 0, 0, 0, 0, 0, 0, 0, 0, 0, -1, 0, 0, 0, 0, 0, 0, 0, 0, 0, 0, 0, 0, 0, 0, 0, 0, 0, 0, 0, 0, 0, 0, 0, 0, 0, 0, 0], [0, 0, 0, 0, 0, 0, 0, 0, 0, 0, 0, 0, 0, 0, 0, -1, 0, 0, 0, 0, 0, 0, 0, 0, 0, 0, 0, 0, 0, 0, 0, 0, 0, 0, 0, 0, 0, 0, 0, 0, 0, 0], [2, 2, 2, 2, 2, 2, 2, 2, 2, 2, 2, 2, 2, 2, 2, 2, -1, 2, 2, 2, 2, 2, 2, 2, 2, 2, 2, 2, 2, 2, 2, 2, 2, 2, 2, 2, 2, 2, 2, 2, 2, 2], [0, 0, 0, 0, 0, 0, 0, 0, 0, 0, 0, 0, 0, 0, 0, 0, 0, -1, 0, 0, 0, 0, 0, 0, 0, 0, 0, 0, 0, 0, 0, 0, 0, 0, 0, 0, 0, 0, 0, 0, 0, 0], [0, 0, 0, 0, 0, 0, 0, 0, 0, 0, 0, 0, 0, 0, 0, 0, 0, 0, -1, 0, 0, 0, 0, 0, 0, 0, 0, 0, 0, 0, 0, 0, 0, 0, 0, 0, 0, 0, 0, 0, 0, 0], [2, 2, 2, 2, 2, 2, 2, 2, 2, 2, 2, 2, 2, 2, 2, 2, 2, 2, 2, -1, 2, 2, 2, 2, 2, 2, 2, 2, 2, 2, 2, 2, 2, 2, 2, 2, 2, 2, 2, 2, 2, 2], [0, 0, 0, 0, 0, 0, 0, 0, 0, 0, 0, 0, 0, 0, 0, 0, 0, 0, 0, 0, -1, 0, 0, 0, 0, 0, 0, 0, 0, 0, 0, 0, 0, 0, 0, 0, 0, 0, 0, 0, 0, 0], [1, 1, 1, 1, 1, 1, 1, 1, 1, 1, 1, 1, 1, 1, 1, 1, 1, 1, 1, 1, 1, -1, 1, 1, 1, 1, 1, 1, 1, 1, 1, 1, 1, 1, 1, 1, 1, 1, 1, 1, 1, 1], [0, 0, 0, 0, 0, 0, 0, 0, 0, 0, 0, 0, 0, 0, 0, 0, 0, 0, 0, 0, 0, 0, -1, 0, 0, 0, 0, 0, 0, 0, 0, 0, 0, 0, 0, 0, 0, 0, 0, 0, 0, 0], [1, 1, 1, 1, 1, 1, 1, 1, 1, 1, 1, 1, 1, 1, 1, 1, 1, 1, 1, 1, 1, 1, 1, -1, 1, 1, 1, 1, 1, 1, 1, 1, 1, 1, 1, 1, 1, 1, 1, 1, 1, 1], [0, 0, 0, 0, 0, 0, 0, 0, 0, 0, 0, 0, 0, 0, 0, 0, 0, 0, 0, 0, 0, 0, 0, 0, -1, 0, 0, 0, 0, 0, 0, 0, 0, 0, 0, 0, 0, 0, 0, 0, 0, 0], [0, 0, 0, 0, 0, 0, 0, 0, 0, 0, 0, 0, 0, 0, 0, 0, 0, 0, 0, 0, 0, 0, 0, 0, 0, -1, 0, 0, 0, 0, 0, 0, 0, 0, 0, 0, 0, 0, 0, 0, 0, 0], [2, 2, 2, 2, 2, 2, 2, 2, 2, 2, 2, 2, 2, 2, 2, 2, 2, 2, 2, 2, 2, 2, 2, 2, 2, 2, -1, 2, 2, 2, 2, 2, 2, 2, 2, 2, 2, 2, 2, 2, 2, 2], [0, 0, 0, 0, 0, 0, 0, 0, 0, 0, 0, 0, 0, 0, 0, 0, 0, 0, 0, 0, 0, 0, 0, 0, 0, 0, 0, -1, 0, 0, 0, 0, 0, 0, 0, 0, 0, 0, 0, 0, 0, 0], [1, 1, 1, 1, 1, 1, 1, 1, 1, 1, 1, 1, 1, 1, 1, 1, 1, 1, 1, 1, 1, 1, 1, 1, 1, 1, 1, 1, -1, 1, 1, 1, 1, 1, 1, 1, 1, 1, 1, 1, 1, 1], [2, 2, 2, 2, 2, 2, 2, 2, 2, 2, 2, 2, 2, 2, 2, 2, 2, 2, 2, 2, 2, 2, 2, 2, 2, 2, 2, 2, 2, -1, 2, 2, 2, 2, 2, 2, 2, 2, 2, 2, 2, 2], [0, 0, 0, 0, 0, 0, 0, 0, 0, 0, 0, 0, 0, 0, 0, 0, 0, 0, 0, 0, 0, 0, 0, 0, 0, 0, 0, 0, 0, 0, -1, 0, 0, 0, 0, 0, 0, 0, 0, 0, 0, 0], [1, 1, 1, 1, 1, 1, 1, 1, 1, 1, 1, 1, 1, 1, 1, 1, 1, 1, 1, 1, 1, 1, 1, 1, 1, 1, 1, 1, 1, 1, 1, -1, 1, 1, 1, 1, 1, 1, 1, 1, 1, 1], [0, 0, 0, 0, 0, 0, 0, 0, 0, 0, 0, 0, 0, 0, 0, 0, 0, 0, 0, 0, 0, 0, 0, 0, 0, 0, 0, 0, 0, 0, 0, 0, -1, 0, 0, 0, 0, 0, 0, 0, 0, 0], [1, 1, 1, 1, 1, 1, 1, 1, 1, 1, 1, 1, 1, 1, 1, 1, 1, 1, 1, 1, 1, 1, 1, 1, 1, 1, 1, 1, 1, 1, 1, 1, 1, -1, 1, 1, 1, 1, 1, 1, 1, 1], [0, 0, 0, 0, 0, 0, 0, 0, 0, 0, 0, 0, 0, 0, 0, 0, 0, 0, 0, 0, 0, 0, 0, 0, 0, 0, 0, 0, 0, 0, 0, 0, 0, 0, -1, 0, 0, 0, 0, 0, 0, 0], [1, 1, 1, 1, 1, 1, 1, 1, 1, 1, 1, 1, 1, 1, 1, 1, 1, 1, 1, 1, 1, 1, 1, 1, 1, 1, 1, 1, 1, 1, 1, 1, 1, 1, 1, -1, 1, 1, 1, 1, 1, 1], [0, 0, 0, 0, 0, 0, 0, 0, 0, 0, 0, 0, 0, 0, 0, 0, 0, 0, 0, 0, 0, 0, 0, 0, 0, 0, 0, 0, 0, 0, 0, 0, 0, 0, 0, 0, -1, 0, 0, 0, 0, 0], [1, 1, 1, 1, 1, 1, 1, 1, 1, 1, 1, 1, 1, 1, 1, 1, 1, 1, 1, 1, 1, 1, 1, 1, 1, 1, 1, 1, 1, 1, 1, 1, 1, 1, 1, 1, 1, -1, 1, 1, 1, 1], [1, 1, 1, 1, 1, 1, 1, 1, 1, 1, 1, 1, 1, 1, 1, 1, 1, 1, 1, 1, 1, 1, 1, 1, 1, 1, 1, 1, 1, 1, 1, 1, 1, 1, 1, 1, 1, 1, -1, 1, 1, 1], [0, 0, 0, 0, 0, 0, 0, 0, 0, 0, 0, 0, 0, 0, 0, 0, 0, 0, 0, 0, 0, 0, 0, 0, 0, 0, 0, 0, 0, 0, 0, 0, 0, 0, 0, 0, 0, 0, 0, -1, 0, 0], [0, 0, 0, 0, 0, 0, 0, 0, 0, 0, 0, 0, 0, 0, 0, 0, 0, 0, 0, 0, 0, 0, 0, 0, 0, 0, 0, 0, 0, 0, 0, 0, 0, 0, 0, 0, 0, 0, 0, 0, -1, 0], [-1, 2, 2, 2, 2, 2, 2, 2, 2, 2, 2, 2, 2, 2, 2, 2, 2, 2, 2, 2, 2, 2, 2, 2, 2, 2, 2, 2, 2, 2, 2, 2, 2, 2, 2, 2, 2, 2, 2, 2, 2, -1]], "dataset_name": "guerriero_et_al_2014b", "digraph": {"arc_count": 1640, "arcs": [[0, 1, 1, 1, 1, 1, 1, 1, 1, 1, 1, 1, 1, 1, 1, 1, 1, 1, 1, 1, 1, 1, 1, 1, 1, 1, 1, 1, 1, 1, 1, 1, 1, 1, 1, 1, 1, 1, 1, 1, 1, 0], [0, 0, 1, 1, 1, 1, 1, 1, 1, 1, 1, 1, 1, 1, 1, 1, 1, 1, 1, 1, 1, 1, 1, 1, 1, 1, 1, 1, 1, 1, 1, 1, 1, 1, 1, 1, 1, 1, 1, 1, 1, 1], [0, 1, 0, 1, 1, 1, 1, 1, 1, 1, 1, 1, 1, 1, 1, 1, 1, 1, 1, 1, 1, 1, 1, 1, 1, 1, 1, 1, 1, 1, 1, 1, 1, 1, 1, 1, 1, 1, 1, 1, 1, 1], [0, 1, 1, 0, 1, 1, 1, 1, 1, 1, 1, 1, 1, 1, 1, 1, 1, 1, 1, 1, 1, 1, 1, 1, 1, 1, 1, 1, 1, 1, 1, 1, 1, 1, 1, 1, 1, 1, 1, 1, 1, 1], [0, 1, 1, 1, 0, 1, 1, 1, 1, 1, 1, 1, 1, 1, 1, 1, 1, 1, 1, 1, 1, 1, 1, 1, 1, 1, 1, 1, 1, 1, 1, 1, 1, 1, 1, 1, 1, 1, 1, 1, 1, 1], [0, 1, 1, 1, 1, 0, 1, 1, 1, 1, 1, 1, 1, 1, 1, 1, 1, 1, 1, 1, 1, 1, 1, 1, 1, 1, 1, 1, 1, 1, 1, 1, 1, 1, 1, 1, 1, 1, 1, 1, 1, 1], [0, 1, 1, 1, 1, 1, 0, 1, 1, 1, 1, 1, 1, 1, 1, 1, 1, 1, 1, 1, 1, 1, 1, 1, 1, 1, 1, 1, 1, 1, 1, 1, 1, 1, 1, 1, 1, 1, 1, 1, 1, 1], [0, 1, 1, 1, 1, 1, 1, 0, 1, 1, 1, 1, 1, 1, 1, 1, 1, 1, 1, 1, 1, 1, 1, 1, 1, 1, 1, 1, 1, 1, 1, 1, 1, 1, 1, 1, 1, 1, 1, 1, 1, 1], [0, 1, 1, 1, 1, 1, 1, 1, 0, 1, 1, 1, 1, 1, 1, 1, 1, 1, 1, 1, 1, 1, 1, 1, 1, 1, 1, 1, 1, 1, 1, 1, 1, 1, 1, 1, 1, 1, 1, 1, 1, 1], [0, 1, 1, 1, 1, 1, 1, 1, 1, 0, 1, 1, 1, 1, 1, 1, 1, 1, 1, 1, 1, 1, 1, 1, 1, 1, 1, 1, 1, 1, 1, 1, 1, 1, 1, 1, 1, 1, 1, 1, 1, 1], [0, 1, 1, 1, 1, 1, 1, 1, 1, 1, 0, 1, 1, 1, 1, 1, 1, 1, 1, 1, 1, 1, 1, 1, 1, 1, 1, 1, 1, 1, 1, 1, 1, 1, 1, 1, 1, 1, 1, 1, 1, 1], [0, 1, 1, 1, 1, 1, 1, 1, 1, 1, 1, 0, 1, 1, 1, 1, 1, 1, 1, 1, 1, 1, 1, 1, 1, 1, 1, 1, 1, 1, 1, 1, 1, 1, 1, 1, 1, 1, 1, 1, 1, 1], [0, 1, 1, 1, 1, 1, 1, 1, 1, 1, 1, 1, 0, 1, 1, 1, 1, 1, 1, 1, 1, 1, 1, 1, 1, 1, 1, 1, 1, 1, 1, 1, 1, 1, 1, 1, 1, 1, 1, 1, 1, 1], [0, 1, 1, 1, 1, 1, 1, 1, 1, 1, 1, 1, 1, 0, 1, 1, 1, 1, 1, 1, 1, 1, 1, 1, 1, 1, 1, 1, 1, 1, 1, 1, 1, 1, 1, 1, 1, 1, 1, 1, 1, 1], [0, 1, 1, 1, 1, 1, 1, 1, 1, 1, 1, 1, 1, 1, 0, 1, 1, 1, 1, 1, 1, 1, 1, 1, 1, 1, 1, 1, 1, 1, 1, 1, 1, 1, 1, 1, 1, 1, 1, 1, 1, 1], [0, 1, 1, 1, 1, 1, 1, 1, 1, 1, 1, 1, 1, 1, 1, 0, 1, 1, 1, 1, 1, 1, 1, 1, 1, 1, 1, 1, 1, 1, 1, 1, 1, 1, 1, 1, 1, 1, 1, 1, 1, 1], [0, 1, 1, 1, 1, 1, 1, 1, 1, 1, 1, 1, 1, 1, 1, 1, 0, 1, 1, 1, 1, 1, 1, 1, 1, 1, 1, 1, 1, 1, 1, 1, 1, 1, 1, 1, 1, 1, 1, 1, 1, 1], [0, 1, 1, 1, 1, 1, 1, 1, 1, 1, 1, 1, 1, 1, 1, 1, 1, 0, 1, 1, 1, 1, 1, 1, 1, 1, 1, 1, 1, 1, 1, 1, 1, 1, 1, 1, 1, 1, 1, 1, 1, 1], [0, 1, 1, 1, 1, 1, 1, 1, 1, 1, 1, 1, 1, 1, 1, 1, 1, 1, 0, 1, 1, 1, 1, 1, 1, 1, 1, 1, 1, 1, 1, 1, 1, 1, 1, 1, 1, 1, 1, 1, 1, 1], [0, 1, 1, 1, 1, 1, 1, 1, 1, 1, 1, 1, 1, 1, 1, 1, 1, 1, 1, 0, 1, 1, 1, 1, 1, 1, 1, 1, 1, 1, 1, 1, 1, 1, 1, 1, 1, 1, 1, 1, 1, 1], [0, 1, 1, 1, 1, 1, 1, 1, 1, 1, 1, 1, 1, 1, 1, 1, 1, 1, 1, 1, 0, 1, 1, 1, 1, 1, 1, 1, 1, 1, 1, 1, 1, 1, 1, 1, 1, 1, 1, 1, 1, 1], [0, 1, 1, 1, 1, 1, 1, 1, 1, 1, 1, 1, 1, 1, 1, 1, 1, 1, 1, 1, 1, 0, 1, 1, 1, 1, 1, 1, 1, 1, 1, 1, 1, 1, 1, 1, 1, 1, 1, 1, 1, 1], [0, 1, 1, 1, 1, 1, 1, 1, 1, 1, 1, 1, 1, 1, 1, 1, 1, 1, 1, 1, 1, 1, 0, 1, 1, 1, 1, 1, 1, 1, 1, 1, 1, 1, 1, 1, 1, 1, 1, 1, 1, 1], [0, 1, 1, 1, 1, 1, 1, 1, 1, 1, 1, 1, 1, 1, 1, 1, 1, 1, 1, 1, 1, 1, 1, 0, 1, 1, 1, 1, 1, 1, 1, 1, 1, 1, 1, 1, 1, 1, 1, 1, 1, 1], [0, 1, 1, 1, 1, 1, 1, 1, 1, 1, 1, 1, 1, 1, 1, 1, 1, 1, 1, 1, 1, 1, 1, 1, 0, 1, 1, 1, 1, 1, 1, 1, 1, 1, 1, 1, 1, 1, 1, 1, 1, 1], [0, 1, 1, 1, 1, 1, 1, 1, 1, 1, 1, 1, 1, 1, 1, 1, 1, 1, 1, 1, 1, 1, 1, 1, 1, 0, 1, 1, 1, 1, 1, 1, 1, 1, 1, 1, 1, 1, 1, 1, 1, 1], [0, 1, 1, 1, 1, 1, 1, 1, 1, 1, 1, 1, 1, 1, 1, 1, 1, 1, 1, 1, 1, 1, 1, 1, 1, 1, 0, 1, 1, 1, 1, 1, 1, 1, 1, 1, 1, 1, 1, 1, 1, 1], [0, 1, 1, 1, 1, 1, 1, 1, 1, 1, 1, 1, 1, 1, 1, 1, 1, 1, 1, 1, 1, 1, 1, 1, 1, 1, 1, 0, 1, 1, 1, 1, 1, 1, 1, 1, 1, 1, 1, 1, 1, 1], [0, 1, 1, 1, 1, 1, 1, 1, 1, 1, 1, 1, 1, 1, 1, 1, 1, 1, 1, 1, 1, 1, 1, 1, 1, 1, 1, 1, 0, 1, 1, 1, 1, 1, 1, 1, 1, 1, 1, 1, 1, 1], [0, 1, 1, 1, 1, 1, 1, 1, 1, 1, 1, 1, 1, 1, 1, 1, 1, 1, 1, 1, 1, 1, 1, 1, 1, 1, 1, 1, 1, 0, 1, 1, 1, 1, 1, 1, 1, 1, 1, 1, 1, 1], [0, 1, 1, 1, 1, 1, 1, 1, 1, 1, 1, 1, 1, 1, 1, 1, 1, 1, 1, 1, 1, 1, 1, 1, 1, 1, 1, 1, 1, 1, 0, 1, 1, 1, 1, 1, 1, 1, 1, 1, 1, 1], [0, 1, 1, 1, 1, 1, 1, 1, 1, 1, 1, 1, 1, 1, 1, 1, 1, 1, 1, 1, 1, 1, 1, 1, 1, 1, 1, 1, 1, 1, 1, 0, 1, 1, 1, 1, 1, 1, 1, 1, 1, 1], [0, 1, 1, 1, 1, 1, 1, 1, 1, 1, 1, 1, 1, 1, 1, 1, 1, 1, 1, 1, 1, 1, 1, 1, 1, 1, 1, 1, 1, 1, 1, 1, 0, 1, 1, 1, 1, 1, 1, 1, 1, 1], [0, 1, 1, 1, 1, 1, 1, 1, 1, 1, 1, 1, 1, 1, 1, 1, 1, 1, 1, 1, 1, 1, 1, 1, 1, 1, 1, 1, 1, 1, 1, 1, 1, 0, 1, 1, 1, 1, 1, 1, 1, 1], [0, 1, 1, 1, 1, 1, 1, 1, 1, 1, 1, 1, 1, 1, 1, 1, 1, 1, 1, 1, 1, 1, 1, 1, 1, 1, 1, 1, 1, 1, 1, 1, 1, 1, 0, 1, 1, 1, 1, 1, 1, 1], [0, 1, 1, 1, 1, 1, 1, 1, 1, 1, 1, 1, 1, 1, 1, 1, 1, 1, 1, 1, 1, 1, 1, 1, 1, 1, 1, 1, 1, 1, 1, 1, 1, 1, 1, 0, 1, 1, 1, 1, 1, 1], [0, 1, 1, 1, 1, 1, 1, 1, 1, 1, 1, 1, 1, 1, 1, 1, 1, 1, 1, 1, 1, 1, 1, 1, 1, 1, 1, 1, 1, 1, 1, 1, 1, 1, 1, 1, 0, 1, 1, 1, 1, 1], [0, 1, 1, 1, 1, 1, 1, 1, 1, 1, 1, 1, 1, 1, 1, 1, 1, 1, 1, 1, 1, 1, 1, 1, 1, 1, 1, 1, 1, 1, 1, 1, 1, 1, 1, 1, 1, 0, 1, 1, 1, 1], [0, 1, 1, 1, 1, 1, 1, 1, 1, 1, 1, 1, 1, 1, 1, 1, 1, 1, 1, 1, 1, 1, 1, 1, 1, 1, 1, 1, 1, 1, 1, 1, 1, 1, 1, 1, 1, 1, 0, 1, 1, 1], [0, 1, 1, 1, 1, 1, 1, 1, 1, 1, 1, 1, 1, 1, 1, 1, 1, 1, 1, 1, 1, 1, 1, 1, 1, 1, 1, 1, 1, 1, 1, 1, 1, 1, 1, 1, 1, 1, 1, 0, 1, 1], [0, 1, 1, 1, 1, 1, 1, 1, 1, 1, 1, 1, 1, 1, 1, 1, 1, 1, 1, 1, 1, 1, 1, 1, 1, 1, 1, 1, 1, 1, 1, 1, 1, 1, 1, 1, 1, 1, 1, 1, 0, 1], [0, 0, 0, 0, 0, 0, 0, 0, 0, 0, 0, 0, 0, 0, 0, 0, 0, 0, 0, 0, 0, 0, 0, 0, 0, 0, 0, 0, 0, 0, 0, 0, 0, 0, 0, 0, 0, 0, 0, 0, 0, 0]], "vertex_count": 42}, "distances": [[0, 85.14, 72.03, 68.54, 85.65, 62.76, 90.45, 84.58, 81.36, 46.82, 79.45, 56.55, 72.58, 77.67, 79.38, 68.77, 52.81, 57.67, 68.63, 100.17, 63.26, 70.67, 72.93, 91.39, 69.09, 70.85, 57.57, 80.5, 91.1, 100.5, 73.46, 72.03, 63.54, 92.39, 72.43, 53.54, 72.49, 71.44, 57.69, 63.42, 84.74, 0], [0, 0.0, 21.67, 27.37, 12.23, 22.38, 15.9, 8.83, 5.0, 41.3, 6.77, 28.79, 28.26, 20.95, 5.92, 18.25, 39.77, 27.47, 16.88, 19.28, 21.97, 30.07, 13.81, 6.89, 16.14, 18.94, 41.23, 4.64, 14.0, 37.04, 13.79, 22.55, 21.63, 7.71, 13.27, 32.68, 12.7, 23.95, 29.26, 22.17, 9.58, 85.14], [0, 21.67, 0.0, 35.4, 14.92, 17.39, 18.85, 21.98, 21.94, 36.79, 21.35, 23.13, 38.88, 5.84, 19.36, 8.75, 39.55, 20.54, 12.72, 29.16, 15.7, 39.63, 21.89, 24.64, 14.28, 4.49, 44.31, 18.74, 20.06, 31.04, 22.77, 32.54, 16.2, 25.64, 19.43, 28.2, 16.96, 33.65, 27.49, 20.87, 23.3, 72.03], [0, 27.37, 35.4, 0.0, 36.84, 19.67, 41.86, 26.33, 22.4, 21.85, 20.85, 18.97, 4.83, 39.11, 22.58, 26.7, 16.16, 20.55, 22.68, 46.64, 21.23, 4.42, 15.05, 33.95, 21.15, 30.92, 14.69, 24.37, 40.57, 62.05, 14.54, 5.0, 20.51, 34.55, 17.11, 17.93, 19.49, 10.06, 14.01, 15.64, 25.33, 68.54], [0, 12.23, 14.92, 36.84, 0.0, 25.13, 5.39, 13.14, 15.81, 45.86, 16.66, 32.03, 38.74, 11.3, 14.58, 17.13, 46.31, 29.91, 18.57, 14.57, 23.95, 40.24, 21.85, 11.33, 18.98, 14.86, 49.27, 12.88, 5.45, 25.44, 22.3, 32.51, 24.0, 12.15, 20.07, 36.82, 18.08, 33.88, 34.49, 26.84, 14.74, 85.65], [0, 22.38, 17.39, 19.67, 25.13, 0.0, 30.48, 21.84, 18.83, 20.77, 17.01, 6.91, 23.95, 22.38, 16.67, 9.09, 22.32, 5.11, 6.57, 38.79, 11.09, 24.08, 11.64, 28.73, 6.48, 13.3, 26.93, 17.74, 30.32, 47.48, 12.48, 18.37, 11.16, 29.71, 10.26, 11.73, 9.79, 19.07, 10.17, 11.72, 22.1, 62.76], [0, 15.9, 18.85, 41.86, 5.39, 30.48, 0.0, 16.93, 20.17, 51.23, 21.3, 37.37, 43.5, 14.07, 19.35, 22.29, 51.68, 35.22, 23.92, 10.45, 29.27, 45.1, 26.96, 12.6, 24.36, 19.62, 54.54, 17.58, 10.84, 21.14, 27.36, 37.39, 29.34, 13.07, 25.3, 42.18, 23.39, 38.77, 39.87, 32.23, 18.45, 90.45], [0, 8.83, 21.98, 26.33, 13.14, 21.84, 16.93, 0.0, 13.83, 40.51, 5.83, 28.15, 27.19, 21.52, 5.22, 18.12, 38.86, 26.91, 16.53, 20.31, 21.5, 29.0, 12.92, 7.81, 15.69, 19.06, 40.24, 4.19, 15.06, 38.06, 12.86, 21.49, 21.13, 8.59, 12.5, 31.95, 12.09, 22.89, 28.47, 21.48, 9.13, 84.58], [0, 5.0, 21.94, 22.4, 15.81, 18.83, 20.17, 13.83, 0.0, 36.78, 11.76, 24.82, 23.47, 22.54, 10.91, 16.6, 34.91, 23.79, 14.24, 24.27, 18.72, 25.21, 9.05, 11.8, 13.11, 18.42, 36.25, 9.63, 18.53, 41.15, 8.92, 17.62, 18.27, 12.54, 8.96, 28.37, 9.08, 19.02, 24.75, 18.01, 14.57, 81.36], [0, 41.3, 36.79, 21.85, 45.86, 20.77, 51.23, 40.51, 36.78, 0.0, 34.83, 13.98, 26.16, 42.35, 35.39, 29.53, 7.86, 16.4, 27.31, 59.16, 22.1, 24.49, 27.78, 48.1, 26.94, 33.37, 14.82, 36.88, 50.96, 67.71, 28.09, 25.21, 21.94, 48.99, 28.03, 9.05, 28.95, 24.62, 12.04, 19.37, 40.25, 46.82], [0, 6.77, 21.35, 20.85, 16.66, 17.01, 21.3, 5.83, 11.76, 34.83, 0.0, 22.9, 22.2, 22.45, 10.89, 15.38, 33.03, 21.92, 12.72, 25.95, 16.97, 23.85, 7.12, 13.64, 11.48, 17.58, 34.5, 10.02, 19.81, 42.1, 7.03, 16.18, 16.49, 14.41, 7.02, 26.41, 7.33, 17.57, 22.79, 16.07, 5.43, 79.45], [0, 28.79, 23.13, 18.97, 32.03, 6.91, 37.37, 28.15, 24.82, 13.98, 22.9, 0.0, 23.74, 28.54, 22.94, 15.56, 16.65, 12.02, 13.47, 45.67, 8.13, 23.21, 16.51, 35.34, 13.32, 19.48, 22.27, 24.19, 37.23, 53.85, 17.14, 19.48, 8.03, 36.29, 15.88, 5.08, 16.09, 19.7, 5.59, 6.91, 28.22, 56.55], [0, 28.26, 38.88, 4.83, 38.74, 23.95, 43.5, 27.19, 23.47, 26.16, 22.2, 23.74, 0.0, 42.16, 24.18, 30.31, 19.82, 25.23, 26.25, 47.28, 25.44, 9.25, 17.53, 34.45, 24.63, 34.39, 16.84, 25.93, 41.98, 64.15, 16.83, 6.43, 24.7, 34.92, 19.85, 22.74, 22.34, 5.23, 18.83, 19.96, 25.98, 72.58], [0, 20.95, 5.84, 39.11, 11.3, 22.38, 14.07, 21.52, 22.54, 42.35, 22.45, 28.54, 42.16, 0.0, 20.27, 13.33, 44.7, 26.0, 16.85, 24.53, 20.77, 43.15, 24.69, 22.28, 18.15, 9.1, 49.09, 19.17, 15.73, 25.36, 25.47, 35.73, 21.16, 23.19, 22.31, 33.61, 19.82, 36.95, 32.55, 25.51, 23.04, 77.67], [0, 5.92, 19.36, 22.58, 14.58, 16.67, 19.35, 5.22, 10.91, 35.39, 10.89, 22.94, 24.18, 20.27, 0.0, 13.92, 34.06, 21.72, 11.71, 24.59, 16.42, 25.75, 8.15, 12.72, 10.69, 15.75, 35.9, 9.41, 17.99, 40.02, 8.3, 18.04, 16.01, 13.6, 7.37, 26.76, 6.9, 19.42, 23.36, 16.27, 5.46, 79.38], [0, 18.25, 8.75, 26.7, 17.13, 9.09, 22.29, 18.12, 16.6, 29.53, 15.38, 15.56, 30.31, 13.33, 13.92, 0.0, 31.4, 13.18, 12.6, 31.47, 7.53, 30.96, 13.89, 23.35, 5.72, 4.35, 35.79, 14.07, 22.54, 38.41, 14.83, 24.05, 7.86, 24.38, 11.48, 20.59, 9.23, 25.1, 19.24, 12.23, 19.01, 68.77], [0, 39.77, 39.55, 16.16, 46.31, 22.32, 51.68, 38.86, 34.91, 7.86, 33.03, 16.65, 19.82, 44.7, 34.06, 31.4, 0.0, 19.27, 28.36, 58.55, 23.94, 17.87, 25.96, 46.65, 27.53, 35.61, 7.05, 35.73, 51.03, 69.74, 26.0, 20.43, 23.54, 47.44, 26.89, 11.89, 28.41, 19.51, 12.16, 19.61, 38.29, 52.81], [0, 27.47, 20.54, 20.55, 29.91, 5.11, 35.22, 26.91, 23.79, 16.4, 21.92, 12.02, 25.23, 26.0, 21.72, 13.18, 19.27, 0.0, 11.47, 43.78, 5.98, 24.89, 16.0, 33.84, 11.58, 16.98, 24.81, 22.83, 35.19, 51.34, 16.73, 20.49, 6.05, 34.82, 15.0, 7.65, 14.82, 20.87, 7.92, 6.6, 27.11, 57.67], [0, 16.88, 12.72, 22.68, 18.57, 6.57, 23.92, 16.53, 14.24, 27.31, 12.72, 13.47, 26.25, 16.85, 11.71, 12.6, 28.36, 11.47, 0.0, 32.31, 5.51, 26.92, 10.03, 22.78, 10.03, 8.24, 32.32, 12.33, 23.76, 41.43, 10.98, 19.99, 5.46, 23.79, 7.71, 18.26, 5.75, 21.03, 16.25, 8.8, 17.12, 68.63], [0, 19.28, 29.16, 46.64, 14.57, 38.79, 10.45, 20.31, 24.27, 59.16, 25.95, 45.67, 47.28, 24.53, 24.59, 31.47, 58.55, 43.78, 32.31, 0.0, 37.81, 49.19, 32.74, 12.85, 32.36, 29.43, 60.44, 22.86, 9.16, 23.59, 32.86, 41.78, 37.74, 12.46, 31.67, 50.19, 30.31, 43.17, 47.34, 39.8, 21.36, 100.17], [0, 21.97, 15.7, 21.23, 23.95, 11.09, 29.27, 21.5, 18.72, 22.1, 16.97, 8.13, 25.44, 20.77, 16.42, 7.53, 23.94, 5.98, 5.51, 37.81, 0.0, 25.64, 12.2, 28.13, 5.84, 11.67, 28.63, 17.34, 29.21, 45.93, 13.09, 19.72, 10.58, 29.13, 10.53, 13.1, 9.65, 20.48, 11.81, 5.63, 21.88, 63.26], [0, 30.07, 39.63, 4.42, 40.24, 24.08, 45.1, 29.0, 25.21, 24.49, 23.85, 23.21, 9.25, 43.15, 25.75, 30.96, 17.87, 24.89, 26.92, 49.19, 25.64, 0.0, 18.72, 36.38, 25.35, 35.13, 14.57, 27.52, 43.65, 65.6, 18.09, 7.73, 24.92, 36.88, 20.94, 21.74, 23.39, 6.37, 18.04, 20.06, 27.84, 70.67], [0, 13.81, 21.89, 15.05, 21.85, 11.64, 26.96, 12.92, 9.05, 27.78, 7.12, 16.51, 17.53, 24.69, 8.15, 13.89, 25.96, 16.0, 10.03, 32.74, 12.2, 18.72, 0.0, 20.7, 8.35, 17.49, 27.8, 9.88, 25.85, 47.0, 10.75, 11.1, 11.54, 21.51, 14.14, 19.56, 4.94, 12.38, 15.77, 9.61, 12.5, 72.93], [0, 6.89, 24.64, 33.95, 11.33, 28.73, 12.6, 7.81, 11.8, 48.1, 13.64, 35.34, 34.45, 22.28, 12.72, 23.35, 46.65, 33.84, 22.78, 12.85, 28.13, 36.38, 20.7, 0.0, 22.31, 22.96, 48.01, 11.23, 10.15, 33.11, 20.67, 29.04, 27.88, 14.6, 20.08, 39.39, 19.29, 30.42, 36.08, 28.87, 8.63, 91.39], [0, 16.14, 14.28, 21.15, 18.98, 6.48, 24.36, 15.69, 13.11, 26.94, 11.48, 13.32, 24.63, 18.15, 10.69, 5.72, 27.53, 11.58, 10.03, 32.36, 5.84, 25.35, 8.35, 22.31, 0.0, 9.79, 31.21, 11.52, 24.02, 42.42, 9.3, 18.34, 5.57, 23.3, 6.05, 17.91, 4.28, 19.41, 15.54, 7.93, 16.15, 69.09], [0, 18.94, 4.49, 30.92, 14.86, 13.3, 19.62, 19.06, 18.42, 33.37, 17.58, 19.48, 34.39, 9.1, 15.75, 4.35, 35.61, 16.98, 8.24, 29.43, 11.67, 35.13, 17.49, 22.96, 9.79, 0.0, 40.12, 15.41, 20.3, 34.37, 18.39, 28.06, 12.09, 24.0, 15.03, 24.55, 12.6, 29.16, 23.47, 16.57, 20.22, 70.85], [0, 41.23, 44.31, 14.69, 49.27, 26.93, 54.54, 40.24, 36.25, 14.82, 34.5, 22.27, 16.84, 49.09, 35.9, 35.79, 7.05, 24.81, 32.32, 60.44, 28.63, 14.57, 27.8, 48.01, 31.21, 40.12, 0.0, 37.66, 53.59, 73.61, 27.6, 19.64, 28.11, 48.69, 29.25, 18.04, 31.19, 18.41, 17.03, 23.58, 39.42, 57.57], [0, 4.64, 18.74, 24.37, 12.88, 17.74, 17.58, 4.19, 9.63, 36.88, 10.02, 24.19, 25.93, 19.17, 9.41, 14.07, 35.73, 22.83, 12.33, 22.86, 17.34, 27.52, 9.88, 11.23, 11.52, 15.41, 37.66, 0.0, 16.2, 38.32, 10.07, 19.81, 16.99, 12.14, 8.92, 28.17, 8.1, 21.2, 24.88, 17.64, 4.94, 80.5], [0, 14.0, 20.06, 40.57, 5.45, 30.32, 10.84, 15.06, 18.53, 50.96, 19.81, 37.23, 41.98, 15.73, 17.99, 22.54, 51.03, 35.19, 23.76, 9.16, 29.21, 43.65, 25.85, 10.15, 24.02, 20.3, 53.59, 16.2, 0.0, 23.22, 26.17, 35.98, 29.21, 10.58, 24.36, 41.93, 22.62, 37.37, 39.4, 31.76, 16.52, 91.1], [0, 37.04, 31.04, 62.05, 25.44, 47.48, 21.14, 38.06, 41.15, 67.71, 42.1, 53.85, 64.15, 25.36, 40.02, 38.41, 69.74, 51.34, 41.43, 23.59, 45.93, 65.6, 47.0, 33.11, 42.42, 34.37, 73.61, 38.32, 23.22, 0.0, 47.55, 57.87, 46.25, 33.31, 45.0, 58.92, 42.75, 59.23, 57.59, 50.23, 39.59, 100.5], [0, 13.79, 22.77, 14.54, 22.3, 12.48, 27.36, 12.86, 8.92, 28.09, 7.03, 17.14, 16.83, 25.47, 8.3, 14.83, 26.0, 16.73, 10.98, 32.86, 13.09, 18.09, 10.75, 20.67, 9.3, 18.39, 27.6, 10.07, 26.17, 47.55, 0.0, 10.42, 12.42, 21.44, 14.05, 20.01, 5.81, 11.74, 16.13, 10.27, 12.33, 73.46], [0, 22.55, 32.54, 5.0, 32.51, 18.37, 37.39, 21.49, 17.62, 25.21, 16.18, 19.48, 6.43, 35.73, 18.04, 24.05, 20.43, 20.49, 19.99, 41.78, 19.72, 7.73, 11.1, 29.04, 18.34, 28.06, 19.64, 19.81, 35.98, 57.87, 10.42, 0.0, 18.97, 29.61, 13.42, 19.73, 15.91, 11.67, 15.46, 14.54, 20.43, 72.03], [0, 21.63, 16.2, 20.51, 24.0, 11.16, 29.34, 21.13, 18.27, 21.94, 16.49, 8.03, 24.7, 21.16, 16.01, 7.86, 23.54, 6.05, 5.46, 37.74, 10.58, 24.92, 11.54, 27.88, 5.57, 12.09, 28.11, 16.99, 29.21, 46.25, 12.42, 18.97, 0.0, 28.87, 9.94, 12.91, 9.19, 19.73, 11.39, 4.95, 21.47, 63.54], [0, 7.71, 25.64, 34.55, 12.15, 29.71, 13.07, 8.59, 12.54, 48.99, 14.41, 36.29, 34.92, 23.19, 13.6, 24.38, 47.44, 34.82, 23.79, 12.46, 29.13, 36.88, 21.51, 14.6, 23.3, 24.0, 48.69, 12.14, 10.58, 33.31, 21.44, 29.61, 28.87, 0.0, 20.96, 40.31, 20.22, 30.99, 36.96, 29.79, 9.28, 92.39], [0, 13.27, 19.43, 17.11, 20.07, 10.26, 25.3, 12.5, 8.96, 28.03, 7.02, 15.88, 19.85, 22.31, 7.37, 11.48, 26.89, 15.0, 7.71, 31.67, 10.53, 20.94, 14.14, 20.08, 6.05, 15.03, 29.25, 8.92, 24.36, 45.0, 14.05, 13.42, 9.94, 20.96, 0.0, 19.45, 10.33, 14.66, 16.0, 9.05, 12.4, 72.43], [0, 32.68, 28.2, 17.93, 36.82, 11.73, 42.18, 31.95, 28.37, 9.05, 26.41, 5.08, 22.74, 33.61, 26.76, 20.59, 11.89, 7.65, 18.26, 50.19, 13.1, 21.74, 19.56, 39.39, 17.91, 24.55, 18.04, 28.17, 41.93, 58.92, 20.01, 19.73, 12.91, 40.31, 19.45, 0.0, 20.13, 19.59, 4.32, 10.53, 31.83, 53.54], [0, 12.7, 16.96, 19.49, 18.08, 9.79, 23.39, 12.09, 9.08, 28.95, 7.33, 16.09, 22.34, 19.82, 6.9, 9.23, 28.41, 14.82, 5.75, 30.31, 9.65, 23.39, 4.94, 19.29, 4.28, 12.6, 31.19, 8.1, 22.62, 42.75, 5.81, 15.91, 9.19, 20.22, 10.33, 20.13, 0.0, 17.14, 17.04, 9.61, 12.31, 72.49], [0, 23.95, 33.65, 10.06, 33.88, 19.07, 38.77, 22.89, 19.02, 24.62, 17.57, 19.7, 5.23, 36.95, 19.42, 25.1, 19.51, 20.87, 21.03, 43.17, 20.48, 6.37, 12.38, 30.42, 19.41, 29.16, 18.41, 21.2, 37.37, 59.23, 11.74, 11.67, 19.73, 30.99, 14.66, 19.59, 17.14, 0.0, 15.38, 15.15, 21.82, 71.44], [0, 29.26, 27.49, 14.01, 34.49, 10.17, 39.87, 28.47, 24.75, 12.04, 22.79, 5.59, 18.83, 32.55, 23.36, 19.24, 12.16, 7.92, 16.25, 47.34, 11.81, 18.04, 15.77, 36.08, 15.54, 23.47, 17.03, 24.88, 39.4, 57.59, 16.13, 15.46, 11.39, 36.96, 16.0, 4.32, 17.04, 15.38, 0.0, 7.65, 28.22, 57.69], [0, 22.17, 20.87, 15.64, 26.84, 11.72, 32.23, 21.48, 18.01, 19.37, 16.07, 6.91, 19.96, 25.51, 16.27, 12.23, 19.61, 6.6, 8.8, 39.8, 5.63, 20.06, 9.61, 28.87, 7.93, 16.57, 23.58, 17.64, 31.76, 50.23, 10.27, 14.54, 4.95, 29.79, 9.05, 10.53, 9.61, 15.15, 7.65, 0.0, 21.44, 63.42], [0, 9.58, 23.3, 25.33, 14.74, 22.1, 18.45, 9.13, 14.57, 40.25, 5.43, 28.22, 25.98, 23.04, 5.46, 19.01, 38.29, 27.11, 17.12, 21.36, 21.88, 27.84, 12.5, 8.63, 16.15, 20.22, 39.42, 4.94, 16.52, 39.59, 12.33, 20.43, 21.47, 9.28, 12.4, 31.83, 12.31, 21.82, 28.22, 21.44, 0.0, 84.74], [0, 0, 0, 0, 0, 0, 0, 0, 0, 0, 0, 0, 0, 0, 0, 0, 0, 0, 0, 0, 0, 0, 0, 0, 0, 0, 0, 0, 0, 0, 0, 0, 0, 0, 0, 0, 0, 0, 0, 0, 0, 0]], "end_depot": 41, "horizon": [0.0, 2100.0], "instance_name": "40_70_A_75_B7", "speed_zone_count": 73, "speed_zones": [[0.0, 15.0], [15.0, 30.0], [30.0, 45.0], [45.0, 60.0], [60.0, 75.0], [75.0, 90.0], [90.0, 105.0], [105.0, 120.0], [120.0, 135.0], [135.0, 150.0], [150.0, 165.0], [165.0, 180.0], [180.0, 195.0], [195.0, 210.0], [210.0, 225.0], [225.0, 240.0], [240.0, 255.0], [255.0, 270.0], [270.0, 285.0], [285.0, 300.0], [300.0, 315.0], [315.0, 330.0], [330.0, 345.0], [345.0, 360.0], [360.0, 375.0], [375.0, 390.0], [390.0, 405.0], [405.0, 420.0], [420.0, 435.0], [435.0, 450.0], [450.0, 465.0], [465.0, 480.0], [480.0, 495.0], [495.0, 510.0], [510.0, 525.0], [525.0, 540.0], [540.0, 555.0], [555.0, 570.0], [570.0, 585.0], [585.0, 600.0], [600.0, 615.0], [615.0, 630.0], [630.0, 645.0], [645.0, 660.0], [660.0, 675.0], [675.0, 690.0], [690.0, 705.0], [705.0, 720.0], [720.0, 735.0], [735.0, 750.0], [750.0, 765.0], [765.0, 780.0], [780.0, 795.0], [795.0, 810.0], [810.0, 825.0], [825.0, 840.0], [840.0, 855.0], [855.0, 870.0], [870.0, 885.0], [885.0, 900.0], [900.0, 915.0], [915.0, 930.0], [930.0, 945.0], [945.0, 960.0], [960.0, 975.0], [975.0, 990.0], [990.0, 1005.0], [1005.0, 1020.0], [1020.0, 1035.0], [1035.0, 1050.0], [1050.0, 1065.0], [1065.0, 1080.0], [1080.0, 2100.0]], "start_depot": 0, "time_windows": [[0.0, 2100.0], [48.0, 143.0], [70.0, 173.0], [173.0, 310.0], [247.0, 409.0], [276.0, 448.0], [330.0, 520.0], [372.0, 576.0], [396.0, 608.0], [447.0, 675.0], [484.0, 725.0], [507.0, 755.0], [534.0, 792.0], [619.0, 905.0], [656.0, 954.0], [673.0, 977.0], [705.0, 1019.0], [723.0, 1044.0], [733.0, 1057.0], [760.0, 1093.0], [791.0, 1134.0], [810.0, 1160.0], [831.0, 1187.0], [846.0, 1207.0], [870.0, 1239.0], [877.0, 1249.0], [907.0, 1289.0], [937.0, 1329.0], [949.0, 1345.0], [974.0, 1378.0], [1011.0, 1428.0], [1020.0, 1439.0], [1040.0, 1466.0], [1061.0, 1494.0], [1083.0, 1524.0], [1098.0, 1544.0], [1120.0, 1573.0], [1133.0, 1590.0], [1149.0, 1612.0], [1158.0, 1623.0], [1173.0, 1644.0], [0.0, 2100.0]], "vehicle_count": 1}