{"cluster_count": 3, "cluster_speeds": [[0.925, 0.85, 0.925, 1.0, 0.8325, 0.765, 0.8325, 0.9, 0.4625, 0.425, 0.4625, 0.5, 0.30525, 0.2805, 0.30525, 0.33, 0.37, 0.34, 0.37, 0.4, 0.555, 0.51, 0.555, 0.6, 0.6475, 0.595, 0.6475, 0.7, 0.37, 0.34, 0.37, 0.4, 0.30525, 0.2805, 0.30525, 0.33, 0.4625, 0.425, 0.4625, 0.5, 0.6475, 0.595, 0.6475, 0.7, 0.74, 0.68, 0.74, 0.8, 0.6475, 0.595, 0.6475, 0.7, 0.4625, 0.425, 0.4625, 0.5, 0.555, 0.51, 0.555, 0.6, 0.6475, 0.595, 0.6475, 0.7, 0.8325, 0.765, 0.8325, 0.9, 0.925, 0.85, 0.925, 1.0, 1.0], [0.74, 0.68, 0.74, 0.8, 0.666, 0.612, 0.666, 0.72, 0.37, 0.34, 0.37, 0.4, 0.2442, 0.2244, 0.2442, 0.264, 0.296, 0.272, 0.296, 0.32, 0.444, 0.408, 0.444, 0.48, 0.6475, 0.595, 0.6475, 0.7, 0.37, 0.34, 0.37, 0.4, 0.30525, 0.2805, 0.30525, 0.33, 0.4625, 0.425, 0.4625, 0.5, 0.6475, 0.595, 0.6475, 0.7, 0.74, 0.68, 0.74, 0.8, 0.518, 0.476, 0.518, 0.56, 0.37, 0.34, 0.37, 0.4, 0.444, 0.408, 0.444, 0.48, 0.518, 0.476, 0.518, 0.56, 0.666, 0.612, 0.666, 0.72, 0.74, 0.68, 0.74, 0.8, 0.8], [0.87875, 0.8075, 0.87875, 0.95, 0.790875, 0.72675, 0.790875, 0.855, 0.439375, 0.40375, 0.439375, 0.475, 0.289988, 0.266475, 0.289988, 0.3135, 0.3515, 0.323, 0.3515, 0.38, 0.52725, 0.4845, 0.52725, 0.57, 0.6475, 0.595, 0.6475, 0.7, 0.37, 0.34, 0.37, 0.4, 0.30525, 0.2805, 0.30525, 0.33, 0.4625, 0.425, 0.4625, 0.5, 0.6475, 0.595, 0.6475, 0.7, 0.74, 0.68, 0.74, 0.8, 0.615125, 0.56525, 0.615125, 0.665, 0.439375, 0.40375, 0.439375, 0.475, 0.52725, 0.4845, 0.52725, 0.57, 0.615125, 0.56525, 0.615125, 0.665, 0.790875, 0.72675, 0.790875, 0.855, 0.87875, 0.8075, 0.87875, 0.95, 0.95]], "clusters": [[-1, 2, 2, 2, 2, 2, 2, 2, 2, 2, 2, 2, 2, 2, 2, 2, 2, 2, 2, 2, 2, 2, 2, 2, 2, 2, 2, 2, 2, 2, 2, 2, 2, 2, 2, 2, 2, 2, 2, 2, 2, -1], [2, -1, 2, 2, 2, 2, 2, 2, 2, 2, 2, 2, 2, 2, 2, 2, 2, 2, 2, 2, 2, 2, 2, 2, 2, 2, 2, 2, 2, 2, 2, 2, 2, 2, 2, 2, 2, 2, 2, 2, 2, 2], [1, 1, -1, 1, 1, 1, 1, 1, 1, 1, 1, 1, 1, 1, 1, 1, 1, 1, 1, 1, 1, 1, 1, 1, 1, 1, 1, 1, 1, 1, 1, 1, 1, 1, 1, 1, 1, 1, 1, 1, 1, 1], [1, 1, 1, -1, 1, 1, 1, 1, 1, 1, 1, 1, 1, 1, 1, 1, 1, 1, 1, 1, 1, 1, 1, 1, 1, 1, 1, 1, 1, 1, 1, 1, 1, 1, 1, 1, 1, 1, 1, 1, 1, 1], [0, 0, 0, 0, -1, 0, 0, 0, 0, 0, 0, 0, 0, 0, 0, 0, 0, 0, 0, 0, 0, 0, 0, 0, 0, 0, 0, 0, 0, 0, 0, 0, 0, 0, 0, 0, 0, 0, 0, 0, 0, 0], [2, 2, 2, 2, 2, -1, 2, 2, 2, 2, 2, 2, 2, 2, 2, 2, 2, 2, 2, 2, 2, 2, 2, 2, 2, 2, 2, 2, 2, 2, 2, 2, 2, 2, 2, 2, 2, 2, 2, 2, 2, 2], [0, 0, 0, 0, 0, 0, -1, 0, 0, 0, 0, 0, 0, 0, 0, 0, 0, 0, 0, 0, 0, 0, 0, 0, 0, 0, 0, 0, 0, 0, 0, 0, 0, 0, 0, 0, 0, 0, 0, 0, 0, 0], [0, 0, 0, 0, 0, 0, 0, -1, 0, 0, 0, 0, 0, 0, 0, 0, 0, 0, 0, 0, 0, 0, 0, 0, 0, 0, 0, 0, 0, 0, 0, 0, 0, 0, 0, 0, 0, 0, 0, 0, 0, 0], [2, 2, 2, 2, 2, 2, 2, 2, -1, 2, 2, 2, 2, 2, 2, 2, 2, 2, 2, 2, 2, 2, 2, 2, 2, 2, 2, 2, 2, 2, 2, 2, 2, 2, 2, 2, 2, 2, 2, 2, 2, 2], [0, 0, 0, 0, 0, 0, 0, 0, 0, -1, 0, 0, 0, 0, 0, 0, 0, 0, 0, 0, 0, 0, 0, 0, 0, 0, 0, 0, 0, 0, 0, 0, 0, 0, 0, 0, 0, 0, 0, 0, 0, 0], [0, 0, 0, 0, 0, 0, 0, 0, 0, 0, -1, 0, 0, 0, 0, 0, 0, 0, 0, 0, 0, 0, 0, 0, 0, 0, 0, 0, 0, 0, 0, 0, 0, 0, 0, 0, 0, 0, 0, 0, 0, 0], [2, 2, 2, 2, 2, 2, 2, 2, 2, 2, 2, -1, 2, 2, 2, 2, 2, 2, 2, 2, 2, 2, 2, 2, 2, 2, 2, 2, 2, 2, 2, 2, 2, 2, 2, 2, 2, 2, 2, 2, 2, 2], [1, 1, 1, 1, 1, 1, 1, 1, 1, 1, 1, 1, -1, 1, 1, 1, 1, 1, 1, 1, 1, 1, 1, 1, 1, 1, 1, 1, 1, 1, 1, 1, 1, 1, 1, 1, 1, 1, 1, 1, 1, 1], [2, 2, 2, 2, 2, 2, 2, 2, 2, 2, 2, 2, 2, -1, 2, 2, 2, 2, 2, 2, 2, 2, 2, 2, 2, 2, 2, 2, 2, 2, 2, 2, 2, 2, 2, 2, 2, 2, 2, 2, 2, 2], [0, 0, 0, 0, 0, 0, 0, 0, 0, 0, 0, 0, 0, 0, -1, 0, 0, 0, 0, 0, 0, 0, 0, 0, 0, 0, 0, 0, 0, 0, 0, 0, 0, 0, 0, 0, 0, 0, 0, 0, 0, 0], [2, 2, 2, 2, 2, 2, 2, 2, 2, 2, 2, 2, 2, 2, 2, -1, 2, 2, 2, 2, 2, 2, 2, 2, 2, 2, 2, 2, 2, 2, 2, 2, 2, 2, 2, 2, 2, 2, 2, 2, 2, 2], [1, 1, 1, 1, 1, 1, 1, 1, 1, 1, 1, 1, 1, 1, 1, 1, -1, 1, 1, 1, 1, 1, 1, 1, 1, 1, 1, 1, 1, 1, 1, 1, 1, 1, 1, 1, 1, 1, 1, 1, 1, 1], [0, 0, 0, 0, 0, 0, 0, 0, 0, 0, 0, 0, 0, 0, 0, 0, 0, -1, 0, 0, 0, 0, 0, 0, 0, 0, 0, 0, 0, 0, 0, 0, 0, 0, 0, 0, 0, 0, 0, 0, 0, 0], [2, 2, 2, 2, 2, 2, 2, 2, 2, 2, 2, 2, 2, 2, 2, 2, 2, 2, -1, 2, 2, 2, 2, 2, 2, 2, 2, 2, 2, 2, 2, 2, 2, 2, 2, 2, 2, 2, 2, 2, 2, 2], [1, 1, 1, 1, 1, 1, 1, 1, 1, 1, 1, 1, 1, 1, 1, 1, 1, 1, 1, -1, 1, 1, 1, 1, 1, 1, 1, 1, 1, 1, 1, 1, 1, 1, 1, 1, 1, 1, 1, 1, 1, 1], [2, 2, 2, 2, 2, 2, 2, 2, 2, 2, 2, 2, 2, 2, 2, 2, 2, 2, 2, 2, -1, 2, 2, 2, 2, 2, 2, 2, 2, 2, 2, 2, 2, 2, 2, 2, 2, 2, 2, 2, 2, 2], [0, 0, 0, 0, 0, 0, 0, 0, 0, 0, 0, 0, 0, 0, 0, 0, 0, 0, 0, 0, 0, -1, 0, 0, 0, 0, 0, 0, 0, 0, 0, 0, 0, 0, 0, 0, 0, 0, 0, 0, 0, 0], [1, 1, 1, 1, 1, 1, 1, 1, 1, 1, 1, 1, 1, 1, 1, 1, 1, 1, 1, 1, 1, 1, -1, 1, 1, 1, 1, 1, 1, 1, 1, 1, 1, 1, 1, 1, 1, 1, 1, 1, 1, 1], [1, 1, 1, 1, 1, 1, 1, 1, 1, 1, 1, 1, 1, 1, 1, 1, 1, 1, 1, 1, 1, 1, 1, -1, 1, 1, 1, 1, 1, 1, 1, 1, 1, 1, 1, 1, 1, 1, 1, 1, 1, 1], [0, 0, 0, 0, 0, 0, 0, 0, 0, 0, 0, 0, 0, 0, 0, 0, 0, 0, 0, 0, 0, 0, 0, 0, -1, 0, 0, 0, 0, 0, 0, 0, 0, 0, 0, 0, 0, 0, 0, 0, 0, 0], [2, 2, 2, 2, 2, 2, 2, 2, 2, 2, 2, 2, 2, 2, 2, 2, 2, 2, 2, 2, 2, 2, 2, 2, 2, -1, 2, 2, 2, 2, 2, 2, 2, 2, 2, 2, 2, 2, 2, 2, 2, 2], [0, 0, 0, 0, 0, 0, 0, 0, 0, 0, 0, 0, 0, 0, 0, 0, 0, 0, 0, 0, 0, 0, 0, 0, 0, 0, -1, 0, 0, 0, 0, 0, 0, 0, 0, 0, 0, 0, 0, 0, 0, 0], [2, 2, 2, 2, 2, 2, 2, 2, 2, 2, 2, 2, 2, 2, 2, 2, 2, 2, 2, 2, 2, 2, 2, 2, 2, 2, 2, -1, 2, 2, 2, 2, 2, 2, 2, 2, 2, 2, 2, 2, 2, 2], [0, 0, 0, 0, 0, 0, 0, 0, 0, 0, 0, 0, 0, 0, 0, 0, 0, 0, 0, 0, 0, 0, 0, 0, 0, 0, 0, 0, -1, 0, 0, 0, 0, 0, 0, 0, 0, 0, 0, 0, 0, 0], [1, 1, 1, 1, 1, 1, 1, 1, 1, 1, 1, 1, 1, 1, 1, 1, 1, 1, 1, 1, 1, 1, 1, 1, 1, 1, 1, 1, 1, -1, 1, 1, 1, 1, 1, 1, 1, 1, 1, 1, 1, 1], [0, 0, 0, 0, 0, 0, 0, 0, 0, 0, 0, 0, 0, 0, 0, 0, 0, 0, 0, 0, 0, 0, 0, 0, 0, 0, 0, 0, 0, 0, -1, 0, 0, 0, 0, 0, 0, 0, 0, 0, 0, 0], [0, 0, 0, 0, 0, 0, 0, 0, 0, 0, 0, 0, 0, 0, 0, 0, 0, 0, 0, 0, 0, 0, 0, 0, 0, 0, 0, 0, 0, 0, 0, -1, 0, 0, 0, 0, 0, 0, 0, 0, 0, 0], [1, 1, 1, 1, 1, 1, 1, 1, 1, 1, 1, 1, 1, 1, 1, 1, 1, 1, 1, 1, 1, 1, 1, 1, 1, 1, 1, 1, 1, 1, 1, 1, -1, 1, 1, 1, 1, 1, 1, 1, 1, 1], [0, 0, 0, 0, 0, 0, 0, 0, 0, 0, 0, 0, 0, 0, 0, 0, 0, 0, 0, 0, 0, 0, 0, 0, 0, 0, 0, 0, 0, 0, 0, 0, 0, -1, 0, 0, 0, 0, 0, 0, 0, 0], [0, 0, 0, 0, 0, 0, 0, 0, 0, 0, 0, 0, 0, 0, 0, 0, 0, 0, 0, 0, 0, 0, 0, 0, 0, 0, 0, 0, 0, 0, 0, 0, 0, 0, -1, 0, 0, 0, 0, 0, 0, 0], [2, 2, 2, 2, 2, 2, 2, 2, 2, 2, 2, 2, 2, 2, 2, 2, 2, 2, 2, 2, 2, 2, 2, 2, 2, 2, 2, 2, 2, 2, 2, 2, 2, 2, 2, -1, 2, 2, 2, 2, 2, 2], [2, 2, 2, 2, 2, 2, 2, 2, 2, 2, 2, 2, 2, 2, 2, 2, 2, 2, 2, 2, 2, 2, 2, 2, 2, 2, 2, 2, 2, 2, 2, 2, 2, 2, 2, 2, -1, 2, 2, 2, 2, 2], [0, 0, 0, 0, 0, 0, 0, 0, 0, 0, 0, 0, 0, 0, 0, 0, 0, 0, 0, 0, 0, 0, 0, 0, 0, 0, 0, 0, 0, 0, 0, 0, 0, 0, 0, 0, 0, -1, 0, 0, 0, 0], [0, 0, 0, 0, 0, 0, 0, 0, 0, 0, 0, 0, 0, 0, 0, 0, 0, 0, 0, 0, 0, 0, 0, 0, 0, 0, 0, 0, 0, 0, 0, 0, 0, 0, 0, 0, 0, 0, -1, 0, 0, 0], [1, 1, 1, 1, 1, 1, 1, 1, 1, 1, 1, 1, 1, 1, 1, 1, 1, 1, 1, 1, 1, 1, 1, 1, 1, 1, 1, 1, 1, 1, 1, 1, 1, 1, 1, 1, 1, 1, 1, -1, 1, 1], [1, 1, 1, 1, 1, 1, 1, 1, 1, 1, 1, 1, 1, 1, 1, 1, 1, 1, 1, 1, 1, 1, 1, 1, 1, 1, 1, 1, 1, 1, 1, 1, 1, 1, 1, 1, 1, 1, 1, 1, -1, 1], [-1, 2, 2, 2, 2, 2, 2, 2, 2, 2, 2, 2, 2, 2, 2, 2, 2, 2, 2, 2, 2, 2, 2, 2, 2, 2, 2, 2, 2, 2, 2, 2, 2, 2, 2, 2, 2, 2, 2, 2, 2, -1]], "dataset_name": "guerriero_et_al_2014b", "digraph": {"arc_count": 1640, "arcs": [[0, 1, 1, 1, 1, 1, 1, 1, 1, 1, 1, 1, 1, 1, 1, 1, 1, 1, 1, 1, 1, 1, 1, 1, 1, 1, 1, 1, 1, 1, 1, 1, 1, 1, 1, 1, 1, 1, 1, 1, 1, 0], [0, 0, 1, 1, 1, 1, 1, 1, 1, 1, 1, 1, 1, 1, 1, 1, 1, 1, 1, 1, 1, 1, 1, 1, 1, 1, 1, 1, 1, 1, 1, 1, 1, 1, 1, 1, 1, 1, 1, 1, 1, 1], [0, 1, 0, 1, 1, 1, 1, 1, 1, 1, 1, 1, 1, 1, 1, 1, 1, 1, 1, 1, 1, 1, 1, 1, 1, 1, 1, 1, 1, 1, 1, 1, 1, 1, 1, 1, 1, 1, 1, 1, 1, 1], [0, 1, 1, 0, 1, 1, 1, 1, 1, 1, 1, 1, 1, 1, 1, 1, 1, 1, 1, 1, 1, 1, 1, 1, 1, 1, 1, 1, 1, 1, 1, 1, 1, 1, 1, 1, 1, 1, 1, 1, 1, 1], [0, 1, 1, 1, 0, 1, 1, 1, 1, 1, 1, 1, 1, 1, 1, 1, 1, 1, 1, 1, 1, 1, 1, 1, 1, 1, 1, 1, 1, 1, 1, 1, 1, 1, 1, 1, 1, 1, 1, 1, 1, 1], [0, 1, 1, 1, 1, 0, 1, 1, 1, 1, 1, 1, 1, 1, 1, 1, 1, 1, 1, 1, 1, 1, 1, 1, 1, 1, 1, 1, 1, 1, 1, 1, 1, 1, 1, 1, 1, 1, 1, 1, 1, 1], [0, 1, 1, 1, 1, 1, 0, 1, 1, 1, 1, 1, 1, 1, 1, 1, 1, 1, 1, 1, 1, 1, 1, 1, 1, 1, 1, 1, 1, 1, 1, 1, 1, 1, 1, 1, 1, 1, 1, 1, 1, 1], [0, 1, 1, 1, 1, 1, 1, 0, 1, 1, 1, 1, 1, 1, 1, 1, 1, 1, 1, 1, 1, 1, 1, 1, 1, 1, 1, 1, 1, 1, 1, 1, 1, 1, 1, 1, 1, 1, 1, 1, 1, 1], [0, 1, 1, 1, 1, 1, 1, 1, 0, 1, 1, 1, 1, 1, 1, 1, 1, 1, 1, 1, 1, 1, 1, 1, 1, 1, 1, 1, 1, 1, 1, 1, 1, 1, 1, 1, 1, 1, 1, 1, 1, 1], [0, 1, 1, 1, 1, 1, 1, 1, 1, 0, 1, 1, 1, 1, 1, 1, 1, 1, 1, 1, 1, 1, 1, 1, 1, 1, 1, 1, 1, 1, 1, 1, 1, 1, 1, 1, 1, 1, 1, 1, 1, 1], [0, 1, 1, 1, 1, 1, 1, 1, 1, 1, 0, 1, 1, 1, 1, 1, 1, 1, 1, 1, 1, 1, 1, 1, 1, 1, 1, 1, 1, 1, 1, 1, 1, 1, 1, 1, 1, 1, 1, 1, 1, 1], [0, 1, 1, 1, 1, 1, 1, 1, 1, 1, 1, 0, 1, 1, 1, 1, 1, 1, 1, 1, 1, 1, 1, 1, 1, 1, 1, 1, 1, 1, 1, 1, 1, 1, 1, 1, 1, 1, 1, 1, 1, 1], [0, 1, 1, 1, 1, 1, 1, 1, 1, 1, 1, 1, 0, 1, 1, 1, 1, 1, 1, 1, 1, 1, 1, 1, 1, 1, 1, 1, 1, 1, 1, 1, 1, 1, 1, 1, 1, 1, 1, 1, 1, 1], [0, 1, 1, 1, 1, 1, 1, 1, 1, 1, 1, 1, 1, 0, 1, 1, 1, 1, 1, 1, 1, 1, 1, 1, 1, 1, 1, 1, 1, 1, 1, 1, 1, 1, 1, 1, 1, 1, 1, 1, 1, 1], [0, 1, 1, 1, 1, 1, 1, 1, 1, 1, 1, 1, 1, 1, 0, 1, 1, 1, 1, 1, 1, 1, 1, 1, 1, 1, 1, 1, 1, 1, 1, 1, 1, 1, 1, 1, 1, 1, 1, 1, 1, 1], [0, 1, 1, 1, 1, 1, 1, 1, 1, 1, 1, 1, 1, 1, 1, 0, 1, 1, 1, 1, 1, 1, 1, 1, 1, 1, 1, 1, 1, 1, 1, 1, 1, 1, 1, 1, 1, 1, 1, 1, 1, 1], [0, 1, 1, 1, 1, 1, 1, 1, 1, 1, 1, 1, 1, 1, 1, 1, 0, 1, 1, 1, 1, 1, 1, 1, 1, 1, 1, 1, 1, 1, 1, 1, 1, 1, 1, 1, 1, 1, 1, 1, 1, 1], [0, 1, 1, 1, 1, 1, 1, 1, 1, 1, 1, 1, 1, 1, 1, 1, 1, 0, 1, 1, 1, 1, 1, 1, 1, 1, 1, 1, 1, 1, 1, 1, 1, 1, 1, 1, 1, 1, 1, 1, 1, 1], [0, 1, 1, 1, 1, 1, 1, 1, 1, 1, 1, 1, 1, 1, 1, 1, 1, 1, 0, 1, 1, 1, 1, 1, 1, 1, 1, 1, 1, 1, 1, 1, 1, 1, 1, 1, 1, 1, 1, 1, 1, 1], [0, 1, 1, 1, 1, 1, 1, 1, 1, 1, 1, 1, 1, 1, 1, 1, 1, 1, 1, 0, 1, 1, 1, 1, 1, 1, 1, 1, 1, 1, 1, 1, 1, 1, 1, 1, 1, 1, 1, 1, 1, 1], [0, 1, 1, 1, 1, 1, 1, 1, 1, 1, 1, 1, 1, 1, 1, 1, 1, 1, 1, 1, 0, 1, 1, 1, 1, 1, 1, 1, 1, 1, 1, 1, 1, 1, 1, 1, 1, 1, 1, 1, 1, 1], [0, 1, 1, 1, 1, 1, 1, 1, 1, 1, 1, 1, 1, 1, 1, 1, 1, 1, 1, 1, 1, 0, 1, 1, 1, 1, 1, 1, 1, 1, 1, 1, 1, 1, 1, 1, 1, 1, 1, 1, 1, 1], [0, 1, 1, 1, 1, 1, 1, 1, 1, 1, 1, 1, 1, 1, 1, 1, 1, 1, 1, 1, 1, 1, 0, 1, 1, 1, 1, 1, 1, 1, 1, 1, 1, 1, 1, 1, 1, 1, 1, 1, 1, 1], [0, 1, 1, 1, 1, 1, 1, 1, 1, 1, 1, 1, 1, 1, 1, 1, 1, 1, 1, 1, 1, 1, 1, 0, 1, 1, 1, 1, 1, 1, 1, 1, 1, 1, 1, 1, 1, 1, 1, 1, 1, 1], [0, 1, 1, 1, 1, 1, 1, 1, 1, 1, 1, 1, 1, 1, 1, 1, 1, 1, 1, 1, 1, 1, 1, 1, 0, 1, 1, 1, 1, 1, 1, 1, 1, 1, 1, 1, 1, 1, 1, 1, 1, 1], [0, 1, 1, 1, 1, 1, 1, 1, 1, 1, 1, 1, 1, 1, 1, 1, 1, 1, 1, 1, 1, 1, 1, 1, 1, 0, 1, 1, 1, 1, 1, 1, 1, 1, 1, 1, 1, 1, 1, 1, 1, 1], [0, 1, 1, 1, 1, 1, 1, 1, 1, 1, 1, 1, 1, 1, 1, 1, 1, 1, 1, 1, 1, 1, 1, 1, 1, 1, 0, 1, 1, 1, 1, 1, 1, 1, 1, 1, 1, 1, 1, 1, 1, 1], [0, 1, 1, 1, 1, 1, 1, 1, 1, 1, 1, 1, 1, 1, 1, 1, 1, 1, 1, 1, 1, 1, 1, 1, 1, 1, 1, 0, 1, 1, 1, 1, 1, 1, 1, 1, 1, 1, 1, 1, 1, 1], [0, 1, 1, 1, 1, 1, 1, 1, 1, 1, 1, 1, 1, 1, 1, 1, 1, 1, 1, 1, 1, 1, 1, 1, 1, 1, 1, 1, 0, 1, 1, 1, 1, 1, 1, 1, 1, 1, 1, 1, 1, 1], [0, 1, 1, 1, 1, 1, 1, 1, 1, 1, 1, 1, 1, 1, 1, 1, 1, 1, 1, 1, 1, 1, 1, 1, 1, 1, 1, 1, 1, 0, 1, 1, 1, 1, 1, 1, 1, 1, 1, 1, 1, 1], [0, 1, 1, 1, 1, 1, 1, 1, 1, 1, 1, 1, 1, 1, 1, 1, 1, 1, 1, 1, 1, 1, 1, 1, 1, 1, 1, 1, 1, 1, 0, 1, 1, 1, 1, 1, 1, 1, 1, 1, 1, 1], [0, 1, 1, 1, 1, 1, 1, 1, 1, 1, 1, 1, 1, 1, 1, 1, 1, 1, 1, 1, 1, 1, 1, 1, 1, 1, 1, 1, 1, 1, 1, 0, 1, 1, 1, 1, 1, 1, 1, 1, 1, 1], [0, 1, 1, 1, 1, 1, 1, 1, 1, 1, 1, 1, 1, 1, 1, 1, 1, 1, 1, 1, 1, 1, 1, 1, 1, 1, 1, 1, 1, 1, 1, 1, 0, 1, 1, 1, 1, 1, 1, 1, 1, 1], [0, 1, 1, 1, 1, 1, 1, 1, 1, 1, 1, 1, 1, 1, 1, 1, 1, 1, 1, 1, 1, 1, 1, 1, 1, 1, 1, 1, 1, 1, 1, 1, 1, 0, 1, 1, 1, 1, 1, 1, 1, 1], [0, 1, 1, 1, 1, 1, 1, 1, 1, 1, 1, 1, 1, 1, 1, 1, 1, 1, 1, 1, 1, 1, 1, 1, 1, 1, 1, 1, 1, 1, 1, 1, 1, 1, 0, 1, 1, 1, 1, 1, 1, 1], [0, 1, 1, 1, 1, 1, 1, 1, 1, 1, 1, 1, 1, 1, 1, 1, 1, 1, 1, 1, 1, 1, 1, 1, 1, 1, 1, 1, 1, 1, 1, 1, 1, 1, 1, 0, 1, 1, 1, 1, 1, 1], [0, 1, 1, 1, 1, 1, 1, 1, 1, 1, 1, 1, 1, 1, 1, 1, 1, 1, 1, 1, 1, 1, 1, 1, 1, 1, 1, 1, 1, 1, 1, 1, 1, 1, 1, 1, 0, 1, 1, 1, 1, 1], [0, 1, 1, 1, 1, 1, 1, 1, 1, 1, 1, 1, 1, 1, 1, 1, 1, 1, 1, 1, 1, 1, 1, 1, 1, 1, 1, 1, 1, 1, 1, 1, 1, 1, 1, 1, 1, 0, 1, 1, 1, 1], [0, 1, 1, 1, 1, 1, 1, 1, 1, 1, 1, 1, 1, 1, 1, 1, 1, 1, 1, 1, 1, 1, 1, 1, 1, 1, 1, 1, 1, 1, 1, 1, 1, 1, 1, 1, 1, 1, 0, 1, 1, 1], [0, 1, 1, 1, 1, 1, 1, 1, 1, 1, 1, 1, 1, 1, 1, 1, 1, 1, 1, 1, 1, 1, 1, 1, 1, 1, 1, 1, 1, 1, 1, 1, 1, 1, 1, 1, 1, 1, 1, 0, 1, 1], [0, 1, 1, 1, 1, 1, 1, 1, 1, 1, 1, 1, 1, 1, 1, 1, 1, 1, 1, 1, 1, 1, 1, 1, 1, 1, 1, 1, 1, 1, 1, 1, 1, 1, 1, 1, 1, 1, 1, 1, 0, 1], [0, 0, 0, 0, 0, 0, 0, 0, 0, 0, 0, 0, 0, 0, 0, 0, 0, 0, 0, 0, 0, 0, 0, 0, 0, 0, 0, 0, 0, 0, 0, 0, 0, 0, 0, 0, 0, 0, 0, 0, 0, 0]], "vertex_count": 42}, "distances": [[0, 102.76, 48.24, 79.86, 65.92, 100.3, 71.03, 56.51, 43.38, 74.43, 60.79, 94.85, 73.29, 39.96, 67.84, 43.1, 91.29, 74.22, 111.93, 56.03, 60.95, 72.96, 75.0, 87.42, 75.83, 40.08, 68.16, 86.91, 71.64, 74.77, 56.51, 59.41, 93.97, 72.76, 67.87, 64.7, 94.73, 62.96, 66.41, 72.72, 85.04, 0], [0, 0.0, 54.85, 30.07, 37.38, 12.26, 31.82, 46.25, 70.71, 29.25, 41.97, 43.64, 43.46, 63.4, 34.96, 67.16, 16.19, 31.09, 23.42, 47.84, 61.1, 33.15, 36.06, 16.73, 28.05, 70.98, 34.99, 27.64, 31.16, 38.69, 46.83, 43.45, 10.07, 30.67, 35.19, 69.65, 9.63, 39.8, 38.33, 34.77, 22.96, 102.76], [0, 54.85, 0.0, 36.67, 17.68, 53.94, 23.74, 9.31, 23.09, 26.19, 13.41, 58.26, 30.23, 8.58, 19.94, 18.11, 45.1, 26.21, 67.04, 8.23, 29.03, 25.21, 33.9, 39.2, 27.59, 20.88, 21.63, 43.98, 23.73, 29.67, 8.3, 11.44, 45.8, 26.25, 21.2, 39.15, 47.43, 15.41, 18.52, 29.78, 39.9, 48.24], [0, 30.07, 36.67, 0.0, 25.33, 22.21, 16.59, 27.57, 58.54, 23.58, 24.15, 24.46, 44.66, 44.54, 21.15, 53.82, 14.14, 27.92, 32.1, 33.37, 56.7, 29.91, 6.09, 25.0, 23.93, 57.1, 16.26, 7.34, 19.38, 40.17, 31.36, 26.9, 26.94, 12.93, 16.82, 67.3, 20.45, 22.86, 29.52, 7.21, 7.11, 79.86], [0, 37.38, 17.68, 25.33, 0.0, 37.86, 8.85, 10.44, 35.01, 8.52, 7.17, 49.59, 21.61, 26.14, 4.18, 30.81, 29.53, 9.46, 51.81, 10.51, 31.38, 9.46, 25.46, 21.51, 9.95, 34.49, 9.59, 31.81, 7.05, 18.33, 9.48, 6.93, 28.14, 12.47, 9.04, 42.02, 30.61, 5.66, 4.69, 20.47, 25.88, 65.92], [0, 12.26, 53.94, 22.21, 37.86, 0.0, 30.23, 44.73, 72.77, 31.17, 40.53, 31.53, 49.5, 62.45, 34.44, 68.67, 9.01, 34.35, 14.57, 48.16, 65.87, 36.66, 28.24, 21.87, 30.4, 72.35, 32.47, 17.57, 30.87, 44.52, 46.69, 42.65, 17.52, 27.81, 32.85, 75.37, 8.39, 38.54, 40.2, 28.51, 15.66, 100.3], [0, 31.82, 23.74, 16.59, 8.85, 30.23, 0.0, 14.66, 43.4, 8.82, 10.38, 41.0, 28.68, 32.29, 4.72, 38.98, 21.5, 12.75, 43.69, 18.22, 40.14, 14.27, 17.52, 18.16, 9.86, 42.54, 10.43, 22.96, 14.39, 24.57, 16.57, 12.42, 23.83, 13.02, 9.92, 50.72, 23.79, 8.33, 12.93, 12.61, 17.16, 71.03], [0, 46.25, 9.31, 27.57, 10.44, 44.73, 14.66, 0.0, 31.23, 18.66, 4.3, 49.96, 28.88, 17.72, 11.39, 26.39, 35.85, 19.86, 57.74, 7.46, 33.17, 19.57, 25.3, 31.28, 20.12, 29.56, 12.34, 34.83, 15.16, 26.81, 5.33, 9.79, 37.62, 16.98, 11.92, 43.87, 38.45, 6.45, 13.28, 20.88, 30.59, 56.51], [0, 70.71, 23.09, 58.54, 35.01, 72.77, 43.4, 31.23, 0.0, 41.89, 34.39, 81.13, 32.22, 18.76, 38.77, 5.0, 64.54, 39.62, 86.82, 25.29, 17.58, 37.59, 56.52, 53.99, 42.91, 34.21, 42.48, 65.65, 42.06, 35.12, 27.21, 31.66, 60.76, 46.66, 41.95, 22.72, 65.19, 35.79, 32.71, 52.08, 60.53, 43.38], [0, 29.25, 26.19, 23.58, 8.52, 31.17, 8.82, 18.66, 41.89, 0.0, 14.8, 47.88, 21.16, 34.59, 7.91, 38.08, 23.64, 4.34, 45.56, 18.7, 35.19, 6.42, 25.74, 13.04, 8.61, 41.87, 12.11, 28.75, 5.58, 16.59, 17.93, 15.3, 19.74, 11.66, 11.81, 45.27, 23.34, 12.74, 9.19, 21.04, 21.78, 74.43], [0, 41.97, 13.41, 24.15, 7.17, 40.53, 10.38, 4.3, 34.39, 14.8, 0.0, 47.3, 27.71, 21.93, 7.21, 29.69, 31.69, 16.54, 53.69, 9.34, 34.41, 16.63, 22.58, 27.16, 16.26, 33.04, 8.32, 31.3, 10.92, 24.98, 7.24, 11.7, 33.42, 12.87, 7.85, 45.18, 34.16, 10.75, 11.04, 17.86, 26.65, 60.79], [0, 43.64, 58.26, 24.46, 49.59, 31.53, 41.0, 49.96, 81.13, 47.88, 47.3, 0.0, 69.03, 65.05, 45.44, 76.22, 29.87, 52.2, 29.75, 56.63, 80.93, 54.27, 24.73, 46.43, 48.09, 79.14, 40.18, 19.62, 43.84, 64.43, 54.5, 50.13, 45.65, 37.34, 40.75, 91.61, 36.2, 46.42, 53.91, 29.49, 27.06, 94.85], [0, 43.46, 30.23, 44.66, 21.61, 49.5, 28.68, 28.88, 32.22, 21.16, 27.71, 69.03, 0.0, 35.63, 25.07, 30.68, 43.45, 16.86, 64.03, 22.87, 18.2, 14.76, 46.2, 27.76, 21.07, 34.25, 30.77, 49.86, 25.51, 4.99, 24.25, 25.82, 33.58, 32.16, 30.27, 26.2, 41.11, 26.93, 16.97, 41.27, 42.74, 73.29], [0, 63.4, 8.58, 44.54, 26.14, 62.45, 32.29, 17.72, 18.76, 34.59, 21.93, 65.05, 35.63, 0.0, 28.52, 14.03, 53.58, 34.26, 75.4, 16.07, 29.87, 33.04, 41.24, 47.62, 35.96, 15.45, 30.05, 51.88, 32.31, 36.02, 16.66, 20.02, 54.27, 34.7, 29.64, 38.74, 56.01, 23.97, 26.46, 37.48, 48.19, 39.96], [0, 34.96, 19.94, 21.15, 4.18, 34.44, 4.72, 11.39, 38.77, 7.91, 7.21, 45.44, 25.07, 28.52, 0.0, 34.42, 25.89, 10.64, 48.15, 13.74, 35.55, 11.5, 21.45, 19.94, 9.33, 38.03, 5.71, 27.66, 11.22, 21.35, 12.26, 8.5, 26.23, 8.3, 5.2, 46.18, 27.56, 5.05, 8.56, 16.46, 21.86, 67.84], [0, 67.16, 18.11, 53.82, 30.81, 68.67, 38.98, 26.39, 5.0, 38.08, 29.69, 76.22, 30.68, 14.03, 34.42, 0.0, 60.29, 36.14, 82.57, 20.77, 18.61, 34.23, 51.66, 50.5, 39.18, 29.49, 37.87, 60.99, 37.83, 32.97, 22.59, 27.02, 57.31, 42.15, 37.36, 25.68, 61.25, 31.19, 28.89, 47.27, 56.05, 43.1], [0, 16.19, 45.1, 14.14, 29.53, 9.01, 21.5, 35.85, 64.54, 23.64, 31.69, 29.87, 43.45, 53.58, 25.89, 60.29, 0.0, 27.3, 22.28, 39.63, 58.8, 29.62, 20.22, 17.27, 23.12, 63.92, 23.55, 11.72, 22.48, 38.49, 38.05, 33.91, 15.79, 18.88, 23.94, 68.72, 6.88, 29.76, 32.3, 19.82, 7.11, 91.29], [0, 31.09, 26.21, 27.92, 9.46, 34.35, 12.75, 19.86, 39.62, 4.34, 16.54, 52.2, 16.86, 34.26, 10.64, 36.14, 27.3, 0.0, 48.87, 18.2, 31.57, 10.76, 29.99, 14.38, 4.27, 39.98, 15.69, 33.01, 9.43, 12.25, 17.94, 16.31, 21.18, 15.86, 15.32, 41.42, 26.24, 14.76, 7.82, 25.22, 25.95, 74.22], [0, 23.42, 67.04, 32.1, 51.81, 14.57, 43.69, 57.74, 86.82, 45.56, 53.69, 29.75, 64.03, 75.4, 48.15, 82.57, 22.28, 48.87, 0.0, 61.88, 80.41, 51.18, 37.36, 36.32, 44.86, 86.18, 45.42, 25.31, 44.77, 59.05, 60.25, 56.03, 31.36, 40.82, 45.86, 89.94, 22.92, 51.85, 54.46, 39.22, 27.24, 111.93], [0, 47.84, 8.23, 33.37, 10.51, 48.16, 18.22, 7.46, 25.29, 18.7, 9.34, 56.63, 22.87, 16.07, 13.74, 20.77, 39.63, 18.2, 61.88, 0.0, 25.71, 17.06, 31.91, 31.72, 20.03, 24.32, 17.2, 40.4, 17.31, 21.75, 10.98, 6.52, 38.44, 21.39, 16.67, 36.42, 41.08, 10.52, 10.41, 27.2, 35.28, 56.03], [0, 61.1, 29.03, 56.7, 31.38, 65.87, 40.14, 33.17, 17.58, 35.19, 34.41, 80.93, 18.2, 29.87, 35.55, 18.61, 58.8, 31.57, 80.41, 25.71, 0.0, 29.25, 56.53, 44.79, 35.7, 20.99, 40.77, 63.01, 37.67, 22.56, 27.88, 31.67, 51.07, 43.8, 40.2, 10.77, 57.64, 34.82, 27.29, 51.58, 56.59, 60.95], [0, 33.15, 25.21, 29.91, 9.46, 36.66, 14.27, 19.57, 37.59, 6.42, 16.63, 54.27, 14.76, 33.04, 11.5, 34.23, 29.62, 10.76, 51.18, 17.06, 29.25, 0.0, 31.71, 16.42, 6.55, 38.08, 16.91, 35.17, 10.99, 10.34, 17.06, 16.0, 23.17, 17.57, 16.48, 39.1, 28.52, 15.05, 6.7, 26.86, 28.17, 72.96], [0, 36.06, 33.9, 6.09, 25.46, 28.24, 17.52, 25.3, 56.52, 25.74, 22.58, 24.73, 46.2, 41.24, 21.45, 51.66, 20.22, 29.99, 37.36, 31.91, 56.53, 31.71, 0.0, 29.62, 26.41, 54.71, 15.87, 12.05, 20.73, 42.04, 29.77, 25.41, 32.33, 14.14, 16.43, 67.27, 26.43, 21.78, 30.01, 5.0, 13.16, 75.0], [0, 16.73, 39.2, 25.0, 21.51, 21.87, 18.16, 31.28, 53.99, 13.04, 27.16, 46.43, 27.76, 47.62, 19.94, 50.5, 17.27, 14.38, 36.32, 31.72, 44.79, 16.42, 29.62, 0.0, 11.69, 54.34, 21.82, 26.99, 16.34, 22.81, 30.96, 28.11, 6.81, 18.64, 21.82, 53.85, 13.48, 24.99, 21.81, 26.24, 19.68, 87.42], [0, 28.05, 27.59, 23.93, 9.95, 30.4, 9.86, 20.12, 42.91, 8.61, 16.26, 48.09, 21.07, 35.96, 9.33, 39.18, 23.12, 4.27, 44.86, 20.03, 35.7, 6.55, 26.41, 11.69, 0.0, 42.98, 13.29, 28.8, 6.75, 16.35, 19.32, 16.76, 18.44, 12.44, 13.03, 45.64, 22.44, 14.2, 10.29, 21.8, 21.69, 75.83], [0, 70.98, 20.88, 57.1, 34.49, 72.35, 42.54, 29.56, 34.21, 41.87, 33.04, 79.14, 34.25, 15.45, 38.03, 29.49, 63.92, 39.98, 86.18, 24.32, 20.99, 38.08, 54.71, 54.34, 42.98, 0.0, 41.29, 64.31, 41.49, 36.7, 26.05, 30.43, 61.15, 45.64, 40.78, 26.76, 65.0, 34.62, 32.69, 50.43, 59.54, 40.08], [0, 34.99, 21.63, 16.26, 9.59, 32.47, 10.43, 12.34, 42.48, 12.11, 8.32, 40.18, 30.77, 30.05, 5.71, 37.87, 23.55, 15.69, 45.42, 17.2, 40.77, 16.91, 15.87, 21.82, 13.29, 41.29, 0.0, 23.2, 6.55, 26.97, 15.28, 10.86, 27.34, 4.67, 9.72, 51.48, 26.58, 6.69, 14.19, 10.88, 18.34, 68.16], [0, 27.64, 43.98, 7.34, 31.81, 17.57, 22.96, 34.83, 65.65, 28.75, 31.3, 19.62, 49.86, 51.88, 27.66, 60.99, 11.72, 33.01, 25.31, 40.4, 63.01, 35.17, 12.05, 26.99, 28.8, 64.31, 23.2, 0.0, 25.35, 45.14, 38.44, 33.99, 27.08, 19.37, 23.74, 73.48, 18.6, 29.88, 35.72, 14.5, 7.44, 86.91], [0, 31.16, 23.73, 19.38, 7.05, 30.87, 14.39, 15.16, 42.06, 5.58, 10.92, 43.84, 25.51, 32.31, 11.22, 37.83, 22.48, 9.43, 44.77, 17.31, 37.67, 10.99, 20.73, 16.34, 6.75, 41.49, 6.55, 25.35, 0.0, 21.3, 15.96, 12.31, 22.5, 6.65, 6.29, 48.13, 23.82, 8.74, 10.39, 15.87, 19.04, 71.64], [0, 38.69, 29.67, 40.17, 18.33, 44.52, 24.57, 26.81, 35.12, 16.59, 24.98, 64.43, 4.99, 36.02, 21.35, 32.97, 38.49, 12.25, 59.05, 21.75, 22.56, 10.34, 42.04, 22.81, 16.35, 36.7, 26.97, 45.14, 21.3, 0.0, 22.73, 23.48, 28.74, 27.91, 26.5, 31.07, 36.14, 23.9, 13.95, 37.17, 37.96, 74.77], [0, 46.83, 8.3, 31.36, 9.48, 46.69, 16.57, 5.33, 27.21, 17.93, 7.24, 54.5, 24.25, 16.66, 12.26, 22.59, 38.05, 17.94, 60.25, 10.98, 27.88, 17.06, 29.77, 30.96, 19.32, 26.05, 15.28, 38.44, 15.96, 22.73, 0.0, 4.46, 37.62, 19.59, 14.77, 38.6, 39.78, 8.6, 10.36, 25.1, 33.49, 56.51], [0, 43.45, 11.44, 26.9, 6.93, 42.65, 12.42, 9.79, 31.66, 15.3, 11.7, 50.13, 25.82, 20.02, 8.5, 27.02, 33.91, 16.31, 56.03, 6.52, 31.67, 16.0, 25.41, 28.11, 16.76, 30.43, 10.86, 33.99, 12.31, 23.48, 4.46, 0.0, 34.58, 15.26, 10.35, 42.44, 36.0, 4.2, 9.77, 20.69, 29.14, 59.41], [0, 10.07, 45.8, 26.94, 28.14, 17.52, 23.83, 37.62, 60.76, 19.74, 33.42, 45.65, 33.58, 54.27, 26.23, 57.31, 15.79, 21.18, 31.36, 38.44, 51.07, 23.17, 32.33, 6.81, 18.44, 61.15, 27.34, 27.08, 22.5, 28.74, 37.62, 34.58, 0.0, 23.56, 27.42, 59.78, 9.84, 31.24, 28.61, 29.78, 20.48, 93.97], [0, 30.67, 26.25, 12.93, 12.47, 27.81, 13.02, 16.98, 46.66, 11.66, 12.87, 37.34, 32.16, 34.7, 8.3, 42.15, 18.88, 15.86, 40.82, 21.39, 43.8, 17.57, 14.14, 18.64, 12.44, 45.64, 4.67, 19.37, 6.65, 27.91, 19.59, 15.26, 23.56, 0.0, 5.06, 54.38, 22.04, 11.05, 16.6, 9.38, 13.9, 72.76], [0, 35.19, 21.2, 16.82, 9.04, 32.85, 9.92, 11.92, 41.95, 11.81, 7.85, 40.75, 30.27, 29.64, 5.2, 37.36, 23.94, 15.32, 45.86, 16.67, 40.2, 16.48, 16.43, 21.82, 13.03, 40.78, 9.72, 23.74, 6.29, 26.5, 14.77, 10.35, 27.42, 5.06, 0.0, 50.91, 26.86, 6.17, 13.65, 11.44, 18.81, 67.87], [0, 69.65, 39.15, 67.3, 42.02, 75.37, 50.72, 43.87, 22.72, 45.27, 45.18, 91.61, 26.2, 38.74, 46.18, 25.68, 68.72, 41.42, 89.94, 36.42, 10.77, 39.1, 67.27, 53.85, 45.64, 26.76, 51.48, 73.48, 48.13, 31.07, 38.6, 42.44, 59.78, 54.38, 50.91, 0.0, 67.04, 45.58, 37.8, 62.31, 66.9, 64.7], [0, 9.63, 47.43, 20.45, 30.61, 8.39, 23.79, 38.45, 65.19, 23.34, 34.16, 36.2, 41.11, 56.01, 27.56, 61.25, 6.88, 26.24, 22.92, 41.08, 57.64, 28.52, 26.43, 13.48, 22.44, 65.0, 26.58, 18.6, 23.82, 36.14, 39.78, 36.0, 9.84, 22.04, 26.86, 67.04, 0.0, 32.06, 32.5, 25.24, 13.36, 94.73], [0, 39.8, 15.41, 22.86, 5.66, 38.54, 8.33, 6.45, 35.79, 12.74, 10.75, 46.42, 26.93, 23.97, 5.05, 31.19, 29.76, 14.76, 51.85, 10.52, 34.82, 15.05, 21.78, 24.99, 14.2, 34.62, 6.69, 29.88, 8.74, 23.9, 8.6, 4.2, 31.24, 11.05, 6.17, 45.58, 32.06, 0.0, 10.01, 16.92, 24.93, 62.96], [0, 38.33, 18.52, 29.52, 4.69, 40.2, 12.93, 13.28, 32.71, 9.19, 11.04, 53.91, 16.97, 26.46, 8.56, 28.89, 32.3, 7.82, 54.46, 10.41, 27.29, 6.7, 30.01, 21.81, 10.29, 32.69, 14.19, 35.72, 10.39, 13.95, 10.36, 9.77, 28.61, 16.6, 13.65, 37.8, 32.5, 10.01, 0.0, 25.02, 29.4, 66.41], [0, 34.77, 29.78, 7.21, 20.47, 28.51, 12.61, 20.88, 52.08, 21.04, 17.86, 29.49, 41.27, 37.48, 16.46, 47.27, 19.82, 25.22, 39.22, 27.2, 51.58, 26.86, 5.0, 26.24, 21.8, 50.43, 10.88, 14.5, 15.87, 37.17, 25.1, 20.69, 29.78, 9.38, 11.44, 62.31, 25.24, 16.92, 25.02, 0.0, 12.86, 72.72], [0, 22.96, 39.9, 7.11, 25.88, 15.66, 17.16, 30.59, 60.53, 21.78, 26.65, 27.06, 42.74, 48.19, 21.86, 56.05, 7.11, 25.95, 27.24, 35.28, 56.59, 28.17, 13.16, 19.68, 21.69, 59.54, 18.34, 7.44, 19.04, 37.96, 33.49, 29.14, 20.48, 13.9, 18.81, 66.9, 13.36, 24.93, 29.4, 12.86, 0.0, 85.04], [0, 0, 0, 0, 0, 0, 0, 0, 0, 0, 0, 0, 0, 0, 0, 0, 0, 0, 0, 0, 0, 0, 0, 0, 0, 0, 0, 0, 0, 0, 0, 0, 0, 0, 0, 0, 0, 0, 0, 0, 0, 0]], "end_depot": 41, "horizon": [0.0, 2200.0], "instance_name": "40_80_A_100_C10", "speed_zone_count": 73, "speed_zones": [[0.0, 15.0], [15.0, 30.0], [30.0, 45.0], [45.0, 60.0], [60.0, 75.0], [75.0, 90.0], [90.0, 105.0], [105.0, 120.0], [120.0, 135.0], [135.0, 150.0], [150.0, 165.0], [165.0, 180.0], [180.0, 195.0], [195.0, 210.0], [210.0, 225.0], [225.0, 240.0], [240.0, 255.0], [255.0, 270.0], [270.0, 285.0], [285.0, 300.0], [300.0, 315.0], [315.0, 330.0], [330.0, 345.0], [345.0, 360.0], [360.0, 375.0], [375.0, 390.0], [390.0, 405.0], [405.0, 420.0], [420.0, 435.0], [435.0, 450.0], [450.0, 465.0], [465.0, 480.0], [480.0, 495.0], [495.0, 510.0], [510.0, 525.0], [525.0, 540.0], [540.0, 555.0], [555.0, 570.0], [570.0, 585.0], [585.0, 600.0], [600.0, 615.0], [615.0, 630.0], [630.0, 645.0], [645.0, 660.0], [660.0, 675.0], [675.0, 690.0], [690.0, 705.0], [705.0, 720.0], [720.0, 735.0], [735.0, 750.0], [750.0, 765.0], [765.0, 780.0], [780.0, 795.0], [795.0, 810.0], [810.0, 825.0], [825.0, 840.0], [840.0, 855.0], [855.0, 870.0], [870.0, 885.0], [885.0, 900.0], [900.0, 915.0], [915.0, 930.0], [930.0, 945.0], [945.0, 960.0], [960.0, 975.0], [975.0, 990.0], [990.0, 1005.0], [1005.0, 1020.0], [1020.0, 1035.0], [1035.0, 1050.0], [1050.0, 1065.0], [1065.0, 1080.0], [1080.0, 2200.0]], "start_depot": 0, "time_windows": [[0.0, 2200.0], [86.0, 166.0], [241.0, 321.0], [326.0, 406.0], [367.0, 447.0], [460.0, 540.0], [540.0, 620.0], [568.0, 648.0], [616.0, 696.0], [674.0, 754.0], [695.0, 775.0], [780.0, 860.0], [907.0, 987.0], [964.0, 1044.0], [997.0, 1077.0], [1035.0, 1115.0], [1098.0, 1178.0], [1132.0, 1212.0], [1181.0, 1261.0], [1246.0, 1326.0], [1278.0, 1358.0], [1309.0, 1389.0], [1341.0, 1421.0], [1378.0, 1458.0], [1393.0, 1473.0], [1436.0, 1516.0], [1479.0, 1559.0], [1502.0, 1582.0], [1529.0, 1609.0], [1550.0, 1630.0], [1579.0, 1659.0], [1583.0, 1663.0], [1618.0, 1698.0], [1647.0, 1727.0], [1652.0, 1732.0], [1703.0, 1783.0], [1774.0, 1854.0], [1807.0, 1887.0], [1817.0, 1897.0], [1842.0, 1922.0], [1858.0, 1938.0], [0.0, 2200.0]], "vehicle_count": 1}