{"cluster_count": 3, "cluster_speeds": [[0.925, 0.85, 0.925, 1.0, 0.8325, 0.765, 0.8325, 0.9, 0.4625, 0.425, 0.4625, 0.5, 0.30525, 0.2805, 0.30525, 0.33, 0.37, 0.34, 0.37, 0.4, 0.555, 0.51, 0.555, 0.6, 0.6475, 0.595, 0.6475, 0.7, 0.37, 0.34, 0.37, 0.4, 0.30525, 0.2805, 0.30525, 0.33, 0.4625, 0.425, 0.4625, 0.5, 0.6475, 0.595, 0.6475, 0.7, 0.74, 0.68, 0.74, 0.8, 0.6475, 0.595, 0.6475, 0.7, 0.4625, 0.425, 0.4625, 0.5, 0.555, 0.51, 0.555, 0.6, 0.6475, 0.595, 0.6475, 0.7, 0.8325, 0.765, 0.8325, 0.9, 0.925, 0.85, 0.925, 1.0, 1.0], [0.74, 0.68, 0.74, 0.8, 0.666, 0.612, 0.666, 0.72, 0.37, 0.34, 0.37, 0.4, 0.2442, 0.2244, 0.2442, 0.264, 0.296, 0.272, 0.296, 0.32, 0.444, 0.408, 0.444, 0.48, 0.6475, 0.595, 0.6475, 0.7, 0.37, 0.34, 0.37, 0.4, 0.30525, 0.2805, 0.30525, 0.33, 0.4625, 0.425, 0.4625, 0.5, 0.6475, 0.595, 0.6475, 0.7, 0.74, 0.68, 0.74, 0.8, 0.518, 0.476, 0.518, 0.56, 0.37, 0.34, 0.37, 0.4, 0.444, 0.408, 0.444, 0.48, 0.518, 0.476, 0.518, 0.56, 0.666, 0.612, 0.666, 0.72, 0.74, 0.68, 0.74, 0.8, 0.8], [0.87875, 0.8075, 0.87875, 0.95, 0.790875, 0.72675, 0.790875, 0.855, 0.439375, 0.40375, 0.439375, 0.475, 0.289988, 0.266475, 0.289988, 0.3135, 0.3515, 0.323, 0.3515, 0.38, 0.52725, 0.4845, 0.52725, 0.57, 0.6475, 0.595, 0.6475, 0.7, 0.37, 0.34, 0.37, 0.4, 0.30525, 0.2805, 0.30525, 0.33, 0.4625, 0.425, 0.4625, 0.5, 0.6475, 0.595, 0.6475, 0.7, 0.74, 0.68, 0.74, 0.8, 0.615125, 0.56525, 0.615125, 0.665, 0.439375, 0.40375, 0.439375, 0.475, 0.52725, 0.4845, 0.52725, 0.57, 0.615125, 0.56525, 0.615125, 0.665, 0.790875, 0.72675, 0.790875, 0.855, 0.87875, 0.8075, 0.87875, 0.95, 0.95]], "clusters": [[-1, 2, 2, 2, 2, 2, 2, 2, 2, 2, 2, 2, 2, 2, 2, 2, 2, 2, 2, 2, 2, 2, 2, 2, 2, 2, 2, 2, 2, 2, 2, 2, 2, 2, 2, 2, 2, 2, 2, 2, 2, -1], [1, -1, 1, 1, 1, 1, 1, 1, 1, 1, 1, 1, 1, 1, 1, 1, 1, 1, 1, 1, 1, 1, 1, 1, 1, 1, 1, 1, 1, 1, 1, 1, 1, 1, 1, 1, 1, 1, 1, 1, 1, 1], [2, 2, -1, 2, 2, 2, 2, 2, 2, 2, 2, 2, 2, 2, 2, 2, 2, 2, 2, 2, 2, 2, 2, 2, 2, 2, 2, 2, 2, 2, 2, 2, 2, 2, 2, 2, 2, 2, 2, 2, 2, 2], [1, 1, 1, -1, 1, 1, 1, 1, 1, 1, 1, 1, 1, 1, 1, 1, 1, 1, 1, 1, 1, 1, 1, 1, 1, 1, 1, 1, 1, 1, 1, 1, 1, 1, 1, 1, 1, 1, 1, 1, 1, 1], [0, 0, 0, 0, -1, 0, 0, 0, 0, 0, 0, 0, 0, 0, 0, 0, 0, 0, 0, 0, 0, 0, 0, 0, 0, 0, 0, 0, 0, 0, 0, 0, 0, 0, 0, 0, 0, 0, 0, 0, 0, 0], [0, 0, 0, 0, 0, -1, 0, 0, 0, 0, 0, 0, 0, 0, 0, 0, 0, 0, 0, 0, 0, 0, 0, 0, 0, 0, 0, 0, 0, 0, 0, 0, 0, 0, 0, 0, 0, 0, 0, 0, 0, 0], [1, 1, 1, 1, 1, 1, -1, 1, 1, 1, 1, 1, 1, 1, 1, 1, 1, 1, 1, 1, 1, 1, 1, 1, 1, 1, 1, 1, 1, 1, 1, 1, 1, 1, 1, 1, 1, 1, 1, 1, 1, 1], [0, 0, 0, 0, 0, 0, 0, -1, 0, 0, 0, 0, 0, 0, 0, 0, 0, 0, 0, 0, 0, 0, 0, 0, 0, 0, 0, 0, 0, 0, 0, 0, 0, 0, 0, 0, 0, 0, 0, 0, 0, 0], [0, 0, 0, 0, 0, 0, 0, 0, -1, 0, 0, 0, 0, 0, 0, 0, 0, 0, 0, 0, 0, 0, 0, 0, 0, 0, 0, 0, 0, 0, 0, 0, 0, 0, 0, 0, 0, 0, 0, 0, 0, 0], [0, 0, 0, 0, 0, 0, 0, 0, 0, -1, 0, 0, 0, 0, 0, 0, 0, 0, 0, 0, 0, 0, 0, 0, 0, 0, 0, 0, 0, 0, 0, 0, 0, 0, 0, 0, 0, 0, 0, 0, 0, 0], [0, 0, 0, 0, 0, 0, 0, 0, 0, 0, -1, 0, 0, 0, 0, 0, 0, 0, 0, 0, 0, 0, 0, 0, 0, 0, 0, 0, 0, 0, 0, 0, 0, 0, 0, 0, 0, 0, 0, 0, 0, 0], [1, 1, 1, 1, 1, 1, 1, 1, 1, 1, 1, -1, 1, 1, 1, 1, 1, 1, 1, 1, 1, 1, 1, 1, 1, 1, 1, 1, 1, 1, 1, 1, 1, 1, 1, 1, 1, 1, 1, 1, 1, 1], [0, 0, 0, 0, 0, 0, 0, 0, 0, 0, 0, 0, -1, 0, 0, 0, 0, 0, 0, 0, 0, 0, 0, 0, 0, 0, 0, 0, 0, 0, 0, 0, 0, 0, 0, 0, 0, 0, 0, 0, 0, 0], [2, 2, 2, 2, 2, 2, 2, 2, 2, 2, 2, 2, 2, -1, 2, 2, 2, 2, 2, 2, 2, 2, 2, 2, 2, 2, 2, 2, 2, 2, 2, 2, 2, 2, 2, 2, 2, 2, 2, 2, 2, 2], [0, 0, 0, 0, 0, 0, 0, 0, 0, 0, 0, 0, 0, 0, -1, 0, 0, 0, 0, 0, 0, 0, 0, 0, 0, 0, 0, 0, 0, 0, 0, 0, 0, 0, 0, 0, 0, 0, 0, 0, 0, 0], [0, 0, 0, 0, 0, 0, 0, 0, 0, 0, 0, 0, 0, 0, 0, -1, 0, 0, 0, 0, 0, 0, 0, 0, 0, 0, 0, 0, 0, 0, 0, 0, 0, 0, 0, 0, 0, 0, 0, 0, 0, 0], [0, 0, 0, 0, 0, 0, 0, 0, 0, 0, 0, 0, 0, 0, 0, 0, -1, 0, 0, 0, 0, 0, 0, 0, 0, 0, 0, 0, 0, 0, 0, 0, 0, 0, 0, 0, 0, 0, 0, 0, 0, 0], [0, 0, 0, 0, 0, 0, 0, 0, 0, 0, 0, 0, 0, 0, 0, 0, 0, -1, 0, 0, 0, 0, 0, 0, 0, 0, 0, 0, 0, 0, 0, 0, 0, 0, 0, 0, 0, 0, 0, 0, 0, 0], [1, 1, 1, 1, 1, 1, 1, 1, 1, 1, 1, 1, 1, 1, 1, 1, 1, 1, -1, 1, 1, 1, 1, 1, 1, 1, 1, 1, 1, 1, 1, 1, 1, 1, 1, 1, 1, 1, 1, 1, 1, 1], [1, 1, 1, 1, 1, 1, 1, 1, 1, 1, 1, 1, 1, 1, 1, 1, 1, 1, 1, -1, 1, 1, 1, 1, 1, 1, 1, 1, 1, 1, 1, 1, 1, 1, 1, 1, 1, 1, 1, 1, 1, 1], [0, 0, 0, 0, 0, 0, 0, 0, 0, 0, 0, 0, 0, 0, 0, 0, 0, 0, 0, 0, -1, 0, 0, 0, 0, 0, 0, 0, 0, 0, 0, 0, 0, 0, 0, 0, 0, 0, 0, 0, 0, 0], [1, 1, 1, 1, 1, 1, 1, 1, 1, 1, 1, 1, 1, 1, 1, 1, 1, 1, 1, 1, 1, -1, 1, 1, 1, 1, 1, 1, 1, 1, 1, 1, 1, 1, 1, 1, 1, 1, 1, 1, 1, 1], [0, 0, 0, 0, 0, 0, 0, 0, 0, 0, 0, 0, 0, 0, 0, 0, 0, 0, 0, 0, 0, 0, -1, 0, 0, 0, 0, 0, 0, 0, 0, 0, 0, 0, 0, 0, 0, 0, 0, 0, 0, 0], [2, 2, 2, 2, 2, 2, 2, 2, 2, 2, 2, 2, 2, 2, 2, 2, 2, 2, 2, 2, 2, 2, 2, -1, 2, 2, 2, 2, 2, 2, 2, 2, 2, 2, 2, 2, 2, 2, 2, 2, 2, 2], [0, 0, 0, 0, 0, 0, 0, 0, 0, 0, 0, 0, 0, 0, 0, 0, 0, 0, 0, 0, 0, 0, 0, 0, -1, 0, 0, 0, 0, 0, 0, 0, 0, 0, 0, 0, 0, 0, 0, 0, 0, 0], [1, 1, 1, 1, 1, 1, 1, 1, 1, 1, 1, 1, 1, 1, 1, 1, 1, 1, 1, 1, 1, 1, 1, 1, 1, -1, 1, 1, 1, 1, 1, 1, 1, 1, 1, 1, 1, 1, 1, 1, 1, 1], [1, 1, 1, 1, 1, 1, 1, 1, 1, 1, 1, 1, 1, 1, 1, 1, 1, 1, 1, 1, 1, 1, 1, 1, 1, 1, -1, 1, 1, 1, 1, 1, 1, 1, 1, 1, 1, 1, 1, 1, 1, 1], [0, 0, 0, 0, 0, 0, 0, 0, 0, 0, 0, 0, 0, 0, 0, 0, 0, 0, 0, 0, 0, 0, 0, 0, 0, 0, 0, -1, 0, 0, 0, 0, 0, 0, 0, 0, 0, 0, 0, 0, 0, 0], [1, 1, 1, 1, 1, 1, 1, 1, 1, 1, 1, 1, 1, 1, 1, 1, 1, 1, 1, 1, 1, 1, 1, 1, 1, 1, 1, 1, -1, 1, 1, 1, 1, 1, 1, 1, 1, 1, 1, 1, 1, 1], [0, 0, 0, 0, 0, 0, 0, 0, 0, 0, 0, 0, 0, 0, 0, 0, 0, 0, 0, 0, 0, 0, 0, 0, 0, 0, 0, 0, 0, -1, 0, 0, 0, 0, 0, 0, 0, 0, 0, 0, 0, 0], [2, 2, 2, 2, 2, 2, 2, 2, 2, 2, 2, 2, 2, 2, 2, 2, 2, 2, 2, 2, 2, 2, 2, 2, 2, 2, 2, 2, 2, 2, -1, 2, 2, 2, 2, 2, 2, 2, 2, 2, 2, 2], [1, 1, 1, 1, 1, 1, 1, 1, 1, 1, 1, 1, 1, 1, 1, 1, 1, 1, 1, 1, 1, 1, 1, 1, 1, 1, 1, 1, 1, 1, 1, -1, 1, 1, 1, 1, 1, 1, 1, 1, 1, 1], [0, 0, 0, 0, 0, 0, 0, 0, 0, 0, 0, 0, 0, 0, 0, 0, 0, 0, 0, 0, 0, 0, 0, 0, 0, 0, 0, 0, 0, 0, 0, 0, -1, 0, 0, 0, 0, 0, 0, 0, 0, 0], [0, 0, 0, 0, 0, 0, 0, 0, 0, 0, 0, 0, 0, 0, 0, 0, 0, 0, 0, 0, 0, 0, 0, 0, 0, 0, 0, 0, 0, 0, 0, 0, 0, -1, 0, 0, 0, 0, 0, 0, 0, 0], [0, 0, 0, 0, 0, 0, 0, 0, 0, 0, 0, 0, 0, 0, 0, 0, 0, 0, 0, 0, 0, 0, 0, 0, 0, 0, 0, 0, 0, 0, 0, 0, 0, 0, -1, 0, 0, 0, 0, 0, 0, 0], [1, 1, 1, 1, 1, 1, 1, 1, 1, 1, 1, 1, 1, 1, 1, 1, 1, 1, 1, 1, 1, 1, 1, 1, 1, 1, 1, 1, 1, 1, 1, 1, 1, 1, 1, -1, 1, 1, 1, 1, 1, 1], [1, 1, 1, 1, 1, 1, 1, 1, 1, 1, 1, 1, 1, 1, 1, 1, 1, 1, 1, 1, 1, 1, 1, 1, 1, 1, 1, 1, 1, 1, 1, 1, 1, 1, 1, 1, -1, 1, 1, 1, 1, 1], [0, 0, 0, 0, 0, 0, 0, 0, 0, 0, 0, 0, 0, 0, 0, 0, 0, 0, 0, 0, 0, 0, 0, 0, 0, 0, 0, 0, 0, 0, 0, 0, 0, 0, 0, 0, 0, -1, 0, 0, 0, 0], [1, 1, 1, 1, 1, 1, 1, 1, 1, 1, 1, 1, 1, 1, 1, 1, 1, 1, 1, 1, 1, 1, 1, 1, 1, 1, 1, 1, 1, 1, 1, 1, 1, 1, 1, 1, 1, 1, -1, 1, 1, 1], [2, 2, 2, 2, 2, 2, 2, 2, 2, 2, 2, 2, 2, 2, 2, 2, 2, 2, 2, 2, 2, 2, 2, 2, 2, 2, 2, 2, 2, 2, 2, 2, 2, 2, 2, 2, 2, 2, 2, -1, 2, 2], [1, 1, 1, 1, 1, 1, 1, 1, 1, 1, 1, 1, 1, 1, 1, 1, 1, 1, 1, 1, 1, 1, 1, 1, 1, 1, 1, 1, 1, 1, 1, 1, 1, 1, 1, 1, 1, 1, 1, 1, -1, 1], [-1, 2, 2, 2, 2, 2, 2, 2, 2, 2, 2, 2, 2, 2, 2, 2, 2, 2, 2, 2, 2, 2, 2, 2, 2, 2, 2, 2, 2, 2, 2, 2, 2, 2, 2, 2, 2, 2, 2, 2, 2, -1]], "dataset_name": "guerriero_et_al_2014b", "digraph": {"arc_count": 1640, "arcs": [[0, 1, 1, 1, 1, 1, 1, 1, 1, 1, 1, 1, 1, 1, 1, 1, 1, 1, 1, 1, 1, 1, 1, 1, 1, 1, 1, 1, 1, 1, 1, 1, 1, 1, 1, 1, 1, 1, 1, 1, 1, 0], [0, 0, 1, 1, 1, 1, 1, 1, 1, 1, 1, 1, 1, 1, 1, 1, 1, 1, 1, 1, 1, 1, 1, 1, 1, 1, 1, 1, 1, 1, 1, 1, 1, 1, 1, 1, 1, 1, 1, 1, 1, 1], [0, 1, 0, 1, 1, 1, 1, 1, 1, 1, 1, 1, 1, 1, 1, 1, 1, 1, 1, 1, 1, 1, 1, 1, 1, 1, 1, 1, 1, 1, 1, 1, 1, 1, 1, 1, 1, 1, 1, 1, 1, 1], [0, 1, 1, 0, 1, 1, 1, 1, 1, 1, 1, 1, 1, 1, 1, 1, 1, 1, 1, 1, 1, 1, 1, 1, 1, 1, 1, 1, 1, 1, 1, 1, 1, 1, 1, 1, 1, 1, 1, 1, 1, 1], [0, 1, 1, 1, 0, 1, 1, 1, 1, 1, 1, 1, 1, 1, 1, 1, 1, 1, 1, 1, 1, 1, 1, 1, 1, 1, 1, 1, 1, 1, 1, 1, 1, 1, 1, 1, 1, 1, 1, 1, 1, 1], [0, 1, 1, 1, 1, 0, 1, 1, 1, 1, 1, 1, 1, 1, 1, 1, 1, 1, 1, 1, 1, 1, 1, 1, 1, 1, 1, 1, 1, 1, 1, 1, 1, 1, 1, 1, 1, 1, 1, 1, 1, 1], [0, 1, 1, 1, 1, 1, 0, 1, 1, 1, 1, 1, 1, 1, 1, 1, 1, 1, 1, 1, 1, 1, 1, 1, 1, 1, 1, 1, 1, 1, 1, 1, 1, 1, 1, 1, 1, 1, 1, 1, 1, 1], [0, 1, 1, 1, 1, 1, 1, 0, 1, 1, 1, 1, 1, 1, 1, 1, 1, 1, 1, 1, 1, 1, 1, 1, 1, 1, 1, 1, 1, 1, 1, 1, 1, 1, 1, 1, 1, 1, 1, 1, 1, 1], [0, 1, 1, 1, 1, 1, 1, 1, 0, 1, 1, 1, 1, 1, 1, 1, 1, 1, 1, 1, 1, 1, 1, 1, 1, 1, 1, 1, 1, 1, 1, 1, 1, 1, 1, 1, 1, 1, 1, 1, 1, 1], [0, 1, 1, 1, 1, 1, 1, 1, 1, 0, 1, 1, 1, 1, 1, 1, 1, 1, 1, 1, 1, 1, 1, 1, 1, 1, 1, 1, 1, 1, 1, 1, 1, 1, 1, 1, 1, 1, 1, 1, 1, 1], [0, 1, 1, 1, 1, 1, 1, 1, 1, 1, 0, 1, 1, 1, 1, 1, 1, 1, 1, 1, 1, 1, 1, 1, 1, 1, 1, 1, 1, 1, 1, 1, 1, 1, 1, 1, 1, 1, 1, 1, 1, 1], [0, 1, 1, 1, 1, 1, 1, 1, 1, 1, 1, 0, 1, 1, 1, 1, 1, 1, 1, 1, 1, 1, 1, 1, 1, 1, 1, 1, 1, 1, 1, 1, 1, 1, 1, 1, 1, 1, 1, 1, 1, 1], [0, 1, 1, 1, 1, 1, 1, 1, 1, 1, 1, 1, 0, 1, 1, 1, 1, 1, 1, 1, 1, 1, 1, 1, 1, 1, 1, 1, 1, 1, 1, 1, 1, 1, 1, 1, 1, 1, 1, 1, 1, 1], [0, 1, 1, 1, 1, 1, 1, 1, 1, 1, 1, 1, 1, 0, 1, 1, 1, 1, 1, 1, 1, 1, 1, 1, 1, 1, 1, 1, 1, 1, 1, 1, 1, 1, 1, 1, 1, 1, 1, 1, 1, 1], [0, 1, 1, 1, 1, 1, 1, 1, 1, 1, 1, 1, 1, 1, 0, 1, 1, 1, 1, 1, 1, 1, 1, 1, 1, 1, 1, 1, 1, 1, 1, 1, 1, 1, 1, 1, 1, 1, 1, 1, 1, 1], [0, 1, 1, 1, 1, 1, 1, 1, 1, 1, 1, 1, 1, 1, 1, 0, 1, 1, 1, 1, 1, 1, 1, 1, 1, 1, 1, 1, 1, 1, 1, 1, 1, 1, 1, 1, 1, 1, 1, 1, 1, 1], [0, 1, 1, 1, 1, 1, 1, 1, 1, 1, 1, 1, 1, 1, 1, 1, 0, 1, 1, 1, 1, 1, 1, 1, 1, 1, 1, 1, 1, 1, 1, 1, 1, 1, 1, 1, 1, 1, 1, 1, 1, 1], [0, 1, 1, 1, 1, 1, 1, 1, 1, 1, 1, 1, 1, 1, 1, 1, 1, 0, 1, 1, 1, 1, 1, 1, 1, 1, 1, 1, 1, 1, 1, 1, 1, 1, 1, 1, 1, 1, 1, 1, 1, 1], [0, 1, 1, 1, 1, 1, 1, 1, 1, 1, 1, 1, 1, 1, 1, 1, 1, 1, 0, 1, 1, 1, 1, 1, 1, 1, 1, 1, 1, 1, 1, 1, 1, 1, 1, 1, 1, 1, 1, 1, 1, 1], [0, 1, 1, 1, 1, 1, 1, 1, 1, 1, 1, 1, 1, 1, 1, 1, 1, 1, 1, 0, 1, 1, 1, 1, 1, 1, 1, 1, 1, 1, 1, 1, 1, 1, 1, 1, 1, 1, 1, 1, 1, 1], [0, 1, 1, 1, 1, 1, 1, 1, 1, 1, 1, 1, 1, 1, 1, 1, 1, 1, 1, 1, 0, 1, 1, 1, 1, 1, 1, 1, 1, 1, 1, 1, 1, 1, 1, 1, 1, 1, 1, 1, 1, 1], [0, 1, 1, 1, 1, 1, 1, 1, 1, 1, 1, 1, 1, 1, 1, 1, 1, 1, 1, 1, 1, 0, 1, 1, 1, 1, 1, 1, 1, 1, 1, 1, 1, 1, 1, 1, 1, 1, 1, 1, 1, 1], [0, 1, 1, 1, 1, 1, 1, 1, 1, 1, 1, 1, 1, 1, 1, 1, 1, 1, 1, 1, 1, 1, 0, 1, 1, 1, 1, 1, 1, 1, 1, 1, 1, 1, 1, 1, 1, 1, 1, 1, 1, 1], [0, 1, 1, 1, 1, 1, 1, 1, 1, 1, 1, 1, 1, 1, 1, 1, 1, 1, 1, 1, 1, 1, 1, 0, 1, 1, 1, 1, 1, 1, 1, 1, 1, 1, 1, 1, 1, 1, 1, 1, 1, 1], [0, 1, 1, 1, 1, 1, 1, 1, 1, 1, 1, 1, 1, 1, 1, 1, 1, 1, 1, 1, 1, 1, 1, 1, 0, 1, 1, 1, 1, 1, 1, 1, 1, 1, 1, 1, 1, 1, 1, 1, 1, 1], [0, 1, 1, 1, 1, 1, 1, 1, 1, 1, 1, 1, 1, 1, 1, 1, 1, 1, 1, 1, 1, 1, 1, 1, 1, 0, 1, 1, 1, 1, 1, 1, 1, 1, 1, 1, 1, 1, 1, 1, 1, 1], [0, 1, 1, 1, 1, 1, 1, 1, 1, 1, 1, 1, 1, 1, 1, 1, 1, 1, 1, 1, 1, 1, 1, 1, 1, 1, 0, 1, 1, 1, 1, 1, 1, 1, 1, 1, 1, 1, 1, 1, 1, 1], [0, 1, 1, 1, 1, 1, 1, 1, 1, 1, 1, 1, 1, 1, 1, 1, 1, 1, 1, 1, 1, 1, 1, 1, 1, 1, 1, 0, 1, 1, 1, 1, 1, 1, 1, 1, 1, 1, 1, 1, 1, 1], [0, 1, 1, 1, 1, 1, 1, 1, 1, 1, 1, 1, 1, 1, 1, 1, 1, 1, 1, 1, 1, 1, 1, 1, 1, 1, 1, 1, 0, 1, 1, 1, 1, 1, 1, 1, 1, 1, 1, 1, 1, 1], [0, 1, 1, 1, 1, 1, 1, 1, 1, 1, 1, 1, 1, 1, 1, 1, 1, 1, 1, 1, 1, 1, 1, 1, 1, 1, 1, 1, 1, 0, 1, 1, 1, 1, 1, 1, 1, 1, 1, 1, 1, 1], [0, 1, 1, 1, 1, 1, 1, 1, 1, 1, 1, 1, 1, 1, 1, 1, 1, 1, 1, 1, 1, 1, 1, 1, 1, 1, 1, 1, 1, 1, 0, 1, 1, 1, 1, 1, 1, 1, 1, 1, 1, 1], [0, 1, 1, 1, 1, 1, 1, 1, 1, 1, 1, 1, 1, 1, 1, 1, 1, 1, 1, 1, 1, 1, 1, 1, 1, 1, 1, 1, 1, 1, 1, 0, 1, 1, 1, 1, 1, 1, 1, 1, 1, 1], [0, 1, 1, 1, 1, 1, 1, 1, 1, 1, 1, 1, 1, 1, 1, 1, 1, 1, 1, 1, 1, 1, 1, 1, 1, 1, 1, 1, 1, 1, 1, 1, 0, 1, 1, 1, 1, 1, 1, 1, 1, 1], [0, 1, 1, 1, 1, 1, 1, 1, 1, 1, 1, 1, 1, 1, 1, 1, 1, 1, 1, 1, 1, 1, 1, 1, 1, 1, 1, 1, 1, 1, 1, 1, 1, 0, 1, 1, 1, 1, 1, 1, 1, 1], [0, 1, 1, 1, 1, 1, 1, 1, 1, 1, 1, 1, 1, 1, 1, 1, 1, 1, 1, 1, 1, 1, 1, 1, 1, 1, 1, 1, 1, 1, 1, 1, 1, 1, 0, 1, 1, 1, 1, 1, 1, 1], [0, 1, 1, 1, 1, 1, 1, 1, 1, 1, 1, 1, 1, 1, 1, 1, 1, 1, 1, 1, 1, 1, 1, 1, 1, 1, 1, 1, 1, 1, 1, 1, 1, 1, 1, 0, 1, 1, 1, 1, 1, 1], [0, 1, 1, 1, 1, 1, 1, 1, 1, 1, 1, 1, 1, 1, 1, 1, 1, 1, 1, 1, 1, 1, 1, 1, 1, 1, 1, 1, 1, 1, 1, 1, 1, 1, 1, 1, 0, 1, 1, 1, 1, 1], [0, 1, 1, 1, 1, 1, 1, 1, 1, 1, 1, 1, 1, 1, 1, 1, 1, 1, 1, 1, 1, 1, 1, 1, 1, 1, 1, 1, 1, 1, 1, 1, 1, 1, 1, 1, 1, 0, 1, 1, 1, 1], [0, 1, 1, 1, 1, 1, 1, 1, 1, 1, 1, 1, 1, 1, 1, 1, 1, 1, 1, 1, 1, 1, 1, 1, 1, 1, 1, 1, 1, 1, 1, 1, 1, 1, 1, 1, 1, 1, 0, 1, 1, 1], [0, 1, 1, 1, 1, 1, 1, 1, 1, 1, 1, 1, 1, 1, 1, 1, 1, 1, 1, 1, 1, 1, 1, 1, 1, 1, 1, 1, 1, 1, 1, 1, 1, 1, 1, 1, 1, 1, 1, 0, 1, 1], [0, 1, 1, 1, 1, 1, 1, 1, 1, 1, 1, 1, 1, 1, 1, 1, 1, 1, 1, 1, 1, 1, 1, 1, 1, 1, 1, 1, 1, 1, 1, 1, 1, 1, 1, 1, 1, 1, 1, 1, 0, 1], [0, 0, 0, 0, 0, 0, 0, 0, 0, 0, 0, 0, 0, 0, 0, 0, 0, 0, 0, 0, 0, 0, 0, 0, 0, 0, 0, 0, 0, 0, 0, 0, 0, 0, 0, 0, 0, 0, 0, 0, 0, 0]], "vertex_count": 42}, "distances": [[0, 55.37, 108.18, 84.32, 67.93, 69.04, 71.71, 67.28, 79.44, 74.54, 56.31, 88.0, 63.61, 73.35, 74.58, 74.7, 80.07, 57.72, 62.05, 74.28, 77.17, 75.72, 74.19, 44.19, 59.62, 85.6, 58.54, 74.44, 57.86, 74.29, 77.59, 69.61, 68.24, 67.83, 84.66, 54.09, 91.57, 67.97, 86.91, 93.78, 55.65, 0], [0, 0.0, 53.0, 29.64, 13.5, 16.57, 22.73, 15.67, 26.02, 21.03, 9.85, 32.63, 8.53, 31.31, 20.7, 22.02, 24.7, 14.46, 14.63, 24.55, 21.87, 25.98, 20.43, 33.98, 5.13, 30.29, 11.79, 20.32, 12.86, 22.7, 30.86, 23.99, 15.21, 13.95, 29.42, 13.65, 36.23, 13.5, 33.59, 42.34, 11.2, 55.37], [0, 53.0, 0.0, 24.08, 40.29, 43.14, 40.22, 45.18, 29.94, 37.84, 52.12, 20.83, 44.6, 53.73, 37.23, 34.81, 28.56, 50.47, 51.52, 43.39, 32.0, 36.79, 37.71, 80.39, 48.56, 22.74, 53.7, 36.95, 55.01, 40.83, 39.27, 50.11, 40.43, 40.52, 25.36, 54.89, 18.48, 40.25, 23.72, 23.87, 52.97, 108.18], [0, 29.64, 24.08, 0.0, 16.42, 24.1, 17.62, 25.93, 6.71, 20.51, 28.86, 8.39, 21.11, 40.29, 19.5, 11.17, 8.44, 26.79, 31.83, 28.45, 12.1, 15.21, 19.92, 60.25, 24.89, 5.45, 32.94, 18.83, 34.43, 24.92, 20.13, 34.17, 16.35, 16.51, 11.3, 32.04, 12.5, 16.39, 6.83, 16.69, 29.87, 84.32], [0, 13.5, 40.29, 16.42, 0.0, 15.93, 12.48, 16.73, 12.56, 16.68, 12.84, 20.89, 5.18, 34.39, 15.77, 9.01, 13.38, 10.41, 20.49, 23.89, 12.14, 14.41, 15.82, 46.26, 8.53, 18.07, 19.98, 15.01, 21.51, 20.62, 20.35, 26.91, 12.95, 11.18, 19.1, 16.39, 25.01, 10.33, 20.1, 29.08, 14.03, 67.93], [0, 16.57, 43.14, 24.1, 15.93, 0.0, 28.3, 13.06, 24.53, 5.63, 15.57, 22.57, 13.65, 18.48, 5.98, 23.3, 16.0, 16.97, 8.39, 8.48, 12.15, 29.63, 5.52, 37.3, 15.99, 21.68, 10.93, 6.19, 12.07, 6.14, 35.83, 11.13, 19.44, 17.38, 17.78, 15.89, 24.74, 15.83, 30.39, 40.4, 15.39, 69.04], [0, 22.73, 40.22, 17.62, 12.48, 28.3, 0.0, 29.2, 10.91, 28.2, 22.52, 25.4, 16.54, 46.79, 27.19, 7.03, 20.46, 19.11, 32.78, 35.95, 21.43, 13.56, 27.35, 56.71, 17.86, 22.15, 31.84, 26.38, 33.32, 32.5, 8.21, 39.36, 9.03, 11.09, 26.12, 26.33, 29.76, 12.57, 16.6, 22.07, 23.89, 71.71], [0, 15.67, 45.18, 25.93, 16.73, 13.06, 29.2, 0.0, 26.05, 7.61, 14.71, 24.59, 13.85, 17.74, 8.01, 24.54, 17.93, 16.49, 6.35, 8.9, 14.07, 30.74, 7.54, 35.26, 15.72, 23.66, 8.98, 8.23, 10.06, 7.3, 36.89, 10.2, 20.22, 18.15, 19.82, 14.59, 26.79, 16.63, 32.11, 42.1, 14.36, 67.28], [0, 26.02, 29.94, 6.71, 12.56, 24.53, 10.91, 26.05, 0.0, 22.34, 25.4, 14.75, 17.72, 42.22, 21.26, 4.89, 11.57, 22.77, 31.25, 30.53, 14.06, 8.66, 21.58, 58.51, 20.96, 11.56, 31.59, 20.48, 33.13, 26.91, 14.14, 35.41, 11.27, 12.11, 16.42, 28.94, 19.04, 12.58, 7.61, 16.67, 26.59, 79.44], [0, 21.03, 37.84, 20.51, 16.68, 5.63, 28.2, 7.61, 22.34, 0.0, 19.99, 17.6, 16.12, 19.95, 10.22, 22.24, 12.08, 20.68, 13.84, 8.19, 8.51, 28.77, 9.92, 42.56, 19.34, 17.22, 16.56, 11.01, 17.67, 4.57, 35.03, 13.69, 20.0, 18.11, 12.58, 20.94, 19.37, 16.57, 27.17, 37.16, 20.07, 74.54], [0, 9.85, 52.12, 28.86, 12.84, 15.57, 22.52, 14.71, 25.4, 19.99, 0.0, 31.7, 7.78, 30.55, 19.67, 21.5, 23.77, 13.71, 13.91, 23.6, 20.9, 25.66, 19.39, 34.21, 4.71, 29.4, 11.23, 19.29, 12.38, 21.7, 30.68, 23.18, 14.74, 13.38, 28.44, 13.23, 35.27, 12.84, 32.94, 41.8, 10.78, 56.31], [0, 32.63, 20.83, 8.39, 20.89, 22.57, 25.4, 24.59, 14.75, 17.6, 31.7, 0.0, 24.51, 35.87, 16.85, 18.51, 7.93, 30.44, 30.92, 24.41, 11.17, 23.41, 17.32, 59.85, 28.56, 11.34, 32.92, 16.44, 34.27, 21.28, 28.52, 30.84, 22.06, 21.51, 5.2, 34.25, 4.39, 20.83, 14.15, 22.71, 32.44, 88.0], [0, 8.53, 44.6, 21.11, 5.18, 13.65, 16.54, 13.85, 17.72, 16.12, 7.78, 24.51, 0.0, 31.52, 15.44, 14.12, 16.63, 5.93, 16.37, 22.09, 14.32, 19.07, 15.33, 41.14, 12.49, 21.99, 15.31, 14.82, 16.8, 19.26, 24.69, 23.92, 7.77, 6.0, 21.82, 11.22, 28.34, 5.15, 25.21, 34.25, 8.9, 63.61], [0, 31.31, 53.73, 40.29, 34.39, 18.48, 46.79, 17.74, 42.22, 19.95, 30.55, 35.87, 31.52, 0.0, 21.02, 41.6, 31.87, 33.19, 16.69, 11.84, 28.45, 48.02, 20.67, 32.58, 32.84, 36.37, 19.99, 21.78, 19.48, 15.42, 54.25, 7.61, 37.89, 35.83, 30.71, 28.78, 36.06, 34.29, 47.04, 56.98, 29.71, 73.35], [0, 20.7, 37.23, 19.5, 15.77, 5.98, 27.19, 8.01, 21.26, 10.22, 19.67, 16.85, 15.44, 21.02, 0.0, 21.18, 11.09, 20.19, 14.33, 9.27, 7.47, 27.71, 10.99, 43.16, 18.78, 16.33, 16.87, 12.08, 18.04, 5.65, 33.97, 14.67, 19.05, 17.19, 11.91, 20.81, 18.8, 15.66, 26.14, 36.14, 19.81, 74.58], [0, 22.02, 34.81, 11.17, 9.01, 23.3, 7.03, 24.54, 4.89, 22.24, 21.5, 18.51, 14.12, 41.6, 21.18, 0.0, 13.48, 18.6, 29.08, 30.28, 14.8, 6.53, 21.41, 55.25, 16.89, 15.26, 28.89, 20.37, 30.42, 26.72, 12.79, 34.42, 6.85, 8.16, 19.09, 25.19, 22.89, 9.06, 12.22, 20.32, 22.77, 74.7], [0, 24.7, 28.56, 8.44, 13.38, 16.0, 20.46, 17.93, 11.57, 12.08, 23.77, 7.93, 16.63, 31.87, 11.09, 13.48, 0.0, 22.56, 24.07, 20.03, 13.47, 19.58, 11.51, 52.87, 20.69, 5.94, 25.65, 10.44, 27.07, 16.49, 25.53, 25.76, 15.13, 14.21, 5.91, 26.37, 11.73, 13.31, 15.17, 25.12, 24.52, 80.07], [0, 14.46, 50.47, 26.79, 10.41, 16.97, 19.11, 16.49, 22.77, 20.68, 13.71, 30.44, 5.93, 33.19, 20.19, 18.6, 22.56, 0.0, 16.77, 25.33, 20.12, 22.37, 19.98, 37.6, 10.96, 27.91, 14.44, 19.68, 15.69, 23.04, 27.24, 25.69, 11.75, 10.66, 27.67, 7.27, 34.25, 10.43, 30.37, 38.91, 4.89, 57.72], [0, 14.63, 51.52, 31.83, 20.49, 8.39, 32.78, 6.35, 31.25, 13.84, 13.91, 30.92, 16.37, 16.69, 14.33, 29.08, 24.07, 16.77, 0.0, 12.32, 20.23, 34.89, 13.86, 28.93, 16.71, 29.89, 15.32, 14.58, 4.2, 12.37, 40.81, 9.58, 23.78, 21.77, 26.17, 12.16, 33.12, 20.41, 37.76, 47.66, 13.02, 62.05], [0, 24.55, 43.39, 28.45, 23.89, 8.48, 35.95, 8.9, 30.53, 8.19, 23.6, 24.41, 22.09, 11.84, 9.27, 30.28, 20.03, 25.33, 12.32, 0.0, 16.64, 36.78, 8.96, 38.28, 24.44, 24.65, 16.02, 10.05, 16.48, 12.77, 43.04, 6.73, 27.36, 25.36, 19.21, 23.22, 25.15, 23.79, 35.2, 45.14, 23.2, 74.28], [0, 21.87, 32.0, 12.1, 12.14, 12.15, 21.43, 14.07, 14.06, 8.51, 20.9, 11.17, 14.32, 28.45, 7.47, 14.8, 13.47, 20.12, 20.23, 16.64, 0.0, 21.25, 7.86, 49.07, 18.33, 9.68, 21.91, 6.76, 23.3, 13.04, 27.42, 22.09, 14.65, 13.27, 7.56, 23.2, 14.4, 12.05, 18.68, 28.69, 21.52, 77.17], [0, 25.98, 36.79, 15.21, 14.41, 29.63, 13.56, 30.74, 8.66, 28.77, 25.66, 23.41, 19.07, 48.02, 27.71, 6.53, 19.58, 22.37, 34.89, 36.78, 21.25, 0.0, 27.93, 59.86, 20.95, 20.22, 34.31, 26.9, 35.83, 33.23, 6.27, 40.76, 11.3, 13.2, 24.87, 29.47, 27.66, 14.49, 13.07, 18.06, 27.02, 75.72], [0, 20.43, 37.71, 19.92, 15.82, 5.52, 27.35, 7.54, 21.58, 9.92, 19.39, 17.32, 15.33, 20.67, 10.99, 21.41, 11.51, 19.98, 13.86, 8.96, 7.86, 27.93, 0.0, 42.68, 18.61, 16.79, 16.42, 11.71, 17.58, 5.35, 34.2, 14.25, 19.14, 17.25, 12.38, 20.47, 19.27, 15.71, 26.53, 36.54, 19.51, 74.19], [0, 33.98, 80.39, 60.25, 46.26, 37.3, 56.71, 35.26, 58.51, 42.56, 34.21, 59.85, 41.14, 32.58, 43.16, 55.25, 52.87, 37.6, 28.93, 38.28, 49.07, 59.86, 42.68, 0.0, 38.91, 58.75, 27.31, 43.47, 25.84, 40.02, 64.84, 31.88, 48.75, 47.13, 55.05, 30.4, 61.93, 46.22, 65.64, 75.17, 32.85, 44.19], [0, 5.13, 48.56, 24.89, 8.53, 15.99, 17.86, 15.72, 20.96, 19.34, 4.71, 28.56, 12.49, 32.84, 18.78, 16.89, 20.69, 10.96, 16.71, 24.44, 18.33, 20.95, 18.61, 38.91, 0.0, 26.01, 14.76, 18.24, 16.11, 21.96, 26.04, 25.27, 10.08, 8.85, 25.86, 8.52, 32.4, 8.55, 28.55, 37.21, 6.06, 59.62], [0, 30.29, 22.74, 5.45, 18.07, 21.68, 22.15, 23.66, 11.56, 17.22, 29.4, 11.34, 21.99, 36.37, 16.33, 15.26, 5.94, 27.91, 29.89, 24.65, 9.68, 20.22, 16.79, 58.75, 26.01, 0.0, 31.57, 15.8, 32.98, 21.3, 25.45, 30.81, 19.01, 18.58, 6.14, 32.16, 7.63, 18.02, 11.82, 21.08, 30.23, 85.6], [0, 11.79, 53.7, 32.94, 19.98, 10.93, 31.84, 8.98, 31.59, 16.56, 11.23, 32.92, 15.31, 19.99, 16.87, 28.89, 25.65, 14.44, 15.32, 16.02, 21.91, 34.31, 16.42, 27.31, 14.76, 31.57, 0.0, 16.98, 18.53, 15.75, 40.0, 13.19, 23.03, 21.12, 28.42, 8.85, 35.47, 19.92, 38.48, 48.2, 10.13, 58.54], [0, 20.32, 36.95, 18.83, 15.01, 6.19, 26.38, 8.23, 20.48, 11.01, 19.29, 16.44, 14.82, 21.78, 12.08, 20.37, 10.44, 19.68, 14.58, 10.05, 6.76, 26.9, 11.71, 43.47, 18.24, 15.8, 16.98, 0.0, 18.19, 6.44, 33.16, 15.34, 18.27, 16.42, 11.59, 20.56, 18.56, 14.9, 25.44, 35.45, 19.49, 74.44], [0, 12.86, 55.01, 34.43, 21.51, 12.07, 33.32, 10.06, 33.13, 17.67, 12.38, 34.27, 16.8, 19.48, 18.04, 30.42, 27.07, 15.69, 4.2, 16.48, 23.3, 35.83, 17.58, 25.84, 16.11, 32.98, 18.53, 18.19, 0.0, 16.53, 41.49, 13.04, 24.53, 22.64, 29.7, 9.68, 36.73, 21.45, 40.01, 49.74, 11.21, 57.86], [0, 22.7, 40.83, 24.92, 20.62, 6.14, 32.5, 7.3, 26.91, 4.57, 21.7, 21.28, 19.26, 15.42, 5.65, 26.72, 16.49, 23.04, 12.37, 12.77, 13.04, 33.23, 5.35, 40.02, 21.96, 21.3, 15.75, 6.44, 16.53, 0.0, 39.49, 9.56, 24.04, 22.07, 16.1, 21.87, 22.41, 20.51, 31.64, 41.61, 21.49, 74.29], [0, 30.86, 39.27, 20.13, 20.35, 35.83, 8.21, 36.89, 14.14, 35.03, 30.68, 28.52, 24.69, 54.25, 33.97, 12.79, 25.53, 27.24, 40.81, 43.04, 27.42, 6.27, 34.2, 64.84, 26.04, 25.45, 40.0, 33.16, 41.49, 39.49, 0.0, 46.95, 17.04, 19.04, 30.56, 34.49, 32.59, 20.44, 16.18, 17.58, 32.06, 77.59], [0, 23.99, 50.11, 34.17, 26.91, 11.13, 39.36, 10.2, 35.41, 13.69, 23.18, 30.84, 23.92, 7.61, 14.67, 34.42, 25.76, 25.69, 9.58, 6.73, 22.09, 40.76, 14.25, 31.88, 25.27, 30.81, 13.19, 15.34, 13.04, 9.56, 46.95, 0.0, 30.41, 28.34, 25.66, 21.73, 31.81, 26.81, 40.77, 50.78, 22.42, 69.61], [0, 15.21, 40.43, 16.35, 12.95, 19.44, 9.03, 20.22, 11.27, 20.0, 14.74, 22.06, 7.77, 37.89, 19.05, 6.85, 15.13, 11.75, 23.78, 27.36, 14.65, 11.3, 19.14, 48.75, 10.08, 19.01, 23.03, 18.27, 24.53, 24.04, 17.04, 30.41, 0.0, 13.77, 21.02, 18.49, 26.35, 12.92, 18.86, 27.16, 16.04, 68.24], [0, 13.95, 40.52, 16.51, 11.18, 17.38, 11.09, 18.15, 12.11, 18.11, 13.38, 21.51, 6.0, 35.83, 17.19, 8.16, 14.21, 10.66, 21.77, 25.36, 13.27, 13.2, 17.25, 47.13, 8.85, 18.58, 21.12, 16.42, 22.64, 22.07, 19.04, 28.34, 13.77, 0.0, 20.01, 17.03, 25.71, 11.15, 19.71, 28.42, 14.62, 67.83], [0, 29.42, 25.36, 11.3, 19.1, 17.78, 26.12, 19.82, 16.42, 12.58, 28.44, 5.2, 21.82, 30.71, 11.91, 19.09, 5.91, 27.67, 26.17, 19.21, 7.56, 24.87, 12.38, 55.05, 25.86, 6.14, 28.42, 11.59, 29.7, 16.1, 30.56, 25.66, 21.02, 20.01, 0.0, 30.62, 7.08, 19.02, 17.92, 27.2, 29.02, 84.66], [0, 13.65, 54.89, 32.04, 16.39, 15.89, 26.33, 14.59, 28.94, 20.94, 13.23, 34.25, 11.22, 28.78, 20.81, 25.19, 26.37, 7.27, 12.16, 23.22, 23.2, 29.47, 20.47, 30.4, 8.52, 32.16, 8.85, 20.56, 9.68, 21.87, 34.49, 21.73, 18.49, 17.03, 30.62, 0.0, 37.59, 16.37, 36.42, 45.44, 12.16, 54.09], [0, 36.23, 18.48, 12.5, 25.01, 24.74, 29.76, 26.79, 19.04, 19.37, 35.27, 4.39, 28.34, 36.06, 18.8, 22.89, 11.73, 34.25, 33.12, 25.15, 14.4, 27.66, 19.27, 61.93, 32.4, 7.63, 35.47, 18.56, 36.73, 22.41, 32.59, 31.81, 26.35, 25.71, 7.08, 37.59, 0.0, 24.94, 17.54, 25.11, 35.92, 91.57], [0, 13.5, 40.25, 16.39, 10.33, 15.83, 12.57, 16.63, 12.58, 16.57, 12.84, 20.83, 5.15, 34.29, 15.66, 9.06, 13.31, 10.43, 20.41, 23.79, 12.05, 14.49, 15.71, 46.22, 8.55, 18.02, 19.92, 14.9, 21.45, 20.51, 20.44, 26.81, 12.92, 11.15, 19.02, 16.37, 24.94, 0.0, 20.1, 29.1, 14.01, 67.97], [0, 33.59, 23.72, 6.83, 20.1, 30.39, 16.6, 32.11, 7.61, 27.17, 32.94, 14.15, 25.21, 47.04, 26.14, 12.22, 15.17, 30.37, 37.76, 35.2, 18.68, 13.07, 26.53, 65.64, 28.55, 11.82, 38.48, 25.44, 40.01, 31.64, 16.18, 40.77, 18.86, 19.71, 17.92, 36.42, 17.54, 20.1, 0.0, 10.03, 34.1, 86.91], [0, 42.34, 23.87, 16.69, 29.08, 40.4, 22.07, 42.1, 16.67, 37.16, 41.8, 22.71, 34.25, 56.98, 36.14, 20.32, 25.12, 38.91, 47.66, 45.14, 28.69, 18.06, 36.54, 75.17, 37.21, 21.08, 48.2, 35.45, 49.74, 41.61, 17.58, 50.78, 27.16, 28.42, 27.2, 45.44, 25.11, 29.1, 10.03, 0.0, 43.04, 93.78], [0, 11.2, 52.97, 29.87, 14.03, 15.39, 23.89, 14.36, 26.59, 20.07, 10.78, 32.44, 8.9, 29.71, 19.81, 22.77, 24.52, 4.89, 13.02, 23.2, 21.52, 27.02, 19.51, 32.85, 6.06, 30.23, 10.13, 19.49, 11.21, 21.49, 32.06, 22.42, 16.04, 14.62, 29.02, 12.16, 35.92, 14.01, 34.1, 43.04, 0.0, 55.65], [0, 0, 0, 0, 0, 0, 0, 0, 0, 0, 0, 0, 0, 0, 0, 0, 0, 0, 0, 0, 0, 0, 0, 0, 0, 0, 0, 0, 0, 0, 0, 0, 0, 0, 0, 0, 0, 0, 0, 0, 0, 0]], "end_depot": 41, "horizon": [0.0, 2200.0], "instance_name": "40_80_A_100_C8", "speed_zone_count": 73, "speed_zones": [[0.0, 15.0], [15.0, 30.0], [30.0, 45.0], [45.0, 60.0], [60.0, 75.0], [75.0, 90.0], [90.0, 105.0], [105.0, 120.0], [120.0, 135.0], [135.0, 150.0], [150.0, 165.0], [165.0, 180.0], [180.0, 195.0], [195.0, 210.0], [210.0, 225.0], [225.0, 240.0], [240.0, 255.0], [255.0, 270.0], [270.0, 285.0], [285.0, 300.0], [300.0, 315.0], [315.0, 330.0], [330.0, 345.0], [345.0, 360.0], [360.0, 375.0], [375.0, 390.0], [390.0, 405.0], [405.0, 420.0], [420.0, 435.0], [435.0, 450.0], [450.0, 465.0], [465.0, 480.0], [480.0, 495.0], [495.0, 510.0], [510.0, 525.0], [525.0, 540.0], [540.0, 555.0], [555.0, 570.0], [570.0, 585.0], [585.0, 600.0], [600.0, 615.0], [615.0, 630.0], [630.0, 645.0], [645.0, 660.0], [660.0, 675.0], [675.0, 690.0], [690.0, 705.0], [705.0, 720.0], [720.0, 735.0], [735.0, 750.0], [750.0, 765.0], [765.0, 780.0], [780.0, 795.0], [795.0, 810.0], [810.0, 825.0], [825.0, 840.0], [840.0, 855.0], [855.0, 870.0], [870.0, 885.0], [885.0, 900.0], [900.0, 915.0], [915.0, 930.0], [930.0, 945.0], [945.0, 960.0], [960.0, 975.0], [975.0, 990.0], [990.0, 1005.0], [1005.0, 1020.0], [1020.0, 1035.0], [1035.0, 1050.0], [1050.0, 1065.0], [1065.0, 1080.0], [1080.0, 2200.0]], "start_depot": 0, "time_windows": [[0.0, 2200.0], [24.0, 104.0], [123.0, 203.0], [196.0, 276.0], [252.0, 332.0], [284.0, 364.0], [332.0, 412.0], [378.0, 458.0], [446.0, 526.0], [513.0, 593.0], [557.0, 637.0], [608.0, 688.0], [642.0, 722.0], [684.0, 764.0], [720.0, 800.0], [756.0, 836.0], [786.0, 866.0], [829.0, 909.0], [858.0, 938.0], [883.0, 963.0], [915.0, 995.0], [942.0, 1022.0], [983.0, 1063.0], [1030.0, 1110.0], [1071.0, 1151.0], [1097.0, 1177.0], [1136.0, 1216.0], [1158.0, 1238.0], [1176.0, 1256.0], [1197.0, 1277.0], [1236.0, 1316.0], [1285.0, 1365.0], [1323.0, 1403.0], [1337.0, 1417.0], [1357.0, 1437.0], [1388.0, 1468.0], [1435.0, 1515.0], [1466.0, 1546.0], [1486.0, 1566.0], [1499.0, 1579.0], [1544.0, 1624.0], [0.0, 2200.0]], "vehicle_count": 1}