{"cluster_count": 3, "cluster_speeds": [[0.74, 0.68, 0.74, 0.8, 0.666, 0.612, 0.666, 0.72, 0.37, 0.34, 0.37, 0.4, 0.2442, 0.2244, 0.2442, 0.264, 0.296, 0.272, 0.296, 0.32, 0.444, 0.408, 0.444, 0.48, 0.6475, 0.595, 0.6475, 0.7, 0.37, 0.34, 0.37, 0.4, 0.30525, 0.2805, 0.30525, 0.33, 0.4625, 0.425, 0.4625, 0.5, 0.6475, 0.595, 0.6475, 0.7, 0.74, 0.68, 0.74, 0.8, 0.518, 0.476, 0.518, 0.56, 0.37, 0.34, 0.37, 0.4, 0.444, 0.408, 0.444, 0.48, 0.518, 0.476, 0.518, 0.56, 0.666, 0.612, 0.666, 0.72, 0.74, 0.68, 0.74, 0.8, 0.8], [0.8325, 0.765, 0.8325, 0.9, 0.74925, 0.6885, 0.74925, 0.81, 0.41625, 0.3825, 0.41625, 0.45, 0.274725, 0.25245, 0.274725, 0.297, 0.333, 0.306, 0.333, 0.36, 0.4995, 0.459, 0.4995, 0.54, 0.6475, 0.595, 0.6475, 0.7, 0.37, 0.34, 0.37, 0.4, 0.30525, 0.2805, 0.30525, 0.33, 0.4625, 0.425, 0.4625, 0.5, 0.6475, 0.595, 0.6475, 0.7, 0.74, 0.68, 0.74, 0.8, 0.58275, 0.5355, 0.58275, 0.63, 0.41625, 0.3825, 0.41625, 0.45, 0.4995, 0.459, 0.4995, 0.54, 0.58275, 0.5355, 0.58275, 0.63, 0.74925, 0.6885, 0.74925, 0.81, 0.8325, 0.765, 0.8325, 0.9, 0.9], [0.925, 0.85, 0.925, 1.0, 0.8325, 0.765, 0.8325, 0.9, 0.4625, 0.425, 0.4625, 0.5, 0.30525, 0.2805, 0.30525, 0.33, 0.37, 0.34, 0.37, 0.4, 0.555, 0.51, 0.555, 0.6, 0.6475, 0.595, 0.6475, 0.7, 0.37, 0.34, 0.37, 0.4, 0.30525, 0.2805, 0.30525, 0.33, 0.4625, 0.425, 0.4625, 0.5, 0.6475, 0.595, 0.6475, 0.7, 0.74, 0.68, 0.74, 0.8, 0.6475, 0.595, 0.6475, 0.7, 0.4625, 0.425, 0.4625, 0.5, 0.555, 0.51, 0.555, 0.6, 0.6475, 0.595, 0.6475, 0.7, 0.8325, 0.765, 0.8325, 0.9, 0.925, 0.85, 0.925, 1.0, 1.0]], "clusters": [[-1, 2, 2, 2, 2, 2, 2, 2, 2, 2, 2, 2, 2, 2, 2, 2, 2, 2, 2, 2, 2, 2, 2, 2, 2, 2, 2, 2, 2, 2, 2, 2, 2, 2, 2, 2, 2, 2, 2, 2, 2, -1], [0, -1, 0, 0, 0, 0, 0, 0, 0, 0, 0, 0, 0, 0, 0, 0, 0, 0, 0, 0, 0, 0, 0, 0, 0, 0, 0, 0, 0, 0, 0, 0, 0, 0, 0, 0, 0, 0, 0, 0, 0, 0], [0, 0, -1, 0, 0, 0, 0, 0, 0, 0, 0, 0, 0, 0, 0, 0, 0, 0, 0, 0, 0, 0, 0, 0, 0, 0, 0, 0, 0, 0, 0, 0, 0, 0, 0, 0, 0, 0, 0, 0, 0, 0], [1, 1, 1, -1, 1, 1, 1, 1, 1, 1, 1, 1, 1, 1, 1, 1, 1, 1, 1, 1, 1, 1, 1, 1, 1, 1, 1, 1, 1, 1, 1, 1, 1, 1, 1, 1, 1, 1, 1, 1, 1, 1], [1, 1, 1, 1, -1, 1, 1, 1, 1, 1, 1, 1, 1, 1, 1, 1, 1, 1, 1, 1, 1, 1, 1, 1, 1, 1, 1, 1, 1, 1, 1, 1, 1, 1, 1, 1, 1, 1, 1, 1, 1, 1], [0, 0, 0, 0, 0, -1, 0, 0, 0, 0, 0, 0, 0, 0, 0, 0, 0, 0, 0, 0, 0, 0, 0, 0, 0, 0, 0, 0, 0, 0, 0, 0, 0, 0, 0, 0, 0, 0, 0, 0, 0, 0], [0, 0, 0, 0, 0, 0, -1, 0, 0, 0, 0, 0, 0, 0, 0, 0, 0, 0, 0, 0, 0, 0, 0, 0, 0, 0, 0, 0, 0, 0, 0, 0, 0, 0, 0, 0, 0, 0, 0, 0, 0, 0], [0, 0, 0, 0, 0, 0, 0, -1, 0, 0, 0, 0, 0, 0, 0, 0, 0, 0, 0, 0, 0, 0, 0, 0, 0, 0, 0, 0, 0, 0, 0, 0, 0, 0, 0, 0, 0, 0, 0, 0, 0, 0], [0, 0, 0, 0, 0, 0, 0, 0, -1, 0, 0, 0, 0, 0, 0, 0, 0, 0, 0, 0, 0, 0, 0, 0, 0, 0, 0, 0, 0, 0, 0, 0, 0, 0, 0, 0, 0, 0, 0, 0, 0, 0], [0, 0, 0, 0, 0, 0, 0, 0, 0, -1, 0, 0, 0, 0, 0, 0, 0, 0, 0, 0, 0, 0, 0, 0, 0, 0, 0, 0, 0, 0, 0, 0, 0, 0, 0, 0, 0, 0, 0, 0, 0, 0], [0, 0, 0, 0, 0, 0, 0, 0, 0, 0, -1, 0, 0, 0, 0, 0, 0, 0, 0, 0, 0, 0, 0, 0, 0, 0, 0, 0, 0, 0, 0, 0, 0, 0, 0, 0, 0, 0, 0, 0, 0, 0], [0, 0, 0, 0, 0, 0, 0, 0, 0, 0, 0, -1, 0, 0, 0, 0, 0, 0, 0, 0, 0, 0, 0, 0, 0, 0, 0, 0, 0, 0, 0, 0, 0, 0, 0, 0, 0, 0, 0, 0, 0, 0], [0, 0, 0, 0, 0, 0, 0, 0, 0, 0, 0, 0, -1, 0, 0, 0, 0, 0, 0, 0, 0, 0, 0, 0, 0, 0, 0, 0, 0, 0, 0, 0, 0, 0, 0, 0, 0, 0, 0, 0, 0, 0], [0, 0, 0, 0, 0, 0, 0, 0, 0, 0, 0, 0, 0, -1, 0, 0, 0, 0, 0, 0, 0, 0, 0, 0, 0, 0, 0, 0, 0, 0, 0, 0, 0, 0, 0, 0, 0, 0, 0, 0, 0, 0], [0, 0, 0, 0, 0, 0, 0, 0, 0, 0, 0, 0, 0, 0, -1, 0, 0, 0, 0, 0, 0, 0, 0, 0, 0, 0, 0, 0, 0, 0, 0, 0, 0, 0, 0, 0, 0, 0, 0, 0, 0, 0], [0, 0, 0, 0, 0, 0, 0, 0, 0, 0, 0, 0, 0, 0, 0, -1, 0, 0, 0, 0, 0, 0, 0, 0, 0, 0, 0, 0, 0, 0, 0, 0, 0, 0, 0, 0, 0, 0, 0, 0, 0, 0], [0, 0, 0, 0, 0, 0, 0, 0, 0, 0, 0, 0, 0, 0, 0, 0, -1, 0, 0, 0, 0, 0, 0, 0, 0, 0, 0, 0, 0, 0, 0, 0, 0, 0, 0, 0, 0, 0, 0, 0, 0, 0], [0, 0, 0, 0, 0, 0, 0, 0, 0, 0, 0, 0, 0, 0, 0, 0, 0, -1, 0, 0, 0, 0, 0, 0, 0, 0, 0, 0, 0, 0, 0, 0, 0, 0, 0, 0, 0, 0, 0, 0, 0, 0], [0, 0, 0, 0, 0, 0, 0, 0, 0, 0, 0, 0, 0, 0, 0, 0, 0, 0, -1, 0, 0, 0, 0, 0, 0, 0, 0, 0, 0, 0, 0, 0, 0, 0, 0, 0, 0, 0, 0, 0, 0, 0], [0, 0, 0, 0, 0, 0, 0, 0, 0, 0, 0, 0, 0, 0, 0, 0, 0, 0, 0, -1, 0, 0, 0, 0, 0, 0, 0, 0, 0, 0, 0, 0, 0, 0, 0, 0, 0, 0, 0, 0, 0, 0], [0, 0, 0, 0, 0, 0, 0, 0, 0, 0, 0, 0, 0, 0, 0, 0, 0, 0, 0, 0, -1, 0, 0, 0, 0, 0, 0, 0, 0, 0, 0, 0, 0, 0, 0, 0, 0, 0, 0, 0, 0, 0], [0, 0, 0, 0, 0, 0, 0, 0, 0, 0, 0, 0, 0, 0, 0, 0, 0, 0, 0, 0, 0, -1, 0, 0, 0, 0, 0, 0, 0, 0, 0, 0, 0, 0, 0, 0, 0, 0, 0, 0, 0, 0], [0, 0, 0, 0, 0, 0, 0, 0, 0, 0, 0, 0, 0, 0, 0, 0, 0, 0, 0, 0, 0, 0, -1, 0, 0, 0, 0, 0, 0, 0, 0, 0, 0, 0, 0, 0, 0, 0, 0, 0, 0, 0], [0, 0, 0, 0, 0, 0, 0, 0, 0, 0, 0, 0, 0, 0, 0, 0, 0, 0, 0, 0, 0, 0, 0, -1, 0, 0, 0, 0, 0, 0, 0, 0, 0, 0, 0, 0, 0, 0, 0, 0, 0, 0], [0, 0, 0, 0, 0, 0, 0, 0, 0, 0, 0, 0, 0, 0, 0, 0, 0, 0, 0, 0, 0, 0, 0, 0, -1, 0, 0, 0, 0, 0, 0, 0, 0, 0, 0, 0, 0, 0, 0, 0, 0, 0], [0, 0, 0, 0, 0, 0, 0, 0, 0, 0, 0, 0, 0, 0, 0, 0, 0, 0, 0, 0, 0, 0, 0, 0, 0, -1, 0, 0, 0, 0, 0, 0, 0, 0, 0, 0, 0, 0, 0, 0, 0, 0], [0, 0, 0, 0, 0, 0, 0, 0, 0, 0, 0, 0, 0, 0, 0, 0, 0, 0, 0, 0, 0, 0, 0, 0, 0, 0, -1, 0, 0, 0, 0, 0, 0, 0, 0, 0, 0, 0, 0, 0, 0, 0], [0, 0, 0, 0, 0, 0, 0, 0, 0, 0, 0, 0, 0, 0, 0, 0, 0, 0, 0, 0, 0, 0, 0, 0, 0, 0, 0, -1, 0, 0, 0, 0, 0, 0, 0, 0, 0, 0, 0, 0, 0, 0], [0, 0, 0, 0, 0, 0, 0, 0, 0, 0, 0, 0, 0, 0, 0, 0, 0, 0, 0, 0, 0, 0, 0, 0, 0, 0, 0, 0, -1, 0, 0, 0, 0, 0, 0, 0, 0, 0, 0, 0, 0, 0], [0, 0, 0, 0, 0, 0, 0, 0, 0, 0, 0, 0, 0, 0, 0, 0, 0, 0, 0, 0, 0, 0, 0, 0, 0, 0, 0, 0, 0, -1, 0, 0, 0, 0, 0, 0, 0, 0, 0, 0, 0, 0], [0, 0, 0, 0, 0, 0, 0, 0, 0, 0, 0, 0, 0, 0, 0, 0, 0, 0, 0, 0, 0, 0, 0, 0, 0, 0, 0, 0, 0, 0, -1, 0, 0, 0, 0, 0, 0, 0, 0, 0, 0, 0], [0, 0, 0, 0, 0, 0, 0, 0, 0, 0, 0, 0, 0, 0, 0, 0, 0, 0, 0, 0, 0, 0, 0, 0, 0, 0, 0, 0, 0, 0, 0, -1, 0, 0, 0, 0, 0, 0, 0, 0, 0, 0], [0, 0, 0, 0, 0, 0, 0, 0, 0, 0, 0, 0, 0, 0, 0, 0, 0, 0, 0, 0, 0, 0, 0, 0, 0, 0, 0, 0, 0, 0, 0, 0, -1, 0, 0, 0, 0, 0, 0, 0, 0, 0], [0, 0, 0, 0, 0, 0, 0, 0, 0, 0, 0, 0, 0, 0, 0, 0, 0, 0, 0, 0, 0, 0, 0, 0, 0, 0, 0, 0, 0, 0, 0, 0, 0, -1, 0, 0, 0, 0, 0, 0, 0, 0], [0, 0, 0, 0, 0, 0, 0, 0, 0, 0, 0, 0, 0, 0, 0, 0, 0, 0, 0, 0, 0, 0, 0, 0, 0, 0, 0, 0, 0, 0, 0, 0, 0, 0, -1, 0, 0, 0, 0, 0, 0, 0], [0, 0, 0, 0, 0, 0, 0, 0, 0, 0, 0, 0, 0, 0, 0, 0, 0, 0, 0, 0, 0, 0, 0, 0, 0, 0, 0, 0, 0, 0, 0, 0, 0, 0, 0, -1, 0, 0, 0, 0, 0, 0], [0, 0, 0, 0, 0, 0, 0, 0, 0, 0, 0, 0, 0, 0, 0, 0, 0, 0, 0, 0, 0, 0, 0, 0, 0, 0, 0, 0, 0, 0, 0, 0, 0, 0, 0, 0, -1, 0, 0, 0, 0, 0], [0, 0, 0, 0, 0, 0, 0, 0, 0, 0, 0, 0, 0, 0, 0, 0, 0, 0, 0, 0, 0, 0, 0, 0, 0, 0, 0, 0, 0, 0, 0, 0, 0, 0, 0, 0, 0, -1, 0, 0, 0, 0], [0, 0, 0, 0, 0, 0, 0, 0, 0, 0, 0, 0, 0, 0, 0, 0, 0, 0, 0, 0, 0, 0, 0, 0, 0, 0, 0, 0, 0, 0, 0, 0, 0, 0, 0, 0, 0, 0, -1, 0, 0, 0], [0, 0, 0, 0, 0, 0, 0, 0, 0, 0, 0, 0, 0, 0, 0, 0, 0, 0, 0, 0, 0, 0, 0, 0, 0, 0, 0, 0, 0, 0, 0, 0, 0, 0, 0, 0, 0, 0, 0, -1, 0, 0], [0, 0, 0, 0, 0, 0, 0, 0, 0, 0, 0, 0, 0, 0, 0, 0, 0, 0, 0, 0, 0, 0, 0, 0, 0, 0, 0, 0, 0, 0, 0, 0, 0, 0, 0, 0, 0, 0, 0, 0, -1, 0], [-1, 2, 2, 2, 2, 2, 2, 2, 2, 2, 2, 2, 2, 2, 2, 2, 2, 2, 2, 2, 2, 2, 2, 2, 2, 2, 2, 2, 2, 2, 2, 2, 2, 2, 2, 2, 2, 2, 2, 2, 2, -1]], "dataset_name": "guerriero_et_al_2014b", "digraph": {"arc_count": 1640, "arcs": [[0, 1, 1, 1, 1, 1, 1, 1, 1, 1, 1, 1, 1, 1, 1, 1, 1, 1, 1, 1, 1, 1, 1, 1, 1, 1, 1, 1, 1, 1, 1, 1, 1, 1, 1, 1, 1, 1, 1, 1, 1, 0], [0, 0, 1, 1, 1, 1, 1, 1, 1, 1, 1, 1, 1, 1, 1, 1, 1, 1, 1, 1, 1, 1, 1, 1, 1, 1, 1, 1, 1, 1, 1, 1, 1, 1, 1, 1, 1, 1, 1, 1, 1, 1], [0, 1, 0, 1, 1, 1, 1, 1, 1, 1, 1, 1, 1, 1, 1, 1, 1, 1, 1, 1, 1, 1, 1, 1, 1, 1, 1, 1, 1, 1, 1, 1, 1, 1, 1, 1, 1, 1, 1, 1, 1, 1], [0, 1, 1, 0, 1, 1, 1, 1, 1, 1, 1, 1, 1, 1, 1, 1, 1, 1, 1, 1, 1, 1, 1, 1, 1, 1, 1, 1, 1, 1, 1, 1, 1, 1, 1, 1, 1, 1, 1, 1, 1, 1], [0, 1, 1, 1, 0, 1, 1, 1, 1, 1, 1, 1, 1, 1, 1, 1, 1, 1, 1, 1, 1, 1, 1, 1, 1, 1, 1, 1, 1, 1, 1, 1, 1, 1, 1, 1, 1, 1, 1, 1, 1, 1], [0, 1, 1, 1, 1, 0, 1, 1, 1, 1, 1, 1, 1, 1, 1, 1, 1, 1, 1, 1, 1, 1, 1, 1, 1, 1, 1, 1, 1, 1, 1, 1, 1, 1, 1, 1, 1, 1, 1, 1, 1, 1], [0, 1, 1, 1, 1, 1, 0, 1, 1, 1, 1, 1, 1, 1, 1, 1, 1, 1, 1, 1, 1, 1, 1, 1, 1, 1, 1, 1, 1, 1, 1, 1, 1, 1, 1, 1, 1, 1, 1, 1, 1, 1], [0, 1, 1, 1, 1, 1, 1, 0, 1, 1, 1, 1, 1, 1, 1, 1, 1, 1, 1, 1, 1, 1, 1, 1, 1, 1, 1, 1, 1, 1, 1, 1, 1, 1, 1, 1, 1, 1, 1, 1, 1, 1], [0, 1, 1, 1, 1, 1, 1, 1, 0, 1, 1, 1, 1, 1, 1, 1, 1, 1, 1, 1, 1, 1, 1, 1, 1, 1, 1, 1, 1, 1, 1, 1, 1, 1, 1, 1, 1, 1, 1, 1, 1, 1], [0, 1, 1, 1, 1, 1, 1, 1, 1, 0, 1, 1, 1, 1, 1, 1, 1, 1, 1, 1, 1, 1, 1, 1, 1, 1, 1, 1, 1, 1, 1, 1, 1, 1, 1, 1, 1, 1, 1, 1, 1, 1], [0, 1, 1, 1, 1, 1, 1, 1, 1, 1, 0, 1, 1, 1, 1, 1, 1, 1, 1, 1, 1, 1, 1, 1, 1, 1, 1, 1, 1, 1, 1, 1, 1, 1, 1, 1, 1, 1, 1, 1, 1, 1], [0, 1, 1, 1, 1, 1, 1, 1, 1, 1, 1, 0, 1, 1, 1, 1, 1, 1, 1, 1, 1, 1, 1, 1, 1, 1, 1, 1, 1, 1, 1, 1, 1, 1, 1, 1, 1, 1, 1, 1, 1, 1], [0, 1, 1, 1, 1, 1, 1, 1, 1, 1, 1, 1, 0, 1, 1, 1, 1, 1, 1, 1, 1, 1, 1, 1, 1, 1, 1, 1, 1, 1, 1, 1, 1, 1, 1, 1, 1, 1, 1, 1, 1, 1], [0, 1, 1, 1, 1, 1, 1, 1, 1, 1, 1, 1, 1, 0, 1, 1, 1, 1, 1, 1, 1, 1, 1, 1, 1, 1, 1, 1, 1, 1, 1, 1, 1, 1, 1, 1, 1, 1, 1, 1, 1, 1], [0, 1, 1, 1, 1, 1, 1, 1, 1, 1, 1, 1, 1, 1, 0, 1, 1, 1, 1, 1, 1, 1, 1, 1, 1, 1, 1, 1, 1, 1, 1, 1, 1, 1, 1, 1, 1, 1, 1, 1, 1, 1], [0, 1, 1, 1, 1, 1, 1, 1, 1, 1, 1, 1, 1, 1, 1, 0, 1, 1, 1, 1, 1, 1, 1, 1, 1, 1, 1, 1, 1, 1, 1, 1, 1, 1, 1, 1, 1, 1, 1, 1, 1, 1], [0, 1, 1, 1, 1, 1, 1, 1, 1, 1, 1, 1, 1, 1, 1, 1, 0, 1, 1, 1, 1, 1, 1, 1, 1, 1, 1, 1, 1, 1, 1, 1, 1, 1, 1, 1, 1, 1, 1, 1, 1, 1], [0, 1, 1, 1, 1, 1, 1, 1, 1, 1, 1, 1, 1, 1, 1, 1, 1, 0, 1, 1, 1, 1, 1, 1, 1, 1, 1, 1, 1, 1, 1, 1, 1, 1, 1, 1, 1, 1, 1, 1, 1, 1], [0, 1, 1, 1, 1, 1, 1, 1, 1, 1, 1, 1, 1, 1, 1, 1, 1, 1, 0, 1, 1, 1, 1, 1, 1, 1, 1, 1, 1, 1, 1, 1, 1, 1, 1, 1, 1, 1, 1, 1, 1, 1], [0, 1, 1, 1, 1, 1, 1, 1, 1, 1, 1, 1, 1, 1, 1, 1, 1, 1, 1, 0, 1, 1, 1, 1, 1, 1, 1, 1, 1, 1, 1, 1, 1, 1, 1, 1, 1, 1, 1, 1, 1, 1], [0, 1, 1, 1, 1, 1, 1, 1, 1, 1, 1, 1, 1, 1, 1, 1, 1, 1, 1, 1, 0, 1, 1, 1, 1, 1, 1, 1, 1, 1, 1, 1, 1, 1, 1, 1, 1, 1, 1, 1, 1, 1], [0, 1, 1, 1, 1, 1, 1, 1, 1, 1, 1, 1, 1, 1, 1, 1, 1, 1, 1, 1, 1, 0, 1, 1, 1, 1, 1, 1, 1, 1, 1, 1, 1, 1, 1, 1, 1, 1, 1, 1, 1, 1], [0, 1, 1, 1, 1, 1, 1, 1, 1, 1, 1, 1, 1, 1, 1, 1, 1, 1, 1, 1, 1, 1, 0, 1, 1, 1, 1, 1, 1, 1, 1, 1, 1, 1, 1, 1, 1, 1, 1, 1, 1, 1], [0, 1, 1, 1, 1, 1, 1, 1, 1, 1, 1, 1, 1, 1, 1, 1, 1, 1, 1, 1, 1, 1, 1, 0, 1, 1, 1, 1, 1, 1, 1, 1, 1, 1, 1, 1, 1, 1, 1, 1, 1, 1], [0, 1, 1, 1, 1, 1, 1, 1, 1, 1, 1, 1, 1, 1, 1, 1, 1, 1, 1, 1, 1, 1, 1, 1, 0, 1, 1, 1, 1, 1, 1, 1, 1, 1, 1, 1, 1, 1, 1, 1, 1, 1], [0, 1, 1, 1, 1, 1, 1, 1, 1, 1, 1, 1, 1, 1, 1, 1, 1, 1, 1, 1, 1, 1, 1, 1, 1, 0, 1, 1, 1, 1, 1, 1, 1, 1, 1, 1, 1, 1, 1, 1, 1, 1], [0, 1, 1, 1, 1, 1, 1, 1, 1, 1, 1, 1, 1, 1, 1, 1, 1, 1, 1, 1, 1, 1, 1, 1, 1, 1, 0, 1, 1, 1, 1, 1, 1, 1, 1, 1, 1, 1, 1, 1, 1, 1], [0, 1, 1, 1, 1, 1, 1, 1, 1, 1, 1, 1, 1, 1, 1, 1, 1, 1, 1, 1, 1, 1, 1, 1, 1, 1, 1, 0, 1, 1, 1, 1, 1, 1, 1, 1, 1, 1, 1, 1, 1, 1], [0, 1, 1, 1, 1, 1, 1, 1, 1, 1, 1, 1, 1, 1, 1, 1, 1, 1, 1, 1, 1, 1, 1, 1, 1, 1, 1, 1, 0, 1, 1, 1, 1, 1, 1, 1, 1, 1, 1, 1, 1, 1], [0, 1, 1, 1, 1, 1, 1, 1, 1, 1, 1, 1, 1, 1, 1, 1, 1, 1, 1, 1, 1, 1, 1, 1, 1, 1, 1, 1, 1, 0, 1, 1, 1, 1, 1, 1, 1, 1, 1, 1, 1, 1], [0, 1, 1, 1, 1, 1, 1, 1, 1, 1, 1, 1, 1, 1, 1, 1, 1, 1, 1, 1, 1, 1, 1, 1, 1, 1, 1, 1, 1, 1, 0, 1, 1, 1, 1, 1, 1, 1, 1, 1, 1, 1], [0, 1, 1, 1, 1, 1, 1, 1, 1, 1, 1, 1, 1, 1, 1, 1, 1, 1, 1, 1, 1, 1, 1, 1, 1, 1, 1, 1, 1, 1, 1, 0, 1, 1, 1, 1, 1, 1, 1, 1, 1, 1], [0, 1, 1, 1, 1, 1, 1, 1, 1, 1, 1, 1, 1, 1, 1, 1, 1, 1, 1, 1, 1, 1, 1, 1, 1, 1, 1, 1, 1, 1, 1, 1, 0, 1, 1, 1, 1, 1, 1, 1, 1, 1], [0, 1, 1, 1, 1, 1, 1, 1, 1, 1, 1, 1, 1, 1, 1, 1, 1, 1, 1, 1, 1, 1, 1, 1, 1, 1, 1, 1, 1, 1, 1, 1, 1, 0, 1, 1, 1, 1, 1, 1, 1, 1], [0, 1, 1, 1, 1, 1, 1, 1, 1, 1, 1, 1, 1, 1, 1, 1, 1, 1, 1, 1, 1, 1, 1, 1, 1, 1, 1, 1, 1, 1, 1, 1, 1, 1, 0, 1, 1, 1, 1, 1, 1, 1], [0, 1, 1, 1, 1, 1, 1, 1, 1, 1, 1, 1, 1, 1, 1, 1, 1, 1, 1, 1, 1, 1, 1, 1, 1, 1, 1, 1, 1, 1, 1, 1, 1, 1, 1, 0, 1, 1, 1, 1, 1, 1], [0, 1, 1, 1, 1, 1, 1, 1, 1, 1, 1, 1, 1, 1, 1, 1, 1, 1, 1, 1, 1, 1, 1, 1, 1, 1, 1, 1, 1, 1, 1, 1, 1, 1, 1, 1, 0, 1, 1, 1, 1, 1], [0, 1, 1, 1, 1, 1, 1, 1, 1, 1, 1, 1, 1, 1, 1, 1, 1, 1, 1, 1, 1, 1, 1, 1, 1, 1, 1, 1, 1, 1, 1, 1, 1, 1, 1, 1, 1, 0, 1, 1, 1, 1], [0, 1, 1, 1, 1, 1, 1, 1, 1, 1, 1, 1, 1, 1, 1, 1, 1, 1, 1, 1, 1, 1, 1, 1, 1, 1, 1, 1, 1, 1, 1, 1, 1, 1, 1, 1, 1, 1, 0, 1, 1, 1], [0, 1, 1, 1, 1, 1, 1, 1, 1, 1, 1, 1, 1, 1, 1, 1, 1, 1, 1, 1, 1, 1, 1, 1, 1, 1, 1, 1, 1, 1, 1, 1, 1, 1, 1, 1, 1, 1, 1, 0, 1, 1], [0, 1, 1, 1, 1, 1, 1, 1, 1, 1, 1, 1, 1, 1, 1, 1, 1, 1, 1, 1, 1, 1, 1, 1, 1, 1, 1, 1, 1, 1, 1, 1, 1, 1, 1, 1, 1, 1, 1, 1, 0, 1], [0, 0, 0, 0, 0, 0, 0, 0, 0, 0, 0, 0, 0, 0, 0, 0, 0, 0, 0, 0, 0, 0, 0, 0, 0, 0, 0, 0, 0, 0, 0, 0, 0, 0, 0, 0, 0, 0, 0, 0, 0, 0]], "vertex_count": 42}, "distances": [[0, 63.93, 71.43, 75.54, 79.87, 73.22, 66.17, 58.5, 77.89, 74.48, 71.37, 67.66, 62.36, 73.86, 80.31, 69.16, 69.57, 69.45, 66.78, 66.34, 67.97, 66.01, 80.02, 66.52, 64.05, 72.59, 72.6, 75.62, 71.38, 65.21, 71.88, 71.11, 73.3, 72.39, 72.26, 64.22, 78.82, 74.38, 60.54, 63.74, 56.86, 0], [0, 0.0, 11.48, 18.22, 22.85, 9.79, 11.31, 6.28, 14.28, 11.19, 7.85, 11.8, 11.87, 10.37, 16.44, 5.59, 9.32, 7.41, 6.22, 8.44, 16.04, 8.51, 16.11, 11.61, 5.73, 10.89, 9.97, 12.16, 8.34, 8.68, 11.26, 13.62, 12.2, 10.44, 8.77, 10.95, 14.89, 10.46, 11.1, 8.74, 7.5, 63.93], [0, 11.48, 0.0, 24.57, 28.22, 6.33, 7.95, 13.85, 9.09, 13.68, 6.55, 9.54, 11.21, 6.66, 12.14, 11.37, 10.82, 14.41, 5.56, 5.1, 8.24, 5.42, 12.26, 9.91, 7.84, 11.02, 14.5, 7.24, 13.15, 6.23, 10.65, 10.88, 17.64, 11.19, 6.41, 11.25, 11.83, 9.55, 12.88, 7.71, 15.6, 71.43], [0, 18.22, 24.57, 0.0, 4.82, 18.49, 19.63, 23.97, 18.93, 11.16, 18.03, 16.63, 20.67, 18.4, 17.89, 14.0, 23.43, 11.1, 22.13, 24.79, 32.08, 25.05, 17.31, 17.16, 23.27, 22.28, 10.07, 18.91, 11.55, 25.62, 23.77, 27.62, 6.94, 21.77, 18.19, 18.14, 16.35, 15.5, 21.43, 26.25, 24.56, 75.54], [0, 22.85, 28.22, 4.82, 0.0, 21.96, 24.0, 28.71, 21.53, 14.55, 21.8, 20.96, 25.31, 21.76, 19.9, 18.29, 27.32, 15.57, 26.35, 28.98, 36.03, 29.26, 19.36, 21.6, 27.69, 25.8, 14.01, 21.96, 15.64, 29.88, 27.38, 31.3, 11.01, 25.32, 21.82, 22.75, 18.65, 18.8, 26.16, 30.62, 29.34, 79.87], [0, 9.79, 6.33, 18.49, 21.96, 0.0, 7.06, 14.72, 4.67, 7.43, 10.72, 6.3, 10.91, 11.21, 7.35, 6.69, 5.99, 9.28, 7.02, 8.82, 14.46, 9.2, 7.22, 7.29, 9.66, 11.33, 8.56, 10.94, 7.49, 10.06, 5.45, 9.39, 11.64, 11.19, 10.3, 9.49, 6.34, 9.25, 12.76, 11.38, 16.36, 73.22], [0, 11.31, 7.95, 19.63, 24.0, 7.06, 0.0, 7.69, 11.72, 10.72, 5.22, 9.63, 12.68, 7.7, 14.24, 5.71, 5.8, 8.54, 10.87, 5.44, 13.11, 5.61, 14.01, 10.58, 11.11, 7.46, 10.21, 9.46, 8.5, 6.05, 7.73, 10.17, 13.01, 7.05, 6.1, 11.07, 12.92, 8.64, 5.74, 6.62, 9.31, 66.17], [0, 6.28, 13.85, 23.97, 28.71, 14.72, 7.69, 0.0, 19.39, 17.44, 12.9, 9.66, 13.04, 15.37, 21.92, 11.85, 11.69, 13.58, 8.52, 9.04, 14.97, 8.84, 21.67, 8.56, 6.01, 14.39, 16.25, 17.11, 14.62, 8.37, 14.04, 14.79, 18.36, 14.11, 13.78, 6.5, 20.55, 16.19, 11.38, 7.38, 13.77, 58.5], [0, 14.28, 9.09, 18.93, 21.53, 4.67, 11.72, 19.39, 0.0, 8.15, 6.53, 10.64, 15.55, 13.96, 10.63, 10.24, 9.72, 12.06, 11.51, 12.93, 17.18, 13.32, 10.26, 11.71, 14.22, 6.66, 10.15, 10.85, 9.81, 14.21, 8.2, 11.73, 12.72, 6.52, 5.63, 13.98, 9.02, 4.59, 17.4, 15.62, 21.03, 77.89], [0, 11.19, 13.68, 11.16, 14.55, 7.43, 10.72, 17.44, 8.15, 0.0, 7.34, 7.93, 13.41, 7.27, 8.15, 5.6, 12.88, 5.23, 12.46, 14.94, 21.59, 15.26, 7.59, 8.95, 14.39, 11.26, 10.17, 7.78, 9.24, 16.0, 12.83, 16.75, 4.58, 10.78, 7.28, 10.96, 6.31, 4.34, 14.91, 16.99, 18.68, 74.48], [0, 7.85, 6.55, 18.03, 21.8, 10.72, 5.22, 12.9, 6.53, 7.34, 0.0, 4.42, 9.02, 11.26, 9.03, 5.2, 5.54, 8.06, 5.65, 7.82, 14.25, 8.18, 8.83, 5.37, 8.13, 4.47, 7.96, 4.32, 6.61, 8.99, 5.79, 9.59, 11.1, 8.77, 9.72, 7.55, 7.81, 10.97, 10.87, 10.19, 14.52, 71.37], [0, 11.8, 9.54, 16.63, 20.96, 6.3, 9.63, 9.66, 10.64, 7.93, 4.42, 0.0, 5.59, 6.84, 12.71, 9.61, 7.69, 5.56, 5.58, 8.24, 15.8, 8.47, 12.38, 9.78, 6.76, 8.24, 7.21, 8.6, 5.49, 9.0, 9.06, 12.21, 9.97, 7.72, 5.3, 11.61, 11.16, 6.72, 7.26, 9.65, 11.06, 67.66], [0, 11.87, 11.21, 20.67, 25.31, 10.91, 12.68, 13.04, 15.55, 13.41, 9.02, 5.59, 0.0, 11.54, 17.96, 7.85, 8.98, 9.87, 5.65, 7.24, 14.52, 7.21, 17.7, 4.49, 10.6, 11.17, 12.34, 13.32, 10.67, 7.16, 11.18, 12.86, 14.65, 10.81, 9.92, 11.67, 16.55, 12.15, 10.61, 6.88, 5.54, 62.36], [0, 10.37, 6.66, 18.4, 21.76, 11.21, 7.7, 15.37, 13.96, 7.27, 11.26, 6.84, 11.54, 0.0, 6.71, 7.04, 6.49, 9.51, 7.65, 9.4, 14.85, 9.78, 6.58, 7.85, 10.31, 13.53, 8.56, 10.34, 7.6, 10.65, 5.76, 9.69, 11.6, 13.29, 11.34, 10.07, 5.74, 10.17, 13.39, 11.99, 17.0, 73.86], [0, 16.44, 12.14, 17.89, 19.9, 7.35, 14.24, 21.92, 10.63, 8.15, 9.03, 12.71, 17.96, 6.71, 0.0, 11.74, 12.75, 12.91, 14.35, 15.92, 20.19, 16.31, 10.39, 13.84, 17.01, 9.72, 10.41, 5.21, 10.58, 17.19, 11.26, 14.72, 12.41, 9.56, 8.2, 16.14, 9.81, 6.04, 19.78, 18.58, 23.5, 80.31], [0, 5.59, 11.37, 14.0, 18.29, 6.69, 5.71, 11.85, 10.24, 5.6, 5.2, 9.61, 7.85, 7.04, 11.74, 0.0, 9.8, 10.83, 8.14, 10.8, 18.22, 11.05, 11.32, 10.56, 9.44, 9.61, 4.57, 8.59, 11.05, 11.62, 10.74, 14.25, 7.29, 9.07, 5.85, 5.36, 10.01, 5.77, 9.31, 12.33, 13.08, 69.16], [0, 9.32, 10.82, 23.43, 27.32, 5.99, 5.8, 11.69, 9.72, 12.88, 5.54, 7.69, 8.98, 6.49, 12.75, 9.8, 0.0, 12.88, 10.65, 10.3, 8.72, 10.47, 12.77, 7.92, 5.7, 10.01, 13.38, 7.58, 11.89, 4.6, 11.29, 4.52, 16.5, 10.53, 5.71, 9.09, 12.12, 9.09, 10.65, 6.07, 13.45, 69.57], [0, 7.41, 14.41, 11.1, 15.57, 9.28, 8.54, 13.58, 12.06, 5.23, 8.06, 5.56, 9.87, 9.51, 12.91, 10.83, 12.88, 0.0, 11.13, 13.8, 21.29, 14.03, 12.4, 6.06, 12.17, 12.53, 12.77, 10.81, 9.45, 14.56, 13.75, 17.32, 4.79, 11.99, 8.58, 7.27, 11.07, 7.48, 10.97, 15.15, 14.53, 69.45], [0, 6.22, 5.56, 22.13, 26.35, 7.02, 10.87, 8.52, 11.51, 12.46, 5.65, 5.58, 5.65, 7.65, 14.35, 8.14, 10.65, 11.13, 0.0, 10.66, 10.26, 10.99, 14.24, 5.39, 11.5, 5.88, 12.37, 9.21, 10.71, 11.79, 5.59, 7.4, 15.35, 5.63, 6.29, 6.03, 13.34, 9.49, 7.32, 4.57, 10.27, 66.78], [0, 8.44, 5.1, 24.79, 28.98, 8.82, 5.44, 9.04, 12.93, 14.94, 7.82, 8.24, 7.24, 9.4, 15.92, 10.8, 10.3, 13.8, 10.66, 0.0, 7.69, 10.52, 15.89, 7.99, 12.94, 6.53, 14.98, 10.71, 13.34, 11.32, 5.55, 5.78, 17.98, 6.5, 8.29, 8.29, 15.13, 11.65, 8.59, 12.06, 10.76, 66.34], [0, 16.04, 8.24, 32.08, 36.03, 14.46, 13.11, 14.97, 17.18, 21.59, 14.25, 15.8, 14.52, 14.85, 20.19, 18.22, 8.72, 21.29, 10.26, 7.69, 0.0, 7.56, 20.36, 15.65, 10.43, 10.81, 22.07, 15.46, 20.53, 7.39, 9.15, 5.47, 25.17, 11.16, 14.35, 15.92, 20.03, 17.67, 15.46, 7.77, 16.42, 67.97], [0, 8.51, 5.42, 25.05, 29.26, 9.2, 5.61, 8.84, 13.32, 15.26, 8.18, 8.47, 7.21, 9.78, 16.31, 11.05, 10.47, 14.03, 10.99, 10.52, 7.56, 0.0, 16.27, 8.17, 13.26, 6.91, 15.27, 11.1, 13.62, 11.65, 5.9, 5.95, 18.26, 6.88, 8.66, 8.38, 15.52, 12.01, 8.49, 12.24, 10.55, 66.01], [0, 16.11, 12.26, 17.31, 19.36, 7.22, 14.01, 21.67, 10.26, 7.59, 8.83, 12.38, 17.7, 6.58, 10.39, 11.32, 12.77, 12.4, 14.24, 15.89, 20.36, 16.27, 0.0, 13.51, 16.88, 9.79, 9.86, 5.19, 10.07, 17.16, 11.36, 14.91, 11.83, 9.61, 8.03, 15.82, 9.79, 5.67, 19.5, 18.53, 23.24, 80.02], [0, 11.61, 9.91, 17.16, 21.6, 7.29, 10.58, 8.56, 11.71, 8.95, 5.37, 9.78, 4.49, 7.85, 13.84, 10.56, 7.92, 6.06, 5.39, 7.99, 15.65, 8.17, 13.51, 0.0, 6.11, 8.86, 8.06, 9.63, 6.35, 8.61, 9.52, 12.41, 10.67, 8.37, 6.27, 11.42, 12.3, 7.86, 6.12, 9.1, 9.93, 66.52], [0, 5.73, 7.84, 23.27, 27.69, 9.66, 11.11, 6.01, 14.22, 14.39, 8.13, 6.76, 10.6, 10.31, 17.01, 9.44, 5.7, 12.17, 11.5, 12.94, 10.43, 13.26, 16.88, 6.11, 0.0, 8.55, 13.95, 11.91, 12.24, 10.3, 8.05, 8.98, 16.72, 8.34, 8.86, 5.66, 15.92, 11.89, 5.37, 11.78, 7.76, 64.05], [0, 10.89, 11.02, 22.28, 25.8, 11.33, 7.46, 14.39, 6.66, 11.26, 4.47, 8.24, 11.17, 13.53, 9.72, 9.61, 10.01, 12.53, 5.88, 6.53, 10.81, 6.91, 9.79, 8.86, 8.55, 0.0, 12.26, 4.69, 11.03, 7.79, 10.27, 5.58, 15.38, 9.14, 12.17, 10.61, 9.29, 7.04, 12.98, 9.27, 16.13, 72.59], [0, 9.97, 14.5, 10.07, 14.01, 8.56, 10.21, 16.25, 10.15, 10.17, 7.96, 7.21, 12.34, 8.56, 10.41, 4.57, 13.38, 12.77, 12.37, 14.98, 22.07, 15.27, 9.86, 8.06, 13.95, 12.26, 0.0, 9.43, 11.17, 15.93, 13.72, 17.55, 11.86, 11.75, 8.16, 9.77, 8.56, 5.89, 13.66, 16.75, 17.35, 72.6], [0, 12.16, 7.24, 18.91, 21.96, 10.94, 9.46, 17.11, 10.85, 7.78, 4.32, 8.6, 13.32, 10.34, 5.21, 8.59, 7.58, 10.81, 9.21, 10.71, 15.46, 11.1, 5.19, 9.63, 11.91, 4.69, 9.43, 0.0, 8.73, 11.99, 6.33, 10.1, 12.31, 4.45, 11.66, 11.86, 4.6, 9.03, 15.17, 13.38, 18.76, 75.62], [0, 8.34, 13.15, 11.55, 15.64, 7.49, 8.5, 14.62, 9.81, 9.24, 6.61, 5.49, 10.67, 7.6, 10.58, 11.05, 11.89, 9.45, 10.71, 13.34, 20.53, 13.62, 10.07, 6.35, 12.24, 11.03, 11.17, 8.73, 0.0, 14.26, 12.4, 16.16, 4.66, 10.5, 6.94, 8.13, 8.74, 5.28, 12.05, 15.05, 15.78, 71.38], [0, 8.68, 6.23, 25.62, 29.88, 10.06, 6.05, 8.37, 14.21, 16.0, 8.99, 9.0, 7.16, 10.65, 17.19, 11.62, 4.6, 14.56, 11.79, 11.32, 7.39, 11.65, 17.16, 8.61, 10.3, 7.79, 15.93, 11.99, 14.26, 0.0, 6.75, 6.46, 18.88, 7.77, 9.5, 8.58, 16.39, 12.84, 8.28, 10.67, 10.05, 65.21], [0, 11.26, 10.65, 23.77, 27.38, 5.45, 7.73, 14.04, 8.2, 12.83, 5.79, 9.06, 11.18, 5.76, 11.26, 10.74, 11.29, 13.75, 5.59, 5.55, 9.15, 5.9, 11.36, 9.52, 8.05, 10.27, 13.72, 6.33, 12.4, 6.75, 0.0, 11.33, 16.85, 10.78, 5.59, 11.0, 10.92, 8.67, 12.9, 8.24, 15.79, 71.88], [0, 13.62, 10.88, 27.62, 31.3, 9.39, 10.17, 14.79, 11.73, 16.75, 9.59, 12.21, 12.86, 9.69, 14.72, 14.25, 4.52, 17.32, 7.4, 5.78, 5.47, 5.95, 14.91, 12.41, 8.98, 5.58, 17.55, 10.1, 16.16, 6.46, 11.33, 0.0, 20.69, 6.01, 9.48, 13.41, 14.62, 12.61, 14.33, 7.74, 16.49, 71.11], [0, 12.2, 17.64, 6.94, 11.01, 11.64, 13.01, 18.36, 12.72, 4.58, 11.1, 9.97, 14.65, 11.6, 12.41, 7.29, 16.5, 4.79, 15.35, 17.98, 25.17, 18.26, 11.83, 10.67, 16.72, 15.38, 11.86, 12.31, 4.66, 18.88, 16.85, 20.69, 0.0, 14.87, 11.28, 12.05, 10.64, 8.79, 15.75, 19.62, 19.26, 73.3], [0, 10.44, 11.19, 21.77, 25.32, 11.19, 7.05, 14.11, 6.52, 10.78, 8.77, 7.72, 10.81, 13.29, 9.56, 9.07, 10.53, 11.99, 5.63, 6.5, 11.16, 6.88, 9.61, 8.37, 8.34, 9.14, 11.75, 4.45, 10.5, 7.77, 10.78, 6.01, 14.87, 0.0, 11.92, 10.16, 9.04, 6.6, 12.63, 9.23, 15.85, 72.39], [0, 8.77, 6.41, 18.19, 21.82, 10.3, 6.1, 13.78, 5.63, 7.28, 9.72, 5.3, 9.92, 11.34, 8.2, 5.85, 5.71, 8.58, 6.29, 8.29, 14.35, 8.66, 8.03, 6.27, 8.86, 12.17, 8.16, 11.66, 6.94, 9.5, 5.59, 9.48, 11.28, 11.92, 0.0, 8.47, 7.06, 10.22, 11.77, 10.76, 15.4, 72.26], [0, 10.95, 11.25, 18.14, 22.75, 9.49, 11.07, 6.5, 13.98, 10.96, 7.55, 11.61, 11.67, 10.07, 16.14, 5.36, 9.09, 7.27, 6.03, 8.29, 15.92, 8.38, 15.82, 11.42, 5.66, 10.61, 9.77, 11.86, 8.13, 8.58, 11.0, 13.41, 12.05, 10.16, 8.47, 0.0, 14.6, 10.17, 11.02, 8.69, 7.75, 64.22], [0, 14.89, 11.83, 16.35, 18.65, 6.34, 12.92, 20.55, 9.02, 6.31, 7.81, 11.16, 16.55, 5.74, 9.81, 10.01, 12.12, 11.07, 13.34, 15.13, 20.03, 15.52, 9.79, 12.3, 15.92, 9.29, 8.56, 4.6, 8.74, 16.39, 10.92, 14.62, 10.64, 9.04, 7.06, 14.6, 0.0, 4.43, 18.33, 17.72, 22.09, 78.82], [0, 10.46, 9.55, 15.5, 18.8, 9.25, 8.64, 16.19, 4.59, 4.34, 10.97, 6.72, 12.15, 10.17, 6.04, 5.77, 9.09, 7.48, 9.49, 11.65, 17.67, 12.01, 5.67, 7.86, 11.89, 7.04, 5.89, 9.03, 5.28, 12.84, 8.67, 12.61, 8.79, 6.6, 10.22, 10.17, 4.43, 0.0, 13.92, 14.04, 17.69, 74.38], [0, 11.1, 12.88, 21.43, 26.16, 12.76, 5.74, 11.38, 17.4, 14.91, 10.87, 7.26, 10.61, 13.39, 19.78, 9.31, 10.65, 10.97, 7.32, 8.59, 15.46, 8.49, 19.5, 6.12, 5.37, 12.98, 13.66, 15.17, 12.05, 8.28, 12.9, 14.33, 15.75, 12.63, 11.77, 11.02, 18.33, 13.92, 0.0, 7.69, 13.13, 60.54], [0, 8.74, 7.71, 26.25, 30.62, 11.38, 6.62, 7.38, 15.62, 16.99, 10.19, 9.65, 6.88, 11.99, 18.58, 12.33, 6.07, 15.15, 4.57, 12.06, 7.77, 12.24, 18.53, 9.1, 11.78, 9.27, 16.75, 13.38, 15.05, 10.67, 8.24, 7.74, 19.62, 9.23, 10.76, 8.69, 17.72, 14.04, 7.69, 0.0, 8.97, 63.74], [0, 7.5, 15.6, 24.56, 29.34, 16.36, 9.31, 13.77, 21.03, 18.68, 14.52, 11.06, 5.54, 17.0, 23.5, 13.08, 13.45, 14.53, 10.27, 10.76, 16.42, 10.55, 23.24, 9.93, 7.76, 16.13, 17.35, 18.76, 15.78, 10.05, 15.79, 16.49, 19.26, 15.85, 15.4, 7.75, 22.09, 17.69, 13.13, 8.97, 0.0, 56.86], [0, 0, 0, 0, 0, 0, 0, 0, 0, 0, 0, 0, 0, 0, 0, 0, 0, 0, 0, 0, 0, 0, 0, 0, 0, 0, 0, 0, 0, 0, 0, 0, 0, 0, 0, 0, 0, 0, 0, 0, 0, 0]], "end_depot": 41, "horizon": [0.0, 2000.0], "instance_name": "40_80_B_50_A1", "speed_zone_count": 73, "speed_zones": [[0.0, 15.0], [15.0, 30.0], [30.0, 45.0], [45.0, 60.0], [60.0, 75.0], [75.0, 90.0], [90.0, 105.0], [105.0, 120.0], [120.0, 135.0], [135.0, 150.0], [150.0, 165.0], [165.0, 180.0], [180.0, 195.0], [195.0, 210.0], [210.0, 225.0], [225.0, 240.0], [240.0, 255.0], [255.0, 270.0], [270.0, 285.0], [285.0, 300.0], [300.0, 315.0], [315.0, 330.0], [330.0, 345.0], [345.0, 360.0], [360.0, 375.0], [375.0, 390.0], [390.0, 405.0], [405.0, 420.0], [420.0, 435.0], [435.0, 450.0], [450.0, 465.0], [465.0, 480.0], [480.0, 495.0], [495.0, 510.0], [510.0, 525.0], [525.0, 540.0], [540.0, 555.0], [555.0, 570.0], [570.0, 585.0], [585.0, 600.0], [600.0, 615.0], [615.0, 630.0], [630.0, 645.0], [645.0, 660.0], [660.0, 675.0], [675.0, 690.0], [690.0, 705.0], [705.0, 720.0], [720.0, 735.0], [735.0, 750.0], [750.0, 765.0], [765.0, 780.0], [780.0, 795.0], [795.0, 810.0], [810.0, 825.0], [825.0, 840.0], [840.0, 855.0], [855.0, 870.0], [870.0, 885.0], [885.0, 900.0], [900.0, 915.0], [915.0, 930.0], [930.0, 945.0], [945.0, 960.0], [960.0, 975.0], [975.0, 990.0], [990.0, 1005.0], [1005.0, 1020.0], [1020.0, 1035.0], [1035.0, 1050.0], [1050.0, 1065.0], [1065.0, 1080.0], [1080.0, 2000.0]], "start_depot": 0, "time_windows": [[0.0, 1700.0], [16.0, 111.0], [25.0, 129.0], [44.0, 168.0], [50.0, 180.0], [80.0, 239.0], [95.0, 269.0], [108.0, 296.0], [137.0, 354.0], [147.0, 374.0], [155.0, 390.0], [160.0, 399.0], [164.0, 408.0], [174.0, 427.0], [179.0, 438.0], [188.0, 455.0], [199.0, 477.0], [216.0, 512.0], [234.0, 547.0], [251.0, 581.0], [259.0, 598.0], [268.0, 615.0], [284.0, 647.0], [294.0, 668.0], [299.0, 678.0], [306.0, 691.0], [314.0, 708.0], [321.0, 721.0], [327.0, 734.0], [336.0, 752.0], [341.0, 761.0], [352.0, 783.0], [372.0, 824.0], [393.0, 865.0], [407.0, 893.0], [417.0, 914.0], [433.0, 945.0], [437.0, 953.0], [451.0, 981.0], [458.0, 995.0], [465.0, 1010.0], [0.0, 1700.0]], "vehicle_count": 1}