{"cluster_count": 3, "cluster_speeds": [[0.8325, 0.765, 0.8325, 0.9, 0.74925, 0.6885, 0.74925, 0.81, 0.41625, 0.3825, 0.41625, 0.45, 0.274725, 0.25245, 0.274725, 0.297, 0.333, 0.306, 0.333, 0.36, 0.4995, 0.459, 0.4995, 0.54, 0.6475, 0.595, 0.6475, 0.7, 0.37, 0.34, 0.37, 0.4, 0.30525, 0.2805, 0.30525, 0.33, 0.4625, 0.425, 0.4625, 0.5, 0.6475, 0.595, 0.6475, 0.7, 0.74, 0.68, 0.74, 0.8, 0.58275, 0.5355, 0.58275, 0.63, 0.41625, 0.3825, 0.41625, 0.45, 0.4995, 0.459, 0.4995, 0.54, 0.58275, 0.5355, 0.58275, 0.63, 0.74925, 0.6885, 0.74925, 0.81, 0.8325, 0.765, 0.8325, 0.9, 0.9], [0.87875, 0.8075, 0.87875, 0.95, 0.790875, 0.72675, 0.790875, 0.855, 0.439375, 0.40375, 0.439375, 0.475, 0.289988, 0.266475, 0.289988, 0.3135, 0.3515, 0.323, 0.3515, 0.38, 0.52725, 0.4845, 0.52725, 0.57, 0.6475, 0.595, 0.6475, 0.7, 0.37, 0.34, 0.37, 0.4, 0.30525, 0.2805, 0.30525, 0.33, 0.4625, 0.425, 0.4625, 0.5, 0.6475, 0.595, 0.6475, 0.7, 0.74, 0.68, 0.74, 0.8, 0.615125, 0.56525, 0.615125, 0.665, 0.439375, 0.40375, 0.439375, 0.475, 0.52725, 0.4845, 0.52725, 0.57, 0.615125, 0.56525, 0.615125, 0.665, 0.790875, 0.72675, 0.790875, 0.855, 0.87875, 0.8075, 0.87875, 0.95, 0.95], [0.925, 0.85, 0.925, 1.0, 0.8325, 0.765, 0.8325, 0.9, 0.4625, 0.425, 0.4625, 0.5, 0.30525, 0.2805, 0.30525, 0.33, 0.37, 0.34, 0.37, 0.4, 0.555, 0.51, 0.555, 0.6, 0.6475, 0.595, 0.6475, 0.7, 0.37, 0.34, 0.37, 0.4, 0.30525, 0.2805, 0.30525, 0.33, 0.4625, 0.425, 0.4625, 0.5, 0.6475, 0.595, 0.6475, 0.7, 0.74, 0.68, 0.74, 0.8, 0.6475, 0.595, 0.6475, 0.7, 0.4625, 0.425, 0.4625, 0.5, 0.555, 0.51, 0.555, 0.6, 0.6475, 0.595, 0.6475, 0.7, 0.8325, 0.765, 0.8325, 0.9, 0.925, 0.85, 0.925, 1.0, 1.0]], "clusters": [[-1, 2, 2, 2, 2, 2, 2, 2, 2, 2, 2, 2, 2, 2, 2, 2, 2, 2, 2, 2, 2, 2, 2, 2, 2, 2, 2, 2, 2, 2, 2, 2, 2, 2, 2, 2, 2, 2, 2, 2, 2, -1], [0, -1, 0, 0, 0, 0, 0, 0, 0, 0, 0, 0, 0, 0, 0, 0, 0, 0, 0, 0, 0, 0, 0, 0, 0, 0, 0, 0, 0, 0, 0, 0, 0, 0, 0, 0, 0, 0, 0, 0, 0, 0], [0, 0, -1, 0, 0, 0, 0, 0, 0, 0, 0, 0, 0, 0, 0, 0, 0, 0, 0, 0, 0, 0, 0, 0, 0, 0, 0, 0, 0, 0, 0, 0, 0, 0, 0, 0, 0, 0, 0, 0, 0, 0], [0, 0, 0, -1, 0, 0, 0, 0, 0, 0, 0, 0, 0, 0, 0, 0, 0, 0, 0, 0, 0, 0, 0, 0, 0, 0, 0, 0, 0, 0, 0, 0, 0, 0, 0, 0, 0, 0, 0, 0, 0, 0], [0, 0, 0, 0, -1, 0, 0, 0, 0, 0, 0, 0, 0, 0, 0, 0, 0, 0, 0, 0, 0, 0, 0, 0, 0, 0, 0, 0, 0, 0, 0, 0, 0, 0, 0, 0, 0, 0, 0, 0, 0, 0], [0, 0, 0, 0, 0, -1, 0, 0, 0, 0, 0, 0, 0, 0, 0, 0, 0, 0, 0, 0, 0, 0, 0, 0, 0, 0, 0, 0, 0, 0, 0, 0, 0, 0, 0, 0, 0, 0, 0, 0, 0, 0], [0, 0, 0, 0, 0, 0, -1, 0, 0, 0, 0, 0, 0, 0, 0, 0, 0, 0, 0, 0, 0, 0, 0, 0, 0, 0, 0, 0, 0, 0, 0, 0, 0, 0, 0, 0, 0, 0, 0, 0, 0, 0], [0, 0, 0, 0, 0, 0, 0, -1, 0, 0, 0, 0, 0, 0, 0, 0, 0, 0, 0, 0, 0, 0, 0, 0, 0, 0, 0, 0, 0, 0, 0, 0, 0, 0, 0, 0, 0, 0, 0, 0, 0, 0], [0, 0, 0, 0, 0, 0, 0, 0, -1, 0, 0, 0, 0, 0, 0, 0, 0, 0, 0, 0, 0, 0, 0, 0, 0, 0, 0, 0, 0, 0, 0, 0, 0, 0, 0, 0, 0, 0, 0, 0, 0, 0], [2, 2, 2, 2, 2, 2, 2, 2, 2, -1, 2, 2, 2, 2, 2, 2, 2, 2, 2, 2, 2, 2, 2, 2, 2, 2, 2, 2, 2, 2, 2, 2, 2, 2, 2, 2, 2, 2, 2, 2, 2, 2], [0, 0, 0, 0, 0, 0, 0, 0, 0, 0, -1, 0, 0, 0, 0, 0, 0, 0, 0, 0, 0, 0, 0, 0, 0, 0, 0, 0, 0, 0, 0, 0, 0, 0, 0, 0, 0, 0, 0, 0, 0, 0], [0, 0, 0, 0, 0, 0, 0, 0, 0, 0, 0, -1, 0, 0, 0, 0, 0, 0, 0, 0, 0, 0, 0, 0, 0, 0, 0, 0, 0, 0, 0, 0, 0, 0, 0, 0, 0, 0, 0, 0, 0, 0], [0, 0, 0, 0, 0, 0, 0, 0, 0, 0, 0, 0, -1, 0, 0, 0, 0, 0, 0, 0, 0, 0, 0, 0, 0, 0, 0, 0, 0, 0, 0, 0, 0, 0, 0, 0, 0, 0, 0, 0, 0, 0], [0, 0, 0, 0, 0, 0, 0, 0, 0, 0, 0, 0, 0, -1, 0, 0, 0, 0, 0, 0, 0, 0, 0, 0, 0, 0, 0, 0, 0, 0, 0, 0, 0, 0, 0, 0, 0, 0, 0, 0, 0, 0], [0, 0, 0, 0, 0, 0, 0, 0, 0, 0, 0, 0, 0, 0, -1, 0, 0, 0, 0, 0, 0, 0, 0, 0, 0, 0, 0, 0, 0, 0, 0, 0, 0, 0, 0, 0, 0, 0, 0, 0, 0, 0], [0, 0, 0, 0, 0, 0, 0, 0, 0, 0, 0, 0, 0, 0, 0, -1, 0, 0, 0, 0, 0, 0, 0, 0, 0, 0, 0, 0, 0, 0, 0, 0, 0, 0, 0, 0, 0, 0, 0, 0, 0, 0], [0, 0, 0, 0, 0, 0, 0, 0, 0, 0, 0, 0, 0, 0, 0, 0, -1, 0, 0, 0, 0, 0, 0, 0, 0, 0, 0, 0, 0, 0, 0, 0, 0, 0, 0, 0, 0, 0, 0, 0, 0, 0], [1, 1, 1, 1, 1, 1, 1, 1, 1, 1, 1, 1, 1, 1, 1, 1, 1, -1, 1, 1, 1, 1, 1, 1, 1, 1, 1, 1, 1, 1, 1, 1, 1, 1, 1, 1, 1, 1, 1, 1, 1, 1], [0, 0, 0, 0, 0, 0, 0, 0, 0, 0, 0, 0, 0, 0, 0, 0, 0, 0, -1, 0, 0, 0, 0, 0, 0, 0, 0, 0, 0, 0, 0, 0, 0, 0, 0, 0, 0, 0, 0, 0, 0, 0], [0, 0, 0, 0, 0, 0, 0, 0, 0, 0, 0, 0, 0, 0, 0, 0, 0, 0, 0, -1, 0, 0, 0, 0, 0, 0, 0, 0, 0, 0, 0, 0, 0, 0, 0, 0, 0, 0, 0, 0, 0, 0], [0, 0, 0, 0, 0, 0, 0, 0, 0, 0, 0, 0, 0, 0, 0, 0, 0, 0, 0, 0, -1, 0, 0, 0, 0, 0, 0, 0, 0, 0, 0, 0, 0, 0, 0, 0, 0, 0, 0, 0, 0, 0], [0, 0, 0, 0, 0, 0, 0, 0, 0, 0, 0, 0, 0, 0, 0, 0, 0, 0, 0, 0, 0, -1, 0, 0, 0, 0, 0, 0, 0, 0, 0, 0, 0, 0, 0, 0, 0, 0, 0, 0, 0, 0], [0, 0, 0, 0, 0, 0, 0, 0, 0, 0, 0, 0, 0, 0, 0, 0, 0, 0, 0, 0, 0, 0, -1, 0, 0, 0, 0, 0, 0, 0, 0, 0, 0, 0, 0, 0, 0, 0, 0, 0, 0, 0], [0, 0, 0, 0, 0, 0, 0, 0, 0, 0, 0, 0, 0, 0, 0, 0, 0, 0, 0, 0, 0, 0, 0, -1, 0, 0, 0, 0, 0, 0, 0, 0, 0, 0, 0, 0, 0, 0, 0, 0, 0, 0], [0, 0, 0, 0, 0, 0, 0, 0, 0, 0, 0, 0, 0, 0, 0, 0, 0, 0, 0, 0, 0, 0, 0, 0, -1, 0, 0, 0, 0, 0, 0, 0, 0, 0, 0, 0, 0, 0, 0, 0, 0, 0], [0, 0, 0, 0, 0, 0, 0, 0, 0, 0, 0, 0, 0, 0, 0, 0, 0, 0, 0, 0, 0, 0, 0, 0, 0, -1, 0, 0, 0, 0, 0, 0, 0, 0, 0, 0, 0, 0, 0, 0, 0, 0], [0, 0, 0, 0, 0, 0, 0, 0, 0, 0, 0, 0, 0, 0, 0, 0, 0, 0, 0, 0, 0, 0, 0, 0, 0, 0, -1, 0, 0, 0, 0, 0, 0, 0, 0, 0, 0, 0, 0, 0, 0, 0], [0, 0, 0, 0, 0, 0, 0, 0, 0, 0, 0, 0, 0, 0, 0, 0, 0, 0, 0, 0, 0, 0, 0, 0, 0, 0, 0, -1, 0, 0, 0, 0, 0, 0, 0, 0, 0, 0, 0, 0, 0, 0], [0, 0, 0, 0, 0, 0, 0, 0, 0, 0, 0, 0, 0, 0, 0, 0, 0, 0, 0, 0, 0, 0, 0, 0, 0, 0, 0, 0, -1, 0, 0, 0, 0, 0, 0, 0, 0, 0, 0, 0, 0, 0], [0, 0, 0, 0, 0, 0, 0, 0, 0, 0, 0, 0, 0, 0, 0, 0, 0, 0, 0, 0, 0, 0, 0, 0, 0, 0, 0, 0, 0, -1, 0, 0, 0, 0, 0, 0, 0, 0, 0, 0, 0, 0], [0, 0, 0, 0, 0, 0, 0, 0, 0, 0, 0, 0, 0, 0, 0, 0, 0, 0, 0, 0, 0, 0, 0, 0, 0, 0, 0, 0, 0, 0, -1, 0, 0, 0, 0, 0, 0, 0, 0, 0, 0, 0], [0, 0, 0, 0, 0, 0, 0, 0, 0, 0, 0, 0, 0, 0, 0, 0, 0, 0, 0, 0, 0, 0, 0, 0, 0, 0, 0, 0, 0, 0, 0, -1, 0, 0, 0, 0, 0, 0, 0, 0, 0, 0], [0, 0, 0, 0, 0, 0, 0, 0, 0, 0, 0, 0, 0, 0, 0, 0, 0, 0, 0, 0, 0, 0, 0, 0, 0, 0, 0, 0, 0, 0, 0, 0, -1, 0, 0, 0, 0, 0, 0, 0, 0, 0], [0, 0, 0, 0, 0, 0, 0, 0, 0, 0, 0, 0, 0, 0, 0, 0, 0, 0, 0, 0, 0, 0, 0, 0, 0, 0, 0, 0, 0, 0, 0, 0, 0, -1, 0, 0, 0, 0, 0, 0, 0, 0], [0, 0, 0, 0, 0, 0, 0, 0, 0, 0, 0, 0, 0, 0, 0, 0, 0, 0, 0, 0, 0, 0, 0, 0, 0, 0, 0, 0, 0, 0, 0, 0, 0, 0, -1, 0, 0, 0, 0, 0, 0, 0], [0, 0, 0, 0, 0, 0, 0, 0, 0, 0, 0, 0, 0, 0, 0, 0, 0, 0, 0, 0, 0, 0, 0, 0, 0, 0, 0, 0, 0, 0, 0, 0, 0, 0, 0, -1, 0, 0, 0, 0, 0, 0], [0, 0, 0, 0, 0, 0, 0, 0, 0, 0, 0, 0, 0, 0, 0, 0, 0, 0, 0, 0, 0, 0, 0, 0, 0, 0, 0, 0, 0, 0, 0, 0, 0, 0, 0, 0, -1, 0, 0, 0, 0, 0], [0, 0, 0, 0, 0, 0, 0, 0, 0, 0, 0, 0, 0, 0, 0, 0, 0, 0, 0, 0, 0, 0, 0, 0, 0, 0, 0, 0, 0, 0, 0, 0, 0, 0, 0, 0, 0, -1, 0, 0, 0, 0], [0, 0, 0, 0, 0, 0, 0, 0, 0, 0, 0, 0, 0, 0, 0, 0, 0, 0, 0, 0, 0, 0, 0, 0, 0, 0, 0, 0, 0, 0, 0, 0, 0, 0, 0, 0, 0, 0, -1, 0, 0, 0], [0, 0, 0, 0, 0, 0, 0, 0, 0, 0, 0, 0, 0, 0, 0, 0, 0, 0, 0, 0, 0, 0, 0, 0, 0, 0, 0, 0, 0, 0, 0, 0, 0, 0, 0, 0, 0, 0, 0, -1, 0, 0], [0, 0, 0, 0, 0, 0, 0, 0, 0, 0, 0, 0, 0, 0, 0, 0, 0, 0, 0, 0, 0, 0, 0, 0, 0, 0, 0, 0, 0, 0, 0, 0, 0, 0, 0, 0, 0, 0, 0, 0, -1, 0], [-1, 2, 2, 2, 2, 2, 2, 2, 2, 2, 2, 2, 2, 2, 2, 2, 2, 2, 2, 2, 2, 2, 2, 2, 2, 2, 2, 2, 2, 2, 2, 2, 2, 2, 2, 2, 2, 2, 2, 2, 2, -1]], "dataset_name": "guerriero_et_al_2014b", "digraph": {"arc_count": 1640, "arcs": [[0, 1, 1, 1, 1, 1, 1, 1, 1, 1, 1, 1, 1, 1, 1, 1, 1, 1, 1, 1, 1, 1, 1, 1, 1, 1, 1, 1, 1, 1, 1, 1, 1, 1, 1, 1, 1, 1, 1, 1, 1, 0], [0, 0, 1, 1, 1, 1, 1, 1, 1, 1, 1, 1, 1, 1, 1, 1, 1, 1, 1, 1, 1, 1, 1, 1, 1, 1, 1, 1, 1, 1, 1, 1, 1, 1, 1, 1, 1, 1, 1, 1, 1, 1], [0, 1, 0, 1, 1, 1, 1, 1, 1, 1, 1, 1, 1, 1, 1, 1, 1, 1, 1, 1, 1, 1, 1, 1, 1, 1, 1, 1, 1, 1, 1, 1, 1, 1, 1, 1, 1, 1, 1, 1, 1, 1], [0, 1, 1, 0, 1, 1, 1, 1, 1, 1, 1, 1, 1, 1, 1, 1, 1, 1, 1, 1, 1, 1, 1, 1, 1, 1, 1, 1, 1, 1, 1, 1, 1, 1, 1, 1, 1, 1, 1, 1, 1, 1], [0, 1, 1, 1, 0, 1, 1, 1, 1, 1, 1, 1, 1, 1, 1, 1, 1, 1, 1, 1, 1, 1, 1, 1, 1, 1, 1, 1, 1, 1, 1, 1, 1, 1, 1, 1, 1, 1, 1, 1, 1, 1], [0, 1, 1, 1, 1, 0, 1, 1, 1, 1, 1, 1, 1, 1, 1, 1, 1, 1, 1, 1, 1, 1, 1, 1, 1, 1, 1, 1, 1, 1, 1, 1, 1, 1, 1, 1, 1, 1, 1, 1, 1, 1], [0, 1, 1, 1, 1, 1, 0, 1, 1, 1, 1, 1, 1, 1, 1, 1, 1, 1, 1, 1, 1, 1, 1, 1, 1, 1, 1, 1, 1, 1, 1, 1, 1, 1, 1, 1, 1, 1, 1, 1, 1, 1], [0, 1, 1, 1, 1, 1, 1, 0, 1, 1, 1, 1, 1, 1, 1, 1, 1, 1, 1, 1, 1, 1, 1, 1, 1, 1, 1, 1, 1, 1, 1, 1, 1, 1, 1, 1, 1, 1, 1, 1, 1, 1], [0, 1, 1, 1, 1, 1, 1, 1, 0, 1, 1, 1, 1, 1, 1, 1, 1, 1, 1, 1, 1, 1, 1, 1, 1, 1, 1, 1, 1, 1, 1, 1, 1, 1, 1, 1, 1, 1, 1, 1, 1, 1], [0, 1, 1, 1, 1, 1, 1, 1, 1, 0, 1, 1, 1, 1, 1, 1, 1, 1, 1, 1, 1, 1, 1, 1, 1, 1, 1, 1, 1, 1, 1, 1, 1, 1, 1, 1, 1, 1, 1, 1, 1, 1], [0, 1, 1, 1, 1, 1, 1, 1, 1, 1, 0, 1, 1, 1, 1, 1, 1, 1, 1, 1, 1, 1, 1, 1, 1, 1, 1, 1, 1, 1, 1, 1, 1, 1, 1, 1, 1, 1, 1, 1, 1, 1], [0, 1, 1, 1, 1, 1, 1, 1, 1, 1, 1, 0, 1, 1, 1, 1, 1, 1, 1, 1, 1, 1, 1, 1, 1, 1, 1, 1, 1, 1, 1, 1, 1, 1, 1, 1, 1, 1, 1, 1, 1, 1], [0, 1, 1, 1, 1, 1, 1, 1, 1, 1, 1, 1, 0, 1, 1, 1, 1, 1, 1, 1, 1, 1, 1, 1, 1, 1, 1, 1, 1, 1, 1, 1, 1, 1, 1, 1, 1, 1, 1, 1, 1, 1], [0, 1, 1, 1, 1, 1, 1, 1, 1, 1, 1, 1, 1, 0, 1, 1, 1, 1, 1, 1, 1, 1, 1, 1, 1, 1, 1, 1, 1, 1, 1, 1, 1, 1, 1, 1, 1, 1, 1, 1, 1, 1], [0, 1, 1, 1, 1, 1, 1, 1, 1, 1, 1, 1, 1, 1, 0, 1, 1, 1, 1, 1, 1, 1, 1, 1, 1, 1, 1, 1, 1, 1, 1, 1, 1, 1, 1, 1, 1, 1, 1, 1, 1, 1], [0, 1, 1, 1, 1, 1, 1, 1, 1, 1, 1, 1, 1, 1, 1, 0, 1, 1, 1, 1, 1, 1, 1, 1, 1, 1, 1, 1, 1, 1, 1, 1, 1, 1, 1, 1, 1, 1, 1, 1, 1, 1], [0, 1, 1, 1, 1, 1, 1, 1, 1, 1, 1, 1, 1, 1, 1, 1, 0, 1, 1, 1, 1, 1, 1, 1, 1, 1, 1, 1, 1, 1, 1, 1, 1, 1, 1, 1, 1, 1, 1, 1, 1, 1], [0, 1, 1, 1, 1, 1, 1, 1, 1, 1, 1, 1, 1, 1, 1, 1, 1, 0, 1, 1, 1, 1, 1, 1, 1, 1, 1, 1, 1, 1, 1, 1, 1, 1, 1, 1, 1, 1, 1, 1, 1, 1], [0, 1, 1, 1, 1, 1, 1, 1, 1, 1, 1, 1, 1, 1, 1, 1, 1, 1, 0, 1, 1, 1, 1, 1, 1, 1, 1, 1, 1, 1, 1, 1, 1, 1, 1, 1, 1, 1, 1, 1, 1, 1], [0, 1, 1, 1, 1, 1, 1, 1, 1, 1, 1, 1, 1, 1, 1, 1, 1, 1, 1, 0, 1, 1, 1, 1, 1, 1, 1, 1, 1, 1, 1, 1, 1, 1, 1, 1, 1, 1, 1, 1, 1, 1], [0, 1, 1, 1, 1, 1, 1, 1, 1, 1, 1, 1, 1, 1, 1, 1, 1, 1, 1, 1, 0, 1, 1, 1, 1, 1, 1, 1, 1, 1, 1, 1, 1, 1, 1, 1, 1, 1, 1, 1, 1, 1], [0, 1, 1, 1, 1, 1, 1, 1, 1, 1, 1, 1, 1, 1, 1, 1, 1, 1, 1, 1, 1, 0, 1, 1, 1, 1, 1, 1, 1, 1, 1, 1, 1, 1, 1, 1, 1, 1, 1, 1, 1, 1], [0, 1, 1, 1, 1, 1, 1, 1, 1, 1, 1, 1, 1, 1, 1, 1, 1, 1, 1, 1, 1, 1, 0, 1, 1, 1, 1, 1, 1, 1, 1, 1, 1, 1, 1, 1, 1, 1, 1, 1, 1, 1], [0, 1, 1, 1, 1, 1, 1, 1, 1, 1, 1, 1, 1, 1, 1, 1, 1, 1, 1, 1, 1, 1, 1, 0, 1, 1, 1, 1, 1, 1, 1, 1, 1, 1, 1, 1, 1, 1, 1, 1, 1, 1], [0, 1, 1, 1, 1, 1, 1, 1, 1, 1, 1, 1, 1, 1, 1, 1, 1, 1, 1, 1, 1, 1, 1, 1, 0, 1, 1, 1, 1, 1, 1, 1, 1, 1, 1, 1, 1, 1, 1, 1, 1, 1], [0, 1, 1, 1, 1, 1, 1, 1, 1, 1, 1, 1, 1, 1, 1, 1, 1, 1, 1, 1, 1, 1, 1, 1, 1, 0, 1, 1, 1, 1, 1, 1, 1, 1, 1, 1, 1, 1, 1, 1, 1, 1], [0, 1, 1, 1, 1, 1, 1, 1, 1, 1, 1, 1, 1, 1, 1, 1, 1, 1, 1, 1, 1, 1, 1, 1, 1, 1, 0, 1, 1, 1, 1, 1, 1, 1, 1, 1, 1, 1, 1, 1, 1, 1], [0, 1, 1, 1, 1, 1, 1, 1, 1, 1, 1, 1, 1, 1, 1, 1, 1, 1, 1, 1, 1, 1, 1, 1, 1, 1, 1, 0, 1, 1, 1, 1, 1, 1, 1, 1, 1, 1, 1, 1, 1, 1], [0, 1, 1, 1, 1, 1, 1, 1, 1, 1, 1, 1, 1, 1, 1, 1, 1, 1, 1, 1, 1, 1, 1, 1, 1, 1, 1, 1, 0, 1, 1, 1, 1, 1, 1, 1, 1, 1, 1, 1, 1, 1], [0, 1, 1, 1, 1, 1, 1, 1, 1, 1, 1, 1, 1, 1, 1, 1, 1, 1, 1, 1, 1, 1, 1, 1, 1, 1, 1, 1, 1, 0, 1, 1, 1, 1, 1, 1, 1, 1, 1, 1, 1, 1], [0, 1, 1, 1, 1, 1, 1, 1, 1, 1, 1, 1, 1, 1, 1, 1, 1, 1, 1, 1, 1, 1, 1, 1, 1, 1, 1, 1, 1, 1, 0, 1, 1, 1, 1, 1, 1, 1, 1, 1, 1, 1], [0, 1, 1, 1, 1, 1, 1, 1, 1, 1, 1, 1, 1, 1, 1, 1, 1, 1, 1, 1, 1, 1, 1, 1, 1, 1, 1, 1, 1, 1, 1, 0, 1, 1, 1, 1, 1, 1, 1, 1, 1, 1], [0, 1, 1, 1, 1, 1, 1, 1, 1, 1, 1, 1, 1, 1, 1, 1, 1, 1, 1, 1, 1, 1, 1, 1, 1, 1, 1, 1, 1, 1, 1, 1, 0, 1, 1, 1, 1, 1, 1, 1, 1, 1], [0, 1, 1, 1, 1, 1, 1, 1, 1, 1, 1, 1, 1, 1, 1, 1, 1, 1, 1, 1, 1, 1, 1, 1, 1, 1, 1, 1, 1, 1, 1, 1, 1, 0, 1, 1, 1, 1, 1, 1, 1, 1], [0, 1, 1, 1, 1, 1, 1, 1, 1, 1, 1, 1, 1, 1, 1, 1, 1, 1, 1, 1, 1, 1, 1, 1, 1, 1, 1, 1, 1, 1, 1, 1, 1, 1, 0, 1, 1, 1, 1, 1, 1, 1], [0, 1, 1, 1, 1, 1, 1, 1, 1, 1, 1, 1, 1, 1, 1, 1, 1, 1, 1, 1, 1, 1, 1, 1, 1, 1, 1, 1, 1, 1, 1, 1, 1, 1, 1, 0, 1, 1, 1, 1, 1, 1], [0, 1, 1, 1, 1, 1, 1, 1, 1, 1, 1, 1, 1, 1, 1, 1, 1, 1, 1, 1, 1, 1, 1, 1, 1, 1, 1, 1, 1, 1, 1, 1, 1, 1, 1, 1, 0, 1, 1, 1, 1, 1], [0, 1, 1, 1, 1, 1, 1, 1, 1, 1, 1, 1, 1, 1, 1, 1, 1, 1, 1, 1, 1, 1, 1, 1, 1, 1, 1, 1, 1, 1, 1, 1, 1, 1, 1, 1, 1, 0, 1, 1, 1, 1], [0, 1, 1, 1, 1, 1, 1, 1, 1, 1, 1, 1, 1, 1, 1, 1, 1, 1, 1, 1, 1, 1, 1, 1, 1, 1, 1, 1, 1, 1, 1, 1, 1, 1, 1, 1, 1, 1, 0, 1, 1, 1], [0, 1, 1, 1, 1, 1, 1, 1, 1, 1, 1, 1, 1, 1, 1, 1, 1, 1, 1, 1, 1, 1, 1, 1, 1, 1, 1, 1, 1, 1, 1, 1, 1, 1, 1, 1, 1, 1, 1, 0, 1, 1], [0, 1, 1, 1, 1, 1, 1, 1, 1, 1, 1, 1, 1, 1, 1, 1, 1, 1, 1, 1, 1, 1, 1, 1, 1, 1, 1, 1, 1, 1, 1, 1, 1, 1, 1, 1, 1, 1, 1, 1, 0, 1], [0, 0, 0, 0, 0, 0, 0, 0, 0, 0, 0, 0, 0, 0, 0, 0, 0, 0, 0, 0, 0, 0, 0, 0, 0, 0, 0, 0, 0, 0, 0, 0, 0, 0, 0, 0, 0, 0, 0, 0, 0, 0]], "vertex_count": 42}, "distances": [[0, 74.42, 72.51, 73.78, 68.7, 69.65, 69.37, 67.88, 77.21, 47.88, 71.38, 69.15, 73.37, 82.79, 67.11, 63.67, 76.07, 85.14, 70.28, 71.77, 72.39, 71.31, 76.43, 57.18, 57.95, 78.6, 70.18, 70.08, 71.56, 69.99, 68.27, 69.78, 63.91, 61.85, 70.63, 75.62, 71.65, 70.59, 61.02, 76.83, 73.31, 0], [0, 0.0, 10.32, 8.78, 11.12, 9.65, 7.0, 18.0, 4.28, 29.21, 5.63, 5.65, 9.29, 8.46, 11.1, 11.6, 8.72, 15.8, 7.16, 6.8, 9.57, 13.83, 8.55, 19.04, 17.01, 4.34, 4.49, 4.56, 11.16, 5.71, 10.46, 4.69, 11.8, 18.21, 6.01, 6.47, 4.29, 8.59, 13.58, 8.98, 8.54, 74.42], [0, 10.32, 0.0, 4.41, 10.8, 9.42, 5.15, 17.85, 6.14, 27.67, 5.51, 11.54, 9.89, 10.47, 10.43, 10.14, 5.7, 16.55, 5.52, 6.93, 9.84, 14.06, 9.61, 17.58, 15.34, 6.1, 10.3, 8.63, 11.4, 12.38, 9.99, 9.31, 10.47, 17.32, 4.32, 6.36, 10.14, 7.15, 11.82, 5.69, 7.68, 72.51], [0, 8.78, 4.41, 0.0, 7.93, 6.43, 9.35, 14.58, 9.48, 27.52, 9.21, 7.13, 5.86, 9.34, 8.31, 10.17, 9.94, 19.08, 9.89, 9.2, 5.7, 10.27, 5.21, 17.33, 15.87, 6.81, 10.79, 4.22, 7.61, 7.97, 7.47, 4.9, 10.08, 15.5, 8.68, 10.07, 10.98, 11.55, 12.81, 10.1, 11.95, 73.78], [0, 11.12, 10.8, 7.93, 0.0, 9.6, 13.87, 7.09, 10.77, 21.22, 5.48, 11.13, 12.61, 16.63, 9.72, 6.84, 9.52, 26.9, 14.93, 4.54, 11.94, 4.47, 13.05, 11.54, 11.58, 14.74, 7.97, 8.02, 9.01, 12.76, 8.74, 8.71, 6.04, 7.92, 13.88, 17.15, 6.88, 16.75, 10.1, 10.59, 18.16, 68.7], [0, 9.65, 9.42, 6.43, 9.6, 0.0, 12.78, 8.43, 9.3, 22.35, 11.85, 10.05, 11.23, 15.19, 11.38, 6.95, 8.04, 25.43, 13.79, 11.62, 10.6, 5.12, 11.56, 12.48, 12.14, 13.24, 6.73, 6.79, 12.84, 11.61, 10.67, 7.53, 6.29, 9.32, 12.7, 15.76, 5.45, 15.61, 10.24, 9.11, 16.89, 69.65], [0, 7.0, 5.15, 9.35, 13.87, 12.78, 0.0, 20.84, 11.25, 26.58, 9.54, 8.97, 4.74, 14.83, 12.86, 10.4, 10.85, 16.88, 9.42, 11.06, 11.57, 17.84, 8.14, 17.14, 14.18, 9.99, 6.2, 6.11, 15.31, 10.88, 12.85, 5.3, 11.11, 18.69, 9.47, 6.37, 8.23, 10.78, 10.57, 10.81, 5.17, 69.37], [0, 18.0, 17.85, 14.58, 7.09, 8.43, 20.84, 0.0, 16.83, 20.08, 12.42, 18.13, 19.66, 22.23, 8.02, 12.13, 15.69, 33.66, 21.95, 11.22, 19.02, 4.95, 19.79, 12.8, 14.62, 21.26, 15.06, 15.1, 7.19, 19.79, 8.02, 15.78, 11.17, 6.62, 20.93, 24.2, 13.88, 23.76, 14.82, 16.77, 25.24, 67.88], [0, 4.28, 6.14, 9.48, 10.77, 9.3, 11.25, 16.83, 0.0, 30.93, 6.06, 9.59, 6.8, 5.97, 11.46, 13.62, 9.01, 17.22, 11.44, 6.31, 7.15, 12.1, 4.27, 20.75, 19.32, 4.75, 7.22, 7.33, 9.64, 9.93, 10.51, 7.85, 13.52, 18.59, 10.29, 9.87, 5.57, 12.83, 16.21, 9.39, 12.47, 77.21], [0, 29.21, 27.67, 27.52, 21.22, 22.35, 26.58, 20.08, 30.93, 0.0, 24.87, 25.11, 29.07, 36.86, 19.85, 17.6, 29.69, 43.4, 27.81, 24.88, 28.05, 23.46, 31.4, 10.21, 12.46, 33.54, 24.71, 24.65, 23.91, 26.54, 20.97, 24.65, 17.49, 13.98, 27.57, 32.72, 25.54, 28.97, 16.1, 30.62, 31.64, 47.88], [0, 5.63, 5.51, 9.21, 5.48, 11.85, 9.54, 12.42, 6.06, 24.87, 0.0, 6.92, 7.28, 12.01, 5.63, 7.72, 4.81, 21.43, 10.38, 9.07, 6.76, 8.57, 7.6, 14.7, 13.43, 9.4, 10.13, 10.2, 5.92, 8.24, 4.87, 4.31, 7.52, 12.83, 9.21, 11.79, 9.25, 12.17, 10.59, 5.76, 13.13, 71.38], [0, 5.65, 11.54, 7.13, 11.13, 10.05, 8.97, 18.13, 9.59, 25.11, 6.92, 0.0, 4.23, 14.04, 10.17, 8.18, 8.95, 18.37, 8.91, 8.43, 10.99, 15.12, 7.38, 15.32, 12.66, 9.49, 9.15, 9.16, 12.6, 11.36, 10.12, 8.83, 8.78, 16.26, 11.65, 7.66, 5.71, 5.63, 9.02, 9.14, 7.43, 69.15], [0, 9.29, 9.89, 5.86, 12.61, 11.23, 4.74, 19.66, 6.8, 29.07, 7.28, 4.23, 0.0, 10.13, 12.23, 11.67, 6.68, 14.83, 4.68, 8.66, 9.0, 15.8, 10.15, 19.07, 16.66, 5.37, 4.92, 4.93, 13.13, 9.79, 11.8, 4.6, 12.07, 19.07, 9.76, 4.55, 5.81, 6.03, 13.07, 6.39, 6.08, 73.37], [0, 8.46, 10.47, 9.34, 16.63, 15.19, 14.83, 22.23, 5.97, 36.86, 12.01, 14.04, 10.13, 0.0, 17.42, 19.42, 7.24, 13.8, 14.52, 12.25, 10.94, 17.33, 6.73, 26.66, 25.06, 4.9, 12.61, 12.71, 15.13, 13.74, 16.44, 13.02, 19.4, 24.51, 13.62, 10.72, 11.35, 15.36, 21.8, 6.25, 13.91, 82.79], [0, 11.1, 10.43, 8.31, 9.72, 11.38, 12.86, 8.02, 11.46, 19.85, 5.63, 10.17, 12.23, 17.42, 0.0, 4.98, 10.19, 26.86, 14.0, 5.17, 11.46, 6.26, 13.17, 9.94, 9.74, 15.03, 7.37, 7.39, 4.9, 11.86, 9.37, 7.97, 13.05, 7.2, 13.03, 16.76, 6.82, 15.8, 8.22, 11.23, 17.44, 67.11], [0, 11.6, 10.14, 10.17, 6.84, 6.95, 10.4, 12.13, 13.62, 17.6, 7.72, 8.18, 11.67, 19.42, 4.98, 0.0, 12.44, 26.41, 11.67, 8.24, 10.69, 11.22, 13.8, 7.45, 5.71, 15.93, 7.11, 7.05, 9.74, 9.85, 5.88, 7.12, 11.0, 8.42, 11.02, 15.76, 8.08, 13.29, 13.2, 13.26, 15.5, 63.67], [0, 8.72, 5.7, 9.94, 9.52, 8.04, 10.85, 15.69, 9.01, 29.69, 4.81, 8.95, 6.68, 7.24, 10.19, 12.44, 0.0, 18.18, 11.17, 5.04, 6.85, 11.03, 4.73, 19.51, 18.14, 5.66, 6.27, 6.39, 8.51, 9.49, 9.24, 6.99, 12.31, 17.32, 9.98, 10.23, 4.44, 12.68, 15.1, 9.63, 12.6, 76.07], [0, 15.8, 16.55, 19.08, 26.9, 25.43, 16.88, 33.66, 17.22, 43.4, 21.43, 18.37, 14.83, 13.8, 26.86, 26.41, 18.18, 0.0, 15.69, 22.48, 15.76, 29.18, 13.88, 33.68, 30.95, 12.52, 19.72, 19.74, 26.59, 16.86, 26.26, 19.43, 26.87, 33.86, 15.83, 10.71, 20.08, 14.87, 27.31, 17.15, 12.09, 85.14], [0, 7.16, 5.52, 9.89, 14.93, 13.79, 9.42, 21.95, 11.44, 27.81, 10.38, 8.91, 4.68, 14.52, 14.0, 11.67, 11.17, 15.69, 0.0, 11.89, 4.32, 18.8, 7.96, 18.42, 15.44, 9.63, 7.11, 7.03, 16.23, 11.53, 13.94, 6.26, 12.38, 19.95, 9.84, 5.36, 9.0, 10.2, 11.84, 11.01, 10.71, 70.28], [0, 6.8, 6.93, 9.2, 4.54, 11.62, 11.06, 11.22, 6.31, 24.88, 9.07, 8.43, 8.66, 12.25, 5.17, 8.24, 5.04, 22.48, 11.89, 0.0, 8.2, 7.14, 8.6, 14.8, 13.88, 10.21, 4.88, 4.98, 4.47, 9.76, 4.2, 5.81, 7.87, 12.28, 10.72, 13.12, 9.48, 13.68, 11.32, 6.1, 14.59, 71.77], [0, 9.57, 9.84, 5.7, 11.94, 10.6, 11.57, 19.02, 7.15, 28.05, 6.76, 10.99, 9.0, 10.94, 11.46, 10.69, 6.85, 15.76, 4.32, 8.2, 0.0, 15.32, 4.21, 18.07, 15.64, 6.28, 10.9, 9.92, 12.66, 11.23, 11.09, 10.58, 11.11, 18.2, 10.53, 5.31, 5.28, 5.88, 12.05, 6.72, 6.39, 72.39], [0, 13.83, 14.06, 10.27, 4.47, 5.12, 17.84, 4.95, 12.1, 23.46, 8.57, 15.12, 15.8, 17.33, 6.26, 11.22, 11.03, 29.18, 18.8, 7.14, 15.32, 0.0, 15.41, 14.67, 15.43, 16.68, 11.7, 11.77, 11.15, 16.63, 5.55, 12.55, 10.36, 9.48, 17.68, 20.24, 10.04, 20.62, 14.42, 12.09, 21.7, 71.31], [0, 8.55, 9.61, 5.21, 13.05, 11.56, 8.14, 19.79, 4.27, 31.4, 7.6, 7.38, 10.15, 6.73, 13.17, 13.8, 4.73, 13.88, 7.96, 8.6, 4.21, 15.41, 0.0, 21.24, 19.18, 9.02, 6.69, 6.75, 12.77, 7.02, 12.47, 6.82, 14.0, 20.32, 6.96, 5.6, 6.36, 9.06, 15.7, 10.93, 8.3, 76.43], [0, 19.04, 17.58, 17.33, 11.54, 12.48, 17.14, 12.8, 20.75, 10.21, 14.7, 15.32, 19.07, 26.66, 9.94, 7.45, 19.51, 33.68, 18.42, 14.8, 18.07, 14.67, 21.24, 0.0, 13.17, 23.37, 14.56, 14.5, 14.46, 16.88, 11.1, 14.56, 7.29, 6.28, 17.99, 22.98, 15.33, 19.81, 6.65, 20.43, 22.31, 57.18], [0, 17.01, 15.34, 15.87, 11.58, 12.14, 14.18, 14.62, 19.32, 12.46, 13.43, 12.66, 16.66, 25.06, 9.74, 5.71, 18.14, 30.95, 15.44, 13.88, 15.64, 15.43, 19.18, 13.17, 0.0, 21.35, 12.55, 12.47, 14.61, 14.09, 10.85, 12.36, 6.01, 8.66, 15.14, 20.26, 13.76, 16.71, 17.96, 18.95, 19.31, 57.95], [0, 4.34, 6.1, 6.81, 14.74, 13.24, 9.99, 21.26, 4.75, 33.54, 9.4, 9.49, 5.37, 4.9, 15.03, 15.93, 5.66, 12.52, 9.63, 10.21, 6.28, 16.68, 9.02, 23.37, 21.35, 0.0, 8.83, 8.9, 14.12, 8.97, 14.26, 9.0, 16.1, 22.22, 8.75, 6.11, 8.29, 10.47, 17.88, 4.64, 9.2, 78.6], [0, 4.49, 10.3, 10.79, 7.97, 6.73, 6.2, 15.06, 7.22, 24.71, 10.13, 9.15, 4.92, 12.61, 7.37, 7.11, 6.27, 19.72, 7.11, 4.88, 10.9, 11.7, 6.69, 14.56, 12.55, 8.83, 0.0, 9.05, 9.13, 4.94, 7.06, 9.18, 7.35, 14.15, 5.98, 9.4, 8.78, 8.92, 9.2, 6.79, 10.18, 70.18], [0, 4.56, 8.63, 4.22, 8.02, 6.79, 6.11, 15.1, 7.33, 24.65, 10.2, 9.16, 4.93, 12.71, 7.39, 7.05, 6.39, 19.74, 7.03, 4.98, 9.92, 11.77, 6.75, 14.5, 12.47, 8.9, 9.05, 0.0, 9.21, 4.86, 7.1, 9.12, 7.3, 14.14, 5.92, 9.4, 8.85, 8.85, 9.1, 6.9, 10.14, 70.08], [0, 11.16, 11.4, 7.61, 9.01, 12.84, 15.31, 7.19, 9.64, 23.91, 5.92, 12.6, 13.13, 15.13, 4.9, 9.74, 8.51, 26.59, 16.23, 4.47, 12.66, 11.15, 12.77, 14.46, 14.61, 14.12, 9.13, 9.21, 0.0, 14.06, 8.67, 10.01, 8.99, 10.19, 15.08, 17.56, 7.39, 18.03, 13.03, 9.59, 19.05, 71.56], [0, 5.71, 12.38, 7.97, 12.76, 11.61, 10.88, 19.79, 9.93, 26.54, 8.24, 11.36, 9.79, 13.74, 11.86, 9.85, 9.49, 16.86, 11.53, 9.76, 11.23, 16.63, 7.02, 16.88, 14.09, 8.97, 4.94, 4.86, 14.06, 0.0, 11.77, 10.39, 10.48, 17.98, 10.21, 6.18, 6.9, 11.45, 10.45, 9.48, 5.7, 69.99], [0, 10.46, 9.99, 7.47, 8.74, 10.67, 12.85, 8.02, 10.51, 20.97, 4.87, 10.12, 11.8, 16.44, 9.37, 5.88, 9.24, 26.26, 13.94, 4.2, 11.09, 5.55, 12.47, 11.1, 10.85, 14.26, 7.06, 7.1, 8.67, 11.77, 0.0, 7.76, 5.12, 8.08, 12.91, 16.35, 6.18, 15.75, 9.16, 10.29, 17.23, 68.27], [0, 4.69, 9.31, 4.9, 8.71, 7.53, 5.3, 15.78, 7.85, 24.65, 4.31, 8.83, 4.6, 13.02, 7.97, 7.12, 6.99, 19.43, 6.26, 5.81, 10.58, 12.55, 6.82, 14.56, 12.36, 9.0, 9.18, 9.12, 10.01, 10.39, 7.76, 0.0, 7.47, 14.55, 5.17, 8.95, 8.97, 8.08, 8.89, 7.42, 9.48, 69.78], [0, 11.8, 10.47, 10.08, 6.04, 6.29, 11.11, 11.17, 13.52, 17.49, 7.52, 8.78, 12.07, 19.4, 13.05, 11.0, 12.31, 26.87, 12.38, 7.87, 11.11, 10.36, 14.0, 7.29, 6.01, 16.1, 7.35, 7.3, 8.99, 10.48, 5.12, 7.47, 0.0, 7.61, 11.67, 16.27, 8.05, 14.03, 13.94, 13.19, 16.17, 63.91], [0, 18.21, 17.32, 15.5, 7.92, 9.32, 18.69, 6.62, 18.59, 13.98, 12.83, 16.26, 19.07, 24.51, 7.2, 8.42, 17.32, 33.86, 19.95, 12.28, 18.2, 9.48, 20.32, 6.28, 8.66, 22.22, 14.15, 14.14, 10.19, 17.98, 8.08, 14.55, 7.61, 0.0, 19.18, 23.49, 13.97, 21.63, 10.0, 18.38, 23.69, 61.85], [0, 6.01, 4.32, 8.68, 13.88, 12.7, 9.47, 20.93, 10.29, 27.57, 9.21, 11.65, 9.76, 13.62, 13.03, 11.02, 9.98, 15.83, 9.84, 10.72, 10.53, 17.68, 6.96, 17.99, 15.14, 8.75, 5.98, 5.92, 15.08, 10.21, 12.91, 5.17, 11.67, 19.18, 0.0, 5.21, 7.82, 10.49, 11.5, 9.85, 4.51, 70.63], [0, 6.47, 6.36, 10.07, 17.15, 15.76, 6.37, 24.2, 9.87, 32.72, 11.79, 7.66, 4.55, 10.72, 16.76, 15.76, 10.23, 10.71, 5.36, 13.12, 5.31, 20.24, 5.6, 22.98, 20.26, 6.11, 9.4, 9.4, 17.56, 6.18, 16.35, 8.95, 16.27, 23.49, 5.21, 0.0, 10.33, 5.27, 16.62, 9.57, 9.72, 75.62], [0, 4.29, 10.14, 10.98, 6.88, 5.45, 8.23, 13.88, 5.57, 25.54, 9.25, 5.71, 5.81, 11.35, 6.82, 8.08, 4.44, 20.08, 9.0, 9.48, 5.28, 10.04, 6.36, 15.33, 13.76, 8.29, 8.78, 8.85, 7.39, 6.9, 6.18, 8.97, 8.05, 13.97, 7.82, 10.33, 0.0, 10.77, 10.66, 5.19, 11.66, 71.65], [0, 8.59, 7.15, 11.55, 16.75, 15.61, 10.78, 23.76, 12.83, 28.97, 12.17, 5.63, 6.03, 15.36, 15.8, 13.29, 12.68, 14.87, 10.2, 13.68, 5.88, 20.62, 9.06, 19.81, 16.71, 10.47, 8.92, 8.85, 18.03, 11.45, 15.75, 8.08, 14.03, 21.63, 10.49, 5.27, 10.77, 0.0, 13.18, 12.42, 12.12, 70.59], [0, 13.58, 11.82, 12.81, 10.1, 10.24, 10.57, 14.82, 16.21, 16.1, 10.59, 9.02, 13.07, 21.8, 8.22, 13.2, 15.1, 27.31, 11.84, 11.32, 12.05, 14.42, 15.7, 6.65, 17.96, 17.88, 9.2, 9.1, 13.03, 10.45, 9.16, 8.89, 13.94, 10.0, 11.5, 16.62, 10.66, 13.18, 0.0, 15.82, 15.72, 61.02], [0, 8.98, 5.69, 10.1, 10.59, 9.11, 10.81, 16.77, 9.39, 30.62, 5.76, 9.14, 6.39, 6.25, 11.23, 13.26, 9.63, 17.15, 11.01, 6.1, 6.72, 12.09, 10.93, 20.43, 18.95, 4.64, 6.79, 6.9, 9.59, 9.48, 10.29, 7.42, 13.19, 18.38, 9.85, 9.57, 5.19, 12.42, 15.82, 0.0, 12.11, 76.83], [0, 8.54, 7.68, 11.95, 18.16, 16.89, 5.17, 25.24, 12.47, 31.64, 13.13, 7.43, 6.08, 13.91, 17.44, 15.5, 12.6, 12.09, 10.71, 14.59, 6.39, 21.7, 8.3, 22.31, 19.31, 9.2, 10.18, 10.14, 19.05, 5.7, 17.23, 9.48, 16.17, 23.69, 4.51, 9.72, 11.66, 12.12, 15.72, 12.11, 0.0, 73.31], [0, 0, 0, 0, 0, 0, 0, 0, 0, 0, 0, 0, 0, 0, 0, 0, 0, 0, 0, 0, 0, 0, 0, 0, 0, 0, 0, 0, 0, 0, 0, 0, 0, 0, 0, 0, 0, 0, 0, 0, 0, 0]], "end_depot": 41, "horizon": [0.0, 2000.0], "instance_name": "40_90_B_50_A5", "speed_zone_count": 73, "speed_zones": [[0.0, 15.0], [15.0, 30.0], [30.0, 45.0], [45.0, 60.0], [60.0, 75.0], [75.0, 90.0], [90.0, 105.0], [105.0, 120.0], [120.0, 135.0], [135.0, 150.0], [150.0, 165.0], [165.0, 180.0], [180.0, 195.0], [195.0, 210.0], [210.0, 225.0], [225.0, 240.0], [240.0, 255.0], [255.0, 270.0], [270.0, 285.0], [285.0, 300.0], [300.0, 315.0], [315.0, 330.0], [330.0, 345.0], [345.0, 360.0], [360.0, 375.0], [375.0, 390.0], [390.0, 405.0], [405.0, 420.0], [420.0, 435.0], [435.0, 450.0], [450.0, 465.0], [465.0, 480.0], [480.0, 495.0], [495.0, 510.0], [510.0, 525.0], [525.0, 540.0], [540.0, 555.0], [555.0, 570.0], [570.0, 585.0], [585.0, 600.0], [600.0, 615.0], [615.0, 630.0], [630.0, 645.0], [645.0, 660.0], [660.0, 675.0], [675.0, 690.0], [690.0, 705.0], [705.0, 720.0], [720.0, 735.0], [735.0, 750.0], [750.0, 765.0], [765.0, 780.0], [780.0, 795.0], [795.0, 810.0], [810.0, 825.0], [825.0, 840.0], [840.0, 855.0], [855.0, 870.0], [870.0, 885.0], [885.0, 900.0], [900.0, 915.0], [915.0, 930.0], [930.0, 945.0], [945.0, 960.0], [960.0, 975.0], [975.0, 990.0], [990.0, 1005.0], [1005.0, 1020.0], [1020.0, 1035.0], [1035.0, 1050.0], [1050.0, 1065.0], [1065.0, 1080.0], [1080.0, 2000.0]], "start_depot": 0, "time_windows": [[0.0, 1700.0], [22.0, 124.0], [29.0, 138.0], [32.0, 144.0], [37.0, 154.0], [46.0, 171.0], [62.0, 203.0], [95.0, 269.0], [121.0, 322.0], [155.0, 390.0], [175.0, 430.0], [181.0, 441.0], [184.0, 447.0], [192.0, 463.0], [216.0, 511.0], [222.0, 524.0], [243.0, 566.0], [266.0, 611.0], [282.0, 643.0], [291.0, 662.0], [298.0, 675.0], [309.0, 698.0], [320.0, 719.0], [334.0, 748.0], [343.0, 766.0], [362.0, 804.0], [369.0, 818.0], [380.0, 839.0], [391.0, 862.0], [406.0, 892.0], [419.0, 917.0], [426.0, 932.0], [433.0, 946.0], [440.0, 959.0], [456.0, 992.0], [461.0, 1001.0], [467.0, 1014.0], [475.0, 1030.0], [484.0, 1047.0], [494.0, 1067.0], [501.0, 1082.0], [0.0, 1700.0]], "vehicle_count": 1}