{"cluster_count": 3, "cluster_speeds": [[0.925, 0.85, 0.925, 1.0, 0.8325, 0.765, 0.8325, 0.9, 0.4625, 0.425, 0.4625, 0.5, 0.30525, 0.2805, 0.30525, 0.33, 0.37, 0.34, 0.37, 0.4, 0.555, 0.51, 0.555, 0.6, 0.6475, 0.595, 0.6475, 0.7, 0.37, 0.34, 0.37, 0.4, 0.30525, 0.2805, 0.30525, 0.33, 0.4625, 0.425, 0.4625, 0.5, 0.6475, 0.595, 0.6475, 0.7, 0.74, 0.68, 0.74, 0.8, 0.6475, 0.595, 0.6475, 0.7, 0.4625, 0.425, 0.4625, 0.5, 0.555, 0.51, 0.555, 0.6, 0.6475, 0.595, 0.6475, 0.7, 0.8325, 0.765, 0.8325, 0.9, 0.925, 0.85, 0.925, 1.0, 1.0], [0.925, 0.85, 0.925, 1.0, 0.8325, 0.765, 0.8325, 0.9, 0.4625, 0.425, 0.4625, 0.5, 0.30525, 0.2805, 0.30525, 0.33, 0.37, 0.34, 0.37, 0.4, 0.555, 0.51, 0.555, 0.6, 0.6475, 0.595, 0.6475, 0.7, 0.37, 0.34, 0.37, 0.4, 0.30525, 0.2805, 0.30525, 0.33, 0.4625, 0.425, 0.4625, 0.5, 0.6475, 0.595, 0.6475, 0.7, 0.74, 0.68, 0.74, 0.8, 0.6475, 0.595, 0.6475, 0.7, 0.4625, 0.425, 0.4625, 0.5, 0.555, 0.51, 0.555, 0.6, 0.6475, 0.595, 0.6475, 0.7, 0.8325, 0.765, 0.8325, 0.9, 0.925, 0.85, 0.925, 1.0, 1.0], [0.9065, 0.833, 0.9065, 0.98, 0.81585, 0.7497, 0.81585, 0.882, 0.45325, 0.4165, 0.45325, 0.49, 0.299145, 0.27489, 0.299145, 0.3234, 0.3626, 0.3332, 0.3626, 0.392, 0.5439, 0.4998, 0.5439, 0.588, 0.6475, 0.595, 0.6475, 0.7, 0.37, 0.34, 0.37, 0.4, 0.30525, 0.2805, 0.30525, 0.33, 0.4625, 0.425, 0.4625, 0.5, 0.6475, 0.595, 0.6475, 0.7, 0.74, 0.68, 0.74, 0.8, 0.63455, 0.5831, 0.63455, 0.686, 0.45325, 0.4165, 0.45325, 0.49, 0.5439, 0.4998, 0.5439, 0.588, 0.63455, 0.5831, 0.63455, 0.686, 0.81585, 0.7497, 0.81585, 0.882, 0.9065, 0.833, 0.9065, 0.98, 0.98]], "clusters": [[-1, 2, 2, 2, 2, 2, 2, 2, 2, 2, 2, 2, 2, 2, 2, 2, 2, 2, 2, 2, 2, 2, 2, 2, 2, 2, 2, 2, 2, 2, 2, 2, 2, 2, 2, 2, 2, 2, 2, 2, 2, -1], [2, -1, 2, 2, 2, 2, 2, 2, 2, 2, 2, 2, 2, 2, 2, 2, 2, 2, 2, 2, 2, 2, 2, 2, 2, 2, 2, 2, 2, 2, 2, 2, 2, 2, 2, 2, 2, 2, 2, 2, 2, 2], [0, 0, -1, 0, 0, 0, 0, 0, 0, 0, 0, 0, 0, 0, 0, 0, 0, 0, 0, 0, 0, 0, 0, 0, 0, 0, 0, 0, 0, 0, 0, 0, 0, 0, 0, 0, 0, 0, 0, 0, 0, 0], [0, 0, 0, -1, 0, 0, 0, 0, 0, 0, 0, 0, 0, 0, 0, 0, 0, 0, 0, 0, 0, 0, 0, 0, 0, 0, 0, 0, 0, 0, 0, 0, 0, 0, 0, 0, 0, 0, 0, 0, 0, 0], [1, 1, 1, 1, -1, 1, 1, 1, 1, 1, 1, 1, 1, 1, 1, 1, 1, 1, 1, 1, 1, 1, 1, 1, 1, 1, 1, 1, 1, 1, 1, 1, 1, 1, 1, 1, 1, 1, 1, 1, 1, 1], [1, 1, 1, 1, 1, -1, 1, 1, 1, 1, 1, 1, 1, 1, 1, 1, 1, 1, 1, 1, 1, 1, 1, 1, 1, 1, 1, 1, 1, 1, 1, 1, 1, 1, 1, 1, 1, 1, 1, 1, 1, 1], [0, 0, 0, 0, 0, 0, -1, 0, 0, 0, 0, 0, 0, 0, 0, 0, 0, 0, 0, 0, 0, 0, 0, 0, 0, 0, 0, 0, 0, 0, 0, 0, 0, 0, 0, 0, 0, 0, 0, 0, 0, 0], [1, 1, 1, 1, 1, 1, 1, -1, 1, 1, 1, 1, 1, 1, 1, 1, 1, 1, 1, 1, 1, 1, 1, 1, 1, 1, 1, 1, 1, 1, 1, 1, 1, 1, 1, 1, 1, 1, 1, 1, 1, 1], [1, 1, 1, 1, 1, 1, 1, 1, -1, 1, 1, 1, 1, 1, 1, 1, 1, 1, 1, 1, 1, 1, 1, 1, 1, 1, 1, 1, 1, 1, 1, 1, 1, 1, 1, 1, 1, 1, 1, 1, 1, 1], [0, 0, 0, 0, 0, 0, 0, 0, 0, -1, 0, 0, 0, 0, 0, 0, 0, 0, 0, 0, 0, 0, 0, 0, 0, 0, 0, 0, 0, 0, 0, 0, 0, 0, 0, 0, 0, 0, 0, 0, 0, 0], [0, 0, 0, 0, 0, 0, 0, 0, 0, 0, -1, 0, 0, 0, 0, 0, 0, 0, 0, 0, 0, 0, 0, 0, 0, 0, 0, 0, 0, 0, 0, 0, 0, 0, 0, 0, 0, 0, 0, 0, 0, 0], [2, 2, 2, 2, 2, 2, 2, 2, 2, 2, 2, -1, 2, 2, 2, 2, 2, 2, 2, 2, 2, 2, 2, 2, 2, 2, 2, 2, 2, 2, 2, 2, 2, 2, 2, 2, 2, 2, 2, 2, 2, 2], [1, 1, 1, 1, 1, 1, 1, 1, 1, 1, 1, 1, -1, 1, 1, 1, 1, 1, 1, 1, 1, 1, 1, 1, 1, 1, 1, 1, 1, 1, 1, 1, 1, 1, 1, 1, 1, 1, 1, 1, 1, 1], [0, 0, 0, 0, 0, 0, 0, 0, 0, 0, 0, 0, 0, -1, 0, 0, 0, 0, 0, 0, 0, 0, 0, 0, 0, 0, 0, 0, 0, 0, 0, 0, 0, 0, 0, 0, 0, 0, 0, 0, 0, 0], [0, 0, 0, 0, 0, 0, 0, 0, 0, 0, 0, 0, 0, 0, -1, 0, 0, 0, 0, 0, 0, 0, 0, 0, 0, 0, 0, 0, 0, 0, 0, 0, 0, 0, 0, 0, 0, 0, 0, 0, 0, 0], [0, 0, 0, 0, 0, 0, 0, 0, 0, 0, 0, 0, 0, 0, 0, -1, 0, 0, 0, 0, 0, 0, 0, 0, 0, 0, 0, 0, 0, 0, 0, 0, 0, 0, 0, 0, 0, 0, 0, 0, 0, 0], [1, 1, 1, 1, 1, 1, 1, 1, 1, 1, 1, 1, 1, 1, 1, 1, -1, 1, 1, 1, 1, 1, 1, 1, 1, 1, 1, 1, 1, 1, 1, 1, 1, 1, 1, 1, 1, 1, 1, 1, 1, 1], [1, 1, 1, 1, 1, 1, 1, 1, 1, 1, 1, 1, 1, 1, 1, 1, 1, -1, 1, 1, 1, 1, 1, 1, 1, 1, 1, 1, 1, 1, 1, 1, 1, 1, 1, 1, 1, 1, 1, 1, 1, 1], [1, 1, 1, 1, 1, 1, 1, 1, 1, 1, 1, 1, 1, 1, 1, 1, 1, 1, -1, 1, 1, 1, 1, 1, 1, 1, 1, 1, 1, 1, 1, 1, 1, 1, 1, 1, 1, 1, 1, 1, 1, 1], [0, 0, 0, 0, 0, 0, 0, 0, 0, 0, 0, 0, 0, 0, 0, 0, 0, 0, 0, -1, 0, 0, 0, 0, 0, 0, 0, 0, 0, 0, 0, 0, 0, 0, 0, 0, 0, 0, 0, 0, 0, 0], [0, 0, 0, 0, 0, 0, 0, 0, 0, 0, 0, 0, 0, 0, 0, 0, 0, 0, 0, 0, -1, 0, 0, 0, 0, 0, 0, 0, 0, 0, 0, 0, 0, 0, 0, 0, 0, 0, 0, 0, 0, 0], [0, 0, 0, 0, 0, 0, 0, 0, 0, 0, 0, 0, 0, 0, 0, 0, 0, 0, 0, 0, 0, -1, 0, 0, 0, 0, 0, 0, 0, 0, 0, 0, 0, 0, 0, 0, 0, 0, 0, 0, 0, 0], [1, 1, 1, 1, 1, 1, 1, 1, 1, 1, 1, 1, 1, 1, 1, 1, 1, 1, 1, 1, 1, 1, -1, 1, 1, 1, 1, 1, 1, 1, 1, 1, 1, 1, 1, 1, 1, 1, 1, 1, 1, 1], [0, 0, 0, 0, 0, 0, 0, 0, 0, 0, 0, 0, 0, 0, 0, 0, 0, 0, 0, 0, 0, 0, 0, -1, 0, 0, 0, 0, 0, 0, 0, 0, 0, 0, 0, 0, 0, 0, 0, 0, 0, 0], [0, 0, 0, 0, 0, 0, 0, 0, 0, 0, 0, 0, 0, 0, 0, 0, 0, 0, 0, 0, 0, 0, 0, 0, -1, 0, 0, 0, 0, 0, 0, 0, 0, 0, 0, 0, 0, 0, 0, 0, 0, 0], [2, 2, 2, 2, 2, 2, 2, 2, 2, 2, 2, 2, 2, 2, 2, 2, 2, 2, 2, 2, 2, 2, 2, 2, 2, -1, 2, 2, 2, 2, 2, 2, 2, 2, 2, 2, 2, 2, 2, 2, 2, 2], [1, 1, 1, 1, 1, 1, 1, 1, 1, 1, 1, 1, 1, 1, 1, 1, 1, 1, 1, 1, 1, 1, 1, 1, 1, 1, -1, 1, 1, 1, 1, 1, 1, 1, 1, 1, 1, 1, 1, 1, 1, 1], [0, 0, 0, 0, 0, 0, 0, 0, 0, 0, 0, 0, 0, 0, 0, 0, 0, 0, 0, 0, 0, 0, 0, 0, 0, 0, 0, -1, 0, 0, 0, 0, 0, 0, 0, 0, 0, 0, 0, 0, 0, 0], [1, 1, 1, 1, 1, 1, 1, 1, 1, 1, 1, 1, 1, 1, 1, 1, 1, 1, 1, 1, 1, 1, 1, 1, 1, 1, 1, 1, -1, 1, 1, 1, 1, 1, 1, 1, 1, 1, 1, 1, 1, 1], [0, 0, 0, 0, 0, 0, 0, 0, 0, 0, 0, 0, 0, 0, 0, 0, 0, 0, 0, 0, 0, 0, 0, 0, 0, 0, 0, 0, 0, -1, 0, 0, 0, 0, 0, 0, 0, 0, 0, 0, 0, 0], [0, 0, 0, 0, 0, 0, 0, 0, 0, 0, 0, 0, 0, 0, 0, 0, 0, 0, 0, 0, 0, 0, 0, 0, 0, 0, 0, 0, 0, 0, -1, 0, 0, 0, 0, 0, 0, 0, 0, 0, 0, 0], [0, 0, 0, 0, 0, 0, 0, 0, 0, 0, 0, 0, 0, 0, 0, 0, 0, 0, 0, 0, 0, 0, 0, 0, 0, 0, 0, 0, 0, 0, 0, -1, 0, 0, 0, 0, 0, 0, 0, 0, 0, 0], [2, 2, 2, 2, 2, 2, 2, 2, 2, 2, 2, 2, 2, 2, 2, 2, 2, 2, 2, 2, 2, 2, 2, 2, 2, 2, 2, 2, 2, 2, 2, 2, -1, 2, 2, 2, 2, 2, 2, 2, 2, 2], [1, 1, 1, 1, 1, 1, 1, 1, 1, 1, 1, 1, 1, 1, 1, 1, 1, 1, 1, 1, 1, 1, 1, 1, 1, 1, 1, 1, 1, 1, 1, 1, 1, -1, 1, 1, 1, 1, 1, 1, 1, 1], [0, 0, 0, 0, 0, 0, 0, 0, 0, 0, 0, 0, 0, 0, 0, 0, 0, 0, 0, 0, 0, 0, 0, 0, 0, 0, 0, 0, 0, 0, 0, 0, 0, 0, -1, 0, 0, 0, 0, 0, 0, 0], [2, 2, 2, 2, 2, 2, 2, 2, 2, 2, 2, 2, 2, 2, 2, 2, 2, 2, 2, 2, 2, 2, 2, 2, 2, 2, 2, 2, 2, 2, 2, 2, 2, 2, 2, -1, 2, 2, 2, 2, 2, 2], [1, 1, 1, 1, 1, 1, 1, 1, 1, 1, 1, 1, 1, 1, 1, 1, 1, 1, 1, 1, 1, 1, 1, 1, 1, 1, 1, 1, 1, 1, 1, 1, 1, 1, 1, 1, -1, 1, 1, 1, 1, 1], [0, 0, 0, 0, 0, 0, 0, 0, 0, 0, 0, 0, 0, 0, 0, 0, 0, 0, 0, 0, 0, 0, 0, 0, 0, 0, 0, 0, 0, 0, 0, 0, 0, 0, 0, 0, 0, -1, 0, 0, 0, 0], [1, 1, 1, 1, 1, 1, 1, 1, 1, 1, 1, 1, 1, 1, 1, 1, 1, 1, 1, 1, 1, 1, 1, 1, 1, 1, 1, 1, 1, 1, 1, 1, 1, 1, 1, 1, 1, 1, -1, 1, 1, 1], [1, 1, 1, 1, 1, 1, 1, 1, 1, 1, 1, 1, 1, 1, 1, 1, 1, 1, 1, 1, 1, 1, 1, 1, 1, 1, 1, 1, 1, 1, 1, 1, 1, 1, 1, 1, 1, 1, 1, -1, 1, 1], [0, 0, 0, 0, 0, 0, 0, 0, 0, 0, 0, 0, 0, 0, 0, 0, 0, 0, 0, 0, 0, 0, 0, 0, 0, 0, 0, 0, 0, 0, 0, 0, 0, 0, 0, 0, 0, 0, 0, 0, -1, 0], [-1, 2, 2, 2, 2, 2, 2, 2, 2, 2, 2, 2, 2, 2, 2, 2, 2, 2, 2, 2, 2, 2, 2, 2, 2, 2, 2, 2, 2, 2, 2, 2, 2, 2, 2, 2, 2, 2, 2, 2, 2, -1]], "dataset_name": "guerriero_et_al_2014b", "digraph": {"arc_count": 1640, "arcs": [[0, 1, 1, 1, 1, 1, 1, 1, 1, 1, 1, 1, 1, 1, 1, 1, 1, 1, 1, 1, 1, 1, 1, 1, 1, 1, 1, 1, 1, 1, 1, 1, 1, 1, 1, 1, 1, 1, 1, 1, 1, 0], [0, 0, 1, 1, 1, 1, 1, 1, 1, 1, 1, 1, 1, 1, 1, 1, 1, 1, 1, 1, 1, 1, 1, 1, 1, 1, 1, 1, 1, 1, 1, 1, 1, 1, 1, 1, 1, 1, 1, 1, 1, 1], [0, 1, 0, 1, 1, 1, 1, 1, 1, 1, 1, 1, 1, 1, 1, 1, 1, 1, 1, 1, 1, 1, 1, 1, 1, 1, 1, 1, 1, 1, 1, 1, 1, 1, 1, 1, 1, 1, 1, 1, 1, 1], [0, 1, 1, 0, 1, 1, 1, 1, 1, 1, 1, 1, 1, 1, 1, 1, 1, 1, 1, 1, 1, 1, 1, 1, 1, 1, 1, 1, 1, 1, 1, 1, 1, 1, 1, 1, 1, 1, 1, 1, 1, 1], [0, 1, 1, 1, 0, 1, 1, 1, 1, 1, 1, 1, 1, 1, 1, 1, 1, 1, 1, 1, 1, 1, 1, 1, 1, 1, 1, 1, 1, 1, 1, 1, 1, 1, 1, 1, 1, 1, 1, 1, 1, 1], [0, 1, 1, 1, 1, 0, 1, 1, 1, 1, 1, 1, 1, 1, 1, 1, 1, 1, 1, 1, 1, 1, 1, 1, 1, 1, 1, 1, 1, 1, 1, 1, 1, 1, 1, 1, 1, 1, 1, 1, 1, 1], [0, 1, 1, 1, 1, 1, 0, 1, 1, 1, 1, 1, 1, 1, 1, 1, 1, 1, 1, 1, 1, 1, 1, 1, 1, 1, 1, 1, 1, 1, 1, 1, 1, 1, 1, 1, 1, 1, 1, 1, 1, 1], [0, 1, 1, 1, 1, 1, 1, 0, 1, 1, 1, 1, 1, 1, 1, 1, 1, 1, 1, 1, 1, 1, 1, 1, 1, 1, 1, 1, 1, 1, 1, 1, 1, 1, 1, 1, 1, 1, 1, 1, 1, 1], [0, 1, 1, 1, 1, 1, 1, 1, 0, 1, 1, 1, 1, 1, 1, 1, 1, 1, 1, 1, 1, 1, 1, 1, 1, 1, 1, 1, 1, 1, 1, 1, 1, 1, 1, 1, 1, 1, 1, 1, 1, 1], [0, 1, 1, 1, 1, 1, 1, 1, 1, 0, 1, 1, 1, 1, 1, 1, 1, 1, 1, 1, 1, 1, 1, 1, 1, 1, 1, 1, 1, 1, 1, 1, 1, 1, 1, 1, 1, 1, 1, 1, 1, 1], [0, 1, 1, 1, 1, 1, 1, 1, 1, 1, 0, 1, 1, 1, 1, 1, 1, 1, 1, 1, 1, 1, 1, 1, 1, 1, 1, 1, 1, 1, 1, 1, 1, 1, 1, 1, 1, 1, 1, 1, 1, 1], [0, 1, 1, 1, 1, 1, 1, 1, 1, 1, 1, 0, 1, 1, 1, 1, 1, 1, 1, 1, 1, 1, 1, 1, 1, 1, 1, 1, 1, 1, 1, 1, 1, 1, 1, 1, 1, 1, 1, 1, 1, 1], [0, 1, 1, 1, 1, 1, 1, 1, 1, 1, 1, 1, 0, 1, 1, 1, 1, 1, 1, 1, 1, 1, 1, 1, 1, 1, 1, 1, 1, 1, 1, 1, 1, 1, 1, 1, 1, 1, 1, 1, 1, 1], [0, 1, 1, 1, 1, 1, 1, 1, 1, 1, 1, 1, 1, 0, 1, 1, 1, 1, 1, 1, 1, 1, 1, 1, 1, 1, 1, 1, 1, 1, 1, 1, 1, 1, 1, 1, 1, 1, 1, 1, 1, 1], [0, 1, 1, 1, 1, 1, 1, 1, 1, 1, 1, 1, 1, 1, 0, 1, 1, 1, 1, 1, 1, 1, 1, 1, 1, 1, 1, 1, 1, 1, 1, 1, 1, 1, 1, 1, 1, 1, 1, 1, 1, 1], [0, 1, 1, 1, 1, 1, 1, 1, 1, 1, 1, 1, 1, 1, 1, 0, 1, 1, 1, 1, 1, 1, 1, 1, 1, 1, 1, 1, 1, 1, 1, 1, 1, 1, 1, 1, 1, 1, 1, 1, 1, 1], [0, 1, 1, 1, 1, 1, 1, 1, 1, 1, 1, 1, 1, 1, 1, 1, 0, 1, 1, 1, 1, 1, 1, 1, 1, 1, 1, 1, 1, 1, 1, 1, 1, 1, 1, 1, 1, 1, 1, 1, 1, 1], [0, 1, 1, 1, 1, 1, 1, 1, 1, 1, 1, 1, 1, 1, 1, 1, 1, 0, 1, 1, 1, 1, 1, 1, 1, 1, 1, 1, 1, 1, 1, 1, 1, 1, 1, 1, 1, 1, 1, 1, 1, 1], [0, 1, 1, 1, 1, 1, 1, 1, 1, 1, 1, 1, 1, 1, 1, 1, 1, 1, 0, 1, 1, 1, 1, 1, 1, 1, 1, 1, 1, 1, 1, 1, 1, 1, 1, 1, 1, 1, 1, 1, 1, 1], [0, 1, 1, 1, 1, 1, 1, 1, 1, 1, 1, 1, 1, 1, 1, 1, 1, 1, 1, 0, 1, 1, 1, 1, 1, 1, 1, 1, 1, 1, 1, 1, 1, 1, 1, 1, 1, 1, 1, 1, 1, 1], [0, 1, 1, 1, 1, 1, 1, 1, 1, 1, 1, 1, 1, 1, 1, 1, 1, 1, 1, 1, 0, 1, 1, 1, 1, 1, 1, 1, 1, 1, 1, 1, 1, 1, 1, 1, 1, 1, 1, 1, 1, 1], [0, 1, 1, 1, 1, 1, 1, 1, 1, 1, 1, 1, 1, 1, 1, 1, 1, 1, 1, 1, 1, 0, 1, 1, 1, 1, 1, 1, 1, 1, 1, 1, 1, 1, 1, 1, 1, 1, 1, 1, 1, 1], [0, 1, 1, 1, 1, 1, 1, 1, 1, 1, 1, 1, 1, 1, 1, 1, 1, 1, 1, 1, 1, 1, 0, 1, 1, 1, 1, 1, 1, 1, 1, 1, 1, 1, 1, 1, 1, 1, 1, 1, 1, 1], [0, 1, 1, 1, 1, 1, 1, 1, 1, 1, 1, 1, 1, 1, 1, 1, 1, 1, 1, 1, 1, 1, 1, 0, 1, 1, 1, 1, 1, 1, 1, 1, 1, 1, 1, 1, 1, 1, 1, 1, 1, 1], [0, 1, 1, 1, 1, 1, 1, 1, 1, 1, 1, 1, 1, 1, 1, 1, 1, 1, 1, 1, 1, 1, 1, 1, 0, 1, 1, 1, 1, 1, 1, 1, 1, 1, 1, 1, 1, 1, 1, 1, 1, 1], [0, 1, 1, 1, 1, 1, 1, 1, 1, 1, 1, 1, 1, 1, 1, 1, 1, 1, 1, 1, 1, 1, 1, 1, 1, 0, 1, 1, 1, 1, 1, 1, 1, 1, 1, 1, 1, 1, 1, 1, 1, 1], [0, 1, 1, 1, 1, 1, 1, 1, 1, 1, 1, 1, 1, 1, 1, 1, 1, 1, 1, 1, 1, 1, 1, 1, 1, 1, 0, 1, 1, 1, 1, 1, 1, 1, 1, 1, 1, 1, 1, 1, 1, 1], [0, 1, 1, 1, 1, 1, 1, 1, 1, 1, 1, 1, 1, 1, 1, 1, 1, 1, 1, 1, 1, 1, 1, 1, 1, 1, 1, 0, 1, 1, 1, 1, 1, 1, 1, 1, 1, 1, 1, 1, 1, 1], [0, 1, 1, 1, 1, 1, 1, 1, 1, 1, 1, 1, 1, 1, 1, 1, 1, 1, 1, 1, 1, 1, 1, 1, 1, 1, 1, 1, 0, 1, 1, 1, 1, 1, 1, 1, 1, 1, 1, 1, 1, 1], [0, 1, 1, 1, 1, 1, 1, 1, 1, 1, 1, 1, 1, 1, 1, 1, 1, 1, 1, 1, 1, 1, 1, 1, 1, 1, 1, 1, 1, 0, 1, 1, 1, 1, 1, 1, 1, 1, 1, 1, 1, 1], [0, 1, 1, 1, 1, 1, 1, 1, 1, 1, 1, 1, 1, 1, 1, 1, 1, 1, 1, 1, 1, 1, 1, 1, 1, 1, 1, 1, 1, 1, 0, 1, 1, 1, 1, 1, 1, 1, 1, 1, 1, 1], [0, 1, 1, 1, 1, 1, 1, 1, 1, 1, 1, 1, 1, 1, 1, 1, 1, 1, 1, 1, 1, 1, 1, 1, 1, 1, 1, 1, 1, 1, 1, 0, 1, 1, 1, 1, 1, 1, 1, 1, 1, 1], [0, 1, 1, 1, 1, 1, 1, 1, 1, 1, 1, 1, 1, 1, 1, 1, 1, 1, 1, 1, 1, 1, 1, 1, 1, 1, 1, 1, 1, 1, 1, 1, 0, 1, 1, 1, 1, 1, 1, 1, 1, 1], [0, 1, 1, 1, 1, 1, 1, 1, 1, 1, 1, 1, 1, 1, 1, 1, 1, 1, 1, 1, 1, 1, 1, 1, 1, 1, 1, 1, 1, 1, 1, 1, 1, 0, 1, 1, 1, 1, 1, 1, 1, 1], [0, 1, 1, 1, 1, 1, 1, 1, 1, 1, 1, 1, 1, 1, 1, 1, 1, 1, 1, 1, 1, 1, 1, 1, 1, 1, 1, 1, 1, 1, 1, 1, 1, 1, 0, 1, 1, 1, 1, 1, 1, 1], [0, 1, 1, 1, 1, 1, 1, 1, 1, 1, 1, 1, 1, 1, 1, 1, 1, 1, 1, 1, 1, 1, 1, 1, 1, 1, 1, 1, 1, 1, 1, 1, 1, 1, 1, 0, 1, 1, 1, 1, 1, 1], [0, 1, 1, 1, 1, 1, 1, 1, 1, 1, 1, 1, 1, 1, 1, 1, 1, 1, 1, 1, 1, 1, 1, 1, 1, 1, 1, 1, 1, 1, 1, 1, 1, 1, 1, 1, 0, 1, 1, 1, 1, 1], [0, 1, 1, 1, 1, 1, 1, 1, 1, 1, 1, 1, 1, 1, 1, 1, 1, 1, 1, 1, 1, 1, 1, 1, 1, 1, 1, 1, 1, 1, 1, 1, 1, 1, 1, 1, 1, 0, 1, 1, 1, 1], [0, 1, 1, 1, 1, 1, 1, 1, 1, 1, 1, 1, 1, 1, 1, 1, 1, 1, 1, 1, 1, 1, 1, 1, 1, 1, 1, 1, 1, 1, 1, 1, 1, 1, 1, 1, 1, 1, 0, 1, 1, 1], [0, 1, 1, 1, 1, 1, 1, 1, 1, 1, 1, 1, 1, 1, 1, 1, 1, 1, 1, 1, 1, 1, 1, 1, 1, 1, 1, 1, 1, 1, 1, 1, 1, 1, 1, 1, 1, 1, 1, 0, 1, 1], [0, 1, 1, 1, 1, 1, 1, 1, 1, 1, 1, 1, 1, 1, 1, 1, 1, 1, 1, 1, 1, 1, 1, 1, 1, 1, 1, 1, 1, 1, 1, 1, 1, 1, 1, 1, 1, 1, 1, 1, 0, 1], [0, 0, 0, 0, 0, 0, 0, 0, 0, 0, 0, 0, 0, 0, 0, 0, 0, 0, 0, 0, 0, 0, 0, 0, 0, 0, 0, 0, 0, 0, 0, 0, 0, 0, 0, 0, 0, 0, 0, 0, 0, 0]], "vertex_count": 42}, "distances": [[0, 94.73, 62.96, 66.41, 72.72, 85.04, 84.23, 47.46, 53.6, 74.62, 70.14, 110.0, 51.91, 63.04, 80.58, 70.08, 74.38, 75.1, 69.65, 59.1, 80.39, 76.27, 58.44, 62.25, 78.76, 43.23, 69.09, 68.29, 90.03, 84.76, 58.51, 63.89, 92.7, 81.69, 78.45, 106.14, 52.29, 76.15, 55.57, 70.74, 71.92, 0], [0, 0.0, 32.06, 32.5, 25.24, 13.36, 13.73, 47.74, 46.25, 28.0, 24.69, 29.65, 43.56, 36.03, 19.04, 25.65, 22.13, 40.91, 27.01, 35.85, 17.1, 22.09, 42.84, 38.29, 16.28, 55.52, 38.46, 26.65, 8.96, 15.77, 37.11, 31.34, 7.42, 13.66, 20.68, 23.88, 45.04, 22.21, 41.63, 26.19, 33.75, 94.73], [0, 32.06, 0.0, 10.01, 16.92, 24.93, 21.5, 15.68, 16.85, 16.78, 7.42, 53.42, 11.53, 10.48, 18.75, 11.87, 15.78, 28.24, 13.62, 14.63, 17.8, 14.62, 15.85, 13.08, 17.09, 24.21, 20.67, 5.41, 27.15, 22.58, 5.47, 10.24, 31.4, 20.1, 16.79, 48.29, 14.03, 14.51, 11.06, 14.54, 18.83, 62.96], [0, 32.5, 10.01, 0.0, 25.02, 29.4, 19.39, 19.81, 14.05, 8.49, 12.41, 57.97, 15.39, 17.24, 14.73, 19.96, 22.78, 18.24, 22.23, 11.83, 15.59, 10.7, 10.34, 5.83, 21.14, 24.12, 10.82, 10.94, 25.33, 18.98, 9.81, 8.84, 34.09, 23.74, 12.64, 52.45, 14.14, 10.57, 10.85, 22.91, 8.9, 66.41], [0, 25.24, 16.92, 25.02, 0.0, 12.86, 22.52, 29.13, 33.61, 27.96, 12.86, 38.36, 26.3, 26.8, 23.82, 5.13, 9.58, 42.17, 14.52, 18.96, 20.95, 21.95, 32.74, 29.56, 10.43, 39.55, 35.61, 14.08, 25.48, 25.37, 21.94, 17.37, 20.86, 11.96, 23.07, 33.84, 30.24, 21.93, 27.7, 20.99, 32.38, 72.72], [0, 13.36, 24.93, 29.4, 12.86, 0.0, 17.04, 39.69, 41.34, 28.51, 17.97, 28.72, 36.1, 32.32, 20.99, 15.0, 10.66, 43.13, 15.48, 28.18, 17.88, 21.58, 39.11, 35.01, 8.28, 49.11, 38.33, 20.01, 16.93, 20.24, 30.4, 24.71, 8.01, 5.77, 21.45, 23.42, 38.94, 21.63, 35.83, 14.44, 34.08, 85.04], [0, 13.73, 21.5, 19.39, 22.52, 17.04, 0.0, 36.78, 33.41, 14.27, 15.12, 42.18, 32.34, 23.02, 5.32, 20.11, 18.8, 27.67, 22.4, 25.35, 13.7, 8.7, 29.62, 25.04, 12.31, 43.21, 24.74, 16.54, 5.97, 9.57, 25.73, 20.45, 17.63, 12.3, 7.02, 36.4, 32.85, 8.83, 29.41, 22.11, 20.04, 84.23], [0, 47.74, 15.68, 19.81, 29.13, 39.69, 36.78, 0.0, 11.75, 28.3, 23.06, 67.37, 4.52, 16.98, 33.25, 25.04, 29.48, 33.9, 25.59, 11.89, 32.94, 28.94, 15.51, 17.33, 32.38, 11.1, 26.16, 21.09, 42.59, 37.38, 11.06, 16.5, 46.71, 35.4, 31.14, 62.6, 7.53, 28.82, 9.5, 26.73, 27.2, 47.46], [0, 46.25, 16.85, 14.05, 33.61, 41.34, 33.41, 11.75, 0.0, 21.43, 23.37, 70.03, 9.83, 10.41, 28.76, 28.66, 32.63, 23.06, 30.17, 14.81, 29.57, 24.74, 4.87, 8.86, 33.17, 10.45, 15.9, 21.34, 39.36, 33.0, 11.68, 16.76, 47.07, 36.08, 26.68, 64.75, 4.58, 24.61, 5.94, 31.17, 18.33, 53.6], [0, 28.0, 16.78, 8.49, 27.96, 28.51, 14.27, 28.3, 21.43, 0.0, 15.43, 55.86, 23.87, 11.6, 8.95, 23.45, 24.89, 14.71, 25.98, 19.56, 11.3, 6.93, 16.92, 12.57, 20.95, 31.83, 10.48, 15.02, 19.68, 12.67, 18.08, 15.44, 31.3, 22.78, 7.49, 50.14, 22.35, 6.87, 19.2, 26.34, 5.82, 74.62], [0, 24.69, 7.42, 12.41, 12.86, 17.97, 15.12, 23.06, 23.37, 15.43, 0.0, 46.67, 18.96, 14.75, 13.7, 8.06, 10.38, 29.34, 10.57, 11.16, 11.84, 10.42, 21.33, 17.51, 9.85, 31.49, 22.79, 11.72, 20.36, 16.85, 12.73, 6.9, 24.06, 12.82, 12.19, 41.39, 21.13, 10.35, 17.92, 11.0, 19.54, 70.14], [0, 29.65, 53.42, 57.97, 38.36, 28.72, 42.18, 67.37, 70.03, 55.86, 46.67, 0.0, 64.19, 61.0, 47.27, 42.38, 37.99, 69.84, 41.83, 56.4, 44.58, 49.13, 67.82, 63.66, 36.99, 77.39, 66.17, 48.69, 38.5, 44.83, 58.88, 53.32, 24.6, 34.24, 48.39, 5.79, 67.44, 49.21, 64.43, 40.69, 61.65, 110.0], [0, 43.56, 11.53, 15.39, 26.3, 36.1, 32.34, 4.52, 9.83, 23.87, 18.96, 64.19, 0.0, 12.74, 28.74, 21.84, 26.2, 30.36, 22.74, 7.94, 28.48, 24.43, 12.47, 13.44, 28.52, 13.26, 22.47, 16.94, 38.18, 32.88, 6.6, 12.23, 42.86, 31.54, 26.63, 59.26, 5.28, 24.31, 5.69, 23.85, 23.09, 51.91], [0, 36.03, 10.48, 17.24, 26.8, 32.32, 23.02, 16.98, 10.41, 11.6, 14.75, 61.0, 12.74, 0.0, 18.36, 21.67, 24.94, 18.62, 23.74, 11.06, 19.2, 14.33, 6.9, 11.48, 24.04, 20.53, 10.7, 12.98, 28.97, 22.61, 8.28, 9.63, 37.37, 26.77, 16.28, 55.56, 10.75, 14.21, 7.64, 24.54, 10.39, 63.04], [0, 19.04, 18.75, 14.73, 23.82, 20.99, 5.32, 33.25, 28.76, 8.95, 13.7, 47.27, 28.74, 18.36, 0.0, 20.39, 20.24, 22.61, 22.9, 22.42, 9.27, 4.31, 24.74, 20.17, 14.63, 38.82, 19.42, 14.55, 10.88, 4.25, 22.22, 17.53, 22.67, 15.6, 10.63, 41.51, 28.64, 4.44, 25.22, 22.87, 14.72, 80.58], [0, 25.65, 11.87, 19.96, 5.13, 15.0, 20.11, 25.04, 28.66, 23.45, 8.06, 42.38, 21.84, 21.67, 20.39, 0.0, 4.45, 37.37, 9.4, 14.21, 17.82, 17.9, 27.64, 24.43, 9.47, 35.08, 30.62, 9.05, 24.08, 22.62, 17.03, 12.27, 22.64, 12.01, 19.32, 37.56, 25.46, 17.86, 22.78, 19.06, 27.56, 70.08], [0, 22.13, 15.78, 22.78, 9.58, 10.66, 18.8, 29.48, 32.63, 24.89, 10.38, 37.99, 26.2, 24.94, 20.24, 4.45, 0.0, 39.33, 4.94, 18.46, 17.31, 18.62, 31.25, 27.72, 6.75, 39.42, 33.09, 11.96, 21.83, 21.67, 21.12, 15.96, 18.47, 8.57, 19.6, 33.12, 29.64, 18.61, 26.82, 17.31, 29.6, 74.38], [0, 40.91, 28.24, 18.24, 42.17, 43.13, 27.67, 33.9, 23.06, 14.71, 29.34, 69.84, 30.36, 18.62, 22.61, 37.37, 39.33, 0.0, 39.82, 29.61, 25.48, 21.6, 18.51, 17.05, 35.66, 32.41, 7.97, 28.43, 32.02, 25.17, 26.9, 27.08, 45.26, 37.44, 21.75, 64.06, 26.45, 21.56, 24.67, 40.33, 9.81, 75.1], [0, 27.01, 13.62, 22.23, 14.52, 15.48, 22.4, 25.59, 30.17, 25.98, 10.57, 41.83, 22.74, 23.74, 22.9, 9.4, 4.94, 39.82, 0.0, 15.45, 20.27, 20.46, 29.47, 26.47, 11.16, 35.99, 32.96, 11.42, 26.1, 25.0, 18.48, 14.18, 23.37, 13.38, 21.86, 37.23, 26.72, 20.43, 24.24, 21.57, 30.01, 69.65], [0, 35.85, 14.63, 11.83, 18.96, 28.18, 25.35, 11.89, 14.81, 19.56, 11.16, 56.4, 7.94, 11.06, 22.42, 14.21, 18.46, 29.61, 15.45, 0.0, 21.62, 18.21, 14.92, 13.22, 20.59, 21.0, 21.75, 9.22, 31.01, 26.34, 10.76, 4.92, 34.93, 23.61, 20.42, 51.4, 11.28, 18.1, 8.88, 16.5, 20.69, 59.1], [0, 17.1, 17.8, 15.59, 20.95, 17.88, 13.7, 32.94, 29.57, 11.3, 11.84, 44.58, 28.48, 19.2, 9.27, 17.82, 17.31, 25.48, 20.27, 21.62, 0.0, 5.0, 25.88, 21.31, 11.5, 39.33, 21.72, 13.05, 9.85, 5.01, 21.89, 16.7, 20.0, 12.44, 11.39, 38.85, 28.96, 5.12, 25.51, 20.15, 17.11, 80.39], [0, 22.09, 14.62, 10.7, 21.95, 21.58, 8.7, 28.94, 24.74, 6.93, 10.42, 49.13, 24.43, 14.33, 4.31, 17.9, 18.62, 21.6, 20.46, 18.21, 5.0, 0.0, 20.92, 16.34, 14.11, 34.66, 17.04, 10.86, 14.64, 8.5, 17.92, 13.36, 24.66, 15.86, 14.42, 43.45, 24.41, 8.75, 20.98, 20.63, 12.58, 76.27], [0, 42.84, 15.85, 10.34, 32.74, 39.11, 29.62, 15.51, 4.87, 16.92, 21.33, 67.82, 12.47, 6.9, 24.74, 27.64, 31.25, 18.51, 29.47, 14.92, 25.88, 20.92, 0.0, 4.58, 30.84, 15.24, 11.1, 19.43, 35.52, 28.92, 11.61, 15.38, 44.27, 33.61, 22.72, 62.4, 7.99, 20.8, 7.0, 30.38, 13.48, 58.44], [0, 38.29, 13.08, 5.83, 29.56, 35.01, 25.04, 17.33, 8.86, 12.57, 17.51, 63.66, 13.44, 11.48, 20.17, 24.43, 27.72, 17.05, 26.47, 13.22, 21.31, 16.34, 4.58, 0.0, 26.73, 19.28, 9.09, 15.76, 30.94, 24.36, 10.17, 12.31, 39.9, 29.42, 18.14, 58.19, 10.36, 16.22, 7.85, 27.29, 9.99, 62.25], [0, 16.28, 17.09, 21.14, 10.43, 8.28, 12.31, 32.38, 33.17, 20.95, 9.85, 36.99, 28.52, 24.04, 14.63, 9.47, 6.75, 35.66, 11.16, 20.59, 11.5, 14.11, 30.84, 26.73, 0.0, 41.28, 30.36, 11.92, 15.08, 15.34, 22.5, 16.72, 14.35, 14.05, 14.49, 31.61, 30.97, 14.14, 27.78, 10.56, 26.3, 78.76], [0, 55.52, 24.21, 24.12, 39.55, 49.11, 43.21, 11.1, 10.45, 31.83, 31.49, 77.39, 13.26, 20.53, 38.82, 35.08, 39.42, 32.41, 35.99, 21.0, 39.33, 34.66, 15.24, 19.28, 41.28, 0.0, 25.91, 29.42, 49.18, 43.07, 18.78, 24.59, 55.55, 44.29, 36.71, 72.39, 10.48, 34.54, 13.9, 37.1, 28.72, 43.23], [0, 38.46, 20.67, 10.82, 35.61, 38.33, 24.74, 26.16, 15.9, 10.48, 22.79, 66.17, 22.47, 10.7, 19.42, 30.62, 33.09, 7.97, 32.96, 21.75, 21.72, 17.04, 11.1, 9.09, 30.36, 25.91, 0.0, 21.57, 30.02, 22.96, 18.96, 19.58, 41.67, 32.56, 17.94, 60.48, 18.82, 16.96, 16.81, 33.59, 4.73, 69.09], [0, 26.65, 5.41, 10.94, 14.08, 20.01, 16.54, 21.09, 21.34, 15.02, 11.72, 48.69, 16.94, 12.98, 14.55, 9.05, 11.96, 28.43, 11.42, 9.22, 13.05, 10.86, 19.43, 15.76, 11.92, 29.42, 21.57, 0.0, 21.99, 18.0, 10.66, 4.82, 26.14, 14.9, 12.83, 43.43, 19.06, 10.77, 15.86, 12.02, 18.63, 68.29], [0, 8.96, 27.15, 25.33, 25.48, 16.93, 5.97, 42.59, 39.36, 19.68, 20.36, 38.5, 38.18, 28.97, 10.88, 24.08, 21.83, 32.02, 26.1, 31.01, 9.85, 14.64, 35.52, 30.94, 15.08, 49.18, 30.02, 21.99, 0.0, 7.06, 31.58, 26.16, 14.74, 13.84, 12.81, 32.71, 38.81, 14.76, 35.37, 25.59, 25.29, 90.03], [0, 15.77, 22.58, 18.98, 25.37, 20.24, 9.57, 37.38, 33.0, 12.67, 16.85, 44.83, 32.88, 22.61, 4.25, 22.62, 21.67, 25.17, 25.0, 26.34, 5.01, 8.5, 28.92, 24.36, 15.34, 43.07, 22.96, 18.0, 7.06, 0.0, 26.33, 21.42, 20.42, 15.49, 6.38, 39.04, 32.88, 8.63, 29.47, 24.8, 18.23, 84.76], [0, 37.11, 5.47, 9.81, 21.94, 30.4, 25.73, 11.06, 11.68, 18.08, 12.73, 58.88, 6.6, 8.28, 22.22, 17.03, 21.12, 26.9, 18.48, 10.76, 21.89, 17.92, 11.61, 10.17, 22.5, 18.78, 18.96, 10.66, 31.58, 26.33, 0.0, 5.84, 36.78, 25.51, 20.13, 53.76, 8.57, 17.8, 5.76, 19.5, 18.4, 58.51], [0, 31.34, 10.24, 8.84, 17.37, 24.71, 20.45, 16.5, 16.76, 15.44, 6.9, 53.32, 12.23, 9.63, 17.53, 12.27, 15.96, 27.08, 14.18, 4.92, 16.7, 13.36, 15.38, 12.31, 16.72, 24.59, 19.58, 4.82, 26.16, 21.42, 5.84, 0.0, 30.96, 19.71, 15.55, 48.12, 14.26, 13.25, 11.12, 15.04, 17.59, 63.89], [0, 7.42, 31.4, 34.09, 20.86, 8.01, 17.63, 46.71, 47.07, 31.3, 24.06, 24.6, 42.86, 37.37, 22.67, 22.64, 18.47, 45.26, 23.37, 34.93, 20.0, 24.66, 44.27, 39.9, 14.35, 55.55, 41.67, 26.14, 14.74, 20.42, 36.78, 30.96, 0.0, 11.32, 23.81, 18.85, 45.17, 24.75, 41.9, 22.37, 37.1, 92.7], [0, 13.66, 20.1, 23.74, 11.96, 5.77, 12.3, 35.4, 36.08, 22.78, 12.82, 34.24, 31.54, 26.77, 15.6, 12.01, 8.57, 37.44, 13.38, 23.61, 12.44, 15.86, 33.61, 29.42, 14.05, 44.29, 32.56, 14.9, 13.84, 15.49, 25.51, 19.71, 11.32, 0.0, 15.85, 28.79, 33.96, 15.91, 30.74, 12.61, 28.33, 81.69], [0, 20.68, 16.79, 12.64, 23.07, 21.45, 7.02, 31.14, 26.68, 7.49, 12.19, 48.39, 26.63, 16.28, 10.63, 19.32, 19.6, 21.75, 21.86, 20.42, 11.39, 14.42, 22.72, 18.14, 14.49, 36.71, 17.94, 12.83, 12.81, 6.38, 20.13, 15.55, 23.81, 15.85, 0.0, 42.66, 26.51, 14.36, 23.09, 21.93, 13.31, 78.45], [0, 23.88, 48.29, 52.45, 33.84, 23.42, 36.4, 62.6, 64.75, 50.14, 41.39, 5.79, 59.26, 55.56, 41.51, 37.56, 33.12, 64.06, 37.23, 51.4, 38.85, 43.45, 62.4, 58.19, 31.61, 72.39, 60.48, 43.43, 32.71, 39.04, 53.76, 48.12, 18.85, 28.79, 42.66, 0.0, 62.32, 43.53, 59.24, 36.09, 55.94, 106.14], [0, 45.04, 14.03, 14.14, 30.24, 38.94, 32.85, 7.53, 4.58, 22.35, 21.13, 67.44, 5.28, 10.75, 28.64, 25.46, 29.64, 26.45, 26.72, 11.28, 28.96, 24.41, 7.99, 10.36, 30.97, 10.48, 18.82, 19.06, 38.81, 32.88, 8.57, 14.26, 45.17, 33.96, 26.51, 62.32, 0.0, 24.28, 10.51, 27.78, 20.35, 52.29], [0, 22.21, 14.51, 10.57, 21.93, 21.63, 8.83, 28.82, 24.61, 6.87, 10.35, 49.21, 24.31, 14.21, 4.44, 17.86, 18.61, 21.56, 20.43, 18.1, 5.12, 8.75, 20.8, 16.22, 14.14, 34.54, 16.96, 10.77, 14.76, 8.63, 17.8, 13.25, 24.75, 15.91, 14.36, 43.53, 24.28, 0.0, 20.85, 20.6, 12.51, 76.15], [0, 41.63, 11.06, 10.85, 27.7, 35.83, 29.41, 9.5, 5.94, 19.2, 17.92, 64.43, 5.69, 7.64, 25.22, 22.78, 26.82, 24.67, 24.24, 8.88, 25.51, 20.98, 7.0, 7.85, 27.78, 13.9, 16.81, 15.86, 35.37, 29.47, 5.76, 11.12, 41.9, 30.74, 23.09, 59.24, 10.51, 20.85, 0.0, 25.25, 17.71, 55.57], [0, 26.19, 14.54, 22.91, 20.99, 14.44, 22.11, 26.73, 31.17, 26.34, 11.0, 40.69, 23.85, 24.54, 22.87, 19.06, 17.31, 40.33, 21.57, 16.5, 20.15, 20.63, 30.38, 27.29, 10.56, 37.1, 33.59, 12.02, 25.59, 24.8, 19.5, 15.04, 22.37, 12.61, 21.93, 36.09, 27.78, 20.6, 25.25, 0.0, 30.52, 70.74], [0, 33.75, 18.83, 8.9, 32.38, 34.08, 20.04, 27.2, 18.33, 5.82, 19.54, 61.65, 23.09, 10.39, 14.72, 27.56, 29.6, 9.81, 30.01, 20.69, 17.11, 12.58, 13.48, 9.99, 26.3, 28.72, 4.73, 18.63, 25.29, 18.23, 18.4, 17.59, 37.1, 28.33, 13.31, 55.94, 20.35, 12.51, 17.71, 30.52, 0.0, 71.92], [0, 0, 0, 0, 0, 0, 0, 0, 0, 0, 0, 0, 0, 0, 0, 0, 0, 0, 0, 0, 0, 0, 0, 0, 0, 0, 0, 0, 0, 0, 0, 0, 0, 0, 0, 0, 0, 0, 0, 0, 0, 0]], "end_depot": 41, "horizon": [0.0, 2200.0], "instance_name": "40_98_A_75_C5", "speed_zone_count": 73, "speed_zones": [[0.0, 15.0], [15.0, 30.0], [30.0, 45.0], [45.0, 60.0], [60.0, 75.0], [75.0, 90.0], [90.0, 105.0], [105.0, 120.0], [120.0, 135.0], [135.0, 150.0], [150.0, 165.0], [165.0, 180.0], [180.0, 195.0], [195.0, 210.0], [210.0, 225.0], [225.0, 240.0], [240.0, 255.0], [255.0, 270.0], [270.0, 285.0], [285.0, 300.0], [300.0, 315.0], [315.0, 330.0], [330.0, 345.0], [345.0, 360.0], [360.0, 375.0], [375.0, 390.0], [390.0, 405.0], [405.0, 420.0], [420.0, 435.0], [435.0, 450.0], [450.0, 465.0], [465.0, 480.0], [480.0, 495.0], [495.0, 510.0], [510.0, 525.0], [525.0, 540.0], [540.0, 555.0], [555.0, 570.0], [570.0, 585.0], [585.0, 600.0], [600.0, 615.0], [615.0, 630.0], [630.0, 645.0], [645.0, 660.0], [660.0, 675.0], [675.0, 690.0], [690.0, 705.0], [705.0, 720.0], [720.0, 735.0], [735.0, 750.0], [750.0, 765.0], [765.0, 780.0], [780.0, 795.0], [795.0, 810.0], [810.0, 825.0], [825.0, 840.0], [840.0, 855.0], [855.0, 870.0], [870.0, 885.0], [885.0, 900.0], [900.0, 915.0], [915.0, 930.0], [930.0, 945.0], [945.0, 960.0], [960.0, 975.0], [975.0, 990.0], [990.0, 1005.0], [1005.0, 1020.0], [1020.0, 1035.0], [1035.0, 1050.0], [1050.0, 1065.0], [1065.0, 1080.0], [1080.0, 2200.0]], "start_depot": 0, "time_windows": [[0.0, 2200.0], [54.0, 151.0], [100.0, 213.0], [121.0, 241.0], [178.0, 317.0], [201.0, 347.0], [225.0, 379.0], [270.0, 439.0], [282.0, 456.0], [324.0, 511.0], [360.0, 560.0], [435.0, 660.0], [504.0, 752.0], [518.0, 770.0], [540.0, 799.0], [565.0, 833.0], [573.0, 843.0], [631.0, 921.0], [680.0, 986.0], [695.0, 1006.0], [716.0, 1034.0], [720.0, 1040.0], [738.0, 1063.0], [741.0, 1068.0], [764.0, 1098.0], [795.0, 1140.0], [816.0, 1167.0], [831.0, 1188.0], [848.0, 1210.0], [853.0, 1217.0], [873.0, 1244.0], [877.0, 1249.0], [900.0, 1280.0], [909.0, 1292.0], [921.0, 1308.0], [953.0, 1350.0], [1001.0, 1414.0], [1019.0, 1438.0], [1035.0, 1459.0], [1053.0, 1484.0], [1077.0, 1515.0], [0.0, 2200.0]], "vehicle_count": 1}