{"cluster_count": 3, "cluster_speeds": [[0.925, 0.85, 0.925, 1.0, 0.8325, 0.765, 0.8325, 0.9, 0.4625, 0.425, 0.4625, 0.5, 0.30525, 0.2805, 0.30525, 0.33, 0.37, 0.34, 0.37, 0.4, 0.555, 0.51, 0.555, 0.6, 0.6475, 0.595, 0.6475, 0.7, 0.37, 0.34, 0.37, 0.4, 0.30525, 0.2805, 0.30525, 0.33, 0.4625, 0.425, 0.4625, 0.5, 0.6475, 0.595, 0.6475, 0.7, 0.74, 0.68, 0.74, 0.8, 0.6475, 0.595, 0.6475, 0.7, 0.4625, 0.425, 0.4625, 0.5, 0.555, 0.51, 0.555, 0.6, 0.6475, 0.595, 0.6475, 0.7, 0.8325, 0.765, 0.8325, 0.9, 0.925, 0.85, 0.925, 1.0, 1.0], [0.87875, 0.8075, 0.87875, 0.95, 0.790875, 0.72675, 0.790875, 0.855, 0.439375, 0.40375, 0.439375, 0.475, 0.289988, 0.266475, 0.289988, 0.3135, 0.3515, 0.323, 0.3515, 0.38, 0.52725, 0.4845, 0.52725, 0.57, 0.6475, 0.595, 0.6475, 0.7, 0.37, 0.34, 0.37, 0.4, 0.30525, 0.2805, 0.30525, 0.33, 0.4625, 0.425, 0.4625, 0.5, 0.6475, 0.595, 0.6475, 0.7, 0.74, 0.68, 0.74, 0.8, 0.615125, 0.56525, 0.615125, 0.665, 0.439375, 0.40375, 0.439375, 0.475, 0.52725, 0.4845, 0.52725, 0.57, 0.615125, 0.56525, 0.615125, 0.665, 0.790875, 0.72675, 0.790875, 0.855, 0.87875, 0.8075, 0.87875, 0.95, 0.95], [0.9065, 0.833, 0.9065, 0.98, 0.81585, 0.7497, 0.81585, 0.882, 0.45325, 0.4165, 0.45325, 0.49, 0.299145, 0.27489, 0.299145, 0.3234, 0.3626, 0.3332, 0.3626, 0.392, 0.5439, 0.4998, 0.5439, 0.588, 0.6475, 0.595, 0.6475, 0.7, 0.37, 0.34, 0.37, 0.4, 0.30525, 0.2805, 0.30525, 0.33, 0.4625, 0.425, 0.4625, 0.5, 0.6475, 0.595, 0.6475, 0.7, 0.74, 0.68, 0.74, 0.8, 0.63455, 0.5831, 0.63455, 0.686, 0.45325, 0.4165, 0.45325, 0.49, 0.5439, 0.4998, 0.5439, 0.588, 0.63455, 0.5831, 0.63455, 0.686, 0.81585, 0.7497, 0.81585, 0.882, 0.9065, 0.833, 0.9065, 0.98, 0.98]], "clusters": [[-1, 2, 2, 2, 2, 2, 2, 2, 2, 2, 2, 2, 2, 2, 2, 2, 2, 2, 2, 2, 2, 2, 2, 2, 2, 2, 2, 2, 2, 2, 2, 2, 2, 2, 2, 2, 2, 2, 2, 2, 2, -1], [1, -1, 1, 1, 1, 1, 1, 1, 1, 1, 1, 1, 1, 1, 1, 1, 1, 1, 1, 1, 1, 1, 1, 1, 1, 1, 1, 1, 1, 1, 1, 1, 1, 1, 1, 1, 1, 1, 1, 1, 1, 1], [1, 1, -1, 1, 1, 1, 1, 1, 1, 1, 1, 1, 1, 1, 1, 1, 1, 1, 1, 1, 1, 1, 1, 1, 1, 1, 1, 1, 1, 1, 1, 1, 1, 1, 1, 1, 1, 1, 1, 1, 1, 1], [0, 0, 0, -1, 0, 0, 0, 0, 0, 0, 0, 0, 0, 0, 0, 0, 0, 0, 0, 0, 0, 0, 0, 0, 0, 0, 0, 0, 0, 0, 0, 0, 0, 0, 0, 0, 0, 0, 0, 0, 0, 0], [2, 2, 2, 2, -1, 2, 2, 2, 2, 2, 2, 2, 2, 2, 2, 2, 2, 2, 2, 2, 2, 2, 2, 2, 2, 2, 2, 2, 2, 2, 2, 2, 2, 2, 2, 2, 2, 2, 2, 2, 2, 2], [2, 2, 2, 2, 2, -1, 2, 2, 2, 2, 2, 2, 2, 2, 2, 2, 2, 2, 2, 2, 2, 2, 2, 2, 2, 2, 2, 2, 2, 2, 2, 2, 2, 2, 2, 2, 2, 2, 2, 2, 2, 2], [0, 0, 0, 0, 0, 0, -1, 0, 0, 0, 0, 0, 0, 0, 0, 0, 0, 0, 0, 0, 0, 0, 0, 0, 0, 0, 0, 0, 0, 0, 0, 0, 0, 0, 0, 0, 0, 0, 0, 0, 0, 0], [2, 2, 2, 2, 2, 2, 2, -1, 2, 2, 2, 2, 2, 2, 2, 2, 2, 2, 2, 2, 2, 2, 2, 2, 2, 2, 2, 2, 2, 2, 2, 2, 2, 2, 2, 2, 2, 2, 2, 2, 2, 2], [0, 0, 0, 0, 0, 0, 0, 0, -1, 0, 0, 0, 0, 0, 0, 0, 0, 0, 0, 0, 0, 0, 0, 0, 0, 0, 0, 0, 0, 0, 0, 0, 0, 0, 0, 0, 0, 0, 0, 0, 0, 0], [1, 1, 1, 1, 1, 1, 1, 1, 1, -1, 1, 1, 1, 1, 1, 1, 1, 1, 1, 1, 1, 1, 1, 1, 1, 1, 1, 1, 1, 1, 1, 1, 1, 1, 1, 1, 1, 1, 1, 1, 1, 1], [2, 2, 2, 2, 2, 2, 2, 2, 2, 2, -1, 2, 2, 2, 2, 2, 2, 2, 2, 2, 2, 2, 2, 2, 2, 2, 2, 2, 2, 2, 2, 2, 2, 2, 2, 2, 2, 2, 2, 2, 2, 2], [1, 1, 1, 1, 1, 1, 1, 1, 1, 1, 1, -1, 1, 1, 1, 1, 1, 1, 1, 1, 1, 1, 1, 1, 1, 1, 1, 1, 1, 1, 1, 1, 1, 1, 1, 1, 1, 1, 1, 1, 1, 1], [1, 1, 1, 1, 1, 1, 1, 1, 1, 1, 1, 1, -1, 1, 1, 1, 1, 1, 1, 1, 1, 1, 1, 1, 1, 1, 1, 1, 1, 1, 1, 1, 1, 1, 1, 1, 1, 1, 1, 1, 1, 1], [0, 0, 0, 0, 0, 0, 0, 0, 0, 0, 0, 0, 0, -1, 0, 0, 0, 0, 0, 0, 0, 0, 0, 0, 0, 0, 0, 0, 0, 0, 0, 0, 0, 0, 0, 0, 0, 0, 0, 0, 0, 0], [2, 2, 2, 2, 2, 2, 2, 2, 2, 2, 2, 2, 2, 2, -1, 2, 2, 2, 2, 2, 2, 2, 2, 2, 2, 2, 2, 2, 2, 2, 2, 2, 2, 2, 2, 2, 2, 2, 2, 2, 2, 2], [0, 0, 0, 0, 0, 0, 0, 0, 0, 0, 0, 0, 0, 0, 0, -1, 0, 0, 0, 0, 0, 0, 0, 0, 0, 0, 0, 0, 0, 0, 0, 0, 0, 0, 0, 0, 0, 0, 0, 0, 0, 0], [0, 0, 0, 0, 0, 0, 0, 0, 0, 0, 0, 0, 0, 0, 0, 0, -1, 0, 0, 0, 0, 0, 0, 0, 0, 0, 0, 0, 0, 0, 0, 0, 0, 0, 0, 0, 0, 0, 0, 0, 0, 0], [2, 2, 2, 2, 2, 2, 2, 2, 2, 2, 2, 2, 2, 2, 2, 2, 2, -1, 2, 2, 2, 2, 2, 2, 2, 2, 2, 2, 2, 2, 2, 2, 2, 2, 2, 2, 2, 2, 2, 2, 2, 2], [0, 0, 0, 0, 0, 0, 0, 0, 0, 0, 0, 0, 0, 0, 0, 0, 0, 0, -1, 0, 0, 0, 0, 0, 0, 0, 0, 0, 0, 0, 0, 0, 0, 0, 0, 0, 0, 0, 0, 0, 0, 0], [0, 0, 0, 0, 0, 0, 0, 0, 0, 0, 0, 0, 0, 0, 0, 0, 0, 0, 0, -1, 0, 0, 0, 0, 0, 0, 0, 0, 0, 0, 0, 0, 0, 0, 0, 0, 0, 0, 0, 0, 0, 0], [2, 2, 2, 2, 2, 2, 2, 2, 2, 2, 2, 2, 2, 2, 2, 2, 2, 2, 2, 2, -1, 2, 2, 2, 2, 2, 2, 2, 2, 2, 2, 2, 2, 2, 2, 2, 2, 2, 2, 2, 2, 2], [1, 1, 1, 1, 1, 1, 1, 1, 1, 1, 1, 1, 1, 1, 1, 1, 1, 1, 1, 1, 1, -1, 1, 1, 1, 1, 1, 1, 1, 1, 1, 1, 1, 1, 1, 1, 1, 1, 1, 1, 1, 1], [2, 2, 2, 2, 2, 2, 2, 2, 2, 2, 2, 2, 2, 2, 2, 2, 2, 2, 2, 2, 2, 2, -1, 2, 2, 2, 2, 2, 2, 2, 2, 2, 2, 2, 2, 2, 2, 2, 2, 2, 2, 2], [0, 0, 0, 0, 0, 0, 0, 0, 0, 0, 0, 0, 0, 0, 0, 0, 0, 0, 0, 0, 0, 0, 0, -1, 0, 0, 0, 0, 0, 0, 0, 0, 0, 0, 0, 0, 0, 0, 0, 0, 0, 0], [2, 2, 2, 2, 2, 2, 2, 2, 2, 2, 2, 2, 2, 2, 2, 2, 2, 2, 2, 2, 2, 2, 2, 2, -1, 2, 2, 2, 2, 2, 2, 2, 2, 2, 2, 2, 2, 2, 2, 2, 2, 2], [1, 1, 1, 1, 1, 1, 1, 1, 1, 1, 1, 1, 1, 1, 1, 1, 1, 1, 1, 1, 1, 1, 1, 1, 1, -1, 1, 1, 1, 1, 1, 1, 1, 1, 1, 1, 1, 1, 1, 1, 1, 1], [0, 0, 0, 0, 0, 0, 0, 0, 0, 0, 0, 0, 0, 0, 0, 0, 0, 0, 0, 0, 0, 0, 0, 0, 0, 0, -1, 0, 0, 0, 0, 0, 0, 0, 0, 0, 0, 0, 0, 0, 0, 0], [2, 2, 2, 2, 2, 2, 2, 2, 2, 2, 2, 2, 2, 2, 2, 2, 2, 2, 2, 2, 2, 2, 2, 2, 2, 2, 2, -1, 2, 2, 2, 2, 2, 2, 2, 2, 2, 2, 2, 2, 2, 2], [1, 1, 1, 1, 1, 1, 1, 1, 1, 1, 1, 1, 1, 1, 1, 1, 1, 1, 1, 1, 1, 1, 1, 1, 1, 1, 1, 1, -1, 1, 1, 1, 1, 1, 1, 1, 1, 1, 1, 1, 1, 1], [2, 2, 2, 2, 2, 2, 2, 2, 2, 2, 2, 2, 2, 2, 2, 2, 2, 2, 2, 2, 2, 2, 2, 2, 2, 2, 2, 2, 2, -1, 2, 2, 2, 2, 2, 2, 2, 2, 2, 2, 2, 2], [0, 0, 0, 0, 0, 0, 0, 0, 0, 0, 0, 0, 0, 0, 0, 0, 0, 0, 0, 0, 0, 0, 0, 0, 0, 0, 0, 0, 0, 0, -1, 0, 0, 0, 0, 0, 0, 0, 0, 0, 0, 0], [1, 1, 1, 1, 1, 1, 1, 1, 1, 1, 1, 1, 1, 1, 1, 1, 1, 1, 1, 1, 1, 1, 1, 1, 1, 1, 1, 1, 1, 1, 1, -1, 1, 1, 1, 1, 1, 1, 1, 1, 1, 1], [1, 1, 1, 1, 1, 1, 1, 1, 1, 1, 1, 1, 1, 1, 1, 1, 1, 1, 1, 1, 1, 1, 1, 1, 1, 1, 1, 1, 1, 1, 1, 1, -1, 1, 1, 1, 1, 1, 1, 1, 1, 1], [0, 0, 0, 0, 0, 0, 0, 0, 0, 0, 0, 0, 0, 0, 0, 0, 0, 0, 0, 0, 0, 0, 0, 0, 0, 0, 0, 0, 0, 0, 0, 0, 0, -1, 0, 0, 0, 0, 0, 0, 0, 0], [2, 2, 2, 2, 2, 2, 2, 2, 2, 2, 2, 2, 2, 2, 2, 2, 2, 2, 2, 2, 2, 2, 2, 2, 2, 2, 2, 2, 2, 2, 2, 2, 2, 2, -1, 2, 2, 2, 2, 2, 2, 2], [0, 0, 0, 0, 0, 0, 0, 0, 0, 0, 0, 0, 0, 0, 0, 0, 0, 0, 0, 0, 0, 0, 0, 0, 0, 0, 0, 0, 0, 0, 0, 0, 0, 0, 0, -1, 0, 0, 0, 0, 0, 0], [2, 2, 2, 2, 2, 2, 2, 2, 2, 2, 2, 2, 2, 2, 2, 2, 2, 2, 2, 2, 2, 2, 2, 2, 2, 2, 2, 2, 2, 2, 2, 2, 2, 2, 2, 2, -1, 2, 2, 2, 2, 2], [0, 0, 0, 0, 0, 0, 0, 0, 0, 0, 0, 0, 0, 0, 0, 0, 0, 0, 0, 0, 0, 0, 0, 0, 0, 0, 0, 0, 0, 0, 0, 0, 0, 0, 0, 0, 0, -1, 0, 0, 0, 0], [1, 1, 1, 1, 1, 1, 1, 1, 1, 1, 1, 1, 1, 1, 1, 1, 1, 1, 1, 1, 1, 1, 1, 1, 1, 1, 1, 1, 1, 1, 1, 1, 1, 1, 1, 1, 1, 1, -1, 1, 1, 1], [0, 0, 0, 0, 0, 0, 0, 0, 0, 0, 0, 0, 0, 0, 0, 0, 0, 0, 0, 0, 0, 0, 0, 0, 0, 0, 0, 0, 0, 0, 0, 0, 0, 0, 0, 0, 0, 0, 0, -1, 0, 0], [0, 0, 0, 0, 0, 0, 0, 0, 0, 0, 0, 0, 0, 0, 0, 0, 0, 0, 0, 0, 0, 0, 0, 0, 0, 0, 0, 0, 0, 0, 0, 0, 0, 0, 0, 0, 0, 0, 0, 0, -1, 0], [-1, 2, 2, 2, 2, 2, 2, 2, 2, 2, 2, 2, 2, 2, 2, 2, 2, 2, 2, 2, 2, 2, 2, 2, 2, 2, 2, 2, 2, 2, 2, 2, 2, 2, 2, 2, 2, 2, 2, 2, 2, -1]], "dataset_name": "guerriero_et_al_2014b", "digraph": {"arc_count": 1640, "arcs": [[0, 1, 1, 1, 1, 1, 1, 1, 1, 1, 1, 1, 1, 1, 1, 1, 1, 1, 1, 1, 1, 1, 1, 1, 1, 1, 1, 1, 1, 1, 1, 1, 1, 1, 1, 1, 1, 1, 1, 1, 1, 0], [0, 0, 1, 1, 1, 1, 1, 1, 1, 1, 1, 1, 1, 1, 1, 1, 1, 1, 1, 1, 1, 1, 1, 1, 1, 1, 1, 1, 1, 1, 1, 1, 1, 1, 1, 1, 1, 1, 1, 1, 1, 1], [0, 1, 0, 1, 1, 1, 1, 1, 1, 1, 1, 1, 1, 1, 1, 1, 1, 1, 1, 1, 1, 1, 1, 1, 1, 1, 1, 1, 1, 1, 1, 1, 1, 1, 1, 1, 1, 1, 1, 1, 1, 1], [0, 1, 1, 0, 1, 1, 1, 1, 1, 1, 1, 1, 1, 1, 1, 1, 1, 1, 1, 1, 1, 1, 1, 1, 1, 1, 1, 1, 1, 1, 1, 1, 1, 1, 1, 1, 1, 1, 1, 1, 1, 1], [0, 1, 1, 1, 0, 1, 1, 1, 1, 1, 1, 1, 1, 1, 1, 1, 1, 1, 1, 1, 1, 1, 1, 1, 1, 1, 1, 1, 1, 1, 1, 1, 1, 1, 1, 1, 1, 1, 1, 1, 1, 1], [0, 1, 1, 1, 1, 0, 1, 1, 1, 1, 1, 1, 1, 1, 1, 1, 1, 1, 1, 1, 1, 1, 1, 1, 1, 1, 1, 1, 1, 1, 1, 1, 1, 1, 1, 1, 1, 1, 1, 1, 1, 1], [0, 1, 1, 1, 1, 1, 0, 1, 1, 1, 1, 1, 1, 1, 1, 1, 1, 1, 1, 1, 1, 1, 1, 1, 1, 1, 1, 1, 1, 1, 1, 1, 1, 1, 1, 1, 1, 1, 1, 1, 1, 1], [0, 1, 1, 1, 1, 1, 1, 0, 1, 1, 1, 1, 1, 1, 1, 1, 1, 1, 1, 1, 1, 1, 1, 1, 1, 1, 1, 1, 1, 1, 1, 1, 1, 1, 1, 1, 1, 1, 1, 1, 1, 1], [0, 1, 1, 1, 1, 1, 1, 1, 0, 1, 1, 1, 1, 1, 1, 1, 1, 1, 1, 1, 1, 1, 1, 1, 1, 1, 1, 1, 1, 1, 1, 1, 1, 1, 1, 1, 1, 1, 1, 1, 1, 1], [0, 1, 1, 1, 1, 1, 1, 1, 1, 0, 1, 1, 1, 1, 1, 1, 1, 1, 1, 1, 1, 1, 1, 1, 1, 1, 1, 1, 1, 1, 1, 1, 1, 1, 1, 1, 1, 1, 1, 1, 1, 1], [0, 1, 1, 1, 1, 1, 1, 1, 1, 1, 0, 1, 1, 1, 1, 1, 1, 1, 1, 1, 1, 1, 1, 1, 1, 1, 1, 1, 1, 1, 1, 1, 1, 1, 1, 1, 1, 1, 1, 1, 1, 1], [0, 1, 1, 1, 1, 1, 1, 1, 1, 1, 1, 0, 1, 1, 1, 1, 1, 1, 1, 1, 1, 1, 1, 1, 1, 1, 1, 1, 1, 1, 1, 1, 1, 1, 1, 1, 1, 1, 1, 1, 1, 1], [0, 1, 1, 1, 1, 1, 1, 1, 1, 1, 1, 1, 0, 1, 1, 1, 1, 1, 1, 1, 1, 1, 1, 1, 1, 1, 1, 1, 1, 1, 1, 1, 1, 1, 1, 1, 1, 1, 1, 1, 1, 1], [0, 1, 1, 1, 1, 1, 1, 1, 1, 1, 1, 1, 1, 0, 1, 1, 1, 1, 1, 1, 1, 1, 1, 1, 1, 1, 1, 1, 1, 1, 1, 1, 1, 1, 1, 1, 1, 1, 1, 1, 1, 1], [0, 1, 1, 1, 1, 1, 1, 1, 1, 1, 1, 1, 1, 1, 0, 1, 1, 1, 1, 1, 1, 1, 1, 1, 1, 1, 1, 1, 1, 1, 1, 1, 1, 1, 1, 1, 1, 1, 1, 1, 1, 1], [0, 1, 1, 1, 1, 1, 1, 1, 1, 1, 1, 1, 1, 1, 1, 0, 1, 1, 1, 1, 1, 1, 1, 1, 1, 1, 1, 1, 1, 1, 1, 1, 1, 1, 1, 1, 1, 1, 1, 1, 1, 1], [0, 1, 1, 1, 1, 1, 1, 1, 1, 1, 1, 1, 1, 1, 1, 1, 0, 1, 1, 1, 1, 1, 1, 1, 1, 1, 1, 1, 1, 1, 1, 1, 1, 1, 1, 1, 1, 1, 1, 1, 1, 1], [0, 1, 1, 1, 1, 1, 1, 1, 1, 1, 1, 1, 1, 1, 1, 1, 1, 0, 1, 1, 1, 1, 1, 1, 1, 1, 1, 1, 1, 1, 1, 1, 1, 1, 1, 1, 1, 1, 1, 1, 1, 1], [0, 1, 1, 1, 1, 1, 1, 1, 1, 1, 1, 1, 1, 1, 1, 1, 1, 1, 0, 1, 1, 1, 1, 1, 1, 1, 1, 1, 1, 1, 1, 1, 1, 1, 1, 1, 1, 1, 1, 1, 1, 1], [0, 1, 1, 1, 1, 1, 1, 1, 1, 1, 1, 1, 1, 1, 1, 1, 1, 1, 1, 0, 1, 1, 1, 1, 1, 1, 1, 1, 1, 1, 1, 1, 1, 1, 1, 1, 1, 1, 1, 1, 1, 1], [0, 1, 1, 1, 1, 1, 1, 1, 1, 1, 1, 1, 1, 1, 1, 1, 1, 1, 1, 1, 0, 1, 1, 1, 1, 1, 1, 1, 1, 1, 1, 1, 1, 1, 1, 1, 1, 1, 1, 1, 1, 1], [0, 1, 1, 1, 1, 1, 1, 1, 1, 1, 1, 1, 1, 1, 1, 1, 1, 1, 1, 1, 1, 0, 1, 1, 1, 1, 1, 1, 1, 1, 1, 1, 1, 1, 1, 1, 1, 1, 1, 1, 1, 1], [0, 1, 1, 1, 1, 1, 1, 1, 1, 1, 1, 1, 1, 1, 1, 1, 1, 1, 1, 1, 1, 1, 0, 1, 1, 1, 1, 1, 1, 1, 1, 1, 1, 1, 1, 1, 1, 1, 1, 1, 1, 1], [0, 1, 1, 1, 1, 1, 1, 1, 1, 1, 1, 1, 1, 1, 1, 1, 1, 1, 1, 1, 1, 1, 1, 0, 1, 1, 1, 1, 1, 1, 1, 1, 1, 1, 1, 1, 1, 1, 1, 1, 1, 1], [0, 1, 1, 1, 1, 1, 1, 1, 1, 1, 1, 1, 1, 1, 1, 1, 1, 1, 1, 1, 1, 1, 1, 1, 0, 1, 1, 1, 1, 1, 1, 1, 1, 1, 1, 1, 1, 1, 1, 1, 1, 1], [0, 1, 1, 1, 1, 1, 1, 1, 1, 1, 1, 1, 1, 1, 1, 1, 1, 1, 1, 1, 1, 1, 1, 1, 1, 0, 1, 1, 1, 1, 1, 1, 1, 1, 1, 1, 1, 1, 1, 1, 1, 1], [0, 1, 1, 1, 1, 1, 1, 1, 1, 1, 1, 1, 1, 1, 1, 1, 1, 1, 1, 1, 1, 1, 1, 1, 1, 1, 0, 1, 1, 1, 1, 1, 1, 1, 1, 1, 1, 1, 1, 1, 1, 1], [0, 1, 1, 1, 1, 1, 1, 1, 1, 1, 1, 1, 1, 1, 1, 1, 1, 1, 1, 1, 1, 1, 1, 1, 1, 1, 1, 0, 1, 1, 1, 1, 1, 1, 1, 1, 1, 1, 1, 1, 1, 1], [0, 1, 1, 1, 1, 1, 1, 1, 1, 1, 1, 1, 1, 1, 1, 1, 1, 1, 1, 1, 1, 1, 1, 1, 1, 1, 1, 1, 0, 1, 1, 1, 1, 1, 1, 1, 1, 1, 1, 1, 1, 1], [0, 1, 1, 1, 1, 1, 1, 1, 1, 1, 1, 1, 1, 1, 1, 1, 1, 1, 1, 1, 1, 1, 1, 1, 1, 1, 1, 1, 1, 0, 1, 1, 1, 1, 1, 1, 1, 1, 1, 1, 1, 1], [0, 1, 1, 1, 1, 1, 1, 1, 1, 1, 1, 1, 1, 1, 1, 1, 1, 1, 1, 1, 1, 1, 1, 1, 1, 1, 1, 1, 1, 1, 0, 1, 1, 1, 1, 1, 1, 1, 1, 1, 1, 1], [0, 1, 1, 1, 1, 1, 1, 1, 1, 1, 1, 1, 1, 1, 1, 1, 1, 1, 1, 1, 1, 1, 1, 1, 1, 1, 1, 1, 1, 1, 1, 0, 1, 1, 1, 1, 1, 1, 1, 1, 1, 1], [0, 1, 1, 1, 1, 1, 1, 1, 1, 1, 1, 1, 1, 1, 1, 1, 1, 1, 1, 1, 1, 1, 1, 1, 1, 1, 1, 1, 1, 1, 1, 1, 0, 1, 1, 1, 1, 1, 1, 1, 1, 1], [0, 1, 1, 1, 1, 1, 1, 1, 1, 1, 1, 1, 1, 1, 1, 1, 1, 1, 1, 1, 1, 1, 1, 1, 1, 1, 1, 1, 1, 1, 1, 1, 1, 0, 1, 1, 1, 1, 1, 1, 1, 1], [0, 1, 1, 1, 1, 1, 1, 1, 1, 1, 1, 1, 1, 1, 1, 1, 1, 1, 1, 1, 1, 1, 1, 1, 1, 1, 1, 1, 1, 1, 1, 1, 1, 1, 0, 1, 1, 1, 1, 1, 1, 1], [0, 1, 1, 1, 1, 1, 1, 1, 1, 1, 1, 1, 1, 1, 1, 1, 1, 1, 1, 1, 1, 1, 1, 1, 1, 1, 1, 1, 1, 1, 1, 1, 1, 1, 1, 0, 1, 1, 1, 1, 1, 1], [0, 1, 1, 1, 1, 1, 1, 1, 1, 1, 1, 1, 1, 1, 1, 1, 1, 1, 1, 1, 1, 1, 1, 1, 1, 1, 1, 1, 1, 1, 1, 1, 1, 1, 1, 1, 0, 1, 1, 1, 1, 1], [0, 1, 1, 1, 1, 1, 1, 1, 1, 1, 1, 1, 1, 1, 1, 1, 1, 1, 1, 1, 1, 1, 1, 1, 1, 1, 1, 1, 1, 1, 1, 1, 1, 1, 1, 1, 1, 0, 1, 1, 1, 1], [0, 1, 1, 1, 1, 1, 1, 1, 1, 1, 1, 1, 1, 1, 1, 1, 1, 1, 1, 1, 1, 1, 1, 1, 1, 1, 1, 1, 1, 1, 1, 1, 1, 1, 1, 1, 1, 1, 0, 1, 1, 1], [0, 1, 1, 1, 1, 1, 1, 1, 1, 1, 1, 1, 1, 1, 1, 1, 1, 1, 1, 1, 1, 1, 1, 1, 1, 1, 1, 1, 1, 1, 1, 1, 1, 1, 1, 1, 1, 1, 1, 0, 1, 1], [0, 1, 1, 1, 1, 1, 1, 1, 1, 1, 1, 1, 1, 1, 1, 1, 1, 1, 1, 1, 1, 1, 1, 1, 1, 1, 1, 1, 1, 1, 1, 1, 1, 1, 1, 1, 1, 1, 1, 1, 0, 1], [0, 0, 0, 0, 0, 0, 0, 0, 0, 0, 0, 0, 0, 0, 0, 0, 0, 0, 0, 0, 0, 0, 0, 0, 0, 0, 0, 0, 0, 0, 0, 0, 0, 0, 0, 0, 0, 0, 0, 0, 0, 0]], "vertex_count": 42}, "distances": [[0, 92.54, 89.97, 67.92, 90.9, 58.46, 69.9, 61.14, 68.53, 58.69, 102.76, 48.24, 79.86, 65.92, 100.3, 71.03, 56.51, 43.38, 74.43, 60.79, 94.85, 73.29, 39.96, 67.84, 43.1, 91.29, 74.22, 111.93, 56.03, 60.95, 72.96, 75.0, 87.42, 75.83, 40.08, 68.16, 86.91, 71.64, 74.77, 56.51, 59.41, 0], [0, 0.0, 12.23, 26.22, 23.82, 46.03, 25.78, 51.29, 24.11, 36.06, 10.61, 44.46, 24.53, 26.88, 16.19, 22.02, 36.08, 60.15, 18.66, 31.84, 43.46, 33.93, 52.98, 24.71, 56.56, 13.59, 20.54, 30.4, 37.3, 51.1, 22.65, 29.94, 6.33, 17.44, 60.38, 25.44, 24.74, 20.93, 29.01, 36.36, 33.14, 92.54], [0, 12.23, 0.0, 22.09, 11.67, 50.7, 20.15, 57.07, 22.93, 38.07, 16.11, 43.49, 13.96, 27.7, 10.46, 19.81, 34.28, 62.7, 21.68, 30.08, 31.31, 41.47, 52.0, 24.12, 58.48, 19.46, 25.32, 24.12, 37.86, 56.83, 27.64, 19.97, 15.48, 21.14, 62.13, 22.02, 12.6, 20.66, 36.52, 36.33, 32.23, 89.97], [0, 26.22, 22.09, 0.0, 25.68, 34.78, 11.77, 42.29, 5.92, 20.04, 35.55, 21.92, 15.35, 10.97, 32.51, 4.97, 12.63, 43.22, 13.57, 8.86, 39.02, 32.26, 30.23, 7.19, 38.55, 23.53, 17.21, 45.18, 18.01, 41.99, 18.43, 14.56, 22.87, 14.73, 41.9, 10.32, 22.44, 8.0, 28.49, 16.01, 11.56, 67.92], [0, 23.82, 11.67, 25.68, 0.0, 58.65, 22.65, 65.59, 28.9, 44.75, 25.2, 47.45, 11.11, 34.43, 14.25, 25.62, 38.22, 68.77, 30.52, 34.53, 19.64, 51.41, 55.49, 30.35, 64.17, 10.25, 34.66, 21.24, 43.47, 65.32, 36.9, 16.12, 26.97, 30.39, 67.57, 26.3, 18.45, 27.71, 46.58, 41.58, 37.16, 90.9], [0, 46.03, 50.7, 34.78, 58.65, 0.0, 38.13, 7.77, 30.06, 14.9, 56.34, 21.98, 49.69, 24.38, 60.11, 33.22, 25.73, 16.45, 29.04, 27.02, 73.79, 15.78, 23.96, 28.56, 15.38, 52.65, 25.81, 74.58, 18.27, 7.44, 23.55, 49.27, 39.71, 29.72, 18.71, 33.61, 56.17, 30.94, 18.99, 20.44, 24.26, 58.46], [0, 25.78, 20.15, 11.77, 22.65, 38.13, 0.0, 45.62, 8.8, 23.4, 34.5, 24.8, 12.09, 14.18, 30.41, 6.8, 15.58, 46.45, 15.59, 12.06, 35.66, 35.17, 32.93, 10.21, 41.74, 21.4, 19.55, 42.59, 21.31, 45.32, 21.0, 11.28, 23.19, 16.56, 45.04, 4.59, 19.27, 10.12, 31.22, 19.28, 14.82, 69.9], [0, 51.29, 57.07, 42.29, 65.59, 7.77, 45.62, 0.0, 37.34, 22.58, 61.26, 29.36, 56.99, 31.67, 66.08, 40.42, 33.5, 17.77, 35.44, 34.73, 81.23, 18.3, 30.18, 35.84, 18.86, 59.04, 31.8, 80.63, 26.04, 15.21, 29.48, 56.83, 44.97, 35.93, 21.21, 41.07, 63.29, 37.94, 22.7, 28.21, 31.99, 61.14], [0, 24.11, 22.93, 5.92, 28.9, 30.06, 8.8, 37.34, 0.0, 15.85, 34.23, 20.84, 19.65, 5.68, 33.3, 10.89, 12.02, 40.12, 8.28, 7.74, 43.94, 26.39, 29.42, 9.86, 35.72, 24.66, 11.47, 46.89, 14.98, 37.05, 12.55, 20.01, 19.63, 9.62, 39.3, 4.4, 26.17, 10.95, 22.57, 13.4, 9.42, 68.53], [0, 36.06, 38.07, 20.04, 44.75, 14.9, 23.4, 22.58, 15.85, 0.0, 46.67, 12.07, 35.2, 10.44, 48.13, 19.13, 11.44, 24.65, 17.47, 12.14, 59.04, 18.44, 18.96, 14.41, 20.63, 39.93, 15.97, 62.2, 4.48, 22.27, 14.4, 34.44, 30.15, 18.62, 24.41, 18.96, 41.96, 17.47, 17.6, 6.2, 9.43, 58.69], [0, 10.61, 16.11, 35.55, 25.2, 56.34, 34.5, 61.26, 34.23, 46.67, 0.0, 54.85, 30.07, 37.38, 12.26, 31.82, 46.25, 70.71, 29.25, 41.97, 43.64, 43.46, 63.4, 34.96, 67.16, 16.19, 31.09, 23.42, 47.84, 61.1, 33.15, 36.06, 16.73, 28.05, 70.98, 34.99, 27.64, 31.16, 38.69, 46.83, 43.45, 102.76], [0, 44.46, 43.49, 21.92, 47.45, 21.98, 24.8, 29.36, 20.84, 12.07, 54.85, 0.0, 36.67, 17.68, 53.94, 23.74, 9.31, 23.09, 26.19, 13.41, 58.26, 30.23, 8.58, 19.94, 18.11, 45.1, 26.21, 67.04, 8.23, 29.03, 25.21, 33.9, 39.2, 27.59, 20.88, 21.63, 43.98, 23.73, 29.67, 8.3, 11.44, 48.24], [0, 24.53, 13.96, 15.35, 11.11, 49.69, 12.09, 56.99, 19.65, 35.2, 30.07, 36.67, 0.0, 25.33, 22.21, 16.59, 27.57, 58.54, 23.58, 24.15, 24.46, 44.66, 44.54, 21.15, 53.82, 14.14, 27.92, 32.1, 33.37, 56.7, 29.91, 6.09, 25.0, 23.93, 57.1, 16.26, 7.34, 19.38, 40.17, 31.36, 26.9, 79.86], [0, 26.88, 27.7, 10.97, 34.43, 24.38, 14.18, 31.67, 5.68, 10.44, 37.38, 17.68, 25.33, 0.0, 37.86, 8.85, 10.44, 35.01, 8.52, 7.17, 49.59, 21.61, 26.14, 4.18, 30.81, 29.53, 9.46, 51.81, 10.51, 31.38, 9.46, 25.46, 21.51, 9.95, 34.49, 9.59, 31.81, 7.05, 18.33, 9.48, 6.93, 65.92], [0, 16.19, 10.46, 32.51, 14.25, 60.11, 30.41, 66.08, 33.3, 48.13, 12.26, 53.94, 22.21, 37.86, 0.0, 30.23, 44.73, 72.77, 31.17, 40.53, 31.53, 49.5, 62.45, 34.44, 68.67, 9.01, 34.35, 14.57, 48.16, 65.87, 36.66, 28.24, 21.87, 30.4, 72.35, 32.47, 17.57, 30.87, 44.52, 46.69, 42.65, 100.3], [0, 22.02, 19.81, 4.97, 25.62, 33.22, 6.8, 40.42, 10.89, 19.13, 31.82, 23.74, 16.59, 8.85, 30.23, 0.0, 14.66, 43.4, 8.82, 10.38, 41.0, 28.68, 32.29, 4.72, 38.98, 21.5, 12.75, 43.69, 18.22, 40.14, 14.27, 17.52, 18.16, 9.86, 42.54, 10.43, 22.96, 12.97, 24.57, 16.57, 12.42, 71.03], [0, 36.08, 34.28, 12.63, 38.22, 25.73, 15.58, 33.5, 12.02, 11.44, 46.25, 9.31, 27.57, 10.44, 44.73, 14.66, 0.0, 31.23, 18.66, 4.3, 49.96, 28.88, 17.72, 11.39, 26.39, 35.85, 19.86, 57.74, 7.46, 33.17, 19.57, 25.3, 31.28, 20.12, 29.56, 12.34, 34.83, 15.16, 26.81, 5.33, 9.79, 56.51], [0, 60.15, 62.7, 43.22, 68.77, 16.45, 46.45, 17.77, 40.12, 24.65, 70.71, 23.09, 58.54, 35.01, 72.77, 43.4, 31.23, 0.0, 41.89, 34.39, 81.13, 32.22, 18.76, 38.77, 5.0, 64.54, 39.62, 86.82, 25.29, 17.58, 37.59, 56.52, 53.99, 42.91, 34.21, 42.48, 65.65, 42.06, 35.12, 27.21, 31.66, 43.38], [0, 18.66, 21.68, 13.57, 30.52, 29.04, 15.59, 35.44, 8.28, 17.47, 29.25, 26.19, 23.58, 8.52, 31.17, 8.82, 18.66, 41.89, 0.0, 14.8, 47.88, 21.16, 34.59, 7.91, 38.08, 23.64, 4.34, 45.56, 18.7, 35.19, 6.42, 25.74, 13.04, 8.61, 41.87, 12.11, 28.75, 5.58, 16.59, 17.93, 15.3, 74.43], [0, 31.84, 30.08, 8.86, 34.53, 27.02, 12.06, 34.73, 7.74, 12.14, 41.97, 13.41, 24.15, 7.17, 40.53, 10.38, 4.3, 34.39, 14.8, 0.0, 47.3, 27.71, 21.93, 7.21, 29.69, 31.69, 16.54, 53.69, 9.34, 34.41, 16.63, 22.58, 27.16, 16.26, 33.04, 8.32, 31.3, 10.92, 24.98, 7.24, 11.7, 60.79], [0, 43.46, 31.31, 39.02, 19.64, 73.79, 35.66, 81.23, 43.94, 59.04, 43.64, 58.26, 24.46, 49.59, 31.53, 41.0, 49.96, 81.13, 47.88, 47.3, 0.0, 69.03, 65.05, 45.44, 76.22, 29.87, 52.2, 29.75, 56.63, 80.93, 54.27, 24.73, 46.43, 48.09, 79.14, 40.18, 19.62, 43.84, 64.43, 54.5, 50.13, 94.85], [0, 33.93, 41.47, 32.26, 51.41, 15.78, 35.17, 18.3, 26.39, 18.44, 43.46, 30.23, 44.66, 21.61, 49.5, 28.68, 28.88, 32.22, 21.16, 27.71, 69.03, 0.0, 35.63, 25.07, 30.68, 43.45, 16.86, 64.03, 22.87, 18.2, 14.76, 46.2, 27.76, 21.07, 34.25, 30.77, 49.86, 25.51, 4.99, 24.25, 25.82, 73.29], [0, 52.98, 52.0, 30.23, 55.49, 23.96, 32.93, 30.18, 29.42, 18.96, 63.4, 8.58, 44.54, 26.14, 62.45, 32.29, 17.72, 18.76, 34.59, 21.93, 65.05, 35.63, 0.0, 28.52, 14.03, 53.58, 34.26, 75.4, 16.07, 29.87, 33.04, 41.24, 47.62, 35.96, 15.45, 30.05, 51.88, 32.31, 36.02, 16.66, 20.02, 39.96], [0, 24.71, 24.12, 7.19, 30.35, 28.56, 10.21, 35.84, 9.86, 14.41, 34.96, 19.94, 21.15, 4.18, 34.44, 4.72, 11.39, 38.77, 7.91, 7.21, 45.44, 25.07, 28.52, 0.0, 34.42, 25.89, 10.64, 48.15, 13.74, 35.55, 11.5, 21.45, 19.94, 9.33, 38.03, 5.71, 27.66, 11.22, 21.35, 12.26, 8.5, 67.84], [0, 56.56, 58.48, 38.55, 64.17, 15.38, 41.74, 18.86, 35.72, 20.63, 67.16, 18.11, 53.82, 30.81, 68.67, 38.98, 26.39, 5.0, 38.08, 29.69, 76.22, 30.68, 14.03, 34.42, 0.0, 60.29, 36.14, 82.57, 20.77, 18.61, 34.23, 51.66, 50.5, 39.18, 29.49, 37.87, 60.99, 37.83, 32.97, 22.59, 27.02, 43.1], [0, 13.59, 19.46, 23.53, 10.25, 52.65, 21.4, 59.04, 24.66, 39.93, 16.19, 45.1, 14.14, 29.53, 9.01, 21.5, 35.85, 64.54, 23.64, 31.69, 29.87, 43.45, 53.58, 25.89, 60.29, 0.0, 27.3, 22.28, 39.63, 58.8, 29.62, 20.22, 17.27, 23.12, 63.92, 23.55, 11.72, 22.48, 38.49, 38.05, 33.91, 91.29], [0, 20.54, 25.32, 17.21, 34.66, 25.81, 19.55, 31.8, 11.47, 15.97, 31.09, 26.21, 27.92, 9.46, 34.35, 12.75, 19.86, 39.62, 4.34, 16.54, 52.2, 16.86, 34.26, 10.64, 36.14, 27.3, 0.0, 48.87, 18.2, 31.57, 10.76, 29.99, 14.38, 4.27, 39.98, 15.69, 33.01, 9.43, 12.25, 17.94, 16.31, 74.22], [0, 30.4, 24.12, 45.18, 21.24, 74.58, 42.59, 80.63, 46.89, 62.2, 23.42, 67.04, 32.1, 51.81, 14.57, 43.69, 57.74, 86.82, 45.56, 53.69, 29.75, 64.03, 75.4, 48.15, 82.57, 22.28, 48.87, 0.0, 61.88, 80.41, 51.18, 37.36, 36.32, 44.86, 86.18, 45.42, 25.31, 44.77, 59.05, 60.25, 56.03, 111.93], [0, 37.3, 37.86, 18.01, 43.47, 18.27, 21.31, 26.04, 14.98, 4.48, 47.84, 8.23, 33.37, 10.51, 48.16, 18.22, 7.46, 25.29, 18.7, 9.34, 56.63, 22.87, 16.07, 13.74, 20.77, 39.63, 18.2, 61.88, 0.0, 25.71, 17.06, 31.91, 31.72, 20.03, 24.32, 17.2, 40.4, 17.31, 21.75, 10.68, 6.52, 56.03], [0, 51.1, 56.83, 41.99, 65.32, 7.44, 45.32, 15.21, 37.05, 22.27, 61.1, 29.03, 56.7, 31.38, 65.87, 40.14, 33.17, 17.58, 35.19, 34.41, 80.93, 18.2, 29.87, 35.55, 18.61, 58.8, 31.57, 80.41, 25.71, 0.0, 29.25, 56.53, 44.79, 35.7, 20.99, 40.77, 63.01, 37.67, 22.56, 27.88, 31.67, 60.95], [0, 22.65, 27.64, 18.43, 36.9, 23.55, 21.0, 29.48, 12.55, 14.4, 33.15, 25.21, 29.91, 9.46, 36.66, 14.27, 19.57, 37.59, 6.42, 16.63, 54.27, 14.76, 33.04, 11.5, 34.23, 29.62, 10.76, 51.18, 17.06, 29.25, 0.0, 31.71, 16.42, 6.55, 38.08, 16.91, 35.17, 10.99, 10.34, 17.06, 16.0, 72.96], [0, 29.94, 19.97, 14.56, 16.12, 49.27, 11.28, 56.83, 20.01, 34.44, 36.06, 33.9, 6.09, 25.46, 28.24, 17.52, 25.3, 56.52, 25.74, 22.58, 24.73, 46.2, 41.24, 21.45, 51.66, 20.22, 29.99, 37.36, 31.91, 56.53, 31.71, 0.0, 29.62, 26.41, 54.71, 15.87, 12.05, 20.73, 42.04, 29.77, 25.41, 75.0], [0, 6.33, 15.48, 22.87, 26.97, 39.71, 23.19, 44.97, 19.63, 30.15, 16.73, 39.2, 25.0, 21.51, 21.87, 18.16, 31.28, 53.99, 13.04, 27.16, 46.43, 27.76, 47.62, 19.94, 50.5, 17.27, 14.38, 36.32, 31.72, 44.79, 16.42, 29.62, 0.0, 11.69, 54.34, 21.82, 26.99, 16.34, 22.81, 30.96, 28.11, 87.42], [0, 17.44, 21.14, 14.73, 30.39, 29.72, 16.56, 35.93, 9.62, 18.62, 28.05, 27.59, 23.93, 9.95, 30.4, 9.86, 20.12, 42.91, 8.61, 16.26, 48.09, 21.07, 35.96, 9.33, 39.18, 23.12, 4.27, 44.86, 20.03, 35.7, 6.55, 26.41, 11.69, 0.0, 42.98, 13.29, 28.8, 6.75, 16.35, 19.32, 16.76, 75.83], [0, 60.38, 62.13, 41.9, 67.57, 18.71, 45.04, 21.21, 39.3, 24.41, 70.98, 20.88, 57.1, 34.49, 72.35, 42.54, 29.56, 34.21, 41.87, 33.04, 79.14, 34.25, 15.45, 38.03, 29.49, 63.92, 39.98, 86.18, 24.32, 20.99, 38.08, 54.71, 54.34, 42.98, 0.0, 41.29, 64.31, 41.49, 36.7, 26.05, 30.43, 40.08], [0, 25.44, 22.02, 10.32, 26.3, 33.61, 4.59, 41.07, 4.4, 18.96, 34.99, 21.63, 16.26, 9.59, 32.47, 10.43, 12.34, 42.48, 12.11, 8.32, 40.18, 30.77, 30.05, 5.71, 37.87, 23.55, 15.69, 45.42, 17.2, 40.77, 16.91, 15.87, 21.82, 13.29, 41.29, 0.0, 23.2, 6.55, 26.97, 15.28, 10.86, 68.16], [0, 24.74, 12.6, 22.44, 18.45, 56.17, 19.27, 63.29, 26.17, 41.96, 27.64, 43.98, 7.34, 31.81, 17.57, 22.96, 34.83, 65.65, 28.75, 31.3, 19.62, 49.86, 51.88, 27.66, 60.99, 11.72, 33.01, 25.31, 40.4, 63.01, 35.17, 12.05, 26.99, 28.8, 64.31, 23.2, 0.0, 25.35, 45.14, 38.44, 33.99, 86.91], [0, 20.93, 20.66, 8.0, 27.71, 30.94, 10.12, 37.94, 10.95, 17.47, 31.16, 23.73, 19.38, 7.05, 30.87, 12.97, 15.16, 42.06, 5.58, 10.92, 43.84, 25.51, 32.31, 11.22, 37.83, 22.48, 9.43, 44.77, 17.31, 37.67, 10.99, 20.73, 16.34, 6.75, 41.49, 6.55, 25.35, 0.0, 21.3, 15.96, 12.31, 71.64], [0, 29.01, 36.52, 28.49, 46.58, 18.99, 31.22, 22.7, 22.57, 17.6, 38.69, 29.67, 40.17, 18.33, 44.52, 24.57, 26.81, 35.12, 16.59, 24.98, 64.43, 4.99, 36.02, 21.35, 32.97, 38.49, 12.25, 59.05, 21.75, 22.56, 10.34, 42.04, 22.81, 16.35, 36.7, 26.97, 45.14, 21.3, 0.0, 22.73, 23.48, 74.77], [0, 36.36, 36.33, 16.01, 41.58, 20.44, 19.28, 28.21, 13.4, 6.2, 46.83, 8.3, 31.36, 9.48, 46.69, 16.57, 5.33, 27.21, 17.93, 7.24, 54.5, 24.25, 16.66, 12.26, 22.59, 38.05, 17.94, 60.25, 10.68, 27.88, 17.06, 29.77, 30.96, 19.32, 26.05, 15.28, 38.44, 15.96, 22.73, 0.0, 4.46, 56.51], [0, 33.14, 32.23, 11.56, 37.16, 24.26, 14.82, 31.99, 9.42, 9.43, 43.45, 11.44, 26.9, 6.93, 42.65, 12.42, 9.79, 31.66, 15.3, 11.7, 50.13, 25.82, 20.02, 8.5, 27.02, 33.91, 16.31, 56.03, 6.52, 31.67, 16.0, 25.41, 28.11, 16.76, 30.43, 10.86, 33.99, 12.31, 23.48, 4.46, 0.0, 59.41], [0, 0, 0, 0, 0, 0, 0, 0, 0, 0, 0, 0, 0, 0, 0, 0, 0, 0, 0, 0, 0, 0, 0, 0, 0, 0, 0, 0, 0, 0, 0, 0, 0, 0, 0, 0, 0, 0, 0, 0, 0, 0]], "end_depot": 41, "horizon": [0.0, 2200.0], "instance_name": "40_95_A_0_C4", "speed_zone_count": 73, "speed_zones": [[0.0, 15.0], [15.0, 30.0], [30.0, 45.0], [45.0, 60.0], [60.0, 75.0], [75.0, 90.0], [90.0, 105.0], [105.0, 120.0], [120.0, 135.0], [135.0, 150.0], [150.0, 165.0], [165.0, 180.0], [180.0, 195.0], [195.0, 210.0], [210.0, 225.0], [225.0, 240.0], [240.0, 255.0], [255.0, 270.0], [270.0, 285.0], [285.0, 300.0], [300.0, 315.0], [315.0, 330.0], [330.0, 345.0], [345.0, 360.0], [360.0, 375.0], [375.0, 390.0], [390.0, 405.0], [405.0, 420.0], [420.0, 435.0], [435.0, 450.0], [450.0, 465.0], [465.0, 480.0], [480.0, 495.0], [495.0, 510.0], [510.0, 525.0], [525.0, 540.0], [540.0, 555.0], [555.0, 570.0], [570.0, 585.0], [585.0, 600.0], [600.0, 615.0], [615.0, 630.0], [630.0, 645.0], [645.0, 660.0], [660.0, 675.0], [675.0, 690.0], [690.0, 705.0], [705.0, 720.0], [720.0, 735.0], [735.0, 750.0], [750.0, 765.0], [765.0, 780.0], [780.0, 795.0], [795.0, 810.0], [810.0, 825.0], [825.0, 840.0], [840.0, 855.0], [855.0, 870.0], [870.0, 885.0], [885.0, 900.0], [900.0, 915.0], [915.0, 930.0], [930.0, 945.0], [945.0, 960.0], [960.0, 975.0], [975.0, 990.0], [990.0, 1005.0], [1005.0, 1020.0], [1020.0, 1035.0], [1035.0, 1050.0], [1050.0, 1065.0], [1065.0, 1080.0], [1080.0, 2200.0]], "start_depot": 0, "time_windows": [[0.0, 2200.0], [0.0, 148.0], [0.0, 165.0], [0.0, 215.0], [0.0, 293.0], [0.0, 414.0], [0.0, 483.0], [0.0, 610.0], [0.0, 677.0], [0.0, 700.0], [0.0, 764.0], [0.0, 864.0], [0.0, 935.0], [0.0, 978.0], [0.0, 1029.0], [0.0, 1064.0], [0.0, 1081.0], [0.0, 1114.0], [0.0, 1157.0], [0.0, 1172.0], [0.0, 1219.0], [0.0, 1290.0], [0.0, 1327.0], [0.0, 1356.0], [0.0, 1391.0], [0.0, 1452.0], [0.0, 1481.0], [0.0, 1530.0], [0.0, 1593.0], [0.0, 1620.0], [0.0, 1650.0], [0.0, 1682.0], [0.0, 1713.0], [0.0, 1725.0], [0.0, 1768.0], [0.0, 1810.0], [0.0, 1833.0], [0.0, 1859.0], [0.0, 1881.0], [0.0, 1904.0], [0.0, 1909.0], [0.0, 2200.0]], "vehicle_count": 1}