{"cluster_count": 3, "cluster_speeds": [[0.9065, 0.833, 0.9065, 0.98, 0.81585, 0.7497, 0.81585, 0.882, 0.45325, 0.4165, 0.45325, 0.49, 0.299145, 0.27489, 0.299145, 0.3234, 0.3626, 0.3332, 0.3626, 0.392, 0.5439, 0.4998, 0.5439, 0.588, 0.6475, 0.595, 0.6475, 0.7, 0.37, 0.34, 0.37, 0.4, 0.30525, 0.2805, 0.30525, 0.33, 0.4625, 0.425, 0.4625, 0.5, 0.6475, 0.595, 0.6475, 0.7, 0.74, 0.68, 0.74, 0.8, 0.63455, 0.5831, 0.63455, 0.686, 0.45325, 0.4165, 0.45325, 0.49, 0.5439, 0.4998, 0.5439, 0.588, 0.63455, 0.5831, 0.63455, 0.686, 0.81585, 0.7497, 0.81585, 0.882, 0.9065, 0.833, 0.9065, 0.98, 0.98], [0.91575, 0.8415, 0.91575, 0.99, 0.824175, 0.75735, 0.824175, 0.891, 0.457875, 0.42075, 0.457875, 0.495, 0.302198, 0.277695, 0.302198, 0.3267, 0.3663, 0.3366, 0.3663, 0.396, 0.54945, 0.5049, 0.54945, 0.594, 0.6475, 0.595, 0.6475, 0.7, 0.37, 0.34, 0.37, 0.4, 0.30525, 0.2805, 0.30525, 0.33, 0.4625, 0.425, 0.4625, 0.5, 0.6475, 0.595, 0.6475, 0.7, 0.74, 0.68, 0.74, 0.8, 0.641025, 0.58905, 0.641025, 0.693, 0.457875, 0.42075, 0.457875, 0.495, 0.54945, 0.5049, 0.54945, 0.594, 0.641025, 0.58905, 0.641025, 0.693, 0.824175, 0.75735, 0.824175, 0.891, 0.91575, 0.8415, 0.91575, 0.99, 0.99], [0.925, 0.85, 0.925, 1.0, 0.8325, 0.765, 0.8325, 0.9, 0.4625, 0.425, 0.4625, 0.5, 0.30525, 0.2805, 0.30525, 0.33, 0.37, 0.34, 0.37, 0.4, 0.555, 0.51, 0.555, 0.6, 0.6475, 0.595, 0.6475, 0.7, 0.37, 0.34, 0.37, 0.4, 0.30525, 0.2805, 0.30525, 0.33, 0.4625, 0.425, 0.4625, 0.5, 0.6475, 0.595, 0.6475, 0.7, 0.74, 0.68, 0.74, 0.8, 0.6475, 0.595, 0.6475, 0.7, 0.4625, 0.425, 0.4625, 0.5, 0.555, 0.51, 0.555, 0.6, 0.6475, 0.595, 0.6475, 0.7, 0.8325, 0.765, 0.8325, 0.9, 0.925, 0.85, 0.925, 1.0, 1.0]], "clusters": [[-1, 2, 2, 2, 2, 2, 2, 2, 2, 2, 2, 2, 2, 2, 2, 2, 2, 2, 2, 2, 2, 2, 2, 2, 2, 2, 2, 2, 2, 2, 2, 2, 2, 2, 2, 2, 2, 2, 2, 2, 2, -1], [0, -1, 0, 0, 0, 0, 0, 0, 0, 0, 0, 0, 0, 0, 0, 0, 0, 0, 0, 0, 0, 0, 0, 0, 0, 0, 0, 0, 0, 0, 0, 0, 0, 0, 0, 0, 0, 0, 0, 0, 0, 0], [0, 0, -1, 0, 0, 0, 0, 0, 0, 0, 0, 0, 0, 0, 0, 0, 0, 0, 0, 0, 0, 0, 0, 0, 0, 0, 0, 0, 0, 0, 0, 0, 0, 0, 0, 0, 0, 0, 0, 0, 0, 0], [0, 0, 0, -1, 0, 0, 0, 0, 0, 0, 0, 0, 0, 0, 0, 0, 0, 0, 0, 0, 0, 0, 0, 0, 0, 0, 0, 0, 0, 0, 0, 0, 0, 0, 0, 0, 0, 0, 0, 0, 0, 0], [0, 0, 0, 0, -1, 0, 0, 0, 0, 0, 0, 0, 0, 0, 0, 0, 0, 0, 0, 0, 0, 0, 0, 0, 0, 0, 0, 0, 0, 0, 0, 0, 0, 0, 0, 0, 0, 0, 0, 0, 0, 0], [0, 0, 0, 0, 0, -1, 0, 0, 0, 0, 0, 0, 0, 0, 0, 0, 0, 0, 0, 0, 0, 0, 0, 0, 0, 0, 0, 0, 0, 0, 0, 0, 0, 0, 0, 0, 0, 0, 0, 0, 0, 0], [0, 0, 0, 0, 0, 0, -1, 0, 0, 0, 0, 0, 0, 0, 0, 0, 0, 0, 0, 0, 0, 0, 0, 0, 0, 0, 0, 0, 0, 0, 0, 0, 0, 0, 0, 0, 0, 0, 0, 0, 0, 0], [0, 0, 0, 0, 0, 0, 0, -1, 0, 0, 0, 0, 0, 0, 0, 0, 0, 0, 0, 0, 0, 0, 0, 0, 0, 0, 0, 0, 0, 0, 0, 0, 0, 0, 0, 0, 0, 0, 0, 0, 0, 0], [1, 1, 1, 1, 1, 1, 1, 1, -1, 1, 1, 1, 1, 1, 1, 1, 1, 1, 1, 1, 1, 1, 1, 1, 1, 1, 1, 1, 1, 1, 1, 1, 1, 1, 1, 1, 1, 1, 1, 1, 1, 1], [0, 0, 0, 0, 0, 0, 0, 0, 0, -1, 0, 0, 0, 0, 0, 0, 0, 0, 0, 0, 0, 0, 0, 0, 0, 0, 0, 0, 0, 0, 0, 0, 0, 0, 0, 0, 0, 0, 0, 0, 0, 0], [0, 0, 0, 0, 0, 0, 0, 0, 0, 0, -1, 0, 0, 0, 0, 0, 0, 0, 0, 0, 0, 0, 0, 0, 0, 0, 0, 0, 0, 0, 0, 0, 0, 0, 0, 0, 0, 0, 0, 0, 0, 0], [0, 0, 0, 0, 0, 0, 0, 0, 0, 0, 0, -1, 0, 0, 0, 0, 0, 0, 0, 0, 0, 0, 0, 0, 0, 0, 0, 0, 0, 0, 0, 0, 0, 0, 0, 0, 0, 0, 0, 0, 0, 0], [0, 0, 0, 0, 0, 0, 0, 0, 0, 0, 0, 0, -1, 0, 0, 0, 0, 0, 0, 0, 0, 0, 0, 0, 0, 0, 0, 0, 0, 0, 0, 0, 0, 0, 0, 0, 0, 0, 0, 0, 0, 0], [0, 0, 0, 0, 0, 0, 0, 0, 0, 0, 0, 0, 0, -1, 0, 0, 0, 0, 0, 0, 0, 0, 0, 0, 0, 0, 0, 0, 0, 0, 0, 0, 0, 0, 0, 0, 0, 0, 0, 0, 0, 0], [0, 0, 0, 0, 0, 0, 0, 0, 0, 0, 0, 0, 0, 0, -1, 0, 0, 0, 0, 0, 0, 0, 0, 0, 0, 0, 0, 0, 0, 0, 0, 0, 0, 0, 0, 0, 0, 0, 0, 0, 0, 0], [1, 1, 1, 1, 1, 1, 1, 1, 1, 1, 1, 1, 1, 1, 1, -1, 1, 1, 1, 1, 1, 1, 1, 1, 1, 1, 1, 1, 1, 1, 1, 1, 1, 1, 1, 1, 1, 1, 1, 1, 1, 1], [0, 0, 0, 0, 0, 0, 0, 0, 0, 0, 0, 0, 0, 0, 0, 0, -1, 0, 0, 0, 0, 0, 0, 0, 0, 0, 0, 0, 0, 0, 0, 0, 0, 0, 0, 0, 0, 0, 0, 0, 0, 0], [0, 0, 0, 0, 0, 0, 0, 0, 0, 0, 0, 0, 0, 0, 0, 0, 0, -1, 0, 0, 0, 0, 0, 0, 0, 0, 0, 0, 0, 0, 0, 0, 0, 0, 0, 0, 0, 0, 0, 0, 0, 0], [0, 0, 0, 0, 0, 0, 0, 0, 0, 0, 0, 0, 0, 0, 0, 0, 0, 0, -1, 0, 0, 0, 0, 0, 0, 0, 0, 0, 0, 0, 0, 0, 0, 0, 0, 0, 0, 0, 0, 0, 0, 0], [0, 0, 0, 0, 0, 0, 0, 0, 0, 0, 0, 0, 0, 0, 0, 0, 0, 0, 0, -1, 0, 0, 0, 0, 0, 0, 0, 0, 0, 0, 0, 0, 0, 0, 0, 0, 0, 0, 0, 0, 0, 0], [1, 1, 1, 1, 1, 1, 1, 1, 1, 1, 1, 1, 1, 1, 1, 1, 1, 1, 1, 1, -1, 1, 1, 1, 1, 1, 1, 1, 1, 1, 1, 1, 1, 1, 1, 1, 1, 1, 1, 1, 1, 1], [0, 0, 0, 0, 0, 0, 0, 0, 0, 0, 0, 0, 0, 0, 0, 0, 0, 0, 0, 0, 0, -1, 0, 0, 0, 0, 0, 0, 0, 0, 0, 0, 0, 0, 0, 0, 0, 0, 0, 0, 0, 0], [0, 0, 0, 0, 0, 0, 0, 0, 0, 0, 0, 0, 0, 0, 0, 0, 0, 0, 0, 0, 0, 0, -1, 0, 0, 0, 0, 0, 0, 0, 0, 0, 0, 0, 0, 0, 0, 0, 0, 0, 0, 0], [1, 1, 1, 1, 1, 1, 1, 1, 1, 1, 1, 1, 1, 1, 1, 1, 1, 1, 1, 1, 1, 1, 1, -1, 1, 1, 1, 1, 1, 1, 1, 1, 1, 1, 1, 1, 1, 1, 1, 1, 1, 1], [0, 0, 0, 0, 0, 0, 0, 0, 0, 0, 0, 0, 0, 0, 0, 0, 0, 0, 0, 0, 0, 0, 0, 0, -1, 0, 0, 0, 0, 0, 0, 0, 0, 0, 0, 0, 0, 0, 0, 0, 0, 0], [2, 2, 2, 2, 2, 2, 2, 2, 2, 2, 2, 2, 2, 2, 2, 2, 2, 2, 2, 2, 2, 2, 2, 2, 2, -1, 2, 2, 2, 2, 2, 2, 2, 2, 2, 2, 2, 2, 2, 2, 2, 2], [0, 0, 0, 0, 0, 0, 0, 0, 0, 0, 0, 0, 0, 0, 0, 0, 0, 0, 0, 0, 0, 0, 0, 0, 0, 0, -1, 0, 0, 0, 0, 0, 0, 0, 0, 0, 0, 0, 0, 0, 0, 0], [0, 0, 0, 0, 0, 0, 0, 0, 0, 0, 0, 0, 0, 0, 0, 0, 0, 0, 0, 0, 0, 0, 0, 0, 0, 0, 0, -1, 0, 0, 0, 0, 0, 0, 0, 0, 0, 0, 0, 0, 0, 0], [0, 0, 0, 0, 0, 0, 0, 0, 0, 0, 0, 0, 0, 0, 0, 0, 0, 0, 0, 0, 0, 0, 0, 0, 0, 0, 0, 0, -1, 0, 0, 0, 0, 0, 0, 0, 0, 0, 0, 0, 0, 0], [0, 0, 0, 0, 0, 0, 0, 0, 0, 0, 0, 0, 0, 0, 0, 0, 0, 0, 0, 0, 0, 0, 0, 0, 0, 0, 0, 0, 0, -1, 0, 0, 0, 0, 0, 0, 0, 0, 0, 0, 0, 0], [1, 1, 1, 1, 1, 1, 1, 1, 1, 1, 1, 1, 1, 1, 1, 1, 1, 1, 1, 1, 1, 1, 1, 1, 1, 1, 1, 1, 1, 1, -1, 1, 1, 1, 1, 1, 1, 1, 1, 1, 1, 1], [0, 0, 0, 0, 0, 0, 0, 0, 0, 0, 0, 0, 0, 0, 0, 0, 0, 0, 0, 0, 0, 0, 0, 0, 0, 0, 0, 0, 0, 0, 0, -1, 0, 0, 0, 0, 0, 0, 0, 0, 0, 0], [2, 2, 2, 2, 2, 2, 2, 2, 2, 2, 2, 2, 2, 2, 2, 2, 2, 2, 2, 2, 2, 2, 2, 2, 2, 2, 2, 2, 2, 2, 2, 2, -1, 2, 2, 2, 2, 2, 2, 2, 2, 2], [1, 1, 1, 1, 1, 1, 1, 1, 1, 1, 1, 1, 1, 1, 1, 1, 1, 1, 1, 1, 1, 1, 1, 1, 1, 1, 1, 1, 1, 1, 1, 1, 1, -1, 1, 1, 1, 1, 1, 1, 1, 1], [0, 0, 0, 0, 0, 0, 0, 0, 0, 0, 0, 0, 0, 0, 0, 0, 0, 0, 0, 0, 0, 0, 0, 0, 0, 0, 0, 0, 0, 0, 0, 0, 0, 0, -1, 0, 0, 0, 0, 0, 0, 0], [0, 0, 0, 0, 0, 0, 0, 0, 0, 0, 0, 0, 0, 0, 0, 0, 0, 0, 0, 0, 0, 0, 0, 0, 0, 0, 0, 0, 0, 0, 0, 0, 0, 0, 0, -1, 0, 0, 0, 0, 0, 0], [0, 0, 0, 0, 0, 0, 0, 0, 0, 0, 0, 0, 0, 0, 0, 0, 0, 0, 0, 0, 0, 0, 0, 0, 0, 0, 0, 0, 0, 0, 0, 0, 0, 0, 0, 0, -1, 0, 0, 0, 0, 0], [1, 1, 1, 1, 1, 1, 1, 1, 1, 1, 1, 1, 1, 1, 1, 1, 1, 1, 1, 1, 1, 1, 1, 1, 1, 1, 1, 1, 1, 1, 1, 1, 1, 1, 1, 1, 1, -1, 1, 1, 1, 1], [0, 0, 0, 0, 0, 0, 0, 0, 0, 0, 0, 0, 0, 0, 0, 0, 0, 0, 0, 0, 0, 0, 0, 0, 0, 0, 0, 0, 0, 0, 0, 0, 0, 0, 0, 0, 0, 0, -1, 0, 0, 0], [1, 1, 1, 1, 1, 1, 1, 1, 1, 1, 1, 1, 1, 1, 1, 1, 1, 1, 1, 1, 1, 1, 1, 1, 1, 1, 1, 1, 1, 1, 1, 1, 1, 1, 1, 1, 1, 1, 1, -1, 1, 1], [1, 1, 1, 1, 1, 1, 1, 1, 1, 1, 1, 1, 1, 1, 1, 1, 1, 1, 1, 1, 1, 1, 1, 1, 1, 1, 1, 1, 1, 1, 1, 1, 1, 1, 1, 1, 1, 1, 1, 1, -1, 1], [-1, 2, 2, 2, 2, 2, 2, 2, 2, 2, 2, 2, 2, 2, 2, 2, 2, 2, 2, 2, 2, 2, 2, 2, 2, 2, 2, 2, 2, 2, 2, 2, 2, 2, 2, 2, 2, 2, 2, 2, 2, -1]], "dataset_name": "guerriero_et_al_2014b", "digraph": {"arc_count": 1640, "arcs": [[0, 1, 1, 1, 1, 1, 1, 1, 1, 1, 1, 1, 1, 1, 1, 1, 1, 1, 1, 1, 1, 1, 1, 1, 1, 1, 1, 1, 1, 1, 1, 1, 1, 1, 1, 1, 1, 1, 1, 1, 1, 0], [0, 0, 1, 1, 1, 1, 1, 1, 1, 1, 1, 1, 1, 1, 1, 1, 1, 1, 1, 1, 1, 1, 1, 1, 1, 1, 1, 1, 1, 1, 1, 1, 1, 1, 1, 1, 1, 1, 1, 1, 1, 1], [0, 1, 0, 1, 1, 1, 1, 1, 1, 1, 1, 1, 1, 1, 1, 1, 1, 1, 1, 1, 1, 1, 1, 1, 1, 1, 1, 1, 1, 1, 1, 1, 1, 1, 1, 1, 1, 1, 1, 1, 1, 1], [0, 1, 1, 0, 1, 1, 1, 1, 1, 1, 1, 1, 1, 1, 1, 1, 1, 1, 1, 1, 1, 1, 1, 1, 1, 1, 1, 1, 1, 1, 1, 1, 1, 1, 1, 1, 1, 1, 1, 1, 1, 1], [0, 1, 1, 1, 0, 1, 1, 1, 1, 1, 1, 1, 1, 1, 1, 1, 1, 1, 1, 1, 1, 1, 1, 1, 1, 1, 1, 1, 1, 1, 1, 1, 1, 1, 1, 1, 1, 1, 1, 1, 1, 1], [0, 1, 1, 1, 1, 0, 1, 1, 1, 1, 1, 1, 1, 1, 1, 1, 1, 1, 1, 1, 1, 1, 1, 1, 1, 1, 1, 1, 1, 1, 1, 1, 1, 1, 1, 1, 1, 1, 1, 1, 1, 1], [0, 1, 1, 1, 1, 1, 0, 1, 1, 1, 1, 1, 1, 1, 1, 1, 1, 1, 1, 1, 1, 1, 1, 1, 1, 1, 1, 1, 1, 1, 1, 1, 1, 1, 1, 1, 1, 1, 1, 1, 1, 1], [0, 1, 1, 1, 1, 1, 1, 0, 1, 1, 1, 1, 1, 1, 1, 1, 1, 1, 1, 1, 1, 1, 1, 1, 1, 1, 1, 1, 1, 1, 1, 1, 1, 1, 1, 1, 1, 1, 1, 1, 1, 1], [0, 1, 1, 1, 1, 1, 1, 1, 0, 1, 1, 1, 1, 1, 1, 1, 1, 1, 1, 1, 1, 1, 1, 1, 1, 1, 1, 1, 1, 1, 1, 1, 1, 1, 1, 1, 1, 1, 1, 1, 1, 1], [0, 1, 1, 1, 1, 1, 1, 1, 1, 0, 1, 1, 1, 1, 1, 1, 1, 1, 1, 1, 1, 1, 1, 1, 1, 1, 1, 1, 1, 1, 1, 1, 1, 1, 1, 1, 1, 1, 1, 1, 1, 1], [0, 1, 1, 1, 1, 1, 1, 1, 1, 1, 0, 1, 1, 1, 1, 1, 1, 1, 1, 1, 1, 1, 1, 1, 1, 1, 1, 1, 1, 1, 1, 1, 1, 1, 1, 1, 1, 1, 1, 1, 1, 1], [0, 1, 1, 1, 1, 1, 1, 1, 1, 1, 1, 0, 1, 1, 1, 1, 1, 1, 1, 1, 1, 1, 1, 1, 1, 1, 1, 1, 1, 1, 1, 1, 1, 1, 1, 1, 1, 1, 1, 1, 1, 1], [0, 1, 1, 1, 1, 1, 1, 1, 1, 1, 1, 1, 0, 1, 1, 1, 1, 1, 1, 1, 1, 1, 1, 1, 1, 1, 1, 1, 1, 1, 1, 1, 1, 1, 1, 1, 1, 1, 1, 1, 1, 1], [0, 1, 1, 1, 1, 1, 1, 1, 1, 1, 1, 1, 1, 0, 1, 1, 1, 1, 1, 1, 1, 1, 1, 1, 1, 1, 1, 1, 1, 1, 1, 1, 1, 1, 1, 1, 1, 1, 1, 1, 1, 1], [0, 1, 1, 1, 1, 1, 1, 1, 1, 1, 1, 1, 1, 1, 0, 1, 1, 1, 1, 1, 1, 1, 1, 1, 1, 1, 1, 1, 1, 1, 1, 1, 1, 1, 1, 1, 1, 1, 1, 1, 1, 1], [0, 1, 1, 1, 1, 1, 1, 1, 1, 1, 1, 1, 1, 1, 1, 0, 1, 1, 1, 1, 1, 1, 1, 1, 1, 1, 1, 1, 1, 1, 1, 1, 1, 1, 1, 1, 1, 1, 1, 1, 1, 1], [0, 1, 1, 1, 1, 1, 1, 1, 1, 1, 1, 1, 1, 1, 1, 1, 0, 1, 1, 1, 1, 1, 1, 1, 1, 1, 1, 1, 1, 1, 1, 1, 1, 1, 1, 1, 1, 1, 1, 1, 1, 1], [0, 1, 1, 1, 1, 1, 1, 1, 1, 1, 1, 1, 1, 1, 1, 1, 1, 0, 1, 1, 1, 1, 1, 1, 1, 1, 1, 1, 1, 1, 1, 1, 1, 1, 1, 1, 1, 1, 1, 1, 1, 1], [0, 1, 1, 1, 1, 1, 1, 1, 1, 1, 1, 1, 1, 1, 1, 1, 1, 1, 0, 1, 1, 1, 1, 1, 1, 1, 1, 1, 1, 1, 1, 1, 1, 1, 1, 1, 1, 1, 1, 1, 1, 1], [0, 1, 1, 1, 1, 1, 1, 1, 1, 1, 1, 1, 1, 1, 1, 1, 1, 1, 1, 0, 1, 1, 1, 1, 1, 1, 1, 1, 1, 1, 1, 1, 1, 1, 1, 1, 1, 1, 1, 1, 1, 1], [0, 1, 1, 1, 1, 1, 1, 1, 1, 1, 1, 1, 1, 1, 1, 1, 1, 1, 1, 1, 0, 1, 1, 1, 1, 1, 1, 1, 1, 1, 1, 1, 1, 1, 1, 1, 1, 1, 1, 1, 1, 1], [0, 1, 1, 1, 1, 1, 1, 1, 1, 1, 1, 1, 1, 1, 1, 1, 1, 1, 1, 1, 1, 0, 1, 1, 1, 1, 1, 1, 1, 1, 1, 1, 1, 1, 1, 1, 1, 1, 1, 1, 1, 1], [0, 1, 1, 1, 1, 1, 1, 1, 1, 1, 1, 1, 1, 1, 1, 1, 1, 1, 1, 1, 1, 1, 0, 1, 1, 1, 1, 1, 1, 1, 1, 1, 1, 1, 1, 1, 1, 1, 1, 1, 1, 1], [0, 1, 1, 1, 1, 1, 1, 1, 1, 1, 1, 1, 1, 1, 1, 1, 1, 1, 1, 1, 1, 1, 1, 0, 1, 1, 1, 1, 1, 1, 1, 1, 1, 1, 1, 1, 1, 1, 1, 1, 1, 1], [0, 1, 1, 1, 1, 1, 1, 1, 1, 1, 1, 1, 1, 1, 1, 1, 1, 1, 1, 1, 1, 1, 1, 1, 0, 1, 1, 1, 1, 1, 1, 1, 1, 1, 1, 1, 1, 1, 1, 1, 1, 1], [0, 1, 1, 1, 1, 1, 1, 1, 1, 1, 1, 1, 1, 1, 1, 1, 1, 1, 1, 1, 1, 1, 1, 1, 1, 0, 1, 1, 1, 1, 1, 1, 1, 1, 1, 1, 1, 1, 1, 1, 1, 1], [0, 1, 1, 1, 1, 1, 1, 1, 1, 1, 1, 1, 1, 1, 1, 1, 1, 1, 1, 1, 1, 1, 1, 1, 1, 1, 0, 1, 1, 1, 1, 1, 1, 1, 1, 1, 1, 1, 1, 1, 1, 1], [0, 1, 1, 1, 1, 1, 1, 1, 1, 1, 1, 1, 1, 1, 1, 1, 1, 1, 1, 1, 1, 1, 1, 1, 1, 1, 1, 0, 1, 1, 1, 1, 1, 1, 1, 1, 1, 1, 1, 1, 1, 1], [0, 1, 1, 1, 1, 1, 1, 1, 1, 1, 1, 1, 1, 1, 1, 1, 1, 1, 1, 1, 1, 1, 1, 1, 1, 1, 1, 1, 0, 1, 1, 1, 1, 1, 1, 1, 1, 1, 1, 1, 1, 1], [0, 1, 1, 1, 1, 1, 1, 1, 1, 1, 1, 1, 1, 1, 1, 1, 1, 1, 1, 1, 1, 1, 1, 1, 1, 1, 1, 1, 1, 0, 1, 1, 1, 1, 1, 1, 1, 1, 1, 1, 1, 1], [0, 1, 1, 1, 1, 1, 1, 1, 1, 1, 1, 1, 1, 1, 1, 1, 1, 1, 1, 1, 1, 1, 1, 1, 1, 1, 1, 1, 1, 1, 0, 1, 1, 1, 1, 1, 1, 1, 1, 1, 1, 1], [0, 1, 1, 1, 1, 1, 1, 1, 1, 1, 1, 1, 1, 1, 1, 1, 1, 1, 1, 1, 1, 1, 1, 1, 1, 1, 1, 1, 1, 1, 1, 0, 1, 1, 1, 1, 1, 1, 1, 1, 1, 1], [0, 1, 1, 1, 1, 1, 1, 1, 1, 1, 1, 1, 1, 1, 1, 1, 1, 1, 1, 1, 1, 1, 1, 1, 1, 1, 1, 1, 1, 1, 1, 1, 0, 1, 1, 1, 1, 1, 1, 1, 1, 1], [0, 1, 1, 1, 1, 1, 1, 1, 1, 1, 1, 1, 1, 1, 1, 1, 1, 1, 1, 1, 1, 1, 1, 1, 1, 1, 1, 1, 1, 1, 1, 1, 1, 0, 1, 1, 1, 1, 1, 1, 1, 1], [0, 1, 1, 1, 1, 1, 1, 1, 1, 1, 1, 1, 1, 1, 1, 1, 1, 1, 1, 1, 1, 1, 1, 1, 1, 1, 1, 1, 1, 1, 1, 1, 1, 1, 0, 1, 1, 1, 1, 1, 1, 1], [0, 1, 1, 1, 1, 1, 1, 1, 1, 1, 1, 1, 1, 1, 1, 1, 1, 1, 1, 1, 1, 1, 1, 1, 1, 1, 1, 1, 1, 1, 1, 1, 1, 1, 1, 0, 1, 1, 1, 1, 1, 1], [0, 1, 1, 1, 1, 1, 1, 1, 1, 1, 1, 1, 1, 1, 1, 1, 1, 1, 1, 1, 1, 1, 1, 1, 1, 1, 1, 1, 1, 1, 1, 1, 1, 1, 1, 1, 0, 1, 1, 1, 1, 1], [0, 1, 1, 1, 1, 1, 1, 1, 1, 1, 1, 1, 1, 1, 1, 1, 1, 1, 1, 1, 1, 1, 1, 1, 1, 1, 1, 1, 1, 1, 1, 1, 1, 1, 1, 1, 1, 0, 1, 1, 1, 1], [0, 1, 1, 1, 1, 1, 1, 1, 1, 1, 1, 1, 1, 1, 1, 1, 1, 1, 1, 1, 1, 1, 1, 1, 1, 1, 1, 1, 1, 1, 1, 1, 1, 1, 1, 1, 1, 1, 0, 1, 1, 1], [0, 1, 1, 1, 1, 1, 1, 1, 1, 1, 1, 1, 1, 1, 1, 1, 1, 1, 1, 1, 1, 1, 1, 1, 1, 1, 1, 1, 1, 1, 1, 1, 1, 1, 1, 1, 1, 1, 1, 0, 1, 1], [0, 1, 1, 1, 1, 1, 1, 1, 1, 1, 1, 1, 1, 1, 1, 1, 1, 1, 1, 1, 1, 1, 1, 1, 1, 1, 1, 1, 1, 1, 1, 1, 1, 1, 1, 1, 1, 1, 1, 1, 0, 1], [0, 0, 0, 0, 0, 0, 0, 0, 0, 0, 0, 0, 0, 0, 0, 0, 0, 0, 0, 0, 0, 0, 0, 0, 0, 0, 0, 0, 0, 0, 0, 0, 0, 0, 0, 0, 0, 0, 0, 0, 0, 0]], "vertex_count": 42}, "distances": [[0, 69.92, 69.77, 72.37, 69.79, 67.27, 69.32, 60.6, 58.22, 70.81, 78.41, 72.12, 70.99, 56.17, 79.88, 75.12, 68.75, 66.72, 65.24, 68.5, 80.27, 73.78, 66.01, 86.9, 60.91, 97.11, 73.52, 77.07, 81.6, 61.55, 62.08, 59.39, 58.93, 75.84, 73.2, 72.98, 62.05, 85.89, 75.15, 79.98, 57.16, 0], [0, 0.0, 12.09, 13.69, 7.41, 10.6, 11.06, 11.02, 21.23, 8.98, 14.11, 11.71, 13.38, 13.8, 10.18, 15.26, 11.97, 13.39, 8.07, 6.22, 15.76, 9.23, 4.27, 16.99, 9.08, 27.44, 7.64, 14.18, 12.0, 8.74, 17.67, 10.89, 26.68, 17.55, 11.13, 14.24, 8.13, 16.43, 5.95, 19.87, 19.13, 69.92], [0, 12.09, 0.0, 13.81, 7.29, 10.66, 10.91, 10.95, 21.21, 8.88, 14.1, 12.24, 13.27, 13.66, 10.35, 15.19, 11.86, 13.44, 8.06, 6.07, 15.77, 9.19, 10.93, 17.13, 8.92, 27.57, 7.8, 14.15, 12.17, 8.62, 17.68, 10.77, 26.69, 17.48, 11.27, 14.37, 7.96, 16.54, 6.14, 19.83, 19.09, 69.77], [0, 13.69, 13.81, 0.0, 21.1, 5.81, 15.01, 13.49, 15.28, 22.63, 26.34, 11.08, 27.05, 19.54, 14.38, 28.56, 16.69, 5.65, 9.55, 19.83, 27.59, 22.36, 16.14, 21.39, 17.83, 31.6, 7.06, 26.92, 14.94, 14.81, 10.85, 16.14, 18.34, 30.87, 11.73, 11.92, 18.02, 23.19, 11.42, 32.57, 15.39, 72.37], [0, 7.41, 7.29, 21.1, 0.0, 17.67, 6.12, 15.72, 26.97, 10.43, 9.27, 10.35, 5.99, 15.68, 14.22, 8.54, 4.57, 20.4, 14.43, 10.96, 11.2, 11.91, 6.65, 18.71, 10.63, 27.77, 14.79, 8.54, 15.97, 12.53, 24.0, 14.15, 32.78, 10.69, 18.49, 21.64, 9.18, 16.67, 11.81, 13.75, 24.39, 69.79], [0, 10.6, 10.66, 5.81, 17.67, 0.0, 11.65, 7.68, 12.11, 19.37, 24.53, 9.28, 23.63, 13.74, 15.44, 25.84, 13.1, 11.46, 12.35, 16.12, 26.07, 19.83, 11.73, 23.06, 12.39, 33.74, 7.37, 24.75, 16.6, 9.19, 7.85, 10.37, 16.75, 28.12, 5.92, 6.52, 12.79, 24.0, 11.12, 30.45, 11.16, 67.27], [0, 11.06, 10.91, 15.01, 6.12, 11.65, 0.0, 11.21, 21.82, 7.76, 13.42, 4.76, 12.12, 13.35, 11.11, 14.21, 10.69, 14.42, 8.77, 4.84, 15.16, 8.34, 9.7, 17.59, 8.41, 27.87, 9.04, 13.35, 12.95, 8.6, 18.44, 10.68, 27.4, 16.48, 12.51, 15.58, 7.32, 16.74, 7.16, 18.99, 19.57, 69.32], [0, 11.02, 10.95, 13.49, 15.72, 7.68, 11.21, 0.0, 11.41, 17.5, 24.4, 12.07, 21.04, 6.11, 19.76, 24.24, 11.79, 8.84, 4.66, 13.9, 26.22, 19.11, 9.1, 27.26, 6.49, 37.96, 12.92, 24.06, 21.34, 9.92, 9.35, 11.41, 17.4, 26.31, 13.19, 14.2, 7.58, 27.23, 14.95, 29.46, 8.68, 60.6], [0, 21.23, 21.21, 15.28, 26.97, 12.11, 21.82, 11.41, 0.0, 28.76, 35.24, 20.94, 32.43, 14.98, 27.55, 35.51, 22.76, 10.11, 13.18, 25.17, 36.96, 30.08, 20.32, 35.17, 17.7, 45.83, 19.47, 35.09, 28.69, 14.73, 4.47, 13.85, 6.05, 37.63, 17.2, 15.73, 18.92, 36.05, 23.14, 40.62, 9.47, 58.22], [0, 8.98, 8.88, 22.63, 10.43, 19.37, 7.76, 17.5, 28.76, 0.0, 7.82, 11.72, 4.43, 17.27, 14.77, 6.75, 6.29, 22.12, 16.2, 11.97, 9.76, 10.39, 8.44, 18.56, 12.28, 27.15, 16.15, 6.92, 16.45, 14.3, 25.78, 15.87, 34.58, 8.9, 19.94, 23.15, 10.82, 16.23, 12.87, 11.99, 26.18, 70.81], [0, 14.11, 14.1, 26.34, 9.27, 24.53, 13.42, 24.4, 35.24, 7.82, 0.0, 15.49, 7.92, 24.94, 14.35, 4.82, 12.61, 27.31, 22.15, 10.98, 10.82, 5.35, 15.39, 14.57, 19.85, 20.89, 19.29, 10.37, 15.42, 21.41, 31.78, 23.21, 40.78, 6.33, 23.32, 26.7, 18.41, 11.25, 15.05, 6.32, 32.94, 78.41], [0, 11.71, 12.24, 11.08, 10.35, 9.28, 4.76, 12.07, 20.94, 11.72, 15.49, 0.0, 16.16, 16.0, 7.78, 17.48, 6.45, 11.99, 8.06, 9.41, 16.91, 11.28, 7.44, 15.2, 11.74, 25.9, 4.44, 15.92, 9.48, 10.57, 16.97, 12.74, 25.97, 19.79, 8.25, 11.55, 11.03, 15.34, 8.82, 21.61, 19.28, 72.12], [0, 13.38, 13.27, 27.05, 5.99, 23.63, 12.12, 21.04, 32.43, 4.43, 7.92, 16.16, 0.0, 19.78, 18.62, 4.18, 10.55, 26.35, 20.28, 7.54, 9.56, 5.95, 12.27, 21.31, 15.19, 28.72, 20.57, 6.3, 20.19, 17.73, 29.72, 19.02, 38.35, 5.59, 24.38, 27.58, 13.79, 18.46, 17.19, 9.48, 29.69, 70.99], [0, 13.8, 13.66, 19.54, 15.68, 13.74, 13.35, 6.11, 14.98, 17.27, 24.94, 16.0, 19.78, 0.0, 23.72, 23.58, 13.12, 14.92, 10.26, 13.97, 26.87, 19.64, 10.2, 30.79, 5.16, 41.21, 18.02, 24.18, 25.46, 5.51, 14.4, 11.79, 20.95, 25.35, 18.98, 20.26, 6.56, 30.09, 19.03, 29.01, 11.79, 56.17], [0, 10.18, 10.35, 14.38, 14.22, 15.44, 11.11, 19.76, 27.55, 14.77, 14.35, 7.78, 18.62, 23.72, 0.0, 18.15, 12.29, 17.7, 15.47, 14.23, 14.97, 12.69, 14.4, 7.66, 19.23, 18.41, 8.12, 15.56, 11.27, 18.34, 23.25, 20.51, 31.92, 20.25, 11.39, 14.48, 18.31, 8.82, 4.81, 20.56, 26.34, 79.88], [0, 15.26, 15.19, 28.56, 8.54, 25.84, 14.21, 24.24, 35.51, 6.75, 4.82, 17.48, 4.18, 23.58, 18.15, 0.0, 12.91, 28.62, 22.86, 10.34, 5.99, 6.21, 15.19, 19.3, 18.78, 25.56, 21.71, 10.47, 19.46, 21.01, 32.49, 22.5, 41.32, 9.76, 25.69, 29.02, 17.34, 16.06, 17.82, 5.44, 32.92, 75.12], [0, 11.97, 11.86, 16.69, 4.57, 13.1, 10.69, 11.79, 22.76, 6.29, 12.61, 6.45, 10.55, 13.12, 12.29, 12.91, 0.0, 15.84, 9.95, 13.02, 14.44, 7.34, 11.22, 18.33, 8.01, 28.36, 10.77, 12.34, 14.13, 8.88, 19.58, 10.81, 28.46, 15.14, 14.22, 17.27, 6.73, 17.16, 8.66, 17.88, 20.35, 68.75], [0, 13.39, 13.44, 5.65, 20.4, 11.46, 14.42, 8.84, 10.11, 22.12, 27.31, 11.99, 26.35, 14.92, 17.7, 28.62, 15.84, 0.0, 6.33, 18.83, 28.83, 22.62, 14.33, 25.23, 14.4, 35.82, 9.59, 27.53, 18.72, 11.05, 5.66, 11.82, 14.24, 30.89, 7.1, 6.26, 14.99, 26.4, 13.62, 33.24, 9.8, 66.72], [0, 8.07, 8.06, 9.55, 14.43, 12.35, 8.77, 4.66, 13.18, 16.2, 22.15, 8.06, 20.28, 10.26, 15.47, 22.86, 9.95, 6.33, 0.0, 12.76, 23.83, 17.11, 8.09, 23.08, 8.37, 33.83, 8.28, 22.12, 16.95, 5.26, 9.66, 6.75, 18.64, 25.08, 8.72, 10.26, 8.76, 23.4, 10.71, 27.75, 11.26, 65.24], [0, 6.22, 6.07, 19.83, 10.96, 16.12, 4.84, 13.9, 25.17, 11.97, 10.98, 9.41, 7.54, 13.97, 14.23, 10.34, 13.02, 18.83, 12.76, 0.0, 12.9, 5.68, 4.86, 19.37, 8.87, 28.81, 13.81, 10.33, 16.05, 10.71, 22.27, 12.34, 31.01, 12.46, 17.35, 20.41, 7.42, 17.62, 11.26, 15.57, 22.58, 68.5], [0, 15.76, 15.77, 27.59, 11.2, 26.07, 15.16, 26.22, 36.96, 9.76, 10.82, 16.91, 9.56, 26.87, 14.97, 5.99, 14.44, 28.83, 23.83, 12.9, 0.0, 7.25, 17.25, 14.17, 21.77, 19.58, 20.52, 11.39, 15.85, 23.27, 33.42, 25.1, 42.44, 6.94, 24.54, 27.92, 20.33, 10.65, 16.2, 5.68, 34.71, 80.27], [0, 9.23, 9.19, 22.36, 11.91, 19.83, 8.34, 19.11, 30.08, 10.39, 5.35, 11.28, 5.95, 19.64, 12.69, 6.21, 7.34, 22.62, 17.11, 5.68, 7.25, 0.0, 10.05, 15.71, 14.53, 24.09, 15.51, 5.01, 14.23, 16.08, 26.78, 17.86, 35.73, 8.52, 19.48, 22.81, 13.09, 13.23, 11.7, 10.65, 27.69, 73.78], [0, 4.27, 10.93, 16.14, 6.65, 11.73, 9.7, 9.1, 20.32, 8.44, 15.39, 7.44, 12.27, 10.2, 14.4, 15.19, 11.22, 14.33, 8.09, 4.86, 17.25, 10.05, 0.0, 20.92, 5.14, 31.13, 11.2, 14.97, 16.24, 6.03, 17.45, 7.89, 26.16, 17.32, 14.07, 16.79, 10.33, 19.96, 10.21, 20.36, 17.76, 66.01], [0, 16.99, 17.13, 21.39, 18.71, 23.06, 17.59, 27.26, 35.17, 18.56, 14.57, 15.2, 21.31, 30.79, 7.66, 19.3, 18.33, 25.23, 23.08, 19.37, 14.17, 15.71, 20.92, 0.0, 25.99, 10.75, 15.7, 16.25, 6.53, 25.58, 30.83, 27.75, 39.37, 20.88, 18.58, 21.36, 24.9, 14.94, 12.37, 19.64, 34.0, 86.9], [0, 9.08, 8.92, 17.83, 10.63, 12.39, 8.41, 6.49, 17.7, 12.28, 19.85, 11.74, 15.19, 5.16, 19.23, 18.78, 8.01, 14.4, 8.37, 8.87, 21.77, 14.53, 5.14, 25.99, 0.0, 36.27, 14.61, 19.17, 21.03, 10.66, 15.82, 13.03, 23.74, 20.68, 16.51, 18.54, 11.72, 25.1, 14.73, 24.17, 14.75, 60.91], [0, 27.44, 27.57, 31.6, 27.77, 33.74, 27.87, 37.96, 45.83, 27.15, 20.89, 25.9, 28.72, 41.21, 18.41, 25.56, 28.36, 35.82, 33.83, 28.81, 19.58, 24.09, 31.13, 10.75, 36.27, 0.0, 26.37, 22.63, 17.14, 36.14, 41.45, 38.31, 49.83, 26.37, 28.97, 31.47, 35.07, 11.22, 23.12, 23.58, 44.74, 97.11], [0, 7.64, 7.8, 7.06, 14.79, 7.37, 9.04, 12.92, 19.47, 16.15, 19.29, 4.44, 20.57, 18.02, 8.12, 21.71, 10.77, 9.59, 8.28, 13.81, 20.52, 15.51, 11.2, 15.7, 14.61, 26.37, 0.0, 19.92, 9.23, 12.55, 15.13, 14.52, 23.81, 24.01, 12.69, 7.41, 14.24, 16.84, 4.38, 25.55, 18.45, 73.52], [0, 14.18, 14.15, 26.92, 8.54, 24.75, 13.35, 24.06, 35.09, 6.92, 10.37, 15.92, 6.3, 24.18, 15.56, 10.47, 12.34, 27.53, 22.12, 10.33, 11.39, 5.01, 14.97, 16.25, 19.17, 22.63, 19.92, 0.0, 16.75, 20.97, 31.78, 22.67, 40.74, 4.77, 23.95, 27.32, 17.71, 12.99, 15.8, 5.71, 32.68, 77.07], [0, 12.0, 12.17, 14.94, 15.97, 16.6, 12.95, 21.34, 28.69, 16.45, 15.42, 9.48, 20.19, 25.46, 11.27, 19.46, 14.13, 18.72, 16.95, 16.05, 15.85, 14.23, 16.24, 6.53, 21.03, 17.14, 9.23, 16.75, 0.0, 20.05, 24.33, 22.21, 32.85, 21.49, 12.08, 14.95, 20.13, 8.41, 6.46, 21.51, 27.64, 81.6], [0, 8.74, 8.62, 14.81, 12.53, 9.19, 8.6, 9.92, 14.73, 14.3, 21.41, 10.57, 17.73, 5.51, 18.34, 21.01, 8.88, 11.05, 5.26, 10.71, 23.27, 16.08, 6.03, 25.58, 10.66, 36.14, 12.55, 20.97, 20.05, 0.0, 12.53, 9.54, 20.72, 23.05, 13.82, 15.53, 4.3, 25.16, 13.6, 26.28, 11.96, 61.55], [0, 17.67, 17.68, 10.85, 24.0, 7.85, 18.44, 9.35, 4.47, 25.78, 31.78, 16.97, 29.72, 14.4, 23.25, 32.49, 19.58, 5.66, 9.66, 22.27, 33.42, 26.78, 17.45, 30.83, 15.82, 41.45, 15.13, 31.78, 24.33, 12.53, 0.0, 12.29, 9.04, 34.68, 12.73, 11.33, 16.83, 31.85, 18.97, 37.41, 5.0, 62.08], [0, 10.89, 10.77, 16.14, 14.15, 10.37, 10.68, 11.41, 13.85, 15.87, 23.21, 12.74, 19.02, 11.79, 20.51, 22.5, 10.81, 11.82, 6.75, 12.34, 25.1, 17.86, 7.89, 27.75, 13.03, 38.31, 14.52, 22.67, 22.21, 9.54, 12.29, 0.0, 19.9, 24.45, 15.46, 16.86, 5.23, 27.31, 15.76, 27.84, 10.86, 59.39], [0, 26.68, 26.69, 18.34, 32.78, 16.75, 27.4, 17.4, 6.05, 34.58, 40.78, 25.97, 38.35, 20.95, 31.92, 41.32, 28.46, 14.24, 18.64, 31.01, 42.44, 35.73, 26.16, 39.37, 23.74, 49.83, 23.81, 40.74, 32.85, 20.72, 9.04, 19.9, 0.0, 43.47, 20.86, 18.59, 24.95, 40.64, 27.84, 46.34, 9.17, 58.93], [0, 17.55, 17.48, 30.87, 10.69, 28.12, 16.48, 26.31, 37.63, 8.9, 6.33, 19.79, 5.59, 25.35, 20.25, 9.76, 15.14, 30.89, 25.08, 12.46, 6.94, 8.52, 17.32, 20.88, 20.68, 26.37, 24.01, 4.77, 21.49, 23.05, 34.68, 24.45, 43.47, 0.0, 27.99, 31.32, 19.26, 17.49, 20.09, 10.48, 34.99, 75.84], [0, 11.13, 11.27, 11.73, 18.49, 5.92, 12.51, 13.19, 17.2, 19.94, 23.32, 8.25, 24.38, 18.98, 11.39, 25.69, 14.22, 7.1, 8.72, 17.35, 24.54, 19.48, 14.07, 18.58, 16.51, 28.97, 12.69, 23.95, 12.08, 13.82, 12.73, 15.46, 20.86, 27.99, 0.0, 12.45, 16.46, 20.21, 8.35, 29.58, 16.79, 73.2], [0, 14.24, 14.37, 11.92, 21.64, 6.52, 15.58, 14.2, 15.73, 23.15, 26.7, 11.55, 27.58, 20.26, 14.48, 29.02, 17.27, 6.26, 10.26, 20.41, 27.92, 22.81, 16.79, 21.36, 18.54, 31.47, 7.41, 27.32, 14.95, 15.53, 11.33, 16.86, 18.59, 31.32, 12.45, 0.0, 18.71, 23.25, 11.72, 32.96, 15.94, 72.98], [0, 8.13, 7.96, 18.02, 9.18, 12.79, 7.32, 7.58, 18.92, 10.82, 18.41, 11.03, 13.79, 6.56, 18.31, 17.34, 6.73, 14.99, 8.76, 7.42, 20.33, 13.09, 10.33, 24.9, 11.72, 35.07, 14.24, 17.71, 20.13, 4.3, 16.83, 5.23, 24.95, 19.26, 16.46, 18.71, 0.0, 23.88, 13.95, 22.73, 16.03, 62.05], [0, 16.43, 16.54, 23.19, 16.67, 24.0, 16.74, 27.23, 36.05, 16.23, 11.25, 15.34, 18.46, 30.09, 8.82, 16.06, 17.16, 26.4, 23.4, 17.62, 10.65, 13.23, 19.96, 14.94, 25.1, 11.22, 16.84, 12.99, 8.41, 25.16, 31.85, 27.31, 40.64, 17.49, 20.21, 23.25, 23.88, 0.0, 12.91, 16.02, 34.58, 85.89], [0, 5.95, 6.14, 11.42, 11.81, 11.12, 7.16, 14.95, 23.14, 12.87, 15.05, 8.82, 17.19, 19.03, 4.81, 17.82, 8.66, 13.62, 10.71, 11.26, 16.2, 11.7, 10.21, 12.37, 14.73, 23.12, 4.38, 15.8, 6.46, 13.6, 18.97, 15.76, 27.84, 20.09, 8.35, 11.72, 13.95, 12.91, 0.0, 21.35, 21.74, 75.15], [0, 19.87, 19.83, 32.57, 13.75, 30.45, 18.99, 29.46, 40.62, 11.99, 6.32, 21.61, 9.48, 29.01, 20.56, 5.44, 17.88, 33.24, 27.75, 15.57, 5.68, 10.65, 20.36, 19.64, 24.17, 23.58, 25.55, 5.71, 21.51, 26.28, 37.41, 27.84, 46.34, 10.48, 29.58, 32.96, 22.73, 16.02, 21.35, 0.0, 38.12, 79.98], [0, 19.13, 19.09, 15.39, 24.39, 11.16, 19.57, 8.68, 9.47, 26.18, 32.94, 19.28, 29.69, 11.79, 26.34, 32.92, 20.35, 9.8, 11.26, 22.58, 34.71, 27.69, 17.76, 34.0, 14.75, 44.74, 18.45, 32.68, 27.64, 11.96, 5.0, 10.86, 9.17, 34.99, 16.79, 15.94, 16.03, 34.58, 21.74, 38.12, 0.0, 57.16], [0, 0, 0, 0, 0, 0, 0, 0, 0, 0, 0, 0, 0, 0, 0, 0, 0, 0, 0, 0, 0, 0, 0, 0, 0, 0, 0, 0, 0, 0, 0, 0, 0, 0, 0, 0, 0, 0, 0, 0, 0, 0]], "end_depot": 41, "horizon": [0.0, 2200.0], "instance_name": "40_98_B_50_B8", "speed_zone_count": 73, "speed_zones": [[0.0, 15.0], [15.0, 30.0], [30.0, 45.0], [45.0, 60.0], [60.0, 75.0], [75.0, 90.0], [90.0, 105.0], [105.0, 120.0], [120.0, 135.0], [135.0, 150.0], [150.0, 165.0], [165.0, 180.0], [180.0, 195.0], [195.0, 210.0], [210.0, 225.0], [225.0, 240.0], [240.0, 255.0], [255.0, 270.0], [270.0, 285.0], [285.0, 300.0], [300.0, 315.0], [315.0, 330.0], [330.0, 345.0], [345.0, 360.0], [360.0, 375.0], [375.0, 390.0], [390.0, 405.0], [405.0, 420.0], [420.0, 435.0], [435.0, 450.0], [450.0, 465.0], [465.0, 480.0], [480.0, 495.0], [495.0, 510.0], [510.0, 525.0], [525.0, 540.0], [540.0, 555.0], [555.0, 570.0], [570.0, 585.0], [585.0, 600.0], [600.0, 615.0], [615.0, 630.0], [630.0, 645.0], [645.0, 660.0], [660.0, 675.0], [675.0, 690.0], [690.0, 705.0], [705.0, 720.0], [720.0, 735.0], [735.0, 750.0], [750.0, 765.0], [765.0, 780.0], [780.0, 795.0], [795.0, 810.0], [810.0, 825.0], [825.0, 840.0], [840.0, 855.0], [855.0, 870.0], [870.0, 885.0], [885.0, 900.0], [900.0, 915.0], [915.0, 930.0], [930.0, 945.0], [945.0, 960.0], [960.0, 975.0], [975.0, 990.0], [990.0, 1005.0], [1005.0, 1020.0], [1020.0, 1035.0], [1035.0, 1050.0], [1050.0, 1065.0], [1065.0, 1080.0], [1080.0, 2200.0]], "start_depot": 0, "time_windows": [[0.0, 2200.0], [19.0, 118.0], [27.0, 134.0], [35.0, 150.0], [54.0, 188.0], [75.0, 229.0], [95.0, 269.0], [111.0, 302.0], [127.0, 333.0], [155.0, 389.0], [161.0, 402.0], [174.0, 427.0], [186.0, 451.0], [209.0, 498.0], [245.0, 570.0], [267.0, 614.0], [280.0, 640.0], [293.0, 666.0], [298.0, 676.0], [308.0, 695.0], [317.0, 713.0], [322.0, 723.0], [329.0, 737.0], [343.0, 765.0], [364.0, 807.0], [400.0, 879.0], [424.0, 928.0], [441.0, 961.0], [454.0, 988.0], [467.0, 1014.0], [476.0, 1031.0], [483.0, 1046.0], [494.0, 1068.0], [518.0, 1116.0], [532.0, 1144.0], [539.0, 1157.0], [548.0, 1176.0], [560.0, 1200.0], [567.0, 1213.0], [578.0, 1235.0], [597.0, 1273.0], [0.0, 2200.0]], "vehicle_count": 1}