{"cluster_count": 3, "cluster_speeds": [[0.925, 0.85, 0.925, 1.0, 0.8325, 0.765, 0.8325, 0.9, 0.4625, 0.425, 0.4625, 0.5, 0.30525, 0.2805, 0.30525, 0.33, 0.37, 0.34, 0.37, 0.4, 0.555, 0.51, 0.555, 0.6, 0.6475, 0.595, 0.6475, 0.7, 0.37, 0.34, 0.37, 0.4, 0.30525, 0.2805, 0.30525, 0.33, 0.4625, 0.425, 0.4625, 0.5, 0.6475, 0.595, 0.6475, 0.7, 0.74, 0.68, 0.74, 0.8, 0.6475, 0.595, 0.6475, 0.7, 0.4625, 0.425, 0.4625, 0.5, 0.555, 0.51, 0.555, 0.6, 0.6475, 0.595, 0.6475, 0.7, 0.8325, 0.765, 0.8325, 0.9, 0.925, 0.85, 0.925, 1.0, 1.0], [0.925, 0.85, 0.925, 1.0, 0.8325, 0.765, 0.8325, 0.9, 0.4625, 0.425, 0.4625, 0.5, 0.30525, 0.2805, 0.30525, 0.33, 0.37, 0.34, 0.37, 0.4, 0.555, 0.51, 0.555, 0.6, 0.6475, 0.595, 0.6475, 0.7, 0.37, 0.34, 0.37, 0.4, 0.30525, 0.2805, 0.30525, 0.33, 0.4625, 0.425, 0.4625, 0.5, 0.6475, 0.595, 0.6475, 0.7, 0.74, 0.68, 0.74, 0.8, 0.6475, 0.595, 0.6475, 0.7, 0.4625, 0.425, 0.4625, 0.5, 0.555, 0.51, 0.555, 0.6, 0.6475, 0.595, 0.6475, 0.7, 0.8325, 0.765, 0.8325, 0.9, 0.925, 0.85, 0.925, 1.0, 1.0], [0.9065, 0.833, 0.9065, 0.98, 0.81585, 0.7497, 0.81585, 0.882, 0.45325, 0.4165, 0.45325, 0.49, 0.299145, 0.27489, 0.299145, 0.3234, 0.3626, 0.3332, 0.3626, 0.392, 0.5439, 0.4998, 0.5439, 0.588, 0.6475, 0.595, 0.6475, 0.7, 0.37, 0.34, 0.37, 0.4, 0.30525, 0.2805, 0.30525, 0.33, 0.4625, 0.425, 0.4625, 0.5, 0.6475, 0.595, 0.6475, 0.7, 0.74, 0.68, 0.74, 0.8, 0.63455, 0.5831, 0.63455, 0.686, 0.45325, 0.4165, 0.45325, 0.49, 0.5439, 0.4998, 0.5439, 0.588, 0.63455, 0.5831, 0.63455, 0.686, 0.81585, 0.7497, 0.81585, 0.882, 0.9065, 0.833, 0.9065, 0.98, 0.98]], "clusters": [[-1, 2, 2, 2, 2, 2, 2, 2, 2, 2, 2, 2, 2, 2, 2, 2, 2, 2, 2, 2, 2, 2, 2, 2, 2, 2, 2, 2, 2, 2, 2, 2, 2, 2, 2, 2, 2, 2, 2, 2, 2, -1], [1, -1, 1, 1, 1, 1, 1, 1, 1, 1, 1, 1, 1, 1, 1, 1, 1, 1, 1, 1, 1, 1, 1, 1, 1, 1, 1, 1, 1, 1, 1, 1, 1, 1, 1, 1, 1, 1, 1, 1, 1, 1], [0, 0, -1, 0, 0, 0, 0, 0, 0, 0, 0, 0, 0, 0, 0, 0, 0, 0, 0, 0, 0, 0, 0, 0, 0, 0, 0, 0, 0, 0, 0, 0, 0, 0, 0, 0, 0, 0, 0, 0, 0, 0], [0, 0, 0, -1, 0, 0, 0, 0, 0, 0, 0, 0, 0, 0, 0, 0, 0, 0, 0, 0, 0, 0, 0, 0, 0, 0, 0, 0, 0, 0, 0, 0, 0, 0, 0, 0, 0, 0, 0, 0, 0, 0], [1, 1, 1, 1, -1, 1, 1, 1, 1, 1, 1, 1, 1, 1, 1, 1, 1, 1, 1, 1, 1, 1, 1, 1, 1, 1, 1, 1, 1, 1, 1, 1, 1, 1, 1, 1, 1, 1, 1, 1, 1, 1], [0, 0, 0, 0, 0, -1, 0, 0, 0, 0, 0, 0, 0, 0, 0, 0, 0, 0, 0, 0, 0, 0, 0, 0, 0, 0, 0, 0, 0, 0, 0, 0, 0, 0, 0, 0, 0, 0, 0, 0, 0, 0], [0, 0, 0, 0, 0, 0, -1, 0, 0, 0, 0, 0, 0, 0, 0, 0, 0, 0, 0, 0, 0, 0, 0, 0, 0, 0, 0, 0, 0, 0, 0, 0, 0, 0, 0, 0, 0, 0, 0, 0, 0, 0], [2, 2, 2, 2, 2, 2, 2, -1, 2, 2, 2, 2, 2, 2, 2, 2, 2, 2, 2, 2, 2, 2, 2, 2, 2, 2, 2, 2, 2, 2, 2, 2, 2, 2, 2, 2, 2, 2, 2, 2, 2, 2], [0, 0, 0, 0, 0, 0, 0, 0, -1, 0, 0, 0, 0, 0, 0, 0, 0, 0, 0, 0, 0, 0, 0, 0, 0, 0, 0, 0, 0, 0, 0, 0, 0, 0, 0, 0, 0, 0, 0, 0, 0, 0], [2, 2, 2, 2, 2, 2, 2, 2, 2, -1, 2, 2, 2, 2, 2, 2, 2, 2, 2, 2, 2, 2, 2, 2, 2, 2, 2, 2, 2, 2, 2, 2, 2, 2, 2, 2, 2, 2, 2, 2, 2, 2], [1, 1, 1, 1, 1, 1, 1, 1, 1, 1, -1, 1, 1, 1, 1, 1, 1, 1, 1, 1, 1, 1, 1, 1, 1, 1, 1, 1, 1, 1, 1, 1, 1, 1, 1, 1, 1, 1, 1, 1, 1, 1], [1, 1, 1, 1, 1, 1, 1, 1, 1, 1, 1, -1, 1, 1, 1, 1, 1, 1, 1, 1, 1, 1, 1, 1, 1, 1, 1, 1, 1, 1, 1, 1, 1, 1, 1, 1, 1, 1, 1, 1, 1, 1], [1, 1, 1, 1, 1, 1, 1, 1, 1, 1, 1, 1, -1, 1, 1, 1, 1, 1, 1, 1, 1, 1, 1, 1, 1, 1, 1, 1, 1, 1, 1, 1, 1, 1, 1, 1, 1, 1, 1, 1, 1, 1], [0, 0, 0, 0, 0, 0, 0, 0, 0, 0, 0, 0, 0, -1, 0, 0, 0, 0, 0, 0, 0, 0, 0, 0, 0, 0, 0, 0, 0, 0, 0, 0, 0, 0, 0, 0, 0, 0, 0, 0, 0, 0], [1, 1, 1, 1, 1, 1, 1, 1, 1, 1, 1, 1, 1, 1, -1, 1, 1, 1, 1, 1, 1, 1, 1, 1, 1, 1, 1, 1, 1, 1, 1, 1, 1, 1, 1, 1, 1, 1, 1, 1, 1, 1], [0, 0, 0, 0, 0, 0, 0, 0, 0, 0, 0, 0, 0, 0, 0, -1, 0, 0, 0, 0, 0, 0, 0, 0, 0, 0, 0, 0, 0, 0, 0, 0, 0, 0, 0, 0, 0, 0, 0, 0, 0, 0], [1, 1, 1, 1, 1, 1, 1, 1, 1, 1, 1, 1, 1, 1, 1, 1, -1, 1, 1, 1, 1, 1, 1, 1, 1, 1, 1, 1, 1, 1, 1, 1, 1, 1, 1, 1, 1, 1, 1, 1, 1, 1], [2, 2, 2, 2, 2, 2, 2, 2, 2, 2, 2, 2, 2, 2, 2, 2, 2, -1, 2, 2, 2, 2, 2, 2, 2, 2, 2, 2, 2, 2, 2, 2, 2, 2, 2, 2, 2, 2, 2, 2, 2, 2], [1, 1, 1, 1, 1, 1, 1, 1, 1, 1, 1, 1, 1, 1, 1, 1, 1, 1, -1, 1, 1, 1, 1, 1, 1, 1, 1, 1, 1, 1, 1, 1, 1, 1, 1, 1, 1, 1, 1, 1, 1, 1], [0, 0, 0, 0, 0, 0, 0, 0, 0, 0, 0, 0, 0, 0, 0, 0, 0, 0, 0, -1, 0, 0, 0, 0, 0, 0, 0, 0, 0, 0, 0, 0, 0, 0, 0, 0, 0, 0, 0, 0, 0, 0], [2, 2, 2, 2, 2, 2, 2, 2, 2, 2, 2, 2, 2, 2, 2, 2, 2, 2, 2, 2, -1, 2, 2, 2, 2, 2, 2, 2, 2, 2, 2, 2, 2, 2, 2, 2, 2, 2, 2, 2, 2, 2], [1, 1, 1, 1, 1, 1, 1, 1, 1, 1, 1, 1, 1, 1, 1, 1, 1, 1, 1, 1, 1, -1, 1, 1, 1, 1, 1, 1, 1, 1, 1, 1, 1, 1, 1, 1, 1, 1, 1, 1, 1, 1], [1, 1, 1, 1, 1, 1, 1, 1, 1, 1, 1, 1, 1, 1, 1, 1, 1, 1, 1, 1, 1, 1, -1, 1, 1, 1, 1, 1, 1, 1, 1, 1, 1, 1, 1, 1, 1, 1, 1, 1, 1, 1], [0, 0, 0, 0, 0, 0, 0, 0, 0, 0, 0, 0, 0, 0, 0, 0, 0, 0, 0, 0, 0, 0, 0, -1, 0, 0, 0, 0, 0, 0, 0, 0, 0, 0, 0, 0, 0, 0, 0, 0, 0, 0], [2, 2, 2, 2, 2, 2, 2, 2, 2, 2, 2, 2, 2, 2, 2, 2, 2, 2, 2, 2, 2, 2, 2, 2, -1, 2, 2, 2, 2, 2, 2, 2, 2, 2, 2, 2, 2, 2, 2, 2, 2, 2], [1, 1, 1, 1, 1, 1, 1, 1, 1, 1, 1, 1, 1, 1, 1, 1, 1, 1, 1, 1, 1, 1, 1, 1, 1, -1, 1, 1, 1, 1, 1, 1, 1, 1, 1, 1, 1, 1, 1, 1, 1, 1], [0, 0, 0, 0, 0, 0, 0, 0, 0, 0, 0, 0, 0, 0, 0, 0, 0, 0, 0, 0, 0, 0, 0, 0, 0, 0, -1, 0, 0, 0, 0, 0, 0, 0, 0, 0, 0, 0, 0, 0, 0, 0], [2, 2, 2, 2, 2, 2, 2, 2, 2, 2, 2, 2, 2, 2, 2, 2, 2, 2, 2, 2, 2, 2, 2, 2, 2, 2, 2, -1, 2, 2, 2, 2, 2, 2, 2, 2, 2, 2, 2, 2, 2, 2], [1, 1, 1, 1, 1, 1, 1, 1, 1, 1, 1, 1, 1, 1, 1, 1, 1, 1, 1, 1, 1, 1, 1, 1, 1, 1, 1, 1, -1, 1, 1, 1, 1, 1, 1, 1, 1, 1, 1, 1, 1, 1], [1, 1, 1, 1, 1, 1, 1, 1, 1, 1, 1, 1, 1, 1, 1, 1, 1, 1, 1, 1, 1, 1, 1, 1, 1, 1, 1, 1, 1, -1, 1, 1, 1, 1, 1, 1, 1, 1, 1, 1, 1, 1], [0, 0, 0, 0, 0, 0, 0, 0, 0, 0, 0, 0, 0, 0, 0, 0, 0, 0, 0, 0, 0, 0, 0, 0, 0, 0, 0, 0, 0, 0, -1, 0, 0, 0, 0, 0, 0, 0, 0, 0, 0, 0], [1, 1, 1, 1, 1, 1, 1, 1, 1, 1, 1, 1, 1, 1, 1, 1, 1, 1, 1, 1, 1, 1, 1, 1, 1, 1, 1, 1, 1, 1, 1, -1, 1, 1, 1, 1, 1, 1, 1, 1, 1, 1], [0, 0, 0, 0, 0, 0, 0, 0, 0, 0, 0, 0, 0, 0, 0, 0, 0, 0, 0, 0, 0, 0, 0, 0, 0, 0, 0, 0, 0, 0, 0, 0, -1, 0, 0, 0, 0, 0, 0, 0, 0, 0], [0, 0, 0, 0, 0, 0, 0, 0, 0, 0, 0, 0, 0, 0, 0, 0, 0, 0, 0, 0, 0, 0, 0, 0, 0, 0, 0, 0, 0, 0, 0, 0, 0, -1, 0, 0, 0, 0, 0, 0, 0, 0], [2, 2, 2, 2, 2, 2, 2, 2, 2, 2, 2, 2, 2, 2, 2, 2, 2, 2, 2, 2, 2, 2, 2, 2, 2, 2, 2, 2, 2, 2, 2, 2, 2, 2, -1, 2, 2, 2, 2, 2, 2, 2], [0, 0, 0, 0, 0, 0, 0, 0, 0, 0, 0, 0, 0, 0, 0, 0, 0, 0, 0, 0, 0, 0, 0, 0, 0, 0, 0, 0, 0, 0, 0, 0, 0, 0, 0, -1, 0, 0, 0, 0, 0, 0], [1, 1, 1, 1, 1, 1, 1, 1, 1, 1, 1, 1, 1, 1, 1, 1, 1, 1, 1, 1, 1, 1, 1, 1, 1, 1, 1, 1, 1, 1, 1, 1, 1, 1, 1, 1, -1, 1, 1, 1, 1, 1], [2, 2, 2, 2, 2, 2, 2, 2, 2, 2, 2, 2, 2, 2, 2, 2, 2, 2, 2, 2, 2, 2, 2, 2, 2, 2, 2, 2, 2, 2, 2, 2, 2, 2, 2, 2, 2, -1, 2, 2, 2, 2], [0, 0, 0, 0, 0, 0, 0, 0, 0, 0, 0, 0, 0, 0, 0, 0, 0, 0, 0, 0, 0, 0, 0, 0, 0, 0, 0, 0, 0, 0, 0, 0, 0, 0, 0, 0, 0, 0, -1, 0, 0, 0], [1, 1, 1, 1, 1, 1, 1, 1, 1, 1, 1, 1, 1, 1, 1, 1, 1, 1, 1, 1, 1, 1, 1, 1, 1, 1, 1, 1, 1, 1, 1, 1, 1, 1, 1, 1, 1, 1, 1, -1, 1, 1], [0, 0, 0, 0, 0, 0, 0, 0, 0, 0, 0, 0, 0, 0, 0, 0, 0, 0, 0, 0, 0, 0, 0, 0, 0, 0, 0, 0, 0, 0, 0, 0, 0, 0, 0, 0, 0, 0, 0, 0, -1, 0], [-1, 2, 2, 2, 2, 2, 2, 2, 2, 2, 2, 2, 2, 2, 2, 2, 2, 2, 2, 2, 2, 2, 2, 2, 2, 2, 2, 2, 2, 2, 2, 2, 2, 2, 2, 2, 2, 2, 2, 2, 2, -1]], "dataset_name": "guerriero_et_al_2014b", "digraph": {"arc_count": 1640, "arcs": [[0, 1, 1, 1, 1, 1, 1, 1, 1, 1, 1, 1, 1, 1, 1, 1, 1, 1, 1, 1, 1, 1, 1, 1, 1, 1, 1, 1, 1, 1, 1, 1, 1, 1, 1, 1, 1, 1, 1, 1, 1, 0], [0, 0, 1, 1, 1, 1, 1, 1, 1, 1, 1, 1, 1, 1, 1, 1, 1, 1, 1, 1, 1, 1, 1, 1, 1, 1, 1, 1, 1, 1, 1, 1, 1, 1, 1, 1, 1, 1, 1, 1, 1, 1], [0, 1, 0, 1, 1, 1, 1, 1, 1, 1, 1, 1, 1, 1, 1, 1, 1, 1, 1, 1, 1, 1, 1, 1, 1, 1, 1, 1, 1, 1, 1, 1, 1, 1, 1, 1, 1, 1, 1, 1, 1, 1], [0, 1, 1, 0, 1, 1, 1, 1, 1, 1, 1, 1, 1, 1, 1, 1, 1, 1, 1, 1, 1, 1, 1, 1, 1, 1, 1, 1, 1, 1, 1, 1, 1, 1, 1, 1, 1, 1, 1, 1, 1, 1], [0, 1, 1, 1, 0, 1, 1, 1, 1, 1, 1, 1, 1, 1, 1, 1, 1, 1, 1, 1, 1, 1, 1, 1, 1, 1, 1, 1, 1, 1, 1, 1, 1, 1, 1, 1, 1, 1, 1, 1, 1, 1], [0, 1, 1, 1, 1, 0, 1, 1, 1, 1, 1, 1, 1, 1, 1, 1, 1, 1, 1, 1, 1, 1, 1, 1, 1, 1, 1, 1, 1, 1, 1, 1, 1, 1, 1, 1, 1, 1, 1, 1, 1, 1], [0, 1, 1, 1, 1, 1, 0, 1, 1, 1, 1, 1, 1, 1, 1, 1, 1, 1, 1, 1, 1, 1, 1, 1, 1, 1, 1, 1, 1, 1, 1, 1, 1, 1, 1, 1, 1, 1, 1, 1, 1, 1], [0, 1, 1, 1, 1, 1, 1, 0, 1, 1, 1, 1, 1, 1, 1, 1, 1, 1, 1, 1, 1, 1, 1, 1, 1, 1, 1, 1, 1, 1, 1, 1, 1, 1, 1, 1, 1, 1, 1, 1, 1, 1], [0, 1, 1, 1, 1, 1, 1, 1, 0, 1, 1, 1, 1, 1, 1, 1, 1, 1, 1, 1, 1, 1, 1, 1, 1, 1, 1, 1, 1, 1, 1, 1, 1, 1, 1, 1, 1, 1, 1, 1, 1, 1], [0, 1, 1, 1, 1, 1, 1, 1, 1, 0, 1, 1, 1, 1, 1, 1, 1, 1, 1, 1, 1, 1, 1, 1, 1, 1, 1, 1, 1, 1, 1, 1, 1, 1, 1, 1, 1, 1, 1, 1, 1, 1], [0, 1, 1, 1, 1, 1, 1, 1, 1, 1, 0, 1, 1, 1, 1, 1, 1, 1, 1, 1, 1, 1, 1, 1, 1, 1, 1, 1, 1, 1, 1, 1, 1, 1, 1, 1, 1, 1, 1, 1, 1, 1], [0, 1, 1, 1, 1, 1, 1, 1, 1, 1, 1, 0, 1, 1, 1, 1, 1, 1, 1, 1, 1, 1, 1, 1, 1, 1, 1, 1, 1, 1, 1, 1, 1, 1, 1, 1, 1, 1, 1, 1, 1, 1], [0, 1, 1, 1, 1, 1, 1, 1, 1, 1, 1, 1, 0, 1, 1, 1, 1, 1, 1, 1, 1, 1, 1, 1, 1, 1, 1, 1, 1, 1, 1, 1, 1, 1, 1, 1, 1, 1, 1, 1, 1, 1], [0, 1, 1, 1, 1, 1, 1, 1, 1, 1, 1, 1, 1, 0, 1, 1, 1, 1, 1, 1, 1, 1, 1, 1, 1, 1, 1, 1, 1, 1, 1, 1, 1, 1, 1, 1, 1, 1, 1, 1, 1, 1], [0, 1, 1, 1, 1, 1, 1, 1, 1, 1, 1, 1, 1, 1, 0, 1, 1, 1, 1, 1, 1, 1, 1, 1, 1, 1, 1, 1, 1, 1, 1, 1, 1, 1, 1, 1, 1, 1, 1, 1, 1, 1], [0, 1, 1, 1, 1, 1, 1, 1, 1, 1, 1, 1, 1, 1, 1, 0, 1, 1, 1, 1, 1, 1, 1, 1, 1, 1, 1, 1, 1, 1, 1, 1, 1, 1, 1, 1, 1, 1, 1, 1, 1, 1], [0, 1, 1, 1, 1, 1, 1, 1, 1, 1, 1, 1, 1, 1, 1, 1, 0, 1, 1, 1, 1, 1, 1, 1, 1, 1, 1, 1, 1, 1, 1, 1, 1, 1, 1, 1, 1, 1, 1, 1, 1, 1], [0, 1, 1, 1, 1, 1, 1, 1, 1, 1, 1, 1, 1, 1, 1, 1, 1, 0, 1, 1, 1, 1, 1, 1, 1, 1, 1, 1, 1, 1, 1, 1, 1, 1, 1, 1, 1, 1, 1, 1, 1, 1], [0, 1, 1, 1, 1, 1, 1, 1, 1, 1, 1, 1, 1, 1, 1, 1, 1, 1, 0, 1, 1, 1, 1, 1, 1, 1, 1, 1, 1, 1, 1, 1, 1, 1, 1, 1, 1, 1, 1, 1, 1, 1], [0, 1, 1, 1, 1, 1, 1, 1, 1, 1, 1, 1, 1, 1, 1, 1, 1, 1, 1, 0, 1, 1, 1, 1, 1, 1, 1, 1, 1, 1, 1, 1, 1, 1, 1, 1, 1, 1, 1, 1, 1, 1], [0, 1, 1, 1, 1, 1, 1, 1, 1, 1, 1, 1, 1, 1, 1, 1, 1, 1, 1, 1, 0, 1, 1, 1, 1, 1, 1, 1, 1, 1, 1, 1, 1, 1, 1, 1, 1, 1, 1, 1, 1, 1], [0, 1, 1, 1, 1, 1, 1, 1, 1, 1, 1, 1, 1, 1, 1, 1, 1, 1, 1, 1, 1, 0, 1, 1, 1, 1, 1, 1, 1, 1, 1, 1, 1, 1, 1, 1, 1, 1, 1, 1, 1, 1], [0, 1, 1, 1, 1, 1, 1, 1, 1, 1, 1, 1, 1, 1, 1, 1, 1, 1, 1, 1, 1, 1, 0, 1, 1, 1, 1, 1, 1, 1, 1, 1, 1, 1, 1, 1, 1, 1, 1, 1, 1, 1], [0, 1, 1, 1, 1, 1, 1, 1, 1, 1, 1, 1, 1, 1, 1, 1, 1, 1, 1, 1, 1, 1, 1, 0, 1, 1, 1, 1, 1, 1, 1, 1, 1, 1, 1, 1, 1, 1, 1, 1, 1, 1], [0, 1, 1, 1, 1, 1, 1, 1, 1, 1, 1, 1, 1, 1, 1, 1, 1, 1, 1, 1, 1, 1, 1, 1, 0, 1, 1, 1, 1, 1, 1, 1, 1, 1, 1, 1, 1, 1, 1, 1, 1, 1], [0, 1, 1, 1, 1, 1, 1, 1, 1, 1, 1, 1, 1, 1, 1, 1, 1, 1, 1, 1, 1, 1, 1, 1, 1, 0, 1, 1, 1, 1, 1, 1, 1, 1, 1, 1, 1, 1, 1, 1, 1, 1], [0, 1, 1, 1, 1, 1, 1, 1, 1, 1, 1, 1, 1, 1, 1, 1, 1, 1, 1, 1, 1, 1, 1, 1, 1, 1, 0, 1, 1, 1, 1, 1, 1, 1, 1, 1, 1, 1, 1, 1, 1, 1], [0, 1, 1, 1, 1, 1, 1, 1, 1, 1, 1, 1, 1, 1, 1, 1, 1, 1, 1, 1, 1, 1, 1, 1, 1, 1, 1, 0, 1, 1, 1, 1, 1, 1, 1, 1, 1, 1, 1, 1, 1, 1], [0, 1, 1, 1, 1, 1, 1, 1, 1, 1, 1, 1, 1, 1, 1, 1, 1, 1, 1, 1, 1, 1, 1, 1, 1, 1, 1, 1, 0, 1, 1, 1, 1, 1, 1, 1, 1, 1, 1, 1, 1, 1], [0, 1, 1, 1, 1, 1, 1, 1, 1, 1, 1, 1, 1, 1, 1, 1, 1, 1, 1, 1, 1, 1, 1, 1, 1, 1, 1, 1, 1, 0, 1, 1, 1, 1, 1, 1, 1, 1, 1, 1, 1, 1], [0, 1, 1, 1, 1, 1, 1, 1, 1, 1, 1, 1, 1, 1, 1, 1, 1, 1, 1, 1, 1, 1, 1, 1, 1, 1, 1, 1, 1, 1, 0, 1, 1, 1, 1, 1, 1, 1, 1, 1, 1, 1], [0, 1, 1, 1, 1, 1, 1, 1, 1, 1, 1, 1, 1, 1, 1, 1, 1, 1, 1, 1, 1, 1, 1, 1, 1, 1, 1, 1, 1, 1, 1, 0, 1, 1, 1, 1, 1, 1, 1, 1, 1, 1], [0, 1, 1, 1, 1, 1, 1, 1, 1, 1, 1, 1, 1, 1, 1, 1, 1, 1, 1, 1, 1, 1, 1, 1, 1, 1, 1, 1, 1, 1, 1, 1, 0, 1, 1, 1, 1, 1, 1, 1, 1, 1], [0, 1, 1, 1, 1, 1, 1, 1, 1, 1, 1, 1, 1, 1, 1, 1, 1, 1, 1, 1, 1, 1, 1, 1, 1, 1, 1, 1, 1, 1, 1, 1, 1, 0, 1, 1, 1, 1, 1, 1, 1, 1], [0, 1, 1, 1, 1, 1, 1, 1, 1, 1, 1, 1, 1, 1, 1, 1, 1, 1, 1, 1, 1, 1, 1, 1, 1, 1, 1, 1, 1, 1, 1, 1, 1, 1, 0, 1, 1, 1, 1, 1, 1, 1], [0, 1, 1, 1, 1, 1, 1, 1, 1, 1, 1, 1, 1, 1, 1, 1, 1, 1, 1, 1, 1, 1, 1, 1, 1, 1, 1, 1, 1, 1, 1, 1, 1, 1, 1, 0, 1, 1, 1, 1, 1, 1], [0, 1, 1, 1, 1, 1, 1, 1, 1, 1, 1, 1, 1, 1, 1, 1, 1, 1, 1, 1, 1, 1, 1, 1, 1, 1, 1, 1, 1, 1, 1, 1, 1, 1, 1, 1, 0, 1, 1, 1, 1, 1], [0, 1, 1, 1, 1, 1, 1, 1, 1, 1, 1, 1, 1, 1, 1, 1, 1, 1, 1, 1, 1, 1, 1, 1, 1, 1, 1, 1, 1, 1, 1, 1, 1, 1, 1, 1, 1, 0, 1, 1, 1, 1], [0, 1, 1, 1, 1, 1, 1, 1, 1, 1, 1, 1, 1, 1, 1, 1, 1, 1, 1, 1, 1, 1, 1, 1, 1, 1, 1, 1, 1, 1, 1, 1, 1, 1, 1, 1, 1, 1, 0, 1, 1, 1], [0, 1, 1, 1, 1, 1, 1, 1, 1, 1, 1, 1, 1, 1, 1, 1, 1, 1, 1, 1, 1, 1, 1, 1, 1, 1, 1, 1, 1, 1, 1, 1, 1, 1, 1, 1, 1, 1, 1, 0, 1, 1], [0, 1, 1, 1, 1, 1, 1, 1, 1, 1, 1, 1, 1, 1, 1, 1, 1, 1, 1, 1, 1, 1, 1, 1, 1, 1, 1, 1, 1, 1, 1, 1, 1, 1, 1, 1, 1, 1, 1, 1, 0, 1], [0, 0, 0, 0, 0, 0, 0, 0, 0, 0, 0, 0, 0, 0, 0, 0, 0, 0, 0, 0, 0, 0, 0, 0, 0, 0, 0, 0, 0, 0, 0, 0, 0, 0, 0, 0, 0, 0, 0, 0, 0, 0]], "vertex_count": 42}, "distances": [[0, 86.9, 71.3, 68.97, 61.13, 72.6, 85.16, 86.13, 72.78, 90.77, 48.21, 53.98, 55.72, 61.15, 85.83, 68.62, 53.23, 60.39, 93.58, 65.43, 99.23, 53.57, 72.64, 69.08, 94.32, 56.15, 71.85, 47.78, 52.93, 70.76, 69.45, 72.24, 73.23, 74.02, 47.33, 72.01, 72.17, 108.3, 62.79, 79.23, 71.97, 0], [0, 0.0, 16.42, 20.12, 34.85, 15.04, 20.72, 21.09, 15.03, 21.77, 39.07, 33.06, 31.18, 25.75, 19.11, 18.63, 33.79, 40.89, 8.78, 21.51, 13.11, 33.42, 22.44, 17.82, 13.07, 35.7, 17.67, 48.03, 34.01, 29.12, 18.06, 25.36, 20.01, 13.39, 44.19, 15.26, 26.76, 31.39, 24.13, 15.05, 18.07, 86.9], [0, 16.42, 0.0, 13.05, 19.81, 9.73, 14.11, 28.34, 9.32, 31.37, 23.12, 17.37, 16.15, 11.19, 26.65, 8.27, 18.12, 26.37, 24.62, 8.17, 29.51, 17.81, 20.39, 5.02, 27.52, 19.53, 13.06, 31.87, 18.55, 17.38, 9.01, 14.13, 18.03, 10.9, 27.79, 10.83, 15.63, 45.5, 9.95, 18.41, 4.61, 71.3], [0, 20.12, 13.05, 0.0, 29.5, 13.01, 19.83, 19.71, 13.49, 23.89, 23.81, 17.94, 15.06, 10.67, 18.63, 4.92, 18.47, 36.16, 24.99, 7.59, 30.81, 18.06, 7.99, 8.21, 25.34, 26.7, 10.84, 37.88, 18.18, 29.76, 12.47, 26.87, 6.3, 12.72, 32.44, 11.72, 28.3, 40.65, 9.34, 10.63, 17.62, 68.97], [0, 34.85, 19.81, 29.5, 0.0, 21.0, 31.9, 47.71, 20.77, 51.03, 18.3, 17.56, 19.7, 20.07, 46.14, 24.99, 17.87, 6.7, 43.56, 21.92, 47.73, 18.0, 37.48, 22.33, 47.03, 6.2, 30.9, 14.67, 18.88, 9.66, 26.2, 11.83, 35.68, 22.66, 13.83, 21.52, 11.36, 65.21, 20.74, 37.69, 16.84, 61.13], [0, 15.04, 9.73, 13.01, 21.0, 0.0, 12.74, 27.43, 9.83, 30.34, 24.44, 18.65, 17.32, 12.24, 25.69, 8.43, 19.4, 27.51, 23.26, 8.91, 28.12, 19.07, 20.06, 5.39, 26.21, 20.88, 12.72, 33.23, 19.79, 18.09, 9.0, 14.7, 17.63, 11.27, 29.17, 11.33, 16.22, 44.25, 10.9, 17.56, 5.12, 72.6], [0, 20.72, 14.11, 19.83, 31.9, 12.74, 0.0, 23.57, 12.65, 24.61, 37.1, 31.19, 29.53, 24.16, 21.58, 17.59, 31.93, 37.83, 11.94, 20.07, 15.86, 31.59, 23.27, 16.25, 16.3, 33.02, 17.68, 45.31, 32.23, 25.93, 17.22, 22.18, 20.73, 11.19, 41.67, 13.17, 23.57, 34.62, 22.59, 16.51, 15.23, 85.16], [0, 21.09, 28.34, 19.71, 47.71, 27.43, 23.57, 0.0, 27.79, 4.65, 43.38, 37.63, 34.69, 30.34, 9.91, 23.16, 38.13, 54.4, 17.85, 26.75, 22.36, 37.72, 13.65, 25.43, 13.94, 45.87, 17.42, 57.46, 37.77, 45.42, 21.91, 41.87, 13.77, 26.04, 52.13, 26.57, 43.4, 22.18, 28.91, 10.02, 32.46, 86.13], [0, 15.03, 9.32, 13.49, 20.77, 9.83, 12.65, 27.79, 0.0, 30.66, 24.6, 18.85, 17.59, 12.56, 26.05, 8.91, 19.6, 27.26, 23.33, 9.32, 28.13, 19.29, 20.53, 5.85, 26.37, 20.79, 13.19, 33.14, 20.02, 17.69, 9.49, 14.28, 18.09, 11.13, 29.16, 10.92, 15.8, 44.45, 11.26, 17.95, 4.71, 72.78], [0, 21.77, 31.37, 23.89, 51.03, 30.34, 24.61, 4.65, 30.66, 0.0, 47.67, 41.83, 38.94, 34.4, 5.26, 26.96, 42.36, 57.67, 16.67, 30.62, 20.22, 41.94, 18.23, 28.95, 11.9, 49.57, 21.42, 61.36, 42.05, 48.05, 25.72, 44.41, 18.17, 28.83, 56.15, 29.61, 45.93, 17.54, 32.91, 13.63, 35.22, 90.77], [0, 39.07, 23.12, 23.81, 18.3, 24.44, 37.1, 43.38, 24.6, 47.67, 0.0, 6.13, 8.76, 13.85, 42.41, 21.75, 5.47, 22.34, 46.44, 18.16, 51.84, 5.88, 30.25, 21.42, 48.1, 12.12, 26.45, 16.79, 5.63, 26.12, 22.83, 26.21, 29.63, 25.91, 10.7, 23.93, 26.67, 64.39, 15.51, 34.38, 23.91, 48.21], [0, 33.06, 17.37, 17.94, 17.56, 18.65, 31.19, 37.63, 18.85, 41.83, 6.13, 0.0, 13.16, 7.72, 36.57, 15.64, 11.6, 23.02, 40.32, 12.03, 45.75, 12.01, 24.81, 15.33, 41.97, 12.12, 20.49, 20.75, 11.77, 23.5, 16.73, 22.78, 23.95, 20.04, 14.9, 18.04, 23.53, 58.39, 9.38, 28.42, 18.77, 53.98], [0, 31.18, 16.15, 15.06, 19.7, 17.32, 29.53, 34.69, 17.59, 38.94, 8.76, 13.16, 0.0, 5.43, 33.68, 13.18, 13.81, 25.51, 38.11, 9.76, 43.64, 13.41, 21.77, 13.36, 39.51, 14.68, 17.69, 23.81, 13.83, 24.68, 14.19, 23.52, 20.97, 18.56, 17.97, 16.54, 24.43, 55.64, 7.09, 25.63, 18.26, 55.72], [0, 25.75, 11.19, 10.67, 20.07, 12.24, 24.16, 30.34, 12.56, 34.4, 13.85, 7.72, 5.43, 0.0, 29.17, 7.91, 8.38, 26.5, 32.71, 4.35, 38.22, 7.97, 18.19, 7.95, 34.25, 16.37, 12.99, 27.22, 8.39, 22.87, 9.01, 20.95, 16.92, 13.33, 21.79, 11.34, 22.11, 50.74, 12.52, 20.87, 14.06, 61.15], [0, 19.11, 26.65, 18.63, 46.14, 25.69, 21.58, 9.91, 26.05, 5.26, 42.41, 36.57, 33.68, 29.17, 0.0, 21.8, 37.1, 52.81, 16.14, 25.44, 20.86, 36.68, 13.19, 23.92, 12.53, 44.47, 16.19, 56.18, 36.78, 43.64, 20.56, 40.06, 12.95, 24.28, 50.93, 24.88, 41.59, 22.53, 27.69, 8.51, 30.69, 85.83], [0, 18.63, 8.27, 4.92, 24.99, 8.43, 17.59, 23.16, 8.91, 26.96, 21.75, 15.64, 13.18, 7.91, 21.8, 0.0, 16.28, 31.68, 24.99, 12.26, 30.61, 15.88, 12.76, 12.62, 26.35, 22.72, 5.92, 34.4, 16.25, 24.84, 10.62, 21.95, 10.73, 8.51, 29.28, 7.14, 23.38, 42.94, 6.27, 13.33, 12.78, 68.62], [0, 33.79, 18.12, 18.47, 17.87, 19.4, 31.93, 38.13, 19.6, 42.36, 5.47, 11.6, 13.81, 8.38, 37.1, 16.28, 0.0, 23.19, 41.02, 12.7, 46.46, 11.35, 25.23, 16.04, 42.63, 12.3, 21.05, 20.5, 11.1, 24.04, 17.36, 23.4, 24.43, 20.79, 14.58, 18.78, 24.12, 58.98, 10.04, 28.99, 19.51, 53.23], [0, 40.89, 26.37, 36.16, 6.7, 27.51, 37.83, 54.4, 27.26, 57.67, 22.34, 23.02, 25.51, 26.5, 52.81, 31.68, 23.19, 0.0, 49.65, 28.57, 53.56, 23.4, 44.13, 29.03, 53.32, 10.9, 37.59, 12.62, 24.19, 13.1, 32.9, 16.36, 42.36, 29.13, 14.67, 28.1, 15.38, 71.6, 27.28, 44.37, 23.09, 60.39], [0, 8.78, 24.62, 24.99, 43.56, 23.26, 11.94, 17.85, 23.33, 16.67, 46.44, 40.32, 38.11, 32.71, 16.14, 24.99, 41.02, 49.65, 0.0, 28.37, 5.84, 40.63, 24.53, 25.03, 5.28, 44.12, 22.17, 56.47, 41.1, 37.87, 24.13, 34.12, 22.65, 21.55, 52.37, 23.25, 35.5, 22.87, 31.04, 16.43, 26.73, 93.58], [0, 21.51, 8.17, 7.59, 21.92, 8.91, 20.07, 26.75, 9.32, 30.62, 18.16, 12.03, 9.76, 4.35, 25.44, 12.26, 12.7, 28.57, 28.37, 0.0, 33.89, 12.3, 15.56, 9.17, 29.95, 19.22, 9.35, 30.74, 12.74, 22.88, 4.92, 20.36, 13.85, 9.66, 25.57, 7.79, 21.7, 46.66, 12.31, 17.0, 12.02, 65.43], [0, 13.11, 29.51, 30.81, 47.73, 28.12, 15.86, 22.36, 28.13, 20.22, 51.84, 45.75, 43.64, 38.22, 20.86, 30.61, 46.46, 53.56, 5.84, 33.89, 0.0, 46.08, 30.27, 30.42, 8.45, 48.8, 28.0, 61.12, 46.59, 41.26, 29.8, 37.57, 28.45, 26.45, 57.29, 28.28, 38.86, 21.6, 36.56, 22.19, 31.08, 99.23], [0, 33.42, 17.81, 18.06, 18.0, 19.07, 31.59, 37.72, 19.29, 41.94, 5.88, 12.01, 13.41, 7.97, 36.68, 15.88, 11.35, 23.4, 40.63, 12.3, 46.08, 0.0, 24.82, 15.66, 42.23, 12.5, 20.63, 20.86, 11.51, 24.02, 16.95, 23.31, 24.01, 20.45, 14.97, 18.44, 24.06, 58.56, 9.64, 28.57, 19.26, 53.57], [0, 22.44, 20.39, 7.99, 37.48, 20.06, 23.27, 13.65, 20.53, 18.23, 30.25, 24.81, 21.77, 18.19, 13.19, 12.76, 25.23, 44.13, 24.53, 15.56, 30.27, 24.82, 0.0, 15.91, 23.19, 34.49, 7.34, 45.29, 24.74, 37.52, 11.67, 34.47, 12.34, 19.35, 39.64, 18.84, 35.94, 35.71, 17.06, 8.11, 25.0, 72.64], [0, 17.82, 5.02, 8.21, 22.33, 5.39, 16.25, 25.43, 5.85, 28.95, 21.42, 15.33, 13.36, 7.95, 23.92, 12.62, 16.04, 29.03, 25.03, 9.17, 30.42, 15.66, 15.91, 0.0, 27.03, 20.66, 8.78, 32.69, 16.21, 21.61, 4.25, 18.65, 13.75, 5.88, 27.91, 11.96, 20.1, 44.28, 6.35, 15.42, 9.47, 69.08], [0, 13.07, 27.52, 25.34, 47.03, 26.21, 16.3, 13.94, 26.37, 11.9, 48.1, 41.97, 39.51, 34.25, 12.53, 26.35, 42.63, 53.32, 5.28, 29.95, 8.45, 42.23, 23.19, 27.03, 0.0, 47.01, 22.47, 59.31, 42.59, 42.03, 25.32, 38.27, 21.76, 24.51, 54.86, 25.97, 39.7, 18.39, 32.59, 15.43, 30.24, 94.32], [0, 35.7, 19.53, 26.7, 6.2, 20.88, 33.02, 45.87, 20.79, 49.57, 12.12, 12.12, 14.68, 16.37, 44.47, 22.72, 12.3, 10.9, 44.12, 19.22, 48.8, 12.5, 34.49, 20.66, 47.01, 0.0, 28.56, 12.35, 13.29, 14.94, 23.97, 16.08, 33.0, 22.59, 9.16, 21.04, 16.09, 64.77, 17.42, 35.97, 17.89, 56.15], [0, 17.67, 13.06, 10.84, 30.9, 12.72, 17.68, 17.42, 13.19, 21.42, 26.45, 20.49, 17.69, 12.99, 16.19, 5.92, 21.05, 37.59, 22.17, 9.35, 28.0, 20.63, 7.34, 8.78, 22.47, 28.56, 0.0, 40.05, 20.82, 30.29, 4.7, 27.17, 4.99, 12.06, 34.75, 11.5, 28.65, 37.95, 11.51, 7.94, 17.67, 71.85], [0, 48.03, 31.87, 37.88, 14.67, 33.23, 45.31, 57.46, 33.14, 61.36, 16.79, 20.75, 23.81, 27.22, 56.18, 34.4, 20.5, 12.62, 56.47, 30.74, 61.12, 20.86, 45.29, 32.69, 59.31, 12.35, 40.05, 0.0, 21.23, 24.11, 35.63, 26.5, 44.14, 34.94, 6.09, 33.35, 25.99, 76.95, 28.57, 47.73, 30.11, 47.78], [0, 34.01, 18.55, 18.18, 18.88, 19.79, 32.23, 37.77, 20.02, 42.05, 5.63, 11.77, 13.83, 8.39, 36.78, 16.25, 11.1, 24.19, 41.1, 12.74, 46.59, 11.51, 24.74, 16.21, 42.59, 13.29, 20.82, 21.23, 0.0, 24.99, 17.28, 24.28, 24.03, 21.14, 15.26, 19.12, 25.03, 58.77, 10.06, 28.75, 20.13, 52.93], [0, 29.12, 17.38, 29.76, 9.66, 18.09, 25.93, 45.42, 17.69, 48.05, 26.12, 23.5, 24.68, 22.87, 43.64, 24.84, 24.04, 13.1, 37.87, 22.88, 41.26, 24.02, 37.52, 21.61, 42.03, 14.94, 30.29, 24.11, 24.99, 0.0, 25.86, 21.5, 35.28, 19.39, 23.43, 19.1, 21.02, 60.42, 22.82, 35.64, 12.99, 70.76], [0, 18.06, 9.01, 12.47, 26.2, 9.0, 17.22, 21.91, 9.49, 25.72, 22.83, 16.73, 14.19, 9.01, 20.56, 10.62, 17.36, 32.9, 24.13, 4.92, 29.8, 16.95, 11.67, 4.25, 25.32, 23.97, 4.7, 35.63, 17.28, 25.86, 0.0, 22.89, 9.57, 8.85, 30.5, 7.71, 24.34, 41.77, 7.39, 12.09, 13.59, 69.45], [0, 25.36, 14.13, 26.87, 11.83, 14.7, 22.18, 41.87, 14.28, 44.41, 26.21, 22.78, 23.52, 20.95, 40.06, 21.95, 23.4, 16.36, 34.12, 20.36, 37.57, 23.31, 34.47, 18.65, 38.27, 16.08, 27.17, 26.5, 24.28, 21.5, 22.89, 0.0, 32.15, 15.89, 25.05, 15.79, 20.69, 56.66, 20.67, 32.17, 9.59, 72.24], [0, 20.01, 18.03, 6.3, 35.68, 17.63, 20.73, 13.77, 18.09, 18.17, 29.63, 23.95, 20.97, 16.92, 12.95, 10.73, 24.43, 42.36, 22.65, 13.85, 28.45, 24.01, 12.34, 13.75, 21.76, 33.0, 4.99, 44.14, 24.03, 35.28, 9.57, 32.15, 0.0, 16.85, 38.62, 16.44, 33.64, 35.39, 15.63, 6.35, 22.63, 73.23], [0, 13.39, 10.9, 12.72, 22.66, 11.27, 11.19, 26.04, 11.13, 28.83, 25.91, 20.04, 18.56, 13.33, 24.28, 8.51, 20.79, 29.13, 21.55, 9.66, 26.45, 20.45, 19.35, 5.88, 24.51, 22.59, 12.06, 34.94, 21.14, 19.39, 8.85, 15.89, 16.85, 0.0, 30.86, 12.63, 17.42, 42.57, 11.89, 16.28, 6.42, 74.02], [0, 44.19, 27.79, 32.44, 13.83, 29.17, 41.67, 52.13, 29.16, 56.15, 10.7, 14.9, 17.97, 21.79, 50.93, 29.28, 14.58, 14.67, 52.37, 25.57, 57.29, 14.97, 39.64, 27.91, 54.86, 9.16, 34.75, 6.09, 15.26, 23.43, 30.5, 25.05, 38.62, 30.86, 0.0, 29.12, 24.89, 72.14, 23.24, 42.56, 26.76, 47.33], [0, 15.26, 10.83, 11.72, 21.52, 11.33, 13.17, 26.57, 10.92, 29.61, 23.93, 18.04, 16.54, 11.34, 24.88, 7.14, 18.78, 28.1, 23.25, 7.79, 28.28, 18.44, 18.84, 11.96, 25.97, 21.04, 11.5, 33.35, 19.12, 19.1, 7.71, 15.79, 16.44, 12.63, 29.12, 0.0, 17.3, 43.86, 9.92, 16.64, 6.21, 72.01], [0, 26.76, 15.63, 28.3, 11.36, 16.22, 23.57, 43.4, 15.8, 45.93, 26.67, 23.53, 24.43, 22.11, 41.59, 23.38, 24.12, 15.38, 35.5, 21.7, 38.86, 24.06, 35.94, 20.1, 39.7, 16.09, 28.65, 25.99, 25.03, 21.02, 24.34, 20.69, 33.64, 17.42, 24.89, 17.3, 0.0, 58.09, 21.9, 33.7, 11.1, 72.17], [0, 31.39, 45.5, 40.65, 65.21, 44.25, 34.62, 22.18, 44.45, 17.54, 64.39, 58.39, 55.64, 50.74, 22.53, 42.94, 58.98, 71.6, 22.87, 46.66, 21.6, 58.56, 35.71, 44.28, 18.39, 64.77, 37.95, 76.95, 58.77, 60.42, 41.77, 56.66, 35.39, 42.57, 72.14, 43.86, 58.09, 0.0, 49.15, 30.03, 48.51, 108.3], [0, 24.13, 9.95, 9.34, 20.74, 10.9, 22.59, 28.91, 11.26, 32.91, 15.51, 9.38, 7.09, 12.52, 27.69, 6.27, 10.04, 27.28, 31.04, 12.31, 36.56, 9.64, 17.06, 6.35, 32.59, 17.42, 11.51, 28.57, 10.06, 22.82, 7.39, 20.67, 15.63, 11.89, 23.24, 9.92, 21.9, 49.15, 0.0, 19.34, 13.18, 62.79], [0, 15.05, 18.41, 10.63, 37.69, 17.56, 16.51, 10.02, 17.95, 13.63, 34.38, 28.42, 25.63, 20.87, 8.51, 13.33, 28.99, 44.37, 16.43, 17.0, 22.19, 28.57, 8.11, 15.42, 15.43, 35.97, 7.94, 47.73, 28.75, 35.64, 12.09, 32.17, 6.35, 16.28, 42.56, 16.64, 33.7, 30.03, 19.34, 0.0, 22.65, 79.23], [0, 18.07, 4.61, 17.62, 16.84, 5.12, 15.23, 32.46, 4.71, 35.22, 23.91, 18.77, 18.26, 14.06, 30.69, 12.78, 19.51, 23.09, 26.73, 12.02, 31.08, 19.26, 25.0, 9.47, 30.24, 17.89, 17.67, 30.11, 20.13, 12.99, 13.59, 9.59, 22.63, 6.42, 26.76, 6.21, 11.1, 48.51, 13.18, 22.65, 0.0, 71.97], [0, 0, 0, 0, 0, 0, 0, 0, 0, 0, 0, 0, 0, 0, 0, 0, 0, 0, 0, 0, 0, 0, 0, 0, 0, 0, 0, 0, 0, 0, 0, 0, 0, 0, 0, 0, 0, 0, 0, 0, 0, 0]], "end_depot": 41, "horizon": [0.0, 2200.0], "instance_name": "40_98_A_100_B5", "speed_zone_count": 73, "speed_zones": [[0.0, 15.0], [15.0, 30.0], [30.0, 45.0], [45.0, 60.0], [60.0, 75.0], [75.0, 90.0], [90.0, 105.0], [105.0, 120.0], [120.0, 135.0], [135.0, 150.0], [150.0, 165.0], [165.0, 180.0], [180.0, 195.0], [195.0, 210.0], [210.0, 225.0], [225.0, 240.0], [240.0, 255.0], [255.0, 270.0], [270.0, 285.0], [285.0, 300.0], [300.0, 315.0], [315.0, 330.0], [330.0, 345.0], [345.0, 360.0], [360.0, 375.0], [375.0, 390.0], [390.0, 405.0], [405.0, 420.0], [420.0, 435.0], [435.0, 450.0], [450.0, 465.0], [465.0, 480.0], [480.0, 495.0], [495.0, 510.0], [510.0, 525.0], [525.0, 540.0], [540.0, 555.0], [555.0, 570.0], [570.0, 585.0], [585.0, 600.0], [600.0, 615.0], [615.0, 630.0], [630.0, 645.0], [645.0, 660.0], [660.0, 675.0], [675.0, 690.0], [690.0, 705.0], [705.0, 720.0], [720.0, 735.0], [735.0, 750.0], [750.0, 765.0], [765.0, 780.0], [780.0, 795.0], [795.0, 810.0], [810.0, 825.0], [825.0, 840.0], [840.0, 855.0], [855.0, 870.0], [870.0, 885.0], [885.0, 900.0], [900.0, 915.0], [915.0, 930.0], [930.0, 945.0], [945.0, 960.0], [960.0, 975.0], [975.0, 990.0], [990.0, 1005.0], [1005.0, 1020.0], [1020.0, 1035.0], [1035.0, 1050.0], [1050.0, 1065.0], [1065.0, 1080.0], [1080.0, 2200.0]], "start_depot": 0, "time_windows": [[0.0, 2200.0], [62.0, 142.0], [80.0, 160.0], [109.0, 189.0], [189.0, 269.0], [248.0, 328.0], [274.0, 354.0], [317.0, 397.0], [362.0, 442.0], [429.0, 509.0], [554.0, 634.0], [565.0, 645.0], [587.0, 667.0], [595.0, 675.0], [637.0, 717.0], [667.0, 747.0], [689.0, 769.0], [726.0, 806.0], [825.0, 905.0], [873.0, 953.0], [924.0, 1004.0], [981.0, 1061.0], [1009.0, 1089.0], [1026.0, 1106.0], [1053.0, 1133.0], [1101.0, 1181.0], [1129.0, 1209.0], [1169.0, 1249.0], [1191.0, 1271.0], [1216.0, 1296.0], [1242.0, 1322.0], [1265.0, 1345.0], [1297.0, 1377.0], [1314.0, 1394.0], [1345.0, 1425.0], [1374.0, 1454.0], [1392.0, 1472.0], [1450.0, 1530.0], [1500.0, 1580.0], [1519.0, 1599.0], [1542.0, 1622.0], [0.0, 2200.0]], "vehicle_count": 1}