{"cluster_count": 3, "cluster_speeds": [[0.87875, 0.8075, 0.87875, 0.95, 0.790875, 0.72675, 0.790875, 0.855, 0.439375, 0.40375, 0.439375, 0.475, 0.289988, 0.266475, 0.289988, 0.3135, 0.3515, 0.323, 0.3515, 0.38, 0.52725, 0.4845, 0.52725, 0.57, 0.6475, 0.595, 0.6475, 0.7, 0.37, 0.34, 0.37, 0.4, 0.30525, 0.2805, 0.30525, 0.33, 0.4625, 0.425, 0.4625, 0.5, 0.6475, 0.595, 0.6475, 0.7, 0.74, 0.68, 0.74, 0.8, 0.615125, 0.56525, 0.615125, 0.665, 0.439375, 0.40375, 0.439375, 0.475, 0.52725, 0.4845, 0.52725, 0.57, 0.615125, 0.56525, 0.615125, 0.665, 0.790875, 0.72675, 0.790875, 0.855, 0.87875, 0.8075, 0.87875, 0.95, 0.95], [0.89725, 0.8245, 0.89725, 0.97, 0.807525, 0.74205, 0.807525, 0.873, 0.448625, 0.41225, 0.448625, 0.485, 0.296093, 0.272085, 0.296093, 0.3201, 0.3589, 0.3298, 0.3589, 0.388, 0.53835, 0.4947, 0.53835, 0.582, 0.6475, 0.595, 0.6475, 0.7, 0.37, 0.34, 0.37, 0.4, 0.30525, 0.2805, 0.30525, 0.33, 0.4625, 0.425, 0.4625, 0.5, 0.6475, 0.595, 0.6475, 0.7, 0.74, 0.68, 0.74, 0.8, 0.628075, 0.57715, 0.628075, 0.679, 0.448625, 0.41225, 0.448625, 0.485, 0.53835, 0.4947, 0.53835, 0.582, 0.628075, 0.57715, 0.628075, 0.679, 0.807525, 0.74205, 0.807525, 0.873, 0.89725, 0.8245, 0.89725, 0.97, 0.97], [0.925, 0.85, 0.925, 1.0, 0.8325, 0.765, 0.8325, 0.9, 0.4625, 0.425, 0.4625, 0.5, 0.30525, 0.2805, 0.30525, 0.33, 0.37, 0.34, 0.37, 0.4, 0.555, 0.51, 0.555, 0.6, 0.6475, 0.595, 0.6475, 0.7, 0.37, 0.34, 0.37, 0.4, 0.30525, 0.2805, 0.30525, 0.33, 0.4625, 0.425, 0.4625, 0.5, 0.6475, 0.595, 0.6475, 0.7, 0.74, 0.68, 0.74, 0.8, 0.6475, 0.595, 0.6475, 0.7, 0.4625, 0.425, 0.4625, 0.5, 0.555, 0.51, 0.555, 0.6, 0.6475, 0.595, 0.6475, 0.7, 0.8325, 0.765, 0.8325, 0.9, 0.925, 0.85, 0.925, 1.0, 1.0]], "clusters": [[-1, 2, 2, 2, 2, 2, 2, 2, 2, 2, 2, 2, 2, 2, 2, 2, 2, 2, 2, 2, 2, 2, 2, 2, 2, 2, 2, 2, 2, 2, 2, 2, 2, 2, 2, 2, 2, 2, 2, 2, 2, -1], [1, -1, 1, 1, 1, 1, 1, 1, 1, 1, 1, 1, 1, 1, 1, 1, 1, 1, 1, 1, 1, 1, 1, 1, 1, 1, 1, 1, 1, 1, 1, 1, 1, 1, 1, 1, 1, 1, 1, 1, 1, 1], [0, 0, -1, 0, 0, 0, 0, 0, 0, 0, 0, 0, 0, 0, 0, 0, 0, 0, 0, 0, 0, 0, 0, 0, 0, 0, 0, 0, 0, 0, 0, 0, 0, 0, 0, 0, 0, 0, 0, 0, 0, 0], [0, 0, 0, -1, 0, 0, 0, 0, 0, 0, 0, 0, 0, 0, 0, 0, 0, 0, 0, 0, 0, 0, 0, 0, 0, 0, 0, 0, 0, 0, 0, 0, 0, 0, 0, 0, 0, 0, 0, 0, 0, 0], [0, 0, 0, 0, -1, 0, 0, 0, 0, 0, 0, 0, 0, 0, 0, 0, 0, 0, 0, 0, 0, 0, 0, 0, 0, 0, 0, 0, 0, 0, 0, 0, 0, 0, 0, 0, 0, 0, 0, 0, 0, 0], [0, 0, 0, 0, 0, -1, 0, 0, 0, 0, 0, 0, 0, 0, 0, 0, 0, 0, 0, 0, 0, 0, 0, 0, 0, 0, 0, 0, 0, 0, 0, 0, 0, 0, 0, 0, 0, 0, 0, 0, 0, 0], [0, 0, 0, 0, 0, 0, -1, 0, 0, 0, 0, 0, 0, 0, 0, 0, 0, 0, 0, 0, 0, 0, 0, 0, 0, 0, 0, 0, 0, 0, 0, 0, 0, 0, 0, 0, 0, 0, 0, 0, 0, 0], [0, 0, 0, 0, 0, 0, 0, -1, 0, 0, 0, 0, 0, 0, 0, 0, 0, 0, 0, 0, 0, 0, 0, 0, 0, 0, 0, 0, 0, 0, 0, 0, 0, 0, 0, 0, 0, 0, 0, 0, 0, 0], [1, 1, 1, 1, 1, 1, 1, 1, -1, 1, 1, 1, 1, 1, 1, 1, 1, 1, 1, 1, 1, 1, 1, 1, 1, 1, 1, 1, 1, 1, 1, 1, 1, 1, 1, 1, 1, 1, 1, 1, 1, 1], [0, 0, 0, 0, 0, 0, 0, 0, 0, -1, 0, 0, 0, 0, 0, 0, 0, 0, 0, 0, 0, 0, 0, 0, 0, 0, 0, 0, 0, 0, 0, 0, 0, 0, 0, 0, 0, 0, 0, 0, 0, 0], [0, 0, 0, 0, 0, 0, 0, 0, 0, 0, -1, 0, 0, 0, 0, 0, 0, 0, 0, 0, 0, 0, 0, 0, 0, 0, 0, 0, 0, 0, 0, 0, 0, 0, 0, 0, 0, 0, 0, 0, 0, 0], [0, 0, 0, 0, 0, 0, 0, 0, 0, 0, 0, -1, 0, 0, 0, 0, 0, 0, 0, 0, 0, 0, 0, 0, 0, 0, 0, 0, 0, 0, 0, 0, 0, 0, 0, 0, 0, 0, 0, 0, 0, 0], [2, 2, 2, 2, 2, 2, 2, 2, 2, 2, 2, 2, -1, 2, 2, 2, 2, 2, 2, 2, 2, 2, 2, 2, 2, 2, 2, 2, 2, 2, 2, 2, 2, 2, 2, 2, 2, 2, 2, 2, 2, 2], [0, 0, 0, 0, 0, 0, 0, 0, 0, 0, 0, 0, 0, -1, 0, 0, 0, 0, 0, 0, 0, 0, 0, 0, 0, 0, 0, 0, 0, 0, 0, 0, 0, 0, 0, 0, 0, 0, 0, 0, 0, 0], [0, 0, 0, 0, 0, 0, 0, 0, 0, 0, 0, 0, 0, 0, -1, 0, 0, 0, 0, 0, 0, 0, 0, 0, 0, 0, 0, 0, 0, 0, 0, 0, 0, 0, 0, 0, 0, 0, 0, 0, 0, 0], [0, 0, 0, 0, 0, 0, 0, 0, 0, 0, 0, 0, 0, 0, 0, -1, 0, 0, 0, 0, 0, 0, 0, 0, 0, 0, 0, 0, 0, 0, 0, 0, 0, 0, 0, 0, 0, 0, 0, 0, 0, 0], [0, 0, 0, 0, 0, 0, 0, 0, 0, 0, 0, 0, 0, 0, 0, 0, -1, 0, 0, 0, 0, 0, 0, 0, 0, 0, 0, 0, 0, 0, 0, 0, 0, 0, 0, 0, 0, 0, 0, 0, 0, 0], [0, 0, 0, 0, 0, 0, 0, 0, 0, 0, 0, 0, 0, 0, 0, 0, 0, -1, 0, 0, 0, 0, 0, 0, 0, 0, 0, 0, 0, 0, 0, 0, 0, 0, 0, 0, 0, 0, 0, 0, 0, 0], [1, 1, 1, 1, 1, 1, 1, 1, 1, 1, 1, 1, 1, 1, 1, 1, 1, 1, -1, 1, 1, 1, 1, 1, 1, 1, 1, 1, 1, 1, 1, 1, 1, 1, 1, 1, 1, 1, 1, 1, 1, 1], [0, 0, 0, 0, 0, 0, 0, 0, 0, 0, 0, 0, 0, 0, 0, 0, 0, 0, 0, -1, 0, 0, 0, 0, 0, 0, 0, 0, 0, 0, 0, 0, 0, 0, 0, 0, 0, 0, 0, 0, 0, 0], [0, 0, 0, 0, 0, 0, 0, 0, 0, 0, 0, 0, 0, 0, 0, 0, 0, 0, 0, 0, -1, 0, 0, 0, 0, 0, 0, 0, 0, 0, 0, 0, 0, 0, 0, 0, 0, 0, 0, 0, 0, 0], [0, 0, 0, 0, 0, 0, 0, 0, 0, 0, 0, 0, 0, 0, 0, 0, 0, 0, 0, 0, 0, -1, 0, 0, 0, 0, 0, 0, 0, 0, 0, 0, 0, 0, 0, 0, 0, 0, 0, 0, 0, 0], [2, 2, 2, 2, 2, 2, 2, 2, 2, 2, 2, 2, 2, 2, 2, 2, 2, 2, 2, 2, 2, 2, -1, 2, 2, 2, 2, 2, 2, 2, 2, 2, 2, 2, 2, 2, 2, 2, 2, 2, 2, 2], [0, 0, 0, 0, 0, 0, 0, 0, 0, 0, 0, 0, 0, 0, 0, 0, 0, 0, 0, 0, 0, 0, 0, -1, 0, 0, 0, 0, 0, 0, 0, 0, 0, 0, 0, 0, 0, 0, 0, 0, 0, 0], [0, 0, 0, 0, 0, 0, 0, 0, 0, 0, 0, 0, 0, 0, 0, 0, 0, 0, 0, 0, 0, 0, 0, 0, -1, 0, 0, 0, 0, 0, 0, 0, 0, 0, 0, 0, 0, 0, 0, 0, 0, 0], [2, 2, 2, 2, 2, 2, 2, 2, 2, 2, 2, 2, 2, 2, 2, 2, 2, 2, 2, 2, 2, 2, 2, 2, 2, -1, 2, 2, 2, 2, 2, 2, 2, 2, 2, 2, 2, 2, 2, 2, 2, 2], [1, 1, 1, 1, 1, 1, 1, 1, 1, 1, 1, 1, 1, 1, 1, 1, 1, 1, 1, 1, 1, 1, 1, 1, 1, 1, -1, 1, 1, 1, 1, 1, 1, 1, 1, 1, 1, 1, 1, 1, 1, 1], [0, 0, 0, 0, 0, 0, 0, 0, 0, 0, 0, 0, 0, 0, 0, 0, 0, 0, 0, 0, 0, 0, 0, 0, 0, 0, 0, -1, 0, 0, 0, 0, 0, 0, 0, 0, 0, 0, 0, 0, 0, 0], [1, 1, 1, 1, 1, 1, 1, 1, 1, 1, 1, 1, 1, 1, 1, 1, 1, 1, 1, 1, 1, 1, 1, 1, 1, 1, 1, 1, -1, 1, 1, 1, 1, 1, 1, 1, 1, 1, 1, 1, 1, 1], [0, 0, 0, 0, 0, 0, 0, 0, 0, 0, 0, 0, 0, 0, 0, 0, 0, 0, 0, 0, 0, 0, 0, 0, 0, 0, 0, 0, 0, -1, 0, 0, 0, 0, 0, 0, 0, 0, 0, 0, 0, 0], [0, 0, 0, 0, 0, 0, 0, 0, 0, 0, 0, 0, 0, 0, 0, 0, 0, 0, 0, 0, 0, 0, 0, 0, 0, 0, 0, 0, 0, 0, -1, 0, 0, 0, 0, 0, 0, 0, 0, 0, 0, 0], [0, 0, 0, 0, 0, 0, 0, 0, 0, 0, 0, 0, 0, 0, 0, 0, 0, 0, 0, 0, 0, 0, 0, 0, 0, 0, 0, 0, 0, 0, 0, -1, 0, 0, 0, 0, 0, 0, 0, 0, 0, 0], [1, 1, 1, 1, 1, 1, 1, 1, 1, 1, 1, 1, 1, 1, 1, 1, 1, 1, 1, 1, 1, 1, 1, 1, 1, 1, 1, 1, 1, 1, 1, 1, -1, 1, 1, 1, 1, 1, 1, 1, 1, 1], [1, 1, 1, 1, 1, 1, 1, 1, 1, 1, 1, 1, 1, 1, 1, 1, 1, 1, 1, 1, 1, 1, 1, 1, 1, 1, 1, 1, 1, 1, 1, 1, 1, -1, 1, 1, 1, 1, 1, 1, 1, 1], [0, 0, 0, 0, 0, 0, 0, 0, 0, 0, 0, 0, 0, 0, 0, 0, 0, 0, 0, 0, 0, 0, 0, 0, 0, 0, 0, 0, 0, 0, 0, 0, 0, 0, -1, 0, 0, 0, 0, 0, 0, 0], [2, 2, 2, 2, 2, 2, 2, 2, 2, 2, 2, 2, 2, 2, 2, 2, 2, 2, 2, 2, 2, 2, 2, 2, 2, 2, 2, 2, 2, 2, 2, 2, 2, 2, 2, -1, 2, 2, 2, 2, 2, 2], [1, 1, 1, 1, 1, 1, 1, 1, 1, 1, 1, 1, 1, 1, 1, 1, 1, 1, 1, 1, 1, 1, 1, 1, 1, 1, 1, 1, 1, 1, 1, 1, 1, 1, 1, 1, -1, 1, 1, 1, 1, 1], [0, 0, 0, 0, 0, 0, 0, 0, 0, 0, 0, 0, 0, 0, 0, 0, 0, 0, 0, 0, 0, 0, 0, 0, 0, 0, 0, 0, 0, 0, 0, 0, 0, 0, 0, 0, 0, -1, 0, 0, 0, 0], [2, 2, 2, 2, 2, 2, 2, 2, 2, 2, 2, 2, 2, 2, 2, 2, 2, 2, 2, 2, 2, 2, 2, 2, 2, 2, 2, 2, 2, 2, 2, 2, 2, 2, 2, 2, 2, 2, -1, 2, 2, 2], [0, 0, 0, 0, 0, 0, 0, 0, 0, 0, 0, 0, 0, 0, 0, 0, 0, 0, 0, 0, 0, 0, 0, 0, 0, 0, 0, 0, 0, 0, 0, 0, 0, 0, 0, 0, 0, 0, 0, -1, 0, 0], [0, 0, 0, 0, 0, 0, 0, 0, 0, 0, 0, 0, 0, 0, 0, 0, 0, 0, 0, 0, 0, 0, 0, 0, 0, 0, 0, 0, 0, 0, 0, 0, 0, 0, 0, 0, 0, 0, 0, 0, -1, 0], [-1, 2, 2, 2, 2, 2, 2, 2, 2, 2, 2, 2, 2, 2, 2, 2, 2, 2, 2, 2, 2, 2, 2, 2, 2, 2, 2, 2, 2, 2, 2, 2, 2, 2, 2, 2, 2, 2, 2, 2, 2, -1]], "dataset_name": "guerriero_et_al_2014b", "digraph": {"arc_count": 1640, "arcs": [[0, 1, 1, 1, 1, 1, 1, 1, 1, 1, 1, 1, 1, 1, 1, 1, 1, 1, 1, 1, 1, 1, 1, 1, 1, 1, 1, 1, 1, 1, 1, 1, 1, 1, 1, 1, 1, 1, 1, 1, 1, 0], [0, 0, 1, 1, 1, 1, 1, 1, 1, 1, 1, 1, 1, 1, 1, 1, 1, 1, 1, 1, 1, 1, 1, 1, 1, 1, 1, 1, 1, 1, 1, 1, 1, 1, 1, 1, 1, 1, 1, 1, 1, 1], [0, 1, 0, 1, 1, 1, 1, 1, 1, 1, 1, 1, 1, 1, 1, 1, 1, 1, 1, 1, 1, 1, 1, 1, 1, 1, 1, 1, 1, 1, 1, 1, 1, 1, 1, 1, 1, 1, 1, 1, 1, 1], [0, 1, 1, 0, 1, 1, 1, 1, 1, 1, 1, 1, 1, 1, 1, 1, 1, 1, 1, 1, 1, 1, 1, 1, 1, 1, 1, 1, 1, 1, 1, 1, 1, 1, 1, 1, 1, 1, 1, 1, 1, 1], [0, 1, 1, 1, 0, 1, 1, 1, 1, 1, 1, 1, 1, 1, 1, 1, 1, 1, 1, 1, 1, 1, 1, 1, 1, 1, 1, 1, 1, 1, 1, 1, 1, 1, 1, 1, 1, 1, 1, 1, 1, 1], [0, 1, 1, 1, 1, 0, 1, 1, 1, 1, 1, 1, 1, 1, 1, 1, 1, 1, 1, 1, 1, 1, 1, 1, 1, 1, 1, 1, 1, 1, 1, 1, 1, 1, 1, 1, 1, 1, 1, 1, 1, 1], [0, 1, 1, 1, 1, 1, 0, 1, 1, 1, 1, 1, 1, 1, 1, 1, 1, 1, 1, 1, 1, 1, 1, 1, 1, 1, 1, 1, 1, 1, 1, 1, 1, 1, 1, 1, 1, 1, 1, 1, 1, 1], [0, 1, 1, 1, 1, 1, 1, 0, 1, 1, 1, 1, 1, 1, 1, 1, 1, 1, 1, 1, 1, 1, 1, 1, 1, 1, 1, 1, 1, 1, 1, 1, 1, 1, 1, 1, 1, 1, 1, 1, 1, 1], [0, 1, 1, 1, 1, 1, 1, 1, 0, 1, 1, 1, 1, 1, 1, 1, 1, 1, 1, 1, 1, 1, 1, 1, 1, 1, 1, 1, 1, 1, 1, 1, 1, 1, 1, 1, 1, 1, 1, 1, 1, 1], [0, 1, 1, 1, 1, 1, 1, 1, 1, 0, 1, 1, 1, 1, 1, 1, 1, 1, 1, 1, 1, 1, 1, 1, 1, 1, 1, 1, 1, 1, 1, 1, 1, 1, 1, 1, 1, 1, 1, 1, 1, 1], [0, 1, 1, 1, 1, 1, 1, 1, 1, 1, 0, 1, 1, 1, 1, 1, 1, 1, 1, 1, 1, 1, 1, 1, 1, 1, 1, 1, 1, 1, 1, 1, 1, 1, 1, 1, 1, 1, 1, 1, 1, 1], [0, 1, 1, 1, 1, 1, 1, 1, 1, 1, 1, 0, 1, 1, 1, 1, 1, 1, 1, 1, 1, 1, 1, 1, 1, 1, 1, 1, 1, 1, 1, 1, 1, 1, 1, 1, 1, 1, 1, 1, 1, 1], [0, 1, 1, 1, 1, 1, 1, 1, 1, 1, 1, 1, 0, 1, 1, 1, 1, 1, 1, 1, 1, 1, 1, 1, 1, 1, 1, 1, 1, 1, 1, 1, 1, 1, 1, 1, 1, 1, 1, 1, 1, 1], [0, 1, 1, 1, 1, 1, 1, 1, 1, 1, 1, 1, 1, 0, 1, 1, 1, 1, 1, 1, 1, 1, 1, 1, 1, 1, 1, 1, 1, 1, 1, 1, 1, 1, 1, 1, 1, 1, 1, 1, 1, 1], [0, 1, 1, 1, 1, 1, 1, 1, 1, 1, 1, 1, 1, 1, 0, 1, 1, 1, 1, 1, 1, 1, 1, 1, 1, 1, 1, 1, 1, 1, 1, 1, 1, 1, 1, 1, 1, 1, 1, 1, 1, 1], [0, 1, 1, 1, 1, 1, 1, 1, 1, 1, 1, 1, 1, 1, 1, 0, 1, 1, 1, 1, 1, 1, 1, 1, 1, 1, 1, 1, 1, 1, 1, 1, 1, 1, 1, 1, 1, 1, 1, 1, 1, 1], [0, 1, 1, 1, 1, 1, 1, 1, 1, 1, 1, 1, 1, 1, 1, 1, 0, 1, 1, 1, 1, 1, 1, 1, 1, 1, 1, 1, 1, 1, 1, 1, 1, 1, 1, 1, 1, 1, 1, 1, 1, 1], [0, 1, 1, 1, 1, 1, 1, 1, 1, 1, 1, 1, 1, 1, 1, 1, 1, 0, 1, 1, 1, 1, 1, 1, 1, 1, 1, 1, 1, 1, 1, 1, 1, 1, 1, 1, 1, 1, 1, 1, 1, 1], [0, 1, 1, 1, 1, 1, 1, 1, 1, 1, 1, 1, 1, 1, 1, 1, 1, 1, 0, 1, 1, 1, 1, 1, 1, 1, 1, 1, 1, 1, 1, 1, 1, 1, 1, 1, 1, 1, 1, 1, 1, 1], [0, 1, 1, 1, 1, 1, 1, 1, 1, 1, 1, 1, 1, 1, 1, 1, 1, 1, 1, 0, 1, 1, 1, 1, 1, 1, 1, 1, 1, 1, 1, 1, 1, 1, 1, 1, 1, 1, 1, 1, 1, 1], [0, 1, 1, 1, 1, 1, 1, 1, 1, 1, 1, 1, 1, 1, 1, 1, 1, 1, 1, 1, 0, 1, 1, 1, 1, 1, 1, 1, 1, 1, 1, 1, 1, 1, 1, 1, 1, 1, 1, 1, 1, 1], [0, 1, 1, 1, 1, 1, 1, 1, 1, 1, 1, 1, 1, 1, 1, 1, 1, 1, 1, 1, 1, 0, 1, 1, 1, 1, 1, 1, 1, 1, 1, 1, 1, 1, 1, 1, 1, 1, 1, 1, 1, 1], [0, 1, 1, 1, 1, 1, 1, 1, 1, 1, 1, 1, 1, 1, 1, 1, 1, 1, 1, 1, 1, 1, 0, 1, 1, 1, 1, 1, 1, 1, 1, 1, 1, 1, 1, 1, 1, 1, 1, 1, 1, 1], [0, 1, 1, 1, 1, 1, 1, 1, 1, 1, 1, 1, 1, 1, 1, 1, 1, 1, 1, 1, 1, 1, 1, 0, 1, 1, 1, 1, 1, 1, 1, 1, 1, 1, 1, 1, 1, 1, 1, 1, 1, 1], [0, 1, 1, 1, 1, 1, 1, 1, 1, 1, 1, 1, 1, 1, 1, 1, 1, 1, 1, 1, 1, 1, 1, 1, 0, 1, 1, 1, 1, 1, 1, 1, 1, 1, 1, 1, 1, 1, 1, 1, 1, 1], [0, 1, 1, 1, 1, 1, 1, 1, 1, 1, 1, 1, 1, 1, 1, 1, 1, 1, 1, 1, 1, 1, 1, 1, 1, 0, 1, 1, 1, 1, 1, 1, 1, 1, 1, 1, 1, 1, 1, 1, 1, 1], [0, 1, 1, 1, 1, 1, 1, 1, 1, 1, 1, 1, 1, 1, 1, 1, 1, 1, 1, 1, 1, 1, 1, 1, 1, 1, 0, 1, 1, 1, 1, 1, 1, 1, 1, 1, 1, 1, 1, 1, 1, 1], [0, 1, 1, 1, 1, 1, 1, 1, 1, 1, 1, 1, 1, 1, 1, 1, 1, 1, 1, 1, 1, 1, 1, 1, 1, 1, 1, 0, 1, 1, 1, 1, 1, 1, 1, 1, 1, 1, 1, 1, 1, 1], [0, 1, 1, 1, 1, 1, 1, 1, 1, 1, 1, 1, 1, 1, 1, 1, 1, 1, 1, 1, 1, 1, 1, 1, 1, 1, 1, 1, 0, 1, 1, 1, 1, 1, 1, 1, 1, 1, 1, 1, 1, 1], [0, 1, 1, 1, 1, 1, 1, 1, 1, 1, 1, 1, 1, 1, 1, 1, 1, 1, 1, 1, 1, 1, 1, 1, 1, 1, 1, 1, 1, 0, 1, 1, 1, 1, 1, 1, 1, 1, 1, 1, 1, 1], [0, 1, 1, 1, 1, 1, 1, 1, 1, 1, 1, 1, 1, 1, 1, 1, 1, 1, 1, 1, 1, 1, 1, 1, 1, 1, 1, 1, 1, 1, 0, 1, 1, 1, 1, 1, 1, 1, 1, 1, 1, 1], [0, 1, 1, 1, 1, 1, 1, 1, 1, 1, 1, 1, 1, 1, 1, 1, 1, 1, 1, 1, 1, 1, 1, 1, 1, 1, 1, 1, 1, 1, 1, 0, 1, 1, 1, 1, 1, 1, 1, 1, 1, 1], [0, 1, 1, 1, 1, 1, 1, 1, 1, 1, 1, 1, 1, 1, 1, 1, 1, 1, 1, 1, 1, 1, 1, 1, 1, 1, 1, 1, 1, 1, 1, 1, 0, 1, 1, 1, 1, 1, 1, 1, 1, 1], [0, 1, 1, 1, 1, 1, 1, 1, 1, 1, 1, 1, 1, 1, 1, 1, 1, 1, 1, 1, 1, 1, 1, 1, 1, 1, 1, 1, 1, 1, 1, 1, 1, 0, 1, 1, 1, 1, 1, 1, 1, 1], [0, 1, 1, 1, 1, 1, 1, 1, 1, 1, 1, 1, 1, 1, 1, 1, 1, 1, 1, 1, 1, 1, 1, 1, 1, 1, 1, 1, 1, 1, 1, 1, 1, 1, 0, 1, 1, 1, 1, 1, 1, 1], [0, 1, 1, 1, 1, 1, 1, 1, 1, 1, 1, 1, 1, 1, 1, 1, 1, 1, 1, 1, 1, 1, 1, 1, 1, 1, 1, 1, 1, 1, 1, 1, 1, 1, 1, 0, 1, 1, 1, 1, 1, 1], [0, 1, 1, 1, 1, 1, 1, 1, 1, 1, 1, 1, 1, 1, 1, 1, 1, 1, 1, 1, 1, 1, 1, 1, 1, 1, 1, 1, 1, 1, 1, 1, 1, 1, 1, 1, 0, 1, 1, 1, 1, 1], [0, 1, 1, 1, 1, 1, 1, 1, 1, 1, 1, 1, 1, 1, 1, 1, 1, 1, 1, 1, 1, 1, 1, 1, 1, 1, 1, 1, 1, 1, 1, 1, 1, 1, 1, 1, 1, 0, 1, 1, 1, 1], [0, 1, 1, 1, 1, 1, 1, 1, 1, 1, 1, 1, 1, 1, 1, 1, 1, 1, 1, 1, 1, 1, 1, 1, 1, 1, 1, 1, 1, 1, 1, 1, 1, 1, 1, 1, 1, 1, 0, 1, 1, 1], [0, 1, 1, 1, 1, 1, 1, 1, 1, 1, 1, 1, 1, 1, 1, 1, 1, 1, 1, 1, 1, 1, 1, 1, 1, 1, 1, 1, 1, 1, 1, 1, 1, 1, 1, 1, 1, 1, 1, 0, 1, 1], [0, 1, 1, 1, 1, 1, 1, 1, 1, 1, 1, 1, 1, 1, 1, 1, 1, 1, 1, 1, 1, 1, 1, 1, 1, 1, 1, 1, 1, 1, 1, 1, 1, 1, 1, 1, 1, 1, 1, 1, 0, 1], [0, 0, 0, 0, 0, 0, 0, 0, 0, 0, 0, 0, 0, 0, 0, 0, 0, 0, 0, 0, 0, 0, 0, 0, 0, 0, 0, 0, 0, 0, 0, 0, 0, 0, 0, 0, 0, 0, 0, 0, 0, 0]], "vertex_count": 42}, "distances": [[0, 62.91, 69.15, 81.78, 63.47, 58.4, 72.71, 69.67, 79.06, 66.21, 61.81, 81.27, 97.81, 82.91, 71.43, 61.1, 57.28, 79.17, 51.75, 69.72, 66.66, 60.16, 89.09, 78.98, 60.32, 84.75, 85.76, 61.33, 70.41, 73.14, 76.83, 69.11, 61.59, 63.22, 73.78, 63.05, 74.64, 73.05, 95.34, 63.78, 84.89, 0], [0, 0.0, 27.94, 31.04, 21.3, 19.21, 13.33, 26.98, 38.17, 18.78, 13.9, 33.32, 45.49, 32.9, 20.89, 20.43, 18.85, 25.51, 20.2, 21.86, 9.43, 20.12, 49.84, 36.02, 13.27, 46.91, 32.02, 19.96, 9.27, 18.99, 34.65, 26.74, 10.07, 4.97, 15.13, 18.68, 37.3, 14.87, 45.77, 21.31, 34.05, 62.91], [0, 27.94, 0.0, 13.7, 7.64, 12.7, 20.26, 12.74, 11.53, 9.17, 14.59, 12.27, 28.86, 14.31, 9.43, 9.8, 13.9, 14.22, 18.82, 7.02, 19.25, 10.71, 23.5, 10.39, 15.84, 19.86, 18.62, 9.93, 23.23, 13.35, 8.35, 12.75, 27.91, 22.97, 19.17, 46.52, 9.43, 18.5, 26.19, 7.46, 16.36, 69.15], [0, 31.04, 13.7, 0.0, 18.31, 23.51, 18.64, 12.73, 12.36, 16.14, 21.79, 13.51, 16.24, 10.74, 11.31, 20.71, 24.69, 5.91, 30.2, 12.28, 21.71, 21.66, 20.84, 9.75, 23.41, 19.45, 5.13, 20.52, 22.94, 12.06, 10.39, 13.25, 31.6, 26.64, 16.81, 49.09, 15.58, 16.71, 15.09, 18.01, 9.59, 81.78], [0, 21.3, 7.64, 18.31, 0.0, 5.38, 16.68, 7.31, 19.14, 4.29, 7.44, 18.2, 34.45, 19.52, 8.72, 10.07, 6.6, 16.25, 11.98, 6.44, 13.67, 10.8, 31.13, 17.78, 8.45, 27.5, 22.41, 9.64, 18.46, 11.9, 15.84, 6.84, 21.08, 16.42, 16.25, 39.58, 16.88, 15.42, 32.49, 11.03, 21.46, 63.47], [0, 19.21, 12.7, 23.51, 5.38, 0.0, 18.32, 12.58, 24.22, 7.93, 6.22, 23.57, 39.71, 24.8, 13.12, 12.85, 11.98, 20.88, 6.69, 11.33, 13.71, 12.71, 36.13, 23.03, 6.1, 32.34, 27.37, 12.34, 18.86, 15.49, 21.03, 12.08, 18.68, 14.79, 18.42, 36.57, 21.48, 17.57, 37.86, 5.65, 26.71, 58.4], [0, 13.33, 20.26, 18.64, 16.68, 18.32, 0.0, 18.94, 28.01, 12.49, 12.43, 21.53, 32.24, 20.54, 11.01, 17.47, 18.83, 12.8, 23.21, 13.24, 6.05, 17.83, 38.81, 25.51, 13.42, 36.53, 18.87, 16.94, 4.36, 7.5, 24.67, 18.97, 14.22, 10.2, 10.6, 30.55, 28.54, 10.6, 32.82, 16.5, 21.38, 72.71], [0, 26.98, 12.74, 12.73, 7.31, 12.58, 18.94, 0.0, 11.89, 8.21, 13.87, 11.62, 28.21, 13.48, 8.06, 9.63, 13.8, 12.91, 18.92, 5.72, 18.15, 10.57, 23.91, 10.47, 15.21, 20.43, 17.55, 9.68, 22.0, 11.97, 8.54, 11.45, 27.0, 22.01, 17.82, 45.61, 10.32, 17.17, 25.74, 7.09, 15.52, 69.67], [0, 38.17, 11.53, 12.36, 19.14, 24.22, 28.01, 11.89, 0.0, 19.77, 25.67, 8.63, 21.56, 11.32, 17.49, 21.33, 25.41, 17.06, 30.14, 16.31, 28.91, 22.23, 12.02, 11.29, 27.06, 8.75, 16.91, 21.45, 31.83, 20.51, 10.09, 12.32, 38.35, 33.26, 26.43, 56.84, 4.9, 26.03, 17.54, 18.94, 12.68, 79.06], [0, 18.78, 9.17, 16.14, 4.29, 7.93, 12.49, 8.21, 19.77, 0.0, 6.05, 16.88, 32.36, 17.63, 5.22, 5.78, 8.97, 12.98, 14.47, 10.73, 10.21, 6.51, 31.71, 17.92, 7.58, 28.45, 19.61, 5.34, 14.62, 7.78, 16.27, 7.96, 18.8, 13.81, 11.97, 37.4, 18.52, 11.15, 30.98, 13.53, 19.41, 66.21], [0, 13.9, 14.59, 21.79, 7.44, 6.22, 12.43, 13.87, 25.67, 6.05, 0.0, 22.84, 37.87, 23.39, 10.49, 6.62, 6.5, 17.81, 10.89, 9.96, 7.49, 6.48, 37.66, 23.92, 12.32, 34.29, 24.72, 6.12, 12.65, 11.36, 22.21, 13.53, 13.64, 9.1, 12.82, 32.14, 24.01, 11.98, 36.79, 7.49, 25.07, 61.81], [0, 33.32, 12.27, 13.51, 18.2, 23.57, 21.53, 11.62, 8.63, 16.88, 22.84, 0.0, 16.6, 13.99, 12.72, 20.64, 24.78, 9.22, 30.17, 12.91, 23.9, 21.61, 17.4, 6.07, 24.43, 15.74, 8.38, 20.54, 25.73, 14.44, 7.04, 12.17, 33.77, 28.71, 19.76, 51.68, 12.19, 19.55, 14.29, 17.92, 4.57, 81.27], [0, 45.49, 28.86, 16.24, 34.45, 39.71, 32.24, 28.21, 21.56, 32.36, 37.87, 16.6, 0.0, 14.93, 27.4, 36.87, 40.9, 20.42, 46.4, 28.51, 36.68, 37.83, 20.59, 20.33, 39.5, 22.56, 13.55, 36.7, 36.54, 27.28, 22.27, 28.76, 46.27, 41.62, 30.4, 62.36, 26.41, 30.63, 5.08, 34.15, 13.01, 97.81], [0, 32.9, 14.31, 10.74, 19.52, 24.8, 20.54, 13.48, 11.32, 17.63, 23.39, 13.99, 14.93, 0.0, 12.96, 21.94, 26.0, 7.79, 31.48, 13.7, 23.56, 22.91, 19.09, 8.82, 25.01, 17.9, 5.61, 21.78, 24.84, 13.92, 9.82, 14.03, 33.45, 28.48, 18.71, 50.99, 14.97, 18.61, 13.4, 19.23, 10.06, 82.91], [0, 20.89, 9.43, 11.31, 8.72, 13.12, 11.01, 8.06, 17.49, 5.22, 10.49, 12.72, 27.4, 12.96, 0.0, 10.74, 14.19, 7.76, 19.69, 13.78, 11.5, 11.57, 28.96, 15.2, 12.12, 26.2, 14.43, 10.38, 14.46, 13.01, 14.02, 8.17, 21.22, 16.13, 9.78, 39.49, 17.56, 9.16, 26.36, 8.42, 14.58, 71.43], [0, 20.43, 9.8, 20.71, 10.07, 12.85, 17.47, 9.63, 21.33, 5.78, 6.62, 20.64, 36.87, 21.94, 10.74, 0.0, 4.19, 18.41, 9.54, 8.67, 13.68, 12.28, 33.28, 20.08, 7.21, 29.55, 24.72, 8.43, 18.7, 13.56, 18.1, 9.13, 20.08, 15.71, 17.28, 38.36, 18.77, 16.44, 34.93, 11.06, 23.88, 61.1], [0, 18.85, 13.9, 24.69, 6.6, 11.98, 18.83, 13.8, 25.41, 8.97, 6.5, 24.78, 40.9, 26.0, 14.19, 4.19, 0.0, 21.94, 5.54, 12.47, 13.95, 12.91, 37.3, 24.24, 6.06, 33.49, 28.49, 4.24, 19.1, 16.4, 22.23, 13.29, 18.25, 14.61, 19.04, 35.9, 22.6, 18.19, 39.07, 6.87, 27.9, 57.28], [0, 25.51, 14.22, 5.91, 16.25, 20.88, 12.8, 12.91, 17.06, 12.98, 17.81, 9.22, 20.42, 7.79, 7.76, 18.41, 21.94, 0.0, 27.45, 9.82, 16.38, 19.27, 26.6, 14.38, 19.42, 24.89, 6.96, 18.08, 17.14, 6.87, 14.3, 13.3, 26.16, 21.34, 10.95, 43.32, 19.2, 10.91, 20.27, 15.94, 8.6, 79.17], [0, 20.2, 18.82, 30.2, 11.98, 6.69, 23.21, 18.92, 30.14, 14.47, 10.89, 30.17, 46.4, 31.48, 19.69, 9.54, 5.54, 27.45, 0.0, 18.01, 17.7, 8.58, 41.82, 29.21, 9.79, 37.84, 34.02, 9.69, 22.69, 21.7, 27.14, 18.38, 19.29, 16.9, 23.7, 35.28, 26.86, 22.87, 44.46, 12.27, 33.39, 51.75], [0, 21.86, 7.02, 12.28, 6.44, 11.33, 13.24, 5.72, 16.31, 10.73, 9.96, 12.91, 28.51, 13.7, 13.78, 8.67, 12.47, 9.82, 18.01, 0.0, 12.71, 9.58, 28.12, 14.27, 11.54, 25.06, 16.06, 8.4, 16.31, 6.57, 12.8, 5.73, 22.04, 16.95, 12.19, 40.54, 15.74, 11.5, 27.02, 6.13, 15.52, 69.72], [0, 9.43, 19.25, 21.71, 13.67, 13.71, 6.05, 18.15, 28.91, 10.21, 7.49, 23.9, 36.68, 23.56, 11.5, 13.68, 13.95, 16.38, 17.7, 12.71, 0.0, 13.76, 40.47, 26.69, 8.04, 37.65, 23.13, 13.13, 5.16, 9.66, 25.41, 17.99, 9.89, 4.96, 7.26, 27.99, 28.4, 6.65, 36.61, 13.59, 24.8, 66.66], [0, 20.12, 10.71, 21.66, 10.8, 12.71, 17.83, 10.57, 22.23, 6.51, 6.48, 21.61, 37.83, 22.91, 11.57, 12.28, 12.91, 19.27, 8.58, 9.58, 13.76, 0.0, 34.16, 21.02, 6.85, 30.4, 25.63, 11.85, 18.84, 14.25, 19.03, 10.07, 19.71, 15.49, 17.74, 37.88, 19.58, 16.88, 35.9, 13.97, 24.83, 60.16], [0, 49.84, 23.5, 20.84, 31.13, 36.13, 38.81, 23.91, 12.02, 31.71, 37.66, 17.4, 20.59, 19.09, 28.96, 33.28, 37.3, 26.6, 41.82, 28.12, 40.47, 34.16, 0.0, 13.85, 39.07, 4.35, 23.58, 33.43, 42.89, 31.49, 15.46, 24.33, 50.1, 45.0, 37.09, 68.45, 15.05, 36.82, 15.51, 30.94, 19.26, 89.09], [0, 36.02, 10.39, 9.75, 17.78, 23.03, 25.51, 10.47, 11.29, 17.92, 23.92, 6.07, 20.33, 8.82, 15.2, 20.08, 24.24, 14.38, 29.21, 14.27, 26.69, 21.02, 13.85, 0.0, 25.37, 11.04, 14.43, 20.15, 29.41, 18.04, 11.59, 10.96, 36.27, 31.16, 23.9, 54.67, 6.4, 23.53, 16.75, 17.55, 10.34, 78.98], [0, 13.27, 15.84, 23.41, 8.45, 6.1, 13.42, 15.21, 27.06, 7.58, 12.32, 24.43, 39.5, 25.01, 12.12, 7.21, 6.06, 19.42, 9.79, 11.54, 8.04, 6.85, 39.07, 25.37, 0.0, 35.63, 26.34, 6.76, 13.16, 12.92, 23.62, 14.83, 12.88, 8.71, 13.98, 31.2, 25.23, 13.17, 38.41, 8.54, 26.69, 60.32], [0, 46.91, 19.86, 19.45, 27.5, 32.34, 36.53, 20.43, 8.75, 28.45, 34.29, 15.74, 22.56, 17.9, 26.2, 29.55, 33.49, 24.89, 37.84, 25.06, 37.65, 30.4, 4.35, 11.04, 35.63, 0.0, 22.98, 29.74, 40.46, 29.07, 12.26, 20.8, 47.09, 42.01, 34.89, 65.59, 10.98, 34.54, 17.59, 27.33, 18.53, 84.75], [0, 32.02, 18.62, 5.13, 22.41, 27.37, 18.87, 17.55, 16.91, 19.61, 24.72, 8.38, 13.55, 5.61, 14.43, 24.72, 28.49, 6.96, 34.02, 16.06, 23.13, 25.63, 23.58, 14.43, 26.34, 22.98, 0.0, 24.45, 23.22, 13.79, 15.35, 18.05, 32.76, 28.08, 17.01, 49.3, 20.53, 17.17, 14.04, 22.11, 4.45, 85.76], [0, 19.96, 9.93, 20.52, 9.64, 12.34, 16.94, 9.68, 21.45, 5.34, 6.12, 20.54, 36.7, 21.78, 10.38, 8.43, 4.24, 18.08, 9.69, 8.4, 13.13, 11.85, 33.43, 20.15, 6.76, 29.74, 24.45, 0.0, 18.15, 13.11, 18.19, 9.2, 19.62, 15.22, 16.76, 37.95, 19.01, 15.91, 34.83, 11.11, 23.7, 61.33], [0, 9.27, 23.23, 22.94, 18.46, 18.86, 4.36, 22.0, 31.83, 14.62, 12.65, 25.73, 36.54, 24.84, 14.46, 18.7, 19.1, 17.14, 22.69, 16.31, 5.16, 18.84, 42.89, 29.41, 13.16, 40.46, 23.22, 18.15, 0.0, 11.41, 28.42, 21.93, 10.3, 7.19, 6.23, 26.19, 31.97, 6.23, 37.19, 18.34, 25.72, 70.41], [0, 18.99, 13.35, 12.06, 11.9, 15.49, 7.5, 11.97, 20.51, 7.78, 11.36, 14.44, 27.28, 13.92, 13.01, 13.56, 16.4, 6.87, 21.7, 6.57, 9.66, 14.25, 31.49, 18.04, 12.92, 29.07, 13.79, 13.11, 11.41, 0.0, 17.17, 12.1, 19.53, 14.6, 6.04, 37.23, 21.13, 5.54, 26.98, 11.64, 15.15, 73.14], [0, 34.65, 8.35, 10.39, 15.84, 21.03, 24.67, 8.54, 10.09, 16.27, 22.21, 7.04, 22.27, 9.82, 14.02, 18.1, 22.23, 14.3, 27.14, 12.8, 25.41, 19.03, 15.46, 11.59, 23.62, 12.26, 15.35, 18.19, 28.42, 17.17, 0.0, 9.0, 34.84, 29.75, 23.14, 53.33, 5.19, 22.7, 18.83, 15.63, 11.56, 76.83], [0, 26.74, 12.75, 13.25, 6.84, 12.08, 18.97, 11.45, 12.32, 7.96, 13.53, 12.17, 28.76, 14.03, 8.17, 9.13, 13.29, 13.3, 18.38, 5.73, 17.99, 10.07, 24.33, 10.96, 14.83, 20.8, 18.05, 9.2, 21.93, 12.1, 9.0, 0.0, 26.74, 21.77, 17.89, 45.35, 10.57, 17.22, 26.3, 6.63, 16.06, 69.11], [0, 10.07, 27.91, 31.6, 21.08, 18.68, 14.22, 27.0, 38.35, 18.8, 13.64, 33.77, 46.27, 33.45, 21.22, 20.08, 18.25, 26.16, 19.29, 22.04, 9.89, 19.71, 50.1, 36.27, 12.88, 47.09, 32.76, 19.62, 10.3, 19.53, 34.84, 26.74, 0.0, 5.1, 15.98, 18.61, 37.32, 15.67, 46.43, 21.11, 34.65, 61.59], [0, 4.97, 22.97, 26.64, 16.42, 14.79, 10.2, 22.01, 33.26, 13.81, 9.1, 28.71, 41.62, 28.48, 16.13, 15.71, 14.61, 21.34, 16.9, 16.95, 4.96, 15.49, 45.0, 31.16, 8.71, 42.01, 28.08, 15.22, 7.19, 14.6, 29.75, 21.77, 5.1, 0.0, 11.76, 23.62, 32.33, 11.29, 41.57, 16.42, 29.75, 63.22], [0, 15.13, 19.17, 16.81, 16.25, 18.42, 10.6, 17.82, 26.43, 11.97, 12.82, 19.76, 30.4, 18.71, 9.78, 17.28, 19.04, 10.95, 23.7, 12.19, 7.26, 17.74, 37.09, 23.9, 13.98, 34.89, 17.01, 16.76, 6.23, 6.04, 23.14, 17.89, 15.98, 11.76, 0.0, 32.42, 27.17, 11.58, 30.95, 16.04, 19.52, 73.78], [0, 18.68, 46.52, 49.09, 39.58, 36.57, 30.55, 45.61, 56.84, 37.4, 32.14, 51.68, 62.36, 50.99, 39.49, 38.36, 35.9, 43.32, 35.28, 40.54, 27.99, 37.88, 68.45, 54.67, 31.2, 65.59, 49.3, 37.95, 26.19, 37.23, 53.33, 45.35, 18.61, 23.62, 32.42, 0.0, 55.93, 32.41, 63.33, 39.63, 51.92, 63.05], [0, 37.3, 9.43, 15.58, 16.88, 21.48, 28.54, 10.32, 4.9, 18.52, 24.01, 12.19, 26.41, 14.97, 17.56, 18.77, 22.6, 19.2, 26.86, 15.74, 28.4, 19.58, 15.05, 6.4, 25.23, 10.98, 20.53, 19.01, 31.97, 21.13, 5.19, 10.57, 37.32, 32.33, 27.17, 55.93, 0.0, 26.63, 22.43, 16.74, 16.64, 74.64], [0, 14.87, 18.5, 16.71, 15.42, 17.57, 10.6, 17.17, 26.03, 11.15, 11.98, 19.55, 30.63, 18.61, 9.16, 16.44, 18.19, 10.91, 22.87, 11.5, 6.65, 16.88, 36.82, 23.53, 13.17, 34.54, 17.17, 15.91, 6.23, 5.54, 22.7, 17.22, 15.67, 11.29, 11.58, 32.41, 26.63, 0.0, 31.04, 15.22, 19.5, 73.05], [0, 45.77, 26.19, 15.09, 32.49, 37.86, 32.82, 25.74, 17.54, 30.98, 36.79, 14.29, 5.08, 13.4, 26.36, 34.93, 39.07, 20.27, 44.46, 27.02, 36.61, 35.9, 15.51, 16.75, 38.41, 17.59, 14.04, 34.83, 37.19, 26.98, 18.83, 26.3, 46.43, 41.57, 30.95, 63.33, 22.43, 31.04, 0.0, 32.21, 11.87, 95.34], [0, 21.31, 7.46, 18.01, 11.03, 5.65, 16.5, 7.09, 18.94, 13.53, 7.49, 17.92, 34.15, 19.23, 8.42, 11.06, 6.87, 15.94, 12.27, 6.13, 13.59, 13.97, 30.94, 17.55, 8.54, 27.33, 22.11, 11.11, 18.34, 11.64, 15.63, 6.63, 21.11, 16.42, 16.04, 39.63, 16.74, 15.22, 32.21, 0.0, 21.16, 63.78], [0, 34.05, 16.36, 9.59, 21.46, 26.71, 21.38, 15.52, 12.68, 19.41, 25.07, 4.57, 13.01, 10.06, 14.58, 23.88, 27.9, 8.6, 33.39, 15.52, 24.8, 24.83, 19.26, 10.34, 26.69, 18.53, 4.45, 23.7, 25.72, 15.15, 11.56, 16.06, 34.65, 29.75, 19.52, 51.92, 16.64, 19.5, 11.87, 21.16, 0.0, 84.89], [0, 0, 0, 0, 0, 0, 0, 0, 0, 0, 0, 0, 0, 0, 0, 0, 0, 0, 0, 0, 0, 0, 0, 0, 0, 0, 0, 0, 0, 0, 0, 0, 0, 0, 0, 0, 0, 0, 0, 0, 0, 0]], "end_depot": 41, "horizon": [0.0, 2200.0], "instance_name": "40_95_B_0_B4", "speed_zone_count": 73, "speed_zones": [[0.0, 15.0], [15.0, 30.0], [30.0, 45.0], [45.0, 60.0], [60.0, 75.0], [75.0, 90.0], [90.0, 105.0], [105.0, 120.0], [120.0, 135.0], [135.0, 150.0], [150.0, 165.0], [165.0, 180.0], [180.0, 195.0], [195.0, 210.0], [210.0, 225.0], [225.0, 240.0], [240.0, 255.0], [255.0, 270.0], [270.0, 285.0], [285.0, 300.0], [300.0, 315.0], [315.0, 330.0], [330.0, 345.0], [345.0, 360.0], [360.0, 375.0], [375.0, 390.0], [390.0, 405.0], [405.0, 420.0], [420.0, 435.0], [435.0, 450.0], [450.0, 465.0], [465.0, 480.0], [480.0, 495.0], [495.0, 510.0], [510.0, 525.0], [525.0, 540.0], [540.0, 555.0], [555.0, 570.0], [570.0, 585.0], [585.0, 600.0], [600.0, 615.0], [615.0, 630.0], [630.0, 645.0], [645.0, 660.0], [660.0, 675.0], [675.0, 690.0], [690.0, 705.0], [705.0, 720.0], [720.0, 735.0], [735.0, 750.0], [750.0, 765.0], [765.0, 780.0], [780.0, 795.0], [795.0, 810.0], [810.0, 825.0], [825.0, 840.0], [840.0, 855.0], [855.0, 870.0], [870.0, 885.0], [885.0, 900.0], [900.0, 915.0], [915.0, 930.0], [930.0, 945.0], [945.0, 960.0], [960.0, 975.0], [975.0, 990.0], [990.0, 1005.0], [1005.0, 1020.0], [1020.0, 1035.0], [1035.0, 1050.0], [1050.0, 1065.0], [1065.0, 1080.0], [1080.0, 2200.0]], "start_depot": 0, "time_windows": [[0.0, 2200.0], [0.0, 109.0], [0.0, 145.0], [0.0, 162.0], [0.0, 205.0], [0.0, 216.0], [0.0, 277.0], [0.0, 332.0], [0.0, 357.0], [0.0, 394.0], [0.0, 404.0], [0.0, 441.0], [0.0, 469.0], [0.0, 510.0], [0.0, 550.0], [0.0, 583.0], [0.0, 592.0], [0.0, 640.0], [0.0, 683.0], [0.0, 709.0], [0.0, 727.0], [0.0, 746.0], [0.0, 798.0], [0.0, 818.0], [0.0, 875.0], [0.0, 943.0], [0.0, 980.0], [0.0, 1014.0], [0.0, 1038.0], [0.0, 1052.0], [0.0, 1071.0], [0.0, 1082.0], [0.0, 1113.0], [0.0, 1118.0], [0.0, 1130.0], [0.0, 1164.0], [0.0, 1220.0], [0.0, 1248.0], [0.0, 1280.0], [0.0, 1312.0], [0.0, 1335.0], [0.0, 2200.0]], "vehicle_count": 1}