{"cluster_count": 3, "cluster_speeds": [[0.925, 0.85, 0.925, 1.0, 0.8325, 0.765, 0.8325, 0.9, 0.4625, 0.425, 0.4625, 0.5, 0.30525, 0.2805, 0.30525, 0.33, 0.37, 0.34, 0.37, 0.4, 0.555, 0.51, 0.555, 0.6, 0.6475, 0.595, 0.6475, 0.7, 0.37, 0.34, 0.37, 0.4, 0.30525, 0.2805, 0.30525, 0.33, 0.4625, 0.425, 0.4625, 0.5, 0.6475, 0.595, 0.6475, 0.7, 0.74, 0.68, 0.74, 0.8, 0.6475, 0.595, 0.6475, 0.7, 0.4625, 0.425, 0.4625, 0.5, 0.555, 0.51, 0.555, 0.6, 0.6475, 0.595, 0.6475, 0.7, 0.8325, 0.765, 0.8325, 0.9, 0.925, 0.85, 0.925, 1.0, 1.0], [0.87875, 0.8075, 0.87875, 0.95, 0.790875, 0.72675, 0.790875, 0.855, 0.439375, 0.40375, 0.439375, 0.475, 0.289988, 0.266475, 0.289988, 0.3135, 0.3515, 0.323, 0.3515, 0.38, 0.52725, 0.4845, 0.52725, 0.57, 0.6475, 0.595, 0.6475, 0.7, 0.37, 0.34, 0.37, 0.4, 0.30525, 0.2805, 0.30525, 0.33, 0.4625, 0.425, 0.4625, 0.5, 0.6475, 0.595, 0.6475, 0.7, 0.74, 0.68, 0.74, 0.8, 0.615125, 0.56525, 0.615125, 0.665, 0.439375, 0.40375, 0.439375, 0.475, 0.52725, 0.4845, 0.52725, 0.57, 0.615125, 0.56525, 0.615125, 0.665, 0.790875, 0.72675, 0.790875, 0.855, 0.87875, 0.8075, 0.87875, 0.95, 0.95], [0.9065, 0.833, 0.9065, 0.98, 0.81585, 0.7497, 0.81585, 0.882, 0.45325, 0.4165, 0.45325, 0.49, 0.299145, 0.27489, 0.299145, 0.3234, 0.3626, 0.3332, 0.3626, 0.392, 0.5439, 0.4998, 0.5439, 0.588, 0.6475, 0.595, 0.6475, 0.7, 0.37, 0.34, 0.37, 0.4, 0.30525, 0.2805, 0.30525, 0.33, 0.4625, 0.425, 0.4625, 0.5, 0.6475, 0.595, 0.6475, 0.7, 0.74, 0.68, 0.74, 0.8, 0.63455, 0.5831, 0.63455, 0.686, 0.45325, 0.4165, 0.45325, 0.49, 0.5439, 0.4998, 0.5439, 0.588, 0.63455, 0.5831, 0.63455, 0.686, 0.81585, 0.7497, 0.81585, 0.882, 0.9065, 0.833, 0.9065, 0.98, 0.98]], "clusters": [[-1, 2, 2, 2, 2, 2, 2, 2, 2, 2, 2, 2, 2, 2, 2, 2, 2, 2, 2, 2, 2, 2, 2, 2, 2, 2, 2, 2, 2, 2, 2, 2, 2, 2, 2, 2, 2, 2, 2, 2, 2, -1], [2, -1, 2, 2, 2, 2, 2, 2, 2, 2, 2, 2, 2, 2, 2, 2, 2, 2, 2, 2, 2, 2, 2, 2, 2, 2, 2, 2, 2, 2, 2, 2, 2, 2, 2, 2, 2, 2, 2, 2, 2, 2], [0, 0, -1, 0, 0, 0, 0, 0, 0, 0, 0, 0, 0, 0, 0, 0, 0, 0, 0, 0, 0, 0, 0, 0, 0, 0, 0, 0, 0, 0, 0, 0, 0, 0, 0, 0, 0, 0, 0, 0, 0, 0], [1, 1, 1, -1, 1, 1, 1, 1, 1, 1, 1, 1, 1, 1, 1, 1, 1, 1, 1, 1, 1, 1, 1, 1, 1, 1, 1, 1, 1, 1, 1, 1, 1, 1, 1, 1, 1, 1, 1, 1, 1, 1], [2, 2, 2, 2, -1, 2, 2, 2, 2, 2, 2, 2, 2, 2, 2, 2, 2, 2, 2, 2, 2, 2, 2, 2, 2, 2, 2, 2, 2, 2, 2, 2, 2, 2, 2, 2, 2, 2, 2, 2, 2, 2], [1, 1, 1, 1, 1, -1, 1, 1, 1, 1, 1, 1, 1, 1, 1, 1, 1, 1, 1, 1, 1, 1, 1, 1, 1, 1, 1, 1, 1, 1, 1, 1, 1, 1, 1, 1, 1, 1, 1, 1, 1, 1], [0, 0, 0, 0, 0, 0, -1, 0, 0, 0, 0, 0, 0, 0, 0, 0, 0, 0, 0, 0, 0, 0, 0, 0, 0, 0, 0, 0, 0, 0, 0, 0, 0, 0, 0, 0, 0, 0, 0, 0, 0, 0], [0, 0, 0, 0, 0, 0, 0, -1, 0, 0, 0, 0, 0, 0, 0, 0, 0, 0, 0, 0, 0, 0, 0, 0, 0, 0, 0, 0, 0, 0, 0, 0, 0, 0, 0, 0, 0, 0, 0, 0, 0, 0], [0, 0, 0, 0, 0, 0, 0, 0, -1, 0, 0, 0, 0, 0, 0, 0, 0, 0, 0, 0, 0, 0, 0, 0, 0, 0, 0, 0, 0, 0, 0, 0, 0, 0, 0, 0, 0, 0, 0, 0, 0, 0], [1, 1, 1, 1, 1, 1, 1, 1, 1, -1, 1, 1, 1, 1, 1, 1, 1, 1, 1, 1, 1, 1, 1, 1, 1, 1, 1, 1, 1, 1, 1, 1, 1, 1, 1, 1, 1, 1, 1, 1, 1, 1], [0, 0, 0, 0, 0, 0, 0, 0, 0, 0, -1, 0, 0, 0, 0, 0, 0, 0, 0, 0, 0, 0, 0, 0, 0, 0, 0, 0, 0, 0, 0, 0, 0, 0, 0, 0, 0, 0, 0, 0, 0, 0], [2, 2, 2, 2, 2, 2, 2, 2, 2, 2, 2, -1, 2, 2, 2, 2, 2, 2, 2, 2, 2, 2, 2, 2, 2, 2, 2, 2, 2, 2, 2, 2, 2, 2, 2, 2, 2, 2, 2, 2, 2, 2], [0, 0, 0, 0, 0, 0, 0, 0, 0, 0, 0, 0, -1, 0, 0, 0, 0, 0, 0, 0, 0, 0, 0, 0, 0, 0, 0, 0, 0, 0, 0, 0, 0, 0, 0, 0, 0, 0, 0, 0, 0, 0], [0, 0, 0, 0, 0, 0, 0, 0, 0, 0, 0, 0, 0, -1, 0, 0, 0, 0, 0, 0, 0, 0, 0, 0, 0, 0, 0, 0, 0, 0, 0, 0, 0, 0, 0, 0, 0, 0, 0, 0, 0, 0], [0, 0, 0, 0, 0, 0, 0, 0, 0, 0, 0, 0, 0, 0, -1, 0, 0, 0, 0, 0, 0, 0, 0, 0, 0, 0, 0, 0, 0, 0, 0, 0, 0, 0, 0, 0, 0, 0, 0, 0, 0, 0], [0, 0, 0, 0, 0, 0, 0, 0, 0, 0, 0, 0, 0, 0, 0, -1, 0, 0, 0, 0, 0, 0, 0, 0, 0, 0, 0, 0, 0, 0, 0, 0, 0, 0, 0, 0, 0, 0, 0, 0, 0, 0], [0, 0, 0, 0, 0, 0, 0, 0, 0, 0, 0, 0, 0, 0, 0, 0, -1, 0, 0, 0, 0, 0, 0, 0, 0, 0, 0, 0, 0, 0, 0, 0, 0, 0, 0, 0, 0, 0, 0, 0, 0, 0], [0, 0, 0, 0, 0, 0, 0, 0, 0, 0, 0, 0, 0, 0, 0, 0, 0, -1, 0, 0, 0, 0, 0, 0, 0, 0, 0, 0, 0, 0, 0, 0, 0, 0, 0, 0, 0, 0, 0, 0, 0, 0], [0, 0, 0, 0, 0, 0, 0, 0, 0, 0, 0, 0, 0, 0, 0, 0, 0, 0, -1, 0, 0, 0, 0, 0, 0, 0, 0, 0, 0, 0, 0, 0, 0, 0, 0, 0, 0, 0, 0, 0, 0, 0], [1, 1, 1, 1, 1, 1, 1, 1, 1, 1, 1, 1, 1, 1, 1, 1, 1, 1, 1, -1, 1, 1, 1, 1, 1, 1, 1, 1, 1, 1, 1, 1, 1, 1, 1, 1, 1, 1, 1, 1, 1, 1], [0, 0, 0, 0, 0, 0, 0, 0, 0, 0, 0, 0, 0, 0, 0, 0, 0, 0, 0, 0, -1, 0, 0, 0, 0, 0, 0, 0, 0, 0, 0, 0, 0, 0, 0, 0, 0, 0, 0, 0, 0, 0], [2, 2, 2, 2, 2, 2, 2, 2, 2, 2, 2, 2, 2, 2, 2, 2, 2, 2, 2, 2, 2, -1, 2, 2, 2, 2, 2, 2, 2, 2, 2, 2, 2, 2, 2, 2, 2, 2, 2, 2, 2, 2], [0, 0, 0, 0, 0, 0, 0, 0, 0, 0, 0, 0, 0, 0, 0, 0, 0, 0, 0, 0, 0, 0, -1, 0, 0, 0, 0, 0, 0, 0, 0, 0, 0, 0, 0, 0, 0, 0, 0, 0, 0, 0], [0, 0, 0, 0, 0, 0, 0, 0, 0, 0, 0, 0, 0, 0, 0, 0, 0, 0, 0, 0, 0, 0, 0, -1, 0, 0, 0, 0, 0, 0, 0, 0, 0, 0, 0, 0, 0, 0, 0, 0, 0, 0], [0, 0, 0, 0, 0, 0, 0, 0, 0, 0, 0, 0, 0, 0, 0, 0, 0, 0, 0, 0, 0, 0, 0, 0, -1, 0, 0, 0, 0, 0, 0, 0, 0, 0, 0, 0, 0, 0, 0, 0, 0, 0], [1, 1, 1, 1, 1, 1, 1, 1, 1, 1, 1, 1, 1, 1, 1, 1, 1, 1, 1, 1, 1, 1, 1, 1, 1, -1, 1, 1, 1, 1, 1, 1, 1, 1, 1, 1, 1, 1, 1, 1, 1, 1], [0, 0, 0, 0, 0, 0, 0, 0, 0, 0, 0, 0, 0, 0, 0, 0, 0, 0, 0, 0, 0, 0, 0, 0, 0, 0, -1, 0, 0, 0, 0, 0, 0, 0, 0, 0, 0, 0, 0, 0, 0, 0], [0, 0, 0, 0, 0, 0, 0, 0, 0, 0, 0, 0, 0, 0, 0, 0, 0, 0, 0, 0, 0, 0, 0, 0, 0, 0, 0, -1, 0, 0, 0, 0, 0, 0, 0, 0, 0, 0, 0, 0, 0, 0], [0, 0, 0, 0, 0, 0, 0, 0, 0, 0, 0, 0, 0, 0, 0, 0, 0, 0, 0, 0, 0, 0, 0, 0, 0, 0, 0, 0, -1, 0, 0, 0, 0, 0, 0, 0, 0, 0, 0, 0, 0, 0], [2, 2, 2, 2, 2, 2, 2, 2, 2, 2, 2, 2, 2, 2, 2, 2, 2, 2, 2, 2, 2, 2, 2, 2, 2, 2, 2, 2, 2, -1, 2, 2, 2, 2, 2, 2, 2, 2, 2, 2, 2, 2], [0, 0, 0, 0, 0, 0, 0, 0, 0, 0, 0, 0, 0, 0, 0, 0, 0, 0, 0, 0, 0, 0, 0, 0, 0, 0, 0, 0, 0, 0, -1, 0, 0, 0, 0, 0, 0, 0, 0, 0, 0, 0], [0, 0, 0, 0, 0, 0, 0, 0, 0, 0, 0, 0, 0, 0, 0, 0, 0, 0, 0, 0, 0, 0, 0, 0, 0, 0, 0, 0, 0, 0, 0, -1, 0, 0, 0, 0, 0, 0, 0, 0, 0, 0], [0, 0, 0, 0, 0, 0, 0, 0, 0, 0, 0, 0, 0, 0, 0, 0, 0, 0, 0, 0, 0, 0, 0, 0, 0, 0, 0, 0, 0, 0, 0, 0, -1, 0, 0, 0, 0, 0, 0, 0, 0, 0], [1, 1, 1, 1, 1, 1, 1, 1, 1, 1, 1, 1, 1, 1, 1, 1, 1, 1, 1, 1, 1, 1, 1, 1, 1, 1, 1, 1, 1, 1, 1, 1, 1, -1, 1, 1, 1, 1, 1, 1, 1, 1], [0, 0, 0, 0, 0, 0, 0, 0, 0, 0, 0, 0, 0, 0, 0, 0, 0, 0, 0, 0, 0, 0, 0, 0, 0, 0, 0, 0, 0, 0, 0, 0, 0, 0, -1, 0, 0, 0, 0, 0, 0, 0], [1, 1, 1, 1, 1, 1, 1, 1, 1, 1, 1, 1, 1, 1, 1, 1, 1, 1, 1, 1, 1, 1, 1, 1, 1, 1, 1, 1, 1, 1, 1, 1, 1, 1, 1, -1, 1, 1, 1, 1, 1, 1], [1, 1, 1, 1, 1, 1, 1, 1, 1, 1, 1, 1, 1, 1, 1, 1, 1, 1, 1, 1, 1, 1, 1, 1, 1, 1, 1, 1, 1, 1, 1, 1, 1, 1, 1, 1, -1, 1, 1, 1, 1, 1], [0, 0, 0, 0, 0, 0, 0, 0, 0, 0, 0, 0, 0, 0, 0, 0, 0, 0, 0, 0, 0, 0, 0, 0, 0, 0, 0, 0, 0, 0, 0, 0, 0, 0, 0, 0, 0, -1, 0, 0, 0, 0], [0, 0, 0, 0, 0, 0, 0, 0, 0, 0, 0, 0, 0, 0, 0, 0, 0, 0, 0, 0, 0, 0, 0, 0, 0, 0, 0, 0, 0, 0, 0, 0, 0, 0, 0, 0, 0, 0, -1, 0, 0, 0], [0, 0, 0, 0, 0, 0, 0, 0, 0, 0, 0, 0, 0, 0, 0, 0, 0, 0, 0, 0, 0, 0, 0, 0, 0, 0, 0, 0, 0, 0, 0, 0, 0, 0, 0, 0, 0, 0, 0, -1, 0, 0], [0, 0, 0, 0, 0, 0, 0, 0, 0, 0, 0, 0, 0, 0, 0, 0, 0, 0, 0, 0, 0, 0, 0, 0, 0, 0, 0, 0, 0, 0, 0, 0, 0, 0, 0, 0, 0, 0, 0, 0, -1, 0], [-1, 2, 2, 2, 2, 2, 2, 2, 2, 2, 2, 2, 2, 2, 2, 2, 2, 2, 2, 2, 2, 2, 2, 2, 2, 2, 2, 2, 2, 2, 2, 2, 2, 2, 2, 2, 2, 2, 2, 2, 2, -1]], "dataset_name": "guerriero_et_al_2014b", "digraph": {"arc_count": 1640, "arcs": [[0, 1, 1, 1, 1, 1, 1, 1, 1, 1, 1, 1, 1, 1, 1, 1, 1, 1, 1, 1, 1, 1, 1, 1, 1, 1, 1, 1, 1, 1, 1, 1, 1, 1, 1, 1, 1, 1, 1, 1, 1, 0], [0, 0, 1, 1, 1, 1, 1, 1, 1, 1, 1, 1, 1, 1, 1, 1, 1, 1, 1, 1, 1, 1, 1, 1, 1, 1, 1, 1, 1, 1, 1, 1, 1, 1, 1, 1, 1, 1, 1, 1, 1, 1], [0, 1, 0, 1, 1, 1, 1, 1, 1, 1, 1, 1, 1, 1, 1, 1, 1, 1, 1, 1, 1, 1, 1, 1, 1, 1, 1, 1, 1, 1, 1, 1, 1, 1, 1, 1, 1, 1, 1, 1, 1, 1], [0, 1, 1, 0, 1, 1, 1, 1, 1, 1, 1, 1, 1, 1, 1, 1, 1, 1, 1, 1, 1, 1, 1, 1, 1, 1, 1, 1, 1, 1, 1, 1, 1, 1, 1, 1, 1, 1, 1, 1, 1, 1], [0, 1, 1, 1, 0, 1, 1, 1, 1, 1, 1, 1, 1, 1, 1, 1, 1, 1, 1, 1, 1, 1, 1, 1, 1, 1, 1, 1, 1, 1, 1, 1, 1, 1, 1, 1, 1, 1, 1, 1, 1, 1], [0, 1, 1, 1, 1, 0, 1, 1, 1, 1, 1, 1, 1, 1, 1, 1, 1, 1, 1, 1, 1, 1, 1, 1, 1, 1, 1, 1, 1, 1, 1, 1, 1, 1, 1, 1, 1, 1, 1, 1, 1, 1], [0, 1, 1, 1, 1, 1, 0, 1, 1, 1, 1, 1, 1, 1, 1, 1, 1, 1, 1, 1, 1, 1, 1, 1, 1, 1, 1, 1, 1, 1, 1, 1, 1, 1, 1, 1, 1, 1, 1, 1, 1, 1], [0, 1, 1, 1, 1, 1, 1, 0, 1, 1, 1, 1, 1, 1, 1, 1, 1, 1, 1, 1, 1, 1, 1, 1, 1, 1, 1, 1, 1, 1, 1, 1, 1, 1, 1, 1, 1, 1, 1, 1, 1, 1], [0, 1, 1, 1, 1, 1, 1, 1, 0, 1, 1, 1, 1, 1, 1, 1, 1, 1, 1, 1, 1, 1, 1, 1, 1, 1, 1, 1, 1, 1, 1, 1, 1, 1, 1, 1, 1, 1, 1, 1, 1, 1], [0, 1, 1, 1, 1, 1, 1, 1, 1, 0, 1, 1, 1, 1, 1, 1, 1, 1, 1, 1, 1, 1, 1, 1, 1, 1, 1, 1, 1, 1, 1, 1, 1, 1, 1, 1, 1, 1, 1, 1, 1, 1], [0, 1, 1, 1, 1, 1, 1, 1, 1, 1, 0, 1, 1, 1, 1, 1, 1, 1, 1, 1, 1, 1, 1, 1, 1, 1, 1, 1, 1, 1, 1, 1, 1, 1, 1, 1, 1, 1, 1, 1, 1, 1], [0, 1, 1, 1, 1, 1, 1, 1, 1, 1, 1, 0, 1, 1, 1, 1, 1, 1, 1, 1, 1, 1, 1, 1, 1, 1, 1, 1, 1, 1, 1, 1, 1, 1, 1, 1, 1, 1, 1, 1, 1, 1], [0, 1, 1, 1, 1, 1, 1, 1, 1, 1, 1, 1, 0, 1, 1, 1, 1, 1, 1, 1, 1, 1, 1, 1, 1, 1, 1, 1, 1, 1, 1, 1, 1, 1, 1, 1, 1, 1, 1, 1, 1, 1], [0, 1, 1, 1, 1, 1, 1, 1, 1, 1, 1, 1, 1, 0, 1, 1, 1, 1, 1, 1, 1, 1, 1, 1, 1, 1, 1, 1, 1, 1, 1, 1, 1, 1, 1, 1, 1, 1, 1, 1, 1, 1], [0, 1, 1, 1, 1, 1, 1, 1, 1, 1, 1, 1, 1, 1, 0, 1, 1, 1, 1, 1, 1, 1, 1, 1, 1, 1, 1, 1, 1, 1, 1, 1, 1, 1, 1, 1, 1, 1, 1, 1, 1, 1], [0, 1, 1, 1, 1, 1, 1, 1, 1, 1, 1, 1, 1, 1, 1, 0, 1, 1, 1, 1, 1, 1, 1, 1, 1, 1, 1, 1, 1, 1, 1, 1, 1, 1, 1, 1, 1, 1, 1, 1, 1, 1], [0, 1, 1, 1, 1, 1, 1, 1, 1, 1, 1, 1, 1, 1, 1, 1, 0, 1, 1, 1, 1, 1, 1, 1, 1, 1, 1, 1, 1, 1, 1, 1, 1, 1, 1, 1, 1, 1, 1, 1, 1, 1], [0, 1, 1, 1, 1, 1, 1, 1, 1, 1, 1, 1, 1, 1, 1, 1, 1, 0, 1, 1, 1, 1, 1, 1, 1, 1, 1, 1, 1, 1, 1, 1, 1, 1, 1, 1, 1, 1, 1, 1, 1, 1], [0, 1, 1, 1, 1, 1, 1, 1, 1, 1, 1, 1, 1, 1, 1, 1, 1, 1, 0, 1, 1, 1, 1, 1, 1, 1, 1, 1, 1, 1, 1, 1, 1, 1, 1, 1, 1, 1, 1, 1, 1, 1], [0, 1, 1, 1, 1, 1, 1, 1, 1, 1, 1, 1, 1, 1, 1, 1, 1, 1, 1, 0, 1, 1, 1, 1, 1, 1, 1, 1, 1, 1, 1, 1, 1, 1, 1, 1, 1, 1, 1, 1, 1, 1], [0, 1, 1, 1, 1, 1, 1, 1, 1, 1, 1, 1, 1, 1, 1, 1, 1, 1, 1, 1, 0, 1, 1, 1, 1, 1, 1, 1, 1, 1, 1, 1, 1, 1, 1, 1, 1, 1, 1, 1, 1, 1], [0, 1, 1, 1, 1, 1, 1, 1, 1, 1, 1, 1, 1, 1, 1, 1, 1, 1, 1, 1, 1, 0, 1, 1, 1, 1, 1, 1, 1, 1, 1, 1, 1, 1, 1, 1, 1, 1, 1, 1, 1, 1], [0, 1, 1, 1, 1, 1, 1, 1, 1, 1, 1, 1, 1, 1, 1, 1, 1, 1, 1, 1, 1, 1, 0, 1, 1, 1, 1, 1, 1, 1, 1, 1, 1, 1, 1, 1, 1, 1, 1, 1, 1, 1], [0, 1, 1, 1, 1, 1, 1, 1, 1, 1, 1, 1, 1, 1, 1, 1, 1, 1, 1, 1, 1, 1, 1, 0, 1, 1, 1, 1, 1, 1, 1, 1, 1, 1, 1, 1, 1, 1, 1, 1, 1, 1], [0, 1, 1, 1, 1, 1, 1, 1, 1, 1, 1, 1, 1, 1, 1, 1, 1, 1, 1, 1, 1, 1, 1, 1, 0, 1, 1, 1, 1, 1, 1, 1, 1, 1, 1, 1, 1, 1, 1, 1, 1, 1], [0, 1, 1, 1, 1, 1, 1, 1, 1, 1, 1, 1, 1, 1, 1, 1, 1, 1, 1, 1, 1, 1, 1, 1, 1, 0, 1, 1, 1, 1, 1, 1, 1, 1, 1, 1, 1, 1, 1, 1, 1, 1], [0, 1, 1, 1, 1, 1, 1, 1, 1, 1, 1, 1, 1, 1, 1, 1, 1, 1, 1, 1, 1, 1, 1, 1, 1, 1, 0, 1, 1, 1, 1, 1, 1, 1, 1, 1, 1, 1, 1, 1, 1, 1], [0, 1, 1, 1, 1, 1, 1, 1, 1, 1, 1, 1, 1, 1, 1, 1, 1, 1, 1, 1, 1, 1, 1, 1, 1, 1, 1, 0, 1, 1, 1, 1, 1, 1, 1, 1, 1, 1, 1, 1, 1, 1], [0, 1, 1, 1, 1, 1, 1, 1, 1, 1, 1, 1, 1, 1, 1, 1, 1, 1, 1, 1, 1, 1, 1, 1, 1, 1, 1, 1, 0, 1, 1, 1, 1, 1, 1, 1, 1, 1, 1, 1, 1, 1], [0, 1, 1, 1, 1, 1, 1, 1, 1, 1, 1, 1, 1, 1, 1, 1, 1, 1, 1, 1, 1, 1, 1, 1, 1, 1, 1, 1, 1, 0, 1, 1, 1, 1, 1, 1, 1, 1, 1, 1, 1, 1], [0, 1, 1, 1, 1, 1, 1, 1, 1, 1, 1, 1, 1, 1, 1, 1, 1, 1, 1, 1, 1, 1, 1, 1, 1, 1, 1, 1, 1, 1, 0, 1, 1, 1, 1, 1, 1, 1, 1, 1, 1, 1], [0, 1, 1, 1, 1, 1, 1, 1, 1, 1, 1, 1, 1, 1, 1, 1, 1, 1, 1, 1, 1, 1, 1, 1, 1, 1, 1, 1, 1, 1, 1, 0, 1, 1, 1, 1, 1, 1, 1, 1, 1, 1], [0, 1, 1, 1, 1, 1, 1, 1, 1, 1, 1, 1, 1, 1, 1, 1, 1, 1, 1, 1, 1, 1, 1, 1, 1, 1, 1, 1, 1, 1, 1, 1, 0, 1, 1, 1, 1, 1, 1, 1, 1, 1], [0, 1, 1, 1, 1, 1, 1, 1, 1, 1, 1, 1, 1, 1, 1, 1, 1, 1, 1, 1, 1, 1, 1, 1, 1, 1, 1, 1, 1, 1, 1, 1, 1, 0, 1, 1, 1, 1, 1, 1, 1, 1], [0, 1, 1, 1, 1, 1, 1, 1, 1, 1, 1, 1, 1, 1, 1, 1, 1, 1, 1, 1, 1, 1, 1, 1, 1, 1, 1, 1, 1, 1, 1, 1, 1, 1, 0, 1, 1, 1, 1, 1, 1, 1], [0, 1, 1, 1, 1, 1, 1, 1, 1, 1, 1, 1, 1, 1, 1, 1, 1, 1, 1, 1, 1, 1, 1, 1, 1, 1, 1, 1, 1, 1, 1, 1, 1, 1, 1, 0, 1, 1, 1, 1, 1, 1], [0, 1, 1, 1, 1, 1, 1, 1, 1, 1, 1, 1, 1, 1, 1, 1, 1, 1, 1, 1, 1, 1, 1, 1, 1, 1, 1, 1, 1, 1, 1, 1, 1, 1, 1, 1, 0, 1, 1, 1, 1, 1], [0, 1, 1, 1, 1, 1, 1, 1, 1, 1, 1, 1, 1, 1, 1, 1, 1, 1, 1, 1, 1, 1, 1, 1, 1, 1, 1, 1, 1, 1, 1, 1, 1, 1, 1, 1, 1, 0, 1, 1, 1, 1], [0, 1, 1, 1, 1, 1, 1, 1, 1, 1, 1, 1, 1, 1, 1, 1, 1, 1, 1, 1, 1, 1, 1, 1, 1, 1, 1, 1, 1, 1, 1, 1, 1, 1, 1, 1, 1, 1, 0, 1, 1, 1], [0, 1, 1, 1, 1, 1, 1, 1, 1, 1, 1, 1, 1, 1, 1, 1, 1, 1, 1, 1, 1, 1, 1, 1, 1, 1, 1, 1, 1, 1, 1, 1, 1, 1, 1, 1, 1, 1, 1, 0, 1, 1], [0, 1, 1, 1, 1, 1, 1, 1, 1, 1, 1, 1, 1, 1, 1, 1, 1, 1, 1, 1, 1, 1, 1, 1, 1, 1, 1, 1, 1, 1, 1, 1, 1, 1, 1, 1, 1, 1, 1, 1, 0, 1], [0, 0, 0, 0, 0, 0, 0, 0, 0, 0, 0, 0, 0, 0, 0, 0, 0, 0, 0, 0, 0, 0, 0, 0, 0, 0, 0, 0, 0, 0, 0, 0, 0, 0, 0, 0, 0, 0, 0, 0, 0, 0]], "vertex_count": 42}, "distances": [[0, 82.98, 79.56, 78.21, 51.9, 85.54, 59.63, 71.8, 73.78, 76.99, 62.62, 98.56, 56.13, 76.31, 73.44, 75.33, 67.99, 69.33, 68.94, 67.65, 80.47, 37.54, 71.76, 68.46, 74.79, 88.82, 65.55, 60.18, 78.77, 93.07, 70.38, 72.38, 73.31, 72.28, 79.33, 50.7, 51.63, 82.59, 69.92, 69.77, 72.37, 0], [0, 0.0, 16.51, 5.4, 67.42, 7.28, 33.48, 18.83, 36.56, 6.69, 28.08, 24.74, 33.87, 22.02, 21.63, 27.41, 37.75, 35.74, 18.57, 48.37, 26.69, 57.69, 29.88, 22.03, 18.96, 25.37, 36.87, 34.14, 27.46, 11.61, 16.64, 31.93, 19.84, 42.63, 20.36, 44.14, 39.46, 20.1, 25.86, 25.82, 38.61, 82.98], [0, 16.51, 0.0, 13.28, 54.47, 11.44, 22.25, 7.77, 20.48, 12.9, 17.64, 19.04, 24.45, 6.04, 7.23, 11.29, 22.7, 20.51, 10.99, 33.04, 10.23, 48.56, 14.48, 11.21, 4.97, 11.93, 22.54, 22.4, 10.95, 17.74, 10.12, 16.23, 6.51, 26.69, 10.07, 33.52, 29.96, 4.69, 11.96, 12.01, 22.7, 79.56], [0, 5.4, 13.28, 0.0, 62.13, 8.36, 28.17, 13.92, 32.33, 12.09, 22.77, 25.82, 28.48, 18.05, 17.15, 23.34, 33.01, 31.1, 13.28, 43.65, 23.43, 52.31, 25.39, 16.89, 14.61, 23.86, 31.96, 28.86, 23.91, 15.13, 11.35, 27.54, 15.26, 38.24, 17.02, 38.75, 34.06, 17.55, 21.06, 21.0, 34.24, 78.21], [0, 67.42, 54.47, 62.13, 0.0, 65.24, 33.97, 48.94, 37.17, 60.92, 39.37, 69.35, 34.36, 48.66, 47.36, 44.37, 32.56, 34.8, 48.86, 24.77, 48.69, 19.44, 40.45, 45.47, 49.98, 57.34, 32.05, 33.28, 46.84, 72.17, 50.79, 39.35, 48.65, 32.07, 51.8, 24.32, 29.52, 54.54, 42.61, 42.59, 34.77, 51.9], [0, 7.28, 11.44, 8.36, 65.24, 0.0, 31.92, 16.46, 31.89, 9.24, 26.73, 17.78, 33.2, 17.45, 18.01, 22.72, 34.02, 31.86, 17.7, 44.45, 20.96, 57.53, 25.84, 20.13, 15.32, 18.37, 33.64, 32.34, 22.05, 7.66, 15.89, 27.65, 16.59, 38.12, 15.06, 43.09, 38.88, 13.96, 22.69, 22.69, 34.13, 85.54], [0, 33.48, 22.25, 28.17, 33.97, 31.92, 0.0, 15.47, 16.03, 26.94, 5.4, 40.19, 12.21, 17.5, 15.13, 15.71, 11.45, 11.52, 14.9, 19.43, 20.87, 26.36, 12.19, 11.8, 17.32, 29.46, 8.68, 11.58, 19.15, 39.27, 16.84, 13.14, 15.82, 18.07, 20.76, 11.29, 8.12, 23.99, 10.76, 10.65, 15.76, 59.63], [0, 18.83, 7.77, 13.92, 48.94, 16.46, 15.47, 0.0, 18.95, 12.91, 10.38, 26.8, 17.08, 6.75, 11.88, 10.73, 19.11, 17.24, 16.25, 29.74, 13.14, 41.4, 11.78, 12.25, 12.74, 18.54, 18.06, 15.88, 12.67, 23.82, 17.49, 14.02, 11.08, 24.58, 8.46, 26.69, 22.71, 11.38, 7.16, 7.09, 20.64, 71.8], [0, 36.56, 20.48, 32.33, 37.17, 31.89, 16.03, 18.95, 0.0, 31.49, 16.91, 32.29, 20.19, 14.59, 15.21, 9.2, 5.83, 4.62, 21.53, 13.23, 12.01, 37.62, 7.23, 17.56, 17.72, 20.25, 8.28, 14.99, 10.35, 37.52, 22.79, 4.96, 17.15, 6.26, 16.87, 23.1, 22.81, 18.78, 12.26, 12.4, 9.01, 73.78], [0, 6.69, 12.9, 12.09, 60.92, 9.24, 26.94, 12.91, 31.49, 0.0, 21.54, 26.42, 27.2, 17.37, 16.29, 22.59, 32.02, 30.13, 12.07, 42.65, 22.94, 51.01, 24.49, 15.76, 13.82, 23.85, 30.89, 27.66, 23.33, 16.25, 10.16, 26.67, 14.37, 37.35, 16.55, 37.48, 32.78, 17.32, 20.07, 19.99, 33.36, 76.99], [0, 28.08, 17.64, 22.77, 39.37, 26.73, 5.4, 10.38, 16.91, 21.54, 0.0, 36.21, 6.81, 13.69, 10.9, 13.47, 13.87, 13.04, 9.51, 23.41, 18.3, 31.03, 11.01, 6.66, 12.67, 26.24, 11.58, 6.17, 16.84, 34.18, 11.44, 12.75, 11.14, 20.54, 16.77, 16.37, 12.36, 20.05, 7.48, 7.32, 17.41, 62.62], [0, 24.74, 19.04, 25.82, 69.35, 17.78, 40.19, 26.8, 32.29, 26.42, 36.21, 0.0, 42.97, 22.7, 25.32, 25.49, 36.87, 34.68, 29.93, 45.37, 20.73, 66.44, 29.55, 30.11, 23.77, 12.04, 37.87, 40.05, 22.62, 15.14, 28.79, 30.2, 25.27, 38.0, 19.48, 51.14, 48.22, 16.21, 29.42, 29.54, 34.73, 98.56], [0, 33.87, 24.45, 28.48, 34.36, 33.2, 12.21, 17.08, 20.19, 27.2, 6.81, 42.97, 0.0, 20.34, 17.66, 19.3, 15.5, 15.67, 15.58, 22.69, 24.39, 24.35, 16.04, 13.37, 19.48, 32.71, 12.69, 5.26, 22.75, 40.74, 17.49, 17.18, 17.95, 22.02, 23.5, 10.32, 5.68, 26.77, 13.81, 13.66, 19.88, 56.13], [0, 22.02, 6.04, 18.05, 48.66, 17.45, 17.5, 6.75, 14.59, 17.37, 13.69, 22.7, 20.34, 0.0, 11.5, 5.4, 16.67, 14.47, 10.51, 27.0, 6.41, 43.81, 8.46, 8.47, 11.01, 12.67, 16.64, 17.41, 6.16, 23.69, 10.73, 10.2, 4.33, 20.75, 10.65, 28.57, 25.52, 6.5, 6.74, 6.85, 16.74, 76.31], [0, 21.63, 7.23, 17.15, 47.36, 18.01, 15.13, 11.88, 15.21, 16.29, 10.9, 25.32, 17.66, 11.5, 0.0, 6.61, 16.18, 14.13, 7.73, 26.77, 9.21, 41.49, 8.26, 5.38, 10.99, 15.71, 15.64, 15.21, 8.55, 24.82, 8.28, 10.39, 10.23, 21.09, 5.89, 26.36, 23.0, 9.16, 4.76, 4.8, 17.09, 73.44], [0, 27.41, 11.29, 23.34, 44.37, 22.72, 15.71, 10.73, 9.2, 22.59, 13.47, 25.49, 19.3, 5.4, 6.61, 0.0, 11.89, 9.65, 14.02, 21.87, 5.18, 41.28, 11.22, 10.69, 8.79, 14.01, 12.45, 15.25, 11.55, 28.62, 14.82, 5.12, 8.55, 15.4, 7.82, 25.98, 23.79, 10.21, 6.15, 6.33, 11.41, 75.33], [0, 37.75, 22.7, 33.01, 32.56, 34.02, 11.45, 19.11, 5.83, 32.02, 13.87, 36.87, 15.5, 16.67, 16.18, 11.89, 0.0, 8.95, 20.78, 10.64, 16.15, 31.82, 8.22, 16.69, 18.9, 24.94, 11.91, 10.25, 14.28, 40.35, 22.38, 6.8, 17.9, 6.73, 19.58, 17.3, 17.35, 22.1, 11.95, 12.02, 4.56, 67.99], [0, 35.74, 20.51, 31.1, 34.8, 31.86, 11.52, 17.24, 4.62, 30.13, 13.04, 34.68, 15.67, 14.47, 14.13, 9.65, 8.95, 0.0, 19.17, 12.65, 13.94, 33.53, 6.03, 15.07, 16.83, 22.78, 11.74, 10.43, 12.07, 38.13, 20.68, 4.56, 15.9, 7.69, 17.35, 18.72, 18.21, 19.85, 10.1, 10.19, 4.39, 69.33], [0, 18.57, 10.99, 13.28, 48.86, 17.7, 14.9, 16.25, 21.53, 12.07, 9.51, 29.93, 15.58, 10.51, 7.73, 14.02, 20.78, 19.17, 0.0, 31.26, 16.87, 39.85, 14.31, 11.04, 7.12, 22.25, 19.28, 15.59, 16.28, 25.31, 12.66, 16.59, 6.19, 26.76, 12.2, 25.7, 21.26, 15.0, 9.29, 9.16, 22.96, 68.94], [0, 48.37, 33.04, 43.65, 24.77, 44.45, 19.43, 29.74, 13.23, 42.65, 23.41, 45.37, 22.69, 27.0, 26.77, 21.87, 10.64, 12.65, 31.26, 0.0, 25.24, 30.13, 18.63, 27.19, 29.48, 33.34, 12.03, 18.2, 23.54, 50.49, 32.92, 16.82, 28.53, 7.42, 29.69, 19.19, 21.93, 31.87, 22.59, 22.65, 10.78, 67.65], [0, 26.69, 10.23, 23.43, 48.69, 20.96, 20.87, 13.14, 12.01, 22.94, 18.3, 20.73, 24.39, 6.41, 9.21, 5.18, 16.15, 13.94, 16.87, 25.24, 0.0, 46.39, 9.09, 14.37, 10.19, 8.95, 17.19, 20.43, 12.56, 25.82, 17.14, 9.47, 10.72, 18.15, 6.42, 31.12, 28.97, 7.11, 10.82, 10.99, 14.46, 80.47], [0, 57.69, 48.56, 52.31, 19.44, 57.53, 26.36, 41.4, 37.62, 51.01, 31.03, 66.44, 24.35, 43.81, 41.49, 41.28, 31.82, 33.53, 39.85, 30.13, 46.39, 0.0, 37.31, 37.68, 43.6, 55.28, 29.77, 26.4, 44.54, 65.09, 41.72, 37.31, 42.07, 35.2, 47.09, 15.31, 18.69, 50.3, 37.07, 36.97, 35.87, 37.54], [0, 29.88, 14.48, 25.39, 40.45, 25.84, 12.19, 11.78, 7.23, 24.49, 11.01, 29.55, 16.04, 8.46, 8.26, 11.22, 8.22, 6.03, 14.31, 18.63, 9.09, 37.31, 0.0, 10.38, 10.92, 18.01, 8.44, 11.58, 7.23, 32.14, 15.56, 10.58, 10.13, 12.86, 11.41, 22.04, 20.14, 14.1, 5.07, 5.22, 8.88, 71.76], [0, 22.03, 11.21, 16.89, 45.47, 20.13, 11.8, 12.25, 17.56, 15.76, 6.66, 30.11, 13.37, 8.47, 5.38, 10.69, 16.69, 15.07, 11.04, 27.19, 14.37, 37.68, 10.38, 0.0, 6.34, 21.05, 15.25, 12.27, 13.42, 27.53, 5.74, 12.64, 4.85, 22.68, 11.05, 22.98, 18.99, 14.23, 5.31, 5.17, 18.9, 68.46], [0, 18.96, 4.97, 14.61, 49.98, 15.32, 17.32, 12.74, 17.72, 13.82, 12.67, 23.77, 19.48, 11.01, 10.99, 8.79, 18.9, 16.83, 7.12, 29.48, 10.19, 43.6, 10.92, 6.34, 0.0, 15.18, 18.34, 17.51, 10.01, 22.24, 7.02, 12.99, 11.19, 23.7, 5.09, 28.6, 24.99, 8.05, 7.38, 7.39, 19.68, 74.79], [0, 25.37, 11.93, 23.86, 57.34, 18.37, 29.46, 18.54, 20.25, 23.85, 26.24, 12.04, 32.71, 12.67, 15.71, 14.01, 24.94, 22.78, 22.25, 33.34, 8.95, 55.28, 18.01, 21.05, 15.18, 0.0, 26.12, 29.13, 10.84, 20.69, 21.77, 18.39, 16.4, 25.99, 10.1, 39.98, 37.59, 7.34, 18.91, 19.05, 22.69, 88.82], [0, 36.87, 22.54, 31.96, 32.05, 33.64, 8.68, 18.06, 8.28, 30.89, 11.58, 37.87, 12.69, 16.64, 15.64, 12.45, 11.91, 11.74, 19.28, 12.03, 17.19, 29.77, 8.44, 15.25, 18.34, 26.12, 0.0, 7.47, 15.29, 40.28, 20.99, 7.74, 17.18, 9.39, 19.76, 14.92, 14.61, 22.54, 11.05, 11.08, 7.35, 65.55], [0, 34.14, 22.4, 28.86, 33.28, 32.34, 11.58, 15.88, 14.99, 27.66, 6.17, 40.05, 5.26, 17.41, 15.21, 15.25, 10.25, 10.43, 15.59, 18.2, 20.43, 26.4, 11.58, 12.27, 17.51, 29.13, 7.47, 0.0, 18.67, 39.61, 17.51, 12.35, 16.04, 16.84, 20.7, 11.17, 8.56, 23.9, 10.68, 10.58, 14.62, 60.18], [0, 27.46, 10.95, 23.91, 46.84, 22.05, 19.15, 12.67, 10.35, 23.33, 16.84, 22.62, 22.75, 6.16, 8.55, 11.55, 14.28, 12.07, 16.28, 23.54, 12.56, 44.54, 7.23, 13.42, 10.01, 10.84, 15.29, 18.67, 0.0, 27.25, 16.75, 7.58, 10.28, 16.56, 7.11, 29.27, 27.22, 8.48, 9.41, 9.59, 12.77, 78.77], [0, 11.61, 17.74, 15.13, 72.17, 7.66, 39.27, 23.82, 37.52, 16.25, 34.18, 15.14, 40.74, 23.69, 24.82, 28.62, 40.35, 38.13, 25.31, 50.49, 25.82, 65.09, 32.14, 27.53, 22.24, 20.69, 40.28, 39.61, 27.25, 0.0, 23.53, 33.72, 23.64, 43.77, 20.81, 50.51, 46.42, 18.78, 29.58, 29.6, 39.88, 93.07], [0, 16.64, 10.12, 11.35, 50.79, 15.89, 16.84, 17.49, 22.79, 10.16, 11.44, 28.79, 17.49, 10.73, 8.28, 14.82, 22.38, 20.68, 12.66, 32.92, 17.14, 41.72, 15.56, 5.74, 7.02, 21.77, 20.99, 17.51, 16.75, 23.53, 0.0, 17.83, 6.47, 28.2, 11.92, 27.63, 23.16, 14.44, 10.65, 10.54, 24.34, 70.38], [0, 31.93, 16.23, 27.54, 39.35, 27.65, 13.14, 14.02, 4.96, 26.67, 12.75, 30.2, 17.18, 10.2, 10.39, 5.12, 6.8, 4.56, 16.59, 16.82, 9.47, 37.31, 10.58, 12.64, 12.99, 18.39, 7.74, 12.35, 7.58, 33.72, 17.83, 0.0, 12.3, 10.71, 12.9, 22.18, 20.8, 15.32, 7.33, 7.47, 6.7, 72.38], [0, 19.84, 6.51, 15.26, 48.65, 16.59, 15.82, 11.08, 17.15, 14.37, 11.14, 25.27, 17.95, 4.33, 10.23, 8.55, 17.9, 15.9, 6.19, 28.53, 10.72, 42.07, 10.13, 4.85, 11.19, 16.4, 17.18, 16.04, 10.28, 23.64, 6.47, 12.3, 0.0, 22.99, 6.31, 27.1, 23.46, 9.42, 6.14, 6.12, 18.99, 73.31], [0, 42.63, 26.69, 38.24, 32.07, 38.12, 18.07, 24.58, 6.26, 37.35, 20.54, 38.0, 22.02, 20.75, 21.09, 15.4, 6.73, 7.69, 26.76, 7.42, 18.15, 35.2, 12.86, 22.68, 23.7, 25.99, 9.39, 16.84, 16.56, 43.77, 28.2, 10.71, 22.99, 0.0, 23.12, 22.01, 23.15, 25.01, 17.55, 17.66, 11.29, 72.28], [0, 20.36, 10.07, 17.02, 51.8, 15.06, 20.76, 8.46, 16.87, 16.55, 16.77, 19.48, 23.5, 10.65, 5.89, 7.82, 19.58, 17.35, 12.2, 29.69, 6.42, 47.09, 11.41, 11.05, 5.09, 10.1, 19.76, 20.7, 7.11, 20.81, 11.92, 12.9, 6.31, 23.12, 0.0, 31.86, 28.76, 13.14, 10.03, 10.12, 19.16, 79.33], [0, 44.14, 33.52, 38.75, 24.32, 43.09, 11.29, 26.69, 23.1, 37.48, 16.37, 51.14, 10.32, 28.57, 26.36, 25.98, 17.3, 18.72, 25.7, 19.19, 31.12, 15.31, 22.04, 22.98, 28.6, 39.98, 14.92, 11.17, 29.27, 50.51, 27.63, 22.18, 27.1, 22.01, 31.86, 0.0, 5.21, 35.04, 21.84, 21.75, 21.7, 50.7], [0, 39.46, 29.96, 34.06, 29.52, 38.88, 8.12, 22.71, 22.81, 32.78, 12.36, 48.22, 5.68, 25.52, 23.0, 23.79, 17.35, 18.21, 21.26, 21.93, 28.97, 18.69, 20.14, 18.99, 24.99, 37.59, 14.61, 8.56, 27.22, 46.42, 23.16, 20.8, 23.46, 23.15, 28.76, 5.21, 0.0, 32.01, 18.83, 18.71, 21.92, 51.63], [0, 20.1, 4.69, 17.55, 54.54, 13.96, 23.99, 11.38, 18.78, 17.32, 20.05, 16.21, 26.77, 6.5, 9.16, 10.21, 22.1, 19.85, 15.0, 31.87, 7.11, 50.3, 14.1, 14.23, 8.05, 7.34, 22.54, 23.9, 8.48, 18.78, 14.44, 15.32, 9.42, 25.01, 13.14, 35.04, 32.01, 0.0, 13.24, 13.34, 21.17, 82.59], [0, 25.86, 11.96, 21.06, 42.61, 22.69, 10.76, 7.16, 12.26, 20.07, 7.48, 29.42, 13.81, 6.74, 4.76, 6.15, 11.95, 10.1, 9.29, 22.59, 10.82, 37.07, 5.07, 5.31, 7.38, 18.91, 11.05, 10.68, 9.41, 29.58, 10.65, 7.33, 6.14, 17.55, 10.03, 21.84, 18.83, 13.24, 0.0, 9.56, 13.69, 69.92], [0, 25.82, 12.01, 21.0, 42.59, 22.69, 10.65, 7.09, 12.4, 19.99, 7.32, 29.54, 13.66, 6.85, 4.8, 6.33, 12.02, 10.19, 9.16, 22.65, 10.99, 36.97, 5.22, 5.17, 7.39, 19.05, 11.08, 10.58, 9.59, 29.6, 10.54, 7.47, 6.12, 17.66, 10.12, 21.75, 18.71, 13.34, 9.56, 0.0, 13.81, 69.77], [0, 38.61, 22.7, 34.24, 34.77, 34.13, 15.76, 20.64, 9.01, 33.36, 17.41, 34.73, 19.88, 16.74, 17.09, 11.41, 4.56, 4.39, 22.96, 10.78, 14.46, 35.87, 8.88, 18.9, 19.68, 22.69, 7.35, 14.62, 12.77, 39.88, 24.34, 6.7, 18.99, 11.29, 19.16, 21.7, 21.92, 21.17, 13.69, 13.81, 0.0, 72.37], [0, 0, 0, 0, 0, 0, 0, 0, 0, 0, 0, 0, 0, 0, 0, 0, 0, 0, 0, 0, 0, 0, 0, 0, 0, 0, 0, 0, 0, 0, 0, 0, 0, 0, 0, 0, 0, 0, 0, 0, 0, 0]], "end_depot": 41, "horizon": [0.0, 2200.0], "instance_name": "40_95_A_0_B6", "speed_zone_count": 73, "speed_zones": [[0.0, 15.0], [15.0, 30.0], [30.0, 45.0], [45.0, 60.0], [60.0, 75.0], [75.0, 90.0], [90.0, 105.0], [105.0, 120.0], [120.0, 135.0], [135.0, 150.0], [150.0, 165.0], [165.0, 180.0], [180.0, 195.0], [195.0, 210.0], [210.0, 225.0], [225.0, 240.0], [240.0, 255.0], [255.0, 270.0], [270.0, 285.0], [285.0, 300.0], [300.0, 315.0], [315.0, 330.0], [330.0, 345.0], [345.0, 360.0], [360.0, 375.0], [375.0, 390.0], [390.0, 405.0], [405.0, 420.0], [420.0, 435.0], [435.0, 450.0], [450.0, 465.0], [465.0, 480.0], [480.0, 495.0], [495.0, 510.0], [510.0, 525.0], [525.0, 540.0], [540.0, 555.0], [555.0, 570.0], [570.0, 585.0], [585.0, 600.0], [600.0, 615.0], [615.0, 630.0], [630.0, 645.0], [645.0, 660.0], [660.0, 675.0], [675.0, 690.0], [690.0, 705.0], [705.0, 720.0], [720.0, 735.0], [735.0, 750.0], [750.0, 765.0], [765.0, 780.0], [780.0, 795.0], [795.0, 810.0], [810.0, 825.0], [825.0, 840.0], [840.0, 855.0], [855.0, 870.0], [870.0, 885.0], [885.0, 900.0], [900.0, 915.0], [915.0, 930.0], [930.0, 945.0], [945.0, 960.0], [960.0, 975.0], [975.0, 990.0], [990.0, 1005.0], [1005.0, 1020.0], [1020.0, 1035.0], [1035.0, 1050.0], [1050.0, 1065.0], [1065.0, 1080.0], [1080.0, 2200.0]], "start_depot": 0, "time_windows": [[0.0, 2200.0], [0.0, 137.0], [0.0, 156.0], [0.0, 181.0], [0.0, 352.0], [0.0, 461.0], [0.0, 554.0], [0.0, 596.0], [0.0, 637.0], [0.0, 687.0], [0.0, 717.0], [0.0, 767.0], [0.0, 841.0], [0.0, 884.0], [0.0, 905.0], [0.0, 918.0], [0.0, 938.0], [0.0, 952.0], [0.0, 983.0], [0.0, 1024.0], [0.0, 1056.0], [0.0, 1107.0], [0.0, 1145.0], [0.0, 1155.0], [0.0, 1162.0], [0.0, 1177.0], [0.0, 1204.0], [0.0, 1212.0], [0.0, 1231.0], [0.0, 1258.0], [0.0, 1282.0], [0.0, 1300.0], [0.0, 1312.0], [0.0, 1335.0], [0.0, 1359.0], [0.0, 1391.0], [0.0, 1397.0], [0.0, 1430.0], [0.0, 1444.0], [0.0, 1453.0], [0.0, 1467.0], [0.0, 2200.0]], "vehicle_count": 1}