{"cluster_count": 3, "cluster_speeds": [[0.9065, 0.833, 0.9065, 0.98, 0.81585, 0.7497, 0.81585, 0.882, 0.45325, 0.4165, 0.45325, 0.49, 0.299145, 0.27489, 0.299145, 0.3234, 0.3626, 0.3332, 0.3626, 0.392, 0.5439, 0.4998, 0.5439, 0.588, 0.6475, 0.595, 0.6475, 0.7, 0.37, 0.34, 0.37, 0.4, 0.30525, 0.2805, 0.30525, 0.33, 0.4625, 0.425, 0.4625, 0.5, 0.6475, 0.595, 0.6475, 0.7, 0.74, 0.68, 0.74, 0.8, 0.63455, 0.5831, 0.63455, 0.686, 0.45325, 0.4165, 0.45325, 0.49, 0.5439, 0.4998, 0.5439, 0.588, 0.63455, 0.5831, 0.63455, 0.686, 0.81585, 0.7497, 0.81585, 0.882, 0.9065, 0.833, 0.9065, 0.98, 0.98], [0.91575, 0.8415, 0.91575, 0.99, 0.824175, 0.75735, 0.824175, 0.891, 0.457875, 0.42075, 0.457875, 0.495, 0.302198, 0.277695, 0.302198, 0.3267, 0.3663, 0.3366, 0.3663, 0.396, 0.54945, 0.5049, 0.54945, 0.594, 0.6475, 0.595, 0.6475, 0.7, 0.37, 0.34, 0.37, 0.4, 0.30525, 0.2805, 0.30525, 0.33, 0.4625, 0.425, 0.4625, 0.5, 0.6475, 0.595, 0.6475, 0.7, 0.74, 0.68, 0.74, 0.8, 0.641025, 0.58905, 0.641025, 0.693, 0.457875, 0.42075, 0.457875, 0.495, 0.54945, 0.5049, 0.54945, 0.594, 0.641025, 0.58905, 0.641025, 0.693, 0.824175, 0.75735, 0.824175, 0.891, 0.91575, 0.8415, 0.91575, 0.99, 0.99], [0.925, 0.85, 0.925, 1.0, 0.8325, 0.765, 0.8325, 0.9, 0.4625, 0.425, 0.4625, 0.5, 0.30525, 0.2805, 0.30525, 0.33, 0.37, 0.34, 0.37, 0.4, 0.555, 0.51, 0.555, 0.6, 0.6475, 0.595, 0.6475, 0.7, 0.37, 0.34, 0.37, 0.4, 0.30525, 0.2805, 0.30525, 0.33, 0.4625, 0.425, 0.4625, 0.5, 0.6475, 0.595, 0.6475, 0.7, 0.74, 0.68, 0.74, 0.8, 0.6475, 0.595, 0.6475, 0.7, 0.4625, 0.425, 0.4625, 0.5, 0.555, 0.51, 0.555, 0.6, 0.6475, 0.595, 0.6475, 0.7, 0.8325, 0.765, 0.8325, 0.9, 0.925, 0.85, 0.925, 1.0, 1.0]], "clusters": [[-1, 2, 2, 2, 2, 2, 2, 2, 2, 2, 2, 2, 2, 2, 2, 2, 2, 2, 2, 2, 2, 2, 2, 2, 2, 2, 2, 2, 2, 2, 2, 2, 2, 2, 2, 2, 2, 2, 2, 2, 2, -1], [0, -1, 0, 0, 0, 0, 0, 0, 0, 0, 0, 0, 0, 0, 0, 0, 0, 0, 0, 0, 0, 0, 0, 0, 0, 0, 0, 0, 0, 0, 0, 0, 0, 0, 0, 0, 0, 0, 0, 0, 0, 0], [0, 0, -1, 0, 0, 0, 0, 0, 0, 0, 0, 0, 0, 0, 0, 0, 0, 0, 0, 0, 0, 0, 0, 0, 0, 0, 0, 0, 0, 0, 0, 0, 0, 0, 0, 0, 0, 0, 0, 0, 0, 0], [0, 0, 0, -1, 0, 0, 0, 0, 0, 0, 0, 0, 0, 0, 0, 0, 0, 0, 0, 0, 0, 0, 0, 0, 0, 0, 0, 0, 0, 0, 0, 0, 0, 0, 0, 0, 0, 0, 0, 0, 0, 0], [0, 0, 0, 0, -1, 0, 0, 0, 0, 0, 0, 0, 0, 0, 0, 0, 0, 0, 0, 0, 0, 0, 0, 0, 0, 0, 0, 0, 0, 0, 0, 0, 0, 0, 0, 0, 0, 0, 0, 0, 0, 0], [0, 0, 0, 0, 0, -1, 0, 0, 0, 0, 0, 0, 0, 0, 0, 0, 0, 0, 0, 0, 0, 0, 0, 0, 0, 0, 0, 0, 0, 0, 0, 0, 0, 0, 0, 0, 0, 0, 0, 0, 0, 0], [1, 1, 1, 1, 1, 1, -1, 1, 1, 1, 1, 1, 1, 1, 1, 1, 1, 1, 1, 1, 1, 1, 1, 1, 1, 1, 1, 1, 1, 1, 1, 1, 1, 1, 1, 1, 1, 1, 1, 1, 1, 1], [0, 0, 0, 0, 0, 0, 0, -1, 0, 0, 0, 0, 0, 0, 0, 0, 0, 0, 0, 0, 0, 0, 0, 0, 0, 0, 0, 0, 0, 0, 0, 0, 0, 0, 0, 0, 0, 0, 0, 0, 0, 0], [0, 0, 0, 0, 0, 0, 0, 0, -1, 0, 0, 0, 0, 0, 0, 0, 0, 0, 0, 0, 0, 0, 0, 0, 0, 0, 0, 0, 0, 0, 0, 0, 0, 0, 0, 0, 0, 0, 0, 0, 0, 0], [0, 0, 0, 0, 0, 0, 0, 0, 0, -1, 0, 0, 0, 0, 0, 0, 0, 0, 0, 0, 0, 0, 0, 0, 0, 0, 0, 0, 0, 0, 0, 0, 0, 0, 0, 0, 0, 0, 0, 0, 0, 0], [0, 0, 0, 0, 0, 0, 0, 0, 0, 0, -1, 0, 0, 0, 0, 0, 0, 0, 0, 0, 0, 0, 0, 0, 0, 0, 0, 0, 0, 0, 0, 0, 0, 0, 0, 0, 0, 0, 0, 0, 0, 0], [0, 0, 0, 0, 0, 0, 0, 0, 0, 0, 0, -1, 0, 0, 0, 0, 0, 0, 0, 0, 0, 0, 0, 0, 0, 0, 0, 0, 0, 0, 0, 0, 0, 0, 0, 0, 0, 0, 0, 0, 0, 0], [0, 0, 0, 0, 0, 0, 0, 0, 0, 0, 0, 0, -1, 0, 0, 0, 0, 0, 0, 0, 0, 0, 0, 0, 0, 0, 0, 0, 0, 0, 0, 0, 0, 0, 0, 0, 0, 0, 0, 0, 0, 0], [1, 1, 1, 1, 1, 1, 1, 1, 1, 1, 1, 1, 1, -1, 1, 1, 1, 1, 1, 1, 1, 1, 1, 1, 1, 1, 1, 1, 1, 1, 1, 1, 1, 1, 1, 1, 1, 1, 1, 1, 1, 1], [0, 0, 0, 0, 0, 0, 0, 0, 0, 0, 0, 0, 0, 0, -1, 0, 0, 0, 0, 0, 0, 0, 0, 0, 0, 0, 0, 0, 0, 0, 0, 0, 0, 0, 0, 0, 0, 0, 0, 0, 0, 0], [0, 0, 0, 0, 0, 0, 0, 0, 0, 0, 0, 0, 0, 0, 0, -1, 0, 0, 0, 0, 0, 0, 0, 0, 0, 0, 0, 0, 0, 0, 0, 0, 0, 0, 0, 0, 0, 0, 0, 0, 0, 0], [1, 1, 1, 1, 1, 1, 1, 1, 1, 1, 1, 1, 1, 1, 1, 1, -1, 1, 1, 1, 1, 1, 1, 1, 1, 1, 1, 1, 1, 1, 1, 1, 1, 1, 1, 1, 1, 1, 1, 1, 1, 1], [0, 0, 0, 0, 0, 0, 0, 0, 0, 0, 0, 0, 0, 0, 0, 0, 0, -1, 0, 0, 0, 0, 0, 0, 0, 0, 0, 0, 0, 0, 0, 0, 0, 0, 0, 0, 0, 0, 0, 0, 0, 0], [0, 0, 0, 0, 0, 0, 0, 0, 0, 0, 0, 0, 0, 0, 0, 0, 0, 0, -1, 0, 0, 0, 0, 0, 0, 0, 0, 0, 0, 0, 0, 0, 0, 0, 0, 0, 0, 0, 0, 0, 0, 0], [0, 0, 0, 0, 0, 0, 0, 0, 0, 0, 0, 0, 0, 0, 0, 0, 0, 0, 0, -1, 0, 0, 0, 0, 0, 0, 0, 0, 0, 0, 0, 0, 0, 0, 0, 0, 0, 0, 0, 0, 0, 0], [0, 0, 0, 0, 0, 0, 0, 0, 0, 0, 0, 0, 0, 0, 0, 0, 0, 0, 0, 0, -1, 0, 0, 0, 0, 0, 0, 0, 0, 0, 0, 0, 0, 0, 0, 0, 0, 0, 0, 0, 0, 0], [0, 0, 0, 0, 0, 0, 0, 0, 0, 0, 0, 0, 0, 0, 0, 0, 0, 0, 0, 0, 0, -1, 0, 0, 0, 0, 0, 0, 0, 0, 0, 0, 0, 0, 0, 0, 0, 0, 0, 0, 0, 0], [0, 0, 0, 0, 0, 0, 0, 0, 0, 0, 0, 0, 0, 0, 0, 0, 0, 0, 0, 0, 0, 0, -1, 0, 0, 0, 0, 0, 0, 0, 0, 0, 0, 0, 0, 0, 0, 0, 0, 0, 0, 0], [0, 0, 0, 0, 0, 0, 0, 0, 0, 0, 0, 0, 0, 0, 0, 0, 0, 0, 0, 0, 0, 0, 0, -1, 0, 0, 0, 0, 0, 0, 0, 0, 0, 0, 0, 0, 0, 0, 0, 0, 0, 0], [0, 0, 0, 0, 0, 0, 0, 0, 0, 0, 0, 0, 0, 0, 0, 0, 0, 0, 0, 0, 0, 0, 0, 0, -1, 0, 0, 0, 0, 0, 0, 0, 0, 0, 0, 0, 0, 0, 0, 0, 0, 0], [0, 0, 0, 0, 0, 0, 0, 0, 0, 0, 0, 0, 0, 0, 0, 0, 0, 0, 0, 0, 0, 0, 0, 0, 0, -1, 0, 0, 0, 0, 0, 0, 0, 0, 0, 0, 0, 0, 0, 0, 0, 0], [0, 0, 0, 0, 0, 0, 0, 0, 0, 0, 0, 0, 0, 0, 0, 0, 0, 0, 0, 0, 0, 0, 0, 0, 0, 0, -1, 0, 0, 0, 0, 0, 0, 0, 0, 0, 0, 0, 0, 0, 0, 0], [0, 0, 0, 0, 0, 0, 0, 0, 0, 0, 0, 0, 0, 0, 0, 0, 0, 0, 0, 0, 0, 0, 0, 0, 0, 0, 0, -1, 0, 0, 0, 0, 0, 0, 0, 0, 0, 0, 0, 0, 0, 0], [0, 0, 0, 0, 0, 0, 0, 0, 0, 0, 0, 0, 0, 0, 0, 0, 0, 0, 0, 0, 0, 0, 0, 0, 0, 0, 0, 0, -1, 0, 0, 0, 0, 0, 0, 0, 0, 0, 0, 0, 0, 0], [0, 0, 0, 0, 0, 0, 0, 0, 0, 0, 0, 0, 0, 0, 0, 0, 0, 0, 0, 0, 0, 0, 0, 0, 0, 0, 0, 0, 0, -1, 0, 0, 0, 0, 0, 0, 0, 0, 0, 0, 0, 0], [0, 0, 0, 0, 0, 0, 0, 0, 0, 0, 0, 0, 0, 0, 0, 0, 0, 0, 0, 0, 0, 0, 0, 0, 0, 0, 0, 0, 0, 0, -1, 0, 0, 0, 0, 0, 0, 0, 0, 0, 0, 0], [0, 0, 0, 0, 0, 0, 0, 0, 0, 0, 0, 0, 0, 0, 0, 0, 0, 0, 0, 0, 0, 0, 0, 0, 0, 0, 0, 0, 0, 0, 0, -1, 0, 0, 0, 0, 0, 0, 0, 0, 0, 0], [0, 0, 0, 0, 0, 0, 0, 0, 0, 0, 0, 0, 0, 0, 0, 0, 0, 0, 0, 0, 0, 0, 0, 0, 0, 0, 0, 0, 0, 0, 0, 0, -1, 0, 0, 0, 0, 0, 0, 0, 0, 0], [0, 0, 0, 0, 0, 0, 0, 0, 0, 0, 0, 0, 0, 0, 0, 0, 0, 0, 0, 0, 0, 0, 0, 0, 0, 0, 0, 0, 0, 0, 0, 0, 0, -1, 0, 0, 0, 0, 0, 0, 0, 0], [0, 0, 0, 0, 0, 0, 0, 0, 0, 0, 0, 0, 0, 0, 0, 0, 0, 0, 0, 0, 0, 0, 0, 0, 0, 0, 0, 0, 0, 0, 0, 0, 0, 0, -1, 0, 0, 0, 0, 0, 0, 0], [0, 0, 0, 0, 0, 0, 0, 0, 0, 0, 0, 0, 0, 0, 0, 0, 0, 0, 0, 0, 0, 0, 0, 0, 0, 0, 0, 0, 0, 0, 0, 0, 0, 0, 0, -1, 0, 0, 0, 0, 0, 0], [0, 0, 0, 0, 0, 0, 0, 0, 0, 0, 0, 0, 0, 0, 0, 0, 0, 0, 0, 0, 0, 0, 0, 0, 0, 0, 0, 0, 0, 0, 0, 0, 0, 0, 0, 0, -1, 0, 0, 0, 0, 0], [1, 1, 1, 1, 1, 1, 1, 1, 1, 1, 1, 1, 1, 1, 1, 1, 1, 1, 1, 1, 1, 1, 1, 1, 1, 1, 1, 1, 1, 1, 1, 1, 1, 1, 1, 1, 1, -1, 1, 1, 1, 1], [0, 0, 0, 0, 0, 0, 0, 0, 0, 0, 0, 0, 0, 0, 0, 0, 0, 0, 0, 0, 0, 0, 0, 0, 0, 0, 0, 0, 0, 0, 0, 0, 0, 0, 0, 0, 0, 0, -1, 0, 0, 0], [0, 0, 0, 0, 0, 0, 0, 0, 0, 0, 0, 0, 0, 0, 0, 0, 0, 0, 0, 0, 0, 0, 0, 0, 0, 0, 0, 0, 0, 0, 0, 0, 0, 0, 0, 0, 0, 0, 0, -1, 0, 0], [0, 0, 0, 0, 0, 0, 0, 0, 0, 0, 0, 0, 0, 0, 0, 0, 0, 0, 0, 0, 0, 0, 0, 0, 0, 0, 0, 0, 0, 0, 0, 0, 0, 0, 0, 0, 0, 0, 0, 0, -1, 0], [-1, 2, 2, 2, 2, 2, 2, 2, 2, 2, 2, 2, 2, 2, 2, 2, 2, 2, 2, 2, 2, 2, 2, 2, 2, 2, 2, 2, 2, 2, 2, 2, 2, 2, 2, 2, 2, 2, 2, 2, 2, -1]], "dataset_name": "guerriero_et_al_2014b", "digraph": {"arc_count": 1640, "arcs": [[0, 1, 1, 1, 1, 1, 1, 1, 1, 1, 1, 1, 1, 1, 1, 1, 1, 1, 1, 1, 1, 1, 1, 1, 1, 1, 1, 1, 1, 1, 1, 1, 1, 1, 1, 1, 1, 1, 1, 1, 1, 0], [0, 0, 1, 1, 1, 1, 1, 1, 1, 1, 1, 1, 1, 1, 1, 1, 1, 1, 1, 1, 1, 1, 1, 1, 1, 1, 1, 1, 1, 1, 1, 1, 1, 1, 1, 1, 1, 1, 1, 1, 1, 1], [0, 1, 0, 1, 1, 1, 1, 1, 1, 1, 1, 1, 1, 1, 1, 1, 1, 1, 1, 1, 1, 1, 1, 1, 1, 1, 1, 1, 1, 1, 1, 1, 1, 1, 1, 1, 1, 1, 1, 1, 1, 1], [0, 1, 1, 0, 1, 1, 1, 1, 1, 1, 1, 1, 1, 1, 1, 1, 1, 1, 1, 1, 1, 1, 1, 1, 1, 1, 1, 1, 1, 1, 1, 1, 1, 1, 1, 1, 1, 1, 1, 1, 1, 1], [0, 1, 1, 1, 0, 1, 1, 1, 1, 1, 1, 1, 1, 1, 1, 1, 1, 1, 1, 1, 1, 1, 1, 1, 1, 1, 1, 1, 1, 1, 1, 1, 1, 1, 1, 1, 1, 1, 1, 1, 1, 1], [0, 1, 1, 1, 1, 0, 1, 1, 1, 1, 1, 1, 1, 1, 1, 1, 1, 1, 1, 1, 1, 1, 1, 1, 1, 1, 1, 1, 1, 1, 1, 1, 1, 1, 1, 1, 1, 1, 1, 1, 1, 1], [0, 1, 1, 1, 1, 1, 0, 1, 1, 1, 1, 1, 1, 1, 1, 1, 1, 1, 1, 1, 1, 1, 1, 1, 1, 1, 1, 1, 1, 1, 1, 1, 1, 1, 1, 1, 1, 1, 1, 1, 1, 1], [0, 1, 1, 1, 1, 1, 1, 0, 1, 1, 1, 1, 1, 1, 1, 1, 1, 1, 1, 1, 1, 1, 1, 1, 1, 1, 1, 1, 1, 1, 1, 1, 1, 1, 1, 1, 1, 1, 1, 1, 1, 1], [0, 1, 1, 1, 1, 1, 1, 1, 0, 1, 1, 1, 1, 1, 1, 1, 1, 1, 1, 1, 1, 1, 1, 1, 1, 1, 1, 1, 1, 1, 1, 1, 1, 1, 1, 1, 1, 1, 1, 1, 1, 1], [0, 1, 1, 1, 1, 1, 1, 1, 1, 0, 1, 1, 1, 1, 1, 1, 1, 1, 1, 1, 1, 1, 1, 1, 1, 1, 1, 1, 1, 1, 1, 1, 1, 1, 1, 1, 1, 1, 1, 1, 1, 1], [0, 1, 1, 1, 1, 1, 1, 1, 1, 1, 0, 1, 1, 1, 1, 1, 1, 1, 1, 1, 1, 1, 1, 1, 1, 1, 1, 1, 1, 1, 1, 1, 1, 1, 1, 1, 1, 1, 1, 1, 1, 1], [0, 1, 1, 1, 1, 1, 1, 1, 1, 1, 1, 0, 1, 1, 1, 1, 1, 1, 1, 1, 1, 1, 1, 1, 1, 1, 1, 1, 1, 1, 1, 1, 1, 1, 1, 1, 1, 1, 1, 1, 1, 1], [0, 1, 1, 1, 1, 1, 1, 1, 1, 1, 1, 1, 0, 1, 1, 1, 1, 1, 1, 1, 1, 1, 1, 1, 1, 1, 1, 1, 1, 1, 1, 1, 1, 1, 1, 1, 1, 1, 1, 1, 1, 1], [0, 1, 1, 1, 1, 1, 1, 1, 1, 1, 1, 1, 1, 0, 1, 1, 1, 1, 1, 1, 1, 1, 1, 1, 1, 1, 1, 1, 1, 1, 1, 1, 1, 1, 1, 1, 1, 1, 1, 1, 1, 1], [0, 1, 1, 1, 1, 1, 1, 1, 1, 1, 1, 1, 1, 1, 0, 1, 1, 1, 1, 1, 1, 1, 1, 1, 1, 1, 1, 1, 1, 1, 1, 1, 1, 1, 1, 1, 1, 1, 1, 1, 1, 1], [0, 1, 1, 1, 1, 1, 1, 1, 1, 1, 1, 1, 1, 1, 1, 0, 1, 1, 1, 1, 1, 1, 1, 1, 1, 1, 1, 1, 1, 1, 1, 1, 1, 1, 1, 1, 1, 1, 1, 1, 1, 1], [0, 1, 1, 1, 1, 1, 1, 1, 1, 1, 1, 1, 1, 1, 1, 1, 0, 1, 1, 1, 1, 1, 1, 1, 1, 1, 1, 1, 1, 1, 1, 1, 1, 1, 1, 1, 1, 1, 1, 1, 1, 1], [0, 1, 1, 1, 1, 1, 1, 1, 1, 1, 1, 1, 1, 1, 1, 1, 1, 0, 1, 1, 1, 1, 1, 1, 1, 1, 1, 1, 1, 1, 1, 1, 1, 1, 1, 1, 1, 1, 1, 1, 1, 1], [0, 1, 1, 1, 1, 1, 1, 1, 1, 1, 1, 1, 1, 1, 1, 1, 1, 1, 0, 1, 1, 1, 1, 1, 1, 1, 1, 1, 1, 1, 1, 1, 1, 1, 1, 1, 1, 1, 1, 1, 1, 1], [0, 1, 1, 1, 1, 1, 1, 1, 1, 1, 1, 1, 1, 1, 1, 1, 1, 1, 1, 0, 1, 1, 1, 1, 1, 1, 1, 1, 1, 1, 1, 1, 1, 1, 1, 1, 1, 1, 1, 1, 1, 1], [0, 1, 1, 1, 1, 1, 1, 1, 1, 1, 1, 1, 1, 1, 1, 1, 1, 1, 1, 1, 0, 1, 1, 1, 1, 1, 1, 1, 1, 1, 1, 1, 1, 1, 1, 1, 1, 1, 1, 1, 1, 1], [0, 1, 1, 1, 1, 1, 1, 1, 1, 1, 1, 1, 1, 1, 1, 1, 1, 1, 1, 1, 1, 0, 1, 1, 1, 1, 1, 1, 1, 1, 1, 1, 1, 1, 1, 1, 1, 1, 1, 1, 1, 1], [0, 1, 1, 1, 1, 1, 1, 1, 1, 1, 1, 1, 1, 1, 1, 1, 1, 1, 1, 1, 1, 1, 0, 1, 1, 1, 1, 1, 1, 1, 1, 1, 1, 1, 1, 1, 1, 1, 1, 1, 1, 1], [0, 1, 1, 1, 1, 1, 1, 1, 1, 1, 1, 1, 1, 1, 1, 1, 1, 1, 1, 1, 1, 1, 1, 0, 1, 1, 1, 1, 1, 1, 1, 1, 1, 1, 1, 1, 1, 1, 1, 1, 1, 1], [0, 1, 1, 1, 1, 1, 1, 1, 1, 1, 1, 1, 1, 1, 1, 1, 1, 1, 1, 1, 1, 1, 1, 1, 0, 1, 1, 1, 1, 1, 1, 1, 1, 1, 1, 1, 1, 1, 1, 1, 1, 1], [0, 1, 1, 1, 1, 1, 1, 1, 1, 1, 1, 1, 1, 1, 1, 1, 1, 1, 1, 1, 1, 1, 1, 1, 1, 0, 1, 1, 1, 1, 1, 1, 1, 1, 1, 1, 1, 1, 1, 1, 1, 1], [0, 1, 1, 1, 1, 1, 1, 1, 1, 1, 1, 1, 1, 1, 1, 1, 1, 1, 1, 1, 1, 1, 1, 1, 1, 1, 0, 1, 1, 1, 1, 1, 1, 1, 1, 1, 1, 1, 1, 1, 1, 1], [0, 1, 1, 1, 1, 1, 1, 1, 1, 1, 1, 1, 1, 1, 1, 1, 1, 1, 1, 1, 1, 1, 1, 1, 1, 1, 1, 0, 1, 1, 1, 1, 1, 1, 1, 1, 1, 1, 1, 1, 1, 1], [0, 1, 1, 1, 1, 1, 1, 1, 1, 1, 1, 1, 1, 1, 1, 1, 1, 1, 1, 1, 1, 1, 1, 1, 1, 1, 1, 1, 0, 1, 1, 1, 1, 1, 1, 1, 1, 1, 1, 1, 1, 1], [0, 1, 1, 1, 1, 1, 1, 1, 1, 1, 1, 1, 1, 1, 1, 1, 1, 1, 1, 1, 1, 1, 1, 1, 1, 1, 1, 1, 1, 0, 1, 1, 1, 1, 1, 1, 1, 1, 1, 1, 1, 1], [0, 1, 1, 1, 1, 1, 1, 1, 1, 1, 1, 1, 1, 1, 1, 1, 1, 1, 1, 1, 1, 1, 1, 1, 1, 1, 1, 1, 1, 1, 0, 1, 1, 1, 1, 1, 1, 1, 1, 1, 1, 1], [0, 1, 1, 1, 1, 1, 1, 1, 1, 1, 1, 1, 1, 1, 1, 1, 1, 1, 1, 1, 1, 1, 1, 1, 1, 1, 1, 1, 1, 1, 1, 0, 1, 1, 1, 1, 1, 1, 1, 1, 1, 1], [0, 1, 1, 1, 1, 1, 1, 1, 1, 1, 1, 1, 1, 1, 1, 1, 1, 1, 1, 1, 1, 1, 1, 1, 1, 1, 1, 1, 1, 1, 1, 1, 0, 1, 1, 1, 1, 1, 1, 1, 1, 1], [0, 1, 1, 1, 1, 1, 1, 1, 1, 1, 1, 1, 1, 1, 1, 1, 1, 1, 1, 1, 1, 1, 1, 1, 1, 1, 1, 1, 1, 1, 1, 1, 1, 0, 1, 1, 1, 1, 1, 1, 1, 1], [0, 1, 1, 1, 1, 1, 1, 1, 1, 1, 1, 1, 1, 1, 1, 1, 1, 1, 1, 1, 1, 1, 1, 1, 1, 1, 1, 1, 1, 1, 1, 1, 1, 1, 0, 1, 1, 1, 1, 1, 1, 1], [0, 1, 1, 1, 1, 1, 1, 1, 1, 1, 1, 1, 1, 1, 1, 1, 1, 1, 1, 1, 1, 1, 1, 1, 1, 1, 1, 1, 1, 1, 1, 1, 1, 1, 1, 0, 1, 1, 1, 1, 1, 1], [0, 1, 1, 1, 1, 1, 1, 1, 1, 1, 1, 1, 1, 1, 1, 1, 1, 1, 1, 1, 1, 1, 1, 1, 1, 1, 1, 1, 1, 1, 1, 1, 1, 1, 1, 1, 0, 1, 1, 1, 1, 1], [0, 1, 1, 1, 1, 1, 1, 1, 1, 1, 1, 1, 1, 1, 1, 1, 1, 1, 1, 1, 1, 1, 1, 1, 1, 1, 1, 1, 1, 1, 1, 1, 1, 1, 1, 1, 1, 0, 1, 1, 1, 1], [0, 1, 1, 1, 1, 1, 1, 1, 1, 1, 1, 1, 1, 1, 1, 1, 1, 1, 1, 1, 1, 1, 1, 1, 1, 1, 1, 1, 1, 1, 1, 1, 1, 1, 1, 1, 1, 1, 0, 1, 1, 1], [0, 1, 1, 1, 1, 1, 1, 1, 1, 1, 1, 1, 1, 1, 1, 1, 1, 1, 1, 1, 1, 1, 1, 1, 1, 1, 1, 1, 1, 1, 1, 1, 1, 1, 1, 1, 1, 1, 1, 0, 1, 1], [0, 1, 1, 1, 1, 1, 1, 1, 1, 1, 1, 1, 1, 1, 1, 1, 1, 1, 1, 1, 1, 1, 1, 1, 1, 1, 1, 1, 1, 1, 1, 1, 1, 1, 1, 1, 1, 1, 1, 1, 0, 1], [0, 0, 0, 0, 0, 0, 0, 0, 0, 0, 0, 0, 0, 0, 0, 0, 0, 0, 0, 0, 0, 0, 0, 0, 0, 0, 0, 0, 0, 0, 0, 0, 0, 0, 0, 0, 0, 0, 0, 0, 0, 0]], "vertex_count": 42}, "distances": [[0, 67.67, 75.22, 59.05, 60.96, 71.7, 74.91, 63.15, 72.21, 67.43, 59.96, 62.11, 73.65, 56.93, 74.16, 63.05, 89.4, 77.42, 69.25, 69.69, 70.62, 68.77, 74.85, 72.48, 63.51, 79.35, 67.15, 70.6, 72.53, 72.44, 75.39, 64.19, 65.99, 71.98, 73.94, 72.62, 72.32, 54.57, 65.15, 78.14, 64.33, 0], [0, 0.0, 7.55, 9.84, 6.74, 8.98, 15.28, 4.54, 5.22, 9.2, 9.71, 5.56, 6.99, 14.65, 8.92, 4.81, 21.77, 10.01, 10.21, 6.8, 7.96, 6.99, 8.33, 7.86, 4.44, 11.74, 9.07, 15.85, 7.49, 6.58, 7.82, 13.67, 8.45, 10.99, 6.72, 9.15, 7.44, 21.04, 11.0, 10.47, 8.01, 67.67], [0, 7.55, 0.0, 16.9, 14.28, 9.08, 14.29, 12.08, 10.82, 8.1, 16.45, 13.11, 4.22, 21.05, 6.64, 12.25, 14.25, 8.49, 6.16, 8.73, 9.13, 9.65, 4.58, 7.01, 11.81, 4.29, 8.08, 16.97, 6.5, 5.62, 9.61, 11.04, 12.64, 11.05, 9.87, 8.62, 6.69, 26.93, 10.08, 10.3, 13.28, 75.22], [0, 9.84, 16.9, 0.0, 4.39, 12.92, 23.63, 5.94, 13.39, 8.8, 9.53, 5.45, 16.8, 5.4, 18.49, 5.21, 31.07, 19.72, 11.87, 10.71, 16.48, 9.86, 18.15, 13.46, 5.46, 20.69, 9.3, 15.1, 13.48, 16.21, 16.79, 6.99, 7.58, 13.7, 15.13, 18.17, 13.28, 12.02, 7.78, 19.71, 5.7, 59.05], [0, 6.74, 14.28, 4.39, 0.0, 12.83, 19.33, 10.33, 11.4, 6.65, 5.14, 9.84, 13.32, 9.79, 14.68, 9.6, 28.51, 16.69, 8.5, 10.36, 12.3, 9.83, 14.65, 12.68, 9.85, 18.4, 6.2, 17.16, 12.53, 12.49, 14.44, 11.38, 8.85, 14.22, 13.09, 14.09, 12.38, 16.4, 4.26, 17.19, 7.18, 60.96], [0, 8.98, 9.08, 12.92, 12.83, 0.0, 22.46, 11.35, 5.66, 7.16, 11.84, 12.27, 12.25, 15.06, 14.89, 10.77, 20.6, 12.32, 9.83, 9.94, 15.82, 11.34, 13.17, 10.56, 10.27, 10.69, 9.08, 7.94, 12.91, 12.98, 8.1, 10.94, 5.74, 11.9, 6.31, 16.24, 12.67, 19.73, 10.41, 10.61, 7.39, 71.7], [0, 15.28, 14.29, 23.63, 19.33, 22.46, 0.0, 17.76, 16.82, 17.42, 24.04, 18.18, 10.31, 28.98, 7.69, 18.63, 20.24, 12.28, 13.44, 21.1, 7.36, 21.66, 9.71, 20.56, 18.56, 16.43, 15.62, 30.28, 20.03, 9.49, 15.49, 16.82, 23.68, 24.6, 16.62, 6.28, 20.15, 35.59, 16.25, 15.0, 23.27, 74.91], [0, 4.54, 12.08, 5.94, 10.33, 11.35, 17.76, 0.0, 9.32, 4.66, 6.28, 10.1, 11.17, 11.23, 12.65, 9.12, 26.3, 14.49, 6.31, 8.86, 10.55, 8.5, 12.5, 10.93, 8.97, 16.23, 13.39, 16.52, 10.72, 10.41, 12.28, 11.51, 8.22, 12.94, 10.98, 12.23, 10.6, 17.84, 10.57, 15.0, 6.85, 63.15], [0, 5.22, 10.82, 13.39, 11.4, 5.66, 16.82, 9.32, 0.0, 4.79, 12.78, 10.39, 6.6, 17.22, 9.23, 9.23, 17.72, 7.29, 4.99, 4.81, 10.39, 5.68, 7.57, 11.18, 8.75, 7.31, 5.61, 13.57, 10.92, 7.36, 11.51, 8.45, 8.64, 7.79, 10.88, 10.63, 10.81, 22.96, 7.58, 6.47, 9.34, 72.21], [0, 9.2, 8.1, 8.8, 6.65, 7.16, 17.42, 4.66, 4.79, 0.0, 8.39, 5.71, 8.58, 13.16, 10.77, 4.46, 22.3, 11.0, 9.77, 4.81, 10.14, 4.86, 9.89, 6.39, 11.6, 11.98, 8.73, 13.68, 6.13, 8.45, 8.04, 13.1, 6.26, 9.05, 6.51, 11.23, 6.03, 19.36, 10.91, 10.93, 5.99, 67.43], [0, 9.71, 16.45, 9.53, 5.14, 11.84, 24.04, 6.28, 12.78, 8.39, 0.0, 6.02, 16.69, 5.0, 18.54, 5.42, 30.5, 19.39, 11.78, 9.73, 16.78, 8.83, 18.04, 12.52, 5.55, 20.09, 9.19, 13.72, 12.59, 16.22, 16.24, 7.23, 6.35, 12.5, 14.51, 18.39, 12.38, 11.57, 7.91, 19.2, 4.5, 59.96], [0, 5.56, 13.11, 5.45, 9.84, 12.27, 18.18, 10.1, 10.39, 5.71, 6.02, 0.0, 12.06, 10.84, 13.41, 9.3, 27.32, 15.46, 7.26, 9.79, 11.09, 9.36, 13.38, 11.94, 10.0, 17.28, 5.03, 17.14, 11.74, 11.22, 13.33, 12.44, 8.8, 13.8, 12.05, 12.85, 11.61, 17.46, 11.52, 16.03, 7.29, 62.11], [0, 6.99, 4.22, 16.8, 13.32, 12.25, 10.31, 11.17, 6.6, 8.58, 16.69, 12.06, 0.0, 21.62, 10.86, 11.67, 16.01, 9.61, 4.94, 11.18, 5.02, 11.89, 8.73, 10.29, 11.35, 7.7, 7.51, 20.16, 9.76, 9.45, 5.39, 10.05, 14.41, 14.37, 6.32, 4.4, 9.9, 27.92, 9.14, 6.08, 14.51, 73.65], [0, 14.65, 21.05, 5.4, 9.79, 15.06, 28.98, 11.23, 17.22, 13.16, 5.0, 10.84, 21.62, 0.0, 23.52, 10.4, 34.84, 24.12, 16.73, 13.42, 21.77, 12.42, 22.96, 16.23, 10.55, 24.43, 14.15, 14.28, 16.41, 21.2, 20.72, 12.21, 9.34, 15.08, 18.88, 23.39, 16.18, 6.62, 12.91, 23.69, 8.0, 56.93], [0, 8.92, 6.64, 18.49, 14.68, 14.89, 7.69, 12.65, 9.23, 10.77, 18.54, 13.41, 10.86, 23.52, 0.0, 13.28, 16.28, 5.3, 6.84, 13.75, 13.09, 14.42, 11.22, 12.94, 13.04, 9.44, 9.39, 22.79, 12.4, 10.88, 7.84, 11.54, 16.81, 17.01, 8.93, 12.9, 12.54, 29.95, 10.71, 7.86, 16.76, 74.16], [0, 4.81, 12.25, 5.21, 9.6, 10.77, 18.63, 9.12, 9.23, 4.46, 5.42, 9.3, 11.67, 10.4, 13.28, 0.0, 26.5, 14.82, 6.74, 8.28, 11.37, 7.83, 13.01, 10.52, 9.25, 16.31, 4.26, 15.65, 10.35, 11.01, 12.35, 11.94, 7.32, 12.27, 10.94, 12.99, 10.2, 16.99, 11.0, 15.15, 5.89, 63.05], [0, 21.77, 14.25, 31.07, 28.51, 20.6, 20.24, 26.3, 17.72, 22.3, 30.5, 27.32, 16.01, 34.84, 16.28, 26.5, 0.0, 12.05, 20.15, 21.57, 20.11, 22.59, 14.97, 18.92, 26.06, 10.42, 22.3, 26.88, 18.62, 17.4, 14.28, 25.24, 25.77, 21.7, 16.0, 18.4, 18.86, 40.19, 24.28, 11.37, 26.85, 89.4], [0, 10.01, 8.49, 19.72, 16.69, 12.32, 12.28, 14.49, 7.29, 11.0, 19.39, 15.46, 9.61, 24.12, 5.3, 14.82, 12.05, 0.0, 8.21, 12.05, 8.8, 12.96, 10.0, 10.25, 14.43, 4.2, 10.55, 20.15, 9.75, 5.57, 4.22, 13.39, 15.92, 14.22, 6.05, 7.6, 9.96, 30.12, 12.44, 10.9, 16.47, 77.42], [0, 10.21, 6.16, 11.87, 8.5, 9.83, 13.44, 6.31, 4.99, 9.77, 11.78, 7.26, 4.94, 16.73, 6.84, 6.74, 20.15, 8.21, 0.0, 7.96, 6.24, 8.36, 6.29, 8.34, 6.42, 10.45, 10.6, 17.19, 7.88, 4.51, 6.7, 5.2, 10.25, 11.94, 6.08, 7.22, 7.9, 23.12, 4.26, 9.04, 9.99, 69.25], [0, 6.8, 8.73, 10.71, 10.36, 9.94, 21.1, 8.86, 4.81, 4.81, 9.73, 9.79, 11.18, 13.42, 13.75, 8.28, 21.57, 12.05, 7.96, 0.0, 14.15, 8.68, 12.26, 10.32, 7.78, 11.28, 6.82, 9.24, 8.86, 11.65, 8.01, 8.49, 4.2, 4.23, 6.07, 14.82, 8.71, 18.64, 8.0, 10.85, 5.47, 69.69], [0, 7.96, 9.13, 16.48, 12.3, 15.82, 7.36, 10.55, 10.39, 10.14, 16.78, 11.09, 5.02, 21.77, 13.09, 11.37, 20.11, 8.8, 6.24, 14.15, 0.0, 14.6, 5.46, 14.1, 11.26, 12.7, 8.27, 23.39, 13.59, 10.75, 10.23, 9.55, 16.4, 17.97, 10.72, 9.42, 13.67, 28.35, 8.92, 11.08, 15.92, 70.62], [0, 6.99, 9.65, 9.86, 9.83, 11.34, 21.66, 8.5, 5.68, 4.86, 8.83, 9.36, 11.89, 12.42, 14.42, 7.83, 22.59, 12.96, 8.36, 8.68, 14.6, 0.0, 13.02, 11.25, 7.35, 12.3, 6.92, 8.87, 9.07, 12.27, 8.97, 8.25, 10.6, 4.44, 7.03, 15.38, 8.92, 17.62, 7.86, 11.83, 4.49, 68.77], [0, 8.33, 4.58, 18.15, 14.65, 13.17, 9.71, 12.5, 7.57, 9.89, 18.04, 13.38, 8.73, 22.96, 11.22, 13.01, 14.97, 10.0, 6.29, 12.26, 5.46, 13.02, 0.0, 11.17, 12.7, 7.38, 8.86, 21.11, 10.63, 10.2, 5.78, 11.38, 15.63, 15.26, 7.03, 4.33, 10.79, 29.25, 10.48, 5.78, 15.8, 74.85], [0, 7.86, 7.01, 13.46, 12.68, 10.56, 20.56, 10.93, 11.18, 6.39, 12.52, 11.94, 10.29, 16.23, 12.94, 10.52, 18.92, 10.25, 8.34, 10.32, 14.1, 11.25, 11.17, 0.0, 10.0, 8.8, 8.06, 9.98, 11.59, 11.12, 6.04, 10.35, 6.93, 12.56, 4.25, 14.39, 11.8, 21.28, 9.67, 8.61, 8.29, 72.48], [0, 4.44, 11.81, 5.46, 9.85, 10.27, 18.56, 8.97, 8.75, 11.6, 5.55, 10.0, 11.35, 10.55, 13.04, 9.25, 26.06, 14.43, 6.42, 7.78, 11.26, 7.35, 12.7, 10.0, 0.0, 15.85, 13.27, 15.27, 9.83, 10.75, 11.89, 11.62, 6.96, 11.79, 10.45, 12.84, 9.69, 17.1, 10.68, 14.71, 5.61, 63.51], [0, 11.74, 4.29, 20.69, 18.4, 10.69, 16.43, 16.23, 7.31, 11.98, 20.09, 17.28, 7.7, 24.43, 9.44, 16.31, 10.42, 4.2, 10.45, 11.28, 12.7, 12.3, 7.38, 8.8, 15.85, 0.0, 12.25, 17.94, 8.42, 9.25, 8.42, 15.22, 15.46, 12.2, 5.58, 11.7, 8.66, 29.92, 14.28, 10.43, 16.46, 79.35], [0, 9.07, 8.08, 9.3, 6.2, 9.08, 15.62, 13.39, 5.61, 8.73, 9.19, 5.03, 7.51, 14.15, 9.39, 4.26, 22.3, 10.55, 10.6, 6.82, 8.27, 6.92, 8.86, 8.06, 13.27, 12.25, 0.0, 15.76, 7.71, 7.06, 8.31, 14.06, 8.19, 11.04, 7.16, 9.54, 7.66, 20.56, 10.46, 11.0, 7.65, 67.15], [0, 15.85, 16.97, 15.1, 17.16, 7.94, 30.28, 16.52, 13.57, 13.68, 13.72, 17.14, 20.16, 14.28, 22.79, 15.65, 26.88, 20.15, 17.19, 9.24, 23.39, 8.87, 21.11, 9.98, 15.27, 17.94, 15.76, 0.0, 10.51, 20.8, 15.94, 16.59, 8.34, 5.93, 14.22, 24.01, 10.34, 16.28, 16.42, 18.19, 9.99, 70.6], [0, 7.49, 6.5, 13.48, 12.53, 12.91, 20.03, 10.72, 10.92, 6.13, 12.59, 11.74, 9.76, 16.41, 12.4, 10.35, 18.62, 9.75, 7.88, 8.86, 13.59, 9.07, 10.63, 11.59, 9.83, 8.42, 7.71, 10.51, 0.0, 10.59, 5.55, 10.09, 7.17, 4.63, 12.64, 13.86, 9.1, 21.57, 9.39, 8.17, 8.44, 72.53], [0, 6.58, 5.62, 16.21, 12.49, 12.98, 9.49, 10.41, 7.36, 8.45, 16.22, 11.22, 9.45, 21.2, 10.88, 11.01, 17.4, 5.57, 4.51, 11.65, 10.75, 12.27, 10.2, 11.12, 10.75, 9.25, 7.06, 20.8, 10.59, 0.0, 6.73, 9.3, 14.54, 15.13, 7.4, 11.73, 10.7, 27.62, 8.44, 7.63, 14.44, 72.44], [0, 7.82, 9.61, 16.79, 14.44, 8.1, 15.49, 12.28, 11.51, 8.04, 16.24, 13.33, 5.39, 20.72, 7.84, 12.35, 14.28, 4.22, 6.7, 8.01, 10.23, 8.97, 5.78, 6.04, 11.89, 8.42, 8.31, 15.94, 5.55, 6.73, 0.0, 11.28, 12.05, 10.01, 10.27, 9.79, 5.76, 26.44, 10.34, 11.47, 12.83, 75.39], [0, 13.67, 11.04, 6.99, 11.38, 10.94, 16.82, 11.51, 8.45, 13.1, 7.23, 12.44, 10.05, 12.21, 11.54, 11.94, 25.24, 13.39, 5.2, 8.49, 9.55, 8.25, 11.38, 10.35, 11.62, 15.22, 14.06, 16.59, 10.09, 9.3, 11.28, 0.0, 8.39, 12.66, 10.07, 11.19, 9.99, 18.8, 9.46, 13.96, 7.22, 64.19], [0, 8.45, 12.64, 7.58, 8.85, 5.74, 23.68, 8.22, 8.64, 6.26, 6.35, 8.8, 14.41, 9.34, 16.81, 7.32, 25.77, 15.92, 10.25, 4.2, 16.4, 10.6, 15.63, 6.93, 6.96, 15.46, 8.19, 8.34, 7.17, 14.54, 12.05, 8.39, 0.0, 6.16, 10.12, 17.46, 6.93, 14.46, 8.37, 14.95, 9.66, 65.99], [0, 10.99, 11.05, 13.7, 14.22, 11.9, 24.6, 12.94, 7.79, 9.05, 12.5, 13.8, 14.37, 15.08, 17.01, 12.27, 21.7, 14.22, 11.94, 4.23, 17.97, 4.44, 15.26, 12.56, 11.79, 12.2, 11.04, 5.93, 4.63, 15.13, 10.01, 12.66, 6.16, 0.0, 8.31, 18.39, 4.48, 19.13, 12.22, 12.33, 8.01, 71.98], [0, 6.72, 9.87, 15.13, 13.09, 6.31, 16.62, 10.98, 10.88, 6.51, 14.51, 12.05, 6.32, 18.88, 8.93, 10.94, 16.0, 6.05, 6.08, 6.07, 10.72, 7.03, 7.03, 4.25, 10.45, 5.58, 7.16, 14.22, 12.64, 7.4, 10.27, 10.07, 10.12, 8.31, 0.0, 10.63, 12.53, 24.53, 9.17, 4.84, 10.95, 73.94], [0, 9.15, 8.62, 18.17, 14.09, 16.24, 6.28, 12.23, 10.63, 11.23, 18.39, 12.85, 4.4, 23.39, 12.9, 12.99, 18.4, 7.6, 7.22, 14.82, 9.42, 15.38, 4.33, 14.39, 12.84, 11.7, 9.54, 24.01, 13.86, 11.73, 9.79, 11.19, 17.46, 18.39, 10.63, 0.0, 13.97, 29.93, 10.48, 10.11, 17.16, 72.62], [0, 7.44, 6.69, 13.28, 12.38, 12.67, 20.15, 10.6, 10.81, 6.03, 12.38, 11.61, 9.9, 16.18, 12.54, 10.2, 18.86, 9.96, 7.9, 8.71, 13.67, 8.92, 10.79, 11.8, 9.69, 8.66, 7.66, 10.34, 9.1, 10.7, 5.76, 9.99, 6.93, 4.48, 12.53, 13.97, 0.0, 21.33, 9.3, 8.4, 8.21, 72.32], [0, 21.04, 26.93, 12.02, 16.4, 19.73, 35.59, 17.84, 22.96, 19.36, 11.57, 17.46, 27.92, 6.62, 29.95, 16.99, 40.19, 30.12, 23.12, 18.64, 28.35, 17.62, 29.25, 21.28, 17.1, 29.92, 20.56, 16.28, 21.57, 27.62, 26.44, 18.8, 14.46, 19.13, 24.53, 29.93, 21.33, 0.0, 19.46, 29.37, 13.65, 54.57], [0, 11.0, 10.08, 7.78, 4.26, 10.41, 16.25, 10.57, 7.58, 10.91, 7.91, 11.52, 9.14, 12.91, 10.71, 11.0, 24.28, 12.44, 4.26, 8.0, 8.92, 7.86, 10.48, 9.67, 10.68, 14.28, 10.46, 16.42, 9.39, 8.44, 10.34, 9.46, 8.37, 12.22, 9.17, 10.48, 9.3, 19.46, 0.0, 13.0, 7.39, 65.15], [0, 10.47, 10.3, 19.71, 17.19, 10.61, 15.0, 15.0, 6.47, 10.93, 19.2, 16.03, 6.08, 23.69, 7.86, 15.15, 11.37, 10.9, 9.04, 10.85, 11.08, 11.83, 5.78, 8.61, 14.71, 10.43, 11.0, 18.19, 8.17, 7.63, 11.47, 13.96, 14.95, 12.33, 4.84, 10.11, 8.4, 29.37, 13.0, 0.0, 15.79, 78.14], [0, 8.01, 13.28, 5.7, 7.18, 7.39, 23.27, 6.85, 9.34, 5.99, 4.5, 7.29, 14.51, 8.0, 16.76, 5.89, 26.85, 16.47, 9.99, 5.47, 15.92, 4.49, 15.8, 8.29, 5.61, 16.46, 7.65, 9.99, 8.44, 14.44, 12.83, 7.22, 9.66, 8.01, 10.95, 17.16, 8.21, 13.65, 7.39, 15.79, 0.0, 64.33], [0, 0, 0, 0, 0, 0, 0, 0, 0, 0, 0, 0, 0, 0, 0, 0, 0, 0, 0, 0, 0, 0, 0, 0, 0, 0, 0, 0, 0, 0, 0, 0, 0, 0, 0, 0, 0, 0, 0, 0, 0, 0]], "end_depot": 41, "horizon": [0.0, 2000.0], "instance_name": "40_98_B_25_A6", "speed_zone_count": 73, "speed_zones": [[0.0, 15.0], [15.0, 30.0], [30.0, 45.0], [45.0, 60.0], [60.0, 75.0], [75.0, 90.0], [90.0, 105.0], [105.0, 120.0], [120.0, 135.0], [135.0, 150.0], [150.0, 165.0], [165.0, 180.0], [180.0, 195.0], [195.0, 210.0], [210.0, 225.0], [225.0, 240.0], [240.0, 255.0], [255.0, 270.0], [270.0, 285.0], [285.0, 300.0], [300.0, 315.0], [315.0, 330.0], [330.0, 345.0], [345.0, 360.0], [360.0, 375.0], [375.0, 390.0], [390.0, 405.0], [405.0, 420.0], [420.0, 435.0], [435.0, 450.0], [450.0, 465.0], [465.0, 480.0], [480.0, 495.0], [495.0, 510.0], [510.0, 525.0], [525.0, 540.0], [540.0, 555.0], [555.0, 570.0], [570.0, 585.0], [585.0, 600.0], [600.0, 615.0], [615.0, 630.0], [630.0, 645.0], [645.0, 660.0], [660.0, 675.0], [675.0, 690.0], [690.0, 705.0], [705.0, 720.0], [720.0, 735.0], [735.0, 750.0], [750.0, 765.0], [765.0, 780.0], [780.0, 795.0], [795.0, 810.0], [810.0, 825.0], [825.0, 840.0], [840.0, 855.0], [855.0, 870.0], [870.0, 885.0], [885.0, 900.0], [900.0, 915.0], [915.0, 930.0], [930.0, 945.0], [945.0, 960.0], [960.0, 975.0], [975.0, 990.0], [990.0, 1005.0], [1005.0, 1020.0], [1020.0, 1035.0], [1035.0, 1050.0], [1050.0, 1065.0], [1065.0, 1080.0], [1080.0, 2000.0]], "start_depot": 0, "time_windows": [[0.0, 1700.0], [9.0, 115.0], [12.0, 125.0], [17.0, 146.0], [18.0, 151.0], [23.0, 171.0], [35.0, 220.0], [50.0, 279.0], [57.0, 306.0], [60.0, 319.0], [66.0, 341.0], [68.0, 352.0], [74.0, 375.0], [83.0, 412.0], [93.0, 449.0], [99.0, 475.0], [119.0, 553.0], [127.0, 588.0], [132.0, 606.0], [136.0, 624.0], [143.0, 650.0], [149.0, 673.0], [154.0, 693.0], [157.0, 708.0], [161.0, 722.0], [167.0, 745.0], [170.0, 760.0], [177.0, 785.0], [181.0, 802.0], [185.0, 818.0], [188.0, 832.0], [195.0, 858.0], [199.0, 875.0], [202.0, 887.0], [206.0, 903.0], [211.0, 923.0], [217.0, 947.0], [226.0, 982.0], [232.0, 1008.0], [237.0, 1025.0], [242.0, 1045.0], [0.0, 1700.0]], "vehicle_count": 1}