{"cluster_count": 3, "cluster_speeds": [[0.925, 0.85, 0.925, 1.0, 0.8325, 0.765, 0.8325, 0.9, 0.4625, 0.425, 0.4625, 0.5, 0.30525, 0.2805, 0.30525, 0.33, 0.37, 0.34, 0.37, 0.4, 0.555, 0.51, 0.555, 0.6, 0.6475, 0.595, 0.6475, 0.7, 0.37, 0.34, 0.37, 0.4, 0.30525, 0.2805, 0.30525, 0.33, 0.4625, 0.425, 0.4625, 0.5, 0.6475, 0.595, 0.6475, 0.7, 0.74, 0.68, 0.74, 0.8, 0.6475, 0.595, 0.6475, 0.7, 0.4625, 0.425, 0.4625, 0.5, 0.555, 0.51, 0.555, 0.6, 0.6475, 0.595, 0.6475, 0.7, 0.8325, 0.765, 0.8325, 0.9, 0.925, 0.85, 0.925, 1.0, 1.0], [0.8325, 0.765, 0.8325, 0.9, 0.74925, 0.6885, 0.74925, 0.81, 0.41625, 0.3825, 0.41625, 0.45, 0.274725, 0.25245, 0.274725, 0.297, 0.333, 0.306, 0.333, 0.36, 0.4995, 0.459, 0.4995, 0.54, 0.6475, 0.595, 0.6475, 0.7, 0.37, 0.34, 0.37, 0.4, 0.30525, 0.2805, 0.30525, 0.33, 0.4625, 0.425, 0.4625, 0.5, 0.6475, 0.595, 0.6475, 0.7, 0.74, 0.68, 0.74, 0.8, 0.58275, 0.5355, 0.58275, 0.63, 0.41625, 0.3825, 0.41625, 0.45, 0.4995, 0.459, 0.4995, 0.54, 0.58275, 0.5355, 0.58275, 0.63, 0.74925, 0.6885, 0.74925, 0.81, 0.8325, 0.765, 0.8325, 0.9, 0.9], [0.87875, 0.8075, 0.87875, 0.95, 0.790875, 0.72675, 0.790875, 0.855, 0.439375, 0.40375, 0.439375, 0.475, 0.289988, 0.266475, 0.289988, 0.3135, 0.3515, 0.323, 0.3515, 0.38, 0.52725, 0.4845, 0.52725, 0.57, 0.6475, 0.595, 0.6475, 0.7, 0.37, 0.34, 0.37, 0.4, 0.30525, 0.2805, 0.30525, 0.33, 0.4625, 0.425, 0.4625, 0.5, 0.6475, 0.595, 0.6475, 0.7, 0.74, 0.68, 0.74, 0.8, 0.615125, 0.56525, 0.615125, 0.665, 0.439375, 0.40375, 0.439375, 0.475, 0.52725, 0.4845, 0.52725, 0.57, 0.615125, 0.56525, 0.615125, 0.665, 0.790875, 0.72675, 0.790875, 0.855, 0.87875, 0.8075, 0.87875, 0.95, 0.95]], "clusters": [[-1, 2, 2, 2, 2, 2, 2, 2, 2, 2, 2, 2, 2, 2, 2, 2, 2, 2, 2, 2, 2, 2, 2, 2, 2, 2, 2, 2, 2, 2, 2, 2, 2, 2, 2, 2, 2, 2, 2, 2, 2, -1], [0, -1, 0, 0, 0, 0, 0, 0, 0, 0, 0, 0, 0, 0, 0, 0, 0, 0, 0, 0, 0, 0, 0, 0, 0, 0, 0, 0, 0, 0, 0, 0, 0, 0, 0, 0, 0, 0, 0, 0, 0, 0], [1, 1, -1, 1, 1, 1, 1, 1, 1, 1, 1, 1, 1, 1, 1, 1, 1, 1, 1, 1, 1, 1, 1, 1, 1, 1, 1, 1, 1, 1, 1, 1, 1, 1, 1, 1, 1, 1, 1, 1, 1, 1], [0, 0, 0, -1, 0, 0, 0, 0, 0, 0, 0, 0, 0, 0, 0, 0, 0, 0, 0, 0, 0, 0, 0, 0, 0, 0, 0, 0, 0, 0, 0, 0, 0, 0, 0, 0, 0, 0, 0, 0, 0, 0], [0, 0, 0, 0, -1, 0, 0, 0, 0, 0, 0, 0, 0, 0, 0, 0, 0, 0, 0, 0, 0, 0, 0, 0, 0, 0, 0, 0, 0, 0, 0, 0, 0, 0, 0, 0, 0, 0, 0, 0, 0, 0], [1, 1, 1, 1, 1, -1, 1, 1, 1, 1, 1, 1, 1, 1, 1, 1, 1, 1, 1, 1, 1, 1, 1, 1, 1, 1, 1, 1, 1, 1, 1, 1, 1, 1, 1, 1, 1, 1, 1, 1, 1, 1], [1, 1, 1, 1, 1, 1, -1, 1, 1, 1, 1, 1, 1, 1, 1, 1, 1, 1, 1, 1, 1, 1, 1, 1, 1, 1, 1, 1, 1, 1, 1, 1, 1, 1, 1, 1, 1, 1, 1, 1, 1, 1], [0, 0, 0, 0, 0, 0, 0, -1, 0, 0, 0, 0, 0, 0, 0, 0, 0, 0, 0, 0, 0, 0, 0, 0, 0, 0, 0, 0, 0, 0, 0, 0, 0, 0, 0, 0, 0, 0, 0, 0, 0, 0], [2, 2, 2, 2, 2, 2, 2, 2, -1, 2, 2, 2, 2, 2, 2, 2, 2, 2, 2, 2, 2, 2, 2, 2, 2, 2, 2, 2, 2, 2, 2, 2, 2, 2, 2, 2, 2, 2, 2, 2, 2, 2], [1, 1, 1, 1, 1, 1, 1, 1, 1, -1, 1, 1, 1, 1, 1, 1, 1, 1, 1, 1, 1, 1, 1, 1, 1, 1, 1, 1, 1, 1, 1, 1, 1, 1, 1, 1, 1, 1, 1, 1, 1, 1], [0, 0, 0, 0, 0, 0, 0, 0, 0, 0, -1, 0, 0, 0, 0, 0, 0, 0, 0, 0, 0, 0, 0, 0, 0, 0, 0, 0, 0, 0, 0, 0, 0, 0, 0, 0, 0, 0, 0, 0, 0, 0], [0, 0, 0, 0, 0, 0, 0, 0, 0, 0, 0, -1, 0, 0, 0, 0, 0, 0, 0, 0, 0, 0, 0, 0, 0, 0, 0, 0, 0, 0, 0, 0, 0, 0, 0, 0, 0, 0, 0, 0, 0, 0], [0, 0, 0, 0, 0, 0, 0, 0, 0, 0, 0, 0, -1, 0, 0, 0, 0, 0, 0, 0, 0, 0, 0, 0, 0, 0, 0, 0, 0, 0, 0, 0, 0, 0, 0, 0, 0, 0, 0, 0, 0, 0], [1, 1, 1, 1, 1, 1, 1, 1, 1, 1, 1, 1, 1, -1, 1, 1, 1, 1, 1, 1, 1, 1, 1, 1, 1, 1, 1, 1, 1, 1, 1, 1, 1, 1, 1, 1, 1, 1, 1, 1, 1, 1], [0, 0, 0, 0, 0, 0, 0, 0, 0, 0, 0, 0, 0, 0, -1, 0, 0, 0, 0, 0, 0, 0, 0, 0, 0, 0, 0, 0, 0, 0, 0, 0, 0, 0, 0, 0, 0, 0, 0, 0, 0, 0], [1, 1, 1, 1, 1, 1, 1, 1, 1, 1, 1, 1, 1, 1, 1, -1, 1, 1, 1, 1, 1, 1, 1, 1, 1, 1, 1, 1, 1, 1, 1, 1, 1, 1, 1, 1, 1, 1, 1, 1, 1, 1], [1, 1, 1, 1, 1, 1, 1, 1, 1, 1, 1, 1, 1, 1, 1, 1, -1, 1, 1, 1, 1, 1, 1, 1, 1, 1, 1, 1, 1, 1, 1, 1, 1, 1, 1, 1, 1, 1, 1, 1, 1, 1], [2, 2, 2, 2, 2, 2, 2, 2, 2, 2, 2, 2, 2, 2, 2, 2, 2, -1, 2, 2, 2, 2, 2, 2, 2, 2, 2, 2, 2, 2, 2, 2, 2, 2, 2, 2, 2, 2, 2, 2, 2, 2], [0, 0, 0, 0, 0, 0, 0, 0, 0, 0, 0, 0, 0, 0, 0, 0, 0, 0, -1, 0, 0, 0, 0, 0, 0, 0, 0, 0, 0, 0, 0, 0, 0, 0, 0, 0, 0, 0, 0, 0, 0, 0], [1, 1, 1, 1, 1, 1, 1, 1, 1, 1, 1, 1, 1, 1, 1, 1, 1, 1, 1, -1, 1, 1, 1, 1, 1, 1, 1, 1, 1, 1, 1, 1, 1, 1, 1, 1, 1, 1, 1, 1, 1, 1], [0, 0, 0, 0, 0, 0, 0, 0, 0, 0, 0, 0, 0, 0, 0, 0, 0, 0, 0, 0, -1, 0, 0, 0, 0, 0, 0, 0, 0, 0, 0, 0, 0, 0, 0, 0, 0, 0, 0, 0, 0, 0], [1, 1, 1, 1, 1, 1, 1, 1, 1, 1, 1, 1, 1, 1, 1, 1, 1, 1, 1, 1, 1, -1, 1, 1, 1, 1, 1, 1, 1, 1, 1, 1, 1, 1, 1, 1, 1, 1, 1, 1, 1, 1], [0, 0, 0, 0, 0, 0, 0, 0, 0, 0, 0, 0, 0, 0, 0, 0, 0, 0, 0, 0, 0, 0, -1, 0, 0, 0, 0, 0, 0, 0, 0, 0, 0, 0, 0, 0, 0, 0, 0, 0, 0, 0], [1, 1, 1, 1, 1, 1, 1, 1, 1, 1, 1, 1, 1, 1, 1, 1, 1, 1, 1, 1, 1, 1, 1, -1, 1, 1, 1, 1, 1, 1, 1, 1, 1, 1, 1, 1, 1, 1, 1, 1, 1, 1], [2, 2, 2, 2, 2, 2, 2, 2, 2, 2, 2, 2, 2, 2, 2, 2, 2, 2, 2, 2, 2, 2, 2, 2, -1, 2, 2, 2, 2, 2, 2, 2, 2, 2, 2, 2, 2, 2, 2, 2, 2, 2], [0, 0, 0, 0, 0, 0, 0, 0, 0, 0, 0, 0, 0, 0, 0, 0, 0, 0, 0, 0, 0, 0, 0, 0, 0, -1, 0, 0, 0, 0, 0, 0, 0, 0, 0, 0, 0, 0, 0, 0, 0, 0], [1, 1, 1, 1, 1, 1, 1, 1, 1, 1, 1, 1, 1, 1, 1, 1, 1, 1, 1, 1, 1, 1, 1, 1, 1, 1, -1, 1, 1, 1, 1, 1, 1, 1, 1, 1, 1, 1, 1, 1, 1, 1], [1, 1, 1, 1, 1, 1, 1, 1, 1, 1, 1, 1, 1, 1, 1, 1, 1, 1, 1, 1, 1, 1, 1, 1, 1, 1, 1, -1, 1, 1, 1, 1, 1, 1, 1, 1, 1, 1, 1, 1, 1, 1], [1, 1, 1, 1, 1, 1, 1, 1, 1, 1, 1, 1, 1, 1, 1, 1, 1, 1, 1, 1, 1, 1, 1, 1, 1, 1, 1, 1, -1, 1, 1, 1, 1, 1, 1, 1, 1, 1, 1, 1, 1, 1], [1, 1, 1, 1, 1, 1, 1, 1, 1, 1, 1, 1, 1, 1, 1, 1, 1, 1, 1, 1, 1, 1, 1, 1, 1, 1, 1, 1, 1, -1, 1, 1, 1, 1, 1, 1, 1, 1, 1, 1, 1, 1], [0, 0, 0, 0, 0, 0, 0, 0, 0, 0, 0, 0, 0, 0, 0, 0, 0, 0, 0, 0, 0, 0, 0, 0, 0, 0, 0, 0, 0, 0, -1, 0, 0, 0, 0, 0, 0, 0, 0, 0, 0, 0], [1, 1, 1, 1, 1, 1, 1, 1, 1, 1, 1, 1, 1, 1, 1, 1, 1, 1, 1, 1, 1, 1, 1, 1, 1, 1, 1, 1, 1, 1, 1, -1, 1, 1, 1, 1, 1, 1, 1, 1, 1, 1], [0, 0, 0, 0, 0, 0, 0, 0, 0, 0, 0, 0, 0, 0, 0, 0, 0, 0, 0, 0, 0, 0, 0, 0, 0, 0, 0, 0, 0, 0, 0, 0, -1, 0, 0, 0, 0, 0, 0, 0, 0, 0], [1, 1, 1, 1, 1, 1, 1, 1, 1, 1, 1, 1, 1, 1, 1, 1, 1, 1, 1, 1, 1, 1, 1, 1, 1, 1, 1, 1, 1, 1, 1, 1, 1, -1, 1, 1, 1, 1, 1, 1, 1, 1], [0, 0, 0, 0, 0, 0, 0, 0, 0, 0, 0, 0, 0, 0, 0, 0, 0, 0, 0, 0, 0, 0, 0, 0, 0, 0, 0, 0, 0, 0, 0, 0, 0, 0, -1, 0, 0, 0, 0, 0, 0, 0], [2, 2, 2, 2, 2, 2, 2, 2, 2, 2, 2, 2, 2, 2, 2, 2, 2, 2, 2, 2, 2, 2, 2, 2, 2, 2, 2, 2, 2, 2, 2, 2, 2, 2, 2, -1, 2, 2, 2, 2, 2, 2], [1, 1, 1, 1, 1, 1, 1, 1, 1, 1, 1, 1, 1, 1, 1, 1, 1, 1, 1, 1, 1, 1, 1, 1, 1, 1, 1, 1, 1, 1, 1, 1, 1, 1, 1, 1, -1, 1, 1, 1, 1, 1], [1, 1, 1, 1, 1, 1, 1, 1, 1, 1, 1, 1, 1, 1, 1, 1, 1, 1, 1, 1, 1, 1, 1, 1, 1, 1, 1, 1, 1, 1, 1, 1, 1, 1, 1, 1, 1, -1, 1, 1, 1, 1], [0, 0, 0, 0, 0, 0, 0, 0, 0, 0, 0, 0, 0, 0, 0, 0, 0, 0, 0, 0, 0, 0, 0, 0, 0, 0, 0, 0, 0, 0, 0, 0, 0, 0, 0, 0, 0, 0, -1, 0, 0, 0], [2, 2, 2, 2, 2, 2, 2, 2, 2, 2, 2, 2, 2, 2, 2, 2, 2, 2, 2, 2, 2, 2, 2, 2, 2, 2, 2, 2, 2, 2, 2, 2, 2, 2, 2, 2, 2, 2, 2, -1, 2, 2], [0, 0, 0, 0, 0, 0, 0, 0, 0, 0, 0, 0, 0, 0, 0, 0, 0, 0, 0, 0, 0, 0, 0, 0, 0, 0, 0, 0, 0, 0, 0, 0, 0, 0, 0, 0, 0, 0, 0, 0, -1, 0], [-1, 2, 2, 2, 2, 2, 2, 2, 2, 2, 2, 2, 2, 2, 2, 2, 2, 2, 2, 2, 2, 2, 2, 2, 2, 2, 2, 2, 2, 2, 2, 2, 2, 2, 2, 2, 2, 2, 2, 2, 2, -1]], "dataset_name": "guerriero_et_al_2014b", "digraph": {"arc_count": 1640, "arcs": [[0, 1, 1, 1, 1, 1, 1, 1, 1, 1, 1, 1, 1, 1, 1, 1, 1, 1, 1, 1, 1, 1, 1, 1, 1, 1, 1, 1, 1, 1, 1, 1, 1, 1, 1, 1, 1, 1, 1, 1, 1, 0], [0, 0, 1, 1, 1, 1, 1, 1, 1, 1, 1, 1, 1, 1, 1, 1, 1, 1, 1, 1, 1, 1, 1, 1, 1, 1, 1, 1, 1, 1, 1, 1, 1, 1, 1, 1, 1, 1, 1, 1, 1, 1], [0, 1, 0, 1, 1, 1, 1, 1, 1, 1, 1, 1, 1, 1, 1, 1, 1, 1, 1, 1, 1, 1, 1, 1, 1, 1, 1, 1, 1, 1, 1, 1, 1, 1, 1, 1, 1, 1, 1, 1, 1, 1], [0, 1, 1, 0, 1, 1, 1, 1, 1, 1, 1, 1, 1, 1, 1, 1, 1, 1, 1, 1, 1, 1, 1, 1, 1, 1, 1, 1, 1, 1, 1, 1, 1, 1, 1, 1, 1, 1, 1, 1, 1, 1], [0, 1, 1, 1, 0, 1, 1, 1, 1, 1, 1, 1, 1, 1, 1, 1, 1, 1, 1, 1, 1, 1, 1, 1, 1, 1, 1, 1, 1, 1, 1, 1, 1, 1, 1, 1, 1, 1, 1, 1, 1, 1], [0, 1, 1, 1, 1, 0, 1, 1, 1, 1, 1, 1, 1, 1, 1, 1, 1, 1, 1, 1, 1, 1, 1, 1, 1, 1, 1, 1, 1, 1, 1, 1, 1, 1, 1, 1, 1, 1, 1, 1, 1, 1], [0, 1, 1, 1, 1, 1, 0, 1, 1, 1, 1, 1, 1, 1, 1, 1, 1, 1, 1, 1, 1, 1, 1, 1, 1, 1, 1, 1, 1, 1, 1, 1, 1, 1, 1, 1, 1, 1, 1, 1, 1, 1], [0, 1, 1, 1, 1, 1, 1, 0, 1, 1, 1, 1, 1, 1, 1, 1, 1, 1, 1, 1, 1, 1, 1, 1, 1, 1, 1, 1, 1, 1, 1, 1, 1, 1, 1, 1, 1, 1, 1, 1, 1, 1], [0, 1, 1, 1, 1, 1, 1, 1, 0, 1, 1, 1, 1, 1, 1, 1, 1, 1, 1, 1, 1, 1, 1, 1, 1, 1, 1, 1, 1, 1, 1, 1, 1, 1, 1, 1, 1, 1, 1, 1, 1, 1], [0, 1, 1, 1, 1, 1, 1, 1, 1, 0, 1, 1, 1, 1, 1, 1, 1, 1, 1, 1, 1, 1, 1, 1, 1, 1, 1, 1, 1, 1, 1, 1, 1, 1, 1, 1, 1, 1, 1, 1, 1, 1], [0, 1, 1, 1, 1, 1, 1, 1, 1, 1, 0, 1, 1, 1, 1, 1, 1, 1, 1, 1, 1, 1, 1, 1, 1, 1, 1, 1, 1, 1, 1, 1, 1, 1, 1, 1, 1, 1, 1, 1, 1, 1], [0, 1, 1, 1, 1, 1, 1, 1, 1, 1, 1, 0, 1, 1, 1, 1, 1, 1, 1, 1, 1, 1, 1, 1, 1, 1, 1, 1, 1, 1, 1, 1, 1, 1, 1, 1, 1, 1, 1, 1, 1, 1], [0, 1, 1, 1, 1, 1, 1, 1, 1, 1, 1, 1, 0, 1, 1, 1, 1, 1, 1, 1, 1, 1, 1, 1, 1, 1, 1, 1, 1, 1, 1, 1, 1, 1, 1, 1, 1, 1, 1, 1, 1, 1], [0, 1, 1, 1, 1, 1, 1, 1, 1, 1, 1, 1, 1, 0, 1, 1, 1, 1, 1, 1, 1, 1, 1, 1, 1, 1, 1, 1, 1, 1, 1, 1, 1, 1, 1, 1, 1, 1, 1, 1, 1, 1], [0, 1, 1, 1, 1, 1, 1, 1, 1, 1, 1, 1, 1, 1, 0, 1, 1, 1, 1, 1, 1, 1, 1, 1, 1, 1, 1, 1, 1, 1, 1, 1, 1, 1, 1, 1, 1, 1, 1, 1, 1, 1], [0, 1, 1, 1, 1, 1, 1, 1, 1, 1, 1, 1, 1, 1, 1, 0, 1, 1, 1, 1, 1, 1, 1, 1, 1, 1, 1, 1, 1, 1, 1, 1, 1, 1, 1, 1, 1, 1, 1, 1, 1, 1], [0, 1, 1, 1, 1, 1, 1, 1, 1, 1, 1, 1, 1, 1, 1, 1, 0, 1, 1, 1, 1, 1, 1, 1, 1, 1, 1, 1, 1, 1, 1, 1, 1, 1, 1, 1, 1, 1, 1, 1, 1, 1], [0, 1, 1, 1, 1, 1, 1, 1, 1, 1, 1, 1, 1, 1, 1, 1, 1, 0, 1, 1, 1, 1, 1, 1, 1, 1, 1, 1, 1, 1, 1, 1, 1, 1, 1, 1, 1, 1, 1, 1, 1, 1], [0, 1, 1, 1, 1, 1, 1, 1, 1, 1, 1, 1, 1, 1, 1, 1, 1, 1, 0, 1, 1, 1, 1, 1, 1, 1, 1, 1, 1, 1, 1, 1, 1, 1, 1, 1, 1, 1, 1, 1, 1, 1], [0, 1, 1, 1, 1, 1, 1, 1, 1, 1, 1, 1, 1, 1, 1, 1, 1, 1, 1, 0, 1, 1, 1, 1, 1, 1, 1, 1, 1, 1, 1, 1, 1, 1, 1, 1, 1, 1, 1, 1, 1, 1], [0, 1, 1, 1, 1, 1, 1, 1, 1, 1, 1, 1, 1, 1, 1, 1, 1, 1, 1, 1, 0, 1, 1, 1, 1, 1, 1, 1, 1, 1, 1, 1, 1, 1, 1, 1, 1, 1, 1, 1, 1, 1], [0, 1, 1, 1, 1, 1, 1, 1, 1, 1, 1, 1, 1, 1, 1, 1, 1, 1, 1, 1, 1, 0, 1, 1, 1, 1, 1, 1, 1, 1, 1, 1, 1, 1, 1, 1, 1, 1, 1, 1, 1, 1], [0, 1, 1, 1, 1, 1, 1, 1, 1, 1, 1, 1, 1, 1, 1, 1, 1, 1, 1, 1, 1, 1, 0, 1, 1, 1, 1, 1, 1, 1, 1, 1, 1, 1, 1, 1, 1, 1, 1, 1, 1, 1], [0, 1, 1, 1, 1, 1, 1, 1, 1, 1, 1, 1, 1, 1, 1, 1, 1, 1, 1, 1, 1, 1, 1, 0, 1, 1, 1, 1, 1, 1, 1, 1, 1, 1, 1, 1, 1, 1, 1, 1, 1, 1], [0, 1, 1, 1, 1, 1, 1, 1, 1, 1, 1, 1, 1, 1, 1, 1, 1, 1, 1, 1, 1, 1, 1, 1, 0, 1, 1, 1, 1, 1, 1, 1, 1, 1, 1, 1, 1, 1, 1, 1, 1, 1], [0, 1, 1, 1, 1, 1, 1, 1, 1, 1, 1, 1, 1, 1, 1, 1, 1, 1, 1, 1, 1, 1, 1, 1, 1, 0, 1, 1, 1, 1, 1, 1, 1, 1, 1, 1, 1, 1, 1, 1, 1, 1], [0, 1, 1, 1, 1, 1, 1, 1, 1, 1, 1, 1, 1, 1, 1, 1, 1, 1, 1, 1, 1, 1, 1, 1, 1, 1, 0, 1, 1, 1, 1, 1, 1, 1, 1, 1, 1, 1, 1, 1, 1, 1], [0, 1, 1, 1, 1, 1, 1, 1, 1, 1, 1, 1, 1, 1, 1, 1, 1, 1, 1, 1, 1, 1, 1, 1, 1, 1, 1, 0, 1, 1, 1, 1, 1, 1, 1, 1, 1, 1, 1, 1, 1, 1], [0, 1, 1, 1, 1, 1, 1, 1, 1, 1, 1, 1, 1, 1, 1, 1, 1, 1, 1, 1, 1, 1, 1, 1, 1, 1, 1, 1, 0, 1, 1, 1, 1, 1, 1, 1, 1, 1, 1, 1, 1, 1], [0, 1, 1, 1, 1, 1, 1, 1, 1, 1, 1, 1, 1, 1, 1, 1, 1, 1, 1, 1, 1, 1, 1, 1, 1, 1, 1, 1, 1, 0, 1, 1, 1, 1, 1, 1, 1, 1, 1, 1, 1, 1], [0, 1, 1, 1, 1, 1, 1, 1, 1, 1, 1, 1, 1, 1, 1, 1, 1, 1, 1, 1, 1, 1, 1, 1, 1, 1, 1, 1, 1, 1, 0, 1, 1, 1, 1, 1, 1, 1, 1, 1, 1, 1], [0, 1, 1, 1, 1, 1, 1, 1, 1, 1, 1, 1, 1, 1, 1, 1, 1, 1, 1, 1, 1, 1, 1, 1, 1, 1, 1, 1, 1, 1, 1, 0, 1, 1, 1, 1, 1, 1, 1, 1, 1, 1], [0, 1, 1, 1, 1, 1, 1, 1, 1, 1, 1, 1, 1, 1, 1, 1, 1, 1, 1, 1, 1, 1, 1, 1, 1, 1, 1, 1, 1, 1, 1, 1, 0, 1, 1, 1, 1, 1, 1, 1, 1, 1], [0, 1, 1, 1, 1, 1, 1, 1, 1, 1, 1, 1, 1, 1, 1, 1, 1, 1, 1, 1, 1, 1, 1, 1, 1, 1, 1, 1, 1, 1, 1, 1, 1, 0, 1, 1, 1, 1, 1, 1, 1, 1], [0, 1, 1, 1, 1, 1, 1, 1, 1, 1, 1, 1, 1, 1, 1, 1, 1, 1, 1, 1, 1, 1, 1, 1, 1, 1, 1, 1, 1, 1, 1, 1, 1, 1, 0, 1, 1, 1, 1, 1, 1, 1], [0, 1, 1, 1, 1, 1, 1, 1, 1, 1, 1, 1, 1, 1, 1, 1, 1, 1, 1, 1, 1, 1, 1, 1, 1, 1, 1, 1, 1, 1, 1, 1, 1, 1, 1, 0, 1, 1, 1, 1, 1, 1], [0, 1, 1, 1, 1, 1, 1, 1, 1, 1, 1, 1, 1, 1, 1, 1, 1, 1, 1, 1, 1, 1, 1, 1, 1, 1, 1, 1, 1, 1, 1, 1, 1, 1, 1, 1, 0, 1, 1, 1, 1, 1], [0, 1, 1, 1, 1, 1, 1, 1, 1, 1, 1, 1, 1, 1, 1, 1, 1, 1, 1, 1, 1, 1, 1, 1, 1, 1, 1, 1, 1, 1, 1, 1, 1, 1, 1, 1, 1, 0, 1, 1, 1, 1], [0, 1, 1, 1, 1, 1, 1, 1, 1, 1, 1, 1, 1, 1, 1, 1, 1, 1, 1, 1, 1, 1, 1, 1, 1, 1, 1, 1, 1, 1, 1, 1, 1, 1, 1, 1, 1, 1, 0, 1, 1, 1], [0, 1, 1, 1, 1, 1, 1, 1, 1, 1, 1, 1, 1, 1, 1, 1, 1, 1, 1, 1, 1, 1, 1, 1, 1, 1, 1, 1, 1, 1, 1, 1, 1, 1, 1, 1, 1, 1, 1, 0, 1, 1], [0, 1, 1, 1, 1, 1, 1, 1, 1, 1, 1, 1, 1, 1, 1, 1, 1, 1, 1, 1, 1, 1, 1, 1, 1, 1, 1, 1, 1, 1, 1, 1, 1, 1, 1, 1, 1, 1, 1, 1, 0, 1], [0, 0, 0, 0, 0, 0, 0, 0, 0, 0, 0, 0, 0, 0, 0, 0, 0, 0, 0, 0, 0, 0, 0, 0, 0, 0, 0, 0, 0, 0, 0, 0, 0, 0, 0, 0, 0, 0, 0, 0, 0, 0]], "vertex_count": 42}, "distances": [[0, 71.01, 70.52, 83.98, 73.66, 93.1, 87.62, 70.47, 95.08, 72.97, 69.82, 74.37, 74.19, 55.79, 71.4, 50.56, 83.09, 101.65, 81.37, 49.85, 83.62, 49.67, 67.81, 66.18, 49.8, 69.71, 85.68, 89.94, 48.44, 93.84, 57.3, 72.32, 74.9, 79.99, 73.77, 48.23, 58.59, 49.9, 68.1, 80.26, 74.51, 0], [0, 0.0, 19.4, 15.83, 12.17, 25.55, 19.73, 11.96, 39.79, 15.78, 14.95, 7.77, 14.99, 16.01, 7.54, 20.72, 23.03, 34.11, 10.37, 21.16, 12.68, 22.44, 10.69, 16.16, 26.32, 9.99, 25.07, 19.04, 22.93, 23.7, 14.66, 20.81, 8.23, 23.37, 12.66, 27.3, 22.9, 21.41, 13.95, 28.77, 10.9, 71.01], [0, 19.4, 0.0, 18.1, 22.67, 24.49, 20.32, 16.19, 26.25, 35.09, 4.47, 27.02, 19.41, 26.56, 12.02, 23.85, 12.65, 32.22, 23.3, 25.99, 23.71, 31.09, 9.24, 34.11, 37.71, 28.96, 15.2, 27.81, 25.11, 28.3, 18.05, 10.6, 27.4, 9.51, 22.21, 37.94, 38.32, 28.6, 5.95, 11.77, 30.28, 70.52], [0, 15.83, 18.1, 0.0, 15.98, 9.8, 15.66, 14.62, 26.53, 28.37, 15.9, 19.42, 12.92, 31.23, 12.62, 33.66, 11.58, 18.49, 9.9, 34.85, 8.44, 37.49, 16.32, 31.05, 42.03, 24.34, 12.3, 10.05, 35.66, 10.48, 26.8, 17.83, 19.42, 14.45, 15.5, 42.92, 38.57, 35.97, 16.97, 20.42, 22.56, 83.98], [0, 12.17, 22.67, 15.98, 0.0, 25.29, 19.67, 6.75, 41.34, 13.21, 18.27, 4.4, 11.2, 18.07, 10.64, 23.81, 24.76, 33.55, 8.3, 23.98, 10.84, 24.47, 14.3, 15.08, 27.48, 8.38, 26.55, 17.05, 26.03, 22.34, 18.1, 23.91, 4.74, 25.63, 9.29, 28.61, 22.83, 23.81, 17.47, 31.29, 7.77, 73.66], [0, 25.55, 24.49, 9.8, 25.29, 0.0, 5.86, 24.42, 21.7, 36.79, 23.69, 28.21, 22.52, 41.02, 22.12, 43.11, 13.21, 8.74, 17.92, 44.43, 15.64, 47.27, 25.3, 40.24, 51.81, 33.5, 11.85, 12.61, 45.05, 7.53, 36.24, 23.47, 28.11, 17.21, 24.85, 52.71, 48.09, 45.69, 25.2, 21.86, 31.07, 93.1], [0, 19.73, 20.32, 15.66, 19.67, 5.86, 0.0, 18.56, 24.21, 31.67, 18.79, 22.87, 16.75, 35.16, 16.39, 37.43, 11.26, 14.57, 12.85, 38.68, 10.87, 41.42, 19.83, 34.72, 45.96, 27.98, 11.1, 10.09, 39.4, 8.12, 30.56, 19.69, 22.82, 14.83, 19.21, 46.86, 42.39, 39.87, 20.09, 20.43, 25.89, 87.62], [0, 11.96, 16.19, 14.62, 6.75, 24.42, 18.56, 0.0, 37.25, 18.95, 11.74, 10.93, 4.46, 16.61, 4.42, 19.93, 20.48, 33.11, 11.37, 20.73, 13.32, 22.9, 7.56, 18.89, 27.52, 13.02, 22.66, 19.54, 22.08, 23.53, 13.38, 17.62, 11.36, 20.5, 6.37, 28.35, 25.01, 21.5, 10.77, 25.75, 14.11, 70.47], [0, 39.79, 26.25, 26.53, 41.34, 21.7, 24.21, 37.25, 0.0, 54.4, 29.04, 45.34, 37.8, 51.78, 33.14, 50.07, 16.77, 21.75, 36.42, 52.16, 34.84, 56.94, 33.4, 55.95, 63.15, 49.55, 14.79, 33.83, 51.35, 29.22, 44.0, 24.15, 45.45, 17.46, 40.82, 63.58, 62.15, 54.6, 31.06, 14.99, 48.66, 95.08], [0, 15.78, 35.09, 28.37, 13.21, 36.79, 31.67, 18.95, 54.4, 0.0, 30.62, 9.06, 16.84, 19.32, 23.32, 27.89, 37.93, 44.3, 18.89, 26.84, 21.17, 24.08, 26.06, 6.81, 23.33, 6.39, 39.63, 25.92, 29.88, 32.09, 24.85, 36.57, 8.97, 38.82, 13.74, 24.86, 15.33, 24.94, 29.42, 44.42, 5.8, 72.97], [0, 14.95, 4.47, 15.9, 18.27, 23.69, 18.79, 11.74, 29.04, 30.62, 0.0, 22.6, 15.11, 22.91, 7.66, 21.37, 13.69, 31.97, 19.57, 23.29, 20.3, 27.9, 4.89, 29.72, 34.22, 24.5, 16.32, 25.01, 22.91, 26.37, 15.0, 6.13, 23.0, 11.62, 17.83, 34.58, 34.25, 25.58, 10.42, 15.37, 25.83, 69.82], [0, 7.77, 27.02, 19.42, 4.4, 28.21, 22.87, 10.93, 45.34, 9.06, 22.6, 0.0, 7.96, 18.61, 15.0, 25.59, 28.9, 36.11, 10.37, 25.34, 12.85, 24.74, 18.46, 12.21, 26.58, 5.66, 30.57, 18.44, 27.79, 24.29, 20.64, 28.29, 9.14, 29.94, 4.89, 27.87, 20.69, 24.57, 21.7, 35.65, 10.46, 74.37], [0, 14.99, 19.41, 12.92, 11.2, 22.52, 16.75, 4.46, 37.8, 16.84, 15.11, 7.96, 0.0, 19.28, 7.46, 23.8, 21.17, 31.0, 7.22, 24.34, 9.44, 25.72, 11.58, 18.35, 29.5, 11.78, 23.0, 15.79, 25.99, 20.43, 17.51, 20.53, 8.24, 22.01, 10.83, 30.5, 25.66, 24.68, 14.53, 27.7, 11.36, 74.19], [0, 16.01, 26.56, 31.23, 18.07, 41.02, 35.16, 16.61, 51.78, 19.32, 22.91, 18.61, 19.28, 0.0, 19.48, 8.9, 35.51, 49.72, 26.16, 7.54, 28.59, 6.44, 18.38, 13.66, 11.38, 14.44, 37.98, 34.93, 10.69, 39.71, 9.2, 28.62, 19.15, 34.33, 18.25, 11.95, 12.87, 5.98, 20.94, 38.2, 19.15, 55.79], [0, 7.54, 12.02, 12.62, 10.64, 22.12, 16.39, 4.42, 33.14, 23.32, 7.66, 15.0, 7.46, 19.48, 0.0, 21.05, 16.44, 30.85, 12.73, 22.31, 14.02, 25.45, 4.6, 23.26, 30.73, 17.44, 18.76, 19.66, 23.05, 22.57, 14.18, 13.31, 15.38, 16.17, 10.18, 31.41, 29.01, 23.68, 7.14, 21.33, 18.3, 71.4], [0, 20.72, 23.85, 33.66, 23.81, 43.11, 37.43, 19.93, 50.07, 27.89, 21.37, 25.59, 23.8, 8.9, 21.05, 0.0, 35.01, 51.81, 31.01, 14.98, 33.16, 8.72, 18.06, 22.53, 15.98, 22.44, 37.62, 39.44, 12.49, 43.31, 6.88, 25.96, 26.16, 32.88, 23.82, 15.62, 20.87, 5.9, 19.38, 35.51, 26.86, 50.56], [0, 23.03, 12.65, 11.58, 24.76, 13.21, 11.26, 20.48, 16.77, 37.93, 13.69, 28.9, 21.17, 35.51, 16.44, 35.01, 0.0, 19.93, 20.9, 36.84, 19.89, 41.05, 17.32, 39.19, 46.89, 32.85, 19.18, 21.11, 36.59, 19.05, 28.46, 11.11, 29.06, 15.23, 24.23, 47.43, 45.43, 38.91, 15.64, 9.17, 32.27, 83.09], [0, 34.11, 32.22, 18.49, 33.55, 8.74, 14.57, 33.11, 21.75, 44.3, 31.97, 36.11, 31.0, 49.72, 30.85, 51.81, 19.93, 0.0, 25.74, 53.16, 23.27, 55.98, 33.92, 48.28, 60.42, 41.57, 17.81, 18.67, 53.73, 12.42, 44.94, 30.92, 35.94, 23.84, 33.14, 61.35, 56.38, 54.42, 33.59, 27.19, 38.72, 101.65], [0, 10.37, 23.3, 9.9, 8.3, 17.92, 12.85, 11.37, 36.42, 18.89, 19.57, 10.37, 7.22, 26.16, 12.73, 31.01, 20.9, 25.74, 0.0, 31.53, 15.14, 32.6, 17.32, 22.55, 35.78, 15.87, 22.02, 8.78, 33.21, 14.11, 24.68, 23.86, 10.22, 22.97, 8.01, 36.91, 30.81, 31.73, 19.63, 29.02, 13.14, 81.37], [0, 21.16, 25.99, 34.85, 23.98, 44.43, 38.68, 20.73, 52.16, 26.84, 23.29, 25.34, 24.34, 7.54, 22.31, 14.98, 36.84, 53.16, 31.53, 0.0, 33.77, 6.26, 19.69, 21.13, 13.5, 21.73, 39.44, 40.11, 15.51, 44.25, 8.4, 28.11, 25.91, 34.87, 24.04, 13.12, 18.75, 13.51, 21.27, 37.7, 26.31, 49.85], [0, 12.68, 23.71, 8.44, 10.84, 15.64, 10.87, 13.32, 34.84, 21.17, 20.3, 12.85, 9.44, 28.59, 14.02, 33.16, 19.89, 23.27, 15.14, 33.77, 0.0, 35.03, 18.6, 25.05, 38.31, 18.39, 20.75, 6.36, 35.34, 11.56, 26.7, 24.06, 12.67, 22.34, 10.53, 39.43, 33.35, 34.09, 20.6, 28.4, 15.49, 83.62], [0, 22.44, 31.09, 37.49, 24.47, 47.27, 41.42, 22.9, 56.94, 24.08, 27.9, 24.74, 25.72, 6.44, 25.45, 8.72, 41.05, 55.98, 32.6, 6.26, 35.03, 0.0, 23.73, 17.63, 7.26, 20.09, 43.58, 41.37, 9.26, 46.13, 13.04, 33.2, 25.26, 39.5, 24.67, 7.03, 13.27, 12.42, 25.88, 42.86, 24.89, 49.67], [0, 10.69, 9.24, 16.32, 14.3, 25.3, 19.83, 7.56, 33.4, 26.06, 4.89, 18.46, 11.58, 18.38, 4.6, 18.06, 17.32, 33.92, 17.32, 19.69, 18.6, 23.73, 0.0, 24.87, 29.75, 19.83, 19.87, 24.11, 19.87, 26.61, 11.28, 11.01, 18.91, 15.95, 13.91, 30.21, 29.4, 21.6, 11.73, 20.18, 21.55, 67.81], [0, 16.16, 34.11, 31.05, 15.08, 40.24, 34.72, 18.89, 55.95, 6.81, 29.72, 12.21, 18.35, 13.66, 23.26, 22.53, 39.19, 48.28, 22.55, 21.13, 25.05, 17.63, 24.87, 0.0, 16.51, 6.74, 41.2, 30.57, 24.34, 36.49, 20.81, 35.85, 12.44, 39.39, 15.56, 18.04, 8.87, 18.82, 28.19, 44.54, 10.18, 66.18], [0, 26.32, 37.71, 42.03, 27.48, 51.81, 45.96, 27.52, 63.15, 23.33, 34.22, 26.58, 29.5, 11.38, 30.73, 15.98, 46.89, 60.42, 35.78, 13.5, 38.31, 7.26, 29.75, 16.51, 0.0, 21.17, 49.34, 44.49, 16.35, 49.77, 19.79, 39.8, 27.01, 45.69, 27.79, 14.28, 9.0, 10.08, 32.23, 49.43, 25.78, 49.8], [0, 9.99, 28.96, 24.34, 8.38, 33.5, 27.98, 13.02, 49.55, 6.39, 24.5, 5.66, 11.78, 14.44, 17.44, 22.44, 32.85, 41.57, 15.87, 21.73, 18.39, 20.09, 19.83, 6.74, 21.17, 0.0, 34.77, 24.09, 24.54, 29.9, 18.73, 30.53, 6.0, 33.35, 8.88, 22.53, 15.04, 20.37, 23.2, 38.75, 4.8, 69.71], [0, 25.07, 15.2, 12.3, 26.55, 11.85, 11.1, 22.66, 14.79, 39.63, 16.32, 30.57, 23.0, 37.98, 18.76, 37.62, 19.18, 17.81, 22.02, 39.44, 20.75, 43.58, 19.87, 41.2, 49.34, 34.77, 0.0, 21.18, 39.22, 18.36, 31.05, 13.57, 30.7, 6.08, 26.03, 49.92, 47.66, 41.47, 18.27, 10.01, 33.91, 85.68], [0, 19.04, 27.81, 10.05, 17.05, 12.61, 10.09, 19.54, 33.83, 25.92, 25.01, 18.44, 15.79, 34.93, 19.66, 39.44, 21.11, 18.67, 8.78, 40.11, 6.36, 41.37, 24.11, 30.57, 44.49, 24.09, 21.18, 0.0, 41.61, 6.26, 32.9, 27.74, 18.15, 24.35, 16.78, 45.64, 39.13, 40.45, 25.66, 30.21, 20.58, 89.94], [0, 22.93, 25.11, 35.66, 26.03, 45.05, 39.4, 22.08, 51.35, 29.88, 22.91, 27.79, 25.99, 10.69, 23.05, 12.49, 36.59, 53.73, 33.21, 15.51, 35.34, 9.26, 19.87, 24.34, 16.35, 24.54, 39.22, 41.61, 0.0, 45.41, 8.88, 27.2, 28.36, 34.31, 26.04, 15.78, 22.05, 6.59, 20.95, 36.65, 29.01, 48.44], [0, 23.7, 28.3, 10.48, 22.34, 7.53, 8.12, 23.53, 29.22, 32.09, 26.37, 24.29, 20.43, 39.71, 22.57, 43.31, 19.05, 12.42, 14.11, 44.25, 11.56, 46.13, 26.61, 36.49, 49.77, 29.9, 18.36, 6.26, 45.41, 0.0, 36.55, 27.76, 24.05, 22.81, 22.0, 50.85, 44.89, 44.95, 27.44, 28.16, 26.65, 93.84], [0, 14.66, 18.05, 26.8, 18.1, 36.24, 30.56, 13.38, 44.0, 24.85, 15.0, 20.64, 17.51, 9.2, 14.18, 6.88, 28.46, 44.94, 24.68, 8.4, 26.7, 13.04, 11.28, 20.81, 19.79, 18.73, 31.05, 32.9, 8.88, 36.55, 0.0, 20.16, 21.21, 26.61, 18.02, 19.93, 21.97, 10.6, 12.97, 29.82, 22.55, 57.3], [0, 20.81, 10.6, 17.83, 23.91, 23.47, 19.69, 17.62, 24.15, 36.57, 6.13, 28.29, 20.53, 28.62, 13.31, 25.96, 11.11, 30.92, 23.86, 28.11, 24.06, 33.2, 11.01, 35.85, 39.8, 30.53, 13.57, 27.74, 27.2, 27.76, 20.16, 0.0, 28.65, 7.68, 23.43, 40.05, 40.28, 30.72, 7.84, 9.65, 31.6, 72.32], [0, 8.23, 27.4, 19.42, 4.74, 28.11, 22.82, 11.36, 45.45, 8.97, 23.0, 9.14, 8.24, 19.15, 15.38, 26.16, 29.06, 35.94, 10.22, 25.91, 12.67, 25.26, 18.91, 12.44, 27.01, 6.0, 30.7, 18.15, 28.36, 24.05, 21.21, 28.65, 0.0, 30.17, 5.22, 28.32, 21.0, 25.12, 22.13, 35.92, 10.8, 74.9], [0, 23.37, 9.51, 14.45, 25.63, 17.21, 14.83, 20.5, 17.46, 38.82, 11.62, 29.94, 22.01, 34.33, 16.17, 32.88, 15.23, 23.84, 22.97, 34.87, 22.34, 39.5, 15.95, 39.39, 45.69, 33.35, 6.08, 24.35, 34.31, 22.81, 26.61, 7.68, 30.17, 0.0, 25.11, 46.12, 45.0, 37.2, 13.64, 6.06, 33.34, 79.99], [0, 12.66, 22.21, 15.5, 9.29, 24.85, 19.21, 6.37, 40.82, 13.74, 17.83, 4.89, 10.83, 18.25, 10.18, 23.82, 24.23, 33.14, 8.01, 24.04, 10.53, 24.67, 13.91, 15.56, 27.79, 8.88, 26.03, 16.78, 26.04, 22.0, 18.02, 23.43, 5.22, 25.11, 0.0, 28.9, 23.25, 23.94, 17.05, 30.78, 8.28, 73.77], [0, 27.3, 37.94, 42.92, 28.61, 52.71, 46.86, 28.35, 63.58, 24.86, 34.58, 27.87, 30.5, 11.95, 31.41, 15.62, 47.43, 61.35, 36.91, 13.12, 39.43, 7.03, 30.21, 18.04, 14.28, 22.53, 49.92, 45.64, 15.78, 50.85, 19.93, 40.05, 28.32, 46.12, 28.9, 0.0, 10.6, 9.8, 32.58, 49.7, 27.18, 48.23], [0, 22.9, 38.32, 38.57, 22.83, 48.09, 42.39, 25.01, 62.15, 15.33, 34.25, 20.69, 25.66, 12.87, 29.01, 20.87, 45.43, 56.38, 30.81, 18.75, 33.35, 13.27, 29.4, 8.87, 9.0, 15.04, 47.66, 39.13, 22.05, 44.89, 21.97, 40.28, 21.0, 45.0, 23.25, 10.6, 0.0, 15.54, 32.44, 49.57, 19.01, 58.59], [0, 21.41, 28.6, 35.97, 23.81, 45.69, 39.87, 21.5, 54.6, 24.94, 25.58, 24.57, 24.68, 5.98, 23.68, 5.9, 38.91, 54.42, 31.73, 13.51, 34.09, 12.42, 21.6, 18.82, 10.08, 20.37, 41.47, 40.45, 6.59, 44.95, 10.6, 30.72, 25.12, 37.2, 23.94, 9.8, 15.54, 0.0, 23.55, 40.37, 25.1, 49.9], [0, 13.95, 5.95, 16.97, 17.47, 25.2, 20.09, 10.77, 31.06, 29.42, 10.42, 21.7, 14.53, 20.94, 7.14, 19.38, 15.64, 33.59, 19.63, 21.27, 20.6, 25.88, 11.73, 28.19, 32.23, 23.2, 18.27, 25.66, 20.95, 27.44, 12.97, 7.84, 22.13, 13.64, 17.05, 32.58, 32.44, 23.55, 0.0, 17.28, 24.85, 68.1], [0, 28.77, 11.77, 20.42, 31.29, 21.86, 20.43, 25.75, 14.99, 44.42, 15.37, 35.65, 27.7, 38.2, 21.33, 35.51, 9.17, 27.19, 29.02, 37.7, 28.4, 42.86, 20.18, 44.54, 49.43, 38.75, 10.01, 30.21, 36.65, 28.16, 29.82, 9.65, 35.92, 6.06, 30.78, 49.7, 49.57, 40.37, 17.28, 0.0, 39.06, 80.26], [0, 10.9, 30.28, 22.56, 7.77, 31.07, 25.89, 14.11, 48.66, 5.8, 25.83, 10.46, 11.36, 19.15, 18.3, 26.86, 32.27, 38.72, 13.14, 26.31, 15.49, 24.89, 21.55, 10.18, 25.78, 4.8, 33.91, 20.58, 29.01, 26.65, 22.55, 31.6, 10.8, 33.34, 8.28, 27.18, 19.01, 25.1, 24.85, 39.06, 0.0, 74.51], [0, 0, 0, 0, 0, 0, 0, 0, 0, 0, 0, 0, 0, 0, 0, 0, 0, 0, 0, 0, 0, 0, 0, 0, 0, 0, 0, 0, 0, 0, 0, 0, 0, 0, 0, 0, 0, 0, 0, 0, 0, 0]], "end_depot": 41, "horizon": [0.0, 2200.0], "instance_name": "40_90_A_100_C2", "speed_zone_count": 73, "speed_zones": [[0.0, 15.0], [15.0, 30.0], [30.0, 45.0], [45.0, 60.0], [60.0, 75.0], [75.0, 90.0], [90.0, 105.0], [105.0, 120.0], [120.0, 135.0], [135.0, 150.0], [150.0, 165.0], [165.0, 180.0], [180.0, 195.0], [195.0, 210.0], [210.0, 225.0], [225.0, 240.0], [240.0, 255.0], [255.0, 270.0], [270.0, 285.0], [285.0, 300.0], [300.0, 315.0], [315.0, 330.0], [330.0, 345.0], [345.0, 360.0], [360.0, 375.0], [375.0, 390.0], [390.0, 405.0], [405.0, 420.0], [420.0, 435.0], [435.0, 450.0], [450.0, 465.0], [465.0, 480.0], [480.0, 495.0], [495.0, 510.0], [510.0, 525.0], [525.0, 540.0], [540.0, 555.0], [555.0, 570.0], [570.0, 585.0], [585.0, 600.0], [600.0, 615.0], [615.0, 630.0], [630.0, 645.0], [645.0, 660.0], [660.0, 675.0], [675.0, 690.0], [690.0, 705.0], [705.0, 720.0], [720.0, 735.0], [735.0, 750.0], [750.0, 765.0], [765.0, 780.0], [780.0, 795.0], [795.0, 810.0], [810.0, 825.0], [825.0, 840.0], [840.0, 855.0], [855.0, 870.0], [870.0, 885.0], [885.0, 900.0], [900.0, 915.0], [915.0, 930.0], [930.0, 945.0], [945.0, 960.0], [960.0, 975.0], [975.0, 990.0], [990.0, 1005.0], [1005.0, 1020.0], [1020.0, 1035.0], [1035.0, 1050.0], [1050.0, 1065.0], [1065.0, 1080.0], [1080.0, 2200.0]], "start_depot": 0, "time_windows": [[0.0, 2200.0], [44.0, 124.0], [68.0, 148.0], [100.0, 180.0], [135.0, 215.0], [211.0, 291.0], [230.0, 310.0], [277.0, 357.0], [341.0, 421.0], [461.0, 541.0], [542.0, 622.0], [582.0, 662.0], [595.0, 675.0], [623.0, 703.0], [650.0, 730.0], [678.0, 758.0], [737.0, 817.0], [785.0, 865.0], [836.0, 916.0], [889.0, 969.0], [940.0, 1020.0], [982.0, 1062.0], [1012.0, 1092.0], [1037.0, 1117.0], [1056.0, 1136.0], [1078.0, 1158.0], [1113.0, 1193.0], [1136.0, 1216.0], [1183.0, 1263.0], [1233.0, 1313.0], [1274.0, 1354.0], [1294.0, 1374.0], [1326.0, 1406.0], [1356.0, 1436.0], [1384.0, 1464.0], [1413.0, 1493.0], [1424.0, 1504.0], [1441.0, 1521.0], [1467.0, 1547.0], [1485.0, 1565.0], [1526.0, 1606.0], [0.0, 2200.0]], "vehicle_count": 1}