{"digraph": {"vertex_count": 22, "arc_count": 210, "arcs": [[0, 1, 1, 1, 1, 1, 1, 1, 1, 1, 1, 1, 1, 1, 1, 1, 1, 1, 1, 1, 1, 1], [0, 0, 1, 1, 1, 1, 1, 1, 1, 1, 1, 1, 1, 1, 1, 1, 1, 1, 1, 1, 1, 1], [0, 1, 0, 1, 1, 1, 1, 1, 1, 1, 1, 1, 1, 1, 1, 1, 1, 1, 1, 1, 1, 1], [0, 1, 1, 0, 1, 1, 1, 1, 1, 1, 1, 1, 1, 1, 1, 1, 1, 1, 1, 1, 1, 1], [0, 1, 1, 1, 0, 1, 1, 1, 1, 1, 1, 1, 1, 1, 1, 1, 1, 1, 1, 1, 1, 1], [0, 1, 1, 1, 1, 0, 1, 1, 1, 1, 1, 1, 1, 1, 1, 1, 1, 1, 1, 1, 1, 1], [0, 1, 1, 1, 1, 1, 0, 1, 1, 1, 1, 1, 1, 1, 1, 1, 1, 1, 1, 1, 1, 1], [0, 1, 1, 1, 1, 1, 1, 0, 1, 1, 1, 1, 1, 1, 1, 1, 1, 1, 1, 1, 1, 1], [0, 1, 1, 1, 1, 1, 1, 1, 0, 1, 1, 1, 1, 1, 1, 1, 1, 1, 1, 1, 1, 1], [0, 1, 1, 1, 1, 1, 1, 1, 1, 0, 1, 1, 1, 1, 1, 1, 1, 1, 1, 1, 1, 1], [0, 1, 1, 1, 1, 1, 1, 1, 1, 1, 0, 1, 1, 1, 1, 1, 1, 1, 1, 1, 1, 1], [0, 1, 1, 1, 1, 1, 1, 1, 1, 1, 1, 0, 1, 1, 1, 1, 1, 1, 1, 1, 1, 1], [0, 1, 1, 1, 1, 1, 1, 1, 1, 1, 1, 1, 0, 1, 1, 1, 1, 1, 1, 1, 1, 1], [0, 1, 1, 1, 1, 1, 1, 1, 1, 1, 1, 1, 1, 0, 1, 1, 1, 1, 1, 1, 1, 1], [0, 1, 1, 1, 1, 1, 1, 1, 1, 1, 1, 1, 1, 1, 0, 1, 1, 1, 1, 1, 1, 1], [0, 1, 1, 1, 1, 1, 1, 1, 1, 1, 1, 1, 1, 1, 1, 0, 1, 1, 1, 1, 1, 1], [0, 1, 1, 1, 1, 1, 1, 1, 1, 1, 1, 1, 1, 1, 1, 1, 0, 1, 1, 1, 1, 1], [0, 1, 1, 1, 1, 1, 1, 1, 1, 1, 1, 1, 1, 1, 1, 1, 1, 0, 1, 1, 1, 1], [0, 1, 1, 1, 1, 1, 1, 1, 1, 1, 1, 1, 1, 1, 1, 1, 1, 1, 0, 1, 1, 1], [0, 1, 1, 1, 1, 1, 1, 1, 1, 1, 1, 1, 1, 1, 1, 1, 1, 1, 1, 0, 1, 1], [0, 1, 1, 1, 1, 1, 1, 1, 1, 1, 1, 1, 1, 1, 1, 1, 1, 1, 1, 1, 0, 1], [0, 0, 0, 0, 0, 0, 0, 0, 0, 0, 0, 0, 0, 0, 0, 0, 0, 0, 0, 0, 0, 0]], "coordinates": [[44.0, 48.0], [23.0, 49.0], [23.0, 26.0], [25.0, 39.0], [17.0, 26.0], [47.0, 47.0], [44.0, 50.0], [30.0, 19.0], [9.0, 38.0], [11.0, 33.0], [4.0, 48.0], [36.0, 3.0], [36.0, 6.0], [35.0, 46.0], [35.0, 15.0], [36.0, 17.0], [9.0, 28.0], [34.0, 9.0], [1.0, 0.0], [49.0, 40.0], [24.0, 44.0], [44.0, 48.0]]}, "cluster_count": 3, "cluster_speeds": [[1.5, 1.0, 1.67, 1.17, 1.33], [1.17, 0.67, 1.33, 0.83, 1.0], [1.0, 0.33, 0.67, 0.5, 0.83]], "clusters": [[0, 2, 1, 2, 2, 1, 1, 2, 1, 1, 2, 0, 2, 2, 0, 2, 1, 1, 0, 2, 2, 0], [0, 2, 2, 2, 2, 2, 0, 2, 2, 0, 2, 2, 2, 2, 0, 1, 2, 2, 2, 0, 1, 1], [0, 1, 2, 0, 1, 2, 0, 0, 0, 2, 2, 0, 2, 2, 2, 2, 2, 1, 1, 2, 0, 2], [0, 0, 2, 0, 0, 2, 0, 1, 0, 1, 1, 0, 0, 0, 2, 1, 1, 1, 0, 2, 2, 1], [0, 1, 1, 2, 2, 0, 1, 0, 1, 1, 2, 0, 1, 2, 0, 0, 1, 0, 2, 2, 1, 0], [1, 2, 2, 2, 2, 2, 1, 1, 1, 0, 2, 1, 2, 1, 0, 1, 1, 1, 1, 2, 1, 1], [1, 1, 2, 1, 0, 2, 2, 1, 0, 0, 0, 1, 1, 1, 1, 2, 2, 1, 0, 0, 1, 1], [1, 1, 2, 0, 0, 0, 2, 2, 1, 2, 0, 2, 2, 2, 1, 2, 0, 1, 0, 1, 1, 2], [2, 1, 1, 1, 0, 2, 2, 1, 2, 1, 0, 2, 0, 2, 1, 1, 1, 1, 1, 0, 2, 2], [0, 0, 1, 1, 2, 0, 0, 1, 0, 1, 0, 0, 1, 1, 0, 1, 2, 2, 0, 2, 1, 1], [2, 1, 2, 1, 1, 0, 2, 2, 2, 2, 2, 1, 0, 0, 0, 2, 2, 0, 1, 2, 0, 2], [2, 2, 1, 0, 2, 0, 2, 1, 1, 1, 1, 2, 1, 2, 1, 1, 0, 0, 2, 0, 1, 1], [2, 1, 2, 1, 1, 1, 2, 1, 1, 0, 0, 0, 0, 0, 0, 2, 0, 1, 1, 1, 2, 2], [1, 1, 1, 2, 0, 2, 0, 2, 1, 1, 2, 2, 1, 1, 0, 0, 0, 2, 0, 0, 2, 1], [2, 1, 2, 2, 1, 2, 2, 1, 0, 1, 0, 1, 0, 1, 2, 1, 1, 0, 1, 2, 0, 0], [2, 1, 0, 0, 0, 1, 0, 2, 2, 0, 0, 1, 1, 0, 0, 0, 2, 2, 2, 0, 0, 1], [1, 2, 2, 2, 1, 0, 2, 1, 0, 2, 1, 1, 2, 2, 2, 1, 2, 2, 0, 2, 2, 1], [0, 0, 2, 1, 0, 0, 1, 2, 0, 1, 1, 2, 0, 1, 2, 1, 2, 1, 0, 0, 0, 0], [2, 2, 2, 0, 2, 0, 1, 1, 2, 1, 2, 1, 2, 2, 2, 0, 2, 0, 2, 0, 2, 1], [0, 2, 2, 0, 0, 1, 2, 2, 2, 0, 0, 0, 2, 2, 1, 1, 2, 1, 0, 1, 0, 1], [0, 0, 2, 1, 0, 1, 0, 0, 1, 2, 2, 1, 0, 2, 0, 2, 0, 0, 0, 2, 0, 1], [0, 1, 2, 0, 2, 1, 1, 1, 1, 2, 1, 1, 2, 1, 0, 1, 1, 2, 2, 2, 1, 2]], "speed_zone_count": 5, "speed_zones": [[0.0, 93.4], [93.4, 140.1], [140.1, 326.9], [326.9, 373.6], [373.6, 467.0]], "distances": [[0, 21, 30, 21, 34, 3, 2, 32, 36, 36, 40, 45, 42, 9, 34, 32, 40, 40, 64, 9, 20, 0], [21, 0, 23, 10, 23, 24, 21, 30, 17, 20, 19, 47, 44, 12, 36, 34, 25, 40, 53, 27, 5, 21], [30, 23, 0, 13, 6, 31, 31, 9, 18, 13, 29, 26, 23, 23, 15, 15, 14, 19, 34, 29, 18, 30], [21, 10, 13, 0, 15, 23, 21, 20, 16, 15, 22, 37, 34, 12, 26, 24, 19, 30, 45, 24, 5, 21], [34, 23, 6, 15, 0, 36, 35, 14, 14, 9, 25, 29, 27, 26, 20, 20, 8, 24, 30, 34, 19, 34], [3, 24, 31, 23, 36, 0, 4, 32, 39, 38, 43, 45, 42, 12, 33, 31, 42, 39, 65, 7, 23, 3], [2, 21, 31, 21, 35, 4, 0, 34, 36, 36, 40, 47, 44, 9, 35, 33, 40, 41, 65, 11, 20, 2], [32, 30, 9, 20, 14, 32, 34, 0, 27, 22, 38, 16, 13, 27, 6, 6, 22, 10, 34, 28, 25, 32], [36, 17, 18, 16, 14, 39, 36, 27, 0, 5, 11, 43, 40, 27, 33, 33, 10, 37, 38, 40, 16, 36], [36, 20, 13, 15, 9, 38, 36, 22, 5, 0, 16, 38, 35, 27, 28, 28, 5, 32, 34, 38, 17, 36], [40, 19, 29, 22, 25, 43, 40, 38, 11, 16, 0, 54, 51, 31, 44, 44, 20, 48, 48, 45, 20, 40], [45, 47, 26, 37, 29, 45, 47, 16, 43, 38, 54, 0, 3, 43, 12, 14, 36, 6, 35, 39, 41, 45], [42, 44, 23, 34, 27, 42, 44, 13, 40, 35, 51, 3, 0, 40, 9, 11, 34, 3, 35, 36, 38, 42], [9, 12, 23, 12, 26, 12, 9, 27, 27, 27, 31, 43, 40, 0, 31, 29, 31, 37, 56, 15, 11, 9], [34, 36, 15, 26, 20, 33, 35, 6, 33, 28, 44, 12, 9, 31, 0, 2, 28, 6, 37, 28, 31, 34], [32, 34, 15, 24, 20, 31, 33, 6, 33, 28, 44, 14, 11, 29, 2, 0, 28, 8, 38, 26, 29, 32], [40, 25, 14, 19, 8, 42, 40, 22, 10, 5, 20, 36, 34, 31, 28, 28, 0, 31, 29, 41, 21, 40], [40, 40, 19, 30, 24, 39, 41, 10, 37, 32, 48, 6, 3, 37, 6, 8, 31, 0, 34, 34, 35, 40], [64, 53, 34, 45, 30, 65, 65, 34, 38, 34, 48, 35, 35, 56, 37, 38, 29, 34, 0, 62, 49, 64], [9, 27, 29, 24, 34, 7, 11, 28, 40, 38, 45, 39, 36, 15, 28, 26, 41, 34, 62, 0, 25, 9], [20, 5, 18, 5, 19, 23, 20, 25, 16, 17, 20, 41, 38, 11, 31, 29, 21, 35, 49, 25, 0, 20], [0, 21, 30, 21, 34, 3, 2, 32, 36, 36, 40, 45, 42, 9, 34, 32, 40, 40, 64, 9, 20, 0]], "time_windows": [[0.0, 467.0], [0.0, 90.0], [121.0, 227.0], [35.0, 165.0], [18.0, 126.0], [0.0, 70.0], [258.0, 387.0], [59.0, 169.0], [0.0, 118.0], [26.0, 152.0], [143.0, 272.0], [93.0, 210.0], [301.0, 424.0], [0.0, 88.0], [68.0, 199.0], [60.0, 191.0], [0.0, 135.0], [77.0, 192.0], [192.0, 318.0], [0.0, 76.0], [242.0, 355.0], [0.0, 467.0]], "start_depot": 0, "end_depot": 21, "horizon": [0.0, 467.0]}