26
0 69.72 70.69 78.29 59.88 82.16 66.07 81.6 72.51 69.19 67.86 69.57 61.34 70.4 68.51 72.57 56.05 82.45 70.44 69.52 55.38 76.91 71.12 71.82 74.84 78.07 
69.72 0 12.6 12.11 13.94 12.53 6.32 11.98 11.15 12.09 21.25 8.88 13.37 12.26 18.62 11.66 27.23 12.98 10.07 9.72 19.12 11.23 4.33 18.83 7.25 8.89 
70.69 12.6 0 8.95 10.94 16.72 8.43 18.65 12.78 9.23 9.41 12.42 9.44 15.35 6.66 13.02 19.28 20.02 11.07 11.56 15.38 7.69 16.8 6.23 18.62 12.62 
78.29 12.11 8.95 0 18.59 8.64 12.55 11.35 6.39 10.34 17.5 12.08 17.22 13.92 14.91 6.59 28.23 12.68 10.48 11.5 23.63 11.47 14.82 12.93 14.69 5.83 
59.88 13.94 10.94 18.59 0 24.17 7.86 24.86 12.63 11.47 12.74 13.71 11.86 16.29 11.41 12.69 13.61 26.09 13.55 13.12 5.36 17.2 17.77 14.02 21.16 19.73 
82.16 12.53 16.72 8.64 24.17 0 16.62 10.49 14.05 13.15 25.85 12.66 23.07 12.57 23.17 14.42 35.64 4.37 11.72 12.65 29.52 9.41 12.53 21.48 10.2 4.45 
66.07 6.32 8.43 12.55 7.86 16.62 0 17.06 8.31 15.18 15.67 6.08 7.12 8.94 13.24 8.68 20.92 18.26 5.7 5.39 13.19 11.24 10.49 14.22 13.55 12.25 
81.6 11.98 18.65 11.35 24.86 10.49 17.06 0 16.05 13.45 27.98 12.16 23.91 11.29 25.25 16.47 37.04 13.47 11.61 12.37 30.22 11.89 10.87 23.86 7.85 6.04 
72.51 11.15 12.78 6.39 12.63 14.05 8.31 16.05 0 8.01 11.94 11 11.18 13.77 9.21 10.41 21.9 17.43 9.49 10.17 17.44 5.08 15.13 8.2 16.55 10.01 
69.19 12.09 9.23 10.34 11.47 13.15 15.18 13.45 8.01 0 17.82 12.31 10.65 6.24 15.18 8.5 24.32 14.65 10.54 13.14 16.81 9.2 7.76 15.44 10.31 8.89 
67.86 21.25 9.41 17.5 12.74 25.85 15.67 27.98 11.94 17.82 0 21.04 11.63 24.05 16.07 11.51 12.58 29.37 19.92 20.19 14.04 16.49 25.57 5 27.8 21.94 
69.57 8.88 12.42 12.08 13.71 12.66 6.08 12.16 11 12.31 21.04 0 13.14 12.49 18.42 11.51 26.99 13.17 10.28 9.93 18.89 11.18 4.55 18.65 7.48 8.97 
61.34 13.37 9.44 17.22 11.86 23.07 7.12 23.91 11.18 10.65 11.63 13.14 0 15.85 10.12 11.23 13.89 25.17 12.81 12.48 6.49 15.83 17.37 12.61 20.61 18.62 
70.4 12.26 15.35 13.92 16.29 12.57 8.94 11.29 13.77 6.24 24.05 12.49 15.85 0 21.42 14.29 29.74 12.06 4.3 13.18 21.31 13.22 10.03 21.58 5.01 9.7 
68.51 18.62 6.66 14.91 11.41 23.17 13.24 25.25 9.21 15.18 16.07 18.42 10.12 21.42 0 8.79 14.18 26.64 17.25 17.56 13.74 13.85 22.94 12.89 25.09 19.21 
72.57 11.66 13.02 6.59 12.69 14.42 8.68 16.47 10.41 8.5 11.51 11.51 11.23 14.29 8.79 0 21.65 17.86 10.01 10.68 17.42 5.32 15.65 7.69 17.07 10.43 
56.05 27.23 19.28 28.23 13.61 35.64 20.92 37.04 21.9 24.32 12.58 26.99 13.89 29.74 14.18 21.65 0 38.37 26.54 26.31 9.77 26.97 31.26 17.34 34.47 31.29 
82.45 12.98 20.02 12.68 26.09 4.37 18.26 13.47 17.43 14.65 29.37 13.17 25.17 12.06 26.64 17.86 38.37 0 12.74 13.44 31.44 13.25 11.49 25.24 8.17 7.43 
70.44 10.07 11.07 10.48 13.55 11.72 5.7 11.61 9.49 10.54 19.92 10.28 12.81 4.3 17.25 10.01 26.54 12.74 0 11.09 18.84 9.55 5.73 17.29 8.07 7.75 
69.52 9.72 11.56 11.5 13.12 12.65 5.39 12.37 10.17 13.14 20.19 9.93 12.48 13.18 17.56 10.68 26.31 13.44 11.09 0 18.35 10.54 5.39 17.79 8.17 8.77 
55.38 19.12 15.38 23.63 5.36 29.52 13.19 30.22 17.44 16.81 14.04 18.89 6.49 21.31 13.74 17.42 9.77 31.44 18.84 18.35 0 22.24 22.73 16.88 26.26 25.07 
76.91 11.23 7.69 11.47 17.2 9.41 11.24 11.89 5.08 9.2 16.49 11.18 15.83 13.22 13.85 5.32 26.97 13.25 9.55 10.54 22.24 0 14.23 12.07 14.45 6.04 
71.12 4.33 16.8 14.82 17.77 12.53 10.49 10.87 15.13 7.76 25.57 4.55 17.37 10.03 22.94 15.65 31.26 11.49 5.73 5.39 22.73 14.23 0 23.02 11.58 10.16 
71.82 18.83 6.23 12.93 14.02 21.48 14.22 23.86 8.2 15.44 5 18.65 12.61 21.58 12.89 7.69 17.34 25.24 17.29 17.79 16.88 12.07 23.02 0 24.72 17.86 
74.84 7.25 18.62 14.69 21.16 10.2 13.55 7.85 16.55 10.31 27.8 7.48 20.61 5.01 25.09 17.07 34.47 8.17 8.07 8.17 26.26 14.45 11.58 24.72 0 9.17 
78.07 8.89 12.62 5.83 19.73 4.45 12.25 6.04 10.01 8.89 21.94 8.97 18.62 9.7 19.21 10.43 31.29 7.43 7.75 8.77 25.07 6.04 10.16 17.86 9.17 0 
0	5000
0	118
0	134
0	145
0	170
0	223
0	278
0	325
0	359
0	374
0	404
0	438
0	458
0	499
0	564
0	588
0	635
0	696
0	713
0	730
0	754
0	788
0	809
0	855
0	903
0	920
C:
0 3 3 3 3 3 3 3 3 3 3 3 3 3 3 3 3 3 3 3 3 3 3 3 3 3 3 
1 0 1 1 1 1 1 1 1 1 1 1 1 1 1 1 1 1 1 1 1 1 1 1 1 1 1 
1 1 0 1 1 1 1 1 1 1 1 1 1 1 1 1 1 1 1 1 1 1 1 1 1 1 1 
1 1 1 0 1 1 1 1 1 1 1 1 1 1 1 1 1 1 1 1 1 1 1 1 1 1 1 
1 1 1 1 0 1 1 1 1 1 1 1 1 1 1 1 1 1 1 1 1 1 1 1 1 1 1 
1 1 1 1 1 0 1 1 1 1 1 1 1 1 1 1 1 1 1 1 1 1 1 1 1 1 1 
1 1 1 1 1 1 0 1 1 1 1 1 1 1 1 1 1 1 1 1 1 1 1 1 1 1 1 
1 1 1 1 1 1 1 0 1 1 1 1 1 1 1 1 1 1 1 1 1 1 1 1 1 1 1 
1 1 1 1 1 1 1 1 0 1 1 1 1 1 1 1 1 1 1 1 1 1 1 1 1 1 1 
1 1 1 1 1 1 1 1 1 0 1 1 1 1 1 1 1 1 1 1 1 1 1 1 1 1 1 
1 1 1 1 1 1 1 1 1 1 0 1 1 1 1 1 1 1 1 1 1 1 1 1 1 1 1 
1 1 1 1 1 1 1 1 1 1 1 0 1 1 1 1 1 1 1 1 1 1 1 1 1 1 1 
1 1 1 1 1 1 1 1 1 1 1 1 0 1 1 1 1 1 1 1 1 1 1 1 1 1 1 
1 1 1 1 1 1 1 1 1 1 1 1 1 0 1 1 1 1 1 1 1 1 1 1 1 1 1 
1 1 1 1 1 1 1 1 1 1 1 1 1 1 0 1 1 1 1 1 1 1 1 1 1 1 1 
1 1 1 1 1 1 1 1 1 1 1 1 1 1 1 0 1 1 1 1 1 1 1 1 1 1 1 
2 2 2 2 2 2 2 2 2 2 2 2 2 2 2 2 0 2 2 2 2 2 2 2 2 2 2 
2 2 2 2 2 2 2 2 2 2 2 2 2 2 2 2 2 0 2 2 2 2 2 2 2 2 2 
1 1 1 1 1 1 1 1 1 1 1 1 1 1 1 1 1 1 0 1 1 1 1 1 1 1 1 
1 1 1 1 1 1 1 1 1 1 1 1 1 1 1 1 1 1 1 0 1 1 1 1 1 1 1 
2 2 2 2 2 2 2 2 2 2 2 2 2 2 2 2 2 2 2 2 0 2 2 2 2 2 2 
1 1 1 1 1 1 1 1 1 1 1 1 1 1 1 1 1 1 1 1 1 0 1 1 1 1 1 
1 1 1 1 1 1 1 1 1 1 1 1 1 1 1 1 1 1 1 1 1 1 0 1 1 1 1 
1 1 1 1 1 1 1 1 1 1 1 1 1 1 1 1 1 1 1 1 1 1 1 0 1 1 1 
1 1 1 1 1 1 1 1 1 1 1 1 1 1 1 1 1 1 1 1 1 1 1 1 0 1 1 
1 1 1 1 1 1 1 1 1 1 1 1 1 1 1 1 1 1 1 1 1 1 1 1 1 0 1 
3 3 3 3 3 3 3 3 3 3 3 3 3 3 3 3 3 3 3 3 3 3 3 3 3 3 0 
Time:
0	15
15	30
30	45
45	60
60	75
75	90
90	105
105	120
120	135
135	150
150	165
165	180
180	195
195	210
210	225
225	240
240	255
255	270
270	285
285	300
300	315
315	330
330	345
345	360
360	375
375	390
390	405
405	420
420	435
435	450
450	465
465	480
480	495
495	510
510	525
525	540
540	555
555	570
570	585
585	600
600	615
615	630
630	645
645	660
660	675
675	690
690	705
705	720
720	735
735	750
750	765
765	780
780	795
795	810
810	825
825	840
840	855
855	870
870	885
885	900
900	915
915	930
930	945
945	960
960	975
975	990
990	1005
1005	1020
1020	1035
1035	1050
1050	1065
1065	1080
1080	5000
Speed:
0.925	0.85	0.925	1	0.8325	0.765	0.8325	0.9	0.4625	0.425	0.4625	0.5	0.30525	0.2805	0.30525	0.33	0.37	0.34	0.37	0.4	0.555	0.51	0.555	0.6	0.6475	0.595	0.6475	0.7	0.37	0.34	0.37	0.4	0.30525	0.2805	0.30525	0.33	0.4625	0.425	0.4625	0.5	0.6475	0.595	0.6475	0.7	0.74	0.68	0.74	0.8	0.6475	0.595	0.6475	0.7	0.4625	0.425	0.4625	0.5	0.555	0.51	0.555	0.6	0.6475	0.595	0.6475	0.7	0.8325	0.765	0.8325	0.9	0.925	0.85	0.925	1	1	
0.925	0.85	0.925	1	0.8325	0.765	0.8325	0.9	0.4625	0.425	0.4625	0.5	0.30525	0.2805	0.30525	0.33	0.37	0.34	0.37	0.4	0.555	0.51	0.555	0.6	0.6475	0.595	0.6475	0.7	0.37	0.34	0.37	0.4	0.30525	0.2805	0.30525	0.33	0.4625	0.425	0.4625	0.5	0.6475	0.595	0.6475	0.7	0.74	0.68	0.74	0.8	0.6475	0.595	0.6475	0.7	0.4625	0.425	0.4625	0.5	0.555	0.51	0.555	0.6	0.6475	0.595	0.6475	0.7	0.8325	0.765	0.8325	0.9	0.925	0.85	0.925	1	1	
0.925	0.85	0.925	1	0.8325	0.765	0.8325	0.9	0.4625	0.425	0.4625	0.5	0.30525	0.2805	0.30525	0.33	0.37	0.34	0.37	0.4	0.555	0.51	0.555	0.6	0.6475	0.595	0.6475	0.7	0.37	0.34	0.37	0.4	0.30525	0.2805	0.30525	0.33	0.4625	0.425	0.4625	0.5	0.6475	0.595	0.6475	0.7	0.74	0.68	0.74	0.8	0.6475	0.595	0.6475	0.7	0.4625	0.425	0.4625	0.5	0.555	0.51	0.555	0.6	0.6475	0.595	0.6475	0.7	0.8325	0.765	0.8325	0.9	0.925	0.85	0.925	1	1	
