26
0 79.03 70.38 69.26 78.02 73.72 59.45 55.15 70.21 81.2 75.43 63.01 53.28 72.4 78.57 69.81 65.93 69.39 71.04 69.31 72.01 72.64 71.74 64.57 91.57 60.7 
79.03 0 11.03 11.16 17.56 6.31 19.58 31.47 11.02 10.53 14 16.24 26.72 7.83 19.05 9.23 13.27 9.69 8.93 12.38 10.17 8.79 10.42 14.68 14.71 19.89 
70.38 11.03 0 9.65 12.41 4.76 12.51 29.25 9.48 11.17 7.39 8.19 21.1 10.66 13.87 5.87 6.14 7.43 10.27 10.85 8.97 12.45 13.59 6.94 21.19 16.43 
69.26 11.16 9.65 0 14.12 4.9 10.93 27.52 9.62 12.65 7.35 6.66 19.47 9.58 15.58 4.53 4.43 6.01 9.03 10.48 9.11 11.33 12.34 5.31 22.36 14.7 
78.02 17.56 12.41 14.12 0 14.22 24.1 41.57 12.67 8.2 15.98 19.86 32.74 21.62 17.64 17.86 18.42 19.45 21.71 12.39 11.2 23.38 24.83 18.94 17.61 28.77 
73.72 6.31 4.76 4.9 14.22 0 14.61 29.26 4.72 9.9 10.36 10.72 22.63 7.4 15.78 4.7 7.86 6.02 7.58 6.1 4.21 9.16 10.62 9.17 18.24 16.7 
59.45 19.58 12.51 10.93 24.1 14.61 0 18.17 12.27 23.57 16.04 4.33 8.67 13.4 25.38 10.39 6.78 9.97 12.06 11.98 14.16 14.13 13.81 5.63 32.84 6.68 
55.15 31.47 29.25 27.52 41.57 29.26 18.17 0 28.98 39.16 29.31 21.96 11.05 23.65 42.96 24.62 23.15 23.24 22.64 29.18 30.67 22.82 21.3 22.67 46.18 12.82 
70.21 11.02 9.48 9.62 12.67 4.72 12.27 28.98 0 11.39 7.35 7.96 20.85 10.47 14.13 5.65 5.88 7.2 10.06 10.82 8.94 12.26 13.38 6.69 21.35 16.16 
81.2 10.53 11.17 12.65 8.2 9.9 23.57 39.16 11.39 0 10.42 19.31 32.02 16.59 9.44 14.54 16.9 15.92 17.14 12.03 9.49 18.12 19.74 17.94 10.88 26.52 
75.43 14 7.39 7.35 15.98 10.36 16.04 29.31 7.35 10.42 0 12.5 23.59 6.17 17.54 5.66 9.54 6.46 6.81 8.73 6.81 7.73 9.33 10.93 17.23 17.14 
63.01 16.24 8.19 6.66 19.86 10.72 4.33 21.96 7.96 19.31 12.5 0 12.98 11.28 21.18 7.08 11.09 7.23 10.08 7.66 9.85 12.48 12.66 9.96 28.83 9.52 
53.28 26.72 21.1 19.47 32.74 22.63 8.67 11.05 20.85 32.02 23.59 12.98 0 19.42 33.99 18.05 15.13 17.15 18.1 20.64 22.72 19.45 18.47 14.16 40.77 7.41 
72.4 7.83 10.66 9.58 21.62 7.4 13.4 23.65 10.47 16.59 6.17 11.28 19.42 0 23.18 5.19 8.71 4.19 9.7 11.65 11.01 9.89 10.63 9.97 22.53 12.29 
78.57 19.05 13.87 15.58 17.64 15.78 25.38 42.96 14.13 9.44 17.54 21.18 33.99 23.18 0 19.38 19.84 20.97 23.26 13.79 12.71 24.94 26.39 20.31 18.28 30.18 
69.81 9.23 5.87 4.53 17.86 4.7 10.39 24.62 5.65 14.54 5.66 7.08 18.05 5.19 19.38 0 8.96 9.38 4.51 6.66 6.7 6.87 7.82 5.55 22.72 12 
65.93 13.27 6.14 4.43 18.42 7.86 6.78 23.15 5.88 16.9 9.54 11.09 15.13 8.71 19.84 8.96 0 4.53 7.63 6.05 7.67 10.1 10.56 9.74 26.07 10.35 
69.39 9.69 7.43 6.01 19.45 6.02 9.97 23.24 7.2 15.92 6.46 7.23 17.15 4.19 20.97 9.38 4.53 0 12.17 8.15 8.29 5.69 6.44 5.84 23.68 10.76 
71.04 8.93 10.27 9.03 21.71 7.58 12.06 22.64 10.06 17.14 6.81 10.08 18.1 9.7 23.26 4.51 7.63 12.17 0 11.15 10.83 11.38 12.33 8.83 23.57 11.03 
69.31 12.38 10.85 10.48 12.39 6.1 11.98 29.18 10.82 12.03 8.73 7.66 20.64 11.65 13.79 6.66 6.05 8.15 11.15 0 10.31 13.41 14.46 6.58 22.28 16.39 
72.01 10.17 8.97 9.11 11.2 4.21 14.16 30.67 8.94 9.49 6.81 9.85 22.72 11.01 12.71 6.7 7.67 8.29 10.83 10.31 0 12.82 14.09 8.56 19.57 17.85 
72.64 8.79 12.45 11.33 23.38 9.16 14.13 22.82 12.26 18.12 7.73 12.48 19.45 9.89 24.94 6.87 10.1 5.69 11.38 13.41 12.82 0 12.14 11.27 23.46 12.12 
71.74 10.42 13.59 12.34 24.83 10.62 13.81 21.3 13.38 19.74 9.33 12.66 18.47 10.63 26.39 7.82 10.56 6.44 12.33 14.46 14.09 12.14 0 11.61 25.06 11.07 
64.57 14.68 6.94 5.31 18.94 9.17 5.63 22.67 6.69 17.94 10.93 9.96 14.16 9.97 20.31 5.55 9.74 5.84 8.83 6.58 8.56 11.27 11.61 0 27.33 9.98 
91.57 14.71 21.19 22.36 17.61 18.24 32.84 46.18 21.35 10.88 17.23 28.83 40.77 22.53 18.28 22.72 26.07 23.68 23.57 22.28 19.57 23.46 25.06 27.33 0 34.34 
60.7 19.89 16.43 14.7 28.77 16.7 6.68 12.82 16.16 26.52 17.14 9.52 7.41 12.29 30.18 12 10.35 10.76 11.03 16.39 17.85 12.12 11.07 9.98 34.34 0 
0	5000
0	130
0	143
0	154
0	179
0	210
0	253
0	307
0	371
0	391
0	408
0	428
0	448
0	491
0	560
0	609
0	628
0	637
0	657
0	675
0	691
0	709
0	726
0	742
0	781
0	838
C:
0 3 3 3 3 3 3 3 3 3 3 3 3 3 3 3 3 3 3 3 3 3 3 3 3 3 3 
1 0 1 1 1 1 1 1 1 1 1 1 1 1 1 1 1 1 1 1 1 1 1 1 1 1 1 
1 1 0 1 1 1 1 1 1 1 1 1 1 1 1 1 1 1 1 1 1 1 1 1 1 1 1 
1 1 1 0 1 1 1 1 1 1 1 1 1 1 1 1 1 1 1 1 1 1 1 1 1 1 1 
2 2 2 2 0 2 2 2 2 2 2 2 2 2 2 2 2 2 2 2 2 2 2 2 2 2 2 
1 1 1 1 1 0 1 1 1 1 1 1 1 1 1 1 1 1 1 1 1 1 1 1 1 1 1 
1 1 1 1 1 1 0 1 1 1 1 1 1 1 1 1 1 1 1 1 1 1 1 1 1 1 1 
3 3 3 3 3 3 3 0 3 3 3 3 3 3 3 3 3 3 3 3 3 3 3 3 3 3 3 
1 1 1 1 1 1 1 1 0 1 1 1 1 1 1 1 1 1 1 1 1 1 1 1 1 1 1 
1 1 1 1 1 1 1 1 1 0 1 1 1 1 1 1 1 1 1 1 1 1 1 1 1 1 1 
1 1 1 1 1 1 1 1 1 1 0 1 1 1 1 1 1 1 1 1 1 1 1 1 1 1 1 
1 1 1 1 1 1 1 1 1 1 1 0 1 1 1 1 1 1 1 1 1 1 1 1 1 1 1 
2 2 2 2 2 2 2 2 2 2 2 2 0 2 2 2 2 2 2 2 2 2 2 2 2 2 2 
1 1 1 1 1 1 1 1 1 1 1 1 1 0 1 1 1 1 1 1 1 1 1 1 1 1 1 
2 2 2 2 2 2 2 2 2 2 2 2 2 2 0 2 2 2 2 2 2 2 2 2 2 2 2 
1 1 1 1 1 1 1 1 1 1 1 1 1 1 1 0 1 1 1 1 1 1 1 1 1 1 1 
1 1 1 1 1 1 1 1 1 1 1 1 1 1 1 1 0 1 1 1 1 1 1 1 1 1 1 
1 1 1 1 1 1 1 1 1 1 1 1 1 1 1 1 1 0 1 1 1 1 1 1 1 1 1 
1 1 1 1 1 1 1 1 1 1 1 1 1 1 1 1 1 1 0 1 1 1 1 1 1 1 1 
1 1 1 1 1 1 1 1 1 1 1 1 1 1 1 1 1 1 1 0 1 1 1 1 1 1 1 
1 1 1 1 1 1 1 1 1 1 1 1 1 1 1 1 1 1 1 1 0 1 1 1 1 1 1 
1 1 1 1 1 1 1 1 1 1 1 1 1 1 1 1 1 1 1 1 1 0 1 1 1 1 1 
1 1 1 1 1 1 1 1 1 1 1 1 1 1 1 1 1 1 1 1 1 1 0 1 1 1 1 
1 1 1 1 1 1 1 1 1 1 1 1 1 1 1 1 1 1 1 1 1 1 1 0 1 1 1 
2 2 2 2 2 2 2 2 2 2 2 2 2 2 2 2 2 2 2 2 2 2 2 2 0 2 2 
1 1 1 1 1 1 1 1 1 1 1 1 1 1 1 1 1 1 1 1 1 1 1 1 1 0 1 
3 3 3 3 3 3 3 3 3 3 3 3 3 3 3 3 3 3 3 3 3 3 3 3 3 3 0 
Time:
0	15
15	30
30	45
45	60
60	75
75	90
90	105
105	120
120	135
135	150
150	165
165	180
180	195
195	210
210	225
225	240
240	255
255	270
270	285
285	300
300	315
315	330
330	345
345	360
360	375
375	390
390	405
405	420
420	435
435	450
450	465
465	480
480	495
495	510
510	525
525	540
540	555
555	570
570	585
585	600
600	615
615	630
630	645
645	660
660	675
675	690
690	705
705	720
720	735
735	750
750	765
765	780
780	795
795	810
810	825
825	840
840	855
855	870
870	885
885	900
900	915
915	930
930	945
945	960
960	975
975	990
990	1005
1005	1020
1020	1035
1035	1050
1050	1065
1065	1080
1080	5000
Speed:
0.925	0.85	0.925	1	0.8325	0.765	0.8325	0.9	0.4625	0.425	0.4625	0.5	0.30525	0.2805	0.30525	0.33	0.37	0.34	0.37	0.4	0.555	0.51	0.555	0.6	0.6475	0.595	0.6475	0.7	0.37	0.34	0.37	0.4	0.30525	0.2805	0.30525	0.33	0.4625	0.425	0.4625	0.5	0.6475	0.595	0.6475	0.7	0.74	0.68	0.74	0.8	0.6475	0.595	0.6475	0.7	0.4625	0.425	0.4625	0.5	0.555	0.51	0.555	0.6	0.6475	0.595	0.6475	0.7	0.8325	0.765	0.8325	0.9	0.925	0.85	0.925	1	1	
0.925	0.85	0.925	1	0.8325	0.765	0.8325	0.9	0.4625	0.425	0.4625	0.5	0.30525	0.2805	0.30525	0.33	0.37	0.34	0.37	0.4	0.555	0.51	0.555	0.6	0.6475	0.595	0.6475	0.7	0.37	0.34	0.37	0.4	0.30525	0.2805	0.30525	0.33	0.4625	0.425	0.4625	0.5	0.6475	0.595	0.6475	0.7	0.74	0.68	0.74	0.8	0.6475	0.595	0.6475	0.7	0.4625	0.425	0.4625	0.5	0.555	0.51	0.555	0.6	0.6475	0.595	0.6475	0.7	0.8325	0.765	0.8325	0.9	0.925	0.85	0.925	1	1	
0.925	0.85	0.925	1	0.8325	0.765	0.8325	0.9	0.4625	0.425	0.4625	0.5	0.30525	0.2805	0.30525	0.33	0.37	0.34	0.37	0.4	0.555	0.51	0.555	0.6	0.6475	0.595	0.6475	0.7	0.37	0.34	0.37	0.4	0.30525	0.2805	0.30525	0.33	0.4625	0.425	0.4625	0.5	0.6475	0.595	0.6475	0.7	0.74	0.68	0.74	0.8	0.6475	0.595	0.6475	0.7	0.4625	0.425	0.4625	0.5	0.555	0.51	0.555	0.6	0.6475	0.595	0.6475	0.7	0.8325	0.765	0.8325	0.9	0.925	0.85	0.925	1	1	
