26
0 72.3 90.57 63.74 81.43 72.67 81.02 61.18 71.48 58.68 68.2 69.62 70.19 79.59 59.29 89.59 73.33 82.01 69.08 69.96 67.07 77.07 80.33 71.16 68.68 80.47 
72.3 0 23.3 11.76 13.84 13.36 12.53 11.72 13.41 15.21 8.78 13.74 13.43 9.47 13.26 29.09 18.59 19.72 7.88 8.03 10.71 7.3 11.25 18.02 7.05 17.61 
90.57 23.3 0 27.22 9.87 22.13 10.9 34.16 24.12 37.94 31.86 20.97 23.55 13.84 32.92 10.19 18.33 9.36 30.85 21.37 33.82 16.1 12.1 20.26 30.22 10.34 
63.74 11.76 27.22 0 17.74 11.23 17.29 11.15 11.36 14.49 15.73 7.57 8.71 16.1 6.62 28.96 13.4 19.78 15.55 6.26 16.84 13.69 16.63 11.61 14.39 17.83 
81.43 13.84 9.87 17.74 0 12.57 11.79 24.32 14.6 28.11 22.59 12.51 13.75 4.87 23.14 15.62 12.31 7.18 21.64 11.66 24.54 6.54 13.84 13.53 20.88 5.69 
72.67 13.36 22.13 11.23 12.57 0 11.3 12.5 14.13 16.1 10.12 12.57 12.33 8.35 13.44 27.74 17.28 18.35 9.24 6.93 12.04 6.06 10.05 16.77 8.38 16.23 
81.02 12.53 10.9 17.29 11.79 11.3 0 23.28 13.32 27.05 21.24 12.64 12.65 16.65 22.41 17.11 13.12 8.67 20.27 11.08 23.19 5.24 15.22 14.15 19.55 7.07 
61.18 11.72 34.16 11.15 24.32 12.5 23.28 0 10.84 14.4 7.87 18.08 10.64 20.69 5.98 38.22 24.04 28.66 8.46 13.83 7.77 18.21 22.15 22.49 7.76 26.53 
71.48 13.41 24.12 11.36 14.6 14.13 13.32 10.84 0 14.33 8.1 13.84 13.49 10.3 12.51 29.76 18.87 20.35 7.24 8.1 10.01 8.08 12.05 18.2 6.35 18.23 
58.68 15.21 37.94 14.49 28.11 16.1 27.05 14.4 14.33 0 9.53 21.68 14.4 24.38 8.43 42.04 27.65 32.48 10.4 17.63 8.61 21.93 25.9 26.02 10.07 30.35 
68.2 8.78 31.86 15.73 22.59 10.12 21.24 7.87 8.1 9.53 0 20.7 9.99 18.05 13.02 37.86 26.26 28.44 15.34 15.17 15.64 16.04 19.93 25.25 14.45 26.31 
69.62 13.74 20.97 7.57 12.51 12.57 12.64 18.08 13.84 21.68 20.7 0 11.13 12.93 14.18 21.52 5.97 12.65 20.18 5.74 22.23 11.3 12.52 4.57 19.06 10.91 
70.19 13.43 23.55 8.71 13.75 12.33 12.65 10.64 13.49 14.4 9.99 11.13 0 10.09 10.91 28.31 16.38 18.76 9.31 5.4 11.76 7.58 11.51 15.57 8.26 16.61 
79.59 9.47 13.84 16.1 4.87 8.35 16.65 20.69 10.3 24.38 18.05 12.93 10.09 0 20.5 20.48 14.81 11.85 17.06 9.86 20.01 11.41 18.21 15.42 16.39 10.06 
59.29 13.26 32.92 6.62 23.14 13.44 22.41 5.98 12.51 8.43 13.02 14.18 10.91 20.5 0 35.44 20.01 26.11 13.29 11.56 13.4 17.94 21.51 18.18 12.31 24.08 
89.59 29.09 10.19 28.96 15.62 27.74 17.11 38.22 29.76 42.04 37.86 21.52 28.31 20.48 35.44 0 16.52 9.58 36.97 24.42 39.77 21.97 18.44 18.71 36.12 11.72 
73.33 18.59 18.33 13.4 12.31 17.28 13.12 24.04 18.87 27.65 26.26 5.97 16.38 14.81 20.01 16.52 0 9.04 25.66 11.09 27.89 14.13 13.61 10.54 24.56 8.13 
82.01 19.72 9.36 19.78 7.18 18.35 8.67 28.66 20.35 32.48 28.44 12.65 18.76 11.85 26.11 9.58 9.04 0 27.59 14.88 30.33 12.85 9.87 11.07 26.69 12.87 
69.08 7.88 30.85 15.55 21.64 9.24 20.27 8.46 7.24 10.4 15.34 20.18 9.31 17.06 13.29 36.97 25.66 27.59 0 14.58 16.23 15.1 18.96 24.72 13.6 25.47 
69.96 8.03 21.37 6.26 11.66 6.93 11.08 13.83 8.1 17.63 15.17 5.74 5.4 9.86 11.56 24.42 11.09 14.88 14.58 0 16.81 7.53 10.38 10.17 13.48 12.78 
67.07 10.71 33.82 16.84 24.54 12.04 23.19 7.77 10.01 8.61 15.64 22.23 11.76 20.01 13.4 39.77 27.89 30.33 16.23 16.81 0 17.99 21.89 26.79 15.53 28.19 
77.07 7.3 16.1 13.69 6.54 6.06 5.24 18.21 8.08 21.93 16.04 11.3 7.58 11.41 17.94 21.97 14.13 12.85 15.1 7.53 17.99 0 16.1 14.38 14.34 10.84 
80.33 11.25 12.1 16.63 13.84 10.05 15.22 22.15 12.05 25.9 19.93 12.52 11.51 18.21 21.51 18.44 13.61 9.87 18.96 10.38 21.89 16.1 0 14.45 18.25 8.15 
71.16 18.02 20.26 11.61 13.53 16.77 14.15 22.49 18.2 26.02 25.25 4.57 15.57 15.42 18.18 18.71 10.54 11.07 24.72 10.17 26.79 14.38 14.45 0 23.6 9.95 
68.68 7.05 30.22 14.39 20.88 8.38 19.55 7.76 6.35 10.07 14.45 19.06 8.26 16.39 12.31 36.12 24.56 26.69 13.6 13.48 15.53 14.34 18.25 23.6 0 24.56 
80.47 17.61 10.34 17.83 5.69 16.23 7.07 26.53 18.23 30.35 26.31 10.91 16.61 10.06 24.08 11.72 8.13 12.87 25.47 12.78 28.19 10.84 8.15 9.95 24.56 0 
0	5000
0	121
0	150
0	199
0	245
0	285
0	317
0	367
0	386
0	410
0	425
0	457
0	484
0	511
0	576
0	650
0	677
0	690
0	729
0	749
0	772
0	801
0	826
0	859
0	905
0	947
C:
0 3 3 3 3 3 3 3 3 3 3 3 3 3 3 3 3 3 3 3 3 3 3 3 3 3 3 
1 0 1 1 1 1 1 1 1 1 1 1 1 1 1 1 1 1 1 1 1 1 1 1 1 1 1 
2 2 0 2 2 2 2 2 2 2 2 2 2 2 2 2 2 2 2 2 2 2 2 2 2 2 2 
1 1 1 0 1 1 1 1 1 1 1 1 1 1 1 1 1 1 1 1 1 1 1 1 1 1 1 
1 1 1 1 0 1 1 1 1 1 1 1 1 1 1 1 1 1 1 1 1 1 1 1 1 1 1 
1 1 1 1 1 0 1 1 1 1 1 1 1 1 1 1 1 1 1 1 1 1 1 1 1 1 1 
1 1 1 1 1 1 0 1 1 1 1 1 1 1 1 1 1 1 1 1 1 1 1 1 1 1 1 
1 1 1 1 1 1 1 0 1 1 1 1 1 1 1 1 1 1 1 1 1 1 1 1 1 1 1 
1 1 1 1 1 1 1 1 0 1 1 1 1 1 1 1 1 1 1 1 1 1 1 1 1 1 1 
2 2 2 2 2 2 2 2 2 0 2 2 2 2 2 2 2 2 2 2 2 2 2 2 2 2 2 
1 1 1 1 1 1 1 1 1 1 0 1 1 1 1 1 1 1 1 1 1 1 1 1 1 1 1 
1 1 1 1 1 1 1 1 1 1 1 0 1 1 1 1 1 1 1 1 1 1 1 1 1 1 1 
1 1 1 1 1 1 1 1 1 1 1 1 0 1 1 1 1 1 1 1 1 1 1 1 1 1 1 
1 1 1 1 1 1 1 1 1 1 1 1 1 0 1 1 1 1 1 1 1 1 1 1 1 1 1 
1 1 1 1 1 1 1 1 1 1 1 1 1 1 0 1 1 1 1 1 1 1 1 1 1 1 1 
2 2 2 2 2 2 2 2 2 2 2 2 2 2 2 0 2 2 2 2 2 2 2 2 2 2 2 
1 1 1 1 1 1 1 1 1 1 1 1 1 1 1 1 0 1 1 1 1 1 1 1 1 1 1 
1 1 1 1 1 1 1 1 1 1 1 1 1 1 1 1 1 0 1 1 1 1 1 1 1 1 1 
1 1 1 1 1 1 1 1 1 1 1 1 1 1 1 1 1 1 0 1 1 1 1 1 1 1 1 
1 1 1 1 1 1 1 1 1 1 1 1 1 1 1 1 1 1 1 0 1 1 1 1 1 1 1 
2 2 2 2 2 2 2 2 2 2 2 2 2 2 2 2 2 2 2 2 0 2 2 2 2 2 2 
1 1 1 1 1 1 1 1 1 1 1 1 1 1 1 1 1 1 1 1 1 0 1 1 1 1 1 
1 1 1 1 1 1 1 1 1 1 1 1 1 1 1 1 1 1 1 1 1 1 0 1 1 1 1 
1 1 1 1 1 1 1 1 1 1 1 1 1 1 1 1 1 1 1 1 1 1 1 0 1 1 1 
1 1 1 1 1 1 1 1 1 1 1 1 1 1 1 1 1 1 1 1 1 1 1 1 0 1 1 
1 1 1 1 1 1 1 1 1 1 1 1 1 1 1 1 1 1 1 1 1 1 1 1 1 0 1 
3 3 3 3 3 3 3 3 3 3 3 3 3 3 3 3 3 3 3 3 3 3 3 3 3 3 0 
Time:
0	15
15	30
30	45
45	60
60	75
75	90
90	105
105	120
120	135
135	150
150	165
165	180
180	195
195	210
210	225
225	240
240	255
255	270
270	285
285	300
300	315
315	330
330	345
345	360
360	375
375	390
390	405
405	420
420	435
435	450
450	465
465	480
480	495
495	510
510	525
525	540
540	555
555	570
570	585
585	600
600	615
615	630
630	645
645	660
660	675
675	690
690	705
705	720
720	735
735	750
750	765
765	780
780	795
795	810
810	825
825	840
840	855
855	870
870	885
885	900
900	915
915	930
930	945
945	960
960	975
975	990
990	1005
1005	1020
1020	1035
1035	1050
1050	1065
1065	1080
1080	5000
Speed:
0.925	0.85	0.925	1	0.8325	0.765	0.8325	0.9	0.4625	0.425	0.4625	0.5	0.30525	0.2805	0.30525	0.33	0.37	0.34	0.37	0.4	0.555	0.51	0.555	0.6	0.6475	0.595	0.6475	0.7	0.37	0.34	0.37	0.4	0.30525	0.2805	0.30525	0.33	0.4625	0.425	0.4625	0.5	0.6475	0.595	0.6475	0.7	0.74	0.68	0.74	0.8	0.6475	0.595	0.6475	0.7	0.4625	0.425	0.4625	0.5	0.555	0.51	0.555	0.6	0.6475	0.595	0.6475	0.7	0.8325	0.765	0.8325	0.9	0.925	0.85	0.925	1	1	
0.925	0.85	0.925	1	0.8325	0.765	0.8325	0.9	0.4625	0.425	0.4625	0.5	0.30525	0.2805	0.30525	0.33	0.37	0.34	0.37	0.4	0.555	0.51	0.555	0.6	0.6475	0.595	0.6475	0.7	0.37	0.34	0.37	0.4	0.30525	0.2805	0.30525	0.33	0.4625	0.425	0.4625	0.5	0.6475	0.595	0.6475	0.7	0.74	0.68	0.74	0.8	0.6475	0.595	0.6475	0.7	0.4625	0.425	0.4625	0.5	0.555	0.51	0.555	0.6	0.6475	0.595	0.6475	0.7	0.8325	0.765	0.8325	0.9	0.925	0.85	0.925	1	1	
0.925	0.85	0.925	1	0.8325	0.765	0.8325	0.9	0.4625	0.425	0.4625	0.5	0.30525	0.2805	0.30525	0.33	0.37	0.34	0.37	0.4	0.555	0.51	0.555	0.6	0.6475	0.595	0.6475	0.7	0.37	0.34	0.37	0.4	0.30525	0.2805	0.30525	0.33	0.4625	0.425	0.4625	0.5	0.6475	0.595	0.6475	0.7	0.74	0.68	0.74	0.8	0.6475	0.595	0.6475	0.7	0.4625	0.425	0.4625	0.5	0.555	0.51	0.555	0.6	0.6475	0.595	0.6475	0.7	0.8325	0.765	0.8325	0.9	0.925	0.85	0.925	1	1	
