26
0 55.07 80.39 54.77 68.46 66.84 54.47 69.74 81.61 85.13 54.01 88.06 60.64 71.51 73.72 77.26 72.97 53.32 60.89 55.05 105.61 77.17 73.33 100.67 60.27 86.84 
55.07 0 25.32 4.7 14.75 15.84 10.13 16.28 29.57 30.07 11.64 33.18 6.3 21.07 19.42 26.15 18.02 9.84 14.06 14.25 54.67 28.27 19.72 46.72 6.28 32.26 
80.39 25.32 0 26.28 13.96 18.79 28.74 13.8 15.56 4.76 26.5 8.67 20.02 18.04 9.5 16.76 7.91 29.58 25.02 25.56 35.45 21.3 11.62 23.58 20.52 9.15 
54.77 4.7 26.28 0 17.8 13.23 5.44 15.07 32.7 31.03 6.94 34.61 9.79 24.91 18.95 29.64 18.5 5.26 9.96 11.89 57.66 32.15 18.67 48.77 10.05 34.05 
68.46 14.75 13.96 17.8 0 18.65 22.31 14.87 14.92 18.09 14.89 19.97 8.45 8.26 14.18 11.97 10.44 22.65 22.05 16.19 39.97 15.14 16.16 32.35 8.57 18.44 
66.84 15.84 18.79 13.23 18.65 0 12.38 5.06 30.91 22.93 18.25 27.38 15.61 26.89 9.34 29.55 11.67 13.53 6.65 14.11 53.88 33.41 7.64 42.35 16.33 27.88 
54.47 10.13 28.74 5.44 22.31 12.38 0 15.88 37.01 33.36 12.27 37.34 14.85 29.85 20.26 34.28 20.84 10.7 6.76 7.56 61.7 37.08 19.34 51.93 15.21 37.14 
69.74 16.28 13.8 15.07 14.87 5.06 15.88 0 26.08 18.06 18.4 22.43 14.04 22.89 4.5 25.01 6.65 16.89 11.28 15.27 48.83 29.06 12.7 37.37 14.78 22.84 
81.61 29.57 15.56 32.7 14.92 30.91 37.01 26.08 0 15.89 29.41 13.77 23.29 10.17 23.03 4.56 19.53 37.44 35.76 31.1 25.1 7.5 25.43 19.77 23.31 10.93 
85.13 30.07 4.76 31.03 18.09 22.93 33.36 18.06 15.89 0 31.2 4.7 24.67 20.8 13.6 18.27 12.59 34.23 29.34 30.32 32.41 22.66 15.43 19.55 25.14 6.43 
54.01 11.64 26.5 6.94 14.89 18.25 12.27 18.4 29.41 31.2 0 34.05 6.65 20.4 21.26 25.73 19.52 11.83 16.54 4.94 54.5 27.48 21.75 47.18 6.36 32.94 
88.06 33.18 8.67 34.61 19.97 27.38 37.34 22.43 13.77 4.7 34.05 0 27.41 20.82 18.05 17.11 16.51 38.14 33.68 33.71 27.73 21.11 19.99 14.97 27.8 11.14 
60.64 6.3 20.02 9.79 8.45 15.61 14.85 14.04 23.29 24.67 6.65 27.41 0 15.12 15.91 19.96 13.51 14.95 16.49 7.95 48.38 22.36 16.91 40.59 12.58 26.29 
71.51 21.07 18.04 24.91 8.26 26.89 29.85 22.89 10.17 20.8 20.4 20.82 15.12 0 21.49 5.76 17.58 30.04 30.21 23.04 34.55 7.24 23.69 29.82 14.91 18.42 
73.72 19.42 9.5 18.95 14.18 9.34 20.26 4.5 23.03 13.6 21.26 18.05 15.91 21.49 0 22.63 11.15 21.24 15.75 18.83 44.84 26.94 16.98 33.02 16.6 18.64 
77.26 26.15 16.76 29.64 11.97 29.55 34.28 25.01 4.56 18.27 25.73 17.11 19.96 5.76 22.63 0 18.84 34.59 33.76 27.9 28.89 4.54 25 24.33 19.88 14.41 
72.97 18.02 7.91 18.5 10.44 11.67 20.84 6.65 19.53 12.59 19.52 16.51 13.51 17.58 11.15 18.84 0 21.67 17.44 17.95 42.26 23.09 6.2 31.27 14.14 16.54 
53.32 9.84 29.58 5.26 22.65 13.53 10.7 16.89 37.44 34.23 11.83 38.14 14.95 30.04 21.24 34.59 21.67 0 7.95 7.35 62.23 37.27 20.38 52.66 15.26 37.88 
60.89 14.06 25.02 9.96 22.05 6.65 6.76 11.28 35.76 29.34 16.54 33.68 16.49 30.21 15.75 33.76 17.44 7.95 0 11.66 59.57 37.19 14.26 48.59 17.08 33.95 
55.05 14.25 25.56 11.89 16.19 14.11 7.56 15.27 31.1 30.32 4.94 33.71 7.95 23.04 18.83 27.9 17.95 7.35 11.66 0 56.14 30.27 18.82 47.63 8.13 33 
105.61 54.67 35.45 57.66 39.97 53.88 61.7 48.83 25.1 32.41 54.5 27.73 48.38 34.55 44.84 28.89 42.26 62.23 59.57 56.14 0 28.43 47.05 14.99 48.41 26.36 
77.17 28.27 21.3 32.15 15.14 33.41 37.08 29.06 7.5 22.66 27.48 21.11 22.36 7.24 26.94 4.54 23.09 37.27 37.19 30.27 28.43 0 29.28 26.3 22.14 18.32 
73.33 19.72 11.62 18.67 16.16 7.64 19.34 12.7 25.43 15.43 21.75 19.99 16.91 23.69 16.98 25 6.2 20.38 14.26 18.82 47.05 29.28 0 34.95 17.63 20.77 
100.67 46.72 23.58 48.77 32.35 42.35 51.93 37.37 19.77 19.55 47.18 14.97 40.59 29.82 33.02 24.33 31.27 52.66 48.59 47.63 14.99 26.3 34.95 0 40.83 14.79 
60.27 6.28 20.52 10.05 8.57 16.33 15.21 14.78 23.31 25.14 6.36 27.8 12.58 14.91 16.6 19.88 14.14 15.26 17.08 8.13 48.41 22.14 17.63 40.83 0 26.61 
86.84 32.26 9.15 34.05 18.44 27.88 37.14 22.84 10.93 6.43 32.94 11.14 26.29 18.42 18.64 14.41 16.54 37.88 33.95 33 26.36 18.32 20.77 14.79 26.61 0 
0	5000
0	100
0	132
0	163
0	203
0	254
0	291
0	335
0	384
0	410
0	459
0	556
0	624
0	651
0	686
0	717
0	744
0	773
0	787
0	805
0	913
0	960
0	1004
0	1047
0	1093
0	1121
C:
0 3 3 3 3 3 3 3 3 3 3 3 3 3 3 3 3 3 3 3 3 3 3 3 3 3 3 
2 0 2 2 2 2 2 2 2 2 2 2 2 2 2 2 2 2 2 2 2 2 2 2 2 2 2 
1 1 0 1 1 1 1 1 1 1 1 1 1 1 1 1 1 1 1 1 1 1 1 1 1 1 1 
2 2 2 0 2 2 2 2 2 2 2 2 2 2 2 2 2 2 2 2 2 2 2 2 2 2 2 
1 1 1 1 0 1 1 1 1 1 1 1 1 1 1 1 1 1 1 1 1 1 1 1 1 1 1 
1 1 1 1 1 0 1 1 1 1 1 1 1 1 1 1 1 1 1 1 1 1 1 1 1 1 1 
2 2 2 2 2 2 0 2 2 2 2 2 2 2 2 2 2 2 2 2 2 2 2 2 2 2 2 
1 1 1 1 1 1 1 0 1 1 1 1 1 1 1 1 1 1 1 1 1 1 1 1 1 1 1 
2 2 2 2 2 2 2 2 0 2 2 2 2 2 2 2 2 2 2 2 2 2 2 2 2 2 2 
1 1 1 1 1 1 1 1 1 0 1 1 1 1 1 1 1 1 1 1 1 1 1 1 1 1 1 
2 2 2 2 2 2 2 2 2 2 0 2 2 2 2 2 2 2 2 2 2 2 2 2 2 2 2 
2 2 2 2 2 2 2 2 2 2 2 0 2 2 2 2 2 2 2 2 2 2 2 2 2 2 2 
1 1 1 1 1 1 1 1 1 1 1 1 0 1 1 1 1 1 1 1 1 1 1 1 1 1 1 
1 1 1 1 1 1 1 1 1 1 1 1 1 0 1 1 1 1 1 1 1 1 1 1 1 1 1 
1 1 1 1 1 1 1 1 1 1 1 1 1 1 0 1 1 1 1 1 1 1 1 1 1 1 1 
2 2 2 2 2 2 2 2 2 2 2 2 2 2 2 0 2 2 2 2 2 2 2 2 2 2 2 
1 1 1 1 1 1 1 1 1 1 1 1 1 1 1 1 0 1 1 1 1 1 1 1 1 1 1 
2 2 2 2 2 2 2 2 2 2 2 2 2 2 2 2 2 0 2 2 2 2 2 2 2 2 2 
2 2 2 2 2 2 2 2 2 2 2 2 2 2 2 2 2 2 0 2 2 2 2 2 2 2 2 
2 2 2 2 2 2 2 2 2 2 2 2 2 2 2 2 2 2 2 0 2 2 2 2 2 2 2 
3 3 3 3 3 3 3 3 3 3 3 3 3 3 3 3 3 3 3 3 0 3 3 3 3 3 3 
2 2 2 2 2 2 2 2 2 2 2 2 2 2 2 2 2 2 2 2 2 0 2 2 2 2 2 
1 1 1 1 1 1 1 1 1 1 1 1 1 1 1 1 1 1 1 1 1 1 0 1 1 1 1 
3 3 3 3 3 3 3 3 3 3 3 3 3 3 3 3 3 3 3 3 3 3 3 0 3 3 3 
1 1 1 1 1 1 1 1 1 1 1 1 1 1 1 1 1 1 1 1 1 1 1 1 0 1 1 
2 2 2 2 2 2 2 2 2 2 2 2 2 2 2 2 2 2 2 2 2 2 2 2 2 0 2 
3 3 3 3 3 3 3 3 3 3 3 3 3 3 3 3 3 3 3 3 3 3 3 3 3 3 0 
Time:
0	15
15	30
30	45
45	60
60	75
75	90
90	105
105	120
120	135
135	150
150	165
165	180
180	195
195	210
210	225
225	240
240	255
255	270
270	285
285	300
300	315
315	330
330	345
345	360
360	375
375	390
390	405
405	420
420	435
435	450
450	465
465	480
480	495
495	510
510	525
525	540
540	555
555	570
570	585
585	600
600	615
615	630
630	645
645	660
660	675
675	690
690	705
705	720
720	735
735	750
750	765
765	780
780	795
795	810
810	825
825	840
840	855
855	870
870	885
885	900
900	915
915	930
930	945
945	960
960	975
975	990
990	1005
1005	1020
1020	1035
1035	1050
1050	1065
1065	1080
1080	5000
Speed:
0.925	0.85	0.925	1	0.8325	0.765	0.8325	0.9	0.4625	0.425	0.4625	0.5	0.30525	0.2805	0.30525	0.33	0.37	0.34	0.37	0.4	0.555	0.51	0.555	0.6	0.6475	0.595	0.6475	0.7	0.37	0.34	0.37	0.4	0.30525	0.2805	0.30525	0.33	0.4625	0.425	0.4625	0.5	0.6475	0.595	0.6475	0.7	0.74	0.68	0.74	0.8	0.6475	0.595	0.6475	0.7	0.4625	0.425	0.4625	0.5	0.555	0.51	0.555	0.6	0.6475	0.595	0.6475	0.7	0.8325	0.765	0.8325	0.9	0.925	0.85	0.925	1	1	
0.925	0.85	0.925	1	0.8325	0.765	0.8325	0.9	0.4625	0.425	0.4625	0.5	0.30525	0.2805	0.30525	0.33	0.37	0.34	0.37	0.4	0.555	0.51	0.555	0.6	0.6475	0.595	0.6475	0.7	0.37	0.34	0.37	0.4	0.30525	0.2805	0.30525	0.33	0.4625	0.425	0.4625	0.5	0.6475	0.595	0.6475	0.7	0.74	0.68	0.74	0.8	0.6475	0.595	0.6475	0.7	0.4625	0.425	0.4625	0.5	0.555	0.51	0.555	0.6	0.6475	0.595	0.6475	0.7	0.8325	0.765	0.8325	0.9	0.925	0.85	0.925	1	1	
0.925	0.85	0.925	1	0.8325	0.765	0.8325	0.9	0.4625	0.425	0.4625	0.5	0.30525	0.2805	0.30525	0.33	0.37	0.34	0.37	0.4	0.555	0.51	0.555	0.6	0.6475	0.595	0.6475	0.7	0.37	0.34	0.37	0.4	0.30525	0.2805	0.30525	0.33	0.4625	0.425	0.4625	0.5	0.6475	0.595	0.6475	0.7	0.74	0.68	0.74	0.8	0.6475	0.595	0.6475	0.7	0.4625	0.425	0.4625	0.5	0.555	0.51	0.555	0.6	0.6475	0.595	0.6475	0.7	0.8325	0.765	0.8325	0.9	0.925	0.85	0.925	1	1	
