26
0 72.89 77.61 71.33 68.48 57.28 75.72 79.8 87.79 73.7 82.62 66.98 90.98 83.63 57.57 91.41 62.6 60.31 61.67 68.45 69.74 77.18 49.71 82.18 68.8 98.91 
72.89 0 38.99 20.4 25.45 16.48 32.53 21.57 48.38 12 30.57 21.69 31.52 22.34 24.65 46.02 23.4 20.62 21.37 26.1 25.09 18.87 25.87 34.91 23.12 47.16 
77.61 38.99 0 35.08 15.03 44.44 6.47 19.87 11.44 27.14 12.62 19.11 21.59 22.43 24.9 13.79 20.85 25.45 55.73 14.5 14.74 21.21 34.55 7.99 16.91 21.79 
71.33 20.4 35.08 0 21.38 16.44 28.63 18.37 44.7 8.4 27.18 17.61 29.03 19.68 20.93 42.61 19.41 16.85 23.49 22.03 21.04 15.47 23.14 31.31 19.05 44.27 
68.48 25.45 15.03 21.38 0 29.42 9.39 13.05 26.11 14.66 14.22 11 22.7 17.12 11.49 26.39 6.55 10.79 40.76 13.37 14.13 11.87 21.1 15.01 12.78 31.77 
57.28 16.48 44.44 16.44 29.42 0 38.61 32.58 55.44 22.84 40.17 25.39 44.24 34.93 21.71 54.9 24.02 19.44 12.14 29.95 29.83 29.4 16.35 43.16 27.7 58.29 
75.72 32.53 6.47 28.63 9.39 38.61 0 13.88 16.83 20.67 8.55 13.25 18.27 16.91 20.39 17.11 15.77 20.17 49.65 8.99 8.8 14.88 30.14 6.46 10.92 23.31 
79.8 21.57 19.87 18.37 13.05 32.58 13.88 0 27.44 10.12 9.13 13.02 11.95 19.49 22.33 24.5 17.47 19.55 41.63 13.44 11.77 17.22 30.48 13.92 11.7 26 
87.79 48.38 11.44 44.7 26.11 55.44 16.83 27.44 0 36.39 18.42 30.06 23.86 28.64 36.33 6.6 32.19 36.74 66.41 25.63 25.61 29.66 45.98 13.56 27.75 15.52 
73.7 12 27.14 8.4 14.66 22.84 20.67 10.12 36.39 0 18.78 11.7 21.42 12.1 18.39 34.21 15.01 14.5 31.52 15.3 13.99 7.1 24.05 22.94 12.34 36.11 
82.62 30.57 12.62 27.18 14.22 40.17 8.55 9.13 18.42 18.78 0 16.63 9.72 10.37 25.61 15.45 20.53 24.09 50.03 14.19 13.02 11.72 34.97 5.17 14.39 18.28 
66.98 21.69 19.11 17.61 11 25.39 13.25 13.02 30.06 11.7 16.63 0 24.04 17.04 9.41 29.97 4.45 7.47 36.64 4.73 4.45 10.92 18.37 18.35 10.68 34.72 
90.98 31.52 21.59 29.03 22.7 44.24 18.27 11.95 23.86 21.42 9.72 24.04 0 9.38 33.44 18.55 28.38 31.12 52.52 22.84 21.39 15.08 42.15 13.59 22.18 16.21 
83.63 22.34 22.43 19.68 17.12 34.93 16.91 19.49 28.64 12.1 10.37 17.04 9.38 0 26.27 24.83 21.49 23.33 43.17 17.48 15.83 6.47 34.15 15.53 15.78 24.86 
57.57 24.65 24.9 20.93 11.49 21.71 20.39 22.33 36.33 18.39 25.61 9.41 33.44 26.27 0 37.49 5.1 9.74 33.82 11.67 12.61 19.93 9.75 26.41 11.33 43.25 
91.41 46.02 13.79 42.61 26.39 54.9 17.11 24.5 6.6 34.21 15.45 29.97 18.55 24.83 37.49 0 32.87 37.17 65.24 26.05 25.61 27.17 47.24 11.74 27.57 9.12 
62.6 23.4 20.85 19.41 6.55 24.02 15.77 17.47 32.19 15.01 20.53 4.45 28.38 21.49 5.1 32.87 0 4.63 35.81 6.82 7.58 15.3 14.56 21.56 6.23 38.3 
60.31 20.62 25.45 16.85 10.79 19.44 20.17 19.55 36.74 14.5 24.09 7.47 31.12 23.33 9.74 37.17 4.63 0 31.32 11.18 11.6 16.87 11.03 25.68 9.79 42.18 
61.67 21.37 55.73 23.49 40.76 12.14 49.65 41.63 66.41 31.52 50.03 36.64 52.52 43.17 33.82 65.24 35.81 31.32 0 41.33 41 38.57 28.09 53.59 38.83 67.63 
68.45 26.1 14.5 22.03 13.37 29.95 8.99 13.44 25.63 15.3 14.19 4.73 22.84 17.48 11.67 26.05 6.82 11.18 41.33 0 9.18 12.37 21.34 14.76 13.06 31.58 
69.74 25.09 14.74 21.04 14.13 29.83 8.8 11.77 25.61 13.99 13.02 4.45 21.39 15.83 12.61 25.61 7.58 11.6 41 9.18 0 10.72 22.13 14.09 13.81 30.73 
77.18 18.87 21.21 15.47 11.87 29.4 14.88 17.22 29.66 7.1 11.72 10.92 15.08 6.47 19.93 27.17 15.3 16.87 38.57 12.37 10.72 0 27.68 16.12 10.08 29.1 
49.71 25.87 34.55 23.14 21.1 16.35 30.14 30.48 45.98 24.05 34.97 18.37 42.15 34.15 9.75 47.24 14.56 11.03 28.09 21.34 22.13 27.68 0 36.1 20.58 52.86 
82.18 34.91 7.99 31.31 15.01 43.16 6.46 13.92 13.56 22.94 5.17 18.35 13.59 15.53 26.41 11.74 21.56 25.68 53.59 14.76 14.09 16.12 36.1 0 15.96 16.93 
68.8 23.12 16.91 19.05 12.78 27.7 10.92 11.7 27.75 12.34 14.39 10.68 22.18 15.78 11.33 27.57 6.23 9.79 38.83 13.06 13.81 10.08 20.58 15.96 0 32.39 
98.91 47.16 21.79 44.27 31.77 58.29 23.31 26 15.52 36.11 18.28 34.72 16.21 24.86 43.25 9.12 38.3 42.18 67.63 31.58 30.73 29.1 52.86 16.93 32.39 0 
0	5000
0	122
0	174
0	267
0	327
0	385
0	447
0	472
0	553
0	640
0	671
0	696
0	729
0	742
0	779
0	844
0	910
0	918
0	970
0	1026
0	1038
0	1050
0	1081
0	1119
0	1135
0	1168
C:
0 3 3 3 3 3 3 3 3 3 3 3 3 3 3 3 3 3 3 3 3 3 3 3 3 3 3 
2 0 2 2 2 2 2 2 2 2 2 2 2 2 2 2 2 2 2 2 2 2 2 2 2 2 2 
2 2 0 2 2 2 2 2 2 2 2 2 2 2 2 2 2 2 2 2 2 2 2 2 2 2 2 
2 2 2 0 2 2 2 2 2 2 2 2 2 2 2 2 2 2 2 2 2 2 2 2 2 2 2 
1 1 1 1 0 1 1 1 1 1 1 1 1 1 1 1 1 1 1 1 1 1 1 1 1 1 1 
3 3 3 3 3 0 3 3 3 3 3 3 3 3 3 3 3 3 3 3 3 3 3 3 3 3 3 
1 1 1 1 1 1 0 1 1 1 1 1 1 1 1 1 1 1 1 1 1 1 1 1 1 1 1 
1 1 1 1 1 1 1 0 1 1 1 1 1 1 1 1 1 1 1 1 1 1 1 1 1 1 1 
3 3 3 3 3 3 3 3 0 3 3 3 3 3 3 3 3 3 3 3 3 3 3 3 3 3 3 
1 1 1 1 1 1 1 1 1 0 1 1 1 1 1 1 1 1 1 1 1 1 1 1 1 1 1 
1 1 1 1 1 1 1 1 1 1 0 1 1 1 1 1 1 1 1 1 1 1 1 1 1 1 1 
1 1 1 1 1 1 1 1 1 1 1 0 1 1 1 1 1 1 1 1 1 1 1 1 1 1 1 
2 2 2 2 2 2 2 2 2 2 2 2 0 2 2 2 2 2 2 2 2 2 2 2 2 2 2 
1 1 1 1 1 1 1 1 1 1 1 1 1 0 1 1 1 1 1 1 1 1 1 1 1 1 1 
1 1 1 1 1 1 1 1 1 1 1 1 1 1 0 1 1 1 1 1 1 1 1 1 1 1 1 
3 3 3 3 3 3 3 3 3 3 3 3 3 3 3 0 3 3 3 3 3 3 3 3 3 3 3 
1 1 1 1 1 1 1 1 1 1 1 1 1 1 1 1 0 1 1 1 1 1 1 1 1 1 1 
1 1 1 1 1 1 1 1 1 1 1 1 1 1 1 1 1 0 1 1 1 1 1 1 1 1 1 
3 3 3 3 3 3 3 3 3 3 3 3 3 3 3 3 3 3 0 3 3 3 3 3 3 3 3 
1 1 1 1 1 1 1 1 1 1 1 1 1 1 1 1 1 1 1 0 1 1 1 1 1 1 1 
1 1 1 1 1 1 1 1 1 1 1 1 1 1 1 1 1 1 1 1 0 1 1 1 1 1 1 
1 1 1 1 1 1 1 1 1 1 1 1 1 1 1 1 1 1 1 1 1 0 1 1 1 1 1 
2 2 2 2 2 2 2 2 2 2 2 2 2 2 2 2 2 2 2 2 2 2 0 2 2 2 2 
2 2 2 2 2 2 2 2 2 2 2 2 2 2 2 2 2 2 2 2 2 2 2 0 2 2 2 
1 1 1 1 1 1 1 1 1 1 1 1 1 1 1 1 1 1 1 1 1 1 1 1 0 1 1 
3 3 3 3 3 3 3 3 3 3 3 3 3 3 3 3 3 3 3 3 3 3 3 3 3 0 3 
3 3 3 3 3 3 3 3 3 3 3 3 3 3 3 3 3 3 3 3 3 3 3 3 3 3 0 
Time:
0	15
15	30
30	45
45	60
60	75
75	90
90	105
105	120
120	135
135	150
150	165
165	180
180	195
195	210
210	225
225	240
240	255
255	270
270	285
285	300
300	315
315	330
330	345
345	360
360	375
375	390
390	405
405	420
420	435
435	450
450	465
465	480
480	495
495	510
510	525
525	540
540	555
555	570
570	585
585	600
600	615
615	630
630	645
645	660
660	675
675	690
690	705
705	720
720	735
735	750
750	765
765	780
780	795
795	810
810	825
825	840
840	855
855	870
870	885
885	900
900	915
915	930
930	945
945	960
960	975
975	990
990	1005
1005	1020
1020	1035
1035	1050
1050	1065
1065	1080
1080	5000
Speed:
0.925	0.85	0.925	1	0.8325	0.765	0.8325	0.9	0.4625	0.425	0.4625	0.5	0.30525	0.2805	0.30525	0.33	0.37	0.34	0.37	0.4	0.555	0.51	0.555	0.6	0.6475	0.595	0.6475	0.7	0.37	0.34	0.37	0.4	0.30525	0.2805	0.30525	0.33	0.4625	0.425	0.4625	0.5	0.6475	0.595	0.6475	0.7	0.74	0.68	0.74	0.8	0.6475	0.595	0.6475	0.7	0.4625	0.425	0.4625	0.5	0.555	0.51	0.555	0.6	0.6475	0.595	0.6475	0.7	0.8325	0.765	0.8325	0.9	0.925	0.85	0.925	1	1	
0.925	0.85	0.925	1	0.8325	0.765	0.8325	0.9	0.4625	0.425	0.4625	0.5	0.30525	0.2805	0.30525	0.33	0.37	0.34	0.37	0.4	0.555	0.51	0.555	0.6	0.6475	0.595	0.6475	0.7	0.37	0.34	0.37	0.4	0.30525	0.2805	0.30525	0.33	0.4625	0.425	0.4625	0.5	0.6475	0.595	0.6475	0.7	0.74	0.68	0.74	0.8	0.6475	0.595	0.6475	0.7	0.4625	0.425	0.4625	0.5	0.555	0.51	0.555	0.6	0.6475	0.595	0.6475	0.7	0.8325	0.765	0.8325	0.9	0.925	0.85	0.925	1	1	
0.925	0.85	0.925	1	0.8325	0.765	0.8325	0.9	0.4625	0.425	0.4625	0.5	0.30525	0.2805	0.30525	0.33	0.37	0.34	0.37	0.4	0.555	0.51	0.555	0.6	0.6475	0.595	0.6475	0.7	0.37	0.34	0.37	0.4	0.30525	0.2805	0.30525	0.33	0.4625	0.425	0.4625	0.5	0.6475	0.595	0.6475	0.7	0.74	0.68	0.74	0.8	0.6475	0.595	0.6475	0.7	0.4625	0.425	0.4625	0.5	0.555	0.51	0.555	0.6	0.6475	0.595	0.6475	0.7	0.8325	0.765	0.8325	0.9	0.925	0.85	0.925	1	1	
