26
0 69.24 96.41 79.37 43.14 82.33 84.46 73.93 65.23 50.76 61.01 80.03 71.85 69.81 72.21 97.22 69.29 77.94 62.91 69.15 81.78 63.47 58.4 72.71 69.67 79.06 
69.24 0 27.28 16.89 33.07 17.26 19.01 8.01 8.98 26.37 15.17 17.66 24.89 15.18 15.12 28.32 15.6 11.6 30.34 14.12 14.95 9.55 14.19 22.86 12.94 10.3 
96.41 27.28 0 25.15 59.2 21.22 20.02 24.66 33.34 51.68 39.4 25.13 40.03 26.79 31.35 35.57 27.28 21.81 50.08 27.81 19.05 34.81 40.18 37.51 27.65 17.39 
79.37 16.89 25.15 0 37.92 11.98 5.79 8.89 14.84 29.89 18.39 11.26 14.88 16.05 7.46 27.27 16.47 6.31 25.2 14.82 6.46 16.61 21.14 12.36 13.5 17.75 
43.14 33.07 59.2 37.92 0 41.41 43.48 34.67 25.86 8.04 20.05 38.47 28.74 33.28 30.47 60.63 32.9 38.12 20.2 31.79 41.72 24.41 19.11 29.73 31.69 43.26 
82.33 17.26 21.22 11.98 41.41 0 13.12 9.56 17.23 33.42 21.58 12.6 18.82 16.41 11.16 23.38 16.9 5.67 29.21 15.64 17.44 19.02 23.94 16.32 14.48 15.74 
84.46 19.01 20.02 5.79 43.48 13.12 0 11.49 19.35 35.48 23.7 5.48 20.26 18.16 13.15 22.26 18.66 7.45 30.87 17.52 4.32 21.13 26.06 17.8 16.41 16.48 
73.93 8.01 24.66 8.89 34.67 9.56 11.49 0 8.93 27.04 14.75 9.66 19.16 7.17 8.88 26.27 7.59 13.93 26.96 6.11 7.96 10.59 15.93 16.8 4.93 11.36 
65.23 8.98 33.34 14.84 25.86 17.23 19.35 8.93 0 18.45 6.42 15.6 17.24 8.76 9.33 34.8 8.61 12.75 21.4 6.76 16.57 12.07 7 15.66 6.16 18.05 
50.76 26.37 51.68 29.89 8.04 33.42 35.48 27.04 18.45 0 12.3 30.43 21.19 26.46 22.43 53.22 26.14 30.33 14.33 24.78 33.85 17.18 12.19 21.95 24.49 36.3 
61.01 15.17 39.4 18.39 20.05 21.58 23.7 14.75 6.42 12.3 0 19.03 14.98 15.05 11.24 40.96 14.85 18.08 15.99 13.14 21.69 5.64 11.02 14.29 12.58 24.47 
80.03 17.66 25.13 11.26 38.47 12.6 5.48 9.66 15.6 30.43 19.03 0 14.91 16.82 8 27.28 17.24 6.93 25.4 15.61 6.7 17.36 21.84 12.42 14.28 18.28 
71.85 24.89 40.03 14.88 28.74 18.82 20.26 19.16 17.24 21.19 14.98 14.91 0 24.31 10.28 42.15 24.43 19.51 11.21 22.29 21.17 18.08 19.05 18.24 21.01 30.43 
69.81 15.18 26.79 16.05 33.28 16.41 18.16 7.17 8.76 26.46 15.05 16.82 24.31 0 14.45 27.88 14.76 10.75 30.01 13.28 14.12 9.47 14.3 22.24 12.09 10 
72.21 15.12 31.35 7.46 30.47 11.16 13.15 8.88 9.33 22.43 11.24 8 10.28 14.45 0 33.28 14.65 9.77 18.82 12.55 12.36 10.85 14.46 7.96 11.19 20.19 
97.22 28.32 35.57 27.27 60.63 23.38 22.26 26.27 34.8 53.22 40.96 27.28 42.15 27.88 33.28 0 28.35 23.63 52.06 29.03 21.06 36.22 41.55 39.62 28.98 18.18 
69.29 15.6 27.28 16.47 32.9 16.9 18.66 7.59 8.61 26.14 14.85 17.24 24.43 14.76 14.65 28.35 0 11.24 29.94 13.7 14.64 9.24 13.96 22.39 12.52 10.41 
77.94 11.6 21.81 6.31 38.12 5.67 7.45 13.93 12.75 30.33 18.08 6.93 19.51 10.75 9.77 23.63 11.24 0 28.58 10.07 11.77 14.48 19.72 17 9 11.54 
62.91 30.34 50.08 25.2 20.2 29.21 30.87 26.96 21.4 14.33 15.99 25.4 11.21 30.01 18.82 52.06 29.94 28.58 0 27.94 31.04 21.3 19.21 13.33 26.98 38.17 
69.15 14.12 27.81 14.82 31.79 15.64 17.52 6.11 6.76 24.78 13.14 15.61 22.29 13.28 12.55 29.03 13.7 10.07 27.94 0 13.7 7.64 12.7 20.26 11.04 11.53 
81.78 14.95 19.05 6.46 41.72 17.44 4.32 7.96 16.57 33.85 21.69 6.7 21.17 14.12 12.36 21.06 14.64 11.77 31.04 13.7 0 18.31 23.51 18.64 12.73 12.36 
63.47 9.55 34.81 16.61 24.41 19.02 21.13 10.59 12.07 17.18 5.64 17.36 18.08 9.47 10.85 36.22 9.24 14.48 21.3 7.64 18.31 0 5.38 16.68 7.31 19.14 
58.4 14.19 40.18 21.14 19.11 23.94 26.06 15.93 7 12.19 11.02 21.84 19.05 14.3 14.46 41.55 13.96 19.72 19.21 12.7 23.51 5.38 0 18.32 12.58 24.22 
72.71 22.86 37.51 12.36 29.73 16.32 17.8 16.8 15.66 21.95 14.29 12.42 18.24 22.24 7.96 39.62 22.39 17 13.33 20.26 18.64 16.68 18.32 0 18.94 28.01 
69.67 12.94 27.65 13.5 31.69 14.48 16.41 4.93 6.16 24.49 12.58 14.28 21.01 12.09 11.19 28.98 12.52 9 26.98 11.04 12.73 7.31 12.58 18.94 0 11.89 
79.06 10.3 17.39 17.75 43.26 15.74 16.48 11.36 18.05 36.3 24.47 18.28 30.43 10 20.19 18.18 10.41 11.54 38.17 11.53 12.36 19.14 24.22 28.01 11.89 0 
0	5000
0	117
0	151
0	197
0	303
0	390
0	411
0	430
0	444
0	480
0	514
0	574
0	609
0	655
0	679
0	726
0	764
0	782
0	827
0	887
0	913
0	944
0	952
0	982
0	1008
0	1022
C:
0 3 3 3 3 3 3 3 3 3 3 3 3 3 3 3 3 3 3 3 3 3 3 3 3 3 3 
1 0 1 1 1 1 1 1 1 1 1 1 1 1 1 1 1 1 1 1 1 1 1 1 1 1 1 
3 3 0 3 3 3 3 3 3 3 3 3 3 3 3 3 3 3 3 3 3 3 3 3 3 3 3 
1 1 1 0 1 1 1 1 1 1 1 1 1 1 1 1 1 1 1 1 1 1 1 1 1 1 1 
3 3 3 3 0 3 3 3 3 3 3 3 3 3 3 3 3 3 3 3 3 3 3 3 3 3 3 
1 1 1 1 1 0 1 1 1 1 1 1 1 1 1 1 1 1 1 1 1 1 1 1 1 1 1 
1 1 1 1 1 1 0 1 1 1 1 1 1 1 1 1 1 1 1 1 1 1 1 1 1 1 1 
1 1 1 1 1 1 1 0 1 1 1 1 1 1 1 1 1 1 1 1 1 1 1 1 1 1 1 
1 1 1 1 1 1 1 1 0 1 1 1 1 1 1 1 1 1 1 1 1 1 1 1 1 1 1 
2 2 2 2 2 2 2 2 2 0 2 2 2 2 2 2 2 2 2 2 2 2 2 2 2 2 2 
1 1 1 1 1 1 1 1 1 1 0 1 1 1 1 1 1 1 1 1 1 1 1 1 1 1 1 
1 1 1 1 1 1 1 1 1 1 1 0 1 1 1 1 1 1 1 1 1 1 1 1 1 1 1 
1 1 1 1 1 1 1 1 1 1 1 1 0 1 1 1 1 1 1 1 1 1 1 1 1 1 1 
1 1 1 1 1 1 1 1 1 1 1 1 1 0 1 1 1 1 1 1 1 1 1 1 1 1 1 
1 1 1 1 1 1 1 1 1 1 1 1 1 1 0 1 1 1 1 1 1 1 1 1 1 1 1 
3 3 3 3 3 3 3 3 3 3 3 3 3 3 3 0 3 3 3 3 3 3 3 3 3 3 3 
1 1 1 1 1 1 1 1 1 1 1 1 1 1 1 1 0 1 1 1 1 1 1 1 1 1 1 
1 1 1 1 1 1 1 1 1 1 1 1 1 1 1 1 1 0 1 1 1 1 1 1 1 1 1 
2 2 2 2 2 2 2 2 2 2 2 2 2 2 2 2 2 2 0 2 2 2 2 2 2 2 2 
1 1 1 1 1 1 1 1 1 1 1 1 1 1 1 1 1 1 1 0 1 1 1 1 1 1 1 
1 1 1 1 1 1 1 1 1 1 1 1 1 1 1 1 1 1 1 1 0 1 1 1 1 1 1 
1 1 1 1 1 1 1 1 1 1 1 1 1 1 1 1 1 1 1 1 1 0 1 1 1 1 1 
1 1 1 1 1 1 1 1 1 1 1 1 1 1 1 1 1 1 1 1 1 1 0 1 1 1 1 
1 1 1 1 1 1 1 1 1 1 1 1 1 1 1 1 1 1 1 1 1 1 1 0 1 1 1 
1 1 1 1 1 1 1 1 1 1 1 1 1 1 1 1 1 1 1 1 1 1 1 1 0 1 1 
2 2 2 2 2 2 2 2 2 2 2 2 2 2 2 2 2 2 2 2 2 2 2 2 2 0 2 
3 3 3 3 3 3 3 3 3 3 3 3 3 3 3 3 3 3 3 3 3 3 3 3 3 3 0 
Time:
0	15
15	30
30	45
45	60
60	75
75	90
90	105
105	120
120	135
135	150
150	165
165	180
180	195
195	210
210	225
225	240
240	255
255	270
270	285
285	300
300	315
315	330
330	345
345	360
360	375
375	390
390	405
405	420
420	435
435	450
450	465
465	480
480	495
495	510
510	525
525	540
540	555
555	570
570	585
585	600
600	615
615	630
630	645
645	660
660	675
675	690
690	705
705	720
720	735
735	750
750	765
765	780
780	795
795	810
810	825
825	840
840	855
855	870
870	885
885	900
900	915
915	930
930	945
945	960
960	975
975	990
990	1005
1005	1020
1020	1035
1035	1050
1050	1065
1065	1080
1080	5000
Speed:
0.925	0.85	0.925	1	0.8325	0.765	0.8325	0.9	0.4625	0.425	0.4625	0.5	0.30525	0.2805	0.30525	0.33	0.37	0.34	0.37	0.4	0.555	0.51	0.555	0.6	0.6475	0.595	0.6475	0.7	0.37	0.34	0.37	0.4	0.30525	0.2805	0.30525	0.33	0.4625	0.425	0.4625	0.5	0.6475	0.595	0.6475	0.7	0.74	0.68	0.74	0.8	0.6475	0.595	0.6475	0.7	0.4625	0.425	0.4625	0.5	0.555	0.51	0.555	0.6	0.6475	0.595	0.6475	0.7	0.8325	0.765	0.8325	0.9	0.925	0.85	0.925	1	1	
0.925	0.85	0.925	1	0.8325	0.765	0.8325	0.9	0.4625	0.425	0.4625	0.5	0.30525	0.2805	0.30525	0.33	0.37	0.34	0.37	0.4	0.555	0.51	0.555	0.6	0.6475	0.595	0.6475	0.7	0.37	0.34	0.37	0.4	0.30525	0.2805	0.30525	0.33	0.4625	0.425	0.4625	0.5	0.6475	0.595	0.6475	0.7	0.74	0.68	0.74	0.8	0.6475	0.595	0.6475	0.7	0.4625	0.425	0.4625	0.5	0.555	0.51	0.555	0.6	0.6475	0.595	0.6475	0.7	0.8325	0.765	0.8325	0.9	0.925	0.85	0.925	1	1	
0.925	0.85	0.925	1	0.8325	0.765	0.8325	0.9	0.4625	0.425	0.4625	0.5	0.30525	0.2805	0.30525	0.33	0.37	0.34	0.37	0.4	0.555	0.51	0.555	0.6	0.6475	0.595	0.6475	0.7	0.37	0.34	0.37	0.4	0.30525	0.2805	0.30525	0.33	0.4625	0.425	0.4625	0.5	0.6475	0.595	0.6475	0.7	0.74	0.68	0.74	0.8	0.6475	0.595	0.6475	0.7	0.4625	0.425	0.4625	0.5	0.555	0.51	0.555	0.6	0.6475	0.595	0.6475	0.7	0.8325	0.765	0.8325	0.9	0.925	0.85	0.925	1	1	
