26
0 48.23 58.59 49.9 68.1 80.26 74.51 110.85 56.82 92.26 75.01 91.37 53.47 72.92 50 68.69 69.18 69.96 88.5 48.13 110.7 77.69 94.35 70.16 69.22 67.2 
48.23 0 10.6 9.8 32.58 49.7 27.18 70.24 20.35 50.5 28.31 48.67 5.79 25.46 9.03 21.53 35.15 23.92 44.03 7.84 76.85 47 57.91 22.61 28.2 21.29 
58.59 10.6 0 15.54 32.44 49.57 19.01 64.8 22.76 45.27 20.85 43 5.13 17.23 11.41 11.16 35.29 17.79 37.48 15.06 73.99 47.08 54.84 12.05 25.67 11.78 
49.9 9.8 15.54 0 23.55 40.37 25.1 63.53 10.85 44 25.26 42.59 13.14 23.68 18.75 26.22 25.94 20.11 38.93 17.64 68.42 37.63 49.78 26.56 20.78 27.31 
68.1 32.58 32.44 23.55 0 17.28 24.85 42.78 12.88 25.02 22.59 24.92 33.39 24.97 40.67 38.52 20.28 19.48 24.77 25.98 45.03 14.69 26.86 37.5 8.79 41.55 
80.26 49.7 49.57 40.37 17.28 0 39.06 35.08 29.52 24.43 36.38 26.31 50.67 39.7 57.93 54.74 14.57 34.86 30.27 42.75 30.44 26.49 16.35 53.47 24.42 58.04 
74.51 27.18 19.01 25.1 24.85 39.06 0 46.62 23.51 27.69 11.38 25.07 23.44 11.78 30.42 17.57 27.49 6.12 18.95 26.52 58.18 37.18 39.45 15.77 16.06 21.42 
110.85 70.24 64.8 63.53 42.78 35.08 46.62 0 54.45 19.74 44.27 21.8 68.33 48.26 75.89 63.74 41.95 47.09 27.68 65.85 20.39 36.69 18.74 61.73 42.75 67.65 
56.82 20.35 22.76 10.85 12.88 29.52 23.51 54.45 0 35.47 22.46 34.56 22.29 22.7 28.98 31.46 15.13 17.43 32.2 13.24 57.91 26.78 39.56 31.09 12.52 33.66 
92.26 50.5 45.27 44 25.02 24.43 27.69 19.74 35.47 0 25.15 16.48 48.65 29.22 56.24 45.2 25.02 27.49 9.74 46.29 31.22 24.61 14.36 43.3 23.32 49.08 
75.01 28.31 20.85 25.26 22.59 36.38 11.38 44.27 22.46 25.15 0 22.61 25 10.92 32.21 20.25 25.15 5.26 16.7 26.89 55.47 34.56 36.69 18.49 13.86 24.08 
91.37 48.67 43 42.59 24.92 26.31 25.07 21.8 34.56 16.48 22.61 0 46.56 26.65 54.1 42.5 25.27 25.29 6.74 44.82 34.21 26.23 17.32 40.57 22.17 46.39 
53.47 5.79 5.13 13.14 33.39 50.67 23.44 68.33 22.29 48.65 25 46.56 0 21.67 7.67 15.77 36.14 21.29 41.38 11.95 76.43 48.06 57.31 16.92 27.64 15.54 
72.92 25.46 17.23 23.68 24.97 39.7 11.78 48.26 22.7 29.22 10.92 26.65 21.67 0 28.64 16.2 27.68 5.66 20.62 25.02 59.52 37.74 40.7 14.49 16.19 20.01 
50 9.03 11.41 18.75 40.67 57.93 30.42 75.89 28.98 56.24 32.21 54.1 7.67 28.64 0 19.06 43.37 28.8 48.77 16.87 84.07 55.29 64.96 20.8 35.26 17.22 
68.69 21.53 11.16 26.22 38.52 54.74 17.57 63.74 31.46 45.2 20.25 42.5 15.77 16.2 19.06 0 41.41 20 36.12 26.05 75.72 52.52 56.89 23.2 30.36 22.94 
69.18 35.15 35.29 25.94 20.28 14.57 27.49 41.95 15.13 25.02 25.15 25.27 36.14 27.68 43.37 41.41 0 22.25 25.87 28.35 43.02 11.92 25.3 40.37 11.49 44.45 
69.96 23.92 17.79 20.11 19.48 34.86 6.12 47.09 17.43 27.49 5.26 25.29 21.29 5.66 28.8 20 22.25 0 20.17 21.83 56.6 32.75 37.52 18.63 10.79 23.52 
88.5 44.03 37.48 38.93 24.77 30.27 18.95 27.68 32.2 9.74 16.7 6.74 41.38 20.62 48.77 36.12 25.87 20.17 0 41.01 40.94 29.63 23.69 34.15 19.74 40.03 
48.13 7.84 15.06 17.64 25.98 42.75 26.52 65.85 13.24 46.29 26.89 44.82 11.95 25.02 16.87 26.05 28.35 21.83 41.01 0 70.86 40.01 52.2 26.59 23.12 26.8 
110.7 76.85 73.99 68.42 45.03 30.44 58.18 20.39 57.91 31.22 55.47 34.21 76.43 59.52 84.07 75.72 43.02 56.6 40.94 70.86 0 33.04 19.14 73.94 48.82 79.53 
77.69 47 47.08 37.63 14.69 26.49 37.18 36.69 26.78 24.61 34.56 26.23 48.06 37.74 55.29 52.52 11.92 32.75 29.63 40.01 33.04 0 18.09 51.31 22.16 55.76 
94.35 57.91 54.84 49.78 26.86 16.35 39.45 18.74 39.56 14.36 36.69 17.32 57.31 40.7 64.96 56.89 25.3 37.52 23.69 52.2 19.14 18.09 0 55.18 29.77 60.65 
70.16 22.61 12.05 26.56 37.5 53.47 15.77 61.73 31.09 43.3 18.49 40.57 16.92 14.49 20.8 23.2 40.37 18.63 34.15 26.59 73.94 51.31 55.18 0 29.18 5.97 
69.22 28.2 25.67 20.78 8.79 24.42 16.06 42.75 12.52 23.32 13.86 22.17 27.64 16.19 35.26 30.36 11.49 10.79 19.74 23.12 48.82 22.16 29.77 29.18 0 33.62 
67.2 21.29 11.78 27.31 41.55 58.04 21.42 67.65 33.66 49.08 24.08 46.39 15.54 20.01 17.22 22.94 44.45 23.52 40.03 26.8 79.53 55.76 60.65 5.97 33.62 0 
0	5000
0	93
0	104
0	124
0	152
0	182
0	288
0	390
0	487
0	590
0	643
0	679
0	745
0	775
0	819
0	861
0	938
0	974
0	1003
0	1053
0	1129
0	1162
0	1180
0	1235
0	1265
0	1298
C:
0 3 3 3 3 3 3 3 3 3 3 3 3 3 3 3 3 3 3 3 3 3 3 3 3 3 3 
3 0 3 3 3 3 3 3 3 3 3 3 3 3 3 3 3 3 3 3 3 3 3 3 3 3 3 
2 2 0 2 2 2 2 2 2 2 2 2 2 2 2 2 2 2 2 2 2 2 2 2 2 2 2 
2 2 2 0 2 2 2 2 2 2 2 2 2 2 2 2 2 2 2 2 2 2 2 2 2 2 2 
1 1 1 1 0 1 1 1 1 1 1 1 1 1 1 1 1 1 1 1 1 1 1 1 1 1 1 
3 3 3 3 3 0 3 3 3 3 3 3 3 3 3 3 3 3 3 3 3 3 3 3 3 3 3 
1 1 1 1 1 1 0 1 1 1 1 1 1 1 1 1 1 1 1 1 1 1 1 1 1 1 1 
3 3 3 3 3 3 3 0 3 3 3 3 3 3 3 3 3 3 3 3 3 3 3 3 3 3 3 
1 1 1 1 1 1 1 1 0 1 1 1 1 1 1 1 1 1 1 1 1 1 1 1 1 1 1 
2 2 2 2 2 2 2 2 2 0 2 2 2 2 2 2 2 2 2 2 2 2 2 2 2 2 2 
1 1 1 1 1 1 1 1 1 1 0 1 1 1 1 1 1 1 1 1 1 1 1 1 1 1 1 
2 2 2 2 2 2 2 2 2 2 2 0 2 2 2 2 2 2 2 2 2 2 2 2 2 2 2 
3 3 3 3 3 3 3 3 3 3 3 3 0 3 3 3 3 3 3 3 3 3 3 3 3 3 3 
1 1 1 1 1 1 1 1 1 1 1 1 1 0 1 1 1 1 1 1 1 1 1 1 1 1 1 
3 3 3 3 3 3 3 3 3 3 3 3 3 3 0 3 3 3 3 3 3 3 3 3 3 3 3 
3 3 3 3 3 3 3 3 3 3 3 3 3 3 3 0 3 3 3 3 3 3 3 3 3 3 3 
1 1 1 1 1 1 1 1 1 1 1 1 1 1 1 1 0 1 1 1 1 1 1 1 1 1 1 
1 1 1 1 1 1 1 1 1 1 1 1 1 1 1 1 1 0 1 1 1 1 1 1 1 1 1 
2 2 2 2 2 2 2 2 2 2 2 2 2 2 2 2 2 2 0 2 2 2 2 2 2 2 2 
2 2 2 2 2 2 2 2 2 2 2 2 2 2 2 2 2 2 2 0 2 2 2 2 2 2 2 
3 3 3 3 3 3 3 3 3 3 3 3 3 3 3 3 3 3 3 3 0 3 3 3 3 3 3 
2 2 2 2 2 2 2 2 2 2 2 2 2 2 2 2 2 2 2 2 2 0 2 2 2 2 2 
3 3 3 3 3 3 3 3 3 3 3 3 3 3 3 3 3 3 3 3 3 3 0 3 3 3 3 
3 3 3 3 3 3 3 3 3 3 3 3 3 3 3 3 3 3 3 3 3 3 3 0 3 3 3 
1 1 1 1 1 1 1 1 1 1 1 1 1 1 1 1 1 1 1 1 1 1 1 1 0 1 1 
3 3 3 3 3 3 3 3 3 3 3 3 3 3 3 3 3 3 3 3 3 3 3 3 3 0 3 
3 3 3 3 3 3 3 3 3 3 3 3 3 3 3 3 3 3 3 3 3 3 3 3 3 3 0 
Time:
0	15
15	30
30	45
45	60
60	75
75	90
90	105
105	120
120	135
135	150
150	165
165	180
180	195
195	210
210	225
225	240
240	255
255	270
270	285
285	300
300	315
315	330
330	345
345	360
360	375
375	390
390	405
405	420
420	435
435	450
450	465
465	480
480	495
495	510
510	525
525	540
540	555
555	570
570	585
585	600
600	615
615	630
630	645
645	660
660	675
675	690
690	705
705	720
720	735
735	750
750	765
765	780
780	795
795	810
810	825
825	840
840	855
855	870
870	885
885	900
900	915
915	930
930	945
945	960
960	975
975	990
990	1005
1005	1020
1020	1035
1035	1050
1050	1065
1065	1080
1080	5000
Speed:
0.925	0.85	0.925	1	0.8325	0.765	0.8325	0.9	0.4625	0.425	0.4625	0.5	0.30525	0.2805	0.30525	0.33	0.37	0.34	0.37	0.4	0.555	0.51	0.555	0.6	0.6475	0.595	0.6475	0.7	0.37	0.34	0.37	0.4	0.30525	0.2805	0.30525	0.33	0.4625	0.425	0.4625	0.5	0.6475	0.595	0.6475	0.7	0.74	0.68	0.74	0.8	0.6475	0.595	0.6475	0.7	0.4625	0.425	0.4625	0.5	0.555	0.51	0.555	0.6	0.6475	0.595	0.6475	0.7	0.8325	0.765	0.8325	0.9	0.925	0.85	0.925	1	1	
0.925	0.85	0.925	1	0.8325	0.765	0.8325	0.9	0.4625	0.425	0.4625	0.5	0.30525	0.2805	0.30525	0.33	0.37	0.34	0.37	0.4	0.555	0.51	0.555	0.6	0.6475	0.595	0.6475	0.7	0.37	0.34	0.37	0.4	0.30525	0.2805	0.30525	0.33	0.4625	0.425	0.4625	0.5	0.6475	0.595	0.6475	0.7	0.74	0.68	0.74	0.8	0.6475	0.595	0.6475	0.7	0.4625	0.425	0.4625	0.5	0.555	0.51	0.555	0.6	0.6475	0.595	0.6475	0.7	0.8325	0.765	0.8325	0.9	0.925	0.85	0.925	1	1	
0.925	0.85	0.925	1	0.8325	0.765	0.8325	0.9	0.4625	0.425	0.4625	0.5	0.30525	0.2805	0.30525	0.33	0.37	0.34	0.37	0.4	0.555	0.51	0.555	0.6	0.6475	0.595	0.6475	0.7	0.37	0.34	0.37	0.4	0.30525	0.2805	0.30525	0.33	0.4625	0.425	0.4625	0.5	0.6475	0.595	0.6475	0.7	0.74	0.68	0.74	0.8	0.6475	0.595	0.6475	0.7	0.4625	0.425	0.4625	0.5	0.555	0.51	0.555	0.6	0.6475	0.595	0.6475	0.7	0.8325	0.765	0.8325	0.9	0.925	0.85	0.925	1	1	
