26
0 77.71 54.52 68.43 74.34 88.44 82.68 81.83 81.27 91.21 55.96 72.34 75.18 80.16 59.95 107.97 51.27 78.2 74.4 76.88 67.51 69.15 68.67 68.2 83.72 29 
77.71 0 23.48 15.75 8.84 34.11 12.56 28.81 11.98 27.79 21.96 12.56 14.76 27.85 18.2 32.19 26.46 4.77 7.01 11.97 18.19 15.21 17.24 31.63 6.21 56.52 
54.52 23.48 0 15.67 22.39 41.14 28.77 33.95 27.24 40.19 5.82 18.8 25.98 32.25 5.43 53.67 11.37 23.68 19.94 23.05 20.6 20.23 16.7 31.71 29.65 36.52 
68.43 15.75 15.67 0 20.92 26.23 14.44 19.24 19.42 24.52 18.46 4.24 26.91 17.67 11.3 39.82 19.75 12.83 8.95 17.09 25.88 23.72 9.31 39.85 21.2 52.19 
74.34 8.84 22.39 20.92 0 42.57 21.37 36.87 9.66 36.61 18.81 19.06 6.25 35.75 18.14 39.31 24.18 13.39 14.02 6.36 9.87 6.93 22.7 22.81 11.66 50.94 
88.44 34.11 41.14 26.23 42.57 0 22.01 7.2 35.58 9.69 44.64 25.11 48.75 8.93 37.44 32.98 45.17 29.34 28.84 36.54 50.32 47.66 24.77 64.49 35.58 76.92 
82.68 12.56 28.77 14.44 21.37 22.01 0 17.7 13.59 15.24 29.67 10.36 27.31 17.19 23.53 25.39 32.61 8.05 9.64 15.06 30.26 27.35 14.66 44.05 13.65 64.74 
81.83 28.81 33.95 19.24 36.87 7.2 17.7 0 30.84 11.15 37.56 18.57 43.11 16.13 30.36 34.44 37.98 24.07 22.88 31.13 44.02 41.47 17.7 58.2 31.25 69.74 
81.27 11.98 27.24 19.42 9.66 35.58 13.59 30.84 0 28.43 25.36 15.95 14.57 30.06 22.02 29.79 30.07 7.21 10.5 4.45 19.52 16.56 20.82 32.09 11.35 59.45 
91.21 27.79 40.19 24.52 36.61 9.69 15.24 11.15 28.43 0 42.56 21.94 42.52 12.32 35.63 23.72 44.27 23.26 24.01 30.29 45.35 42.48 23.6 59.25 27.94 76.7 
55.96 21.96 5.82 18.46 18.81 44.64 29.67 37.56 25.36 42.56 0 20.63 21.38 35.93 7.21 53.58 5.55 23.33 20.17 20.94 15.25 15.34 19.87 25.89 27.82 35.14 
72.34 12.56 18.8 4.24 19.06 25.11 10.36 18.57 15.95 21.94 20.63 0 25.27 17.22 13.84 35.74 22.78 8.99 5.56 14.3 25.47 22.99 5.07 39.64 17.52 55.19 
75.18 14.76 25.98 26.91 6.25 48.75 27.31 43.11 14.57 42.52 21.38 25.27 0 42 22.55 43.05 26.93 19.46 20.27 12.27 7.77 6.17 28.72 17.64 16.01 50.16 
80.16 27.85 32.25 17.67 35.75 8.93 17.19 16.13 30.06 12.32 35.93 17.22 42 0 28.72 35.23 36.28 23.16 21.73 30.13 42.69 40.18 16.1 56.86 30.59 68 
59.95 18.2 5.43 11.3 18.14 37.44 23.53 30.36 22.02 35.63 7.21 13.84 22.55 28.72 0 48.28 9.09 18.25 14.53 17.96 18.49 17.38 12.67 31.21 24.4 41.37 
107.97 32.19 53.67 39.82 39.31 32.98 25.39 34.44 29.79 23.72 53.58 35.74 43.05 35.23 48.28 0 57.3 30.27 33.75 33.98 49.16 46.24 39.91 60.48 27.65 88.58 
51.27 26.46 11.37 19.75 24.18 45.17 32.61 37.98 30.07 44.27 5.55 22.78 26.93 36.28 9.09 57.3 0 27.13 23.55 25.74 20.67 20.88 20.78 30.24 32.51 32.46 
78.2 4.77 23.68 12.83 13.39 29.34 8.05 24.07 7.21 23.26 23.33 8.99 19.46 23.16 18.25 30.27 27.13 0 11.77 7.2 22.23 19.31 14.02 36 8.54 58.41 
74.4 7.01 19.94 8.95 14.02 28.84 9.64 22.88 10.5 24.01 20.17 5.56 20.27 21.73 14.53 33.75 23.55 11.77 0 8.8 21.57 18.83 10.31 35.68 12.26 55.31 
76.88 11.97 23.05 17.09 6.36 36.54 15.06 31.13 4.45 30.29 20.94 14.3 12.27 30.13 17.96 33.98 25.74 7.2 8.8 0 15.86 12.87 18.7 29.16 6.89 55.03 
67.51 18.19 20.6 25.88 9.87 50.32 30.26 44.02 19.52 45.35 15.25 25.47 7.77 42.69 18.49 49.16 20.67 22.23 21.57 15.86 0 13.95 27.71 14.18 21.52 42.42 
69.15 15.21 20.23 23.72 6.93 47.66 27.35 41.47 16.56 42.48 15.34 22.99 6.17 40.18 17.38 46.24 20.88 19.31 18.83 12.87 13.95 0 25.56 16.85 18.59 44.69 
68.67 17.24 16.7 9.31 22.7 24.77 14.66 17.7 20.82 23.6 19.87 5.07 28.72 16.1 12.67 39.91 20.78 14.02 10.31 18.7 27.71 25.56 0 41.66 22.5 53.13 
68.2 31.63 31.71 39.85 22.81 64.49 44.05 58.2 32.09 59.25 25.89 39.64 17.64 56.86 31.21 60.48 30.24 36 35.68 29.16 14.18 16.85 41.66 0 33.64 40.16 
83.72 6.21 29.65 21.2 11.66 35.58 13.65 31.25 11.35 27.94 27.82 17.52 16.01 30.59 24.4 27.65 32.51 8.54 12.26 6.89 21.52 18.59 22.5 33.64 0 61.84 
29 56.52 36.52 52.19 50.94 76.92 64.74 69.74 59.45 76.7 35.14 55.19 50.16 68 41.37 88.58 32.46 58.41 55.31 55.03 42.42 44.69 53.13 40.16 61.84 0 
0	5000
0	128
0	156
0	186
0	236
0	352
0	393
0	421
0	474
0	559
0	652
0	686
0	721
0	780
0	825
0	923
0	1010
0	1044
0	1057
0	1067
0	1085
0	1100
0	1126
0	1168
0	1201
0	1263
C:
0 3 3 3 3 3 3 3 3 3 3 3 3 3 3 3 3 3 3 3 3 3 3 3 3 3 3 
1 0 1 1 1 1 1 1 1 1 1 1 1 1 1 1 1 1 1 1 1 1 1 1 1 1 1 
2 2 0 2 2 2 2 2 2 2 2 2 2 2 2 2 2 2 2 2 2 2 2 2 2 2 2 
1 1 1 0 1 1 1 1 1 1 1 1 1 1 1 1 1 1 1 1 1 1 1 1 1 1 1 
1 1 1 1 0 1 1 1 1 1 1 1 1 1 1 1 1 1 1 1 1 1 1 1 1 1 1 
3 3 3 3 3 0 3 3 3 3 3 3 3 3 3 3 3 3 3 3 3 3 3 3 3 3 3 
2 2 2 2 2 2 0 2 2 2 2 2 2 2 2 2 2 2 2 2 2 2 2 2 2 2 2 
3 3 3 3 3 3 3 0 3 3 3 3 3 3 3 3 3 3 3 3 3 3 3 3 3 3 3 
1 1 1 1 1 1 1 1 0 1 1 1 1 1 1 1 1 1 1 1 1 1 1 1 1 1 1 
3 3 3 3 3 3 3 3 3 0 3 3 3 3 3 3 3 3 3 3 3 3 3 3 3 3 3 
2 2 2 2 2 2 2 2 2 2 0 2 2 2 2 2 2 2 2 2 2 2 2 2 2 2 2 
1 1 1 1 1 1 1 1 1 1 1 0 1 1 1 1 1 1 1 1 1 1 1 1 1 1 1 
2 2 2 2 2 2 2 2 2 2 2 2 0 2 2 2 2 2 2 2 2 2 2 2 2 2 2 
3 3 3 3 3 3 3 3 3 3 3 3 3 0 3 3 3 3 3 3 3 3 3 3 3 3 3 
1 1 1 1 1 1 1 1 1 1 1 1 1 1 0 1 1 1 1 1 1 1 1 1 1 1 1 
3 3 3 3 3 3 3 3 3 3 3 3 3 3 3 0 3 3 3 3 3 3 3 3 3 3 3 
2 2 2 2 2 2 2 2 2 2 2 2 2 2 2 2 0 2 2 2 2 2 2 2 2 2 2 
1 1 1 1 1 1 1 1 1 1 1 1 1 1 1 1 1 0 1 1 1 1 1 1 1 1 1 
1 1 1 1 1 1 1 1 1 1 1 1 1 1 1 1 1 1 0 1 1 1 1 1 1 1 1 
1 1 1 1 1 1 1 1 1 1 1 1 1 1 1 1 1 1 1 0 1 1 1 1 1 1 1 
2 2 2 2 2 2 2 2 2 2 2 2 2 2 2 2 2 2 2 2 0 2 2 2 2 2 2 
1 1 1 1 1 1 1 1 1 1 1 1 1 1 1 1 1 1 1 1 1 0 1 1 1 1 1 
1 1 1 1 1 1 1 1 1 1 1 1 1 1 1 1 1 1 1 1 1 1 0 1 1 1 1 
3 3 3 3 3 3 3 3 3 3 3 3 3 3 3 3 3 3 3 3 3 3 3 0 3 3 3 
1 1 1 1 1 1 1 1 1 1 1 1 1 1 1 1 1 1 1 1 1 1 1 1 0 1 1 
3 3 3 3 3 3 3 3 3 3 3 3 3 3 3 3 3 3 3 3 3 3 3 3 3 0 3 
3 3 3 3 3 3 3 3 3 3 3 3 3 3 3 3 3 3 3 3 3 3 3 3 3 3 0 
Time:
0	15
15	30
30	45
45	60
60	75
75	90
90	105
105	120
120	135
135	150
150	165
165	180
180	195
195	210
210	225
225	240
240	255
255	270
270	285
285	300
300	315
315	330
330	345
345	360
360	375
375	390
390	405
405	420
420	435
435	450
450	465
465	480
480	495
495	510
510	525
525	540
540	555
555	570
570	585
585	600
600	615
615	630
630	645
645	660
660	675
675	690
690	705
705	720
720	735
735	750
750	765
765	780
780	795
795	810
810	825
825	840
840	855
855	870
870	885
885	900
900	915
915	930
930	945
945	960
960	975
975	990
990	1005
1005	1020
1020	1035
1035	1050
1050	1065
1065	1080
1080	5000
Speed:
0.925	0.85	0.925	1	0.8325	0.765	0.8325	0.9	0.4625	0.425	0.4625	0.5	0.30525	0.2805	0.30525	0.33	0.37	0.34	0.37	0.4	0.555	0.51	0.555	0.6	0.6475	0.595	0.6475	0.7	0.37	0.34	0.37	0.4	0.30525	0.2805	0.30525	0.33	0.4625	0.425	0.4625	0.5	0.6475	0.595	0.6475	0.7	0.74	0.68	0.74	0.8	0.6475	0.595	0.6475	0.7	0.4625	0.425	0.4625	0.5	0.555	0.51	0.555	0.6	0.6475	0.595	0.6475	0.7	0.8325	0.765	0.8325	0.9	0.925	0.85	0.925	1	1	
0.925	0.85	0.925	1	0.8325	0.765	0.8325	0.9	0.4625	0.425	0.4625	0.5	0.30525	0.2805	0.30525	0.33	0.37	0.34	0.37	0.4	0.555	0.51	0.555	0.6	0.6475	0.595	0.6475	0.7	0.37	0.34	0.37	0.4	0.30525	0.2805	0.30525	0.33	0.4625	0.425	0.4625	0.5	0.6475	0.595	0.6475	0.7	0.74	0.68	0.74	0.8	0.6475	0.595	0.6475	0.7	0.4625	0.425	0.4625	0.5	0.555	0.51	0.555	0.6	0.6475	0.595	0.6475	0.7	0.8325	0.765	0.8325	0.9	0.925	0.85	0.925	1	1	
0.925	0.85	0.925	1	0.8325	0.765	0.8325	0.9	0.4625	0.425	0.4625	0.5	0.30525	0.2805	0.30525	0.33	0.37	0.34	0.37	0.4	0.555	0.51	0.555	0.6	0.6475	0.595	0.6475	0.7	0.37	0.34	0.37	0.4	0.30525	0.2805	0.30525	0.33	0.4625	0.425	0.4625	0.5	0.6475	0.595	0.6475	0.7	0.74	0.68	0.74	0.8	0.6475	0.595	0.6475	0.7	0.4625	0.425	0.4625	0.5	0.555	0.51	0.555	0.6	0.6475	0.595	0.6475	0.7	0.8325	0.765	0.8325	0.9	0.925	0.85	0.925	1	1	
