26
0 47.62 91.62 79.55 64.09 58.95 73.48 44.39 89.62 74.04 70.97 43.85 92.54 89.97 67.92 90.9 58.46 69.9 61.14 68.53 58.69 102.76 48.24 79.86 65.92 100.3 
47.62 0 44.05 32.01 17.33 23.32 26.05 8.26 47.11 26.8 24.34 4.33 44.96 43.6 21.84 47.21 23.4 24.6 30.75 21.14 13.33 55.28 8.81 36.35 18.32 54.06 
91.62 44.05 0 13.45 29.29 44.79 19.49 48.89 26.77 19.73 21.78 48.04 22 11.61 25.23 23.25 45.47 24.77 50.83 23.17 35.29 11.39 43.57 23.65 26.02 16.23 
79.55 32.01 13.45 0 16.06 31.53 6.21 35.99 32.27 6.28 14.47 35.7 14.14 19.56 17.54 29.75 32.2 18.9 37.97 12.97 22.03 24.72 31.32 24.6 13.69 28.11 
64.09 17.33 29.29 16.06 0 18.46 9.86 20.03 40.97 10.06 16.09 20.42 30.06 32.38 16.24 39.68 19.02 19.51 26.26 11.08 6.01 40.66 16.33 30.73 5.41 42.3 
58.95 23.32 44.79 31.53 18.46 0 26.22 18.44 59.43 25.43 34.51 22.9 45.35 50.07 34.29 58.07 15.9 37.64 8.13 29.51 14.47 55.65 21.89 49.15 23.84 59.46 
73.48 26.05 19.49 6.21 9.86 26.22 0 29.78 34.81 12.5 12.69 29.63 20.23 23.91 14.91 32.83 26.86 17.22 33.17 9.23 15.84 30.84 25.3 25.76 7.94 33.28 
44.39 8.26 48.89 35.99 20.03 18.44 29.78 0 54.74 30.1 30.96 5.26 49.72 49.95 28.92 54.58 18.3 31.94 24.78 27.03 14.36 60.27 7.47 43.92 22.93 60.33 
89.62 47.11 26.77 32.27 40.97 59.43 34.81 54.74 0 36.24 25.04 51.39 27.38 15.16 26.11 21.93 59.99 22.89 67.11 29.98 45.74 29.05 47.47 10.82 35.62 17.96 
74.04 26.8 19.73 6.28 10.06 25.43 12.5 30.1 36.24 0 14.41 30.24 20.41 24.92 16.61 34.16 26.09 18.94 32.16 10.89 15.93 30.99 25.97 27.35 9.04 34.04 
70.97 24.34 21.78 14.47 16.09 34.51 12.69 30.96 25.04 14.41 0 28.63 22.78 19.28 10.92 24.13 35.05 4.57 42.35 5.01 20.7 32.21 24.27 14.64 10.68 29.73 
43.85 4.33 48.04 35.7 20.42 22.9 29.63 5.26 51.39 30.24 28.63 0 48.92 47.89 26.17 51.53 22.85 28.93 29.71 25.3 15.58 59.32 4.48 40.64 22.11 58.34 
92.54 44.96 22 14.14 30.06 45.35 20.23 49.72 27.38 20.41 22.78 48.92 0 12.23 26.22 23.82 46.03 25.78 51.29 24.11 36.06 10.61 44.46 24.53 26.88 16.19 
89.97 43.6 11.61 19.56 32.38 50.07 23.91 49.95 15.16 24.92 19.28 47.89 12.23 0 22.09 11.67 50.7 20.15 57.07 22.93 38.07 16.11 43.49 13.96 27.7 10.46 
67.92 21.84 25.23 17.54 16.24 34.29 14.91 28.92 26.11 16.61 10.92 26.17 26.22 22.09 0 25.68 34.78 14.72 42.29 5.92 20.04 35.55 21.92 15.35 10.97 32.51 
90.9 47.21 23.25 29.75 39.68 58.07 32.83 54.58 21.93 34.16 24.13 51.53 23.82 11.67 25.68 0 58.65 22.65 65.59 28.9 44.75 25.2 47.45 11.11 34.43 14.25 
58.46 23.4 45.47 32.2 19.02 15.9 26.86 18.3 59.99 26.09 35.05 22.85 46.03 50.7 34.78 58.65 0 38.13 7.77 30.06 14.9 56.34 21.98 49.69 24.38 60.11 
69.9 24.6 24.77 18.9 19.51 37.64 17.22 31.94 22.89 18.94 4.57 28.93 25.78 20.15 14.72 22.65 38.13 0 45.62 8.8 23.4 34.5 24.8 12.09 14.18 30.41 
61.14 30.75 50.83 37.97 26.26 8.13 33.17 24.78 67.11 32.16 42.35 29.71 51.29 57.07 42.29 65.59 7.77 45.62 0 37.34 22.58 61.26 29.36 56.99 31.67 66.08 
68.53 21.14 23.17 12.97 11.08 29.51 9.23 27.03 29.98 10.89 5.01 25.3 24.11 22.93 5.92 28.9 30.06 8.8 37.34 0 15.85 34.23 20.84 19.65 5.68 33.3 
58.69 13.33 35.29 22.03 6.01 14.47 15.84 14.36 45.74 15.93 20.7 15.58 36.06 38.07 20.04 44.75 14.9 23.4 22.58 15.85 0 46.67 12.07 35.2 10.44 48.13 
102.76 55.28 11.39 24.72 40.66 55.65 30.84 60.27 29.05 30.99 32.21 59.32 10.61 16.11 35.55 25.2 56.34 34.5 61.26 34.23 46.67 0 54.85 30.07 37.38 12.26 
48.24 8.81 43.57 31.32 16.33 21.89 25.3 7.47 47.47 25.97 24.27 4.48 44.46 43.49 21.92 47.45 21.98 24.8 29.36 20.84 12.07 54.85 0 36.67 17.68 53.94 
79.86 36.35 23.65 24.6 30.73 49.15 25.76 43.92 10.82 27.35 14.64 40.64 24.53 13.96 15.35 11.11 49.69 12.09 56.99 19.65 35.2 30.07 36.67 0 25.33 22.21 
65.92 18.32 26.02 13.69 5.41 23.84 7.94 22.93 35.62 9.04 10.68 22.11 26.88 27.7 10.97 34.43 24.38 14.18 31.67 5.68 10.44 37.38 17.68 25.33 0 37.86 
100.3 54.06 16.23 28.11 42.3 59.46 33.28 60.33 17.96 34.04 29.73 58.34 16.19 10.46 32.51 14.25 60.11 30.41 66.08 33.3 48.13 12.26 53.94 22.21 37.86 0 
0	5000
0	93
0	145
0	160
0	196
0	242
0	320
0	381
0	473
0	581
0	613
0	665
0	736
0	752
0	785
0	826
0	940
0	999
0	1055
0	1097
0	1113
0	1160
0	1215
0	1251
0	1277
0	1314
C:
0 3 3 3 3 3 3 3 3 3 3 3 3 3 3 3 3 3 3 3 3 3 3 3 3 3 3 
2 0 2 2 2 2 2 2 2 2 2 2 2 2 2 2 2 2 2 2 2 2 2 2 2 2 2 
2 2 0 2 2 2 2 2 2 2 2 2 2 2 2 2 2 2 2 2 2 2 2 2 2 2 2 
1 1 1 0 1 1 1 1 1 1 1 1 1 1 1 1 1 1 1 1 1 1 1 1 1 1 1 
1 1 1 1 0 1 1 1 1 1 1 1 1 1 1 1 1 1 1 1 1 1 1 1 1 1 1 
3 3 3 3 3 0 3 3 3 3 3 3 3 3 3 3 3 3 3 3 3 3 3 3 3 3 3 
1 1 1 1 1 1 0 1 1 1 1 1 1 1 1 1 1 1 1 1 1 1 1 1 1 1 1 
3 3 3 3 3 3 3 0 3 3 3 3 3 3 3 3 3 3 3 3 3 3 3 3 3 3 3 
3 3 3 3 3 3 3 3 0 3 3 3 3 3 3 3 3 3 3 3 3 3 3 3 3 3 3 
1 1 1 1 1 1 1 1 1 0 1 1 1 1 1 1 1 1 1 1 1 1 1 1 1 1 1 
1 1 1 1 1 1 1 1 1 1 0 1 1 1 1 1 1 1 1 1 1 1 1 1 1 1 1 
3 3 3 3 3 3 3 3 3 3 3 0 3 3 3 3 3 3 3 3 3 3 3 3 3 3 3 
2 2 2 2 2 2 2 2 2 2 2 2 0 2 2 2 2 2 2 2 2 2 2 2 2 2 2 
2 2 2 2 2 2 2 2 2 2 2 2 2 0 2 2 2 2 2 2 2 2 2 2 2 2 2 
1 1 1 1 1 1 1 1 1 1 1 1 1 1 0 1 1 1 1 1 1 1 1 1 1 1 1 
3 3 3 3 3 3 3 3 3 3 3 3 3 3 3 0 3 3 3 3 3 3 3 3 3 3 3 
3 3 3 3 3 3 3 3 3 3 3 3 3 3 3 3 0 3 3 3 3 3 3 3 3 3 3 
1 1 1 1 1 1 1 1 1 1 1 1 1 1 1 1 1 0 1 1 1 1 1 1 1 1 1 
3 3 3 3 3 3 3 3 3 3 3 3 3 3 3 3 3 3 0 3 3 3 3 3 3 3 3 
1 1 1 1 1 1 1 1 1 1 1 1 1 1 1 1 1 1 1 0 1 1 1 1 1 1 1 
2 2 2 2 2 2 2 2 2 2 2 2 2 2 2 2 2 2 2 2 0 2 2 2 2 2 2 
3 3 3 3 3 3 3 3 3 3 3 3 3 3 3 3 3 3 3 3 3 0 3 3 3 3 3 
2 2 2 2 2 2 2 2 2 2 2 2 2 2 2 2 2 2 2 2 2 2 0 2 2 2 2 
2 2 2 2 2 2 2 2 2 2 2 2 2 2 2 2 2 2 2 2 2 2 2 0 2 2 2 
1 1 1 1 1 1 1 1 1 1 1 1 1 1 1 1 1 1 1 1 1 1 1 1 0 1 1 
3 3 3 3 3 3 3 3 3 3 3 3 3 3 3 3 3 3 3 3 3 3 3 3 3 0 3 
3 3 3 3 3 3 3 3 3 3 3 3 3 3 3 3 3 3 3 3 3 3 3 3 3 3 0 
Time:
0	15
15	30
30	45
45	60
60	75
75	90
90	105
105	120
120	135
135	150
150	165
165	180
180	195
195	210
210	225
225	240
240	255
255	270
270	285
285	300
300	315
315	330
330	345
345	360
360	375
375	390
390	405
405	420
420	435
435	450
450	465
465	480
480	495
495	510
510	525
525	540
540	555
555	570
570	585
585	600
600	615
615	630
630	645
645	660
660	675
675	690
690	705
705	720
720	735
735	750
750	765
765	780
780	795
795	810
810	825
825	840
840	855
855	870
870	885
885	900
900	915
915	930
930	945
945	960
960	975
975	990
990	1005
1005	1020
1020	1035
1035	1050
1050	1065
1065	1080
1080	5000
Speed:
0.925	0.85	0.925	1	0.8325	0.765	0.8325	0.9	0.4625	0.425	0.4625	0.5	0.30525	0.2805	0.30525	0.33	0.37	0.34	0.37	0.4	0.555	0.51	0.555	0.6	0.6475	0.595	0.6475	0.7	0.37	0.34	0.37	0.4	0.30525	0.2805	0.30525	0.33	0.4625	0.425	0.4625	0.5	0.6475	0.595	0.6475	0.7	0.74	0.68	0.74	0.8	0.6475	0.595	0.6475	0.7	0.4625	0.425	0.4625	0.5	0.555	0.51	0.555	0.6	0.6475	0.595	0.6475	0.7	0.8325	0.765	0.8325	0.9	0.925	0.85	0.925	1	1	
0.925	0.85	0.925	1	0.8325	0.765	0.8325	0.9	0.4625	0.425	0.4625	0.5	0.30525	0.2805	0.30525	0.33	0.37	0.34	0.37	0.4	0.555	0.51	0.555	0.6	0.6475	0.595	0.6475	0.7	0.37	0.34	0.37	0.4	0.30525	0.2805	0.30525	0.33	0.4625	0.425	0.4625	0.5	0.6475	0.595	0.6475	0.7	0.74	0.68	0.74	0.8	0.6475	0.595	0.6475	0.7	0.4625	0.425	0.4625	0.5	0.555	0.51	0.555	0.6	0.6475	0.595	0.6475	0.7	0.8325	0.765	0.8325	0.9	0.925	0.85	0.925	1	1	
0.925	0.85	0.925	1	0.8325	0.765	0.8325	0.9	0.4625	0.425	0.4625	0.5	0.30525	0.2805	0.30525	0.33	0.37	0.34	0.37	0.4	0.555	0.51	0.555	0.6	0.6475	0.595	0.6475	0.7	0.37	0.34	0.37	0.4	0.30525	0.2805	0.30525	0.33	0.4625	0.425	0.4625	0.5	0.6475	0.595	0.6475	0.7	0.74	0.68	0.74	0.8	0.6475	0.595	0.6475	0.7	0.4625	0.425	0.4625	0.5	0.555	0.51	0.555	0.6	0.6475	0.595	0.6475	0.7	0.8325	0.765	0.8325	0.9	0.925	0.85	0.925	1	1	
