26
0 74.13 70.32 71.58 48.2 87.14 65.23 75.32 91.94 97.9 71.92 81.37 36.37 88.29 74.66 68.22 66.23 97.92 67.19 52.36 95.97 55.96 120.13 53.87 50.6 74.14 
74.13 0 25.74 26.47 43.26 14.46 23.25 13.78 23.5 41.17 26.1 36.24 39.44 15.95 25.86 14.07 25.02 34.89 12.42 37.24 35.6 19.65 53.21 22.46 23.59 23.98 
70.32 25.74 0 49.88 25.94 37.59 5.91 13.36 48.06 66.86 49.63 61.01 34.62 39.15 25.08 36.62 4.2 60.11 34.19 19.75 61.15 32.6 76.23 35.03 30.06 26.8 
71.58 26.47 49.88 0 58.67 27.32 45.63 39.89 24.93 26.46 24.6 12.29 45.86 27.34 27.47 13.27 47.79 26.85 15.69 54.22 24.5 22.08 49.11 21.99 29.06 25.4 
48.2 43.26 25.94 58.67 0 57.55 23.04 36.33 66.6 81.79 58.64 70.95 19.34 59.09 43.14 47.38 22.79 77.19 45.03 6.44 77.12 36.66 96.46 37.35 30.04 43.97 
87.14 14.46 37.59 27.32 57.55 0 36.44 24.27 10.75 31.23 26.81 32.56 53.46 20.08 14.45 20.47 37.88 23.16 20.61 51.42 25 31.29 39.11 33.67 36.69 13.96 
65.23 23.25 5.91 45.63 23.04 36.44 0 13.42 46.47 64.28 45.42 57.14 29.19 38.01 22.78 32.5 10.11 58.13 30.01 16.6 58.83 27.21 75.51 29.52 24.26 24.22 
75.32 13.78 13.36 39.89 36.33 24.27 13.42 0 34.83 54.14 39.55 50.01 39 25.82 12.9 26.89 14.31 47.01 24.75 29.89 48.26 27.43 62.89 30.3 27.97 14.89 
91.94 23.5 48.06 24.93 66.6 10.75 46.47 34.83 0 20.87 24.42 25.99 60.27 9.32 23.8 23.73 48.06 12.42 24.94 60.69 14.54 36.32 30.02 38.14 42.71 22.7 
97.9 41.17 66.86 26.46 81.79 31.23 64.28 54.14 20.87 0 26.18 17.49 71.42 29.97 41.79 34.57 66.14 9.44 36.82 76.49 6.34 46.77 25.4 47.44 53.89 40.14 
71.92 26.1 49.63 24.6 58.64 26.81 45.42 39.55 24.42 26.18 0 12.31 45.98 26.82 27.1 13.01 47.58 26.44 15.45 54.15 24.13 22.1 48.7 22.07 29.1 25.02 
81.37 36.24 61.01 12.29 70.95 32.56 57.14 50.01 25.99 17.49 12.31 0 57.85 31.99 37.15 24.69 59.26 21.88 27.2 66.44 18.38 34.37 42.53 34.18 41.31 35.12 
36.37 39.44 34.62 45.86 19.34 53.46 29.19 39 60.27 71.42 45.98 57.85 0 54.8 39.8 37.5 30.44 68.8 35.7 19.84 67.83 24.75 90.03 24.02 17.76 39.69 
88.29 15.95 39.15 27.34 59.09 20.08 38.01 25.82 9.32 29.97 26.82 31.99 54.8 0 15.96 21.23 39.46 21.74 21.52 52.97 23.7 32.38 37.55 34.69 37.92 15.41 
74.66 25.86 25.08 27.47 43.14 14.45 22.78 12.9 23.8 41.79 27.1 37.15 39.8 15.96 0 15.1 24.5 35.35 13.44 37.07 36.15 20.46 53.36 23.29 24.19 25.01 
68.22 14.07 36.62 13.27 47.38 20.47 32.5 26.89 23.73 34.57 13.01 24.69 37.5 21.23 15.1 0 34.63 31.3 24.24 42.37 30.45 12.87 52.77 14.44 19.74 13.12 
66.23 25.02 4.2 47.79 22.79 37.88 10.11 14.31 48.06 66.14 47.58 59.26 30.44 39.46 24.5 34.63 0 59.84 32.15 16.42 60.62 29.43 76.88 31.72 26.36 26.02 
97.92 34.89 60.11 26.85 77.19 23.16 58.13 47.01 12.42 9.44 26.44 21.88 68.8 21.74 35.35 31.3 59.84 0 33.18 71.54 15.79 44.11 22.29 45.33 51.04 33.97 
67.19 12.42 34.19 15.69 45.03 20.61 30.01 24.75 24.94 36.82 15.45 27.2 35.7 21.52 13.44 24.24 32.15 33.18 0 39.95 32.51 11.38 54.37 13.34 17.96 11.56 
52.36 37.24 19.75 54.22 6.44 51.42 16.6 29.89 60.69 76.49 54.15 66.44 19.84 52.97 37.07 42.37 16.42 71.54 39.95 0 71.63 32.53 90.43 33.63 26.43 38 
95.97 35.6 61.15 24.5 77.12 25 58.83 48.26 14.54 6.34 24.13 18.38 67.83 23.7 36.15 30.45 60.62 15.79 32.51 71.63 0 43.08 24.77 44.07 50.12 34.61 
55.96 19.65 32.6 22.08 36.66 31.29 27.21 27.43 36.32 46.77 22.1 34.37 24.75 32.38 20.46 12.87 29.43 44.11 11.38 32.53 43.08 0 65.63 14.44 7.13 19.32 
120.13 53.21 76.23 49.11 96.46 39.11 75.51 62.89 30.02 25.4 48.7 42.53 90.03 37.55 53.36 52.77 76.88 22.29 54.37 90.43 24.77 65.63 0 67.09 72.33 52.5 
53.87 22.46 35.03 21.99 37.35 33.67 29.52 30.3 38.14 47.44 22.07 34.18 24.02 34.69 23.29 14.44 31.72 45.33 13.34 33.63 44.07 14.44 67.09 0 7.31 22.09 
50.6 23.59 30.06 29.06 30.04 36.69 24.26 27.97 42.71 53.89 29.1 41.31 17.76 37.92 24.19 19.74 26.36 51.04 17.96 26.43 50.12 7.13 72.33 7.31 0 23.56 
74.14 23.98 26.8 25.4 43.97 13.96 24.22 14.89 22.7 40.14 25.02 35.12 39.69 15.41 25.01 13.12 26.02 33.97 11.56 38 34.61 19.32 52.5 22.09 23.56 0 
0	5000
0	124
0	154
0	275
0	403
0	515
0	616
0	643
0	697
0	726
0	761
0	780
0	888
0	981
0	1004
0	1022
0	1063
0	1127
0	1160
0	1200
0	1272
0	1315
0	1381
0	1448
0	1455
0	1479
C:
0 3 3 3 3 3 3 3 3 3 3 3 3 3 3 3 3 3 3 3 3 3 3 3 3 3 3 
1 0 1 1 1 1 1 1 1 1 1 1 1 1 1 1 1 1 1 1 1 1 1 1 1 1 1 
3 3 0 3 3 3 3 3 3 3 3 3 3 3 3 3 3 3 3 3 3 3 3 3 3 3 3 
2 2 2 0 2 2 2 2 2 2 2 2 2 2 2 2 2 2 2 2 2 2 2 2 2 2 2 
3 3 3 3 0 3 3 3 3 3 3 3 3 3 3 3 3 3 3 3 3 3 3 3 3 3 3 
2 2 2 2 2 0 2 2 2 2 2 2 2 2 2 2 2 2 2 2 2 2 2 2 2 2 2 
3 3 3 3 3 3 0 3 3 3 3 3 3 3 3 3 3 3 3 3 3 3 3 3 3 3 3 
2 2 2 2 2 2 2 0 2 2 2 2 2 2 2 2 2 2 2 2 2 2 2 2 2 2 2 
2 2 2 2 2 2 2 2 0 2 2 2 2 2 2 2 2 2 2 2 2 2 2 2 2 2 2 
3 3 3 3 3 3 3 3 3 0 3 3 3 3 3 3 3 3 3 3 3 3 3 3 3 3 3 
2 2 2 2 2 2 2 2 2 2 0 2 2 2 2 2 2 2 2 2 2 2 2 2 2 2 2 
3 3 3 3 3 3 3 3 3 3 3 0 3 3 3 3 3 3 3 3 3 3 3 3 3 3 3 
3 3 3 3 3 3 3 3 3 3 3 3 0 3 3 3 3 3 3 3 3 3 3 3 3 3 3 
2 2 2 2 2 2 2 2 2 2 2 2 2 0 2 2 2 2 2 2 2 2 2 2 2 2 2 
1 1 1 1 1 1 1 1 1 1 1 1 1 1 0 1 1 1 1 1 1 1 1 1 1 1 1 
1 1 1 1 1 1 1 1 1 1 1 1 1 1 1 0 1 1 1 1 1 1 1 1 1 1 1 
3 3 3 3 3 3 3 3 3 3 3 3 3 3 3 3 0 3 3 3 3 3 3 3 3 3 3 
3 3 3 3 3 3 3 3 3 3 3 3 3 3 3 3 3 0 3 3 3 3 3 3 3 3 3 
1 1 1 1 1 1 1 1 1 1 1 1 1 1 1 1 1 1 0 1 1 1 1 1 1 1 1 
3 3 3 3 3 3 3 3 3 3 3 3 3 3 3 3 3 3 3 0 3 3 3 3 3 3 3 
3 3 3 3 3 3 3 3 3 3 3 3 3 3 3 3 3 3 3 3 0 3 3 3 3 3 3 
1 1 1 1 1 1 1 1 1 1 1 1 1 1 1 1 1 1 1 1 1 0 1 1 1 1 1 
3 3 3 3 3 3 3 3 3 3 3 3 3 3 3 3 3 3 3 3 3 3 0 3 3 3 3 
2 2 2 2 2 2 2 2 2 2 2 2 2 2 2 2 2 2 2 2 2 2 2 0 2 2 2 
2 2 2 2 2 2 2 2 2 2 2 2 2 2 2 2 2 2 2 2 2 2 2 2 0 2 2 
1 1 1 1 1 1 1 1 1 1 1 1 1 1 1 1 1 1 1 1 1 1 1 1 1 0 1 
3 3 3 3 3 3 3 3 3 3 3 3 3 3 3 3 3 3 3 3 3 3 3 3 3 3 0 
Time:
0	15
15	30
30	45
45	60
60	75
75	90
90	105
105	120
120	135
135	150
150	165
165	180
180	195
195	210
210	225
225	240
240	255
255	270
270	285
285	300
300	315
315	330
330	345
345	360
360	375
375	390
390	405
405	420
420	435
435	450
450	465
465	480
480	495
495	510
510	525
525	540
540	555
555	570
570	585
585	600
600	615
615	630
630	645
645	660
660	675
675	690
690	705
705	720
720	735
735	750
750	765
765	780
780	795
795	810
810	825
825	840
840	855
855	870
870	885
885	900
900	915
915	930
930	945
945	960
960	975
975	990
990	1005
1005	1020
1020	1035
1035	1050
1050	1065
1065	1080
1080	5000
Speed:
0.925	0.85	0.925	1	0.8325	0.765	0.8325	0.9	0.4625	0.425	0.4625	0.5	0.30525	0.2805	0.30525	0.33	0.37	0.34	0.37	0.4	0.555	0.51	0.555	0.6	0.6475	0.595	0.6475	0.7	0.37	0.34	0.37	0.4	0.30525	0.2805	0.30525	0.33	0.4625	0.425	0.4625	0.5	0.6475	0.595	0.6475	0.7	0.74	0.68	0.74	0.8	0.6475	0.595	0.6475	0.7	0.4625	0.425	0.4625	0.5	0.555	0.51	0.555	0.6	0.6475	0.595	0.6475	0.7	0.8325	0.765	0.8325	0.9	0.925	0.85	0.925	1	1	
0.925	0.85	0.925	1	0.8325	0.765	0.8325	0.9	0.4625	0.425	0.4625	0.5	0.30525	0.2805	0.30525	0.33	0.37	0.34	0.37	0.4	0.555	0.51	0.555	0.6	0.6475	0.595	0.6475	0.7	0.37	0.34	0.37	0.4	0.30525	0.2805	0.30525	0.33	0.4625	0.425	0.4625	0.5	0.6475	0.595	0.6475	0.7	0.74	0.68	0.74	0.8	0.6475	0.595	0.6475	0.7	0.4625	0.425	0.4625	0.5	0.555	0.51	0.555	0.6	0.6475	0.595	0.6475	0.7	0.8325	0.765	0.8325	0.9	0.925	0.85	0.925	1	1	
0.925	0.85	0.925	1	0.8325	0.765	0.8325	0.9	0.4625	0.425	0.4625	0.5	0.30525	0.2805	0.30525	0.33	0.37	0.34	0.37	0.4	0.555	0.51	0.555	0.6	0.6475	0.595	0.6475	0.7	0.37	0.34	0.37	0.4	0.30525	0.2805	0.30525	0.33	0.4625	0.425	0.4625	0.5	0.6475	0.595	0.6475	0.7	0.74	0.68	0.74	0.8	0.6475	0.595	0.6475	0.7	0.4625	0.425	0.4625	0.5	0.555	0.51	0.555	0.6	0.6475	0.595	0.6475	0.7	0.8325	0.765	0.8325	0.9	0.925	0.85	0.925	1	1	
