31
0 70.5 71.11 84.12 66.84 86.5 59.16 81.16 75.11 67.31 63.59 72.07 57.35 79.14 72.32 70.72 57.27 81.62 80.11 69.16 80.02 63.3 70.03 63.69 69.6 64.53 86.7 59.47 74.62 68.31 85.2 
70.5 0 7.21 14.5 9.8 19.95 11.34 10.71 4.97 4.8 13.95 9.73 13.86 15.81 9.83 12.2 13.31 11.15 11.45 4.65 15.08 14.24 5.94 17.75 10.34 7.58 16.35 11.08 10.87 10.13 16.51 
71.11 7.21 0 18.27 9.52 25.15 13.47 13.26 6.84 5.1 9.23 4.96 13.91 22.36 4.24 10.98 14.72 13.5 16.56 11.74 21.31 9.58 13.14 12.18 8.78 6.93 18.6 12.89 17.81 6.64 20.89 
84.12 14.5 18.27 0 17.57 7.89 25.44 5.23 11.51 18.96 27.26 14.27 28.33 10.48 14.56 13.43 27.53 5.19 4.3 14.96 8.55 27.59 14.18 30.45 14.89 21.93 10.49 25.31 11.18 16.92 9.52 
66.84 9.8 9.52 17.57 0 22.03 7.87 14.34 8.92 4.99 13.62 6.49 11.03 16.7 7.18 4.44 9.97 14.81 14 13.12 16.41 13.85 5.33 17.66 9.73 6.42 19.87 7.76 11.33 9.78 19.21 
86.5 19.95 25.15 7.89 22.03 0 29.58 12.91 18.32 24.73 33.65 20.59 33.05 7.64 21.08 17.58 31.73 12.96 8.63 18.65 6.49 33.97 17.31 37.16 19.72 27.5 10.82 29.62 11.93 22.29 4.97 
59.16 11.34 13.47 25.44 7.87 29.58 0 22.03 16 8.67 11.65 13.03 13.85 23.56 13.4 12.17 14.46 22.48 21.81 10.93 23.61 11.69 12.3 15.37 10.58 6.66 27.64 12.7 18.17 9.17 27.03 
81.16 10.71 13.26 5.23 14.34 12.91 22.03 0 6.74 14.65 22.39 9.75 24.45 13.38 9.87 10.9 24.02 10.42 5.8 12.61 11.62 22.73 12.39 25.42 11.59 17.65 5.69 21.79 11.82 13.01 8.1 
75.11 4.97 6.84 11.51 8.92 18.32 16 6.74 0 8.02 15.76 11.09 17.98 16.14 11.08 7.23 17.84 7.07 9.79 8.76 14.87 16.09 9.44 18.98 6.47 11.01 12.37 15.65 12.29 6.84 14.05 
67.31 4.8 5.1 18.96 4.99 24.73 8.67 14.65 8.02 0 9.22 4.93 10.02 20.49 5.03 8.04 10.21 15.02 16.19 8.12 19.84 9.5 9.75 13.13 5.54 11.41 20.33 8.17 15.36 9.55 21.15 
63.59 13.95 9.23 27.26 13.62 33.65 11.65 22.39 15.76 9.22 0 13.1 9.22 29.71 12.71 17.24 11.45 22.67 25.03 17.14 29.03 14.68 18.81 18.53 14.75 7.23 27.82 10.94 24.56 11.92 29.72 
72.07 9.73 4.96 14.27 6.49 20.59 13.03 9.75 11.09 4.93 13.1 0 14.89 17.41 9.2 6.35 14.82 10.11 11.96 7.46 16.41 13.43 8.61 16.58 4.62 7.92 15.42 12.65 12.87 11.6 16.63 
57.35 13.86 13.91 28.33 11.03 33.05 13.85 24.45 17.98 10.02 9.22 14.89 0 27.36 15.04 15.47 14.97 24.86 24.97 14.46 27.28 9.15 15.96 12.39 13.51 7.18 30.13 13.22 21.95 11.47 30.16 
79.14 15.81 22.36 10.48 16.7 7.64 23.56 13.38 16.14 20.49 29.71 17.41 27.36 0 18.12 12.53 25.69 13.7 7.58 13.05 10.97 29.99 11.45 33.56 14.99 22.87 14.52 23.73 5.41 17.81 8.98 
72.32 9.83 4.24 14.56 7.18 21.08 13.4 9.87 11.08 5.03 12.71 9.2 15.04 18.12 0 7.2 15.12 10.2 12.46 8.3 17.08 13.04 9.47 16.08 5.44 7.96 15.49 12.99 13.67 4.52 17.02 
70.72 12.2 10.98 13.43 4.44 17.58 12.17 10.9 7.23 8.04 17.24 6.35 15.47 12.53 7.2 0 14.31 11.39 9.64 10.81 12.07 17.51 9.77 21.17 10.96 10.34 16.11 12.13 7.32 5.33 14.87 
57.27 13.31 14.72 27.53 9.97 31.73 14.46 24.02 17.84 10.21 11.45 14.82 14.97 25.69 15.12 14.31 0 24.46 23.94 13.09 25.76 11.42 14.46 14.86 12.65 7.79 29.65 13.83 20.31 11.06 29.16 
81.62 11.15 13.5 5.19 14.81 12.96 22.48 10.42 7.07 15.02 22.67 10.11 24.86 13.7 10.2 11.39 24.46 0 6.12 13.11 11.91 23.01 12.89 25.64 12.05 18.02 5.3 22.23 12.26 13.44 8.1 
80.11 11.45 16.56 4.3 14 8.63 21.81 5.8 9.79 16.19 25.03 11.96 24.97 7.58 12.46 9.64 23.94 6.12 0 11.04 5.83 25.35 10.08 28.53 11.46 19.03 8.05 21.75 6.98 13.84 5.22 
69.16 4.65 11.74 14.96 13.12 18.65 10.93 12.61 8.76 8.12 17.14 7.46 14.46 13.05 8.3 10.81 13.09 13.11 11.04 0 12.84 17.39 10.59 21.15 12.07 10.02 17.76 10.97 7.67 5.48 16.24 
80.02 15.08 21.31 8.55 16.41 6.49 23.61 11.62 14.87 19.84 29.03 16.41 27.28 10.97 17.08 12.07 25.76 11.91 5.83 12.84 0 29.32 11.33 32.79 14.45 22.37 12.59 23.73 5.56 17.21 7.12 
63.3 14.24 9.58 27.59 13.85 33.97 11.69 22.73 16.09 9.5 14.68 13.43 9.15 29.99 13.04 17.51 11.42 23.01 25.35 17.39 29.32 0 19.05 18.74 15.02 7.45 28.17 10.98 24.83 12.19 30.05 
70.03 5.94 13.14 14.18 5.33 17.31 12.3 12.39 9.44 9.75 18.81 8.61 15.96 11.45 9.47 9.77 14.46 12.89 10.08 10.59 11.33 19.05 0 22.81 4.4 11.69 17.25 12.4 6.04 7.08 15.21 
63.69 17.75 12.18 30.45 17.66 37.16 15.37 25.42 18.98 13.13 18.53 16.58 12.39 33.56 16.08 21.17 14.86 25.64 28.53 21.15 32.79 18.74 22.81 0 18.67 11.3 30.63 14.68 28.49 15.84 33.03 
69.6 10.34 8.78 14.89 9.73 19.72 10.58 11.59 6.47 5.54 14.75 4.62 13.51 14.99 5.44 10.96 12.65 12.05 11.46 12.07 14.45 15.02 4.4 18.67 0 7.92 17.11 10.42 9.82 9.96 16.64 
64.53 7.58 6.93 21.93 6.42 27.5 6.66 17.65 11.01 11.41 7.23 7.92 7.18 22.87 7.96 10.34 7.79 18.02 19.03 10.02 22.37 7.45 11.69 11.3 7.92 0 23.33 6.04 17.59 5.22 24.05 
86.7 16.35 18.6 10.49 19.87 10.82 27.64 5.69 12.37 20.33 27.82 15.42 30.13 14.52 15.49 16.11 29.65 5.3 8.05 17.76 12.59 28.17 17.25 30.63 17.11 23.33 0 27.42 15.03 18.68 6.12 
59.47 11.08 12.89 25.31 7.76 29.62 12.7 21.79 15.65 8.17 10.94 12.65 13.22 23.73 12.99 12.13 13.83 22.23 21.75 10.97 23.73 10.98 12.4 14.68 10.42 6.04 27.42 0 18.33 8.85 26.97 
74.62 10.87 17.81 11.18 11.33 11.93 18.17 11.82 12.29 15.36 24.56 12.87 21.95 5.41 13.67 7.32 20.31 12.26 6.98 7.67 5.56 24.83 6.04 28.49 9.82 17.59 15.03 18.33 0 12.65 11.1 
68.31 10.13 6.64 16.92 9.78 22.29 9.17 13.01 6.84 9.55 11.92 11.6 11.47 17.81 4.52 5.33 11.06 13.44 13.84 5.48 17.21 12.19 7.08 15.84 9.96 5.22 18.68 8.85 12.65 0 18.92 
85.2 16.51 20.89 9.52 19.21 4.97 27.03 8.1 14.05 21.15 29.72 16.63 30.16 8.98 17.02 14.87 29.16 8.1 5.22 16.24 7.12 30.05 15.21 33.03 16.64 24.05 6.12 26.97 11.1 18.92 0 
0	5000
0	119
0	128
0	150
0	178
0	228
0	319
0	366
0	378
0	392
0	407
0	428
0	451
0	517
0	575
0	592
0	624
0	667
0	677
0	693
0	711
0	751
0	779
0	814
0	852
0	869
0	914
0	959
0	988
0	1005
0	1029
C:
0 3 3 3 3 3 3 3 3 3 3 3 3 3 3 3 3 3 3 3 3 3 3 3 3 3 3 3 3 3 3 3 
1 0 1 1 1 1 1 1 1 1 1 1 1 1 1 1 1 1 1 1 1 1 1 1 1 1 1 1 1 1 1 1 
1 1 0 1 1 1 1 1 1 1 1 1 1 1 1 1 1 1 1 1 1 1 1 1 1 1 1 1 1 1 1 1 
1 1 1 0 1 1 1 1 1 1 1 1 1 1 1 1 1 1 1 1 1 1 1 1 1 1 1 1 1 1 1 1 
1 1 1 1 0 1 1 1 1 1 1 1 1 1 1 1 1 1 1 1 1 1 1 1 1 1 1 1 1 1 1 1 
2 2 2 2 2 0 2 2 2 2 2 2 2 2 2 2 2 2 2 2 2 2 2 2 2 2 2 2 2 2 2 2 
1 1 1 1 1 1 0 1 1 1 1 1 1 1 1 1 1 1 1 1 1 1 1 1 1 1 1 1 1 1 1 1 
1 1 1 1 1 1 1 0 1 1 1 1 1 1 1 1 1 1 1 1 1 1 1 1 1 1 1 1 1 1 1 1 
1 1 1 1 1 1 1 1 0 1 1 1 1 1 1 1 1 1 1 1 1 1 1 1 1 1 1 1 1 1 1 1 
1 1 1 1 1 1 1 1 1 0 1 1 1 1 1 1 1 1 1 1 1 1 1 1 1 1 1 1 1 1 1 1 
1 1 1 1 1 1 1 1 1 1 0 1 1 1 1 1 1 1 1 1 1 1 1 1 1 1 1 1 1 1 1 1 
1 1 1 1 1 1 1 1 1 1 1 0 1 1 1 1 1 1 1 1 1 1 1 1 1 1 1 1 1 1 1 1 
1 1 1 1 1 1 1 1 1 1 1 1 0 1 1 1 1 1 1 1 1 1 1 1 1 1 1 1 1 1 1 1 
2 2 2 2 2 2 2 2 2 2 2 2 2 0 2 2 2 2 2 2 2 2 2 2 2 2 2 2 2 2 2 2 
1 1 1 1 1 1 1 1 1 1 1 1 1 1 0 1 1 1 1 1 1 1 1 1 1 1 1 1 1 1 1 1 
1 1 1 1 1 1 1 1 1 1 1 1 1 1 1 0 1 1 1 1 1 1 1 1 1 1 1 1 1 1 1 1 
1 1 1 1 1 1 1 1 1 1 1 1 1 1 1 1 0 1 1 1 1 1 1 1 1 1 1 1 1 1 1 1 
1 1 1 1 1 1 1 1 1 1 1 1 1 1 1 1 1 0 1 1 1 1 1 1 1 1 1 1 1 1 1 1 
1 1 1 1 1 1 1 1 1 1 1 1 1 1 1 1 1 1 0 1 1 1 1 1 1 1 1 1 1 1 1 1 
1 1 1 1 1 1 1 1 1 1 1 1 1 1 1 1 1 1 1 0 1 1 1 1 1 1 1 1 1 1 1 1 
2 2 2 2 2 2 2 2 2 2 2 2 2 2 2 2 2 2 2 2 0 2 2 2 2 2 2 2 2 2 2 2 
1 1 1 1 1 1 1 1 1 1 1 1 1 1 1 1 1 1 1 1 1 0 1 1 1 1 1 1 1 1 1 1 
1 1 1 1 1 1 1 1 1 1 1 1 1 1 1 1 1 1 1 1 1 1 0 1 1 1 1 1 1 1 1 1 
2 2 2 2 2 2 2 2 2 2 2 2 2 2 2 2 2 2 2 2 2 2 2 0 2 2 2 2 2 2 2 2 
1 1 1 1 1 1 1 1 1 1 1 1 1 1 1 1 1 1 1 1 1 1 1 1 0 1 1 1 1 1 1 1 
1 1 1 1 1 1 1 1 1 1 1 1 1 1 1 1 1 1 1 1 1 1 1 1 1 0 1 1 1 1 1 1 
2 2 2 2 2 2 2 2 2 2 2 2 2 2 2 2 2 2 2 2 2 2 2 2 2 2 0 2 2 2 2 2 
1 1 1 1 1 1 1 1 1 1 1 1 1 1 1 1 1 1 1 1 1 1 1 1 1 1 1 0 1 1 1 1 
1 1 1 1 1 1 1 1 1 1 1 1 1 1 1 1 1 1 1 1 1 1 1 1 1 1 1 1 0 1 1 1 
1 1 1 1 1 1 1 1 1 1 1 1 1 1 1 1 1 1 1 1 1 1 1 1 1 1 1 1 1 0 1 1 
2 2 2 2 2 2 2 2 2 2 2 2 2 2 2 2 2 2 2 2 2 2 2 2 2 2 2 2 2 2 0 2 
3 3 3 3 3 3 3 3 3 3 3 3 3 3 3 3 3 3 3 3 3 3 3 3 3 3 3 3 3 3 3 0 
Time:
0	15
15	30
30	45
45	60
60	75
75	90
90	105
105	120
120	135
135	150
150	165
165	180
180	195
195	210
210	225
225	240
240	255
255	270
270	285
285	300
300	315
315	330
330	345
345	360
360	375
375	390
390	405
405	420
420	435
435	450
450	465
465	480
480	495
495	510
510	525
525	540
540	555
555	570
570	585
585	600
600	615
615	630
630	645
645	660
660	675
675	690
690	705
705	720
720	735
735	750
750	765
765	780
780	795
795	810
810	825
825	840
840	855
855	870
870	885
885	900
900	915
915	930
930	945
945	960
960	975
975	990
990	1005
1005	1020
1020	1035
1035	1050
1050	1065
1065	1080
1080	5000
Speed:
0.925	0.85	0.925	1	0.8325	0.765	0.8325	0.9	0.4625	0.425	0.4625	0.5	0.30525	0.2805	0.30525	0.33	0.37	0.34	0.37	0.4	0.555	0.51	0.555	0.6	0.6475	0.595	0.6475	0.7	0.37	0.34	0.37	0.4	0.30525	0.2805	0.30525	0.33	0.4625	0.425	0.4625	0.5	0.6475	0.595	0.6475	0.7	0.74	0.68	0.74	0.8	0.6475	0.595	0.6475	0.7	0.4625	0.425	0.4625	0.5	0.555	0.51	0.555	0.6	0.6475	0.595	0.6475	0.7	0.8325	0.765	0.8325	0.9	0.925	0.85	0.925	1	1	
0.925	0.85	0.925	1	0.8325	0.765	0.8325	0.9	0.4625	0.425	0.4625	0.5	0.30525	0.2805	0.30525	0.33	0.37	0.34	0.37	0.4	0.555	0.51	0.555	0.6	0.6475	0.595	0.6475	0.7	0.37	0.34	0.37	0.4	0.30525	0.2805	0.30525	0.33	0.4625	0.425	0.4625	0.5	0.6475	0.595	0.6475	0.7	0.74	0.68	0.74	0.8	0.6475	0.595	0.6475	0.7	0.4625	0.425	0.4625	0.5	0.555	0.51	0.555	0.6	0.6475	0.595	0.6475	0.7	0.8325	0.765	0.8325	0.9	0.925	0.85	0.925	1	1	
0.925	0.85	0.925	1	0.8325	0.765	0.8325	0.9	0.4625	0.425	0.4625	0.5	0.30525	0.2805	0.30525	0.33	0.37	0.34	0.37	0.4	0.555	0.51	0.555	0.6	0.6475	0.595	0.6475	0.7	0.37	0.34	0.37	0.4	0.30525	0.2805	0.30525	0.33	0.4625	0.425	0.4625	0.5	0.6475	0.595	0.6475	0.7	0.74	0.68	0.74	0.8	0.6475	0.595	0.6475	0.7	0.4625	0.425	0.4625	0.5	0.555	0.51	0.555	0.6	0.6475	0.595	0.6475	0.7	0.8325	0.765	0.8325	0.9	0.925	0.85	0.925	1	1	
