31
0 82.77 75.25 53.83 50.54 70.11 86.75 77.8 59.18 45.07 73.37 83.78 69.36 63.54 68.75 71.33 68.82 72.84 73.83 72.58 61.51 102.13 56.16 77.48 74.46 90.98 80.55 68.49 68.67 72.87 81.56 
82.77 0 21.34 36.15 62.35 19.01 12.3 23.97 29.81 49.12 32.43 26.46 26.81 27.64 29.18 32.57 18.6 16.8 35.07 37.26 28.42 26.41 43.16 24.28 19.08 20.15 19.15 36.32 19.05 30.82 25.79 
75.25 21.34 0 21.91 43.89 7.09 14.85 11 16.08 33.95 11.1 23.66 7.06 11.8 9.03 11.37 9.15 6.32 13.74 15.93 13.76 27.35 25.05 11.4 11.71 16.1 5.52 15.44 8.9 9.51 7.92 
53.83 36.15 21.91 0 27.26 18.4 35.35 24.06 6.49 13.01 20.1 38.05 15.57 10.17 14.96 18.09 17.97 21.24 21.2 20.71 8.45 49.25 10.04 23.73 21.71 38 27.4 16.41 17.61 19.32 27.74 
50.54 62.35 43.89 27.26 0 43.47 58.73 43.97 32.94 16.57 35.48 64.43 36.92 34.72 34.86 33.97 43.76 46.01 34.23 31.95 34.01 69.26 19.23 43.55 44.99 58.71 49.02 29.63 43.31 36.14 46.02 
70.11 19.01 7.09 18.4 43.47 0 17.08 11.01 11.94 31.28 15.7 21.19 8.47 8.82 10.8 15.09 11.88 13.41 18.38 20.07 10.03 32.02 24.24 10.98 4.95 20.97 11.02 18.1 11.73 13.95 15 
86.75 12.3 14.85 35.35 58.73 17.08 0 15.62 28.96 48.04 24.88 14.16 21.83 25.35 23.88 25.7 18.04 14.23 27.18 29.62 26.91 16.32 39.78 16.02 13.94 7.89 10.15 29.99 18.26 23.6 15.78 
77.8 23.97 11 24.06 43.97 11.01 15.62 0 18.74 35.4 9.26 26.29 8.5 14.31 9.69 10.21 13.08 10.21 11.6 14.01 16.4 25.84 25.71 11.34 6.54 14.84 5.47 14.58 12.81 8.06 12.14 
59.18 29.81 16.08 6.49 32.94 11.94 28.96 18.74 0 19.47 16.92 31.76 10.6 4.44 10.85 15.11 11.49 14.79 18.71 18.98 14.93 43.25 14.28 18.46 15.53 32 21.45 15.06 11.12 15.69 22.69 
45.07 49.12 33.95 13.01 16.57 31.28 48.04 35.4 19.47 0 29.13 50.99 27.06 22.69 25.72 27.16 30.96 34.09 29.17 27.69 21.25 61.15 11.12 35.02 34.18 49.97 39.47 23.78 30.58 28.98 38.57 
73.37 32.43 11.1 20.1 35.48 15.7 24.88 9.26 16.92 29.13 0 34.76 7.78 13.07 6.28 9.83 17.46 16.52 11.27 4.85 14.96 33.79 18.43 8.86 13.46 23.39 14.73 5.88 17.01 11.16 10.56 
83.78 26.46 23.66 38.05 64.43 21.19 14.16 26.29 31.76 50.99 34.76 0 29.08 29.74 31.46 34.88 20.68 19.05 37.4 39.58 30.45 27.43 45.27 26.6 21.4 21.91 21.44 38.62 21.14 33.14 28.06 
69.36 26.81 7.06 15.57 36.92 8.47 21.83 8.5 10.6 27.06 7.78 29.08 0 6.21 11 6.76 9.98 10.06 10.3 11.72 8.32 34.09 17.99 8.16 8.14 22.91 12.48 9.66 9.5 6.12 12.21 
63.54 27.64 11.8 10.17 34.72 8.82 25.35 14.31 4.44 22.69 13.07 29.74 6.21 0 6.81 11.46 9.07 11.52 15.16 15.84 14.53 39.1 15.52 14.03 11.57 27.85 17.26 12.4 8.6 11.68 18.24 
68.75 29.18 9.03 14.96 34.86 10.8 23.88 9.69 10.85 25.72 6.28 31.46 11 6.81 0 4.84 12.21 12.44 8.54 9.66 8.76 35.52 16.15 9.3 10.41 24.44 14.24 7.3 11.72 4.88 12.95 
71.33 32.57 11.37 18.09 33.97 15.09 25.7 10.21 15.11 27.16 9.83 34.88 6.76 11.46 4.84 0 16.71 16.24 9.77 4.98 13.25 35.35 16.54 9.8 13.49 24.75 15.58 4.38 16.24 9.72 12.09 
68.82 18.6 9.15 17.97 43.76 11.88 18.04 13.08 11.49 30.96 17.46 20.68 9.98 9.07 12.21 16.71 0 15.47 20.12 21.69 9.87 33.42 24.58 13.05 6.92 22.5 12.84 19.44 13.7 15.72 17.06 
72.84 16.8 6.32 21.24 46.01 13.41 14.23 10.21 14.79 34.09 16.52 19.05 10.06 11.52 12.44 16.24 15.47 0 19.23 21.15 12.84 29.34 26.78 10.29 10.95 18.4 8.93 19.68 4.18 14.79 13.87 
73.83 35.07 13.74 21.2 34.23 18.38 27.18 11.6 18.71 29.17 11.27 37.4 10.3 15.16 8.54 9.77 20.12 19.23 0 9.7 16.92 35.19 18.18 11.22 16.15 25.15 17.07 5.39 19.66 4.45 12.24 
72.58 37.26 15.93 20.71 31.95 20.07 29.62 14.01 18.98 27.69 4.85 39.58 11.72 15.84 9.66 4.98 21.69 21.15 9.7 0 17.41 37.6 16.59 13.62 18.23 27.63 19.48 4.31 21.21 6.44 14.72 
61.51 28.42 13.76 8.45 34.01 10.03 26.91 16.4 14.93 21.25 14.96 30.45 8.32 14.53 8.76 13.25 9.87 12.84 16.92 17.41 0 40.98 14.98 16.12 13.32 29.73 19.16 13.72 9.45 13.64 20.35 
102.13 26.41 27.35 49.25 69.26 32.02 16.32 25.84 43.25 61.15 33.79 27.43 34.09 39.1 35.52 35.35 33.42 29.34 35.19 37.6 40.98 0 51.51 26.23 27.74 11.26 21.85 39.64 33.52 33.21 23.26 
56.16 43.16 25.05 10.04 19.23 24.24 39.78 25.71 14.28 11.12 18.43 45.27 17.99 15.52 16.15 16.54 24.58 26.78 18.18 16.59 14.98 51.51 0 25.3 25.91 40.54 30.38 12.82 24.12 18.54 28.43 
77.48 24.28 11.4 23.73 43.55 10.98 16.02 11.34 18.46 35.02 8.86 26.6 8.16 14.03 9.3 9.8 13.05 10.29 11.22 13.62 16.12 26.23 25.3 0 6.63 15.25 5.87 14.16 12.77 7.65 4.31 
74.46 19.08 11.71 21.71 44.99 4.95 13.94 6.54 15.53 34.18 13.46 21.4 8.14 11.57 10.41 13.49 6.92 10.95 16.15 18.23 13.32 27.74 25.91 6.63 0 16.53 6.18 17.31 6.77 11.79 10.28 
90.98 20.15 16.1 38 58.71 20.97 7.89 14.84 32 49.97 23.39 21.91 22.91 27.85 24.44 24.75 22.5 18.4 25.15 27.63 29.73 11.26 40.54 15.25 16.53 0 10.59 29.12 22.56 22.58 12.91 
80.55 19.15 5.52 27.4 49.02 11.02 10.15 5.47 21.45 39.47 14.73 21.44 12.48 17.26 14.24 15.58 12.84 8.93 17.07 19.48 19.16 21.85 30.38 5.87 6.18 10.59 0 19.91 12.77 13.47 6.66 
68.49 36.32 15.44 16.41 29.63 18.1 29.99 14.58 15.06 23.78 5.88 38.62 9.66 12.4 7.3 4.38 19.44 19.68 5.39 4.31 13.72 39.64 12.82 14.16 17.31 29.12 19.91 0 18.95 6.56 16.39 
68.67 19.05 8.9 17.61 43.31 11.73 18.26 12.81 11.12 30.58 17.01 21.14 9.5 8.6 11.72 16.24 13.7 4.18 19.66 21.21 9.45 33.52 24.12 12.77 6.77 22.56 12.77 18.95 0 15.27 16.82 
72.87 30.82 9.51 19.32 36.14 13.95 23.6 8.06 15.69 28.98 11.16 33.14 6.12 11.68 4.88 9.72 15.72 14.79 4.45 6.44 13.64 33.21 18.54 7.65 11.79 22.58 13.47 6.56 15.27 0 9.96 
81.56 25.79 7.92 27.74 46.02 15 15.78 12.14 22.69 38.57 10.56 28.06 12.21 18.24 12.95 12.09 17.06 13.87 12.24 14.72 20.35 23.26 28.43 4.31 10.28 12.91 6.66 16.39 16.82 9.96 0 
0	5000
0	134
0	159
0	206
0	285
0	383
0	411
0	436
0	467
0	519
0	604
0	668
0	711
0	720
0	730
0	736
0	758
0	782
0	811
0	828
0	867
0	942
0	1017
0	1048
0	1055
0	1073
0	1086
0	1107
0	1126
0	1142
0	1152
C:
0 3 3 3 3 3 3 3 3 3 3 3 3 3 3 3 3 3 3 3 3 3 3 3 3 3 3 3 3 3 3 3 
3 0 3 3 3 3 3 3 3 3 3 3 3 3 3 3 3 3 3 3 3 3 3 3 3 3 3 3 3 3 3 3 
1 1 0 1 1 1 1 1 1 1 1 1 1 1 1 1 1 1 1 1 1 1 1 1 1 1 1 1 1 1 1 1 
2 2 2 0 2 2 2 2 2 2 2 2 2 2 2 2 2 2 2 2 2 2 2 2 2 2 2 2 2 2 2 2 
3 3 3 3 0 3 3 3 3 3 3 3 3 3 3 3 3 3 3 3 3 3 3 3 3 3 3 3 3 3 3 3 
1 1 1 1 1 0 1 1 1 1 1 1 1 1 1 1 1 1 1 1 1 1 1 1 1 1 1 1 1 1 1 1 
2 2 2 2 2 2 0 2 2 2 2 2 2 2 2 2 2 2 2 2 2 2 2 2 2 2 2 2 2 2 2 2 
1 1 1 1 1 1 1 0 1 1 1 1 1 1 1 1 1 1 1 1 1 1 1 1 1 1 1 1 1 1 1 1 
1 1 1 1 1 1 1 1 0 1 1 1 1 1 1 1 1 1 1 1 1 1 1 1 1 1 1 1 1 1 1 1 
3 3 3 3 3 3 3 3 3 0 3 3 3 3 3 3 3 3 3 3 3 3 3 3 3 3 3 3 3 3 3 3 
1 1 1 1 1 1 1 1 1 1 0 1 1 1 1 1 1 1 1 1 1 1 1 1 1 1 1 1 1 1 1 1 
3 3 3 3 3 3 3 3 3 3 3 0 3 3 3 3 3 3 3 3 3 3 3 3 3 3 3 3 3 3 3 3 
1 1 1 1 1 1 1 1 1 1 1 1 0 1 1 1 1 1 1 1 1 1 1 1 1 1 1 1 1 1 1 1 
1 1 1 1 1 1 1 1 1 1 1 1 1 0 1 1 1 1 1 1 1 1 1 1 1 1 1 1 1 1 1 1 
1 1 1 1 1 1 1 1 1 1 1 1 1 1 0 1 1 1 1 1 1 1 1 1 1 1 1 1 1 1 1 1 
1 1 1 1 1 1 1 1 1 1 1 1 1 1 1 0 1 1 1 1 1 1 1 1 1 1 1 1 1 1 1 1 
1 1 1 1 1 1 1 1 1 1 1 1 1 1 1 1 0 1 1 1 1 1 1 1 1 1 1 1 1 1 1 1 
1 1 1 1 1 1 1 1 1 1 1 1 1 1 1 1 1 0 1 1 1 1 1 1 1 1 1 1 1 1 1 1 
1 1 1 1 1 1 1 1 1 1 1 1 1 1 1 1 1 1 0 1 1 1 1 1 1 1 1 1 1 1 1 1 
1 1 1 1 1 1 1 1 1 1 1 1 1 1 1 1 1 1 1 0 1 1 1 1 1 1 1 1 1 1 1 1 
1 1 1 1 1 1 1 1 1 1 1 1 1 1 1 1 1 1 1 1 0 1 1 1 1 1 1 1 1 1 1 1 
3 3 3 3 3 3 3 3 3 3 3 3 3 3 3 3 3 3 3 3 3 0 3 3 3 3 3 3 3 3 3 3 
2 2 2 2 2 2 2 2 2 2 2 2 2 2 2 2 2 2 2 2 2 2 0 2 2 2 2 2 2 2 2 2 
1 1 1 1 1 1 1 1 1 1 1 1 1 1 1 1 1 1 1 1 1 1 1 0 1 1 1 1 1 1 1 1 
1 1 1 1 1 1 1 1 1 1 1 1 1 1 1 1 1 1 1 1 1 1 1 1 0 1 1 1 1 1 1 1 
2 2 2 2 2 2 2 2 2 2 2 2 2 2 2 2 2 2 2 2 2 2 2 2 2 0 2 2 2 2 2 2 
1 1 1 1 1 1 1 1 1 1 1 1 1 1 1 1 1 1 1 1 1 1 1 1 1 1 0 1 1 1 1 1 
1 1 1 1 1 1 1 1 1 1 1 1 1 1 1 1 1 1 1 1 1 1 1 1 1 1 1 0 1 1 1 1 
1 1 1 1 1 1 1 1 1 1 1 1 1 1 1 1 1 1 1 1 1 1 1 1 1 1 1 1 0 1 1 1 
1 1 1 1 1 1 1 1 1 1 1 1 1 1 1 1 1 1 1 1 1 1 1 1 1 1 1 1 1 0 1 1 
1 1 1 1 1 1 1 1 1 1 1 1 1 1 1 1 1 1 1 1 1 1 1 1 1 1 1 1 1 1 0 1 
3 3 3 3 3 3 3 3 3 3 3 3 3 3 3 3 3 3 3 3 3 3 3 3 3 3 3 3 3 3 3 0 
Time:
0	15
15	30
30	45
45	60
60	75
75	90
90	105
105	120
120	135
135	150
150	165
165	180
180	195
195	210
210	225
225	240
240	255
255	270
270	285
285	300
300	315
315	330
330	345
345	360
360	375
375	390
390	405
405	420
420	435
435	450
450	465
465	480
480	495
495	510
510	525
525	540
540	555
555	570
570	585
585	600
600	615
615	630
630	645
645	660
660	675
675	690
690	705
705	720
720	735
735	750
750	765
765	780
780	795
795	810
810	825
825	840
840	855
855	870
870	885
885	900
900	915
915	930
930	945
945	960
960	975
975	990
990	1005
1005	1020
1020	1035
1035	1050
1050	1065
1065	1080
1080	5000
Speed:
0.925	0.85	0.925	1	0.8325	0.765	0.8325	0.9	0.4625	0.425	0.4625	0.5	0.30525	0.2805	0.30525	0.33	0.37	0.34	0.37	0.4	0.555	0.51	0.555	0.6	0.6475	0.595	0.6475	0.7	0.37	0.34	0.37	0.4	0.30525	0.2805	0.30525	0.33	0.4625	0.425	0.4625	0.5	0.6475	0.595	0.6475	0.7	0.74	0.68	0.74	0.8	0.6475	0.595	0.6475	0.7	0.4625	0.425	0.4625	0.5	0.555	0.51	0.555	0.6	0.6475	0.595	0.6475	0.7	0.8325	0.765	0.8325	0.9	0.925	0.85	0.925	1	1	
0.925	0.85	0.925	1	0.8325	0.765	0.8325	0.9	0.4625	0.425	0.4625	0.5	0.30525	0.2805	0.30525	0.33	0.37	0.34	0.37	0.4	0.555	0.51	0.555	0.6	0.6475	0.595	0.6475	0.7	0.37	0.34	0.37	0.4	0.30525	0.2805	0.30525	0.33	0.4625	0.425	0.4625	0.5	0.6475	0.595	0.6475	0.7	0.74	0.68	0.74	0.8	0.6475	0.595	0.6475	0.7	0.4625	0.425	0.4625	0.5	0.555	0.51	0.555	0.6	0.6475	0.595	0.6475	0.7	0.8325	0.765	0.8325	0.9	0.925	0.85	0.925	1	1	
0.925	0.85	0.925	1	0.8325	0.765	0.8325	0.9	0.4625	0.425	0.4625	0.5	0.30525	0.2805	0.30525	0.33	0.37	0.34	0.37	0.4	0.555	0.51	0.555	0.6	0.6475	0.595	0.6475	0.7	0.37	0.34	0.37	0.4	0.30525	0.2805	0.30525	0.33	0.4625	0.425	0.4625	0.5	0.6475	0.595	0.6475	0.7	0.74	0.68	0.74	0.8	0.6475	0.595	0.6475	0.7	0.4625	0.425	0.4625	0.5	0.555	0.51	0.555	0.6	0.6475	0.595	0.6475	0.7	0.8325	0.765	0.8325	0.9	0.925	0.85	0.925	1	1	
