31
0 49.64 53.56 76.97 44.87 78.39 55.37 108.18 84.32 67.93 69.04 71.71 67.28 79.44 74.54 56.31 88 63.61 73.35 74.58 74.7 80.07 57.72 62.05 74.28 77.17 75.72 74.19 44.19 59.62 85.6 
49.64 0 12.03 33.39 10.02 37.05 10.83 60.99 38.77 23.56 19.45 33.56 17.65 36.06 25.03 11.09 40.18 18.38 27.45 25.17 32.43 32.47 14.45 12.69 25 29 36.75 24.75 23.15 15.8 38.38 
53.56 12.03 0 24.12 21.69 26.8 11.2 54.62 30.93 14.52 19.57 22.17 18.73 26.75 23.87 10.78 34.54 10.06 34.29 23.48 22.43 26.64 15.99 17.6 27.62 24.08 25.69 23.23 34.93 6.07 32.05 
76.97 33.39 24.12 0 43.26 5.28 23.35 32 8.13 9.88 22.36 10.06 23.79 9.52 20.59 22.72 15.39 15.03 40.32 19.52 9.94 10.78 20.11 28.81 28.75 12.63 8.8 19.8 55.87 18.29 12.14 
44.87 10.02 21.69 43.26 0 47.04 20.82 69.68 48.25 33.48 26.86 43.54 24.85 45.92 32.45 21.11 48.87 28.31 28.59 32.83 42.41 41.44 24.44 18.7 30.18 37.78 46.77 32.37 13.24 25.82 47.38 
78.39 37.05 26.8 5.28 47.04 0 26.56 32.56 10.62 13.67 27.49 7.66 28.84 4.24 25.87 26.08 18.88 18.77 45.56 24.8 4.66 15.68 23.08 33.6 34.03 17.85 4.61 25.08 59.91 21.43 15.72 
55.37 10.83 11.2 23.35 20.82 26.56 0 53 29.64 13.5 16.57 22.73 15.67 26.02 21.03 9.85 32.63 8.53 31.31 20.7 22.02 24.7 14.46 14.63 24.55 21.87 25.98 20.43 33.98 5.13 30.29 
108.18 60.99 54.62 32 69.68 32.56 53 0 24.08 40.29 43.14 40.22 45.18 29.94 37.84 52.12 20.83 44.6 53.73 37.23 34.81 28.56 50.47 51.52 43.39 32 36.79 37.71 80.39 48.56 22.74 
84.32 38.77 30.93 8.13 48.25 10.62 29.64 24.08 0 16.42 24.1 17.62 25.93 6.71 20.51 28.86 8.39 21.11 40.29 19.5 11.17 8.44 26.79 31.83 28.45 12.1 15.21 19.92 60.25 24.89 5.45 
67.93 23.56 14.52 9.88 33.48 13.67 13.5 40.29 16.42 0 15.93 12.48 16.73 12.56 16.68 12.84 20.89 5.18 34.39 15.77 9.01 13.38 10.41 20.49 23.89 12.14 14.41 15.82 46.26 8.53 18.07 
69.04 19.45 19.57 22.36 26.86 27.49 16.57 43.14 24.1 15.93 0 28.3 13.06 24.53 5.63 15.57 22.57 13.65 18.48 5.98 23.3 16 16.97 8.39 8.48 12.15 29.63 5.52 37.3 15.99 21.68 
71.71 33.56 22.17 10.06 43.54 7.66 22.73 40.22 17.62 12.48 28.3 0 29.2 10.91 28.2 22.52 25.4 16.54 46.79 27.19 7.03 20.46 19.11 32.78 35.95 21.43 12.27 27.35 56.71 17.86 22.15 
67.28 17.65 18.73 23.79 24.85 28.84 15.67 45.18 25.93 16.73 13.06 29.2 0 26.05 7.61 14.71 24.59 13.85 17.74 8.01 24.54 17.93 16.49 6.35 8.9 14.07 30.74 7.54 35.26 15.72 23.66 
79.44 36.06 26.75 9.52 45.92 4.24 26.02 29.94 6.71 12.56 24.53 10.91 26.05 0 22.34 25.4 14.75 17.72 42.22 21.26 4.89 11.57 22.77 31.25 30.53 14.06 8.66 21.58 58.51 20.96 11.56 
74.54 25.03 23.87 20.59 32.45 25.87 21.03 37.84 20.51 16.68 5.63 28.2 7.61 22.34 0 19.99 17.6 16.12 19.95 11.61 22.24 12.08 20.68 13.84 8.19 8.51 28.77 11.15 42.56 19.34 17.22 
56.31 11.09 10.78 22.72 21.11 26.08 9.85 52.12 28.86 12.84 15.57 22.52 14.71 25.4 19.99 0 31.7 7.78 30.55 19.67 21.5 23.77 13.71 13.91 23.6 20.9 25.66 19.39 34.21 4.71 29.4 
88 40.18 34.54 15.39 48.87 18.88 32.63 20.83 8.39 20.89 22.57 25.4 24.59 14.75 17.6 31.7 0 24.51 35.87 16.85 18.51 7.93 30.44 30.92 24.41 11.17 23.41 17.32 59.85 28.56 13.84 
63.61 18.38 10.06 15.03 28.31 18.77 8.53 44.6 21.11 5.18 13.65 16.54 13.85 17.72 16.12 7.78 24.51 0 31.52 15.44 14.12 16.63 5.93 16.37 22.09 14.32 19.07 15.33 41.14 12.49 21.99 
73.35 27.45 34.29 40.32 28.59 45.56 31.31 53.73 40.29 34.39 18.48 46.79 17.74 42.22 19.95 30.55 35.87 31.52 0 21.02 41.6 31.87 33.19 16.69 11.84 28.45 48.02 20.67 32.58 32.84 36.37 
74.58 25.17 23.48 19.52 32.83 24.8 20.7 37.23 19.5 15.77 5.98 27.19 8.01 21.26 11.61 19.67 16.85 15.44 21.02 0 21.18 11.09 20.19 14.33 9.27 7.47 27.71 11.5 43.16 18.78 16.33 
74.7 32.43 22.43 9.94 42.41 4.66 22.02 34.81 11.17 9.01 23.3 7.03 24.54 4.89 22.24 21.5 18.51 14.12 41.6 21.18 0 13.48 18.6 29.08 30.28 14.8 6.53 21.41 55.25 16.89 15.26 
80.07 32.47 26.64 10.78 41.44 15.68 24.7 28.56 8.44 13.38 16 20.46 17.93 11.57 12.08 23.77 7.93 16.63 31.87 11.09 13.48 0 22.56 24.07 20.03 15.62 19.58 11.51 52.87 20.69 5.94 
57.72 14.45 15.99 20.11 24.44 23.08 14.46 50.47 26.79 10.41 16.97 19.11 16.49 22.77 20.68 13.71 30.44 5.93 33.19 20.19 18.6 22.56 0 16.77 25.33 20.12 22.37 19.98 37.6 18.42 27.91 
62.05 12.69 17.6 28.81 18.7 33.6 14.63 51.52 31.83 20.49 8.39 32.78 6.35 31.25 13.84 13.91 30.92 16.37 16.69 14.33 29.08 24.07 16.77 0 12.32 20.23 34.89 13.86 28.93 16.71 29.89 
74.28 25 27.62 28.75 30.18 34.03 24.55 43.39 28.45 23.89 8.48 35.95 8.9 30.53 8.19 23.6 24.41 22.09 11.84 9.27 30.28 20.03 25.33 12.32 0 16.64 36.78 8.96 38.28 24.44 24.65 
77.17 29 24.08 12.63 37.78 17.85 21.87 32 12.1 12.14 12.15 21.43 14.07 14.06 8.51 20.9 11.17 14.32 28.45 7.47 14.8 15.62 20.12 20.23 16.64 0 21.25 7.86 49.07 18.33 9.68 
75.72 36.75 25.69 8.8 46.77 4.61 25.98 36.79 15.21 14.41 29.63 12.27 30.74 8.66 28.77 25.66 23.41 19.07 48.02 27.71 6.53 19.58 22.37 34.89 36.78 21.25 0 27.93 59.86 20.95 20.22 
74.19 24.75 23.23 19.8 32.37 25.08 20.43 37.71 19.92 15.82 5.52 27.35 7.54 21.58 11.15 19.39 17.32 15.33 20.67 11.5 21.41 11.51 19.98 13.86 8.96 7.86 27.93 0 42.68 18.61 16.79 
44.19 23.15 34.93 55.87 13.24 59.91 33.98 80.39 60.25 46.26 37.3 56.71 35.26 58.51 42.56 34.21 59.85 41.14 32.58 43.16 55.25 52.87 37.6 28.93 38.28 49.07 59.86 42.68 0 38.91 58.75 
59.62 15.8 6.07 18.29 25.82 21.43 5.13 48.56 24.89 8.53 15.99 17.86 15.72 20.96 19.34 4.71 28.56 12.49 32.84 18.78 16.89 20.69 18.42 16.71 24.44 18.33 20.95 18.61 38.91 0 26.01 
85.6 38.38 32.05 12.14 47.38 15.72 30.29 22.74 5.45 18.07 21.68 22.15 23.66 11.56 17.22 29.4 13.84 21.99 36.37 16.33 15.26 5.94 27.91 29.89 24.65 9.68 20.22 16.79 58.75 26.01 0 
0	5000
0	95
0	108
0	138
0	212
0	345
0	393
0	488
0	560
0	602
0	636
0	682
0	724
0	758
0	794
0	824
0	891
0	935
0	986
0	1013
0	1040
0	1055
0	1080
0	1099
0	1112
0	1129
0	1150
0	1178
0	1220
0	1259
0	1285
C:
0 3 3 3 3 3 3 3 3 3 3 3 3 3 3 3 3 3 3 3 3 3 3 3 3 3 3 3 3 3 3 3 
2 0 2 2 2 2 2 2 2 2 2 2 2 2 2 2 2 2 2 2 2 2 2 2 2 2 2 2 2 2 2 2 
2 2 0 2 2 2 2 2 2 2 2 2 2 2 2 2 2 2 2 2 2 2 2 2 2 2 2 2 2 2 2 2 
1 1 1 0 1 1 1 1 1 1 1 1 1 1 1 1 1 1 1 1 1 1 1 1 1 1 1 1 1 1 1 1 
3 3 3 3 0 3 3 3 3 3 3 3 3 3 3 3 3 3 3 3 3 3 3 3 3 3 3 3 3 3 3 3 
2 2 2 2 2 0 2 2 2 2 2 2 2 2 2 2 2 2 2 2 2 2 2 2 2 2 2 2 2 2 2 2 
2 2 2 2 2 2 0 2 2 2 2 2 2 2 2 2 2 2 2 2 2 2 2 2 2 2 2 2 2 2 2 2 
3 3 3 3 3 3 3 0 3 3 3 3 3 3 3 3 3 3 3 3 3 3 3 3 3 3 3 3 3 3 3 3 
2 2 2 2 2 2 2 2 0 2 2 2 2 2 2 2 2 2 2 2 2 2 2 2 2 2 2 2 2 2 2 2 
1 1 1 1 1 1 1 1 1 0 1 1 1 1 1 1 1 1 1 1 1 1 1 1 1 1 1 1 1 1 1 1 
1 1 1 1 1 1 1 1 1 1 0 1 1 1 1 1 1 1 1 1 1 1 1 1 1 1 1 1 1 1 1 1 
2 2 2 2 2 2 2 2 2 2 2 0 2 2 2 2 2 2 2 2 2 2 2 2 2 2 2 2 2 2 2 2 
1 1 1 1 1 1 1 1 1 1 1 1 0 1 1 1 1 1 1 1 1 1 1 1 1 1 1 1 1 1 1 1 
1 1 1 1 1 1 1 1 1 1 1 1 1 0 1 1 1 1 1 1 1 1 1 1 1 1 1 1 1 1 1 1 
1 1 1 1 1 1 1 1 1 1 1 1 1 1 0 1 1 1 1 1 1 1 1 1 1 1 1 1 1 1 1 1 
1 1 1 1 1 1 1 1 1 1 1 1 1 1 1 0 1 1 1 1 1 1 1 1 1 1 1 1 1 1 1 1 
2 2 2 2 2 2 2 2 2 2 2 2 2 2 2 2 0 2 2 2 2 2 2 2 2 2 2 2 2 2 2 2 
1 1 1 1 1 1 1 1 1 1 1 1 1 1 1 1 1 0 1 1 1 1 1 1 1 1 1 1 1 1 1 1 
3 3 3 3 3 3 3 3 3 3 3 3 3 3 3 3 3 3 0 3 3 3 3 3 3 3 3 3 3 3 3 3 
1 1 1 1 1 1 1 1 1 1 1 1 1 1 1 1 1 1 1 0 1 1 1 1 1 1 1 1 1 1 1 1 
1 1 1 1 1 1 1 1 1 1 1 1 1 1 1 1 1 1 1 1 0 1 1 1 1 1 1 1 1 1 1 1 
1 1 1 1 1 1 1 1 1 1 1 1 1 1 1 1 1 1 1 1 1 0 1 1 1 1 1 1 1 1 1 1 
1 1 1 1 1 1 1 1 1 1 1 1 1 1 1 1 1 1 1 1 1 1 0 1 1 1 1 1 1 1 1 1 
2 2 2 2 2 2 2 2 2 2 2 2 2 2 2 2 2 2 2 2 2 2 2 0 2 2 2 2 2 2 2 2 
2 2 2 2 2 2 2 2 2 2 2 2 2 2 2 2 2 2 2 2 2 2 2 2 0 2 2 2 2 2 2 2 
1 1 1 1 1 1 1 1 1 1 1 1 1 1 1 1 1 1 1 1 1 1 1 1 1 0 1 1 1 1 1 1 
2 2 2 2 2 2 2 2 2 2 2 2 2 2 2 2 2 2 2 2 2 2 2 2 2 2 0 2 2 2 2 2 
1 1 1 1 1 1 1 1 1 1 1 1 1 1 1 1 1 1 1 1 1 1 1 1 1 1 1 0 1 1 1 1 
3 3 3 3 3 3 3 3 3 3 3 3 3 3 3 3 3 3 3 3 3 3 3 3 3 3 3 3 0 3 3 3 
1 1 1 1 1 1 1 1 1 1 1 1 1 1 1 1 1 1 1 1 1 1 1 1 1 1 1 1 1 0 1 1 
2 2 2 2 2 2 2 2 2 2 2 2 2 2 2 2 2 2 2 2 2 2 2 2 2 2 2 2 2 2 0 2 
3 3 3 3 3 3 3 3 3 3 3 3 3 3 3 3 3 3 3 3 3 3 3 3 3 3 3 3 3 3 3 0 
Time:
0	15
15	30
30	45
45	60
60	75
75	90
90	105
105	120
120	135
135	150
150	165
165	180
180	195
195	210
210	225
225	240
240	255
255	270
270	285
285	300
300	315
315	330
330	345
345	360
360	375
375	390
390	405
405	420
420	435
435	450
450	465
465	480
480	495
495	510
510	525
525	540
540	555
555	570
570	585
585	600
600	615
615	630
630	645
645	660
660	675
675	690
690	705
705	720
720	735
735	750
750	765
765	780
780	795
795	810
810	825
825	840
840	855
855	870
870	885
885	900
900	915
915	930
930	945
945	960
960	975
975	990
990	1005
1005	1020
1020	1035
1035	1050
1050	1065
1065	1080
1080	5000
Speed:
0.925	0.85	0.925	1	0.8325	0.765	0.8325	0.9	0.4625	0.425	0.4625	0.5	0.30525	0.2805	0.30525	0.33	0.37	0.34	0.37	0.4	0.555	0.51	0.555	0.6	0.6475	0.595	0.6475	0.7	0.37	0.34	0.37	0.4	0.30525	0.2805	0.30525	0.33	0.4625	0.425	0.4625	0.5	0.6475	0.595	0.6475	0.7	0.74	0.68	0.74	0.8	0.6475	0.595	0.6475	0.7	0.4625	0.425	0.4625	0.5	0.555	0.51	0.555	0.6	0.6475	0.595	0.6475	0.7	0.8325	0.765	0.8325	0.9	0.925	0.85	0.925	1	1	
0.925	0.85	0.925	1	0.8325	0.765	0.8325	0.9	0.4625	0.425	0.4625	0.5	0.30525	0.2805	0.30525	0.33	0.37	0.34	0.37	0.4	0.555	0.51	0.555	0.6	0.6475	0.595	0.6475	0.7	0.37	0.34	0.37	0.4	0.30525	0.2805	0.30525	0.33	0.4625	0.425	0.4625	0.5	0.6475	0.595	0.6475	0.7	0.74	0.68	0.74	0.8	0.6475	0.595	0.6475	0.7	0.4625	0.425	0.4625	0.5	0.555	0.51	0.555	0.6	0.6475	0.595	0.6475	0.7	0.8325	0.765	0.8325	0.9	0.925	0.85	0.925	1	1	
0.925	0.85	0.925	1	0.8325	0.765	0.8325	0.9	0.4625	0.425	0.4625	0.5	0.30525	0.2805	0.30525	0.33	0.37	0.34	0.37	0.4	0.555	0.51	0.555	0.6	0.6475	0.595	0.6475	0.7	0.37	0.34	0.37	0.4	0.30525	0.2805	0.30525	0.33	0.4625	0.425	0.4625	0.5	0.6475	0.595	0.6475	0.7	0.74	0.68	0.74	0.8	0.6475	0.595	0.6475	0.7	0.4625	0.425	0.4625	0.5	0.555	0.51	0.555	0.6	0.6475	0.595	0.6475	0.7	0.8325	0.765	0.8325	0.9	0.925	0.85	0.925	1	1	
