31
0 58.93 84.93 106.92 87.04 71.67 57.91 52.79 82 45.43 69.39 65.75 56.66 96.33 82.15 56.98 90.57 90.78 58.23 71.03 74 79.28 68.73 59.97 61.49 75.11 75.11 76.72 92.4 102.06 71.68 
58.93 0 30.45 50.5 31.18 13.99 8.82 8.66 23.75 14.5 13.28 10 8.64 50.2 31.88 16.74 45.71 32.96 8.15 16.87 15.15 29.61 18.02 18.2 12.15 17.09 16.73 32.01 39.74 46.28 23.91 
84.93 30.45 0 22.13 18.66 16.97 27.52 33.04 12.3 40.22 17.22 31.87 28.81 23.19 8.08 32.57 20.99 11.18 27.37 34.3 19.27 9.38 16.23 45.03 38.29 26.35 24.98 16.24 9.53 17.14 14.92 
106.92 50.5 22.13 0 19.9 36.53 49.16 54.54 27.22 61.85 38.02 48.9 50.44 27.44 27.1 52.66 30.08 18.05 48.92 48.72 36.37 29.68 38.34 61.69 55.5 40.52 39.51 35.21 17.21 5.25 36.63 
87.04 31.18 18.66 19.9 0 17.28 29.26 34.66 10.39 41.96 18.27 31.41 30.54 25.45 11.76 33.34 23.87 7.48 29.03 33.12 18.56 13.09 18.7 44.6 37.98 24.94 23.62 19.96 10.63 15.25 18.2 
71.67 13.99 16.97 36.53 17.28 0 14.32 18.92 10.35 26.25 14.02 15.33 15.43 38.61 20.27 16.15 34.94 19.24 13.83 19.27 5.25 18.71 10.89 28.3 21.51 13.03 11.71 23.42 26.47 32.3 16 
57.91 8.82 27.52 49.16 29.26 14.32 0 5.58 24.56 12.71 11.56 18.24 9.89 44.37 26.78 9.6 39.4 32.97 11.25 24.93 18.08 24.14 12.17 26.77 20.95 23.03 22.23 25.03 36.01 44.45 17.29 
52.79 8.66 33.04 54.54 34.66 18.92 5.58 0 29.27 7.37 16.63 18.61 4.31 49.73 32.32 8.08 44.65 37.99 5.67 25.48 21.87 29.65 17.72 24.34 19.48 25.38 24.84 30.13 41.59 49.89 22.63 
82 23.75 12.3 27.22 10.39 10.35 24.56 29.27 0 36.59 13.1 21.84 25.71 35.46 19.17 25.9 33.19 9.28 24.1 22.85 9.16 19.07 17.74 34.88 28.47 14.59 13.31 25.6 21 23.58 20.48 
45.43 14.5 40.22 61.85 41.96 26.25 12.71 7.37 36.59 0 24 23.6 11.42 55.75 38.94 13.04 50.45 45.36 12.93 30.24 28.93 36.18 24.5 25.72 22.53 31.59 31.23 35.81 48.53 57.16 28.84 
69.39 13.28 17.22 38.02 18.27 14.02 11.56 16.63 13.1 24 0 16.95 12.77 37.49 19.03 15.37 33.42 21.42 11.18 21.74 8.76 17.07 7.63 29.38 22.6 16.24 14.98 20.99 26.46 33.51 13.19 
65.75 10 31.87 48.9 31.41 15.33 18.24 18.61 21.84 23.6 16.95 0 18.36 53.95 35.58 10.73 50.2 30.85 17.51 6.87 12.87 33.88 23.99 13.19 6.63 9.68 10.09 37.87 41.38 45.42 29.9 
56.66 8.64 28.81 50.44 30.54 15.43 9.89 4.31 25.71 11.42 12.77 18.36 0 45.54 28.02 9.14 40.53 34.19 9.98 25.13 19.01 25.37 13.42 26.29 20.66 23.65 22.9 26.11 37.29 45.73 18.44 
96.33 50.2 23.19 27.44 25.45 38.61 44.37 49.73 35.46 55.75 37.49 53.95 45.54 0 18.46 52.08 5.8 31.42 44.55 57.18 41.98 20.6 32.44 66.8 60 49.43 48.04 20.07 15.32 23.59 27.11 
82.15 31.88 8.08 27.1 11.76 20.27 26.78 32.32 19.17 38.94 19.03 35.58 28.02 18.46 0 33.82 14.73 19.23 26.85 39.21 24.05 15.45 14.61 48.35 41.56 31.86 30.44 8.53 10.47 21.85 10.47 
56.98 16.74 32.57 52.66 33.34 16.15 9.6 8.08 25.9 13.04 15.37 10.73 9.14 52.08 33.82 0 47.5 35.12 9.02 17.55 17.22 31.49 19.77 17.18 11.62 18.64 18.39 33.63 41.82 48.45 25.57 
90.57 45.71 20.99 30.08 23.87 34.94 39.4 44.65 33.19 50.45 33.42 50.2 40.53 5.8 14.73 47.5 0 30.64 39.63 53.94 38.77 16.34 27.74 62.79 56.02 46.51 45.1 14.64 15.12 25.6 22.12 
90.78 32.96 11.18 18.05 7.48 19.24 32.97 37.99 9.28 45.36 21.42 30.85 34.19 31.42 19.23 35.12 30.64 0 32.6 30.97 18.4 20.47 24.07 43.69 37.45 22.68 21.59 27.37 16.11 14.88 24.8 
58.23 8.15 27.37 48.92 29.03 13.83 11.25 5.67 24.1 12.93 11.18 17.51 9.98 44.55 26.85 9.02 39.63 32.6 0 24.2 17.48 24.25 12.24 26.17 20.29 22.33 21.54 25.33 35.96 44.24 17.51 
71.03 16.87 34.3 48.72 33.12 19.27 24.93 25.48 22.85 30.24 21.74 6.87 25.13 57.18 39.21 17.55 53.94 30.97 24.2 0 15.21 37.89 29.24 13.73 9.59 8.32 9.53 42.63 43.59 45.85 34.93 
74 15.15 19.27 36.37 18.56 5.25 18.08 21.87 9.16 28.93 8.76 12.87 19.01 41.98 24.05 17.22 38.77 18.4 17.48 15.21 0 22.89 16.13 26.05 19.47 8.04 6.65 28.17 28.7 32.67 21.06 
79.28 29.61 9.38 29.68 13.09 18.71 24.14 29.65 19.07 36.18 17.07 33.88 25.37 20.6 15.45 31.49 16.34 20.47 24.25 37.89 22.89 0 12.01 46.46 39.68 30.85 29.44 6.92 13.29 24.45 7.61 
68.73 18.02 16.23 38.34 18.7 10.89 12.17 17.72 17.74 24.5 7.63 23.99 13.42 32.44 14.61 19.77 27.74 24.07 12.24 29.24 16.13 12.01 0 35.66 29.03 23.84 22.55 14.1 24.05 33.37 5.99 
59.97 18.2 45.03 61.69 44.6 28.3 26.77 24.34 34.88 25.72 29.38 13.19 26.29 66.8 48.35 17.18 62.79 43.69 26.17 13.73 26.05 46.46 35.66 0 6.8 21.31 22.21 49.76 54.55 58.42 41.64 
61.49 12.15 38.29 55.5 37.98 21.51 20.95 19.48 28.47 22.53 22.6 6.63 20.66 60 41.56 11.62 56.02 37.45 20.29 9.59 19.47 39.68 29.03 6.8 0 15.69 16.36 43.11 47.82 52.05 35.01 
75.11 17.09 26.35 40.52 24.94 13.03 23.03 25.38 14.59 31.59 16.24 9.68 23.65 49.43 31.86 18.64 46.51 22.68 22.33 8.32 8.04 30.85 23.84 21.31 15.69 0 14.69 36.21 35.48 37.55 29.02 
75.11 16.73 24.98 39.51 23.62 11.71 22.23 24.84 13.31 31.23 14.98 10.09 22.9 48.04 30.44 18.39 45.1 21.59 21.54 9.53 6.65 29.44 22.55 22.21 16.36 14.69 0 34.82 34.14 36.43 27.67 
76.72 32.01 16.24 35.21 19.96 23.42 25.03 30.13 25.6 35.81 20.99 37.87 26.11 20.07 8.53 33.63 14.64 27.37 25.33 42.63 28.17 6.92 14.1 49.76 43.11 36.21 34.82 0 18.09 29.98 8.12 
92.4 39.74 9.53 17.21 10.63 26.47 36.01 41.59 21 48.53 26.46 41.38 37.29 15.32 10.47 41.82 15.12 16.11 35.96 43.59 28.7 13.29 24.05 54.55 47.82 35.48 34.14 18.09 0 12.04 20.8 
102.06 46.28 17.14 5.25 15.25 32.3 44.45 49.89 23.58 57.16 33.51 45.42 45.73 23.59 21.85 48.45 25.6 14.88 44.24 45.85 32.67 24.45 33.37 58.42 52.05 37.55 36.43 29.98 12.04 0 31.45 
71.68 23.91 14.92 36.63 18.2 16 17.29 22.63 20.48 28.84 13.19 29.9 18.44 27.11 10.47 25.57 22.12 24.8 17.51 34.93 21.06 7.61 5.99 41.64 35.01 29.02 27.67 8.12 20.8 31.45 0 
0	5000
0	105
0	142
0	174
0	217
0	272
0	313
0	328
0	385
0	444
0	496
0	545
0	597
0	681
0	707
0	753
0	827
0	891
0	948
0	987
0	1007
0	1036
0	1050
0	1090
0	1097
0	1114
0	1128
0	1163
0	1181
0	1193
0	1225
C:
0 3 3 3 3 3 3 3 3 3 3 3 3 3 3 3 3 3 3 3 3 3 3 3 3 3 3 3 3 3 3 3 
1 0 1 1 1 1 1 1 1 1 1 1 1 1 1 1 1 1 1 1 1 1 1 1 1 1 1 1 1 1 1 1 
2 2 0 2 2 2 2 2 2 2 2 2 2 2 2 2 2 2 2 2 2 2 2 2 2 2 2 2 2 2 2 2 
3 3 3 0 3 3 3 3 3 3 3 3 3 3 3 3 3 3 3 3 3 3 3 3 3 3 3 3 3 3 3 3 
2 2 2 2 0 2 2 2 2 2 2 2 2 2 2 2 2 2 2 2 2 2 2 2 2 2 2 2 2 2 2 2 
1 1 1 1 1 0 1 1 1 1 1 1 1 1 1 1 1 1 1 1 1 1 1 1 1 1 1 1 1 1 1 1 
1 1 1 1 1 1 0 1 1 1 1 1 1 1 1 1 1 1 1 1 1 1 1 1 1 1 1 1 1 1 1 1 
2 2 2 2 2 2 2 0 2 2 2 2 2 2 2 2 2 2 2 2 2 2 2 2 2 2 2 2 2 2 2 2 
1 1 1 1 1 1 1 1 0 1 1 1 1 1 1 1 1 1 1 1 1 1 1 1 1 1 1 1 1 1 1 1 
3 3 3 3 3 3 3 3 3 0 3 3 3 3 3 3 3 3 3 3 3 3 3 3 3 3 3 3 3 3 3 3 
1 1 1 1 1 1 1 1 1 1 0 1 1 1 1 1 1 1 1 1 1 1 1 1 1 1 1 1 1 1 1 1 
2 2 2 2 2 2 2 2 2 2 2 0 2 2 2 2 2 2 2 2 2 2 2 2 2 2 2 2 2 2 2 2 
1 1 1 1 1 1 1 1 1 1 1 1 0 1 1 1 1 1 1 1 1 1 1 1 1 1 1 1 1 1 1 1 
3 3 3 3 3 3 3 3 3 3 3 3 3 0 3 3 3 3 3 3 3 3 3 3 3 3 3 3 3 3 3 3 
2 2 2 2 2 2 2 2 2 2 2 2 2 2 0 2 2 2 2 2 2 2 2 2 2 2 2 2 2 2 2 2 
2 2 2 2 2 2 2 2 2 2 2 2 2 2 2 0 2 2 2 2 2 2 2 2 2 2 2 2 2 2 2 2 
3 3 3 3 3 3 3 3 3 3 3 3 3 3 3 3 0 3 3 3 3 3 3 3 3 3 3 3 3 3 3 3 
2 2 2 2 2 2 2 2 2 2 2 2 2 2 2 2 2 0 2 2 2 2 2 2 2 2 2 2 2 2 2 2 
1 1 1 1 1 1 1 1 1 1 1 1 1 1 1 1 1 1 0 1 1 1 1 1 1 1 1 1 1 1 1 1 
2 2 2 2 2 2 2 2 2 2 2 2 2 2 2 2 2 2 2 0 2 2 2 2 2 2 2 2 2 2 2 2 
1 1 1 1 1 1 1 1 1 1 1 1 1 1 1 1 1 1 1 1 0 1 1 1 1 1 1 1 1 1 1 1 
2 2 2 2 2 2 2 2 2 2 2 2 2 2 2 2 2 2 2 2 2 0 2 2 2 2 2 2 2 2 2 2 
1 1 1 1 1 1 1 1 1 1 1 1 1 1 1 1 1 1 1 1 1 1 0 1 1 1 1 1 1 1 1 1 
3 3 3 3 3 3 3 3 3 3 3 3 3 3 3 3 3 3 3 3 3 3 3 0 3 3 3 3 3 3 3 3 
2 2 2 2 2 2 2 2 2 2 2 2 2 2 2 2 2 2 2 2 2 2 2 2 0 2 2 2 2 2 2 2 
1 1 1 1 1 1 1 1 1 1 1 1 1 1 1 1 1 1 1 1 1 1 1 1 1 0 1 1 1 1 1 1 
1 1 1 1 1 1 1 1 1 1 1 1 1 1 1 1 1 1 1 1 1 1 1 1 1 1 0 1 1 1 1 1 
2 2 2 2 2 2 2 2 2 2 2 2 2 2 2 2 2 2 2 2 2 2 2 2 2 2 2 0 2 2 2 2 
3 3 3 3 3 3 3 3 3 3 3 3 3 3 3 3 3 3 3 3 3 3 3 3 3 3 3 3 0 3 3 3 
3 3 3 3 3 3 3 3 3 3 3 3 3 3 3 3 3 3 3 3 3 3 3 3 3 3 3 3 3 0 3 3 
1 1 1 1 1 1 1 1 1 1 1 1 1 1 1 1 1 1 1 1 1 1 1 1 1 1 1 1 1 1 0 1 
3 3 3 3 3 3 3 3 3 3 3 3 3 3 3 3 3 3 3 3 3 3 3 3 3 3 3 3 3 3 3 0 
Time:
0	15
15	30
30	45
45	60
60	75
75	90
90	105
105	120
120	135
135	150
150	165
165	180
180	195
195	210
210	225
225	240
240	255
255	270
270	285
285	300
300	315
315	330
330	345
345	360
360	375
375	390
390	405
405	420
420	435
435	450
450	465
465	480
480	495
495	510
510	525
525	540
540	555
555	570
570	585
585	600
600	615
615	630
630	645
645	660
660	675
675	690
690	705
705	720
720	735
735	750
750	765
765	780
780	795
795	810
810	825
825	840
840	855
855	870
870	885
885	900
900	915
915	930
930	945
945	960
960	975
975	990
990	1005
1005	1020
1020	1035
1035	1050
1050	1065
1065	1080
1080	5000
Speed:
0.925	0.85	0.925	1	0.8325	0.765	0.8325	0.9	0.4625	0.425	0.4625	0.5	0.30525	0.2805	0.30525	0.33	0.37	0.34	0.37	0.4	0.555	0.51	0.555	0.6	0.6475	0.595	0.6475	0.7	0.37	0.34	0.37	0.4	0.30525	0.2805	0.30525	0.33	0.4625	0.425	0.4625	0.5	0.6475	0.595	0.6475	0.7	0.74	0.68	0.74	0.8	0.6475	0.595	0.6475	0.7	0.4625	0.425	0.4625	0.5	0.555	0.51	0.555	0.6	0.6475	0.595	0.6475	0.7	0.8325	0.765	0.8325	0.9	0.925	0.85	0.925	1	1	
0.925	0.85	0.925	1	0.8325	0.765	0.8325	0.9	0.4625	0.425	0.4625	0.5	0.30525	0.2805	0.30525	0.33	0.37	0.34	0.37	0.4	0.555	0.51	0.555	0.6	0.6475	0.595	0.6475	0.7	0.37	0.34	0.37	0.4	0.30525	0.2805	0.30525	0.33	0.4625	0.425	0.4625	0.5	0.6475	0.595	0.6475	0.7	0.74	0.68	0.74	0.8	0.6475	0.595	0.6475	0.7	0.4625	0.425	0.4625	0.5	0.555	0.51	0.555	0.6	0.6475	0.595	0.6475	0.7	0.8325	0.765	0.8325	0.9	0.925	0.85	0.925	1	1	
0.925	0.85	0.925	1	0.8325	0.765	0.8325	0.9	0.4625	0.425	0.4625	0.5	0.30525	0.2805	0.30525	0.33	0.37	0.34	0.37	0.4	0.555	0.51	0.555	0.6	0.6475	0.595	0.6475	0.7	0.37	0.34	0.37	0.4	0.30525	0.2805	0.30525	0.33	0.4625	0.425	0.4625	0.5	0.6475	0.595	0.6475	0.7	0.74	0.68	0.74	0.8	0.6475	0.595	0.6475	0.7	0.4625	0.425	0.4625	0.5	0.555	0.51	0.555	0.6	0.6475	0.595	0.6475	0.7	0.8325	0.765	0.8325	0.9	0.925	0.85	0.925	1	1	
