31
0 77.17 75.72 74.19 44.19 59.62 85.6 58.54 74.44 57.86 74.29 77.59 69.61 68.24 67.83 84.66 54.09 91.57 67.97 86.91 93.78 55.65 68.25 80.16 74.62 70.48 70.14 49.38 77.34 89.48 72.93 
77.17 0 21.25 7.86 49.07 18.33 9.68 21.91 6.76 23.3 13.04 27.42 22.09 14.65 13.27 7.56 23.2 14.4 12.05 18.68 28.69 21.52 24.68 11.6 8.51 20.41 19.12 27.82 7.35 20.39 4.24 
75.72 21.25 0 27.93 59.86 20.95 20.22 34.31 26.9 35.83 33.23 6.27 40.76 11.3 13.2 24.87 29.47 27.66 14.49 13.07 18.06 27.02 42.91 23.44 12.9 5.37 37.92 32.08 14.09 15.34 20.85 
74.19 7.86 27.93 0 42.68 18.61 16.79 16.42 11.78 17.58 5.35 34.2 14.25 19.14 17.25 12.38 20.47 19.27 15.71 26.53 36.54 19.51 16.87 8.46 15.09 26.03 11.29 25.2 14.8 28.21 7.13 
44.19 49.07 59.86 42.68 0 38.91 58.75 27.31 43.47 25.84 40.02 64.84 31.88 48.75 47.13 55.05 30.4 61.93 46.22 65.64 75.17 32.85 29.57 50.89 51.47 54.98 33.76 28.54 53.2 67.92 45.5 
59.62 18.33 20.95 18.61 38.91 0 26.01 14.76 18.24 16.11 21.96 26.04 25.27 10.08 8.85 25.86 8.52 32.4 8.55 28.55 37.21 6.06 26.57 21.59 15.12 16.11 23.16 11.61 17.75 31.07 14.28 
85.6 9.68 20.22 16.79 58.75 26.01 0 31.57 15.8 32.98 21.3 25.45 30.81 19.01 18.58 6.14 32.16 7.63 18.02 11.82 21.08 30.23 33.5 8.38 11.63 21.85 27.91 36.59 8.77 12.61 13.51 
58.54 21.91 34.31 16.42 27.31 14.76 31.57 0 16.98 18.53 15.75 40 13.19 23.03 21.12 28.42 8.85 35.47 19.92 38.48 48.2 10.13 13.42 24.03 24.4 30.12 12.45 12.17 25.95 40.71 18.21 
74.44 6.76 26.9 11.78 43.47 18.24 15.8 16.98 0 18.19 6.44 33.16 15.34 18.27 16.42 11.59 20.56 18.56 14.9 25.44 35.45 19.49 17.95 7.52 14.03 25.09 12.38 25.31 13.7 27.12 6.14 
57.86 23.3 35.83 17.58 25.84 16.11 32.98 18.53 18.19 0 16.53 41.49 13.04 24.53 22.64 29.7 9.68 36.73 21.45 40.01 49.74 11.21 12.95 25.35 25.94 31.59 12.64 12.53 27.47 42.22 19.66 
74.29 13.04 33.23 5.35 40.02 21.96 21.3 15.75 6.44 16.53 0 39.49 9.56 24.04 22.07 16.1 21.87 22.41 20.51 31.64 41.61 21.49 12.28 12.96 20.42 31.13 6.77 26.41 20.13 33.19 12.38 
77.59 27.42 6.27 34.2 64.84 26.04 25.45 40 33.16 41.49 39.49 0 46.95 17.04 19.04 30.56 34.49 32.59 20.44 16.18 17.58 32.06 49.07 29.47 19.15 9.95 44.13 36.59 20.17 17.87 27.11 
69.61 22.09 40.76 14.25 31.88 25.27 30.81 13.19 15.34 13.04 9.56 46.95 0 30.41 28.34 25.66 21.73 31.81 26.81 40.77 50.78 22.42 21.84 22.44 28.46 37.8 16.34 25.36 28.72 42.46 20.4 
68.24 14.65 11.3 19.14 48.75 10.08 19.01 23.03 18.27 24.53 24.04 17.04 30.41 0 14.41 21.02 18.49 26.35 14.08 18.86 27.16 16.04 32.35 17.77 7.42 7.41 27.73 21.63 10.25 21.42 12.27 
67.83 13.27 13.2 17.25 47.13 8.85 18.58 21.12 16.42 22.64 22.07 19.04 28.34 14.41 0 20.01 17.03 25.71 13.64 19.71 28.42 14.62 30.28 16.49 6.99 9.48 25.66 20.46 9.84 22.24 10.53 
84.66 7.56 24.87 12.38 55.05 25.86 6.14 28.42 11.59 29.7 16.1 30.56 25.66 21.02 20.01 0 30.62 7.08 19.02 17.92 27.2 29.02 28.38 4.53 13.83 25.47 22.87 35.29 11.39 18.75 11.77 
54.09 23.2 29.47 20.47 30.4 8.52 32.16 8.85 20.56 9.68 21.87 34.49 21.73 18.49 17.03 30.62 0 37.59 16.37 36.42 45.44 11.12 22.21 26.1 22.45 24.59 20.47 4.75 24.74 38.88 18.97 
91.57 14.4 27.66 19.27 61.93 32.4 7.63 35.47 18.56 36.73 22.41 32.59 31.81 26.35 25.71 7.08 37.59 0 24.94 17.54 25.11 35.92 34.53 11.58 18.92 29.47 29.16 42.23 16.12 17.37 18.65 
67.97 12.05 14.49 15.71 46.22 8.55 18.02 19.92 14.9 21.45 20.51 20.44 26.81 14.08 13.64 19.02 16.37 24.94 0 20.1 29.1 14.01 28.78 15.31 6.65 10.99 24.12 20.05 9.41 22.59 9.08 
86.91 18.68 13.07 26.53 65.64 28.55 11.82 38.48 25.44 40.01 31.64 16.18 40.77 18.86 19.71 17.92 36.42 17.54 20.1 0 10.03 34.1 43.33 19 14.18 17.25 37.79 40.13 12.59 18.53 20.91 
93.78 28.69 18.06 36.54 75.17 37.21 21.08 48.2 35.45 49.74 41.61 17.58 50.78 27.16 28.42 27.2 45.44 25.11 29.1 10.03 0 43.04 53.36 28.83 23.8 23.33 47.81 48.79 22.51 8.5 30.9 
55.65 21.52 27.02 19.51 32.85 6.06 30.23 10.13 19.49 11.21 21.49 32.06 22.42 16.04 14.62 29.02 11.12 35.92 14.01 34.1 43.04 0 23.18 24.53 20.21 22.15 20.87 6.36 22.59 36.57 17.28 
68.25 24.68 42.91 16.87 29.57 26.57 33.5 13.42 17.95 12.95 12.28 49.07 21.84 32.35 30.28 28.38 22.21 34.53 28.78 43.33 53.36 23.18 0 25.12 30.8 39.76 5.59 25.47 31.18 45.06 22.81 
80.16 11.6 23.44 8.46 50.89 21.59 8.38 24.03 7.52 25.35 12.96 29.47 22.44 17.77 16.49 4.53 26.1 11.58 15.31 19 28.83 24.53 25.12 0 11.15 23.13 19.53 30.78 9.36 20.36 7.35 
74.62 8.51 12.9 15.09 51.47 15.12 11.63 24.4 14.03 25.94 20.42 19.15 28.46 7.42 6.99 13.83 22.45 18.92 6.65 14.18 23.8 20.21 30.8 11.15 0 11.98 25.54 26.43 15.85 16.54 8.12 
70.48 20.41 5.37 26.03 54.98 16.11 21.85 30.12 25.09 31.59 31.13 9.95 37.8 7.41 9.48 25.47 24.59 29.47 10.99 17.25 23.33 22.15 39.76 23.13 11.98 0 35.09 26.93 14.1 19.71 18.95 
70.14 19.12 37.92 11.29 33.76 23.16 27.91 12.45 12.38 12.64 6.77 44.13 16.34 27.73 25.66 22.87 20.47 29.16 24.12 37.79 47.81 20.87 5.59 19.53 25.54 35.09 0 24.44 25.76 39.5 17.46 
49.38 27.82 32.08 25.2 28.54 11.61 36.59 12.17 25.31 12.53 26.41 36.59 25.36 21.63 20.46 35.29 4.75 42.23 20.05 40.13 48.79 6.36 25.47 30.78 26.43 26.93 24.44 0 28.88 42.63 23.58 
77.34 7.35 14.09 14.8 53.2 17.75 8.77 25.95 13.7 27.47 20.13 20.17 28.72 10.25 9.84 11.39 24.74 16.12 9.41 12.59 22.51 22.59 31.18 9.36 15.85 14.1 25.76 28.88 0 14.75 8.44 
89.48 20.39 15.34 28.21 67.92 31.07 12.61 40.71 27.12 42.22 33.19 17.87 42.46 21.42 22.24 18.75 38.88 17.37 22.59 18.53 8.5 36.57 45.06 20.36 16.54 19.71 39.5 42.63 14.75 0 22.92 
72.93 4.24 20.85 7.13 45.5 14.28 13.51 18.21 6.14 19.66 12.38 27.11 20.4 12.27 10.53 11.77 18.97 18.65 9.08 20.91 30.9 17.28 22.81 7.35 8.12 18.95 17.46 23.58 8.44 22.92 0 
0	5000
0	128
0	153
0	207
0	329
0	402
0	443
0	514
0	569
0	613
0	645
0	706
0	770
0	817
0	848
0	889
0	943
0	1001
0	1032
0	1056
0	1067
0	1114
0	1137
0	1162
0	1173
0	1185
0	1220
0	1245
0	1274
0	1288
0	1311
C:
0 3 3 3 3 3 3 3 3 3 3 3 3 3 3 3 3 3 3 3 3 3 3 3 3 3 3 3 3 3 3 3 
1 0 1 1 1 1 1 1 1 1 1 1 1 1 1 1 1 1 1 1 1 1 1 1 1 1 1 1 1 1 1 1 
2 2 0 2 2 2 2 2 2 2 2 2 2 2 2 2 2 2 2 2 2 2 2 2 2 2 2 2 2 2 2 2 
1 1 1 0 1 1 1 1 1 1 1 1 1 1 1 1 1 1 1 1 1 1 1 1 1 1 1 1 1 1 1 1 
3 3 3 3 0 3 3 3 3 3 3 3 3 3 3 3 3 3 3 3 3 3 3 3 3 3 3 3 3 3 3 3 
1 1 1 1 1 0 1 1 1 1 1 1 1 1 1 1 1 1 1 1 1 1 1 1 1 1 1 1 1 1 1 1 
2 2 2 2 2 2 0 2 2 2 2 2 2 2 2 2 2 2 2 2 2 2 2 2 2 2 2 2 2 2 2 2 
2 2 2 2 2 2 2 0 2 2 2 2 2 2 2 2 2 2 2 2 2 2 2 2 2 2 2 2 2 2 2 2 
1 1 1 1 1 1 1 1 0 1 1 1 1 1 1 1 1 1 1 1 1 1 1 1 1 1 1 1 1 1 1 1 
2 2 2 2 2 2 2 2 2 0 2 2 2 2 2 2 2 2 2 2 2 2 2 2 2 2 2 2 2 2 2 2 
1 1 1 1 1 1 1 1 1 1 0 1 1 1 1 1 1 1 1 1 1 1 1 1 1 1 1 1 1 1 1 1 
3 3 3 3 3 3 3 3 3 3 3 0 3 3 3 3 3 3 3 3 3 3 3 3 3 3 3 3 3 3 3 3 
2 2 2 2 2 2 2 2 2 2 2 2 0 2 2 2 2 2 2 2 2 2 2 2 2 2 2 2 2 2 2 2 
1 1 1 1 1 1 1 1 1 1 1 1 1 0 1 1 1 1 1 1 1 1 1 1 1 1 1 1 1 1 1 1 
1 1 1 1 1 1 1 1 1 1 1 1 1 1 0 1 1 1 1 1 1 1 1 1 1 1 1 1 1 1 1 1 
1 1 1 1 1 1 1 1 1 1 1 1 1 1 1 0 1 1 1 1 1 1 1 1 1 1 1 1 1 1 1 1 
2 2 2 2 2 2 2 2 2 2 2 2 2 2 2 2 0 2 2 2 2 2 2 2 2 2 2 2 2 2 2 2 
2 2 2 2 2 2 2 2 2 2 2 2 2 2 2 2 2 0 2 2 2 2 2 2 2 2 2 2 2 2 2 2 
1 1 1 1 1 1 1 1 1 1 1 1 1 1 1 1 1 1 0 1 1 1 1 1 1 1 1 1 1 1 1 1 
2 2 2 2 2 2 2 2 2 2 2 2 2 2 2 2 2 2 2 0 2 2 2 2 2 2 2 2 2 2 2 2 
3 3 3 3 3 3 3 3 3 3 3 3 3 3 3 3 3 3 3 3 0 3 3 3 3 3 3 3 3 3 3 3 
2 2 2 2 2 2 2 2 2 2 2 2 2 2 2 2 2 2 2 2 2 0 2 2 2 2 2 2 2 2 2 2 
2 2 2 2 2 2 2 2 2 2 2 2 2 2 2 2 2 2 2 2 2 2 0 2 2 2 2 2 2 2 2 2 
1 1 1 1 1 1 1 1 1 1 1 1 1 1 1 1 1 1 1 1 1 1 1 0 1 1 1 1 1 1 1 1 
1 1 1 1 1 1 1 1 1 1 1 1 1 1 1 1 1 1 1 1 1 1 1 1 0 1 1 1 1 1 1 1 
2 2 2 2 2 2 2 2 2 2 2 2 2 2 2 2 2 2 2 2 2 2 2 2 2 0 2 2 2 2 2 2 
2 2 2 2 2 2 2 2 2 2 2 2 2 2 2 2 2 2 2 2 2 2 2 2 2 2 0 2 2 2 2 2 
2 2 2 2 2 2 2 2 2 2 2 2 2 2 2 2 2 2 2 2 2 2 2 2 2 2 2 0 2 2 2 2 
1 1 1 1 1 1 1 1 1 1 1 1 1 1 1 1 1 1 1 1 1 1 1 1 1 1 1 1 0 1 1 1 
2 2 2 2 2 2 2 2 2 2 2 2 2 2 2 2 2 2 2 2 2 2 2 2 2 2 2 2 2 0 2 2 
1 1 1 1 1 1 1 1 1 1 1 1 1 1 1 1 1 1 1 1 1 1 1 1 1 1 1 1 1 1 0 1 
3 3 3 3 3 3 3 3 3 3 3 3 3 3 3 3 3 3 3 3 3 3 3 3 3 3 3 3 3 3 3 0 
Time:
0	15
15	30
30	45
45	60
60	75
75	90
90	105
105	120
120	135
135	150
150	165
165	180
180	195
195	210
210	225
225	240
240	255
255	270
270	285
285	300
300	315
315	330
330	345
345	360
360	375
375	390
390	405
405	420
420	435
435	450
450	465
465	480
480	495
495	510
510	525
525	540
540	555
555	570
570	585
585	600
600	615
615	630
630	645
645	660
660	675
675	690
690	705
705	720
720	735
735	750
750	765
765	780
780	795
795	810
810	825
825	840
840	855
855	870
870	885
885	900
900	915
915	930
930	945
945	960
960	975
975	990
990	1005
1005	1020
1020	1035
1035	1050
1050	1065
1065	1080
1080	5000
Speed:
0.925	0.85	0.925	1	0.8325	0.765	0.8325	0.9	0.4625	0.425	0.4625	0.5	0.30525	0.2805	0.30525	0.33	0.37	0.34	0.37	0.4	0.555	0.51	0.555	0.6	0.6475	0.595	0.6475	0.7	0.37	0.34	0.37	0.4	0.30525	0.2805	0.30525	0.33	0.4625	0.425	0.4625	0.5	0.6475	0.595	0.6475	0.7	0.74	0.68	0.74	0.8	0.6475	0.595	0.6475	0.7	0.4625	0.425	0.4625	0.5	0.555	0.51	0.555	0.6	0.6475	0.595	0.6475	0.7	0.8325	0.765	0.8325	0.9	0.925	0.85	0.925	1	1	
0.925	0.85	0.925	1	0.8325	0.765	0.8325	0.9	0.4625	0.425	0.4625	0.5	0.30525	0.2805	0.30525	0.33	0.37	0.34	0.37	0.4	0.555	0.51	0.555	0.6	0.6475	0.595	0.6475	0.7	0.37	0.34	0.37	0.4	0.30525	0.2805	0.30525	0.33	0.4625	0.425	0.4625	0.5	0.6475	0.595	0.6475	0.7	0.74	0.68	0.74	0.8	0.6475	0.595	0.6475	0.7	0.4625	0.425	0.4625	0.5	0.555	0.51	0.555	0.6	0.6475	0.595	0.6475	0.7	0.8325	0.765	0.8325	0.9	0.925	0.85	0.925	1	1	
0.925	0.85	0.925	1	0.8325	0.765	0.8325	0.9	0.4625	0.425	0.4625	0.5	0.30525	0.2805	0.30525	0.33	0.37	0.34	0.37	0.4	0.555	0.51	0.555	0.6	0.6475	0.595	0.6475	0.7	0.37	0.34	0.37	0.4	0.30525	0.2805	0.30525	0.33	0.4625	0.425	0.4625	0.5	0.6475	0.595	0.6475	0.7	0.74	0.68	0.74	0.8	0.6475	0.595	0.6475	0.7	0.4625	0.425	0.4625	0.5	0.555	0.51	0.555	0.6	0.6475	0.595	0.6475	0.7	0.8325	0.765	0.8325	0.9	0.925	0.85	0.925	1	1	
