31
0 78.76 43.23 69.09 68.29 90.03 84.76 58.51 63.89 92.7 81.69 78.45 106.14 52.29 76.15 55.57 70.74 71.92 70.38 69.12 86.08 89.91 75.11 51.11 65.69 85.08 74.01 72.46 106.85 52.1 54.77 
78.76 0 41.28 30.36 11.92 15.08 15.34 22.5 16.72 14.35 12.46 14.49 31.61 30.97 14.14 27.78 10.56 26.3 34.67 12.66 7.47 13.97 23.6 33.38 14.88 6.46 30.66 8.43 29.48 30.46 32.85 
43.23 41.28 0 25.91 29.42 49.18 43.07 18.78 24.59 55.55 44.29 36.71 72.39 10.48 34.54 13.9 37.1 28.72 27.64 29.28 47.65 49.44 32.05 8.48 26.47 47.67 30.86 37.96 70.76 10.85 11.57 
69.09 30.36 25.91 0 21.57 30.02 22.96 18.96 19.58 41.67 32.56 17.94 60.48 18.82 16.96 16.81 33.59 4.73 4.58 19.38 33.34 31 8.76 18.87 20.02 35.02 4.95 32.89 56.25 19.58 14.64 
68.29 11.92 29.42 21.57 0 21.99 18 10.66 4.82 26.14 14.9 12.83 43.43 19.06 10.77 15.86 12.02 18.63 26.15 10.06 18.36 21.7 17.59 21.46 18.38 18.26 23.49 11.44 41.35 18.57 21.1 
90.03 15.08 49.18 30.02 21.99 0 7.06 31.58 26.16 14.74 13.84 12.81 32.71 38.81 14.76 35.37 25.59 25.29 33.12 20.92 9.69 15.24 21.3 40.72 24.39 12.87 27.86 23.49 27.06 38.69 38.6 
84.76 15.34 43.07 22.96 18 7.06 0 26.33 21.42 20.42 15.49 6.38 39.04 32.88 8.63 29.47 24.8 18.23 26.09 16.33 13.24 8.18 14.24 34.6 19.85 16.08 20.87 22.89 33.86 32.88 32.15 
58.51 22.5 18.78 18.96 10.66 31.58 26.33 0 5.84 36.78 25.51 20.13 53.76 8.57 17.8 5.76 19.5 18.4 23.16 10.83 28.98 31.57 19.69 11.09 7.73 28.9 22.81 19.91 51.98 7.97 11.83 
63.89 16.72 24.59 19.58 4.82 26.16 21.42 5.84 0 30.96 19.71 15.55 48.12 14.26 13.25 11.12 15.04 17.59 24.12 5.24 23.15 26.03 17.64 16.69 13.57 23.08 22.42 15.02 46.17 13.75 16.63 
92.7 14.35 55.55 41.67 26.14 14.74 20.42 36.78 30.96 0 11.32 23.81 18.85 45.17 24.75 41.9 22.37 37.1 45.47 26.49 8.42 13.06 33.55 47.52 29.09 7.9 40.63 20.44 15.27 44.71 46.63 
81.69 12.46 44.29 32.56 14.9 13.84 15.49 25.51 19.71 11.32 0 15.85 28.79 33.96 15.91 30.74 12.61 28.33 36.75 15.5 4.99 12.49 25.36 36.35 17.86 18.92 32.51 10.47 26.47 33.46 35.72 
78.45 14.49 36.71 17.94 12.83 12.81 6.38 20.13 15.55 23.81 15.85 0 42.66 26.51 15.01 23.09 21.93 13.31 21.65 10.78 15.61 13.47 9.78 28.23 14.16 17.69 16.94 20.34 38.32 26.52 25.86 
106.14 31.61 72.39 60.48 43.43 32.71 39.04 53.76 48.12 18.85 28.79 42.66 0 62.32 43.53 59.24 36.09 55.94 64.32 44.27 27.15 31.18 52.4 64.8 46.35 25.77 59.48 34.78 8.1 61.71 64.46 
52.29 30.97 10.48 18.82 19.06 38.81 32.88 8.57 14.26 45.17 33.96 26.51 62.32 0 24.28 11.72 27.78 20.35 21.92 18.81 37.2 39.01 23.06 9.94 16.1 37.31 23.59 28.35 60.41 12.1 5.51 
76.15 14.14 34.54 16.96 10.77 14.76 8.63 17.8 13.25 24.75 15.91 15.01 43.53 24.28 0 20.85 20.6 12.51 20.95 8.6 16.38 15.25 9.48 26.06 11.91 18.13 16.6 19.15 39.54 24.26 23.84 
55.57 27.78 13.9 16.81 15.86 35.37 29.47 5.76 11.12 41.9 30.74 23.09 59.24 11.72 20.85 0 25.25 17.71 20.38 15.46 33.86 35.57 20.1 5.62 12.91 34.06 21.35 25.65 57.15 12.81 6.21 
70.74 10.56 37.1 33.59 12.02 25.59 24.8 19.5 15.04 22.37 12.61 21.93 36.09 27.78 20.6 25.25 0 30.52 38.17 14.28 17.6 24.53 29.03 30.37 13.93 15.48 35.35 18.99 36.12 26.96 31.26 
71.92 26.3 28.72 4.73 18.63 25.29 18.23 18.4 17.59 37.1 28.33 13.31 55.94 20.35 12.51 17.71 30.52 0 8.44 16.26 28.82 26.28 12.05 20.97 17.61 30.64 4.88 29.61 51.58 20.91 17.15 
70.38 34.67 27.64 4.58 26.15 33.12 26.09 23.16 24.12 45.47 36.75 21.65 64.32 21.92 20.95 20.38 38.17 8.44 0 23.94 37.23 34.25 11.97 21.52 24.59 39.08 5.45 37.45 59.78 22.8 17.1 
69.12 12.66 29.28 19.38 10.06 20.92 16.33 10.83 5.24 26.49 15.5 10.78 44.27 18.81 8.6 15.46 14.28 16.26 23.94 0 18.4 20.8 15.12 21.08 18.55 18.72 21.11 13.51 41.76 18.46 20.22 
86.08 7.47 47.65 33.34 18.36 9.69 13.24 28.98 23.15 8.42 4.99 15.61 27.15 37.2 16.38 33.86 17.6 28.82 37.23 18.4 0 8.13 25.39 39.48 21.26 13.93 32.53 15.46 23.56 36.81 38.38 
89.91 13.97 49.44 31 21.7 15.24 8.18 31.57 26.03 13.06 12.49 13.47 31.18 39.01 15.25 35.57 24.53 26.28 34.25 20.8 8.13 0 22.35 40.99 24.21 11.29 29.05 22.4 25.71 38.84 39.04 
75.11 23.6 32.05 8.76 17.59 21.3 14.24 19.69 17.64 33.55 25.36 9.78 52.4 23.06 9.48 20.1 29.03 12.05 11.97 15.12 25.39 22.35 0 24 17.21 27.42 7.17 27.87 47.81 23.47 20.49 
51.11 33.38 8.48 18.87 21.46 40.72 34.6 11.09 16.69 47.52 36.35 28.23 64.8 9.94 26.06 5.62 30.37 20.97 21.52 21.08 39.48 40.99 24 0 18.51 39.68 23.77 30.93 62.78 11.02 4.43 
65.69 14.88 26.47 20.02 18.38 24.39 19.85 7.73 13.57 29.09 17.86 14.16 46.35 16.1 11.91 12.91 13.93 17.61 24.59 18.55 21.26 24.21 17.21 18.51 0 21.22 22.48 13.69 44.31 15.62 18.25 
85.08 6.46 47.67 35.02 18.26 12.87 16.08 28.9 23.08 7.9 18.92 17.69 25.77 37.31 18.13 34.06 15.48 30.64 39.08 18.72 13.93 11.29 27.42 39.68 21.22 0 34.59 13.4 23.1 36.83 38.93 
74.01 30.66 30.86 4.95 23.49 27.86 20.87 22.81 22.42 40.63 32.51 16.94 59.48 23.59 16.6 21.35 35.35 4.88 5.45 21.11 32.53 29.05 7.17 23.77 22.48 34.59 0 34.38 54.69 24.3 19.58 
72.46 8.43 37.96 32.89 11.44 23.49 22.89 19.91 15.02 20.44 10.47 20.34 34.78 28.35 19.15 25.65 18.99 29.61 37.45 13.51 15.46 22.4 27.87 30.93 13.69 13.4 34.38 0 34.46 27.59 31.52 
106.85 29.48 70.76 56.25 41.35 27.06 33.86 51.98 46.17 15.27 26.47 38.32 8.1 60.41 39.54 57.15 36.12 51.58 59.78 41.76 23.56 25.71 47.81 62.78 44.31 23.1 54.69 34.46 0 59.92 61.89 
52.1 30.46 10.85 19.58 18.57 38.69 32.88 7.97 13.75 44.71 33.46 26.52 61.71 12.1 24.26 12.81 26.96 20.91 22.8 18.46 36.81 38.84 23.47 11.02 15.62 36.83 24.3 27.59 59.92 0 6.59 
54.77 32.85 11.57 14.64 21.1 38.6 32.15 11.83 16.63 46.63 35.72 25.86 64.46 5.51 23.84 6.21 31.26 17.15 17.1 20.22 38.38 39.04 20.49 4.43 18.25 38.93 19.58 31.52 61.89 6.59 0 
0	5000
0	130
0	193
0	263
0	325
0	370
0	383
0	426
0	435
0	499
0	530
0	582
0	665
0	754
0	791
0	822
0	877
0	933
0	947
0	985
0	1009
0	1019
0	1047
0	1073
0	1095
0	1117
0	1151
0	1186
0	1220
0	1280
0	1287
C:
0 3 3 3 3 3 3 3 3 3 3 3 3 3 3 3 3 3 3 3 3 3 3 3 3 3 3 3 3 3 3 3 
1 0 1 1 1 1 1 1 1 1 1 1 1 1 1 1 1 1 1 1 1 1 1 1 1 1 1 1 1 1 1 1 
3 3 0 3 3 3 3 3 3 3 3 3 3 3 3 3 3 3 3 3 3 3 3 3 3 3 3 3 3 3 3 3 
2 2 2 0 2 2 2 2 2 2 2 2 2 2 2 2 2 2 2 2 2 2 2 2 2 2 2 2 2 2 2 2 
1 1 1 1 0 1 1 1 1 1 1 1 1 1 1 1 1 1 1 1 1 1 1 1 1 1 1 1 1 1 1 1 
2 2 2 2 2 0 2 2 2 2 2 2 2 2 2 2 2 2 2 2 2 2 2 2 2 2 2 2 2 2 2 2 
1 1 1 1 1 1 0 1 1 1 1 1 1 1 1 1 1 1 1 1 1 1 1 1 1 1 1 1 1 1 1 1 
1 1 1 1 1 1 1 0 1 1 1 1 1 1 1 1 1 1 1 1 1 1 1 1 1 1 1 1 1 1 1 1 
1 1 1 1 1 1 1 1 0 1 1 1 1 1 1 1 1 1 1 1 1 1 1 1 1 1 1 1 1 1 1 1 
3 3 3 3 3 3 3 3 3 0 3 3 3 3 3 3 3 3 3 3 3 3 3 3 3 3 3 3 3 3 3 3 
2 2 2 2 2 2 2 2 2 2 0 2 2 2 2 2 2 2 2 2 2 2 2 2 2 2 2 2 2 2 2 2 
1 1 1 1 1 1 1 1 1 1 1 0 1 1 1 1 1 1 1 1 1 1 1 1 1 1 1 1 1 1 1 1 
3 3 3 3 3 3 3 3 3 3 3 3 0 3 3 3 3 3 3 3 3 3 3 3 3 3 3 3 3 3 3 3 
2 2 2 2 2 2 2 2 2 2 2 2 2 0 2 2 2 2 2 2 2 2 2 2 2 2 2 2 2 2 2 2 
1 1 1 1 1 1 1 1 1 1 1 1 1 1 0 1 1 1 1 1 1 1 1 1 1 1 1 1 1 1 1 1 
2 2 2 2 2 2 2 2 2 2 2 2 2 2 2 0 2 2 2 2 2 2 2 2 2 2 2 2 2 2 2 2 
2 2 2 2 2 2 2 2 2 2 2 2 2 2 2 2 0 2 2 2 2 2 2 2 2 2 2 2 2 2 2 2 
1 1 1 1 1 1 1 1 1 1 1 1 1 1 1 1 1 0 1 1 1 1 1 1 1 1 1 1 1 1 1 1 
2 2 2 2 2 2 2 2 2 2 2 2 2 2 2 2 2 2 0 2 2 2 2 2 2 2 2 2 2 2 2 2 
1 1 1 1 1 1 1 1 1 1 1 1 1 1 1 1 1 1 1 0 1 1 1 1 1 1 1 1 1 1 1 1 
2 2 2 2 2 2 2 2 2 2 2 2 2 2 2 2 2 2 2 2 0 2 2 2 2 2 2 2 2 2 2 2 
2 2 2 2 2 2 2 2 2 2 2 2 2 2 2 2 2 2 2 2 2 0 2 2 2 2 2 2 2 2 2 2 
1 1 1 1 1 1 1 1 1 1 1 1 1 1 1 1 1 1 1 1 1 1 0 1 1 1 1 1 1 1 1 1 
2 2 2 2 2 2 2 2 2 2 2 2 2 2 2 2 2 2 2 2 2 2 2 0 2 2 2 2 2 2 2 2 
1 1 1 1 1 1 1 1 1 1 1 1 1 1 1 1 1 1 1 1 1 1 1 1 0 1 1 1 1 1 1 1 
2 2 2 2 2 2 2 2 2 2 2 2 2 2 2 2 2 2 2 2 2 2 2 2 2 0 2 2 2 2 2 2 
2 2 2 2 2 2 2 2 2 2 2 2 2 2 2 2 2 2 2 2 2 2 2 2 2 2 0 2 2 2 2 2 
2 2 2 2 2 2 2 2 2 2 2 2 2 2 2 2 2 2 2 2 2 2 2 2 2 2 2 0 2 2 2 2 
3 3 3 3 3 3 3 3 3 3 3 3 3 3 3 3 3 3 3 3 3 3 3 3 3 3 3 3 0 3 3 3 
2 2 2 2 2 2 2 2 2 2 2 2 2 2 2 2 2 2 2 2 2 2 2 2 2 2 2 2 2 0 2 2 
2 2 2 2 2 2 2 2 2 2 2 2 2 2 2 2 2 2 2 2 2 2 2 2 2 2 2 2 2 2 0 2 
3 3 3 3 3 3 3 3 3 3 3 3 3 3 3 3 3 3 3 3 3 3 3 3 3 3 3 3 3 3 3 0 
Time:
0	15
15	30
30	45
45	60
60	75
75	90
90	105
105	120
120	135
135	150
150	165
165	180
180	195
195	210
210	225
225	240
240	255
255	270
270	285
285	300
300	315
315	330
330	345
345	360
360	375
375	390
390	405
405	420
420	435
435	450
450	465
465	480
480	495
495	510
510	525
525	540
540	555
555	570
570	585
585	600
600	615
615	630
630	645
645	660
660	675
675	690
690	705
705	720
720	735
735	750
750	765
765	780
780	795
795	810
810	825
825	840
840	855
855	870
870	885
885	900
900	915
915	930
930	945
945	960
960	975
975	990
990	1005
1005	1020
1020	1035
1035	1050
1050	1065
1065	1080
1080	5000
Speed:
0.925	0.85	0.925	1	0.8325	0.765	0.8325	0.9	0.4625	0.425	0.4625	0.5	0.30525	0.2805	0.30525	0.33	0.37	0.34	0.37	0.4	0.555	0.51	0.555	0.6	0.6475	0.595	0.6475	0.7	0.37	0.34	0.37	0.4	0.30525	0.2805	0.30525	0.33	0.4625	0.425	0.4625	0.5	0.6475	0.595	0.6475	0.7	0.74	0.68	0.74	0.8	0.6475	0.595	0.6475	0.7	0.4625	0.425	0.4625	0.5	0.555	0.51	0.555	0.6	0.6475	0.595	0.6475	0.7	0.8325	0.765	0.8325	0.9	0.925	0.85	0.925	1	1	
0.925	0.85	0.925	1	0.8325	0.765	0.8325	0.9	0.4625	0.425	0.4625	0.5	0.30525	0.2805	0.30525	0.33	0.37	0.34	0.37	0.4	0.555	0.51	0.555	0.6	0.6475	0.595	0.6475	0.7	0.37	0.34	0.37	0.4	0.30525	0.2805	0.30525	0.33	0.4625	0.425	0.4625	0.5	0.6475	0.595	0.6475	0.7	0.74	0.68	0.74	0.8	0.6475	0.595	0.6475	0.7	0.4625	0.425	0.4625	0.5	0.555	0.51	0.555	0.6	0.6475	0.595	0.6475	0.7	0.8325	0.765	0.8325	0.9	0.925	0.85	0.925	1	1	
0.925	0.85	0.925	1	0.8325	0.765	0.8325	0.9	0.4625	0.425	0.4625	0.5	0.30525	0.2805	0.30525	0.33	0.37	0.34	0.37	0.4	0.555	0.51	0.555	0.6	0.6475	0.595	0.6475	0.7	0.37	0.34	0.37	0.4	0.30525	0.2805	0.30525	0.33	0.4625	0.425	0.4625	0.5	0.6475	0.595	0.6475	0.7	0.74	0.68	0.74	0.8	0.6475	0.595	0.6475	0.7	0.4625	0.425	0.4625	0.5	0.555	0.51	0.555	0.6	0.6475	0.595	0.6475	0.7	0.8325	0.765	0.8325	0.9	0.925	0.85	0.925	1	1	
