36
0 59.55 54.25 58.86 70.08 69.82 71.26 72.07 72.91 54.57 71.58 71.14 95.19 65.42 76.13 71.45 71.81 89.74 73.99 63.93 53.09 72.03 72.59 70.72 60.17 64.27 82.36 70.2 69.19 62.13 72.42 74.85 67.55 70.34 64.58 78.15 
59.55 0 13.83 10.21 15.66 11.15 15.18 15.97 13.36 9.93 12.02 15.69 38.93 6.25 18.94 12.5 16.88 30.71 14.45 18.45 7.94 14.12 13.5 12.62 12.17 4.8 22.83 15.76 10.86 28.4 12.87 19.51 8.43 15.19 6.56 18.67 
54.25 13.83 0 14.16 16.07 23.76 17.66 29.43 23.29 12.41 22.24 17.33 51.3 19.05 31.81 20.07 30.53 41.25 24.11 10.44 7.76 19.4 25.3 18.46 6.05 17.29 32.32 16.19 23.78 16.18 22.97 32.97 17.31 16.51 13.9 28.89 
58.86 10.21 14.16 0 16.66 11.52 16.18 16.02 14.09 10.18 12.74 16.69 39.18 6.7 19.16 13.41 16.83 31.24 15.18 19.23 7.81 15.09 13.99 13.59 12.88 5.41 23.5 16.76 11.15 29.02 13.59 19.54 9.34 16.19 7.56 19.31 
70.08 15.66 16.07 16.66 0 17.25 15.05 23.53 12.92 15.61 12.73 10.43 40.29 15.21 23.76 8.66 25.29 28.28 13.08 9.67 18 5.93 16.79 6.32 10.03 14.23 19.15 11.83 17.92 20.62 12.96 26.47 9.81 10.8 9.31 17.13 
69.82 11.15 23.76 11.52 17.25 0 15.27 6.37 5.91 20.34 5.15 16.24 27.85 4.93 8.05 9.07 8.06 19.93 6.75 24.57 19.05 12.14 11.35 11.12 19.99 6.61 13.18 17.28 9.7 35.76 5.5 9.66 7.84 16.29 10.49 8.9 
71.26 15.18 17.66 16.18 15.05 15.27 0 21.44 10.6 16.69 10.53 13.79 37.79 13.78 21.45 6.39 23.24 25.81 10.67 12.11 18.62 14.36 14.56 12.89 11.66 13.02 16.66 15.05 16 23.12 10.68 24.27 8.27 14.01 8.62 14.63 
72.07 15.97 29.43 16.02 23.53 6.37 21.44 0 11.24 25.76 10.96 22.43 23.6 10.43 4.22 15.09 9.53 18.65 11.68 30.92 23.84 18.15 7.11 17.29 26.12 12.18 14.78 23.55 5.94 42.07 10.99 15.31 14.21 22.54 16.72 11.29 
72.91 13.36 23.29 14.09 12.92 5.91 10.6 11.24 0 20.57 10.94 11.61 28.39 7.93 10.86 4.28 13.12 18.04 8.87 21.57 20.42 7.14 11.6 6.64 18.38 8.73 9.54 12.92 6.86 32.9 8.59 13.77 6.01 11.88 9.45 5.64 
54.57 9.93 12.41 10.18 15.61 20.34 16.69 25.76 20.57 0 19.41 16.59 48.1 15.5 28.37 17.83 26.77 38.61 21.49 12.51 16.21 17.74 22.13 16.58 6.36 13.76 29.91 15.74 20.26 19.95 20.2 29.31 14.57 15.8 11.16 26.21 
71.58 12.02 22.24 12.74 12.73 5.15 10.53 10.96 10.94 19.41 0 11.53 29.25 6.62 11.09 14.22 12.8 19.22 11.63 21.01 19.15 7.19 12.81 6.42 17.49 7.38 10.85 12.74 6.05 32.34 10.59 13.75 4.92 11.71 8.34 6.85 
71.14 15.69 17.33 16.69 10.43 16.24 13.79 22.43 11.61 16.59 11.53 0 38.73 14.6 22.47 7.4 24.23 26.68 11.68 11.28 18.72 4.5 15.57 5.14 11.3 13.78 17.55 10.4 16.96 22.21 11.69 25.27 9.11 9.38 9.18 15.61 
95.19 38.93 51.3 39.18 40.29 27.85 37.79 23.6 28.39 48.1 29.25 38.73 0 32.77 20.03 32.36 23.52 13.28 27.8 49.66 46.86 34.47 26.01 34.58 46.74 34.45 21.46 40.25 28.07 60.88 28.61 20.46 34.13 39.27 37.47 23.26 
65.42 6.25 19.05 6.7 15.21 4.93 13.78 10.43 7.93 15.5 6.62 14.6 32.77 0 12.89 8.78 11.71 24.54 9.03 21.04 14.11 11.41 7.29 10.02 15.8 10.45 17.01 15.28 4.77 31.95 7.41 13.95 5.51 14.4 6.71 12.75 
76.13 18.94 31.81 19.16 23.76 8.05 21.45 4.22 10.86 28.37 11.09 22.47 20.03 12.89 0 15.11 5.31 14.44 10.89 32.02 26.88 17.99 7.09 17.45 27.89 14.61 11.51 23.76 8.13 43.32 10.8 16.8 15.37 22.73 18.37 8.82 
71.45 12.5 20.07 13.41 8.66 9.07 6.39 15.09 4.28 17.83 14.22 7.4 32.36 8.78 15.11 0 16.92 21.29 4.59 17.39 18.41 11.43 8.17 10.92 14.73 8.72 12.26 8.66 9.88 28.7 4.3 17.88 9.96 7.62 6.89 9.16 
71.81 16.88 30.53 16.83 25.29 8.06 23.24 9.53 13.12 26.77 12.8 24.23 23.52 11.71 5.31 16.92 0 19.66 13.58 32.47 24.63 19.99 9 19.09 27.49 13.42 16.43 25.31 7.5 43.55 12.86 16.87 15.85 24.31 18.19 13.09 
89.74 30.71 41.25 31.24 28.28 19.93 25.81 18.65 18.04 38.61 19.22 26.68 13.28 24.54 14.44 21.29 19.66 0 17.15 37.91 38.26 22.77 17.26 23.24 36.02 25.92 9.17 28.22 20.55 48.85 18.42 17.16 24.05 27.31 27.48 12.4 
73.99 14.45 24.11 15.18 13.08 6.75 10.67 11.68 8.87 21.49 11.63 11.68 27.8 9.03 10.89 4.59 13.58 17.15 0 21.98 21.43 7.18 4.6 6.91 19.07 9.83 8.52 13.06 7.71 33.29 8.89 13.99 6.91 12.03 10.33 4.78 
63.93 18.45 10.44 19.23 9.67 24.57 12.11 30.92 21.57 12.51 21.01 11.28 49.66 21.04 32.02 17.39 32.47 37.91 21.98 0 16.3 15.23 24.93 15.1 6.62 19.51 28.75 9.75 24.99 11.33 21.47 34.21 16.75 10.61 14.34 26.41 
53.09 7.94 7.76 7.81 18 19.05 18.62 23.84 20.42 16.21 19.15 18.72 46.86 14.11 26.88 18.41 24.63 38.26 21.43 16.3 0 18.97 21.23 17.64 9.85 12.51 29.95 18.12 18.79 23.87 19.98 27.36 14.66 17.99 11.52 25.98 
72.03 14.12 19.4 15.09 5.93 12.14 14.36 18.15 7.14 17.74 7.19 4.5 34.47 11.41 17.99 11.43 19.99 22.77 7.18 15.23 18.97 0 11.17 9.64 13.64 11.02 13.6 5.9 12.94 26.41 7.26 20.88 6.09 4.88 7.78 11.24 
72.59 13.5 25.3 13.99 16.79 11.35 14.56 7.11 11.6 22.13 12.81 15.57 26.01 7.29 7.09 8.17 9 17.26 4.6 24.93 21.23 11.17 0 10.47 21 8.74 10.24 16.8 12.05 36.24 12 9.71 8.36 15.76 11.54 5.96 
70.72 12.62 18.46 13.59 6.32 11.12 12.89 17.29 6.64 16.58 6.42 5.14 34.58 10.02 17.45 10.92 19.09 23.24 6.91 15.1 17.64 9.64 10.47 0 12.87 9.56 14.1 6.32 11.87 26.39 6.65 20.17 4.62 5.29 6.32 11.33 
60.17 12.17 6.05 12.88 10.03 19.99 11.66 26.12 18.38 6.36 17.49 11.3 46.74 15.8 27.89 14.73 27.49 36.02 19.07 6.62 9.85 13.64 21 12.87 0 14.11 26.94 10.15 20.22 16.32 18.13 29.58 12.66 10.47 9.52 23.81 
64.27 4.8 17.29 5.41 14.23 6.61 13.02 12.18 8.73 13.76 7.38 13.78 34.45 10.45 14.61 8.72 13.42 25.92 9.83 19.51 12.51 11.02 8.74 9.56 14.11 0 18.09 14.3 6.51 30.32 8.22 15.71 4.94 13.49 5.3 13.9 
82.36 22.83 32.32 23.5 19.15 13.18 16.66 14.78 9.54 29.91 10.85 17.55 21.46 17.01 11.51 12.26 16.43 9.17 8.52 28.75 29.95 13.6 10.24 14.1 26.94 18.09 0 19.09 14.04 39.75 10 15.15 15.38 18.17 18.76 4.31 
70.2 15.76 16.19 16.76 11.83 17.28 15.05 23.55 12.92 15.74 12.74 10.4 40.25 15.28 23.76 8.66 25.31 28.22 13.06 9.75 18.12 5.9 16.8 6.32 10.15 14.3 19.09 0 17.95 20.68 12.96 26.48 9.86 10.78 9.4 17.09 
69.19 10.86 23.78 11.15 17.92 9.7 16 5.94 6.86 20.26 6.05 16.96 28.07 4.77 8.13 9.88 7.5 20.55 7.71 24.99 18.79 12.94 12.05 11.87 20.22 6.51 14.04 17.95 0 36.12 6.44 9.36 8.35 16.97 10.78 9.78 
62.13 28.4 16.18 29.02 20.62 35.76 23.12 42.07 32.9 19.95 32.34 22.21 60.88 31.95 43.32 28.7 43.55 48.85 33.29 11.33 23.87 26.41 36.24 26.39 16.32 30.32 39.75 20.68 36.12 0 32.8 45.42 28 21.63 25.36 37.64 
72.42 12.87 22.97 13.59 12.96 5.5 10.68 10.99 8.59 20.2 10.59 11.69 28.61 7.41 10.8 4.3 12.86 18.42 8.89 21.47 19.98 7.26 12 6.65 18.13 8.22 10 12.96 6.44 32.8 0 13.62 5.66 11.92 9.09 6.03 
74.85 19.51 32.97 19.54 26.47 9.66 24.27 15.31 13.77 29.31 13.75 25.27 20.46 13.95 16.8 17.88 16.87 17.16 13.99 34.21 27.36 20.88 9.71 20.17 29.58 15.71 15.15 26.48 9.36 45.42 13.62 0 17.46 25.45 20.13 12.43 
67.55 8.43 17.31 9.34 9.81 7.84 8.27 14.21 6.01 14.57 4.92 9.11 34.13 5.51 15.37 9.96 15.85 24.05 6.91 16.75 14.66 6.09 8.36 4.62 12.66 4.94 15.38 9.86 8.35 28 5.66 17.46 0 8.95 10.24 11.65 
70.34 15.19 16.51 16.19 10.8 16.29 14.01 22.54 11.88 15.8 11.71 9.38 39.27 14.4 22.73 7.62 24.31 27.31 12.03 10.61 17.99 4.88 15.76 5.29 10.47 13.49 18.17 10.78 16.97 21.63 11.92 25.45 8.95 0 8.73 16.09 
64.58 6.56 13.9 7.56 9.31 10.49 8.62 16.72 9.45 11.16 8.34 9.18 37.47 6.71 18.37 6.89 18.19 27.48 10.33 14.34 11.52 7.78 11.54 6.32 9.52 5.3 18.76 9.4 10.78 25.36 9.09 20.13 10.24 8.73 0 15.08 
78.15 18.67 28.89 19.31 17.13 8.9 14.63 11.29 5.64 26.21 6.85 15.61 23.26 12.75 8.82 9.16 13.09 12.4 4.78 26.41 25.98 11.24 5.96 11.33 23.81 13.9 4.31 17.09 9.78 37.64 6.03 12.43 11.65 16.09 15.08 0 
0	5000
0	105
0	123
0	140
0	159
0	196
0	232
0	299
0	330
0	371
0	404
0	423
0	499
0	594
0	623
0	650
0	678
0	706
0	730
0	759
0	784
0	814
0	834
0	858
0	884
0	911
0	942
0	972
0	999
0	1044
0	1080
0	1096
0	1114
0	1123
0	1132
0	1147
C:
0 3 3 3 3 3 3 3 3 3 3 3 3 3 3 3 3 3 3 3 3 3 3 3 3 3 3 3 3 3 3 3 3 3 3 3 3 
1 0 1 1 1 1 1 1 1 1 1 1 1 1 1 1 1 1 1 1 1 1 1 1 1 1 1 1 1 1 1 1 1 1 1 1 1 
2 2 0 2 2 2 2 2 2 2 2 2 2 2 2 2 2 2 2 2 2 2 2 2 2 2 2 2 2 2 2 2 2 2 2 2 2 
1 1 1 0 1 1 1 1 1 1 1 1 1 1 1 1 1 1 1 1 1 1 1 1 1 1 1 1 1 1 1 1 1 1 1 1 1 
1 1 1 1 0 1 1 1 1 1 1 1 1 1 1 1 1 1 1 1 1 1 1 1 1 1 1 1 1 1 1 1 1 1 1 1 1 
1 1 1 1 1 0 1 1 1 1 1 1 1 1 1 1 1 1 1 1 1 1 1 1 1 1 1 1 1 1 1 1 1 1 1 1 1 
1 1 1 1 1 1 0 1 1 1 1 1 1 1 1 1 1 1 1 1 1 1 1 1 1 1 1 1 1 1 1 1 1 1 1 1 1 
1 1 1 1 1 1 1 0 1 1 1 1 1 1 1 1 1 1 1 1 1 1 1 1 1 1 1 1 1 1 1 1 1 1 1 1 1 
1 1 1 1 1 1 1 1 0 1 1 1 1 1 1 1 1 1 1 1 1 1 1 1 1 1 1 1 1 1 1 1 1 1 1 1 1 
2 2 2 2 2 2 2 2 2 0 2 2 2 2 2 2 2 2 2 2 2 2 2 2 2 2 2 2 2 2 2 2 2 2 2 2 2 
1 1 1 1 1 1 1 1 1 1 0 1 1 1 1 1 1 1 1 1 1 1 1 1 1 1 1 1 1 1 1 1 1 1 1 1 1 
1 1 1 1 1 1 1 1 1 1 1 0 1 1 1 1 1 1 1 1 1 1 1 1 1 1 1 1 1 1 1 1 1 1 1 1 1 
3 3 3 3 3 3 3 3 3 3 3 3 0 3 3 3 3 3 3 3 3 3 3 3 3 3 3 3 3 3 3 3 3 3 3 3 3 
1 1 1 1 1 1 1 1 1 1 1 1 1 0 1 1 1 1 1 1 1 1 1 1 1 1 1 1 1 1 1 1 1 1 1 1 1 
1 1 1 1 1 1 1 1 1 1 1 1 1 1 0 1 1 1 1 1 1 1 1 1 1 1 1 1 1 1 1 1 1 1 1 1 1 
1 1 1 1 1 1 1 1 1 1 1 1 1 1 1 0 1 1 1 1 1 1 1 1 1 1 1 1 1 1 1 1 1 1 1 1 1 
1 1 1 1 1 1 1 1 1 1 1 1 1 1 1 1 0 1 1 1 1 1 1 1 1 1 1 1 1 1 1 1 1 1 1 1 1 
2 2 2 2 2 2 2 2 2 2 2 2 2 2 2 2 2 0 2 2 2 2 2 2 2 2 2 2 2 2 2 2 2 2 2 2 2 
1 1 1 1 1 1 1 1 1 1 1 1 1 1 1 1 1 1 0 1 1 1 1 1 1 1 1 1 1 1 1 1 1 1 1 1 1 
2 2 2 2 2 2 2 2 2 2 2 2 2 2 2 2 2 2 2 0 2 2 2 2 2 2 2 2 2 2 2 2 2 2 2 2 2 
2 2 2 2 2 2 2 2 2 2 2 2 2 2 2 2 2 2 2 2 0 2 2 2 2 2 2 2 2 2 2 2 2 2 2 2 2 
1 1 1 1 1 1 1 1 1 1 1 1 1 1 1 1 1 1 1 1 1 0 1 1 1 1 1 1 1 1 1 1 1 1 1 1 1 
1 1 1 1 1 1 1 1 1 1 1 1 1 1 1 1 1 1 1 1 1 1 0 1 1 1 1 1 1 1 1 1 1 1 1 1 1 
1 1 1 1 1 1 1 1 1 1 1 1 1 1 1 1 1 1 1 1 1 1 1 0 1 1 1 1 1 1 1 1 1 1 1 1 1 
2 2 2 2 2 2 2 2 2 2 2 2 2 2 2 2 2 2 2 2 2 2 2 2 0 2 2 2 2 2 2 2 2 2 2 2 2 
1 1 1 1 1 1 1 1 1 1 1 1 1 1 1 1 1 1 1 1 1 1 1 1 1 0 1 1 1 1 1 1 1 1 1 1 1 
1 1 1 1 1 1 1 1 1 1 1 1 1 1 1 1 1 1 1 1 1 1 1 1 1 1 0 1 1 1 1 1 1 1 1 1 1 
1 1 1 1 1 1 1 1 1 1 1 1 1 1 1 1 1 1 1 1 1 1 1 1 1 1 1 0 1 1 1 1 1 1 1 1 1 
1 1 1 1 1 1 1 1 1 1 1 1 1 1 1 1 1 1 1 1 1 1 1 1 1 1 1 1 0 1 1 1 1 1 1 1 1 
3 3 3 3 3 3 3 3 3 3 3 3 3 3 3 3 3 3 3 3 3 3 3 3 3 3 3 3 3 0 3 3 3 3 3 3 3 
1 1 1 1 1 1 1 1 1 1 1 1 1 1 1 1 1 1 1 1 1 1 1 1 1 1 1 1 1 1 0 1 1 1 1 1 1 
1 1 1 1 1 1 1 1 1 1 1 1 1 1 1 1 1 1 1 1 1 1 1 1 1 1 1 1 1 1 1 0 1 1 1 1 1 
1 1 1 1 1 1 1 1 1 1 1 1 1 1 1 1 1 1 1 1 1 1 1 1 1 1 1 1 1 1 1 1 0 1 1 1 1 
1 1 1 1 1 1 1 1 1 1 1 1 1 1 1 1 1 1 1 1 1 1 1 1 1 1 1 1 1 1 1 1 1 0 1 1 1 
1 1 1 1 1 1 1 1 1 1 1 1 1 1 1 1 1 1 1 1 1 1 1 1 1 1 1 1 1 1 1 1 1 1 0 1 1 
1 1 1 1 1 1 1 1 1 1 1 1 1 1 1 1 1 1 1 1 1 1 1 1 1 1 1 1 1 1 1 1 1 1 1 0 1 
3 3 3 3 3 3 3 3 3 3 3 3 3 3 3 3 3 3 3 3 3 3 3 3 3 3 3 3 3 3 3 3 3 3 3 3 0 
Time:
0	15
15	30
30	45
45	60
60	75
75	90
90	105
105	120
120	135
135	150
150	165
165	180
180	195
195	210
210	225
225	240
240	255
255	270
270	285
285	300
300	315
315	330
330	345
345	360
360	375
375	390
390	405
405	420
420	435
435	450
450	465
465	480
480	495
495	510
510	525
525	540
540	555
555	570
570	585
585	600
600	615
615	630
630	645
645	660
660	675
675	690
690	705
705	720
720	735
735	750
750	765
765	780
780	795
795	810
810	825
825	840
840	855
855	870
870	885
885	900
900	915
915	930
930	945
945	960
960	975
975	990
990	1005
1005	1020
1020	1035
1035	1050
1050	1065
1065	1080
1080	5000
Speed:
0.925	0.85	0.925	1	0.8325	0.765	0.8325	0.9	0.4625	0.425	0.4625	0.5	0.30525	0.2805	0.30525	0.33	0.37	0.34	0.37	0.4	0.555	0.51	0.555	0.6	0.6475	0.595	0.6475	0.7	0.37	0.34	0.37	0.4	0.30525	0.2805	0.30525	0.33	0.4625	0.425	0.4625	0.5	0.6475	0.595	0.6475	0.7	0.74	0.68	0.74	0.8	0.6475	0.595	0.6475	0.7	0.4625	0.425	0.4625	0.5	0.555	0.51	0.555	0.6	0.6475	0.595	0.6475	0.7	0.8325	0.765	0.8325	0.9	0.925	0.85	0.925	1	1	
0.925	0.85	0.925	1	0.8325	0.765	0.8325	0.9	0.4625	0.425	0.4625	0.5	0.30525	0.2805	0.30525	0.33	0.37	0.34	0.37	0.4	0.555	0.51	0.555	0.6	0.6475	0.595	0.6475	0.7	0.37	0.34	0.37	0.4	0.30525	0.2805	0.30525	0.33	0.4625	0.425	0.4625	0.5	0.6475	0.595	0.6475	0.7	0.74	0.68	0.74	0.8	0.6475	0.595	0.6475	0.7	0.4625	0.425	0.4625	0.5	0.555	0.51	0.555	0.6	0.6475	0.595	0.6475	0.7	0.8325	0.765	0.8325	0.9	0.925	0.85	0.925	1	1	
0.925	0.85	0.925	1	0.8325	0.765	0.8325	0.9	0.4625	0.425	0.4625	0.5	0.30525	0.2805	0.30525	0.33	0.37	0.34	0.37	0.4	0.555	0.51	0.555	0.6	0.6475	0.595	0.6475	0.7	0.37	0.34	0.37	0.4	0.30525	0.2805	0.30525	0.33	0.4625	0.425	0.4625	0.5	0.6475	0.595	0.6475	0.7	0.74	0.68	0.74	0.8	0.6475	0.595	0.6475	0.7	0.4625	0.425	0.4625	0.5	0.555	0.51	0.555	0.6	0.6475	0.595	0.6475	0.7	0.8325	0.765	0.8325	0.9	0.925	0.85	0.925	1	1	
