36
0 71.38 69.15 73.37 82.79 67.11 63.67 76.07 85.14 70.28 71.77 72.39 71.31 76.43 57.18 57.95 78.6 70.18 70.08 71.56 69.99 68.27 69.78 63.91 61.85 70.63 75.62 71.65 70.59 61.02 76.83 73.31 69.37 67.8 67.01 69.17 
71.38 0 6.92 7.28 12.01 5.63 7.72 4.81 21.43 10.38 9.07 6.76 8.57 7.6 14.7 13.43 9.4 9.94 9.94 5.92 8.24 4.87 4.31 7.52 12.83 9.21 11.79 9.25 12.17 10.59 5.76 13.13 5.46 6.63 4.56 7.52 
69.15 6.92 0 4.23 14.04 10.17 8.18 8.95 18.37 8.91 8.43 10.99 15.12 7.38 15.32 12.66 9.49 9.15 9.16 12.6 12.61 10.12 8.83 8.78 16.26 11.94 7.66 5.71 5.63 9.02 9.14 7.43 8.6 11.94 7.91 8.45 
73.37 7.28 4.23 0 10.13 12.23 11.67 6.68 14.83 4.68 8.66 9 15.8 10.15 19.07 16.66 5.37 4.92 4.93 13.13 9.79 11.8 4.6 12.07 19.07 8.56 4.55 5.81 6.03 13.07 6.39 6.08 4.37 13.66 10.3 4.22 
82.79 12.01 14.04 10.13 0 17.42 19.42 7.24 13.8 14.52 12.25 10.94 17.33 6.73 26.66 25.06 4.9 12.61 12.71 15.13 13.74 16.44 13.02 19.4 24.51 13.62 10.72 11.35 15.36 21.8 6.25 13.91 13.53 17.84 16.57 14.2 
67.11 5.63 10.17 12.23 17.42 0 4.98 10.19 26.86 14 5.17 11.46 6.26 13.17 9.94 9.74 15.03 7.37 7.39 4.9 11.86 9.37 7.97 13.05 7.2 13.03 16.76 6.82 15.8 8.22 11.23 17.44 8.84 10.74 9.94 10.78 
63.67 7.72 8.18 11.67 19.42 4.98 0 12.44 26.41 11.67 8.24 10.69 11.22 13.8 7.45 5.71 15.93 7.11 7.05 9.74 9.85 5.88 7.12 11 8.42 11.02 15.76 8.08 13.29 13.2 13.26 15.5 7.38 6.79 11.01 8.64 
76.07 4.81 8.95 6.68 7.24 10.19 12.44 0 18.18 11.17 5.04 6.85 11.03 4.73 19.51 18.14 5.66 6.27 6.39 8.51 9.49 9.24 6.99 12.31 17.32 9.98 10.23 4.44 12.68 15.1 9.63 12.6 7.88 10.73 9.38 9.36 
85.14 21.43 18.37 14.83 13.8 26.86 26.41 18.18 0 15.69 22.48 15.76 29.18 13.88 33.68 30.95 12.52 19.72 19.74 26.59 16.86 26.26 19.43 26.87 33.86 15.83 10.71 20.08 14.87 27.31 17.15 12.09 19.04 28.06 25.07 18.02 
70.28 10.38 8.91 4.68 14.52 14 11.67 11.17 15.69 0 11.89 4.32 18.8 7.96 18.42 15.44 9.63 7.11 7.03 16.23 11.53 13.94 6.26 12.38 19.95 9.41 5.36 9 10.2 11.84 11.01 10.71 5.22 15.76 11.74 8.9 
71.77 9.07 8.43 8.66 12.25 5.17 8.24 5.04 22.48 11.89 0 8.2 7.14 8.6 14.8 13.88 10.21 4.88 4.98 4.47 9.76 4.2 5.81 7.87 12.28 10.72 13.12 9.48 13.68 11.32 6.1 14.59 6.96 5.75 4.76 9.03 
72.39 6.76 10.99 9 10.94 11.46 10.69 6.85 15.76 4.32 8.2 0 15.32 4.21 18.07 15.64 6.28 10.9 10.97 12.66 11.23 11.09 10.58 11.11 18.2 10.53 5.31 5.28 5.88 12.05 6.72 6.39 9.54 12.96 9.45 10.9 
71.31 8.57 15.12 15.8 17.33 6.26 11.22 11.03 29.18 18.8 7.14 15.32 0 15.41 14.67 15.43 16.68 11.7 11.77 11.15 16.63 5.55 12.55 10.36 9.48 17.68 20.24 10.04 20.62 14.42 12.09 21.7 13.65 4.48 8.23 15.74 
76.43 7.6 7.38 10.15 6.73 13.17 13.8 4.73 13.88 7.96 8.6 4.21 15.41 0 21.24 19.18 10.4 6.69 6.75 12.77 7.02 12.47 6.82 14 20.32 6.96 5.6 6.36 9.06 15.7 10.93 8.3 7.07 14.23 11.65 7.49 
57.18 14.7 15.32 19.07 26.66 9.94 7.45 19.51 33.68 18.42 14.8 18.07 14.67 21.24 0 13.17 23.37 14.56 14.5 14.46 16.88 11.1 14.56 7.29 6.28 17.99 22.98 15.33 19.81 6.65 20.43 22.31 14.72 10.7 10.14 15.69 
57.95 13.43 12.66 16.66 25.06 9.74 5.71 18.14 30.95 15.44 13.88 15.64 15.43 19.18 13.17 0 21.35 12.55 12.47 14.61 14.09 10.85 12.36 6.01 8.66 15.14 20.26 13.76 16.71 15.97 18.95 19.31 12.3 11.05 9.13 12.95 
78.6 9.4 9.49 5.37 4.9 15.03 15.93 5.66 12.52 9.63 10.21 6.28 16.68 10.4 23.37 21.35 0 8.83 8.9 14.12 8.97 14.26 9 16.1 22.22 8.75 6.11 8.29 10.47 17.88 4.64 9.2 9.24 15.94 13.64 9.56 
70.18 9.94 9.15 4.92 12.61 7.37 7.11 6.27 19.72 7.11 4.88 10.9 11.7 6.69 14.56 12.55 8.83 0 9.8 9.13 4.94 7.06 9.52 7.35 14.15 5.98 9.4 10.71 8.92 9.2 6.79 10.18 9.29 8.93 5.37 9.14 
70.08 9.94 9.16 4.93 12.71 7.39 7.05 6.39 19.74 7.03 4.98 10.97 11.77 6.75 14.5 12.47 8.9 9.8 0 9.21 4.86 7.1 9.53 7.3 14.14 5.92 9.4 10.74 8.85 9.1 6.9 10.14 9.3 8.96 5.37 9.15 
71.56 5.92 12.6 13.13 15.13 4.9 9.74 8.51 26.59 16.23 4.47 12.66 11.15 12.77 14.46 14.61 14.12 9.13 9.21 0 14.06 8.67 10.01 8.99 10.19 15.08 17.56 7.39 18.03 13.03 9.59 19.05 11.13 10.22 6.36 13.22 
69.99 8.24 12.61 9.79 13.74 11.86 9.85 9.49 16.86 11.53 9.76 11.23 16.63 7.02 16.88 14.09 8.97 4.94 4.86 14.06 0 11.77 12.56 10.48 17.98 10.21 6.18 6.9 11.45 10.45 9.48 5.7 11.2 13.6 9.62 12.6 
68.27 4.87 10.12 11.8 16.44 9.37 5.88 9.24 26.26 13.94 4.2 11.09 5.55 12.47 11.1 10.85 14.26 7.06 7.1 8.67 11.77 0 7.76 5.12 8.08 12.91 16.35 6.18 15.75 9.16 10.29 17.23 8.72 9.95 8.96 10.74 
69.78 4.31 8.83 4.6 13.02 7.97 7.12 6.99 19.43 6.26 5.81 10.58 12.55 6.82 14.56 12.36 9 9.52 9.53 10.01 12.56 7.76 0 7.47 14.55 5.17 8.95 10.41 8.08 8.89 7.42 9.48 8.97 9.61 5.85 8.82 
63.91 7.52 8.78 12.07 19.4 13.05 11 12.31 26.87 12.38 7.87 11.11 10.36 14 7.29 6.01 16.1 7.35 7.3 8.99 10.48 5.12 7.47 0 7.61 11.67 16.27 8.05 14.03 13.94 13.19 16.17 7.86 5.9 10.12 9.28 
61.85 12.83 16.26 19.07 24.51 7.2 8.42 17.32 33.86 19.95 12.28 18.2 9.48 20.32 6.28 8.66 22.22 14.15 14.14 10.19 17.98 8.08 14.55 7.61 0 19.18 23.49 13.97 21.63 10 18.38 23.69 15.17 6.74 8.79 16.79 
70.63 9.21 11.94 8.56 13.62 13.03 11.02 9.98 15.83 9.41 10.72 10.53 17.68 6.96 17.99 15.14 8.75 5.98 5.92 15.08 10.21 12.91 5.17 11.67 19.18 0 5.21 7.82 10.49 11.5 9.85 4.51 4.19 14.75 10.8 11.41 
75.62 11.79 7.66 4.55 10.72 16.76 15.76 10.23 10.71 5.36 13.12 5.31 20.24 5.6 22.98 20.26 6.11 9.4 9.4 17.56 6.18 16.35 8.95 16.27 23.49 5.21 0 10.33 5.27 16.62 9.57 9.72 8.41 18.21 14.76 7.32 
71.65 9.25 5.71 5.81 11.35 6.82 8.08 4.44 20.08 9 9.48 5.28 10.04 6.36 15.33 13.76 8.29 10.71 10.74 7.39 6.9 6.18 10.41 8.05 13.97 7.82 10.33 0 10.77 10.66 5.19 11.66 4.3 8 5.37 6.27 
70.59 12.17 5.63 6.03 15.36 15.8 13.29 12.68 14.87 10.2 13.68 5.88 20.62 9.06 19.81 16.71 10.47 8.92 8.85 18.03 11.45 15.75 8.08 14.03 21.63 10.49 5.27 10.77 0 13.18 12.42 11.92 7.04 17.57 13.52 5.02 
61.02 10.59 9.02 13.07 21.8 8.22 13.2 15.1 27.31 11.84 11.32 12.05 14.42 15.7 6.65 15.97 17.88 9.2 9.1 13.03 10.45 9.16 8.89 13.94 10 11.5 16.62 10.66 13.18 0 15.82 15.72 8.73 9.95 6.84 9.31 
76.83 5.76 9.14 6.39 6.25 11.23 13.26 9.63 17.15 11.01 6.1 6.72 12.09 10.93 20.43 18.95 4.64 6.79 6.9 9.59 9.48 10.29 7.42 13.19 18.38 9.85 9.57 5.19 12.42 15.82 0 12.11 8.2 11.81 10.31 9.49 
73.31 13.13 7.43 6.08 13.91 17.44 15.5 12.6 12.09 10.71 14.59 6.39 21.7 8.3 22.31 19.31 9.2 10.18 10.14 19.05 5.7 17.23 9.48 16.17 23.69 4.51 9.72 11.66 11.92 15.72 12.11 0 8.62 19.09 15.25 6.9 
69.37 5.46 8.6 4.37 13.53 8.84 7.38 7.88 19.04 5.22 6.96 9.54 13.65 7.07 14.72 12.3 9.24 9.29 9.3 11.13 11.2 8.72 8.97 7.86 15.17 4.19 8.41 4.3 7.04 8.73 8.2 8.62 0 10.56 6.63 8.58 
67.8 6.63 11.94 13.66 17.84 10.74 6.79 10.73 28.06 15.76 5.75 12.96 4.48 14.23 10.7 11.05 15.94 8.93 8.96 10.22 13.6 9.95 9.61 5.9 6.74 14.75 18.21 8 17.57 9.95 11.81 19.09 10.56 0 4.22 12.55 
67.01 4.56 7.91 10.3 16.57 9.94 11.01 9.38 25.07 11.74 4.76 9.45 8.23 11.65 10.14 9.13 13.64 5.37 5.37 6.36 9.62 8.96 5.85 10.12 8.79 10.8 14.76 5.37 13.52 6.84 10.31 15.25 6.63 4.22 0 8.51 
69.17 7.52 8.45 4.22 14.2 10.78 8.64 9.36 18.02 8.9 9.03 10.9 15.74 7.49 15.69 12.95 9.56 9.14 9.15 13.22 12.6 10.74 8.82 9.28 16.79 11.41 7.32 6.27 5.02 9.31 9.49 6.9 8.58 12.55 8.51 0 
0	5000
0	120
0	129
0	134
0	146
0	171
0	182
0	209
0	263
0	308
0	339
0	354
0	383
0	408
0	443
0	462
0	520
0	550
0	581
0	601
0	632
0	652
0	665
0	677
0	688
0	715
0	723
0	737
0	751
0	769
0	795
0	813
0	828
0	852
0	861
0	878
C:
0 3 3 3 3 3 3 3 3 3 3 3 3 3 3 3 3 3 3 3 3 3 3 3 3 3 3 3 3 3 3 3 3 3 3 3 3 
1 0 1 1 1 1 1 1 1 1 1 1 1 1 1 1 1 1 1 1 1 1 1 1 1 1 1 1 1 1 1 1 1 1 1 1 1 
1 1 0 1 1 1 1 1 1 1 1 1 1 1 1 1 1 1 1 1 1 1 1 1 1 1 1 1 1 1 1 1 1 1 1 1 1 
1 1 1 0 1 1 1 1 1 1 1 1 1 1 1 1 1 1 1 1 1 1 1 1 1 1 1 1 1 1 1 1 1 1 1 1 1 
1 1 1 1 0 1 1 1 1 1 1 1 1 1 1 1 1 1 1 1 1 1 1 1 1 1 1 1 1 1 1 1 1 1 1 1 1 
1 1 1 1 1 0 1 1 1 1 1 1 1 1 1 1 1 1 1 1 1 1 1 1 1 1 1 1 1 1 1 1 1 1 1 1 1 
1 1 1 1 1 1 0 1 1 1 1 1 1 1 1 1 1 1 1 1 1 1 1 1 1 1 1 1 1 1 1 1 1 1 1 1 1 
1 1 1 1 1 1 1 0 1 1 1 1 1 1 1 1 1 1 1 1 1 1 1 1 1 1 1 1 1 1 1 1 1 1 1 1 1 
2 2 2 2 2 2 2 2 0 2 2 2 2 2 2 2 2 2 2 2 2 2 2 2 2 2 2 2 2 2 2 2 2 2 2 2 2 
1 1 1 1 1 1 1 1 1 0 1 1 1 1 1 1 1 1 1 1 1 1 1 1 1 1 1 1 1 1 1 1 1 1 1 1 1 
1 1 1 1 1 1 1 1 1 1 0 1 1 1 1 1 1 1 1 1 1 1 1 1 1 1 1 1 1 1 1 1 1 1 1 1 1 
1 1 1 1 1 1 1 1 1 1 1 0 1 1 1 1 1 1 1 1 1 1 1 1 1 1 1 1 1 1 1 1 1 1 1 1 1 
1 1 1 1 1 1 1 1 1 1 1 1 0 1 1 1 1 1 1 1 1 1 1 1 1 1 1 1 1 1 1 1 1 1 1 1 1 
1 1 1 1 1 1 1 1 1 1 1 1 1 0 1 1 1 1 1 1 1 1 1 1 1 1 1 1 1 1 1 1 1 1 1 1 1 
1 1 1 1 1 1 1 1 1 1 1 1 1 1 0 1 1 1 1 1 1 1 1 1 1 1 1 1 1 1 1 1 1 1 1 1 1 
1 1 1 1 1 1 1 1 1 1 1 1 1 1 1 0 1 1 1 1 1 1 1 1 1 1 1 1 1 1 1 1 1 1 1 1 1 
1 1 1 1 1 1 1 1 1 1 1 1 1 1 1 1 0 1 1 1 1 1 1 1 1 1 1 1 1 1 1 1 1 1 1 1 1 
1 1 1 1 1 1 1 1 1 1 1 1 1 1 1 1 1 0 1 1 1 1 1 1 1 1 1 1 1 1 1 1 1 1 1 1 1 
1 1 1 1 1 1 1 1 1 1 1 1 1 1 1 1 1 1 0 1 1 1 1 1 1 1 1 1 1 1 1 1 1 1 1 1 1 
1 1 1 1 1 1 1 1 1 1 1 1 1 1 1 1 1 1 1 0 1 1 1 1 1 1 1 1 1 1 1 1 1 1 1 1 1 
1 1 1 1 1 1 1 1 1 1 1 1 1 1 1 1 1 1 1 1 0 1 1 1 1 1 1 1 1 1 1 1 1 1 1 1 1 
1 1 1 1 1 1 1 1 1 1 1 1 1 1 1 1 1 1 1 1 1 0 1 1 1 1 1 1 1 1 1 1 1 1 1 1 1 
1 1 1 1 1 1 1 1 1 1 1 1 1 1 1 1 1 1 1 1 1 1 0 1 1 1 1 1 1 1 1 1 1 1 1 1 1 
1 1 1 1 1 1 1 1 1 1 1 1 1 1 1 1 1 1 1 1 1 1 1 0 1 1 1 1 1 1 1 1 1 1 1 1 1 
1 1 1 1 1 1 1 1 1 1 1 1 1 1 1 1 1 1 1 1 1 1 1 1 0 1 1 1 1 1 1 1 1 1 1 1 1 
1 1 1 1 1 1 1 1 1 1 1 1 1 1 1 1 1 1 1 1 1 1 1 1 1 0 1 1 1 1 1 1 1 1 1 1 1 
1 1 1 1 1 1 1 1 1 1 1 1 1 1 1 1 1 1 1 1 1 1 1 1 1 1 0 1 1 1 1 1 1 1 1 1 1 
1 1 1 1 1 1 1 1 1 1 1 1 1 1 1 1 1 1 1 1 1 1 1 1 1 1 1 0 1 1 1 1 1 1 1 1 1 
1 1 1 1 1 1 1 1 1 1 1 1 1 1 1 1 1 1 1 1 1 1 1 1 1 1 1 1 0 1 1 1 1 1 1 1 1 
1 1 1 1 1 1 1 1 1 1 1 1 1 1 1 1 1 1 1 1 1 1 1 1 1 1 1 1 1 0 1 1 1 1 1 1 1 
1 1 1 1 1 1 1 1 1 1 1 1 1 1 1 1 1 1 1 1 1 1 1 1 1 1 1 1 1 1 0 1 1 1 1 1 1 
1 1 1 1 1 1 1 1 1 1 1 1 1 1 1 1 1 1 1 1 1 1 1 1 1 1 1 1 1 1 1 0 1 1 1 1 1 
1 1 1 1 1 1 1 1 1 1 1 1 1 1 1 1 1 1 1 1 1 1 1 1 1 1 1 1 1 1 1 1 0 1 1 1 1 
1 1 1 1 1 1 1 1 1 1 1 1 1 1 1 1 1 1 1 1 1 1 1 1 1 1 1 1 1 1 1 1 1 0 1 1 1 
1 1 1 1 1 1 1 1 1 1 1 1 1 1 1 1 1 1 1 1 1 1 1 1 1 1 1 1 1 1 1 1 1 1 0 1 1 
1 1 1 1 1 1 1 1 1 1 1 1 1 1 1 1 1 1 1 1 1 1 1 1 1 1 1 1 1 1 1 1 1 1 1 0 1 
3 3 3 3 3 3 3 3 3 3 3 3 3 3 3 3 3 3 3 3 3 3 3 3 3 3 3 3 3 3 3 3 3 3 3 3 0 
Time:
0	15
15	30
30	45
45	60
60	75
75	90
90	105
105	120
120	135
135	150
150	165
165	180
180	195
195	210
210	225
225	240
240	255
255	270
270	285
285	300
300	315
315	330
330	345
345	360
360	375
375	390
390	405
405	420
420	435
435	450
450	465
465	480
480	495
495	510
510	525
525	540
540	555
555	570
570	585
585	600
600	615
615	630
630	645
645	660
660	675
675	690
690	705
705	720
720	735
735	750
750	765
765	780
780	795
795	810
810	825
825	840
840	855
855	870
870	885
885	900
900	915
915	930
930	945
945	960
960	975
975	990
990	1005
1005	1020
1020	1035
1035	1050
1050	1065
1065	1080
1080	5000
Speed:
0.925	0.85	0.925	1	0.8325	0.765	0.8325	0.9	0.4625	0.425	0.4625	0.5	0.30525	0.2805	0.30525	0.33	0.37	0.34	0.37	0.4	0.555	0.51	0.555	0.6	0.6475	0.595	0.6475	0.7	0.37	0.34	0.37	0.4	0.30525	0.2805	0.30525	0.33	0.4625	0.425	0.4625	0.5	0.6475	0.595	0.6475	0.7	0.74	0.68	0.74	0.8	0.6475	0.595	0.6475	0.7	0.4625	0.425	0.4625	0.5	0.555	0.51	0.555	0.6	0.6475	0.595	0.6475	0.7	0.8325	0.765	0.8325	0.9	0.925	0.85	0.925	1	1	
0.925	0.85	0.925	1	0.8325	0.765	0.8325	0.9	0.4625	0.425	0.4625	0.5	0.30525	0.2805	0.30525	0.33	0.37	0.34	0.37	0.4	0.555	0.51	0.555	0.6	0.6475	0.595	0.6475	0.7	0.37	0.34	0.37	0.4	0.30525	0.2805	0.30525	0.33	0.4625	0.425	0.4625	0.5	0.6475	0.595	0.6475	0.7	0.74	0.68	0.74	0.8	0.6475	0.595	0.6475	0.7	0.4625	0.425	0.4625	0.5	0.555	0.51	0.555	0.6	0.6475	0.595	0.6475	0.7	0.8325	0.765	0.8325	0.9	0.925	0.85	0.925	1	1	
0.925	0.85	0.925	1	0.8325	0.765	0.8325	0.9	0.4625	0.425	0.4625	0.5	0.30525	0.2805	0.30525	0.33	0.37	0.34	0.37	0.4	0.555	0.51	0.555	0.6	0.6475	0.595	0.6475	0.7	0.37	0.34	0.37	0.4	0.30525	0.2805	0.30525	0.33	0.4625	0.425	0.4625	0.5	0.6475	0.595	0.6475	0.7	0.74	0.68	0.74	0.8	0.6475	0.595	0.6475	0.7	0.4625	0.425	0.4625	0.5	0.555	0.51	0.555	0.6	0.6475	0.595	0.6475	0.7	0.8325	0.765	0.8325	0.9	0.925	0.85	0.925	1	1	
