36
0 108.3 62.79 79.23 71.97 73.05 99.34 75.65 63.09 44.58 73.04 73.57 71.02 56.25 61.06 88.18 70.95 68.54 64.04 73.29 77.63 66.06 71.02 61.7 81.87 53.05 55.11 73.58 70.83 87.02 63.07 64.36 49.7 70.29 74.18 72.38 
108.3 0 49.15 30.03 48.51 35.28 19.91 41.69 74.49 70.28 51.68 39 51.87 70.1 51.65 32.18 60.37 42.1 91.32 42.91 30.7 51.18 58.9 56.19 34.86 58.38 59.1 47.7 40.13 24.4 49.07 53.27 63.88 43.79 35.01 44.14 
62.79 49.15 0 19.34 13.18 17.56 36.8 13.55 31.57 21.17 17.11 10.94 15.03 23.69 15.66 25.5 22.92 7.16 47.93 11.12 20.92 8.26 21.62 10.07 19.12 9.83 10.02 14.51 9.02 25.39 14.31 8.85 14.77 7.68 14.79 10.56 
79.23 30.03 19.34 0 22.65 7.98 21.65 16.34 48.03 40.32 26.98 10.64 26.19 41.84 21.92 17.25 35.65 12.19 65 16.22 5.51 23.05 34.1 27.57 13.22 28.36 29.36 22.58 10.45 8.54 19.31 24.95 33.94 15.43 5.07 17.27 
71.97 48.51 13.18 22.65 0 25.38 31.92 6.88 26.1 27.63 4.61 12.25 13.05 22.1 13.08 18.36 13 14.81 43.07 6.44 26.8 6.12 11.45 10.36 13.74 20.25 16.97 9.02 14.45 24.39 12.75 7.62 22.3 8.44 20.44 5.45 
73.05 35.28 17.56 7.98 25.38 0 29.48 20.37 48.71 36.93 29.98 13.51 28.65 41.24 20.14 24.64 37.98 11.26 65.34 19.31 4.58 23.78 36.48 27.29 19.63 24.75 27.05 25.8 10.96 16.43 17.71 25.27 30.75 17.04 5.45 20.03 
99.34 19.91 36.8 21.65 31.92 29.48 0 25.73 56.87 57.38 34.15 25.87 34.85 54.02 38.86 13.76 42.33 30.81 73.28 27.62 25.74 36.06 40.97 41.21 18.58 46.63 45.84 30.75 28.52 13.11 36.57 38.16 51.16 29.77 26.18 28.79 
75.65 41.69 13.55 16.34 6.88 20.37 25.73 0 32.98 32.15 10.77 6.9 10.37 28.6 14.73 12.76 19.6 11.56 49.94 12.8 20.99 10.37 18.05 15.5 7.17 22.73 20.76 6.38 10.23 17.51 13.18 12.45 26.21 6.01 15.04 12.16 
63.09 74.49 31.57 48.03 26.1 48.71 56.87 32.98 0 24.45 22.86 37.4 22.65 9.95 29.27 43.12 14.62 37.49 17 32.2 51.31 25.13 15.91 21.52 39.63 29.44 24.61 26.8 38.27 50.49 31.32 23.47 25.22 32.63 44.77 31.02 
44.58 70.28 21.17 40.32 27.63 36.93 57.38 32.15 24.45 0 28.46 31.85 26.45 14.77 18.77 44.91 27.18 28.18 35.81 29.97 41.02 21.99 26.98 17.27 38.97 12.19 11.53 29.21 30.18 46.52 21.28 20.1 6.4 27.61 35.51 28.9 
73.04 51.68 17.11 26.98 4.61 29.98 34.15 10.77 22.86 28.46 0 16.75 8.59 20.47 16.52 20.38 8.87 19.39 39.64 10.87 31.3 9.13 7.34 11.68 16.86 22.88 18.88 4.41 19.06 27.96 16.69 9.78 23.83 13.04 24.99 9.99 
73.57 39 10.94 10.64 12.25 13.51 25.87 6.9 37.4 31.85 16.75 0 15.72 31.5 13.11 15.34 25.2 5.73 54.38 5.9 14.56 12.55 23.66 17.32 8.94 20.76 20.39 12.44 10.99 14.76 10.73 14.53 25.52 4.91 8.29 6.8 
71.02 51.87 15.03 26.19 13.05 28.65 34.85 10.37 22.65 26.45 8.59 15.72 0 19.3 14.33 21.15 9.48 17.81 39.59 9.97 30.25 6.93 7.94 9.5 17.02 20.62 16.66 4.18 17.69 27.85 14.61 7.52 21.67 11.61 23.83 8.94 
56.25 70.1 23.69 41.84 22.1 41.24 54.02 28.6 9.95 14.77 20.47 31.5 19.3 0 21.17 40.4 15.23 30.33 24.49 27.2 44.37 19 15.71 14.28 35.73 19.91 15.36 23.3 31.55 45.71 23.53 16.97 15.32 26.6 37.96 25.96 
61.06 51.65 15.66 21.92 13.08 20.14 38.86 14.73 29.27 18.77 16.52 13.11 14.33 21.17 0 27.12 21.45 9.76 45.48 12.32 23.55 7.4 20.24 7.94 20.84 8.02 7.46 14.55 11.54 27.75 15.26 7.36 12.41 9.25 17.41 11.54 
88.18 32.18 25.5 17.25 18.36 24.64 13.76 12.76 43.12 44.91 20.38 15.34 21.15 40.4 27.12 0 28.63 21.03 59.63 14.99 22.72 23.06 27.25 28.13 6.45 35.13 33.5 17.1 18.86 11.84 25.19 25.09 38.94 17.89 19.64 16.02 
70.95 60.37 22.92 35.65 13 37.98 42.33 19.6 14.62 27.18 8.87 25.2 9.48 15.23 21.45 28.63 0 26.94 31.02 19.44 39.72 14.8 16.2 14.11 25.66 25.56 20.66 13.21 27.04 36.82 22.55 14.13 24.31 20.97 33.28 18.42 
68.54 42.1 7.16 12.19 14.81 11.26 30.81 11.56 37.49 28.18 19.39 5.73 17.81 30.33 9.76 21.03 26.94 0 54.19 9.66 14.04 12.53 25.46 16.18 14.65 16.39 17.17 15.56 12.51 18.71 7.15 14.03 21.79 6.44 7.7 9.93 
64.04 91.32 47.93 65 43.07 65.34 73.28 49.94 17 35.81 39.64 54.38 39.59 24.49 45.48 59.63 31.02 54.19 0 49.2 68.13 42.01 32.45 38.05 56.49 44.14 39.81 43.71 55.11 67.44 47.72 40.25 38.87 49.57 61.61 48.02 
73.29 42.91 11.12 16.22 6.44 19.31 27.62 12.8 32.2 29.97 10.87 5.9 9.97 27.2 12.32 14.99 19.44 9.66 49.2 0 20.44 8.49 17.89 13.64 9.06 20.33 18.52 6.54 8.66 18.55 10.75 10.6 23.95 10.81 14.18 11.89 
77.63 30.7 20.92 5.51 26.8 4.58 25.74 20.99 51.31 41.02 31.3 14.56 30.25 44.37 23.55 22.72 39.72 14.04 68.13 20.44 0 26.18 38.18 30.19 18.64 28.83 30.73 26.96 13.04 12.99 21.01 27.88 34.75 18.88 6.55 21.35 
66.06 51.18 8.26 23.05 6.12 23.78 36.06 10.37 25.13 21.99 9.13 12.55 6.93 19 7.4 23.06 14.8 12.53 42.01 8.49 26.18 0 13.43 5.16 17.48 14.15 10.96 7.71 13.14 26.78 7.86 13.74 16.36 7.65 19.64 7.29 
71.02 58.9 21.62 34.1 11.45 36.48 40.97 18.05 15.91 26.98 7.34 23.66 7.94 15.71 20.24 27.25 16.2 25.46 32.45 17.89 38.18 13.43 0 13.1 24.16 24.68 19.87 11.67 25.53 35.3 21.23 12.89 23.77 19.46 31.75 16.87 
61.7 56.19 10.07 27.57 10.36 27.29 41.21 15.5 21.52 17.27 11.68 17.32 9.5 14.28 7.94 28.13 14.11 16.18 38.05 13.64 30.19 5.16 13.1 0 22.63 11.68 7.24 11.94 17.28 31.81 9.81 15.3 12.19 12.44 23.72 12.45 
81.87 34.86 19.12 13.22 13.74 19.63 18.58 7.17 39.63 38.97 16.86 8.94 17.02 35.73 20.84 6.45 25.66 14.65 56.49 9.06 18.64 17.48 24.16 22.63 0 28.83 27.48 12.84 12.54 11.28 18.82 19.58 32.88 11.59 14.3 10.21 
53.05 58.38 9.83 28.36 20.25 24.75 46.63 22.73 29.44 12.19 22.88 20.76 20.62 19.91 8.02 35.13 25.56 16.39 44.14 20.33 28.83 14.15 24.68 11.68 28.83 0 5.08 21.83 18.53 35.04 10.08 13.1 6.09 17.25 23.45 19.5 
55.11 59.1 10.02 29.36 16.97 27.05 45.84 20.76 24.61 11.53 18.88 20.39 16.66 15.36 7.46 33.5 20.66 17.17 39.81 18.52 30.73 10.96 19.87 7.24 27.48 5.08 0 18.58 19 35.11 10.06 9.39 5.46 16.08 24.77 17.49 
73.58 47.7 14.51 22.58 9.02 25.8 30.75 6.38 26.8 29.21 4.41 12.44 4.18 23.3 14.55 17.1 13.21 15.56 43.71 6.54 26.96 7.71 11.67 11.94 12.84 21.83 18.58 0 14.98 23.75 14.08 9.23 23.91 9.12 20.71 5.78 
70.83 40.13 9.02 10.45 14.45 10.96 28.52 10.23 38.27 30.18 19.06 10.99 17.69 31.55 11.54 18.86 27.04 12.51 55.11 8.66 13.04 13.14 25.53 17.28 12.54 18.53 19 14.98 0 16.51 8.95 14.86 23.78 6.08 6.5 9.2 
87.02 24.4 25.39 8.54 24.39 16.43 13.11 17.51 50.49 46.52 27.96 14.76 27.85 45.71 27.75 11.84 36.82 18.71 67.44 18.55 12.99 26.78 35.3 31.81 11.28 35.04 35.11 23.75 16.51 0 25.25 28.87 40.15 19.44 13.16 19.78 
63.07 49.07 14.31 19.31 12.75 17.71 36.57 13.18 31.32 21.28 16.69 10.73 14.61 23.53 15.26 25.19 22.55 7.15 47.72 10.75 21.01 7.86 21.23 9.81 18.82 10.08 10.06 14.08 8.95 25.25 0 8.5 14.9 7.34 14.82 10.16 
64.36 53.27 8.85 24.95 7.62 25.27 38.16 12.45 23.47 20.1 9.78 14.53 7.52 16.97 7.36 25.09 14.13 14.03 40.25 10.6 27.88 13.74 12.89 15.3 19.58 13.1 9.39 9.23 14.86 28.87 8.5 0 14.68 9.62 21.36 9.4 
49.7 63.88 14.77 33.94 22.3 30.75 51.16 26.21 25.22 6.4 23.83 25.52 21.67 15.32 12.41 38.94 24.31 21.79 38.87 23.95 34.75 16.36 23.77 12.19 32.88 6.09 5.46 23.91 23.78 40.15 14.9 14.68 0 21.4 29.14 22.94 
70.29 43.79 7.68 15.43 8.44 17.04 29.77 6.01 32.63 27.61 13.04 4.91 11.61 26.6 9.25 17.89 20.97 6.44 49.57 10.81 18.88 7.65 19.46 12.44 11.59 17.25 16.08 9.12 6.08 19.44 7.34 9.62 21.4 0 12.36 11.7 
74.18 35.01 14.79 5.07 20.44 5.45 26.18 15.04 44.77 35.51 24.99 8.29 23.83 37.96 17.41 19.64 33.28 7.7 61.61 14.18 6.55 19.64 31.75 23.72 14.3 23.45 24.77 20.71 6.5 13.16 14.82 21.36 29.14 12.36 0 15 
72.38 44.14 10.56 17.27 5.45 20.03 28.79 12.16 31.02 28.9 9.99 6.8 8.94 25.96 11.54 16.02 18.42 9.93 48.02 11.89 21.35 7.29 16.87 12.45 10.21 19.5 17.49 5.78 9.2 19.78 10.16 9.4 22.94 11.7 15 0 
0	5000
0	167
0	297
0	346
0	388
0	429
0	484
0	561
0	638
0	678
0	718
0	742
0	762
0	793
0	826
0	884
0	936
0	979
0	1049
0	1104
0	1124
0	1150
0	1164
0	1177
0	1200
0	1228
0	1234
0	1252
0	1267
0	1284
0	1309
0	1317
0	1332
0	1353
0	1366
0	1381
C:
0 3 3 3 3 3 3 3 3 3 3 3 3 3 3 3 3 3 3 3 3 3 3 3 3 3 3 3 3 3 3 3 3 3 3 3 3 
3 0 3 3 3 3 3 3 3 3 3 3 3 3 3 3 3 3 3 3 3 3 3 3 3 3 3 3 3 3 3 3 3 3 3 3 3 
1 1 0 1 1 1 1 1 1 1 1 1 1 1 1 1 1 1 1 1 1 1 1 1 1 1 1 1 1 1 1 1 1 1 1 1 1 
2 2 2 0 2 2 2 2 2 2 2 2 2 2 2 2 2 2 2 2 2 2 2 2 2 2 2 2 2 2 2 2 2 2 2 2 2 
1 1 1 1 0 1 1 1 1 1 1 1 1 1 1 1 1 1 1 1 1 1 1 1 1 1 1 1 1 1 1 1 1 1 1 1 1 
2 2 2 2 2 0 2 2 2 2 2 2 2 2 2 2 2 2 2 2 2 2 2 2 2 2 2 2 2 2 2 2 2 2 2 2 2 
3 3 3 3 3 3 0 3 3 3 3 3 3 3 3 3 3 3 3 3 3 3 3 3 3 3 3 3 3 3 3 3 3 3 3 3 3 
1 1 1 1 1 1 1 0 1 1 1 1 1 1 1 1 1 1 1 1 1 1 1 1 1 1 1 1 1 1 1 1 1 1 1 1 1 
3 3 3 3 3 3 3 3 0 3 3 3 3 3 3 3 3 3 3 3 3 3 3 3 3 3 3 3 3 3 3 3 3 3 3 3 3 
3 3 3 3 3 3 3 3 3 0 3 3 3 3 3 3 3 3 3 3 3 3 3 3 3 3 3 3 3 3 3 3 3 3 3 3 3 
1 1 1 1 1 1 1 1 1 1 0 1 1 1 1 1 1 1 1 1 1 1 1 1 1 1 1 1 1 1 1 1 1 1 1 1 1 
1 1 1 1 1 1 1 1 1 1 1 0 1 1 1 1 1 1 1 1 1 1 1 1 1 1 1 1 1 1 1 1 1 1 1 1 1 
1 1 1 1 1 1 1 1 1 1 1 1 0 1 1 1 1 1 1 1 1 1 1 1 1 1 1 1 1 1 1 1 1 1 1 1 1 
3 3 3 3 3 3 3 3 3 3 3 3 3 0 3 3 3 3 3 3 3 3 3 3 3 3 3 3 3 3 3 3 3 3 3 3 3 
1 1 1 1 1 1 1 1 1 1 1 1 1 1 0 1 1 1 1 1 1 1 1 1 1 1 1 1 1 1 1 1 1 1 1 1 1 
2 2 2 2 2 2 2 2 2 2 2 2 2 2 2 0 2 2 2 2 2 2 2 2 2 2 2 2 2 2 2 2 2 2 2 2 2 
2 2 2 2 2 2 2 2 2 2 2 2 2 2 2 2 0 2 2 2 2 2 2 2 2 2 2 2 2 2 2 2 2 2 2 2 2 
1 1 1 1 1 1 1 1 1 1 1 1 1 1 1 1 1 0 1 1 1 1 1 1 1 1 1 1 1 1 1 1 1 1 1 1 1 
3 3 3 3 3 3 3 3 3 3 3 3 3 3 3 3 3 3 0 3 3 3 3 3 3 3 3 3 3 3 3 3 3 3 3 3 3 
1 1 1 1 1 1 1 1 1 1 1 1 1 1 1 1 1 1 1 0 1 1 1 1 1 1 1 1 1 1 1 1 1 1 1 1 1 
2 2 2 2 2 2 2 2 2 2 2 2 2 2 2 2 2 2 2 2 0 2 2 2 2 2 2 2 2 2 2 2 2 2 2 2 2 
1 1 1 1 1 1 1 1 1 1 1 1 1 1 1 1 1 1 1 1 1 0 1 1 1 1 1 1 1 1 1 1 1 1 1 1 1 
2 2 2 2 2 2 2 2 2 2 2 2 2 2 2 2 2 2 2 2 2 2 0 2 2 2 2 2 2 2 2 2 2 2 2 2 2 
1 1 1 1 1 1 1 1 1 1 1 1 1 1 1 1 1 1 1 1 1 1 1 0 1 1 1 1 1 1 1 1 1 1 1 1 1 
1 1 1 1 1 1 1 1 1 1 1 1 1 1 1 1 1 1 1 1 1 1 1 1 0 1 1 1 1 1 1 1 1 1 1 1 1 
2 2 2 2 2 2 2 2 2 2 2 2 2 2 2 2 2 2 2 2 2 2 2 2 2 0 2 2 2 2 2 2 2 2 2 2 2 
2 2 2 2 2 2 2 2 2 2 2 2 2 2 2 2 2 2 2 2 2 2 2 2 2 2 0 2 2 2 2 2 2 2 2 2 2 
1 1 1 1 1 1 1 1 1 1 1 1 1 1 1 1 1 1 1 1 1 1 1 1 1 1 1 0 1 1 1 1 1 1 1 1 1 
1 1 1 1 1 1 1 1 1 1 1 1 1 1 1 1 1 1 1 1 1 1 1 1 1 1 1 1 0 1 1 1 1 1 1 1 1 
2 2 2 2 2 2 2 2 2 2 2 2 2 2 2 2 2 2 2 2 2 2 2 2 2 2 2 2 2 0 2 2 2 2 2 2 2 
1 1 1 1 1 1 1 1 1 1 1 1 1 1 1 1 1 1 1 1 1 1 1 1 1 1 1 1 1 1 0 1 1 1 1 1 1 
1 1 1 1 1 1 1 1 1 1 1 1 1 1 1 1 1 1 1 1 1 1 1 1 1 1 1 1 1 1 1 0 1 1 1 1 1 
2 2 2 2 2 2 2 2 2 2 2 2 2 2 2 2 2 2 2 2 2 2 2 2 2 2 2 2 2 2 2 2 0 2 2 2 2 
1 1 1 1 1 1 1 1 1 1 1 1 1 1 1 1 1 1 1 1 1 1 1 1 1 1 1 1 1 1 1 1 1 0 1 1 1 
1 1 1 1 1 1 1 1 1 1 1 1 1 1 1 1 1 1 1 1 1 1 1 1 1 1 1 1 1 1 1 1 1 1 0 1 1 
1 1 1 1 1 1 1 1 1 1 1 1 1 1 1 1 1 1 1 1 1 1 1 1 1 1 1 1 1 1 1 1 1 1 1 0 1 
3 3 3 3 3 3 3 3 3 3 3 3 3 3 3 3 3 3 3 3 3 3 3 3 3 3 3 3 3 3 3 3 3 3 3 3 0 
Time:
0	15
15	30
30	45
45	60
60	75
75	90
90	105
105	120
120	135
135	150
150	165
165	180
180	195
195	210
210	225
225	240
240	255
255	270
270	285
285	300
300	315
315	330
330	345
345	360
360	375
375	390
390	405
405	420
420	435
435	450
450	465
465	480
480	495
495	510
510	525
525	540
540	555
555	570
570	585
585	600
600	615
615	630
630	645
645	660
660	675
675	690
690	705
705	720
720	735
735	750
750	765
765	780
780	795
795	810
810	825
825	840
840	855
855	870
870	885
885	900
900	915
915	930
930	945
945	960
960	975
975	990
990	1005
1005	1020
1020	1035
1035	1050
1050	1065
1065	1080
1080	5000
Speed:
0.925	0.85	0.925	1	0.8325	0.765	0.8325	0.9	0.4625	0.425	0.4625	0.5	0.30525	0.2805	0.30525	0.33	0.37	0.34	0.37	0.4	0.555	0.51	0.555	0.6	0.6475	0.595	0.6475	0.7	0.37	0.34	0.37	0.4	0.30525	0.2805	0.30525	0.33	0.4625	0.425	0.4625	0.5	0.6475	0.595	0.6475	0.7	0.74	0.68	0.74	0.8	0.6475	0.595	0.6475	0.7	0.4625	0.425	0.4625	0.5	0.555	0.51	0.555	0.6	0.6475	0.595	0.6475	0.7	0.8325	0.765	0.8325	0.9	0.925	0.85	0.925	1	1	
0.925	0.85	0.925	1	0.8325	0.765	0.8325	0.9	0.4625	0.425	0.4625	0.5	0.30525	0.2805	0.30525	0.33	0.37	0.34	0.37	0.4	0.555	0.51	0.555	0.6	0.6475	0.595	0.6475	0.7	0.37	0.34	0.37	0.4	0.30525	0.2805	0.30525	0.33	0.4625	0.425	0.4625	0.5	0.6475	0.595	0.6475	0.7	0.74	0.68	0.74	0.8	0.6475	0.595	0.6475	0.7	0.4625	0.425	0.4625	0.5	0.555	0.51	0.555	0.6	0.6475	0.595	0.6475	0.7	0.8325	0.765	0.8325	0.9	0.925	0.85	0.925	1	1	
0.925	0.85	0.925	1	0.8325	0.765	0.8325	0.9	0.4625	0.425	0.4625	0.5	0.30525	0.2805	0.30525	0.33	0.37	0.34	0.37	0.4	0.555	0.51	0.555	0.6	0.6475	0.595	0.6475	0.7	0.37	0.34	0.37	0.4	0.30525	0.2805	0.30525	0.33	0.4625	0.425	0.4625	0.5	0.6475	0.595	0.6475	0.7	0.74	0.68	0.74	0.8	0.6475	0.595	0.6475	0.7	0.4625	0.425	0.4625	0.5	0.555	0.51	0.555	0.6	0.6475	0.595	0.6475	0.7	0.8325	0.765	0.8325	0.9	0.925	0.85	0.925	1	1	
