36
0 66.22 73.04 70.8 95.65 71.82 72.55 66.75 83.19 70.38 68.62 82.77 75.25 53.83 50.54 70.11 86.75 77.8 59.18 45.07 73.37 83.78 69.36 63.54 68.75 71.33 68.82 72.84 73.83 72.58 61.51 102.13 56.16 77.48 74.46 90.98 
66.22 0 23.36 31.91 54.71 14.69 22.07 23.65 29.27 31.36 28.98 49.53 28.66 22.48 19.8 30.98 43.02 27.42 24.69 22.14 18.18 51.81 22.74 23.81 20.36 17.36 32.09 32.8 16.15 13.67 24.34 51.09 13.1 27.02 30.56 41.3 
73.04 23.36 0 10.49 31.62 9.17 10.44 6.74 10.15 10.14 8.89 26.53 5.3 19.22 39.07 9.9 19.89 5.13 14.37 30.29 6.03 28.84 12.36 9.96 4.57 6.08 11.8 10.5 8.74 10.77 12.07 30.96 20.62 4.74 7.47 19.93 
70.8 31.91 10.49 0 26.82 19.09 11.53 8.44 16.53 9.71 10.71 18.02 7.21 19.32 44.48 9.78 16.24 11.16 12.85 32.23 16.38 20.2 9.32 9.81 11.67 15.85 11.75 13.53 19.08 20.83 10.98 31.38 25.24 11.17 4.83 20.4 
95.65 54.71 31.62 26.82 0 40.04 32.87 34.24 26.67 27.38 29.83 13.73 26.52 46.14 70.34 27.76 11.72 27.28 39.66 59.04 36.54 13.8 33.42 36.43 35.54 37.41 28.26 24.95 38.77 41.23 37.78 15.47 51.28 27.69 25.38 15.52 
71.82 14.69 9.17 19.09 40.04 0 7.9 12.2 14.94 18.64 16.74 35.69 14.4 19.44 32.32 18.32 28.37 12.76 17.38 27.11 12.77 38.01 9.95 14.12 7.88 12.68 19.92 19.46 15.48 17.42 15.74 37 16.11 12.36 16.63 26.78 
72.55 22.07 10.44 11.53 32.87 7.9 0 6.81 10.71 11.14 9.69 27.8 6.6 18.74 37.92 10.88 21.15 6.12 14.23 29.47 4.87 30.12 11.54 9.9 9.62 4.78 12.7 11.66 7.58 9.52 11.99 31.92 19.6 5.71 8.73 20.96 
66.75 23.65 6.74 8.44 34.24 12.2 6.81 0 16.64 7.86 5.36 26.44 8.77 13.17 36.3 7.46 22.9 11.07 7.7 25.28 10.53 28.64 12.15 11.16 4.35 9.2 8.44 9.75 12.88 13.97 5.37 36.12 17.11 10.78 8.96 24.87 
83.19 29.27 10.15 16.53 26.67 14.94 10.71 16.64 0 16.52 16.73 26.34 9.46 29.37 47.21 16.52 15.79 5.77 24.35 40.08 11.74 28.57 13.86 19.91 14.53 13.39 18.56 15.25 13.19 15.63 22.01 22.07 29.84 5.97 11.72 12.09 
70.38 31.36 10.14 9.71 27.38 18.64 11.14 7.86 16.52 0 10.77 18.61 7.13 18.77 43.88 9.84 16.74 11.07 12.3 31.66 15.98 20.79 8.81 9.22 11.16 15.4 11.81 13.45 18.67 20.38 10.41 31.77 24.65 11.06 4.89 20.74 
68.62 28.98 8.89 10.71 29.83 16.74 9.69 5.36 16.73 10.77 0 21.19 7.34 16.4 41.28 10.83 18.97 11.02 10 29.21 14.36 23.35 6.79 6.65 9.01 13.54 12.8 4.88 16.99 18.51 7.97 33.52 22.05 10.91 5.88 22.36 
82.77 49.53 26.53 18.02 13.73 35.69 27.8 26.44 26.34 18.61 21.19 0 21.34 36.15 62.35 19.01 12.3 23.97 29.81 49.12 32.43 26.46 26.81 27.64 29.18 32.57 18.6 16.8 35.07 37.26 28.42 26.41 43.16 24.28 19.08 20.15 
75.25 28.66 5.3 7.21 26.52 14.4 6.6 8.77 9.46 7.13 7.34 21.34 0 21.91 43.89 7.09 14.85 10.43 16.08 33.95 11.1 23.66 7.06 11.8 9.03 11.37 9.15 6.32 13.74 15.93 13.76 27.35 25.05 10.04 12.01 16.1 
53.83 22.48 19.22 19.32 46.14 19.44 18.74 13.17 29.37 18.77 16.4 36.15 21.91 0 27.26 18.4 35.35 24.06 6.49 13.01 20.1 38.05 15.57 10.17 14.96 18.09 17.97 21.24 21.2 20.71 8.45 49.25 10.04 23.73 21.71 38 
50.54 19.8 39.07 44.48 70.34 32.32 37.92 36.3 47.21 43.88 41.28 62.35 43.89 27.26 0 43.47 58.73 43.97 32.94 16.57 35.48 64.43 36.92 34.72 34.86 33.97 43.76 46.01 34.23 31.95 34.01 69.26 19.23 43.55 44.99 58.71 
70.11 30.98 9.9 9.78 27.76 18.32 10.88 7.46 16.52 9.84 10.83 19.01 7.09 18.4 43.47 0 17.08 11.01 11.94 31.28 15.7 21.19 8.47 8.82 10.8 15.09 11.88 13.41 18.38 20.07 10.03 32.02 24.24 10.98 4.95 20.97 
86.75 43.02 19.89 16.24 11.72 28.37 21.15 22.9 15.79 16.74 18.97 12.3 14.85 35.35 58.73 17.08 0 15.62 28.96 48.04 24.88 14.16 21.83 25.35 23.88 25.7 18.04 14.23 27.18 29.62 26.91 16.32 39.78 16.02 13.94 7.89 
77.8 27.42 5.13 11.16 27.28 12.76 6.12 11.07 5.77 11.07 11.02 23.97 10.43 24.06 43.97 11.01 15.62 0 18.74 35.4 9.26 26.29 8.5 14.31 9.69 10.21 13.08 10.21 11.6 14.01 16.4 25.84 25.71 9.86 6.54 14.84 
59.18 24.69 14.37 12.85 39.66 17.38 14.23 7.7 24.35 12.3 10 29.81 16.08 6.49 32.94 11.94 28.96 18.74 0 19.47 16.92 31.76 10.6 4.44 10.85 15.11 11.49 14.79 18.71 18.98 13.08 43.25 14.28 18.46 15.53 32 
45.07 22.14 30.29 32.23 59.04 27.11 29.47 25.28 40.08 31.66 29.21 49.12 33.95 13.01 16.57 31.28 48.04 35.4 19.47 0 29.13 50.99 27.06 22.69 25.72 27.16 30.96 34.09 29.17 27.69 21.25 61.15 11.12 35.02 34.18 49.97 
73.37 18.18 6.03 16.38 36.54 12.77 4.87 10.53 11.74 15.98 14.36 32.43 11.1 20.1 35.48 15.7 24.88 9.26 16.92 29.13 0 34.76 7.78 13.07 6.28 9.65 17.46 16.52 12.44 4.85 14.96 33.79 18.43 8.86 13.46 23.39 
83.78 51.81 28.84 20.2 13.8 38.01 30.12 28.64 28.57 20.79 23.35 26.46 23.66 38.05 64.43 21.19 14.16 26.29 31.76 50.99 34.76 0 29.08 29.74 31.46 34.88 20.68 19.05 37.4 39.58 30.45 27.43 45.27 26.6 21.4 21.91 
69.36 22.74 12.36 9.32 33.42 9.95 11.54 12.15 13.86 8.81 6.79 26.81 7.06 15.57 36.92 8.47 21.83 8.5 10.6 27.06 7.78 29.08 0 6.21 11.61 6.76 9.98 10.06 10.3 11.72 8.32 34.09 17.99 8.16 8.14 22.91 
63.54 23.81 9.96 9.81 36.43 14.12 9.9 11.16 19.91 9.22 6.65 27.64 11.8 10.17 34.72 8.82 25.35 14.31 4.44 22.69 13.07 29.74 6.21 0 6.81 11.46 9.07 11.52 15.16 15.84 14.53 39.1 15.52 14.03 11.57 27.85 
68.75 20.36 4.57 11.67 35.54 7.88 9.62 4.35 14.53 11.16 9.01 29.18 9.03 14.96 34.86 10.8 23.88 9.69 10.85 25.72 6.28 31.46 11.61 6.81 0 4.84 12.21 12.44 8.54 9.66 8.76 35.52 16.15 9.3 10.41 24.44 
71.33 17.36 6.08 15.85 37.41 12.68 4.78 9.2 13.39 15.4 13.54 32.57 11.37 18.09 33.97 15.09 25.7 10.21 15.11 27.16 9.65 34.88 6.76 11.46 4.84 0 16.71 16.24 12.36 4.98 13.25 35.35 16.54 9.8 13.49 24.75 
68.82 32.09 11.8 11.75 28.26 19.92 12.7 8.44 18.56 11.81 12.8 18.6 9.15 17.97 43.76 11.88 18.04 13.08 11.49 30.96 17.46 20.68 9.98 9.07 12.21 16.71 0 15.47 20.12 21.69 9.87 33.42 24.58 13.05 6.92 22.5 
72.84 32.8 10.5 13.53 24.95 19.46 11.66 9.75 15.25 13.45 4.88 16.8 6.32 21.24 46.01 13.41 14.23 10.21 14.79 34.09 16.52 19.05 10.06 11.52 12.44 16.24 15.47 0 19.23 21.15 12.84 29.34 26.78 10.29 10.76 18.4 
73.83 16.15 8.74 19.08 38.77 15.48 7.58 12.88 13.19 18.67 16.99 35.07 13.74 21.2 34.23 18.38 27.18 11.6 18.71 29.17 12.44 37.4 10.3 15.16 8.54 12.36 20.12 19.23 0 17.1 16.92 35.19 18.18 11.22 16.15 25.15 
72.58 13.67 10.77 20.83 41.23 17.42 9.52 13.97 15.63 20.38 18.51 37.26 15.93 20.71 31.95 20.07 29.62 14.01 18.98 27.69 4.85 39.58 11.72 15.84 9.66 4.98 21.69 21.15 17.1 0 17.41 37.6 16.59 13.62 18.23 27.63 
61.51 24.34 12.07 10.98 37.78 15.74 11.99 5.37 22.01 10.41 7.97 28.42 13.76 8.45 34.01 10.03 26.91 16.4 13.08 21.25 14.96 30.45 8.32 14.53 8.76 13.25 9.87 12.84 16.92 17.41 0 40.98 14.98 16.12 13.32 29.73 
102.13 51.09 30.96 31.38 15.47 37 31.92 36.12 22.07 31.77 33.52 26.41 27.35 49.25 69.26 32.02 16.32 25.84 43.25 61.15 33.79 27.43 34.09 39.1 35.52 35.35 33.42 29.34 35.19 37.6 40.98 0 51.51 26.23 27.74 11.26 
56.16 13.1 20.62 25.24 51.28 16.11 19.6 17.11 29.84 24.65 22.05 43.16 25.05 10.04 19.23 24.24 39.78 25.71 14.28 11.12 18.43 45.27 17.99 15.52 16.15 16.54 24.58 26.78 18.18 16.59 14.98 51.51 0 25.3 25.91 40.54 
77.48 27.02 4.74 11.17 27.69 12.36 5.71 10.78 5.97 11.06 10.91 24.28 10.04 23.73 43.55 10.98 16.02 9.86 18.46 35.02 8.86 26.6 8.16 14.03 9.3 9.8 13.05 10.29 11.22 13.62 16.12 26.23 25.3 0 6.63 15.25 
74.46 30.56 7.47 4.83 25.38 16.63 8.73 8.96 11.72 4.89 5.88 19.08 12.01 21.71 44.99 4.95 13.94 6.54 15.53 34.18 13.46 21.4 8.14 11.57 10.41 13.49 6.92 10.76 16.15 18.23 13.32 27.74 25.91 6.63 0 16.53 
90.98 41.3 19.93 20.4 15.52 26.78 20.96 24.87 12.09 20.74 22.36 20.15 16.1 38 58.71 20.97 7.89 14.84 32 49.97 23.39 21.91 22.91 27.85 24.44 24.75 22.5 18.4 25.15 27.63 29.73 11.26 40.54 15.25 16.53 0 
0	5000
0	113
0	143
0	155
0	208
0	323
0	343
0	355
0	386
0	413
0	430
0	463
0	521
0	588
0	645
0	711
0	735
0	756
0	784
0	814
0	874
0	938
0	984
0	993
0	1002
0	1008
0	1029
0	1048
0	1069
0	1088
0	1107
0	1148
0	1200
0	1225
0	1232
0	1248
C:
0 3 3 3 3 3 3 3 3 3 3 3 3 3 3 3 3 3 3 3 3 3 3 3 3 3 3 3 3 3 3 3 3 3 3 3 3 
2 0 2 2 2 2 2 2 2 2 2 2 2 2 2 2 2 2 2 2 2 2 2 2 2 2 2 2 2 2 2 2 2 2 2 2 2 
1 1 0 1 1 1 1 1 1 1 1 1 1 1 1 1 1 1 1 1 1 1 1 1 1 1 1 1 1 1 1 1 1 1 1 1 1 
1 1 1 0 1 1 1 1 1 1 1 1 1 1 1 1 1 1 1 1 1 1 1 1 1 1 1 1 1 1 1 1 1 1 1 1 1 
3 3 3 3 0 3 3 3 3 3 3 3 3 3 3 3 3 3 3 3 3 3 3 3 3 3 3 3 3 3 3 3 3 3 3 3 3 
1 1 1 1 1 0 1 1 1 1 1 1 1 1 1 1 1 1 1 1 1 1 1 1 1 1 1 1 1 1 1 1 1 1 1 1 1 
1 1 1 1 1 1 0 1 1 1 1 1 1 1 1 1 1 1 1 1 1 1 1 1 1 1 1 1 1 1 1 1 1 1 1 1 1 
1 1 1 1 1 1 1 0 1 1 1 1 1 1 1 1 1 1 1 1 1 1 1 1 1 1 1 1 1 1 1 1 1 1 1 1 1 
1 1 1 1 1 1 1 1 0 1 1 1 1 1 1 1 1 1 1 1 1 1 1 1 1 1 1 1 1 1 1 1 1 1 1 1 1 
1 1 1 1 1 1 1 1 1 0 1 1 1 1 1 1 1 1 1 1 1 1 1 1 1 1 1 1 1 1 1 1 1 1 1 1 1 
1 1 1 1 1 1 1 1 1 1 0 1 1 1 1 1 1 1 1 1 1 1 1 1 1 1 1 1 1 1 1 1 1 1 1 1 1 
3 3 3 3 3 3 3 3 3 3 3 0 3 3 3 3 3 3 3 3 3 3 3 3 3 3 3 3 3 3 3 3 3 3 3 3 3 
1 1 1 1 1 1 1 1 1 1 1 1 0 1 1 1 1 1 1 1 1 1 1 1 1 1 1 1 1 1 1 1 1 1 1 1 1 
2 2 2 2 2 2 2 2 2 2 2 2 2 0 2 2 2 2 2 2 2 2 2 2 2 2 2 2 2 2 2 2 2 2 2 2 2 
3 3 3 3 3 3 3 3 3 3 3 3 3 3 0 3 3 3 3 3 3 3 3 3 3 3 3 3 3 3 3 3 3 3 3 3 3 
1 1 1 1 1 1 1 1 1 1 1 1 1 1 1 0 1 1 1 1 1 1 1 1 1 1 1 1 1 1 1 1 1 1 1 1 1 
2 2 2 2 2 2 2 2 2 2 2 2 2 2 2 2 0 2 2 2 2 2 2 2 2 2 2 2 2 2 2 2 2 2 2 2 2 
1 1 1 1 1 1 1 1 1 1 1 1 1 1 1 1 1 0 1 1 1 1 1 1 1 1 1 1 1 1 1 1 1 1 1 1 1 
1 1 1 1 1 1 1 1 1 1 1 1 1 1 1 1 1 1 0 1 1 1 1 1 1 1 1 1 1 1 1 1 1 1 1 1 1 
3 3 3 3 3 3 3 3 3 3 3 3 3 3 3 3 3 3 3 0 3 3 3 3 3 3 3 3 3 3 3 3 3 3 3 3 3 
1 1 1 1 1 1 1 1 1 1 1 1 1 1 1 1 1 1 1 1 0 1 1 1 1 1 1 1 1 1 1 1 1 1 1 1 1 
3 3 3 3 3 3 3 3 3 3 3 3 3 3 3 3 3 3 3 3 3 0 3 3 3 3 3 3 3 3 3 3 3 3 3 3 3 
1 1 1 1 1 1 1 1 1 1 1 1 1 1 1 1 1 1 1 1 1 1 0 1 1 1 1 1 1 1 1 1 1 1 1 1 1 
1 1 1 1 1 1 1 1 1 1 1 1 1 1 1 1 1 1 1 1 1 1 1 0 1 1 1 1 1 1 1 1 1 1 1 1 1 
1 1 1 1 1 1 1 1 1 1 1 1 1 1 1 1 1 1 1 1 1 1 1 1 0 1 1 1 1 1 1 1 1 1 1 1 1 
1 1 1 1 1 1 1 1 1 1 1 1 1 1 1 1 1 1 1 1 1 1 1 1 1 0 1 1 1 1 1 1 1 1 1 1 1 
1 1 1 1 1 1 1 1 1 1 1 1 1 1 1 1 1 1 1 1 1 1 1 1 1 1 0 1 1 1 1 1 1 1 1 1 1 
1 1 1 1 1 1 1 1 1 1 1 1 1 1 1 1 1 1 1 1 1 1 1 1 1 1 1 0 1 1 1 1 1 1 1 1 1 
1 1 1 1 1 1 1 1 1 1 1 1 1 1 1 1 1 1 1 1 1 1 1 1 1 1 1 1 0 1 1 1 1 1 1 1 1 
1 1 1 1 1 1 1 1 1 1 1 1 1 1 1 1 1 1 1 1 1 1 1 1 1 1 1 1 1 0 1 1 1 1 1 1 1 
1 1 1 1 1 1 1 1 1 1 1 1 1 1 1 1 1 1 1 1 1 1 1 1 1 1 1 1 1 1 0 1 1 1 1 1 1 
3 3 3 3 3 3 3 3 3 3 3 3 3 3 3 3 3 3 3 3 3 3 3 3 3 3 3 3 3 3 3 0 3 3 3 3 3 
2 2 2 2 2 2 2 2 2 2 2 2 2 2 2 2 2 2 2 2 2 2 2 2 2 2 2 2 2 2 2 2 0 2 2 2 2 
1 1 1 1 1 1 1 1 1 1 1 1 1 1 1 1 1 1 1 1 1 1 1 1 1 1 1 1 1 1 1 1 1 0 1 1 1 
1 1 1 1 1 1 1 1 1 1 1 1 1 1 1 1 1 1 1 1 1 1 1 1 1 1 1 1 1 1 1 1 1 1 0 1 1 
2 2 2 2 2 2 2 2 2 2 2 2 2 2 2 2 2 2 2 2 2 2 2 2 2 2 2 2 2 2 2 2 2 2 2 0 2 
3 3 3 3 3 3 3 3 3 3 3 3 3 3 3 3 3 3 3 3 3 3 3 3 3 3 3 3 3 3 3 3 3 3 3 3 0 
Time:
0	15
15	30
30	45
45	60
60	75
75	90
90	105
105	120
120	135
135	150
150	165
165	180
180	195
195	210
210	225
225	240
240	255
255	270
270	285
285	300
300	315
315	330
330	345
345	360
360	375
375	390
390	405
405	420
420	435
435	450
450	465
465	480
480	495
495	510
510	525
525	540
540	555
555	570
570	585
585	600
600	615
615	630
630	645
645	660
660	675
675	690
690	705
705	720
720	735
735	750
750	765
765	780
780	795
795	810
810	825
825	840
840	855
855	870
870	885
885	900
900	915
915	930
930	945
945	960
960	975
975	990
990	1005
1005	1020
1020	1035
1035	1050
1050	1065
1065	1080
1080	5000
Speed:
0.925	0.85	0.925	1	0.8325	0.765	0.8325	0.9	0.4625	0.425	0.4625	0.5	0.30525	0.2805	0.30525	0.33	0.37	0.34	0.37	0.4	0.555	0.51	0.555	0.6	0.6475	0.595	0.6475	0.7	0.37	0.34	0.37	0.4	0.30525	0.2805	0.30525	0.33	0.4625	0.425	0.4625	0.5	0.6475	0.595	0.6475	0.7	0.74	0.68	0.74	0.8	0.6475	0.595	0.6475	0.7	0.4625	0.425	0.4625	0.5	0.555	0.51	0.555	0.6	0.6475	0.595	0.6475	0.7	0.8325	0.765	0.8325	0.9	0.925	0.85	0.925	1	1	
0.925	0.85	0.925	1	0.8325	0.765	0.8325	0.9	0.4625	0.425	0.4625	0.5	0.30525	0.2805	0.30525	0.33	0.37	0.34	0.37	0.4	0.555	0.51	0.555	0.6	0.6475	0.595	0.6475	0.7	0.37	0.34	0.37	0.4	0.30525	0.2805	0.30525	0.33	0.4625	0.425	0.4625	0.5	0.6475	0.595	0.6475	0.7	0.74	0.68	0.74	0.8	0.6475	0.595	0.6475	0.7	0.4625	0.425	0.4625	0.5	0.555	0.51	0.555	0.6	0.6475	0.595	0.6475	0.7	0.8325	0.765	0.8325	0.9	0.925	0.85	0.925	1	1	
0.925	0.85	0.925	1	0.8325	0.765	0.8325	0.9	0.4625	0.425	0.4625	0.5	0.30525	0.2805	0.30525	0.33	0.37	0.34	0.37	0.4	0.555	0.51	0.555	0.6	0.6475	0.595	0.6475	0.7	0.37	0.34	0.37	0.4	0.30525	0.2805	0.30525	0.33	0.4625	0.425	0.4625	0.5	0.6475	0.595	0.6475	0.7	0.74	0.68	0.74	0.8	0.6475	0.595	0.6475	0.7	0.4625	0.425	0.4625	0.5	0.555	0.51	0.555	0.6	0.6475	0.595	0.6475	0.7	0.8325	0.765	0.8325	0.9	0.925	0.85	0.925	1	1	
