36
0 72.03 68.54 85.65 62.76 90.45 84.58 81.36 46.82 79.45 56.55 72.58 77.67 79.38 68.77 52.81 57.67 68.63 100.17 63.26 70.67 72.93 91.39 69.09 70.85 57.57 80.5 91.1 100.5 73.46 72.03 63.54 92.39 72.43 53.54 95.21 
72.03 0 35.4 14.92 17.39 18.85 21.98 21.94 36.79 21.35 23.13 38.88 5.84 19.36 8.75 39.55 20.54 12.72 29.16 15.7 39.63 21.89 24.64 14.28 4.49 44.31 18.74 20.06 31.04 22.77 32.54 16.2 25.64 19.43 28.2 23.82 
68.54 35.4 0 36.84 19.67 41.86 26.33 22.4 21.85 20.85 18.97 4.83 39.11 22.58 26.7 16.16 20.55 22.68 46.64 21.23 4.42 15.05 33.95 21.15 30.92 14.69 24.37 40.57 62.05 14.54 5 20.51 34.55 17.11 17.93 52.9 
85.65 14.92 36.84 0 25.13 5.39 13.14 15.81 45.86 16.66 32.03 38.74 11.3 14.58 17.13 46.31 29.91 18.57 14.57 23.95 40.24 21.85 11.33 18.98 14.86 49.27 12.88 5.45 25.44 22.3 32.51 24 12.15 20.07 36.82 16.14 
62.76 17.39 19.67 25.13 0 30.48 21.84 18.83 20.77 17.01 6.91 23.95 22.38 16.67 9.09 22.32 5.11 6.57 38.79 11.09 24.08 11.64 28.73 6.48 13.3 26.93 17.74 30.32 47.48 12.48 18.37 11.16 29.71 10.26 11.73 39.22 
90.45 18.85 41.86 5.39 30.48 0 16.93 20.17 51.23 21.3 37.37 43.5 14.07 19.35 22.29 51.68 35.22 23.92 10.45 29.27 45.1 26.96 12.6 24.36 19.62 54.54 17.58 10.84 21.14 27.36 37.39 29.34 13.07 25.3 42.18 11.8 
84.58 21.98 26.33 13.14 21.84 16.93 0 19.61 40.51 5.83 28.15 27.19 21.52 5.22 18.12 38.86 26.91 16.53 20.31 21.5 29 12.92 7.81 15.69 19.06 40.24 4.19 15.06 38.06 12.86 21.49 21.13 8.59 12.5 31.95 28.7 
81.36 21.94 22.4 15.81 18.83 20.17 19.61 0 36.78 15.95 24.82 23.47 22.54 16.32 16.6 34.91 23.79 14.24 24.27 18.72 25.21 9.05 11.8 13.11 18.42 36.25 17.87 18.53 41.15 8.92 17.62 18.27 12.54 8.96 28.37 31.8 
46.82 36.79 21.85 45.86 20.77 51.23 40.51 36.78 0 34.83 13.98 26.16 42.35 35.39 29.53 7.86 16.4 27.31 59.16 22.1 24.49 27.78 48.1 26.94 33.37 14.82 36.88 50.96 67.71 28.09 25.21 21.94 48.99 28.03 9.05 59.78 
79.45 21.35 20.85 16.66 17.01 21.3 5.83 15.95 34.83 0 22.9 22.2 22.45 11.05 15.38 33.03 21.92 12.72 25.95 16.97 23.85 7.12 13.64 11.48 17.58 34.5 10.02 19.81 42.1 7.03 16.18 16.49 14.41 7.02 26.41 32.78 
56.55 23.13 18.97 32.03 6.91 37.37 28.15 24.82 13.98 22.9 0 23.74 28.54 22.94 15.56 16.65 12.02 13.47 45.67 8.13 23.21 16.51 35.34 13.32 19.48 22.27 24.19 37.23 53.85 17.14 19.48 8.03 36.29 15.88 5.08 45.82 
72.58 38.88 4.83 38.74 23.95 43.5 27.19 23.47 26.16 22.2 23.74 0 42.16 24.18 30.31 19.82 25.23 26.25 47.28 25.44 9.25 17.53 34.45 24.63 34.39 16.84 25.93 41.98 64.15 16.83 6.43 24.7 34.92 19.85 22.74 54.88 
77.67 5.84 39.11 11.3 22.38 14.07 21.52 22.54 42.35 22.45 28.54 42.16 0 20.27 13.33 44.7 26 16.85 24.53 20.77 43.15 24.69 22.28 18.15 9.1 49.09 19.17 15.73 25.36 25.47 35.73 21.16 23.19 22.31 33.61 17.98 
79.38 19.36 22.58 14.58 16.67 19.35 5.22 16.32 35.39 11.05 22.94 24.18 20.27 0 13.92 34.06 21.72 11.71 24.59 16.42 25.75 8.15 12.72 10.69 15.75 35.9 9.41 17.99 40.02 8.3 18.04 16.01 13.6 7.37 26.76 30.72 
68.77 8.75 26.7 17.13 9.09 22.29 18.12 16.6 29.53 15.38 15.56 30.31 13.33 13.92 0 31.4 13.18 12.6 31.47 7.53 30.96 13.89 23.35 5.72 4.35 35.79 14.07 22.54 38.41 14.83 24.05 7.86 24.38 11.48 20.59 30.26 
52.81 39.55 16.16 46.31 22.32 51.68 38.86 34.91 7.86 33.03 16.65 19.82 44.7 34.06 31.4 0 19.27 28.36 58.55 23.94 17.87 25.96 46.65 27.53 35.61 7.05 35.73 51.03 69.74 26 20.43 23.54 47.44 26.89 11.89 61.28 
57.67 20.54 20.55 29.91 5.11 35.22 26.91 23.79 16.4 21.92 12.02 25.23 26 21.72 13.18 19.27 0 11.47 43.78 5.98 24.89 16 33.84 11.58 16.98 24.81 22.83 35.19 51.34 16.73 20.49 6.05 34.82 15 7.65 43.4 
68.63 12.72 22.68 18.57 6.57 23.92 16.53 14.24 27.31 12.72 13.47 26.25 16.85 11.71 12.6 28.36 11.47 0 32.31 5.51 26.92 10.03 22.78 11.02 8.24 32.32 12.33 23.76 41.43 10.98 19.99 5.46 23.79 7.71 18.26 32.93 
100.17 29.16 46.64 14.57 38.79 10.45 20.31 24.27 59.16 25.95 45.67 47.28 24.53 24.59 31.47 58.55 43.78 32.31 0 37.81 49.19 32.74 12.85 32.36 29.43 60.44 22.86 9.16 23.59 32.86 41.78 37.74 12.46 31.67 50.19 16.07 
63.26 15.7 21.23 23.95 11.09 29.27 21.5 18.72 22.1 16.97 8.13 25.44 20.77 16.42 7.53 23.94 5.98 5.51 37.81 0 25.64 12.2 28.13 5.84 11.67 28.63 17.34 29.21 45.93 13.09 19.72 10.97 29.13 10.53 13.1 37.75 
70.67 39.63 4.42 40.24 24.08 45.1 29 25.21 24.49 23.85 23.21 9.25 43.15 25.75 30.96 17.87 24.89 26.92 49.19 25.64 0 18.72 36.38 25.35 35.13 14.57 27.52 43.65 65.6 18.09 7.73 24.92 36.88 20.94 21.74 56.37 
72.93 21.89 15.05 21.85 11.64 26.96 12.92 9.05 27.78 7.12 16.51 17.53 24.69 8.15 13.89 25.96 16 10.03 32.74 12.2 18.72 0 20.7 8.35 17.49 27.8 9.88 25.85 47 14.15 11.1 11.54 21.51 14.14 19.56 37.86 
91.39 24.64 33.95 11.33 28.73 12.6 7.81 11.8 48.1 13.64 35.34 34.45 22.28 12.72 23.35 46.65 33.84 22.78 12.85 28.13 36.38 20.7 0 22.31 22.96 48.01 11.23 10.15 33.11 20.67 29.04 27.88 16.4 20.08 39.39 24 
69.09 14.28 21.15 18.98 6.48 24.36 15.69 13.11 26.94 11.48 13.32 24.63 18.15 10.69 5.72 27.53 11.58 11.02 32.36 5.84 25.35 8.35 22.31 0 9.79 31.21 11.52 24.02 42.42 9.3 18.34 5.57 23.3 6.05 17.91 33.78 
70.85 4.49 30.92 14.86 13.3 19.62 19.06 18.42 33.37 17.58 19.48 34.39 9.1 15.75 4.35 35.61 16.98 8.24 29.43 11.67 35.13 17.49 22.96 9.79 0 40.12 15.41 20.3 34.37 18.39 28.06 12.09 24 15.03 24.55 26.51 
57.57 44.31 14.69 49.27 26.93 54.54 40.24 36.25 14.82 34.5 22.27 16.84 49.09 35.9 35.79 7.05 24.81 32.32 60.44 28.63 14.57 27.8 48.01 31.21 40.12 0 37.66 53.59 73.61 27.6 19.64 28.11 48.69 29.25 18.04 64.83 
80.5 18.74 24.37 12.88 17.74 17.58 4.19 17.87 36.88 10.02 24.19 25.93 19.17 9.41 14.07 35.73 22.83 12.33 22.86 17.34 27.52 9.88 11.23 11.52 15.41 37.66 0 16.2 38.32 10.07 19.81 16.99 12.14 8.92 28.17 29 
91.1 20.06 40.57 5.45 30.32 10.84 15.06 18.53 50.96 19.81 37.23 41.98 15.73 17.99 22.54 51.03 35.19 23.76 9.16 29.21 43.65 25.85 10.15 24.02 20.3 53.59 16.2 0 23.22 26.17 35.98 29.21 10.58 24.36 41.93 13.96 
100.5 31.04 62.05 25.44 47.48 21.14 38.06 41.15 67.71 42.1 53.85 64.15 25.36 40.02 38.41 69.74 51.34 41.43 23.59 45.93 65.6 47 33.11 42.42 34.37 73.61 38.32 23.22 0 47.55 57.87 46.25 33.31 45 58.92 9.36 
73.46 22.77 14.54 22.3 12.48 27.36 12.86 8.92 28.09 7.03 17.14 16.83 25.47 8.3 14.83 26 16.73 10.98 32.86 13.09 18.09 14.15 20.67 9.3 18.39 27.6 10.07 26.17 47.55 0 10.42 12.42 21.44 14.05 20.01 38.37 
72.03 32.54 5 32.51 18.37 37.39 21.49 17.62 25.21 16.18 19.48 6.43 35.73 18.04 24.05 20.43 20.49 19.99 41.78 19.72 7.73 11.1 29.04 18.34 28.06 19.64 19.81 35.98 57.87 10.42 0 18.97 29.61 13.42 19.73 48.64 
63.54 16.2 20.51 24 11.16 29.34 21.13 18.27 21.94 16.49 8.03 24.7 21.16 16.01 7.86 23.54 6.05 5.46 37.74 10.97 24.92 11.54 27.88 5.57 12.09 28.11 16.99 29.21 46.25 12.42 18.97 0 28.87 9.94 12.91 38 
92.39 25.64 34.55 12.15 29.71 13.07 8.59 12.54 48.99 14.41 36.29 34.92 23.19 13.6 24.38 47.44 34.82 23.79 12.46 29.13 36.88 21.51 16.4 23.3 24 48.69 12.14 10.58 33.31 21.44 29.61 28.87 0 20.96 40.31 24.29 
72.43 19.43 17.11 20.07 10.26 25.3 12.5 8.96 28.03 7.02 15.88 19.85 22.31 7.37 11.48 26.89 15 7.71 31.67 10.53 20.94 14.14 20.08 6.05 15.03 29.25 8.92 24.36 45 14.05 13.42 9.94 20.96 0 19.45 35.93 
53.54 28.2 17.93 36.82 11.73 42.18 31.95 28.37 9.05 26.41 5.08 22.74 33.61 26.76 20.59 11.89 7.65 18.26 50.19 13.1 21.74 19.56 39.39 17.91 24.55 18.04 28.17 41.93 58.92 20.01 19.73 12.91 40.31 19.45 0 50.84 
95.21 23.82 52.9 16.14 39.22 11.8 28.7 31.8 59.78 32.78 45.82 54.88 17.98 30.72 30.26 61.28 43.4 32.93 16.07 37.75 56.37 37.86 24 33.78 26.51 64.83 29 13.96 9.36 38.37 48.64 38 24.29 35.93 50.84 0 
0	5000
0	121
0	165
0	258
0	330
0	389
0	416
0	447
0	537
0	628
0	667
0	703
0	760
0	792
0	813
0	877
0	914
0	934
0	985
0	1034
0	1064
0	1085
0	1107
0	1130
0	1139
0	1179
0	1217
0	1233
0	1257
0	1304
0	1315
0	1333
0	1362
0	1383
0	1403
0	1454
C:
0 3 3 3 3 3 3 3 3 3 3 3 3 3 3 3 3 3 3 3 3 3 3 3 3 3 3 3 3 3 3 3 3 3 3 3 3 
2 0 2 2 2 2 2 2 2 2 2 2 2 2 2 2 2 2 2 2 2 2 2 2 2 2 2 2 2 2 2 2 2 2 2 2 2 
2 2 0 2 2 2 2 2 2 2 2 2 2 2 2 2 2 2 2 2 2 2 2 2 2 2 2 2 2 2 2 2 2 2 2 2 2 
2 2 2 0 2 2 2 2 2 2 2 2 2 2 2 2 2 2 2 2 2 2 2 2 2 2 2 2 2 2 2 2 2 2 2 2 2 
1 1 1 1 0 1 1 1 1 1 1 1 1 1 1 1 1 1 1 1 1 1 1 1 1 1 1 1 1 1 1 1 1 1 1 1 1 
2 2 2 2 2 0 2 2 2 2 2 2 2 2 2 2 2 2 2 2 2 2 2 2 2 2 2 2 2 2 2 2 2 2 2 2 2 
1 1 1 1 1 1 0 1 1 1 1 1 1 1 1 1 1 1 1 1 1 1 1 1 1 1 1 1 1 1 1 1 1 1 1 1 1 
1 1 1 1 1 1 1 0 1 1 1 1 1 1 1 1 1 1 1 1 1 1 1 1 1 1 1 1 1 1 1 1 1 1 1 1 1 
3 3 3 3 3 3 3 3 0 3 3 3 3 3 3 3 3 3 3 3 3 3 3 3 3 3 3 3 3 3 3 3 3 3 3 3 3 
1 1 1 1 1 1 1 1 1 0 1 1 1 1 1 1 1 1 1 1 1 1 1 1 1 1 1 1 1 1 1 1 1 1 1 1 1 
1 1 1 1 1 1 1 1 1 1 0 1 1 1 1 1 1 1 1 1 1 1 1 1 1 1 1 1 1 1 1 1 1 1 1 1 1 
2 2 2 2 2 2 2 2 2 2 2 0 2 2 2 2 2 2 2 2 2 2 2 2 2 2 2 2 2 2 2 2 2 2 2 2 2 
2 2 2 2 2 2 2 2 2 2 2 2 0 2 2 2 2 2 2 2 2 2 2 2 2 2 2 2 2 2 2 2 2 2 2 2 2 
1 1 1 1 1 1 1 1 1 1 1 1 1 0 1 1 1 1 1 1 1 1 1 1 1 1 1 1 1 1 1 1 1 1 1 1 1 
1 1 1 1 1 1 1 1 1 1 1 1 1 1 0 1 1 1 1 1 1 1 1 1 1 1 1 1 1 1 1 1 1 1 1 1 1 
3 3 3 3 3 3 3 3 3 3 3 3 3 3 3 0 3 3 3 3 3 3 3 3 3 3 3 3 3 3 3 3 3 3 3 3 3 
1 1 1 1 1 1 1 1 1 1 1 1 1 1 1 1 0 1 1 1 1 1 1 1 1 1 1 1 1 1 1 1 1 1 1 1 1 
1 1 1 1 1 1 1 1 1 1 1 1 1 1 1 1 1 0 1 1 1 1 1 1 1 1 1 1 1 1 1 1 1 1 1 1 1 
3 3 3 3 3 3 3 3 3 3 3 3 3 3 3 3 3 3 0 3 3 3 3 3 3 3 3 3 3 3 3 3 3 3 3 3 3 
1 1 1 1 1 1 1 1 1 1 1 1 1 1 1 1 1 1 1 0 1 1 1 1 1 1 1 1 1 1 1 1 1 1 1 1 1 
2 2 2 2 2 2 2 2 2 2 2 2 2 2 2 2 2 2 2 2 0 2 2 2 2 2 2 2 2 2 2 2 2 2 2 2 2 
1 1 1 1 1 1 1 1 1 1 1 1 1 1 1 1 1 1 1 1 1 0 1 1 1 1 1 1 1 1 1 1 1 1 1 1 1 
2 2 2 2 2 2 2 2 2 2 2 2 2 2 2 2 2 2 2 2 2 2 0 2 2 2 2 2 2 2 2 2 2 2 2 2 2 
1 1 1 1 1 1 1 1 1 1 1 1 1 1 1 1 1 1 1 1 1 1 1 0 1 1 1 1 1 1 1 1 1 1 1 1 1 
1 1 1 1 1 1 1 1 1 1 1 1 1 1 1 1 1 1 1 1 1 1 1 1 0 1 1 1 1 1 1 1 1 1 1 1 1 
3 3 3 3 3 3 3 3 3 3 3 3 3 3 3 3 3 3 3 3 3 3 3 3 3 0 3 3 3 3 3 3 3 3 3 3 3 
1 1 1 1 1 1 1 1 1 1 1 1 1 1 1 1 1 1 1 1 1 1 1 1 1 1 0 1 1 1 1 1 1 1 1 1 1 
2 2 2 2 2 2 2 2 2 2 2 2 2 2 2 2 2 2 2 2 2 2 2 2 2 2 2 0 2 2 2 2 2 2 2 2 2 
3 3 3 3 3 3 3 3 3 3 3 3 3 3 3 3 3 3 3 3 3 3 3 3 3 3 3 3 0 3 3 3 3 3 3 3 3 
1 1 1 1 1 1 1 1 1 1 1 1 1 1 1 1 1 1 1 1 1 1 1 1 1 1 1 1 1 0 1 1 1 1 1 1 1 
2 2 2 2 2 2 2 2 2 2 2 2 2 2 2 2 2 2 2 2 2 2 2 2 2 2 2 2 2 2 0 2 2 2 2 2 2 
1 1 1 1 1 1 1 1 1 1 1 1 1 1 1 1 1 1 1 1 1 1 1 1 1 1 1 1 1 1 1 0 1 1 1 1 1 
2 2 2 2 2 2 2 2 2 2 2 2 2 2 2 2 2 2 2 2 2 2 2 2 2 2 2 2 2 2 2 2 0 2 2 2 2 
1 1 1 1 1 1 1 1 1 1 1 1 1 1 1 1 1 1 1 1 1 1 1 1 1 1 1 1 1 1 1 1 1 0 1 1 1 
2 2 2 2 2 2 2 2 2 2 2 2 2 2 2 2 2 2 2 2 2 2 2 2 2 2 2 2 2 2 2 2 2 2 0 2 2 
3 3 3 3 3 3 3 3 3 3 3 3 3 3 3 3 3 3 3 3 3 3 3 3 3 3 3 3 3 3 3 3 3 3 3 0 3 
3 3 3 3 3 3 3 3 3 3 3 3 3 3 3 3 3 3 3 3 3 3 3 3 3 3 3 3 3 3 3 3 3 3 3 3 0 
Time:
0	15
15	30
30	45
45	60
60	75
75	90
90	105
105	120
120	135
135	150
150	165
165	180
180	195
195	210
210	225
225	240
240	255
255	270
270	285
285	300
300	315
315	330
330	345
345	360
360	375
375	390
390	405
405	420
420	435
435	450
450	465
465	480
480	495
495	510
510	525
525	540
540	555
555	570
570	585
585	600
600	615
615	630
630	645
645	660
660	675
675	690
690	705
705	720
720	735
735	750
750	765
765	780
780	795
795	810
810	825
825	840
840	855
855	870
870	885
885	900
900	915
915	930
930	945
945	960
960	975
975	990
990	1005
1005	1020
1020	1035
1035	1050
1050	1065
1065	1080
1080	5000
Speed:
0.925	0.85	0.925	1	0.8325	0.765	0.8325	0.9	0.4625	0.425	0.4625	0.5	0.30525	0.2805	0.30525	0.33	0.37	0.34	0.37	0.4	0.555	0.51	0.555	0.6	0.6475	0.595	0.6475	0.7	0.37	0.34	0.37	0.4	0.30525	0.2805	0.30525	0.33	0.4625	0.425	0.4625	0.5	0.6475	0.595	0.6475	0.7	0.74	0.68	0.74	0.8	0.6475	0.595	0.6475	0.7	0.4625	0.425	0.4625	0.5	0.555	0.51	0.555	0.6	0.6475	0.595	0.6475	0.7	0.8325	0.765	0.8325	0.9	0.925	0.85	0.925	1	1	
0.925	0.85	0.925	1	0.8325	0.765	0.8325	0.9	0.4625	0.425	0.4625	0.5	0.30525	0.2805	0.30525	0.33	0.37	0.34	0.37	0.4	0.555	0.51	0.555	0.6	0.6475	0.595	0.6475	0.7	0.37	0.34	0.37	0.4	0.30525	0.2805	0.30525	0.33	0.4625	0.425	0.4625	0.5	0.6475	0.595	0.6475	0.7	0.74	0.68	0.74	0.8	0.6475	0.595	0.6475	0.7	0.4625	0.425	0.4625	0.5	0.555	0.51	0.555	0.6	0.6475	0.595	0.6475	0.7	0.8325	0.765	0.8325	0.9	0.925	0.85	0.925	1	1	
0.925	0.85	0.925	1	0.8325	0.765	0.8325	0.9	0.4625	0.425	0.4625	0.5	0.30525	0.2805	0.30525	0.33	0.37	0.34	0.37	0.4	0.555	0.51	0.555	0.6	0.6475	0.595	0.6475	0.7	0.37	0.34	0.37	0.4	0.30525	0.2805	0.30525	0.33	0.4625	0.425	0.4625	0.5	0.6475	0.595	0.6475	0.7	0.74	0.68	0.74	0.8	0.6475	0.595	0.6475	0.7	0.4625	0.425	0.4625	0.5	0.555	0.51	0.555	0.6	0.6475	0.595	0.6475	0.7	0.8325	0.765	0.8325	0.9	0.925	0.85	0.925	1	1	
