36
0 76.01 86.5 74.42 90.82 72.87 44.59 57.69 81.89 102.1 70.88 59.94 68.84 70.91 71.68 68.05 66.58 73.82 71.05 104.81 72.53 73.19 65.45 87.36 70.47 68.05 88.1 76.79 48.21 75.2 70.1 92.47 80.17 55.36 37.48 74.42 
76.01 0 36.28 15.41 15.99 12.91 33.84 30.08 6.02 36.01 26.18 19.14 40.86 21.55 10.04 11.79 31.54 12.18 15.41 41.46 12.14 13.49 11.27 11.39 15.02 13.71 35.69 7.27 27.79 10.7 14.75 25.83 5.33 21.44 42.26 7.61 
86.5 36.28 0 51.6 31.95 35.5 57.63 61.76 35.04 20.95 61.79 49.35 75.76 19.31 45.59 30.06 66.2 35.82 23.88 20.46 48.03 37.5 35.13 36.36 24.66 28.04 34.7 29.02 47.43 46.96 25.2 18.3 32.8 39.06 64.66 43.78 
74.42 15.41 51.6 0 27.99 16.25 29.84 19.67 18.71 50.32 11.27 14.85 26.18 35.44 6.54 23.92 17.46 15.82 29.31 56.06 12.48 14.18 20.2 21.58 28.72 26.25 51.07 22.63 28.78 4.77 28.3 40.62 19.88 26.75 37.5 7.83 
90.82 15.99 31.95 27.99 0 18.53 49.73 45.53 10.18 23.13 39.23 35.11 54.12 26.25 24.78 23.08 45.41 17.77 22.21 29.17 26.08 18.94 25.41 6.53 22.44 23.68 30.45 14.15 42.91 23.56 22.59 15.22 10.95 35.48 58.14 21.62 
72.87 12.91 35.5 16.25 18.53 0 31.21 28.71 9.02 37.16 26.34 17.13 40.67 19.48 10.09 8.84 31.19 14.14 13.28 42.37 12.55 15.09 7.92 14.5 12.78 10.95 35.11 7.08 24.69 11.85 12.42 26.75 7.58 18.12 39.62 8.59 
44.59 33.84 57.63 29.84 49.73 31.21 0 15.05 39.84 66.46 27.36 15.69 30.89 38.4 27.6 29.88 24.78 31.96 35.2 70.82 28.14 30.87 25.49 45.04 34.42 31.07 58.3 36.95 10.43 30.92 33.89 55.94 38.78 18.57 8.42 30.59 
57.69 30.08 61.76 19.67 45.53 28.71 15.05 0 35.4 65.87 13.2 12.41 16.87 42.85 20.77 31.74 9.73 29.01 37.89 71.05 19.9 27.41 26.66 39.65 37.11 33.72 61.9 35.69 21 22.75 36.57 55.45 35.4 25.41 20.28 23.99 
81.89 6.02 35.04 18.71 10.18 9.02 39.84 35.4 0 31.62 29.95 24.97 44.84 23.28 14.74 15.91 35.83 8.09 17.65 37.36 16.27 8.97 16.7 5.49 17.52 17.31 34.1 8.06 33.7 14.02 17.42 21.99 11.35 26.98 48.26 11.67 
102.1 36.01 20.95 50.32 23.13 37.16 66.46 65.87 31.62 0 61.56 54.11 76.46 31.19 45.96 36.6 67.36 36.87 31.85 6.12 47.77 38.5 41.06 29.57 32.56 35.65 18.69 30.28 57.52 45.64 33.04 10.56 30.82 48.94 74.52 43.12 
70.88 26.18 61.79 11.27 39.23 26.34 27.36 13.2 29.95 61.56 0 16.86 14.92 44.46 16.29 32.65 6.69 26.14 38.58 67.27 14.04 24.41 28.09 32.78 37.9 34.96 61.44 33.18 30.33 15.93 37.41 51.76 30.96 31.49 33.42 18.64 
59.94 19.14 49.35 14.85 35.11 17.13 15.69 12.41 24.97 54.11 16.86 0 27.58 30.53 11.91 19.33 18.37 17.63 25.48 59.09 12.59 16.24 14.24 29.89 24.7 21.32 49.49 23.82 14.21 15.29 24.16 43.59 24.39 14.73 23.9 14.94 
68.84 40.86 75.76 26.18 54.12 40.67 30.89 16.87 44.84 76.46 14.92 27.58 0 57.64 30.84 45.96 9.56 40.59 52.09 82.13 28.78 38.86 41.05 47.65 51.36 48.17 75.58 47.66 37.87 30.82 50.84 66.59 45.78 41.82 33.57 33.42 
70.91 21.55 19.31 35.44 26.25 19.48 38.4 42.85 23.28 31.19 44.46 30.53 57.64 0 28.97 11.8 48.12 20.17 6.2 34.17 31.56 21.57 16.59 27.18 6.73 9.51 19.9 15.29 28.34 31.28 7.15 21.91 20.52 19.84 45.67 28.03 
71.68 10.04 45.59 6.54 24.78 10.09 27.6 20.77 14.74 45.96 16.29 11.91 30.84 28.97 0 17.38 21.5 9.85 22.87 51.48 18.65 8.12 13.72 18.89 22.26 19.72 45.18 16.89 24.46 11.32 21.82 35.86 15.14 21.08 35.79 14.37 
68.05 11.79 30.06 23.92 23.08 8.84 29.88 31.74 15.91 36.6 32.65 19.33 45.96 11.8 17.38 0 36.42 9.79 6.18 40.97 19.98 10.74 5.08 21.11 5.42 10.43 30.16 8.94 21.12 20.04 4.89 26.12 13.43 12.84 37.92 16.88 
66.58 31.54 66.2 17.46 45.41 31.19 24.78 9.73 35.83 67.36 6.69 18.37 9.56 48.12 21.5 36.42 0 31.16 42.54 72.95 19.59 29.43 31.54 39.03 41.81 38.64 66.03 38.22 29.98 21.87 41.3 57.35 36.57 32.93 29.52 24.24 
73.82 12.18 35.82 15.82 17.77 14.14 31.96 29.01 8.09 36.87 26.14 17.63 40.59 20.17 9.85 9.79 31.16 0 13.98 42.16 12.22 14.55 8.97 13.54 13.51 11.84 35.36 7.07 25.62 11.3 13.18 26.51 6.85 19.15 40.37 8.05 
71.05 15.41 23.88 29.31 22.21 13.28 35.2 37.89 17.65 31.85 38.58 25.48 52.09 6.2 22.87 6.18 42.54 13.98 0 35.76 25.45 15.37 11.25 22.04 11.6 4.25 24.02 9.6 25.76 25.09 11.07 21.65 14.89 17.13 42.97 21.84 
104.81 41.46 20.46 56.06 29.17 42.37 70.82 71.05 37.36 6.12 67.27 59.09 82.13 34.17 51.48 40.97 72.95 42.16 35.76 0 53.38 43.83 45.65 35.57 36.51 39.78 18.3 35.37 61.52 51.34 37.02 15.65 36.38 52.88 78.71 48.73 
72.53 12.14 48.03 12.48 26.08 12.55 28.14 19.9 16.27 47.77 14.04 12.59 28.78 31.56 18.65 19.98 19.59 12.22 25.45 53.38 0 10.53 16.25 19.92 24.84 22.31 47.58 19.2 25.92 17.26 24.41 37.81 17.01 23.17 36.15 4.65 
73.19 13.49 37.5 14.18 18.94 15.09 30.87 27.41 8.97 38.5 24.41 16.24 38.86 21.57 8.12 10.74 29.43 14.55 15.37 43.83 10.53 0 9.08 14.29 14.86 12.92 37.07 8.8 24.99 9.75 14.5 28.18 8.16 18.97 39.29 6.49 
65.45 11.27 35.13 20.2 25.41 7.92 25.49 26.66 16.7 41.06 28.09 14.24 41.05 16.59 13.72 5.08 31.54 8.97 11.25 45.65 16.25 9.08 0 22.18 10.47 7.15 35.24 11.67 17.57 16.9 9.93 30.51 14.75 10.28 33.72 14.04 
87.36 11.39 36.36 21.58 6.53 14.5 45.04 39.65 5.49 29.57 32.78 29.89 47.65 27.18 18.89 21.11 39.03 13.54 22.04 35.57 19.92 14.29 22.18 0 22.04 22.31 35.12 12.63 39.16 17.28 22.03 21.04 7.69 32.47 53.45 15.66 
70.47 15.02 24.66 28.72 22.44 12.78 34.42 37.11 17.52 32.56 37.9 24.7 51.36 6.73 22.26 5.42 41.81 13.51 11.6 36.51 24.84 14.86 10.47 22.04 0 15.85 24.81 9.5 25.02 24.55 10.31 22.32 14.77 16.4 42.21 21.31 
68.05 13.71 28.04 26.25 23.68 10.95 31.07 33.72 17.31 35.65 34.96 21.32 48.17 9.51 19.72 10.43 38.64 11.84 4.25 39.78 22.31 12.92 7.15 22.31 15.85 0 28.25 9.78 21.87 22.33 15.32 25.28 14.7 13.33 38.95 19.15 
88.1 35.69 34.7 51.07 30.45 35.11 58.3 61.9 34.1 18.69 61.44 49.49 75.58 19.9 45.18 30.16 66.03 35.36 24.02 18.3 47.58 37.07 35.24 35.12 24.81 28.25 0 28.44 48.2 46.39 25.36 16.4 31.96 39.74 65.5 43.25 
76.79 7.27 29.02 22.63 14.15 7.08 36.95 35.69 8.06 30.28 33.18 23.82 47.66 15.29 16.89 8.94 38.22 7.07 9.6 35.37 19.2 8.8 11.67 12.63 9.5 9.78 28.44 0 29.21 17.95 9.44 19.79 5.29 21.43 45.26 14.8 
48.21 27.79 47.43 28.78 42.91 24.69 10.43 21 33.7 57.52 30.33 14.21 37.87 28.34 24.46 21.12 29.98 25.62 25.76 61.52 25.92 24.99 17.57 39.16 25.02 21.87 48.2 29.21 0 28.21 24.52 47.13 32.09 8.65 17.34 26.8 
75.2 10.7 46.96 4.77 23.56 11.85 30.92 22.75 14.02 45.64 15.93 15.29 30.82 31.28 11.32 20.04 21.87 11.3 25.09 51.34 17.26 9.75 16.9 17.28 24.55 22.33 46.39 17.95 28.21 0 24.16 35.87 15.1 24.78 38.98 12.6 
70.1 14.75 25.2 28.3 22.59 12.42 33.89 36.57 17.42 33.04 37.41 24.16 50.84 7.15 21.82 4.89 41.3 13.18 11.07 37.02 24.41 14.5 9.93 22.03 10.31 15.32 25.36 9.44 24.52 24.16 0 22.77 14.68 15.91 41.7 20.93 
92.47 25.83 18.3 40.62 15.22 26.75 55.94 55.45 21.99 10.56 51.76 43.59 66.59 21.91 35.86 26.12 57.35 26.51 21.65 15.65 37.81 28.18 30.51 21.04 22.32 25.28 16.4 19.79 47.13 35.87 22.77 0 20.81 38.6 64.03 33.16 
80.17 5.33 32.8 19.88 10.95 7.58 38.78 35.4 11.35 30.82 30.96 24.39 45.78 20.52 15.14 13.43 36.57 6.85 14.89 36.38 17.01 8.16 14.75 7.69 14.77 14.7 31.96 5.29 32.09 15.1 14.68 20.81 0 25 47.2 12.36 
55.36 21.44 39.06 26.75 35.48 18.12 18.57 25.41 26.98 48.94 31.49 14.73 41.82 19.84 21.08 12.84 32.93 19.15 17.13 52.88 23.17 18.97 10.28 32.47 16.4 13.33 39.74 21.43 8.65 24.78 15.91 38.6 25 0 25.96 22.56 
37.48 42.26 64.66 37.5 58.14 39.62 8.42 20.28 48.26 74.52 33.42 23.9 33.57 45.67 35.79 37.92 29.52 40.37 42.97 78.71 36.15 39.29 33.72 53.45 42.21 38.95 65.5 45.26 17.34 38.98 41.7 64.03 47.2 25.96 0 38.84 
74.42 7.61 43.78 7.83 21.62 8.59 30.59 23.99 11.67 43.12 18.64 14.94 33.42 28.03 14.37 16.88 24.24 8.05 21.84 48.73 4.65 6.49 14.04 15.66 21.31 19.15 43.25 14.8 26.8 12.6 20.93 33.16 12.36 22.56 38.84 0 
0	5000
0	126
0	175
0	315
0	374
0	406
0	454
0	491
0	593
0	655
0	745
0	768
0	811
0	924
0	971
0	997
0	1043
0	1077
0	1093
0	1130
0	1183
0	1194
0	1203
0	1225
0	1247
0	1263
0	1291
0	1320
0	1349
0	1377
0	1401
0	1424
0	1445
0	1470
0	1496
0	1535
C:
0 3 3 3 3 3 3 3 3 3 3 3 3 3 3 3 3 3 3 3 3 3 3 3 3 3 3 3 3 3 3 3 3 3 3 3 3 
1 0 1 1 1 1 1 1 1 1 1 1 1 1 1 1 1 1 1 1 1 1 1 1 1 1 1 1 1 1 1 1 1 1 1 1 1 
3 3 0 3 3 3 3 3 3 3 3 3 3 3 3 3 3 3 3 3 3 3 3 3 3 3 3 3 3 3 3 3 3 3 3 3 3 
2 2 2 0 2 2 2 2 2 2 2 2 2 2 2 2 2 2 2 2 2 2 2 2 2 2 2 2 2 2 2 2 2 2 2 2 2 
2 2 2 2 0 2 2 2 2 2 2 2 2 2 2 2 2 2 2 2 2 2 2 2 2 2 2 2 2 2 2 2 2 2 2 2 2 
1 1 1 1 1 0 1 1 1 1 1 1 1 1 1 1 1 1 1 1 1 1 1 1 1 1 1 1 1 1 1 1 1 1 1 1 1 
3 3 3 3 3 3 0 3 3 3 3 3 3 3 3 3 3 3 3 3 3 3 3 3 3 3 3 3 3 3 3 3 3 3 3 3 3 
3 3 3 3 3 3 3 0 3 3 3 3 3 3 3 3 3 3 3 3 3 3 3 3 3 3 3 3 3 3 3 3 3 3 3 3 3 
1 1 1 1 1 1 1 1 0 1 1 1 1 1 1 1 1 1 1 1 1 1 1 1 1 1 1 1 1 1 1 1 1 1 1 1 1 
3 3 3 3 3 3 3 3 3 0 3 3 3 3 3 3 3 3 3 3 3 3 3 3 3 3 3 3 3 3 3 3 3 3 3 3 3 
3 3 3 3 3 3 3 3 3 3 0 3 3 3 3 3 3 3 3 3 3 3 3 3 3 3 3 3 3 3 3 3 3 3 3 3 3 
2 2 2 2 2 2 2 2 2 2 2 0 2 2 2 2 2 2 2 2 2 2 2 2 2 2 2 2 2 2 2 2 2 2 2 2 2 
3 3 3 3 3 3 3 3 3 3 3 3 0 3 3 3 3 3 3 3 3 3 3 3 3 3 3 3 3 3 3 3 3 3 3 3 3 
2 2 2 2 2 2 2 2 2 2 2 2 2 0 2 2 2 2 2 2 2 2 2 2 2 2 2 2 2 2 2 2 2 2 2 2 2 
1 1 1 1 1 1 1 1 1 1 1 1 1 1 0 1 1 1 1 1 1 1 1 1 1 1 1 1 1 1 1 1 1 1 1 1 1 
1 1 1 1 1 1 1 1 1 1 1 1 1 1 1 0 1 1 1 1 1 1 1 1 1 1 1 1 1 1 1 1 1 1 1 1 1 
3 3 3 3 3 3 3 3 3 3 3 3 3 3 3 3 0 3 3 3 3 3 3 3 3 3 3 3 3 3 3 3 3 3 3 3 3 
1 1 1 1 1 1 1 1 1 1 1 1 1 1 1 1 1 0 1 1 1 1 1 1 1 1 1 1 1 1 1 1 1 1 1 1 1 
1 1 1 1 1 1 1 1 1 1 1 1 1 1 1 1 1 1 0 1 1 1 1 1 1 1 1 1 1 1 1 1 1 1 1 1 1 
3 3 3 3 3 3 3 3 3 3 3 3 3 3 3 3 3 3 3 0 3 3 3 3 3 3 3 3 3 3 3 3 3 3 3 3 3 
1 1 1 1 1 1 1 1 1 1 1 1 1 1 1 1 1 1 1 1 0 1 1 1 1 1 1 1 1 1 1 1 1 1 1 1 1 
1 1 1 1 1 1 1 1 1 1 1 1 1 1 1 1 1 1 1 1 1 0 1 1 1 1 1 1 1 1 1 1 1 1 1 1 1 
1 1 1 1 1 1 1 1 1 1 1 1 1 1 1 1 1 1 1 1 1 1 0 1 1 1 1 1 1 1 1 1 1 1 1 1 1 
2 2 2 2 2 2 2 2 2 2 2 2 2 2 2 2 2 2 2 2 2 2 2 0 2 2 2 2 2 2 2 2 2 2 2 2 2 
1 1 1 1 1 1 1 1 1 1 1 1 1 1 1 1 1 1 1 1 1 1 1 1 0 1 1 1 1 1 1 1 1 1 1 1 1 
1 1 1 1 1 1 1 1 1 1 1 1 1 1 1 1 1 1 1 1 1 1 1 1 1 0 1 1 1 1 1 1 1 1 1 1 1 
3 3 3 3 3 3 3 3 3 3 3 3 3 3 3 3 3 3 3 3 3 3 3 3 3 3 0 3 3 3 3 3 3 3 3 3 3 
1 1 1 1 1 1 1 1 1 1 1 1 1 1 1 1 1 1 1 1 1 1 1 1 1 1 1 0 1 1 1 1 1 1 1 1 1 
2 2 2 2 2 2 2 2 2 2 2 2 2 2 2 2 2 2 2 2 2 2 2 2 2 2 2 2 0 2 2 2 2 2 2 2 2 
1 1 1 1 1 1 1 1 1 1 1 1 1 1 1 1 1 1 1 1 1 1 1 1 1 1 1 1 1 0 1 1 1 1 1 1 1 
1 1 1 1 1 1 1 1 1 1 1 1 1 1 1 1 1 1 1 1 1 1 1 1 1 1 1 1 1 1 0 1 1 1 1 1 1 
3 3 3 3 3 3 3 3 3 3 3 3 3 3 3 3 3 3 3 3 3 3 3 3 3 3 3 3 3 3 3 0 3 3 3 3 3 
1 1 1 1 1 1 1 1 1 1 1 1 1 1 1 1 1 1 1 1 1 1 1 1 1 1 1 1 1 1 1 1 0 1 1 1 1 
2 2 2 2 2 2 2 2 2 2 2 2 2 2 2 2 2 2 2 2 2 2 2 2 2 2 2 2 2 2 2 2 2 0 2 2 2 
3 3 3 3 3 3 3 3 3 3 3 3 3 3 3 3 3 3 3 3 3 3 3 3 3 3 3 3 3 3 3 3 3 3 0 3 3 
1 1 1 1 1 1 1 1 1 1 1 1 1 1 1 1 1 1 1 1 1 1 1 1 1 1 1 1 1 1 1 1 1 1 1 0 1 
3 3 3 3 3 3 3 3 3 3 3 3 3 3 3 3 3 3 3 3 3 3 3 3 3 3 3 3 3 3 3 3 3 3 3 3 0 
Time:
0	15
15	30
30	45
45	60
60	75
75	90
90	105
105	120
120	135
135	150
150	165
165	180
180	195
195	210
210	225
225	240
240	255
255	270
270	285
285	300
300	315
315	330
330	345
345	360
360	375
375	390
390	405
405	420
420	435
435	450
450	465
465	480
480	495
495	510
510	525
525	540
540	555
555	570
570	585
585	600
600	615
615	630
630	645
645	660
660	675
675	690
690	705
705	720
720	735
735	750
750	765
765	780
780	795
795	810
810	825
825	840
840	855
855	870
870	885
885	900
900	915
915	930
930	945
945	960
960	975
975	990
990	1005
1005	1020
1020	1035
1035	1050
1050	1065
1065	1080
1080	5000
Speed:
0.925	0.85	0.925	1	0.8325	0.765	0.8325	0.9	0.4625	0.425	0.4625	0.5	0.30525	0.2805	0.30525	0.33	0.37	0.34	0.37	0.4	0.555	0.51	0.555	0.6	0.6475	0.595	0.6475	0.7	0.37	0.34	0.37	0.4	0.30525	0.2805	0.30525	0.33	0.4625	0.425	0.4625	0.5	0.6475	0.595	0.6475	0.7	0.74	0.68	0.74	0.8	0.6475	0.595	0.6475	0.7	0.4625	0.425	0.4625	0.5	0.555	0.51	0.555	0.6	0.6475	0.595	0.6475	0.7	0.8325	0.765	0.8325	0.9	0.925	0.85	0.925	1	1	
0.925	0.85	0.925	1	0.8325	0.765	0.8325	0.9	0.4625	0.425	0.4625	0.5	0.30525	0.2805	0.30525	0.33	0.37	0.34	0.37	0.4	0.555	0.51	0.555	0.6	0.6475	0.595	0.6475	0.7	0.37	0.34	0.37	0.4	0.30525	0.2805	0.30525	0.33	0.4625	0.425	0.4625	0.5	0.6475	0.595	0.6475	0.7	0.74	0.68	0.74	0.8	0.6475	0.595	0.6475	0.7	0.4625	0.425	0.4625	0.5	0.555	0.51	0.555	0.6	0.6475	0.595	0.6475	0.7	0.8325	0.765	0.8325	0.9	0.925	0.85	0.925	1	1	
0.925	0.85	0.925	1	0.8325	0.765	0.8325	0.9	0.4625	0.425	0.4625	0.5	0.30525	0.2805	0.30525	0.33	0.37	0.34	0.37	0.4	0.555	0.51	0.555	0.6	0.6475	0.595	0.6475	0.7	0.37	0.34	0.37	0.4	0.30525	0.2805	0.30525	0.33	0.4625	0.425	0.4625	0.5	0.6475	0.595	0.6475	0.7	0.74	0.68	0.74	0.8	0.6475	0.595	0.6475	0.7	0.4625	0.425	0.4625	0.5	0.555	0.51	0.555	0.6	0.6475	0.595	0.6475	0.7	0.8325	0.765	0.8325	0.9	0.925	0.85	0.925	1	1	
