36
0 45.34 86.6 69.66 69.46 73.42 69.7 66.44 68.87 57.33 55.25 71.14 81.37 72.61 71.71 51.32 82.95 77.26 68.13 65.92 63.54 67.93 83.9 75.06 64.47 92.3 57.65 105.95 74.56 79.66 85.24 58.5 60.07 55.64 57.26 78.4 
45.34 0 42.68 25.1 24.94 29.21 28.19 21.7 24.72 12.02 17.3 30.27 40.53 27.51 33.43 7.27 37.88 38.6 24.61 22.1 18.25 25.9 43.1 33.45 20.7 47.61 14.11 61.68 29.24 39.5 40.1 13.5 18.77 10.61 24.5 40.87 
86.6 42.68 0 17.65 17.79 28.22 17.95 28.51 17.98 32.19 44.42 17.51 12.23 16.57 20.96 35.77 9.27 18.4 18.48 31.87 27.28 19.12 12.13 13.6 22.23 7.46 29.08 19.37 19.29 14.38 9.64 29.29 38.96 32.14 50.81 20.68 
69.66 25.1 17.65 0 9.27 18.25 9.88 14.14 10.15 14.69 28.3 11.97 18.81 4.52 17.84 18.4 13.58 20.35 4.18 17.86 10.75 8.29 21.03 12.31 5.7 22.66 12.1 36.59 10.19 18.91 16 11.65 23.56 14.51 35.56 23.41 
69.46 24.94 17.79 9.27 0 18.41 9.73 14.21 9.92 14.6 28.28 11.83 18.79 4.75 17.69 18.21 13.8 20.26 12.28 17.93 10.74 8.1 21.03 12.25 5.46 22.85 11.89 36.76 10.4 18.87 16.23 11.5 23.58 14.36 35.57 23.31 
73.42 29.21 28.22 18.25 18.41 0 28.13 7.73 20 17.99 20.38 30.16 35.1 14.76 36.06 26.05 19.17 38.07 22.25 7.53 12.72 26.44 36.78 29.8 21.53 28.53 23.77 42.13 9.41 35.88 19.92 19.74 14.47 21.52 24.44 41.16 
69.7 28.19 17.95 9.88 9.73 28.13 0 23.56 8.17 20.96 35.96 13.91 12.35 13.81 7.99 20.92 18.95 11.39 6.09 27.22 19.25 10.27 14.94 5.42 8.86 24.94 14.18 37.02 19.72 11.38 21.29 16.72 32.01 18.87 43.71 14.26 
66.44 21.7 28.51 14.14 14.21 7.73 23.56 0 15.53 10.26 16.15 25.83 32.71 12.38 31.52 18.33 20.59 34.46 17.47 13.83 5.38 21.5 34.77 26.44 15.66 30.76 16.52 44.99 9.83 32.99 22.14 12.26 10.47 13.83 22.32 37.5 
68.87 24.72 17.98 10.15 9.92 20 8.17 15.53 0 14.94 29.08 10.35 17.89 6.35 16.16 17.8 14.81 18.96 10.64 19.23 11.69 6.46 20.22 11.12 4.46 23.46 11.22 37.16 12.06 17.8 17.27 11.47 24.58 14.24 36.52 21.98 
57.33 12.02 32.19 14.69 14.6 17.99 20.96 10.26 14.94 0 15.21 23.33 32.53 16.1 28.05 8.14 26.36 32.32 15.72 11.81 6.23 18.55 34.97 25.47 12.15 36.36 8.64 50.62 17.24 32.08 28.46 4.43 12.47 12.86 23.19 35.08 
55.25 17.3 44.42 28.3 28.28 20.38 35.96 16.15 29.08 15.21 0 38.34 46.98 27.92 43.24 19.98 36.74 47.35 30.34 13.48 17.57 33.57 49.29 40.1 27.1 46.9 23.6 61.11 25.96 46.78 38.26 19.64 5.96 18.47 8.07 50.18 
71.14 30.27 17.51 11.97 11.83 30.16 13.91 25.83 10.35 23.33 38.34 0 10.43 15.63 5.92 23.02 19.69 9.01 8.38 29.51 21.6 4.78 13.02 12.34 11.24 24.76 16.37 36.2 21.53 9.23 21.93 19.06 34.38 21.16 46.09 11.88 
81.37 40.53 12.23 18.81 18.79 35.1 12.35 32.71 17.89 32.53 46.98 10.43 0 20.65 10.56 33.26 19.11 6.43 16.81 36.42 29.52 14.63 14.42 7.13 20.51 19.42 26.47 27.86 25.72 13.82 20.55 28.55 42.37 30.94 54.36 8.45 
72.61 27.51 16.57 4.52 4.75 14.76 13.81 12.38 6.35 16.1 27.92 15.63 20.65 0 21.55 21.33 10.38 23.31 8.61 15.99 10.74 12.55 22.56 15.03 9.93 20.27 15.66 34.53 5.92 21.22 12.63 14.11 22.63 16.98 34.62 26.39 
71.71 33.43 20.96 17.84 17.69 36.06 7.99 31.52 16.16 28.05 43.24 5.92 10.56 21.55 0 26.37 24.83 5.57 14.06 35.15 27.05 10.05 12.76 7.94 16.36 28.41 20.26 38.29 27.44 8.4 26.91 23.65 39.64 25.36 51.13 7.45 
51.32 7.27 35.77 18.4 18.21 26.05 20.92 18.33 17.8 8.14 19.98 23.02 33.26 21.33 26.37 0 31.64 31.45 17.49 19.91 13.69 18.63 35.84 26.19 13.6 41.06 6.87 54.94 24.03 32.25 33.95 7.34 19.2 4.72 27.93 33.8 
82.95 37.88 9.27 13.58 13.8 19.17 18.95 20.59 14.81 26.36 36.74 19.69 19.11 10.38 24.83 31.64 0 24.19 16.39 23.62 20.62 18.97 19.95 16.91 19.21 10.22 25.63 24.54 10.84 20.73 18.91 24.47 31.01 27.35 42.55 27 
77.26 38.6 18.4 20.35 20.26 38.07 11.39 34.46 18.96 32.32 47.35 9.01 6.43 23.31 5.57 31.45 24.19 0 17.22 38.17 30.49 13.78 7.99 8.28 20.25 25.73 25.05 34.08 28.95 12.36 25.94 28.02 43.32 30 55.08 13.02 
68.13 24.61 18.48 4.18 12.28 22.25 6.09 17.47 10.64 15.72 30.34 8.38 16.81 8.61 14.06 17.49 16.39 17.22 0 21.13 13.27 4.18 19.26 9.79 9.88 24.45 10.67 37.82 14.37 16.45 18.85 11.84 26.11 14.41 37.94 20.19 
65.92 22.1 31.87 17.86 17.93 7.53 27.22 13.83 19.23 11.81 13.48 29.51 36.42 15.99 35.15 19.91 23.62 38.17 21.13 0 8.45 25.11 38.46 30.17 19.13 33.66 19.21 47.76 12.78 36.72 24.96 14.75 7.55 15.77 18.97 41.21 
63.54 18.25 27.28 10.75 10.74 12.72 19.25 5.38 11.69 6.23 17.57 21.6 29.52 10.74 27.05 13.69 20.62 30.49 13.27 8.45 0 17.02 31.78 22.81 10.79 30.78 11.16 45.1 11.04 29.49 22.6 7.03 12.89 9 24.84 33.45 
67.93 25.9 19.12 8.29 8.1 26.44 10.27 21.5 6.46 18.55 33.57 4.78 14.63 12.55 10.05 18.63 18.97 13.78 4.18 25.11 17.02 0 17.21 7.56 6.47 25.82 11.84 38.4 18.41 13.77 21.38 14.29 29.7 16.46 41.35 16.61 
83.9 43.1 12.13 21.03 21.03 36.78 14.94 34.77 20.22 34.97 49.29 13.02 14.42 22.56 12.76 35.84 19.95 7.99 19.26 38.46 31.78 17.21 0 9.68 23 18.89 29.04 26.11 27.37 4.36 21.13 31.04 44.57 33.47 56.59 9.27 
75.06 33.45 13.6 12.31 12.25 29.8 5.42 26.44 11.12 25.47 40.1 12.34 7.13 15.03 7.94 26.19 16.91 8.28 9.79 30.17 22.81 7.56 9.68 0 13.39 20.95 19.37 32.12 20.68 6.69 18.97 21.44 35.71 23.81 47.62 11.36 
64.47 20.7 22.23 5.7 5.46 21.53 8.86 15.66 4.46 12.15 27.1 11.24 20.51 9.93 16.36 13.6 19.21 20.25 9.88 19.13 10.79 6.47 23 13.39 0 27.9 6.85 41.51 14.95 19.95 21.65 8.05 23.28 10.53 34.88 23.09 
92.3 47.61 7.46 22.66 22.85 28.53 24.94 30.76 23.46 36.36 46.9 24.76 19.42 20.27 28.41 41.06 10.22 25.73 24.45 33.66 30.78 25.82 18.89 20.95 27.9 0 34.66 14.33 20.94 21.67 8.71 34.12 41.12 37.01 52.49 27.85 
57.65 14.11 29.08 12.1 11.89 23.77 14.18 16.52 11.22 8.64 23.6 16.37 26.47 15.66 20.26 6.87 25.63 25.05 10.67 19.21 11.16 11.84 29.04 19.37 6.85 34.66 0 48.35 19.48 25.56 28.03 4.53 21.1 5.18 31.65 27.58 
105.95 61.68 19.37 36.59 36.76 42.13 37.02 44.99 37.16 50.62 61.11 36.2 27.86 34.53 38.29 54.94 24.54 34.08 37.82 47.76 45.1 38.4 26.11 32.12 41.51 14.33 48.35 0 35.16 30.17 22.85 48.19 55.27 51.07 66.42 35.16 
74.56 29.24 19.29 10.19 10.4 9.41 19.72 9.83 12.06 17.24 25.96 21.53 25.72 5.92 27.44 24.03 10.84 28.95 14.37 12.78 11.04 18.41 27.37 20.68 14.95 20.94 19.48 35.16 0 26.56 12.31 16.74 20.18 19.36 31.74 32.02 
79.66 39.5 14.38 18.91 18.87 35.88 11.38 32.99 17.8 32.08 46.78 9.23 13.82 21.22 8.4 32.25 20.73 12.36 16.45 36.72 29.49 13.77 4.36 6.69 19.95 21.67 25.56 30.17 26.56 0 22.32 27.96 42.38 30.22 54.31 6.37 
85.24 40.1 9.64 16 16.23 19.92 21.29 22.14 17.27 28.46 38.26 21.93 20.55 12.63 26.91 33.95 18.91 25.94 18.85 24.96 22.6 21.38 21.13 18.97 21.65 8.71 28.03 22.85 12.31 22.32 0 26.74 32.45 29.61 43.79 28.66 
58.5 13.5 29.29 11.65 11.5 19.74 16.72 12.26 11.47 4.43 19.64 19.06 28.55 14.11 23.65 7.34 24.47 28.02 11.84 14.75 7.03 14.29 31.04 21.44 8.05 34.12 4.53 48.19 16.74 27.96 26.74 0 16.71 9.71 27.62 30.74 
60.07 18.77 38.96 23.56 23.58 14.47 32.01 10.47 24.58 12.47 5.96 34.38 42.37 22.63 39.64 19.2 31.01 43.32 26.11 7.55 12.89 29.7 44.57 35.71 23.28 41.12 21.1 55.27 20.18 42.38 32.45 16.71 0 16.39 12.03 46.26 
55.64 10.61 32.14 14.51 14.36 21.52 18.87 13.83 14.24 12.86 18.47 21.16 30.94 16.98 25.36 4.72 27.35 30 14.41 15.77 9 16.46 33.47 23.81 10.53 37.01 5.18 51.07 19.36 30.22 29.61 9.71 16.39 0 26.53 32.61 
57.26 24.5 50.81 35.56 35.57 24.44 43.71 22.32 36.52 23.19 8.07 46.09 54.36 34.62 51.13 27.93 42.55 55.08 37.94 18.97 24.84 41.35 56.59 47.62 34.88 52.49 31.65 66.42 31.74 54.31 43.79 27.62 12.03 26.53 0 57.96 
78.4 40.87 20.68 23.41 23.31 41.16 14.26 37.5 21.98 35.08 50.18 11.88 8.45 26.39 7.45 33.8 27 13.02 20.19 41.21 33.45 16.61 9.27 11.36 23.09 27.85 27.58 35.16 32.02 6.37 28.66 30.74 46.26 32.61 57.96 0 
0	5000
0	90
0	141
0	161
0	182
0	221
0	308
0	361
0	390
0	414
0	438
0	524
0	559
0	611
0	652
0	693
0	738
0	771
0	798
0	833
0	853
0	887
0	919
0	936
0	957
0	1000
0	1043
0	1097
0	1133
0	1160
0	1182
0	1209
0	1225
0	1242
0	1268
0	1326
C:
0 3 3 3 3 3 3 3 3 3 3 3 3 3 3 3 3 3 3 3 3 3 3 3 3 3 3 3 3 3 3 3 3 3 3 3 3 
3 0 3 3 3 3 3 3 3 3 3 3 3 3 3 3 3 3 3 3 3 3 3 3 3 3 3 3 3 3 3 3 3 3 3 3 3 
2 2 0 2 2 2 2 2 2 2 2 2 2 2 2 2 2 2 2 2 2 2 2 2 2 2 2 2 2 2 2 2 2 2 2 2 2 
1 1 1 0 1 1 1 1 1 1 1 1 1 1 1 1 1 1 1 1 1 1 1 1 1 1 1 1 1 1 1 1 1 1 1 1 1 
1 1 1 1 0 1 1 1 1 1 1 1 1 1 1 1 1 1 1 1 1 1 1 1 1 1 1 1 1 1 1 1 1 1 1 1 1 
2 2 2 2 2 0 2 2 2 2 2 2 2 2 2 2 2 2 2 2 2 2 2 2 2 2 2 2 2 2 2 2 2 2 2 2 2 
1 1 1 1 1 1 0 1 1 1 1 1 1 1 1 1 1 1 1 1 1 1 1 1 1 1 1 1 1 1 1 1 1 1 1 1 1 
1 1 1 1 1 1 1 0 1 1 1 1 1 1 1 1 1 1 1 1 1 1 1 1 1 1 1 1 1 1 1 1 1 1 1 1 1 
1 1 1 1 1 1 1 1 0 1 1 1 1 1 1 1 1 1 1 1 1 1 1 1 1 1 1 1 1 1 1 1 1 1 1 1 1 
2 2 2 2 2 2 2 2 2 0 2 2 2 2 2 2 2 2 2 2 2 2 2 2 2 2 2 2 2 2 2 2 2 2 2 2 2 
3 3 3 3 3 3 3 3 3 3 0 3 3 3 3 3 3 3 3 3 3 3 3 3 3 3 3 3 3 3 3 3 3 3 3 3 3 
1 1 1 1 1 1 1 1 1 1 1 0 1 1 1 1 1 1 1 1 1 1 1 1 1 1 1 1 1 1 1 1 1 1 1 1 1 
2 2 2 2 2 2 2 2 2 2 2 2 0 2 2 2 2 2 2 2 2 2 2 2 2 2 2 2 2 2 2 2 2 2 2 2 2 
1 1 1 1 1 1 1 1 1 1 1 1 1 0 1 1 1 1 1 1 1 1 1 1 1 1 1 1 1 1 1 1 1 1 1 1 1 
2 2 2 2 2 2 2 2 2 2 2 2 2 2 0 2 2 2 2 2 2 2 2 2 2 2 2 2 2 2 2 2 2 2 2 2 2 
2 2 2 2 2 2 2 2 2 2 2 2 2 2 2 0 2 2 2 2 2 2 2 2 2 2 2 2 2 2 2 2 2 2 2 2 2 
1 1 1 1 1 1 1 1 1 1 1 1 1 1 1 1 0 1 1 1 1 1 1 1 1 1 1 1 1 1 1 1 1 1 1 1 1 
2 2 2 2 2 2 2 2 2 2 2 2 2 2 2 2 2 0 2 2 2 2 2 2 2 2 2 2 2 2 2 2 2 2 2 2 2 
1 1 1 1 1 1 1 1 1 1 1 1 1 1 1 1 1 1 0 1 1 1 1 1 1 1 1 1 1 1 1 1 1 1 1 1 1 
2 2 2 2 2 2 2 2 2 2 2 2 2 2 2 2 2 2 2 0 2 2 2 2 2 2 2 2 2 2 2 2 2 2 2 2 2 
1 1 1 1 1 1 1 1 1 1 1 1 1 1 1 1 1 1 1 1 0 1 1 1 1 1 1 1 1 1 1 1 1 1 1 1 1 
1 1 1 1 1 1 1 1 1 1 1 1 1 1 1 1 1 1 1 1 1 0 1 1 1 1 1 1 1 1 1 1 1 1 1 1 1 
2 2 2 2 2 2 2 2 2 2 2 2 2 2 2 2 2 2 2 2 2 2 0 2 2 2 2 2 2 2 2 2 2 2 2 2 2 
1 1 1 1 1 1 1 1 1 1 1 1 1 1 1 1 1 1 1 1 1 1 1 0 1 1 1 1 1 1 1 1 1 1 1 1 1 
1 1 1 1 1 1 1 1 1 1 1 1 1 1 1 1 1 1 1 1 1 1 1 1 0 1 1 1 1 1 1 1 1 1 1 1 1 
2 2 2 2 2 2 2 2 2 2 2 2 2 2 2 2 2 2 2 2 2 2 2 2 2 0 2 2 2 2 2 2 2 2 2 2 2 
1 1 1 1 1 1 1 1 1 1 1 1 1 1 1 1 1 1 1 1 1 1 1 1 1 1 0 1 1 1 1 1 1 1 1 1 1 
3 3 3 3 3 3 3 3 3 3 3 3 3 3 3 3 3 3 3 3 3 3 3 3 3 3 3 0 3 3 3 3 3 3 3 3 3 
1 1 1 1 1 1 1 1 1 1 1 1 1 1 1 1 1 1 1 1 1 1 1 1 1 1 1 1 0 1 1 1 1 1 1 1 1 
2 2 2 2 2 2 2 2 2 2 2 2 2 2 2 2 2 2 2 2 2 2 2 2 2 2 2 2 2 0 2 2 2 2 2 2 2 
1 1 1 1 1 1 1 1 1 1 1 1 1 1 1 1 1 1 1 1 1 1 1 1 1 1 1 1 1 1 0 1 1 1 1 1 1 
1 1 1 1 1 1 1 1 1 1 1 1 1 1 1 1 1 1 1 1 1 1 1 1 1 1 1 1 1 1 1 0 1 1 1 1 1 
2 2 2 2 2 2 2 2 2 2 2 2 2 2 2 2 2 2 2 2 2 2 2 2 2 2 2 2 2 2 2 2 0 2 2 2 2 
2 2 2 2 2 2 2 2 2 2 2 2 2 2 2 2 2 2 2 2 2 2 2 2 2 2 2 2 2 2 2 2 2 0 2 2 2 
3 3 3 3 3 3 3 3 3 3 3 3 3 3 3 3 3 3 3 3 3 3 3 3 3 3 3 3 3 3 3 3 3 3 0 3 3 
2 2 2 2 2 2 2 2 2 2 2 2 2 2 2 2 2 2 2 2 2 2 2 2 2 2 2 2 2 2 2 2 2 2 2 0 2 
3 3 3 3 3 3 3 3 3 3 3 3 3 3 3 3 3 3 3 3 3 3 3 3 3 3 3 3 3 3 3 3 3 3 3 3 0 
Time:
0	15
15	30
30	45
45	60
60	75
75	90
90	105
105	120
120	135
135	150
150	165
165	180
180	195
195	210
210	225
225	240
240	255
255	270
270	285
285	300
300	315
315	330
330	345
345	360
360	375
375	390
390	405
405	420
420	435
435	450
450	465
465	480
480	495
495	510
510	525
525	540
540	555
555	570
570	585
585	600
600	615
615	630
630	645
645	660
660	675
675	690
690	705
705	720
720	735
735	750
750	765
765	780
780	795
795	810
810	825
825	840
840	855
855	870
870	885
885	900
900	915
915	930
930	945
945	960
960	975
975	990
990	1005
1005	1020
1020	1035
1035	1050
1050	1065
1065	1080
1080	5000
Speed:
0.925	0.85	0.925	1	0.8325	0.765	0.8325	0.9	0.4625	0.425	0.4625	0.5	0.30525	0.2805	0.30525	0.33	0.37	0.34	0.37	0.4	0.555	0.51	0.555	0.6	0.6475	0.595	0.6475	0.7	0.37	0.34	0.37	0.4	0.30525	0.2805	0.30525	0.33	0.4625	0.425	0.4625	0.5	0.6475	0.595	0.6475	0.7	0.74	0.68	0.74	0.8	0.6475	0.595	0.6475	0.7	0.4625	0.425	0.4625	0.5	0.555	0.51	0.555	0.6	0.6475	0.595	0.6475	0.7	0.8325	0.765	0.8325	0.9	0.925	0.85	0.925	1	1	
0.925	0.85	0.925	1	0.8325	0.765	0.8325	0.9	0.4625	0.425	0.4625	0.5	0.30525	0.2805	0.30525	0.33	0.37	0.34	0.37	0.4	0.555	0.51	0.555	0.6	0.6475	0.595	0.6475	0.7	0.37	0.34	0.37	0.4	0.30525	0.2805	0.30525	0.33	0.4625	0.425	0.4625	0.5	0.6475	0.595	0.6475	0.7	0.74	0.68	0.74	0.8	0.6475	0.595	0.6475	0.7	0.4625	0.425	0.4625	0.5	0.555	0.51	0.555	0.6	0.6475	0.595	0.6475	0.7	0.8325	0.765	0.8325	0.9	0.925	0.85	0.925	1	1	
0.925	0.85	0.925	1	0.8325	0.765	0.8325	0.9	0.4625	0.425	0.4625	0.5	0.30525	0.2805	0.30525	0.33	0.37	0.34	0.37	0.4	0.555	0.51	0.555	0.6	0.6475	0.595	0.6475	0.7	0.37	0.34	0.37	0.4	0.30525	0.2805	0.30525	0.33	0.4625	0.425	0.4625	0.5	0.6475	0.595	0.6475	0.7	0.74	0.68	0.74	0.8	0.6475	0.595	0.6475	0.7	0.4625	0.425	0.4625	0.5	0.555	0.51	0.555	0.6	0.6475	0.595	0.6475	0.7	0.8325	0.765	0.8325	0.9	0.925	0.85	0.925	1	1	
