36
0 72.33 73.74 98.31 68.58 71.36 56.19 83.76 98.26 56.58 74.48 73.23 61.17 99.64 73.03 48.03 104.67 91.87 74.18 69.36 68.19 84.53 82.68 40.72 62.61 68.32 73.08 72.57 53.63 61.02 89.41 78.87 71.09 73.11 96.54 66.69 
72.33 0 24.96 48.5 33.8 46.84 19.43 36.7 58.2 33.2 24.13 10.31 33.23 49.18 27.93 29 75.15 40.2 29.38 23.26 34.96 33.68 33.17 35.75 11.89 37.41 31.19 8.49 24.07 26.75 37.12 48.89 44.65 19.27 47.79 32.94 
73.74 24.96 0 27.6 11.12 23.31 37.07 13.18 34.46 18.77 9.63 14.8 15.38 28.67 10.1 26.08 50.47 19.63 4.46 4.51 12.4 11.83 10.38 33.07 19.77 14.68 6.59 16.52 21.04 12.81 16.67 24.11 21.1 27.28 26.3 11.45 
98.31 48.5 27.6 0 29.75 30.6 64.02 14.97 13.53 41.79 27.55 38.71 37.16 17.6 26.78 52.52 31.99 8.37 25.26 31.93 30.14 15.87 17.22 58.72 46.84 30.22 25.71 40.57 48.11 38.5 11.51 24.13 29.71 50.44 15.98 31.66 
68.58 33.8 11.12 29.75 0 13.04 41.62 15.35 32.03 12.06 12.4 24.45 7.41 31.06 8.06 23.87 45.03 23.59 7.93 10.67 12.52 17 15.08 29.31 25.45 14.41 5.7 25.88 20.73 10.58 21.52 16.26 10.86 36.16 27.99 12.66 
71.36 46.84 23.31 30.6 13.04 0 53.49 20.53 27.06 19.6 24.51 37.4 16.1 31.98 20.03 32.73 35.34 27.65 19.15 23.67 11.9 24.04 22.47 36.08 38.11 9.47 16.79 38.88 31.29 22.1 26.95 7.55 15.46 49.2 28.68 14.05 
56.19 19.43 37.07 64.02 41.62 53.49 0 50.22 71.45 34.99 36.8 26.19 37.49 64.92 39.01 24.06 86.44 55.69 40.68 33.42 42.4 48.24 47.15 27.46 17.3 44.49 41.59 24.54 22.71 31.44 52.55 57.88 51.59 19.12 62.94 40 
83.76 36.7 13.18 14.97 15.35 20.53 50.22 0 21.58 27.19 13.43 26.42 22.65 16.19 11.89 37.56 38.66 8.25 10.33 17.25 15.99 11.52 13.32 43.84 32.92 16.69 10.79 28.28 33.18 23.54 6.58 17.05 18.85 38.89 13.44 17.14 
98.26 58.2 34.46 13.53 32.03 27.06 71.45 21.58 0 43.5 34.88 47.96 38.94 14.09 32.47 55.9 18.61 19.48 30.8 38.06 31.87 24.57 25.04 60.95 54.2 30.89 30.16 49.83 52.54 42.35 22.03 19.51 27.17 60.35 12.78 34.02 
56.58 33.2 18.77 41.79 12.06 19.6 34.99 27.19 43.5 0 19.84 26.4 4.67 43.1 17.13 13.14 54.68 35.34 18 15.28 11.85 28.22 26.32 17.46 22.11 12.62 16.6 27.14 12.28 7.09 33.01 25.7 18.14 35.4 40.05 10.12 
74.48 24.13 9.63 27.55 12.4 24.51 36.8 13.43 34.88 19.84 0 13.89 16.55 28.58 4.49 26.69 51.15 19.45 5.51 5.12 13.67 11.69 10.4 33.78 19.51 15.94 7.74 15.65 21.52 13.7 16.43 25.12 22.3 26.43 26.31 12.71 
73.23 10.31 14.8 38.71 24.45 37.4 26.19 26.42 47.96 26.4 13.89 0 25.29 39.48 17.89 26.32 64.84 30.35 19.26 13.79 25.68 23.52 22.92 33.77 10.95 28.13 21.21 18.8 20.63 19.38 27.23 38.88 35.19 12.57 37.88 23.89 
61.17 33.23 15.38 37.16 7.41 16.1 37.49 22.65 38.94 4.67 16.55 25.29 0 38.47 13.24 17.22 50.65 30.84 13.88 12.63 7.19 23.9 21.99 22.07 23.01 8.14 12.24 26.31 15.2 6.6 28.61 21.58 14.38 35.52 35.41 5.52 
99.64 49.18 28.67 17.6 31.06 31.98 64.92 16.19 14.09 43.1 28.58 39.48 38.47 0 27.94 53.74 32.37 9.23 26.45 33.04 31.47 16.89 18.31 59.99 47.78 31.57 26.96 41.32 49.28 39.72 12.37 25.47 31.09 51.08 16.85 32.97 
73.03 27.93 10.1 26.78 8.06 20.03 39.01 11.89 32.47 17.13 4.49 17.89 13.24 27.94 0 25.94 47.9 19.24 10 5.59 9.32 11.59 9.83 32.58 21.84 11.51 12.23 19.56 21.34 12.07 16.52 21 17.82 30.27 25.31 8.68 
48.03 29 26.08 52.52 23.87 32.73 24.06 37.56 55.9 13.14 26.69 26.32 17.22 53.74 25.94 0 67.79 45.18 27.34 21.59 24.06 37.5 35.77 7.52 17.23 25.35 26.84 26.13 5.75 14.03 42.43 38.75 31.28 30.7 50.94 21.88 
104.67 75.15 50.47 31.99 45.03 35.34 86.44 38.66 18.61 54.68 51.15 64.84 50.65 32.37 47.9 67.79 0 37.96 46.29 53.34 44.44 42.18 42.26 71.41 69.6 42.68 45.01 66.67 65.58 55.58 40.31 29.08 36.56 77.39 31.38 46.83 
91.87 40.2 19.63 8.37 23.59 27.65 55.69 8.25 19.48 35.34 19.45 30.35 30.84 9.23 19.24 45.18 37.96 0 17.87 24.07 24.23 7.8 9.43 51.72 38.56 24.87 18.79 32.21 40.49 31.25 12.74 22.67 26.23 42.18 7.62 25.35 
74.18 29.38 4.46 25.26 7.93 19.15 40.68 10.33 30.8 18 5.51 19.26 13.88 26.45 10 27.34 46.29 17.87 0 7.26 9.11 10.35 8.51 33.86 23.5 11.1 11.05 20.96 22.86 13.38 15.25 19.65 16.95 31.7 23.77 8.92 
69.36 23.26 4.51 31.93 10.67 23.67 33.42 17.25 38.06 15.28 5.12 13.79 12.63 33.04 5.59 21.59 53.34 24.07 7.26 0 11.89 16.27 14.73 28.66 16.29 14.35 8.34 15.22 16.53 8.73 21.15 25.81 21.46 25.63 30.56 10.17 
68.19 34.96 12.4 30.14 12.52 11.9 42.4 15.99 31.87 11.85 13.67 25.68 7.19 31.47 9.32 24.06 44.44 24.23 9.11 11.89 0 17.87 15.96 29.24 26.41 15.33 6.82 27.08 21.19 11.14 22.28 15.52 9.74 37.32 28.35 12.7 
84.53 33.68 11.83 15.87 17 24.04 48.24 11.52 24.57 28.22 11.69 23.52 23.9 16.89 11.59 37.5 42.18 7.8 10.35 16.27 17.87 0 11.68 44.16 31 19.02 11.66 25.4 32.72 23.66 4.94 21.04 22.21 35.8 14.71 18.54 
82.68 33.17 10.38 17.22 15.08 22.47 47.15 13.32 25.04 26.32 10.4 22.92 21.99 18.31 9.83 35.77 42.26 9.43 8.51 14.73 15.96 11.68 0 42.37 29.87 17.15 9.74 24.79 31.08 21.87 6.74 19.91 20.59 35.34 15.93 16.62 
40.72 35.75 33.07 58.72 29.31 36.08 27.46 43.84 60.95 17.46 33.78 33.77 22.07 59.99 32.58 7.52 71.41 51.72 33.86 28.66 29.24 44.16 42.37 0 24.25 30.06 33.05 33.51 13.26 20.51 49.09 42.8 34.98 37.27 57.06 27.31 
62.61 11.89 19.77 46.84 25.45 38.11 17.3 32.92 54.2 22.11 19.51 10.95 23.01 47.78 21.84 17.23 69.6 38.56 23.5 16.29 26.41 31 29.87 24.25 0 28.72 24.59 10.02 12.19 16.42 35.43 41.57 36.04 13.8 45.71 24.11 
68.32 37.41 14.68 30.22 14.41 9.47 44.49 16.69 30.89 12.62 15.94 28.13 8.14 31.57 11.51 25.35 42.68 24.87 11.1 14.35 15.33 19.02 17.15 30.06 28.72 0 8.71 29.55 22.9 13.09 23.17 13.63 7.34 39.77 28.38 4.61 
73.08 31.19 6.59 25.71 5.7 16.79 41.59 10.79 30.16 16.6 7.74 21.21 12.24 26.96 12.23 26.84 45.01 18.79 11.05 8.34 6.82 11.66 9.74 33.05 24.59 8.71 0 22.85 22.72 12.82 16.41 17.71 14.58 33.53 24.11 6.96 
72.57 8.49 16.52 40.57 25.88 38.88 24.54 28.28 49.83 27.14 15.65 18.8 26.31 41.32 19.56 26.13 66.67 32.21 20.96 15.22 27.08 25.4 24.79 33.51 10.02 29.55 22.85 0 20.53 20.21 29.09 40.55 36.67 10.78 39.74 25.22 
53.63 24.07 21.04 48.11 20.73 31.29 22.71 33.18 52.54 12.28 21.52 20.63 15.2 49.28 21.34 5.75 65.58 40.49 22.86 16.53 21.19 32.72 31.08 13.26 12.19 22.9 22.72 20.53 0 10.2 37.63 36.53 29.57 25.95 46.62 18.83 
61.02 26.75 12.81 38.5 10.58 22.1 31.44 23.54 42.35 7.09 13.7 19.38 6.6 39.72 12.07 14.03 55.58 31.25 13.38 8.73 11.14 23.66 21.87 20.51 16.42 13.09 12.82 20.21 10.2 0 28.59 26.64 20.16 29.02 36.91 8.75 
89.41 37.12 16.67 11.51 21.52 26.95 52.55 6.58 22.03 33.01 16.43 27.23 28.61 12.37 16.52 42.43 40.31 12.74 15.25 21.15 22.28 4.94 6.74 49.09 35.43 23.17 16.41 29.09 37.63 28.59 0 22.73 25.35 39.12 10.67 23.18 
78.87 48.89 24.11 24.13 16.26 7.55 57.88 17.05 19.51 25.7 25.12 38.88 21.58 25.47 21 38.75 29.08 22.67 19.65 25.81 15.52 21.04 19.91 42.8 41.57 13.63 17.71 40.55 36.53 26.64 22.73 0 7.92 51.24 22.23 17.92 
71.09 44.65 21.1 29.71 10.86 15.46 51.59 18.85 27.17 18.14 22.3 35.19 14.38 31.09 17.82 31.28 36.56 26.23 16.95 21.46 9.74 22.21 20.59 34.98 36.04 7.34 14.58 36.67 29.57 20.16 25.35 7.92 0 47.02 27.78 11.94 
73.11 19.27 27.28 50.44 36.16 49.2 19.12 38.89 60.35 35.4 26.43 12.57 35.52 51.08 30.27 30.7 77.39 42.18 31.7 25.63 37.32 35.8 35.34 37.27 13.8 39.77 33.53 10.78 25.95 29.02 39.12 51.24 47.02 0 49.78 35.29 
96.54 47.79 26.3 15.98 27.99 28.68 62.94 13.44 12.78 40.05 26.31 37.88 35.41 16.85 25.31 50.94 31.38 7.62 23.77 30.56 28.35 14.71 15.93 57.06 45.71 28.38 24.11 39.74 46.62 36.91 10.67 22.23 27.78 49.78 0 29.93 
66.69 32.94 11.45 31.66 12.66 14.05 40 17.14 34.02 10.12 12.71 23.89 5.52 32.97 8.68 21.88 46.83 25.35 8.92 10.17 12.7 18.54 16.62 27.31 24.11 4.61 6.96 25.22 18.83 8.75 23.18 17.92 11.94 35.29 29.93 0 
0	5000
0	121
0	151
0	204
0	289
0	325
0	423
0	531
0	595
0	676
0	705
0	724
0	758
0	817
0	876
0	925
0	1025
0	1069
0	1089
0	1097
0	1110
0	1127
0	1139
0	1181
0	1206
0	1234
0	1243
0	1266
0	1287
0	1297
0	1325
0	1348
0	1356
0	1403
0	1453
0	1483
C:
0 3 3 3 3 3 3 3 3 3 3 3 3 3 3 3 3 3 3 3 3 3 3 3 3 3 3 3 3 3 3 3 3 3 3 3 3 
3 0 3 3 3 3 3 3 3 3 3 3 3 3 3 3 3 3 3 3 3 3 3 3 3 3 3 3 3 3 3 3 3 3 3 3 3 
1 1 0 1 1 1 1 1 1 1 1 1 1 1 1 1 1 1 1 1 1 1 1 1 1 1 1 1 1 1 1 1 1 1 1 1 1 
3 3 3 0 3 3 3 3 3 3 3 3 3 3 3 3 3 3 3 3 3 3 3 3 3 3 3 3 3 3 3 3 3 3 3 3 3 
1 1 1 1 0 1 1 1 1 1 1 1 1 1 1 1 1 1 1 1 1 1 1 1 1 1 1 1 1 1 1 1 1 1 1 1 1 
2 2 2 2 2 0 2 2 2 2 2 2 2 2 2 2 2 2 2 2 2 2 2 2 2 2 2 2 2 2 2 2 2 2 2 2 2 
3 3 3 3 3 3 0 3 3 3 3 3 3 3 3 3 3 3 3 3 3 3 3 3 3 3 3 3 3 3 3 3 3 3 3 3 3 
1 1 1 1 1 1 1 0 1 1 1 1 1 1 1 1 1 1 1 1 1 1 1 1 1 1 1 1 1 1 1 1 1 1 1 1 1 
3 3 3 3 3 3 3 3 0 3 3 3 3 3 3 3 3 3 3 3 3 3 3 3 3 3 3 3 3 3 3 3 3 3 3 3 3 
1 1 1 1 1 1 1 1 1 0 1 1 1 1 1 1 1 1 1 1 1 1 1 1 1 1 1 1 1 1 1 1 1 1 1 1 1 
1 1 1 1 1 1 1 1 1 1 0 1 1 1 1 1 1 1 1 1 1 1 1 1 1 1 1 1 1 1 1 1 1 1 1 1 1 
2 2 2 2 2 2 2 2 2 2 2 0 2 2 2 2 2 2 2 2 2 2 2 2 2 2 2 2 2 2 2 2 2 2 2 2 2 
1 1 1 1 1 1 1 1 1 1 1 1 0 1 1 1 1 1 1 1 1 1 1 1 1 1 1 1 1 1 1 1 1 1 1 1 1 
3 3 3 3 3 3 3 3 3 3 3 3 3 0 3 3 3 3 3 3 3 3 3 3 3 3 3 3 3 3 3 3 3 3 3 3 3 
1 1 1 1 1 1 1 1 1 1 1 1 1 1 0 1 1 1 1 1 1 1 1 1 1 1 1 1 1 1 1 1 1 1 1 1 1 
2 2 2 2 2 2 2 2 2 2 2 2 2 2 2 0 2 2 2 2 2 2 2 2 2 2 2 2 2 2 2 2 2 2 2 2 2 
3 3 3 3 3 3 3 3 3 3 3 3 3 3 3 3 0 3 3 3 3 3 3 3 3 3 3 3 3 3 3 3 3 3 3 3 3 
2 2 2 2 2 2 2 2 2 2 2 2 2 2 2 2 2 0 2 2 2 2 2 2 2 2 2 2 2 2 2 2 2 2 2 2 2 
1 1 1 1 1 1 1 1 1 1 1 1 1 1 1 1 1 1 0 1 1 1 1 1 1 1 1 1 1 1 1 1 1 1 1 1 1 
1 1 1 1 1 1 1 1 1 1 1 1 1 1 1 1 1 1 1 0 1 1 1 1 1 1 1 1 1 1 1 1 1 1 1 1 1 
1 1 1 1 1 1 1 1 1 1 1 1 1 1 1 1 1 1 1 1 0 1 1 1 1 1 1 1 1 1 1 1 1 1 1 1 1 
1 1 1 1 1 1 1 1 1 1 1 1 1 1 1 1 1 1 1 1 1 0 1 1 1 1 1 1 1 1 1 1 1 1 1 1 1 
1 1 1 1 1 1 1 1 1 1 1 1 1 1 1 1 1 1 1 1 1 1 0 1 1 1 1 1 1 1 1 1 1 1 1 1 1 
3 3 3 3 3 3 3 3 3 3 3 3 3 3 3 3 3 3 3 3 3 3 3 0 3 3 3 3 3 3 3 3 3 3 3 3 3 
2 2 2 2 2 2 2 2 2 2 2 2 2 2 2 2 2 2 2 2 2 2 2 2 0 2 2 2 2 2 2 2 2 2 2 2 2 
1 1 1 1 1 1 1 1 1 1 1 1 1 1 1 1 1 1 1 1 1 1 1 1 1 0 1 1 1 1 1 1 1 1 1 1 1 
1 1 1 1 1 1 1 1 1 1 1 1 1 1 1 1 1 1 1 1 1 1 1 1 1 1 0 1 1 1 1 1 1 1 1 1 1 
2 2 2 2 2 2 2 2 2 2 2 2 2 2 2 2 2 2 2 2 2 2 2 2 2 2 2 0 2 2 2 2 2 2 2 2 2 
2 2 2 2 2 2 2 2 2 2 2 2 2 2 2 2 2 2 2 2 2 2 2 2 2 2 2 2 0 2 2 2 2 2 2 2 2 
1 1 1 1 1 1 1 1 1 1 1 1 1 1 1 1 1 1 1 1 1 1 1 1 1 1 1 1 1 0 1 1 1 1 1 1 1 
2 2 2 2 2 2 2 2 2 2 2 2 2 2 2 2 2 2 2 2 2 2 2 2 2 2 2 2 2 2 0 2 2 2 2 2 2 
2 2 2 2 2 2 2 2 2 2 2 2 2 2 2 2 2 2 2 2 2 2 2 2 2 2 2 2 2 2 2 0 2 2 2 2 2 
1 1 1 1 1 1 1 1 1 1 1 1 1 1 1 1 1 1 1 1 1 1 1 1 1 1 1 1 1 1 1 1 0 1 1 1 1 
3 3 3 3 3 3 3 3 3 3 3 3 3 3 3 3 3 3 3 3 3 3 3 3 3 3 3 3 3 3 3 3 3 0 3 3 3 
3 3 3 3 3 3 3 3 3 3 3 3 3 3 3 3 3 3 3 3 3 3 3 3 3 3 3 3 3 3 3 3 3 3 0 3 3 
1 1 1 1 1 1 1 1 1 1 1 1 1 1 1 1 1 1 1 1 1 1 1 1 1 1 1 1 1 1 1 1 1 1 1 0 1 
3 3 3 3 3 3 3 3 3 3 3 3 3 3 3 3 3 3 3 3 3 3 3 3 3 3 3 3 3 3 3 3 3 3 3 3 0 
Time:
0	15
15	30
30	45
45	60
60	75
75	90
90	105
105	120
120	135
135	150
150	165
165	180
180	195
195	210
210	225
225	240
240	255
255	270
270	285
285	300
300	315
315	330
330	345
345	360
360	375
375	390
390	405
405	420
420	435
435	450
450	465
465	480
480	495
495	510
510	525
525	540
540	555
555	570
570	585
585	600
600	615
615	630
630	645
645	660
660	675
675	690
690	705
705	720
720	735
735	750
750	765
765	780
780	795
795	810
810	825
825	840
840	855
855	870
870	885
885	900
900	915
915	930
930	945
945	960
960	975
975	990
990	1005
1005	1020
1020	1035
1035	1050
1050	1065
1065	1080
1080	5000
Speed:
0.925	0.85	0.925	1	0.8325	0.765	0.8325	0.9	0.4625	0.425	0.4625	0.5	0.30525	0.2805	0.30525	0.33	0.37	0.34	0.37	0.4	0.555	0.51	0.555	0.6	0.6475	0.595	0.6475	0.7	0.37	0.34	0.37	0.4	0.30525	0.2805	0.30525	0.33	0.4625	0.425	0.4625	0.5	0.6475	0.595	0.6475	0.7	0.74	0.68	0.74	0.8	0.6475	0.595	0.6475	0.7	0.4625	0.425	0.4625	0.5	0.555	0.51	0.555	0.6	0.6475	0.595	0.6475	0.7	0.8325	0.765	0.8325	0.9	0.925	0.85	0.925	1	1	
0.925	0.85	0.925	1	0.8325	0.765	0.8325	0.9	0.4625	0.425	0.4625	0.5	0.30525	0.2805	0.30525	0.33	0.37	0.34	0.37	0.4	0.555	0.51	0.555	0.6	0.6475	0.595	0.6475	0.7	0.37	0.34	0.37	0.4	0.30525	0.2805	0.30525	0.33	0.4625	0.425	0.4625	0.5	0.6475	0.595	0.6475	0.7	0.74	0.68	0.74	0.8	0.6475	0.595	0.6475	0.7	0.4625	0.425	0.4625	0.5	0.555	0.51	0.555	0.6	0.6475	0.595	0.6475	0.7	0.8325	0.765	0.8325	0.9	0.925	0.85	0.925	1	1	
0.925	0.85	0.925	1	0.8325	0.765	0.8325	0.9	0.4625	0.425	0.4625	0.5	0.30525	0.2805	0.30525	0.33	0.37	0.34	0.37	0.4	0.555	0.51	0.555	0.6	0.6475	0.595	0.6475	0.7	0.37	0.34	0.37	0.4	0.30525	0.2805	0.30525	0.33	0.4625	0.425	0.4625	0.5	0.6475	0.595	0.6475	0.7	0.74	0.68	0.74	0.8	0.6475	0.595	0.6475	0.7	0.4625	0.425	0.4625	0.5	0.555	0.51	0.555	0.6	0.6475	0.595	0.6475	0.7	0.8325	0.765	0.8325	0.9	0.925	0.85	0.925	1	1	
