41
0 69.51 78.81 61.34 70.2 58.82 75.27 72.26 70.55 69.95 86.2 72.55 80.68 78.63 77.79 58.01 74.83 69.39 71.67 72.73 62.35 66.68 60.38 75.03 72.62 84.86 67.37 77.36 57.9 81.5 71.08 69.4 63.64 71.96 80.34 80.41 72.07 83.51 55.68 59.55 60.71 
69.51 0 10.21 14.63 5.45 13.02 7.7 10.78 6.03 13.05 16.79 8.29 11.76 12.68 8.37 14.49 7.38 11.04 14.46 7.36 7.51 5.38 14.96 7.47 11.22 15.52 11.1 7.84 12.28 12.28 5.81 12.28 17.1 5.86 11.66 15 6.18 17.55 14.84 10.77 9.1 
78.81 10.21 0 24.28 8.74 23.21 10.45 16.72 8.51 20.16 9.93 13.99 9.57 4.9 5.88 24.65 10.61 18.53 20.75 6.67 17.66 15.11 24.76 10.46 16.95 6.45 12.91 4.56 22.42 7.87 12.82 9.47 25.99 12.09 9.26 6.64 12.3 8.15 25 20.95 19.2 
61.34 14.63 24.28 0 19.38 4.89 15.98 11.23 20.01 8.61 27.53 12.34 25.43 27.29 20.17 4.35 15.58 8.24 10.39 21.79 9.43 9.28 9.07 15.79 11.51 28.19 11.96 20.58 8.12 22.8 12 16.89 4.18 12.91 21.03 29.62 12.86 32.07 8.11 7.61 9.19 
70.2 5.45 8.74 19.38 0 16.85 11.89 16.09 11.48 18.5 17.82 13.46 10.69 8.98 10.3 18.4 11.7 16.49 19.87 12.81 10.78 10.49 19.56 11.72 16.51 15.11 7.59 9.07 15.19 14.15 11.12 12.61 22.25 10.99 14.34 11.18 11.31 14.12 17.76 14.01 12.02 
58.82 13.02 23.21 4.89 16.85 0 16.73 13.6 17.46 12.03 28.17 13.74 24.65 25.45 20.13 9.24 16.29 10.92 14.03 19.5 6.09 8.44 4.28 16.5 13.99 28.01 10.3 20.17 10.86 23.37 12.49 14.63 9.07 13.41 21.9 27.76 13.47 30.47 11.01 11.49 5.18 
75.27 7.7 10.45 15.98 11.89 16.73 0 6.39 12.27 9.99 11.58 13.46 10.8 14.97 4.83 17.83 9.91 8.68 10.34 12.37 13.15 8.59 16.7 9.73 6.56 12.51 8.54 5.91 17.38 6.82 4.24 10.03 16.6 11.57 5.18 17.01 11.27 18.54 19.61 15.72 14.75 
72.26 10.78 16.72 11.23 16.09 13.6 6.39 0 16.62 12.65 17.02 14.42 17.18 21.01 11.22 14.26 6.16 10.8 13.75 17.38 12.47 7.87 12.12 6.33 10.14 18.72 9.81 12.23 15.37 12.61 4.98 13.67 10.76 5.18 10.57 23.15 4.88 24.85 17.02 13.84 13.71 
70.55 6.03 8.51 20.01 11.48 17.46 12.27 16.62 0 19.07 17.78 13.96 10.47 8.47 10.45 19.01 12.1 17.07 20.42 13.39 11.39 11.12 20.19 12.1 17.03 14.93 8.22 9.16 15.77 14.24 11.65 13.24 22.87 11.49 14.52 10.64 11.81 13.61 18.34 14.61 12.61 
69.95 13.05 20.16 8.61 18.5 12.03 9.99 12.65 19.07 0 20.64 6.18 20.73 24.26 14.81 12.33 9.73 10.97 13.03 20.13 12.63 8.83 9.57 9.91 13.08 22.39 11.42 15.74 14.43 16.28 7.67 15.95 7.29 8.19 14.23 26.46 7.94 28.31 15.59 13.11 13.53 
86.2 16.79 9.93 27.53 17.82 28.17 11.58 17.02 17.78 20.64 0 15.22 8.2 13.97 8.43 29.35 12 19.82 20.24 16.33 23.86 19.81 28.27 11.78 16.96 4.75 18.83 9.08 28.44 4.81 15.75 17.54 27.75 14.82 6.52 14.62 14.81 14.04 30.83 26.81 25.51 
72.55 8.29 13.99 12.34 13.46 13.74 13.46 14.42 13.96 6.18 15.22 0 14.55 18.21 8.65 14.67 13.14 4.78 6.85 14.63 11.36 6.54 13.13 13.34 14.91 16.41 7.8 9.56 14.96 10.58 10.61 11.13 12.71 11.23 8.71 20.37 11.02 22.14 16.93 13.33 12.79 
80.68 11.76 9.57 25.43 10.69 24.65 10.8 17.18 10.47 20.73 8.2 14.55 0 5.93 5.99 26.06 11.03 19.23 21.14 8.63 19.26 16.4 25.96 10.85 17.36 4.48 14.4 5.02 24.03 6.91 13.69 11.29 26.89 12.89 8.62 7.15 13.06 7.9 26.6 22.53 20.83 
78.63 12.68 4.9 27.29 8.98 25.45 14.97 21.01 8.47 24.26 13.97 18.21 5.93 0 10.67 26.97 15.06 22.48 25.06 6.22 19.5 18.01 27.63 14.94 21.29 9.6 15.39 9.25 24.08 12.69 16.66 10.84 29.5 16.06 14.15 11.54 16.31 5.14 26.67 22.8 20.86 
77.79 8.37 5.88 20.17 10.3 20.13 4.83 11.22 10.45 14.81 8.43 8.65 5.99 10.67 0 21.41 5.08 13.4 15.15 9.7 15.49 11.69 20.8 4.9 11.38 8.02 10.44 10.44 20.13 11.65 8.18 9.44 21.21 7.29 10 12.52 7.4 13.81 22.58 18.52 17.13 
58.01 14.49 24.65 4.35 18.4 9.24 17.83 14.26 19.01 12.33 29.35 14.67 26.06 26.97 21.41 0 17.4 11.44 14.27 21.04 7.64 9.74 11.9 17.61 14.63 29.34 11.75 21.51 4.43 24.54 13.61 16.16 8.41 14.54 23.01 29.28 14.58 31.97 12.46 4.69 6.7 
74.83 7.38 10.61 15.58 11.7 16.29 9.91 6.16 12.1 9.73 12 13.14 11.03 15.06 5.08 17.4 0 8.36 10.15 12.28 12.73 8.16 16.29 9.98 6.35 12.85 8.14 6.09 16.94 7.23 11.13 9.78 16.25 11.34 5.61 17.13 11.04 18.72 19.17 15.29 14.32 
69.39 11.04 18.53 8.24 16.49 10.92 8.68 10.8 17.07 10.97 19.82 4.78 19.23 22.48 13.4 11.44 8.36 0 11.63 18.18 10.81 6.81 9.14 8.56 11.24 21.19 9.37 14.22 13.02 15.28 5.83 13.93 7.96 6.45 13.32 24.71 6.24 26.67 14.43 11.59 11.81 
71.67 14.46 20.75 10.39 19.87 14.03 10.34 13.75 20.42 13.03 20.24 6.85 21.14 25.06 15.15 14.27 10.15 11.63 0 21.32 14.61 10.62 11.37 10.31 14.12 22.4 13.06 16.24 16.47 16.13 8.81 17.37 8.46 9.15 14.01 27.2 8.87 28.87 17.6 15.15 15.55 
72.73 7.36 6.67 21.79 12.81 19.5 12.37 17.38 13.39 20.13 16.33 14.63 8.63 6.22 9.7 21.04 12.28 18.18 21.32 0 13.46 12.69 22.03 12.24 17.76 13.11 9.85 8.27 17.94 13.21 12.52 4.92 24.44 12.2 13.81 8.42 12.5 11.36 20.51 16.72 14.75 
62.35 7.51 17.66 9.43 10.78 6.09 13.15 12.47 11.39 12.63 23.86 11.36 19.26 19.5 15.49 7.64 12.73 10.81 14.61 13.46 0 4.82 9.33 12.91 12.95 22.99 5.05 15.21 4.77 19.15 9.23 8.66 13.12 9.99 18.07 21.79 10.18 24.57 7.34 11.95 11.11 
66.68 5.38 15.11 9.28 10.49 8.44 8.59 7.87 11.12 8.83 19.81 6.54 16.4 18.01 11.69 9.74 8.16 6.81 10.62 12.69 4.82 0 9.68 8.35 8.36 19.59 9.77 11.77 8.79 15.01 4.48 7.91 11.77 5.31 13.68 20.34 5.46 22.79 11.06 7.13 6.3 
60.38 14.96 24.76 9.07 19.56 4.28 16.7 12.12 20.19 9.57 28.27 13.13 25.96 27.63 20.8 11.9 16.29 9.14 11.37 22.03 9.33 9.68 0 16.51 12.41 28.82 12.26 21.15 7.55 23.53 12.66 17.11 4.89 13.58 21.79 29.96 13.54 32.47 7.31 7.21 8.93 
75.03 7.47 10.46 15.79 11.72 16.5 9.73 6.33 12.1 9.91 11.78 13.34 10.85 14.94 4.9 17.61 9.98 8.56 10.31 12.24 12.91 8.35 16.51 0 6.51 12.65 8.29 5.93 17.14 7.02 11.3 9.83 16.46 11.51 5.4 17 11.21 18.56 19.37 15.48 14.5 
72.62 11.22 16.95 11.51 16.51 13.99 6.56 10.14 17.03 13.08 16.96 14.91 17.36 21.29 11.38 14.63 6.35 11.24 14.12 17.76 12.95 8.36 12.41 6.51 0 18.78 10.29 12.44 15.82 12.62 5.41 14.11 10.87 5.57 10.55 23.41 5.26 25.07 17.44 14.3 14.19 
84.86 15.52 6.45 28.19 15.11 28.01 12.51 18.72 14.93 22.39 4.75 16.41 4.48 9.6 8.02 29.34 12.85 21.19 22.4 13.11 22.99 19.59 28.82 12.65 18.78 0 17.98 7.84 27.73 6.37 16.19 15.48 29.1 15.3 8.52 9.98 15.38 9.3 30.25 26.16 24.6 
67.37 11.1 12.91 11.96 7.59 10.3 8.54 9.81 8.22 11.42 18.83 7.8 14.4 15.39 10.44 11.75 8.14 9.37 13.06 9.85 5.05 9.77 12.26 8.29 10.29 17.98 0 10.17 9.76 14.15 5.29 5.02 14.65 5.77 13.19 17.72 6.04 20.3 12.28 8.19 6.69 
77.36 7.84 4.56 20.58 9.07 20.17 5.91 12.23 9.16 15.74 9.08 9.56 5.02 9.25 10.44 21.51 6.09 14.22 16.24 8.27 15.21 11.77 21.15 5.93 12.44 7.84 10.17 0 19.93 5.08 8.71 8.48 21.89 7.89 5.56 11.17 8.05 12.63 22.43 18.35 16.84 
57.9 12.28 22.42 8.12 15.19 10.86 17.38 15.37 15.77 14.43 28.44 14.96 24.03 24.08 20.13 4.43 16.94 13.02 16.47 17.94 4.77 8.79 7.55 17.14 15.82 27.73 9.76 19.93 0 23.68 13.23 13.28 12.3 14.09 22.45 26.34 14.22 29.19 12.11 9.12 11.13 
81.5 12.28 7.87 22.8 14.15 23.37 6.82 12.61 14.24 16.28 4.81 10.58 6.91 12.69 11.65 24.54 7.23 15.28 16.13 13.21 19.15 15.01 23.53 7.02 12.62 6.37 14.15 5.08 23.68 0 10.96 13.42 23.24 10.02 10.64 14.06 10.02 14.51 26.05 22.04 20.79 
71.08 5.81 12.82 12 11.12 12.49 4.24 4.98 11.65 7.67 15.75 10.61 13.69 16.66 8.18 13.61 11.13 5.83 8.81 12.52 9.23 4.48 12.66 11.3 5.41 16.19 5.29 8.71 13.23 10.96 0 8.7 13.2 9.8 9.42 18.9 9.86 20.92 15.4 11.57 10.76 
69.4 12.28 9.47 16.89 12.61 14.63 10.03 13.67 13.24 15.95 17.54 11.13 11.29 10.84 9.44 16.16 9.78 13.93 17.37 4.92 8.66 7.91 17.11 9.83 14.11 15.48 5.02 8.48 13.28 13.42 8.7 0 19.67 8.67 13.23 13.14 8.99 15.93 15.87 11.96 10.05 
63.64 17.1 25.99 4.18 22.25 9.07 16.6 10.76 22.87 7.29 27.75 12.71 26.89 29.5 21.21 8.41 16.25 7.96 8.46 24.44 13.12 11.77 4.89 16.46 10.87 29.1 14.65 21.89 12.3 23.24 13.2 19.67 0 14 21.27 31.8 13.85 34.02 12.2 11.7 13.13 
71.96 5.86 12.09 12.91 10.99 13.41 11.57 5.18 11.49 8.19 14.82 11.23 12.89 16.06 7.29 14.54 11.34 6.45 9.15 12.2 9.99 5.31 13.58 11.51 5.57 15.3 5.77 7.89 14.09 10.02 9.8 8.67 14 0 8.49 18.28 10.06 20.22 16.29 12.43 11.55 
80.34 11.66 9.26 21.03 14.34 21.9 5.18 10.57 14.52 14.23 6.52 8.71 8.62 14.15 10 23.01 5.61 13.32 14.01 13.81 18.07 13.68 21.79 5.4 10.55 8.52 13.19 5.56 22.45 10.64 9.42 13.23 21.27 8.49 0 15.71 8.44 16.41 24.74 20.8 19.7 
80.41 15 6.64 29.62 11.18 27.76 17.01 23.15 10.64 26.46 14.62 20.37 7.15 11.54 12.52 29.28 17.13 24.71 27.2 8.42 21.79 20.34 29.96 17 23.41 9.98 17.72 11.17 26.34 14.06 18.9 13.14 31.8 18.28 15.71 0 18.52 14.79 28.92 25.08 23.13 
72.07 6.18 12.3 12.86 11.31 13.47 11.27 4.88 11.81 7.94 14.81 11.02 13.06 16.31 7.4 14.58 11.04 6.24 8.87 12.5 10.18 5.46 13.54 11.21 5.26 15.38 6.04 8.05 14.22 10.02 9.86 8.99 13.85 10.06 8.44 18.52 0 20.43 16.4 12.57 11.73 
83.51 17.55 8.15 32.07 14.12 30.47 18.54 24.85 13.61 28.31 14.04 22.14 7.9 5.14 13.81 31.97 18.72 26.67 28.87 11.36 24.57 22.79 32.47 18.56 25.07 9.3 20.3 12.63 29.19 14.51 20.92 15.93 34.02 20.22 16.41 14.79 20.43 0 31.78 27.89 25.96 
55.68 14.84 25 8.11 17.76 11.01 19.61 17.02 18.34 15.59 30.83 16.93 26.6 26.67 22.58 12.46 19.17 14.43 17.6 20.51 7.34 11.06 7.31 19.37 17.44 30.25 12.28 22.43 12.11 26.05 15.4 15.87 12.2 16.29 24.74 28.92 16.4 31.78 0 14.52 5.83 
59.55 10.77 20.95 7.61 14.01 11.49 15.72 13.84 14.61 13.11 26.81 13.33 22.53 22.8 18.52 4.69 15.29 11.59 15.15 16.72 11.95 7.13 7.21 15.48 14.3 26.16 8.19 18.35 9.12 22.04 11.57 11.96 11.7 12.43 20.8 25.08 12.57 27.89 14.52 0 11.39 
60.71 9.1 19.2 9.19 12.02 5.18 14.75 13.71 12.61 13.53 25.51 12.79 20.83 20.86 17.13 6.7 14.32 11.81 15.55 14.75 11.11 6.3 8.93 14.5 14.19 24.6 6.69 16.84 11.13 20.79 10.76 10.05 13.13 11.55 19.7 23.13 11.73 25.96 5.83 11.39 0 
0	5000
0	117
0	131
0	159
0	200
0	244
0	295
0	314
0	352
0	387
0	420
0	445
0	470
0	487
0	515
0	583
0	622
0	639
0	657
0	691
0	709
0	716
0	730
0	752
0	760
0	790
0	817
0	838
0	881
0	924
0	943
0	956
0	987
0	1006
0	1017
0	1037
0	1058
0	1080
0	1115
0	1129
0	1141
C:
0 3 3 3 3 3 3 3 3 3 3 3 3 3 3 3 3 3 3 3 3 3 3 3 3 3 3 3 3 3 3 3 3 3 3 3 3 3 3 3 3 3 
1 0 1 1 1 1 1 1 1 1 1 1 1 1 1 1 1 1 1 1 1 1 1 1 1 1 1 1 1 1 1 1 1 1 1 1 1 1 1 1 1 1 
1 1 0 1 1 1 1 1 1 1 1 1 1 1 1 1 1 1 1 1 1 1 1 1 1 1 1 1 1 1 1 1 1 1 1 1 1 1 1 1 1 1 
1 1 1 0 1 1 1 1 1 1 1 1 1 1 1 1 1 1 1 1 1 1 1 1 1 1 1 1 1 1 1 1 1 1 1 1 1 1 1 1 1 1 
1 1 1 1 0 1 1 1 1 1 1 1 1 1 1 1 1 1 1 1 1 1 1 1 1 1 1 1 1 1 1 1 1 1 1 1 1 1 1 1 1 1 
1 1 1 1 1 0 1 1 1 1 1 1 1 1 1 1 1 1 1 1 1 1 1 1 1 1 1 1 1 1 1 1 1 1 1 1 1 1 1 1 1 1 
1 1 1 1 1 1 0 1 1 1 1 1 1 1 1 1 1 1 1 1 1 1 1 1 1 1 1 1 1 1 1 1 1 1 1 1 1 1 1 1 1 1 
1 1 1 1 1 1 1 0 1 1 1 1 1 1 1 1 1 1 1 1 1 1 1 1 1 1 1 1 1 1 1 1 1 1 1 1 1 1 1 1 1 1 
1 1 1 1 1 1 1 1 0 1 1 1 1 1 1 1 1 1 1 1 1 1 1 1 1 1 1 1 1 1 1 1 1 1 1 1 1 1 1 1 1 1 
1 1 1 1 1 1 1 1 1 0 1 1 1 1 1 1 1 1 1 1 1 1 1 1 1 1 1 1 1 1 1 1 1 1 1 1 1 1 1 1 1 1 
2 2 2 2 2 2 2 2 2 2 0 2 2 2 2 2 2 2 2 2 2 2 2 2 2 2 2 2 2 2 2 2 2 2 2 2 2 2 2 2 2 2 
1 1 1 1 1 1 1 1 1 1 1 0 1 1 1 1 1 1 1 1 1 1 1 1 1 1 1 1 1 1 1 1 1 1 1 1 1 1 1 1 1 1 
1 1 1 1 1 1 1 1 1 1 1 1 0 1 1 1 1 1 1 1 1 1 1 1 1 1 1 1 1 1 1 1 1 1 1 1 1 1 1 1 1 1 
1 1 1 1 1 1 1 1 1 1 1 1 1 0 1 1 1 1 1 1 1 1 1 1 1 1 1 1 1 1 1 1 1 1 1 1 1 1 1 1 1 1 
1 1 1 1 1 1 1 1 1 1 1 1 1 1 0 1 1 1 1 1 1 1 1 1 1 1 1 1 1 1 1 1 1 1 1 1 1 1 1 1 1 1 
1 1 1 1 1 1 1 1 1 1 1 1 1 1 1 0 1 1 1 1 1 1 1 1 1 1 1 1 1 1 1 1 1 1 1 1 1 1 1 1 1 1 
1 1 1 1 1 1 1 1 1 1 1 1 1 1 1 1 0 1 1 1 1 1 1 1 1 1 1 1 1 1 1 1 1 1 1 1 1 1 1 1 1 1 
1 1 1 1 1 1 1 1 1 1 1 1 1 1 1 1 1 0 1 1 1 1 1 1 1 1 1 1 1 1 1 1 1 1 1 1 1 1 1 1 1 1 
1 1 1 1 1 1 1 1 1 1 1 1 1 1 1 1 1 1 0 1 1 1 1 1 1 1 1 1 1 1 1 1 1 1 1 1 1 1 1 1 1 1 
1 1 1 1 1 1 1 1 1 1 1 1 1 1 1 1 1 1 1 0 1 1 1 1 1 1 1 1 1 1 1 1 1 1 1 1 1 1 1 1 1 1 
1 1 1 1 1 1 1 1 1 1 1 1 1 1 1 1 1 1 1 1 0 1 1 1 1 1 1 1 1 1 1 1 1 1 1 1 1 1 1 1 1 1 
1 1 1 1 1 1 1 1 1 1 1 1 1 1 1 1 1 1 1 1 1 0 1 1 1 1 1 1 1 1 1 1 1 1 1 1 1 1 1 1 1 1 
1 1 1 1 1 1 1 1 1 1 1 1 1 1 1 1 1 1 1 1 1 1 0 1 1 1 1 1 1 1 1 1 1 1 1 1 1 1 1 1 1 1 
1 1 1 1 1 1 1 1 1 1 1 1 1 1 1 1 1 1 1 1 1 1 1 0 1 1 1 1 1 1 1 1 1 1 1 1 1 1 1 1 1 1 
1 1 1 1 1 1 1 1 1 1 1 1 1 1 1 1 1 1 1 1 1 1 1 1 0 1 1 1 1 1 1 1 1 1 1 1 1 1 1 1 1 1 
2 2 2 2 2 2 2 2 2 2 2 2 2 2 2 2 2 2 2 2 2 2 2 2 2 0 2 2 2 2 2 2 2 2 2 2 2 2 2 2 2 2 
1 1 1 1 1 1 1 1 1 1 1 1 1 1 1 1 1 1 1 1 1 1 1 1 1 1 0 1 1 1 1 1 1 1 1 1 1 1 1 1 1 1 
1 1 1 1 1 1 1 1 1 1 1 1 1 1 1 1 1 1 1 1 1 1 1 1 1 1 1 0 1 1 1 1 1 1 1 1 1 1 1 1 1 1 
1 1 1 1 1 1 1 1 1 1 1 1 1 1 1 1 1 1 1 1 1 1 1 1 1 1 1 1 0 1 1 1 1 1 1 1 1 1 1 1 1 1 
1 1 1 1 1 1 1 1 1 1 1 1 1 1 1 1 1 1 1 1 1 1 1 1 1 1 1 1 1 0 1 1 1 1 1 1 1 1 1 1 1 1 
1 1 1 1 1 1 1 1 1 1 1 1 1 1 1 1 1 1 1 1 1 1 1 1 1 1 1 1 1 1 0 1 1 1 1 1 1 1 1 1 1 1 
1 1 1 1 1 1 1 1 1 1 1 1 1 1 1 1 1 1 1 1 1 1 1 1 1 1 1 1 1 1 1 0 1 1 1 1 1 1 1 1 1 1 
1 1 1 1 1 1 1 1 1 1 1 1 1 1 1 1 1 1 1 1 1 1 1 1 1 1 1 1 1 1 1 1 0 1 1 1 1 1 1 1 1 1 
1 1 1 1 1 1 1 1 1 1 1 1 1 1 1 1 1 1 1 1 1 1 1 1 1 1 1 1 1 1 1 1 1 0 1 1 1 1 1 1 1 1 
1 1 1 1 1 1 1 1 1 1 1 1 1 1 1 1 1 1 1 1 1 1 1 1 1 1 1 1 1 1 1 1 1 1 0 1 1 1 1 1 1 1 
2 2 2 2 2 2 2 2 2 2 2 2 2 2 2 2 2 2 2 2 2 2 2 2 2 2 2 2 2 2 2 2 2 2 2 0 2 2 2 2 2 2 
1 1 1 1 1 1 1 1 1 1 1 1 1 1 1 1 1 1 1 1 1 1 1 1 1 1 1 1 1 1 1 1 1 1 1 1 0 1 1 1 1 1 
2 2 2 2 2 2 2 2 2 2 2 2 2 2 2 2 2 2 2 2 2 2 2 2 2 2 2 2 2 2 2 2 2 2 2 2 2 0 2 2 2 2 
2 2 2 2 2 2 2 2 2 2 2 2 2 2 2 2 2 2 2 2 2 2 2 2 2 2 2 2 2 2 2 2 2 2 2 2 2 2 0 2 2 2 
1 1 1 1 1 1 1 1 1 1 1 1 1 1 1 1 1 1 1 1 1 1 1 1 1 1 1 1 1 1 1 1 1 1 1 1 1 1 1 0 1 1 
1 1 1 1 1 1 1 1 1 1 1 1 1 1 1 1 1 1 1 1 1 1 1 1 1 1 1 1 1 1 1 1 1 1 1 1 1 1 1 1 0 1 
3 3 3 3 3 3 3 3 3 3 3 3 3 3 3 3 3 3 3 3 3 3 3 3 3 3 3 3 3 3 3 3 3 3 3 3 3 3 3 3 3 0 
Time:
0	15
15	30
30	45
45	60
60	75
75	90
90	105
105	120
120	135
135	150
150	165
165	180
180	195
195	210
210	225
225	240
240	255
255	270
270	285
285	300
300	315
315	330
330	345
345	360
360	375
375	390
390	405
405	420
420	435
435	450
450	465
465	480
480	495
495	510
510	525
525	540
540	555
555	570
570	585
585	600
600	615
615	630
630	645
645	660
660	675
675	690
690	705
705	720
720	735
735	750
750	765
765	780
780	795
795	810
810	825
825	840
840	855
855	870
870	885
885	900
900	915
915	930
930	945
945	960
960	975
975	990
990	1005
1005	1020
1020	1035
1035	1050
1050	1065
1065	1080
1080	5000
Speed:
0.925	0.85	0.925	1	0.8325	0.765	0.8325	0.9	0.4625	0.425	0.4625	0.5	0.30525	0.2805	0.30525	0.33	0.37	0.34	0.37	0.4	0.555	0.51	0.555	0.6	0.6475	0.595	0.6475	0.7	0.37	0.34	0.37	0.4	0.30525	0.2805	0.30525	0.33	0.4625	0.425	0.4625	0.5	0.6475	0.595	0.6475	0.7	0.74	0.68	0.74	0.8	0.6475	0.595	0.6475	0.7	0.4625	0.425	0.4625	0.5	0.555	0.51	0.555	0.6	0.6475	0.595	0.6475	0.7	0.8325	0.765	0.8325	0.9	0.925	0.85	0.925	1	1	
0.925	0.85	0.925	1	0.8325	0.765	0.8325	0.9	0.4625	0.425	0.4625	0.5	0.30525	0.2805	0.30525	0.33	0.37	0.34	0.37	0.4	0.555	0.51	0.555	0.6	0.6475	0.595	0.6475	0.7	0.37	0.34	0.37	0.4	0.30525	0.2805	0.30525	0.33	0.4625	0.425	0.4625	0.5	0.6475	0.595	0.6475	0.7	0.74	0.68	0.74	0.8	0.6475	0.595	0.6475	0.7	0.4625	0.425	0.4625	0.5	0.555	0.51	0.555	0.6	0.6475	0.595	0.6475	0.7	0.8325	0.765	0.8325	0.9	0.925	0.85	0.925	1	1	
0.925	0.85	0.925	1	0.8325	0.765	0.8325	0.9	0.4625	0.425	0.4625	0.5	0.30525	0.2805	0.30525	0.33	0.37	0.34	0.37	0.4	0.555	0.51	0.555	0.6	0.6475	0.595	0.6475	0.7	0.37	0.34	0.37	0.4	0.30525	0.2805	0.30525	0.33	0.4625	0.425	0.4625	0.5	0.6475	0.595	0.6475	0.7	0.74	0.68	0.74	0.8	0.6475	0.595	0.6475	0.7	0.4625	0.425	0.4625	0.5	0.555	0.51	0.555	0.6	0.6475	0.595	0.6475	0.7	0.8325	0.765	0.8325	0.9	0.925	0.85	0.925	1	1	
