41
0 69.56 61.99 77.97 74.87 61.25 64.2 76.61 49.82 69.08 68.87 85.2 81.24 61.56 65.58 86.97 78.78 76.51 96.57 56.83 74.78 59.29 70.37 71.36 69.81 69.51 82.13 85.1 73.83 55.87 66.94 81.31 72.75 71.71 97.41 56.71 58.51 72.65 60.47 87.24 67.82 
69.56 0 11.58 15.2 15.35 22.11 19.85 8.37 26.99 24.72 8.56 19.58 18.76 13.85 10.64 17.53 10.03 16.39 27.93 20.04 15.32 18.18 16.29 22.51 28.15 10.31 13.77 18.83 21.48 21.98 9.87 12.26 26.15 14.69 27.92 19.42 22.7 15.42 14.5 18.84 10.03 
61.99 11.58 0 16.21 13.65 11.19 9.92 15.44 15.75 16.31 6.91 23.26 19.75 10.76 15 26.19 17.7 15.31 38.55 8.46 13.57 6.66 12.38 15.52 19.55 7.59 20.58 23.12 16.1 10.4 4.97 20.27 18.98 12.82 37.5 7.88 11.29 11.92 11.81 25.52 5.87 
77.97 15.2 16.21 0 15.16 19.42 15.98 8.63 29.5 16.29 9.79 7.39 12.69 16.41 12.53 15 9.33 16.72 29.14 21.72 15.09 19.15 15.12 12.84 19.1 8.64 8.86 7.65 10.18 23.15 11.28 10.5 15.54 13.76 25.93 21.63 21.64 6.14 17.51 11.8 10.36 
74.87 15.35 13.65 15.16 0 15.7 12.26 10.59 26 12.78 8.14 10.98 6.38 13.43 10.02 18.49 11.89 11.16 32.59 18.3 12.85 15.74 15.48 9.44 15.76 6.52 12.23 11.36 7.13 19.64 9.01 13.54 12.49 14.39 29.59 18.28 17.97 12.07 14.51 15.53 8.1 
61.25 22.11 11.19 19.42 15.7 0 11.15 23.14 11.43 8.33 14.58 26.65 21.7 8.72 11.54 33.21 25.21 17.05 46.81 5.98 15.61 5.26 22.79 10.11 10.45 13.65 26.95 27.05 12.66 5.83 12.59 27.53 12.01 22.81 44.63 6.67 9.92 13.29 8.59 31 12.82 
64.2 19.85 9.92 15.98 12.26 11.15 0 20.05 14.46 6.82 11.83 23.21 18.27 7.63 9.23 29.92 22.07 13.61 43.65 7.77 12.17 5.89 20.47 7.49 9.78 10.67 23.64 23.61 9.65 8.36 10.04 24.32 10.14 20.3 41.31 8.19 5.9 9.85 7.95 27.6 10.1 
76.61 8.37 15.44 8.63 10.59 23.14 20.05 0 30.97 22.78 8.94 11.32 11.51 16.87 12.54 10.76 14.17 10.87 23.71 23.23 10.61 20.84 7.92 19.73 26 9.5 5.61 10.49 17.7 25.04 11.16 4.84 23.01 6.32 22.11 22.84 24.64 11.93 17.87 10.78 10.6 
49.82 26.99 15.75 29.5 26 11.43 14.46 30.97 0 19.44 22.07 36.89 32.31 14.09 18.44 41.67 33.21 27.54 54.3 7.87 25.91 10.42 27.83 21.54 20.73 21.96 35.75 37.09 24.04 6.36 19.86 35.75 23.15 28.47 53.08 8.14 8.69 23.63 13.11 40.37 20.52 
69.08 24.72 16.31 16.29 12.78 8.33 6.82 22.78 19.44 0 16.18 22.51 17.22 14.23 14.69 31.25 24.42 13.46 45.37 14.11 12.72 12.61 25.2 14.31 15.55 14.54 25 23.25 6.57 14.16 15.01 26.26 11.96 24.68 42.19 14.68 10.98 10.91 14.68 27.97 14.71 
68.87 8.56 6.91 9.79 8.14 14.58 11.83 8.94 22.07 16.18 0 16.49 13.5 7.99 12.36 19.6 11.17 9.62 32.57 14.3 8.08 11.9 9.02 13.97 19.61 12.93 13.77 16.28 13.19 16.1 11.88 13.69 17.63 8.58 31.02 13.93 15.83 7.38 9.02 18.63 12.78 
85.2 19.58 23.26 7.39 10.98 26.65 23.21 11.32 36.89 22.51 16.49 0 5.3 23.68 19.62 11.05 10.38 9.61 24.53 29.11 11.07 26.53 19.2 18.97 24.84 15.69 7.27 11.44 15.98 30.54 18.29 9.65 20.9 17.62 20.3 29.01 28.95 13.39 24.78 6.33 17.4 
81.24 18.76 19.75 12.69 6.38 21.7 18.27 11.51 32.31 17.22 13.5 5.3 0 19.75 16.07 15.32 11.62 4.78 29.28 24.66 6.47 22.11 18.6 13.68 19.56 12.25 9.93 6.14 10.68 25.96 14.89 12.06 15.66 17.18 25.4 24.66 24.11 8.69 20.83 11.17 13.96 
61.56 13.85 10.76 16.41 13.43 8.72 7.63 16.87 14.09 14.23 7.99 23.68 19.75 0 4.37 27.58 19.12 15.1 40.32 6.43 13.34 4.33 14.62 13.8 17.37 8.11 21.74 23.68 14.77 8.32 5.79 21.66 17.11 14.93 38.98 5.98 8.88 11.41 9.79 26.51 6.53 
65.58 10.64 15 12.53 10.02 11.54 9.23 12.54 18.44 14.69 12.36 19.62 16.07 4.37 0 23.22 14.78 11.66 36.1 10.69 9.94 8.34 11.29 13.19 18.08 12.48 17.37 19.53 13.23 12.51 10.16 17.31 16.81 11.27 34.64 10.31 12.47 8.44 5.42 22.17 10.9 
86.97 17.53 26.19 15 18.49 33.21 29.92 10.76 41.67 31.25 19.6 11.05 15.32 27.58 23.22 0 8.5 17.85 14.14 33.87 18.56 31.43 16.77 27.83 34.09 19.87 6.31 9.8 25.15 35.64 21.81 5.93 30.47 15.33 11.46 33.53 34.97 20.59 28.59 4.99 21.18 
78.78 10.03 17.7 9.33 11.89 25.21 22.07 14.17 33.21 24.42 11.17 10.38 11.62 19.12 14.78 8.5 0 11.88 21.6 25.46 11.93 23.05 9.45 21.24 27.56 11.62 14 9.38 19.02 27.26 13.38 14.42 24.38 7.85 19.86 25.09 26.79 13.51 20.12 8.83 12.8 
76.51 16.39 15.31 16.72 11.16 17.05 13.61 10.87 27.54 13.46 9.62 9.61 4.78 15.1 11.66 17.85 11.88 0 31.99 19.88 11.25 17.33 16.45 9.99 16.24 8.08 11.7 10.1 7.34 21.18 10.62 13.26 12.71 15.26 28.74 19.89 19.4 13.46 16.17 14.55 9.71 
96.57 27.93 38.55 29.14 32.59 46.81 43.65 23.71 54.3 45.37 32.57 24.53 29.28 40.32 36.1 14.14 21.6 31.99 0 46.74 32.65 44.44 27.07 41.96 48.24 33.2 20.36 23.38 39.3 48.6 34.76 19.34 44.61 26.09 6.07 46.29 48.34 34.62 41.23 18.22 34.28 
56.83 20.04 8.46 21.72 18.3 5.98 7.77 23.23 7.87 14.11 14.3 29.11 24.66 6.43 10.69 33.87 25.46 19.88 46.74 0 18.21 10.76 20.84 15.25 16.43 14.11 27.9 29.26 17.29 11.81 12.08 27.98 17.69 21.27 45.31 10.64 13.67 15.97 5.58 32.51 12.7 
74.78 15.32 13.57 15.09 12.85 15.61 12.17 10.61 25.91 12.72 8.08 11.07 6.47 13.34 9.94 18.56 11.93 11.25 32.65 18.21 0 15.65 15.45 9.39 15.71 6.45 12.29 11.44 7.11 19.55 8.93 13.59 12.45 14.37 29.66 18.19 17.88 12 14.42 15.61 8.03 
59.29 18.18 6.66 19.15 15.74 5.26 5.89 20.84 10.42 12.61 11.9 26.53 22.11 4.33 8.34 31.43 23.05 17.33 44.44 10.76 15.65 0 18.95 13.29 15.29 11.6 25.41 26.69 15.09 4.21 9.69 25.55 16.03 19.25 42.88 9.6 4.66 13.43 11.72 29.97 10.26 
70.37 16.29 12.38 15.12 15.48 22.79 20.47 7.92 27.83 25.2 9.02 19.2 18.6 14.62 11.29 16.77 9.45 16.45 27.07 20.84 15.45 18.95 0 22.9 28.62 10.71 13.2 18.4 21.77 22.78 10.45 11.61 26.52 14.23 27.09 20.23 23.45 15.67 15.29 18.23 10.56 
71.36 22.51 15.52 12.84 9.44 10.11 7.49 19.73 21.54 14.31 13.97 18.97 13.68 13.8 13.19 27.83 21.24 9.99 41.96 15.25 9.39 13.29 22.9 0 6.33 12.2 21.62 19.72 13.92 15.73 13.2 22.98 17.63 22.21 38.7 15.67 12.86 7.8 14.48 24.46 12.72 
69.81 28.15 19.55 19.1 15.76 10.45 9.78 26 20.73 15.55 19.61 24.84 19.56 17.37 18.08 34.09 27.56 16.24 48.24 16.43 15.71 15.29 28.62 6.33 0 17.95 27.92 25.69 8.98 16.14 18.44 29.3 14.36 28.09 44.84 17.09 12.82 14.08 17.73 30.57 18.14 
69.51 10.31 7.59 8.64 6.52 13.65 10.67 9.5 21.96 14.54 12.93 15.69 12.25 8.11 12.48 19.87 11.62 8.08 33.2 14.11 6.45 11.6 10.71 12.2 17.95 0 13.8 15.61 11.34 15.81 12.56 14.04 15.84 10.14 31.33 13.84 15.16 5.55 9.2 18.44 12.39 
82.13 13.77 20.58 8.86 12.23 26.95 23.64 5.61 35.75 25 13.77 7.27 9.93 21.74 17.37 6.31 14 11.7 20.36 27.9 12.29 25.41 13.2 21.62 27.92 13.8 0 6.11 19.04 29.61 15.94 10.45 24.4 11.6 17.68 27.61 28.78 14.29 22.78 5.17 15.23 
85.1 18.83 23.12 7.65 11.36 27.05 23.61 10.49 37.09 23.25 16.28 11.44 6.14 23.68 19.53 9.8 9.38 10.1 23.38 29.26 11.44 26.69 18.4 19.72 25.69 15.61 6.11 0 16.76 30.75 18.16 8.48 21.79 16.81 19.29 29.14 29.29 13.76 24.78 5.17 17.29 
73.83 21.48 16.1 10.18 7.13 12.66 9.65 17.7 24.04 6.57 13.19 15.98 10.68 14.77 13.23 25.15 19.02 7.34 39.3 17.29 7.11 15.09 21.77 13.92 8.98 11.34 19.04 16.76 0 18.01 12.91 20.56 5.38 20.9 35.86 17.6 15.37 6.12 15.6 21.59 12.25 
55.87 21.98 10.4 23.15 19.64 5.83 8.36 25.04 6.36 14.16 16.1 30.54 25.96 8.32 12.51 35.64 27.26 21.18 48.6 11.81 19.55 4.21 22.78 15.73 16.14 15.81 29.61 30.75 18.01 0 13.88 29.76 17.84 23.2 47.09 12.5 8.87 17.27 7.51 34.14 14.47 
66.94 9.87 4.97 11.28 9.01 12.59 10.04 11.16 19.86 15.01 11.88 18.29 14.89 5.79 10.16 21.81 13.38 10.62 34.76 12.08 8.93 9.69 10.45 13.2 18.44 12.56 15.94 18.16 12.91 13.88 0 15.9 16.86 10.27 33.24 11.72 13.69 7.67 6.84 20.75 10.84 
81.31 12.26 20.27 10.5 13.54 27.53 24.32 4.84 35.75 26.26 13.69 9.65 12.06 21.66 17.31 5.93 14.42 13.26 19.34 27.98 13.59 25.55 11.61 22.98 29.3 14.04 10.45 8.48 20.56 29.76 15.9 0 25.94 10.05 17.33 27.62 29.19 15.39 22.67 6.69 15.29 
72.75 26.15 18.98 15.54 12.49 12.01 10.14 23.01 23.15 11.96 17.63 20.9 15.66 17.11 16.81 30.47 24.38 12.71 44.61 17.69 12.45 16.03 26.52 17.63 14.36 15.84 24.4 21.79 5.38 17.84 16.86 25.94 0 25.8 41.02 18.22 14.68 11.18 17.7 26.75 16.38 
71.71 14.69 12.82 13.76 14.39 22.81 20.3 6.32 28.47 24.68 8.58 17.62 17.18 14.93 11.27 15.33 7.85 15.26 26.09 21.27 14.37 19.25 14.23 22.21 28.09 10.14 11.6 16.81 20.9 23.2 10.27 10.05 25.8 0 25.85 20.7 23.65 14.79 15.69 16.64 10.24 
97.41 27.92 37.5 25.93 29.59 44.63 41.31 22.11 53.08 42.19 31.02 20.3 25.4 38.98 34.64 11.46 19.86 28.74 6.07 45.31 29.66 42.88 27.09 38.7 44.84 31.33 17.68 19.29 35.86 47.09 33.24 17.33 41.02 25.85 0 44.95 46.43 31.81 39.98 14.27 32.62 
56.71 19.42 7.88 21.63 18.28 6.67 8.19 22.84 8.14 14.68 13.93 29.01 24.66 5.98 10.31 33.53 25.09 19.89 46.29 10.64 18.19 9.6 20.23 15.67 17.09 13.84 27.61 29.14 17.6 12.5 11.72 27.62 18.22 20.7 44.95 0 4.94 15.99 5.06 32.27 12.38 
58.51 22.7 11.29 21.64 17.97 9.92 5.9 24.64 8.69 10.98 15.83 28.95 24.11 8.88 12.47 34.97 26.79 19.4 48.34 13.67 17.88 4.66 23.45 12.86 12.82 15.16 28.78 29.29 15.37 8.87 13.69 29.19 14.68 23.65 46.43 4.94 0 15.56 8.42 33.03 14.09 
72.65 15.42 11.92 6.14 12.07 13.29 9.85 11.93 23.63 10.91 7.38 13.39 8.69 11.41 8.44 20.59 13.51 13.46 34.62 15.97 12 13.43 15.67 7.8 14.08 5.55 14.29 13.76 6.12 17.27 7.67 15.39 11.18 14.79 31.81 15.99 15.56 0 12.45 17.85 6.84 
60.47 14.5 11.81 17.51 14.51 8.59 7.95 17.87 13.11 14.68 9.02 24.78 20.83 9.79 5.42 28.59 20.12 16.17 41.23 5.58 14.42 11.72 15.29 14.48 17.73 9.2 22.78 24.78 15.6 7.51 6.84 22.67 17.7 15.69 39.98 5.06 8.42 12.45 0 27.58 7.6 
87.24 18.84 25.52 11.8 15.53 31 27.6 10.78 40.37 27.97 18.63 6.33 11.17 26.51 22.17 4.99 8.83 14.55 18.22 32.51 15.61 29.97 18.23 24.46 30.57 18.44 5.17 5.17 21.59 34.14 20.75 6.69 26.75 16.64 14.27 32.27 33.03 17.85 27.58 0 19.98 
67.82 10.03 5.87 10.36 8.1 12.82 10.1 10.6 20.52 14.71 12.78 17.4 13.96 6.53 10.9 21.18 12.8 9.71 34.28 12.7 8.03 10.26 10.56 12.72 18.14 12.39 15.23 17.29 12.25 14.47 10.84 15.29 16.38 10.24 32.62 12.38 14.09 6.84 7.6 19.98 0 
0	5000
0	118
0	133
0	151
0	176
0	211
0	241
0	302
0	372
0	405
0	431
0	456
0	466
0	519
0	533
0	600
0	619
0	643
0	693
0	757
0	785
0	809
0	845
0	891
0	903
0	935
0	957
0	968
0	993
0	1016
0	1034
0	1052
0	1081
0	1109
0	1135
0	1180
0	1185
0	1201
0	1213
0	1241
0	1261
C:
0 3 3 3 3 3 3 3 3 3 3 3 3 3 3 3 3 3 3 3 3 3 3 3 3 3 3 3 3 3 3 3 3 3 3 3 3 3 3 3 3 3 
1 0 1 1 1 1 1 1 1 1 1 1 1 1 1 1 1 1 1 1 1 1 1 1 1 1 1 1 1 1 1 1 1 1 1 1 1 1 1 1 1 1 
1 1 0 1 1 1 1 1 1 1 1 1 1 1 1 1 1 1 1 1 1 1 1 1 1 1 1 1 1 1 1 1 1 1 1 1 1 1 1 1 1 1 
1 1 1 0 1 1 1 1 1 1 1 1 1 1 1 1 1 1 1 1 1 1 1 1 1 1 1 1 1 1 1 1 1 1 1 1 1 1 1 1 1 1 
1 1 1 1 0 1 1 1 1 1 1 1 1 1 1 1 1 1 1 1 1 1 1 1 1 1 1 1 1 1 1 1 1 1 1 1 1 1 1 1 1 1 
1 1 1 1 1 0 1 1 1 1 1 1 1 1 1 1 1 1 1 1 1 1 1 1 1 1 1 1 1 1 1 1 1 1 1 1 1 1 1 1 1 1 
1 1 1 1 1 1 0 1 1 1 1 1 1 1 1 1 1 1 1 1 1 1 1 1 1 1 1 1 1 1 1 1 1 1 1 1 1 1 1 1 1 1 
1 1 1 1 1 1 1 0 1 1 1 1 1 1 1 1 1 1 1 1 1 1 1 1 1 1 1 1 1 1 1 1 1 1 1 1 1 1 1 1 1 1 
2 2 2 2 2 2 2 2 0 2 2 2 2 2 2 2 2 2 2 2 2 2 2 2 2 2 2 2 2 2 2 2 2 2 2 2 2 2 2 2 2 2 
1 1 1 1 1 1 1 1 1 0 1 1 1 1 1 1 1 1 1 1 1 1 1 1 1 1 1 1 1 1 1 1 1 1 1 1 1 1 1 1 1 1 
1 1 1 1 1 1 1 1 1 1 0 1 1 1 1 1 1 1 1 1 1 1 1 1 1 1 1 1 1 1 1 1 1 1 1 1 1 1 1 1 1 1 
1 1 1 1 1 1 1 1 1 1 1 0 1 1 1 1 1 1 1 1 1 1 1 1 1 1 1 1 1 1 1 1 1 1 1 1 1 1 1 1 1 1 
1 1 1 1 1 1 1 1 1 1 1 1 0 1 1 1 1 1 1 1 1 1 1 1 1 1 1 1 1 1 1 1 1 1 1 1 1 1 1 1 1 1 
1 1 1 1 1 1 1 1 1 1 1 1 1 0 1 1 1 1 1 1 1 1 1 1 1 1 1 1 1 1 1 1 1 1 1 1 1 1 1 1 1 1 
1 1 1 1 1 1 1 1 1 1 1 1 1 1 0 1 1 1 1 1 1 1 1 1 1 1 1 1 1 1 1 1 1 1 1 1 1 1 1 1 1 1 
2 2 2 2 2 2 2 2 2 2 2 2 2 2 2 0 2 2 2 2 2 2 2 2 2 2 2 2 2 2 2 2 2 2 2 2 2 2 2 2 2 2 
1 1 1 1 1 1 1 1 1 1 1 1 1 1 1 1 0 1 1 1 1 1 1 1 1 1 1 1 1 1 1 1 1 1 1 1 1 1 1 1 1 1 
1 1 1 1 1 1 1 1 1 1 1 1 1 1 1 1 1 0 1 1 1 1 1 1 1 1 1 1 1 1 1 1 1 1 1 1 1 1 1 1 1 1 
3 3 3 3 3 3 3 3 3 3 3 3 3 3 3 3 3 3 0 3 3 3 3 3 3 3 3 3 3 3 3 3 3 3 3 3 3 3 3 3 3 3 
1 1 1 1 1 1 1 1 1 1 1 1 1 1 1 1 1 1 1 0 1 1 1 1 1 1 1 1 1 1 1 1 1 1 1 1 1 1 1 1 1 1 
1 1 1 1 1 1 1 1 1 1 1 1 1 1 1 1 1 1 1 1 0 1 1 1 1 1 1 1 1 1 1 1 1 1 1 1 1 1 1 1 1 1 
1 1 1 1 1 1 1 1 1 1 1 1 1 1 1 1 1 1 1 1 1 0 1 1 1 1 1 1 1 1 1 1 1 1 1 1 1 1 1 1 1 1 
1 1 1 1 1 1 1 1 1 1 1 1 1 1 1 1 1 1 1 1 1 1 0 1 1 1 1 1 1 1 1 1 1 1 1 1 1 1 1 1 1 1 
1 1 1 1 1 1 1 1 1 1 1 1 1 1 1 1 1 1 1 1 1 1 1 0 1 1 1 1 1 1 1 1 1 1 1 1 1 1 1 1 1 1 
2 2 2 2 2 2 2 2 2 2 2 2 2 2 2 2 2 2 2 2 2 2 2 2 0 2 2 2 2 2 2 2 2 2 2 2 2 2 2 2 2 2 
1 1 1 1 1 1 1 1 1 1 1 1 1 1 1 1 1 1 1 1 1 1 1 1 1 0 1 1 1 1 1 1 1 1 1 1 1 1 1 1 1 1 
1 1 1 1 1 1 1 1 1 1 1 1 1 1 1 1 1 1 1 1 1 1 1 1 1 1 0 1 1 1 1 1 1 1 1 1 1 1 1 1 1 1 
1 1 1 1 1 1 1 1 1 1 1 1 1 1 1 1 1 1 1 1 1 1 1 1 1 1 1 0 1 1 1 1 1 1 1 1 1 1 1 1 1 1 
1 1 1 1 1 1 1 1 1 1 1 1 1 1 1 1 1 1 1 1 1 1 1 1 1 1 1 1 0 1 1 1 1 1 1 1 1 1 1 1 1 1 
2 2 2 2 2 2 2 2 2 2 2 2 2 2 2 2 2 2 2 2 2 2 2 2 2 2 2 2 2 0 2 2 2 2 2 2 2 2 2 2 2 2 
1 1 1 1 1 1 1 1 1 1 1 1 1 1 1 1 1 1 1 1 1 1 1 1 1 1 1 1 1 1 0 1 1 1 1 1 1 1 1 1 1 1 
1 1 1 1 1 1 1 1 1 1 1 1 1 1 1 1 1 1 1 1 1 1 1 1 1 1 1 1 1 1 1 0 1 1 1 1 1 1 1 1 1 1 
1 1 1 1 1 1 1 1 1 1 1 1 1 1 1 1 1 1 1 1 1 1 1 1 1 1 1 1 1 1 1 1 0 1 1 1 1 1 1 1 1 1 
1 1 1 1 1 1 1 1 1 1 1 1 1 1 1 1 1 1 1 1 1 1 1 1 1 1 1 1 1 1 1 1 1 0 1 1 1 1 1 1 1 1 
3 3 3 3 3 3 3 3 3 3 3 3 3 3 3 3 3 3 3 3 3 3 3 3 3 3 3 3 3 3 3 3 3 3 0 3 3 3 3 3 3 3 
1 1 1 1 1 1 1 1 1 1 1 1 1 1 1 1 1 1 1 1 1 1 1 1 1 1 1 1 1 1 1 1 1 1 1 0 1 1 1 1 1 1 
2 2 2 2 2 2 2 2 2 2 2 2 2 2 2 2 2 2 2 2 2 2 2 2 2 2 2 2 2 2 2 2 2 2 2 2 0 2 2 2 2 2 
1 1 1 1 1 1 1 1 1 1 1 1 1 1 1 1 1 1 1 1 1 1 1 1 1 1 1 1 1 1 1 1 1 1 1 1 1 0 1 1 1 1 
1 1 1 1 1 1 1 1 1 1 1 1 1 1 1 1 1 1 1 1 1 1 1 1 1 1 1 1 1 1 1 1 1 1 1 1 1 1 0 1 1 1 
2 2 2 2 2 2 2 2 2 2 2 2 2 2 2 2 2 2 2 2 2 2 2 2 2 2 2 2 2 2 2 2 2 2 2 2 2 2 2 0 2 2 
1 1 1 1 1 1 1 1 1 1 1 1 1 1 1 1 1 1 1 1 1 1 1 1 1 1 1 1 1 1 1 1 1 1 1 1 1 1 1 1 0 1 
3 3 3 3 3 3 3 3 3 3 3 3 3 3 3 3 3 3 3 3 3 3 3 3 3 3 3 3 3 3 3 3 3 3 3 3 3 3 3 3 3 0 
Time:
0	15
15	30
30	45
45	60
60	75
75	90
90	105
105	120
120	135
135	150
150	165
165	180
180	195
195	210
210	225
225	240
240	255
255	270
270	285
285	300
300	315
315	330
330	345
345	360
360	375
375	390
390	405
405	420
420	435
435	450
450	465
465	480
480	495
495	510
510	525
525	540
540	555
555	570
570	585
585	600
600	615
615	630
630	645
645	660
660	675
675	690
690	705
705	720
720	735
735	750
750	765
765	780
780	795
795	810
810	825
825	840
840	855
855	870
870	885
885	900
900	915
915	930
930	945
945	960
960	975
975	990
990	1005
1005	1020
1020	1035
1035	1050
1050	1065
1065	1080
1080	5000
Speed:
0.925	0.85	0.925	1	0.8325	0.765	0.8325	0.9	0.4625	0.425	0.4625	0.5	0.30525	0.2805	0.30525	0.33	0.37	0.34	0.37	0.4	0.555	0.51	0.555	0.6	0.6475	0.595	0.6475	0.7	0.37	0.34	0.37	0.4	0.30525	0.2805	0.30525	0.33	0.4625	0.425	0.4625	0.5	0.6475	0.595	0.6475	0.7	0.74	0.68	0.74	0.8	0.6475	0.595	0.6475	0.7	0.4625	0.425	0.4625	0.5	0.555	0.51	0.555	0.6	0.6475	0.595	0.6475	0.7	0.8325	0.765	0.8325	0.9	0.925	0.85	0.925	1	1	
0.925	0.85	0.925	1	0.8325	0.765	0.8325	0.9	0.4625	0.425	0.4625	0.5	0.30525	0.2805	0.30525	0.33	0.37	0.34	0.37	0.4	0.555	0.51	0.555	0.6	0.6475	0.595	0.6475	0.7	0.37	0.34	0.37	0.4	0.30525	0.2805	0.30525	0.33	0.4625	0.425	0.4625	0.5	0.6475	0.595	0.6475	0.7	0.74	0.68	0.74	0.8	0.6475	0.595	0.6475	0.7	0.4625	0.425	0.4625	0.5	0.555	0.51	0.555	0.6	0.6475	0.595	0.6475	0.7	0.8325	0.765	0.8325	0.9	0.925	0.85	0.925	1	1	
0.925	0.85	0.925	1	0.8325	0.765	0.8325	0.9	0.4625	0.425	0.4625	0.5	0.30525	0.2805	0.30525	0.33	0.37	0.34	0.37	0.4	0.555	0.51	0.555	0.6	0.6475	0.595	0.6475	0.7	0.37	0.34	0.37	0.4	0.30525	0.2805	0.30525	0.33	0.4625	0.425	0.4625	0.5	0.6475	0.595	0.6475	0.7	0.74	0.68	0.74	0.8	0.6475	0.595	0.6475	0.7	0.4625	0.425	0.4625	0.5	0.555	0.51	0.555	0.6	0.6475	0.595	0.6475	0.7	0.8325	0.765	0.8325	0.9	0.925	0.85	0.925	1	1	
