41
0 43.85 92.54 89.97 67.92 90.9 58.46 69.9 61.14 68.53 58.69 102.76 48.24 79.86 65.92 100.3 71.03 56.51 43.38 74.43 60.79 94.85 73.29 39.96 67.84 43.1 91.29 74.22 111.93 56.03 60.95 72.96 75 87.42 75.83 40.08 68.16 86.91 71.64 74.77 56.51 
43.85 0 48.92 47.89 26.17 51.53 22.85 28.93 29.71 25.3 15.58 59.32 4.48 40.64 22.11 58.34 28.17 13.62 20.7 30.6 17.81 61.6 33.05 13.06 24.41 15.74 49.47 30.44 71.34 12.28 29.38 29.33 37.54 43.62 31.99 17.92 25.96 47.98 28.21 33 12.67 
92.54 48.92 0 12.23 26.22 23.82 46.03 25.78 51.29 24.11 36.06 10.61 44.46 24.53 26.88 16.19 22.02 36.08 60.15 18.66 31.84 43.46 33.93 52.98 24.71 56.56 13.59 20.54 30.4 37.3 51.1 22.65 29.94 6.33 17.44 60.38 25.44 24.74 20.93 29.01 36.36 
89.97 47.89 12.23 0 22.09 11.67 50.7 20.15 57.07 22.93 38.07 16.11 43.49 13.96 27.7 10.46 19.81 34.28 62.7 21.68 30.08 31.31 41.47 52 24.12 58.48 19.46 25.32 24.12 37.86 56.83 27.64 19.97 15.48 21.14 62.13 22.02 12.6 20.66 36.52 36.33 
67.92 26.17 26.22 22.09 0 25.68 34.78 11.77 42.29 5.92 20.04 35.55 21.92 15.35 10.97 32.51 4.97 12.63 43.22 13.57 8.86 39.02 32.26 30.23 7.19 38.55 23.53 17.21 45.18 18.01 41.99 18.43 14.56 22.87 14.73 41.9 10.32 22.44 8 28.49 16.01 
90.9 51.53 23.82 11.67 25.68 0 58.65 22.65 65.59 28.9 44.75 25.2 47.45 11.11 34.43 14.25 25.62 38.22 68.77 30.52 34.53 19.64 51.41 55.49 30.35 64.17 10.25 34.66 21.24 43.47 65.32 36.9 16.12 26.97 30.39 67.57 26.3 18.45 27.71 46.58 41.58 
58.46 22.85 46.03 50.7 34.78 58.65 0 38.13 7.77 30.06 14.9 56.34 21.98 49.69 24.38 60.11 33.22 25.73 16.45 29.04 27.02 73.79 15.78 23.96 28.56 15.38 52.65 25.81 74.58 18.27 7.44 23.55 49.27 39.71 29.72 18.71 33.61 56.17 30.94 18.99 20.44 
69.9 28.93 25.78 20.15 11.77 22.65 38.13 0 45.62 8.8 23.4 34.5 24.8 12.09 14.18 30.41 6.8 15.58 46.45 15.59 12.06 35.66 35.17 32.93 10.21 41.74 21.4 19.55 42.59 21.31 45.32 21 11.28 23.19 16.56 45.04 4.59 19.27 10.12 31.22 19.28 
61.14 29.71 51.29 57.07 42.29 65.59 7.77 45.62 0 37.34 22.58 61.26 29.36 56.99 31.67 66.08 40.42 33.5 17.77 35.44 34.73 81.23 18.3 30.18 35.84 18.86 59.04 31.8 80.63 26.04 15.21 29.48 56.83 44.97 35.93 21.21 41.07 63.29 37.94 22.7 28.21 
68.53 25.3 24.11 22.93 5.92 28.9 30.06 8.8 37.34 0 15.85 34.23 20.84 19.65 5.68 33.3 10.89 12.02 40.12 8.28 7.74 43.94 26.39 29.42 9.86 35.72 24.66 11.47 46.89 14.98 37.05 12.55 20.01 19.63 9.62 39.3 4.4 26.17 10.95 22.57 13.4 
58.69 15.58 36.06 38.07 20.04 44.75 14.9 23.4 22.58 15.85 0 46.67 12.07 35.2 10.44 48.13 19.13 11.44 24.65 17.47 12.14 59.04 18.44 18.96 14.41 20.63 39.93 15.97 62.2 4.48 22.27 14.4 34.44 30.15 18.62 24.41 18.96 41.96 17.47 17.6 6.2 
102.76 59.32 10.61 16.11 35.55 25.2 56.34 34.5 61.26 34.23 46.67 0 54.85 30.07 37.38 12.26 31.82 46.25 70.71 29.25 41.97 43.64 43.46 63.4 34.96 67.16 16.19 31.09 23.42 47.84 61.1 33.15 36.06 16.73 28.05 70.98 34.99 27.64 31.16 38.69 46.83 
48.24 4.48 44.46 43.49 21.92 47.45 21.98 24.8 29.36 20.84 12.07 54.85 0 36.67 17.68 53.94 23.74 9.31 23.09 26.19 13.41 58.26 30.23 8.58 19.94 18.11 45.1 26.21 67.04 8.23 29.03 25.21 33.9 39.2 27.59 20.88 21.63 43.98 23.73 29.67 8.3 
79.86 40.64 24.53 13.96 15.35 11.11 49.69 12.09 56.99 19.65 35.2 30.07 36.67 0 25.33 22.21 16.59 27.57 58.54 23.58 24.15 24.46 44.66 44.54 21.15 53.82 14.14 27.92 32.1 33.37 56.7 29.91 6.09 25 23.93 57.1 16.26 7.34 19.38 40.17 31.36 
65.92 22.11 26.88 27.7 10.97 34.43 24.38 14.18 31.67 5.68 10.44 37.38 17.68 25.33 0 37.86 8.85 10.44 35.01 8.52 7.17 49.59 21.61 26.14 4.18 30.81 29.53 9.46 51.81 10.51 31.38 9.46 25.46 21.51 9.95 34.49 9.59 31.81 7.05 18.33 9.48 
100.3 58.34 16.19 10.46 32.51 14.25 60.11 30.41 66.08 33.3 48.13 12.26 53.94 22.21 37.86 0 30.23 44.73 72.77 31.17 40.53 31.53 49.5 62.45 34.44 68.67 9.01 34.35 14.57 48.16 65.87 36.66 28.24 21.87 30.4 72.35 32.47 17.57 30.87 44.52 46.69 
71.03 28.17 22.02 19.81 4.97 25.62 33.22 6.8 40.42 10.89 19.13 31.82 23.74 16.59 8.85 30.23 0 14.66 43.4 8.82 10.38 41 28.68 32.29 4.72 38.98 21.5 12.75 43.69 18.22 40.14 14.27 17.52 18.16 9.86 42.54 10.43 22.96 12.97 24.57 16.57 
56.51 13.62 36.08 34.28 12.63 38.22 25.73 15.58 33.5 12.02 11.44 46.25 9.31 27.57 10.44 44.73 14.66 0 31.23 18.66 4.3 49.96 28.88 17.72 11.39 26.39 35.85 19.86 57.74 7.46 33.17 19.57 25.3 31.28 20.12 29.56 12.34 34.83 15.16 26.81 5.33 
43.38 20.7 60.15 62.7 43.22 68.77 16.45 46.45 17.77 40.12 24.65 70.71 23.09 58.54 35.01 72.77 43.4 31.23 0 41.89 34.39 81.13 32.22 18.76 38.77 5 64.54 39.62 86.82 25.29 17.58 37.59 56.52 53.99 42.91 34.21 42.48 65.65 42.06 35.12 27.21 
74.43 30.6 18.66 21.68 13.57 30.52 29.04 15.59 35.44 8.28 17.47 29.25 26.19 23.58 8.52 31.17 8.82 18.66 41.89 0 14.8 47.88 21.16 34.59 7.91 38.08 23.64 4.34 45.56 18.7 35.19 6.42 25.74 13.04 8.61 41.87 12.11 28.75 5.58 16.59 17.93 
60.79 17.81 31.84 30.08 8.86 34.53 27.02 12.06 34.73 7.74 12.14 41.97 13.41 24.15 7.17 40.53 10.38 4.3 34.39 14.8 0 47.3 27.71 21.93 7.21 29.69 31.69 16.54 53.69 9.34 34.41 16.63 22.58 27.16 16.26 33.04 8.32 31.3 10.92 24.98 7.24 
94.85 61.6 43.46 31.31 39.02 19.64 73.79 35.66 81.23 43.94 59.04 43.64 58.26 24.46 49.59 31.53 41 49.96 81.13 47.88 47.3 0 69.03 65.05 45.44 76.22 29.87 52.2 29.75 56.63 80.93 54.27 24.73 46.43 48.09 79.14 40.18 19.62 43.84 64.43 54.5 
73.29 33.05 33.93 41.47 32.26 51.41 15.78 35.17 18.3 26.39 18.44 43.46 30.23 44.66 21.61 49.5 28.68 28.88 32.22 21.16 27.71 69.03 0 35.63 25.07 30.68 43.45 16.86 64.03 22.87 18.2 14.76 46.2 27.76 21.07 34.25 30.77 49.86 25.51 4.99 24.25 
39.96 13.06 52.98 52 30.23 55.49 23.96 32.93 30.18 29.42 18.96 63.4 8.58 44.54 26.14 62.45 32.29 17.72 18.76 34.59 21.93 65.05 35.63 0 28.52 14.03 53.58 34.26 75.4 16.07 29.87 33.04 41.24 47.62 35.96 15.45 30.05 51.88 32.31 36.02 16.66 
67.84 24.41 24.71 24.12 7.19 30.35 28.56 10.21 35.84 9.86 14.41 34.96 19.94 21.15 4.18 34.44 4.72 11.39 38.77 7.91 7.21 45.44 25.07 28.52 0 34.42 25.89 10.64 48.15 13.74 35.55 11.5 21.45 19.94 9.33 38.03 5.71 27.66 11.22 21.35 12.26 
43.1 15.74 56.56 58.48 38.55 64.17 15.38 41.74 18.86 35.72 20.63 67.16 18.11 53.82 30.81 68.67 38.98 26.39 5 38.08 29.69 76.22 30.68 14.03 34.42 0 60.29 36.14 82.57 20.77 18.61 34.23 51.66 50.5 39.18 29.49 37.87 60.99 37.83 32.97 22.59 
91.29 49.47 13.59 19.46 23.53 10.25 52.65 21.4 59.04 24.66 39.93 16.19 45.1 14.14 29.53 9.01 21.5 35.85 64.54 23.64 31.69 29.87 43.45 53.58 25.89 60.29 0 27.3 22.28 39.63 58.8 29.62 20.22 17.27 23.12 63.92 23.55 11.72 22.48 38.49 38.05 
74.22 30.44 20.54 25.32 17.21 34.66 25.81 19.55 31.8 11.47 15.97 31.09 26.21 27.92 9.46 34.35 12.75 19.86 39.62 4.34 16.54 52.2 16.86 34.26 10.64 36.14 27.3 0 48.87 18.2 31.57 10.76 29.99 14.38 4.27 39.98 15.69 33.01 9.43 12.25 17.94 
111.93 71.34 30.4 24.12 45.18 21.24 74.58 42.59 80.63 46.89 62.2 23.42 67.04 32.1 51.81 14.57 43.69 57.74 86.82 45.56 53.69 29.75 64.03 75.4 48.15 82.57 22.28 48.87 0 61.88 80.41 51.18 37.36 36.32 44.86 86.18 45.42 25.31 44.77 59.05 60.25 
56.03 12.28 37.3 37.86 18.01 43.47 18.27 21.31 26.04 14.98 4.48 47.84 8.23 33.37 10.51 48.16 18.22 7.46 25.29 18.7 9.34 56.63 22.87 16.07 13.74 20.77 39.63 18.2 61.88 0 25.71 17.06 31.91 31.72 20.03 24.32 17.2 40.4 17.31 21.75 10.68 
60.95 29.38 51.1 56.83 41.99 65.32 7.44 45.32 15.21 37.05 22.27 61.1 29.03 56.7 31.38 65.87 40.14 33.17 17.58 35.19 34.41 80.93 18.2 29.87 35.55 18.61 58.8 31.57 80.41 25.71 0 29.25 56.53 44.79 35.7 20.99 40.77 63.01 37.67 22.56 27.88 
72.96 29.33 22.65 27.64 18.43 36.9 23.55 21 29.48 12.55 14.4 33.15 25.21 29.91 9.46 36.66 14.27 19.57 37.59 6.42 16.63 54.27 14.76 33.04 11.5 34.23 29.62 10.76 51.18 17.06 29.25 0 31.71 16.42 6.55 38.08 16.91 35.17 10.99 10.34 17.06 
75 37.54 29.94 19.97 14.56 16.12 49.27 11.28 56.83 20.01 34.44 36.06 33.9 6.09 25.46 28.24 17.52 25.3 56.52 25.74 22.58 24.73 46.2 41.24 21.45 51.66 20.22 29.99 37.36 31.91 56.53 31.71 0 29.62 26.41 54.71 15.87 12.05 20.73 42.04 29.77 
87.42 43.62 6.33 15.48 22.87 26.97 39.71 23.19 44.97 19.63 30.15 16.73 39.2 25 21.51 21.87 18.16 31.28 53.99 13.04 27.16 46.43 27.76 47.62 19.94 50.5 17.27 14.38 36.32 31.72 44.79 16.42 29.62 0 11.69 54.34 21.82 26.99 16.34 22.81 30.96 
75.83 31.99 17.44 21.14 14.73 30.39 29.72 16.56 35.93 9.62 18.62 28.05 27.59 23.93 9.95 30.4 9.86 20.12 42.91 8.61 16.26 48.09 21.07 35.96 9.33 39.18 23.12 4.27 44.86 20.03 35.7 6.55 26.41 11.69 0 42.98 13.29 28.8 6.75 16.35 19.32 
40.08 17.92 60.38 62.13 41.9 67.57 18.71 45.04 21.21 39.3 24.41 70.98 20.88 57.1 34.49 72.35 42.54 29.56 34.21 41.87 33.04 79.14 34.25 15.45 38.03 29.49 63.92 39.98 86.18 24.32 20.99 38.08 54.71 54.34 42.98 0 41.29 64.31 41.49 36.7 26.05 
68.16 25.96 25.44 22.02 10.32 26.3 33.61 4.59 41.07 4.4 18.96 34.99 21.63 16.26 9.59 32.47 10.43 12.34 42.48 12.11 8.32 40.18 30.77 30.05 5.71 37.87 23.55 15.69 45.42 17.2 40.77 16.91 15.87 21.82 13.29 41.29 0 23.2 6.55 26.97 15.28 
86.91 47.98 24.74 12.6 22.44 18.45 56.17 19.27 63.29 26.17 41.96 27.64 43.98 7.34 31.81 17.57 22.96 34.83 65.65 28.75 31.3 19.62 49.86 51.88 27.66 60.99 11.72 33.01 25.31 40.4 63.01 35.17 12.05 26.99 28.8 64.31 23.2 0 25.35 45.14 38.44 
71.64 28.21 20.93 20.66 8 27.71 30.94 10.12 37.94 10.95 17.47 31.16 23.73 19.38 7.05 30.87 12.97 15.16 42.06 5.58 10.92 43.84 25.51 32.31 11.22 37.83 22.48 9.43 44.77 17.31 37.67 10.99 20.73 16.34 6.75 41.49 6.55 25.35 0 21.3 15.96 
74.77 33 29.01 36.52 28.49 46.58 18.99 31.22 22.7 22.57 17.6 38.69 29.67 40.17 18.33 44.52 24.57 26.81 35.12 16.59 24.98 64.43 4.99 36.02 21.35 32.97 38.49 12.25 59.05 21.75 22.56 10.34 42.04 22.81 16.35 36.7 26.97 45.14 21.3 0 22.73 
56.51 12.67 36.36 36.33 16.01 41.58 20.44 19.28 28.21 13.4 6.2 46.83 8.3 31.36 9.48 46.69 16.57 5.33 27.21 17.93 7.24 54.5 24.25 16.66 12.26 22.59 38.05 17.94 60.25 10.68 27.88 17.06 29.77 30.96 19.32 26.05 15.28 38.44 15.96 22.73 0 
0	5000
0	89
0	146
0	160
0	208
0	284
0	407
0	470
0	600
0	670
0	694
0	758
0	851
0	922
0	964
0	1017
0	1054
0	1070
0	1105
0	1147
0	1161
0	1209
0	1278
0	1313
0	1342
0	1376
0	1437
0	1464
0	1513
0	1575
0	1600
0	1630
0	1661
0	1691
0	1703
0	1746
0	1787
0	1810
0	1836
0	1857
0	1880
C:
0 3 3 3 3 3 3 3 3 3 3 3 3 3 3 3 3 3 3 3 3 3 3 3 3 3 3 3 3 3 3 3 3 3 3 3 3 3 3 3 3 3 
3 0 3 3 3 3 3 3 3 3 3 3 3 3 3 3 3 3 3 3 3 3 3 3 3 3 3 3 3 3 3 3 3 3 3 3 3 3 3 3 3 3 
2 2 0 2 2 2 2 2 2 2 2 2 2 2 2 2 2 2 2 2 2 2 2 2 2 2 2 2 2 2 2 2 2 2 2 2 2 2 2 2 2 2 
2 2 2 0 2 2 2 2 2 2 2 2 2 2 2 2 2 2 2 2 2 2 2 2 2 2 2 2 2 2 2 2 2 2 2 2 2 2 2 2 2 2 
1 1 1 1 0 1 1 1 1 1 1 1 1 1 1 1 1 1 1 1 1 1 1 1 1 1 1 1 1 1 1 1 1 1 1 1 1 1 1 1 1 1 
3 3 3 3 3 0 3 3 3 3 3 3 3 3 3 3 3 3 3 3 3 3 3 3 3 3 3 3 3 3 3 3 3 3 3 3 3 3 3 3 3 3 
3 3 3 3 3 3 0 3 3 3 3 3 3 3 3 3 3 3 3 3 3 3 3 3 3 3 3 3 3 3 3 3 3 3 3 3 3 3 3 3 3 3 
1 1 1 1 1 1 1 0 1 1 1 1 1 1 1 1 1 1 1 1 1 1 1 1 1 1 1 1 1 1 1 1 1 1 1 1 1 1 1 1 1 1 
3 3 3 3 3 3 3 3 0 3 3 3 3 3 3 3 3 3 3 3 3 3 3 3 3 3 3 3 3 3 3 3 3 3 3 3 3 3 3 3 3 3 
1 1 1 1 1 1 1 1 1 0 1 1 1 1 1 1 1 1 1 1 1 1 1 1 1 1 1 1 1 1 1 1 1 1 1 1 1 1 1 1 1 1 
2 2 2 2 2 2 2 2 2 2 0 2 2 2 2 2 2 2 2 2 2 2 2 2 2 2 2 2 2 2 2 2 2 2 2 2 2 2 2 2 2 2 
3 3 3 3 3 3 3 3 3 3 3 0 3 3 3 3 3 3 3 3 3 3 3 3 3 3 3 3 3 3 3 3 3 3 3 3 3 3 3 3 3 3 
2 2 2 2 2 2 2 2 2 2 2 2 0 2 2 2 2 2 2 2 2 2 2 2 2 2 2 2 2 2 2 2 2 2 2 2 2 2 2 2 2 2 
2 2 2 2 2 2 2 2 2 2 2 2 2 0 2 2 2 2 2 2 2 2 2 2 2 2 2 2 2 2 2 2 2 2 2 2 2 2 2 2 2 2 
1 1 1 1 1 1 1 1 1 1 1 1 1 1 0 1 1 1 1 1 1 1 1 1 1 1 1 1 1 1 1 1 1 1 1 1 1 1 1 1 1 1 
3 3 3 3 3 3 3 3 3 3 3 3 3 3 3 0 3 3 3 3 3 3 3 3 3 3 3 3 3 3 3 3 3 3 3 3 3 3 3 3 3 3 
1 1 1 1 1 1 1 1 1 1 1 1 1 1 1 1 0 1 1 1 1 1 1 1 1 1 1 1 1 1 1 1 1 1 1 1 1 1 1 1 1 1 
1 1 1 1 1 1 1 1 1 1 1 1 1 1 1 1 1 0 1 1 1 1 1 1 1 1 1 1 1 1 1 1 1 1 1 1 1 1 1 1 1 1 
3 3 3 3 3 3 3 3 3 3 3 3 3 3 3 3 3 3 0 3 3 3 3 3 3 3 3 3 3 3 3 3 3 3 3 3 3 3 3 3 3 3 
1 1 1 1 1 1 1 1 1 1 1 1 1 1 1 1 1 1 1 0 1 1 1 1 1 1 1 1 1 1 1 1 1 1 1 1 1 1 1 1 1 1 
1 1 1 1 1 1 1 1 1 1 1 1 1 1 1 1 1 1 1 1 0 1 1 1 1 1 1 1 1 1 1 1 1 1 1 1 1 1 1 1 1 1 
3 3 3 3 3 3 3 3 3 3 3 3 3 3 3 3 3 3 3 3 3 0 3 3 3 3 3 3 3 3 3 3 3 3 3 3 3 3 3 3 3 3 
2 2 2 2 2 2 2 2 2 2 2 2 2 2 2 2 2 2 2 2 2 2 0 2 2 2 2 2 2 2 2 2 2 2 2 2 2 2 2 2 2 2 
3 3 3 3 3 3 3 3 3 3 3 3 3 3 3 3 3 3 3 3 3 3 3 0 3 3 3 3 3 3 3 3 3 3 3 3 3 3 3 3 3 3 
1 1 1 1 1 1 1 1 1 1 1 1 1 1 1 1 1 1 1 1 1 1 1 1 0 1 1 1 1 1 1 1 1 1 1 1 1 1 1 1 1 1 
3 3 3 3 3 3 3 3 3 3 3 3 3 3 3 3 3 3 3 3 3 3 3 3 3 0 3 3 3 3 3 3 3 3 3 3 3 3 3 3 3 3 
2 2 2 2 2 2 2 2 2 2 2 2 2 2 2 2 2 2 2 2 2 2 2 2 2 2 0 2 2 2 2 2 2 2 2 2 2 2 2 2 2 2 
1 1 1 1 1 1 1 1 1 1 1 1 1 1 1 1 1 1 1 1 1 1 1 1 1 1 1 0 1 1 1 1 1 1 1 1 1 1 1 1 1 1 
3 3 3 3 3 3 3 3 3 3 3 3 3 3 3 3 3 3 3 3 3 3 3 3 3 3 3 3 0 3 3 3 3 3 3 3 3 3 3 3 3 3 
2 2 2 2 2 2 2 2 2 2 2 2 2 2 2 2 2 2 2 2 2 2 2 2 2 2 2 2 2 0 2 2 2 2 2 2 2 2 2 2 2 2 
3 3 3 3 3 3 3 3 3 3 3 3 3 3 3 3 3 3 3 3 3 3 3 3 3 3 3 3 3 3 0 3 3 3 3 3 3 3 3 3 3 3 
1 1 1 1 1 1 1 1 1 1 1 1 1 1 1 1 1 1 1 1 1 1 1 1 1 1 1 1 1 1 1 0 1 1 1 1 1 1 1 1 1 1 
2 2 2 2 2 2 2 2 2 2 2 2 2 2 2 2 2 2 2 2 2 2 2 2 2 2 2 2 2 2 2 2 0 2 2 2 2 2 2 2 2 2 
2 2 2 2 2 2 2 2 2 2 2 2 2 2 2 2 2 2 2 2 2 2 2 2 2 2 2 2 2 2 2 2 2 0 2 2 2 2 2 2 2 2 
1 1 1 1 1 1 1 1 1 1 1 1 1 1 1 1 1 1 1 1 1 1 1 1 1 1 1 1 1 1 1 1 1 1 0 1 1 1 1 1 1 1 
3 3 3 3 3 3 3 3 3 3 3 3 3 3 3 3 3 3 3 3 3 3 3 3 3 3 3 3 3 3 3 3 3 3 3 0 3 3 3 3 3 3 
1 1 1 1 1 1 1 1 1 1 1 1 1 1 1 1 1 1 1 1 1 1 1 1 1 1 1 1 1 1 1 1 1 1 1 1 0 1 1 1 1 1 
3 3 3 3 3 3 3 3 3 3 3 3 3 3 3 3 3 3 3 3 3 3 3 3 3 3 3 3 3 3 3 3 3 3 3 3 3 0 3 3 3 3 
1 1 1 1 1 1 1 1 1 1 1 1 1 1 1 1 1 1 1 1 1 1 1 1 1 1 1 1 1 1 1 1 1 1 1 1 1 1 0 1 1 1 
2 2 2 2 2 2 2 2 2 2 2 2 2 2 2 2 2 2 2 2 2 2 2 2 2 2 2 2 2 2 2 2 2 2 2 2 2 2 2 0 2 2 
1 1 1 1 1 1 1 1 1 1 1 1 1 1 1 1 1 1 1 1 1 1 1 1 1 1 1 1 1 1 1 1 1 1 1 1 1 1 1 1 0 1 
3 3 3 3 3 3 3 3 3 3 3 3 3 3 3 3 3 3 3 3 3 3 3 3 3 3 3 3 3 3 3 3 3 3 3 3 3 3 3 3 3 0 
Time:
0	15
15	30
30	45
45	60
60	75
75	90
90	105
105	120
120	135
135	150
150	165
165	180
180	195
195	210
210	225
225	240
240	255
255	270
270	285
285	300
300	315
315	330
330	345
345	360
360	375
375	390
390	405
405	420
420	435
435	450
450	465
465	480
480	495
495	510
510	525
525	540
540	555
555	570
570	585
585	600
600	615
615	630
630	645
645	660
660	675
675	690
690	705
705	720
720	735
735	750
750	765
765	780
780	795
795	810
810	825
825	840
840	855
855	870
870	885
885	900
900	915
915	930
930	945
945	960
960	975
975	990
990	1005
1005	1020
1020	1035
1035	1050
1050	1065
1065	1080
1080	5000
Speed:
0.925	0.85	0.925	1	0.8325	0.765	0.8325	0.9	0.4625	0.425	0.4625	0.5	0.30525	0.2805	0.30525	0.33	0.37	0.34	0.37	0.4	0.555	0.51	0.555	0.6	0.6475	0.595	0.6475	0.7	0.37	0.34	0.37	0.4	0.30525	0.2805	0.30525	0.33	0.4625	0.425	0.4625	0.5	0.6475	0.595	0.6475	0.7	0.74	0.68	0.74	0.8	0.6475	0.595	0.6475	0.7	0.4625	0.425	0.4625	0.5	0.555	0.51	0.555	0.6	0.6475	0.595	0.6475	0.7	0.8325	0.765	0.8325	0.9	0.925	0.85	0.925	1	1	
0.925	0.85	0.925	1	0.8325	0.765	0.8325	0.9	0.4625	0.425	0.4625	0.5	0.30525	0.2805	0.30525	0.33	0.37	0.34	0.37	0.4	0.555	0.51	0.555	0.6	0.6475	0.595	0.6475	0.7	0.37	0.34	0.37	0.4	0.30525	0.2805	0.30525	0.33	0.4625	0.425	0.4625	0.5	0.6475	0.595	0.6475	0.7	0.74	0.68	0.74	0.8	0.6475	0.595	0.6475	0.7	0.4625	0.425	0.4625	0.5	0.555	0.51	0.555	0.6	0.6475	0.595	0.6475	0.7	0.8325	0.765	0.8325	0.9	0.925	0.85	0.925	1	1	
0.925	0.85	0.925	1	0.8325	0.765	0.8325	0.9	0.4625	0.425	0.4625	0.5	0.30525	0.2805	0.30525	0.33	0.37	0.34	0.37	0.4	0.555	0.51	0.555	0.6	0.6475	0.595	0.6475	0.7	0.37	0.34	0.37	0.4	0.30525	0.2805	0.30525	0.33	0.4625	0.425	0.4625	0.5	0.6475	0.595	0.6475	0.7	0.74	0.68	0.74	0.8	0.6475	0.595	0.6475	0.7	0.4625	0.425	0.4625	0.5	0.555	0.51	0.555	0.6	0.6475	0.595	0.6475	0.7	0.8325	0.765	0.8325	0.9	0.925	0.85	0.925	1	1	
