46
0 73.72 59.45 55.15 70.21 81.2 75.43 63.01 53.28 72.4 78.57 69.81 65.93 69.39 71.04 69.31 72.01 72.64 71.74 64.57 91.57 60.7 75.23 73.17 84.17 77.24 69.06 69.23 72.1 77.94 67.06 72.52 66.47 76.03 75.9 69.26 63.17 75.12 71.04 70.69 71.81 70.85 70.13 77.29 72.13 81.77 
73.72 0 14.61 29.26 4.72 9.9 9.53 10.72 22.63 7.4 15.78 4.7 7.86 6.02 7.58 6.1 4.21 9.16 10.62 9.17 18.24 16.7 9.27 9.62 10.74 9.14 10.3 5.93 6.34 5.28 6.75 8.9 7.7 8.44 4.18 5.45 11.79 8.91 8.94 7.04 7.55 4.63 7.21 8.95 5.34 8.54 
59.45 14.61 0 18.17 12.27 23.57 16.04 4.33 8.67 13.4 25.38 10.39 6.78 9.97 12.06 11.98 14.16 14.13 13.81 5.63 32.84 6.68 15.82 14.48 25.34 18.28 10.94 11.74 12.88 18.49 7.87 13.94 7.05 16.99 16.45 11.41 8.76 15.68 12.41 14.25 12.84 11.4 13.75 18.28 12.77 23.07 
55.15 29.26 18.17 0 28.98 39.16 29.31 21.96 11.05 23.65 42.96 24.62 23.15 23.24 22.64 29.18 30.67 22.82 21.3 22.67 46.18 12.82 29.03 29.99 39.14 32.68 19.75 28.87 24.09 30.68 23.83 22.87 22.35 31.43 28.75 28.33 18.29 27.91 28.37 31.61 23.15 24.7 31.2 32.59 24.76 37.37 
70.21 4.72 12.27 28.98 0 11.39 7.35 7.96 20.85 10.47 14.13 5.65 5.88 7.2 10.06 10.71 8.94 12.26 13.38 6.69 21.35 16.16 7.33 11.07 13.99 7.35 12.07 10.37 9.3 10 5.16 11.97 6.68 6.37 8.78 9.74 10.71 8.56 9.87 11.76 10.37 6.68 11.94 7.46 8.32 11.57 
81.2 9.9 23.57 39.16 11.39 0 10.42 19.31 32.02 16.59 9.44 14.54 16.9 15.92 17.14 12.03 9.49 18.12 19.74 17.94 10.88 26.52 10.68 9.29 5.25 6.76 20 12.17 15.74 10.52 15.92 17.92 17.19 7.87 11.6 12.31 21.39 12.26 11.22 10.51 16.9 14.51 11.06 6.92 14.85 11.62 
75.43 9.53 16.04 29.31 7.35 10.42 0 12.5 23.59 6.17 17.54 5.66 9.54 6.46 6.81 8.73 6.81 7.73 9.33 10.93 17.23 17.14 8.79 4.37 9.9 11.85 9.72 8.54 5.37 10.75 8.41 7.52 8.99 10.7 9.95 8.02 12.74 9.17 5.63 9.65 6.5 4.89 9.84 8.58 4.57 8.07 
63.01 10.72 4.33 21.96 7.96 19.31 12.5 0 12.98 11.28 21.18 7.08 9.29 7.23 10.08 7.66 9.85 12.48 12.66 8.99 28.83 9.52 12.32 10.36 21.34 14.31 10.05 7.41 10.47 15.12 10.02 12.23 8.64 13.06 13.19 7.08 4.43 12.51 8.25 9.95 10.81 8.35 9.47 14.34 10.05 19.02 
53.28 22.63 8.67 11.05 20.85 32.02 23.59 12.98 0 19.42 33.99 18.05 15.13 17.15 18.1 20.64 22.72 19.45 18.47 14.16 40.77 7.41 23.34 22.79 33.31 26.31 15.85 20.38 19.32 25.71 16.11 19.35 14.95 25.01 23.63 20.02 10.88 22.78 20.81 22.91 18.83 18.71 22.41 26.29 19.57 31.17 
72.4 7.4 13.4 23.65 10.47 16.59 6.17 11.28 19.42 0 23.18 5.19 8.71 4.19 9.69 11.65 11.01 9.89 10.63 9.97 22.53 12.29 5.9 8.98 15.6 9.82 9.06 11.34 9.87 7.04 7.93 9.6 7.36 8.8 5.21 10.62 9.35 4.42 8.77 13.52 9.25 8.7 13.48 9.67 10.2 14.06 
78.57 15.78 25.38 42.96 14.13 9.44 17.54 21.18 33.99 23.18 0 19.38 19.84 20.97 23.26 13.79 12.71 24.94 26.39 20.31 18.28 30.18 17.74 14.27 14.6 14.3 25.75 14.11 22.1 18.7 19.25 24.68 20.79 14.83 19.08 14.68 24.69 19.47 15.17 11.35 23.3 20 11.77 14.51 21.08 13.28 
69.81 4.7 10.39 24.62 5.65 14.54 5.66 7.08 18.05 5.19 19.38 0 9.92 9.38 4.51 6.66 6.7 6.87 7.82 5.55 22.72 12 5.44 5.42 15.27 8.32 6.45 6.33 10.53 8.13 8.95 6.58 10.3 7.02 6.14 5.6 7.17 5.43 4.24 8.78 4.95 9.31 8.64 8.27 9.73 13.17 
65.93 7.86 6.78 23.15 5.88 16.9 9.54 9.29 15.13 8.71 19.84 9.92 0 4.53 7.63 6.05 7.67 10.1 10.56 9.41 26.07 10.35 9.35 7.71 18.57 11.51 8.27 5.73 7.79 12.16 9.77 9.83 9.06 10.23 10.23 5.19 4.86 9.56 5.68 8.5 8.3 5.47 8.12 11.52 7.25 16.29 
69.39 6.02 9.97 23.24 7.2 15.92 6.46 7.23 17.15 4.19 20.97 9.38 4.53 0 11.02 8.15 8.29 5.69 6.44 5.84 23.68 10.76 6.2 6.94 16.3 9.5 4.87 7.81 9.25 8.63 10.54 5.41 10.54 8.22 6.56 7.08 6.34 5.75 5.83 10.34 10.58 10 10.17 9.43 10.04 14.3 
71.04 7.58 12.06 22.64 10.06 17.14 6.81 10.08 18.1 9.69 23.26 4.51 7.63 11.02 0 11.15 10.83 11.13 12.33 8.83 23.57 11.03 6.53 9 16.51 10.39 10.96 10.82 10.76 8.06 6.95 10.93 6.21 9.27 6.11 10.1 7.99 5.27 8.46 13.18 9.46 9.55 13.08 10.26 10.82 14.84 
69.31 6.1 11.98 29.18 10.71 12.03 8.73 7.66 20.64 11.65 13.79 6.66 6.05 8.15 11.15 0 10.31 13.41 14.46 6.58 22.28 16.39 8.71 4.62 15 8.57 12.97 9.13 10.49 11.37 5.55 13.12 7.1 7.66 10.16 8.79 10.9 9.92 10.26 9.9 11.51 7.81 10.11 8.69 9.53 12.57 
72.01 4.21 14.16 30.67 8.94 9.49 6.81 9.85 22.72 11.01 12.71 6.7 7.67 8.29 10.83 10.31 0 12.82 14.09 8.56 19.57 17.85 6.86 10.31 12.27 5.96 13.12 10.14 9.86 9.24 6.85 12.54 8.32 5.2 8.39 9.66 12.44 8.35 10.27 11.25 11.01 7.45 11.43 6.1 8.84 9.84 
72.64 9.16 14.13 22.82 12.26 18.12 7.73 12.48 19.45 9.89 24.94 6.87 10.1 5.69 11.13 13.41 12.82 0 12.14 11.27 23.46 12.12 7.47 10.77 16.77 11.38 10.57 13.1 11.22 8.16 9.43 10.92 8.66 10.42 6.56 12.38 9.99 5.86 10.57 15.32 10.69 5.61 15.27 11.21 11.77 15.4 
71.74 10.62 13.81 21.3 13.38 19.74 9.33 12.66 18.47 10.63 26.39 7.82 10.56 6.44 12.33 14.46 14.09 12.14 0 11.61 25.06 11.07 9.07 12.15 18.41 12.98 8.67 14.14 4.29 9.81 10.04 11.85 9.05 12 8.2 13.41 9.66 7.49 11.76 16.49 12.32 6.7 16.4 12.82 5.31 17.04 
64.57 9.17 5.63 22.67 6.69 17.94 10.93 8.99 14.16 9.97 20.31 5.55 9.41 5.84 8.83 6.58 8.56 11.27 11.61 0 27.33 9.98 10.75 8.88 19.83 12.78 9.15 6.3 9.09 13.56 10.14 11.01 8.76 11.52 11.64 5.87 4.55 10.97 6.79 8.98 9.53 6.86 8.54 12.8 8.61 17.52 
91.57 18.24 32.84 46.18 21.35 10.88 17.23 28.83 40.77 22.53 18.28 22.72 26.07 23.68 23.57 22.28 19.57 23.46 25.06 27.33 0 34.34 17.49 18.49 7.51 14.56 26.43 22.35 22.14 15.51 24.97 23.38 25.91 15.85 17.5 22.31 29.89 18.35 20.62 21.15 23.03 22.12 21.69 14.56 21.59 9.83 
60.7 16.7 6.68 12.82 16.16 26.52 17.14 9.52 7.41 12.29 30.18 12 10.35 10.76 11.03 16.39 17.85 12.12 11.07 9.98 34.34 0 16.87 17.28 27.03 20.26 8.55 16.08 12.36 18.95 11.01 12.05 9.53 18.97 16.9 15.53 5.5 16.04 15.57 18.84 11.71 12.3 18.44 20.19 12.78 25.07 
75.23 9.27 15.82 29.03 7.33 10.68 8.79 12.32 23.34 5.9 17.74 5.44 9.35 6.2 6.53 8.71 6.86 7.47 9.07 10.75 17.49 16.87 0 4.43 10.17 11.81 9.44 8.52 5.09 10.47 8.23 7.26 8.77 10.66 9.69 7.98 12.49 8.92 5.59 9.7 6.23 4.64 9.88 8.64 4.29 8.35 
73.17 9.62 14.48 29.99 11.07 9.29 4.37 10.36 22.79 8.98 14.27 5.42 7.71 6.94 9 4.62 10.31 10.77 12.15 8.88 18.49 17.28 4.43 0 11.02 10.91 11.55 4.51 7.87 6.85 6.68 10.5 7.9 10.21 5.95 4.17 12.1 5.95 9.66 5.28 9.06 5.78 5.49 4.21 6.84 8.67 
84.17 10.74 25.34 39.14 13.99 5.25 9.9 21.34 33.31 15.6 14.6 15.27 18.57 16.3 16.51 15 12.27 16.77 18.41 19.83 7.51 27.03 10.17 11.02 0 7.06 19.42 15.04 15.06 8.61 17.47 16.64 18.42 8.35 10.41 14.94 22.44 11.24 13.15 14.17 16.05 14.74 14.67 7.06 14.4 11.91 
77.24 9.14 18.28 32.68 7.35 6.76 11.85 14.31 26.31 9.82 14.3 8.32 11.51 9.5 10.39 8.57 5.96 11.38 12.98 12.78 14.56 20.26 11.81 10.91 7.06 0 13.28 8.52 8.98 4.44 10.41 11.17 11.39 8.75 4.96 8.27 15.46 5.53 6.22 8.51 10.14 8 8.89 8.65 8.12 4.85 
69.06 10.3 10.94 19.75 12.07 20 9.72 10.05 15.85 9.06 25.75 6.45 8.27 4.87 10.96 12.97 13.12 10.57 8.67 9.15 26.43 8.55 9.44 11.55 19.42 13.28 0 12.63 4.38 10.93 7.96 10.28 6.74 12.13 9.01 11.91 6.8 8.18 10.67 15.2 11.4 5.77 15.03 13.15 5.17 17.77 
69.23 5.93 11.74 28.87 10.37 12.17 8.54 7.41 20.38 11.34 14.11 6.33 5.73 7.81 10.82 9.13 10.14 13.1 14.14 6.3 22.35 16.08 8.52 4.51 15.04 8.52 12.63 0 10.18 11.21 5.21 12.81 6.76 7.57 9.95 8.69 10.58 9.69 9.93 9.79 11.19 7.49 10 8.64 9.23 12.61 
72.1 6.34 12.88 24.09 9.3 15.74 5.37 10.47 19.32 9.87 22.1 10.53 7.79 9.25 10.76 10.49 9.86 11.22 4.29 9.09 22.14 12.36 5.09 7.87 15.06 8.98 4.38 10.18 0 6.64 6.94 11.04 6.51 7.89 4.66 9.46 8.94 11.78 7.6 12.36 10.3 9.71 12.31 8.84 9.39 13.39 
77.94 5.28 18.49 30.68 10 10.52 10.75 15.12 25.71 7.04 18.7 8.13 12.16 8.63 8.06 11.37 9.24 8.16 9.81 13.56 15.51 18.95 10.47 6.85 8.61 4.44 10.93 11.21 6.64 0 11.04 8.03 11.47 4.31 8.57 10.72 14.97 9 8.34 12.06 7.53 7.12 12.31 4.22 6.18 7.34 
67.06 6.75 7.87 23.83 5.16 15.92 8.41 10.02 16.11 7.93 19.25 8.95 9.77 10.54 6.95 5.55 6.85 9.43 10.04 10.14 24.97 11.01 8.23 6.68 17.47 10.41 7.96 5.21 6.94 11.04 0 9.15 8.96 9.12 9.13 4.59 5.59 8.48 4.71 7.99 7.57 4.48 7.67 10.41 6.32 15.21 
72.52 8.9 13.94 22.87 11.97 17.92 7.52 12.23 19.35 9.6 24.68 6.58 9.83 5.41 10.93 13.12 12.54 10.92 11.85 11.01 23.38 12.05 7.26 10.5 16.64 11.17 10.28 12.81 11.04 8.03 9.15 0 8.39 10.2 6.39 12.09 9.8 5.67 10.28 15.03 10.5 5.32 14.98 11.01 11.55 15.23 
66.47 7.7 7.05 22.35 6.68 17.19 8.99 8.64 14.95 7.36 20.79 10.3 9.06 10.54 6.21 7.1 8.32 8.66 9.05 8.76 25.91 9.53 8.77 7.9 18.42 11.39 6.74 6.76 6.51 11.47 8.96 8.39 0 10.08 9.46 6.14 4.2 8.72 6.07 9.54 6.91 4.47 9.22 11.37 6.1 16.23 
76.03 8.44 16.99 31.43 6.37 7.87 10.7 13.06 25.01 8.8 14.83 7.02 10.23 8.22 9.27 7.66 5.2 10.42 12 11.52 15.85 18.97 10.66 10.21 8.35 8.75 12.13 7.57 7.89 4.31 9.12 10.2 10.08 0 4.26 7.24 14.15 4.68 5.07 7.91 9.07 6.73 8.23 8.53 6.98 6.16 
75.9 4.18 16.45 28.75 8.78 11.6 9.95 13.19 23.63 5.21 19.08 6.14 10.23 6.56 6.11 10.16 8.39 6.56 8.2 11.64 17.5 16.9 9.69 5.95 10.41 4.96 9.01 9.95 4.66 8.57 9.13 6.39 9.46 4.26 0 9.38 12.89 8.94 7.01 11.22 5.64 5.06 11.39 4.77 9.52 8.86 
69.26 5.45 11.41 28.33 9.74 12.31 8.02 7.08 20.02 10.62 14.68 5.6 5.19 7.08 10.1 8.79 9.66 12.38 13.41 5.87 22.31 15.53 7.98 4.17 14.94 8.27 11.91 8.69 9.46 10.72 4.59 12.09 6.14 7.24 9.38 0 10.04 9.09 9.3 9.45 10.47 6.77 9.66 8.37 8.52 12.53 
63.17 11.79 8.76 18.29 10.71 21.39 12.74 4.43 10.88 9.35 24.69 7.17 4.86 6.34 7.99 10.9 12.44 9.99 9.66 4.55 29.89 5.5 12.49 12.1 22.44 15.46 6.8 10.58 8.94 14.97 5.59 9.8 4.2 14.15 12.89 10.04 0 12.07 10.26 13.34 8.78 7.88 12.95 15.42 8.97 20.31 
75.12 8.91 15.68 27.91 8.56 12.26 9.17 12.51 22.78 4.42 19.47 5.43 9.56 5.75 5.27 9.92 8.35 5.86 7.49 10.97 18.35 16.04 8.92 5.95 11.24 5.53 8.18 9.69 11.78 9 8.48 5.67 8.72 4.68 8.94 9.09 12.07 0 6.75 11.15 4.83 4.28 11.29 5.36 11.66 9.64 
71.04 8.94 12.41 28.37 9.87 11.22 5.63 8.25 20.81 8.77 15.17 4.24 5.68 5.83 8.46 10.26 10.27 10.57 11.76 6.79 20.62 15.57 5.59 9.66 13.15 6.22 10.67 9.93 7.6 8.34 4.71 10.28 6.07 5.07 7.01 9.3 10.26 6.75 0 4.75 8.71 5.07 4.74 6.28 6.6 10.79 
70.69 7.04 14.25 31.61 11.76 10.51 9.65 9.95 22.91 13.52 11.35 8.78 8.5 10.34 13.18 9.9 11.25 15.32 16.49 8.98 21.15 18.84 9.7 5.28 14.17 8.51 15.2 9.79 12.36 12.06 7.99 15.03 9.54 7.91 11.22 9.45 13.34 11.15 4.75 0 13.45 9.79 9.5 8.68 11.36 11.75 
71.81 7.55 12.84 23.15 10.37 16.9 6.5 10.81 18.83 9.25 23.3 4.95 8.3 10.58 9.46 11.51 11.01 10.69 12.32 9.53 23.03 11.71 6.23 9.06 16.05 10.14 11.4 11.19 10.3 7.53 7.57 10.5 6.91 9.07 5.64 10.47 8.78 4.83 8.71 13.45 0 9.11 13.39 9.99 10.52 14.46 
70.85 4.63 11.4 24.7 6.68 14.51 4.89 8.35 18.71 8.7 20 9.31 5.47 10 9.55 7.81 7.45 5.61 6.7 6.86 22.12 12.3 4.64 5.78 14.74 8 5.77 7.49 9.71 7.12 4.48 5.32 4.47 6.73 5.06 6.77 7.88 4.28 5.07 9.79 9.11 0 9.7 7.91 8.93 12.77 
70.13 7.21 13.75 31.2 11.94 11.06 9.84 9.47 22.41 13.48 11.77 8.64 8.12 10.17 13.08 10.11 11.43 15.27 16.4 8.54 21.69 18.44 9.88 5.49 14.67 8.89 15.03 10 12.31 12.31 7.67 14.98 9.22 8.23 11.39 9.66 12.95 11.29 4.74 9.5 13.39 9.7 0 9.05 11.33 12.25 
77.29 8.95 18.28 32.59 7.46 6.92 8.58 14.34 26.29 9.67 14.51 8.27 11.52 9.43 10.26 8.69 6.1 11.21 12.82 12.8 14.56 20.19 8.64 4.21 7.06 8.65 13.15 8.64 8.84 4.22 10.41 11.01 11.37 8.53 4.77 8.37 15.42 5.36 6.28 8.68 9.99 7.91 9.05 0 7.99 4.9 
72.13 5.34 12.77 24.76 8.32 14.85 4.57 10.05 19.57 10.2 21.08 9.73 7.25 10.04 10.82 9.53 8.84 11.77 5.31 8.61 21.59 12.78 4.29 6.84 14.4 8.12 5.17 9.23 9.39 6.18 6.32 11.55 6.1 6.98 9.52 8.52 8.97 11.66 6.6 11.36 10.52 8.93 11.33 7.99 0 12.64 
81.77 8.54 23.07 37.37 11.57 11.62 8.07 19.02 31.17 14.06 13.28 13.17 16.29 14.3 14.84 12.57 9.84 15.4 17.04 17.52 9.83 25.07 8.35 8.67 11.91 4.85 17.77 12.61 13.39 7.34 15.21 15.23 16.23 6.16 8.86 12.53 20.31 9.64 10.79 11.75 14.46 12.77 12.25 4.9 12.64 0 
0	5000
0	123
0	141
0	163
0	228
0	266
0	296
0	331
0	357
0	392
0	430
0	459
0	485
0	498
0	528
0	565
0	592
0	621
0	644
0	663
0	704
0	751
0	775
0	782
0	800
0	811
0	834
0	863
0	883
0	895
0	916
0	932
0	946
0	962
0	969
0	983
0	998
0	1013
0	1021
0	1028
0	1044
0	1054
0	1065
0	1075
0	1084
0	1098
C:
0 3 3 3 3 3 3 3 3 3 3 3 3 3 3 3 3 3 3 3 3 3 3 3 3 3 3 3 3 3 3 3 3 3 3 3 3 3 3 3 3 3 3 3 3 3 3 
1 0 1 1 1 1 1 1 1 1 1 1 1 1 1 1 1 1 1 1 1 1 1 1 1 1 1 1 1 1 1 1 1 1 1 1 1 1 1 1 1 1 1 1 1 1 1 
1 1 0 1 1 1 1 1 1 1 1 1 1 1 1 1 1 1 1 1 1 1 1 1 1 1 1 1 1 1 1 1 1 1 1 1 1 1 1 1 1 1 1 1 1 1 1 
3 3 3 0 3 3 3 3 3 3 3 3 3 3 3 3 3 3 3 3 3 3 3 3 3 3 3 3 3 3 3 3 3 3 3 3 3 3 3 3 3 3 3 3 3 3 3 
1 1 1 1 0 1 1 1 1 1 1 1 1 1 1 1 1 1 1 1 1 1 1 1 1 1 1 1 1 1 1 1 1 1 1 1 1 1 1 1 1 1 1 1 1 1 1 
1 1 1 1 1 0 1 1 1 1 1 1 1 1 1 1 1 1 1 1 1 1 1 1 1 1 1 1 1 1 1 1 1 1 1 1 1 1 1 1 1 1 1 1 1 1 1 
1 1 1 1 1 1 0 1 1 1 1 1 1 1 1 1 1 1 1 1 1 1 1 1 1 1 1 1 1 1 1 1 1 1 1 1 1 1 1 1 1 1 1 1 1 1 1 
1 1 1 1 1 1 1 0 1 1 1 1 1 1 1 1 1 1 1 1 1 1 1 1 1 1 1 1 1 1 1 1 1 1 1 1 1 1 1 1 1 1 1 1 1 1 1 
2 2 2 2 2 2 2 2 0 2 2 2 2 2 2 2 2 2 2 2 2 2 2 2 2 2 2 2 2 2 2 2 2 2 2 2 2 2 2 2 2 2 2 2 2 2 2 
1 1 1 1 1 1 1 1 1 0 1 1 1 1 1 1 1 1 1 1 1 1 1 1 1 1 1 1 1 1 1 1 1 1 1 1 1 1 1 1 1 1 1 1 1 1 1 
2 2 2 2 2 2 2 2 2 2 0 2 2 2 2 2 2 2 2 2 2 2 2 2 2 2 2 2 2 2 2 2 2 2 2 2 2 2 2 2 2 2 2 2 2 2 2 
1 1 1 1 1 1 1 1 1 1 1 0 1 1 1 1 1 1 1 1 1 1 1 1 1 1 1 1 1 1 1 1 1 1 1 1 1 1 1 1 1 1 1 1 1 1 1 
1 1 1 1 1 1 1 1 1 1 1 1 0 1 1 1 1 1 1 1 1 1 1 1 1 1 1 1 1 1 1 1 1 1 1 1 1 1 1 1 1 1 1 1 1 1 1 
1 1 1 1 1 1 1 1 1 1 1 1 1 0 1 1 1 1 1 1 1 1 1 1 1 1 1 1 1 1 1 1 1 1 1 1 1 1 1 1 1 1 1 1 1 1 1 
1 1 1 1 1 1 1 1 1 1 1 1 1 1 0 1 1 1 1 1 1 1 1 1 1 1 1 1 1 1 1 1 1 1 1 1 1 1 1 1 1 1 1 1 1 1 1 
1 1 1 1 1 1 1 1 1 1 1 1 1 1 1 0 1 1 1 1 1 1 1 1 1 1 1 1 1 1 1 1 1 1 1 1 1 1 1 1 1 1 1 1 1 1 1 
1 1 1 1 1 1 1 1 1 1 1 1 1 1 1 1 0 1 1 1 1 1 1 1 1 1 1 1 1 1 1 1 1 1 1 1 1 1 1 1 1 1 1 1 1 1 1 
1 1 1 1 1 1 1 1 1 1 1 1 1 1 1 1 1 0 1 1 1 1 1 1 1 1 1 1 1 1 1 1 1 1 1 1 1 1 1 1 1 1 1 1 1 1 1 
1 1 1 1 1 1 1 1 1 1 1 1 1 1 1 1 1 1 0 1 1 1 1 1 1 1 1 1 1 1 1 1 1 1 1 1 1 1 1 1 1 1 1 1 1 1 1 
1 1 1 1 1 1 1 1 1 1 1 1 1 1 1 1 1 1 1 0 1 1 1 1 1 1 1 1 1 1 1 1 1 1 1 1 1 1 1 1 1 1 1 1 1 1 1 
2 2 2 2 2 2 2 2 2 2 2 2 2 2 2 2 2 2 2 2 0 2 2 2 2 2 2 2 2 2 2 2 2 2 2 2 2 2 2 2 2 2 2 2 2 2 2 
1 1 1 1 1 1 1 1 1 1 1 1 1 1 1 1 1 1 1 1 1 0 1 1 1 1 1 1 1 1 1 1 1 1 1 1 1 1 1 1 1 1 1 1 1 1 1 
1 1 1 1 1 1 1 1 1 1 1 1 1 1 1 1 1 1 1 1 1 1 0 1 1 1 1 1 1 1 1 1 1 1 1 1 1 1 1 1 1 1 1 1 1 1 1 
1 1 1 1 1 1 1 1 1 1 1 1 1 1 1 1 1 1 1 1 1 1 1 0 1 1 1 1 1 1 1 1 1 1 1 1 1 1 1 1 1 1 1 1 1 1 1 
1 1 1 1 1 1 1 1 1 1 1 1 1 1 1 1 1 1 1 1 1 1 1 1 0 1 1 1 1 1 1 1 1 1 1 1 1 1 1 1 1 1 1 1 1 1 1 
1 1 1 1 1 1 1 1 1 1 1 1 1 1 1 1 1 1 1 1 1 1 1 1 1 0 1 1 1 1 1 1 1 1 1 1 1 1 1 1 1 1 1 1 1 1 1 
1 1 1 1 1 1 1 1 1 1 1 1 1 1 1 1 1 1 1 1 1 1 1 1 1 1 0 1 1 1 1 1 1 1 1 1 1 1 1 1 1 1 1 1 1 1 1 
1 1 1 1 1 1 1 1 1 1 1 1 1 1 1 1 1 1 1 1 1 1 1 1 1 1 1 0 1 1 1 1 1 1 1 1 1 1 1 1 1 1 1 1 1 1 1 
1 1 1 1 1 1 1 1 1 1 1 1 1 1 1 1 1 1 1 1 1 1 1 1 1 1 1 1 0 1 1 1 1 1 1 1 1 1 1 1 1 1 1 1 1 1 1 
1 1 1 1 1 1 1 1 1 1 1 1 1 1 1 1 1 1 1 1 1 1 1 1 1 1 1 1 1 0 1 1 1 1 1 1 1 1 1 1 1 1 1 1 1 1 1 
1 1 1 1 1 1 1 1 1 1 1 1 1 1 1 1 1 1 1 1 1 1 1 1 1 1 1 1 1 1 0 1 1 1 1 1 1 1 1 1 1 1 1 1 1 1 1 
1 1 1 1 1 1 1 1 1 1 1 1 1 1 1 1 1 1 1 1 1 1 1 1 1 1 1 1 1 1 1 0 1 1 1 1 1 1 1 1 1 1 1 1 1 1 1 
1 1 1 1 1 1 1 1 1 1 1 1 1 1 1 1 1 1 1 1 1 1 1 1 1 1 1 1 1 1 1 1 0 1 1 1 1 1 1 1 1 1 1 1 1 1 1 
1 1 1 1 1 1 1 1 1 1 1 1 1 1 1 1 1 1 1 1 1 1 1 1 1 1 1 1 1 1 1 1 1 0 1 1 1 1 1 1 1 1 1 1 1 1 1 
1 1 1 1 1 1 1 1 1 1 1 1 1 1 1 1 1 1 1 1 1 1 1 1 1 1 1 1 1 1 1 1 1 1 0 1 1 1 1 1 1 1 1 1 1 1 1 
1 1 1 1 1 1 1 1 1 1 1 1 1 1 1 1 1 1 1 1 1 1 1 1 1 1 1 1 1 1 1 1 1 1 1 0 1 1 1 1 1 1 1 1 1 1 1 
1 1 1 1 1 1 1 1 1 1 1 1 1 1 1 1 1 1 1 1 1 1 1 1 1 1 1 1 1 1 1 1 1 1 1 1 0 1 1 1 1 1 1 1 1 1 1 
1 1 1 1 1 1 1 1 1 1 1 1 1 1 1 1 1 1 1 1 1 1 1 1 1 1 1 1 1 1 1 1 1 1 1 1 1 0 1 1 1 1 1 1 1 1 1 
1 1 1 1 1 1 1 1 1 1 1 1 1 1 1 1 1 1 1 1 1 1 1 1 1 1 1 1 1 1 1 1 1 1 1 1 1 1 0 1 1 1 1 1 1 1 1 
1 1 1 1 1 1 1 1 1 1 1 1 1 1 1 1 1 1 1 1 1 1 1 1 1 1 1 1 1 1 1 1 1 1 1 1 1 1 1 0 1 1 1 1 1 1 1 
1 1 1 1 1 1 1 1 1 1 1 1 1 1 1 1 1 1 1 1 1 1 1 1 1 1 1 1 1 1 1 1 1 1 1 1 1 1 1 1 0 1 1 1 1 1 1 
1 1 1 1 1 1 1 1 1 1 1 1 1 1 1 1 1 1 1 1 1 1 1 1 1 1 1 1 1 1 1 1 1 1 1 1 1 1 1 1 1 0 1 1 1 1 1 
1 1 1 1 1 1 1 1 1 1 1 1 1 1 1 1 1 1 1 1 1 1 1 1 1 1 1 1 1 1 1 1 1 1 1 1 1 1 1 1 1 1 0 1 1 1 1 
1 1 1 1 1 1 1 1 1 1 1 1 1 1 1 1 1 1 1 1 1 1 1 1 1 1 1 1 1 1 1 1 1 1 1 1 1 1 1 1 1 1 1 0 1 1 1 
1 1 1 1 1 1 1 1 1 1 1 1 1 1 1 1 1 1 1 1 1 1 1 1 1 1 1 1 1 1 1 1 1 1 1 1 1 1 1 1 1 1 1 1 0 1 1 
1 1 1 1 1 1 1 1 1 1 1 1 1 1 1 1 1 1 1 1 1 1 1 1 1 1 1 1 1 1 1 1 1 1 1 1 1 1 1 1 1 1 1 1 1 0 1 
3 3 3 3 3 3 3 3 3 3 3 3 3 3 3 3 3 3 3 3 3 3 3 3 3 3 3 3 3 3 3 3 3 3 3 3 3 3 3 3 3 3 3 3 3 3 0 
Time:
0	15
15	30
30	45
45	60
60	75
75	90
90	105
105	120
120	135
135	150
150	165
165	180
180	195
195	210
210	225
225	240
240	255
255	270
270	285
285	300
300	315
315	330
330	345
345	360
360	375
375	390
390	405
405	420
420	435
435	450
450	465
465	480
480	495
495	510
510	525
525	540
540	555
555	570
570	585
585	600
600	615
615	630
630	645
645	660
660	675
675	690
690	705
705	720
720	735
735	750
750	765
765	780
780	795
795	810
810	825
825	840
840	855
855	870
870	885
885	900
900	915
915	930
930	945
945	960
960	975
975	990
990	1005
1005	1020
1020	1035
1035	1050
1050	1065
1065	1080
1080	5000
Speed:
0.925	0.85	0.925	1	0.8325	0.765	0.8325	0.9	0.4625	0.425	0.4625	0.5	0.30525	0.2805	0.30525	0.33	0.37	0.34	0.37	0.4	0.555	0.51	0.555	0.6	0.6475	0.595	0.6475	0.7	0.37	0.34	0.37	0.4	0.30525	0.2805	0.30525	0.33	0.4625	0.425	0.4625	0.5	0.6475	0.595	0.6475	0.7	0.74	0.68	0.74	0.8	0.6475	0.595	0.6475	0.7	0.4625	0.425	0.4625	0.5	0.555	0.51	0.555	0.6	0.6475	0.595	0.6475	0.7	0.8325	0.765	0.8325	0.9	0.925	0.85	0.925	1	1	
0.925	0.85	0.925	1	0.8325	0.765	0.8325	0.9	0.4625	0.425	0.4625	0.5	0.30525	0.2805	0.30525	0.33	0.37	0.34	0.37	0.4	0.555	0.51	0.555	0.6	0.6475	0.595	0.6475	0.7	0.37	0.34	0.37	0.4	0.30525	0.2805	0.30525	0.33	0.4625	0.425	0.4625	0.5	0.6475	0.595	0.6475	0.7	0.74	0.68	0.74	0.8	0.6475	0.595	0.6475	0.7	0.4625	0.425	0.4625	0.5	0.555	0.51	0.555	0.6	0.6475	0.595	0.6475	0.7	0.8325	0.765	0.8325	0.9	0.925	0.85	0.925	1	1	
0.925	0.85	0.925	1	0.8325	0.765	0.8325	0.9	0.4625	0.425	0.4625	0.5	0.30525	0.2805	0.30525	0.33	0.37	0.34	0.37	0.4	0.555	0.51	0.555	0.6	0.6475	0.595	0.6475	0.7	0.37	0.34	0.37	0.4	0.30525	0.2805	0.30525	0.33	0.4625	0.425	0.4625	0.5	0.6475	0.595	0.6475	0.7	0.74	0.68	0.74	0.8	0.6475	0.595	0.6475	0.7	0.4625	0.425	0.4625	0.5	0.555	0.51	0.555	0.6	0.6475	0.595	0.6475	0.7	0.8325	0.765	0.8325	0.9	0.925	0.85	0.925	1	1	
