46
0 70.59 61.02 76.83 73.31 69.37 67.8 67.01 69.17 76.85 72.63 67.57 81.5 64.18 88.28 72.52 74.7 77.97 64.6 64.55 63.16 61.85 73.68 72.22 71.96 64.93 80.8 73.66 76.42 61.34 71.38 62.13 74.94 69.72 70.69 78.29 59.88 82.16 66.07 81.6 72.51 69.19 67.86 69.57 61.34 70.4 
70.59 0 13.18 12.42 11.92 7.04 17.57 13.52 5.02 6.38 10.45 8.18 14.21 10.13 19.15 13.71 4.2 13.46 11.83 19.82 12.68 25.57 11 16.25 18.39 9.2 12.31 11.46 6.32 19.8 20.65 11.76 5.3 9.48 15.18 13.66 16.29 12.32 8.88 11.08 13.56 6.1 23.91 9.68 15.83 8.62 
61.02 13.18 0 15.82 15.72 8.73 9.95 6.84 9.31 17.91 13.09 6.8 20.52 12.42 27.47 12.01 16.12 16.97 14.65 9.6 11.34 13.97 16.89 12.65 13.52 4.37 20.06 12.68 19.33 7.87 14.49 12.3 18.47 10.96 10.91 17.3 11.55 21.94 5.32 22.32 11.96 8.88 14.94 10.73 11 13.16 
76.83 12.42 15.82 0 12.11 8.2 11.81 10.31 9.49 9.98 8.47 9.61 5.11 12.81 12.27 5.42 10.38 9.47 12.23 15.51 13.68 21.28 13.5 7.59 9.65 12.21 5.88 13.16 13.71 17.57 12.09 14.78 14.33 10.73 7.99 11.33 17.2 8.94 11.02 11.34 5.34 8.83 16.92 10.69 15.86 12.68 
73.31 11.92 15.72 12.11 0 8.62 19.09 15.25 6.9 12.08 12.17 10.13 12.87 12.53 17.05 14.48 10.08 12.98 14.01 21.67 15 27.55 10.9 17.13 19.35 11.57 10.71 11.89 13.19 21.95 21.73 14.29 12.46 4.8 16.29 13.12 18.74 10.15 11.08 8.51 14.33 7.83 25.4 5.03 18.16 12.05 
69.37 7.04 8.73 8.2 8.62 0 10.56 6.63 9.43 9.63 4.9 9.5 12.23 5.32 18.92 7.18 8.24 9.43 5.91 13.05 7.2 18.97 10.1 9.48 11.51 4.48 11.45 5.78 11.93 13.56 13.69 7.42 11.56 4.4 8.24 9.73 11.13 13.2 10.29 13.74 7.04 9 16.9 4.21 10.2 7.19 
67.8 17.57 9.95 11.81 19.09 10.56 0 4.22 12.55 19.23 15.09 9.56 16.83 9.6 23.88 6.4 18.36 12.48 7.36 10.67 7.88 9.49 20.6 4.74 4.18 9.98 17.61 9.08 22.16 6.54 4.55 10.05 22 14.91 10.03 12.76 8.86 20.48 9.48 22.28 6.48 11.48 6.34 14.7 7.4 17.71 
67.01 13.52 6.84 10.31 15.25 6.63 4.22 0 8.51 15.89 11.41 5.4 15.39 5.58 22.55 5.52 14.75 11.3 9.97 6.44 4.5 12.42 16.73 5.81 6.85 5.84 15.6 7.13 18.5 7.51 8.29 6.5 18.19 10.85 12.5 11.62 7.13 18.14 5.26 19.45 5.5 7.47 10.48 10.64 5.68 13.64 
69.17 5.02 9.31 9.49 6.9 9.43 12.55 8.51 0 8.6 9.39 13.2 12.91 5.91 19.2 9.2 6.89 10.7 7.15 14.85 8.23 20.68 8.31 11.56 13.61 4.96 11.75 7.51 10.38 15.06 15.78 7.89 9.83 10.57 10.33 10.97 12.08 13.03 4.25 13.06 9.06 9.47 18.89 10.33 11.36 5.16 
76.85 6.38 17.91 9.98 12.08 9.63 19.23 15.89 8.6 0 4.83 11.5 9.45 14.51 13.06 13.68 10.57 10.58 15.52 22.29 16.73 28.3 4.63 16.36 18.62 13.56 7.11 10.81 11.22 23.15 21.09 16.49 4.76 7.29 15.91 10.63 20.63 6.17 12.77 4.75 13.54 9.17 25.31 7.47 19.81 6.6 
72.63 10.45 13.09 8.47 12.17 4.9 15.09 11.41 9.39 4.83 0 6.7 10.48 9.68 16.06 10.34 8.66 9.5 10.72 17.86 11.91 23.82 5.67 12.99 15.21 8.73 8.82 7.81 7.1 18.47 17.59 11.68 6.96 9.3 12.17 9.69 15.8 9.55 7.94 9.29 10.19 4.35 21.35 9.11 15 4.23 
67.57 8.18 6.8 9.61 10.13 9.5 9.56 5.4 13.2 11.5 6.7 0 13.95 10.98 20.76 7.47 9.98 10.83 12.6 11.64 5.26 17.44 11.54 9.39 11.2 11.17 13.31 6.81 13.57 11.85 13.17 5.51 13.06 5.52 7.9 11.14 9.18 15.15 10.66 15.68 7.36 11.05 15.87 5.3 8.31 8.28 
81.5 14.21 20.52 5.11 12.87 12.23 16.83 15.39 12.91 9.45 10.48 13.95 0 17.32 7.17 10.47 10.84 4.36 17.05 20.56 18.51 26.25 13.92 12.39 14.24 16.6 9.97 8.26 13.1 22.68 16.55 19.37 14.21 13.37 13.01 12.89 22.15 5.31 15.44 8.48 10.4 12.59 21.56 13.42 20.86 14.48 
64.18 10.13 12.42 12.81 12.53 5.32 9.6 5.58 5.91 14.51 9.68 10.98 17.32 0 24.17 9.73 12.78 14.01 10 10.55 10.08 15.83 13.78 11 12.36 9.8 16.73 9.81 16.11 9.83 13.86 10.22 15.36 7.73 9.3 14.33 6.22 18.52 10.16 18.89 9.65 5.44 15.48 7.5 5.71 10.15 
88.28 19.15 27.47 12.27 17.05 18.92 23.88 22.55 19.2 13.06 16.06 20.76 7.17 24.17 0 17.58 15.09 11.43 24.1 27.64 25.54 33.22 17.58 19.32 20.98 23.38 7.48 15.42 15.73 29.83 23.13 26.25 17.23 19.09 20.09 11.14 29.26 6.89 22.26 9.33 17.52 19.1 28.22 19.19 27.99 19.4 
72.52 13.71 12.01 5.42 14.48 7.18 6.4 5.52 9.2 13.68 10.34 7.47 10.47 9.73 17.58 0 13.28 6.15 8.36 10.1 9.68 15.88 16 11.14 4.95 9.49 11.22 10.45 17.03 12.3 7.41 11.31 17.2 11.29 12.89 6.44 12.65 14.16 8.41 16.17 10.04 8.15 11.82 11.15 11.19 13.92 
74.7 4.2 16.12 10.38 10.08 8.24 18.36 14.75 6.89 10.57 8.66 9.98 10.84 12.78 15.09 13.28 0 11.18 13.99 21.19 15.12 27.16 11.38 15.97 18.22 11.82 8.67 10.54 10.52 21.79 20.65 14.69 9.5 5.28 15.3 11.29 18.97 8.21 11.13 6.91 13.13 7.62 24.58 5.48 18.24 4.43 
77.97 13.46 16.97 9.47 12.98 9.43 12.48 11.3 10.7 10.58 9.5 10.83 4.36 14.01 11.43 6.15 11.18 0 13.37 16.22 14.81 21.89 14.34 8.05 9.96 13.42 5.61 4.31 14.35 18.43 12.33 15.96 15.07 11.87 8.66 8.94 18.26 8.78 12.23 11.44 6.09 10.06 17.28 11.84 16.9 13.72 
64.6 11.83 14.65 12.23 14.01 5.91 7.36 9.97 7.15 15.52 10.72 12.6 17.05 10 24.1 8.36 13.99 13.37 0 8.35 13.11 13.81 15.37 9.21 10.35 10.39 16.78 9.06 17.52 7.97 11.71 8.81 16.92 9.27 7.47 13.69 5.28 18.89 11.4 19.63 8.3 6.38 13.22 9.03 4.29 11.89 
64.55 19.82 9.6 15.51 21.67 13.05 10.67 6.44 14.85 22.29 17.86 11.64 20.56 10.55 27.64 10.1 21.19 16.22 8.35 0 8.19 6.02 23.13 8.49 7.56 11.21 21.24 12.64 24.95 10.61 6.87 10.23 24.61 17.16 7.56 16.5 7.36 24.03 11.1 25.64 10.17 13.85 5.4 16.94 6.24 19.91 
63.16 12.68 11.34 13.68 15 7.2 7.88 4.5 8.23 16.73 11.91 5.26 18.51 10.08 25.54 9.68 15.12 14.81 13.11 8.19 0 13.27 16.3 10.31 11.25 10.34 18.21 10.5 18.56 7.25 12.37 10.77 17.87 10.21 8.57 15.13 11.63 20.28 9.77 20.94 9.63 7.57 13.34 9.98 10.18 12.71 
61.85 25.57 13.97 21.28 27.55 18.97 9.49 12.42 20.68 28.3 23.82 17.44 26.25 15.83 33.22 15.88 27.16 21.89 13.81 6.02 13.27 0 28.98 13.91 12.4 16.62 27.1 18.56 30.89 6.11 10.72 14.98 30.49 22.94 13.3 22.16 10.91 29.96 16.72 31.65 15.97 19.72 6.17 22.71 10.48 25.65 
73.68 11 16.89 13.5 10.9 10.1 20.6 16.73 8.31 4.63 5.67 11.54 13.92 13.78 17.58 16 11.38 14.34 15.37 23.13 16.3 28.98 0 18.66 20.89 12.84 11.66 13.4 12.77 23.33 23.26 15.47 9.39 6.1 17.82 14.46 19.98 10.72 12.42 8.65 15.86 9.28 26.91 6.34 19.46 9.9 
72.22 16.25 12.65 7.59 17.13 9.48 4.74 5.81 11.56 16.36 12.99 9.39 12.39 11 19.32 11.14 15.97 8.05 9.21 8.49 10.31 13.91 18.66 0 8.92 10.97 13.47 5.56 19.72 11.2 4.73 12.24 19.88 13.76 10.21 8.29 12.59 16.52 10.03 18.7 11.22 10.47 9.33 13.6 11.08 16.45 
71.96 18.39 13.52 9.65 19.35 11.51 4.18 6.85 13.61 18.62 15.21 11.2 14.24 12.36 20.98 4.95 18.22 9.96 10.35 7.56 11.25 12.4 20.89 8.92 0 12.47 15.5 7.81 21.98 10.64 8.74 13.32 22.12 15.85 13.18 10.18 12.9 18.6 11.65 20.87 5.09 12.51 7.32 15.68 11.4 18.58 
64.93 9.2 4.37 12.21 11.57 4.48 9.98 5.84 4.96 13.56 8.73 11.17 16.6 9.8 23.38 9.49 11.82 13.42 10.39 11.21 10.34 16.62 12.84 10.97 12.47 0 15.92 9.3 15.15 10.68 14.11 11.14 14.41 6.77 9.31 13.74 7.18 17.64 9.21 17.95 9.39 4.52 16.02 6.54 6.63 9.23 
80.8 12.31 20.06 5.88 10.71 11.45 17.61 15.6 11.75 7.11 8.82 13.31 9.97 16.73 7.48 11.22 8.67 5.61 16.78 21.24 18.21 27.1 11.66 13.47 15.5 15.92 0 8.61 10.69 23.06 17.91 18.81 11.85 11.83 13.8 5.45 22.01 13.28 14.81 6.15 11.13 11.62 22.79 11.9 20.81 12.58 
73.66 11.46 12.68 13.16 11.89 5.78 9.08 7.13 7.51 10.81 7.81 6.81 8.26 9.81 15.42 10.45 10.54 4.31 9.06 12.64 10.5 18.56 13.4 5.56 7.81 9.3 8.61 0 14.24 14.49 10.29 11.71 14.51 9.28 5.37 4.63 13.98 11.4 8.11 13.28 10.4 6.61 14.72 9.17 12.64 11.69 
76.42 6.32 19.33 13.71 13.19 11.93 22.16 18.5 10.38 11.22 7.1 13.57 13.1 16.11 15.73 17.03 10.52 14.35 17.52 24.95 18.56 30.89 12.77 19.72 21.98 15.15 10.69 14.24 0 25.42 24.42 17.9 11.62 8.39 19.09 14.41 22.33 9.07 14.61 6.47 16.89 11.22 28.39 8.62 21.71 6.42 
61.34 19.8 7.87 17.57 21.95 13.56 6.54 7.51 15.06 23.15 18.47 11.85 22.68 9.83 29.83 12.3 21.79 18.43 7.97 10.61 7.25 6.11 23.33 11.2 10.64 10.68 23.06 14.49 25.42 0 10.18 8.88 24.87 17.23 9.95 18.73 4.93 25.65 10.92 26.91 12.35 14.2 8.25 17 4.37 19.85 
71.38 20.65 14.49 12.09 21.73 13.69 4.55 8.29 15.78 21.09 17.59 13.17 16.55 13.86 23.13 7.41 20.65 12.33 11.71 6.87 12.37 10.72 23.26 4.73 8.74 14.11 17.91 10.29 24.42 10.18 0 14.53 24.53 18.07 5.48 12.53 13.32 21.03 13.42 23.35 7.55 14.67 5.1 17.89 11.89 20.83 
62.13 11.76 12.3 14.78 14.29 7.42 10.05 6.5 7.89 16.49 11.68 5.51 19.37 10.22 26.25 11.31 14.69 15.96 8.81 10.23 10.77 14.98 15.47 12.24 13.32 11.14 18.81 11.71 17.9 8.88 14.53 0 17.05 9.52 10.5 16.28 4.59 20.61 11.63 20.92 11.25 7.5 15.46 9.3 4.52 11.75 
74.94 5.3 18.47 14.33 12.46 11.56 22 18.19 9.83 4.76 6.96 13.06 14.21 15.36 17.23 17.2 9.5 15.07 16.92 24.61 17.87 30.49 9.39 19.88 22.12 14.41 11.85 14.51 11.62 24.87 24.53 17.05 0 7.66 19.12 15.16 21.55 10.49 13.97 8.03 17.06 10.77 28.29 7.9 21.03 5.34 
69.72 9.48 10.96 10.73 4.8 4.4 14.91 10.85 10.57 7.29 9.3 5.52 13.37 7.73 19.09 11.29 5.28 11.87 9.27 17.16 10.21 22.94 6.1 13.76 15.85 6.77 11.83 9.28 8.39 17.23 18.07 9.52 7.66 0 12.6 12.11 13.94 12.53 6.32 11.98 11.15 11.29 21.25 8.61 13.37 9.7 
70.69 15.18 10.91 7.99 16.29 8.24 10.03 12.5 10.33 15.91 12.17 7.9 13.01 9.3 20.09 12.89 15.3 8.66 7.47 7.56 8.57 13.3 17.82 10.21 13.18 9.31 13.8 5.37 19.09 9.95 5.48 10.5 19.12 12.6 0 8.95 10.94 16.72 8.43 18.65 13.03 9.23 9.41 12.42 9.44 15.35 
78.29 13.66 17.3 11.33 13.12 9.73 12.76 11.62 10.97 10.63 9.69 11.14 12.89 14.33 11.14 6.44 11.29 8.94 13.69 16.5 15.13 22.16 14.46 8.29 10.18 13.74 5.45 4.63 14.41 18.73 12.53 16.28 15.16 12.11 8.95 0 18.59 8.64 12.55 11.35 6.39 10.34 17.5 12.08 17.22 13.92 
59.88 16.29 11.55 17.2 18.74 11.13 8.86 7.13 12.08 20.63 15.8 9.18 22.15 6.22 29.26 12.65 18.97 18.26 5.28 7.36 11.63 10.91 19.98 12.59 12.9 7.18 22.01 13.98 22.33 4.93 13.32 4.59 21.55 13.94 10.94 18.59 0 24.17 7.86 24.86 12.63 11.47 12.74 13.71 9.11 16.29 
82.16 12.32 21.94 8.94 10.15 13.2 20.48 18.14 13.03 6.17 9.55 15.15 5.31 18.52 6.89 14.16 8.21 8.78 18.89 24.03 20.28 29.96 10.72 16.52 18.6 17.64 13.28 11.4 9.07 25.65 21.03 20.61 10.49 12.53 16.72 8.64 24.17 0 16.62 10.92 14.05 13.15 25.85 12.66 23.07 12.57 
66.07 8.88 5.32 11.02 11.08 10.29 9.48 5.26 4.25 12.77 7.94 10.66 15.44 10.16 22.26 8.41 11.13 12.23 11.4 11.1 9.77 16.72 12.42 10.03 11.65 9.21 14.81 8.11 14.61 10.92 13.42 11.63 13.97 6.32 8.43 12.55 7.86 16.62 0 17.06 8.31 12.29 15.67 6.08 7.12 8.94 
81.6 11.08 22.32 11.34 8.51 13.74 22.28 19.45 13.06 4.75 9.29 15.68 8.48 18.89 9.33 16.17 6.91 11.44 19.63 25.64 20.94 31.65 8.65 18.7 20.87 17.95 6.15 13.28 6.47 26.91 23.35 20.92 8.03 11.98 18.65 11.35 24.86 10.92 17.06 0 16.05 13.45 27.98 12.16 23.91 11.29 
72.51 13.56 11.96 5.34 14.33 7.04 6.48 5.5 9.06 13.54 10.19 7.36 10.4 9.65 17.52 10.04 13.13 6.09 8.3 10.17 9.63 15.97 15.86 11.22 5.09 9.39 11.13 10.4 16.89 12.35 7.55 11.25 17.06 11.15 13.03 6.39 12.63 14.05 8.31 16.05 0 8.01 11.94 11 11.18 13.77 
69.19 6.1 8.88 8.83 7.83 9 11.48 7.47 9.47 9.17 4.35 11.05 12.59 5.44 19.1 8.15 7.62 10.06 6.38 13.85 7.57 19.72 9.28 10.47 12.51 4.52 11.62 6.61 11.22 14.2 14.67 7.5 10.77 11.29 9.23 10.34 11.47 13.15 12.29 13.45 8.01 0 17.82 11.06 10.65 6.24 
67.86 23.91 14.94 16.92 25.4 16.9 6.34 10.48 18.89 25.31 21.35 15.87 21.56 15.48 28.22 11.82 24.58 17.28 13.22 5.4 13.34 6.17 26.91 9.33 7.32 16.02 22.79 14.72 28.39 8.25 5.1 15.46 28.29 21.25 9.41 17.5 12.74 25.85 15.67 27.98 11.94 17.82 0 21.04 11.63 24.05 
69.57 9.68 10.73 10.69 5.03 4.21 14.7 10.64 10.33 7.47 9.11 5.3 13.42 7.5 19.19 11.15 5.48 11.84 9.03 16.94 9.98 22.71 6.34 13.6 15.68 6.54 11.9 9.17 8.62 17 17.89 9.3 7.9 8.61 12.42 12.08 13.71 12.66 6.08 12.16 11 11.06 21.04 0 13.14 9.91 
61.34 15.83 11 15.86 18.16 10.2 7.4 5.68 11.36 19.81 15 8.31 20.86 5.71 27.99 11.19 18.24 16.9 4.29 6.24 10.18 10.48 19.46 11.08 11.4 6.63 20.81 12.64 21.71 4.37 11.89 4.52 21.03 13.37 9.44 17.22 9.11 23.07 7.12 23.91 11.18 10.65 11.63 13.14 0 15.85 
70.4 8.62 13.16 12.68 12.05 7.19 17.71 13.64 5.16 6.6 4.23 8.28 14.48 10.15 19.4 13.92 4.43 13.72 11.89 19.91 12.71 25.65 9.9 16.45 18.58 9.23 12.58 11.69 6.42 19.85 20.83 11.75 5.34 9.7 15.35 13.92 16.29 12.57 8.94 11.29 13.77 6.24 24.05 9.91 15.85 0 
0	5000
0	119
0	136
0	154
0	174
0	194
0	216
0	227
0	256
0	282
0	295
0	315
0	348
0	380
0	420
0	447
0	472
0	503
0	542
0	570
0	591
0	621
0	671
0	699
0	711
0	729
0	750
0	761
0	784
0	824
0	846
0	877
0	909
0	923
0	944
0	958
0	988
0	1019
0	1040
0	1059
0	1077
0	1086
0	1106
0	1127
0	1140
0	1156
C:
0 3 3 3 3 3 3 3 3 3 3 3 3 3 3 3 3 3 3 3 3 3 3 3 3 3 3 3 3 3 3 3 3 3 3 3 3 3 3 3 3 3 3 3 3 3 3 
1 0 1 1 1 1 1 1 1 1 1 1 1 1 1 1 1 1 1 1 1 1 1 1 1 1 1 1 1 1 1 1 1 1 1 1 1 1 1 1 1 1 1 1 1 1 1 
1 1 0 1 1 1 1 1 1 1 1 1 1 1 1 1 1 1 1 1 1 1 1 1 1 1 1 1 1 1 1 1 1 1 1 1 1 1 1 1 1 1 1 1 1 1 1 
1 1 1 0 1 1 1 1 1 1 1 1 1 1 1 1 1 1 1 1 1 1 1 1 1 1 1 1 1 1 1 1 1 1 1 1 1 1 1 1 1 1 1 1 1 1 1 
1 1 1 1 0 1 1 1 1 1 1 1 1 1 1 1 1 1 1 1 1 1 1 1 1 1 1 1 1 1 1 1 1 1 1 1 1 1 1 1 1 1 1 1 1 1 1 
1 1 1 1 1 0 1 1 1 1 1 1 1 1 1 1 1 1 1 1 1 1 1 1 1 1 1 1 1 1 1 1 1 1 1 1 1 1 1 1 1 1 1 1 1 1 1 
1 1 1 1 1 1 0 1 1 1 1 1 1 1 1 1 1 1 1 1 1 1 1 1 1 1 1 1 1 1 1 1 1 1 1 1 1 1 1 1 1 1 1 1 1 1 1 
1 1 1 1 1 1 1 0 1 1 1 1 1 1 1 1 1 1 1 1 1 1 1 1 1 1 1 1 1 1 1 1 1 1 1 1 1 1 1 1 1 1 1 1 1 1 1 
1 1 1 1 1 1 1 1 0 1 1 1 1 1 1 1 1 1 1 1 1 1 1 1 1 1 1 1 1 1 1 1 1 1 1 1 1 1 1 1 1 1 1 1 1 1 1 
1 1 1 1 1 1 1 1 1 0 1 1 1 1 1 1 1 1 1 1 1 1 1 1 1 1 1 1 1 1 1 1 1 1 1 1 1 1 1 1 1 1 1 1 1 1 1 
1 1 1 1 1 1 1 1 1 1 0 1 1 1 1 1 1 1 1 1 1 1 1 1 1 1 1 1 1 1 1 1 1 1 1 1 1 1 1 1 1 1 1 1 1 1 1 
1 1 1 1 1 1 1 1 1 1 1 0 1 1 1 1 1 1 1 1 1 1 1 1 1 1 1 1 1 1 1 1 1 1 1 1 1 1 1 1 1 1 1 1 1 1 1 
1 1 1 1 1 1 1 1 1 1 1 1 0 1 1 1 1 1 1 1 1 1 1 1 1 1 1 1 1 1 1 1 1 1 1 1 1 1 1 1 1 1 1 1 1 1 1 
1 1 1 1 1 1 1 1 1 1 1 1 1 0 1 1 1 1 1 1 1 1 1 1 1 1 1 1 1 1 1 1 1 1 1 1 1 1 1 1 1 1 1 1 1 1 1 
2 2 2 2 2 2 2 2 2 2 2 2 2 2 0 2 2 2 2 2 2 2 2 2 2 2 2 2 2 2 2 2 2 2 2 2 2 2 2 2 2 2 2 2 2 2 2 
1 1 1 1 1 1 1 1 1 1 1 1 1 1 1 0 1 1 1 1 1 1 1 1 1 1 1 1 1 1 1 1 1 1 1 1 1 1 1 1 1 1 1 1 1 1 1 
1 1 1 1 1 1 1 1 1 1 1 1 1 1 1 1 0 1 1 1 1 1 1 1 1 1 1 1 1 1 1 1 1 1 1 1 1 1 1 1 1 1 1 1 1 1 1 
1 1 1 1 1 1 1 1 1 1 1 1 1 1 1 1 1 0 1 1 1 1 1 1 1 1 1 1 1 1 1 1 1 1 1 1 1 1 1 1 1 1 1 1 1 1 1 
1 1 1 1 1 1 1 1 1 1 1 1 1 1 1 1 1 1 0 1 1 1 1 1 1 1 1 1 1 1 1 1 1 1 1 1 1 1 1 1 1 1 1 1 1 1 1 
1 1 1 1 1 1 1 1 1 1 1 1 1 1 1 1 1 1 1 0 1 1 1 1 1 1 1 1 1 1 1 1 1 1 1 1 1 1 1 1 1 1 1 1 1 1 1 
1 1 1 1 1 1 1 1 1 1 1 1 1 1 1 1 1 1 1 1 0 1 1 1 1 1 1 1 1 1 1 1 1 1 1 1 1 1 1 1 1 1 1 1 1 1 1 
2 2 2 2 2 2 2 2 2 2 2 2 2 2 2 2 2 2 2 2 2 0 2 2 2 2 2 2 2 2 2 2 2 2 2 2 2 2 2 2 2 2 2 2 2 2 2 
1 1 1 1 1 1 1 1 1 1 1 1 1 1 1 1 1 1 1 1 1 1 0 1 1 1 1 1 1 1 1 1 1 1 1 1 1 1 1 1 1 1 1 1 1 1 1 
1 1 1 1 1 1 1 1 1 1 1 1 1 1 1 1 1 1 1 1 1 1 1 0 1 1 1 1 1 1 1 1 1 1 1 1 1 1 1 1 1 1 1 1 1 1 1 
1 1 1 1 1 1 1 1 1 1 1 1 1 1 1 1 1 1 1 1 1 1 1 1 0 1 1 1 1 1 1 1 1 1 1 1 1 1 1 1 1 1 1 1 1 1 1 
1 1 1 1 1 1 1 1 1 1 1 1 1 1 1 1 1 1 1 1 1 1 1 1 1 0 1 1 1 1 1 1 1 1 1 1 1 1 1 1 1 1 1 1 1 1 1 
1 1 1 1 1 1 1 1 1 1 1 1 1 1 1 1 1 1 1 1 1 1 1 1 1 1 0 1 1 1 1 1 1 1 1 1 1 1 1 1 1 1 1 1 1 1 1 
1 1 1 1 1 1 1 1 1 1 1 1 1 1 1 1 1 1 1 1 1 1 1 1 1 1 1 0 1 1 1 1 1 1 1 1 1 1 1 1 1 1 1 1 1 1 1 
1 1 1 1 1 1 1 1 1 1 1 1 1 1 1 1 1 1 1 1 1 1 1 1 1 1 1 1 0 1 1 1 1 1 1 1 1 1 1 1 1 1 1 1 1 1 1 
1 1 1 1 1 1 1 1 1 1 1 1 1 1 1 1 1 1 1 1 1 1 1 1 1 1 1 1 1 0 1 1 1 1 1 1 1 1 1 1 1 1 1 1 1 1 1 
1 1 1 1 1 1 1 1 1 1 1 1 1 1 1 1 1 1 1 1 1 1 1 1 1 1 1 1 1 1 0 1 1 1 1 1 1 1 1 1 1 1 1 1 1 1 1 
1 1 1 1 1 1 1 1 1 1 1 1 1 1 1 1 1 1 1 1 1 1 1 1 1 1 1 1 1 1 1 0 1 1 1 1 1 1 1 1 1 1 1 1 1 1 1 
1 1 1 1 1 1 1 1 1 1 1 1 1 1 1 1 1 1 1 1 1 1 1 1 1 1 1 1 1 1 1 1 0 1 1 1 1 1 1 1 1 1 1 1 1 1 1 
1 1 1 1 1 1 1 1 1 1 1 1 1 1 1 1 1 1 1 1 1 1 1 1 1 1 1 1 1 1 1 1 1 0 1 1 1 1 1 1 1 1 1 1 1 1 1 
1 1 1 1 1 1 1 1 1 1 1 1 1 1 1 1 1 1 1 1 1 1 1 1 1 1 1 1 1 1 1 1 1 1 0 1 1 1 1 1 1 1 1 1 1 1 1 
1 1 1 1 1 1 1 1 1 1 1 1 1 1 1 1 1 1 1 1 1 1 1 1 1 1 1 1 1 1 1 1 1 1 1 0 1 1 1 1 1 1 1 1 1 1 1 
1 1 1 1 1 1 1 1 1 1 1 1 1 1 1 1 1 1 1 1 1 1 1 1 1 1 1 1 1 1 1 1 1 1 1 1 0 1 1 1 1 1 1 1 1 1 1 
1 1 1 1 1 1 1 1 1 1 1 1 1 1 1 1 1 1 1 1 1 1 1 1 1 1 1 1 1 1 1 1 1 1 1 1 1 0 1 1 1 1 1 1 1 1 1 
1 1 1 1 1 1 1 1 1 1 1 1 1 1 1 1 1 1 1 1 1 1 1 1 1 1 1 1 1 1 1 1 1 1 1 1 1 1 0 1 1 1 1 1 1 1 1 
1 1 1 1 1 1 1 1 1 1 1 1 1 1 1 1 1 1 1 1 1 1 1 1 1 1 1 1 1 1 1 1 1 1 1 1 1 1 1 0 1 1 1 1 1 1 1 
1 1 1 1 1 1 1 1 1 1 1 1 1 1 1 1 1 1 1 1 1 1 1 1 1 1 1 1 1 1 1 1 1 1 1 1 1 1 1 1 0 1 1 1 1 1 1 
1 1 1 1 1 1 1 1 1 1 1 1 1 1 1 1 1 1 1 1 1 1 1 1 1 1 1 1 1 1 1 1 1 1 1 1 1 1 1 1 1 0 1 1 1 1 1 
1 1 1 1 1 1 1 1 1 1 1 1 1 1 1 1 1 1 1 1 1 1 1 1 1 1 1 1 1 1 1 1 1 1 1 1 1 1 1 1 1 1 0 1 1 1 1 
1 1 1 1 1 1 1 1 1 1 1 1 1 1 1 1 1 1 1 1 1 1 1 1 1 1 1 1 1 1 1 1 1 1 1 1 1 1 1 1 1 1 1 0 1 1 1 
1 1 1 1 1 1 1 1 1 1 1 1 1 1 1 1 1 1 1 1 1 1 1 1 1 1 1 1 1 1 1 1 1 1 1 1 1 1 1 1 1 1 1 1 0 1 1 
1 1 1 1 1 1 1 1 1 1 1 1 1 1 1 1 1 1 1 1 1 1 1 1 1 1 1 1 1 1 1 1 1 1 1 1 1 1 1 1 1 1 1 1 1 0 1 
3 3 3 3 3 3 3 3 3 3 3 3 3 3 3 3 3 3 3 3 3 3 3 3 3 3 3 3 3 3 3 3 3 3 3 3 3 3 3 3 3 3 3 3 3 3 0 
Time:
0	15
15	30
30	45
45	60
60	75
75	90
90	105
105	120
120	135
135	150
150	165
165	180
180	195
195	210
210	225
225	240
240	255
255	270
270	285
285	300
300	315
315	330
330	345
345	360
360	375
375	390
390	405
405	420
420	435
435	450
450	465
465	480
480	495
495	510
510	525
525	540
540	555
555	570
570	585
585	600
600	615
615	630
630	645
645	660
660	675
675	690
690	705
705	720
720	735
735	750
750	765
765	780
780	795
795	810
810	825
825	840
840	855
855	870
870	885
885	900
900	915
915	930
930	945
945	960
960	975
975	990
990	1005
1005	1020
1020	1035
1035	1050
1050	1065
1065	1080
1080	5000
Speed:
0.925	0.85	0.925	1	0.8325	0.765	0.8325	0.9	0.4625	0.425	0.4625	0.5	0.30525	0.2805	0.30525	0.33	0.37	0.34	0.37	0.4	0.555	0.51	0.555	0.6	0.6475	0.595	0.6475	0.7	0.37	0.34	0.37	0.4	0.30525	0.2805	0.30525	0.33	0.4625	0.425	0.4625	0.5	0.6475	0.595	0.6475	0.7	0.74	0.68	0.74	0.8	0.6475	0.595	0.6475	0.7	0.4625	0.425	0.4625	0.5	0.555	0.51	0.555	0.6	0.6475	0.595	0.6475	0.7	0.8325	0.765	0.8325	0.9	0.925	0.85	0.925	1	1	
0.925	0.85	0.925	1	0.8325	0.765	0.8325	0.9	0.4625	0.425	0.4625	0.5	0.30525	0.2805	0.30525	0.33	0.37	0.34	0.37	0.4	0.555	0.51	0.555	0.6	0.6475	0.595	0.6475	0.7	0.37	0.34	0.37	0.4	0.30525	0.2805	0.30525	0.33	0.4625	0.425	0.4625	0.5	0.6475	0.595	0.6475	0.7	0.74	0.68	0.74	0.8	0.6475	0.595	0.6475	0.7	0.4625	0.425	0.4625	0.5	0.555	0.51	0.555	0.6	0.6475	0.595	0.6475	0.7	0.8325	0.765	0.8325	0.9	0.925	0.85	0.925	1	1	
0.925	0.85	0.925	1	0.8325	0.765	0.8325	0.9	0.4625	0.425	0.4625	0.5	0.30525	0.2805	0.30525	0.33	0.37	0.34	0.37	0.4	0.555	0.51	0.555	0.6	0.6475	0.595	0.6475	0.7	0.37	0.34	0.37	0.4	0.30525	0.2805	0.30525	0.33	0.4625	0.425	0.4625	0.5	0.6475	0.595	0.6475	0.7	0.74	0.68	0.74	0.8	0.6475	0.595	0.6475	0.7	0.4625	0.425	0.4625	0.5	0.555	0.51	0.555	0.6	0.6475	0.595	0.6475	0.7	0.8325	0.765	0.8325	0.9	0.925	0.85	0.925	1	1	
