46
0 57.66 94.9 60.29 48.65 57.12 97.86 73.74 88.3 62.07 95.2 87.37 74.21 48.78 43.46 64.39 83.35 74.16 103.45 84.84 46.08 69.44 74.1 100.26 74.32 79.29 69.54 71.27 73 68.46 65.89 79.21 53.53 101.03 101.53 58.15 33.07 87.91 40.82 68 66.93 66.07 84.18 50.57 43.32 73.99 
57.66 0 43.5 27.03 9.19 9.39 40.19 24.78 30.9 4.44 37.92 29.88 29.29 24.65 21.62 18.33 34.19 25.11 46.31 27.81 18.98 15.69 17.89 44.63 21.37 22.44 37.41 18.89 30.73 10.81 30.97 21.59 4.17 47.18 44.05 12.68 34.56 30.66 34.45 10.77 33.27 8.41 34.15 38.93 16.43 23.33 
94.9 43.5 0 66.26 51.62 43.57 29.73 53.46 33.54 39.88 22.08 24.87 59.44 67.55 65.13 54.5 11.71 53.44 22.96 36.18 62.46 27.92 26.56 13.78 47.12 37.34 73.23 25.03 62.5 35.64 67.72 32.23 47.03 8.56 25.6 53.24 77.75 34.84 77.92 33.89 69.78 37.81 10.73 81.37 59.47 21.31 
60.29 27.03 66.26 0 25.7 27.5 51.22 17.57 40.53 28.51 53 45.23 15.13 11.58 18.16 11.89 59.06 17.9 60.85 36.28 16.72 40.77 39.93 62.9 22.07 31.86 11.57 44.18 13.08 30.88 5.88 35.57 26.26 67.52 57.23 14.39 27.61 39.46 21.21 33.1 7.65 29.06 58.62 17.5 22.83 48.78 
48.65 9.19 51.62 25.7 0 8.77 49.25 29.39 39.67 13.62 47.1 39.06 32.57 19.51 14.41 20.92 41.54 29.78 55.5 36.33 12.5 23.75 26.83 53.63 27.64 30.83 37.12 26.61 33.14 19.95 30.83 30.57 5.03 55.86 53.23 13.68 26.14 39.33 27.31 19.91 33 17.5 41.73 33.64 7.89 30.69 
57.12 9.39 43.57 27.5 8.77 0 40.75 25.53 31.53 4.95 38.36 30.36 30 24.82 21.57 18.99 34.11 25.86 46.75 28.48 18.99 15.69 18.15 44.93 22.14 23.13 37.97 18.85 31.41 11.35 31.52 22.18 13.56 47.38 44.53 13.2 34.37 31.31 34.44 11.14 33.82 9 34.11 39.12 16.18 23.24 
97.86 40.19 29.73 51.22 49.25 40.75 0 34.27 10.75 35.8 7.74 11.35 39.18 57.4 58.33 40.05 33.01 34.04 10.88 14.99 55.29 31.56 25.56 17.77 29.16 20.03 54.01 31.73 42.48 29.41 50.17 18.72 44.33 24.71 6.64 42.92 72.02 11.76 69.08 30.14 51.68 31.79 31.42 68.58 55.5 32.43 
73.74 24.78 53.46 17.57 29.39 25.53 34.27 0 23.84 23.32 37.07 30.01 6.02 26.46 30.35 9.37 48.59 12.03 44.41 19.68 27.65 32.51 29.25 47.72 6.34 16.39 20.25 35.62 9.05 21.74 15.91 21.25 26.78 53.14 40.56 16.27 42.83 22.64 37.77 24.52 17.49 21.27 47.75 35.05 31.29 39.85 
88.3 30.9 33.54 40.53 39.67 31.53 10.75 23.84 0 26.67 13.63 8.84 29.09 46.69 47.87 29.29 33.02 23.65 20.58 4.26 44.83 25.51 19.41 24.77 18.47 9.41 43.89 26.75 32.39 20.44 39.72 9.55 34.92 30.98 16.75 32.34 61.53 18.15 58.39 21.84 41.33 22.57 31.65 57.85 45.45 28.9 
62.07 4.44 39.88 28.51 13.62 4.95 35.8 23.32 26.67 0 33.48 25.44 28.41 27.74 25.47 18.42 31.15 23.6 41.89 23.76 22.68 12.54 13.77 40.37 19 18.54 38.13 15.92 30.28 6.4 31.78 17.27 8.61 43.16 39.61 14.25 38.67 26.51 38.1 6.45 34.08 12.85 30.95 41.81 20.71 20.5 
95.2 37.92 22.08 53 47.1 38.36 7.74 37.07 13.63 33.48 0 8.24 42.55 57.74 57.7 41.3 25.53 36.92 8.44 17.49 54.69 26.81 21.31 11.23 31.26 21.16 57.28 26.3 45.84 27.24 52.79 17.92 42.08 17.81 6.62 42.9 71.34 14.97 69.25 27.27 54.52 29.77 23.91 69.94 53.99 26.2 
87.37 29.88 24.87 45.23 39.06 30.36 11.35 30.01 8.84 25.44 8.24 0 35.75 49.58 49.46 33.43 24.38 29.91 16.65 11.36 46.46 20.21 14.23 17.78 23.91 13.67 50.24 20.49 38.97 19.12 45.4 9.8 34.05 23.2 14.18 34.71 63.11 10.07 61.05 19.38 47.24 21.63 22.96 61.97 45.82 21.63 
74.21 29.29 59.44 15.13 32.57 30 39.18 6.02 29.09 28.41 42.55 35.75 0 25.73 30.86 11.65 54.6 6 49.61 25.06 28.5 38.28 35.22 53.36 12.36 22.24 14.83 41.45 15.07 27.47 11.7 27.21 30.69 58.94 45.63 18.92 42.22 27.83 36.27 30.23 12.75 26.79 53.77 31.97 33.12 45.74 
48.78 24.65 67.55 11.58 19.51 24.82 57.4 26.46 46.69 27.74 57.74 49.58 25.73 0 7.34 17.89 58.78 26.86 66.01 42.53 7.34 40.17 41.09 66.53 29.09 37.37 22.11 43.47 24.26 32.2 17.36 39.82 22.18 70.21 62.82 14.89 16.51 45.83 11.71 33.68 18.76 29.85 58.65 14.35 13.8 47.96 
43.46 21.62 65.13 18.16 14.41 21.57 58.33 30.35 47.87 25.47 57.7 49.46 30.86 7.34 0 21.08 55.56 30.77 66.11 43.91 13.74 37.26 39.23 65.6 31.63 38.47 29.23 40.37 29.94 30.91 24.05 39.98 18.27 68.62 63.26 15.66 13.7 47.18 12.97 31.83 25.67 28.4 55.62 19.83 7.22 44.66 
64.39 18.33 54.5 11.89 20.92 18.99 40.05 9.37 29.29 18.42 41.3 33.43 11.65 17.89 21.08 0 47.76 9.79 49.3 25.06 18.32 29.92 28.4 51.05 11.23 20.27 19.82 33.3 12.51 19.51 13.64 23.71 19.22 55.63 45.82 7.29 33.91 28.33 29.54 21.96 15.88 18.01 47.22 28.67 22.01 37.84 
83.35 34.19 11.71 59.06 41.54 34.11 33.01 48.59 33.02 31.15 25.53 24.38 54.6 58.78 55.56 47.76 0 48.66 29.78 34.39 53.08 18.62 19.51 21.87 42.35 33.76 67.3 15.31 57.38 28.26 61.36 28.42 37.29 19.24 31.04 45.23 67.62 34.11 68.5 25.96 63.55 30 21.94 72.94 49.43 10.9 
74.16 25.11 53.44 17.9 29.78 25.86 34.04 12.03 23.65 23.6 36.92 29.91 6 26.86 30.77 9.79 48.66 0 44.22 19.51 28.07 32.68 29.35 47.6 6.36 16.32 20.38 35.77 9.1 21.92 16.14 21.22 27.14 53.05 40.35 16.68 43.23 22.44 38.16 24.71 17.68 21.5 47.81 35.38 31.71 39.98 
103.45 46.31 22.96 60.85 55.5 46.75 10.88 44.41 20.58 41.89 8.44 16.65 49.61 66.01 66.11 49.3 29.78 44.22 0 24.75 63.1 34.59 29.39 9.25 38.89 29.04 64.43 33.67 52.91 35.67 60.28 26.23 50.47 15.95 4.27 51.21 79.76 21.8 77.57 35.63 61.9 38.2 28.15 77.97 62.42 32.85 
84.84 27.81 36.18 36.28 36.33 28.48 14.99 19.68 4.26 23.76 17.49 11.36 25.06 42.53 43.91 25.06 34.39 19.51 24.75 0 40.88 24.47 18.64 28.42 14.22 5.55 39.82 26.21 28.35 17.81 35.53 7.67 31.71 34.35 20.99 28.31 57.54 14.3 54.24 19.61 37.17 19.68 33.13 53.6 41.78 28.95 
46.08 18.98 62.46 16.72 12.5 18.99 55.29 27.65 44.83 22.68 54.69 46.46 28.5 7.34 13.74 18.32 53.08 28.07 63.1 40.88 0 34.67 36.42 62.68 28.7 35.43 28.13 37.83 27.81 27.99 22.56 36.96 15.87 65.8 60.23 12.65 16.74 44.15 15.47 29 24.36 25.5 53.09 21.16 6.52 42.19 
69.44 15.69 27.92 40.77 23.75 15.69 31.56 32.51 25.51 12.54 26.81 20.21 38.28 40.17 37.26 29.92 18.62 32.68 34.59 24.47 34.67 0 6.15 30.84 26.8 21.11 49.72 12.6 40.69 10.81 43.54 16.81 19.11 32.29 33.42 26.71 49.85 25.99 50.13 8.09 45.8 11.92 18.49 54.32 31.57 8.01 
74.1 17.89 26.56 39.93 26.83 18.15 25.56 29.25 19.41 13.77 21.31 14.23 35.22 41.09 39.23 28.4 19.51 29.35 29.39 18.64 36.42 6.15 0 26.79 23.13 15.89 47.81 7.59 37.93 9.1 41.92 11.1 21.87 29.39 27.84 26.68 52.41 19.95 51.77 7.44 44.1 11.27 18.85 54.81 34.32 10.95 
100.26 44.63 13.78 62.9 53.63 44.93 17.77 47.72 24.77 40.37 11.23 17.78 53.36 66.53 65.6 51.05 21.87 47.6 9.25 28.42 62.68 30.84 26.79 0 41.68 31.44 67.96 29.11 56.62 34.69 63.18 27.34 48.65 7 12.41 51.66 79.01 26.12 77.75 33.93 65.01 37.2 20.3 79.4 61.06 27.18 
74.32 21.37 47.12 22.07 27.64 22.14 29.16 6.34 18.47 19 31.26 23.91 12.36 29.09 31.63 11.23 42.35 6.36 38.89 14.22 28.7 26.8 23.13 41.68 0 10.24 26.38 29.78 15.38 16.23 21.54 14.93 24.15 46.94 35.2 16.19 44.87 17.4 40.76 19.01 23.34 16.24 41.48 39.45 31.1 33.88 
79.29 22.44 37.34 31.86 30.83 23.13 20.03 16.39 9.41 18.54 21.16 13.67 22.24 37.37 38.47 20.27 33.76 16.32 29.04 5.55 35.43 21.11 15.89 31.44 10.24 0 36.59 23.38 25.41 12.93 31.76 5.35 26.27 36.74 25.58 22.94 52.13 8.74 49.05 15.08 33.58 14.53 32.7 48.93 36.23 26.77 
69.54 37.41 73.23 11.57 37.12 37.97 54.01 20.25 43.89 38.13 57.28 50.24 14.83 22.11 29.23 19.82 67.3 20.38 64.43 39.82 28.13 49.72 47.81 67.96 26.38 36.59 0 53.08 11.53 39.17 6.45 41.24 37.23 73.32 60.46 24.82 36.46 42.64 28.91 41.71 19.23 37.81 66.66 21.12 34.36 57.6 
71.27 18.89 25.03 44.18 26.61 18.85 31.73 35.62 26.75 15.92 26.3 20.49 41.45 43.47 40.37 33.3 15.31 35.77 33.67 26.21 37.83 12.6 7.59 29.11 29.78 23.38 53.08 0 43.92 14.04 46.93 18.7 22.13 29.95 32.91 30.11 52.75 27.38 53.28 11.39 49.18 15.29 15.26 57.66 34.48 4.6 
73 30.73 62.5 13.08 33.14 31.41 42.48 9.05 32.39 30.28 45.84 38.97 15.07 24.26 29.94 12.51 57.38 9.1 52.91 28.35 27.81 40.69 37.93 56.62 15.38 25.41 11.53 43.92 0 29.88 8.84 30.3 31.73 62.14 48.94 19.49 40.6 31.13 34.27 32.6 9.62 29 56.59 29.29 32.89 48.28 
68.46 10.81 35.64 30.88 19.95 11.35 29.41 21.74 20.44 6.4 27.24 19.12 27.47 32.2 30.91 19.51 28.26 21.92 35.67 17.81 27.99 10.81 9.1 34.69 16.23 12.93 39.17 14.04 29.88 0 33.12 10.95 14.97 38.03 33.28 17.62 44.39 20.37 43.14 12.84 35.34 19.22 27.75 45.77 26.76 18.48 
65.89 30.97 67.72 5.88 30.83 31.52 50.17 15.91 39.72 31.78 52.79 45.4 11.7 17.36 24.05 13.64 61.36 16.14 60.28 35.53 22.56 43.54 41.92 63.18 21.54 31.76 6.45 46.93 8.84 33.12 0 36.08 30.79 68.25 56.46 18.37 33 38.54 26.1 35.59 13.54 31.64 60.77 20.45 28.55 51.47 
79.21 21.59 32.23 35.57 30.57 22.18 18.72 21.25 9.55 17.27 17.92 9.8 27.21 39.82 39.98 23.71 28.42 21.22 26.23 7.67 36.96 16.81 11.1 27.34 14.93 5.35 41.24 18.7 30.3 10.95 36.08 0 25.69 32.17 23.27 24.98 53.67 9.64 51.34 12.29 38.02 13.19 27.35 52.19 36.81 21.75 
53.53 4.17 47.03 26.26 5.03 13.56 44.33 26.78 34.92 8.61 42.08 34.05 30.69 22.18 18.27 19.22 37.29 27.14 50.47 31.71 15.87 19.11 21.87 48.65 24.15 26.27 37.23 22.13 31.73 14.97 30.79 25.69 0 51.02 48.22 12.55 30.78 34.64 31.22 14.89 33.06 12.55 37.37 36.52 12.53 26.39 
101.03 47.18 8.56 67.52 55.86 47.38 24.71 53.14 30.98 43.16 17.81 23.2 58.94 70.21 68.62 55.63 19.24 53.05 15.95 34.35 65.8 32.29 29.39 7 46.94 36.74 73.32 29.95 62.14 38.03 68.25 32.17 51.02 0 19.38 55.48 81.74 32.33 81.11 36.8 70.18 40.43 17.91 83.53 63.54 27.06 
101.53 44.05 25.6 57.23 53.23 44.53 6.64 40.56 16.75 39.61 6.62 14.18 45.63 62.82 63.26 45.82 31.04 40.35 4.27 20.99 60.23 33.42 27.84 12.41 35.2 25.58 60.46 32.91 48.94 33.28 56.46 23.27 48.22 19.38 0 48.12 76.95 17.91 74.44 33.53 58.02 35.77 29.4 74.47 59.9 32.68 
58.15 12.68 53.24 14.39 13.68 13.2 42.92 16.27 32.34 14.25 42.9 34.71 18.92 14.89 15.66 7.29 45.23 16.68 51.21 28.31 12.65 26.71 26.68 51.66 16.19 22.94 24.82 30.11 19.49 17.62 18.37 24.98 12.55 55.48 48.12 0 29.23 31.6 26.36 19.44 20.66 15.44 44.91 28.15 15.12 34.7 
33.07 34.56 77.75 27.61 26.14 34.37 72.02 42.83 61.53 38.67 71.34 63.11 42.22 16.51 13.7 33.91 67.62 43.23 79.76 57.54 16.74 49.85 52.41 79.01 44.87 52.13 36.46 52.75 40.6 44.39 33 53.67 30.78 81.74 76.95 29.23 0 60.82 8.12 45.11 33.92 41.86 67.85 18.69 18.28 56.8 
87.91 30.66 34.84 39.46 39.33 31.31 11.76 22.64 18.15 26.51 14.97 10.07 27.83 45.83 47.18 28.33 34.11 22.44 21.8 14.3 44.15 25.99 19.95 26.12 17.4 8.74 42.64 27.38 31.13 20.37 38.54 9.64 34.64 32.33 17.91 31.6 60.82 0 57.54 21.92 40.12 22.4 32.76 56.83 44.94 29.68 
40.82 34.45 77.92 21.21 27.31 34.44 69.08 37.77 58.39 38.1 69.25 61.05 36.27 11.71 12.97 29.54 68.5 38.16 77.57 54.24 15.47 50.13 51.77 77.75 40.76 49.05 28.91 53.28 34.27 43.14 26.1 51.34 31.22 81.11 74.44 26.36 8.12 57.54 0 44.34 26.73 40.7 68.54 10.66 19.71 57.6 
68 10.77 33.89 33.1 19.91 11.14 30.14 24.52 21.84 6.45 27.27 19.38 30.23 33.68 31.83 21.96 25.96 24.71 35.63 19.61 29 8.09 7.44 33.93 19.01 15.08 41.71 11.39 32.6 12.84 35.59 12.29 14.89 36.8 33.53 19.44 45.11 21.92 44.34 0 37.83 18.71 25.55 47.5 27.15 15.89 
66.93 33.27 69.78 7.65 33 33.82 51.68 17.49 41.33 34.08 54.52 47.24 12.75 18.76 25.67 15.88 63.55 17.68 61.9 37.17 24.36 45.8 44.1 65.01 23.34 33.58 19.23 49.18 9.62 35.34 13.54 38.02 33.06 70.18 58.02 20.66 33.92 40.12 26.73 37.83 0 33.89 62.95 20.22 30.47 53.72 
66.07 8.41 37.81 29.06 17.5 9 31.79 21.27 22.57 12.85 29.77 21.63 26.79 29.85 28.4 18.01 30 21.5 38.2 19.68 25.5 11.92 11.27 37.2 16.24 14.53 37.81 15.29 29 19.22 31.64 13.19 12.55 40.43 35.77 15.44 41.86 22.4 40.7 18.71 33.89 0 29.59 43.55 24.23 19.84 
84.18 34.15 10.73 58.62 41.73 34.11 31.42 47.75 31.65 30.95 23.91 22.96 53.77 58.65 55.62 47.22 21.94 47.81 28.15 33.13 53.09 18.49 18.85 20.3 41.48 32.7 66.66 15.26 56.59 27.75 60.77 27.35 37.37 17.91 29.4 44.91 67.85 32.76 68.54 25.55 62.95 29.59 0 72.76 49.62 11.05 
50.57 38.93 81.37 17.5 33.64 39.12 68.58 35.05 57.85 41.81 69.94 61.97 31.97 14.35 19.83 28.67 72.94 35.38 77.97 53.6 21.16 54.32 54.81 79.4 39.45 48.93 21.12 57.66 29.29 45.77 20.45 52.19 36.52 83.53 74.47 28.15 18.69 56.83 10.66 47.5 20.22 43.55 72.76 0 27.04 62.18 
43.32 16.43 59.47 22.83 7.89 16.18 55.5 31.29 45.45 20.71 53.99 45.82 33.12 13.8 7.22 22.01 49.43 31.71 62.42 41.78 6.52 31.57 34.32 61.06 31.1 36.23 34.36 34.48 32.89 26.76 28.55 36.81 12.53 63.54 59.9 15.12 18.28 44.94 19.71 27.15 30.47 24.23 49.62 27.04 0 38.58 
73.99 23.33 21.31 48.78 30.69 23.24 32.43 39.85 28.9 20.5 26.2 21.63 45.74 47.96 44.66 37.84 10.9 39.98 32.85 28.95 42.19 8.01 10.95 27.18 33.88 26.77 57.6 4.6 48.28 18.48 51.47 21.75 26.39 27.06 32.68 34.7 56.8 29.68 57.6 15.89 53.72 19.84 11.05 62.18 38.58 0 
0	5000
0	103
0	156
0	325
0	377
0	392
0	456
0	551
0	613
0	662
0	711
0	723
0	772
0	812
0	824
0	871
0	955
0	1024
0	1075
0	1103
0	1144
0	1179
0	1185
0	1212
0	1254
0	1264
0	1300
0	1353
0	1397
0	1427
0	1460
0	1496
0	1522
0	1573
0	1593
0	1641
0	1670
0	1731
0	1788
0	1833
0	1870
0	1904
0	1934
0	2007
0	2034
0	2072
C:
0 3 3 3 3 3 3 3 3 3 3 3 3 3 3 3 3 3 3 3 3 3 3 3 3 3 3 3 3 3 3 3 3 3 3 3 3 3 3 3 3 3 3 3 3 3 3 
1 0 1 1 1 1 1 1 1 1 1 1 1 1 1 1 1 1 1 1 1 1 1 1 1 1 1 1 1 1 1 1 1 1 1 1 1 1 1 1 1 1 1 1 1 1 1 
3 3 0 3 3 3 3 3 3 3 3 3 3 3 3 3 3 3 3 3 3 3 3 3 3 3 3 3 3 3 3 3 3 3 3 3 3 3 3 3 3 3 3 3 3 3 3 
3 3 3 0 3 3 3 3 3 3 3 3 3 3 3 3 3 3 3 3 3 3 3 3 3 3 3 3 3 3 3 3 3 3 3 3 3 3 3 3 3 3 3 3 3 3 3 
2 2 2 2 0 2 2 2 2 2 2 2 2 2 2 2 2 2 2 2 2 2 2 2 2 2 2 2 2 2 2 2 2 2 2 2 2 2 2 2 2 2 2 2 2 2 2 
1 1 1 1 1 0 1 1 1 1 1 1 1 1 1 1 1 1 1 1 1 1 1 1 1 1 1 1 1 1 1 1 1 1 1 1 1 1 1 1 1 1 1 1 1 1 1 
3 3 3 3 3 3 0 3 3 3 3 3 3 3 3 3 3 3 3 3 3 3 3 3 3 3 3 3 3 3 3 3 3 3 3 3 3 3 3 3 3 3 3 3 3 3 3 
2 2 2 2 2 2 2 0 2 2 2 2 2 2 2 2 2 2 2 2 2 2 2 2 2 2 2 2 2 2 2 2 2 2 2 2 2 2 2 2 2 2 2 2 2 2 2 
2 2 2 2 2 2 2 2 0 2 2 2 2 2 2 2 2 2 2 2 2 2 2 2 2 2 2 2 2 2 2 2 2 2 2 2 2 2 2 2 2 2 2 2 2 2 2 
1 1 1 1 1 1 1 1 1 0 1 1 1 1 1 1 1 1 1 1 1 1 1 1 1 1 1 1 1 1 1 1 1 1 1 1 1 1 1 1 1 1 1 1 1 1 1 
3 3 3 3 3 3 3 3 3 3 0 3 3 3 3 3 3 3 3 3 3 3 3 3 3 3 3 3 3 3 3 3 3 3 3 3 3 3 3 3 3 3 3 3 3 3 3 
2 2 2 2 2 2 2 2 2 2 2 0 2 2 2 2 2 2 2 2 2 2 2 2 2 2 2 2 2 2 2 2 2 2 2 2 2 2 2 2 2 2 2 2 2 2 2 
2 2 2 2 2 2 2 2 2 2 2 2 0 2 2 2 2 2 2 2 2 2 2 2 2 2 2 2 2 2 2 2 2 2 2 2 2 2 2 2 2 2 2 2 2 2 2 
3 3 3 3 3 3 3 3 3 3 3 3 3 0 3 3 3 3 3 3 3 3 3 3 3 3 3 3 3 3 3 3 3 3 3 3 3 3 3 3 3 3 3 3 3 3 3 
3 3 3 3 3 3 3 3 3 3 3 3 3 3 0 3 3 3 3 3 3 3 3 3 3 3 3 3 3 3 3 3 3 3 3 3 3 3 3 3 3 3 3 3 3 3 3 
2 2 2 2 2 2 2 2 2 2 2 2 2 2 2 0 2 2 2 2 2 2 2 2 2 2 2 2 2 2 2 2 2 2 2 2 2 2 2 2 2 2 2 2 2 2 2 
3 3 3 3 3 3 3 3 3 3 3 3 3 3 3 3 0 3 3 3 3 3 3 3 3 3 3 3 3 3 3 3 3 3 3 3 3 3 3 3 3 3 3 3 3 3 3 
2 2 2 2 2 2 2 2 2 2 2 2 2 2 2 2 2 0 2 2 2 2 2 2 2 2 2 2 2 2 2 2 2 2 2 2 2 2 2 2 2 2 2 2 2 2 2 
3 3 3 3 3 3 3 3 3 3 3 3 3 3 3 3 3 3 0 3 3 3 3 3 3 3 3 3 3 3 3 3 3 3 3 3 3 3 3 3 3 3 3 3 3 3 3 
1 1 1 1 1 1 1 1 1 1 1 1 1 1 1 1 1 1 1 0 1 1 1 1 1 1 1 1 1 1 1 1 1 1 1 1 1 1 1 1 1 1 1 1 1 1 1 
3 3 3 3 3 3 3 3 3 3 3 3 3 3 3 3 3 3 3 3 0 3 3 3 3 3 3 3 3 3 3 3 3 3 3 3 3 3 3 3 3 3 3 3 3 3 3 
1 1 1 1 1 1 1 1 1 1 1 1 1 1 1 1 1 1 1 1 1 0 1 1 1 1 1 1 1 1 1 1 1 1 1 1 1 1 1 1 1 1 1 1 1 1 1 
1 1 1 1 1 1 1 1 1 1 1 1 1 1 1 1 1 1 1 1 1 1 0 1 1 1 1 1 1 1 1 1 1 1 1 1 1 1 1 1 1 1 1 1 1 1 1 
3 3 3 3 3 3 3 3 3 3 3 3 3 3 3 3 3 3 3 3 3 3 3 0 3 3 3 3 3 3 3 3 3 3 3 3 3 3 3 3 3 3 3 3 3 3 3 
1 1 1 1 1 1 1 1 1 1 1 1 1 1 1 1 1 1 1 1 1 1 1 1 0 1 1 1 1 1 1 1 1 1 1 1 1 1 1 1 1 1 1 1 1 1 1 
1 1 1 1 1 1 1 1 1 1 1 1 1 1 1 1 1 1 1 1 1 1 1 1 1 0 1 1 1 1 1 1 1 1 1 1 1 1 1 1 1 1 1 1 1 1 1 
3 3 3 3 3 3 3 3 3 3 3 3 3 3 3 3 3 3 3 3 3 3 3 3 3 3 0 3 3 3 3 3 3 3 3 3 3 3 3 3 3 3 3 3 3 3 3 
2 2 2 2 2 2 2 2 2 2 2 2 2 2 2 2 2 2 2 2 2 2 2 2 2 2 2 0 2 2 2 2 2 2 2 2 2 2 2 2 2 2 2 2 2 2 2 
3 3 3 3 3 3 3 3 3 3 3 3 3 3 3 3 3 3 3 3 3 3 3 3 3 3 3 3 0 3 3 3 3 3 3 3 3 3 3 3 3 3 3 3 3 3 3 
1 1 1 1 1 1 1 1 1 1 1 1 1 1 1 1 1 1 1 1 1 1 1 1 1 1 1 1 1 0 1 1 1 1 1 1 1 1 1 1 1 1 1 1 1 1 1 
3 3 3 3 3 3 3 3 3 3 3 3 3 3 3 3 3 3 3 3 3 3 3 3 3 3 3 3 3 3 0 3 3 3 3 3 3 3 3 3 3 3 3 3 3 3 3 
1 1 1 1 1 1 1 1 1 1 1 1 1 1 1 1 1 1 1 1 1 1 1 1 1 1 1 1 1 1 1 0 1 1 1 1 1 1 1 1 1 1 1 1 1 1 1 
2 2 2 2 2 2 2 2 2 2 2 2 2 2 2 2 2 2 2 2 2 2 2 2 2 2 2 2 2 2 2 2 0 2 2 2 2 2 2 2 2 2 2 2 2 2 2 
3 3 3 3 3 3 3 3 3 3 3 3 3 3 3 3 3 3 3 3 3 3 3 3 3 3 3 3 3 3 3 3 3 0 3 3 3 3 3 3 3 3 3 3 3 3 3 
3 3 3 3 3 3 3 3 3 3 3 3 3 3 3 3 3 3 3 3 3 3 3 3 3 3 3 3 3 3 3 3 3 3 0 3 3 3 3 3 3 3 3 3 3 3 3 
2 2 2 2 2 2 2 2 2 2 2 2 2 2 2 2 2 2 2 2 2 2 2 2 2 2 2 2 2 2 2 2 2 2 2 0 2 2 2 2 2 2 2 2 2 2 2 
3 3 3 3 3 3 3 3 3 3 3 3 3 3 3 3 3 3 3 3 3 3 3 3 3 3 3 3 3 3 3 3 3 3 3 3 0 3 3 3 3 3 3 3 3 3 3 
2 2 2 2 2 2 2 2 2 2 2 2 2 2 2 2 2 2 2 2 2 2 2 2 2 2 2 2 2 2 2 2 2 2 2 2 2 0 2 2 2 2 2 2 2 2 2 
3 3 3 3 3 3 3 3 3 3 3 3 3 3 3 3 3 3 3 3 3 3 3 3 3 3 3 3 3 3 3 3 3 3 3 3 3 3 0 3 3 3 3 3 3 3 3 
1 1 1 1 1 1 1 1 1 1 1 1 1 1 1 1 1 1 1 1 1 1 1 1 1 1 1 1 1 1 1 1 1 1 1 1 1 1 1 0 1 1 1 1 1 1 1 
3 3 3 3 3 3 3 3 3 3 3 3 3 3 3 3 3 3 3 3 3 3 3 3 3 3 3 3 3 3 3 3 3 3 3 3 3 3 3 3 0 3 3 3 3 3 3 
1 1 1 1 1 1 1 1 1 1 1 1 1 1 1 1 1 1 1 1 1 1 1 1 1 1 1 1 1 1 1 1 1 1 1 1 1 1 1 1 1 0 1 1 1 1 1 
3 3 3 3 3 3 3 3 3 3 3 3 3 3 3 3 3 3 3 3 3 3 3 3 3 3 3 3 3 3 3 3 3 3 3 3 3 3 3 3 3 3 0 3 3 3 3 
3 3 3 3 3 3 3 3 3 3 3 3 3 3 3 3 3 3 3 3 3 3 3 3 3 3 3 3 3 3 3 3 3 3 3 3 3 3 3 3 3 3 3 0 3 3 3 
3 3 3 3 3 3 3 3 3 3 3 3 3 3 3 3 3 3 3 3 3 3 3 3 3 3 3 3 3 3 3 3 3 3 3 3 3 3 3 3 3 3 3 3 0 3 3 
2 2 2 2 2 2 2 2 2 2 2 2 2 2 2 2 2 2 2 2 2 2 2 2 2 2 2 2 2 2 2 2 2 2 2 2 2 2 2 2 2 2 2 2 2 0 2 
3 3 3 3 3 3 3 3 3 3 3 3 3 3 3 3 3 3 3 3 3 3 3 3 3 3 3 3 3 3 3 3 3 3 3 3 3 3 3 3 3 3 3 3 3 3 0 
Time:
0	15
15	30
30	45
45	60
60	75
75	90
90	105
105	120
120	135
135	150
150	165
165	180
180	195
195	210
210	225
225	240
240	255
255	270
270	285
285	300
300	315
315	330
330	345
345	360
360	375
375	390
390	405
405	420
420	435
435	450
450	465
465	480
480	495
495	510
510	525
525	540
540	555
555	570
570	585
585	600
600	615
615	630
630	645
645	660
660	675
675	690
690	705
705	720
720	735
735	750
750	765
765	780
780	795
795	810
810	825
825	840
840	855
855	870
870	885
885	900
900	915
915	930
930	945
945	960
960	975
975	990
990	1005
1005	1020
1020	1035
1035	1050
1050	1065
1065	1080
1080	5000
Speed:
0.925	0.85	0.925	1	0.8325	0.765	0.8325	0.9	0.4625	0.425	0.4625	0.5	0.30525	0.2805	0.30525	0.33	0.37	0.34	0.37	0.4	0.555	0.51	0.555	0.6	0.6475	0.595	0.6475	0.7	0.37	0.34	0.37	0.4	0.30525	0.2805	0.30525	0.33	0.4625	0.425	0.4625	0.5	0.6475	0.595	0.6475	0.7	0.74	0.68	0.74	0.8	0.6475	0.595	0.6475	0.7	0.4625	0.425	0.4625	0.5	0.555	0.51	0.555	0.6	0.6475	0.595	0.6475	0.7	0.8325	0.765	0.8325	0.9	0.925	0.85	0.925	1	1	
0.925	0.85	0.925	1	0.8325	0.765	0.8325	0.9	0.4625	0.425	0.4625	0.5	0.30525	0.2805	0.30525	0.33	0.37	0.34	0.37	0.4	0.555	0.51	0.555	0.6	0.6475	0.595	0.6475	0.7	0.37	0.34	0.37	0.4	0.30525	0.2805	0.30525	0.33	0.4625	0.425	0.4625	0.5	0.6475	0.595	0.6475	0.7	0.74	0.68	0.74	0.8	0.6475	0.595	0.6475	0.7	0.4625	0.425	0.4625	0.5	0.555	0.51	0.555	0.6	0.6475	0.595	0.6475	0.7	0.8325	0.765	0.8325	0.9	0.925	0.85	0.925	1	1	
0.925	0.85	0.925	1	0.8325	0.765	0.8325	0.9	0.4625	0.425	0.4625	0.5	0.30525	0.2805	0.30525	0.33	0.37	0.34	0.37	0.4	0.555	0.51	0.555	0.6	0.6475	0.595	0.6475	0.7	0.37	0.34	0.37	0.4	0.30525	0.2805	0.30525	0.33	0.4625	0.425	0.4625	0.5	0.6475	0.595	0.6475	0.7	0.74	0.68	0.74	0.8	0.6475	0.595	0.6475	0.7	0.4625	0.425	0.4625	0.5	0.555	0.51	0.555	0.6	0.6475	0.595	0.6475	0.7	0.8325	0.765	0.8325	0.9	0.925	0.85	0.925	1	1	
