51
0 68.08 73.91 86.36 57.15 67.95 50.41 82.36 75.15 99.42 51.45 76.05 67.15 71.8 72.19 65.93 48.91 87.72 88.55 65.01 92.38 66.38 68.96 73.63 72.5 65.43 68.1 53.25 45.03 80.09 93.99 72.53 81.06 47.49 87.89 67.26 69.58 63 74.02 86.65 58.62 96.71 74.45 58.45 48.77 73.72 76.01 86.5 74.42 90.82 72.87 
68.08 0 32.13 19.91 12.05 9.05 31.52 15.89 9.74 32.09 21 11.51 34.31 12.89 20.59 16.65 25.84 19.96 21.85 18.35 24.37 16.3 15.53 26.03 11.38 27.48 9.27 22.79 30.16 14.8 26.21 8.97 15.98 21.54 20.8 18.14 4.26 27.52 23.56 32.73 9.54 28.81 14.38 11.71 35.39 17.16 11.49 30.37 23.55 22.99 8.51 
73.91 32.13 0 30.23 29.09 32.65 23.49 42.63 39.98 51.85 26.62 25 8.11 44.91 11.83 29.57 26.53 41.87 31.8 15.11 42.95 29.57 30.97 6.51 43.19 8.85 32.92 22.98 29.41 26.16 45.76 24.7 44.46 33.1 32.61 14.35 28.22 11.14 9.36 63.76 31.98 46.82 19.82 27.28 25.5 16.21 24.97 61.02 9.6 37.12 25.53 
86.36 19.91 30.23 0 29.25 20.26 42.55 16.95 19.37 21.63 35.74 10.36 36.48 26.33 20.41 21 39.61 13.06 12.36 24.85 12.85 20.58 18.6 24.17 24.25 31.26 20.26 35.42 44.17 6.39 15.66 13.85 19.78 38.88 11.43 22.9 17.14 32.79 21.45 39.06 28.37 16.59 13.48 27.91 46.24 16.18 10.41 35.92 21.09 6.91 13.5 
57.15 12.05 29.09 29.25 0 12.14 20.76 27.9 21.34 44.06 9.3 19.04 28.34 22.05 20.08 9.17 14.23 31.88 31.42 14.05 36.06 9.61 12.47 24.47 21.34 21.81 12.39 12.05 18.32 23.07 38.07 15.5 27.74 9.78 30.75 15.38 12.52 20.82 23.01 42.3 16.58 40.57 18.49 17.73 24.48 19.14 18.99 40.4 23.22 33.78 15.77 
67.95 9.05 32.65 20.26 12.14 0 31.79 15.76 9.46 32.08 21.17 11.99 34.77 12.4 21.12 16.89 26.03 19.99 22.18 18.81 24.46 16.81 16.04 26.55 10.93 27.94 9.8 23.05 30.32 15.24 26.25 9.49 15.76 21.55 21.1 18.63 4.79 27.95 24.09 32.31 9.49 28.88 14.91 11.88 35.66 17.69 11.97 29.97 24.08 23.21 9.02 
50.41 31.52 23.49 42.55 20.76 31.79 0 47.03 41.25 61.58 11.84 32.88 17.14 42.78 23.82 28.17 7.49 49.57 44.7 17.75 52.79 28.51 31.33 23.83 41.94 15.16 32.08 8.79 7.07 36.35 55.25 30.07 47.47 16.73 44.69 19.85 29.96 12.73 24.84 63.05 24.61 57.31 29.08 20.23 15.76 26.88 32.82 61.11 25.28 48.76 30.79 
82.36 15.89 42.63 16.95 27.9 15.76 47.03 0 7.22 17.08 36.87 17.63 46.9 12.38 30.98 19.07 41.68 6.64 17.45 31.76 11.66 18.68 15.78 36.12 10.79 40.44 15.51 38.44 46.04 17.19 12.25 18.54 13.63 37.13 15.83 30.73 17.13 41.11 33.27 22.31 24.99 15.13 22.83 27.58 50.92 26.44 17.66 19.24 33.06 14.48 17.68 
75.15 9.74 39.98 19.37 21.34 9.46 41.25 7.22 0 24.29 30.53 15.8 43.17 6.96 28.16 13.09 35.42 13.13 20.6 27.41 18.17 12.78 10.12 33.57 4.89 36.45 9.18 32.51 39.64 17.07 19.21 15.3 6.42 30.23 19.11 26.8 12.29 36.75 30.84 23.81 18.15 22.06 20.52 21.28 45.12 23.97 15.82 21.19 30.72 19.31 14.48 
99.42 32.09 51.85 21.63 44.06 32.08 61.58 17.08 24.29 0 52.54 29.06 57.85 28.72 41.55 34.92 57.13 12.2 20.23 44.68 9.04 34.49 31.59 45.71 27.49 52.21 31.88 53.45 61.64 26.35 6.37 31.54 18.74 53.62 19.27 43.08 32.08 53.46 42.93 27.99 41.55 5.12 33.77 43.43 65.44 37.04 29.11 25.08 42.59 14.79 30.79 
51.45 21 26.62 35.74 9.3 21.17 11.84 36.87 30.53 52.54 0 25.42 23.38 31.3 21.2 17.82 4.93 40.34 37.96 13.94 44.17 18.23 21.15 23.89 30.64 18 21.44 9.32 9.16 29.35 46.38 22.06 36.91 6.57 37.57 16.1 20.48 16.17 23.49 51.46 13 48.73 23.11 9.29 15.38 22.29 25.36 49.64 23.84 41.12 22.59 
76.05 11.51 25 10.36 19.04 11.99 32.88 17.63 15.8 29.06 25.42 0 29.58 21.93 13.4 11.49 29.41 17.63 12.57 15.62 20.09 11.13 10.02 18.5 19.93 23.44 12.11 25.32 33.99 12.72 22.7 10.74 19.53 28.57 12.16 14.04 7.71 24.49 15.65 39.12 18.58 24.55 5.22 17.62 36.67 8.83 10.39 36.26 15.45 15.94 11.42 
67.15 34.31 8.11 36.48 28.34 34.77 17.14 46.9 43.17 57.85 23.38 29.58 0 47.16 16.36 31.29 21.88 47.11 38.27 15.97 48.83 31.41 33.4 12.48 45.68 6.85 35.07 19.29 23.79 31.59 51.6 28.38 48.35 29.91 38.87 16.37 30.92 7.54 15.06 66.89 31.82 52.95 24.44 26.79 18.38 20.94 29.54 64.35 15.43 43.37 29.25 
71.8 12.89 44.91 26.33 22.05 12.4 42.78 12.38 6.96 28.72 31.3 21.93 47.16 0 33.22 15.9 36.21 18.96 27.55 31.19 24.02 15.76 13.95 38.68 11.85 40.32 12.11 34.01 40.04 23.71 24.54 20.69 10.05 29.52 26.04 31.02 16.69 40.25 36.09 20.32 18.3 27.42 26.17 22.59 46.53 29.39 21.93 18.34 36.03 25.99 19.97 
72.19 20.59 11.83 20.41 20.08 21.12 23.82 30.98 28.16 41.55 21.2 13.4 16.36 33.22 0 18.33 23.29 30.78 22.33 7.26 32.51 18.27 19.35 5.46 31.45 10.86 21.38 18.94 27.4 15.23 35.27 12.87 32.7 26.8 22.76 5.13 16.54 12.56 11.51 51.93 22.13 36.7 8.19 18.16 27.14 4.61 13.36 49.2 11.37 27.22 13.7 
65.93 16.65 29.57 21 9.17 16.89 28.17 19.07 13.09 34.92 17.82 11.49 31.29 15.9 18.33 0 22.61 22.73 23.08 15.33 26.9 15.26 15.16 23.67 14.54 24.44 17.08 19.47 26.99 15.27 28.9 8.28 19.3 18.89 22.21 15.35 12.58 24.36 21.37 35.96 7.41 31.4 13.14 8.56 32.05 15.39 11.46 33.65 21.4 24.89 8.14 
48.91 25.84 26.53 39.61 14.23 26.03 7.49 41.68 35.42 57.13 4.93 29.41 21.88 36.21 23.29 22.61 0 44.95 41.82 16.18 48.63 23 25.92 24.98 35.57 17.68 26.3 4.39 4.58 33.23 50.91 26.2 41.78 9.27 41.55 18.44 25.06 15.46 25.14 56.34 17.92 53.19 26.54 14.15 10.68 25.18 29.36 54.55 25.53 45.29 26.8 
87.72 19.96 41.87 13.06 31.88 19.99 49.57 6.64 13.13 12.2 40.34 17.63 47.11 18.96 30.78 22.73 44.95 0 12.81 33.05 5.07 22.29 19.41 35.46 17.28 41.07 19.81 41.33 49.45 15.71 6.28 19.7 9.41 41.49 11.27 31.63 19.89 42.1 32.6 26.6 29.48 9.02 22.68 31.23 53.45 26.18 17.68 23.41 32.32 8.59 18.91 
88.55 21.85 31.8 12.36 31.42 22.18 44.7 17.45 20.6 20.23 37.96 12.57 38.27 27.55 22.33 23.08 41.82 12.81 0 26.99 11.75 22.65 20.58 25.88 25.49 33.2 22.16 37.63 46.38 8.61 14.52 16.05 20.37 41.07 9.98 25.01 19.23 34.79 23.21 39.23 30.47 15.13 15.63 30.1 48.38 18.2 12.62 36.07 22.84 5.46 15.68 
65.01 18.35 15.11 24.85 14.05 18.81 17.75 31.76 27.41 44.68 13.94 15.62 15.97 31.19 7.26 15.33 16.18 33.05 26.99 0 35.71 15.44 17.48 10.57 29.72 9.14 19.1 11.8 20.45 18.78 38.31 13.41 32.9 19.69 27.04 12.38 15.12 9.38 9.65 51 16.86 40.15 11.37 12.2 21.39 9.21 15.57 48.53 9.96 31.24 14.24 
92.38 24.37 42.95 12.85 36.06 24.46 52.79 11.66 18.17 9.04 44.17 20.09 48.83 24.02 32.51 26.9 48.63 5.07 11.75 35.71 0 26.45 23.66 36.74 22.35 43.16 24.3 44.82 53.18 17.31 11.36 22.72 14.3 45.78 10.56 34.07 23.74 44.43 33.94 29.79 33.91 4.56 24.74 35.25 56.63 28 20.14 26.62 33.61 6.38 22.01 
66.38 16.3 29.57 20.58 9.61 16.81 28.51 18.68 12.78 34.49 18.23 11.13 31.41 15.76 18.27 15.26 23 22.29 22.65 15.44 26.45 0 14.81 23.63 14.35 24.57 16.97 19.82 27.39 14.88 28.46 7.96 18.96 19.33 21.77 15.4 12.23 24.53 21.3 35.75 7.85 30.96 12.9 8.98 32.39 15.24 11.1 33.42 21.32 24.44 7.79 
68.96 15.53 30.97 18.6 12.47 16.04 31.33 15.78 10.12 31.59 21.15 10.02 33.4 13.95 19.35 15.16 25.92 19.41 20.58 17.48 23.66 14.81 0 24.8 12.32 26.6 16.2 22.68 30.31 13.36 25.61 7.49 16.15 22.13 19.58 17.13 11.46 26.75 22.28 33.52 10.34 28.14 12.94 11.9 35.22 15.79 10 31.07 22.25 21.95 7.02 
73.63 26.03 6.51 24.17 24.47 26.55 23.83 36.12 33.57 45.71 23.89 18.5 12.48 38.68 5.46 23.67 24.98 35.46 25.88 10.57 36.74 23.63 24.8 0 36.91 8.95 26.81 20.88 28.61 19.76 39.54 18.28 37.96 30.02 26.56 9.11 21.99 11.27 15.87 57.31 26.92 40.73 13.31 22.58 26.63 9.71 18.46 54.55 16.1 31.08 19.09 
72.5 11.38 43.19 24.25 21.34 10.93 41.94 10.79 4.89 27.49 30.64 19.93 45.68 11.85 31.45 14.54 35.57 17.28 25.49 29.72 22.35 14.35 12.32 36.91 0 38.86 10.63 33.15 39.52 21.64 23.03 18.82 8.75 29.29 23.99 29.45 14.99 38.88 34.29 21.43 17.7 25.91 24.27 21.71 45.73 27.54 19.93 19.23 34.21 24.06 18.08 
65.43 27.48 8.85 31.26 21.81 27.94 15.16 40.44 36.45 52.21 18 23.44 6.85 40.32 10.86 24.44 17.68 41.07 33.2 9.14 43.16 24.57 26.6 8.95 38.86 0 28.24 14.22 20.66 25.86 45.88 21.9 41.77 24.55 33.6 9.73 24.17 14.39 10.64 60.11 25.15 47.43 18.46 20.17 17.74 15.19 23.39 57.61 11.07 38.04 22.76 
68.1 9.27 32.92 20.26 12.39 9.8 32.08 15.51 9.18 31.88 21.44 12.11 35.07 12.11 21.38 17.08 26.3 19.81 22.16 19.1 24.3 16.97 16.2 26.81 10.63 28.24 0 23.33 30.58 15.3 26.07 9.67 15.49 21.75 21.07 18.92 5.01 28.25 24.34 32.01 9.67 28.71 15.11 12.15 35.94 17.92 12.09 29.67 24.33 23.12 9.18 
53.25 22.79 22.98 35.42 12.05 23.05 8.79 38.44 32.51 53.45 9.32 25.32 19.29 34.01 18.94 19.47 4.39 41.33 37.63 11.8 44.82 19.82 22.68 20.88 33.15 14.22 23.33 0 8.81 29.07 47.18 22.21 38.77 10.61 37.41 14.06 21.51 12.23 20.88 54.3 15.93 49.37 22.24 11.44 12.62 20.8 25.26 52.33 21.26 41.25 22.86 
45.03 30.16 29.41 44.17 18.32 30.32 7.07 46.04 39.64 61.64 9.16 33.99 23.79 40.04 27.4 26.99 4.58 49.45 46.38 20.45 53.18 27.39 30.31 28.61 39.52 20.66 30.58 8.81 0 37.8 55.44 30.78 46.03 11.43 46.12 22.71 29.56 18.28 29.05 59.98 21.82 57.74 31.05 18.45 8.69 29.56 33.93 58.31 29.45 49.87 31.38 
80.09 14.8 26.16 6.39 23.07 15.24 36.35 17.19 17.07 26.35 29.35 12.72 31.59 23.71 15.23 15.27 33.23 15.71 8.61 18.78 17.31 14.88 13.36 19.76 21.64 25.86 15.3 29.07 37.8 0 20.04 7.57 19.55 32.6 8.36 16.96 11.4 27.18 16.9 39.35 22.49 21.59 7.5 21.65 40.09 10.7 12.68 36.35 16.61 12.46 7.34 
93.99 26.21 45.76 15.66 38.07 26.25 55.25 12.25 19.21 6.37 46.38 22.7 51.6 24.54 35.27 28.9 50.91 6.28 14.52 38.31 11.36 28.46 25.61 39.54 23.03 45.88 26.07 47.18 55.44 20.04 0 25.2 14.55 47.72 13.36 36.71 25.91 47.11 36.74 28.26 35.74 11.49 27.43 37.35 59.11 30.74 22.75 25.12 36.41 9.1 24.46 
72.53 8.97 24.7 13.85 15.5 9.49 30.07 18.54 15.3 31.54 22.06 10.74 28.38 20.69 12.87 8.28 26.2 19.7 16.05 13.41 22.72 7.96 7.49 18.28 18.82 21.9 9.67 22.21 30.78 7.57 25.2 0 20 25.05 15.54 12.21 4.78 22.65 15.56 39.06 15.14 27.25 5.53 14.09 33.91 8.73 10.7 36.34 15.45 19.09 9.22 
81.06 15.98 44.46 19.78 27.74 15.76 47.47 13.63 6.42 18.74 36.91 19.53 48.35 10.05 32.7 19.3 41.78 9.41 20.37 32.9 14.3 18.96 16.15 37.96 8.75 41.77 15.49 38.77 46.03 19.55 14.55 20 0 36.63 18.75 32.04 17.93 42.28 35.14 19.8 24.56 17.42 24.66 27.63 51.35 28.25 19.56 16.82 34.96 17.44 19.13 
47.49 21.54 33.1 38.88 9.78 21.55 16.73 37.13 30.23 53.62 6.57 28.57 29.91 29.52 26.8 18.89 9.27 41.49 41.07 19.69 45.78 19.33 22.13 30.02 29.29 24.55 21.75 10.61 11.43 32.6 47.72 25.05 36.63 0 40.45 21.68 22.3 22.73 29.34 49.02 12.14 50.27 27.28 10.97 19.61 27.15 28.52 47.54 29.65 43.56 25.39 
87.89 20.8 32.61 11.43 30.75 21.1 44.69 15.83 19.11 19.27 37.57 12.16 38.87 26.04 22.76 22.21 41.55 11.27 9.98 27.04 10.56 21.77 19.58 26.56 23.99 33.6 21.07 37.41 46.12 8.36 13.36 15.54 18.75 40.45 0 25.13 18.41 35.11 23.83 37.64 29.61 14.21 15.68 29.49 48.4 18.49 12.21 34.47 23.48 4.52 15.09 
67.26 18.14 14.35 22.9 15.38 18.63 19.85 30.73 26.8 43.08 16.1 14.04 16.37 31.02 5.13 15.35 18.44 31.63 25.01 12.38 34.07 15.4 17.13 9.11 29.45 9.73 18.92 14.06 22.71 16.96 36.71 12.21 32.04 21.68 25.13 0 14.57 10.49 7.76 50.54 17.85 38.46 9.47 13.48 23.43 7.03 13.99 47.98 8.03 29.4 13.06 
69.58 4.26 28.22 17.14 12.52 4.79 29.96 17.13 12.29 32.08 20.48 7.71 30.92 16.69 16.54 12.58 25.06 19.89 19.23 15.12 23.74 12.23 11.46 21.99 14.99 24.17 5.01 21.51 29.56 11.4 25.91 4.78 17.93 22.3 18.41 14.57 0 24.48 19.45 35.97 11.23 28.28 10.13 11.54 33.86 12.93 7.68 33.44 19.41 21.27 4.44 
63 27.52 11.14 32.79 20.82 27.95 12.73 41.11 36.75 53.46 16.17 24.49 7.54 40.25 12.56 24.36 15.46 42.1 34.79 9.38 44.43 24.53 26.75 11.27 38.88 14.39 28.25 12.23 18.28 27.18 47.11 22.65 42.28 22.73 35.11 10.49 24.48 0 12.73 60.24 24.35 48.76 19.7 19.3 15.37 16.62 24.44 57.83 13.17 39.5 23.5 
74.02 23.56 9.36 21.45 23.01 24.09 24.84 33.27 30.84 42.93 23.49 15.65 15.06 36.09 11.51 21.37 25.14 32.6 23.21 9.65 33.94 21.3 22.28 15.87 34.29 10.64 24.34 20.88 29.05 16.9 36.74 15.56 35.14 29.34 23.83 7.76 19.45 12.73 0 54.54 25.17 37.97 10.48 21.1 27.9 6.9 15.61 51.76 13.65 28.35 16.36 
86.65 32.73 63.76 39.06 42.3 32.31 63.05 22.31 23.81 27.99 51.46 39.12 66.89 20.32 51.93 35.96 56.34 26.6 39.23 51 29.79 35.75 33.52 57.31 21.43 60.11 32.01 54.3 59.98 39.35 28.26 39.06 19.8 49.02 37.64 50.54 35.97 60.24 54.54 0 38.48 30.3 44.11 42.91 66.77 47.65 39.15 36.62 54.4 35.13 38.23 
58.62 9.54 31.98 28.37 16.58 9.49 24.61 24.99 18.15 41.55 13 18.58 31.82 18.3 22.13 7.41 17.92 29.48 30.47 16.86 33.91 7.85 10.34 26.92 17.7 25.15 9.67 15.93 21.82 22.49 35.74 15.14 24.56 12.14 29.61 17.85 11.23 24.35 25.17 38.48 0 38.35 19.1 5.06 28.29 20.44 18.54 36.63 25.32 32.25 15.19 
96.71 28.81 46.82 16.59 40.57 28.88 57.31 15.13 22.06 5.12 48.73 24.55 52.95 27.42 36.7 31.4 53.19 9.02 15.13 40.15 4.56 30.96 28.14 40.73 25.91 47.43 28.71 49.37 57.74 21.59 11.49 27.25 17.42 50.27 14.21 38.46 28.28 48.76 37.97 30.3 38.35 0 29.07 39.78 61.14 32.24 24.6 27.21 37.63 9.71 26.55 
74.45 14.38 19.82 13.48 18.49 14.91 29.08 22.83 20.52 33.77 23.11 5.22 24.44 26.17 8.19 13.14 26.54 22.68 15.63 11.37 24.74 12.9 12.94 13.31 24.27 18.46 15.11 22.24 31.05 7.5 27.43 5.53 24.66 27.28 15.68 9.47 10.13 19.7 10.48 44.11 19.1 29.07 0 16.76 32.76 12.8 5.18 41.3 10.31 19.93 6.2 
58.45 11.71 27.28 27.91 17.73 11.88 20.23 27.58 21.28 43.43 9.29 17.62 26.79 22.59 18.16 8.56 14.15 31.23 30.1 12.2 35.25 8.98 11.9 22.58 21.71 20.17 12.15 11.44 18.45 21.65 37.35 14.09 27.63 10.97 29.49 13.48 11.54 19.3 21.1 42.91 5.06 39.78 16.76 0 24.03 17.29 17.57 40.89 21.31 32.69 14.42 
48.77 35.39 25.5 46.24 24.48 35.66 15.76 50.92 45.12 65.44 15.38 36.67 18.38 46.53 27.14 32.05 10.68 53.45 48.38 21.39 56.63 32.39 35.22 26.63 45.73 17.74 35.94 12.62 8.69 40.09 59.11 33.91 51.35 19.61 48.4 23.43 33.86 15.37 27.9 66.77 28.29 61.14 32.76 24.03 0 30.42 36.62 64.87 28.34 52.52 34.65 
73.72 17.16 16.21 16.18 19.14 17.69 26.88 26.44 23.97 37.04 22.29 8.83 20.94 29.39 4.61 15.39 25.18 26.18 18.2 9.21 28 15.24 15.79 9.71 27.54 15.19 17.92 20.8 29.56 10.7 30.74 8.73 28.25 27.15 18.49 7.03 12.93 16.62 6.9 47.65 20.44 32.24 12.8 17.29 30.42 0 8.79 44.86 6.75 22.88 9.51 
76.01 11.49 24.97 10.41 18.99 11.97 32.82 17.66 15.82 29.11 25.36 10.39 29.54 21.93 13.36 11.46 29.36 17.68 12.62 15.57 20.14 11.1 10 18.46 19.93 23.39 12.09 25.26 33.93 12.68 22.75 10.7 19.56 28.52 12.21 13.99 7.68 24.44 15.61 39.15 18.54 24.6 5.18 17.57 36.62 8.79 0 36.28 15.41 15.99 11.38 
86.5 30.37 61.02 35.92 40.4 29.97 61.11 19.24 21.19 25.08 49.64 36.26 64.35 18.34 49.2 33.65 54.55 23.41 36.07 48.53 26.62 33.42 31.07 54.55 19.23 57.61 29.67 52.33 58.31 36.35 25.12 36.34 16.82 47.54 34.47 47.98 33.44 57.83 51.76 36.62 36.63 27.21 41.3 40.89 64.87 44.86 36.28 0 51.6 31.95 35.5 
74.42 23.55 9.6 21.09 23.22 24.08 25.28 33.06 30.72 42.59 23.84 15.45 15.43 36.03 11.37 21.4 25.53 32.32 22.84 9.96 33.61 21.32 22.25 16.1 34.21 11.07 24.33 21.26 29.45 16.61 36.41 15.45 34.96 29.65 23.48 8.03 19.41 13.17 13.65 54.4 25.32 37.63 10.31 21.31 28.34 6.75 15.41 51.6 0 27.99 16.25 
90.82 22.99 37.12 6.91 33.78 23.21 48.76 14.48 19.31 14.79 41.12 15.94 43.37 25.99 27.22 24.89 45.29 8.59 5.46 31.24 6.38 24.44 21.95 31.08 24.06 38.04 23.12 41.25 49.87 12.46 9.1 19.09 17.44 43.56 4.52 29.4 21.27 39.5 28.35 35.13 32.25 9.71 19.93 32.69 52.52 22.88 15.99 31.95 27.99 0 18.53 
72.87 8.51 25.53 13.5 15.77 9.02 30.79 17.68 14.48 30.79 22.59 11.42 29.25 19.97 13.7 8.14 26.8 18.91 15.68 14.24 22.01 7.79 7.02 19.09 18.08 22.76 9.18 22.86 31.38 7.34 24.46 9.22 19.13 25.39 15.09 13.06 4.44 23.5 16.36 38.23 15.19 26.55 6.2 14.42 34.65 9.51 11.38 35.5 16.25 18.53 0 
0	5000
0	116
0	155
0	215
0	303
0	336
0	395
0	473
0	494
0	568
0	673
0	710
0	751
0	822
0	891
0	926
0	962
0	1025
0	1041
0	1071
0	1110
0	1137
0	1152
0	1176
0	1213
0	1252
0	1280
0	1304
0	1313
0	1350
0	1370
0	1396
0	1416
0	1452
0	1493
0	1518
0	1532
0	1557
0	1570
0	1624
0	1663
0	1701
0	1730
0	1747
0	1771
0	1801
0	1810
0	1846
0	1898
0	1926
0	1944
C:
0 3 3 3 3 3 3 3 3 3 3 3 3 3 3 3 3 3 3 3 3 3 3 3 3 3 3 3 3 3 3 3 3 3 3 3 3 3 3 3 3 3 3 3 3 3 3 3 3 3 3 3 
1 0 1 1 1 1 1 1 1 1 1 1 1 1 1 1 1 1 1 1 1 1 1 1 1 1 1 1 1 1 1 1 1 1 1 1 1 1 1 1 1 1 1 1 1 1 1 1 1 1 1 1 
3 3 0 3 3 3 3 3 3 3 3 3 3 3 3 3 3 3 3 3 3 3 3 3 3 3 3 3 3 3 3 3 3 3 3 3 3 3 3 3 3 3 3 3 3 3 3 3 3 3 3 3 
2 2 2 0 2 2 2 2 2 2 2 2 2 2 2 2 2 2 2 2 2 2 2 2 2 2 2 2 2 2 2 2 2 2 2 2 2 2 2 2 2 2 2 2 2 2 2 2 2 2 2 2 
1 1 1 1 0 1 1 1 1 1 1 1 1 1 1 1 1 1 1 1 1 1 1 1 1 1 1 1 1 1 1 1 1 1 1 1 1 1 1 1 1 1 1 1 1 1 1 1 1 1 1 1 
1 1 1 1 1 0 1 1 1 1 1 1 1 1 1 1 1 1 1 1 1 1 1 1 1 1 1 1 1 1 1 1 1 1 1 1 1 1 1 1 1 1 1 1 1 1 1 1 1 1 1 1 
3 3 3 3 3 3 0 3 3 3 3 3 3 3 3 3 3 3 3 3 3 3 3 3 3 3 3 3 3 3 3 3 3 3 3 3 3 3 3 3 3 3 3 3 3 3 3 3 3 3 3 3 
2 2 2 2 2 2 2 0 2 2 2 2 2 2 2 2 2 2 2 2 2 2 2 2 2 2 2 2 2 2 2 2 2 2 2 2 2 2 2 2 2 2 2 2 2 2 2 2 2 2 2 2 
1 1 1 1 1 1 1 1 0 1 1 1 1 1 1 1 1 1 1 1 1 1 1 1 1 1 1 1 1 1 1 1 1 1 1 1 1 1 1 1 1 1 1 1 1 1 1 1 1 1 1 1 
3 3 3 3 3 3 3 3 3 0 3 3 3 3 3 3 3 3 3 3 3 3 3 3 3 3 3 3 3 3 3 3 3 3 3 3 3 3 3 3 3 3 3 3 3 3 3 3 3 3 3 3 
2 2 2 2 2 2 2 2 2 2 0 2 2 2 2 2 2 2 2 2 2 2 2 2 2 2 2 2 2 2 2 2 2 2 2 2 2 2 2 2 2 2 2 2 2 2 2 2 2 2 2 2 
1 1 1 1 1 1 1 1 1 1 1 0 1 1 1 1 1 1 1 1 1 1 1 1 1 1 1 1 1 1 1 1 1 1 1 1 1 1 1 1 1 1 1 1 1 1 1 1 1 1 1 1 
3 3 3 3 3 3 3 3 3 3 3 3 0 3 3 3 3 3 3 3 3 3 3 3 3 3 3 3 3 3 3 3 3 3 3 3 3 3 3 3 3 3 3 3 3 3 3 3 3 3 3 3 
2 2 2 2 2 2 2 2 2 2 2 2 2 0 2 2 2 2 2 2 2 2 2 2 2 2 2 2 2 2 2 2 2 2 2 2 2 2 2 2 2 2 2 2 2 2 2 2 2 2 2 2 
2 2 2 2 2 2 2 2 2 2 2 2 2 2 0 2 2 2 2 2 2 2 2 2 2 2 2 2 2 2 2 2 2 2 2 2 2 2 2 2 2 2 2 2 2 2 2 2 2 2 2 2 
1 1 1 1 1 1 1 1 1 1 1 1 1 1 1 0 1 1 1 1 1 1 1 1 1 1 1 1 1 1 1 1 1 1 1 1 1 1 1 1 1 1 1 1 1 1 1 1 1 1 1 1 
3 3 3 3 3 3 3 3 3 3 3 3 3 3 3 3 0 3 3 3 3 3 3 3 3 3 3 3 3 3 3 3 3 3 3 3 3 3 3 3 3 3 3 3 3 3 3 3 3 3 3 3 
2 2 2 2 2 2 2 2 2 2 2 2 2 2 2 2 2 0 2 2 2 2 2 2 2 2 2 2 2 2 2 2 2 2 2 2 2 2 2 2 2 2 2 2 2 2 2 2 2 2 2 2 
2 2 2 2 2 2 2 2 2 2 2 2 2 2 2 2 2 2 0 2 2 2 2 2 2 2 2 2 2 2 2 2 2 2 2 2 2 2 2 2 2 2 2 2 2 2 2 2 2 2 2 2 
1 1 1 1 1 1 1 1 1 1 1 1 1 1 1 1 1 1 1 0 1 1 1 1 1 1 1 1 1 1 1 1 1 1 1 1 1 1 1 1 1 1 1 1 1 1 1 1 1 1 1 1 
2 2 2 2 2 2 2 2 2 2 2 2 2 2 2 2 2 2 2 2 0 2 2 2 2 2 2 2 2 2 2 2 2 2 2 2 2 2 2 2 2 2 2 2 2 2 2 2 2 2 2 2 
1 1 1 1 1 1 1 1 1 1 1 1 1 1 1 1 1 1 1 1 1 0 1 1 1 1 1 1 1 1 1 1 1 1 1 1 1 1 1 1 1 1 1 1 1 1 1 1 1 1 1 1 
1 1 1 1 1 1 1 1 1 1 1 1 1 1 1 1 1 1 1 1 1 1 0 1 1 1 1 1 1 1 1 1 1 1 1 1 1 1 1 1 1 1 1 1 1 1 1 1 1 1 1 1 
2 2 2 2 2 2 2 2 2 2 2 2 2 2 2 2 2 2 2 2 2 2 2 0 2 2 2 2 2 2 2 2 2 2 2 2 2 2 2 2 2 2 2 2 2 2 2 2 2 2 2 2 
2 2 2 2 2 2 2 2 2 2 2 2 2 2 2 2 2 2 2 2 2 2 2 2 0 2 2 2 2 2 2 2 2 2 2 2 2 2 2 2 2 2 2 2 2 2 2 2 2 2 2 2 
2 2 2 2 2 2 2 2 2 2 2 2 2 2 2 2 2 2 2 2 2 2 2 2 2 0 2 2 2 2 2 2 2 2 2 2 2 2 2 2 2 2 2 2 2 2 2 2 2 2 2 2 
1 1 1 1 1 1 1 1 1 1 1 1 1 1 1 1 1 1 1 1 1 1 1 1 1 1 0 1 1 1 1 1 1 1 1 1 1 1 1 1 1 1 1 1 1 1 1 1 1 1 1 1 
2 2 2 2 2 2 2 2 2 2 2 2 2 2 2 2 2 2 2 2 2 2 2 2 2 2 2 0 2 2 2 2 2 2 2 2 2 2 2 2 2 2 2 2 2 2 2 2 2 2 2 2 
3 3 3 3 3 3 3 3 3 3 3 3 3 3 3 3 3 3 3 3 3 3 3 3 3 3 3 3 0 3 3 3 3 3 3 3 3 3 3 3 3 3 3 3 3 3 3 3 3 3 3 3 
1 1 1 1 1 1 1 1 1 1 1 1 1 1 1 1 1 1 1 1 1 1 1 1 1 1 1 1 1 0 1 1 1 1 1 1 1 1 1 1 1 1 1 1 1 1 1 1 1 1 1 1 
3 3 3 3 3 3 3 3 3 3 3 3 3 3 3 3 3 3 3 3 3 3 3 3 3 3 3 3 3 3 0 3 3 3 3 3 3 3 3 3 3 3 3 3 3 3 3 3 3 3 3 3 
1 1 1 1 1 1 1 1 1 1 1 1 1 1 1 1 1 1 1 1 1 1 1 1 1 1 1 1 1 1 1 0 1 1 1 1 1 1 1 1 1 1 1 1 1 1 1 1 1 1 1 1 
2 2 2 2 2 2 2 2 2 2 2 2 2 2 2 2 2 2 2 2 2 2 2 2 2 2 2 2 2 2 2 2 0 2 2 2 2 2 2 2 2 2 2 2 2 2 2 2 2 2 2 2 
2 2 2 2 2 2 2 2 2 2 2 2 2 2 2 2 2 2 2 2 2 2 2 2 2 2 2 2 2 2 2 2 2 0 2 2 2 2 2 2 2 2 2 2 2 2 2 2 2 2 2 2 
2 2 2 2 2 2 2 2 2 2 2 2 2 2 2 2 2 2 2 2 2 2 2 2 2 2 2 2 2 2 2 2 2 2 0 2 2 2 2 2 2 2 2 2 2 2 2 2 2 2 2 2 
1 1 1 1 1 1 1 1 1 1 1 1 1 1 1 1 1 1 1 1 1 1 1 1 1 1 1 1 1 1 1 1 1 1 1 0 1 1 1 1 1 1 1 1 1 1 1 1 1 1 1 1 
1 1 1 1 1 1 1 1 1 1 1 1 1 1 1 1 1 1 1 1 1 1 1 1 1 1 1 1 1 1 1 1 1 1 1 1 0 1 1 1 1 1 1 1 1 1 1 1 1 1 1 1 
2 2 2 2 2 2 2 2 2 2 2 2 2 2 2 2 2 2 2 2 2 2 2 2 2 2 2 2 2 2 2 2 2 2 2 2 2 0 2 2 2 2 2 2 2 2 2 2 2 2 2 2 
2 2 2 2 2 2 2 2 2 2 2 2 2 2 2 2 2 2 2 2 2 2 2 2 2 2 2 2 2 2 2 2 2 2 2 2 2 2 0 2 2 2 2 2 2 2 2 2 2 2 2 2 
3 3 3 3 3 3 3 3 3 3 3 3 3 3 3 3 3 3 3 3 3 3 3 3 3 3 3 3 3 3 3 3 3 3 3 3 3 3 3 0 3 3 3 3 3 3 3 3 3 3 3 3 
1 1 1 1 1 1 1 1 1 1 1 1 1 1 1 1 1 1 1 1 1 1 1 1 1 1 1 1 1 1 1 1 1 1 1 1 1 1 1 1 0 1 1 1 1 1 1 1 1 1 1 1 
3 3 3 3 3 3 3 3 3 3 3 3 3 3 3 3 3 3 3 3 3 3 3 3 3 3 3 3 3 3 3 3 3 3 3 3 3 3 3 3 3 0 3 3 3 3 3 3 3 3 3 3 
1 1 1 1 1 1 1 1 1 1 1 1 1 1 1 1 1 1 1 1 1 1 1 1 1 1 1 1 1 1 1 1 1 1 1 1 1 1 1 1 1 1 0 1 1 1 1 1 1 1 1 1 
1 1 1 1 1 1 1 1 1 1 1 1 1 1 1 1 1 1 1 1 1 1 1 1 1 1 1 1 1 1 1 1 1 1 1 1 1 1 1 1 1 1 1 0 1 1 1 1 1 1 1 1 
3 3 3 3 3 3 3 3 3 3 3 3 3 3 3 3 3 3 3 3 3 3 3 3 3 3 3 3 3 3 3 3 3 3 3 3 3 3 3 3 3 3 3 3 0 3 3 3 3 3 3 3 
1 1 1 1 1 1 1 1 1 1 1 1 1 1 1 1 1 1 1 1 1 1 1 1 1 1 1 1 1 1 1 1 1 1 1 1 1 1 1 1 1 1 1 1 1 0 1 1 1 1 1 1 
1 1 1 1 1 1 1 1 1 1 1 1 1 1 1 1 1 1 1 1 1 1 1 1 1 1 1 1 1 1 1 1 1 1 1 1 1 1 1 1 1 1 1 1 1 1 0 1 1 1 1 1 
3 3 3 3 3 3 3 3 3 3 3 3 3 3 3 3 3 3 3 3 3 3 3 3 3 3 3 3 3 3 3 3 3 3 3 3 3 3 3 3 3 3 3 3 3 3 3 0 3 3 3 3 
2 2 2 2 2 2 2 2 2 2 2 2 2 2 2 2 2 2 2 2 2 2 2 2 2 2 2 2 2 2 2 2 2 2 2 2 2 2 2 2 2 2 2 2 2 2 2 2 0 2 2 2 
2 2 2 2 2 2 2 2 2 2 2 2 2 2 2 2 2 2 2 2 2 2 2 2 2 2 2 2 2 2 2 2 2 2 2 2 2 2 2 2 2 2 2 2 2 2 2 2 2 0 2 2 
1 1 1 1 1 1 1 1 1 1 1 1 1 1 1 1 1 1 1 1 1 1 1 1 1 1 1 1 1 1 1 1 1 1 1 1 1 1 1 1 1 1 1 1 1 1 1 1 1 1 0 1 
3 3 3 3 3 3 3 3 3 3 3 3 3 3 3 3 3 3 3 3 3 3 3 3 3 3 3 3 3 3 3 3 3 3 3 3 3 3 3 3 3 3 3 3 3 3 3 3 3 3 3 0 
Time:
0	15
15	30
30	45
45	60
60	75
75	90
90	105
105	120
120	135
135	150
150	165
165	180
180	195
195	210
210	225
225	240
240	255
255	270
270	285
285	300
300	315
315	330
330	345
345	360
360	375
375	390
390	405
405	420
420	435
435	450
450	465
465	480
480	495
495	510
510	525
525	540
540	555
555	570
570	585
585	600
600	615
615	630
630	645
645	660
660	675
675	690
690	705
705	720
720	735
735	750
750	765
765	780
780	795
795	810
810	825
825	840
840	855
855	870
870	885
885	900
900	915
915	930
930	945
945	960
960	975
975	990
990	1005
1005	1020
1020	1035
1035	1050
1050	1065
1065	1080
1080	5000
Speed:
0.925	0.85	0.925	1	0.8325	0.765	0.8325	0.9	0.4625	0.425	0.4625	0.5	0.30525	0.2805	0.30525	0.33	0.37	0.34	0.37	0.4	0.555	0.51	0.555	0.6	0.6475	0.595	0.6475	0.7	0.37	0.34	0.37	0.4	0.30525	0.2805	0.30525	0.33	0.4625	0.425	0.4625	0.5	0.6475	0.595	0.6475	0.7	0.74	0.68	0.74	0.8	0.6475	0.595	0.6475	0.7	0.4625	0.425	0.4625	0.5	0.555	0.51	0.555	0.6	0.6475	0.595	0.6475	0.7	0.8325	0.765	0.8325	0.9	0.925	0.85	0.925	1	1	
0.925	0.85	0.925	1	0.8325	0.765	0.8325	0.9	0.4625	0.425	0.4625	0.5	0.30525	0.2805	0.30525	0.33	0.37	0.34	0.37	0.4	0.555	0.51	0.555	0.6	0.6475	0.595	0.6475	0.7	0.37	0.34	0.37	0.4	0.30525	0.2805	0.30525	0.33	0.4625	0.425	0.4625	0.5	0.6475	0.595	0.6475	0.7	0.74	0.68	0.74	0.8	0.6475	0.595	0.6475	0.7	0.4625	0.425	0.4625	0.5	0.555	0.51	0.555	0.6	0.6475	0.595	0.6475	0.7	0.8325	0.765	0.8325	0.9	0.925	0.85	0.925	1	1	
0.925	0.85	0.925	1	0.8325	0.765	0.8325	0.9	0.4625	0.425	0.4625	0.5	0.30525	0.2805	0.30525	0.33	0.37	0.34	0.37	0.4	0.555	0.51	0.555	0.6	0.6475	0.595	0.6475	0.7	0.37	0.34	0.37	0.4	0.30525	0.2805	0.30525	0.33	0.4625	0.425	0.4625	0.5	0.6475	0.595	0.6475	0.7	0.74	0.68	0.74	0.8	0.6475	0.595	0.6475	0.7	0.4625	0.425	0.4625	0.5	0.555	0.51	0.555	0.6	0.6475	0.595	0.6475	0.7	0.8325	0.765	0.8325	0.9	0.925	0.85	0.925	1	1	
