51
0 73.53 63.08 98.69 68.07 68.2 101.37 58.23 67.89 70.91 67.83 83.15 81.1 41.83 67.42 73.79 114.47 73.67 57.8 62.51 73.61 63.16 70.19 72.56 96.62 68.94 75.75 63.25 80.31 81.22 82.09 57.2 72.89 83.74 93.05 75.76 61.63 46.37 85.07 78.67 72.05 64.64 54.03 77.03 89.92 67.83 68.94 68.91 63.1 62.71 68.39 
73.53 0 14.92 28.96 16.19 13.83 47.45 16.74 18.34 4.79 16.16 24.96 9.96 31.7 11.96 11.17 52.7 10.31 17.98 12.09 6.3 15.34 21.3 23.72 26.56 10.57 9.5 10.28 34.11 15.34 27.37 19.71 6.62 42.6 49.83 6.09 13 27.3 13.21 20.74 6.75 14.22 20.55 6.9 19.26 16.96 6.29 22.85 10.46 12.66 22.83 
63.08 14.92 0 35.63 24.76 5.36 44.82 16.47 7.67 10.33 6.08 22.46 18.75 22.9 4.39 13.24 54.31 13.79 5.45 5.23 11.58 8.85 11.59 33.68 33.54 6.05 12.87 9.81 26.41 18.18 22.99 5.94 19.34 34.18 43 13.85 5.1 17.72 22.67 17.37 10.02 10.72 9.57 14.97 26.95 6.61 15.42 12 10.61 15.89 31.13 
98.69 28.96 35.63 0 43.8 30.51 28.08 45.4 31.47 29.35 31.1 19.34 19.16 58.01 31.33 27.13 26.03 27.78 40.98 36.94 26.06 35.54 30.35 48.97 17.03 29.89 23.27 37.83 30.21 17.47 22.43 41.49 33.82 36.21 37.86 24.29 37.73 52.97 15.79 21.75 27.44 34.06 44.92 23.02 9.71 31.23 35.21 32.16 38.33 41.57 49.65 
68.07 16.19 24.76 43.8 0 26.83 63.61 12.09 31.22 19.01 29.02 40.94 25.73 28.43 24.4 19.12 68.54 18.04 24.11 19.61 21.97 25.37 34.92 8.94 41.4 23.84 25.46 14.99 49.07 31.53 43.09 26.31 10.08 57.43 65.3 22.25 20.02 26.23 28.23 36.42 21.74 25.1 23.83 23.08 34.34 29.83 10.68 35.98 14.23 9.44 6.77 
68.2 13.83 5.36 30.51 26.83 0 39.94 20.46 4.58 9.09 10.78 17.28 14.76 28.26 9.59 11.28 49.01 12.18 10.81 9 8.62 5.13 8.1 35.51 28.49 11.29 8.58 12.77 22.57 13.04 18.12 11.02 19.58 30.75 39.1 10.66 9.34 23.08 18.49 12.16 7.39 11.16 14.93 11.49 22.16 11.26 16.49 9.29 13.6 18.89 33.49 
101.37 47.45 44.82 28.08 63.61 39.94 0 60.16 37.39 45 38.74 23.01 38.65 66.51 42.12 44.5 16 45.58 49.75 48.91 41.76 44.37 33.8 70.91 29.27 41.71 38.22 52.13 21.08 32.14 21.84 48.96 53.9 19.26 13.75 41.37 49.28 61.43 37.65 28 42.28 43.44 53.76 40.6 32.91 38.24 53.15 34.31 52.91 57.8 70.28 
58.23 16.74 16.47 45.4 12.09 20.46 60.16 0 24.02 16.29 22.12 37.2 26.25 17.04 18.13 18.27 67.78 17.65 13.76 11.52 19.75 17.06 27.96 20.31 43.03 18.45 23.12 8.11 42.78 29.77 38.48 15.83 14.68 50.65 59.38 21.2 11.4 14.22 29.83 32.16 18.68 17.44 12.32 22.43 35.72 22.81 11.06 28.46 7.4 4.5 16.73 
67.89 18.34 7.67 31.47 31.22 4.58 37.39 24.02 0 13.64 11.34 15.68 17.93 29.45 6.87 15.66 47.68 16.62 12.36 12.54 12.78 7.13 12.67 39.98 29.66 7.85 11.85 16.77 18.77 14.47 15.66 11.72 24.16 26.69 35.37 14.6 12.62 24.28 21.32 10.85 11.74 6.58 16.4 15.23 24.04 10.94 21.01 4.76 17.61 22.95 37.83 
70.91 4.79 10.33 29.35 19.01 9.09 45 16.29 13.64 0 11.44 22.09 10.41 29.29 7.17 10.64 51.59 9.3 14.03 8.48 11.09 10.71 16.79 27.25 27.02 5.81 6.96 8.48 30.22 13.58 24.09 15.54 10.64 38.66 46.31 5.08 9.39 24.54 14.31 17.43 10.17 9.5 17.13 6.37 19.79 12.25 8.34 18.24 9.02 13.04 25.78 
67.83 16.16 6.08 31.1 29.02 10.78 38.74 22.12 11.34 11.44 0 16.49 16.43 28.61 4.64 13.55 48.45 14.48 11.23 10.6 10.78 5.65 5.97 37.75 29.18 5.63 10.25 14.69 20.69 13.76 16.9 10.98 21.93 28.73 37.27 12.71 10.78 23.42 19.99 11.45 9.64 4.76 15.37 13.44 23.19 10.1 18.77 6.99 15.53 20.86 35.65 
83.15 24.96 22.46 19.34 40.94 17.28 23.01 37.2 15.68 22.09 16.49 0 17.48 45.06 19.3 21.9 32.01 23.02 27.72 26.1 18.97 22.09 12.96 48.67 18.38 18.76 15.5 29.14 12.01 10.34 11.79 27.35 31.55 19.8 25.34 18.91 26.55 39.87 18.09 5.12 19.35 20.97 31.85 18.35 16.27 16.17 30.34 14.32 29.91 34.79 47.67 
81.1 9.96 18.75 19.16 25.73 14.76 38.65 26.25 17.93 10.41 16.43 17.48 0 39.65 14.44 7.99 42.84 8.63 23.55 18.6 7.49 18.88 19.22 32.36 16.78 12.72 6.2 18.81 28.49 7.15 20.56 24.62 15.67 36.83 42.81 5.37 19.47 34.8 14.69 14.64 9.06 17.38 27.1 12.25 9.48 16.97 16.24 21.15 19.26 22.44 32.12 
41.83 31.7 22.9 58.01 28.43 28.26 66.51 17.04 29.45 29.29 28.61 45.06 39.65 0 26.9 32.09 77.06 31.91 17.46 21.12 32.22 23.17 32.77 35.27 55.79 28.19 34.75 21.43 46.33 40.8 45.05 17.73 31.37 52.6 62.15 34.28 20.3 5.19 43.58 40.06 30.72 24.49 13.33 35.57 48.79 28.89 27.24 32.2 21.27 21.34 31.12 
67.42 11.96 4.39 31.33 24.4 9.59 42.12 18.13 6.87 7.17 4.64 19.3 14.44 26.9 0 9.71 50.77 10.48 9.65 6.8 7.52 4.46 10.53 33.12 29.21 10.27 8.48 10.35 25.01 13.94 20.36 10.33 17.4 33.2 41.53 9.74 7.27 21.77 18.33 14.19 6.05 9.4 13.64 10.77 22.57 5.46 14.14 11.63 11.18 16.45 31.05 
73.79 11.17 13.24 27.13 19.12 11.28 44.5 18.27 15.66 10.64 13.55 21.9 7.99 32.09 9.71 0 50.2 9.44 17.07 11.47 13.77 13.58 18.42 26.82 24.76 8.13 6.4 10.91 31 12.49 24.26 18.56 9.74 39.49 46.71 13.36 12.39 27.42 11.7 17.62 9.32 12.29 20.13 4.27 17.46 14.33 8.78 20.04 11.31 14.56 25.81 
114.47 52.7 54.31 26.03 68.54 49.01 16 67.78 47.68 51.59 48.45 32.01 42.84 77.06 50.77 50.2 0 51.11 59.67 57.42 48.13 53.98 44.71 74.51 28.18 49.88 44.67 59.71 34.91 38.02 32.49 59.36 58.45 34.92 29.58 47.02 58 71.87 40.44 37 49.1 52.77 63.81 45.95 34.49 48.17 58.91 45.76 60.38 64.61 74.78 
73.67 10.31 13.79 27.78 18.04 12.18 45.58 17.65 16.62 9.3 14.48 23.02 8.63 31.91 10.48 9.44 51.11 0 17.34 11.6 4.33 14.17 19.46 25.68 25.4 8.97 7.53 10.57 32.14 13.52 25.4 18.93 8.6 40.63 47.85 4.22 12.52 27.33 12.19 18.76 4.91 12.94 20.22 5.17 18.08 15.27 7.81 21.05 10.9 13.81 24.71 
57.8 17.98 5.45 40.98 24.11 10.81 49.75 13.76 12.36 14.03 11.23 27.72 23.55 17.46 9.65 17.07 59.67 17.34 0 5.94 16.12 5.71 16.05 32.99 38.85 11.14 17.96 9.7 30.57 23.57 28 11.39 20.92 37.89 47.04 18.37 5.08 12.28 27.52 22.67 14.52 7.05 12.82 19.58 32.13 11.6 16.54 15.97 10.27 14.69 29.91 
62.51 12.09 5.23 36.94 19.61 9 48.91 11.52 12.54 8.48 10.6 26.1 18.6 21.12 6.8 11.47 57.42 11.6 5.94 0 11.12 5.85 16.47 28.55 34.7 7.54 13.68 4.62 31.27 19.98 27.12 7.86 15.14 39.22 47.86 13.25 9.69 16.21 22.56 20.99 9.6 5.96 8.66 14.52 27.67 11.29 10.88 17.09 5.4 10.65 25.92 
73.61 6.3 11.58 26.06 21.97 8.62 41.76 19.75 12.78 11.09 10.78 18.97 7.49 32.22 7.52 13.77 48.13 4.33 16.12 11.12 0 11.81 15.33 29.89 23.76 5.79 11.86 11.86 27.81 10.12 21.19 17.31 12.87 36.3 43.6 8.55 11.99 27.34 11.47 14.53 9.24 10.37 19.61 9.5 16.61 11.51 11.39 17.01 12.44 16.49 28.71 
63.16 15.34 8.85 35.54 25.37 5.13 44.37 17.06 7.13 10.71 5.65 22.09 18.88 23.17 4.46 13.58 53.98 14.17 5.71 5.85 11.81 0 11.04 34.29 33.47 6.16 12.93 10.42 25.85 18.07 22.54 5.96 19.88 33.6 42.44 14.07 5.71 17.98 22.78 17.01 10.26 10.4 9.85 15.15 26.95 6.13 15.99 11.41 11.23 16.5 31.75 
70.19 21.3 11.59 30.35 34.92 8.1 33.8 27.96 12.67 16.79 5.97 12.96 19.22 32.77 10.53 18.42 44.71 19.46 16.05 16.47 15.33 11.04 0 43.6 28.76 11.2 13.58 20.65 14.83 14.37 12.32 15.16 27.43 22.78 31.43 16.82 16.56 27.66 22.14 8.75 14.56 10.52 19.98 17.2 23.88 5.21 24.55 11.38 21.49 26.82 41.58 
72.56 23.72 33.68 48.97 8.94 35.51 70.91 20.31 39.98 27.25 37.75 48.67 32.36 35.27 33.12 26.82 74.51 25.68 32.99 28.55 29.89 34.29 43.6 0 46.64 32.43 33.21 23.93 57.47 38.81 51.07 35.18 17.12 65.89 73.47 29.76 28.96 33.89 34.15 44.42 29.89 33.97 32.46 30.4 40.02 38.57 19.07 44.74 23.17 18.3 4.24 
96.62 26.56 33.54 17.03 41.4 28.49 29.27 43.03 29.66 27.02 29.18 18.38 16.78 55.79 29.21 24.76 28.18 25.4 38.85 34.7 23.76 33.47 28.76 46.64 0 27.74 21.05 35.49 29.69 15.46 21.63 39.43 31.42 36.11 38.37 21.95 35.5 50.77 13.38 20.3 25.16 31.98 42.76 20.68 7.32 29.35 32.81 30.61 35.98 39.17 47.28 
68.94 10.57 6.05 29.89 23.84 11.29 41.71 18.45 7.85 5.81 5.63 18.76 12.72 28.19 10.27 8.13 49.88 8.97 11.14 7.54 5.79 6.16 11.2 32.43 27.74 0 6.85 10.44 25.29 12.62 20.1 11.96 16.32 33.6 41.69 8 8.16 23.09 16.63 13.71 4.36 4.67 15.03 9.03 21 6.45 13.36 12.52 11.24 16.36 30.56 
75.75 9.5 12.87 23.27 25.46 8.58 38.22 23.12 11.85 6.96 10.25 15.5 6.2 34.75 8.48 6.4 44.67 7.53 17.96 13.68 11.86 12.93 13.58 33.21 21.05 6.85 0 15.11 24.87 6.65 17.88 18.8 16.11 33.36 40.36 11.57 14.46 29.73 9.93 11.27 4.44 11.41 21.76 9.5 14.17 10.82 14.93 15.44 15.75 20 32.18 
63.25 10.28 9.81 37.83 14.99 12.77 52.13 8.11 16.77 8.48 14.69 29.14 18.81 21.43 10.35 10.91 59.71 10.57 9.7 4.62 11.86 10.42 20.65 23.93 35.49 10.44 15.11 0 35.33 21.74 30.54 11.85 11.45 43.42 51.86 13.54 5.07 17.07 22.6 24.13 10.67 10.33 10.98 14.82 28.24 15.45 6.98 21.45 10.02 6.18 21.32 
80.31 34.11 26.41 30.21 49.07 22.57 21.08 42.78 18.77 30.22 20.69 12.01 28.49 46.33 25.01 31 34.91 32.14 30.57 31.27 27.81 25.85 14.83 57.47 29.69 25.29 24.87 35.33 0 21.49 8.5 29.36 40.66 8.49 16.6 28.5 31.39 41.42 29.76 13.88 27.61 25.34 34.28 28.32 28.28 19.98 38.46 14.61 36.16 41.46 55.82 
81.22 15.34 18.18 17.47 31.53 13.04 32.14 29.77 14.47 13.58 13.76 10.34 7.15 40.8 13.94 12.49 38.02 13.52 23.57 19.98 10.12 18.07 14.37 38.81 15.46 12.62 6.65 21.74 21.49 0 13.42 24.02 21.76 29.75 35.68 9.3 20.69 35.69 8.46 7.85 11.09 16.6 27.58 8.46 9.6 14 21.25 16.34 22.39 26.61 38.15 
82.09 27.37 22.99 22.43 43.09 18.12 21.84 38.48 15.66 24.09 16.9 11.79 20.56 45.05 20.36 24.26 32.49 25.4 28 27.12 21.19 22.54 12.32 51.07 21.63 20.1 17.88 30.54 8.5 13.42 0 27.35 33.99 16.4 22.51 21.43 27.46 39.9 21.45 6.67 21.36 21.6 32.06 21.01 19.78 16.43 32.42 13.27 31.34 36.41 49.85 
57.2 19.71 5.94 41.49 26.31 11.02 48.96 15.83 11.72 15.54 10.98 27.35 24.62 17.73 10.33 18.56 59.36 18.93 11.39 7.86 17.31 5.96 15.16 35.18 39.43 11.96 18.8 11.85 29.36 24.02 27.35 0 22.97 36.44 45.71 19.58 7.06 12.56 28.56 22.38 15.72 7.46 4.92 20.74 32.89 11.19 18.63 14.83 12.44 16.89 32.08 
72.89 6.62 19.34 33.82 10.08 19.58 53.9 14.68 24.16 10.64 21.93 31.55 15.67 31.37 17.4 9.74 58.45 8.6 20.92 15.14 12.87 19.88 27.43 17.12 31.42 16.32 16.11 11.45 40.66 21.76 33.99 22.97 0 49.13 56.45 12.65 15.91 27.69 18.17 27.36 13.09 19.07 22.41 13.31 24.29 22.75 4.48 28.83 11.13 10.19 16.47 
83.74 42.6 34.18 36.21 57.43 30.75 19.26 50.65 26.69 38.66 28.73 19.8 36.83 52.6 33.2 39.49 34.92 40.63 37.89 39.22 36.3 33.6 22.78 65.89 36.11 33.6 33.36 43.42 8.49 29.75 16.4 36.44 49.13 0 9.64 36.99 39.25 47.93 37.85 22.31 36.07 33.26 41.33 36.79 35.78 27.98 46.85 22.19 44.26 49.59 64.15 
93.05 49.83 43 37.86 65.3 39.1 13.75 59.38 35.37 46.31 37.27 25.34 42.81 62.15 41.53 46.71 29.58 47.85 47.04 47.86 43.6 42.44 31.43 73.47 38.37 41.69 40.36 51.86 16.6 35.68 22.51 45.71 56.45 9.64 0 43.93 47.99 57.42 43.07 29.1 43.61 41.94 50.62 43.52 39.81 36.57 54.63 31.13 52.7 57.97 72.06 
75.76 6.09 13.85 24.29 22.25 10.66 41.37 21.2 14.6 5.08 12.71 18.91 5.37 34.28 9.74 13.36 47.02 4.22 18.37 13.25 8.55 14.07 16.82 29.76 21.95 8 11.57 13.54 28.5 9.3 21.43 19.58 12.65 36.99 43.93 0 14.13 29.44 9.32 14.86 9.13 12.62 21.81 9.39 14.71 13.4 11.97 18.59 14.04 17.65 28.91 
61.63 13 5.1 37.73 20.02 9.34 49.28 11.4 12.62 9.39 10.78 26.55 19.47 20.3 7.27 12.39 58 12.52 5.08 9.69 11.99 5.71 16.56 28.96 35.5 8.16 14.46 5.07 31.39 20.69 27.46 7.06 15.91 39.25 47.99 14.13 0 15.36 23.44 21.43 10.45 6.05 7.74 15.4 28.5 11.44 11.6 17.08 5.8 10.9 26.23 
46.37 27.3 17.72 52.97 26.23 23.08 61.43 14.22 24.28 24.54 23.42 39.87 34.8 5.19 21.77 27.42 71.87 27.33 12.28 16.21 27.34 17.98 27.66 33.89 50.77 23.09 29.73 17.07 41.42 35.69 39.9 12.56 27.69 47.93 57.42 29.44 15.36 0 38.77 34.87 25.81 19.31 8.15 30.73 43.84 23.71 23.37 27.15 17.04 18.09 29.93 
85.07 13.21 22.67 15.79 28.23 18.49 37.65 29.83 21.32 14.31 19.99 18.09 14.69 43.58 18.33 11.7 40.44 12.19 27.52 22.56 11.47 22.78 22.14 34.15 13.38 16.63 9.93 22.6 29.76 8.46 21.45 28.56 18.17 37.85 43.07 9.32 23.44 38.77 0 16.31 13.04 21.27 31.08 8.04 6.14 20.47 19.44 24.12 23.01 25.86 34.35 
78.67 20.74 17.37 21.75 36.42 12.16 28 32.16 10.85 17.43 11.45 5.12 14.64 40.06 14.19 17.62 37 18.76 22.67 20.99 14.53 17.01 8.75 44.42 20.3 13.71 11.27 24.13 13.88 7.85 6.67 22.38 27.36 22.31 29.1 14.86 21.43 34.87 16.31 0 14.69 15.86 26.81 14.54 16.31 11.19 25.76 10.45 24.91 29.88 43.18 
72.05 6.75 10.02 27.44 21.74 7.39 42.28 18.68 11.74 10.17 9.64 19.35 9.06 30.72 6.05 9.32 49.1 4.91 14.52 9.6 9.24 10.26 14.56 29.89 25.16 4.36 4.44 10.67 27.61 11.09 21.36 15.72 13.09 36.07 43.61 9.13 10.45 25.81 13.04 14.69 0 8.84 18.04 5.06 18.08 10.41 11.07 16.14 11.31 15.66 28.5 
64.64 14.22 10.72 34.06 25.1 11.16 43.44 17.44 6.58 9.5 4.76 20.97 17.38 24.49 9.4 12.29 52.77 12.94 7.05 5.96 10.37 10.4 10.52 33.97 31.98 4.67 11.41 10.33 25.34 16.6 21.6 7.46 19.07 33.26 41.94 12.62 6.05 19.31 21.27 15.86 8.84 0 11.16 13.68 25.44 5.38 15.37 11.15 11.15 16.49 31.58 
54.03 20.55 9.57 44.92 23.83 14.93 53.76 12.32 16.4 17.13 15.37 31.85 27.1 13.33 13.64 20.13 63.81 20.22 12.82 8.66 19.61 9.85 19.98 32.46 42.76 15.03 21.76 10.98 34.28 27.58 32.06 4.92 22.41 41.33 50.62 21.81 7.74 8.15 31.08 26.81 18.04 11.16 0 23.06 35.93 15.71 17.93 19.73 11.29 14.49 29.02 
77.03 6.9 14.97 23.02 23.08 11.49 40.6 22.43 15.23 6.37 13.44 18.35 12.25 35.57 10.77 4.27 45.95 5.17 19.58 14.52 9.5 15.15 17.2 30.4 20.68 9.03 9.5 14.82 28.32 8.46 21.01 20.74 13.31 36.79 43.52 9.39 15.4 30.73 8.04 14.54 5.06 13.68 23.06 0 13.43 14.09 12.98 19.03 15.31 18.82 29.69 
89.92 19.26 26.95 9.71 34.34 22.16 32.91 35.72 24.04 19.79 23.19 16.27 9.48 48.79 22.57 17.46 34.49 18.08 32.13 27.67 16.61 26.95 23.88 40.02 7.32 21 14.17 28.24 28.28 9.6 19.78 32.89 24.29 35.78 39.81 14.71 28.5 43.84 6.14 16.31 18.08 25.44 35.93 13.43 0 23.49 25.52 25.84 28.72 31.86 40.39 
67.83 16.96 6.61 31.23 29.83 11.26 38.24 22.81 10.94 12.25 10.1 16.17 16.97 28.89 5.46 14.33 48.17 15.27 11.6 11.29 11.51 6.13 5.21 38.57 29.35 6.45 10.82 15.45 19.98 14 16.43 11.19 22.75 27.98 36.57 13.4 11.44 23.71 20.47 11.19 10.41 5.38 15.71 14.09 23.49 0 19.59 6.17 16.28 21.62 36.45 
68.94 6.29 15.42 35.21 10.68 16.49 53.15 11.06 21.01 8.34 18.77 30.34 16.24 27.24 14.14 8.78 58.91 7.81 16.54 10.88 11.39 15.99 24.55 19.07 32.81 13.36 14.93 6.98 38.46 21.25 32.42 18.63 4.48 46.85 54.63 11.97 11.6 23.37 19.44 25.76 11.07 15.37 17.93 12.98 25.52 19.59 0 25.76 6.65 6.67 17.44 
68.91 22.85 12 32.16 35.98 9.29 34.31 28.46 4.76 18.24 6.99 14.32 21.15 32.2 11.63 20.04 45.76 21.05 15.97 17.09 17.01 11.41 11.38 44.74 30.61 12.52 15.44 21.45 14.61 16.34 13.27 14.83 28.83 22.19 31.13 18.59 17.08 27.15 24.12 10.45 16.14 11.15 19.73 19.03 25.84 6.17 25.76 0 22.28 27.62 42.58 
63.1 10.46 10.61 38.33 14.23 13.6 52.91 7.4 17.61 9.02 15.53 29.91 19.26 21.27 11.18 11.31 60.38 10.9 10.27 5.4 12.44 11.23 21.49 23.17 35.98 11.24 15.75 10.02 36.16 22.39 31.34 12.44 11.13 44.26 52.7 14.04 5.8 17.04 23.01 24.91 11.31 11.15 11.29 15.31 28.72 16.28 6.65 22.28 0 5.34 20.52 
62.71 12.66 15.89 41.57 9.44 18.89 57.8 4.5 22.95 13.04 20.86 34.79 22.44 21.34 16.45 14.56 64.61 13.81 14.69 10.65 16.49 16.5 26.82 18.3 39.17 16.36 20 6.18 41.46 26.61 36.41 16.89 10.19 49.59 57.97 17.65 10.9 18.09 25.86 29.88 15.66 16.49 14.49 18.82 31.86 21.62 6.67 27.62 5.34 0 15.35 
68.39 22.83 31.13 49.65 6.77 33.49 70.28 16.73 37.83 25.78 35.65 47.67 32.12 31.12 31.05 25.81 74.78 24.71 29.91 25.92 28.71 31.75 41.58 4.24 47.28 30.56 32.18 21.32 55.82 38.15 49.85 32.08 16.47 64.15 72.06 28.91 26.23 29.93 34.35 43.18 28.5 31.58 29.02 29.69 40.39 36.45 17.44 42.58 20.52 15.35 0 
0	5000
0	123
0	141
0	202
0	326
0	380
0	444
0	599
0	648
0	670
0	688
0	711
0	735
0	793
0	838
0	860
0	951
0	1024
0	1046
0	1052
0	1065
0	1078
0	1090
0	1135
0	1182
0	1210
0	1216
0	1232
0	1267
0	1288
0	1302
0	1329
0	1352
0	1401
0	1411
0	1455
0	1469
0	1484
0	1523
0	1539
0	1554
0	1563
0	1574
0	1597
0	1611
0	1634
0	1654
0	1679
0	1702
0	1707
0	1722
C:
0 3 3 3 3 3 3 3 3 3 3 3 3 3 3 3 3 3 3 3 3 3 3 3 3 3 3 3 3 3 3 3 3 3 3 3 3 3 3 3 3 3 3 3 3 3 3 3 3 3 3 3 
1 0 1 1 1 1 1 1 1 1 1 1 1 1 1 1 1 1 1 1 1 1 1 1 1 1 1 1 1 1 1 1 1 1 1 1 1 1 1 1 1 1 1 1 1 1 1 1 1 1 1 1 
1 1 0 1 1 1 1 1 1 1 1 1 1 1 1 1 1 1 1 1 1 1 1 1 1 1 1 1 1 1 1 1 1 1 1 1 1 1 1 1 1 1 1 1 1 1 1 1 1 1 1 1 
3 3 3 0 3 3 3 3 3 3 3 3 3 3 3 3 3 3 3 3 3 3 3 3 3 3 3 3 3 3 3 3 3 3 3 3 3 3 3 3 3 3 3 3 3 3 3 3 3 3 3 3 
2 2 2 2 0 2 2 2 2 2 2 2 2 2 2 2 2 2 2 2 2 2 2 2 2 2 2 2 2 2 2 2 2 2 2 2 2 2 2 2 2 2 2 2 2 2 2 2 2 2 2 2 
1 1 1 1 1 0 1 1 1 1 1 1 1 1 1 1 1 1 1 1 1 1 1 1 1 1 1 1 1 1 1 1 1 1 1 1 1 1 1 1 1 1 1 1 1 1 1 1 1 1 1 1 
3 3 3 3 3 3 0 3 3 3 3 3 3 3 3 3 3 3 3 3 3 3 3 3 3 3 3 3 3 3 3 3 3 3 3 3 3 3 3 3 3 3 3 3 3 3 3 3 3 3 3 3 
2 2 2 2 2 2 2 0 2 2 2 2 2 2 2 2 2 2 2 2 2 2 2 2 2 2 2 2 2 2 2 2 2 2 2 2 2 2 2 2 2 2 2 2 2 2 2 2 2 2 2 2 
1 1 1 1 1 1 1 1 0 1 1 1 1 1 1 1 1 1 1 1 1 1 1 1 1 1 1 1 1 1 1 1 1 1 1 1 1 1 1 1 1 1 1 1 1 1 1 1 1 1 1 1 
1 1 1 1 1 1 1 1 1 0 1 1 1 1 1 1 1 1 1 1 1 1 1 1 1 1 1 1 1 1 1 1 1 1 1 1 1 1 1 1 1 1 1 1 1 1 1 1 1 1 1 1 
1 1 1 1 1 1 1 1 1 1 0 1 1 1 1 1 1 1 1 1 1 1 1 1 1 1 1 1 1 1 1 1 1 1 1 1 1 1 1 1 1 1 1 1 1 1 1 1 1 1 1 1 
2 2 2 2 2 2 2 2 2 2 2 0 2 2 2 2 2 2 2 2 2 2 2 2 2 2 2 2 2 2 2 2 2 2 2 2 2 2 2 2 2 2 2 2 2 2 2 2 2 2 2 2 
1 1 1 1 1 1 1 1 1 1 1 1 0 1 1 1 1 1 1 1 1 1 1 1 1 1 1 1 1 1 1 1 1 1 1 1 1 1 1 1 1 1 1 1 1 1 1 1 1 1 1 1 
3 3 3 3 3 3 3 3 3 3 3 3 3 0 3 3 3 3 3 3 3 3 3 3 3 3 3 3 3 3 3 3 3 3 3 3 3 3 3 3 3 3 3 3 3 3 3 3 3 3 3 3 
1 1 1 1 1 1 1 1 1 1 1 1 1 1 0 1 1 1 1 1 1 1 1 1 1 1 1 1 1 1 1 1 1 1 1 1 1 1 1 1 1 1 1 1 1 1 1 1 1 1 1 1 
1 1 1 1 1 1 1 1 1 1 1 1 1 1 1 0 1 1 1 1 1 1 1 1 1 1 1 1 1 1 1 1 1 1 1 1 1 1 1 1 1 1 1 1 1 1 1 1 1 1 1 1 
3 3 3 3 3 3 3 3 3 3 3 3 3 3 3 3 0 3 3 3 3 3 3 3 3 3 3 3 3 3 3 3 3 3 3 3 3 3 3 3 3 3 3 3 3 3 3 3 3 3 3 3 
1 1 1 1 1 1 1 1 1 1 1 1 1 1 1 1 1 0 1 1 1 1 1 1 1 1 1 1 1 1 1 1 1 1 1 1 1 1 1 1 1 1 1 1 1 1 1 1 1 1 1 1 
1 1 1 1 1 1 1 1 1 1 1 1 1 1 1 1 1 1 0 1 1 1 1 1 1 1 1 1 1 1 1 1 1 1 1 1 1 1 1 1 1 1 1 1 1 1 1 1 1 1 1 1 
1 1 1 1 1 1 1 1 1 1 1 1 1 1 1 1 1 1 1 0 1 1 1 1 1 1 1 1 1 1 1 1 1 1 1 1 1 1 1 1 1 1 1 1 1 1 1 1 1 1 1 1 
1 1 1 1 1 1 1 1 1 1 1 1 1 1 1 1 1 1 1 1 0 1 1 1 1 1 1 1 1 1 1 1 1 1 1 1 1 1 1 1 1 1 1 1 1 1 1 1 1 1 1 1 
1 1 1 1 1 1 1 1 1 1 1 1 1 1 1 1 1 1 1 1 1 0 1 1 1 1 1 1 1 1 1 1 1 1 1 1 1 1 1 1 1 1 1 1 1 1 1 1 1 1 1 1 
1 1 1 1 1 1 1 1 1 1 1 1 1 1 1 1 1 1 1 1 1 1 0 1 1 1 1 1 1 1 1 1 1 1 1 1 1 1 1 1 1 1 1 1 1 1 1 1 1 1 1 1 
3 3 3 3 3 3 3 3 3 3 3 3 3 3 3 3 3 3 3 3 3 3 3 0 3 3 3 3 3 3 3 3 3 3 3 3 3 3 3 3 3 3 3 3 3 3 3 3 3 3 3 3 
3 3 3 3 3 3 3 3 3 3 3 3 3 3 3 3 3 3 3 3 3 3 3 3 0 3 3 3 3 3 3 3 3 3 3 3 3 3 3 3 3 3 3 3 3 3 3 3 3 3 3 3 
1 1 1 1 1 1 1 1 1 1 1 1 1 1 1 1 1 1 1 1 1 1 1 1 1 0 1 1 1 1 1 1 1 1 1 1 1 1 1 1 1 1 1 1 1 1 1 1 1 1 1 1 
1 1 1 1 1 1 1 1 1 1 1 1 1 1 1 1 1 1 1 1 1 1 1 1 1 1 0 1 1 1 1 1 1 1 1 1 1 1 1 1 1 1 1 1 1 1 1 1 1 1 1 1 
1 1 1 1 1 1 1 1 1 1 1 1 1 1 1 1 1 1 1 1 1 1 1 1 1 1 1 0 1 1 1 1 1 1 1 1 1 1 1 1 1 1 1 1 1 1 1 1 1 1 1 1 
3 3 3 3 3 3 3 3 3 3 3 3 3 3 3 3 3 3 3 3 3 3 3 3 3 3 3 3 0 3 3 3 3 3 3 3 3 3 3 3 3 3 3 3 3 3 3 3 3 3 3 3 
1 1 1 1 1 1 1 1 1 1 1 1 1 1 1 1 1 1 1 1 1 1 1 1 1 1 1 1 1 0 1 1 1 1 1 1 1 1 1 1 1 1 1 1 1 1 1 1 1 1 1 1 
2 2 2 2 2 2 2 2 2 2 2 2 2 2 2 2 2 2 2 2 2 2 2 2 2 2 2 2 2 2 0 2 2 2 2 2 2 2 2 2 2 2 2 2 2 2 2 2 2 2 2 2 
1 1 1 1 1 1 1 1 1 1 1 1 1 1 1 1 1 1 1 1 1 1 1 1 1 1 1 1 1 1 1 0 1 1 1 1 1 1 1 1 1 1 1 1 1 1 1 1 1 1 1 1 
1 1 1 1 1 1 1 1 1 1 1 1 1 1 1 1 1 1 1 1 1 1 1 1 1 1 1 1 1 1 1 1 0 1 1 1 1 1 1 1 1 1 1 1 1 1 1 1 1 1 1 1 
3 3 3 3 3 3 3 3 3 3 3 3 3 3 3 3 3 3 3 3 3 3 3 3 3 3 3 3 3 3 3 3 3 0 3 3 3 3 3 3 3 3 3 3 3 3 3 3 3 3 3 3 
3 3 3 3 3 3 3 3 3 3 3 3 3 3 3 3 3 3 3 3 3 3 3 3 3 3 3 3 3 3 3 3 3 3 0 3 3 3 3 3 3 3 3 3 3 3 3 3 3 3 3 3 
1 1 1 1 1 1 1 1 1 1 1 1 1 1 1 1 1 1 1 1 1 1 1 1 1 1 1 1 1 1 1 1 1 1 1 0 1 1 1 1 1 1 1 1 1 1 1 1 1 1 1 1 
1 1 1 1 1 1 1 1 1 1 1 1 1 1 1 1 1 1 1 1 1 1 1 1 1 1 1 1 1 1 1 1 1 1 1 1 0 1 1 1 1 1 1 1 1 1 1 1 1 1 1 1 
2 2 2 2 2 2 2 2 2 2 2 2 2 2 2 2 2 2 2 2 2 2 2 2 2 2 2 2 2 2 2 2 2 2 2 2 2 0 2 2 2 2 2 2 2 2 2 2 2 2 2 2 
1 1 1 1 1 1 1 1 1 1 1 1 1 1 1 1 1 1 1 1 1 1 1 1 1 1 1 1 1 1 1 1 1 1 1 1 1 1 0 1 1 1 1 1 1 1 1 1 1 1 1 1 
1 1 1 1 1 1 1 1 1 1 1 1 1 1 1 1 1 1 1 1 1 1 1 1 1 1 1 1 1 1 1 1 1 1 1 1 1 1 1 0 1 1 1 1 1 1 1 1 1 1 1 1 
1 1 1 1 1 1 1 1 1 1 1 1 1 1 1 1 1 1 1 1 1 1 1 1 1 1 1 1 1 1 1 1 1 1 1 1 1 1 1 1 0 1 1 1 1 1 1 1 1 1 1 1 
1 1 1 1 1 1 1 1 1 1 1 1 1 1 1 1 1 1 1 1 1 1 1 1 1 1 1 1 1 1 1 1 1 1 1 1 1 1 1 1 1 0 1 1 1 1 1 1 1 1 1 1 
2 2 2 2 2 2 2 2 2 2 2 2 2 2 2 2 2 2 2 2 2 2 2 2 2 2 2 2 2 2 2 2 2 2 2 2 2 2 2 2 2 2 0 2 2 2 2 2 2 2 2 2 
1 1 1 1 1 1 1 1 1 1 1 1 1 1 1 1 1 1 1 1 1 1 1 1 1 1 1 1 1 1 1 1 1 1 1 1 1 1 1 1 1 1 1 0 1 1 1 1 1 1 1 1 
2 2 2 2 2 2 2 2 2 2 2 2 2 2 2 2 2 2 2 2 2 2 2 2 2 2 2 2 2 2 2 2 2 2 2 2 2 2 2 2 2 2 2 2 0 2 2 2 2 2 2 2 
1 1 1 1 1 1 1 1 1 1 1 1 1 1 1 1 1 1 1 1 1 1 1 1 1 1 1 1 1 1 1 1 1 1 1 1 1 1 1 1 1 1 1 1 1 0 1 1 1 1 1 1 
1 1 1 1 1 1 1 1 1 1 1 1 1 1 1 1 1 1 1 1 1 1 1 1 1 1 1 1 1 1 1 1 1 1 1 1 1 1 1 1 1 1 1 1 1 1 0 1 1 1 1 1 
1 1 1 1 1 1 1 1 1 1 1 1 1 1 1 1 1 1 1 1 1 1 1 1 1 1 1 1 1 1 1 1 1 1 1 1 1 1 1 1 1 1 1 1 1 1 1 0 1 1 1 1 
1 1 1 1 1 1 1 1 1 1 1 1 1 1 1 1 1 1 1 1 1 1 1 1 1 1 1 1 1 1 1 1 1 1 1 1 1 1 1 1 1 1 1 1 1 1 1 1 0 1 1 1 
2 2 2 2 2 2 2 2 2 2 2 2 2 2 2 2 2 2 2 2 2 2 2 2 2 2 2 2 2 2 2 2 2 2 2 2 2 2 2 2 2 2 2 2 2 2 2 2 2 0 2 2 
3 3 3 3 3 3 3 3 3 3 3 3 3 3 3 3 3 3 3 3 3 3 3 3 3 3 3 3 3 3 3 3 3 3 3 3 3 3 3 3 3 3 3 3 3 3 3 3 3 3 0 3 
3 3 3 3 3 3 3 3 3 3 3 3 3 3 3 3 3 3 3 3 3 3 3 3 3 3 3 3 3 3 3 3 3 3 3 3 3 3 3 3 3 3 3 3 3 3 3 3 3 3 3 0 
Time:
0	15
15	30
30	45
45	60
60	75
75	90
90	105
105	120
120	135
135	150
150	165
165	180
180	195
195	210
210	225
225	240
240	255
255	270
270	285
285	300
300	315
315	330
330	345
345	360
360	375
375	390
390	405
405	420
420	435
435	450
450	465
465	480
480	495
495	510
510	525
525	540
540	555
555	570
570	585
585	600
600	615
615	630
630	645
645	660
660	675
675	690
690	705
705	720
720	735
735	750
750	765
765	780
780	795
795	810
810	825
825	840
840	855
855	870
870	885
885	900
900	915
915	930
930	945
945	960
960	975
975	990
990	1005
1005	1020
1020	1035
1035	1050
1050	1065
1065	1080
1080	5000
Speed:
0.925	0.85	0.925	1	0.8325	0.765	0.8325	0.9	0.4625	0.425	0.4625	0.5	0.30525	0.2805	0.30525	0.33	0.37	0.34	0.37	0.4	0.555	0.51	0.555	0.6	0.6475	0.595	0.6475	0.7	0.37	0.34	0.37	0.4	0.30525	0.2805	0.30525	0.33	0.4625	0.425	0.4625	0.5	0.6475	0.595	0.6475	0.7	0.74	0.68	0.74	0.8	0.6475	0.595	0.6475	0.7	0.4625	0.425	0.4625	0.5	0.555	0.51	0.555	0.6	0.6475	0.595	0.6475	0.7	0.8325	0.765	0.8325	0.9	0.925	0.85	0.925	1	1	
0.925	0.85	0.925	1	0.8325	0.765	0.8325	0.9	0.4625	0.425	0.4625	0.5	0.30525	0.2805	0.30525	0.33	0.37	0.34	0.37	0.4	0.555	0.51	0.555	0.6	0.6475	0.595	0.6475	0.7	0.37	0.34	0.37	0.4	0.30525	0.2805	0.30525	0.33	0.4625	0.425	0.4625	0.5	0.6475	0.595	0.6475	0.7	0.74	0.68	0.74	0.8	0.6475	0.595	0.6475	0.7	0.4625	0.425	0.4625	0.5	0.555	0.51	0.555	0.6	0.6475	0.595	0.6475	0.7	0.8325	0.765	0.8325	0.9	0.925	0.85	0.925	1	1	
0.925	0.85	0.925	1	0.8325	0.765	0.8325	0.9	0.4625	0.425	0.4625	0.5	0.30525	0.2805	0.30525	0.33	0.37	0.34	0.37	0.4	0.555	0.51	0.555	0.6	0.6475	0.595	0.6475	0.7	0.37	0.34	0.37	0.4	0.30525	0.2805	0.30525	0.33	0.4625	0.425	0.4625	0.5	0.6475	0.595	0.6475	0.7	0.74	0.68	0.74	0.8	0.6475	0.595	0.6475	0.7	0.4625	0.425	0.4625	0.5	0.555	0.51	0.555	0.6	0.6475	0.595	0.6475	0.7	0.8325	0.765	0.8325	0.9	0.925	0.85	0.925	1	1	
