56
0 71.75 74.55 71.76 78.54 75.89 58.73 75.66 66.91 84.3 67.42 90.38 68.61 70.59 55.99 78.92 66.47 72.23 81.27 83.47 70.78 74.89 52.89 79.5 72.55 69.42 66.73 88.66 68.95 58.84 82.84 63.34 95.09 62.27 60.61 72.34 77.86 59.49 73.43 56.74 76.57 66.63 70.71 72.5 69.18 66.05 87.91 71.94 62.84 70.35 70.43 88.04 70.21 69.54 87.55 76.49 
71.75 0 15.7 7.35 6.81 11.24 13.87 4.18 5.85 16.56 10.34 29.76 15.03 10.68 22.7 7.17 13.48 9.36 10.71 18.69 10.5 15.66 19.66 7.79 9.67 4.59 14.45 25.97 10.45 19.83 16.07 8.57 25.72 9.86 11.18 8.99 17.83 12.32 5.43 23.15 5.04 6.11 5.83 6.33 5.85 6.52 17.57 9.02 9.29 9.13 8.18 23.05 4.27 9.16 20.16 4.74 
74.55 15.7 0 23.04 16.03 15.99 24.57 14.4 13.88 11.32 25.47 17.06 30.5 6.01 35.35 16.47 28.54 25.05 13.27 9.1 6.03 12.16 28.72 16.2 18.63 12.3 29.6 14.41 13.55 33.11 9.55 17.04 21.62 16.91 20.5 17.61 15.17 21.43 10.44 36.16 14.58 13.97 10.26 21.98 11.21 14.4 16.73 17.26 16.63 14.95 23.82 13.49 19.79 7.95 13.69 15.75 
71.76 7.35 23.04 0 10.73 8.57 13.16 9.83 11.44 22.54 4.89 36.46 8.16 17.91 18.61 10.75 7.51 9.71 15.89 25.31 17.74 23 18.89 11.53 4.5 11.41 8.2 32.53 10.35 15.42 22.42 12 30.25 13.46 12.63 5.47 25.08 13.45 12.69 18.69 10.27 11.59 13.05 9.84 12.71 11.68 22.06 5.79 13.02 8.32 10.11 29.32 11 16.24 25.96 9.2 
78.54 6.81 16.03 10.73 0 11.22 20.57 10.99 11.96 12.09 15.24 26.4 18.81 13.16 28.63 10.61 18.16 12.17 5.25 15.38 12.91 15.85 26.42 9.9 7.05 9.77 18.91 22.36 9.86 25.57 12.28 15.24 19.66 16.42 17.99 6.74 16.89 19.13 6.99 28.91 11.1 12.25 9.5 9.4 10.56 12.78 11.43 6.98 15.85 8.2 12.16 18.93 9.61 12.5 15.34 11.49 
75.89 11.24 15.99 8.57 11.22 0 17.83 9.09 9.6 13.98 12.8 27.97 16.73 12.18 26.01 11.49 15.81 10.24 7.42 16.84 11.94 15.86 23.68 12.08 4.48 7.66 16.63 24.01 7.52 23 13.89 12.66 22.22 13.91 15.3 11.62 17.39 16.43 5.89 26.33 9.82 9.88 7.88 7.26 8.64 10.37 13.99 4.25 13.33 5.63 9.89 20.75 6.97 11.16 17.42 9.18 
58.73 13.87 24.57 13.16 20.57 17.83 0 18.04 11.15 29.61 9.51 41.14 13.13 18.59 10.93 20.87 10.19 13.98 24.47 30.77 18.6 24.73 5.92 21.55 13.98 13.51 11.07 37.8 12.48 9.31 28.73 7.56 39.43 7.76 14.8 13.94 27.74 12.21 17.5 11.89 18.91 10.96 15.55 13.79 14.07 10.42 31.37 13.63 7.97 12.88 11.97 35.48 11.53 16.7 33.25 18.5 
75.66 4.18 14.4 9.83 10.99 9.09 18.04 0 8.96 12.83 13.8 26.63 17.97 10.71 26.71 11.35 16.87 11.6 6.6 15.48 10.47 14.27 23.81 11.25 5.49 6.76 17.74 22.7 6.86 23.77 12.6 12.32 21.59 13.46 15.21 4.81 15.82 16.37 4.41 27.1 9.22 9.24 6.63 8.55 7.58 9.78 13.41 4.84 12.89 5.34 11.07 19.53 7.78 9.81 16.35 8.92 
66.91 5.85 13.88 11.44 11.96 9.6 11.15 8.96 0 18.7 12.24 30.05 17.46 7.91 21.6 12.41 15.12 13.41 14.41 19.63 7.86 13.98 16.23 12.86 8.34 10.44 16.22 26.66 11.34 19.25 17.7 12.69 28.96 4.66 7.36 7.49 16.82 8.48 6.73 22.35 9.85 9.05 4.43 10.9 10.98 9.66 21.22 6.95 12.78 9.2 11.58 24.36 7.81 5.97 22.31 10.06 
84.3 16.56 11.32 22.54 12.09 13.98 29.61 12.83 18.7 0 26.63 14.45 30.7 13.74 39.21 12.23 29.7 24.16 6.88 4.24 13.54 10.97 34.92 11.53 18.32 16.18 30.57 10.37 17.13 36.38 13.19 22.56 10.81 23.15 26.04 17.62 9.46 27.18 12.11 39.7 12.28 18.94 14.32 21.23 15.9 19.53 5.74 17.59 22.67 16.99 23.86 6.84 20.57 14.79 9.06 13.34 
67.42 10.34 25.47 4.89 15.24 12.8 9.51 13.8 12.24 26.63 0 40.1 5.22 19.81 13.71 15.34 11.53 4.82 20.22 29.01 19.69 25.5 14.78 16.11 8.34 13.2 11.97 36.29 11.97 10.54 26.3 11.19 34.89 12.48 10.39 9.01 27.94 10.85 15.68 13.83 14.41 12.28 15.22 6.08 14.4 12.13 26.66 9.08 12.2 10.61 12.15 33.27 6.11 17.94 30.15 13.49 
90.38 29.76 17.06 36.46 26.4 27.97 41.14 26.63 30.05 14.45 40.1 0 44.57 22.73 51.6 26.59 43.23 38.21 21.28 11.15 22.67 16.82 45.66 25.92 32.04 27.91 44.18 18.43 29.1 49.07 14.13 33.61 15.38 33.71 37.16 31.2 13.64 38.17 24.53 52.28 26.25 30.21 25.78 35.18 27.14 30.73 18.16 31.05 33.36 29.72 37.65 7.82 34 24.53 11.99 27.41 
68.61 15.03 30.5 8.16 18.81 16.73 13.13 17.97 17.46 30.7 5.22 44.57 0 24.94 12.98 18.8 12.94 6.68 24.02 33.43 24.81 30.51 17.31 19.57 12.54 18.31 13.68 40.67 17.09 9.88 30.57 16.3 38.11 17.52 15.02 13.4 32.83 15.27 20.45 12.59 18.44 17.5 20.26 9.48 19.53 17.35 30 13.6 17.29 15.55 6.93 37.48 10.78 23.1 34.11 17.36 
70.59 10.68 6.01 17.91 13.16 12.18 18.59 10.71 7.91 13.74 19.81 22.73 24.94 0 29.34 13.66 22.81 19.95 12.47 13.23 9.55 6.15 22.93 13.67 13.74 6.63 23.9 19.68 7.85 27.11 12.25 11.04 24.55 11 14.53 12.7 9.17 15.5 6.31 30.15 11.22 7.99 4.86 16.99 5.41 8.4 18 12.26 10.68 9.59 18.49 18.01 14.44 11.49 16.98 12.18 
55.99 22.7 35.35 18.61 28.63 26.01 10.93 26.71 21.6 39.21 13.71 51.6 12.98 29.34 0 28.79 11.53 18.17 33.3 40.9 29.33 35.49 9.67 29.55 21.57 23.69 11.4 48.09 22.53 19.58 38.57 18.34 48.23 18.68 15.02 21.99 38.41 14.28 27.32 20.61 27.46 21.47 25.83 19.78 24.48 20.99 40.01 21.88 18.86 22.24 17.06 45.49 19.04 27.41 42.83 26.71 
78.92 7.17 16.47 10.75 10.61 11.49 20.87 11.35 12.41 12.23 15.34 26.59 18.8 13.66 28.79 0 18.22 12.13 5.36 15.62 13.4 16.28 26.73 10.02 7.23 10.24 18.95 22.54 10.3 25.72 12.5 15.64 19.55 16.84 18.35 6.99 17.27 19.48 7.49 29.05 11.22 12.69 9.99 9.43 11.04 13.22 11.33 7.25 16.27 8.6 12.21 19.08 9.8 13 15.43 11.73 
66.47 13.48 28.54 7.51 18.16 15.81 10.19 16.87 15.12 29.7 11.53 43.23 12.94 22.81 11.53 18.22 0 6.71 23.22 32.14 22.71 28.57 14.59 19 11.39 16.25 12.76 39.41 15 8.31 29.41 13.6 37.75 14.76 12.12 12.11 31.05 12.33 18.81 11.42 17.45 15.13 18.29 8.81 17.41 14.91 29.55 12.2 14.56 13.73 6.01 36.38 9.23 20.92 33.21 16.49 
72.23 9.36 25.05 9.71 12.17 10.24 13.98 11.6 13.41 24.16 4.82 38.21 6.68 19.95 18.17 12.13 6.71 0 17.4 27.07 19.78 25.01 19.5 12.9 6.45 13.44 7.16 34.25 12.37 14.95 24.13 13.71 31.44 15.16 13.98 7.45 27.04 14.7 14.67 18.12 11.97 13.54 15.09 10.9 14.75 13.6 23.32 7.79 14.74 10.36 12.06 30.97 5.64 18.28 27.5 10.83 
81.27 10.71 13.27 15.89 5.25 7.42 24.47 6.6 14.41 6.88 20.22 21.28 24.02 12.47 33.3 5.36 23.22 17.4 0 10.45 12.21 13 30.13 4.66 11.89 11.87 24.02 17.21 12.47 30.34 7.28 18.15 15.01 19.07 21.35 11.35 13.17 22.51 7.86 33.68 5.86 14.69 10.63 14.56 12.11 15.28 6.91 11.42 18.52 11.59 17.27 13.72 14.32 12.6 10.1 6.74 
83.47 18.69 9.1 25.31 15.38 16.84 30.77 15.48 19.63 4.24 29.01 11.15 33.43 13.23 40.9 15.62 32.14 27.07 10.45 0 13.09 8.75 35.71 14.99 20.9 17.29 33.07 7.28 18.41 38.25 9.58 23.38 12.69 23.72 26.95 20.07 6.32 28.03 13.61 41.51 15.11 19.83 15.22 24.03 16.71 20.39 9.75 19.94 23.3 18.77 26.5 4.8 22.91 14.72 4.83 16.28 
70.78 10.5 6.03 17.74 12.91 11.94 18.6 10.47 7.86 13.54 19.69 22.67 24.81 9.55 29.33 13.4 22.71 19.78 12.21 13.09 0 6.16 23 13.41 13.55 6.5 23.79 19.59 7.72 27.08 12.06 11.05 24.35 11.04 14.56 12.51 9.14 15.53 6.06 30.13 10.97 7.94 4.69 16.81 5.3 8.37 17.77 12.08 10.71 9.43 18.33 17.87 14.29 11.36 16.8 11.94 
74.89 15.66 12.16 23 15.85 15.86 24.73 14.27 13.98 10.97 25.5 16.82 30.51 6.15 35.49 16.28 28.57 25.01 13 8.75 6.16 0 28.93 16 18.58 12.35 29.64 14.12 13.6 33.23 9.2 17.19 21.26 17.09 20.66 17.56 15.07 21.61 10.38 36.29 14.43 14.08 10.29 21.93 11.28 14.52 16.39 17.22 16.8 14.96 23.8 13.16 19.78 8.07 13.33 15.62 
52.89 19.66 28.72 18.89 26.42 23.68 5.92 23.81 16.23 34.92 14.78 45.66 17.31 22.93 9.67 26.73 14.59 19.5 30.13 35.71 23 28.93 0 27.4 19.89 18.75 15.21 42.54 17.85 9.91 33.92 12.38 45.01 12.01 8.88 19.84 32.06 7.74 22.86 10.94 24.69 16 20.64 19.61 19.08 15.41 37.04 19.51 12.41 18.56 17.6 40.49 17.44 21.17 38.54 24.35 
79.5 7.79 16.2 11.53 9.9 12.08 21.55 11.25 12.86 11.53 16.11 25.92 19.57 13.67 29.55 10.02 19 12.9 4.66 14.99 13.41 16 27.4 0 7.99 10.62 19.73 21.86 10.76 26.49 11.86 16.19 18.77 17.35 18.96 7.71 16.86 20.1 7.62 29.82 10.51 13.15 10.22 10.21 11.35 13.69 10.55 7.95 16.78 9.15 12.99 18.37 10.55 13.12 14.69 11.4 
72.55 9.67 18.63 4.5 7.05 4.48 13.98 5.49 8.34 18.32 8.34 32.04 12.54 13.74 21.57 7.23 11.39 6.45 11.89 20.9 13.55 18.58 19.89 7.99 0 7.55 12.25 28.15 6.72 18.53 18.08 10.22 26.68 11.65 12.09 9.92 20.59 13.14 8.22 21.87 6.07 8.56 8.88 11.74 8.84 8.84 18.45 8.73 11.11 4.44 5.61 25.02 9.31 12.21 21.82 5.18 
69.42 4.59 12.3 11.41 9.77 7.66 13.51 6.76 10.44 16.18 13.2 27.91 18.31 6.63 23.69 10.24 16.25 13.44 11.87 17.29 6.5 12.35 18.75 10.62 7.55 0 17.32 24.41 10.88 21.18 15.23 6.42 26.38 7.22 9.87 6.56 14.98 11 10.01 24.37 7.61 10.69 10.42 10.6 10.44 11.11 18.65 6.05 6.68 12 11.89 21.98 7.86 4.86 19.8 8.01 
66.73 14.45 29.6 8.2 18.91 16.63 11.07 17.74 16.22 30.57 11.97 44.18 13.68 23.9 11.4 18.95 12.76 7.16 24.02 33.07 23.79 29.64 15.21 19.73 12.25 17.32 0 40.34 16.08 8.21 30.31 14.71 38.44 15.86 13.17 13.01 32.09 13.34 19.81 11.17 18.29 16.24 19.35 9.51 18.49 16.03 30.26 13.13 15.67 14.76 6.75 37.27 10.18 22.02 34.04 17.29 
88.66 25.97 14.41 32.53 22.36 24.01 37.8 22.7 26.66 10.37 36.29 18.43 40.67 19.68 48.09 22.54 39.41 34.25 17.21 7.28 19.59 14.12 42.54 21.86 28.15 24.41 40.34 0 25.56 45.48 10.13 30.33 12.49 30.54 33.89 27.34 10.97 34.94 20.85 48.72 22.28 26.84 22.3 31.24 23.73 27.38 14.2 27.22 30.15 26.03 33.75 12.07 30.18 21.38 7.97 23.43 
68.95 10.45 13.55 10.35 9.86 7.52 12.48 6.86 11.34 17.13 11.97 29.1 17.09 7.85 22.53 10.3 15 12.37 12.47 18.41 7.72 13.6 17.85 10.76 6.72 10.88 16.08 25.56 0 19.98 16.26 5.69 27.18 6.68 8.98 5.78 16.22 10.14 5.02 23.18 7.75 11.06 12.41 9.62 9.28 12.48 19.32 5.25 6.11 10.21 10.75 23.06 6.75 6.02 20.77 7.96 
58.84 19.83 33.11 15.42 25.57 23 9.31 23.77 19.25 36.38 10.54 49.07 9.88 27.11 19.58 25.72 8.31 14.95 30.34 38.25 27.08 33.23 9.91 26.49 18.53 21.18 8.21 45.48 19.98 0 35.82 16.27 45.21 16.82 13.21 19 36.07 12.67 24.64 19.38 24.48 19.14 23.33 16.61 22.06 18.71 36.98 18.92 16.91 19.5 13.87 42.77 16.03 25.17 39.99 23.7 
82.84 16.07 9.55 22.42 12.28 13.89 28.73 12.6 17.7 13.19 26.3 14.13 30.57 12.25 38.57 12.5 29.41 24.13 7.28 9.58 12.06 9.2 33.92 11.86 18.08 15.23 30.31 10.13 16.26 35.82 0 21.54 12.38 22.04 25.06 17.31 7.71 26.18 11.29 39.11 12.16 17.92 13.28 21.13 14.84 18.51 7.45 17.22 21.58 16.33 23.67 6.98 20.21 13.43 4.75 13.3 
63.34 8.57 17.04 12 15.24 12.66 7.56 12.32 12.69 22.56 11.19 33.61 16.3 11.04 18.34 15.64 13.6 13.71 18.15 23.38 11.05 17.19 12.38 16.19 10.22 6.42 14.71 30.33 5.69 16.27 21.54 0 32.8 9.17 14.67 9.65 20.18 4.65 10.57 19.19 13.23 11.46 8.26 11.88 6.71 11.88 25 9.15 9.47 7.05 11.63 28.14 8.72 9.14 26.17 13.22 
95.09 25.72 21.62 30.25 19.66 22.22 39.43 21.59 28.96 10.81 34.89 15.38 38.11 24.55 48.23 19.55 37.75 31.44 15.01 12.69 24.35 21.26 45.01 18.77 26.68 26.38 38.44 12.49 27.18 45.21 12.38 32.8 0 33.55 36.16 26.25 19.01 37.31 22.23 48.55 20.8 29.21 24.73 28.94 26.31 29.82 8.23 26.38 33.03 26.56 31.74 9.8 29.2 25.55 7.94 21.52 
62.27 9.86 16.91 13.46 16.42 13.91 7.76 13.46 4.66 23.15 12.48 33.71 17.52 11 18.68 16.84 14.76 15.16 19.07 23.72 11.04 17.09 12.01 17.35 11.65 7.22 15.86 30.54 6.68 16.82 22.04 9.17 33.55 0 11.53 11.04 20.16 4.52 11.35 19.6 14.36 4.39 8.84 13.35 7.26 12.19 25.87 10.54 9.34 8.28 13.06 28.51 10.19 9.18 26.72 14.44 
60.61 11.18 20.5 12.63 17.99 15.3 14.8 15.21 7.36 26.04 10.39 37.16 15.02 14.53 15.02 18.35 12.12 13.98 21.35 26.95 14.56 20.66 8.88 18.96 12.09 9.87 13.17 33.89 8.98 13.21 25.06 14.67 36.16 11.53 0 11.77 23.69 14.24 13.98 15.95 16.11 7.14 11.79 12.88 10.25 6.57 28.25 11.35 15.09 9.88 11.84 31.7 10.01 12.66 29.66 15.92 
72.34 8.99 17.61 5.47 6.74 11.62 13.94 4.81 7.49 17.62 9.01 31.2 13.4 12.7 21.99 6.99 12.11 7.45 11.35 20.07 12.51 17.56 19.84 7.71 9.92 6.56 13.01 27.34 5.78 19 17.31 9.65 26.25 11.04 11.77 0 19.62 12.86 7.22 22.34 5.49 7.72 7.85 4.37 7.84 8.05 18.03 9.12 10.49 10.15 6.47 24.27 12.42 11.18 21.16 4.75 
77.86 17.83 15.17 25.08 16.89 17.39 27.74 15.82 16.82 9.46 27.94 13.64 32.83 9.17 38.41 17.27 31.05 27.04 13.17 6.32 9.14 15.07 32.06 16.86 20.59 14.98 32.09 10.97 16.22 36.07 7.71 20.18 19.01 20.16 23.69 19.62 0 24.66 12.41 39.17 15.81 16.95 12.85 23.93 14.01 17.42 15.17 19.32 19.85 17.33 26.01 10.3 22.05 11.04 11.13 17.03 
59.49 12.32 21.43 13.45 19.13 16.43 12.21 16.37 8.48 27.18 10.85 38.17 15.27 15.5 14.28 19.48 12.33 14.7 22.51 28.03 15.53 21.61 7.74 20.1 13.14 11 13.34 34.94 10.14 12.67 26.18 4.65 37.31 4.52 14.24 12.86 24.66 0 15.12 15.26 17.26 8.26 12.9 13.77 11.35 7.67 29.41 12.45 4.82 11.04 12.56 32.79 10.99 13.65 30.79 17.06 
73.43 5.43 10.44 12.69 6.99 5.89 17.5 4.41 6.73 12.11 15.68 24.53 20.45 6.31 27.32 7.49 18.81 14.67 7.86 13.61 6.06 10.38 22.86 7.62 8.22 10.01 19.81 20.85 5.02 24.64 11.29 10.57 22.23 11.35 13.98 7.22 12.41 15.12 0 27.9 4.94 6.99 9.95 11.58 4.26 7.59 14.54 6.92 10.82 5.18 13.6 18.17 9.68 5.51 15.75 5.88 
56.74 23.15 36.16 18.69 28.91 26.33 11.89 27.1 22.35 39.7 13.83 52.28 12.59 30.15 20.61 29.05 11.42 18.12 33.68 41.51 30.13 36.29 10.94 29.82 21.87 24.37 11.17 48.72 23.18 19.38 39.11 19.19 48.55 19.6 15.95 22.34 39.17 15.26 27.9 0 27.82 22.23 26.51 19.9 25.2 21.77 40.32 22.26 19.75 22.78 17.14 46.05 19.37 28.21 43.31 27.04 
76.57 5.04 14.58 10.27 11.1 9.82 18.91 9.22 9.85 12.28 14.41 26.25 18.44 11.22 27.46 11.22 17.45 11.97 5.86 15.11 10.97 14.43 24.69 10.51 6.07 7.61 18.29 22.28 7.75 24.48 12.16 13.23 20.8 14.36 16.11 5.49 15.81 17.26 4.94 27.82 0 10.13 7.35 8.97 8.38 10.67 12.6 5.58 13.79 6.24 11.58 19.04 8.47 10.43 15.75 9.78 
66.63 6.11 13.97 11.59 12.25 9.88 10.96 9.24 9.05 18.94 12.28 30.21 17.5 7.99 21.47 12.69 15.13 13.54 14.69 19.83 7.94 14.08 16 13.15 8.56 10.69 16.24 26.84 11.06 19.14 17.92 11.46 29.21 4.39 7.14 7.72 16.95 8.26 6.99 22.23 10.13 0 4.65 11.07 8.86 9.26 21.48 7.18 12.12 4.42 11.69 24.56 7.97 6.04 22.54 10.34 
70.71 5.83 10.26 13.05 9.5 7.88 15.55 6.63 4.43 14.32 15.22 25.78 20.26 4.86 25.83 9.99 18.29 15.09 10.63 15.22 4.69 10.29 20.64 10.22 8.88 10.42 19.35 22.3 12.41 23.33 13.28 8.26 24.73 8.84 11.79 7.85 12.85 12.9 9.95 26.51 7.35 4.65 0 12.12 9.2 5.23 17.21 7.4 8.35 4.77 13.68 19.94 9.63 10.4 17.91 8.05 
72.5 6.33 21.98 9.84 9.4 7.26 13.79 8.55 10.9 21.23 6.08 35.18 9.48 16.99 19.78 9.43 8.81 10.9 14.56 24.03 16.81 21.93 19.61 10.21 11.74 10.6 9.51 31.24 9.62 16.61 21.13 11.88 28.94 13.35 12.88 4.37 23.93 13.77 11.58 19.9 8.97 11.07 12.12 0 11.91 11.23 20.75 4.75 12.87 7.48 10.84 28.01 10.6 15.39 24.64 7.88 
69.18 5.85 11.21 12.71 10.56 8.64 14.07 7.58 10.98 15.9 14.4 27.14 19.53 5.41 24.48 11.04 17.41 14.75 12.11 16.71 5.3 11.28 19.08 11.35 8.84 10.44 18.49 23.73 9.28 22.06 14.84 6.71 26.31 7.26 10.25 7.84 14.01 11.35 4.26 25.2 8.38 8.86 9.2 11.91 0 9.28 18.75 7.34 6.76 4.44 13.17 21.45 9.15 9.77 19.49 8.92 
66.05 6.52 14.4 11.68 12.78 10.37 10.42 9.78 9.66 19.53 12.13 30.73 17.35 8.4 20.99 13.22 14.91 13.6 15.28 20.39 8.37 14.52 15.41 13.69 8.84 11.11 16.03 27.38 12.48 18.71 18.51 11.88 29.82 12.19 6.57 8.05 17.42 7.67 7.59 21.77 10.67 9.26 5.23 11.23 9.28 0 22.09 7.51 12.49 4.84 11.7 25.14 8.08 6.46 23.14 10.85 
87.91 17.57 16.73 22.06 11.43 13.99 31.37 13.41 21.22 5.74 26.66 18.16 30 18 40.01 11.33 29.55 23.32 6.91 9.75 17.77 16.39 37.04 10.55 18.45 18.65 30.26 14.2 19.32 36.98 7.45 25 8.23 25.87 28.25 18.03 15.17 29.41 14.54 40.32 12.6 21.48 17.21 20.75 18.75 22.09 0 18.16 25.33 18.5 23.54 10.42 20.97 18.61 6.25 13.29 
71.94 9.02 17.26 5.79 6.98 4.25 13.63 4.84 6.95 17.59 9.08 31.05 13.6 12.26 21.88 7.25 12.2 7.79 11.42 19.94 12.08 17.22 19.51 7.95 8.73 6.05 13.13 27.22 5.25 18.92 17.22 9.15 26.38 10.54 11.35 9.12 19.32 12.45 6.92 22.26 5.58 7.18 7.4 4.75 7.34 7.51 18.16 0 9.98 9.88 6.7 24.19 11.22 10.71 21.15 4.94 
62.84 9.29 16.63 13.02 15.85 13.33 7.97 12.89 12.78 22.67 12.2 33.36 17.29 10.68 18.86 16.27 14.56 14.74 18.52 23.3 10.71 16.8 12.41 16.78 11.11 6.68 15.67 30.15 6.11 16.91 21.58 9.47 33.03 9.34 15.09 10.49 19.85 4.82 10.82 19.75 13.79 12.12 8.35 12.87 6.76 12.49 25.33 9.98 0 7.7 12.66 28.08 9.7 8.83 26.25 13.86 
70.35 9.13 14.95 8.32 8.2 5.63 12.88 5.34 9.2 16.99 10.61 29.72 15.55 9.59 22.24 8.6 13.73 10.36 11.59 18.77 9.43 14.96 18.56 9.15 4.44 12 14.76 26.03 10.21 19.5 16.33 7.05 26.56 8.28 9.88 10.15 17.33 11.04 5.18 22.78 6.24 4.42 4.77 7.48 4.44 4.84 18.5 9.88 7.7 0 8.91 23.27 4.86 7.92 20.62 6.18 
70.43 8.18 23.82 10.11 12.16 9.89 11.97 11.07 11.58 23.86 12.15 37.65 6.93 18.49 17.06 12.21 6.01 12.06 17.27 26.5 18.33 23.8 17.6 12.99 5.61 11.89 6.75 33.75 10.75 13.87 23.67 11.63 31.74 13.06 11.84 6.47 26.01 12.56 13.6 17.14 11.58 11.69 13.68 10.84 13.17 11.7 23.54 6.7 12.66 8.91 0 30.6 12.45 16.74 27.31 10.55 
88.04 23.05 13.49 29.32 18.93 20.75 35.48 19.53 24.36 6.84 33.27 7.82 37.48 18.01 45.49 19.08 36.38 30.97 13.72 4.8 17.87 13.16 40.49 18.37 25.02 21.98 37.27 12.07 23.06 42.77 6.98 28.14 9.8 28.51 31.7 24.27 10.3 32.79 18.17 46.05 19.04 24.56 19.94 28.01 21.45 25.14 10.42 24.19 28.08 23.27 30.6 0 27.18 19.52 4.18 20.14 
70.21 4.27 19.79 11 9.61 6.97 11.53 7.78 7.81 20.57 6.11 34 10.78 14.44 19.04 9.8 9.23 5.64 14.32 22.91 14.29 19.78 17.44 10.55 9.31 7.86 10.18 30.18 6.75 16.03 20.21 8.72 29.2 10.19 10.01 12.42 22.05 10.99 9.68 19.37 8.47 7.97 9.63 10.6 9.15 8.08 20.97 11.22 9.7 4.86 12.45 27.18 0 12.71 24.12 7.68 
69.54 9.16 7.95 16.24 12.5 11.16 16.7 9.81 5.97 14.79 17.94 24.53 23.1 11.49 27.41 13 20.92 18.28 12.6 14.72 11.36 8.07 21.17 13.12 12.21 4.86 22.02 21.38 6.02 25.17 13.43 9.14 25.55 9.18 12.66 11.18 11.04 13.65 5.51 28.21 10.43 6.04 10.4 15.39 9.77 6.46 18.61 10.71 8.83 7.92 16.74 19.52 12.71 0 18.18 11.27 
87.55 20.16 13.69 25.96 15.34 17.42 33.25 16.35 22.31 9.06 30.15 11.99 34.11 16.98 42.83 15.43 33.21 27.5 10.1 4.83 16.8 13.33 38.54 14.69 21.82 19.8 34.04 7.97 20.77 39.99 4.75 26.17 7.94 26.72 29.66 21.16 11.13 30.79 15.75 43.31 15.75 22.54 17.91 24.64 19.49 23.14 6.25 21.15 26.25 20.62 27.31 4.18 24.12 18.18 0 16.76 
76.49 4.74 15.75 9.2 11.49 9.18 18.5 8.92 10.06 13.34 13.49 27.41 17.36 12.18 26.71 11.73 16.49 10.83 6.74 16.28 11.94 15.62 24.35 11.4 5.18 8.01 17.29 23.43 7.96 23.7 13.3 13.22 21.52 14.44 15.92 4.75 17.03 17.06 5.88 27.04 9.78 10.34 8.05 7.88 8.92 10.85 13.29 4.94 13.86 6.18 10.55 20.14 7.68 11.27 16.76 0 
0	5000
0	120
0	140
0	171
0	196
0	219
0	277
0	327
0	347
0	382
0	425
0	507
0	627
0	670
0	712
0	752
0	778
0	789
0	815
0	835
0	865
0	877
0	931
0	975
0	987
0	998
0	1019
0	1067
0	1096
0	1116
0	1152
0	1174
0	1207
0	1240
0	1252
0	1263
0	1283
0	1308
0	1323
0	1351
0	1378
0	1389
0	1393
0	1405
0	1417
0	1427
0	1449
0	1467
0	1477
0	1485
0	1493
0	1524
0	1551
0	1564
0	1582
0	1599
C:
0 3 3 3 3 3 3 3 3 3 3 3 3 3 3 3 3 3 3 3 3 3 3 3 3 3 3 3 3 3 3 3 3 3 3 3 3 3 3 3 3 3 3 3 3 3 3 3 3 3 3 3 3 3 3 3 3 
1 0 1 1 1 1 1 1 1 1 1 1 1 1 1 1 1 1 1 1 1 1 1 1 1 1 1 1 1 1 1 1 1 1 1 1 1 1 1 1 1 1 1 1 1 1 1 1 1 1 1 1 1 1 1 1 1 
1 1 0 1 1 1 1 1 1 1 1 1 1 1 1 1 1 1 1 1 1 1 1 1 1 1 1 1 1 1 1 1 1 1 1 1 1 1 1 1 1 1 1 1 1 1 1 1 1 1 1 1 1 1 1 1 1 
1 1 1 0 1 1 1 1 1 1 1 1 1 1 1 1 1 1 1 1 1 1 1 1 1 1 1 1 1 1 1 1 1 1 1 1 1 1 1 1 1 1 1 1 1 1 1 1 1 1 1 1 1 1 1 1 1 
1 1 1 1 0 1 1 1 1 1 1 1 1 1 1 1 1 1 1 1 1 1 1 1 1 1 1 1 1 1 1 1 1 1 1 1 1 1 1 1 1 1 1 1 1 1 1 1 1 1 1 1 1 1 1 1 1 
1 1 1 1 1 0 1 1 1 1 1 1 1 1 1 1 1 1 1 1 1 1 1 1 1 1 1 1 1 1 1 1 1 1 1 1 1 1 1 1 1 1 1 1 1 1 1 1 1 1 1 1 1 1 1 1 1 
1 1 1 1 1 1 0 1 1 1 1 1 1 1 1 1 1 1 1 1 1 1 1 1 1 1 1 1 1 1 1 1 1 1 1 1 1 1 1 1 1 1 1 1 1 1 1 1 1 1 1 1 1 1 1 1 1 
1 1 1 1 1 1 1 0 1 1 1 1 1 1 1 1 1 1 1 1 1 1 1 1 1 1 1 1 1 1 1 1 1 1 1 1 1 1 1 1 1 1 1 1 1 1 1 1 1 1 1 1 1 1 1 1 1 
1 1 1 1 1 1 1 1 0 1 1 1 1 1 1 1 1 1 1 1 1 1 1 1 1 1 1 1 1 1 1 1 1 1 1 1 1 1 1 1 1 1 1 1 1 1 1 1 1 1 1 1 1 1 1 1 1 
2 2 2 2 2 2 2 2 2 0 2 2 2 2 2 2 2 2 2 2 2 2 2 2 2 2 2 2 2 2 2 2 2 2 2 2 2 2 2 2 2 2 2 2 2 2 2 2 2 2 2 2 2 2 2 2 2 
1 1 1 1 1 1 1 1 1 1 0 1 1 1 1 1 1 1 1 1 1 1 1 1 1 1 1 1 1 1 1 1 1 1 1 1 1 1 1 1 1 1 1 1 1 1 1 1 1 1 1 1 1 1 1 1 1 
3 3 3 3 3 3 3 3 3 3 3 0 3 3 3 3 3 3 3 3 3 3 3 3 3 3 3 3 3 3 3 3 3 3 3 3 3 3 3 3 3 3 3 3 3 3 3 3 3 3 3 3 3 3 3 3 3 
2 2 2 2 2 2 2 2 2 2 2 2 0 2 2 2 2 2 2 2 2 2 2 2 2 2 2 2 2 2 2 2 2 2 2 2 2 2 2 2 2 2 2 2 2 2 2 2 2 2 2 2 2 2 2 2 2 
1 1 1 1 1 1 1 1 1 1 1 1 1 0 1 1 1 1 1 1 1 1 1 1 1 1 1 1 1 1 1 1 1 1 1 1 1 1 1 1 1 1 1 1 1 1 1 1 1 1 1 1 1 1 1 1 1 
2 2 2 2 2 2 2 2 2 2 2 2 2 2 0 2 2 2 2 2 2 2 2 2 2 2 2 2 2 2 2 2 2 2 2 2 2 2 2 2 2 2 2 2 2 2 2 2 2 2 2 2 2 2 2 2 2 
1 1 1 1 1 1 1 1 1 1 1 1 1 1 1 0 1 1 1 1 1 1 1 1 1 1 1 1 1 1 1 1 1 1 1 1 1 1 1 1 1 1 1 1 1 1 1 1 1 1 1 1 1 1 1 1 1 
1 1 1 1 1 1 1 1 1 1 1 1 1 1 1 1 0 1 1 1 1 1 1 1 1 1 1 1 1 1 1 1 1 1 1 1 1 1 1 1 1 1 1 1 1 1 1 1 1 1 1 1 1 1 1 1 1 
1 1 1 1 1 1 1 1 1 1 1 1 1 1 1 1 1 0 1 1 1 1 1 1 1 1 1 1 1 1 1 1 1 1 1 1 1 1 1 1 1 1 1 1 1 1 1 1 1 1 1 1 1 1 1 1 1 
1 1 1 1 1 1 1 1 1 1 1 1 1 1 1 1 1 1 0 1 1 1 1 1 1 1 1 1 1 1 1 1 1 1 1 1 1 1 1 1 1 1 1 1 1 1 1 1 1 1 1 1 1 1 1 1 1 
2 2 2 2 2 2 2 2 2 2 2 2 2 2 2 2 2 2 2 0 2 2 2 2 2 2 2 2 2 2 2 2 2 2 2 2 2 2 2 2 2 2 2 2 2 2 2 2 2 2 2 2 2 2 2 2 2 
1 1 1 1 1 1 1 1 1 1 1 1 1 1 1 1 1 1 1 1 0 1 1 1 1 1 1 1 1 1 1 1 1 1 1 1 1 1 1 1 1 1 1 1 1 1 1 1 1 1 1 1 1 1 1 1 1 
1 1 1 1 1 1 1 1 1 1 1 1 1 1 1 1 1 1 1 1 1 0 1 1 1 1 1 1 1 1 1 1 1 1 1 1 1 1 1 1 1 1 1 1 1 1 1 1 1 1 1 1 1 1 1 1 1 
2 2 2 2 2 2 2 2 2 2 2 2 2 2 2 2 2 2 2 2 2 2 0 2 2 2 2 2 2 2 2 2 2 2 2 2 2 2 2 2 2 2 2 2 2 2 2 2 2 2 2 2 2 2 2 2 2 
1 1 1 1 1 1 1 1 1 1 1 1 1 1 1 1 1 1 1 1 1 1 1 0 1 1 1 1 1 1 1 1 1 1 1 1 1 1 1 1 1 1 1 1 1 1 1 1 1 1 1 1 1 1 1 1 1 
1 1 1 1 1 1 1 1 1 1 1 1 1 1 1 1 1 1 1 1 1 1 1 1 0 1 1 1 1 1 1 1 1 1 1 1 1 1 1 1 1 1 1 1 1 1 1 1 1 1 1 1 1 1 1 1 1 
1 1 1 1 1 1 1 1 1 1 1 1 1 1 1 1 1 1 1 1 1 1 1 1 1 0 1 1 1 1 1 1 1 1 1 1 1 1 1 1 1 1 1 1 1 1 1 1 1 1 1 1 1 1 1 1 1 
2 2 2 2 2 2 2 2 2 2 2 2 2 2 2 2 2 2 2 2 2 2 2 2 2 2 0 2 2 2 2 2 2 2 2 2 2 2 2 2 2 2 2 2 2 2 2 2 2 2 2 2 2 2 2 2 2 
3 3 3 3 3 3 3 3 3 3 3 3 3 3 3 3 3 3 3 3 3 3 3 3 3 3 3 0 3 3 3 3 3 3 3 3 3 3 3 3 3 3 3 3 3 3 3 3 3 3 3 3 3 3 3 3 3 
1 1 1 1 1 1 1 1 1 1 1 1 1 1 1 1 1 1 1 1 1 1 1 1 1 1 1 1 0 1 1 1 1 1 1 1 1 1 1 1 1 1 1 1 1 1 1 1 1 1 1 1 1 1 1 1 1 
2 2 2 2 2 2 2 2 2 2 2 2 2 2 2 2 2 2 2 2 2 2 2 2 2 2 2 2 2 0 2 2 2 2 2 2 2 2 2 2 2 2 2 2 2 2 2 2 2 2 2 2 2 2 2 2 2 
2 2 2 2 2 2 2 2 2 2 2 2 2 2 2 2 2 2 2 2 2 2 2 2 2 2 2 2 2 2 0 2 2 2 2 2 2 2 2 2 2 2 2 2 2 2 2 2 2 2 2 2 2 2 2 2 2 
1 1 1 1 1 1 1 1 1 1 1 1 1 1 1 1 1 1 1 1 1 1 1 1 1 1 1 1 1 1 1 0 1 1 1 1 1 1 1 1 1 1 1 1 1 1 1 1 1 1 1 1 1 1 1 1 1 
3 3 3 3 3 3 3 3 3 3 3 3 3 3 3 3 3 3 3 3 3 3 3 3 3 3 3 3 3 3 3 3 0 3 3 3 3 3 3 3 3 3 3 3 3 3 3 3 3 3 3 3 3 3 3 3 3 
1 1 1 1 1 1 1 1 1 1 1 1 1 1 1 1 1 1 1 1 1 1 1 1 1 1 1 1 1 1 1 1 1 0 1 1 1 1 1 1 1 1 1 1 1 1 1 1 1 1 1 1 1 1 1 1 1 
1 1 1 1 1 1 1 1 1 1 1 1 1 1 1 1 1 1 1 1 1 1 1 1 1 1 1 1 1 1 1 1 1 1 0 1 1 1 1 1 1 1 1 1 1 1 1 1 1 1 1 1 1 1 1 1 1 
1 1 1 1 1 1 1 1 1 1 1 1 1 1 1 1 1 1 1 1 1 1 1 1 1 1 1 1 1 1 1 1 1 1 1 0 1 1 1 1 1 1 1 1 1 1 1 1 1 1 1 1 1 1 1 1 1 
2 2 2 2 2 2 2 2 2 2 2 2 2 2 2 2 2 2 2 2 2 2 2 2 2 2 2 2 2 2 2 2 2 2 2 2 0 2 2 2 2 2 2 2 2 2 2 2 2 2 2 2 2 2 2 2 2 
1 1 1 1 1 1 1 1 1 1 1 1 1 1 1 1 1 1 1 1 1 1 1 1 1 1 1 1 1 1 1 1 1 1 1 1 1 0 1 1 1 1 1 1 1 1 1 1 1 1 1 1 1 1 1 1 1 
1 1 1 1 1 1 1 1 1 1 1 1 1 1 1 1 1 1 1 1 1 1 1 1 1 1 1 1 1 1 1 1 1 1 1 1 1 1 0 1 1 1 1 1 1 1 1 1 1 1 1 1 1 1 1 1 1 
2 2 2 2 2 2 2 2 2 2 2 2 2 2 2 2 2 2 2 2 2 2 2 2 2 2 2 2 2 2 2 2 2 2 2 2 2 2 2 0 2 2 2 2 2 2 2 2 2 2 2 2 2 2 2 2 2 
1 1 1 1 1 1 1 1 1 1 1 1 1 1 1 1 1 1 1 1 1 1 1 1 1 1 1 1 1 1 1 1 1 1 1 1 1 1 1 1 0 1 1 1 1 1 1 1 1 1 1 1 1 1 1 1 1 
1 1 1 1 1 1 1 1 1 1 1 1 1 1 1 1 1 1 1 1 1 1 1 1 1 1 1 1 1 1 1 1 1 1 1 1 1 1 1 1 1 0 1 1 1 1 1 1 1 1 1 1 1 1 1 1 1 
1 1 1 1 1 1 1 1 1 1 1 1 1 1 1 1 1 1 1 1 1 1 1 1 1 1 1 1 1 1 1 1 1 1 1 1 1 1 1 1 1 1 0 1 1 1 1 1 1 1 1 1 1 1 1 1 1 
1 1 1 1 1 1 1 1 1 1 1 1 1 1 1 1 1 1 1 1 1 1 1 1 1 1 1 1 1 1 1 1 1 1 1 1 1 1 1 1 1 1 1 0 1 1 1 1 1 1 1 1 1 1 1 1 1 
1 1 1 1 1 1 1 1 1 1 1 1 1 1 1 1 1 1 1 1 1 1 1 1 1 1 1 1 1 1 1 1 1 1 1 1 1 1 1 1 1 1 1 1 0 1 1 1 1 1 1 1 1 1 1 1 1 
1 1 1 1 1 1 1 1 1 1 1 1 1 1 1 1 1 1 1 1 1 1 1 1 1 1 1 1 1 1 1 1 1 1 1 1 1 1 1 1 1 1 1 1 1 0 1 1 1 1 1 1 1 1 1 1 1 
2 2 2 2 2 2 2 2 2 2 2 2 2 2 2 2 2 2 2 2 2 2 2 2 2 2 2 2 2 2 2 2 2 2 2 2 2 2 2 2 2 2 2 2 2 2 0 2 2 2 2 2 2 2 2 2 2 
1 1 1 1 1 1 1 1 1 1 1 1 1 1 1 1 1 1 1 1 1 1 1 1 1 1 1 1 1 1 1 1 1 1 1 1 1 1 1 1 1 1 1 1 1 1 1 0 1 1 1 1 1 1 1 1 1 
1 1 1 1 1 1 1 1 1 1 1 1 1 1 1 1 1 1 1 1 1 1 1 1 1 1 1 1 1 1 1 1 1 1 1 1 1 1 1 1 1 1 1 1 1 1 1 1 0 1 1 1 1 1 1 1 1 
1 1 1 1 1 1 1 1 1 1 1 1 1 1 1 1 1 1 1 1 1 1 1 1 1 1 1 1 1 1 1 1 1 1 1 1 1 1 1 1 1 1 1 1 1 1 1 1 1 0 1 1 1 1 1 1 1 
1 1 1 1 1 1 1 1 1 1 1 1 1 1 1 1 1 1 1 1 1 1 1 1 1 1 1 1 1 1 1 1 1 1 1 1 1 1 1 1 1 1 1 1 1 1 1 1 1 1 0 1 1 1 1 1 1 
2 2 2 2 2 2 2 2 2 2 2 2 2 2 2 2 2 2 2 2 2 2 2 2 2 2 2 2 2 2 2 2 2 2 2 2 2 2 2 2 2 2 2 2 2 2 2 2 2 2 2 0 2 2 2 2 2 
1 1 1 1 1 1 1 1 1 1 1 1 1 1 1 1 1 1 1 1 1 1 1 1 1 1 1 1 1 1 1 1 1 1 1 1 1 1 1 1 1 1 1 1 1 1 1 1 1 1 1 1 0 1 1 1 1 
1 1 1 1 1 1 1 1 1 1 1 1 1 1 1 1 1 1 1 1 1 1 1 1 1 1 1 1 1 1 1 1 1 1 1 1 1 1 1 1 1 1 1 1 1 1 1 1 1 1 1 1 1 0 1 1 1 
2 2 2 2 2 2 2 2 2 2 2 2 2 2 2 2 2 2 2 2 2 2 2 2 2 2 2 2 2 2 2 2 2 2 2 2 2 2 2 2 2 2 2 2 2 2 2 2 2 2 2 2 2 2 0 2 2 
1 1 1 1 1 1 1 1 1 1 1 1 1 1 1 1 1 1 1 1 1 1 1 1 1 1 1 1 1 1 1 1 1 1 1 1 1 1 1 1 1 1 1 1 1 1 1 1 1 1 1 1 1 1 1 0 1 
3 3 3 3 3 3 3 3 3 3 3 3 3 3 3 3 3 3 3 3 3 3 3 3 3 3 3 3 3 3 3 3 3 3 3 3 3 3 3 3 3 3 3 3 3 3 3 3 3 3 3 3 3 3 3 3 0 
Time:
0	15
15	30
30	45
45	60
60	75
75	90
90	105
105	120
120	135
135	150
150	165
165	180
180	195
195	210
210	225
225	240
240	255
255	270
270	285
285	300
300	315
315	330
330	345
345	360
360	375
375	390
390	405
405	420
420	435
435	450
450	465
465	480
480	495
495	510
510	525
525	540
540	555
555	570
570	585
585	600
600	615
615	630
630	645
645	660
660	675
675	690
690	705
705	720
720	735
735	750
750	765
765	780
780	795
795	810
810	825
825	840
840	855
855	870
870	885
885	900
900	915
915	930
930	945
945	960
960	975
975	990
990	1005
1005	1020
1020	1035
1035	1050
1050	1065
1065	1080
1080	5000
Speed:
0.925	0.85	0.925	1	0.8325	0.765	0.8325	0.9	0.4625	0.425	0.4625	0.5	0.30525	0.2805	0.30525	0.33	0.37	0.34	0.37	0.4	0.555	0.51	0.555	0.6	0.6475	0.595	0.6475	0.7	0.37	0.34	0.37	0.4	0.30525	0.2805	0.30525	0.33	0.4625	0.425	0.4625	0.5	0.6475	0.595	0.6475	0.7	0.74	0.68	0.74	0.8	0.6475	0.595	0.6475	0.7	0.4625	0.425	0.4625	0.5	0.555	0.51	0.555	0.6	0.6475	0.595	0.6475	0.7	0.8325	0.765	0.8325	0.9	0.925	0.85	0.925	1	1	
0.925	0.85	0.925	1	0.8325	0.765	0.8325	0.9	0.4625	0.425	0.4625	0.5	0.30525	0.2805	0.30525	0.33	0.37	0.34	0.37	0.4	0.555	0.51	0.555	0.6	0.6475	0.595	0.6475	0.7	0.37	0.34	0.37	0.4	0.30525	0.2805	0.30525	0.33	0.4625	0.425	0.4625	0.5	0.6475	0.595	0.6475	0.7	0.74	0.68	0.74	0.8	0.6475	0.595	0.6475	0.7	0.4625	0.425	0.4625	0.5	0.555	0.51	0.555	0.6	0.6475	0.595	0.6475	0.7	0.8325	0.765	0.8325	0.9	0.925	0.85	0.925	1	1	
0.925	0.85	0.925	1	0.8325	0.765	0.8325	0.9	0.4625	0.425	0.4625	0.5	0.30525	0.2805	0.30525	0.33	0.37	0.34	0.37	0.4	0.555	0.51	0.555	0.6	0.6475	0.595	0.6475	0.7	0.37	0.34	0.37	0.4	0.30525	0.2805	0.30525	0.33	0.4625	0.425	0.4625	0.5	0.6475	0.595	0.6475	0.7	0.74	0.68	0.74	0.8	0.6475	0.595	0.6475	0.7	0.4625	0.425	0.4625	0.5	0.555	0.51	0.555	0.6	0.6475	0.595	0.6475	0.7	0.8325	0.765	0.8325	0.9	0.925	0.85	0.925	1	1	
