56
0 69.08 68.87 85.2 81.24 61.56 65.58 86.97 78.78 76.51 96.57 56.83 74.78 59.29 70.37 71.36 69.81 69.51 82.13 85.1 73.83 55.87 66.94 81.31 72.75 71.71 97.41 56.71 58.51 72.65 60.47 87.24 67.82 82.45 54.65 83.17 57.35 69.31 64 66.16 74.89 82.08 71.46 57.57 88.82 57.69 90.88 72.57 80.8 60.91 87.99 61.81 54.17 60.49 91.05 72.58 
69.08 0 16.18 22.51 17.22 14.23 14.69 31.25 24.42 13.46 45.37 14.11 12.72 12.61 25.2 12.87 11.6 14.54 25 23.25 6.57 14.16 15.01 26.26 11.96 24.68 42.19 14.68 10.98 10.91 14.68 27.97 14.71 18.69 18.2 19.9 18.02 14.91 5.78 6.65 31.34 32.51 12.53 13.29 25.45 16.69 48.58 11.09 31.18 16.43 40.91 10.28 19.11 16.97 28.15 11.24 
68.87 16.18 0 16.49 13.5 7.99 11.33 19.6 11.17 9.62 32.57 14.3 8.08 11.9 9.02 13.97 19.61 12.46 13.77 16.28 13.19 16.1 10.37 13.69 17.63 8.58 31.02 13.93 15.83 7.38 9.02 18.63 9.48 14.36 14.6 14.78 11.57 12.9 18.94 10.26 15.31 18.02 4.93 13.95 20.09 11.48 33.46 7.14 16.56 8.02 26.41 23.57 14.9 8.39 22.21 16.85 
85.2 22.51 16.49 0 5.3 23.68 19.62 11.05 10.38 9.61 24.53 29.11 11.07 26.53 19.2 18.97 24.84 15.69 7.27 11.44 15.98 30.54 18.29 9.65 20.9 17.62 20.3 29.01 28.95 13.39 24.78 6.33 17.4 15.64 30.59 14.54 27.86 15.91 27.92 20.97 20.77 16.42 13.94 28.51 12.64 27.52 31.14 13.39 15.85 24.31 23 32.71 31.04 24.76 6.04 20.33 
81.24 17.22 13.5 5.3 0 19.75 16.07 15.32 11.62 4.78 29.28 24.66 6.47 22.11 18.6 13.68 19.56 12.25 9.93 6.14 10.68 25.96 14.89 12.06 15.66 17.18 25.4 24.66 24.11 8.69 20.83 11.17 13.96 10.88 26.62 11.89 24.18 12.58 22.66 16.05 21.83 19.2 9.83 24 8.4 23.65 34.83 8.74 18.3 20.73 26.7 27.43 27.16 21.23 11.06 15.07 
61.56 14.23 7.99 23.68 19.75 0 4.37 27.58 19.12 15.1 40.32 6.43 13.34 4.33 14.62 13.8 17.37 8.11 21.74 23.68 14.77 8.32 5.79 21.66 17.11 14.93 38.98 5.98 8.88 11.41 9.79 26.51 6.53 20.91 6.91 21.61 4.63 8 14.42 7.71 21.34 25.48 9.92 6.23 27.3 8.67 40.19 11.28 24 9.07 33.66 18.24 7.42 9.54 29.62 16.46 
65.58 14.69 11.33 19.62 16.07 4.37 0 23.22 14.78 11.66 36.1 10.69 9.94 8.34 11.29 13.19 18.08 12.48 17.37 19.53 13.23 12.51 10.16 17.31 16.81 11.27 34.64 10.31 12.47 8.44 5.42 22.17 10.9 17.11 11.09 17.7 8.24 12.37 16.47 8.18 17.94 21.4 6.4 10.37 23.24 7.98 36.51 8.24 19.92 4.7 29.7 20.85 11.46 5.17 25.48 16.07 
86.97 31.25 19.6 11.05 15.32 27.58 23.22 0 8.5 17.85 14.14 33.87 18.56 31.43 16.77 27.83 34.09 19.87 6.31 9.8 25.15 35.64 21.81 5.93 30.47 15.33 11.46 33.53 34.97 20.59 28.59 4.99 21.18 14.17 33.96 13 30.7 19.83 35.99 27.81 14.5 7.44 19.83 33.49 11.27 30.89 20.16 20.47 7.81 27.31 12.07 40.9 34.11 27.56 10.58 29.8 
78.78 24.42 11.17 10.38 11.62 19.12 14.78 8.5 0 11.88 21.6 25.46 11.93 23.05 9.45 21.24 27.56 11.62 14 9.38 19.02 27.26 13.38 13.33 24.38 7.85 19.86 25.09 26.79 13.51 20.12 8.83 12.8 11.22 25.46 10.6 22.21 11.53 28.59 20.07 10.46 8.2 12.17 25.11 13.04 22.39 24.33 13.33 7.01 18.81 16.51 33.46 25.63 19.07 14.13 23.63 
76.51 13.46 9.62 9.61 4.78 15.1 11.66 17.85 11.88 0 31.99 19.88 11.25 17.33 16.45 9.99 16.24 8.08 11.7 10.1 7.34 21.18 10.62 13.26 12.71 15.26 28.74 19.89 19.4 13.46 16.17 14.55 9.71 6.13 21.92 7.11 19.61 8.47 18.54 11.37 20.96 20.06 5.28 19.22 13.01 19 36.15 13.4 18.9 16.23 28.19 23.41 22.5 16.75 15.61 12 
96.57 45.37 32.57 24.53 29.28 40.32 36.1 14.14 21.6 31.99 0 46.74 32.65 44.44 27.07 41.96 48.24 33.2 20.36 23.38 39.3 48.6 34.76 19.34 44.61 26.09 6.07 46.29 48.34 34.62 41.23 18.22 34.28 28.03 46.1 26.81 42.71 33.08 49.97 41.61 21.71 15.09 33.64 46.47 23.49 43.18 11.72 34.48 16.54 39.61 8.87 54.87 46.08 39.75 21.61 43.94 
56.83 14.11 14.3 29.11 24.66 6.43 10.69 33.87 25.46 19.88 46.74 0 18.21 9.09 20.84 15.25 16.43 14.11 27.9 29.26 17.29 10 12.08 27.98 17.69 21.27 45.31 9.97 12.92 15.97 5.58 32.51 12.7 25.96 4.41 26.83 6.07 14.08 11.69 9.44 27.52 31.9 15.18 9.55 32.68 4.75 46.45 15.92 30.42 7.56 40.06 14.1 5.36 7.67 35.13 17.25 
74.78 12.72 8.08 11.07 6.47 13.34 9.94 18.56 11.93 11.25 32.65 18.21 0 15.65 15.45 9.39 15.71 6.45 12.29 11.44 7.11 19.55 8.93 13.59 12.45 14.37 29.66 18.19 17.88 12 14.42 15.61 8.03 7.76 20.18 8.66 17.85 6.85 17.51 9.93 20.37 20.12 12.58 17.56 14.56 17.25 36.25 11.77 18.88 14.48 28.41 22.41 20.75 15.01 17.11 11.71 
59.29 12.61 11.9 26.53 22.11 4.33 8.34 31.43 23.05 17.33 44.44 9.09 15.65 0 18.95 13.29 15.29 11.6 25.41 26.69 15.09 4.21 9.69 25.55 16.03 19.25 42.88 9.6 4.66 13.43 11.45 29.97 10.26 23.41 5.64 24.26 5.78 11.6 11.24 7.22 25.67 29.7 12.61 9.43 30.11 4.34 44.52 13.37 28.22 5.97 37.94 14.45 6.53 6.25 32.56 15.51 
70.37 25.2 9.02 19.2 18.6 14.62 11.29 16.77 9.45 16.45 27.07 20.84 15.45 18.95 0 22.9 28.62 10.71 13.2 18.4 21.77 22.78 10.45 11.61 26.52 13.46 27.09 20.23 23.45 15.67 15.29 18.23 10.56 18.81 19.35 18.63 15.95 10.32 27.69 19.15 6.72 12.01 13.33 20.78 22.25 16.65 25.61 15.43 10.61 13.3 19.51 32.14 19.21 13.28 23.54 25.74 
71.36 12.87 13.97 18.97 13.68 13.8 13.19 27.83 21.24 9.99 41.96 15.25 9.39 13.29 22.9 0 6.33 12.2 21.62 19.72 13.92 15.73 13.2 22.98 15.63 22.21 38.7 15.67 12.86 7.8 14.48 24.46 12.72 15.15 18.91 16.36 18.08 12.61 9.13 6.22 28.75 29.4 9.75 14.43 21.93 16.89 45.52 8.01 28.11 15.87 37.75 13.79 19.76 16.44 24.63 10.86 
69.81 11.6 19.61 24.84 19.56 17.37 18.08 34.09 27.56 16.24 48.24 16.43 15.71 15.29 28.62 6.33 0 17.95 27.92 25.69 8.98 16.14 18.44 29.3 14.36 28.09 44.84 17.09 12.82 14.08 17.73 30.57 18.14 21 20.71 22.25 20.9 18.33 5.82 9.97 34.73 35.7 15.84 15.63 27.54 19.52 51.8 14.27 34.39 19.59 44.07 9 21.65 20.11 30.23 4.54 
69.51 14.54 12.46 15.69 12.25 8.11 12.48 19.87 11.62 8.08 33.2 14.11 6.45 11.6 10.71 12.2 17.95 0 13.8 15.61 11.34 15.81 12.77 14.04 15.84 10.14 31.33 13.84 15.16 5.55 9.2 18.44 11.94 13.23 14.97 13.78 12.17 11.08 17.61 8.91 16.83 18.96 13.36 13.66 19.31 11.87 34.65 5.32 17.52 8.63 27.41 22.34 15.37 9.09 21.56 15.05 
82.13 25 13.77 7.27 9.93 21.74 17.37 6.31 14 11.7 20.36 27.9 12.29 25.41 13.2 21.62 27.92 13.8 0 6.11 19.04 29.61 15.94 11.86 24.4 11.6 17.68 27.61 28.78 14.29 22.78 5.17 15.23 9.12 28.34 8.19 25.2 13.82 29.68 21.51 13.63 9.38 13.54 27.47 9.47 25.23 24.92 14.16 8.65 21.7 16.81 34.59 28.58 22.02 10.4 23.71 
85.1 23.25 16.28 11.44 6.14 23.68 19.53 9.8 9.38 10.1 23.38 29.26 11.44 26.69 18.4 19.72 25.69 15.61 6.11 0 16.76 30.75 18.16 8.48 21.79 16.81 19.29 29.14 29.29 13.76 24.78 5.17 17.29 4.75 30.57 13.78 27.75 15.8 28.57 21.38 19.69 15.17 14.09 28.69 11.47 27.48 29.86 13.74 14.63 24.2 21.72 33.4 30.98 24.62 5.95 21.2 
73.83 6.57 13.19 15.98 10.68 14.77 13.23 25.15 19.02 7.34 39.3 17.29 7.11 15.09 21.77 13.92 8.98 11.34 19.04 16.76 0 18.01 12.91 20.56 5.38 20.9 35.86 17.6 15.37 6.12 15.6 21.59 12.25 12.14 20.57 13.37 19.29 11.78 12.19 7.87 27.22 27.22 8.45 16.49 18.88 18.23 43.34 6.36 25.98 16.64 35.46 16.84 21.36 17.23 21.57 4.67 
55.87 14.16 16.1 30.54 25.96 8.32 12.51 35.64 27.26 21.18 48.6 10 19.55 4.21 22.78 15.73 16.14 15.81 29.61 30.75 18.01 0 13.88 29.76 17.84 23.2 47.09 11.09 8.87 17.27 7.51 34.14 14.47 27.3 5.59 28.2 7.82 15.81 10.98 10.3 29.46 33.8 16.67 10.73 34.08 6.58 48.39 17.23 32.32 9.5 41.97 12.8 6.48 9.6 36.58 17.47 
66.94 15.01 10.37 18.29 14.89 5.79 10.16 21.81 13.38 10.62 34.76 12.08 8.93 9.69 10.45 13.2 18.44 12.77 15.94 18.16 12.91 13.88 0 15.9 16.86 10.27 33.24 11.72 13.69 7.67 6.84 20.75 9.99 15.88 12.5 16.42 9.59 13.22 17.25 8.72 16.99 20.14 5.43 11.73 21.9 9.39 35.41 7.46 18.66 6.03 28.48 21.76 12.85 6.47 24.11 16.1 
81.31 26.26 13.69 9.65 12.06 21.66 17.31 5.93 13.33 13.26 19.34 27.98 13.59 25.55 11.61 22.98 29.3 14.04 11.86 8.48 20.56 29.76 15.9 0 25.94 10.05 17.33 27.62 29.19 15.39 22.67 6.69 15.29 11.36 28.04 10.5 24.79 13.98 30.67 22.27 11.35 7.14 14.3 27.6 11.72 24.96 22.97 15.24 6.32 21.39 14.95 35.56 28.21 21.65 12.4 25.22 
72.75 11.96 17.63 20.9 15.66 17.11 16.81 30.47 24.38 12.71 44.61 17.69 12.45 16.03 26.52 15.63 14.36 15.84 24.4 21.79 5.38 17.84 16.86 25.94 0 25.8 41.02 18.22 14.68 11.18 17.7 26.75 16.38 17.07 21.66 18.33 21.2 16.26 9.03 9.41 32.28 32.58 13.29 16.86 23.51 19.93 48.7 11.41 31.33 19.25 40.84 12.93 22.56 19.81 26.19 10.05 
71.71 24.68 8.58 17.62 17.18 14.93 11.27 15.33 7.85 15.26 26.09 21.27 14.37 19.25 13.46 22.21 28.09 10.14 11.6 16.81 20.9 23.2 10.27 10.05 25.8 0 25.85 20.7 23.65 14.79 15.69 16.64 10.24 17.33 20.09 17.11 16.69 9.78 27.48 18.84 6.74 11 12.52 21.15 20.64 17.28 25.29 14.55 9.56 13.81 18.83 32.03 20.02 13.86 21.93 25.01 
97.41 42.19 31.02 20.3 25.4 38.98 34.64 11.46 19.86 28.74 6.07 45.31 29.66 42.88 27.09 38.7 44.84 31.33 17.68 19.29 35.86 47.09 33.24 17.33 41.02 25.85 0 44.95 46.43 31.81 39.98 14.27 32.62 24.03 45.24 22.78 41.93 31.29 47.17 39.17 22.89 15.39 31.21 44.94 18.64 42.2 17.37 31.7 16.61 38.61 12.34 52.07 45.34 38.83 16.45 40.4 
56.71 14.68 13.93 29.01 24.66 5.98 10.31 33.53 25.09 19.89 46.29 9.97 18.19 9.6 20.23 15.67 17.09 13.84 27.61 29.14 17.6 11.09 11.72 27.62 18.22 20.7 44.95 0 4.94 15.99 5.06 32.27 12.38 25.94 10.87 26.77 5.25 13.8 12.45 9.73 26.89 31.4 15.08 10.54 32.6 13.51 45.83 15.92 29.92 6.93 39.51 14.93 4.61 7 35.03 17.75 
58.51 10.98 15.83 28.95 24.11 8.88 12.47 34.97 26.79 19.4 48.34 12.92 17.88 4.66 23.45 12.86 12.82 15.16 28.78 29.29 15.37 8.87 13.69 29.19 14.68 23.65 46.43 4.94 0 15.56 8.42 33.03 14.09 25.51 8.51 26.51 9.98 15.26 7.69 8.08 30.17 33.83 15.4 13.65 32.41 8.57 48.93 15.56 32.36 10.63 42.17 10.03 9.45 10.9 34.98 14.37 
72.65 10.91 7.38 13.39 8.69 11.41 8.44 20.59 13.51 13.46 34.62 15.97 12 13.43 15.67 7.8 14.08 5.55 14.29 13.76 6.12 17.27 7.67 15.39 11.18 14.79 31.81 15.99 15.56 0 12.45 17.85 6.84 10.03 18.14 10.97 16 6 15.39 7.62 21.14 21.63 11.39 15.31 16.87 15.28 37.73 10.87 20.32 12.75 30.01 20.3 18.75 13.3 19.43 10.41 
60.47 14.68 9.02 24.78 20.83 9.79 5.42 28.59 20.12 16.17 41.23 5.58 14.42 11.45 15.29 14.48 17.73 9.2 22.78 24.78 15.6 7.51 6.84 22.67 17.7 15.69 39.98 5.06 8.42 12.45 0 27.58 7.6 22 5.81 22.71 10.31 9.08 14.44 8.31 22 26.34 11.01 5.49 28.4 10.33 40.9 12.33 24.86 10.12 34.47 18.04 6.33 10.59 30.72 17.08 
87.24 27.97 18.63 6.33 11.17 26.51 22.17 4.99 8.83 14.55 18.22 32.51 15.61 29.97 18.23 24.46 30.57 18.44 5.17 5.17 21.59 34.14 20.75 6.69 26.75 16.64 14.27 32.27 33.03 17.85 27.58 0 19.98 9.85 33.23 8.61 30.16 18.51 33.07 25.4 17.68 11.65 17.63 32.02 6.3 30.12 25.13 17.77 11.55 26.64 17.06 37.96 33.52 26.98 6.04 26.13 
67.82 14.71 9.48 17.4 13.96 6.53 10.9 21.18 12.8 9.71 34.28 12.7 8.03 10.26 10.56 12.72 18.14 11.94 15.23 17.29 12.25 14.47 9.99 15.29 16.38 10.24 32.62 12.38 14.09 6.84 7.6 19.98 0 14.95 13.32 15.51 10.47 12.38 17.24 8.61 16.98 19.78 4.55 12.31 21.02 10.21 35.21 6.62 18.31 6.92 28.17 21.84 13.7 7.37 23.25 15.61 
82.45 18.69 14.36 15.64 10.88 20.91 17.11 14.17 11.22 6.13 28.03 25.96 7.76 23.41 18.81 15.15 21 13.23 9.12 4.75 12.14 27.3 15.88 11.36 17.07 17.33 24.03 25.94 25.51 10.03 22 9.85 14.95 0 27.8 12.84 25.28 13.53 24.14 17.46 21.6 18.48 10.99 25.32 6.94 24.8 33.9 10.06 17.66 21.8 25.76 28.91 28.32 22.28 9.59 16.5 
54.65 18.2 14.6 30.59 26.62 6.91 11.09 33.96 25.46 21.92 46.1 4.41 20.18 5.64 19.35 18.91 20.71 14.97 28.34 30.57 20.57 5.59 12.5 28.04 21.66 20.09 45.24 10.87 8.51 18.14 5.81 33.23 13.32 27.8 0 28.52 10.48 14.82 16.1 12.77 25.8 31.05 16.81 5.14 34.21 9.16 44.73 18.03 29.58 6.66 38.86 18.36 9.77 6.41 36.52 21.15 
83.17 19.9 14.78 14.54 11.89 21.61 17.7 13 10.6 7.11 26.81 26.83 8.66 24.26 18.63 16.36 22.25 13.78 8.19 13.78 13.37 28.2 16.42 10.5 18.33 17.11 22.78 26.77 26.51 10.97 22.71 8.61 15.51 12.84 28.52 0 25.91 14.05 25.31 18.48 21.04 17.57 11.74 26.2 5.9 25.49 32.84 10.98 16.81 22.4 24.69 30.1 29.01 22.87 8.5 17.75 
57.35 18.02 11.57 27.86 24.18 4.63 8.24 30.7 22.21 19.61 42.71 6.07 17.85 5.78 15.95 18.08 20.9 12.17 25.2 27.75 19.29 7.82 9.59 24.79 21.2 16.69 41.93 5.25 9.98 16 10.31 30.16 10.47 25.28 10.48 25.91 0 11.96 17.01 11.87 22.43 27.65 14.37 6.47 31.48 10.12 41.37 15.85 26.19 11.75 35.46 20 9.86 12.02 33.7 20.6 
69.31 14.91 12.9 15.91 12.58 8 12.37 19.83 11.53 8.47 33.08 14.08 6.85 11.6 10.32 12.61 18.33 11.08 13.82 15.8 11.78 15.81 13.22 13.98 16.26 9.78 31.29 13.8 15.26 6 9.08 18.51 12.38 13.53 14.82 14.05 11.96 0 17.89 9.19 16.48 18.76 13.75 13.66 19.53 11.71 34.39 5.76 17.31 8.41 27.2 22.59 15.19 8.85 21.75 15.47 
64 5.78 18.94 27.92 22.66 14.42 16.47 35.99 28.59 18.54 49.97 11.69 17.51 11.24 27.69 9.13 5.82 17.61 29.68 28.57 12.19 10.98 17.25 30.67 9.03 27.48 47.17 12.45 7.69 15.39 14.44 33.07 17.24 24.14 16.1 25.31 17.01 17.89 0 8.71 34.22 36.42 16.42 10.97 30.99 15.57 52.26 15.52 35.02 16.58 44.88 4.91 17.05 17.01 33.68 9.07 
66.16 6.65 10.26 20.97 16.05 7.71 8.18 27.81 20.07 11.37 41.61 9.44 9.93 7.22 19.15 6.22 9.97 8.91 21.51 21.38 7.87 10.3 8.72 22.27 9.41 18.84 39.17 9.73 8.08 7.62 8.31 25.4 8.61 17.46 12.77 18.48 11.87 9.19 8.71 0 25.57 27.77 7.99 8.65 24.38 10.67 43.55 7.66 26.35 9.87 36.23 13.46 13.6 10.42 26.98 8.77 
74.89 31.34 15.31 20.77 21.83 21.34 17.94 14.5 10.46 20.96 21.71 27.52 20.37 25.67 6.72 28.75 34.73 16.83 13.63 19.69 27.22 29.46 16.99 11.35 32.28 6.74 22.89 26.89 30.17 21.14 22 17.68 16.98 21.6 25.8 21.04 22.43 16.48 34.22 25.57 0 7.64 19 27.48 23.07 23.23 18.96 20.9 6.77 19.96 13.46 38.75 25.58 19.91 23.63 31.49 
82.08 32.51 18.02 16.42 19.2 25.48 21.4 7.44 8.2 20.06 15.09 31.9 20.12 29.7 12.01 29.4 35.7 18.96 9.38 15.17 27.22 33.8 20.14 7.14 32.58 11 15.39 31.4 33.83 21.63 26.34 11.65 19.78 18.48 31.05 17.57 27.65 18.76 36.42 27.77 7.64 0 20.08 31.69 17.77 28.16 16.13 21.44 13.46 24.63 8.47 41.23 31 24.73 17.65 31.83 
71.46 12.53 4.93 13.94 9.83 9.92 6.4 19.83 12.17 5.28 33.64 15.18 12.58 12.61 13.33 9.75 15.84 13.36 13.54 14.09 8.45 16.67 5.43 14.3 13.29 12.52 31.21 15.08 15.4 11.39 11.01 17.63 4.55 10.99 16.81 11.74 14.37 13.75 16.42 7.99 19 20.08 0 14.6 17.53 13.82 36.09 11.17 18.72 10.96 28.54 21.29 17.34 11.48 19.96 12.5 
57.57 13.29 13.95 28.51 24 6.23 10.37 33.49 25.11 19.22 46.47 9.55 17.56 9.43 20.78 14.43 15.63 13.66 27.47 28.69 16.49 10.73 11.73 27.6 16.86 21.15 44.94 10.54 13.65 15.31 5.49 32.02 12.31 25.32 5.14 26.2 6.47 13.66 10.97 8.65 27.48 31.69 14.6 0 32.06 5.09 46.38 15.26 30.21 7.58 39.89 13.56 6.09 7.75 34.54 16.42 
88.82 25.45 20.09 12.64 8.4 27.3 23.24 11.27 13.04 13.01 23.49 32.68 14.56 30.11 22.25 21.93 27.54 19.31 9.47 11.47 18.88 34.08 21.9 11.72 23.51 20.64 18.64 32.6 32.41 16.87 28.4 6.3 21.02 6.94 34.21 5.9 31.48 19.53 30.99 24.38 23.07 17.77 17.53 32.06 0 31.15 31.31 16.88 17.48 27.93 23.3 35.72 34.66 28.37 12.34 23.01 
57.69 16.69 11.48 27.52 23.65 8.67 7.98 30.89 22.39 19 43.18 4.75 17.25 4.34 16.65 16.89 19.52 11.87 25.23 27.48 18.23 6.58 9.39 24.96 19.93 17.28 42.2 13.51 8.57 15.28 10.33 30.12 10.21 24.8 9.16 25.49 10.12 11.71 15.57 10.67 23.23 28.16 13.82 5.09 31.15 0 42.19 15.16 26.69 10.32 36.1 18.59 10.11 10.59 33.43 19.35 
90.88 48.58 33.46 31.14 34.83 40.19 36.51 20.16 24.33 36.15 11.72 46.45 36.25 44.52 25.61 45.52 51.8 34.65 24.92 29.86 43.34 48.39 35.41 22.97 48.7 25.29 17.37 45.83 48.93 37.73 40.9 25.13 35.21 33.9 44.73 32.84 41.37 34.39 52.26 43.55 18.96 16.13 36.09 46.38 31.31 42.19 0 37.53 17.41 38.9 8.15 56.99 44.46 38.87 30.12 47.96 
72.57 11.09 7.14 13.39 8.74 11.28 8.24 20.47 13.33 13.4 34.48 15.92 11.77 13.37 15.43 8.01 14.27 5.32 14.16 13.74 6.36 17.23 7.46 15.24 11.41 14.55 31.7 15.92 15.56 10.87 12.33 17.77 6.62 10.06 18.03 10.98 15.85 5.76 15.52 7.66 20.9 21.44 11.17 15.26 16.88 15.16 37.53 0 20.12 12.59 29.83 20.43 18.63 13.14 19.43 10.63 
80.8 31.18 16.56 15.85 18.3 24 19.92 7.81 7.01 18.9 16.54 30.42 18.88 28.22 10.61 28.11 34.39 17.52 8.65 14.63 25.98 32.32 18.66 6.32 31.33 9.56 16.61 29.92 32.36 20.32 24.86 11.55 18.31 17.66 29.58 16.81 26.19 17.31 35.02 26.35 6.77 13.46 18.72 30.21 17.48 26.69 17.41 20.12 0 23.15 9.89 39.81 29.54 23.26 17.59 30.57 
60.91 16.43 8.02 24.31 20.73 9.07 4.7 27.31 18.81 16.23 39.61 7.56 14.48 5.97 13.3 15.87 19.59 8.63 21.7 24.2 16.64 9.5 6.03 21.39 19.25 13.81 38.61 6.93 10.63 12.75 10.12 26.64 6.92 21.8 6.66 22.4 11.75 8.41 16.58 9.87 19.96 24.63 10.96 7.58 27.93 10.32 38.9 12.59 23.15 0 32.64 20.26 6.89 9.88 30.15 18.58 
87.99 40.91 26.41 23 26.7 33.66 29.7 12.07 16.51 28.19 8.87 40.06 28.41 37.94 19.51 37.75 44.07 27.41 16.81 21.72 35.46 41.97 28.48 14.95 40.84 18.83 12.34 39.51 42.17 30.01 34.47 17.06 28.17 25.76 38.86 24.69 35.46 27.2 44.88 36.23 13.46 8.47 28.54 39.89 23.3 36.1 8.15 29.83 9.89 32.64 0 49.7 38.72 32.69 22.3 40.1 
61.81 10.28 23.57 32.71 27.43 18.24 20.85 40.9 33.46 23.41 54.87 14.1 22.41 14.45 32.14 13.79 9 22.34 34.59 33.4 16.84 12.8 21.76 35.56 12.93 32.03 52.07 14.93 10.03 20.3 18.04 37.96 21.84 28.91 18.36 30.1 20 22.59 4.91 13.46 38.75 41.23 21.29 13.56 35.72 18.59 56.99 20.43 39.81 20.26 49.7 0 19.27 20.61 38.41 13.18 
54.17 19.11 14.9 31.04 27.16 7.42 11.46 34.11 25.63 22.5 46.08 5.36 20.75 6.53 19.21 19.76 21.65 15.37 28.58 30.98 21.36 6.48 12.85 28.21 22.56 20.02 45.34 4.61 9.45 18.75 6.33 33.52 13.7 28.32 9.77 29.01 9.86 15.19 17.05 13.6 25.58 31 17.34 6.09 34.66 10.11 44.46 18.63 29.54 6.89 38.72 19.27 0 6.57 36.93 22.04 
60.49 16.97 8.39 24.76 21.23 9.54 5.17 27.56 19.07 16.75 39.75 7.67 15.01 6.25 13.28 16.44 20.11 9.09 22.02 24.62 17.23 9.6 6.47 21.65 19.81 13.86 38.83 7 10.9 13.3 10.59 26.98 7.37 22.28 6.41 22.87 12.02 8.85 17.01 10.42 19.91 24.73 11.48 7.75 28.37 10.59 38.87 13.14 23.26 9.88 32.69 20.61 6.57 0 30.56 19.15 
91.05 28.15 22.21 6.04 11.06 29.62 25.48 10.58 14.13 15.61 21.61 35.13 17.11 32.56 23.54 24.63 30.23 21.56 10.4 5.95 21.57 36.58 24.11 12.4 26.19 21.93 16.45 35.03 34.98 19.43 30.72 6.04 23.25 9.59 36.52 8.5 33.7 21.75 33.68 26.98 23.63 17.65 19.96 34.54 12.34 33.43 30.12 19.43 17.59 30.15 22.3 38.41 36.93 30.56 0 25.69 
72.58 11.24 16.85 20.33 15.07 16.46 16.07 29.8 23.63 12 43.94 17.25 11.71 15.51 25.74 10.86 4.54 15.05 23.71 21.2 4.67 17.47 16.1 25.22 10.05 25.01 40.4 17.75 14.37 10.41 17.08 26.13 15.61 16.5 21.15 17.75 20.6 15.47 9.07 8.77 31.49 31.83 12.5 16.42 23.01 19.35 47.96 10.63 30.57 18.58 40.1 13.18 22.04 19.15 25.69 0 
0	5000
0	117
0	137
0	156
0	164
0	208
0	216
0	288
0	312
0	342
0	400
0	482
0	532
0	583
0	625
0	665
0	675
0	701
0	720
0	729
0	751
0	777
0	800
0	824
0	880
0	928
0	970
0	1031
0	1037
0	1055
0	1068
0	1099
0	1120
0	1135
0	1163
0	1191
0	1217
0	1229
0	1247
0	1256
0	1281
0	1289
0	1309
0	1324
0	1356
0	1387
0	1429
0	1466
0	1487
0	1510
0	1542
0	1592
0	1611
0	1618
0	1648
0	1674
C:
0 3 3 3 3 3 3 3 3 3 3 3 3 3 3 3 3 3 3 3 3 3 3 3 3 3 3 3 3 3 3 3 3 3 3 3 3 3 3 3 3 3 3 3 3 3 3 3 3 3 3 3 3 3 3 3 3 
1 0 1 1 1 1 1 1 1 1 1 1 1 1 1 1 1 1 1 1 1 1 1 1 1 1 1 1 1 1 1 1 1 1 1 1 1 1 1 1 1 1 1 1 1 1 1 1 1 1 1 1 1 1 1 1 1 
1 1 0 1 1 1 1 1 1 1 1 1 1 1 1 1 1 1 1 1 1 1 1 1 1 1 1 1 1 1 1 1 1 1 1 1 1 1 1 1 1 1 1 1 1 1 1 1 1 1 1 1 1 1 1 1 1 
1 1 1 0 1 1 1 1 1 1 1 1 1 1 1 1 1 1 1 1 1 1 1 1 1 1 1 1 1 1 1 1 1 1 1 1 1 1 1 1 1 1 1 1 1 1 1 1 1 1 1 1 1 1 1 1 1 
1 1 1 1 0 1 1 1 1 1 1 1 1 1 1 1 1 1 1 1 1 1 1 1 1 1 1 1 1 1 1 1 1 1 1 1 1 1 1 1 1 1 1 1 1 1 1 1 1 1 1 1 1 1 1 1 1 
1 1 1 1 1 0 1 1 1 1 1 1 1 1 1 1 1 1 1 1 1 1 1 1 1 1 1 1 1 1 1 1 1 1 1 1 1 1 1 1 1 1 1 1 1 1 1 1 1 1 1 1 1 1 1 1 1 
1 1 1 1 1 1 0 1 1 1 1 1 1 1 1 1 1 1 1 1 1 1 1 1 1 1 1 1 1 1 1 1 1 1 1 1 1 1 1 1 1 1 1 1 1 1 1 1 1 1 1 1 1 1 1 1 1 
2 2 2 2 2 2 2 0 2 2 2 2 2 2 2 2 2 2 2 2 2 2 2 2 2 2 2 2 2 2 2 2 2 2 2 2 2 2 2 2 2 2 2 2 2 2 2 2 2 2 2 2 2 2 2 2 2 
1 1 1 1 1 1 1 1 0 1 1 1 1 1 1 1 1 1 1 1 1 1 1 1 1 1 1 1 1 1 1 1 1 1 1 1 1 1 1 1 1 1 1 1 1 1 1 1 1 1 1 1 1 1 1 1 1 
1 1 1 1 1 1 1 1 1 0 1 1 1 1 1 1 1 1 1 1 1 1 1 1 1 1 1 1 1 1 1 1 1 1 1 1 1 1 1 1 1 1 1 1 1 1 1 1 1 1 1 1 1 1 1 1 1 
3 3 3 3 3 3 3 3 3 3 0 3 3 3 3 3 3 3 3 3 3 3 3 3 3 3 3 3 3 3 3 3 3 3 3 3 3 3 3 3 3 3 3 3 3 3 3 3 3 3 3 3 3 3 3 3 3 
1 1 1 1 1 1 1 1 1 1 1 0 1 1 1 1 1 1 1 1 1 1 1 1 1 1 1 1 1 1 1 1 1 1 1 1 1 1 1 1 1 1 1 1 1 1 1 1 1 1 1 1 1 1 1 1 1 
1 1 1 1 1 1 1 1 1 1 1 1 0 1 1 1 1 1 1 1 1 1 1 1 1 1 1 1 1 1 1 1 1 1 1 1 1 1 1 1 1 1 1 1 1 1 1 1 1 1 1 1 1 1 1 1 1 
1 1 1 1 1 1 1 1 1 1 1 1 1 0 1 1 1 1 1 1 1 1 1 1 1 1 1 1 1 1 1 1 1 1 1 1 1 1 1 1 1 1 1 1 1 1 1 1 1 1 1 1 1 1 1 1 1 
1 1 1 1 1 1 1 1 1 1 1 1 1 1 0 1 1 1 1 1 1 1 1 1 1 1 1 1 1 1 1 1 1 1 1 1 1 1 1 1 1 1 1 1 1 1 1 1 1 1 1 1 1 1 1 1 1 
1 1 1 1 1 1 1 1 1 1 1 1 1 1 1 0 1 1 1 1 1 1 1 1 1 1 1 1 1 1 1 1 1 1 1 1 1 1 1 1 1 1 1 1 1 1 1 1 1 1 1 1 1 1 1 1 1 
2 2 2 2 2 2 2 2 2 2 2 2 2 2 2 2 0 2 2 2 2 2 2 2 2 2 2 2 2 2 2 2 2 2 2 2 2 2 2 2 2 2 2 2 2 2 2 2 2 2 2 2 2 2 2 2 2 
1 1 1 1 1 1 1 1 1 1 1 1 1 1 1 1 1 0 1 1 1 1 1 1 1 1 1 1 1 1 1 1 1 1 1 1 1 1 1 1 1 1 1 1 1 1 1 1 1 1 1 1 1 1 1 1 1 
1 1 1 1 1 1 1 1 1 1 1 1 1 1 1 1 1 1 0 1 1 1 1 1 1 1 1 1 1 1 1 1 1 1 1 1 1 1 1 1 1 1 1 1 1 1 1 1 1 1 1 1 1 1 1 1 1 
1 1 1 1 1 1 1 1 1 1 1 1 1 1 1 1 1 1 1 0 1 1 1 1 1 1 1 1 1 1 1 1 1 1 1 1 1 1 1 1 1 1 1 1 1 1 1 1 1 1 1 1 1 1 1 1 1 
1 1 1 1 1 1 1 1 1 1 1 1 1 1 1 1 1 1 1 1 0 1 1 1 1 1 1 1 1 1 1 1 1 1 1 1 1 1 1 1 1 1 1 1 1 1 1 1 1 1 1 1 1 1 1 1 1 
2 2 2 2 2 2 2 2 2 2 2 2 2 2 2 2 2 2 2 2 2 0 2 2 2 2 2 2 2 2 2 2 2 2 2 2 2 2 2 2 2 2 2 2 2 2 2 2 2 2 2 2 2 2 2 2 2 
1 1 1 1 1 1 1 1 1 1 1 1 1 1 1 1 1 1 1 1 1 1 0 1 1 1 1 1 1 1 1 1 1 1 1 1 1 1 1 1 1 1 1 1 1 1 1 1 1 1 1 1 1 1 1 1 1 
1 1 1 1 1 1 1 1 1 1 1 1 1 1 1 1 1 1 1 1 1 1 1 0 1 1 1 1 1 1 1 1 1 1 1 1 1 1 1 1 1 1 1 1 1 1 1 1 1 1 1 1 1 1 1 1 1 
1 1 1 1 1 1 1 1 1 1 1 1 1 1 1 1 1 1 1 1 1 1 1 1 0 1 1 1 1 1 1 1 1 1 1 1 1 1 1 1 1 1 1 1 1 1 1 1 1 1 1 1 1 1 1 1 1 
1 1 1 1 1 1 1 1 1 1 1 1 1 1 1 1 1 1 1 1 1 1 1 1 1 0 1 1 1 1 1 1 1 1 1 1 1 1 1 1 1 1 1 1 1 1 1 1 1 1 1 1 1 1 1 1 1 
3 3 3 3 3 3 3 3 3 3 3 3 3 3 3 3 3 3 3 3 3 3 3 3 3 3 0 3 3 3 3 3 3 3 3 3 3 3 3 3 3 3 3 3 3 3 3 3 3 3 3 3 3 3 3 3 3 
1 1 1 1 1 1 1 1 1 1 1 1 1 1 1 1 1 1 1 1 1 1 1 1 1 1 1 0 1 1 1 1 1 1 1 1 1 1 1 1 1 1 1 1 1 1 1 1 1 1 1 1 1 1 1 1 1 
2 2 2 2 2 2 2 2 2 2 2 2 2 2 2 2 2 2 2 2 2 2 2 2 2 2 2 2 0 2 2 2 2 2 2 2 2 2 2 2 2 2 2 2 2 2 2 2 2 2 2 2 2 2 2 2 2 
1 1 1 1 1 1 1 1 1 1 1 1 1 1 1 1 1 1 1 1 1 1 1 1 1 1 1 1 1 0 1 1 1 1 1 1 1 1 1 1 1 1 1 1 1 1 1 1 1 1 1 1 1 1 1 1 1 
1 1 1 1 1 1 1 1 1 1 1 1 1 1 1 1 1 1 1 1 1 1 1 1 1 1 1 1 1 1 0 1 1 1 1 1 1 1 1 1 1 1 1 1 1 1 1 1 1 1 1 1 1 1 1 1 1 
2 2 2 2 2 2 2 2 2 2 2 2 2 2 2 2 2 2 2 2 2 2 2 2 2 2 2 2 2 2 2 0 2 2 2 2 2 2 2 2 2 2 2 2 2 2 2 2 2 2 2 2 2 2 2 2 2 
1 1 1 1 1 1 1 1 1 1 1 1 1 1 1 1 1 1 1 1 1 1 1 1 1 1 1 1 1 1 1 1 0 1 1 1 1 1 1 1 1 1 1 1 1 1 1 1 1 1 1 1 1 1 1 1 1 
1 1 1 1 1 1 1 1 1 1 1 1 1 1 1 1 1 1 1 1 1 1 1 1 1 1 1 1 1 1 1 1 1 0 1 1 1 1 1 1 1 1 1 1 1 1 1 1 1 1 1 1 1 1 1 1 1 
2 2 2 2 2 2 2 2 2 2 2 2 2 2 2 2 2 2 2 2 2 2 2 2 2 2 2 2 2 2 2 2 2 2 0 2 2 2 2 2 2 2 2 2 2 2 2 2 2 2 2 2 2 2 2 2 2 
1 1 1 1 1 1 1 1 1 1 1 1 1 1 1 1 1 1 1 1 1 1 1 1 1 1 1 1 1 1 1 1 1 1 1 0 1 1 1 1 1 1 1 1 1 1 1 1 1 1 1 1 1 1 1 1 1 
1 1 1 1 1 1 1 1 1 1 1 1 1 1 1 1 1 1 1 1 1 1 1 1 1 1 1 1 1 1 1 1 1 1 1 1 0 1 1 1 1 1 1 1 1 1 1 1 1 1 1 1 1 1 1 1 1 
1 1 1 1 1 1 1 1 1 1 1 1 1 1 1 1 1 1 1 1 1 1 1 1 1 1 1 1 1 1 1 1 1 1 1 1 1 0 1 1 1 1 1 1 1 1 1 1 1 1 1 1 1 1 1 1 1 
2 2 2 2 2 2 2 2 2 2 2 2 2 2 2 2 2 2 2 2 2 2 2 2 2 2 2 2 2 2 2 2 2 2 2 2 2 2 0 2 2 2 2 2 2 2 2 2 2 2 2 2 2 2 2 2 2 
1 1 1 1 1 1 1 1 1 1 1 1 1 1 1 1 1 1 1 1 1 1 1 1 1 1 1 1 1 1 1 1 1 1 1 1 1 1 1 0 1 1 1 1 1 1 1 1 1 1 1 1 1 1 1 1 1 
2 2 2 2 2 2 2 2 2 2 2 2 2 2 2 2 2 2 2 2 2 2 2 2 2 2 2 2 2 2 2 2 2 2 2 2 2 2 2 2 0 2 2 2 2 2 2 2 2 2 2 2 2 2 2 2 2 
2 2 2 2 2 2 2 2 2 2 2 2 2 2 2 2 2 2 2 2 2 2 2 2 2 2 2 2 2 2 2 2 2 2 2 2 2 2 2 2 2 0 2 2 2 2 2 2 2 2 2 2 2 2 2 2 2 
1 1 1 1 1 1 1 1 1 1 1 1 1 1 1 1 1 1 1 1 1 1 1 1 1 1 1 1 1 1 1 1 1 1 1 1 1 1 1 1 1 1 0 1 1 1 1 1 1 1 1 1 1 1 1 1 1 
1 1 1 1 1 1 1 1 1 1 1 1 1 1 1 1 1 1 1 1 1 1 1 1 1 1 1 1 1 1 1 1 1 1 1 1 1 1 1 1 1 1 1 0 1 1 1 1 1 1 1 1 1 1 1 1 1 
2 2 2 2 2 2 2 2 2 2 2 2 2 2 2 2 2 2 2 2 2 2 2 2 2 2 2 2 2 2 2 2 2 2 2 2 2 2 2 2 2 2 2 2 0 2 2 2 2 2 2 2 2 2 2 2 2 
1 1 1 1 1 1 1 1 1 1 1 1 1 1 1 1 1 1 1 1 1 1 1 1 1 1 1 1 1 1 1 1 1 1 1 1 1 1 1 1 1 1 1 1 1 0 1 1 1 1 1 1 1 1 1 1 1 
3 3 3 3 3 3 3 3 3 3 3 3 3 3 3 3 3 3 3 3 3 3 3 3 3 3 3 3 3 3 3 3 3 3 3 3 3 3 3 3 3 3 3 3 3 3 0 3 3 3 3 3 3 3 3 3 3 
1 1 1 1 1 1 1 1 1 1 1 1 1 1 1 1 1 1 1 1 1 1 1 1 1 1 1 1 1 1 1 1 1 1 1 1 1 1 1 1 1 1 1 1 1 1 1 0 1 1 1 1 1 1 1 1 1 
2 2 2 2 2 2 2 2 2 2 2 2 2 2 2 2 2 2 2 2 2 2 2 2 2 2 2 2 2 2 2 2 2 2 2 2 2 2 2 2 2 2 2 2 2 2 2 2 0 2 2 2 2 2 2 2 2 
1 1 1 1 1 1 1 1 1 1 1 1 1 1 1 1 1 1 1 1 1 1 1 1 1 1 1 1 1 1 1 1 1 1 1 1 1 1 1 1 1 1 1 1 1 1 1 1 1 0 1 1 1 1 1 1 1 
3 3 3 3 3 3 3 3 3 3 3 3 3 3 3 3 3 3 3 3 3 3 3 3 3 3 3 3 3 3 3 3 3 3 3 3 3 3 3 3 3 3 3 3 3 3 3 3 3 3 0 3 3 3 3 3 3 
2 2 2 2 2 2 2 2 2 2 2 2 2 2 2 2 2 2 2 2 2 2 2 2 2 2 2 2 2 2 2 2 2 2 2 2 2 2 2 2 2 2 2 2 2 2 2 2 2 2 2 0 2 2 2 2 2 
2 2 2 2 2 2 2 2 2 2 2 2 2 2 2 2 2 2 2 2 2 2 2 2 2 2 2 2 2 2 2 2 2 2 2 2 2 2 2 2 2 2 2 2 2 2 2 2 2 2 2 2 0 2 2 2 2 
1 1 1 1 1 1 1 1 1 1 1 1 1 1 1 1 1 1 1 1 1 1 1 1 1 1 1 1 1 1 1 1 1 1 1 1 1 1 1 1 1 1 1 1 1 1 1 1 1 1 1 1 1 0 1 1 1 
2 2 2 2 2 2 2 2 2 2 2 2 2 2 2 2 2 2 2 2 2 2 2 2 2 2 2 2 2 2 2 2 2 2 2 2 2 2 2 2 2 2 2 2 2 2 2 2 2 2 2 2 2 2 0 2 2 
1 1 1 1 1 1 1 1 1 1 1 1 1 1 1 1 1 1 1 1 1 1 1 1 1 1 1 1 1 1 1 1 1 1 1 1 1 1 1 1 1 1 1 1 1 1 1 1 1 1 1 1 1 1 1 0 1 
3 3 3 3 3 3 3 3 3 3 3 3 3 3 3 3 3 3 3 3 3 3 3 3 3 3 3 3 3 3 3 3 3 3 3 3 3 3 3 3 3 3 3 3 3 3 3 3 3 3 3 3 3 3 3 3 0 
Time:
0	15
15	30
30	45
45	60
60	75
75	90
90	105
105	120
120	135
135	150
150	165
165	180
180	195
195	210
210	225
225	240
240	255
255	270
270	285
285	300
300	315
315	330
330	345
345	360
360	375
375	390
390	405
405	420
420	435
435	450
450	465
465	480
480	495
495	510
510	525
525	540
540	555
555	570
570	585
585	600
600	615
615	630
630	645
645	660
660	675
675	690
690	705
705	720
720	735
735	750
750	765
765	780
780	795
795	810
810	825
825	840
840	855
855	870
870	885
885	900
900	915
915	930
930	945
945	960
960	975
975	990
990	1005
1005	1020
1020	1035
1035	1050
1050	1065
1065	1080
1080	5000
Speed:
0.925	0.85	0.925	1	0.8325	0.765	0.8325	0.9	0.4625	0.425	0.4625	0.5	0.30525	0.2805	0.30525	0.33	0.37	0.34	0.37	0.4	0.555	0.51	0.555	0.6	0.6475	0.595	0.6475	0.7	0.37	0.34	0.37	0.4	0.30525	0.2805	0.30525	0.33	0.4625	0.425	0.4625	0.5	0.6475	0.595	0.6475	0.7	0.74	0.68	0.74	0.8	0.6475	0.595	0.6475	0.7	0.4625	0.425	0.4625	0.5	0.555	0.51	0.555	0.6	0.6475	0.595	0.6475	0.7	0.8325	0.765	0.8325	0.9	0.925	0.85	0.925	1	1	
0.925	0.85	0.925	1	0.8325	0.765	0.8325	0.9	0.4625	0.425	0.4625	0.5	0.30525	0.2805	0.30525	0.33	0.37	0.34	0.37	0.4	0.555	0.51	0.555	0.6	0.6475	0.595	0.6475	0.7	0.37	0.34	0.37	0.4	0.30525	0.2805	0.30525	0.33	0.4625	0.425	0.4625	0.5	0.6475	0.595	0.6475	0.7	0.74	0.68	0.74	0.8	0.6475	0.595	0.6475	0.7	0.4625	0.425	0.4625	0.5	0.555	0.51	0.555	0.6	0.6475	0.595	0.6475	0.7	0.8325	0.765	0.8325	0.9	0.925	0.85	0.925	1	1	
0.925	0.85	0.925	1	0.8325	0.765	0.8325	0.9	0.4625	0.425	0.4625	0.5	0.30525	0.2805	0.30525	0.33	0.37	0.34	0.37	0.4	0.555	0.51	0.555	0.6	0.6475	0.595	0.6475	0.7	0.37	0.34	0.37	0.4	0.30525	0.2805	0.30525	0.33	0.4625	0.425	0.4625	0.5	0.6475	0.595	0.6475	0.7	0.74	0.68	0.74	0.8	0.6475	0.595	0.6475	0.7	0.4625	0.425	0.4625	0.5	0.555	0.51	0.555	0.6	0.6475	0.595	0.6475	0.7	0.8325	0.765	0.8325	0.9	0.925	0.85	0.925	1	1	
