56
0 77.18 78.57 78.91 60.56 72.07 79.27 86.06 74.49 63.9 52.43 81.48 76.53 71.72 66.14 58.2 75.45 85.12 68.46 69.18 69.09 64.91 64.43 67.78 63.95 84.68 64.43 60.84 73.66 73.8 78.09 71.89 62.78 72.68 71.88 75.1 73.34 73.05 60.99 82.87 76.24 55.45 60.6 49.95 79.96 68.49 68.67 45.24 82.6 57.35 69.4 68.97 83.14 57.19 70.38 53.01 
77.18 0 16.13 6.38 22.03 30.5 6.36 12.44 21.38 23.54 31.07 22.32 10.42 20.71 19.01 25.71 21.25 21.21 15 28.85 10.96 27.12 31.1 41.87 31.5 20.33 19.98 29.11 27.05 8.78 22.08 11.09 32.41 29.3 35.09 10.93 26.28 20.93 21.83 18.73 16.91 27.18 33.47 32.25 15.45 36.9 13.76 45.43 22.56 27.73 18.98 15.38 10.08 37.06 8.23 33.5 
78.57 16.13 0 10.07 18.02 16.32 22.31 26.76 6.98 15.51 26.77 6.34 5.89 8.31 12.45 20.68 6.35 7.2 10.5 15.94 12.25 16.79 19.96 28.61 20.5 6.51 14.17 20.42 12.47 8.93 6.16 8.78 21.75 14.97 20.84 12.77 11.88 7.52 17.59 4.51 10.82 23.3 23.58 28.98 11.6 23.58 10.77 39.17 6.83 21.99 9.44 9.82 9.65 27.87 13.46 27.52 
78.91 6.38 10.07 0 20.52 25.49 12.3 16.88 16.08 20.59 29.93 16.09 5.01 16.02 16.2 24.05 15.77 14.83 12.33 24.32 9.96 23.5 27.31 37.39 27.77 13.95 17.57 26.19 21.83 5.56 16.19 8.04 28.84 24.22 30.11 4.54 21.12 15.92 20.22 12.36 11.3 26.05 30.23 31.56 9.19 32.34 11.45 43.86 16.25 25.9 15.08 12.36 4.62 34.17 8.61 31.79 
60.56 22.03 18.02 20.52 0 17.22 27.33 34.28 14.68 5.29 9.42 21.42 16.79 11.79 5.59 11.11 15.56 24.67 8.39 13.96 11.13 9.32 12.66 24.06 12.76 24.17 13.63 8.59 16.32 14.97 18.24 12.52 13.02 16.88 20.42 18.31 15.65 13.16 10.23 22.33 15.69 5.57 13.1 11.24 19.45 20.04 9.08 23.49 22.5 5.74 8.99 8.69 23.9 15.76 13.81 11.49 
72.07 30.5 16.32 25.49 17.22 0 36.85 42.33 9.48 11.93 20.77 13.63 20.51 9.82 14.31 16.81 9.98 18.22 17.05 9.26 21.62 8.34 7.64 12.36 8.12 18.39 14.87 11.76 13 21.76 10.87 19.73 9.34 10.53 4.62 26.47 4.44 9.6 16.86 17.73 14.34 19.31 11.56 23.39 17.91 7.42 18.36 28.12 14.58 16.43 12.22 16.29 25.95 15.51 24.37 19.23 
79.27 6.36 22.31 12.3 27.33 36.85 0 7.23 27.75 29.43 35.94 28.39 16.73 27.04 24.93 30.99 27.6 26.83 20.99 35.13 16.64 33.19 37.19 48.11 37.57 25.96 25.74 34.91 33.41 15.1 28.35 17.31 38.42 35.66 41.44 10.39 32.65 27.29 27.2 24.53 23.23 32.15 39.36 36.82 21.49 43.17 19.7 50.37 28.53 33.07 25.2 21.47 14.97 42.77 13.71 38.67 
86.06 12.44 26.76 16.88 34.28 42.33 7.23 0 32.95 35.98 43.06 32.3 21.82 32.7 31.45 37.96 32.64 29.85 27.43 40.96 23.34 39.51 43.47 54.04 43.88 29.03 32.4 41.54 38.7 21 32.92 23.44 44.82 41.07 46.95 16.5 37.98 32.73 34.12 27.98 28.18 39.23 45.91 44.01 25.59 49.03 26.2 57.48 32.21 40.01 31.27 27.8 17.85 49.49 20.5 45.7 
74.49 21.38 6.98 16.08 14.68 9.48 27.75 32.95 0 10.59 22.08 6.99 11.15 10.64 9.47 16.35 9.33 11.04 10.05 8.98 13.95 10.53 13.23 21.68 13.79 10.83 10.95 14.5 5.75 12.85 10.18 11.25 15.09 8.17 14.08 17.48 5.06 9.98 14.23 9.51 4.86 19.14 17.06 24.54 8.66 16.63 11.08 33.24 8.13 17.16 5.98 9.16 16.53 21.4 16.27 22.12 
63.9 23.54 15.51 20.59 5.29 11.93 29.43 35.98 10.59 0 11.52 17.58 16.07 7.84 4.54 5.81 11.55 21.37 8.56 8.69 12.81 4.34 8.18 19.68 8.43 21.02 11.25 5.62 11.19 15.31 14.19 12.75 9.09 11.6 15.27 19.51 10.58 9.15 4.93 19.37 12.96 8.61 9.93 13.95 17.14 15.27 9.78 23.81 18.7 6.61 6.13 8.31 23.12 13.62 15.77 12.01 
52.43 31.07 26.77 29.93 9.42 20.77 35.94 43.06 22.08 11.52 0 29.08 26.16 19.36 14.49 6.12 23.05 32.88 17.78 17.53 20.37 12.78 13.57 22.46 13.27 32.51 12.82 9.01 21.57 24.38 25.67 21.94 12.57 21.05 22.19 27.53 21.15 20.67 9.74 30.82 24.28 14.99 11.06 12.37 28.32 20.11 18.5 14.43 30.21 4.93 17.34 17.99 33.29 10.84 22.85 10.82 
81.48 22.32 6.34 16.09 21.42 13.63 28.39 32.3 6.99 17.58 29.08 0 12.23 9.78 15.96 23.31 6.03 4.6 15.35 14.58 18.09 17.26 19.39 25.77 19.96 4.79 17.57 21.32 10 15.22 11.49 14.73 21.3 12.31 17.59 19.09 9.78 8.43 20.97 4.61 6.88 26.09 23.42 31.53 6.9 20.99 16 39.91 8.88 24.15 12.45 14.52 14.53 27.75 19.63 29.04 
76.53 10.42 5.89 5.01 16.79 20.51 16.73 21.82 11.15 16.07 26.16 12.23 0 11.01 11.89 20.11 10.91 12.23 8.4 19.32 7.84 18.68 22.41 32.39 22.89 11.38 13.43 21.59 16.89 10.56 11.66 4.65 23.99 19.25 25.14 6.89 16.16 10.93 16.43 9.46 6.5 22.36 25.47 28.02 5.71 27.34 7.91 39.69 12.65 21.81 10.28 8.18 7.15 29.51 8.13 27.67 
71.72 20.71 8.31 16.02 11.79 9.82 27.04 32.7 10.64 7.84 19.36 9.78 11.01 0 6.64 13.54 10.25 13.55 7.8 8.3 12.11 8.48 11.75 21.38 12.27 13.24 8.07 12.21 6.7 11.95 6.48 9.93 13.5 8.7 14.39 16.66 5.89 10.9 11.34 11.7 5.78 16.31 15.27 21.78 10.03 16.34 8.99 31.01 10.9 14.44 12.65 6.94 17.26 19.56 14.7 19.61 
66.14 19.01 12.45 16.2 5.59 14.31 24.93 31.45 9.47 4.54 14.49 15.96 11.89 6.64 0 8.37 10.27 19.08 12.56 11.53 8.36 8.37 12.37 23.7 12.71 18.58 11.54 10.14 12.35 10.82 12.91 8.26 13.5 13.59 18.33 14.97 11.58 7.97 5.15 16.74 10.1 10.88 14.46 16.58 13.92 19.02 5.25 27.8 17.01 9.94 10.67 12.7 19.03 18.14 11.32 15.78 
58.2 25.71 20.68 24.05 11.11 16.81 30.99 37.96 16.35 5.81 6.12 23.31 20.11 13.54 8.37 0 17.3 26.94 11.77 13.45 14.8 8.47 10.88 21.78 10.82 26.54 6.71 6.18 16.75 18.5 19.97 16.01 10.74 16.76 19.3 21.97 16.2 14.88 10.75 24.8 18.22 14.03 10.32 8.32 22.22 18.24 12.6 19.86 24.43 11.05 11.29 11.93 27.25 12.41 17.49 7.82 
75.45 21.25 6.35 15.77 15.56 9.98 27.6 32.64 9.33 11.55 23.05 6.03 10.91 10.25 10.27 17.3 0 10.07 10.57 9.73 14.27 11.48 14.1 22.27 14.67 9.88 11.79 15.46 6.16 12.85 9.78 11.42 15.98 8.64 14.53 17.42 5.54 9.58 15.11 8.6 4.47 20.08 17.97 25.5 7.98 17.24 11.53 34.19 7.16 18.12 6.75 9.68 15.97 22.31 16.48 23.09 
85.12 21.21 7.2 14.83 24.67 18.22 26.83 29.85 11.04 21.37 32.88 4.6 12.23 13.55 19.08 26.94 10.07 0 17.62 19.14 19.38 21.53 23.89 30.29 24.46 9.39 20.77 25.53 14.6 15.62 7.81 15.88 25.8 16.91 22.1 18.63 14.36 12.31 24.22 9.21 9.07 29.67 27.88 35.25 6.58 25.57 17.96 44.25 12.4 27.98 15.73 16.89 12.08 32.22 20.29 33.13 
68.46 15 10.5 12.33 8.39 17.05 20.99 27.43 10.05 8.56 17.78 15.35 8.4 7.8 12.56 11.77 10.57 17.62 0 14.68 4.64 12.2 16.21 27.33 16.57 16.98 5.24 14.16 14.4 6.86 12.87 4.3 17.44 16.12 21.38 10.95 13.59 8.79 8.04 15 8.65 13.96 18.48 19.62 11.65 22.52 10.99 31.53 16.27 13.57 4.84 8.74 15.51 22.16 7.54 19.46 
69.18 28.85 15.94 24.32 13.96 9.26 35.13 40.96 8.98 8.69 17.53 14.58 19.32 8.3 11.53 13.45 9.73 19.14 14.68 0 19.32 4.99 5 13.09 5.56 19.16 11.87 8.54 4.79 20.07 11.38 17.84 6.88 12.7 6.8 24.75 4.82 8.56 13.62 18.17 13.65 15.96 9.1 20.16 17.63 8.06 16.03 25.8 15.65 13.1 10.01 14 25.36 13.33 22.17 16.21 
69.09 10.96 12.25 9.96 11.13 21.62 16.64 23.34 13.95 12.81 20.37 18.09 7.84 12.11 8.36 14.8 14.27 19.38 4.64 19.32 0 16.71 20.72 31.94 21.06 18.61 9.1 18.27 18.8 4.73 16.21 8.94 21.85 20.64 26 7.18 17.99 12.89 10.91 16.6 11.22 16.46 22.72 21.8 12.86 27.15 10.64 34.61 18.83 16.8 9.4 5.34 14.05 26.17 9.42 22.62 
64.91 27.12 16.79 23.5 9.32 8.34 33.19 39.51 10.53 4.34 12.78 17.26 18.68 8.48 8.37 8.47 11.48 21.53 12.2 4.99 16.71 0 9.98 15.4 4.38 21.36 8.09 9.07 8.81 18.56 13.82 16.08 5.34 8.38 11.11 23.02 8.44 9.43 9.03 19.99 14.25 10.98 6.85 15.4 18.51 10.93 13.51 22.72 18.39 8.17 8.43 11.74 25.43 11.09 19.67 11.96 
64.43 31.1 19.96 27.31 12.66 7.64 37.19 43.47 13.23 8.18 13.57 19.39 22.41 11.75 12.37 10.88 14.1 23.89 16.21 5 20.72 9.98 0 11.52 9.53 23.84 12 4.83 9.79 22.48 16.08 20.03 9.4 8.32 8.67 26.99 9.75 12.44 12.45 22.69 17.49 12.89 9.4 16.15 21.68 7.41 17.52 20.8 20.49 9.84 12.26 15.73 28.97 8.37 23.68 11.66 
67.78 41.87 28.61 37.39 24.06 12.36 48.11 54.04 21.68 19.68 22.46 25.77 32.39 21.38 23.7 21.78 22.27 30.29 27.33 13.09 31.94 15.4 11.52 0 11.33 30.55 23.48 15.63 16.22 33.11 23.2 30.8 11.08 13.72 8.2 37.77 16.75 21.53 23.88 30.03 26.51 23.19 11.66 24.62 30.23 5.06 28.67 22.56 26.63 20.26 22.91 26.75 38.21 12.21 34.87 19.29 
63.95 31.5 20.5 27.77 12.76 8.12 37.57 43.88 13.79 8.43 13.27 19.96 22.89 12.27 12.71 10.82 14.67 24.46 16.57 5.56 21.06 4.38 9.53 11.33 0 24.41 12.27 4.7 10.35 22.91 16.65 20.44 9.26 8.84 8.92 27.4 10.31 12.98 12.56 23.26 18.02 12.74 9.26 15.83 22.22 7.42 17.88 20.24 21.06 9.69 12.71 16.12 29.48 7.8 24.02 11.25 
84.68 20.33 6.51 13.95 24.17 18.39 25.96 29.03 10.83 21.02 32.51 4.79 11.38 13.24 18.58 26.54 9.88 9.39 16.98 19.16 18.61 21.36 23.84 30.55 24.41 0 20.28 25.32 14.7 14.79 7.78 15.11 25.74 17.06 22.37 17.75 14.42 12.04 23.73 9.4 8.51 29.24 27.79 34.85 5.77 25.77 17.28 44.07 12.37 27.62 15.28 16.27 11.23 32.13 19.47 32.85 
64.43 19.98 14.17 17.57 13.63 14.87 25.74 32.4 10.95 11.25 12.82 17.57 13.43 8.07 11.54 6.71 11.79 20.77 5.24 11.87 9.1 8.09 12 23.48 12.27 20.28 0 9.17 13.3 12.1 14.46 9.55 12.91 14.29 18.64 16.02 12.57 9.43 13.28 18.45 11.81 9.17 13.64 14.88 15.64 18.98 6.29 26.32 18.64 8.38 5.12 5.27 20.58 17.09 12.03 14.26 
60.84 29.11 20.42 26.19 8.59 11.76 34.91 41.54 14.5 5.62 9.01 21.32 21.59 12.21 10.14 6.18 15.46 25.53 14.16 8.54 18.27 9.07 4.83 15.63 4.7 25.32 9.17 0 12.82 20.93 17.88 18.37 4.57 12.07 13.47 25.1 12.51 13.3 8.49 23.88 17.85 8.05 4.57 11.64 22.12 12.09 15.35 18.8 22.46 5.01 11.41 13.93 28.57 8 21.2 7.86 
73.66 27.05 12.47 21.83 16.32 13 33.41 38.7 5.75 11.19 21.57 10 16.89 6.7 12.35 16.75 6.16 14.6 14.4 4.79 18.8 8.81 9.79 16.22 10.35 14.7 13.3 12.82 0 18.39 7.06 16.55 11.68 13.92 8.37 23.08 9.61 6.15 15.91 13.93 10.58 19.45 13.89 24.18 14.05 11.25 15.64 30.58 11.02 16.85 9.61 13.57 22.12 18.12 21.39 20.66 
73.8 8.78 8.93 5.56 14.97 21.76 15.1 21 12.85 15.31 24.38 15.22 10.56 11.95 10.82 18.5 12.85 15.62 6.86 20.07 4.73 18.56 22.48 33.11 22.91 14.79 12.1 20.93 18.39 0 14.13 9.76 23.89 20.59 26.34 4.71 17.61 12.25 14.67 12.84 8.82 20.49 25.12 26.03 9.05 28.12 5.91 38.34 15.76 20.37 10.26 7 9.35 28.93 4.69 26.27 
78.09 22.08 6.16 16.19 18.24 10.87 28.35 32.92 10.18 14.19 25.67 11.49 11.66 6.48 12.91 19.97 9.78 7.81 12.87 11.38 16.21 13.82 16.08 23.2 16.65 7.78 14.46 17.88 7.06 14.13 0 13.1 17.98 9.51 15.17 18.47 6.69 5.11 17.79 6.88 5.32 22.75 20.07 28.14 7.46 18.29 13.72 36.49 4.59 20.74 9.38 12 15.61 24.4 18.16 25.6 
71.89 11.09 8.78 8.04 12.52 19.73 17.31 23.44 11.25 12.75 21.94 14.73 4.65 9.93 8.26 16.01 11.42 15.88 4.3 17.84 8.94 16.08 20.03 30.8 20.44 15.11 9.55 18.37 16.55 9.76 13.1 0 21.4 18.62 24.26 6.98 15.75 10.43 12.2 13.11 7.93 18.08 22.58 23.66 9.37 25.86 11.27 35.81 15.43 17.85 7.89 4.44 11.48 26.37 5.07 23.74 
62.78 32.41 21.75 28.84 13.02 9.34 38.42 44.82 15.09 9.09 12.57 21.3 23.99 13.5 13.5 10.74 15.98 25.8 17.44 6.88 21.85 5.34 9.4 11.08 9.26 25.74 12.91 4.57 11.68 23.89 17.98 21.4 0 10.11 9.69 28.32 11.66 14.25 12.87 24.57 19.26 12.41 9.13 15.07 23.48 7.67 18.72 18.93 22.4 9.39 13.76 17.03 30.66 6.46 24.81 10.29 
72.68 29.3 14.97 24.22 16.88 10.53 35.66 41.07 8.17 11.6 21.05 12.31 19.25 8.7 13.59 16.76 8.64 16.91 16.12 12.7 20.64 8.38 8.32 13.72 8.84 17.06 14.29 12.07 13.92 20.59 9.51 18.62 10.11 0 5.91 25.3 13.23 8.38 16.5 16.38 13.03 19.35 12.35 23.68 16.56 8.77 17.41 29.01 13.28 16.55 11.27 15.33 24.61 16.43 23.34 19.73 
71.88 35.09 20.84 30.11 20.42 4.62 41.44 46.95 14.08 15.27 22.19 17.59 25.14 14.39 18.33 19.3 14.53 22.1 21.38 6.8 26 11.11 8.67 8.2 8.92 22.37 18.64 13.47 8.37 26.34 15.17 24.26 9.69 5.91 0 31.05 9.02 14.23 20.12 21.93 18.94 21.49 11.61 24.73 22.39 12.04 22.71 27.06 18.44 18.46 16.61 20.66 30.49 14.69 28.8 19.96 
75.1 10.93 12.77 4.54 18.31 26.47 10.39 16.5 17.48 19.51 27.53 19.09 6.89 16.66 14.97 21.97 17.42 18.63 10.95 24.75 7.18 23.02 26.99 37.77 27.4 17.75 16.02 25.1 23.08 4.71 18.47 6.98 28.32 25.3 31.05 0 22.31 16.94 18.08 15.97 13.19 23.63 29.42 28.89 12.39 32.8 9.75 41.79 19.46 23.96 14.87 11.3 9.14 33.08 4.87 29.79 
73.34 26.28 11.88 21.12 15.65 4.44 32.65 37.98 5.06 10.58 21.15 9.78 16.16 5.89 11.58 16.2 5.54 14.36 13.59 4.82 17.99 8.44 9.75 16.75 10.31 14.42 12.57 12.51 9.61 17.61 6.69 15.75 11.66 13.23 9.02 22.31 0 5.37 15.24 13.55 9.91 18.93 13.83 23.76 13.49 11.74 14.83 30.5 10.84 16.38 8.8 12.76 21.51 18.11 20.58 20.36 
73.05 20.93 7.52 15.92 13.16 9.6 27.29 32.73 9.98 9.15 20.67 8.43 10.93 10.9 7.97 14.88 9.58 12.31 8.79 8.56 12.89 9.43 12.44 21.53 12.98 12.04 9.43 13.3 6.15 12.25 5.11 10.43 14.25 8.38 14.23 16.94 5.37 0 12.71 10.58 5.12 17.66 16.12 23.1 9.25 16.47 9.9 32.09 9.56 15.74 4.5 7.91 16.8 20.44 15.35 20.82 
60.99 21.83 17.59 20.22 10.23 16.86 27.2 34.12 14.23 4.93 9.74 20.97 16.43 11.34 5.15 10.75 15.11 24.22 8.04 13.62 10.91 9.03 12.45 23.88 12.56 23.73 13.28 8.49 15.91 14.67 17.79 12.2 12.87 16.5 20.12 18.08 15.24 12.71 0 21.89 15.25 5.93 13.02 11.61 19.02 19.8 8.77 23.74 22.05 5.9 8.54 8.31 23.55 15.79 13.63 11.71 
82.87 18.73 4.51 12.36 22.33 17.73 24.53 27.98 9.51 19.37 30.82 4.61 9.46 11.7 16.74 24.8 8.6 9.21 15 18.17 16.6 19.99 22.69 30.03 23.26 9.4 18.45 23.88 13.93 12.84 6.88 13.11 24.57 16.38 21.93 15.97 13.55 10.58 21.89 0 6.64 27.48 26.56 33.12 10.91 25.15 15.28 42.67 4.26 25.96 13.51 14.31 10.13 30.91 17.51 31.29 
76.24 16.91 10.82 11.3 15.69 14.34 23.23 28.18 4.86 12.96 24.28 6.88 6.5 5.78 10.1 18.22 4.47 9.07 8.65 13.65 11.22 14.25 17.49 26.51 18.02 8.51 11.81 17.85 10.58 8.82 5.32 7.93 19.26 13.03 18.94 13.19 9.91 5.12 15.25 6.64 0 20.87 21.06 26.54 4.27 21.46 9.18 36.6 7.7 19.48 6.94 7.87 11.72 25.33 12.93 24.97 
55.45 27.18 23.3 26.05 5.57 19.31 32.15 39.23 19.14 8.61 14.99 26.09 22.36 16.31 10.88 14.03 20.08 29.67 13.96 15.96 16.46 10.98 12.89 23.19 12.74 29.24 9.17 8.05 19.45 20.49 22.75 18.08 12.41 19.35 21.49 23.63 18.93 17.66 5.93 27.48 20.87 0 11.53 5.71 24.8 20.07 14.63 18.26 27.21 11.31 13.97 14.23 29.47 12.7 18.95 6.67 
60.6 33.47 23.58 30.23 13.1 11.56 39.36 45.91 17.06 9.93 11.06 23.42 25.47 15.27 14.46 10.32 17.97 27.88 18.48 9.1 22.72 6.85 9.4 11.66 9.26 27.79 13.64 4.57 13.89 25.12 20.07 22.58 9.13 12.35 11.61 29.42 13.83 16.12 13.02 26.56 21.06 11.53 0 13.45 25.3 9.08 19.71 16.7 24.52 8.64 15.19 18.16 32.27 4.35 25.67 8.41 
49.95 32.25 28.98 31.56 11.24 23.39 36.82 44.01 24.54 13.95 12.37 31.53 28.02 21.78 16.58 8.32 25.5 35.25 19.62 20.16 21.8 15.4 16.15 24.62 15.83 34.85 14.88 11.64 24.18 26.03 28.14 23.66 15.07 23.68 24.73 28.89 23.76 23.1 11.61 33.12 26.54 5.71 13.45 0 30.49 22.53 20.22 13.84 32.66 7.44 19.61 19.92 35.11 12.69 24.1 5.36 
79.96 15.45 11.6 9.19 19.45 17.91 21.49 25.59 8.66 17.14 28.32 6.9 5.71 10.03 13.92 22.22 7.98 6.58 11.65 17.63 12.86 18.51 21.68 30.23 22.22 5.77 15.64 22.12 14.05 9.05 7.46 9.37 23.48 16.56 22.39 12.39 13.49 9.25 19.02 10.91 4.27 24.8 25.3 30.49 0 25.22 11.77 40.85 7.12 23.58 11.05 11.05 8.16 29.59 13.71 29.16 
68.49 36.9 23.58 32.34 20.04 7.42 43.17 49.03 16.63 15.27 20.11 20.99 27.34 16.34 19.02 18.24 17.24 25.57 22.52 8.06 27.15 10.93 7.41 5.06 7.42 25.77 18.98 12.09 11.25 28.12 18.29 25.86 7.67 8.77 12.04 32.8 11.74 16.47 19.8 25.15 21.46 20.07 9.08 22.53 25.22 0 23.86 23.45 21.91 17.03 17.99 21.89 33.16 11.4 30.05 17.45 
68.67 13.76 10.77 11.45 9.08 18.36 19.7 26.2 11.08 9.78 18.5 16 7.91 8.99 5.25 12.6 11.53 17.96 10.99 16.03 10.64 13.51 17.52 28.67 17.88 17.28 6.29 15.35 15.64 5.91 13.72 11.27 18.72 17.41 22.71 9.75 14.83 9.9 8.77 15.28 9.18 14.63 19.71 20.22 11.77 23.86 0 32.43 16.87 14.47 6.14 11.56 14.9 23.33 6.2 20.36 
45.24 45.43 39.17 43.86 23.49 28.12 50.37 57.48 33.24 23.81 14.43 39.91 39.69 31.01 27.8 19.86 34.19 44.25 31.53 25.8 34.61 22.72 20.8 22.56 20.24 44.07 26.32 18.8 30.58 38.34 36.49 35.81 18.93 29.01 27.06 41.79 30.5 32.09 23.74 42.67 36.6 18.26 16.7 13.84 40.85 23.45 32.43 0 41.04 17.96 29.93 31.58 46.82 12.62 37.19 12.07 
82.6 22.56 6.83 16.25 22.5 14.58 28.53 32.21 8.13 18.7 30.21 8.88 12.65 10.9 17.01 24.43 7.16 12.4 16.27 15.65 18.83 18.39 20.49 26.63 21.06 12.37 18.64 22.46 11.02 15.76 4.59 15.43 22.4 13.28 18.44 19.46 10.84 9.56 22.05 4.26 7.7 27.21 24.52 32.66 7.12 21.91 16.87 41.04 0 25.28 13.52 15.45 14.37 28.85 20.25 30.18 
57.35 27.73 21.99 25.9 5.74 16.43 33.07 40.01 17.16 6.61 4.93 24.15 21.81 14.44 9.94 11.05 18.12 27.98 13.57 13.1 16.8 8.17 9.84 20.26 9.69 27.62 8.38 5.01 16.85 20.37 20.74 17.85 9.39 16.55 18.46 23.96 16.38 15.74 5.9 25.96 19.48 11.31 8.64 7.44 23.58 17.03 14.47 17.96 25.28 0 12.54 13.65 28.96 10.39 19.53 5.89 
69.4 18.98 9.44 15.08 8.99 12.22 25.2 31.27 5.98 6.13 17.34 12.45 10.28 12.65 10.67 11.29 6.75 15.73 4.84 10.01 9.4 8.43 12.26 22.91 12.71 15.28 5.12 11.41 9.61 10.26 9.38 7.89 13.76 11.27 16.61 14.87 8.8 4.5 8.54 13.51 6.94 13.97 15.19 19.61 11.05 17.99 6.14 29.93 13.52 12.54 0 10.39 17.17 19.26 12.19 18.12 
68.97 15.38 9.82 12.36 8.69 16.29 21.47 27.8 9.16 8.31 17.99 14.52 8.18 6.94 12.7 11.93 9.68 16.89 8.74 14 5.34 11.74 15.73 26.75 16.12 16.27 5.27 13.93 13.57 7 12 4.44 17.03 15.33 20.66 11.3 12.76 7.91 8.31 14.31 7.87 14.23 18.16 19.92 11.05 21.89 11.56 31.58 15.45 13.65 10.39 0 15.32 21.93 8.17 19.52 
83.14 10.08 9.65 4.62 23.9 25.95 14.97 17.85 16.53 23.12 33.29 14.53 7.15 17.26 19.03 27.25 15.97 12.08 15.51 25.36 14.05 25.43 28.97 38.21 29.48 11.23 20.58 28.57 22.12 9.35 15.61 11.48 30.66 24.61 30.49 9.14 21.51 16.8 23.55 10.13 11.72 29.47 32.27 35.11 8.16 33.16 14.9 46.82 14.37 28.96 17.17 15.32 0 36.41 13.1 34.81 
57.19 37.06 27.87 34.17 15.76 15.51 42.77 49.49 21.4 13.62 10.84 27.75 29.51 19.56 18.14 12.41 22.31 32.22 22.16 13.33 26.17 11.09 8.37 12.21 7.8 32.13 17.09 8 18.12 28.93 24.4 26.37 6.46 16.43 14.69 33.08 18.11 20.44 15.79 30.91 25.33 12.7 4.35 12.69 29.59 11.4 23.33 12.62 28.85 10.39 19.26 21.93 36.41 0 29.07 7.34 
70.38 8.23 13.46 8.61 13.81 24.37 13.71 20.5 16.27 15.77 22.85 19.63 8.13 14.7 11.32 17.49 16.48 20.29 7.54 22.17 9.42 19.67 23.68 34.87 24.02 19.47 12.03 21.2 21.39 4.69 18.16 5.07 24.81 23.34 28.8 4.87 20.58 15.35 13.63 17.51 12.93 18.95 25.67 24.1 13.71 30.05 6.2 37.19 20.25 19.53 12.19 8.17 13.1 29.07 0 25.27 
53.01 33.5 27.52 31.79 11.49 19.23 38.67 45.7 22.12 12.01 10.82 29.04 27.67 19.61 15.78 7.82 23.09 33.13 19.46 16.21 22.62 11.96 11.66 19.29 11.25 32.85 14.26 7.86 20.66 26.27 25.6 23.74 10.29 19.73 19.96 29.79 20.36 20.82 11.71 31.29 24.97 6.67 8.41 5.36 29.16 17.45 20.36 12.07 30.18 5.89 18.12 19.52 34.81 7.34 25.27 0 
0	5000
0	128
0	147
0	158
0	202
0	247
0	348
0	362
0	418
0	435
0	452
0	525
0	566
0	594
0	609
0	627
0	657
0	674
0	700
0	720
0	747
0	770
0	786
0	804
0	820
0	874
0	912
0	928
0	949
0	979
0	999
0	1015
0	1042
0	1054
0	1060
0	1095
0	1118
0	1123
0	1136
0	1158
0	1165
0	1186
0	1197
0	1211
0	1241
0	1266
0	1290
0	1323
0	1364
0	1389
0	1401
0	1412
0	1427
0	1464
0	1493
0	1518
C:
0 3 3 3 3 3 3 3 3 3 3 3 3 3 3 3 3 3 3 3 3 3 3 3 3 3 3 3 3 3 3 3 3 3 3 3 3 3 3 3 3 3 3 3 3 3 3 3 3 3 3 3 3 3 3 3 3 
2 0 2 2 2 2 2 2 2 2 2 2 2 2 2 2 2 2 2 2 2 2 2 2 2 2 2 2 2 2 2 2 2 2 2 2 2 2 2 2 2 2 2 2 2 2 2 2 2 2 2 2 2 2 2 2 2 
1 1 0 1 1 1 1 1 1 1 1 1 1 1 1 1 1 1 1 1 1 1 1 1 1 1 1 1 1 1 1 1 1 1 1 1 1 1 1 1 1 1 1 1 1 1 1 1 1 1 1 1 1 1 1 1 1 
2 2 2 0 2 2 2 2 2 2 2 2 2 2 2 2 2 2 2 2 2 2 2 2 2 2 2 2 2 2 2 2 2 2 2 2 2 2 2 2 2 2 2 2 2 2 2 2 2 2 2 2 2 2 2 2 2 
1 1 1 1 0 1 1 1 1 1 1 1 1 1 1 1 1 1 1 1 1 1 1 1 1 1 1 1 1 1 1 1 1 1 1 1 1 1 1 1 1 1 1 1 1 1 1 1 1 1 1 1 1 1 1 1 1 
1 1 1 1 1 0 1 1 1 1 1 1 1 1 1 1 1 1 1 1 1 1 1 1 1 1 1 1 1 1 1 1 1 1 1 1 1 1 1 1 1 1 1 1 1 1 1 1 1 1 1 1 1 1 1 1 1 
3 3 3 3 3 3 0 3 3 3 3 3 3 3 3 3 3 3 3 3 3 3 3 3 3 3 3 3 3 3 3 3 3 3 3 3 3 3 3 3 3 3 3 3 3 3 3 3 3 3 3 3 3 3 3 3 3 
3 3 3 3 3 3 3 0 3 3 3 3 3 3 3 3 3 3 3 3 3 3 3 3 3 3 3 3 3 3 3 3 3 3 3 3 3 3 3 3 3 3 3 3 3 3 3 3 3 3 3 3 3 3 3 3 3 
1 1 1 1 1 1 1 1 0 1 1 1 1 1 1 1 1 1 1 1 1 1 1 1 1 1 1 1 1 1 1 1 1 1 1 1 1 1 1 1 1 1 1 1 1 1 1 1 1 1 1 1 1 1 1 1 1 
1 1 1 1 1 1 1 1 1 0 1 1 1 1 1 1 1 1 1 1 1 1 1 1 1 1 1 1 1 1 1 1 1 1 1 1 1 1 1 1 1 1 1 1 1 1 1 1 1 1 1 1 1 1 1 1 1 
2 2 2 2 2 2 2 2 2 2 0 2 2 2 2 2 2 2 2 2 2 2 2 2 2 2 2 2 2 2 2 2 2 2 2 2 2 2 2 2 2 2 2 2 2 2 2 2 2 2 2 2 2 2 2 2 2 
1 1 1 1 1 1 1 1 1 1 1 0 1 1 1 1 1 1 1 1 1 1 1 1 1 1 1 1 1 1 1 1 1 1 1 1 1 1 1 1 1 1 1 1 1 1 1 1 1 1 1 1 1 1 1 1 1 
1 1 1 1 1 1 1 1 1 1 1 1 0 1 1 1 1 1 1 1 1 1 1 1 1 1 1 1 1 1 1 1 1 1 1 1 1 1 1 1 1 1 1 1 1 1 1 1 1 1 1 1 1 1 1 1 1 
1 1 1 1 1 1 1 1 1 1 1 1 1 0 1 1 1 1 1 1 1 1 1 1 1 1 1 1 1 1 1 1 1 1 1 1 1 1 1 1 1 1 1 1 1 1 1 1 1 1 1 1 1 1 1 1 1 
1 1 1 1 1 1 1 1 1 1 1 1 1 1 0 1 1 1 1 1 1 1 1 1 1 1 1 1 1 1 1 1 1 1 1 1 1 1 1 1 1 1 1 1 1 1 1 1 1 1 1 1 1 1 1 1 1 
1 1 1 1 1 1 1 1 1 1 1 1 1 1 1 0 1 1 1 1 1 1 1 1 1 1 1 1 1 1 1 1 1 1 1 1 1 1 1 1 1 1 1 1 1 1 1 1 1 1 1 1 1 1 1 1 1 
1 1 1 1 1 1 1 1 1 1 1 1 1 1 1 1 0 1 1 1 1 1 1 1 1 1 1 1 1 1 1 1 1 1 1 1 1 1 1 1 1 1 1 1 1 1 1 1 1 1 1 1 1 1 1 1 1 
1 1 1 1 1 1 1 1 1 1 1 1 1 1 1 1 1 0 1 1 1 1 1 1 1 1 1 1 1 1 1 1 1 1 1 1 1 1 1 1 1 1 1 1 1 1 1 1 1 1 1 1 1 1 1 1 1 
1 1 1 1 1 1 1 1 1 1 1 1 1 1 1 1 1 1 0 1 1 1 1 1 1 1 1 1 1 1 1 1 1 1 1 1 1 1 1 1 1 1 1 1 1 1 1 1 1 1 1 1 1 1 1 1 1 
1 1 1 1 1 1 1 1 1 1 1 1 1 1 1 1 1 1 1 0 1 1 1 1 1 1 1 1 1 1 1 1 1 1 1 1 1 1 1 1 1 1 1 1 1 1 1 1 1 1 1 1 1 1 1 1 1 
1 1 1 1 1 1 1 1 1 1 1 1 1 1 1 1 1 1 1 1 0 1 1 1 1 1 1 1 1 1 1 1 1 1 1 1 1 1 1 1 1 1 1 1 1 1 1 1 1 1 1 1 1 1 1 1 1 
1 1 1 1 1 1 1 1 1 1 1 1 1 1 1 1 1 1 1 1 1 0 1 1 1 1 1 1 1 1 1 1 1 1 1 1 1 1 1 1 1 1 1 1 1 1 1 1 1 1 1 1 1 1 1 1 1 
1 1 1 1 1 1 1 1 1 1 1 1 1 1 1 1 1 1 1 1 1 1 0 1 1 1 1 1 1 1 1 1 1 1 1 1 1 1 1 1 1 1 1 1 1 1 1 1 1 1 1 1 1 1 1 1 1 
2 2 2 2 2 2 2 2 2 2 2 2 2 2 2 2 2 2 2 2 2 2 2 0 2 2 2 2 2 2 2 2 2 2 2 2 2 2 2 2 2 2 2 2 2 2 2 2 2 2 2 2 2 2 2 2 2 
1 1 1 1 1 1 1 1 1 1 1 1 1 1 1 1 1 1 1 1 1 1 1 1 0 1 1 1 1 1 1 1 1 1 1 1 1 1 1 1 1 1 1 1 1 1 1 1 1 1 1 1 1 1 1 1 1 
1 1 1 1 1 1 1 1 1 1 1 1 1 1 1 1 1 1 1 1 1 1 1 1 1 0 1 1 1 1 1 1 1 1 1 1 1 1 1 1 1 1 1 1 1 1 1 1 1 1 1 1 1 1 1 1 1 
1 1 1 1 1 1 1 1 1 1 1 1 1 1 1 1 1 1 1 1 1 1 1 1 1 1 0 1 1 1 1 1 1 1 1 1 1 1 1 1 1 1 1 1 1 1 1 1 1 1 1 1 1 1 1 1 1 
1 1 1 1 1 1 1 1 1 1 1 1 1 1 1 1 1 1 1 1 1 1 1 1 1 1 1 0 1 1 1 1 1 1 1 1 1 1 1 1 1 1 1 1 1 1 1 1 1 1 1 1 1 1 1 1 1 
1 1 1 1 1 1 1 1 1 1 1 1 1 1 1 1 1 1 1 1 1 1 1 1 1 1 1 1 0 1 1 1 1 1 1 1 1 1 1 1 1 1 1 1 1 1 1 1 1 1 1 1 1 1 1 1 1 
1 1 1 1 1 1 1 1 1 1 1 1 1 1 1 1 1 1 1 1 1 1 1 1 1 1 1 1 1 0 1 1 1 1 1 1 1 1 1 1 1 1 1 1 1 1 1 1 1 1 1 1 1 1 1 1 1 
1 1 1 1 1 1 1 1 1 1 1 1 1 1 1 1 1 1 1 1 1 1 1 1 1 1 1 1 1 1 0 1 1 1 1 1 1 1 1 1 1 1 1 1 1 1 1 1 1 1 1 1 1 1 1 1 1 
1 1 1 1 1 1 1 1 1 1 1 1 1 1 1 1 1 1 1 1 1 1 1 1 1 1 1 1 1 1 1 0 1 1 1 1 1 1 1 1 1 1 1 1 1 1 1 1 1 1 1 1 1 1 1 1 1 
1 1 1 1 1 1 1 1 1 1 1 1 1 1 1 1 1 1 1 1 1 1 1 1 1 1 1 1 1 1 1 1 0 1 1 1 1 1 1 1 1 1 1 1 1 1 1 1 1 1 1 1 1 1 1 1 1 
1 1 1 1 1 1 1 1 1 1 1 1 1 1 1 1 1 1 1 1 1 1 1 1 1 1 1 1 1 1 1 1 1 0 1 1 1 1 1 1 1 1 1 1 1 1 1 1 1 1 1 1 1 1 1 1 1 
2 2 2 2 2 2 2 2 2 2 2 2 2 2 2 2 2 2 2 2 2 2 2 2 2 2 2 2 2 2 2 2 2 2 0 2 2 2 2 2 2 2 2 2 2 2 2 2 2 2 2 2 2 2 2 2 2 
2 2 2 2 2 2 2 2 2 2 2 2 2 2 2 2 2 2 2 2 2 2 2 2 2 2 2 2 2 2 2 2 2 2 2 0 2 2 2 2 2 2 2 2 2 2 2 2 2 2 2 2 2 2 2 2 2 
1 1 1 1 1 1 1 1 1 1 1 1 1 1 1 1 1 1 1 1 1 1 1 1 1 1 1 1 1 1 1 1 1 1 1 1 0 1 1 1 1 1 1 1 1 1 1 1 1 1 1 1 1 1 1 1 1 
1 1 1 1 1 1 1 1 1 1 1 1 1 1 1 1 1 1 1 1 1 1 1 1 1 1 1 1 1 1 1 1 1 1 1 1 1 0 1 1 1 1 1 1 1 1 1 1 1 1 1 1 1 1 1 1 1 
1 1 1 1 1 1 1 1 1 1 1 1 1 1 1 1 1 1 1 1 1 1 1 1 1 1 1 1 1 1 1 1 1 1 1 1 1 1 0 1 1 1 1 1 1 1 1 1 1 1 1 1 1 1 1 1 1 
1 1 1 1 1 1 1 1 1 1 1 1 1 1 1 1 1 1 1 1 1 1 1 1 1 1 1 1 1 1 1 1 1 1 1 1 1 1 1 0 1 1 1 1 1 1 1 1 1 1 1 1 1 1 1 1 1 
1 1 1 1 1 1 1 1 1 1 1 1 1 1 1 1 1 1 1 1 1 1 1 1 1 1 1 1 1 1 1 1 1 1 1 1 1 1 1 1 0 1 1 1 1 1 1 1 1 1 1 1 1 1 1 1 1 
2 2 2 2 2 2 2 2 2 2 2 2 2 2 2 2 2 2 2 2 2 2 2 2 2 2 2 2 2 2 2 2 2 2 2 2 2 2 2 2 2 0 2 2 2 2 2 2 2 2 2 2 2 2 2 2 2 
2 2 2 2 2 2 2 2 2 2 2 2 2 2 2 2 2 2 2 2 2 2 2 2 2 2 2 2 2 2 2 2 2 2 2 2 2 2 2 2 2 2 0 2 2 2 2 2 2 2 2 2 2 2 2 2 2 
2 2 2 2 2 2 2 2 2 2 2 2 2 2 2 2 2 2 2 2 2 2 2 2 2 2 2 2 2 2 2 2 2 2 2 2 2 2 2 2 2 2 2 0 2 2 2 2 2 2 2 2 2 2 2 2 2 
1 1 1 1 1 1 1 1 1 1 1 1 1 1 1 1 1 1 1 1 1 1 1 1 1 1 1 1 1 1 1 1 1 1 1 1 1 1 1 1 1 1 1 1 0 1 1 1 1 1 1 1 1 1 1 1 1 
2 2 2 2 2 2 2 2 2 2 2 2 2 2 2 2 2 2 2 2 2 2 2 2 2 2 2 2 2 2 2 2 2 2 2 2 2 2 2 2 2 2 2 2 2 0 2 2 2 2 2 2 2 2 2 2 2 
1 1 1 1 1 1 1 1 1 1 1 1 1 1 1 1 1 1 1 1 1 1 1 1 1 1 1 1 1 1 1 1 1 1 1 1 1 1 1 1 1 1 1 1 1 1 0 1 1 1 1 1 1 1 1 1 1 
3 3 3 3 3 3 3 3 3 3 3 3 3 3 3 3 3 3 3 3 3 3 3 3 3 3 3 3 3 3 3 3 3 3 3 3 3 3 3 3 3 3 3 3 3 3 3 0 3 3 3 3 3 3 3 3 3 
1 1 1 1 1 1 1 1 1 1 1 1 1 1 1 1 1 1 1 1 1 1 1 1 1 1 1 1 1 1 1 1 1 1 1 1 1 1 1 1 1 1 1 1 1 1 1 1 0 1 1 1 1 1 1 1 1 
1 1 1 1 1 1 1 1 1 1 1 1 1 1 1 1 1 1 1 1 1 1 1 1 1 1 1 1 1 1 1 1 1 1 1 1 1 1 1 1 1 1 1 1 1 1 1 1 1 0 1 1 1 1 1 1 1 
1 1 1 1 1 1 1 1 1 1 1 1 1 1 1 1 1 1 1 1 1 1 1 1 1 1 1 1 1 1 1 1 1 1 1 1 1 1 1 1 1 1 1 1 1 1 1 1 1 1 0 1 1 1 1 1 1 
1 1 1 1 1 1 1 1 1 1 1 1 1 1 1 1 1 1 1 1 1 1 1 1 1 1 1 1 1 1 1 1 1 1 1 1 1 1 1 1 1 1 1 1 1 1 1 1 1 1 1 0 1 1 1 1 1 
2 2 2 2 2 2 2 2 2 2 2 2 2 2 2 2 2 2 2 2 2 2 2 2 2 2 2 2 2 2 2 2 2 2 2 2 2 2 2 2 2 2 2 2 2 2 2 2 2 2 2 2 0 2 2 2 2 
2 2 2 2 2 2 2 2 2 2 2 2 2 2 2 2 2 2 2 2 2 2 2 2 2 2 2 2 2 2 2 2 2 2 2 2 2 2 2 2 2 2 2 2 2 2 2 2 2 2 2 2 2 0 2 2 2 
1 1 1 1 1 1 1 1 1 1 1 1 1 1 1 1 1 1 1 1 1 1 1 1 1 1 1 1 1 1 1 1 1 1 1 1 1 1 1 1 1 1 1 1 1 1 1 1 1 1 1 1 1 1 0 1 1 
2 2 2 2 2 2 2 2 2 2 2 2 2 2 2 2 2 2 2 2 2 2 2 2 2 2 2 2 2 2 2 2 2 2 2 2 2 2 2 2 2 2 2 2 2 2 2 2 2 2 2 2 2 2 2 0 2 
3 3 3 3 3 3 3 3 3 3 3 3 3 3 3 3 3 3 3 3 3 3 3 3 3 3 3 3 3 3 3 3 3 3 3 3 3 3 3 3 3 3 3 3 3 3 3 3 3 3 3 3 3 3 3 3 0 
Time:
0	15
15	30
30	45
45	60
60	75
75	90
90	105
105	120
120	135
135	150
150	165
165	180
180	195
195	210
210	225
225	240
240	255
255	270
270	285
285	300
300	315
315	330
330	345
345	360
360	375
375	390
390	405
405	420
420	435
435	450
450	465
465	480
480	495
495	510
510	525
525	540
540	555
555	570
570	585
585	600
600	615
615	630
630	645
645	660
660	675
675	690
690	705
705	720
720	735
735	750
750	765
765	780
780	795
795	810
810	825
825	840
840	855
855	870
870	885
885	900
900	915
915	930
930	945
945	960
960	975
975	990
990	1005
1005	1020
1020	1035
1035	1050
1050	1065
1065	1080
1080	5000
Speed:
0.925	0.85	0.925	1	0.8325	0.765	0.8325	0.9	0.4625	0.425	0.4625	0.5	0.30525	0.2805	0.30525	0.33	0.37	0.34	0.37	0.4	0.555	0.51	0.555	0.6	0.6475	0.595	0.6475	0.7	0.37	0.34	0.37	0.4	0.30525	0.2805	0.30525	0.33	0.4625	0.425	0.4625	0.5	0.6475	0.595	0.6475	0.7	0.74	0.68	0.74	0.8	0.6475	0.595	0.6475	0.7	0.4625	0.425	0.4625	0.5	0.555	0.51	0.555	0.6	0.6475	0.595	0.6475	0.7	0.8325	0.765	0.8325	0.9	0.925	0.85	0.925	1	1	
0.925	0.85	0.925	1	0.8325	0.765	0.8325	0.9	0.4625	0.425	0.4625	0.5	0.30525	0.2805	0.30525	0.33	0.37	0.34	0.37	0.4	0.555	0.51	0.555	0.6	0.6475	0.595	0.6475	0.7	0.37	0.34	0.37	0.4	0.30525	0.2805	0.30525	0.33	0.4625	0.425	0.4625	0.5	0.6475	0.595	0.6475	0.7	0.74	0.68	0.74	0.8	0.6475	0.595	0.6475	0.7	0.4625	0.425	0.4625	0.5	0.555	0.51	0.555	0.6	0.6475	0.595	0.6475	0.7	0.8325	0.765	0.8325	0.9	0.925	0.85	0.925	1	1	
0.925	0.85	0.925	1	0.8325	0.765	0.8325	0.9	0.4625	0.425	0.4625	0.5	0.30525	0.2805	0.30525	0.33	0.37	0.34	0.37	0.4	0.555	0.51	0.555	0.6	0.6475	0.595	0.6475	0.7	0.37	0.34	0.37	0.4	0.30525	0.2805	0.30525	0.33	0.4625	0.425	0.4625	0.5	0.6475	0.595	0.6475	0.7	0.74	0.68	0.74	0.8	0.6475	0.595	0.6475	0.7	0.4625	0.425	0.4625	0.5	0.555	0.51	0.555	0.6	0.6475	0.595	0.6475	0.7	0.8325	0.765	0.8325	0.9	0.925	0.85	0.925	1	1	
