56
0 74.18 69.36 68.19 84.53 82.68 40.72 62.61 68.32 73.08 72.57 53.63 61.02 89.41 78.87 71.09 73.11 96.54 66.69 62.66 59.96 60.88 82.45 86.23 91.08 72.39 68.49 68.22 77.61 59.66 60.97 64.76 80.38 48.2 57.29 52.72 78.74 80.52 67.97 69 74.99 87.92 61.28 52.45 76.22 90.64 61.66 91.04 74.94 75.52 88.14 67.38 57.75 72.82 58.07 78.81 
74.18 0 7.26 9.11 10.35 8.51 33.86 23.5 11.1 10.81 20.96 22.86 13.38 15.25 19.65 16.95 31.7 23.77 8.92 11.53 15.29 14.35 11.8 14.28 16.95 14.26 9.23 16.04 13.79 14.55 13.34 28.02 15.9 31.21 17.8 21.46 4.57 33.23 13.6 12.98 10.65 40.67 18.43 24.4 15 17.32 13.63 18.44 9.87 17.88 14.42 8.18 21.14 22.95 18.26 24.03 
69.36 7.26 0 11.89 16.27 14.73 28.66 16.29 14.35 8.34 15.22 16.53 8.73 21.15 25.81 21.46 25.63 30.56 10.17 8.38 13.95 13.19 19.05 21.46 22.91 8.87 12.26 9.28 9.53 10.48 8.94 21.03 22.64 24.52 15.79 17.28 10.72 38.7 16.93 6.3 7.4 46.59 11.24 18 8.45 24.05 12.74 25.39 6.9 23.49 21 9.76 14.15 17.17 11.83 29.85 
68.19 9.11 11.89 0 17.87 15.96 29.24 26.41 14.11 6.82 27.08 21.19 11.14 22.28 15.52 9.74 37.32 28.35 11.69 8.36 8.27 7.39 14.28 18.05 23.75 20.73 9.76 20.8 12.23 11.06 10.8 31.75 14.02 29.75 10.91 16.48 12.93 27.21 5.05 18.01 18.36 35.41 20.03 22.7 11 22.59 6.61 22.86 17.65 12.56 20.36 12.27 21.47 29.02 17.51 18.87 
84.53 10.35 16.27 17.87 0 11.5 44.16 31 19.02 11.66 25.4 32.72 23.66 4.94 21.04 22.21 35.8 14.71 18.54 21.87 25.27 24.31 9.12 8.25 6.68 19.46 17.77 22.84 6.99 24.89 23.65 34.49 16.07 40.79 27.87 31.81 5.82 34.95 20.94 20.13 14.9 40.89 27.21 34.22 8.34 8.32 23.55 10.2 14.3 20.96 5.19 17.8 30.35 27.21 28.04 25.71 
82.68 8.51 14.73 15.96 11.5 0 42.37 29.87 17.15 9.74 24.79 31.08 21.87 6.74 19.91 20.59 35.34 15.93 16.62 20.03 23.35 22.39 8.27 8.27 8.44 18.62 15.87 21.77 5.27 23.06 21.85 33.57 15.03 39.24 25.95 29.96 13.09 33.91 19.12 18.96 14.09 40.13 25.81 32.59 6.57 9.43 21.63 11.06 13.43 19.58 6.31 15.87 28.87 26.65 26.41 24.6 
40.72 33.86 28.66 29.24 44.16 42.37 0 24.25 30.06 33.05 33.51 13.26 20.51 49.09 42.8 34.98 37.27 57.06 27.31 22.45 21.15 21.93 43.33 46.88 50.8 32.12 29.63 28.17 37.18 19.35 20.52 28.23 42.83 11.46 18.71 12.79 38.35 49.48 30.58 28.54 34.37 58.05 21.17 12.36 35.82 50.86 22.67 51.56 34.29 39.35 48.14 27.91 17.84 34.24 17.44 44.35 
62.61 23.5 16.29 26.41 31 29.87 24.25 0 28.72 24.59 10.02 12.19 16.42 35.43 41.57 36.04 13.8 45.71 24.11 18.83 23.61 23.45 35.28 37.39 37.16 12.17 26.87 8.2 25.14 17.74 16.89 5.64 38.8 14.43 23.65 19.95 26.24 53.54 30.96 10.91 16.47 61.82 6.68 12.37 24.35 39.26 23.53 40.91 16.91 38.88 36.12 24.08 7.62 10.24 11.2 45.25 
68.32 11.1 14.35 14.11 19.02 17.15 30.06 28.72 0 8.71 29.55 22.9 13.09 23.17 13.63 7.34 39.77 28.38 4.61 10.32 8.92 8.18 14.25 18.13 24.53 23.18 14.47 23.25 13.96 12.74 12.7 34.1 12.79 31.38 11.41 17.46 14.52 24.84 11.58 20.47 20.73 33.11 22.27 24.38 12.84 22.93 7.49 22.96 20.01 10.49 20.96 4.73 23.52 31.49 19.47 16.69 
73.08 10.81 8.34 6.82 11.66 9.74 33.05 24.59 8.71 0 22.85 22.72 12.82 16.41 17.71 14.58 33.53 24.11 6.96 10.6 13.62 12.66 11.17 14.18 18.03 16.18 6.89 17.52 5.44 13.72 12.7 29.36 14.31 31.23 16.21 20.43 6.24 31.09 11.19 14.47 12.84 38.67 19.09 24.28 4.18 17.81 11.91 18.65 12.07 15.73 15.11 6.21 21.51 24.84 18.28 21.97 
72.57 20.96 15.22 27.08 25.4 24.79 33.51 10.02 29.55 22.85 0 20.53 20.21 29.09 40.55 36.67 10.78 39.74 25.22 21.65 27.35 26.85 31.81 32.97 30.68 6.69 27.46 6.9 21.19 22.01 20.65 10.27 36.83 24.38 28.31 26.61 22 53.81 32.1 9.15 10.83 61.52 12.8 21.19 20.93 33.63 26.64 35.6 11.56 38.5 30.56 24.89 15.75 15.38 17.63 44.8 
53.63 22.86 16.53 21.19 32.72 31.08 13.26 12.19 22.9 22.72 20.53 0 10.2 37.63 36.53 29.57 25.95 46.62 18.83 12.91 15.13 15.41 33.8 36.89 39.39 18.88 21.66 14.91 25.81 10.17 10.47 17.25 35.13 8.61 14.02 8.57 27.01 46.42 24.44 15.38 21.38 55.02 7.93 10.29 24.56 40.17 15.86 41.26 21.37 33.33 37.22 19.18 4.81 21.46 4.7 39.31 
61.02 13.38 8.73 11.14 23.66 21.87 20.51 16.42 13.09 12.82 20.21 10.2 0 28.59 26.64 20.16 29.02 36.91 8.75 12.12 7.34 7.06 23.72 26.96 30.31 15.44 11.62 13.31 16.67 12.84 13.16 22.03 24.98 18.81 8.12 8.57 17.84 37.51 14.98 11.64 15.71 45.96 9.74 11.74 15.32 30.57 7.11 31.47 15.36 23.58 27.75 9.03 10.46 21.86 6.39 29.75 
89.41 15.25 21.15 22.28 4.94 6.74 49.09 35.43 23.17 16.41 29.09 37.63 28.59 0 22.73 25.35 39.12 10.67 23.18 26.76 29.95 29 10.91 8.2 9.69 23.58 22.13 27.23 11.93 29.8 28.58 38.6 17.73 45.65 32.58 36.69 10.75 36.11 24.83 24.66 19.06 41.2 31.96 39.13 13.27 5.18 28.23 7.49 18.55 23.35 10.13 22.44 35.17 30.79 32.94 27.22 
78.87 19.65 25.81 15.52 21.04 19.91 42.8 41.57 13.63 17.71 40.55 36.53 26.64 22.73 0 7.92 51.24 22.23 17.92 23.85 22.08 21.51 12.02 14.68 23.24 33.87 15.04 35.09 20.39 26.37 26.28 46.68 5.02 44.99 24.23 30.64 20.08 14.04 12.36 32.08 30.25 21.03 35.4 38.01 20.12 19.52 20.91 18.17 29.47 11.07 19.47 17.76 36.98 42.55 33.02 4.69 
71.09 16.95 21.46 9.74 22.21 20.59 34.98 36.04 7.34 14.58 36.67 29.57 20.16 25.35 7.92 0 47.02 27.78 11.94 17.46 14.65 14.21 14.71 18.42 26.34 30.18 9.31 30.51 18.99 19.55 19.75 41.44 9.76 37.83 16.58 23.07 19.17 17.51 5.18 27.68 27.33 25.83 29.55 30.98 18.2 23.58 13.71 22.87 26.57 4.47 22.49 12.05 30.63 38.63 26.5 9.75 
73.11 31.7 25.63 37.32 35.8 35.34 37.27 13.8 39.77 33.53 10.78 25.95 29.02 39.12 51.24 47.02 0 49.78 35.29 30.97 36.36 36.02 42.55 43.58 40.6 17.45 37.73 16.52 31.94 30.62 29.49 9.04 47.59 26.32 36.82 33.68 32.73 64.32 42.26 19.35 21.56 72.16 19.82 26 31.7 43.89 35.95 45.95 22.31 49.08 40.88 35.05 21.41 8.8 24.73 55.42 
96.54 23.77 30.56 28.35 14.71 15.93 57.06 45.71 28.38 24.11 39.74 46.62 36.91 10.67 22.23 27.78 49.78 0 29.93 34.67 36.59 35.68 14.14 10.31 9.2 34.09 28.06 37.55 21.04 37.8 36.81 49.13 18.18 54.96 39.25 44.32 19.85 33.1 29.21 34.82 29.53 36.13 41.71 48.16 22.16 6.51 34.9 5.51 28.97 24.32 9.62 29.27 44.71 41.45 42.02 25.73 
66.69 8.92 10.17 11.69 18.54 16.62 27.31 24.11 4.61 6.96 25.22 18.83 8.75 23.18 17.92 11.94 35.29 29.93 0 5.97 6.8 5.85 16.02 19.65 24.73 19.03 11.69 18.78 12.32 8.75 8.41 29.49 16.32 27.41 9.45 14.52 13.19 29.45 6.98 16.09 17.06 37.71 17.68 20.36 10.98 23.96 5.07 24.42 16.4 14.95 21.54 9.34 19.07 27.14 15.11 21.23 
62.66 11.53 8.38 8.36 21.87 20.03 22.45 18.83 10.32 10.6 21.65 12.91 12.12 26.76 23.85 17.46 30.97 34.67 5.97 0 5.79 5.21 21.23 24.59 28.45 16.27 8.83 14.81 14.97 10.99 11.65 24.38 22.23 21.51 7.41 9.93 16.09 34.87 12.29 12.68 15.75 43.28 12.2 14.44 13.57 28.41 5.01 29.19 15.28 20.8 25.69 6.27 13.2 23.41 9.17 27 
59.96 15.29 13.95 8.27 25.27 23.35 21.15 23.61 8.92 13.62 27.35 15.13 7.34 29.95 22.08 14.65 36.36 36.59 6.8 5.79 0 11 22.55 26.29 31.52 22.06 8.61 20.47 18.8 5.88 6.87 29.24 21.7 23.21 12.18 8.59 19.76 31.3 9.72 18.46 21.35 39.89 16.94 16.47 17.41 30.72 10.8 31.09 20.83 18.72 28.33 7.53 17.02 29.07 12.82 24.39 
60.88 14.35 13.19 7.39 24.31 22.39 21.93 23.45 8.18 12.66 26.85 15.41 7.06 29 21.51 14.21 36.02 35.68 5.85 5.21 11 0 21.66 25.38 30.57 21.43 7.74 19.99 17.85 5.78 6.58 29.07 20.96 23.62 12.09 9.28 18.81 31.07 9.18 17.89 20.59 39.63 16.77 16.8 16.46 29.78 10.22 30.18 20.05 18.17 27.39 6.57 17.04 28.6 12.83 23.96 
82.45 11.8 19.05 14.28 9.12 8.27 43.33 35.28 14.25 11.17 31.81 33.8 23.72 10.91 12.02 14.71 42.55 14.14 16.02 21.23 22.55 21.66 0 12.71 11.71 25.26 13.97 27.64 10.63 24.33 23.53 39.66 7.01 42.35 25.2 30.53 9.83 25.84 15.22 24.62 20.99 31.86 30.15 35.36 11.07 8.96 20.88 8.72 20.25 12.44 7.84 15.42 32.67 33.76 29.43 16.65 
86.23 14.28 21.46 18.05 8.25 8.27 46.88 37.39 18.13 14.18 32.97 36.89 26.96 8.2 14.68 18.42 43.58 10.31 19.65 24.59 26.29 25.38 12.71 0 8.56 26.66 17.75 29.49 12.26 27.71 26.81 41.45 9.77 45.37 28.95 34.11 11.22 27.91 19.14 26.55 22.19 33.15 32.68 38.45 13.07 5.16 24.6 4.83 21.5 15.73 4.87 19.01 35.42 34.86 32.41 19.09 
91.08 16.95 22.91 23.75 6.68 8.44 50.8 37.16 24.53 18.03 30.68 39.39 30.31 9.69 23.24 26.34 40.6 9.2 24.73 28.45 31.52 30.57 11.71 8.56 0 25.27 23.58 28.95 13.66 31.5 30.29 40.26 18.3 47.41 34.16 38.37 12.48 36.35 26.1 26.4 20.76 41.11 33.73 40.89 14.99 4.51 29.79 6.78 20.26 24.1 11.85 24 36.93 32.34 34.7 27.63 
72.39 14.26 8.87 20.73 19.46 18.62 32.12 12.17 23.18 16.18 6.69 18.88 15.44 23.58 33.87 30.18 17.45 34.09 19.03 16.27 22.06 21.43 25.26 26.66 25.27 0 21.08 4.32 14.64 17.34 15.82 15.04 30.14 24.86 23.44 23.05 15.53 47.19 25.77 10.79 4.56 54.85 11.11 19.96 14.29 27.78 21.11 29.61 5.19 31.86 24.65 18.63 14.65 8.69 14.88 38.14 
68.49 9.23 12.26 9.76 17.77 15.87 29.63 26.87 14.47 6.89 27.46 21.66 11.62 22.13 15.04 9.31 37.73 28.06 11.69 8.83 8.61 7.74 13.97 17.75 23.58 21.08 0 21.21 12.27 11.52 11.27 32.2 13.57 30.21 11.24 16.88 12.93 26.77 4.71 18.41 18.64 34.95 20.5 23.17 11.07 22.34 6.98 22.57 17.93 12.09 20.15 11.93 21.94 29.41 17.99 18.41 
68.22 16.04 9.28 20.8 22.84 21.77 28.17 8.2 23.25 17.52 6.9 14.91 13.31 27.23 35.09 30.51 16.52 37.55 18.78 14.81 20.47 19.99 27.64 29.49 28.95 4.32 21.21 0 17.23 15.12 13.75 12.02 31.81 20.55 21.42 20.01 18.27 47.88 25.74 14.52 8.29 55.84 7.01 15.88 16.59 31.12 19.81 32.82 8.71 32.74 27.98 18.53 10.48 8.61 11.29 39.12 
77.61 13.79 9.53 12.23 6.99 5.27 37.18 25.14 13.96 5.44 21.19 25.81 16.67 11.93 20.39 18.99 31.94 21.04 12.32 14.97 18.8 17.85 10.63 12.26 13.66 14.64 12.27 17.23 0 17.95 16.68 29.22 16.06 33.99 21.31 24.9 11.67 34.32 16.3 14.28 10.39 41.32 20.7 27.32 9.62 14.52 17.12 15.91 9.63 19.16 11.48 11.58 23.68 23.14 21.14 24.97 
59.66 14.55 10.48 11.06 24.89 23.06 19.35 17.74 12.74 13.72 22.01 10.17 12.84 29.8 26.37 19.55 30.62 37.8 8.75 10.99 5.88 5.78 24.33 27.71 31.5 17.34 11.52 15.12 17.95 0 12.37 23.37 25.06 18.69 6.31 6.99 19.09 36.71 14.38 13.53 17.57 45.23 11.07 11.66 16.56 31.53 6.02 32.32 17.2 23.19 28.79 9.17 11.28 23.63 7.07 29.24 
60.97 13.34 8.94 10.8 23.65 21.85 20.52 16.89 12.7 12.7 20.65 10.47 13.16 28.58 26.28 19.75 29.49 36.81 8.41 11.65 6.87 6.58 23.53 26.81 30.29 15.82 11.27 13.75 16.68 12.37 0 22.5 24.68 19.07 7.69 8.42 17.83 37.08 14.57 12.04 16 45.54 10.21 12.01 15.31 30.48 6.64 31.35 15.63 23.19 27.69 8.72 10.88 22.31 6.77 29.36 
64.76 28.02 21.03 31.75 34.49 33.57 28.23 5.64 34.1 29.36 10.27 17.25 22.03 38.6 46.68 41.44 9.04 49.13 29.49 24.38 29.24 29.07 39.66 41.45 40.26 15.04 32.2 12.02 29.22 23.37 22.5 0 43.67 17.36 29.28 25.37 30.23 58.94 36.4 15.05 19.6 67.14 12.3 17.14 28.6 42.81 29.14 44.61 20.19 44.12 39.68 29.41 13.01 9.38 16.8 50.5 
80.38 15.9 22.64 14.02 16.07 15.03 42.83 38.8 12.79 14.31 36.83 35.13 24.98 17.73 5.02 9.76 47.59 18.18 16.32 22.23 21.7 20.96 7.01 9.77 18.3 30.14 13.57 31.81 16.06 25.06 24.68 43.67 0 43.72 24.14 30.24 15.61 18.89 12.49 28.76 26.26 25.32 32.98 36.66 16.01 14.76 20.26 13.62 25.48 6.16 14.49 15.96 34.95 38.82 31.22 9.65 
48.2 31.21 24.52 29.75 40.79 39.24 11.46 14.43 31.38 31.23 24.38 8.61 18.81 45.65 44.99 37.83 26.32 54.96 27.41 21.51 23.21 23.62 42.35 45.37 47.41 24.86 30.21 20.55 33.99 18.69 19.07 17.36 43.72 0 21.66 15.34 35.19 54.3 32.77 21.99 28.22 62.94 14.06 7.07 32.81 48.47 24.15 49.65 28.38 41.73 45.47 27.77 10.59 24.66 12.97 47.58 
57.29 17.8 15.79 10.91 27.87 25.95 18.71 23.65 11.41 16.21 28.31 14.02 8.12 32.58 24.23 16.58 36.82 39.25 9.45 7.41 12.18 12.09 25.2 28.95 34.16 23.44 11.24 21.42 21.31 6.31 7.69 29.28 24.14 21.66 0 6.51 22.31 32.64 11.91 19.7 23.16 41.28 17.09 15.22 19.92 33.38 4.39 33.75 22.69 20.81 30.99 10.17 16.61 29.94 12.52 26.23 
52.72 21.46 17.28 16.48 31.81 29.96 12.79 19.95 17.46 20.43 26.61 8.57 8.57 36.69 30.64 23.07 33.68 44.32 14.52 9.93 8.59 9.28 30.53 34.11 38.37 23.05 16.88 20.01 24.9 6.99 8.42 25.37 30.24 15.34 6.51 0 26.02 39.03 18.29 19.18 24.03 47.68 14.08 9.44 23.5 38.18 9.98 38.81 23.75 27.25 35.54 15.12 12.37 27.94 9.08 32.74 
78.74 4.57 10.72 12.93 5.82 13.09 38.35 26.24 14.52 6.24 22 27.01 17.84 10.75 20.08 19.17 32.73 19.85 13.19 16.09 19.76 18.81 9.83 11.22 12.48 15.53 12.93 18.27 11.67 19.09 17.83 30.23 15.61 35.19 22.31 26.02 0 34.08 16.77 15.35 11.18 40.92 21.88 28.52 10.42 13.34 18.07 14.76 10.44 19.05 10.28 12.44 24.87 23.94 22.35 24.72 
80.52 33.23 38.7 27.21 34.95 33.91 49.48 53.54 24.84 31.09 53.81 46.42 37.51 36.11 14.04 17.51 64.32 33.1 29.45 34.87 31.3 31.07 25.84 27.91 36.35 47.19 26.77 47.88 34.32 36.71 37.08 58.94 18.89 54.3 32.64 39.03 34.08 0 22.6 44.98 43.89 8.65 47.03 47.74 33.94 32.19 30.71 30.38 43.11 15.36 32.79 29.54 47.94 55.79 43.76 9.37 
67.97 13.6 16.93 5.05 20.94 19.12 30.58 30.96 11.58 11.19 32.1 24.44 14.98 24.83 12.36 5.18 42.26 29.21 6.98 12.29 9.72 9.18 15.22 19.14 26.1 25.77 4.71 25.74 16.3 14.38 14.57 36.4 12.49 32.77 11.91 18.29 16.77 22.6 0 23.01 23.34 30.99 24.42 25.87 15.25 24.12 8.63 23.91 22.62 9 22.41 7.22 25.45 34.04 21.32 14.87 
69 12.98 6.3 18.01 20.13 18.96 28.54 10.91 20.47 14.47 9.15 15.38 11.64 24.66 32.08 27.68 19.35 34.82 16.09 12.68 18.46 17.89 24.62 26.55 26.4 10.79 18.41 14.52 14.28 13.53 12.04 15.05 28.76 21.99 19.7 19.18 15.35 44.98 23.01 0 6.23 52.88 7.95 16.56 13.58 28.36 17.62 30 6.44 29.78 25.23 15.79 11.49 11.05 11.16 36.15 
74.99 10.65 7.4 18.36 14.9 14.09 34.37 16.47 20.73 12.84 10.83 21.38 15.71 19.06 30.25 27.33 21.56 29.53 17.06 15.75 21.35 20.59 20.99 22.19 20.76 4.56 18.64 8.29 10.39 17.57 16 19.6 26.26 28.22 23.16 24.03 11.18 43.89 23.34 6.23 0 51.28 14.17 22.64 10.25 23.21 20.12 25.06 9.75 28.52 20.09 16.53 17.7 12.76 16.93 34.68 
87.92 40.67 46.59 35.41 40.89 40.13 58.05 61.82 33.11 38.67 61.52 55.02 45.96 41.2 21.03 25.83 72.16 36.13 37.71 43.28 39.89 39.63 31.86 33.15 41.11 54.85 34.95 55.84 41.32 45.23 45.54 67.14 25.32 62.94 41.28 47.68 40.92 8.65 30.99 52.88 51.28 0 55.37 56.35 41.12 36.69 39.26 34.61 50.5 23.1 37.91 37.74 56.41 63.51 52.26 16.74 
61.28 18.43 11.24 20.03 27.21 25.81 21.17 6.68 22.27 19.09 12.8 7.93 9.74 31.96 35.4 29.55 19.82 41.71 17.68 12.2 16.94 16.77 30.15 32.68 33.73 11.11 20.5 7.01 20.7 11.07 10.21 12.3 32.98 14.06 17.09 14.08 21.88 47.03 24.42 7.95 14.17 55.37 0 8.88 19.68 35.2 16.86 36.61 14.32 32.58 32.11 17.72 9.21 13.96 5 38.91 
52.45 24.4 18 22.7 34.22 32.59 12.36 12.37 24.38 24.28 21.19 10.29 11.74 39.13 38.01 30.98 26 48.16 20.36 14.44 16.47 16.8 35.36 38.45 40.89 19.96 23.17 15.88 27.32 11.66 12.01 17.14 36.66 7.07 15.22 9.44 28.52 47.74 25.87 16.56 22.64 56.35 8.88 0 26.08 41.71 17.27 42.8 22.67 34.79 38.75 20.71 5.48 22.01 6.18 40.73 
76.22 15 8.45 11 8.34 6.57 35.82 24.35 12.84 4.18 20.93 24.56 15.32 13.27 20.12 18.2 31.7 22.16 10.98 13.57 17.41 16.46 11.07 13.07 14.99 14.29 11.07 16.59 9.62 16.56 15.31 28.6 16.01 32.81 19.92 23.5 10.42 33.94 15.25 13.58 10.25 41.12 19.68 26.08 0 15.67 15.74 16.95 9.48 18.67 12.67 10.24 22.57 22.9 19.91 24.64 
90.64 17.32 24.05 22.59 8.32 9.43 50.86 39.26 22.93 17.81 33.63 40.17 30.57 5.18 19.52 23.58 43.89 6.51 23.96 28.41 30.72 29.78 8.96 5.16 4.51 27.78 22.34 31.12 14.52 31.53 30.48 42.81 14.76 48.47 33.38 38.18 13.34 32.19 24.12 28.36 23.21 36.69 35.2 41.71 15.67 0 29 9.99 22.62 20.81 10.03 23.27 38.2 35.4 35.56 23.73 
61.66 13.63 12.74 6.61 23.55 21.63 22.67 23.53 7.49 11.91 26.64 15.86 7.11 28.23 20.91 13.71 35.95 34.9 5.07 5.01 10.8 10.22 20.88 24.6 29.79 21.11 6.98 19.81 17.12 6.02 6.64 29.14 20.26 24.15 4.39 9.98 18.07 30.71 8.63 17.62 20.12 39.26 16.86 17.27 15.74 29 0 29.39 19.56 17.6 26.61 5.8 17.29 28.42 13.09 23.46 
91.04 18.44 25.39 22.86 10.2 11.06 51.56 40.91 22.96 18.65 35.6 41.26 31.47 7.49 18.17 22.87 45.95 5.51 24.42 29.19 31.09 30.18 8.72 4.83 6.78 29.61 22.57 32.82 15.91 32.32 31.35 44.61 13.62 49.65 33.75 38.81 14.76 30.38 23.91 30 25.06 34.61 36.61 42.8 16.95 9.99 29.39 0 24.43 19.77 5.06 23.76 39.51 37.4 36.7 22.17 
74.94 9.87 6.9 17.65 14.3 13.43 34.29 16.91 20.01 12.07 11.56 21.37 15.36 18.55 29.47 26.57 22.31 28.97 16.4 15.28 20.83 20.05 20.25 21.5 20.26 5.19 17.93 8.71 9.63 17.2 15.63 20.19 25.48 28.38 22.69 23.75 10.44 43.11 22.62 6.44 9.75 50.5 14.32 22.67 9.48 22.62 19.56 24.43 0 27.75 19.49 15.85 17.82 13.51 16.87 33.9 
75.52 17.88 23.49 12.56 20.96 19.58 39.35 38.88 10.49 15.73 38.5 33.33 23.58 23.35 11.07 4.47 49.08 24.32 14.95 20.8 18.72 18.17 12.44 15.73 24.1 31.86 12.09 32.74 19.16 23.19 23.19 44.12 6.16 41.73 20.81 27.25 19.05 15.36 9 29.78 28.52 23.1 32.58 34.79 18.67 20.81 17.6 19.77 27.75 0 20.24 14.87 33.99 40.49 29.96 6.38 
88.14 14.42 21 20.36 5.19 6.31 48.14 36.12 20.96 15.11 30.56 37.22 27.75 10.13 19.47 22.49 40.88 9.62 21.54 25.69 28.33 27.39 7.84 4.87 11.85 24.65 20.15 27.98 11.48 28.79 27.69 39.68 14.49 45.47 30.99 35.54 10.28 32.79 22.41 25.23 20.09 37.91 32.11 38.75 12.67 10.03 26.61 5.06 19.49 20.24 0 20.82 35.15 32.35 32.59 23.93 
67.38 8.18 9.76 12.27 17.8 15.87 27.91 24.08 4.73 6.21 24.89 19.18 9.03 22.44 17.76 12.05 35.05 29.27 9.34 6.27 7.53 6.57 15.42 19.01 24 18.63 11.93 18.53 11.58 9.17 8.72 29.41 15.96 27.77 10.17 15.12 12.44 29.54 7.22 15.79 16.53 37.74 17.72 20.71 10.24 23.27 5.8 23.76 15.85 14.87 20.82 0 19.23 26.82 15.34 21.19 
57.75 21.14 14.15 21.47 30.35 28.87 17.84 7.62 23.52 21.51 15.75 4.81 10.46 35.17 36.98 30.63 21.41 44.71 19.07 13.2 17.02 17.04 32.67 35.42 36.93 14.65 21.94 10.48 23.68 11.28 10.88 13.01 34.95 10.59 16.61 12.37 24.87 47.94 25.45 11.49 17.7 56.41 9.21 5.48 22.57 38.2 17.29 39.51 17.82 33.99 35.15 19.23 0 16.65 4.21 40.21 
72.82 22.95 17.17 29.02 27.21 26.65 34.24 10.24 31.49 24.84 15.38 21.46 21.86 30.79 42.55 38.63 8.8 41.45 27.14 23.41 29.07 28.6 33.76 34.86 32.34 8.69 29.41 8.61 23.14 23.63 22.31 9.38 38.82 24.66 29.94 27.94 23.94 55.79 34.04 11.05 12.76 63.51 13.96 22.01 22.9 35.4 28.42 37.4 13.51 40.49 32.35 26.82 16.65 0 18.9 46.8 
58.07 18.26 11.83 17.51 28.04 26.41 17.44 11.2 19.47 18.28 17.63 4.7 6.39 32.94 33.02 26.5 24.73 42.02 15.11 9.17 12.82 12.83 29.43 32.41 34.7 14.88 17.99 11.29 21.14 7.07 6.77 16.8 31.22 12.97 12.52 9.08 22.35 43.76 21.32 11.16 16.93 52.26 5 6.18 19.91 35.56 13.09 36.7 16.87 29.96 32.59 15.34 4.21 18.9 0 36.13 
78.81 24.03 29.85 18.87 25.71 24.6 44.35 45.25 16.69 21.97 44.8 39.31 29.75 27.22 4.69 9.75 55.42 25.73 21.23 27 24.39 23.96 16.65 19.09 27.63 38.14 18.41 39.12 24.97 29.24 29.36 50.5 9.65 47.58 26.23 32.74 24.72 9.37 14.87 36.15 34.68 16.74 38.91 40.73 24.64 23.73 23.46 22.17 33.9 6.38 23.93 21.19 40.21 46.8 36.13 0 
0	5000
0	124
0	133
0	147
0	173
0	199
0	318
0	370
0	418
0	432
0	471
0	527
0	562
0	630
0	669
0	681
0	747
0	821
0	885
0	895
0	907
0	927
0	962
0	982
0	995
0	1027
0	1052
0	1075
0	1095
0	1114
0	1126
0	1149
0	1192
0	1236
0	1258
0	1264
0	1290
0	1324
0	1347
0	1370
0	1376
0	1427
0	1483
0	1492
0	1518
0	1533
0	1562
0	1592
0	1616
0	1644
0	1664
0	1685
0	1704
0	1721
0	1740
0	1776
C:
0 3 3 3 3 3 3 3 3 3 3 3 3 3 3 3 3 3 3 3 3 3 3 3 3 3 3 3 3 3 3 3 3 3 3 3 3 3 3 3 3 3 3 3 3 3 3 3 3 3 3 3 3 3 3 3 3 
1 0 1 1 1 1 1 1 1 1 1 1 1 1 1 1 1 1 1 1 1 1 1 1 1 1 1 1 1 1 1 1 1 1 1 1 1 1 1 1 1 1 1 1 1 1 1 1 1 1 1 1 1 1 1 1 1 
1 1 0 1 1 1 1 1 1 1 1 1 1 1 1 1 1 1 1 1 1 1 1 1 1 1 1 1 1 1 1 1 1 1 1 1 1 1 1 1 1 1 1 1 1 1 1 1 1 1 1 1 1 1 1 1 1 
1 1 1 0 1 1 1 1 1 1 1 1 1 1 1 1 1 1 1 1 1 1 1 1 1 1 1 1 1 1 1 1 1 1 1 1 1 1 1 1 1 1 1 1 1 1 1 1 1 1 1 1 1 1 1 1 1 
1 1 1 1 0 1 1 1 1 1 1 1 1 1 1 1 1 1 1 1 1 1 1 1 1 1 1 1 1 1 1 1 1 1 1 1 1 1 1 1 1 1 1 1 1 1 1 1 1 1 1 1 1 1 1 1 1 
1 1 1 1 1 0 1 1 1 1 1 1 1 1 1 1 1 1 1 1 1 1 1 1 1 1 1 1 1 1 1 1 1 1 1 1 1 1 1 1 1 1 1 1 1 1 1 1 1 1 1 1 1 1 1 1 1 
3 3 3 3 3 3 0 3 3 3 3 3 3 3 3 3 3 3 3 3 3 3 3 3 3 3 3 3 3 3 3 3 3 3 3 3 3 3 3 3 3 3 3 3 3 3 3 3 3 3 3 3 3 3 3 3 3 
2 2 2 2 2 2 2 0 2 2 2 2 2 2 2 2 2 2 2 2 2 2 2 2 2 2 2 2 2 2 2 2 2 2 2 2 2 2 2 2 2 2 2 2 2 2 2 2 2 2 2 2 2 2 2 2 2 
1 1 1 1 1 1 1 1 0 1 1 1 1 1 1 1 1 1 1 1 1 1 1 1 1 1 1 1 1 1 1 1 1 1 1 1 1 1 1 1 1 1 1 1 1 1 1 1 1 1 1 1 1 1 1 1 1 
1 1 1 1 1 1 1 1 1 0 1 1 1 1 1 1 1 1 1 1 1 1 1 1 1 1 1 1 1 1 1 1 1 1 1 1 1 1 1 1 1 1 1 1 1 1 1 1 1 1 1 1 1 1 1 1 1 
2 2 2 2 2 2 2 2 2 2 0 2 2 2 2 2 2 2 2 2 2 2 2 2 2 2 2 2 2 2 2 2 2 2 2 2 2 2 2 2 2 2 2 2 2 2 2 2 2 2 2 2 2 2 2 2 2 
2 2 2 2 2 2 2 2 2 2 2 0 2 2 2 2 2 2 2 2 2 2 2 2 2 2 2 2 2 2 2 2 2 2 2 2 2 2 2 2 2 2 2 2 2 2 2 2 2 2 2 2 2 2 2 2 2 
1 1 1 1 1 1 1 1 1 1 1 1 0 1 1 1 1 1 1 1 1 1 1 1 1 1 1 1 1 1 1 1 1 1 1 1 1 1 1 1 1 1 1 1 1 1 1 1 1 1 1 1 1 1 1 1 1 
2 2 2 2 2 2 2 2 2 2 2 2 2 0 2 2 2 2 2 2 2 2 2 2 2 2 2 2 2 2 2 2 2 2 2 2 2 2 2 2 2 2 2 2 2 2 2 2 2 2 2 2 2 2 2 2 2 
2 2 2 2 2 2 2 2 2 2 2 2 2 2 0 2 2 2 2 2 2 2 2 2 2 2 2 2 2 2 2 2 2 2 2 2 2 2 2 2 2 2 2 2 2 2 2 2 2 2 2 2 2 2 2 2 2 
1 1 1 1 1 1 1 1 1 1 1 1 1 1 1 0 1 1 1 1 1 1 1 1 1 1 1 1 1 1 1 1 1 1 1 1 1 1 1 1 1 1 1 1 1 1 1 1 1 1 1 1 1 1 1 1 1 
3 3 3 3 3 3 3 3 3 3 3 3 3 3 3 3 0 3 3 3 3 3 3 3 3 3 3 3 3 3 3 3 3 3 3 3 3 3 3 3 3 3 3 3 3 3 3 3 3 3 3 3 3 3 3 3 3 
3 3 3 3 3 3 3 3 3 3 3 3 3 3 3 3 3 0 3 3 3 3 3 3 3 3 3 3 3 3 3 3 3 3 3 3 3 3 3 3 3 3 3 3 3 3 3 3 3 3 3 3 3 3 3 3 3 
1 1 1 1 1 1 1 1 1 1 1 1 1 1 1 1 1 1 0 1 1 1 1 1 1 1 1 1 1 1 1 1 1 1 1 1 1 1 1 1 1 1 1 1 1 1 1 1 1 1 1 1 1 1 1 1 1 
1 1 1 1 1 1 1 1 1 1 1 1 1 1 1 1 1 1 1 0 1 1 1 1 1 1 1 1 1 1 1 1 1 1 1 1 1 1 1 1 1 1 1 1 1 1 1 1 1 1 1 1 1 1 1 1 1 
1 1 1 1 1 1 1 1 1 1 1 1 1 1 1 1 1 1 1 1 0 1 1 1 1 1 1 1 1 1 1 1 1 1 1 1 1 1 1 1 1 1 1 1 1 1 1 1 1 1 1 1 1 1 1 1 1 
1 1 1 1 1 1 1 1 1 1 1 1 1 1 1 1 1 1 1 1 1 0 1 1 1 1 1 1 1 1 1 1 1 1 1 1 1 1 1 1 1 1 1 1 1 1 1 1 1 1 1 1 1 1 1 1 1 
1 1 1 1 1 1 1 1 1 1 1 1 1 1 1 1 1 1 1 1 1 1 0 1 1 1 1 1 1 1 1 1 1 1 1 1 1 1 1 1 1 1 1 1 1 1 1 1 1 1 1 1 1 1 1 1 1 
2 2 2 2 2 2 2 2 2 2 2 2 2 2 2 2 2 2 2 2 2 2 2 0 2 2 2 2 2 2 2 2 2 2 2 2 2 2 2 2 2 2 2 2 2 2 2 2 2 2 2 2 2 2 2 2 2 
2 2 2 2 2 2 2 2 2 2 2 2 2 2 2 2 2 2 2 2 2 2 2 2 0 2 2 2 2 2 2 2 2 2 2 2 2 2 2 2 2 2 2 2 2 2 2 2 2 2 2 2 2 2 2 2 2 
2 2 2 2 2 2 2 2 2 2 2 2 2 2 2 2 2 2 2 2 2 2 2 2 2 0 2 2 2 2 2 2 2 2 2 2 2 2 2 2 2 2 2 2 2 2 2 2 2 2 2 2 2 2 2 2 2 
1 1 1 1 1 1 1 1 1 1 1 1 1 1 1 1 1 1 1 1 1 1 1 1 1 1 0 1 1 1 1 1 1 1 1 1 1 1 1 1 1 1 1 1 1 1 1 1 1 1 1 1 1 1 1 1 1 
2 2 2 2 2 2 2 2 2 2 2 2 2 2 2 2 2 2 2 2 2 2 2 2 2 2 2 0 2 2 2 2 2 2 2 2 2 2 2 2 2 2 2 2 2 2 2 2 2 2 2 2 2 2 2 2 2 
1 1 1 1 1 1 1 1 1 1 1 1 1 1 1 1 1 1 1 1 1 1 1 1 1 1 1 1 0 1 1 1 1 1 1 1 1 1 1 1 1 1 1 1 1 1 1 1 1 1 1 1 1 1 1 1 1 
1 1 1 1 1 1 1 1 1 1 1 1 1 1 1 1 1 1 1 1 1 1 1 1 1 1 1 1 1 0 1 1 1 1 1 1 1 1 1 1 1 1 1 1 1 1 1 1 1 1 1 1 1 1 1 1 1 
1 1 1 1 1 1 1 1 1 1 1 1 1 1 1 1 1 1 1 1 1 1 1 1 1 1 1 1 1 1 0 1 1 1 1 1 1 1 1 1 1 1 1 1 1 1 1 1 1 1 1 1 1 1 1 1 1 
3 3 3 3 3 3 3 3 3 3 3 3 3 3 3 3 3 3 3 3 3 3 3 3 3 3 3 3 3 3 3 0 3 3 3 3 3 3 3 3 3 3 3 3 3 3 3 3 3 3 3 3 3 3 3 3 3 
2 2 2 2 2 2 2 2 2 2 2 2 2 2 2 2 2 2 2 2 2 2 2 2 2 2 2 2 2 2 2 2 0 2 2 2 2 2 2 2 2 2 2 2 2 2 2 2 2 2 2 2 2 2 2 2 2 
3 3 3 3 3 3 3 3 3 3 3 3 3 3 3 3 3 3 3 3 3 3 3 3 3 3 3 3 3 3 3 3 3 0 3 3 3 3 3 3 3 3 3 3 3 3 3 3 3 3 3 3 3 3 3 3 3 
1 1 1 1 1 1 1 1 1 1 1 1 1 1 1 1 1 1 1 1 1 1 1 1 1 1 1 1 1 1 1 1 1 1 0 1 1 1 1 1 1 1 1 1 1 1 1 1 1 1 1 1 1 1 1 1 1 
2 2 2 2 2 2 2 2 2 2 2 2 2 2 2 2 2 2 2 2 2 2 2 2 2 2 2 2 2 2 2 2 2 2 2 0 2 2 2 2 2 2 2 2 2 2 2 2 2 2 2 2 2 2 2 2 2 
1 1 1 1 1 1 1 1 1 1 1 1 1 1 1 1 1 1 1 1 1 1 1 1 1 1 1 1 1 1 1 1 1 1 1 1 0 1 1 1 1 1 1 1 1 1 1 1 1 1 1 1 1 1 1 1 1 
3 3 3 3 3 3 3 3 3 3 3 3 3 3 3 3 3 3 3 3 3 3 3 3 3 3 3 3 3 3 3 3 3 3 3 3 3 0 3 3 3 3 3 3 3 3 3 3 3 3 3 3 3 3 3 3 3 
1 1 1 1 1 1 1 1 1 1 1 1 1 1 1 1 1 1 1 1 1 1 1 1 1 1 1 1 1 1 1 1 1 1 1 1 1 1 0 1 1 1 1 1 1 1 1 1 1 1 1 1 1 1 1 1 1 
1 1 1 1 1 1 1 1 1 1 1 1 1 1 1 1 1 1 1 1 1 1 1 1 1 1 1 1 1 1 1 1 1 1 1 1 1 1 1 0 1 1 1 1 1 1 1 1 1 1 1 1 1 1 1 1 1 
1 1 1 1 1 1 1 1 1 1 1 1 1 1 1 1 1 1 1 1 1 1 1 1 1 1 1 1 1 1 1 1 1 1 1 1 1 1 1 1 0 1 1 1 1 1 1 1 1 1 1 1 1 1 1 1 1 
3 3 3 3 3 3 3 3 3 3 3 3 3 3 3 3 3 3 3 3 3 3 3 3 3 3 3 3 3 3 3 3 3 3 3 3 3 3 3 3 3 0 3 3 3 3 3 3 3 3 3 3 3 3 3 3 3 
2 2 2 2 2 2 2 2 2 2 2 2 2 2 2 2 2 2 2 2 2 2 2 2 2 2 2 2 2 2 2 2 2 2 2 2 2 2 2 2 2 2 0 2 2 2 2 2 2 2 2 2 2 2 2 2 2 
2 2 2 2 2 2 2 2 2 2 2 2 2 2 2 2 2 2 2 2 2 2 2 2 2 2 2 2 2 2 2 2 2 2 2 2 2 2 2 2 2 2 2 0 2 2 2 2 2 2 2 2 2 2 2 2 2 
1 1 1 1 1 1 1 1 1 1 1 1 1 1 1 1 1 1 1 1 1 1 1 1 1 1 1 1 1 1 1 1 1 1 1 1 1 1 1 1 1 1 1 1 0 1 1 1 1 1 1 1 1 1 1 1 1 
2 2 2 2 2 2 2 2 2 2 2 2 2 2 2 2 2 2 2 2 2 2 2 2 2 2 2 2 2 2 2 2 2 2 2 2 2 2 2 2 2 2 2 2 2 0 2 2 2 2 2 2 2 2 2 2 2 
1 1 1 1 1 1 1 1 1 1 1 1 1 1 1 1 1 1 1 1 1 1 1 1 1 1 1 1 1 1 1 1 1 1 1 1 1 1 1 1 1 1 1 1 1 1 0 1 1 1 1 1 1 1 1 1 1 
2 2 2 2 2 2 2 2 2 2 2 2 2 2 2 2 2 2 2 2 2 2 2 2 2 2 2 2 2 2 2 2 2 2 2 2 2 2 2 2 2 2 2 2 2 2 2 0 2 2 2 2 2 2 2 2 2 
1 1 1 1 1 1 1 1 1 1 1 1 1 1 1 1 1 1 1 1 1 1 1 1 1 1 1 1 1 1 1 1 1 1 1 1 1 1 1 1 1 1 1 1 1 1 1 1 0 1 1 1 1 1 1 1 1 
2 2 2 2 2 2 2 2 2 2 2 2 2 2 2 2 2 2 2 2 2 2 2 2 2 2 2 2 2 2 2 2 2 2 2 2 2 2 2 2 2 2 2 2 2 2 2 2 2 0 2 2 2 2 2 2 2 
2 2 2 2 2 2 2 2 2 2 2 2 2 2 2 2 2 2 2 2 2 2 2 2 2 2 2 2 2 2 2 2 2 2 2 2 2 2 2 2 2 2 2 2 2 2 2 2 2 2 0 2 2 2 2 2 2 
1 1 1 1 1 1 1 1 1 1 1 1 1 1 1 1 1 1 1 1 1 1 1 1 1 1 1 1 1 1 1 1 1 1 1 1 1 1 1 1 1 1 1 1 1 1 1 1 1 1 1 0 1 1 1 1 1 
2 2 2 2 2 2 2 2 2 2 2 2 2 2 2 2 2 2 2 2 2 2 2 2 2 2 2 2 2 2 2 2 2 2 2 2 2 2 2 2 2 2 2 2 2 2 2 2 2 2 2 2 0 2 2 2 2 
2 2 2 2 2 2 2 2 2 2 2 2 2 2 2 2 2 2 2 2 2 2 2 2 2 2 2 2 2 2 2 2 2 2 2 2 2 2 2 2 2 2 2 2 2 2 2 2 2 2 2 2 2 0 2 2 2 
2 2 2 2 2 2 2 2 2 2 2 2 2 2 2 2 2 2 2 2 2 2 2 2 2 2 2 2 2 2 2 2 2 2 2 2 2 2 2 2 2 2 2 2 2 2 2 2 2 2 2 2 2 2 0 2 2 
2 2 2 2 2 2 2 2 2 2 2 2 2 2 2 2 2 2 2 2 2 2 2 2 2 2 2 2 2 2 2 2 2 2 2 2 2 2 2 2 2 2 2 2 2 2 2 2 2 2 2 2 2 2 2 0 2 
3 3 3 3 3 3 3 3 3 3 3 3 3 3 3 3 3 3 3 3 3 3 3 3 3 3 3 3 3 3 3 3 3 3 3 3 3 3 3 3 3 3 3 3 3 3 3 3 3 3 3 3 3 3 3 3 0 
Time:
0	15
15	30
30	45
45	60
60	75
75	90
90	105
105	120
120	135
135	150
150	165
165	180
180	195
195	210
210	225
225	240
240	255
255	270
270	285
285	300
300	315
315	330
330	345
345	360
360	375
375	390
390	405
405	420
420	435
435	450
450	465
465	480
480	495
495	510
510	525
525	540
540	555
555	570
570	585
585	600
600	615
615	630
630	645
645	660
660	675
675	690
690	705
705	720
720	735
735	750
750	765
765	780
780	795
795	810
810	825
825	840
840	855
855	870
870	885
885	900
900	915
915	930
930	945
945	960
960	975
975	990
990	1005
1005	1020
1020	1035
1035	1050
1050	1065
1065	1080
1080	5000
Speed:
0.925	0.85	0.925	1	0.8325	0.765	0.8325	0.9	0.4625	0.425	0.4625	0.5	0.30525	0.2805	0.30525	0.33	0.37	0.34	0.37	0.4	0.555	0.51	0.555	0.6	0.6475	0.595	0.6475	0.7	0.37	0.34	0.37	0.4	0.30525	0.2805	0.30525	0.33	0.4625	0.425	0.4625	0.5	0.6475	0.595	0.6475	0.7	0.74	0.68	0.74	0.8	0.6475	0.595	0.6475	0.7	0.4625	0.425	0.4625	0.5	0.555	0.51	0.555	0.6	0.6475	0.595	0.6475	0.7	0.8325	0.765	0.8325	0.9	0.925	0.85	0.925	1	1	
0.925	0.85	0.925	1	0.8325	0.765	0.8325	0.9	0.4625	0.425	0.4625	0.5	0.30525	0.2805	0.30525	0.33	0.37	0.34	0.37	0.4	0.555	0.51	0.555	0.6	0.6475	0.595	0.6475	0.7	0.37	0.34	0.37	0.4	0.30525	0.2805	0.30525	0.33	0.4625	0.425	0.4625	0.5	0.6475	0.595	0.6475	0.7	0.74	0.68	0.74	0.8	0.6475	0.595	0.6475	0.7	0.4625	0.425	0.4625	0.5	0.555	0.51	0.555	0.6	0.6475	0.595	0.6475	0.7	0.8325	0.765	0.8325	0.9	0.925	0.85	0.925	1	1	
0.925	0.85	0.925	1	0.8325	0.765	0.8325	0.9	0.4625	0.425	0.4625	0.5	0.30525	0.2805	0.30525	0.33	0.37	0.34	0.37	0.4	0.555	0.51	0.555	0.6	0.6475	0.595	0.6475	0.7	0.37	0.34	0.37	0.4	0.30525	0.2805	0.30525	0.33	0.4625	0.425	0.4625	0.5	0.6475	0.595	0.6475	0.7	0.74	0.68	0.74	0.8	0.6475	0.595	0.6475	0.7	0.4625	0.425	0.4625	0.5	0.555	0.51	0.555	0.6	0.6475	0.595	0.6475	0.7	0.8325	0.765	0.8325	0.9	0.925	0.85	0.925	1	1	
