56
0 59.95 107.97 51.27 78.2 74.4 76.88 67.51 69.15 68.67 68.2 83.72 29 72.16 67.82 76.27 94.86 64.14 56.73 81.48 101.34 70.68 73.06 74.28 73.65 82.25 44.51 45.34 86.6 69.66 69.46 73.42 69.7 66.44 68.87 57.33 55.25 71.14 81.37 72.61 71.71 51.32 82.95 77.26 68.13 65.92 63.54 67.93 83.9 75.06 64.47 92.3 57.65 105.95 74.56 79.66 
59.95 0 48.28 9.09 18.25 14.53 17.96 18.49 17.38 12.67 31.21 24.4 41.37 14.68 8.87 16.9 34.98 15.44 8.23 22.46 45.56 15.26 17.01 14.85 27.39 22.36 21.83 16.48 26.73 9.97 9.75 23.2 11.94 16.34 8.95 9.84 25.03 14.18 24.17 13.8 18.38 9.26 23.55 22.98 8.29 19.35 10.99 9.56 26.72 17.05 4.52 32.41 11.38 46.02 18.08 23.32 
107.97 48.28 0 57.3 30.27 33.75 33.98 49.16 46.24 39.91 60.48 27.65 88.58 39.39 40.15 31.7 16.06 50.5 53.4 30.16 20.2 38.39 40.26 33.69 50.67 25.97 68.2 64.3 21.62 39.24 39.39 46.31 38.46 48.65 39.6 53.62 64.8 37.35 28.14 37.64 38.69 57.38 28.07 34.02 40 51.59 48.35 40.08 26.06 33.29 43.81 17.94 50.65 5.05 38.86 30.35 
51.27 9.09 57.3 0 27.13 23.55 25.74 20.67 20.88 20.78 30.24 32.51 32.46 21.39 17.83 25.98 43.62 16.92 7.02 30.34 54.33 23.33 22.91 23.94 29.36 31.34 13.76 7.58 35.7 18.41 18.22 26.5 20.63 18.78 17.75 8.64 20.61 22.7 32.97 21.45 25.95 13.57 31.72 31.06 17.35 20.43 14.06 18.36 35.56 25.92 13.49 41.07 6.69 54.91 24.29 31.93 
78.2 18.25 30.27 27.13 0 12.24 7.2 22.23 19.31 14.02 36 8.54 58.41 11.28 11.3 5.14 16.9 22.19 23.22 8.22 31.59 14.31 13.61 5.77 27.68 4.39 38.1 34.04 8.66 9 9.14 22.31 11.43 20.94 9.38 23.61 36.41 12.02 12.94 8.58 17.19 27.18 7.68 17.07 10.16 24.53 18.98 11.79 14.47 9.34 13.73 14.31 20.57 27.79 12.91 14.07 
74.4 14.53 33.75 23.55 12.24 0 8.8 21.57 18.83 10.31 35.68 12.26 55.31 11.01 7.19 11.29 20.94 20.84 20.28 11.4 33.09 11.05 13.85 11.57 28.12 7.85 35.16 30.68 12.21 6.35 6.4 22.77 7.61 19.98 6.04 20.91 34.62 8.65 12.73 8.05 14.31 23.65 11.36 15.36 6.27 23.69 17.06 7.72 14.82 7.09 10.06 18.35 16.9 31.55 13.59 13.18 
76.88 17.96 33.98 25.74 7.2 8.8 0 15.86 12.87 18.7 29.16 6.89 55.03 5.41 14.26 11.72 18.67 16.61 20.34 4.6 38.16 19.77 6.83 11.4 20.54 10.41 34.65 31.73 13.61 8.2 8.44 15.2 15.95 14.94 9.79 20.16 30.99 17.35 20.13 4.29 23.1 25.62 6.2 23.88 11.8 18.26 14.46 15.24 21.65 15.74 13.87 16.31 19.89 30.64 5.86 21.16 
67.51 18.49 49.16 20.67 22.23 21.57 15.86 0 11.93 27.71 14.18 21.52 42.42 10.95 22.25 25.2 33.25 12.14 13.68 19.04 53.79 29.85 9.07 23.87 8.97 26.1 23.07 23.14 29.47 15.93 16.02 6.07 25.51 12.9 17.41 12.07 15.84 27.75 34.29 13.75 33.48 20.2 21.18 36.28 19.42 13.6 7.52 23.49 36.28 28.19 17.75 31.22 18.65 45.34 10.34 34.68 
69.15 17.38 46.24 20.88 19.31 18.83 12.87 11.93 0 25.56 16.85 18.59 44.69 8.04 20.09 22.45 30.38 5.06 13.9 16.1 50.84 27.58 6.08 21.21 10.25 23.13 24.95 24.27 26.48 13.46 13.58 5.85 23.23 12.3 15.06 12.57 18.63 25.4 31.53 10.9 31.22 20.47 18.23 33.76 17.19 5.41 6.92 21.34 33.46 25.59 15.98 28.31 17.91 42.48 7.39 31.99 
68.67 12.67 39.91 20.78 14.02 10.31 18.7 27.71 25.56 0 41.66 22.5 53.13 19.08 5.47 9.5 29.66 25.7 20.78 21.71 33.75 10.69 22.12 8.25 35.69 16.27 34.27 28.35 19.99 12.39 12.21 30.61 12.06 25.71 10.6 22.2 37.36 9 12.76 16.46 5.93 21.15 21.61 10.35 8.38 29.31 21.14 4.22 15.33 6.65 10.43 27.17 14.7 38.75 22.37 11.33 
68.2 31.21 60.48 30.24 36 35.68 29.16 14.18 16.85 41.66 0 33.64 40.16 24.83 36.25 39.3 44.45 16.03 24.25 31.37 67.31 43.89 22.41 38.03 9.89 39.57 25.58 29.23 42.49 30.1 30.19 14.37 39.57 16.02 31.54 22.33 13.24 41.85 48.38 27.74 47.51 29.63 33.53 50.46 33.48 12.36 20.65 37.47 50.29 42.37 31.42 42.83 30.68 56.16 23.31 48.83 
83.72 24.4 27.65 32.51 8.54 12.26 6.89 21.52 18.59 22.5 33.64 0 61.84 12.11 19.15 13.58 11.94 22.91 27.23 11.5 34.43 22.85 12.62 14.3 24.2 8.55 41.48 38.62 9.48 14.43 14.65 19.27 19.84 21.02 15.69 27.04 37.16 20.56 19.73 11.12 25.65 32.42 13.1 24.91 17.28 23.96 21.24 19.87 20.48 17.72 20.07 9.74 26.47 24.02 11.21 21.4 
29 41.37 88.58 32.46 58.41 55.31 55.03 42.42 44.69 53.13 40.16 61.84 0 49.73 50.23 58.12 73.7 39.68 35.19 59.37 86.78 55.62 49.74 56.09 46.91 62.78 20.4 24.91 67.06 49.41 49.28 47.81 53.09 41.92 49.28 34.98 27.95 55.14 65.43 51.07 57.92 32.18 61.22 63.26 49.39 40.39 40.61 50.81 68.01 58.36 45.48 71.31 39.01 85.6 51.28 64.36 
72.16 14.68 39.39 21.39 11.28 11.01 5.41 10.95 8.04 19.08 24.83 12.11 49.73 0 13.84 14.56 24.01 11.26 15.44 9.64 42.84 20.75 12.25 13.51 17.14 15.21 29.39 26.85 18.8 6.76 6.96 11.83 16.49 9.75 8.62 15.03 25.65 18.42 23.58 9.7 24.34 21.19 11.51 26.25 10.93 13.26 9.13 15.04 25.46 17.98 11.41 21.69 16.21 36.02 11.27 24.18 
67.82 8.87 40.15 17.83 11.3 7.19 14.26 22.25 20.09 5.47 36.25 19.15 50.23 13.84 0 8.45 28.06 20.33 16.36 17.9 36.71 7.66 16.86 6.47 30.24 14.74 30.64 25.32 18.97 7.09 6.89 25.2 12.01 20.27 5.24 17.56 32.51 5.84 15.31 11.41 11.26 18.07 18.25 14.84 11.27 23.89 15.83 9.69 17.86 8.18 5.42 25.48 11.21 38.32 17.24 14.6 
76.27 16.9 31.7 25.98 5.14 11.29 11.72 25.2 22.45 9.5 39.3 13.58 58.12 14.56 8.45 0 20.24 24.46 23.35 13.35 29.65 9.36 17.33 8.68 31.61 6.79 38.14 33.32 10.73 9.84 9.86 26.24 7.24 23.61 9.2 24.13 38.13 7.21 9.1 11.61 12.08 26.15 12.75 12.16 8.73 27.32 20.59 8.44 11.21 4.2 12.64 17.72 19.29 29.96 16.95 9.64 
94.86 34.98 16.06 43.62 16.9 20.94 18.67 33.25 30.38 29.66 44.45 11.94 73.7 24.01 28.06 20.24 0 34.83 38.84 14.46 27.58 29.02 24.51 21.87 34.66 13.46 53.32 50.12 9.79 25.21 25.4 30.25 27.47 32.89 26.03 38.79 49.01 27.23 21.42 22.7 30.71 43.6 12.51 27.8 27.04 35.68 33.13 28.39 20.67 23.37 30.48 17.25 37.23 12.1 23.06 23.71 
64.14 15.44 50.5 16.92 22.19 20.84 16.61 12.14 5.06 25.7 16.03 22.91 39.68 11.26 20.33 24.46 34.83 0 9.95 20.39 53.7 28 10.33 22.91 12.52 26.34 19.89 19.47 30.05 14.73 14.77 9.79 23.73 10 15.92 8.3 14.39 26.05 33.51 13.63 31.59 16.44 22.44 34.85 17.68 10.47 4.62 21.54 35.66 27.01 15.4 32.65 15.31 46.92 11.82 33.64 
56.73 8.23 53.4 7.02 23.22 20.28 20.34 13.68 13.9 20.78 24.25 27.23 35.19 15.44 16.36 23.35 38.84 9.95 0 24.89 52.81 23.36 16.47 21.39 22.45 27.6 14.9 11.42 31.86 14.23 14.1 19.48 19.71 11.76 14.24 13.43 16.83 22.05 31.52 16.16 26.58 6.58 26.52 31 14.76 13.59 7.2 17.28 34 24.41 11.02 36.37 6.83 50.56 17.94 30.95 
81.48 22.46 30.16 30.34 8.22 11.4 4.6 19.04 16.1 21.71 31.37 11.5 59.37 9.64 17.9 13.35 14.46 20.39 24.89 0 36.34 22.34 10.11 13.71 22.08 9.47 39.03 36.29 11.3 12.55 12.79 17.02 18.99 18.5 13.98 24.63 34.65 19.98 20.45 8.89 25.37 30.22 10.81 25.18 15.77 21.48 18.77 18.73 21.48 17.55 18.25 12.26 24.44 26.54 8.71 21.92 
101.34 45.56 20.2 54.33 31.59 33.09 38.16 53.79 50.84 33.75 67.31 34.43 86.78 42.84 36.71 29.65 27.58 53.7 52.81 36.34 0 31.36 44.96 31.51 58.36 27.75 67.35 61.89 25.04 39.44 39.47 53.16 33.71 52.53 38.84 53.72 67.7 31.65 21.4 40.15 29.73 54.63 34.3 24.16 38.05 56.11 50.14 36.02 18.85 28.53 41.83 27.57 47.86 23.82 44 22.44 
70.68 15.26 38.39 23.33 14.31 11.05 19.77 29.85 27.58 10.69 43.89 22.85 55.62 20.75 7.66 9.36 29.02 28 23.36 22.34 31.36 0 23.79 8.63 37.61 15.89 36.85 30.89 19.25 14.21 14.06 32.45 4.35 27.89 12.52 24.75 39.89 11.24 10.7 18 12.34 23.7 22 7.76 10.43 31.53 23.48 6.46 13.22 5.66 12.87 26.6 17.3 37.52 23.91 9.04 
73.06 17.01 40.26 22.91 13.61 13.85 6.83 9.07 6.08 22.12 22.41 12.62 49.74 12.25 16.86 17.33 24.51 10.33 16.47 10.11 44.96 23.79 0 16.41 14.28 17.2 29.58 27.74 20.42 9.77 9.97 8.92 19.53 8.39 11.62 15.73 24.54 21.45 26.24 5.88 27.37 22.64 12.2 29.17 13.94 11.49 9.52 18.06 28.01 20.89 14.13 22.36 18.3 36.61 11.79 26.97 
74.28 14.85 33.69 23.94 5.77 11.57 11.4 23.87 21.21 8.25 38.03 14.3 56.09 13.51 6.47 8.68 21.87 22.91 21.39 13.71 31.51 8.63 16.41 0 30.65 8.42 36.14 31.28 12.55 8.19 8.17 25.32 5.73 22.2 7.34 22.22 36.39 6.28 10.62 10.56 11.76 24.11 13.42 12.77 6.7 25.92 18.9 6.57 12.89 4.49 10.62 19.31 17.24 31.86 16.19 10.81 
73.65 27.39 50.67 29.36 27.68 28.12 20.54 8.97 10.25 35.69 9.89 24.2 46.91 17.14 30.24 31.61 34.66 12.52 22.45 22.08 58.36 37.61 14.28 30.65 0 30.83 29.34 30.85 33.35 23.4 23.55 5.38 33.27 11.1 25.11 20.73 18.97 35.36 40.48 20.09 41.24 28.85 24.19 43.4 27.31 8.96 16.47 31.48 42.15 35.13 26.23 33.13 27.62 46.3 14.78 41.24 
82.25 22.36 25.97 31.34 4.39 7.85 10.41 26.1 23.13 16.27 39.57 8.55 62.78 15.21 14.74 6.79 13.46 26.34 27.6 9.47 27.75 15.89 17.2 8.42 30.83 0 42.48 38.34 4.37 13.37 13.5 25.54 14.02 24.96 13.63 27.99 40.64 13.91 11.19 12.72 18.11 31.41 7.96 16.59 14.12 28.45 23.29 14.97 12.02 10.3 17.86 10.93 24.71 23.7 16.27 12.92 
44.51 21.83 68.2 13.76 38.1 35.16 34.65 23.07 24.95 34.27 25.58 41.48 20.4 29.39 30.64 38.14 53.32 19.89 14.9 39.03 67.35 36.85 29.58 36.14 29.34 42.48 0 6.94 46.72 29.12 29 28.92 33.76 22.19 29.11 14.58 12.54 35.98 45.96 30.66 39.63 13.29 40.84 44.61 29.45 21.41 20.28 31.39 48.5 38.83 25.58 50.91 19.61 65.19 31.12 45.15 
45.34 16.48 64.3 7.58 34.04 30.68 31.73 23.14 24.27 28.35 29.23 38.62 24.91 26.85 25.32 33.32 50.12 19.47 11.42 36.29 61.89 30.89 27.74 31.28 30.85 38.34 6.94 0 42.68 25.1 24.94 29.21 28.19 21.7 24.72 12.02 17.3 30.27 40.53 27.51 33.43 7.27 37.88 38.6 24.61 22.1 18.25 25.9 43.1 33.45 20.7 47.61 14.11 61.68 29.24 39.5 
86.6 26.73 21.62 35.7 8.66 12.21 13.61 29.47 26.48 19.99 42.49 9.48 67.06 18.8 18.97 10.73 9.79 30.05 31.86 11.3 25.04 19.25 20.42 12.55 33.35 4.37 46.72 42.68 0 17.65 17.79 28.22 17.95 28.51 17.98 32.19 44.42 17.51 12.23 16.57 20.96 35.77 9.27 18.4 18.48 31.87 27.28 19.12 12.13 13.6 22.23 7.46 29.08 19.37 19.29 14.38 
69.66 9.97 39.24 18.41 9 6.35 8.2 15.93 13.46 12.39 30.1 14.43 49.41 6.76 7.09 9.84 25.21 14.73 14.23 12.55 39.44 14.21 9.77 8.19 23.4 13.37 29.12 25.1 17.65 0 9.27 18.25 9.88 14.14 10.15 14.69 28.3 11.97 18.81 4.52 17.84 18.4 13.58 20.35 4.18 17.86 10.75 8.29 21.03 12.31 5.7 22.66 12.1 36.59 10.19 18.91 
69.46 9.75 39.39 18.22 9.14 6.4 8.44 16.02 13.58 12.21 30.19 14.65 49.28 6.96 6.89 9.86 25.4 14.77 14.1 12.79 39.47 14.06 9.97 8.17 23.55 13.5 29 24.94 17.79 9.27 0 18.41 9.73 14.21 9.92 14.6 28.28 11.83 18.79 4.75 17.69 18.21 13.8 20.26 12.28 17.93 10.74 8.1 21.03 12.25 5.46 22.85 11.89 36.76 10.4 18.87 
73.42 23.2 46.31 26.5 22.31 22.77 15.2 6.07 5.85 30.61 14.37 19.27 47.81 11.83 25.2 26.24 30.25 9.79 19.48 17.02 53.16 32.45 8.92 25.32 5.38 25.54 28.92 29.21 28.22 18.25 18.41 0 28.13 7.73 20 17.99 20.38 30.16 35.1 14.76 36.06 26.05 19.17 38.07 22.25 7.53 12.72 26.44 36.78 29.8 21.53 28.53 23.77 42.13 9.41 35.88 
69.7 11.94 38.46 20.63 11.43 7.61 15.95 25.51 23.23 12.06 39.57 19.84 53.09 16.49 12.01 7.24 27.47 23.73 19.71 18.99 33.71 4.35 19.53 5.73 33.27 14.02 33.76 28.19 17.95 9.88 9.73 28.13 0 23.56 8.17 20.96 35.96 12.01 12.35 13.81 7.99 20.92 18.95 11.39 6.09 27.22 19.25 10.27 14.94 5.42 8.86 24.94 14.18 37.02 19.72 11.38 
66.44 16.34 48.65 18.78 20.94 19.98 14.94 12.9 12.3 25.71 16.02 21.02 41.92 9.75 20.27 23.61 32.89 10 11.76 18.5 52.53 27.89 8.39 22.2 11.1 24.96 22.19 21.7 28.51 14.14 14.21 7.73 23.56 0 15.53 10.26 16.15 25.83 32.71 12.38 31.52 18.33 20.59 34.46 17.47 13.83 5.38 21.5 34.77 26.44 15.66 30.76 16.52 44.99 9.83 32.99 
68.87 8.95 39.6 17.75 9.38 6.04 9.79 17.41 15.06 10.6 31.54 15.69 49.28 8.62 5.24 9.2 26.03 15.92 14.24 13.98 38.84 12.52 11.62 7.34 25.11 13.63 29.11 24.72 17.98 10.15 9.92 20 8.17 15.53 0 14.94 29.08 10.35 17.89 6.35 16.16 17.8 14.81 18.96 10.64 19.23 11.69 6.46 20.22 11.12 4.46 23.46 11.22 37.16 12.06 17.8 
57.33 9.84 53.62 8.64 23.61 20.91 20.16 12.07 12.57 22.2 22.33 27.04 34.98 15.03 17.56 24.13 38.79 8.3 13.43 24.63 53.72 24.75 15.73 22.22 20.73 27.99 14.58 12.02 32.19 14.69 14.6 17.99 20.96 10.26 14.94 0 15.21 23.33 32.53 16.1 28.05 8.14 26.36 32.32 15.72 11.81 6.23 18.55 34.97 25.47 12.15 36.36 8.64 50.62 17.24 32.08 
55.25 25.03 64.8 20.61 36.41 34.62 30.99 15.84 18.63 37.36 13.24 37.16 27.95 25.65 32.51 38.13 49.01 14.39 16.83 34.65 67.7 39.89 24.54 36.39 18.97 40.64 12.54 17.3 44.42 28.3 28.28 20.38 35.96 16.15 29.08 15.21 0 38.34 46.98 27.92 43.24 19.98 36.74 47.35 30.34 13.48 17.57 33.57 49.29 40.1 27.1 46.9 23.6 61.11 25.96 46.78 
71.14 14.18 37.35 22.7 12.02 8.65 17.35 27.75 25.4 9 41.85 20.56 55.14 18.42 5.84 7.21 27.23 26.05 22.05 19.98 31.65 11.24 21.45 6.28 35.36 13.91 35.98 30.27 17.51 11.97 11.83 30.16 12.01 25.83 10.35 23.33 38.34 0 10.43 15.63 5.92 23.02 19.69 9.01 8.38 29.51 21.6 4.78 13.02 10.77 11.24 24.76 16.37 36.2 21.53 9.23 
81.37 24.17 28.14 32.97 12.94 12.73 20.13 34.29 31.53 12.76 48.38 19.73 65.43 23.58 15.31 9.1 21.42 33.51 31.52 20.45 21.4 10.7 26.24 10.62 40.48 11.19 45.96 40.53 12.23 18.81 18.79 35.1 12.35 32.71 17.89 32.53 46.98 10.43 0 20.65 10.56 33.26 19.11 6.43 16.81 36.42 29.52 14.63 14.42 7.13 20.51 19.42 26.47 27.86 25.72 13.82 
72.61 13.8 37.64 21.45 8.58 8.05 4.29 13.75 10.9 16.46 27.74 11.12 51.07 9.7 11.41 11.61 22.7 13.63 16.16 8.89 40.15 18 5.88 10.56 20.09 12.72 30.66 27.51 16.57 4.52 4.75 14.76 13.81 12.38 6.35 16.1 27.92 15.63 20.65 0 21.55 21.33 10.38 23.31 8.61 15.99 10.74 12.55 22.56 15.03 9.93 20.27 15.66 34.53 5.92 21.22 
71.71 18.38 38.69 25.95 17.19 14.31 23.1 33.48 31.22 5.93 47.51 25.65 57.92 24.34 11.26 12.08 30.71 31.59 26.58 25.37 29.73 12.34 27.37 11.76 41.24 18.11 39.63 33.43 20.96 17.84 17.69 36.06 7.99 31.52 16.16 28.05 43.24 5.92 10.56 21.55 0 26.37 24.83 5.57 14.06 35.15 27.05 10.05 12.76 7.94 16.36 28.41 20.26 38.29 27.44 8.4 
51.32 9.26 57.38 13.57 27.18 23.65 25.62 20.2 20.47 21.15 29.63 32.42 32.18 21.19 18.07 26.15 43.6 16.44 6.58 30.22 54.63 23.7 22.64 24.11 28.85 31.41 13.29 7.27 35.77 18.4 18.21 26.05 20.92 18.33 17.8 8.14 19.98 23.02 33.26 21.33 26.37 0 31.64 31.45 17.49 19.91 13.69 18.63 35.84 26.19 13.6 41.06 6.87 54.94 24.03 32.25 
82.95 23.55 28.07 31.72 7.68 11.36 6.2 21.18 18.23 21.61 33.53 13.1 61.22 11.51 18.25 12.75 12.51 22.44 26.52 10.81 34.3 22 12.2 13.42 24.19 7.96 40.84 37.88 9.27 13.58 13.8 19.17 18.95 20.59 14.81 26.36 36.74 19.69 19.11 10.38 24.83 31.64 0 24.19 16.39 23.62 20.62 18.97 19.95 16.91 19.21 10.22 25.63 24.54 10.84 20.73 
77.26 22.98 34.02 31.06 17.07 15.36 23.88 36.28 33.76 10.35 50.46 24.91 63.26 26.25 14.84 12.16 27.8 34.85 31 25.18 24.16 7.76 29.17 12.77 43.4 16.59 44.61 38.6 18.4 20.35 20.26 38.07 11.39 34.46 18.96 32.32 47.35 9.01 6.43 23.31 5.57 31.45 24.19 0 17.22 38.17 30.49 13.78 7.99 8.28 20.25 25.73 25.05 34.08 28.95 12.36 
68.13 8.29 40 17.35 10.16 6.27 11.8 19.42 17.19 8.38 33.48 17.28 49.39 10.93 11.27 8.73 27.04 17.68 14.76 15.77 38.05 10.43 13.94 6.7 27.31 14.12 29.45 24.61 18.48 4.18 12.28 22.25 6.09 17.47 10.64 15.72 30.34 8.38 16.81 8.61 14.06 17.49 16.39 17.22 0 21.13 13.27 4.18 19.26 9.79 9.88 24.45 10.67 37.82 14.37 16.45 
65.92 19.35 51.59 20.43 24.53 23.69 18.26 13.6 5.41 29.31 12.36 23.96 40.39 13.26 23.89 27.32 35.68 10.47 13.59 21.48 56.11 31.53 11.49 25.92 8.96 28.45 21.41 22.1 31.87 17.86 17.93 7.53 27.22 13.83 19.23 11.81 13.48 29.51 36.42 15.99 35.15 19.91 23.62 38.17 21.13 0 8.45 25.11 38.46 30.17 19.13 33.66 19.21 47.76 12.78 36.72 
63.54 10.99 48.35 14.06 18.98 17.06 14.46 7.52 6.92 21.14 20.65 21.24 40.61 9.13 15.83 20.59 33.13 4.62 7.2 18.77 50.14 23.48 9.52 18.9 16.47 23.29 20.28 18.25 27.28 10.75 10.74 12.72 19.25 5.38 11.69 6.23 17.57 21.6 29.52 10.74 27.05 13.69 20.62 30.49 13.27 8.45 0 17.02 31.78 22.81 10.79 30.78 11.16 45.1 11.04 29.49 
67.93 9.56 40.08 18.36 11.79 7.72 15.24 23.49 21.34 4.22 37.47 19.87 50.81 15.04 9.69 8.44 28.39 21.54 17.28 18.73 36.02 6.46 18.06 6.57 31.48 14.97 31.39 25.9 19.12 8.29 8.1 26.44 10.27 21.5 6.46 18.55 33.57 4.78 14.63 12.55 10.05 18.63 18.97 13.78 4.18 25.11 17.02 0 17.21 7.56 6.47 25.82 11.84 38.4 18.41 13.77 
83.9 26.72 26.06 35.56 14.47 14.82 21.65 36.28 33.46 15.33 50.29 20.48 68.01 25.46 17.86 11.21 20.67 35.66 34 21.48 18.85 13.22 28.01 12.89 42.15 12.02 48.5 43.1 12.13 21.03 21.03 36.78 14.94 34.77 20.22 34.97 49.29 13.02 14.42 22.56 12.76 35.84 19.95 7.99 19.26 38.46 31.78 17.21 0 9.68 23 18.89 29.04 26.11 27.37 4.36 
75.06 17.05 33.29 25.92 9.34 7.09 15.74 28.19 25.59 6.65 42.37 17.72 58.36 17.98 8.18 4.2 23.37 27.01 24.41 17.55 28.53 5.66 20.89 4.49 35.13 10.3 38.83 33.45 13.6 12.31 12.25 29.8 5.42 26.44 11.12 25.47 40.1 10.77 7.13 15.03 7.94 26.19 16.91 8.28 9.79 30.17 22.81 7.56 9.68 0 13.39 20.95 19.37 32.12 20.68 6.69 
64.47 4.52 43.81 13.49 13.73 10.06 13.87 17.75 15.98 10.43 31.42 20.07 45.48 11.41 5.42 12.64 30.48 15.4 11.02 18.25 41.83 12.87 14.13 10.62 26.23 17.86 25.58 20.7 22.23 5.7 5.46 21.53 8.86 15.66 4.46 12.15 27.1 11.24 20.51 9.93 16.36 13.6 19.21 20.25 9.88 19.13 10.79 6.47 23 13.39 0 27.9 6.85 41.51 14.95 19.95 
92.3 32.41 17.94 41.07 14.31 18.35 16.31 31.22 28.31 27.17 42.83 9.74 71.31 21.69 25.48 17.72 17.25 32.65 36.37 12.26 27.57 26.6 22.36 19.31 33.13 10.93 50.91 47.61 7.46 22.66 22.85 28.53 24.94 30.76 23.46 36.36 46.9 24.76 19.42 20.27 28.41 41.06 10.22 25.73 24.45 33.66 30.78 25.82 18.89 20.95 27.9 0 34.66 14.33 20.94 21.67 
57.65 11.38 50.65 6.69 20.57 16.9 19.89 18.65 17.91 14.7 30.68 26.47 39.01 16.21 11.21 19.29 37.23 15.31 6.83 24.44 47.86 17.3 18.3 17.24 27.62 24.71 19.61 14.11 29.08 12.1 11.89 23.77 14.18 16.52 11.22 8.64 23.6 16.37 26.47 15.66 20.26 6.87 25.63 25.05 10.67 19.21 11.16 11.84 29.04 19.37 6.85 34.66 0 48.35 19.48 25.56 
105.95 46.02 5.05 54.91 27.79 31.55 30.64 45.34 42.48 38.75 56.16 24.02 85.6 36.02 38.32 29.96 12.1 46.92 50.56 26.54 23.82 37.52 36.61 31.86 46.3 23.7 65.19 61.68 19.37 36.59 36.76 42.13 37.02 44.99 37.16 50.62 61.11 36.2 27.86 34.53 38.29 54.94 24.54 34.08 37.82 47.76 45.1 38.4 26.11 32.12 41.51 14.33 48.35 0 35.16 30.17 
74.56 18.08 38.86 24.29 12.91 13.59 5.86 10.34 7.39 22.37 23.31 11.21 51.28 11.27 17.24 16.95 23.06 11.82 17.94 8.71 44 23.91 11.79 16.19 14.78 16.27 31.12 29.24 19.29 10.19 10.4 9.41 19.72 9.83 12.06 17.24 25.96 21.53 25.72 5.92 27.44 24.03 10.84 28.95 14.37 12.78 11.04 18.41 27.37 20.68 14.95 20.94 19.48 35.16 0 26.56 
79.66 23.32 30.35 31.93 14.07 13.18 21.16 34.68 31.99 11.33 48.83 21.4 64.36 24.18 14.6 9.64 23.71 33.64 30.95 21.92 22.44 9.04 26.97 10.81 41.24 12.92 45.15 39.5 14.38 18.91 18.87 35.88 11.38 32.99 17.8 32.08 46.78 9.23 13.82 21.22 8.4 32.25 20.73 12.36 16.45 36.72 29.49 13.77 4.36 6.69 19.95 21.67 25.56 30.17 26.56 0 
0	5000
0	106
0	167
0	320
0	376
0	397
0	411
0	437
0	454
0	518
0	630
0	685
0	771
0	860
0	887
0	903
0	939
0	994
0	1007
0	1038
0	1078
0	1113
0	1137
0	1153
0	1184
0	1214
0	1257
0	1264
0	1307
0	1324
0	1333
0	1352
0	1380
0	1404
0	1419
0	1434
0	1449
0	1488
0	1498
0	1519
0	1540
0	1567
0	1598
0	1622
0	1640
0	1661
0	1669
0	1686
0	1703
0	1713
0	1726
0	1754
0	1789
0	1837
0	1873
0	1899
C:
0 3 3 3 3 3 3 3 3 3 3 3 3 3 3 3 3 3 3 3 3 3 3 3 3 3 3 3 3 3 3 3 3 3 3 3 3 3 3 3 3 3 3 3 3 3 3 3 3 3 3 3 3 3 3 3 3 
1 0 1 1 1 1 1 1 1 1 1 1 1 1 1 1 1 1 1 1 1 1 1 1 1 1 1 1 1 1 1 1 1 1 1 1 1 1 1 1 1 1 1 1 1 1 1 1 1 1 1 1 1 1 1 1 1 
3 3 0 3 3 3 3 3 3 3 3 3 3 3 3 3 3 3 3 3 3 3 3 3 3 3 3 3 3 3 3 3 3 3 3 3 3 3 3 3 3 3 3 3 3 3 3 3 3 3 3 3 3 3 3 3 3 
2 2 2 0 2 2 2 2 2 2 2 2 2 2 2 2 2 2 2 2 2 2 2 2 2 2 2 2 2 2 2 2 2 2 2 2 2 2 2 2 2 2 2 2 2 2 2 2 2 2 2 2 2 2 2 2 2 
1 1 1 1 0 1 1 1 1 1 1 1 1 1 1 1 1 1 1 1 1 1 1 1 1 1 1 1 1 1 1 1 1 1 1 1 1 1 1 1 1 1 1 1 1 1 1 1 1 1 1 1 1 1 1 1 1 
1 1 1 1 1 0 1 1 1 1 1 1 1 1 1 1 1 1 1 1 1 1 1 1 1 1 1 1 1 1 1 1 1 1 1 1 1 1 1 1 1 1 1 1 1 1 1 1 1 1 1 1 1 1 1 1 1 
1 1 1 1 1 1 0 1 1 1 1 1 1 1 1 1 1 1 1 1 1 1 1 1 1 1 1 1 1 1 1 1 1 1 1 1 1 1 1 1 1 1 1 1 1 1 1 1 1 1 1 1 1 1 1 1 1 
2 2 2 2 2 2 2 0 2 2 2 2 2 2 2 2 2 2 2 2 2 2 2 2 2 2 2 2 2 2 2 2 2 2 2 2 2 2 2 2 2 2 2 2 2 2 2 2 2 2 2 2 2 2 2 2 2 
1 1 1 1 1 1 1 1 0 1 1 1 1 1 1 1 1 1 1 1 1 1 1 1 1 1 1 1 1 1 1 1 1 1 1 1 1 1 1 1 1 1 1 1 1 1 1 1 1 1 1 1 1 1 1 1 1 
1 1 1 1 1 1 1 1 1 0 1 1 1 1 1 1 1 1 1 1 1 1 1 1 1 1 1 1 1 1 1 1 1 1 1 1 1 1 1 1 1 1 1 1 1 1 1 1 1 1 1 1 1 1 1 1 1 
3 3 3 3 3 3 3 3 3 3 0 3 3 3 3 3 3 3 3 3 3 3 3 3 3 3 3 3 3 3 3 3 3 3 3 3 3 3 3 3 3 3 3 3 3 3 3 3 3 3 3 3 3 3 3 3 3 
1 1 1 1 1 1 1 1 1 1 1 0 1 1 1 1 1 1 1 1 1 1 1 1 1 1 1 1 1 1 1 1 1 1 1 1 1 1 1 1 1 1 1 1 1 1 1 1 1 1 1 1 1 1 1 1 1 
3 3 3 3 3 3 3 3 3 3 3 3 0 3 3 3 3 3 3 3 3 3 3 3 3 3 3 3 3 3 3 3 3 3 3 3 3 3 3 3 3 3 3 3 3 3 3 3 3 3 3 3 3 3 3 3 3 
1 1 1 1 1 1 1 1 1 1 1 1 1 0 1 1 1 1 1 1 1 1 1 1 1 1 1 1 1 1 1 1 1 1 1 1 1 1 1 1 1 1 1 1 1 1 1 1 1 1 1 1 1 1 1 1 1 
1 1 1 1 1 1 1 1 1 1 1 1 1 1 0 1 1 1 1 1 1 1 1 1 1 1 1 1 1 1 1 1 1 1 1 1 1 1 1 1 1 1 1 1 1 1 1 1 1 1 1 1 1 1 1 1 1 
1 1 1 1 1 1 1 1 1 1 1 1 1 1 1 0 1 1 1 1 1 1 1 1 1 1 1 1 1 1 1 1 1 1 1 1 1 1 1 1 1 1 1 1 1 1 1 1 1 1 1 1 1 1 1 1 1 
2 2 2 2 2 2 2 2 2 2 2 2 2 2 2 2 0 2 2 2 2 2 2 2 2 2 2 2 2 2 2 2 2 2 2 2 2 2 2 2 2 2 2 2 2 2 2 2 2 2 2 2 2 2 2 2 2 
1 1 1 1 1 1 1 1 1 1 1 1 1 1 1 1 1 0 1 1 1 1 1 1 1 1 1 1 1 1 1 1 1 1 1 1 1 1 1 1 1 1 1 1 1 1 1 1 1 1 1 1 1 1 1 1 1 
1 1 1 1 1 1 1 1 1 1 1 1 1 1 1 1 1 1 0 1 1 1 1 1 1 1 1 1 1 1 1 1 1 1 1 1 1 1 1 1 1 1 1 1 1 1 1 1 1 1 1 1 1 1 1 1 1 
1 1 1 1 1 1 1 1 1 1 1 1 1 1 1 1 1 1 1 0 1 1 1 1 1 1 1 1 1 1 1 1 1 1 1 1 1 1 1 1 1 1 1 1 1 1 1 1 1 1 1 1 1 1 1 1 1 
3 3 3 3 3 3 3 3 3 3 3 3 3 3 3 3 3 3 3 3 0 3 3 3 3 3 3 3 3 3 3 3 3 3 3 3 3 3 3 3 3 3 3 3 3 3 3 3 3 3 3 3 3 3 3 3 3 
2 2 2 2 2 2 2 2 2 2 2 2 2 2 2 2 2 2 2 2 2 0 2 2 2 2 2 2 2 2 2 2 2 2 2 2 2 2 2 2 2 2 2 2 2 2 2 2 2 2 2 2 2 2 2 2 2 
1 1 1 1 1 1 1 1 1 1 1 1 1 1 1 1 1 1 1 1 1 1 0 1 1 1 1 1 1 1 1 1 1 1 1 1 1 1 1 1 1 1 1 1 1 1 1 1 1 1 1 1 1 1 1 1 1 
1 1 1 1 1 1 1 1 1 1 1 1 1 1 1 1 1 1 1 1 1 1 1 0 1 1 1 1 1 1 1 1 1 1 1 1 1 1 1 1 1 1 1 1 1 1 1 1 1 1 1 1 1 1 1 1 1 
2 2 2 2 2 2 2 2 2 2 2 2 2 2 2 2 2 2 2 2 2 2 2 2 0 2 2 2 2 2 2 2 2 2 2 2 2 2 2 2 2 2 2 2 2 2 2 2 2 2 2 2 2 2 2 2 2 
1 1 1 1 1 1 1 1 1 1 1 1 1 1 1 1 1 1 1 1 1 1 1 1 1 0 1 1 1 1 1 1 1 1 1 1 1 1 1 1 1 1 1 1 1 1 1 1 1 1 1 1 1 1 1 1 1 
3 3 3 3 3 3 3 3 3 3 3 3 3 3 3 3 3 3 3 3 3 3 3 3 3 3 0 3 3 3 3 3 3 3 3 3 3 3 3 3 3 3 3 3 3 3 3 3 3 3 3 3 3 3 3 3 3 
3 3 3 3 3 3 3 3 3 3 3 3 3 3 3 3 3 3 3 3 3 3 3 3 3 3 3 0 3 3 3 3 3 3 3 3 3 3 3 3 3 3 3 3 3 3 3 3 3 3 3 3 3 3 3 3 3 
2 2 2 2 2 2 2 2 2 2 2 2 2 2 2 2 2 2 2 2 2 2 2 2 2 2 2 2 0 2 2 2 2 2 2 2 2 2 2 2 2 2 2 2 2 2 2 2 2 2 2 2 2 2 2 2 2 
1 1 1 1 1 1 1 1 1 1 1 1 1 1 1 1 1 1 1 1 1 1 1 1 1 1 1 1 1 0 1 1 1 1 1 1 1 1 1 1 1 1 1 1 1 1 1 1 1 1 1 1 1 1 1 1 1 
1 1 1 1 1 1 1 1 1 1 1 1 1 1 1 1 1 1 1 1 1 1 1 1 1 1 1 1 1 1 0 1 1 1 1 1 1 1 1 1 1 1 1 1 1 1 1 1 1 1 1 1 1 1 1 1 1 
2 2 2 2 2 2 2 2 2 2 2 2 2 2 2 2 2 2 2 2 2 2 2 2 2 2 2 2 2 2 2 0 2 2 2 2 2 2 2 2 2 2 2 2 2 2 2 2 2 2 2 2 2 2 2 2 2 
1 1 1 1 1 1 1 1 1 1 1 1 1 1 1 1 1 1 1 1 1 1 1 1 1 1 1 1 1 1 1 1 0 1 1 1 1 1 1 1 1 1 1 1 1 1 1 1 1 1 1 1 1 1 1 1 1 
1 1 1 1 1 1 1 1 1 1 1 1 1 1 1 1 1 1 1 1 1 1 1 1 1 1 1 1 1 1 1 1 1 0 1 1 1 1 1 1 1 1 1 1 1 1 1 1 1 1 1 1 1 1 1 1 1 
1 1 1 1 1 1 1 1 1 1 1 1 1 1 1 1 1 1 1 1 1 1 1 1 1 1 1 1 1 1 1 1 1 1 0 1 1 1 1 1 1 1 1 1 1 1 1 1 1 1 1 1 1 1 1 1 1 
2 2 2 2 2 2 2 2 2 2 2 2 2 2 2 2 2 2 2 2 2 2 2 2 2 2 2 2 2 2 2 2 2 2 2 0 2 2 2 2 2 2 2 2 2 2 2 2 2 2 2 2 2 2 2 2 2 
3 3 3 3 3 3 3 3 3 3 3 3 3 3 3 3 3 3 3 3 3 3 3 3 3 3 3 3 3 3 3 3 3 3 3 3 0 3 3 3 3 3 3 3 3 3 3 3 3 3 3 3 3 3 3 3 3 
1 1 1 1 1 1 1 1 1 1 1 1 1 1 1 1 1 1 1 1 1 1 1 1 1 1 1 1 1 1 1 1 1 1 1 1 1 0 1 1 1 1 1 1 1 1 1 1 1 1 1 1 1 1 1 1 1 
2 2 2 2 2 2 2 2 2 2 2 2 2 2 2 2 2 2 2 2 2 2 2 2 2 2 2 2 2 2 2 2 2 2 2 2 2 2 0 2 2 2 2 2 2 2 2 2 2 2 2 2 2 2 2 2 2 
1 1 1 1 1 1 1 1 1 1 1 1 1 1 1 1 1 1 1 1 1 1 1 1 1 1 1 1 1 1 1 1 1 1 1 1 1 1 1 0 1 1 1 1 1 1 1 1 1 1 1 1 1 1 1 1 1 
2 2 2 2 2 2 2 2 2 2 2 2 2 2 2 2 2 2 2 2 2 2 2 2 2 2 2 2 2 2 2 2 2 2 2 2 2 2 2 2 0 2 2 2 2 2 2 2 2 2 2 2 2 2 2 2 2 
2 2 2 2 2 2 2 2 2 2 2 2 2 2 2 2 2 2 2 2 2 2 2 2 2 2 2 2 2 2 2 2 2 2 2 2 2 2 2 2 2 0 2 2 2 2 2 2 2 2 2 2 2 2 2 2 2 
1 1 1 1 1 1 1 1 1 1 1 1 1 1 1 1 1 1 1 1 1 1 1 1 1 1 1 1 1 1 1 1 1 1 1 1 1 1 1 1 1 1 0 1 1 1 1 1 1 1 1 1 1 1 1 1 1 
2 2 2 2 2 2 2 2 2 2 2 2 2 2 2 2 2 2 2 2 2 2 2 2 2 2 2 2 2 2 2 2 2 2 2 2 2 2 2 2 2 2 2 0 2 2 2 2 2 2 2 2 2 2 2 2 2 
1 1 1 1 1 1 1 1 1 1 1 1 1 1 1 1 1 1 1 1 1 1 1 1 1 1 1 1 1 1 1 1 1 1 1 1 1 1 1 1 1 1 1 1 0 1 1 1 1 1 1 1 1 1 1 1 1 
2 2 2 2 2 2 2 2 2 2 2 2 2 2 2 2 2 2 2 2 2 2 2 2 2 2 2 2 2 2 2 2 2 2 2 2 2 2 2 2 2 2 2 2 2 0 2 2 2 2 2 2 2 2 2 2 2 
1 1 1 1 1 1 1 1 1 1 1 1 1 1 1 1 1 1 1 1 1 1 1 1 1 1 1 1 1 1 1 1 1 1 1 1 1 1 1 1 1 1 1 1 1 1 0 1 1 1 1 1 1 1 1 1 1 
1 1 1 1 1 1 1 1 1 1 1 1 1 1 1 1 1 1 1 1 1 1 1 1 1 1 1 1 1 1 1 1 1 1 1 1 1 1 1 1 1 1 1 1 1 1 1 0 1 1 1 1 1 1 1 1 1 
2 2 2 2 2 2 2 2 2 2 2 2 2 2 2 2 2 2 2 2 2 2 2 2 2 2 2 2 2 2 2 2 2 2 2 2 2 2 2 2 2 2 2 2 2 2 2 2 0 2 2 2 2 2 2 2 2 
1 1 1 1 1 1 1 1 1 1 1 1 1 1 1 1 1 1 1 1 1 1 1 1 1 1 1 1 1 1 1 1 1 1 1 1 1 1 1 1 1 1 1 1 1 1 1 1 1 0 1 1 1 1 1 1 1 
1 1 1 1 1 1 1 1 1 1 1 1 1 1 1 1 1 1 1 1 1 1 1 1 1 1 1 1 1 1 1 1 1 1 1 1 1 1 1 1 1 1 1 1 1 1 1 1 1 1 0 1 1 1 1 1 1 
2 2 2 2 2 2 2 2 2 2 2 2 2 2 2 2 2 2 2 2 2 2 2 2 2 2 2 2 2 2 2 2 2 2 2 2 2 2 2 2 2 2 2 2 2 2 2 2 2 2 2 0 2 2 2 2 2 
1 1 1 1 1 1 1 1 1 1 1 1 1 1 1 1 1 1 1 1 1 1 1 1 1 1 1 1 1 1 1 1 1 1 1 1 1 1 1 1 1 1 1 1 1 1 1 1 1 1 1 1 0 1 1 1 1 
3 3 3 3 3 3 3 3 3 3 3 3 3 3 3 3 3 3 3 3 3 3 3 3 3 3 3 3 3 3 3 3 3 3 3 3 3 3 3 3 3 3 3 3 3 3 3 3 3 3 3 3 3 0 3 3 3 
1 1 1 1 1 1 1 1 1 1 1 1 1 1 1 1 1 1 1 1 1 1 1 1 1 1 1 1 1 1 1 1 1 1 1 1 1 1 1 1 1 1 1 1 1 1 1 1 1 1 1 1 1 1 0 1 1 
2 2 2 2 2 2 2 2 2 2 2 2 2 2 2 2 2 2 2 2 2 2 2 2 2 2 2 2 2 2 2 2 2 2 2 2 2 2 2 2 2 2 2 2 2 2 2 2 2 2 2 2 2 2 2 0 2 
3 3 3 3 3 3 3 3 3 3 3 3 3 3 3 3 3 3 3 3 3 3 3 3 3 3 3 3 3 3 3 3 3 3 3 3 3 3 3 3 3 3 3 3 3 3 3 3 3 3 3 3 3 3 3 3 0 
Time:
0	15
15	30
30	45
45	60
60	75
75	90
90	105
105	120
120	135
135	150
150	165
165	180
180	195
195	210
210	225
225	240
240	255
255	270
270	285
285	300
300	315
315	330
330	345
345	360
360	375
375	390
390	405
405	420
420	435
435	450
450	465
465	480
480	495
495	510
510	525
525	540
540	555
555	570
570	585
585	600
600	615
615	630
630	645
645	660
660	675
675	690
690	705
705	720
720	735
735	750
750	765
765	780
780	795
795	810
810	825
825	840
840	855
855	870
870	885
885	900
900	915
915	930
930	945
945	960
960	975
975	990
990	1005
1005	1020
1020	1035
1035	1050
1050	1065
1065	1080
1080	5000
Speed:
0.925	0.85	0.925	1	0.8325	0.765	0.8325	0.9	0.4625	0.425	0.4625	0.5	0.30525	0.2805	0.30525	0.33	0.37	0.34	0.37	0.4	0.555	0.51	0.555	0.6	0.6475	0.595	0.6475	0.7	0.37	0.34	0.37	0.4	0.30525	0.2805	0.30525	0.33	0.4625	0.425	0.4625	0.5	0.6475	0.595	0.6475	0.7	0.74	0.68	0.74	0.8	0.6475	0.595	0.6475	0.7	0.4625	0.425	0.4625	0.5	0.555	0.51	0.555	0.6	0.6475	0.595	0.6475	0.7	0.8325	0.765	0.8325	0.9	0.925	0.85	0.925	1	1	
0.925	0.85	0.925	1	0.8325	0.765	0.8325	0.9	0.4625	0.425	0.4625	0.5	0.30525	0.2805	0.30525	0.33	0.37	0.34	0.37	0.4	0.555	0.51	0.555	0.6	0.6475	0.595	0.6475	0.7	0.37	0.34	0.37	0.4	0.30525	0.2805	0.30525	0.33	0.4625	0.425	0.4625	0.5	0.6475	0.595	0.6475	0.7	0.74	0.68	0.74	0.8	0.6475	0.595	0.6475	0.7	0.4625	0.425	0.4625	0.5	0.555	0.51	0.555	0.6	0.6475	0.595	0.6475	0.7	0.8325	0.765	0.8325	0.9	0.925	0.85	0.925	1	1	
0.925	0.85	0.925	1	0.8325	0.765	0.8325	0.9	0.4625	0.425	0.4625	0.5	0.30525	0.2805	0.30525	0.33	0.37	0.34	0.37	0.4	0.555	0.51	0.555	0.6	0.6475	0.595	0.6475	0.7	0.37	0.34	0.37	0.4	0.30525	0.2805	0.30525	0.33	0.4625	0.425	0.4625	0.5	0.6475	0.595	0.6475	0.7	0.74	0.68	0.74	0.8	0.6475	0.595	0.6475	0.7	0.4625	0.425	0.4625	0.5	0.555	0.51	0.555	0.6	0.6475	0.595	0.6475	0.7	0.8325	0.765	0.8325	0.9	0.925	0.85	0.925	1	1	
