56
0 73.65 58.46 112.74 52.04 79.74 75.81 97.84 83.89 68.11 68.24 73.69 85.18 63.43 74.89 62.22 81.44 81.11 68.19 55.82 79.58 71.56 71.64 73.25 71.01 70.52 83.98 73.66 93.1 87.62 70.47 95.08 72.97 69.82 74.37 74.19 55.79 71.4 50.56 83.09 101.65 81.37 49.85 83.62 49.67 67.81 66.18 49.8 69.71 85.68 89.94 48.44 93.84 57.3 72.32 74.9 
73.65 0 23.21 50.12 22.12 18.15 24.3 36.83 25.98 5.74 28.28 8.58 19.62 20.05 10.11 18.1 24.01 16.43 26.82 19.31 15 23.52 32.98 6.2 13.41 32.8 25.65 10.62 34.11 28.96 16.61 51.72 11.31 28.34 6.38 14.24 19.03 20.92 27.27 35.28 41.68 16.19 26.45 18.5 24.3 23.89 8.06 24.34 4.92 36.95 23.39 29.35 29.52 23.63 34.22 6.27 
58.46 23.21 0 54.65 19.97 21.5 17.76 39.65 25.56 18.3 12.6 18.2 27.14 5.05 22.02 5.24 23.05 23.29 11.75 9.1 21.95 13.59 17.97 19.06 13.72 17.09 25.61 17.24 35.05 29.37 12.3 42.94 24.54 13.91 19.94 16.5 9.81 13 8.07 27.32 43.75 23.64 9.57 25.62 14.03 10.11 20.79 20.65 18.33 29.91 31.8 10.05 35.39 11.18 19.19 20.51 
112.74 50.12 54.65 0 68.67 34.98 36.99 15.01 29.12 52.86 44.7 44.27 31.01 49.94 46.75 51.83 31.69 34.98 44.62 59.77 36.69 41.23 42.29 46.06 44.23 43.36 29.11 43.17 19.65 25.29 43.58 29.12 52.6 43.13 45.13 41.01 60.11 41.67 62.71 30.96 11.18 34.98 63.96 32.43 66.46 44.95 57.31 70.49 50.75 28.7 26.77 64.67 20.87 55.84 42.02 44.87 
52.04 22.12 19.97 68.67 0 33.73 34.54 54.05 40.52 17.09 32.16 24.72 37.9 22.01 24.1 19.06 37.95 33.79 31.05 11.01 32.08 31.15 37.69 23.41 24.6 36.9 40.38 25.57 50.14 44.3 25.97 62.05 21.08 33.25 24.5 27.73 10.35 29.36 16.14 45.64 58.71 33.85 13.74 36.4 7.56 28.66 14.27 14.82 19.03 48.06 42.53 16.82 47.9 19.2 38.97 24.92 
79.74 18.15 21.5 34.98 33.73 0 8.84 20.34 7.84 18.89 17.03 10.19 5.75 16.45 14.52 17.56 5.95 9.93 15.94 24.98 8.69 11.16 19.39 12.46 9.28 19.75 7.53 8.59 16.71 11.1 9.27 33.72 20.86 16.12 11.89 6.03 25.26 9.65 29.2 17.74 25.05 13.25 29.96 4.37 31.68 14.23 23.62 35.52 16.88 19.09 10.3 31.35 14.45 22.6 20.29 11.9 
75.81 24.3 17.76 36.99 34.54 8.84 0 22.04 8.25 23.09 9.03 15.72 13.71 13.36 20.98 15.81 6.14 11.89 8.34 24.18 11.88 4.25 10.56 18.1 11.55 10.97 8.43 13.68 17.34 11.83 8.96 28.3 26.87 7.8 18.01 10.06 24.68 5.2 25.82 11.53 26.01 12.41 27.24 12.74 30.61 8 27.7 35.93 21.48 13.71 17.21 27.72 18.87 18.95 11.46 18.27 
97.84 36.83 39.65 15.01 54.05 20.34 22.04 0 14.11 38.84 30.08 30.1 17.21 34.93 33.27 36.85 16.69 20.81 29.88 44.86 22.47 26.29 28.32 32.1 29.48 29.33 14.11 28.78 4.86 10.28 28.64 23.4 39.45 28.54 31.27 26.32 45.22 26.67 47.71 17.75 4.85 20.91 48.95 18.43 51.54 30.03 43.45 55.8 36.75 16.07 13.9 49.68 7.71 40.83 28.26 31.1 
83.89 25.98 25.56 29.12 40.52 7.84 8.25 14.11 0 26.56 17.04 17.96 8.89 20.81 22.34 22.78 13.79 9.9 16.52 30.91 11.06 12.42 17 20.28 15.99 17.76 15.37 16.23 9.72 15.58 14.7 26.13 28.69 15.64 19.73 13.12 31.3 12.57 33.62 11.14 18.44 10.29 34.83 8.87 37.55 16.18 31.31 42.15 24.61 11.87 10.47 35.61 10.73 26.75 17.46 19.74 
68.11 5.74 18.3 52.86 17.09 18.89 23.09 38.84 26.56 0 25.27 8.76 21.86 15.91 7.01 13.48 24.26 18.03 23.83 13.6 16.37 21.34 30.42 6.8 11.54 30.06 26.31 10.33 35.54 29.99 14.41 51.28 6.31 25.62 7.76 13.61 13.3 18.82 21.67 34.54 43.65 17.96 20.76 20.49 18.62 20.85 4.75 19.25 10.66 36.52 26.19 23.71 32 18.57 31.71 8.09 
68.24 28.28 12.6 44.7 32.16 17.03 9.03 30.08 17.04 25.27 0 20.36 22.44 10.45 25.62 13.54 15.14 19.9 10.69 21.16 19.39 5.91 5.57 22.38 14.99 4.93 17.28 18.47 25.23 20.27 11.8 30.35 30.48 9.32 22.72 15.48 21.81 8.05 19.91 15.21 33.53 20.41 21.87 21.29 26.62 4.43 29.23 33.06 24.26 17.85 26.2 21.41 27.77 13.65 6.87 23.15 
73.69 8.58 18.2 44.27 24.72 10.19 15.72 30.1 17.96 8.76 20.36 0 13.28 13.87 5.36 13.03 15.79 9.32 18.93 17.87 7.64 15.2 24.72 11.4 5.45 24.63 17.68 12.74 26.79 21.28 8.57 43.29 11.19 20.22 12.37 5.66 17.92 12.62 24.3 26.75 34.91 9.29 24.26 11.85 24.23 16.12 13.45 26.71 6.71 28.51 17.82 26.52 23.4 18.97 25.91 12.71 
85.18 19.62 27.14 31.01 37.9 5.75 13.71 17.21 8.89 21.86 22.44 13.28 0 22.09 16.06 22.97 8.64 4.17 21.45 29.94 5.86 16.67 24.13 15.06 14.25 24.64 8.44 12.35 14.7 10.34 14.85 34.5 22.26 21.39 14.16 11.01 30.15 15.36 34.71 20.02 22.06 13.57 35.34 10.12 36.59 19.92 26.37 39.83 19.76 20.68 4.79 36.88 10.14 28.22 24.87 13.95 
63.43 20.05 5.05 49.94 22.01 16.45 13.36 34.93 20.81 15.91 10.45 13.87 22.09 0 18.27 10.3 18.25 18.26 9.19 11.16 16.96 9.44 16.01 15.12 8.95 15.36 20.83 12.65 30.42 24.66 7.26 40.04 21.79 11.35 15.86 11.53 11.75 8.31 12.9 23.8 39.15 18.62 14.02 20.57 17.33 6.65 19.33 23.13 15.4 26.3 26.75 14.98 30.42 6.16 17.31 16.41 
74.89 10.11 22.02 46.75 24.1 14.52 20.98 33.27 22.34 7.01 25.62 5.36 16.06 18.27 0 16.79 20.41 12.78 24.17 19.6 11.34 20.55 30.07 9.89 10.63 29.97 22.01 7.39 30.48 25.31 13.83 48.14 6.36 25.54 10.85 10.94 19.44 17.97 27.05 31.78 38.12 12.56 26.55 14.9 25.25 21.31 10.76 26.26 5.19 33.4 19.98 29.21 26.05 22.61 31.27 11.19 
62.22 18.1 5.24 51.83 19.06 17.56 15.81 36.85 22.78 13.48 13.54 13.03 22.97 10.3 16.79 0 20.18 18.93 12.28 8.39 17.46 12.14 19.1 13.82 8.95 18.45 22.75 12.22 32.48 26.65 8.35 42.99 19.59 14.43 14.71 12.01 8.91 10.62 11.79 26.62 41.21 19.23 12.41 21.41 14.85 9.67 16.55 20.27 13.27 29.08 27.72 13.99 31.87 5.94 20.41 15.29 
81.44 24.01 23.05 31.69 37.95 5.95 6.14 16.69 13.79 24.26 15.14 15.79 8.64 18.25 20.41 20.18 0 8.52 14.48 28.3 9.38 10.13 15.82 18.15 13.48 16.45 13.48 13.97 12.32 6.47 12.1 27.77 26.72 13.84 17.68 10.71 28.7 10.05 31.09 11.92 21.04 8.97 32.27 8.17 34.94 13.87 29.01 39.57 22.35 13.15 11.35 33.1 12.77 24.23 16.44 17.75 
81.11 16.43 23.29 34.98 33.79 9.93 11.89 20.81 9.9 18.03 19.9 9.32 4.17 18.26 12.78 18.93 8.52 0 18.76 25.78 10.03 14 22.43 11.3 10.12 22.78 9.52 8.23 17.73 12.56 11 36.03 19.13 19.06 10.51 6.92 25.98 12.26 30.71 20.44 25.63 14.14 31.26 14.3 32.42 16.85 22.65 35.7 15.95 21.59 8.95 32.9 14.13 24.34 23.34 10.39 
68.19 26.82 11.75 44.62 31.05 15.94 8.34 29.88 16.52 23.83 10.69 18.93 21.45 9.19 24.17 12.28 14.48 18.76 0 20.07 18.17 4.79 6.84 20.93 13.54 6.3 16.73 17.05 25.05 19.9 10.36 31.23 29.02 10.03 21.28 14.11 20.71 6.73 19.31 15.7 33.48 19.25 21.18 20.25 25.71 11.33 27.82 32.02 22.8 18.31 25.35 20.92 27.2 12.85 8.16 21.72 
55.82 19.31 9.1 59.77 11.01 24.98 24.18 44.86 30.91 13.6 21.16 17.87 29.94 11.16 19.6 8.39 28.3 25.78 20.07 0 24.14 20.51 26.69 17.55 15.75 25.89 30.84 17.94 40.62 34.77 16.22 51.17 19.69 22.27 18.65 19.03 13.15 18.98 8.37 34.95 49.33 25.97 7.16 28.38 6.71 17.77 14.16 11.98 14.65 37.43 34.72 10.23 39.43 8.48 27.96 19.21 
79.58 15 21.95 36.69 32.08 8.69 11.88 22.47 11.06 16.37 19.39 7.64 5.86 16.96 11.34 17.46 9.38 10.03 18.17 24.14 0 13.49 22.31 9.67 8.57 22.57 10.71 6.52 19.28 13.98 9.75 37.1 17.71 18.67 8.93 5.47 24.33 11.52 29.25 21.2 27.28 12.69 29.73 4.32 30.77 16.06 21.01 33.99 14.29 22.52 10.6 31.45 15.84 22.97 23.29 8.85 
71.56 23.52 13.59 41.23 31.15 11.16 4.25 26.29 12.42 21.34 5.91 15.2 16.67 9.44 20.55 12.14 10.13 14 4.79 20.51 13.49 0 9.52 17.4 10.13 9.5 12.56 13.2 21.58 16.07 6.99 31.03 25.91 5.24 17.58 9.91 21.05 9.45 21.63 14.49 30.23 14.5 23.12 15.46 26.77 10.13 25.71 32.41 20 16.93 20.66 23.5 22.9 14.78 10.72 17.95 
71.64 32.98 17.97 42.29 37.69 19.39 10.56 28.32 17 30.42 5.57 24.72 24.13 16.01 30.07 19.1 15.82 22.43 6.84 26.69 22.31 9.52 0 26.91 19.57 9.29 17.35 22.72 23.5 19.44 16.37 25.22 35.32 4.82 27.1 19.38 27.35 12.1 24.85 11.54 31.16 22.95 26.97 23.25 31.99 9.7 34.54 38.55 29.25 14.08 27.16 26.15 27.46 18.96 10.95 27.47 
73.25 6.2 19.06 46.06 23.41 12.46 18.1 32.1 20.28 6.8 22.38 11.4 15.06 15.12 9.89 13.82 18.15 11.3 20.93 17.55 9.67 17.4 26.91 0 7.4 26.78 19.98 4.43 28.94 23.51 10.61 45.7 8.78 22.33 8.83 8.05 17.5 14.81 24.55 29.16 36.93 11.19 24.27 13.71 23.61 18.06 11.36 25.48 4.69 30.91 19.41 26.75 25.2 19.72 28.12 9.18 
71.01 13.41 13.72 44.23 24.6 9.28 11.55 29.48 15.99 11.54 14.99 5.45 14.25 8.95 10.63 8.95 13.48 10.12 13.54 15.75 8.57 10.13 19.57 7.4 0 19.4 15.83 11.83 25.55 19.73 11.96 39.79 15.78 14.95 7.77 11.11 16.01 7.54 20.72 23.03 34.11 10.37 21.16 12.68 22.44 10.69 16.16 26.32 9.99 25.07 19.04 22.93 23.7 14.66 20.81 8.23 
70.52 32.8 17.09 43.36 36.9 19.75 10.97 29.33 17.76 30.06 4.93 24.63 24.64 15.36 29.97 18.45 16.45 22.78 6.3 25.89 22.57 9.5 9.29 26.78 19.4 0 18.1 22.67 24.49 20.32 16.19 26.25 35.09 4.47 27.02 19.41 26.56 12.02 23.85 12.65 32.22 23.3 25.99 23.71 31.09 9.24 34.11 37.71 28.96 15.2 27.81 25.11 28.3 18.05 10.6 27.4 
83.98 25.65 25.61 29.11 40.38 7.53 8.43 14.11 15.37 26.31 17.28 17.68 8.44 20.83 22.01 22.75 13.48 9.52 16.73 30.84 10.71 12.56 17.35 19.98 15.83 18.1 0 15.98 9.8 15.66 14.62 26.53 28.37 15.9 19.42 12.92 31.23 12.62 33.66 11.58 18.49 9.9 34.85 8.44 37.49 16.32 31.05 42.03 24.34 12.3 10.05 35.66 10.48 26.8 17.83 19.42 
73.66 10.62 17.24 43.17 25.57 8.59 13.68 28.78 16.23 10.33 18.47 12.74 12.35 12.65 7.39 12.22 13.97 8.23 17.05 17.94 6.52 13.2 22.72 4.43 11.83 22.67 15.98 0 25.29 19.67 6.75 41.34 13.21 18.27 4.4 11.2 18.07 10.64 23.81 24.76 33.55 8.3 23.98 10.84 24.47 14.3 15.08 27.48 8.38 26.55 17.05 26.03 22.34 18.1 23.91 4.74 
93.1 34.11 35.05 19.65 50.14 16.71 17.34 4.86 9.72 35.54 25.23 26.79 14.7 30.42 30.48 32.48 12.32 17.73 25.05 40.62 19.28 21.58 23.5 28.94 25.55 24.49 9.8 25.29 0 5.86 24.42 21.7 36.79 23.69 28.21 22.52 41.02 22.12 43.11 13.21 8.74 17.92 44.43 15.64 47.27 25.3 40.24 51.81 33.5 11.85 12.61 45.05 7.53 36.24 23.47 28.11 
87.62 28.96 29.37 25.29 44.3 11.1 11.83 10.28 15.58 29.99 20.27 21.28 10.34 24.66 25.31 26.65 6.47 12.56 19.9 34.77 13.98 16.07 19.44 23.51 19.73 20.32 15.66 19.67 5.86 0 18.56 24.21 31.67 18.79 22.87 16.75 35.16 16.39 37.43 11.26 14.57 12.85 38.68 10.87 41.42 19.83 34.72 45.96 27.98 11.1 10.09 39.4 8.12 30.56 19.69 22.82 
70.47 16.61 12.3 43.58 25.97 9.27 8.96 28.64 14.7 14.41 11.8 8.57 14.85 7.26 13.83 8.35 12.1 11 10.36 16.22 9.75 6.99 16.37 10.61 11.96 16.19 14.62 6.75 24.42 18.56 0 37.25 18.95 11.74 10.93 4.46 16.61 4.42 19.93 20.48 33.11 11.37 20.73 13.32 22.9 7.56 18.89 27.52 13.02 22.66 19.54 22.08 23.53 13.38 17.62 11.36 
95.08 51.72 42.94 29.12 62.05 33.72 28.3 23.4 26.13 51.28 30.35 43.29 34.5 40.04 48.14 42.99 27.77 36.03 31.23 51.17 37.1 31.03 25.22 45.7 39.79 26.25 26.53 41.34 21.7 24.21 37.25 0 54.4 29.04 45.34 37.8 51.78 33.14 50.07 16.77 21.75 36.42 52.16 34.84 56.94 33.4 55.95 63.15 49.55 14.79 33.83 51.35 29.22 44 24.15 45.45 
72.97 11.31 24.54 52.6 21.08 20.86 26.87 39.45 28.69 6.31 30.48 11.19 22.26 21.79 6.36 19.59 26.72 19.13 29.02 19.69 17.71 25.91 35.32 8.78 15.78 35.09 28.37 13.21 36.79 31.67 18.95 54.4 0 30.62 9.06 16.84 19.32 23.32 27.89 37.93 44.3 18.89 26.84 21.17 24.08 26.06 6.81 23.33 6.39 39.63 25.92 29.88 32.09 24.85 36.57 8.97 
69.82 28.34 13.91 43.13 33.25 16.12 7.8 28.54 15.64 25.62 9.32 20.22 21.39 11.35 25.54 14.43 13.84 19.06 10.03 22.27 18.67 5.24 4.82 22.33 14.95 4.47 15.9 18.27 23.69 18.79 11.74 29.04 30.62 0 22.6 15.11 22.91 7.66 21.37 13.69 31.97 19.57 23.29 20.3 27.9 4.89 29.72 34.22 24.5 16.32 25.01 22.91 26.37 15 6.13 23 
74.37 6.38 19.94 45.13 24.5 11.89 18.01 31.27 19.73 7.76 22.72 12.37 14.16 15.86 10.85 14.71 17.68 10.51 21.28 18.65 8.93 17.58 27.1 8.83 7.77 27.02 19.42 4.4 28.21 22.87 10.93 45.34 9.06 22.6 0 7.96 18.61 15 25.59 28.9 36.11 10.37 25.34 12.85 24.74 18.46 12.21 26.58 5.66 30.57 18.44 27.79 24.29 20.64 28.29 9.14 
74.19 14.24 16.5 41.01 27.73 6.03 10.06 26.32 13.12 13.61 15.48 5.66 11.01 11.53 10.94 12.01 10.71 6.92 14.11 19.03 5.47 9.91 19.38 8.05 11.11 19.41 12.92 11.2 22.52 16.75 4.46 37.8 16.84 15.11 7.96 0 19.28 7.46 23.8 21.17 31 7.22 24.34 9.44 25.72 11.58 18.35 29.5 11.78 23 15.79 25.99 20.43 17.51 20.53 8.24 
55.79 19.03 9.81 60.11 10.35 25.26 24.68 45.22 31.3 13.3 21.81 17.92 30.15 11.75 19.44 8.91 28.7 25.98 20.71 13.15 24.33 21.05 27.35 17.5 16.01 26.56 31.23 18.07 41.02 35.16 16.61 51.78 19.32 22.91 18.61 19.28 0 19.48 8.9 35.51 49.72 26.16 7.54 28.59 6.44 18.38 13.66 11.38 14.44 37.98 34.93 10.69 39.71 9.2 28.62 19.15 
71.4 20.92 13 41.67 29.36 9.65 5.2 26.67 12.57 18.82 8.05 12.62 15.36 8.31 17.97 10.62 10.05 12.26 6.73 18.98 11.52 9.45 12.1 14.81 7.54 12.02 12.62 10.64 22.12 16.39 4.42 33.14 23.32 7.66 15 7.46 19.48 0 21.05 16.44 30.85 12.73 22.31 14.02 25.45 4.6 23.26 30.73 17.44 18.76 19.66 23.05 22.57 14.18 13.31 15.38 
50.56 27.27 8.07 62.71 16.14 29.2 25.82 47.71 33.62 21.67 19.91 24.3 34.71 12.9 27.05 11.79 31.09 30.71 19.31 8.37 29.25 21.63 24.85 24.55 20.72 23.85 33.66 23.81 43.11 37.43 19.93 50.07 27.89 21.37 25.59 23.8 8.9 21.05 0 35.01 51.81 31.01 14.98 33.16 8.72 18.06 22.53 15.98 22.44 37.62 39.44 15.76 43.31 6.88 25.96 26.16 
83.09 35.28 27.32 30.96 45.64 17.74 11.53 17.75 11.14 34.54 15.21 26.75 20.02 23.8 31.78 26.62 11.92 20.44 15.7 34.95 21.2 14.49 11.54 29.16 23.03 12.65 11.58 24.76 13.21 11.26 20.48 16.77 37.93 13.69 28.9 21.17 35.51 16.44 35.01 0 19.93 20.9 36.84 19.89 41.05 17.32 39.19 46.89 32.85 22.36 21.11 36.59 19.05 28.46 11.11 29.06 
101.65 41.68 43.75 11.18 58.71 25.05 26.01 4.85 18.44 43.65 33.53 34.91 22.06 39.15 38.12 41.21 21.04 25.63 33.48 49.33 27.28 30.23 31.16 36.93 34.11 32.22 18.49 33.55 8.74 14.57 33.11 21.75 44.3 31.97 36.11 31 49.72 30.85 51.81 19.93 0 25.74 53.16 23.27 55.98 33.92 48.28 60.42 41.57 17.81 18.67 53.73 12.42 44.94 30.92 35.94 
81.37 16.19 23.64 34.98 33.85 13.25 12.41 20.91 10.29 17.96 20.41 9.29 13.57 18.62 12.56 19.23 8.97 14.14 19.25 25.97 12.69 14.5 22.95 11.19 10.37 23.3 9.9 8.3 17.92 12.85 11.37 36.42 18.89 19.57 10.37 7.22 26.16 12.73 31.01 20.9 25.74 0 31.53 15.14 32.6 17.32 22.55 35.78 15.87 22.02 8.78 33.21 14.11 24.68 23.86 10.22 
49.85 26.45 9.57 63.96 13.74 29.96 27.24 48.95 34.83 20.76 21.87 24.26 35.34 14.02 26.55 12.41 32.27 31.26 21.18 7.16 29.73 23.12 26.97 24.27 21.16 25.99 34.85 23.98 44.43 38.68 20.73 52.16 26.84 23.29 25.34 24.34 7.54 22.31 14.98 36.84 53.16 31.53 0 33.77 6.26 19.69 21.13 13.5 21.73 39.44 40.11 15.51 44.25 8.4 28.11 25.91 
83.62 18.5 25.62 32.43 36.4 4.37 12.74 18.43 8.87 20.49 21.29 11.85 10.12 20.57 14.9 21.41 8.17 14.3 20.25 28.38 4.32 15.46 23.25 13.71 12.68 23.71 8.44 10.84 15.64 10.87 13.32 34.84 21.17 20.3 12.85 9.44 28.59 14.02 33.16 19.89 23.27 15.14 33.77 0 35.03 18.6 25.05 38.31 18.39 20.75 6.36 35.34 11.56 26.7 24.06 12.67 
49.67 24.3 14.03 66.46 7.56 31.68 30.61 51.54 37.55 18.62 26.62 24.23 36.59 17.33 25.25 14.85 34.94 32.42 25.71 6.71 30.77 26.77 31.99 23.61 22.44 31.09 37.49 24.47 47.27 41.42 22.9 56.94 24.08 27.9 24.74 25.72 6.44 25.45 8.72 41.05 55.98 32.6 6.26 35.03 0 23.73 17.63 7.26 20.09 43.58 41.37 9.26 46.13 13.04 33.2 25.26 
67.81 23.89 10.11 44.95 28.66 14.23 8 30.03 16.18 20.85 4.43 16.12 19.92 6.65 21.31 9.67 13.87 16.85 11.33 17.77 16.06 10.13 9.7 18.06 10.69 9.24 16.32 14.3 25.3 19.83 7.56 33.4 26.06 4.89 18.46 11.58 18.38 4.6 18.06 17.32 33.92 17.32 19.69 18.6 23.73 0 24.87 29.75 19.83 19.87 24.11 19.87 26.61 11.28 11.01 18.91 
66.18 8.06 20.79 57.31 14.27 23.62 27.7 43.45 31.31 4.75 29.23 13.45 26.37 19.33 10.76 16.55 29.01 22.65 27.82 14.16 21.01 25.71 34.54 11.36 16.16 34.11 31.05 15.08 40.24 34.72 18.89 55.95 6.81 29.72 12.21 18.35 13.66 23.26 22.53 39.19 48.28 22.55 21.13 25.05 17.63 24.87 0 16.51 6.74 41.2 30.57 24.34 36.49 20.81 35.85 12.44 
49.8 24.34 20.65 70.49 14.82 35.52 35.93 55.8 42.15 19.25 33.06 26.71 39.83 23.13 26.26 20.27 39.57 35.7 32.02 11.98 33.99 32.41 38.55 25.48 26.32 37.71 42.03 27.48 51.81 45.96 27.52 63.15 23.33 34.22 26.58 29.5 11.38 30.73 15.98 46.89 60.42 35.78 13.5 38.31 7.26 29.75 16.51 0 21.17 49.34 44.49 16.35 49.77 19.79 39.8 27.01 
69.71 4.92 18.33 50.75 19.03 16.88 21.48 36.75 24.61 10.66 24.26 6.71 19.76 15.4 5.19 13.27 22.35 15.95 22.8 14.65 14.29 20 29.25 4.69 9.99 28.96 24.34 8.38 33.5 27.98 13.02 49.55 6.39 24.5 5.66 11.78 14.44 17.44 22.44 32.85 41.57 15.87 21.73 18.39 20.09 19.83 6.74 21.17 0 34.77 24.09 24.54 29.9 18.73 30.53 6 
85.68 36.95 29.91 28.7 48.06 19.09 13.71 16.07 11.87 36.52 17.85 28.51 20.68 26.3 33.4 29.08 13.15 21.59 18.31 37.43 22.52 16.93 14.08 30.91 25.07 15.2 12.3 26.55 11.85 11.1 22.66 14.79 39.63 16.32 30.57 23 37.98 18.76 37.62 22.36 17.81 22.02 39.44 20.75 43.58 19.87 41.2 49.34 34.77 0 21.18 39.22 18.36 31.05 13.57 30.7 
89.94 23.39 31.8 26.77 42.53 10.3 17.21 13.9 10.47 26.19 26.2 17.82 4.79 26.75 19.98 27.72 11.35 8.95 25.35 34.72 10.6 20.66 27.16 19.41 19.04 27.81 10.05 17.05 12.61 10.09 19.54 33.83 25.92 25.01 18.44 15.79 34.93 19.66 39.44 21.11 18.67 8.78 40.11 6.36 41.37 24.11 30.57 44.49 24.09 21.18 0 41.61 6.26 32.9 27.74 18.15 
48.44 29.35 10.05 64.67 16.82 31.35 27.72 49.68 35.61 23.71 21.41 26.52 36.88 14.98 29.21 13.99 33.1 32.9 20.92 10.23 31.45 23.5 26.15 26.75 22.93 25.11 35.66 26.03 45.05 39.4 22.08 51.35 29.88 22.91 27.79 25.99 10.69 23.05 15.76 36.59 53.73 33.21 15.51 35.34 9.26 19.87 24.34 16.35 24.54 39.22 41.61 0 45.41 8.88 27.2 28.36 
93.84 29.52 35.39 20.87 47.9 14.45 18.87 7.71 10.73 32 27.77 23.4 10.14 30.42 26.05 31.87 12.77 14.13 27.2 39.43 15.84 22.9 27.46 25.2 23.7 28.3 10.48 22.34 7.53 8.12 23.53 29.22 32.09 26.37 24.29 20.43 39.71 22.57 43.31 19.05 12.42 14.11 44.25 11.56 46.13 26.61 36.49 49.77 29.9 18.36 6.26 45.41 0 36.55 27.76 24.05 
57.3 23.63 11.18 55.84 19.2 22.6 18.95 40.83 26.75 18.57 13.65 18.97 28.22 6.16 22.61 5.94 24.23 24.34 12.85 8.48 22.97 14.78 18.96 19.72 14.66 18.05 26.8 18.1 36.24 30.56 13.38 44 24.85 15 20.64 17.51 9.2 14.18 6.88 28.46 44.94 24.68 8.4 26.7 13.04 11.28 20.81 19.79 18.73 31.05 32.9 8.88 36.55 0 20.16 21.21 
72.32 34.22 19.19 42.02 38.97 20.29 11.46 28.26 17.46 31.71 6.87 25.91 24.87 17.31 31.27 20.41 16.44 23.34 8.16 27.96 23.29 10.72 10.95 28.12 20.81 10.6 17.83 23.91 23.47 19.69 17.62 24.15 36.57 6.13 28.29 20.53 28.62 13.31 25.96 11.11 30.92 23.86 28.11 24.06 33.2 11.01 35.85 39.8 30.53 13.57 27.74 27.2 27.76 20.16 0 28.65 
74.9 6.27 20.51 44.87 24.92 11.9 18.27 31.1 19.74 8.09 23.15 12.71 13.95 16.41 11.19 15.29 17.75 10.39 21.72 19.21 8.85 17.95 27.47 9.18 8.23 27.4 19.42 4.74 28.11 22.82 11.36 45.45 8.97 23 9.14 8.24 19.15 15.38 26.16 29.06 35.94 10.22 25.91 12.67 25.26 18.91 12.44 27.01 6 30.7 18.15 28.36 24.05 21.21 28.65 0 
0	5000
0	123
0	151
0	280
0	421
0	483
0	507
0	576
0	609
0	658
0	697
0	726
0	744
0	775
0	804
0	832
0	876
0	892
0	927
0	959
0	996
0	1013
0	1025
0	1057
0	1065
0	1087
0	1107
0	1123
0	1148
0	1154
0	1173
0	1210
0	1264
0	1295
0	1317
0	1325
0	1345
0	1364
0	1385
0	1420
0	1440
0	1466
0	1497
0	1531
0	1566
0	1590
0	1615
0	1631
0	1653
0	1687
0	1708
0	1750
0	1796
0	1832
0	1852
0	1881
C:
0 3 3 3 3 3 3 3 3 3 3 3 3 3 3 3 3 3 3 3 3 3 3 3 3 3 3 3 3 3 3 3 3 3 3 3 3 3 3 3 3 3 3 3 3 3 3 3 3 3 3 3 3 3 3 3 3 
2 0 2 2 2 2 2 2 2 2 2 2 2 2 2 2 2 2 2 2 2 2 2 2 2 2 2 2 2 2 2 2 2 2 2 2 2 2 2 2 2 2 2 2 2 2 2 2 2 2 2 2 2 2 2 2 2 
1 1 0 1 1 1 1 1 1 1 1 1 1 1 1 1 1 1 1 1 1 1 1 1 1 1 1 1 1 1 1 1 1 1 1 1 1 1 1 1 1 1 1 1 1 1 1 1 1 1 1 1 1 1 1 1 1 
3 3 3 0 3 3 3 3 3 3 3 3 3 3 3 3 3 3 3 3 3 3 3 3 3 3 3 3 3 3 3 3 3 3 3 3 3 3 3 3 3 3 3 3 3 3 3 3 3 3 3 3 3 3 3 3 3 
3 3 3 3 0 3 3 3 3 3 3 3 3 3 3 3 3 3 3 3 3 3 3 3 3 3 3 3 3 3 3 3 3 3 3 3 3 3 3 3 3 3 3 3 3 3 3 3 3 3 3 3 3 3 3 3 3 
1 1 1 1 1 0 1 1 1 1 1 1 1 1 1 1 1 1 1 1 1 1 1 1 1 1 1 1 1 1 1 1 1 1 1 1 1 1 1 1 1 1 1 1 1 1 1 1 1 1 1 1 1 1 1 1 1 
1 1 1 1 1 1 0 1 1 1 1 1 1 1 1 1 1 1 1 1 1 1 1 1 1 1 1 1 1 1 1 1 1 1 1 1 1 1 1 1 1 1 1 1 1 1 1 1 1 1 1 1 1 1 1 1 1 
3 3 3 3 3 3 3 0 3 3 3 3 3 3 3 3 3 3 3 3 3 3 3 3 3 3 3 3 3 3 3 3 3 3 3 3 3 3 3 3 3 3 3 3 3 3 3 3 3 3 3 3 3 3 3 3 3 
1 1 1 1 1 1 1 1 0 1 1 1 1 1 1 1 1 1 1 1 1 1 1 1 1 1 1 1 1 1 1 1 1 1 1 1 1 1 1 1 1 1 1 1 1 1 1 1 1 1 1 1 1 1 1 1 1 
1 1 1 1 1 1 1 1 1 0 1 1 1 1 1 1 1 1 1 1 1 1 1 1 1 1 1 1 1 1 1 1 1 1 1 1 1 1 1 1 1 1 1 1 1 1 1 1 1 1 1 1 1 1 1 1 1 
1 1 1 1 1 1 1 1 1 1 0 1 1 1 1 1 1 1 1 1 1 1 1 1 1 1 1 1 1 1 1 1 1 1 1 1 1 1 1 1 1 1 1 1 1 1 1 1 1 1 1 1 1 1 1 1 1 
1 1 1 1 1 1 1 1 1 1 1 0 1 1 1 1 1 1 1 1 1 1 1 1 1 1 1 1 1 1 1 1 1 1 1 1 1 1 1 1 1 1 1 1 1 1 1 1 1 1 1 1 1 1 1 1 1 
1 1 1 1 1 1 1 1 1 1 1 1 0 1 1 1 1 1 1 1 1 1 1 1 1 1 1 1 1 1 1 1 1 1 1 1 1 1 1 1 1 1 1 1 1 1 1 1 1 1 1 1 1 1 1 1 1 
1 1 1 1 1 1 1 1 1 1 1 1 1 0 1 1 1 1 1 1 1 1 1 1 1 1 1 1 1 1 1 1 1 1 1 1 1 1 1 1 1 1 1 1 1 1 1 1 1 1 1 1 1 1 1 1 1 
1 1 1 1 1 1 1 1 1 1 1 1 1 1 0 1 1 1 1 1 1 1 1 1 1 1 1 1 1 1 1 1 1 1 1 1 1 1 1 1 1 1 1 1 1 1 1 1 1 1 1 1 1 1 1 1 1 
1 1 1 1 1 1 1 1 1 1 1 1 1 1 1 0 1 1 1 1 1 1 1 1 1 1 1 1 1 1 1 1 1 1 1 1 1 1 1 1 1 1 1 1 1 1 1 1 1 1 1 1 1 1 1 1 1 
1 1 1 1 1 1 1 1 1 1 1 1 1 1 1 1 0 1 1 1 1 1 1 1 1 1 1 1 1 1 1 1 1 1 1 1 1 1 1 1 1 1 1 1 1 1 1 1 1 1 1 1 1 1 1 1 1 
1 1 1 1 1 1 1 1 1 1 1 1 1 1 1 1 1 0 1 1 1 1 1 1 1 1 1 1 1 1 1 1 1 1 1 1 1 1 1 1 1 1 1 1 1 1 1 1 1 1 1 1 1 1 1 1 1 
1 1 1 1 1 1 1 1 1 1 1 1 1 1 1 1 1 1 0 1 1 1 1 1 1 1 1 1 1 1 1 1 1 1 1 1 1 1 1 1 1 1 1 1 1 1 1 1 1 1 1 1 1 1 1 1 1 
2 2 2 2 2 2 2 2 2 2 2 2 2 2 2 2 2 2 2 0 2 2 2 2 2 2 2 2 2 2 2 2 2 2 2 2 2 2 2 2 2 2 2 2 2 2 2 2 2 2 2 2 2 2 2 2 2 
1 1 1 1 1 1 1 1 1 1 1 1 1 1 1 1 1 1 1 1 0 1 1 1 1 1 1 1 1 1 1 1 1 1 1 1 1 1 1 1 1 1 1 1 1 1 1 1 1 1 1 1 1 1 1 1 1 
1 1 1 1 1 1 1 1 1 1 1 1 1 1 1 1 1 1 1 1 1 0 1 1 1 1 1 1 1 1 1 1 1 1 1 1 1 1 1 1 1 1 1 1 1 1 1 1 1 1 1 1 1 1 1 1 1 
2 2 2 2 2 2 2 2 2 2 2 2 2 2 2 2 2 2 2 2 2 2 0 2 2 2 2 2 2 2 2 2 2 2 2 2 2 2 2 2 2 2 2 2 2 2 2 2 2 2 2 2 2 2 2 2 2 
1 1 1 1 1 1 1 1 1 1 1 1 1 1 1 1 1 1 1 1 1 1 1 0 1 1 1 1 1 1 1 1 1 1 1 1 1 1 1 1 1 1 1 1 1 1 1 1 1 1 1 1 1 1 1 1 1 
1 1 1 1 1 1 1 1 1 1 1 1 1 1 1 1 1 1 1 1 1 1 1 1 0 1 1 1 1 1 1 1 1 1 1 1 1 1 1 1 1 1 1 1 1 1 1 1 1 1 1 1 1 1 1 1 1 
2 2 2 2 2 2 2 2 2 2 2 2 2 2 2 2 2 2 2 2 2 2 2 2 2 0 2 2 2 2 2 2 2 2 2 2 2 2 2 2 2 2 2 2 2 2 2 2 2 2 2 2 2 2 2 2 2 
1 1 1 1 1 1 1 1 1 1 1 1 1 1 1 1 1 1 1 1 1 1 1 1 1 1 0 1 1 1 1 1 1 1 1 1 1 1 1 1 1 1 1 1 1 1 1 1 1 1 1 1 1 1 1 1 1 
1 1 1 1 1 1 1 1 1 1 1 1 1 1 1 1 1 1 1 1 1 1 1 1 1 1 1 0 1 1 1 1 1 1 1 1 1 1 1 1 1 1 1 1 1 1 1 1 1 1 1 1 1 1 1 1 1 
2 2 2 2 2 2 2 2 2 2 2 2 2 2 2 2 2 2 2 2 2 2 2 2 2 2 2 2 0 2 2 2 2 2 2 2 2 2 2 2 2 2 2 2 2 2 2 2 2 2 2 2 2 2 2 2 2 
2 2 2 2 2 2 2 2 2 2 2 2 2 2 2 2 2 2 2 2 2 2 2 2 2 2 2 2 2 0 2 2 2 2 2 2 2 2 2 2 2 2 2 2 2 2 2 2 2 2 2 2 2 2 2 2 2 
1 1 1 1 1 1 1 1 1 1 1 1 1 1 1 1 1 1 1 1 1 1 1 1 1 1 1 1 1 1 0 1 1 1 1 1 1 1 1 1 1 1 1 1 1 1 1 1 1 1 1 1 1 1 1 1 1 
3 3 3 3 3 3 3 3 3 3 3 3 3 3 3 3 3 3 3 3 3 3 3 3 3 3 3 3 3 3 3 0 3 3 3 3 3 3 3 3 3 3 3 3 3 3 3 3 3 3 3 3 3 3 3 3 3 
2 2 2 2 2 2 2 2 2 2 2 2 2 2 2 2 2 2 2 2 2 2 2 2 2 2 2 2 2 2 2 2 0 2 2 2 2 2 2 2 2 2 2 2 2 2 2 2 2 2 2 2 2 2 2 2 2 
1 1 1 1 1 1 1 1 1 1 1 1 1 1 1 1 1 1 1 1 1 1 1 1 1 1 1 1 1 1 1 1 1 0 1 1 1 1 1 1 1 1 1 1 1 1 1 1 1 1 1 1 1 1 1 1 1 
1 1 1 1 1 1 1 1 1 1 1 1 1 1 1 1 1 1 1 1 1 1 1 1 1 1 1 1 1 1 1 1 1 1 0 1 1 1 1 1 1 1 1 1 1 1 1 1 1 1 1 1 1 1 1 1 1 
1 1 1 1 1 1 1 1 1 1 1 1 1 1 1 1 1 1 1 1 1 1 1 1 1 1 1 1 1 1 1 1 1 1 1 0 1 1 1 1 1 1 1 1 1 1 1 1 1 1 1 1 1 1 1 1 1 
2 2 2 2 2 2 2 2 2 2 2 2 2 2 2 2 2 2 2 2 2 2 2 2 2 2 2 2 2 2 2 2 2 2 2 2 0 2 2 2 2 2 2 2 2 2 2 2 2 2 2 2 2 2 2 2 2 
1 1 1 1 1 1 1 1 1 1 1 1 1 1 1 1 1 1 1 1 1 1 1 1 1 1 1 1 1 1 1 1 1 1 1 1 1 0 1 1 1 1 1 1 1 1 1 1 1 1 1 1 1 1 1 1 1 
2 2 2 2 2 2 2 2 2 2 2 2 2 2 2 2 2 2 2 2 2 2 2 2 2 2 2 2 2 2 2 2 2 2 2 2 2 2 0 2 2 2 2 2 2 2 2 2 2 2 2 2 2 2 2 2 2 
2 2 2 2 2 2 2 2 2 2 2 2 2 2 2 2 2 2 2 2 2 2 2 2 2 2 2 2 2 2 2 2 2 2 2 2 2 2 2 0 2 2 2 2 2 2 2 2 2 2 2 2 2 2 2 2 2 
3 3 3 3 3 3 3 3 3 3 3 3 3 3 3 3 3 3 3 3 3 3 3 3 3 3 3 3 3 3 3 3 3 3 3 3 3 3 3 3 0 3 3 3 3 3 3 3 3 3 3 3 3 3 3 3 3 
1 1 1 1 1 1 1 1 1 1 1 1 1 1 1 1 1 1 1 1 1 1 1 1 1 1 1 1 1 1 1 1 1 1 1 1 1 1 1 1 1 0 1 1 1 1 1 1 1 1 1 1 1 1 1 1 1 
2 2 2 2 2 2 2 2 2 2 2 2 2 2 2 2 2 2 2 2 2 2 2 2 2 2 2 2 2 2 2 2 2 2 2 2 2 2 2 2 2 2 0 2 2 2 2 2 2 2 2 2 2 2 2 2 2 
1 1 1 1 1 1 1 1 1 1 1 1 1 1 1 1 1 1 1 1 1 1 1 1 1 1 1 1 1 1 1 1 1 1 1 1 1 1 1 1 1 1 1 0 1 1 1 1 1 1 1 1 1 1 1 1 1 
2 2 2 2 2 2 2 2 2 2 2 2 2 2 2 2 2 2 2 2 2 2 2 2 2 2 2 2 2 2 2 2 2 2 2 2 2 2 2 2 2 2 2 2 0 2 2 2 2 2 2 2 2 2 2 2 2 
1 1 1 1 1 1 1 1 1 1 1 1 1 1 1 1 1 1 1 1 1 1 1 1 1 1 1 1 1 1 1 1 1 1 1 1 1 1 1 1 1 1 1 1 1 0 1 1 1 1 1 1 1 1 1 1 1 
2 2 2 2 2 2 2 2 2 2 2 2 2 2 2 2 2 2 2 2 2 2 2 2 2 2 2 2 2 2 2 2 2 2 2 2 2 2 2 2 2 2 2 2 2 2 0 2 2 2 2 2 2 2 2 2 2 
3 3 3 3 3 3 3 3 3 3 3 3 3 3 3 3 3 3 3 3 3 3 3 3 3 3 3 3 3 3 3 3 3 3 3 3 3 3 3 3 3 3 3 3 3 3 3 0 3 3 3 3 3 3 3 3 3 
1 1 1 1 1 1 1 1 1 1 1 1 1 1 1 1 1 1 1 1 1 1 1 1 1 1 1 1 1 1 1 1 1 1 1 1 1 1 1 1 1 1 1 1 1 1 1 1 0 1 1 1 1 1 1 1 1 
2 2 2 2 2 2 2 2 2 2 2 2 2 2 2 2 2 2 2 2 2 2 2 2 2 2 2 2 2 2 2 2 2 2 2 2 2 2 2 2 2 2 2 2 2 2 2 2 2 0 2 2 2 2 2 2 2 
2 2 2 2 2 2 2 2 2 2 2 2 2 2 2 2 2 2 2 2 2 2 2 2 2 2 2 2 2 2 2 2 2 2 2 2 2 2 2 2 2 2 2 2 2 2 2 2 2 2 0 2 2 2 2 2 2 
2 2 2 2 2 2 2 2 2 2 2 2 2 2 2 2 2 2 2 2 2 2 2 2 2 2 2 2 2 2 2 2 2 2 2 2 2 2 2 2 2 2 2 2 2 2 2 2 2 2 2 0 2 2 2 2 2 
2 2 2 2 2 2 2 2 2 2 2 2 2 2 2 2 2 2 2 2 2 2 2 2 2 2 2 2 2 2 2 2 2 2 2 2 2 2 2 2 2 2 2 2 2 2 2 2 2 2 2 2 0 2 2 2 2 
1 1 1 1 1 1 1 1 1 1 1 1 1 1 1 1 1 1 1 1 1 1 1 1 1 1 1 1 1 1 1 1 1 1 1 1 1 1 1 1 1 1 1 1 1 1 1 1 1 1 1 1 1 0 1 1 1 
2 2 2 2 2 2 2 2 2 2 2 2 2 2 2 2 2 2 2 2 2 2 2 2 2 2 2 2 2 2 2 2 2 2 2 2 2 2 2 2 2 2 2 2 2 2 2 2 2 2 2 2 2 2 0 2 2 
1 1 1 1 1 1 1 1 1 1 1 1 1 1 1 1 1 1 1 1 1 1 1 1 1 1 1 1 1 1 1 1 1 1 1 1 1 1 1 1 1 1 1 1 1 1 1 1 1 1 1 1 1 1 1 0 1 
3 3 3 3 3 3 3 3 3 3 3 3 3 3 3 3 3 3 3 3 3 3 3 3 3 3 3 3 3 3 3 3 3 3 3 3 3 3 3 3 3 3 3 3 3 3 3 3 3 3 3 3 3 3 3 3 0 
Time:
0	15
15	30
30	45
45	60
60	75
75	90
90	105
105	120
120	135
135	150
150	165
165	180
180	195
195	210
210	225
225	240
240	255
255	270
270	285
285	300
300	315
315	330
330	345
345	360
360	375
375	390
390	405
405	420
420	435
435	450
450	465
465	480
480	495
495	510
510	525
525	540
540	555
555	570
570	585
585	600
600	615
615	630
630	645
645	660
660	675
675	690
690	705
705	720
720	735
735	750
750	765
765	780
780	795
795	810
810	825
825	840
840	855
855	870
870	885
885	900
900	915
915	930
930	945
945	960
960	975
975	990
990	1005
1005	1020
1020	1035
1035	1050
1050	1065
1065	1080
1080	5000
Speed:
0.925	0.85	0.925	1	0.8325	0.765	0.8325	0.9	0.4625	0.425	0.4625	0.5	0.30525	0.2805	0.30525	0.33	0.37	0.34	0.37	0.4	0.555	0.51	0.555	0.6	0.6475	0.595	0.6475	0.7	0.37	0.34	0.37	0.4	0.30525	0.2805	0.30525	0.33	0.4625	0.425	0.4625	0.5	0.6475	0.595	0.6475	0.7	0.74	0.68	0.74	0.8	0.6475	0.595	0.6475	0.7	0.4625	0.425	0.4625	0.5	0.555	0.51	0.555	0.6	0.6475	0.595	0.6475	0.7	0.8325	0.765	0.8325	0.9	0.925	0.85	0.925	1	1	
0.925	0.85	0.925	1	0.8325	0.765	0.8325	0.9	0.4625	0.425	0.4625	0.5	0.30525	0.2805	0.30525	0.33	0.37	0.34	0.37	0.4	0.555	0.51	0.555	0.6	0.6475	0.595	0.6475	0.7	0.37	0.34	0.37	0.4	0.30525	0.2805	0.30525	0.33	0.4625	0.425	0.4625	0.5	0.6475	0.595	0.6475	0.7	0.74	0.68	0.74	0.8	0.6475	0.595	0.6475	0.7	0.4625	0.425	0.4625	0.5	0.555	0.51	0.555	0.6	0.6475	0.595	0.6475	0.7	0.8325	0.765	0.8325	0.9	0.925	0.85	0.925	1	1	
0.925	0.85	0.925	1	0.8325	0.765	0.8325	0.9	0.4625	0.425	0.4625	0.5	0.30525	0.2805	0.30525	0.33	0.37	0.34	0.37	0.4	0.555	0.51	0.555	0.6	0.6475	0.595	0.6475	0.7	0.37	0.34	0.37	0.4	0.30525	0.2805	0.30525	0.33	0.4625	0.425	0.4625	0.5	0.6475	0.595	0.6475	0.7	0.74	0.68	0.74	0.8	0.6475	0.595	0.6475	0.7	0.4625	0.425	0.4625	0.5	0.555	0.51	0.555	0.6	0.6475	0.595	0.6475	0.7	0.8325	0.765	0.8325	0.9	0.925	0.85	0.925	1	1	
