61
0 82.16 66.07 81.6 72.51 69.19 67.86 69.57 61.34 70.4 68.51 72.57 56.05 82.45 70.44 69.52 55.38 76.91 71.12 71.82 74.84 78.07 65.77 59.12 73.61 56.87 88.39 65.17 58.56 69.96 84.01 67.73 60.09 60.76 56.17 69.06 72.2 91.91 72.12 64.25 66.6 72.15 66.91 70.16 69.92 83.64 69.82 73.24 66.87 74.51 75.94 75.92 63.93 71.43 75.54 79.87 73.22 66.17 58.5 77.89 74.48 
82.16 0 16.62 10.49 14.05 13.15 25.85 12.66 23.07 12.57 23.17 14.42 35.64 4.37 11.72 12.65 29.52 9.41 12.53 21.48 10.2 4.45 17.09 29.62 8.56 28.42 6.3 17.4 29.37 31.47 10.63 15.08 25.9 30.97 27.31 13.9 13.27 11.84 13.72 18.59 17.11 12.25 15.74 12.04 25.76 4.63 13.36 10.53 18.09 10.69 7.21 7.07 18.62 17.51 13.56 14.55 11.68 17.43 24.73 8.72 7.68 
66.07 16.62 0 17.06 8.31 11.85 15.67 6.08 7.12 8.94 13.24 8.68 20.92 18.26 5.7 5.39 13.19 11.24 10.49 14.22 13.55 12.25 9.4 14.9 8.67 12.3 22.9 10.45 14.32 22.57 17.96 9.89 10.48 17.37 10.72 9.99 7.3 27.86 7.54 9.83 12.11 6.55 10.08 6.22 16.96 17.57 10.21 7.25 4.99 13.59 9.89 12.08 10.91 10.08 17.39 21.87 7.68 12.54 8.12 12.13 9.36 
81.6 10.49 17.06 0 16.05 13.45 27.98 12.16 23.91 11.29 25.25 16.47 37.04 12.27 11.61 12.37 30.22 11.89 10.87 23.86 7.85 6.04 17.63 30.95 8.43 29.24 7.21 17.73 30.61 33.9 7.26 15.68 26.97 32.6 27.73 14.67 15.07 10.81 15.58 19.03 18.04 13.81 16.2 11.63 28.09 7.91 14.29 12.03 19.36 8.32 8.82 5.68 18.87 19.64 10.6 11.27 13.47 18.3 25.13 11.35 7.7 
72.51 14.05 8.31 16.05 0 8.01 11.94 11 11.18 13.77 9.21 9.41 21.9 17.43 9.49 10.17 17.44 5.08 15.13 8.2 16.55 10.01 8.14 16.05 10.09 16.07 19.59 9.19 16 18.12 13.44 7.03 13.05 17.02 16.35 6.08 9.93 25.85 9.81 9.34 6.42 9.86 7.88 10.58 12.21 12.74 5.34 4.45 5.64 16.84 7.26 13.38 10.18 11.37 21.08 24.63 10.73 6.88 14.13 6.07 10.08 
69.19 13.15 11.85 13.45 8.01 0 17.82 10.68 10.65 6.24 15.18 8.5 24.32 14.65 10.52 10.06 16.81 9.2 7.76 15.44 10.31 8.89 4.22 18.24 5.05 15.9 19.45 4.29 17.73 24.61 14.85 10.29 13.93 20.48 14.29 9.31 6.69 24.25 7.14 5.59 5.23 5.3 11.2 10.13 18.79 14.56 9.06 5.06 7.26 10.42 6.85 8.5 5.47 10.87 14.45 18.71 6.27 5.32 11.69 9.94 5.75 
67.86 25.85 15.67 27.98 11.94 17.82 0 21.04 11.63 24.05 14.02 11.51 12.58 29.37 19.92 20.19 14.04 16.49 25.57 5 27.8 21.94 15.03 8.85 21.52 12.61 30.96 15.99 9.59 6.9 24.59 15.6 9.9 7.34 15.53 15.61 13.01 37.52 12.48 15 13.03 14.46 15.94 20.87 9.31 23.77 15.37 16.2 10.74 28.01 19.2 25.03 16.09 8.36 32.17 36.13 14.57 13.17 14.96 17.31 21.7 
69.57 12.66 6.08 12.16 11 10.68 21.04 0 13.14 10.78 18.42 11.51 26.99 13.17 9.8 9.93 18.89 11.18 4.55 18.65 7.48 8.97 6.78 20.99 10.36 18.16 18.83 6.38 20.39 27.85 15.15 5.51 16.55 23.41 16.02 5.47 9.64 22.86 10.14 7.8 8.26 8.12 5.45 9.27 22.03 15.05 5.9 7.35 10.41 7.51 7.86 6.62 7.28 14.05 11.36 15.79 8.91 8.27 13.48 11.71 5.02 
61.34 23.07 7.12 23.91 11.18 10.65 11.63 13.14 0 15.85 10.12 11.23 13.89 25.17 12.81 12.48 6.49 15.83 17.37 12.61 20.61 18.62 6.45 8.01 15.66 5.35 29.24 6.76 7.31 18.18 23.71 8.26 10.9 10.88 5.26 9.25 11 34.63 10.85 5.35 5.96 11.28 7.89 13.32 13.54 23.16 9.72 12.73 5.57 20.63 15.94 19.15 6.08 10.45 24.28 28.87 12.23 5.64 10.57 16.83 16.27 
70.4 12.57 8.94 11.29 13.77 6.24 24.05 10.78 15.85 0 21.42 14.29 29.74 12.06 4.3 10.72 21.31 13.22 10.03 21.58 5.01 9.7 9.65 23.79 5 20.7 18.37 9.11 23.15 30.86 15.68 8.51 19.3 26.31 18.25 8.46 12.4 21.56 12.92 10.51 11.24 10.83 8.38 10.13 25.02 15.75 8.84 9.78 13.41 4.92 9.44 5.65 9.83 16.95 8.46 13.03 11.49 11.23 15.8 13.59 5.75 
68.51 23.17 13.24 25.25 9.21 15.18 14.02 18.42 10.12 21.42 0 8.79 14.18 26.64 17.25 17.56 13.74 13.85 22.94 10.32 25.09 19.21 12.63 9.46 18.78 12.24 28.39 13.64 9.95 9.43 22.05 13.04 9.17 8.91 14.62 12.96 10.26 34.88 9.73 12.77 10.56 11.71 13.44 18.22 14.23 21.24 12.68 13.45 8.25 25.3 16.46 22.28 13.87 5.66 29.48 33.4 11.82 10.75 13.63 14.7 18.95 
72.57 14.42 8.68 16.47 9.41 8.5 11.51 11.51 11.23 14.29 8.79 0 21.65 17.86 10.01 10.68 17.42 5.32 15.65 7.69 17.07 10.43 8.48 15.85 10.61 16.03 19.89 9.54 15.83 17.63 13.69 7.45 12.97 16.73 16.43 6.54 10.17 26.2 10.29 9.63 6.69 10.1 8.28 11.1 11.73 12.97 5.82 4.96 5.73 17.36 7.71 13.89 10.5 11.46 21.6 25.14 10.95 7.13 14.25 6.29 10.59 
56.05 35.64 20.92 37.04 21.9 24.32 12.58 26.99 13.89 29.74 14.18 21.65 0 38.37 26.54 26.31 9.77 26.97 31.26 17.34 34.47 31.29 20.23 6.1 29.16 9.6 41.45 20.64 6.6 14 35.34 21.84 10.45 5.29 13.2 22.58 22.44 47.46 22.04 19.24 19.19 23.4 21.63 27.14 14.36 34.62 22.82 25.14 17.68 34.5 28.46 32.74 19.95 19.08 38.17 42.76 24 19.02 14.8 27.93 29.66 
82.45 4.37 18.26 12.27 17.43 14.65 29.37 13.17 25.17 12.06 26.64 17.86 38.37 0 12.74 13.44 31.44 13.25 11.49 25.24 8.17 7.43 18.84 32.27 9.6 30.49 6.93 18.91 31.92 35.28 8.14 16.92 28.26 33.96 28.89 15.94 16.45 9.69 16.95 20.23 19.32 15.18 17.41 12.67 29.47 8.87 15.59 13.39 20.69 8.61 10.19 6.58 20.03 21.02 10.34 10.44 14.85 19.57 26.3 12.7 8.91 
70.44 11.72 5.7 11.61 9.49 10.52 19.92 9.8 12.81 4.3 17.25 10.01 26.54 12.74 0 8.94 18.84 9.55 5.73 17.29 8.07 7.75 6.36 20.47 9.3 18 17.98 6.23 19.95 26.67 13.91 4.73 16.13 22.72 16.17 4.33 8.12 22.41 8.63 7.61 7.47 6.57 4.92 9.6 20.81 13.75 4.59 5.72 9.47 8.2 6.35 6.39 7.3 12.65 12.27 16.48 7.31 7.56 13.59 10.1 10.05 
69.52 12.65 5.39 12.37 10.17 10.06 20.19 9.93 12.48 10.72 17.56 10.68 26.31 13.44 8.94 0 18.35 10.54 5.39 17.79 8.17 8.77 6.08 20.28 11.19 17.58 18.88 5.77 19.71 27 14.94 4.7 15.87 22.65 15.57 4.61 8.81 23.13 9.3 7.18 7.45 7.31 4.7 9.34 21.17 14.79 5.04 6.62 9.58 8.23 7.41 6.96 6.74 13.19 12.16 16.52 8.13 7.49 13 11.12 4.96 
55.38 29.52 13.19 30.22 17.44 16.81 14.04 18.89 6.49 21.31 13.74 17.42 9.77 31.44 18.84 18.35 0 22.24 22.73 16.88 26.26 25.07 12.6 6.06 21.86 10.76 35.71 12.61 5.03 19.17 30.2 14.54 4.74 9.44 10.37 15.64 17.4 40.99 17.2 11.24 12.43 17.76 14.04 19.19 16.22 29.64 16.16 19.23 11.95 26.21 22.42 25.23 11.62 16.05 29.51 34.25 18.68 12.09 5.54 23.25 22.53 
76.91 9.41 11.24 11.89 5.08 9.2 16.49 11.18 15.83 13.22 13.85 5.32 26.97 13.25 9.55 10.54 22.24 0 14.23 12.07 14.45 6.04 11.37 21.14 8.44 20.93 14.59 12.18 21.07 22.08 8.37 9.61 18.01 22.04 20.81 8.29 4.85 21.03 5.09 12.83 10.31 4.78 10.51 10.56 16.35 7.65 7.43 9.53 10.3 14.84 9.85 10.77 13.38 8.21 18.96 21.76 13.15 10.75 18.41 10.52 7.98 
71.12 12.53 10.49 10.87 15.13 7.76 25.57 4.55 17.37 10.03 22.94 15.65 31.26 11.49 5.73 5.39 22.73 14.23 0 23.02 11.48 10.16 11.2 25.32 5.82 22.16 18.06 10.64 24.67 32.37 15.91 10.06 20.82 27.86 19.62 9.97 13.76 20.79 14.29 12.03 12.79 12.17 9.93 4.72 26.52 16.07 10.31 11.01 14.96 9.72 10.3 5.46 11.32 18.38 6.92 11.54 12.76 12.78 17.21 14.51 6.44 
71.82 21.48 14.22 23.86 8.2 15.44 5 18.65 12.61 21.58 10.32 7.69 17.34 25.24 17.29 17.79 16.88 12.07 23.02 0 24.72 17.86 13.72 12.78 18.27 15.37 26.27 14.81 13.27 10.04 19.88 13.64 12.22 12.06 17.46 13.23 9.49 32.95 8.93 14.21 11.57 11.08 14.23 18.34 4.31 19.03 12.75 12.64 9.38 24.98 15.27 21.58 15.29 4.66 29.22 32.82 10.87 11.87 16.17 12.78 18.28 
74.84 10.2 13.55 7.85 16.55 10.31 27.8 7.48 20.61 5.01 25.09 17.07 34.47 8.17 8.07 8.17 26.26 14.45 11.48 24.72 0 9.17 14.24 28.44 6.46 25.6 15.02 13.86 27.87 34.43 14.01 12.78 24.02 30.78 23.25 12.36 15.23 17.11 15.79 15.27 15.53 13.64 12.86 7.35 28.51 14.36 12.47 12.14 17.52 8.8 10.36 10.66 14.7 20.07 4.56 8.41 13.95 15.61 20.78 14.47 6.6 
78.07 4.45 12.25 6.04 10.01 8.89 21.94 8.97 18.62 9.7 19.21 10.43 31.29 7.43 7.75 8.77 25.07 6.04 10.16 17.86 9.17 0 12.7 25.24 4.9 23.97 10.68 13.07 24.97 27.89 6.18 10.68 21.46 26.71 22.91 9.47 9.07 16.18 9.56 14.21 12.66 7.91 11.38 8.3 22.06 6.12 8.91 6.15 13.68 9.62 9.38 5.37 14.3 13.59 13.45 15.82 7.47 12.99 20.33 5.71 11.79 
65.77 17.09 9.4 17.63 8.14 4.22 15.03 6.78 6.45 9.65 12.63 8.48 20.23 18.84 6.36 6.08 12.6 11.37 11.2 13.72 14.24 12.7 0 14.21 9.27 11.68 23.37 8.52 13.63 21.93 18.31 9.32 9.8 16.66 10.22 9.58 7.22 28.41 7.41 9.25 9.45 6.62 9.62 6.91 16.37 17.9 9.63 7.48 4.41 14.29 10.26 12.71 9.7 9.68 18.1 22.57 7.75 9.55 7.64 12.29 9.93 
59.12 29.62 14.9 30.95 16.05 18.24 8.85 20.99 8.01 23.79 9.46 15.85 6.1 32.27 20.47 20.28 6.06 21.14 25.32 12.78 28.44 25.24 14.21 0 23.06 5.05 35.5 14.69 11.09 13.19 29.48 15.76 4.55 11.39 8.81 16.49 16.49 41.42 16.13 13.3 13.1 17.37 15.59 21.1 11 28.79 16.72 19.09 11.6 28.5 22.42 26.65 14.09 13.55 32.24 36.77 18.03 12.94 9.65 22.12 23.56 
73.61 8.56 8.67 8.43 10.09 5.05 21.52 10.36 15.66 5 18.78 10.61 29.16 9.6 9.3 11.19 21.86 8.44 5.82 18.27 6.46 4.9 9.27 23.06 0 20.94 14.79 9.31 22.61 28.04 11.06 7.4 18.87 25.07 19.3 6.58 8.78 19.24 9.34 10.63 9.97 7.19 7.83 10.54 22.12 11.02 6.43 5.68 11.65 6.76 4.48 10.27 10.44 13.63 11 14.63 7.49 10.16 16.71 8.7 10.76 
56.87 28.42 12.3 29.24 16.07 15.9 12.61 18.16 5.35 20.7 12.24 16.03 9.6 30.49 18 17.58 10.76 20.93 22.16 15.37 25.6 23.97 11.68 5.05 20.94 0 34.58 11.81 12.66 17.95 28.97 13.57 9.6 8.49 10.61 14.6 16.08 39.98 15.87 10.4 11.31 16.53 13.13 18.42 14.79 28.39 15.07 18.04 10.65 25.57 21.27 24.38 10.9 14.57 29 33.7 17.42 10.99 5.22 21.94 21.58 
88.39 6.3 22.9 7.21 19.59 19.45 30.96 18.83 29.24 18.37 28.39 19.89 41.45 6.93 17.98 18.88 35.71 14.59 18.06 26.27 15.02 10.68 23.37 35.5 14.79 34.58 0 23.7 35.33 36.01 6.4 21.35 31.96 36.61 33.59 20.15 19.01 6.93 19.4 24.87 23.29 18.19 22.03 18.23 30.58 7.26 19.56 16.56 24.11 15.48 13.3 12.73 24.91 22.79 17.17 16.38 17.47 23.63 31 13.7 13.93 
65.17 17.4 10.45 17.73 9.19 4.29 15.99 6.38 6.76 9.11 13.64 9.54 20.64 18.91 6.23 5.77 12.61 12.18 10.64 14.81 13.86 13.07 8.52 14.69 9.31 11.81 23.7 0 14.05 22.89 18.84 10.37 10.2 17.29 10 10.38 8.22 28.54 8.44 9.88 9.52 7.49 10.47 6.61 17.38 18.47 4.77 8.18 5.47 13.87 10.77 12.62 9.77 10.79 17.56 22.11 8.63 9.61 7.4 13.08 10.04 
58.56 29.37 14.32 30.61 16 17.73 9.59 20.39 7.31 23.15 9.95 15.83 6.6 31.92 19.95 19.71 5.03 21.07 24.67 13.27 27.87 24.97 13.63 11.09 22.61 12.66 35.33 14.05 0 14.19 29.38 15.26 9.77 4.48 7.78 16.05 16.36 41.15 16.02 12.65 12.65 17.15 15.04 20.54 11.75 28.71 16.33 18.84 11.29 27.9 22.16 26.18 13.39 13.69 31.59 36.16 17.86 12.46 8.71 22.06 23.14 
69.96 31.47 22.57 33.9 18.12 24.61 6.9 27.85 18.18 30.86 9.43 17.63 14 35.28 26.67 27 19.17 22.08 32.37 10.04 34.43 27.89 21.93 13.19 28.04 17.95 36.01 22.89 14.19 0 29.62 22.46 15.85 10.17 21.37 22.39 19.33 42.79 18.77 21.89 19.92 20.87 22.83 27.65 5.92 28.75 22.09 22.53 17.62 34.65 25.29 31.46 22.97 14.48 38.86 42.67 20.8 20.07 21.26 22.75 28.14 
84.01 10.63 17.96 7.26 13.44 14.85 24.59 15.15 23.71 15.68 22.05 13.69 35.34 8.14 13.91 14.94 30.2 8.37 15.91 19.88 14.01 6.18 18.31 29.48 11.06 28.97 6.4 18.84 29.38 29.62 0 16.32 26.18 30.4 28.38 15.01 13.03 13.2 13.36 19.84 17.85 12.44 17.11 14.48 24.18 12.3 14.31 11.01 18.34 14.5 8.07 10.57 20.09 16.49 17.57 18.51 11.58 18.24 25.85 7.42 10.18 
67.73 15.08 9.89 15.68 7.03 10.29 15.6 5.51 8.26 8.51 13.04 7.45 21.84 16.92 4.73 4.7 14.54 9.61 10.06 13.64 12.78 10.68 9.32 15.76 7.4 13.57 21.35 10.37 15.26 22.46 16.32 0 11.48 18 12.24 9.06 5.9 26.45 6.21 9.75 10.55 4.98 9.4 5.47 16.72 15.92 9.31 5.58 4.91 12.88 8.26 10.93 10.83 9.25 16.86 21.17 6.11 10.97 9.65 10.49 8.02 
60.09 25.9 10.48 26.97 13.05 13.93 9.9 16.55 10.9 19.3 9.17 12.97 10.45 28.26 16.13 15.87 4.74 18.01 20.82 12.22 24.02 21.46 9.8 4.55 18.87 9.6 31.96 10.2 9.77 15.85 26.18 11.48 0 7.58 5.64 12.34 13.18 37.6 12.92 8.79 8.94 13.79 11.21 16.7 12.02 25.56 12.68 15.4 7.86 24.06 18.7 22.41 9.55 11.36 27.74 32.31 14.6 8.71 5.53 19.02 19.43 
60.76 30.97 17.37 32.6 17.02 20.48 7.34 23.41 10.88 26.31 8.91 16.73 5.29 33.96 22.72 22.65 9.44 22.04 27.86 12.06 30.78 26.71 16.66 11.39 25.07 8.49 36.61 17.29 4.48 10.17 30.4 18 7.58 0 12.24 18.54 17.7 42.81 17.26 15.95 15.25 18.81 17.97 23.45 9.23 29.65 18.64 20.59 13.42 30.87 23.87 28.68 16.84 13.99 34.76 39.17 19.3 15.17 12.95 22.98 25.48 
56.17 27.31 10.72 27.73 16.35 14.29 15.53 16.02 5.26 18.25 14.62 16.43 13.2 28.89 16.17 15.57 10.37 20.81 19.62 17.46 23.25 22.91 10.22 8.81 19.3 10.61 33.59 10 7.78 21.37 28.38 12.24 5.64 12.24 0 13.46 16.04 38.54 15.96 8.74 10.57 16.11 11.59 16.39 17.64 27.9 14.1 17.38 10.71 23.17 20.41 22.52 8.87 15.69 26.31 31.08 17.14 10.16 11.16 21.8 20.04 
69.06 13.9 9.99 14.67 6.08 9.31 15.61 5.47 9.25 8.46 12.96 6.54 22.58 15.94 4.33 4.61 15.64 8.29 9.97 13.23 12.36 9.47 9.58 16.49 6.58 14.6 20.15 10.38 16.05 22.39 15.01 9.06 12.34 18.54 13.46 0 4.85 25.38 5.23 4.83 10.58 10.9 9.26 5.26 16.56 14.6 8.92 4.25 5.17 12.51 6.97 10.18 5.17 8.7 16.6 20.76 4.86 11.04 10.89 9.16 7.09 
72.2 13.27 7.3 15.07 9.93 6.69 13.01 9.64 11 12.4 10.26 10.17 22.44 16.45 8.12 8.81 17.4 4.85 13.76 9.49 15.23 9.07 7.22 16.49 8.78 16.08 19.01 8.22 16.36 19.33 13.03 5.9 13.18 17.7 16.04 4.85 0 25.1 9.17 8.53 5.73 9.63 6.79 9.21 13.41 12.38 10.67 9.1 5.45 15.51 6.25 12.13 9.28 4.86 19.75 23.36 9.71 6.19 13.71 5.86 8.81 
91.91 11.84 27.86 10.81 25.85 24.25 37.52 22.86 34.63 21.56 34.88 26.2 47.46 9.69 22.41 23.13 40.99 21.03 20.79 32.95 17.11 16.18 28.41 41.42 19.24 39.98 6.93 28.54 41.15 42.79 13.2 26.45 37.6 42.81 38.54 25.38 25.1 0 25.55 29.83 28.71 24.07 26.99 22.36 37.26 14.09 24.94 22.33 29.86 17.46 19.01 16.25 29.68 29.23 17.47 14.79 23.51 29 35.94 20.21 18.5 
72.12 13.72 7.54 15.58 9.81 7.14 12.48 10.14 10.85 12.92 9.73 10.29 22.04 16.95 8.63 9.3 17.2 5.09 14.29 8.93 15.79 9.56 7.41 16.13 9.34 15.87 19.4 8.44 16.02 18.77 13.36 6.21 12.92 17.26 15.96 5.23 9.17 25.55 0 8.67 5.8 9.87 7.07 9.72 12.85 12.69 4.47 9.47 5.29 16.07 6.76 12.69 9.46 4.3 20.31 23.92 10.09 6.25 13.67 6.1 9.37 
64.25 18.59 9.83 19.03 9.34 5.59 15 7.8 5.35 10.51 12.77 9.63 19.24 20.23 7.61 7.18 11.24 12.83 12.03 14.21 15.27 14.21 9.25 13.3 10.63 10.4 24.87 9.88 12.65 21.89 19.84 9.75 8.79 15.95 8.74 4.83 8.53 29.83 8.67 0 10.81 8.06 10.05 8.02 16.5 19.42 5.57 8.99 4.84 15.29 11.79 14 10 10.46 18.95 23.52 9.18 10.91 6.14 13.76 11.33 
66.6 17.11 12.11 18.04 6.42 5.23 13.03 8.26 5.96 11.24 10.56 6.69 19.19 19.32 7.47 7.45 12.43 10.31 12.79 11.57 15.53 12.66 9.45 13.1 9.97 11.31 23.29 9.52 12.65 19.92 17.85 10.55 8.94 15.25 10.57 10.58 5.73 28.71 5.8 10.81 0 5.56 11.46 8.23 14.28 17.35 10.27 6.85 11.08 15.64 9.99 13.55 10.7 7.57 19.61 23.93 6.62 10.55 8.11 11.29 10.5 
72.15 12.25 6.55 13.81 9.86 5.3 14.46 8.12 11.28 10.83 11.71 10.1 23.4 15.18 6.57 7.31 17.76 4.78 12.17 11.08 13.64 7.91 6.62 17.37 7.19 16.53 18.19 7.49 17.15 20.87 12.44 4.98 13.79 18.81 16.11 10.9 9.63 24.07 9.87 8.06 5.56 0 5.9 7.66 14.95 11.88 11.15 10.36 5.93 13.91 5.07 10.6 8.65 6.44 18.15 21.8 9.72 5.99 13.67 5.74 7.27 
66.91 15.74 10.08 16.2 7.88 11.2 15.94 5.45 7.89 8.38 13.44 8.28 21.63 17.41 4.92 4.7 14.04 10.51 9.93 14.23 12.86 11.38 9.62 15.59 7.83 13.13 22.03 10.47 15.04 22.83 17.11 9.4 11.21 17.97 11.59 9.26 6.79 26.99 7.07 10.05 11.46 5.9 0 5.52 17.15 16.73 9.51 6.47 5.21 12.93 9.04 11.27 11.12 9.93 16.8 21.22 7.02 11.89 9 11.39 8.5 
70.16 12.04 6.22 11.63 10.58 10.13 20.87 9.27 13.32 10.13 18.22 11.1 27.14 12.67 9.6 9.34 19.19 10.56 4.72 18.34 7.35 8.3 6.91 21.1 10.54 18.42 18.23 6.61 20.54 27.65 14.48 5.47 16.7 23.45 16.39 5.26 9.21 22.36 9.72 8.02 8.23 7.66 5.52 0 21.8 14.38 5.6 6.79 10.32 7.42 7.19 6.16 7.58 13.71 11.4 15.72 8.4 8.28 13.83 11.07 4.38 
69.92 25.76 16.96 28.09 12.21 18.79 9.31 22.03 13.54 25.02 14.23 11.73 14.36 29.47 20.81 21.17 16.22 16.35 26.52 4.31 28.51 22.06 16.37 11 22.12 14.79 30.58 17.38 11.75 5.92 24.18 16.72 12.02 9.23 17.64 16.56 13.41 37.26 12.85 16.5 14.28 14.95 17.15 21.8 0 23.33 16.22 16.62 11.98 28.75 19.41 25.54 17.6 8.57 32.96 36.74 14.89 14.48 16.95 17.09 22.21 
83.64 4.63 17.57 7.91 12.74 14.56 23.77 15.05 23.16 15.75 21.24 12.97 34.62 8.87 13.75 14.79 29.64 7.65 16.07 19.03 14.36 6.12 17.9 28.79 11.02 28.39 7.26 18.47 28.71 28.75 12.3 15.92 25.56 29.65 27.9 14.6 12.38 14.09 12.69 19.42 17.35 11.88 16.73 14.38 23.33 0 13.86 10.51 17.75 14.85 7.72 10.82 19.71 15.71 18.06 19.18 10.97 17.74 25.39 6.68 10.15 
69.82 13.36 10.21 14.29 5.34 9.06 15.37 5.9 9.72 8.84 12.68 5.82 22.82 15.59 4.59 5.04 16.16 7.43 10.31 12.75 12.47 8.91 9.63 16.72 6.43 15.07 19.56 4.77 16.33 22.09 14.31 9.31 12.68 18.64 14.1 8.92 10.67 24.94 4.47 5.57 10.27 11.15 9.51 5.6 16.22 13.86 0 9.79 5.22 12.65 6.31 10.05 5.98 8.15 16.8 20.85 10.97 10.73 11.55 8.31 6.85 
73.24 10.53 7.25 12.03 4.45 5.06 16.2 7.35 12.73 9.78 13.45 4.96 25.14 13.39 5.72 6.62 19.23 9.53 11.01 12.64 12.14 6.15 7.48 19.09 5.68 18.04 16.56 8.18 18.84 22.53 11.01 5.58 15.4 20.59 17.38 4.25 9.1 22.33 9.47 8.99 6.85 10.36 6.47 6.79 16.62 10.51 9.79 0 7.56 12.44 9.19 8.94 9.41 8.06 16.68 20.18 9.11 7.23 14.88 4.96 5.63 
66.87 18.09 4.99 19.36 5.64 7.26 10.74 10.41 5.57 13.41 8.25 5.73 17.68 20.69 9.47 9.58 11.95 10.3 14.96 9.38 17.52 13.68 4.41 11.6 11.65 10.65 24.11 5.47 11.29 17.62 18.34 4.91 7.86 13.42 10.71 5.17 5.45 29.86 5.29 4.84 11.08 5.93 5.21 10.32 11.98 17.75 5.22 7.56 0 17.66 10.88 15.27 5.92 5.73 21.71 25.93 6.77 11.21 8.53 11.31 12.07 
74.51 10.69 13.59 8.32 16.84 10.42 28.01 7.51 20.63 4.92 25.3 17.36 34.5 8.61 8.2 8.23 26.21 14.84 9.72 24.98 8.8 9.62 14.29 28.5 6.76 25.57 15.48 13.87 27.9 34.65 14.5 12.88 24.06 30.87 23.17 12.51 15.51 17.46 16.07 15.29 15.64 13.91 12.93 7.42 28.75 14.85 12.65 12.44 17.66 0 10.75 4.25 14.68 20.33 4.25 8.3 14.25 15.7 20.71 14.88 6.95 
75.94 7.21 9.89 8.82 7.26 6.85 19.2 7.86 15.94 9.44 16.46 7.71 28.46 10.19 6.35 7.41 22.42 9.85 10.3 15.27 10.36 9.38 10.26 22.42 4.48 21.27 13.3 10.77 22.16 25.29 8.07 8.26 18.7 23.87 20.41 6.97 6.25 19.01 6.76 11.79 9.99 5.07 9.04 7.19 19.41 7.72 6.31 9.19 10.88 10.75 0 6.71 12.02 10.88 14.88 17.84 4.66 10.35 17.85 4.23 11.56 
75.92 7.07 12.08 5.68 13.38 8.5 25.03 6.62 19.15 5.65 22.28 13.89 32.74 6.58 6.39 6.96 25.23 10.77 5.46 21.58 10.66 5.37 12.71 26.65 10.27 24.38 12.73 12.62 26.18 31.46 10.57 10.93 22.41 28.68 22.52 10.18 12.13 16.25 12.69 14 13.55 10.6 11.27 6.16 25.54 10.82 10.05 8.94 15.27 4.25 6.71 0 13.67 16.99 8.2 11.26 10.71 13.73 19.95 10.72 10.54 
63.93 18.62 10.91 18.87 10.18 5.47 16.09 7.28 6.08 9.83 13.87 10.5 19.95 20.03 7.3 6.74 11.62 13.38 11.32 15.29 14.7 14.3 9.7 14.09 10.44 10.9 24.91 9.77 13.39 22.97 20.09 10.83 9.55 16.84 8.87 5.17 9.28 29.68 9.46 10 10.7 8.65 11.12 7.58 17.6 19.71 5.98 9.41 5.92 14.68 12.02 13.67 0 11.48 18.22 22.85 9.79 10.8 6.28 14.28 11.19 
71.43 17.51 10.08 19.64 11.37 10.87 8.36 14.05 10.45 16.95 5.66 11.46 19.08 21.02 12.65 13.19 16.05 8.21 18.38 4.66 20.07 13.59 9.68 13.55 13.63 14.57 22.79 10.79 13.69 14.48 16.49 9.25 11.36 13.99 15.69 8.7 4.86 29.23 4.3 10.46 7.57 6.44 9.93 13.71 8.57 15.71 8.15 8.06 5.73 20.33 10.88 16.99 11.48 0 24.57 28.22 6.33 7.95 13.85 9.09 13.68 
75.54 13.56 17.39 10.6 21.08 14.45 32.17 11.36 24.28 8.46 29.48 21.6 38.17 10.34 12.27 12.16 29.51 18.96 6.92 29.22 4.56 13.45 18.1 32.24 11 29 17.17 17.56 31.59 38.86 17.57 16.86 27.74 34.76 26.31 16.6 19.75 17.47 20.31 18.95 19.61 18.15 16.8 11.4 32.96 18.06 16.8 16.68 21.71 4.25 14.88 8.2 18.22 24.57 0 4.82 18.49 19.63 23.97 18.93 11.16 
79.87 14.55 21.87 11.27 24.63 18.71 36.13 15.79 28.87 13.03 33.4 25.14 42.76 10.44 16.48 16.52 34.25 21.76 11.54 32.82 8.41 15.82 22.57 36.77 14.63 33.7 16.38 22.11 36.16 42.67 18.51 21.17 32.31 39.17 31.08 20.76 23.36 14.79 23.92 23.52 23.93 21.8 21.22 15.72 36.74 19.18 20.85 20.18 25.93 8.3 17.84 11.26 22.85 28.22 4.82 0 21.96 24 28.71 21.53 14.55 
73.22 11.68 7.68 13.47 10.73 6.27 14.57 8.91 12.23 11.49 11.82 10.95 24 14.85 7.31 8.13 18.68 13.15 12.76 10.87 13.95 7.47 7.75 18.03 7.49 17.42 17.47 8.63 17.86 20.8 11.58 6.11 14.6 19.3 17.14 4.86 9.71 23.51 10.09 9.18 6.62 9.72 7.02 8.4 14.89 10.97 10.97 9.11 6.77 14.25 4.66 10.71 9.79 6.33 18.49 21.96 0 7.06 14.72 4.67 7.43 
66.17 17.43 12.54 18.3 6.88 5.32 13.17 8.27 5.64 11.23 10.75 7.13 19.02 19.57 7.56 7.49 12.09 10.75 12.78 11.87 15.61 12.99 9.55 12.94 10.16 10.99 23.63 9.61 12.46 20.07 18.24 10.97 8.71 15.17 10.16 11.04 6.19 29 6.25 10.91 10.55 5.99 11.89 8.28 14.48 17.74 10.73 7.23 11.21 15.7 10.35 13.73 10.8 7.95 19.63 24 7.06 0 7.69 11.72 10.72 
58.5 24.73 8.12 25.13 14.13 11.69 14.96 13.48 10.57 15.8 13.63 14.25 14.8 26.3 13.59 13 5.54 18.41 17.21 16.17 20.78 20.33 7.64 9.65 16.71 5.22 31 7.4 8.71 21.26 25.85 9.65 5.53 12.95 11.16 10.89 13.71 35.94 13.67 6.14 8.11 13.67 9 13.83 16.95 25.39 11.55 14.88 8.53 20.71 17.85 19.95 6.28 13.85 23.97 28.71 14.72 7.69 0 19.39 17.44 
77.89 8.72 12.13 11.35 6.07 9.94 17.31 11.71 16.83 13.59 14.7 6.29 27.93 12.7 10.1 11.12 23.25 10.52 14.51 12.78 14.47 5.71 12.29 22.12 8.7 21.94 13.7 13.08 22.06 22.75 7.42 10.49 19.02 22.98 21.8 9.16 5.86 20.21 6.1 13.76 11.29 5.74 11.39 11.07 17.09 6.68 8.31 4.96 11.31 14.88 4.23 10.72 14.28 9.09 18.93 21.53 4.67 11.72 19.39 0 8.15 
74.48 7.68 9.36 7.7 10.08 5.75 21.7 5.02 16.27 5.75 18.95 10.59 29.66 8.91 10.05 4.96 22.53 7.98 6.44 18.28 6.6 11.79 9.93 23.56 10.76 21.58 13.93 10.04 23.14 28.14 10.18 8.02 19.43 25.48 20.04 7.09 8.81 18.5 9.37 11.33 10.5 7.27 8.5 4.38 22.21 10.15 6.85 5.63 12.07 6.95 11.56 10.54 11.19 13.68 11.16 14.55 7.43 10.72 17.44 8.15 0 
0	5000
0	134
0	153
0	184
0	218
0	243
0	297
0	350
0	374
0	402
0	436
0	449
0	499
0	606
0	634
0	649
0	679
0	710
0	731
0	761
0	800
0	814
0	838
0	869
0	913
0	948
0	1001
0	1031
0	1048
0	1063
0	1097
0	1114
0	1125
0	1133
0	1145
0	1158
0	1163
0	1188
0	1214
0	1223
0	1233
0	1239
0	1245
0	1250
0	1272
0	1296
0	1309
0	1319
0	1327
0	1344
0	1355
0	1362
0	1376
0	1387
0	1412
0	1416
0	1438
0	1445
0	1453
0	1472
0	1481
C:
0 3 3 3 3 3 3 3 3 3 3 3 3 3 3 3 3 3 3 3 3 3 3 3 3 3 3 3 3 3 3 3 3 3 3 3 3 3 3 3 3 3 3 3 3 3 3 3 3 3 3 3 3 3 3 3 3 3 3 3 3 3 
1 0 1 1 1 1 1 1 1 1 1 1 1 1 1 1 1 1 1 1 1 1 1 1 1 1 1 1 1 1 1 1 1 1 1 1 1 1 1 1 1 1 1 1 1 1 1 1 1 1 1 1 1 1 1 1 1 1 1 1 1 1 
1 1 0 1 1 1 1 1 1 1 1 1 1 1 1 1 1 1 1 1 1 1 1 1 1 1 1 1 1 1 1 1 1 1 1 1 1 1 1 1 1 1 1 1 1 1 1 1 1 1 1 1 1 1 1 1 1 1 1 1 1 1 
1 1 1 0 1 1 1 1 1 1 1 1 1 1 1 1 1 1 1 1 1 1 1 1 1 1 1 1 1 1 1 1 1 1 1 1 1 1 1 1 1 1 1 1 1 1 1 1 1 1 1 1 1 1 1 1 1 1 1 1 1 1 
1 1 1 1 0 1 1 1 1 1 1 1 1 1 1 1 1 1 1 1 1 1 1 1 1 1 1 1 1 1 1 1 1 1 1 1 1 1 1 1 1 1 1 1 1 1 1 1 1 1 1 1 1 1 1 1 1 1 1 1 1 1 
1 1 1 1 1 0 1 1 1 1 1 1 1 1 1 1 1 1 1 1 1 1 1 1 1 1 1 1 1 1 1 1 1 1 1 1 1 1 1 1 1 1 1 1 1 1 1 1 1 1 1 1 1 1 1 1 1 1 1 1 1 1 
1 1 1 1 1 1 0 1 1 1 1 1 1 1 1 1 1 1 1 1 1 1 1 1 1 1 1 1 1 1 1 1 1 1 1 1 1 1 1 1 1 1 1 1 1 1 1 1 1 1 1 1 1 1 1 1 1 1 1 1 1 1 
1 1 1 1 1 1 1 0 1 1 1 1 1 1 1 1 1 1 1 1 1 1 1 1 1 1 1 1 1 1 1 1 1 1 1 1 1 1 1 1 1 1 1 1 1 1 1 1 1 1 1 1 1 1 1 1 1 1 1 1 1 1 
1 1 1 1 1 1 1 1 0 1 1 1 1 1 1 1 1 1 1 1 1 1 1 1 1 1 1 1 1 1 1 1 1 1 1 1 1 1 1 1 1 1 1 1 1 1 1 1 1 1 1 1 1 1 1 1 1 1 1 1 1 1 
1 1 1 1 1 1 1 1 1 0 1 1 1 1 1 1 1 1 1 1 1 1 1 1 1 1 1 1 1 1 1 1 1 1 1 1 1 1 1 1 1 1 1 1 1 1 1 1 1 1 1 1 1 1 1 1 1 1 1 1 1 1 
1 1 1 1 1 1 1 1 1 1 0 1 1 1 1 1 1 1 1 1 1 1 1 1 1 1 1 1 1 1 1 1 1 1 1 1 1 1 1 1 1 1 1 1 1 1 1 1 1 1 1 1 1 1 1 1 1 1 1 1 1 1 
1 1 1 1 1 1 1 1 1 1 1 0 1 1 1 1 1 1 1 1 1 1 1 1 1 1 1 1 1 1 1 1 1 1 1 1 1 1 1 1 1 1 1 1 1 1 1 1 1 1 1 1 1 1 1 1 1 1 1 1 1 1 
2 2 2 2 2 2 2 2 2 2 2 2 0 2 2 2 2 2 2 2 2 2 2 2 2 2 2 2 2 2 2 2 2 2 2 2 2 2 2 2 2 2 2 2 2 2 2 2 2 2 2 2 2 2 2 2 2 2 2 2 2 2 
2 2 2 2 2 2 2 2 2 2 2 2 2 0 2 2 2 2 2 2 2 2 2 2 2 2 2 2 2 2 2 2 2 2 2 2 2 2 2 2 2 2 2 2 2 2 2 2 2 2 2 2 2 2 2 2 2 2 2 2 2 2 
1 1 1 1 1 1 1 1 1 1 1 1 1 1 0 1 1 1 1 1 1 1 1 1 1 1 1 1 1 1 1 1 1 1 1 1 1 1 1 1 1 1 1 1 1 1 1 1 1 1 1 1 1 1 1 1 1 1 1 1 1 1 
1 1 1 1 1 1 1 1 1 1 1 1 1 1 1 0 1 1 1 1 1 1 1 1 1 1 1 1 1 1 1 1 1 1 1 1 1 1 1 1 1 1 1 1 1 1 1 1 1 1 1 1 1 1 1 1 1 1 1 1 1 1 
2 2 2 2 2 2 2 2 2 2 2 2 2 2 2 2 0 2 2 2 2 2 2 2 2 2 2 2 2 2 2 2 2 2 2 2 2 2 2 2 2 2 2 2 2 2 2 2 2 2 2 2 2 2 2 2 2 2 2 2 2 2 
1 1 1 1 1 1 1 1 1 1 1 1 1 1 1 1 1 0 1 1 1 1 1 1 1 1 1 1 1 1 1 1 1 1 1 1 1 1 1 1 1 1 1 1 1 1 1 1 1 1 1 1 1 1 1 1 1 1 1 1 1 1 
1 1 1 1 1 1 1 1 1 1 1 1 1 1 1 1 1 1 0 1 1 1 1 1 1 1 1 1 1 1 1 1 1 1 1 1 1 1 1 1 1 1 1 1 1 1 1 1 1 1 1 1 1 1 1 1 1 1 1 1 1 1 
1 1 1 1 1 1 1 1 1 1 1 1 1 1 1 1 1 1 1 0 1 1 1 1 1 1 1 1 1 1 1 1 1 1 1 1 1 1 1 1 1 1 1 1 1 1 1 1 1 1 1 1 1 1 1 1 1 1 1 1 1 1 
1 1 1 1 1 1 1 1 1 1 1 1 1 1 1 1 1 1 1 1 0 1 1 1 1 1 1 1 1 1 1 1 1 1 1 1 1 1 1 1 1 1 1 1 1 1 1 1 1 1 1 1 1 1 1 1 1 1 1 1 1 1 
1 1 1 1 1 1 1 1 1 1 1 1 1 1 1 1 1 1 1 1 1 0 1 1 1 1 1 1 1 1 1 1 1 1 1 1 1 1 1 1 1 1 1 1 1 1 1 1 1 1 1 1 1 1 1 1 1 1 1 1 1 1 
1 1 1 1 1 1 1 1 1 1 1 1 1 1 1 1 1 1 1 1 1 1 0 1 1 1 1 1 1 1 1 1 1 1 1 1 1 1 1 1 1 1 1 1 1 1 1 1 1 1 1 1 1 1 1 1 1 1 1 1 1 1 
2 2 2 2 2 2 2 2 2 2 2 2 2 2 2 2 2 2 2 2 2 2 2 0 2 2 2 2 2 2 2 2 2 2 2 2 2 2 2 2 2 2 2 2 2 2 2 2 2 2 2 2 2 2 2 2 2 2 2 2 2 2 
1 1 1 1 1 1 1 1 1 1 1 1 1 1 1 1 1 1 1 1 1 1 1 1 0 1 1 1 1 1 1 1 1 1 1 1 1 1 1 1 1 1 1 1 1 1 1 1 1 1 1 1 1 1 1 1 1 1 1 1 1 1 
2 2 2 2 2 2 2 2 2 2 2 2 2 2 2 2 2 2 2 2 2 2 2 2 2 0 2 2 2 2 2 2 2 2 2 2 2 2 2 2 2 2 2 2 2 2 2 2 2 2 2 2 2 2 2 2 2 2 2 2 2 2 
2 2 2 2 2 2 2 2 2 2 2 2 2 2 2 2 2 2 2 2 2 2 2 2 2 2 0 2 2 2 2 2 2 2 2 2 2 2 2 2 2 2 2 2 2 2 2 2 2 2 2 2 2 2 2 2 2 2 2 2 2 2 
1 1 1 1 1 1 1 1 1 1 1 1 1 1 1 1 1 1 1 1 1 1 1 1 1 1 1 0 1 1 1 1 1 1 1 1 1 1 1 1 1 1 1 1 1 1 1 1 1 1 1 1 1 1 1 1 1 1 1 1 1 1 
2 2 2 2 2 2 2 2 2 2 2 2 2 2 2 2 2 2 2 2 2 2 2 2 2 2 2 2 0 2 2 2 2 2 2 2 2 2 2 2 2 2 2 2 2 2 2 2 2 2 2 2 2 2 2 2 2 2 2 2 2 2 
2 2 2 2 2 2 2 2 2 2 2 2 2 2 2 2 2 2 2 2 2 2 2 2 2 2 2 2 2 0 2 2 2 2 2 2 2 2 2 2 2 2 2 2 2 2 2 2 2 2 2 2 2 2 2 2 2 2 2 2 2 2 
1 1 1 1 1 1 1 1 1 1 1 1 1 1 1 1 1 1 1 1 1 1 1 1 1 1 1 1 1 1 0 1 1 1 1 1 1 1 1 1 1 1 1 1 1 1 1 1 1 1 1 1 1 1 1 1 1 1 1 1 1 1 
1 1 1 1 1 1 1 1 1 1 1 1 1 1 1 1 1 1 1 1 1 1 1 1 1 1 1 1 1 1 1 0 1 1 1 1 1 1 1 1 1 1 1 1 1 1 1 1 1 1 1 1 1 1 1 1 1 1 1 1 1 1 
1 1 1 1 1 1 1 1 1 1 1 1 1 1 1 1 1 1 1 1 1 1 1 1 1 1 1 1 1 1 1 1 0 1 1 1 1 1 1 1 1 1 1 1 1 1 1 1 1 1 1 1 1 1 1 1 1 1 1 1 1 1 
2 2 2 2 2 2 2 2 2 2 2 2 2 2 2 2 2 2 2 2 2 2 2 2 2 2 2 2 2 2 2 2 2 0 2 2 2 2 2 2 2 2 2 2 2 2 2 2 2 2 2 2 2 2 2 2 2 2 2 2 2 2 
1 1 1 1 1 1 1 1 1 1 1 1 1 1 1 1 1 1 1 1 1 1 1 1 1 1 1 1 1 1 1 1 1 1 0 1 1 1 1 1 1 1 1 1 1 1 1 1 1 1 1 1 1 1 1 1 1 1 1 1 1 1 
1 1 1 1 1 1 1 1 1 1 1 1 1 1 1 1 1 1 1 1 1 1 1 1 1 1 1 1 1 1 1 1 1 1 1 0 1 1 1 1 1 1 1 1 1 1 1 1 1 1 1 1 1 1 1 1 1 1 1 1 1 1 
1 1 1 1 1 1 1 1 1 1 1 1 1 1 1 1 1 1 1 1 1 1 1 1 1 1 1 1 1 1 1 1 1 1 1 1 0 1 1 1 1 1 1 1 1 1 1 1 1 1 1 1 1 1 1 1 1 1 1 1 1 1 
2 2 2 2 2 2 2 2 2 2 2 2 2 2 2 2 2 2 2 2 2 2 2 2 2 2 2 2 2 2 2 2 2 2 2 2 2 0 2 2 2 2 2 2 2 2 2 2 2 2 2 2 2 2 2 2 2 2 2 2 2 2 
1 1 1 1 1 1 1 1 1 1 1 1 1 1 1 1 1 1 1 1 1 1 1 1 1 1 1 1 1 1 1 1 1 1 1 1 1 1 0 1 1 1 1 1 1 1 1 1 1 1 1 1 1 1 1 1 1 1 1 1 1 1 
1 1 1 1 1 1 1 1 1 1 1 1 1 1 1 1 1 1 1 1 1 1 1 1 1 1 1 1 1 1 1 1 1 1 1 1 1 1 1 0 1 1 1 1 1 1 1 1 1 1 1 1 1 1 1 1 1 1 1 1 1 1 
1 1 1 1 1 1 1 1 1 1 1 1 1 1 1 1 1 1 1 1 1 1 1 1 1 1 1 1 1 1 1 1 1 1 1 1 1 1 1 1 0 1 1 1 1 1 1 1 1 1 1 1 1 1 1 1 1 1 1 1 1 1 
1 1 1 1 1 1 1 1 1 1 1 1 1 1 1 1 1 1 1 1 1 1 1 1 1 1 1 1 1 1 1 1 1 1 1 1 1 1 1 1 1 0 1 1 1 1 1 1 1 1 1 1 1 1 1 1 1 1 1 1 1 1 
1 1 1 1 1 1 1 1 1 1 1 1 1 1 1 1 1 1 1 1 1 1 1 1 1 1 1 1 1 1 1 1 1 1 1 1 1 1 1 1 1 1 0 1 1 1 1 1 1 1 1 1 1 1 1 1 1 1 1 1 1 1 
1 1 1 1 1 1 1 1 1 1 1 1 1 1 1 1 1 1 1 1 1 1 1 1 1 1 1 1 1 1 1 1 1 1 1 1 1 1 1 1 1 1 1 0 1 1 1 1 1 1 1 1 1 1 1 1 1 1 1 1 1 1 
2 2 2 2 2 2 2 2 2 2 2 2 2 2 2 2 2 2 2 2 2 2 2 2 2 2 2 2 2 2 2 2 2 2 2 2 2 2 2 2 2 2 2 2 0 2 2 2 2 2 2 2 2 2 2 2 2 2 2 2 2 2 
1 1 1 1 1 1 1 1 1 1 1 1 1 1 1 1 1 1 1 1 1 1 1 1 1 1 1 1 1 1 1 1 1 1 1 1 1 1 1 1 1 1 1 1 1 0 1 1 1 1 1 1 1 1 1 1 1 1 1 1 1 1 
1 1 1 1 1 1 1 1 1 1 1 1 1 1 1 1 1 1 1 1 1 1 1 1 1 1 1 1 1 1 1 1 1 1 1 1 1 1 1 1 1 1 1 1 1 1 0 1 1 1 1 1 1 1 1 1 1 1 1 1 1 1 
1 1 1 1 1 1 1 1 1 1 1 1 1 1 1 1 1 1 1 1 1 1 1 1 1 1 1 1 1 1 1 1 1 1 1 1 1 1 1 1 1 1 1 1 1 1 1 0 1 1 1 1 1 1 1 1 1 1 1 1 1 1 
1 1 1 1 1 1 1 1 1 1 1 1 1 1 1 1 1 1 1 1 1 1 1 1 1 1 1 1 1 1 1 1 1 1 1 1 1 1 1 1 1 1 1 1 1 1 1 1 0 1 1 1 1 1 1 1 1 1 1 1 1 1 
1 1 1 1 1 1 1 1 1 1 1 1 1 1 1 1 1 1 1 1 1 1 1 1 1 1 1 1 1 1 1 1 1 1 1 1 1 1 1 1 1 1 1 1 1 1 1 1 1 0 1 1 1 1 1 1 1 1 1 1 1 1 
1 1 1 1 1 1 1 1 1 1 1 1 1 1 1 1 1 1 1 1 1 1 1 1 1 1 1 1 1 1 1 1 1 1 1 1 1 1 1 1 1 1 1 1 1 1 1 1 1 1 0 1 1 1 1 1 1 1 1 1 1 1 
1 1 1 1 1 1 1 1 1 1 1 1 1 1 1 1 1 1 1 1 1 1 1 1 1 1 1 1 1 1 1 1 1 1 1 1 1 1 1 1 1 1 1 1 1 1 1 1 1 1 1 0 1 1 1 1 1 1 1 1 1 1 
1 1 1 1 1 1 1 1 1 1 1 1 1 1 1 1 1 1 1 1 1 1 1 1 1 1 1 1 1 1 1 1 1 1 1 1 1 1 1 1 1 1 1 1 1 1 1 1 1 1 1 1 0 1 1 1 1 1 1 1 1 1 
1 1 1 1 1 1 1 1 1 1 1 1 1 1 1 1 1 1 1 1 1 1 1 1 1 1 1 1 1 1 1 1 1 1 1 1 1 1 1 1 1 1 1 1 1 1 1 1 1 1 1 1 1 0 1 1 1 1 1 1 1 1 
2 2 2 2 2 2 2 2 2 2 2 2 2 2 2 2 2 2 2 2 2 2 2 2 2 2 2 2 2 2 2 2 2 2 2 2 2 2 2 2 2 2 2 2 2 2 2 2 2 2 2 2 2 2 0 2 2 2 2 2 2 2 
2 2 2 2 2 2 2 2 2 2 2 2 2 2 2 2 2 2 2 2 2 2 2 2 2 2 2 2 2 2 2 2 2 2 2 2 2 2 2 2 2 2 2 2 2 2 2 2 2 2 2 2 2 2 2 0 2 2 2 2 2 2 
1 1 1 1 1 1 1 1 1 1 1 1 1 1 1 1 1 1 1 1 1 1 1 1 1 1 1 1 1 1 1 1 1 1 1 1 1 1 1 1 1 1 1 1 1 1 1 1 1 1 1 1 1 1 1 1 0 1 1 1 1 1 
1 1 1 1 1 1 1 1 1 1 1 1 1 1 1 1 1 1 1 1 1 1 1 1 1 1 1 1 1 1 1 1 1 1 1 1 1 1 1 1 1 1 1 1 1 1 1 1 1 1 1 1 1 1 1 1 1 0 1 1 1 1 
1 1 1 1 1 1 1 1 1 1 1 1 1 1 1 1 1 1 1 1 1 1 1 1 1 1 1 1 1 1 1 1 1 1 1 1 1 1 1 1 1 1 1 1 1 1 1 1 1 1 1 1 1 1 1 1 1 1 0 1 1 1 
1 1 1 1 1 1 1 1 1 1 1 1 1 1 1 1 1 1 1 1 1 1 1 1 1 1 1 1 1 1 1 1 1 1 1 1 1 1 1 1 1 1 1 1 1 1 1 1 1 1 1 1 1 1 1 1 1 1 1 0 1 1 
1 1 1 1 1 1 1 1 1 1 1 1 1 1 1 1 1 1 1 1 1 1 1 1 1 1 1 1 1 1 1 1 1 1 1 1 1 1 1 1 1 1 1 1 1 1 1 1 1 1 1 1 1 1 1 1 1 1 1 1 0 1 
3 3 3 3 3 3 3 3 3 3 3 3 3 3 3 3 3 3 3 3 3 3 3 3 3 3 3 3 3 3 3 3 3 3 3 3 3 3 3 3 3 3 3 3 3 3 3 3 3 3 3 3 3 3 3 3 3 3 3 3 3 0 
Time:
0	15
15	30
30	45
45	60
60	75
75	90
90	105
105	120
120	135
135	150
150	165
165	180
180	195
195	210
210	225
225	240
240	255
255	270
270	285
285	300
300	315
315	330
330	345
345	360
360	375
375	390
390	405
405	420
420	435
435	450
450	465
465	480
480	495
495	510
510	525
525	540
540	555
555	570
570	585
585	600
600	615
615	630
630	645
645	660
660	675
675	690
690	705
705	720
720	735
735	750
750	765
765	780
780	795
795	810
810	825
825	840
840	855
855	870
870	885
885	900
900	915
915	930
930	945
945	960
960	975
975	990
990	1005
1005	1020
1020	1035
1035	1050
1050	1065
1065	1080
1080	5000
Speed:
0.925	0.85	0.925	1	0.8325	0.765	0.8325	0.9	0.4625	0.425	0.4625	0.5	0.30525	0.2805	0.30525	0.33	0.37	0.34	0.37	0.4	0.555	0.51	0.555	0.6	0.6475	0.595	0.6475	0.7	0.37	0.34	0.37	0.4	0.30525	0.2805	0.30525	0.33	0.4625	0.425	0.4625	0.5	0.6475	0.595	0.6475	0.7	0.74	0.68	0.74	0.8	0.6475	0.595	0.6475	0.7	0.4625	0.425	0.4625	0.5	0.555	0.51	0.555	0.6	0.6475	0.595	0.6475	0.7	0.8325	0.765	0.8325	0.9	0.925	0.85	0.925	1	1	
0.925	0.85	0.925	1	0.8325	0.765	0.8325	0.9	0.4625	0.425	0.4625	0.5	0.30525	0.2805	0.30525	0.33	0.37	0.34	0.37	0.4	0.555	0.51	0.555	0.6	0.6475	0.595	0.6475	0.7	0.37	0.34	0.37	0.4	0.30525	0.2805	0.30525	0.33	0.4625	0.425	0.4625	0.5	0.6475	0.595	0.6475	0.7	0.74	0.68	0.74	0.8	0.6475	0.595	0.6475	0.7	0.4625	0.425	0.4625	0.5	0.555	0.51	0.555	0.6	0.6475	0.595	0.6475	0.7	0.8325	0.765	0.8325	0.9	0.925	0.85	0.925	1	1	
0.925	0.85	0.925	1	0.8325	0.765	0.8325	0.9	0.4625	0.425	0.4625	0.5	0.30525	0.2805	0.30525	0.33	0.37	0.34	0.37	0.4	0.555	0.51	0.555	0.6	0.6475	0.595	0.6475	0.7	0.37	0.34	0.37	0.4	0.30525	0.2805	0.30525	0.33	0.4625	0.425	0.4625	0.5	0.6475	0.595	0.6475	0.7	0.74	0.68	0.74	0.8	0.6475	0.595	0.6475	0.7	0.4625	0.425	0.4625	0.5	0.555	0.51	0.555	0.6	0.6475	0.595	0.6475	0.7	0.8325	0.765	0.8325	0.9	0.925	0.85	0.925	1	1	
