61
0 61.87 72.52 70.37 89 61.31 66.76 75.63 70.06 72.15 71.96 69.72 64.89 75.55 73.48 64.25 66.28 74.55 56.64 69.36 69.47 80.36 77.73 64.61 67.29 81.37 75.98 74.56 87.38 61.42 73.42 63.07 70.24 70.97 69.68 69.91 78.25 80.29 72.67 60.74 68.18 77.66 71.76 71.16 88.18 61.35 62.42 72 63.88 81.67 68.78 78.53 60.01 79.01 61.8 69.77 65.84 67.6 73.02 77.92 71.2 
61.87 0 10.71 11.68 35.01 4.92 5.21 14.38 14.33 16.32 11.53 15.08 7.41 14.79 12.37 11.16 4.44 16.58 5.23 7.95 10.67 19.68 16.5 5.84 8.38 23.53 18.04 13.34 32.38 9.62 12.31 10.66 15.59 9.16 9.18 10.29 19.44 19.88 10.8 9.48 9.22 19.66 10.41 15.76 31.17 9.9 10.03 10.76 5.46 22.32 9.53 17.42 5.15 18.07 6.28 10.35 5.72 5.85 20.07 22.64 10.57 
72.52 10.71 0 7.71 27.92 11.94 5.8 4.47 11.72 12.44 7.37 12.99 9.77 5.65 10.59 8.46 6.28 10.46 15.92 5.25 7.51 9.83 6.33 9.03 7.72 15.64 11.38 11.65 25.07 11.17 10.57 9.6 13.17 10.79 7.11 6.27 11.52 10.28 9.62 11.78 7.43 12.47 4.87 12.58 22.89 11.32 10.21 10 9.64 13.4 6.94 7.32 13.14 8.1 12.1 6.57 8.78 4.92 16.78 16.84 4.3 
70.37 11.68 7.71 0 23.33 9.48 7.37 6.85 9.66 5.19 14.68 5.29 5.58 5.92 5.21 10.67 8.75 4.92 15.75 11.4 9.95 10.18 8.43 6.36 10.65 12.03 6.41 6.09 20.7 10.57 5.18 8.96 5.51 9.76 13.67 9.48 8.17 9.99 9.04 11.76 10.15 8.09 12.18 5.06 19.64 10.32 11.55 5.02 7.04 11.43 9.58 8.92 10.73 9.13 8.68 9.75 13.44 7.64 9.5 11.04 10.31 
89 35.01 27.92 23.33 0 32.09 30.49 23.63 21.19 18.99 34.92 20.91 28.19 22.28 24.56 33.91 31.82 18.49 38.7 33.08 24.33 19.25 22.41 29.43 26.65 12.3 17.11 24.19 21.74 33.72 24.6 32.21 20.34 30.82 35.02 24.82 16.41 18.49 29.07 34.97 25.79 15.66 32.61 19.77 6.46 33.39 34.88 25.89 30.02 15.04 25.49 21.58 33.15 20.76 30.89 24.72 36.11 30.49 16.49 12.48 25.2 
61.31 4.92 11.94 9.48 32.09 0 6.37 14.38 10.91 13.1 15.19 11.37 11.9 14.25 12.22 6.24 6.73 14.26 6.63 11.25 8.47 19.09 16.45 10.76 6.12 21.43 15.77 13.32 29.63 11.74 12.16 11.68 11.93 11.54 13.04 8.68 17.65 19.08 12.56 10.88 7.05 17.49 13.48 12.35 28.98 10.69 5.33 10.82 10.38 20.88 7.6 17.23 10.07 17.71 11.2 8.59 10.2 7.42 16.3 19.61 9.9 
66.76 5.21 5.8 7.37 30.49 6.37 0 9.18 10.83 12.47 9.32 11.87 5.52 9.6 7.17 9.97 9.64 12.01 10.27 5.36 6.49 14.48 11.31 9.66 4.81 18.68 13.38 8.13 27.78 5.37 7.11 9.96 12.27 5.2 7.52 5.73 14.51 14.69 6.24 6.05 5.3 14.91 7.3 12.14 26.29 5.52 4.83 5.56 4.5 17.24 5.33 12.22 7.49 12.86 6.86 5.87 6.2 9.8 16.63 18.37 5.5 
75.63 14.38 4.47 6.85 23.63 14.38 9.18 0 10.2 10.12 11.31 11.46 11.2 8.93 10.23 12.37 10.08 7.31 19.42 9.71 7.27 5.44 10.81 11.11 8.77 11.33 7.8 10.36 20.76 14.31 10.21 12.62 11.44 7.36 11.46 6.31 7.35 5.83 5.47 15.17 8.05 8.53 8.98 10.59 18.45 14.32 13.97 11.87 11.83 8.94 7.42 11.79 15.67 12.37 14.1 6.56 13.21 8.6 14.17 13.18 4.54 
70.06 14.33 11.72 9.66 21.19 10.91 10.83 10.2 0 10.19 18.69 10.23 7.09 8.92 8.95 13.82 12.21 4.74 17.54 15.32 4.52 12.04 11.32 8.51 6.13 11.32 6.01 9.66 18.79 12.73 8.93 11.39 10.02 13.77 17.6 5.66 8.45 11.59 13.06 14.01 5.53 7.62 16.2 8.95 18.51 12.35 14.34 9.01 9.01 11.88 5.57 11.54 11.96 11.49 9.7 5.39 17.02 11.3 5.82 8.73 7.43 
72.15 16.32 12.44 5.19 18.99 13.1 12.47 10.12 10.19 0 19.67 9.36 9.22 8.65 9.31 15.63 13.86 10.11 19.71 16.55 5.98 10.92 10.84 10.56 7.98 9.23 4.28 9.79 16.57 14.82 9.3 13.41 8.84 14.79 18.81 6.91 6.78 10.35 13.81 16.09 7.24 5.72 17.15 8.86 16.3 14.46 16.28 9.74 11.1 10.12 7.14 10.87 14.17 10.67 11.91 6.69 18.6 12.81 4.36 6.52 8.3 
71.96 11.53 7.37 14.68 34.92 15.19 9.32 11.31 18.69 19.67 0 19.92 14.81 12.75 10.81 9.26 8.52 17.83 16.21 10.43 14.22 16.01 12.59 13.46 13.55 22.63 18.73 10.88 32.04 13.23 10.79 12.35 20.18 4.92 9.15 13.04 18.65 16.66 6.05 13.09 13.65 19.72 12.24 19.71 29.52 13.64 10.9 9.97 13.77 20.03 13.35 13.5 16.03 14.33 15.99 13.32 6.26 8.36 24.04 24.19 11.37 
69.72 15.08 12.99 5.29 20.91 11.37 11.87 11.46 10.23 9.36 19.92 0 7.72 10.14 10.24 14.74 13.23 5.58 18 16.49 5.71 13.05 12.51 9.24 7.09 11.68 6.69 10.93 18.62 13.36 10.22 12.12 9.47 15 18.78 6.88 9.18 12.55 14.33 14.65 6.58 8.18 17.43 9.48 18.61 12.95 15.14 10.29 9.67 12.56 6.7 12.69 12.34 12.6 10.07 6.6 18.06 12.39 4.99 8.57 8.7 
64.89 7.41 9.77 5.58 28.19 11.9 5.52 11.2 7.09 9.22 14.81 7.72 0 10.8 9.1 7.46 6.61 10.28 10.51 10.88 4.61 15.49 13.17 9.79 10 17.46 11.8 10.2 25.7 5.65 9.04 4.44 8.25 10.34 13.04 5.05 13.72 15.4 10.73 6.93 10.83 13.52 12.65 8.54 25 5.25 7.52 7.95 10.03 17.01 10.85 13.86 5.19 14.24 12.14 4.89 11.23 6.45 12.71 15.71 6.68 
75.55 14.79 5.65 5.92 22.28 14.25 9.6 8.93 8.92 8.65 12.75 10.14 10.8 0 10.11 12.95 10.65 5.74 19.68 10.86 6.52 4.92 10.95 10.95 8.35 9.99 6.22 11.15 19.43 14.48 10.06 12.76 10.08 8.55 12.74 5.76 5.91 5.09 6.79 15.43 7.53 7 10.36 9.18 17.28 14.43 14.43 10.94 11.67 7.86 6.91 11.72 15.55 11.37 13.82 5.96 14.19 9.17 12.62 11.61 4.39 
73.48 12.37 10.59 5.21 24.56 12.22 7.17 10.23 8.95 9.31 10.81 10.24 9.1 10.11 0 10.47 8.17 7.05 17.34 8.53 5.43 7.31 4.25 8.96 6.68 12.32 7.92 9.66 21.72 12.2 8.57 10.5 10.32 6.29 10.52 4.35 8.15 7.56 4.76 13.09 6.02 9.02 8.33 9.59 19.72 12.19 11.99 9.96 9.68 10.35 5.4 5.11 13.52 5.7 11.96 4.62 11.73 6.69 13.58 13.38 10.4 
64.25 11.16 8.46 10.67 33.91 6.24 9.97 12.37 13.82 15.63 9.26 14.74 7.46 12.95 10.47 0 9.91 15.42 7.62 5.56 9.73 17.76 14.47 5.81 7.7 22.14 16.81 11.36 31.21 10.09 10.41 11.9 15.2 6.74 6.97 9.1 17.97 18.03 8.44 10.73 8.39 18.36 8 15.2 29.75 4.44 11.34 8.86 5.73 20.66 8.54 15.42 6.88 16.1 7.35 9.21 12.74 9.99 19.65 21.71 8.95 
66.28 4.44 6.28 8.75 31.82 6.73 9.64 10.08 12.21 13.86 8.52 13.23 6.61 10.65 8.17 9.91 0 13.36 9.65 4.55 7.88 15.46 12.18 5.09 6.15 19.94 14.71 9.06 29.09 5.18 8.11 11.05 13.65 4.99 6.52 7.1 15.76 15.73 6.42 5.58 6.69 16.21 6.75 13.53 27.54 5.47 9.96 6.56 5.3 18.39 6.72 13.12 7.69 13.8 7.47 7.26 4.83 8.98 18.02 19.74 6.72 
74.55 16.58 10.46 4.92 18.49 14.26 12.01 7.31 4.74 10.11 17.83 5.58 10.28 5.74 7.05 15.42 13.36 0 20.64 15.18 5.95 7.54 7.67 11.25 8.35 7.17 9.46 7.24 15.82 15.48 7.06 13.88 5.28 13.14 17.33 6.33 11.38 6.99 11.8 16.68 7.44 10.93 15.33 4.22 14.75 15.22 16.42 7.95 11.91 7.19 7.06 7.59 15.46 7.33 13.3 6.24 17.81 12.07 6.91 6.5 6.89 
56.64 5.23 15.92 15.75 38.7 6.63 10.27 19.42 17.54 19.71 16.21 18 10.51 19.68 17.34 7.62 9.65 20.64 0 12.97 14.72 24.59 21.55 9.4 12.3 27.78 22.15 18.36 36.21 5.25 17.28 6.95 18.56 14.36 13.82 14.64 23.84 24.72 16.03 4.25 13.23 23.84 15.43 18.98 35.39 5.43 5.79 15.76 8.74 26.92 13.68 22.44 5.73 23.04 7.95 14.62 9.99 11.02 22.91 26.22 15.33 
69.36 7.95 5.25 11.4 33.08 11.25 5.36 9.71 15.32 16.55 10.43 16.49 10.88 10.86 8.53 5.56 4.55 15.18 12.97 0 10.79 15 11.48 9.49 9.8 20.83 16.28 8.97 30.25 9.41 8.49 8.41 16.81 9.53 10.37 9.69 16.67 15.5 4.38 9.44 10.01 17.51 10.12 16.45 28.13 9.79 7.33 7.27 9.79 18.64 9.8 12.46 12.13 13.26 12.01 9.94 9.37 4.44 20.89 21.67 8.35 
69.47 10.67 7.51 9.95 24.33 8.47 6.49 7.27 4.52 5.98 14.22 5.71 4.61 6.52 5.43 9.73 7.88 5.95 14.72 10.79 0 10.99 9 5.33 10.56 13.06 7.45 6.41 21.71 9.53 5.39 7.93 6.01 9.31 13.08 9.66 9.18 10.85 8.79 10.73 10.05 9.13 11.75 5.72 20.68 9.29 10.55 4.93 6.02 12.42 9.49 9.57 9.74 9.85 7.71 9.5 12.63 6.85 10.2 12.01 10.91 
80.36 19.68 9.83 10.18 19.25 19.09 14.48 5.44 12.04 10.92 16.01 13.05 15.49 4.92 7.31 17.76 15.46 7.54 24.59 15 10.99 0 11.48 15.79 13.07 7.37 6.92 6.4 16.37 19.4 7.37 17.68 12.8 12.64 16.56 10.46 4.85 10.01 10.65 20.35 12.2 6.43 13.93 11.75 13.54 19.34 19.3 8.92 16.52 4.23 11.59 10.79 20.39 9.97 18.57 10.6 18.61 13.97 13.84 10.95 9.29 
77.73 16.5 6.33 8.43 22.41 16.45 11.31 10.81 11.32 10.84 12.59 12.51 13.17 10.95 4.25 14.47 12.18 7.67 21.55 11.48 9 11.48 0 13.17 10.71 10.21 7.75 12.01 19.53 16.44 4.31 14.74 12.41 9.11 13.05 8.17 6.63 11.81 7.12 17.3 9.94 8.04 10.44 11.46 16.93 16.44 16.08 5.79 13.89 7.44 9.31 9.36 17.75 9.96 16.12 8.39 15.11 10.7 14.55 12.8 6.56 
64.61 5.84 9.03 6.36 29.43 10.76 9.66 11.11 8.51 10.56 13.46 9.24 9.79 10.95 8.96 5.81 5.09 11.25 9.4 9.49 5.33 15.79 13.17 0 10.59 18.39 12.76 10.06 26.88 4.28 8.9 9.95 9.75 9.19 11.58 5.41 14.5 15.78 9.84 5.54 10.95 14.45 11.4 9.95 25.99 10.25 5.92 7.61 9.43 17.67 4.36 13.94 4.61 14.4 10.75 5.33 9.61 5.14 14.23 16.98 6.61 
67.29 8.38 7.72 10.65 26.65 6.12 4.81 8.77 6.13 7.98 13.55 7.09 10 8.35 6.68 7.7 6.15 8.35 12.3 9.8 10.56 13.07 10.71 10.59 0 15.47 9.85 7.77 24.07 7.13 6.63 5.56 7.53 8.79 12.06 10.53 11.58 13.01 8.82 8.34 10.11 11.54 11.21 7.51 23.09 6.88 8.32 5.63 9.31 14.78 10.13 11.4 7.4 11.79 5.49 10.68 10.98 5.45 11.95 14.26 4.26 
81.37 23.53 15.64 12.03 12.3 21.43 18.68 11.33 11.32 9.23 22.63 11.68 17.46 9.99 12.32 22.14 19.94 7.17 27.78 20.83 13.06 7.37 10.21 18.39 15.47 0 5.66 11.9 9.44 22.58 12.36 20.95 11.18 18.54 22.73 13.25 4.2 6.53 16.77 23.75 14.55 9.72 20.31 10.22 7.64 22.35 23.31 13.73 19.06 11.53 14.12 9.44 22.64 8.67 20.47 13.22 23.99 18.54 9.66 4.96 13.22 
75.98 18.04 11.38 6.41 17.11 15.77 13.38 7.8 6.01 4.28 18.73 6.69 11.8 6.22 7.92 16.81 14.71 9.46 22.15 16.28 7.45 6.92 7.75 12.76 9.85 5.66 0 7.92 14.4 16.98 7.95 15.37 6.31 14.16 18.38 7.76 9.86 6.25 12.68 18.17 8.93 10 16.25 5.24 13.24 16.73 17.86 9.01 13.42 5.88 8.54 7.47 16.98 7.06 14.82 7.69 19.06 13.38 6.97 5.46 8.12 
74.56 13.34 11.65 6.09 24.19 13.32 8.13 10.36 9.66 9.79 10.88 10.93 10.2 11.15 9.66 11.36 9.06 7.24 18.36 8.97 6.41 6.4 12.01 10.06 7.77 11.9 7.92 0 21.34 13.25 9.64 11.55 10.97 6.65 10.83 5.38 7.81 6.73 4.89 14.11 7.08 8.84 8.47 10.17 19.16 13.25 12.93 11.02 10.77 9.7 6.46 12.99 14.61 4.74 13.07 5.64 12.36 7.58 13.97 13.37 10.53 
87.38 32.38 25.07 20.7 21.74 29.63 27.78 20.76 18.79 16.57 32.04 18.62 25.7 19.43 21.72 31.21 29.09 15.82 36.21 30.25 21.71 16.37 19.53 26.88 24.07 9.44 14.4 21.34 0 31.16 21.77 29.63 18.05 27.97 32.17 22.14 13.58 15.6 26.21 32.4 23.18 12.89 29.74 17.4 17.08 30.86 32.23 23.08 27.49 12.15 22.86 18.69 30.73 17.88 28.48 22.06 33.32 27.74 14.47 10.07 22.43 
61.42 9.62 11.17 10.57 33.72 11.74 5.37 14.31 12.73 14.82 13.23 13.36 5.65 14.48 12.2 10.09 5.18 15.48 5.25 9.41 9.53 19.4 16.44 4.28 7.13 22.58 16.98 13.25 31.16 0 12.14 10.08 13.9 10.17 10.96 9.4 18.6 19.5 11.52 9.5 8.04 18.66 11.79 14.18 30.21 10.65 10.2 10.65 9.87 21.67 8.47 17.31 8.89 17.88 12.23 9.39 7.79 6.29 18.35 21.26 10.11 
73.42 12.31 10.57 5.18 24.6 12.16 7.11 10.21 8.93 9.3 10.79 10.22 9.04 10.06 8.57 10.41 8.11 7.06 17.28 8.49 5.39 7.37 4.31 8.9 6.63 12.36 7.95 9.64 21.77 12.14 0 10.43 10.3 6.25 10.49 4.3 8.19 7.62 4.74 13.03 5.96 9.06 8.3 9.58 19.77 12.13 11.93 9.91 9.61 10.4 5.35 5.17 13.45 5.77 11.9 4.57 11.68 6.63 13.58 13.41 10.38 
63.07 10.66 9.6 8.96 32.21 11.68 9.96 12.62 11.39 13.41 12.35 12.12 4.44 12.76 10.5 11.9 11.05 13.88 6.95 8.41 7.93 17.68 14.74 9.95 5.56 20.95 15.37 11.55 29.63 10.08 10.43 0 12.63 8.85 10.2 7.73 16.94 17.79 10.05 11.2 6.45 17.03 10.68 12.83 28.58 9.69 10.21 8.96 10.35 19.97 6.83 15.6 9.63 16.17 11.06 7.73 7.49 4.81 17.11 19.79 8.39 
70.24 15.59 13.17 5.51 20.34 11.93 12.27 11.44 10.02 8.84 20.18 9.47 8.25 10.08 10.32 15.2 13.65 5.28 18.56 16.81 6.01 12.8 12.41 9.75 7.53 11.18 6.31 10.97 18.05 13.9 10.3 12.63 0 15.26 19.09 7.15 8.8 12.27 14.52 15.19 6.97 7.75 17.68 8.97 18.06 13.49 15.64 10.46 10.2 12.15 7.05 12.54 12.9 12.42 10.64 6.88 18.47 12.77 4.48 8 8.89 
70.97 9.16 10.79 9.76 30.82 11.54 5.2 7.36 13.77 14.79 4.92 15 10.34 8.55 6.29 6.74 4.99 13.14 14.36 9.53 9.31 12.64 9.11 9.19 8.79 18.54 14.16 6.65 27.97 10.17 6.25 8.85 15.26 0 4.23 8.12 14.41 13.13 10.22 10.48 8.8 15.31 11.74 14.8 25.79 10.45 8.58 5.19 9.65 16.29 8.46 10.1 12.6 10.9 12.05 8.4 6.09 10.27 19.16 19.59 6.49 
69.68 9.18 7.11 13.67 35.02 13.04 7.52 11.46 17.6 18.81 9.15 18.78 13.04 12.74 10.52 6.97 6.52 17.33 13.82 10.37 13.08 16.56 13.05 11.58 12.06 22.73 18.38 10.83 32.17 10.96 10.49 10.2 19.09 4.23 0 11.97 18.62 17.12 5.99 10.76 12.3 19.54 11.98 18.73 29.9 11.39 8.56 9.39 11.82 20.38 12.09 14.01 13.81 14.84 13.93 12.23 10.33 6.65 23.16 23.8 10.57 
69.91 10.29 6.27 9.48 24.82 8.68 5.73 6.31 5.66 6.91 13.04 6.88 5.05 5.76 4.35 9.1 7.1 6.33 14.64 9.69 9.66 10.46 8.17 5.41 10.53 13.25 7.76 5.38 22.14 9.4 4.3 7.73 7.15 8.12 11.97 0 9.21 10.41 7.56 10.53 10.27 9.37 10.55 6.76 20.89 9.22 10.1 11.01 6.13 12.29 9.65 8.82 9.98 9.19 8.11 8.87 11.74 5.93 11.22 12.64 10.15 
78.25 19.44 11.52 8.17 16.41 17.65 14.51 7.35 8.45 6.78 18.65 9.18 13.72 5.91 8.15 17.97 15.76 11.38 23.84 16.67 9.18 4.85 6.63 14.5 11.58 4.2 9.86 7.81 13.58 18.6 8.19 16.94 8.8 14.41 18.62 9.21 0 10.74 12.7 19.74 10.64 11.01 16.27 7.74 11.78 18.41 19.19 9.53 15.19 9.08 10.16 6.08 18.9 5.46 16.8 9.22 19.79 14.35 9.08 6.25 9.04 
80.29 19.88 10.28 9.99 18.49 19.08 14.69 5.83 11.59 10.35 16.66 12.55 15.4 5.09 7.56 18.03 15.73 6.99 24.72 15.5 10.85 10.01 11.81 15.78 13.01 6.53 6.25 6.73 15.6 19.5 7.62 17.79 12.27 13.13 17.12 10.41 10.74 0 11.17 20.49 12.11 5.65 14.52 11.21 12.86 19.42 19.52 9.17 16.51 10.1 11.52 12.66 20.37 11.47 18.5 10.53 19.04 14.24 13.12 10.12 9.39 
72.67 10.8 9.62 9.04 29.07 12.56 6.24 5.47 13.06 13.81 6.05 14.33 10.73 6.79 4.76 8.44 6.42 11.8 16.03 4.38 8.79 10.65 7.12 9.84 8.82 16.77 12.68 4.89 26.21 11.52 4.74 10.05 14.52 10.22 5.99 7.56 12.7 11.17 0 12 8.61 13.71 11.51 13.94 23.91 11.73 10.25 10.33 10.4 14.39 8.16 8.1 13.71 8.91 12.86 7.86 8.13 5.25 18.15 18.14 5.63 
60.74 9.48 11.78 11.76 34.97 10.88 6.05 15.17 14.01 16.09 13.09 14.65 6.93 15.43 13.09 10.73 5.58 16.68 4.25 9.44 10.73 20.35 17.3 5.54 8.34 23.75 18.17 14.11 32.4 9.5 13.03 11.2 15.19 10.48 10.76 10.53 19.74 20.49 12 0 9.24 19.84 11.88 15.46 31.39 9.68 10.04 11.51 5 22.75 9.64 18.19 9.98 18.79 5.21 10.54 7.31 6.86 19.64 22.52 11.1 
68.18 9.22 7.43 10.15 25.79 7.05 5.3 8.05 5.53 7.24 13.65 6.58 10.83 7.53 6.02 8.39 6.69 7.44 13.23 10.01 10.05 12.2 9.94 10.95 10.11 14.55 8.93 7.08 23.18 8.04 5.96 6.45 6.97 8.8 12.3 10.27 10.64 12.11 8.61 9.24 0 10.62 11.24 6.85 22.17 7.8 9.12 5.13 4.55 13.84 9.62 10.59 8.33 10.95 6.38 10.54 11.5 5.81 11.33 13.42 10.8 
77.66 19.66 12.47 8.09 15.66 17.49 14.91 8.53 7.62 5.72 19.72 8.18 13.52 7 9.02 18.36 16.21 10.93 23.84 17.51 9.13 6.43 8.04 14.45 11.54 9.72 10 8.84 12.89 18.66 9.06 17.03 7.75 15.31 19.54 9.37 11.01 5.65 13.71 19.84 10.62 0 17.29 6.71 11.55 18.42 19.47 10.26 15.12 4.45 10.2 7.56 18.7 6.99 16.54 9.32 20.45 14.85 7.57 4.76 9.54 
71.76 10.41 4.87 12.18 32.61 13.48 7.3 8.98 16.2 17.15 12.24 17.43 12.65 10.36 8.33 8 6.75 15.33 15.43 10.12 11.75 13.93 10.44 11.4 11.21 20.31 16.25 8.47 29.74 11.79 8.3 10.68 17.68 11.74 11.98 10.55 16.27 14.52 11.51 11.88 11.24 17.29 0 17.19 27.35 12.14 9.79 7.45 11.8 17.83 10.91 11.39 14.44 12.21 14.13 10.84 6.02 6.27 21.51 21.71 8.85 
71.16 15.76 12.58 5.06 19.77 12.35 12.14 10.59 8.95 8.86 19.71 9.48 8.54 9.18 9.59 15.2 13.53 4.22 18.98 16.45 5.72 11.75 11.46 9.95 7.51 10.22 5.24 10.17 17.4 14.18 9.58 12.83 8.97 14.8 18.73 6.76 7.74 11.21 13.94 15.46 6.85 6.71 17.19 0 17.24 13.8 15.76 9.86 10.46 11.1 6.83 11.55 13.39 11.4 11.12 6.52 18.32 12.56 4.49 7.33 8.35 
88.18 31.17 22.89 19.64 6.46 28.98 26.29 18.45 18.51 16.3 29.52 18.61 25 17.28 19.72 29.75 27.54 14.75 35.39 28.13 20.68 13.54 16.93 25.99 23.09 7.64 13.24 19.16 17.08 30.21 19.77 28.58 18.06 25.79 29.9 20.89 11.78 12.86 23.91 31.39 22.17 11.55 27.35 17.24 0 29.96 30.95 21.2 26.65 9.52 21.75 16.02 30.16 15.19 27.95 20.86 31.45 26.11 15.26 10.27 20.82 
61.35 9.9 11.32 10.32 33.39 10.69 5.52 14.32 12.35 14.46 13.64 12.95 5.25 14.43 12.19 4.44 5.47 15.22 5.43 9.79 9.29 19.34 16.44 10.25 6.88 22.35 16.73 13.25 30.86 10.65 12.13 9.69 13.49 10.45 11.39 9.22 18.41 19.42 11.73 9.68 7.8 18.42 12.14 13.8 29.96 0 10.35 10.67 10.03 21.51 8.25 17.29 10.44 17.84 11.79 9.2 8.3 6.48 17.93 20.93 10.04 
62.42 10.03 10.21 11.55 34.88 5.33 4.83 13.97 14.34 16.28 10.9 15.14 7.52 14.43 11.99 11.34 9.96 16.42 5.79 7.33 10.55 19.3 16.08 5.92 8.32 23.31 17.86 12.93 32.23 10.2 11.93 10.21 15.64 8.58 8.56 10.1 19.19 19.52 10.25 10.04 9.12 19.47 9.79 15.76 30.95 10.35 0 10.38 5.61 22.02 9.39 17.01 5.67 17.67 6.64 10.17 5.13 5.39 20.11 22.55 10.26 
72 10.76 10 5.02 25.89 10.82 5.56 11.87 9.01 9.74 9.97 10.29 7.95 10.94 9.96 8.86 6.56 7.95 15.76 7.27 4.93 8.92 5.79 7.61 5.63 13.73 9.01 11.02 23.08 10.65 9.91 8.96 10.46 5.19 9.39 11.01 9.53 9.17 10.33 11.51 5.13 10.26 7.45 9.86 21.2 10.67 10.38 0 8.31 11.9 4.56 6.68 12.1 7.3 10.67 11.2 10.27 5.08 14.09 14.42 9.89 
63.88 5.46 9.64 7.04 30.02 10.38 4.5 11.83 9.01 11.1 13.77 9.67 10.03 11.67 9.68 5.73 5.3 11.91 8.74 9.79 6.02 16.52 13.89 9.43 9.31 19.06 13.42 10.77 27.49 9.87 9.61 10.35 10.2 9.65 11.82 6.13 15.19 16.51 10.4 5 4.55 15.12 11.8 10.46 26.65 10.03 5.61 8.31 0 18.38 5.07 14.67 10.62 15.13 10.21 6.05 9.63 5.54 14.66 17.56 7.33 
81.67 22.32 13.4 11.43 15.04 20.88 17.24 8.94 11.88 10.12 20.03 12.56 17.01 7.86 10.35 20.66 18.39 7.19 26.92 18.64 12.42 4.23 7.44 17.67 14.78 11.53 5.88 9.7 12.15 21.67 10.4 19.97 12.15 16.29 20.38 12.29 9.08 10.1 14.39 22.75 13.84 4.45 17.83 11.1 9.52 21.51 22.02 11.9 18.38 0 13.31 6.56 22.15 5.74 20.11 12.34 22.05 16.93 11.78 7.77 11.76 
68.78 9.53 6.94 9.58 25.49 7.6 5.33 7.42 5.57 7.14 13.35 6.7 10.85 6.91 5.4 8.54 6.72 7.06 13.68 9.8 9.49 11.59 9.31 4.36 10.13 14.12 8.54 6.46 22.86 8.47 5.35 6.83 7.05 8.46 12.09 9.65 10.16 11.52 8.16 9.64 9.62 10.2 10.91 6.83 21.75 8.25 9.39 4.56 5.07 13.31 0 9.97 8.88 10.33 6.98 9.69 11.49 5.73 11.32 13.18 10.82 
78.53 17.42 7.32 8.92 21.58 17.23 12.22 11.79 11.54 10.87 13.5 12.69 13.86 11.72 5.11 15.42 13.12 7.59 22.44 12.46 9.57 10.79 9.36 13.94 11.4 9.44 7.47 12.99 18.69 17.31 5.17 15.6 12.54 10.1 14.01 8.82 6.08 12.66 8.1 18.19 10.59 7.56 11.39 11.55 16.02 17.29 17.01 6.68 14.67 6.56 9.97 0 18.53 10.81 16.85 9.02 16.1 11.64 14.39 12.31 7.34 
60.01 5.15 13.14 10.73 33.15 10.07 7.49 15.67 11.96 14.17 16.03 12.34 5.19 15.55 13.52 6.88 7.69 15.46 5.73 12.13 9.74 20.39 17.75 4.61 7.4 22.64 16.98 14.61 30.73 8.89 13.45 9.63 12.9 12.6 13.81 9.98 18.9 20.37 13.71 9.98 8.33 18.7 14.44 13.39 30.16 10.44 5.67 12.1 10.62 22.15 8.88 18.53 0 19.01 11.43 9.88 10.73 8.51 17.2 20.69 11.2 
79.01 18.07 8.1 9.13 20.76 17.71 12.86 12.37 11.49 10.67 14.33 12.6 14.24 11.37 5.7 16.1 13.8 7.33 23.04 13.26 9.85 9.97 9.96 14.4 11.79 8.67 7.06 4.74 17.88 17.88 5.77 16.17 12.42 10.9 14.84 9.19 5.46 11.47 8.91 18.79 10.95 6.99 12.21 11.4 15.19 17.84 17.67 7.3 15.13 5.74 10.33 10.81 19.01 0 17.27 9.36 16.88 12.32 14.02 11.71 7.83 
61.8 6.28 12.1 8.68 30.89 11.2 6.86 14.1 9.7 11.91 15.99 10.07 12.14 13.82 11.96 7.35 7.47 13.3 7.95 12.01 7.71 18.57 16.12 10.75 5.49 20.47 14.82 13.07 28.48 12.23 11.9 11.06 10.64 12.05 13.93 8.11 16.8 18.5 12.86 5.21 6.38 16.54 14.13 11.12 27.95 11.79 6.64 10.67 10.21 20.11 6.98 16.85 11.43 17.27 0 7.97 11.34 7.91 14.96 18.43 9.57 
69.77 10.35 6.57 9.75 24.72 8.59 5.87 6.56 5.39 6.69 13.32 6.6 4.89 5.96 4.62 9.21 7.26 6.24 14.62 9.94 9.5 10.6 8.39 5.33 10.68 13.22 7.69 5.64 22.06 9.39 4.57 7.73 6.88 8.4 12.23 8.87 9.22 10.53 7.86 10.54 10.54 9.32 10.84 6.52 20.86 9.2 10.17 11.2 6.05 12.34 9.69 9.02 9.88 9.36 7.97 0 11.93 6.13 10.98 12.5 10.35 
65.84 5.72 8.78 13.44 36.11 10.2 6.2 13.21 17.02 18.6 6.26 18.06 11.23 14.19 11.73 12.74 4.83 17.81 9.99 9.37 12.63 18.61 15.11 9.61 10.98 23.99 19.06 12.36 33.32 7.79 11.68 7.49 18.47 6.09 10.33 11.74 19.79 19.04 8.13 7.31 11.5 20.45 6.02 18.32 31.45 8.3 5.13 10.27 9.63 22.05 11.49 16.1 10.73 16.88 11.34 11.93 0 5.81 22.81 24.28 10.94 
67.6 5.85 4.92 7.64 30.49 7.42 9.8 8.6 11.3 12.81 8.36 12.39 6.45 9.17 6.69 9.99 8.98 12.07 11.02 4.44 6.85 13.97 10.7 5.14 5.45 18.54 13.38 7.58 27.74 6.29 6.63 4.81 12.77 10.27 6.65 5.93 14.35 14.24 5.25 6.86 5.81 14.85 6.27 12.56 26.11 6.48 5.39 5.08 5.54 16.93 5.73 11.64 8.51 12.32 7.91 6.13 5.81 0 17.05 18.51 5.32 
73.02 20.07 16.78 9.5 16.49 16.3 16.63 14.17 5.82 4.36 24.04 4.99 12.71 12.62 13.58 19.65 18.02 6.91 22.91 20.89 10.2 13.84 14.55 14.23 11.95 9.66 6.97 13.97 14.47 18.35 13.58 17.11 4.48 19.16 23.16 11.22 9.08 13.12 18.15 19.64 11.33 7.57 21.51 4.49 15.26 17.93 20.11 14.09 14.66 11.78 11.32 14.39 17.2 14.02 14.96 10.98 22.81 17.05 0 5.09 12.67 
77.92 22.64 16.84 11.04 12.48 19.61 18.37 13.18 8.73 6.52 24.19 8.57 15.71 11.61 13.38 21.71 19.74 6.5 26.22 21.67 12.01 10.95 12.8 16.98 14.26 4.96 5.46 13.37 10.07 21.26 13.41 19.79 8 19.59 23.8 12.64 6.25 10.12 18.14 22.52 13.42 4.76 21.71 7.33 10.27 20.93 22.55 14.42 17.56 7.77 13.18 12.31 20.69 11.71 18.43 12.5 24.28 18.51 5.09 0 13.39 
71.2 10.57 4.3 10.31 25.2 9.9 5.5 4.54 7.43 8.3 11.37 8.7 6.68 4.39 10.4 8.95 6.72 6.89 15.33 8.35 10.91 9.29 6.56 6.61 4.26 13.22 8.12 10.53 22.43 10.11 10.38 8.39 8.89 6.49 10.57 10.15 9.04 9.39 5.63 11.1 10.8 9.54 8.85 8.35 20.82 10.04 10.26 9.89 7.33 11.76 10.82 7.34 11.2 7.83 9.57 10.35 10.94 5.32 12.67 13.39 0 
0	5000
0	108
0	122
0	131
0	158
0	229
0	251
0	280
0	308
0	335
0	373
0	407
0	419
0	437
0	452
0	473
0	501
0	539
0	598
0	627
0	646
0	664
0	682
0	701
0	716
0	738
0	745
0	755
0	788
0	842
0	868
0	888
0	912
0	939
0	945
0	965
0	979
0	995
0	1009
0	1025
0	1036
0	1049
0	1068
0	1087
0	1106
0	1136
0	1146
0	1157
0	1165
0	1183
0	1197
0	1207
0	1225
0	1244
0	1262
0	1270
0	1281
0	1287
0	1304
0	1309
0	1323
C:
0 3 3 3 3 3 3 3 3 3 3 3 3 3 3 3 3 3 3 3 3 3 3 3 3 3 3 3 3 3 3 3 3 3 3 3 3 3 3 3 3 3 3 3 3 3 3 3 3 3 3 3 3 3 3 3 3 3 3 3 3 3 
1 0 1 1 1 1 1 1 1 1 1 1 1 1 1 1 1 1 1 1 1 1 1 1 1 1 1 1 1 1 1 1 1 1 1 1 1 1 1 1 1 1 1 1 1 1 1 1 1 1 1 1 1 1 1 1 1 1 1 1 1 1 
1 1 0 1 1 1 1 1 1 1 1 1 1 1 1 1 1 1 1 1 1 1 1 1 1 1 1 1 1 1 1 1 1 1 1 1 1 1 1 1 1 1 1 1 1 1 1 1 1 1 1 1 1 1 1 1 1 1 1 1 1 1 
1 1 1 0 1 1 1 1 1 1 1 1 1 1 1 1 1 1 1 1 1 1 1 1 1 1 1 1 1 1 1 1 1 1 1 1 1 1 1 1 1 1 1 1 1 1 1 1 1 1 1 1 1 1 1 1 1 1 1 1 1 1 
3 3 3 3 0 3 3 3 3 3 3 3 3 3 3 3 3 3 3 3 3 3 3 3 3 3 3 3 3 3 3 3 3 3 3 3 3 3 3 3 3 3 3 3 3 3 3 3 3 3 3 3 3 3 3 3 3 3 3 3 3 3 
1 1 1 1 1 0 1 1 1 1 1 1 1 1 1 1 1 1 1 1 1 1 1 1 1 1 1 1 1 1 1 1 1 1 1 1 1 1 1 1 1 1 1 1 1 1 1 1 1 1 1 1 1 1 1 1 1 1 1 1 1 1 
1 1 1 1 1 1 0 1 1 1 1 1 1 1 1 1 1 1 1 1 1 1 1 1 1 1 1 1 1 1 1 1 1 1 1 1 1 1 1 1 1 1 1 1 1 1 1 1 1 1 1 1 1 1 1 1 1 1 1 1 1 1 
1 1 1 1 1 1 1 0 1 1 1 1 1 1 1 1 1 1 1 1 1 1 1 1 1 1 1 1 1 1 1 1 1 1 1 1 1 1 1 1 1 1 1 1 1 1 1 1 1 1 1 1 1 1 1 1 1 1 1 1 1 1 
1 1 1 1 1 1 1 1 0 1 1 1 1 1 1 1 1 1 1 1 1 1 1 1 1 1 1 1 1 1 1 1 1 1 1 1 1 1 1 1 1 1 1 1 1 1 1 1 1 1 1 1 1 1 1 1 1 1 1 1 1 1 
1 1 1 1 1 1 1 1 1 0 1 1 1 1 1 1 1 1 1 1 1 1 1 1 1 1 1 1 1 1 1 1 1 1 1 1 1 1 1 1 1 1 1 1 1 1 1 1 1 1 1 1 1 1 1 1 1 1 1 1 1 1 
1 1 1 1 1 1 1 1 1 1 0 1 1 1 1 1 1 1 1 1 1 1 1 1 1 1 1 1 1 1 1 1 1 1 1 1 1 1 1 1 1 1 1 1 1 1 1 1 1 1 1 1 1 1 1 1 1 1 1 1 1 1 
1 1 1 1 1 1 1 1 1 1 1 0 1 1 1 1 1 1 1 1 1 1 1 1 1 1 1 1 1 1 1 1 1 1 1 1 1 1 1 1 1 1 1 1 1 1 1 1 1 1 1 1 1 1 1 1 1 1 1 1 1 1 
1 1 1 1 1 1 1 1 1 1 1 1 0 1 1 1 1 1 1 1 1 1 1 1 1 1 1 1 1 1 1 1 1 1 1 1 1 1 1 1 1 1 1 1 1 1 1 1 1 1 1 1 1 1 1 1 1 1 1 1 1 1 
1 1 1 1 1 1 1 1 1 1 1 1 1 0 1 1 1 1 1 1 1 1 1 1 1 1 1 1 1 1 1 1 1 1 1 1 1 1 1 1 1 1 1 1 1 1 1 1 1 1 1 1 1 1 1 1 1 1 1 1 1 1 
1 1 1 1 1 1 1 1 1 1 1 1 1 1 0 1 1 1 1 1 1 1 1 1 1 1 1 1 1 1 1 1 1 1 1 1 1 1 1 1 1 1 1 1 1 1 1 1 1 1 1 1 1 1 1 1 1 1 1 1 1 1 
1 1 1 1 1 1 1 1 1 1 1 1 1 1 1 0 1 1 1 1 1 1 1 1 1 1 1 1 1 1 1 1 1 1 1 1 1 1 1 1 1 1 1 1 1 1 1 1 1 1 1 1 1 1 1 1 1 1 1 1 1 1 
1 1 1 1 1 1 1 1 1 1 1 1 1 1 1 1 0 1 1 1 1 1 1 1 1 1 1 1 1 1 1 1 1 1 1 1 1 1 1 1 1 1 1 1 1 1 1 1 1 1 1 1 1 1 1 1 1 1 1 1 1 1 
1 1 1 1 1 1 1 1 1 1 1 1 1 1 1 1 1 0 1 1 1 1 1 1 1 1 1 1 1 1 1 1 1 1 1 1 1 1 1 1 1 1 1 1 1 1 1 1 1 1 1 1 1 1 1 1 1 1 1 1 1 1 
2 2 2 2 2 2 2 2 2 2 2 2 2 2 2 2 2 2 0 2 2 2 2 2 2 2 2 2 2 2 2 2 2 2 2 2 2 2 2 2 2 2 2 2 2 2 2 2 2 2 2 2 2 2 2 2 2 2 2 2 2 2 
1 1 1 1 1 1 1 1 1 1 1 1 1 1 1 1 1 1 1 0 1 1 1 1 1 1 1 1 1 1 1 1 1 1 1 1 1 1 1 1 1 1 1 1 1 1 1 1 1 1 1 1 1 1 1 1 1 1 1 1 1 1 
1 1 1 1 1 1 1 1 1 1 1 1 1 1 1 1 1 1 1 1 0 1 1 1 1 1 1 1 1 1 1 1 1 1 1 1 1 1 1 1 1 1 1 1 1 1 1 1 1 1 1 1 1 1 1 1 1 1 1 1 1 1 
1 1 1 1 1 1 1 1 1 1 1 1 1 1 1 1 1 1 1 1 1 0 1 1 1 1 1 1 1 1 1 1 1 1 1 1 1 1 1 1 1 1 1 1 1 1 1 1 1 1 1 1 1 1 1 1 1 1 1 1 1 1 
1 1 1 1 1 1 1 1 1 1 1 1 1 1 1 1 1 1 1 1 1 1 0 1 1 1 1 1 1 1 1 1 1 1 1 1 1 1 1 1 1 1 1 1 1 1 1 1 1 1 1 1 1 1 1 1 1 1 1 1 1 1 
1 1 1 1 1 1 1 1 1 1 1 1 1 1 1 1 1 1 1 1 1 1 1 0 1 1 1 1 1 1 1 1 1 1 1 1 1 1 1 1 1 1 1 1 1 1 1 1 1 1 1 1 1 1 1 1 1 1 1 1 1 1 
1 1 1 1 1 1 1 1 1 1 1 1 1 1 1 1 1 1 1 1 1 1 1 1 0 1 1 1 1 1 1 1 1 1 1 1 1 1 1 1 1 1 1 1 1 1 1 1 1 1 1 1 1 1 1 1 1 1 1 1 1 1 
1 1 1 1 1 1 1 1 1 1 1 1 1 1 1 1 1 1 1 1 1 1 1 1 1 0 1 1 1 1 1 1 1 1 1 1 1 1 1 1 1 1 1 1 1 1 1 1 1 1 1 1 1 1 1 1 1 1 1 1 1 1 
1 1 1 1 1 1 1 1 1 1 1 1 1 1 1 1 1 1 1 1 1 1 1 1 1 1 0 1 1 1 1 1 1 1 1 1 1 1 1 1 1 1 1 1 1 1 1 1 1 1 1 1 1 1 1 1 1 1 1 1 1 1 
1 1 1 1 1 1 1 1 1 1 1 1 1 1 1 1 1 1 1 1 1 1 1 1 1 1 1 0 1 1 1 1 1 1 1 1 1 1 1 1 1 1 1 1 1 1 1 1 1 1 1 1 1 1 1 1 1 1 1 1 1 1 
2 2 2 2 2 2 2 2 2 2 2 2 2 2 2 2 2 2 2 2 2 2 2 2 2 2 2 2 0 2 2 2 2 2 2 2 2 2 2 2 2 2 2 2 2 2 2 2 2 2 2 2 2 2 2 2 2 2 2 2 2 2 
1 1 1 1 1 1 1 1 1 1 1 1 1 1 1 1 1 1 1 1 1 1 1 1 1 1 1 1 1 0 1 1 1 1 1 1 1 1 1 1 1 1 1 1 1 1 1 1 1 1 1 1 1 1 1 1 1 1 1 1 1 1 
1 1 1 1 1 1 1 1 1 1 1 1 1 1 1 1 1 1 1 1 1 1 1 1 1 1 1 1 1 1 0 1 1 1 1 1 1 1 1 1 1 1 1 1 1 1 1 1 1 1 1 1 1 1 1 1 1 1 1 1 1 1 
1 1 1 1 1 1 1 1 1 1 1 1 1 1 1 1 1 1 1 1 1 1 1 1 1 1 1 1 1 1 1 0 1 1 1 1 1 1 1 1 1 1 1 1 1 1 1 1 1 1 1 1 1 1 1 1 1 1 1 1 1 1 
1 1 1 1 1 1 1 1 1 1 1 1 1 1 1 1 1 1 1 1 1 1 1 1 1 1 1 1 1 1 1 1 0 1 1 1 1 1 1 1 1 1 1 1 1 1 1 1 1 1 1 1 1 1 1 1 1 1 1 1 1 1 
1 1 1 1 1 1 1 1 1 1 1 1 1 1 1 1 1 1 1 1 1 1 1 1 1 1 1 1 1 1 1 1 1 0 1 1 1 1 1 1 1 1 1 1 1 1 1 1 1 1 1 1 1 1 1 1 1 1 1 1 1 1 
1 1 1 1 1 1 1 1 1 1 1 1 1 1 1 1 1 1 1 1 1 1 1 1 1 1 1 1 1 1 1 1 1 1 0 1 1 1 1 1 1 1 1 1 1 1 1 1 1 1 1 1 1 1 1 1 1 1 1 1 1 1 
1 1 1 1 1 1 1 1 1 1 1 1 1 1 1 1 1 1 1 1 1 1 1 1 1 1 1 1 1 1 1 1 1 1 1 0 1 1 1 1 1 1 1 1 1 1 1 1 1 1 1 1 1 1 1 1 1 1 1 1 1 1 
1 1 1 1 1 1 1 1 1 1 1 1 1 1 1 1 1 1 1 1 1 1 1 1 1 1 1 1 1 1 1 1 1 1 1 1 0 1 1 1 1 1 1 1 1 1 1 1 1 1 1 1 1 1 1 1 1 1 1 1 1 1 
1 1 1 1 1 1 1 1 1 1 1 1 1 1 1 1 1 1 1 1 1 1 1 1 1 1 1 1 1 1 1 1 1 1 1 1 1 0 1 1 1 1 1 1 1 1 1 1 1 1 1 1 1 1 1 1 1 1 1 1 1 1 
1 1 1 1 1 1 1 1 1 1 1 1 1 1 1 1 1 1 1 1 1 1 1 1 1 1 1 1 1 1 1 1 1 1 1 1 1 1 0 1 1 1 1 1 1 1 1 1 1 1 1 1 1 1 1 1 1 1 1 1 1 1 
1 1 1 1 1 1 1 1 1 1 1 1 1 1 1 1 1 1 1 1 1 1 1 1 1 1 1 1 1 1 1 1 1 1 1 1 1 1 1 0 1 1 1 1 1 1 1 1 1 1 1 1 1 1 1 1 1 1 1 1 1 1 
1 1 1 1 1 1 1 1 1 1 1 1 1 1 1 1 1 1 1 1 1 1 1 1 1 1 1 1 1 1 1 1 1 1 1 1 1 1 1 1 0 1 1 1 1 1 1 1 1 1 1 1 1 1 1 1 1 1 1 1 1 1 
1 1 1 1 1 1 1 1 1 1 1 1 1 1 1 1 1 1 1 1 1 1 1 1 1 1 1 1 1 1 1 1 1 1 1 1 1 1 1 1 1 0 1 1 1 1 1 1 1 1 1 1 1 1 1 1 1 1 1 1 1 1 
1 1 1 1 1 1 1 1 1 1 1 1 1 1 1 1 1 1 1 1 1 1 1 1 1 1 1 1 1 1 1 1 1 1 1 1 1 1 1 1 1 1 0 1 1 1 1 1 1 1 1 1 1 1 1 1 1 1 1 1 1 1 
1 1 1 1 1 1 1 1 1 1 1 1 1 1 1 1 1 1 1 1 1 1 1 1 1 1 1 1 1 1 1 1 1 1 1 1 1 1 1 1 1 1 1 0 1 1 1 1 1 1 1 1 1 1 1 1 1 1 1 1 1 1 
2 2 2 2 2 2 2 2 2 2 2 2 2 2 2 2 2 2 2 2 2 2 2 2 2 2 2 2 2 2 2 2 2 2 2 2 2 2 2 2 2 2 2 2 0 2 2 2 2 2 2 2 2 2 2 2 2 2 2 2 2 2 
1 1 1 1 1 1 1 1 1 1 1 1 1 1 1 1 1 1 1 1 1 1 1 1 1 1 1 1 1 1 1 1 1 1 1 1 1 1 1 1 1 1 1 1 1 0 1 1 1 1 1 1 1 1 1 1 1 1 1 1 1 1 
1 1 1 1 1 1 1 1 1 1 1 1 1 1 1 1 1 1 1 1 1 1 1 1 1 1 1 1 1 1 1 1 1 1 1 1 1 1 1 1 1 1 1 1 1 1 0 1 1 1 1 1 1 1 1 1 1 1 1 1 1 1 
1 1 1 1 1 1 1 1 1 1 1 1 1 1 1 1 1 1 1 1 1 1 1 1 1 1 1 1 1 1 1 1 1 1 1 1 1 1 1 1 1 1 1 1 1 1 1 0 1 1 1 1 1 1 1 1 1 1 1 1 1 1 
1 1 1 1 1 1 1 1 1 1 1 1 1 1 1 1 1 1 1 1 1 1 1 1 1 1 1 1 1 1 1 1 1 1 1 1 1 1 1 1 1 1 1 1 1 1 1 1 0 1 1 1 1 1 1 1 1 1 1 1 1 1 
1 1 1 1 1 1 1 1 1 1 1 1 1 1 1 1 1 1 1 1 1 1 1 1 1 1 1 1 1 1 1 1 1 1 1 1 1 1 1 1 1 1 1 1 1 1 1 1 1 0 1 1 1 1 1 1 1 1 1 1 1 1 
1 1 1 1 1 1 1 1 1 1 1 1 1 1 1 1 1 1 1 1 1 1 1 1 1 1 1 1 1 1 1 1 1 1 1 1 1 1 1 1 1 1 1 1 1 1 1 1 1 1 0 1 1 1 1 1 1 1 1 1 1 1 
1 1 1 1 1 1 1 1 1 1 1 1 1 1 1 1 1 1 1 1 1 1 1 1 1 1 1 1 1 1 1 1 1 1 1 1 1 1 1 1 1 1 1 1 1 1 1 1 1 1 1 0 1 1 1 1 1 1 1 1 1 1 
1 1 1 1 1 1 1 1 1 1 1 1 1 1 1 1 1 1 1 1 1 1 1 1 1 1 1 1 1 1 1 1 1 1 1 1 1 1 1 1 1 1 1 1 1 1 1 1 1 1 1 1 0 1 1 1 1 1 1 1 1 1 
1 1 1 1 1 1 1 1 1 1 1 1 1 1 1 1 1 1 1 1 1 1 1 1 1 1 1 1 1 1 1 1 1 1 1 1 1 1 1 1 1 1 1 1 1 1 1 1 1 1 1 1 1 0 1 1 1 1 1 1 1 1 
1 1 1 1 1 1 1 1 1 1 1 1 1 1 1 1 1 1 1 1 1 1 1 1 1 1 1 1 1 1 1 1 1 1 1 1 1 1 1 1 1 1 1 1 1 1 1 1 1 1 1 1 1 1 0 1 1 1 1 1 1 1 
1 1 1 1 1 1 1 1 1 1 1 1 1 1 1 1 1 1 1 1 1 1 1 1 1 1 1 1 1 1 1 1 1 1 1 1 1 1 1 1 1 1 1 1 1 1 1 1 1 1 1 1 1 1 1 0 1 1 1 1 1 1 
1 1 1 1 1 1 1 1 1 1 1 1 1 1 1 1 1 1 1 1 1 1 1 1 1 1 1 1 1 1 1 1 1 1 1 1 1 1 1 1 1 1 1 1 1 1 1 1 1 1 1 1 1 1 1 1 0 1 1 1 1 1 
1 1 1 1 1 1 1 1 1 1 1 1 1 1 1 1 1 1 1 1 1 1 1 1 1 1 1 1 1 1 1 1 1 1 1 1 1 1 1 1 1 1 1 1 1 1 1 1 1 1 1 1 1 1 1 1 1 0 1 1 1 1 
1 1 1 1 1 1 1 1 1 1 1 1 1 1 1 1 1 1 1 1 1 1 1 1 1 1 1 1 1 1 1 1 1 1 1 1 1 1 1 1 1 1 1 1 1 1 1 1 1 1 1 1 1 1 1 1 1 1 0 1 1 1 
1 1 1 1 1 1 1 1 1 1 1 1 1 1 1 1 1 1 1 1 1 1 1 1 1 1 1 1 1 1 1 1 1 1 1 1 1 1 1 1 1 1 1 1 1 1 1 1 1 1 1 1 1 1 1 1 1 1 1 0 1 1 
1 1 1 1 1 1 1 1 1 1 1 1 1 1 1 1 1 1 1 1 1 1 1 1 1 1 1 1 1 1 1 1 1 1 1 1 1 1 1 1 1 1 1 1 1 1 1 1 1 1 1 1 1 1 1 1 1 1 1 1 0 1 
3 3 3 3 3 3 3 3 3 3 3 3 3 3 3 3 3 3 3 3 3 3 3 3 3 3 3 3 3 3 3 3 3 3 3 3 3 3 3 3 3 3 3 3 3 3 3 3 3 3 3 3 3 3 3 3 3 3 3 3 3 0 
Time:
0	15
15	30
30	45
45	60
60	75
75	90
90	105
105	120
120	135
135	150
150	165
165	180
180	195
195	210
210	225
225	240
240	255
255	270
270	285
285	300
300	315
315	330
330	345
345	360
360	375
375	390
390	405
405	420
420	435
435	450
450	465
465	480
480	495
495	510
510	525
525	540
540	555
555	570
570	585
585	600
600	615
615	630
630	645
645	660
660	675
675	690
690	705
705	720
720	735
735	750
750	765
765	780
780	795
795	810
810	825
825	840
840	855
855	870
870	885
885	900
900	915
915	930
930	945
945	960
960	975
975	990
990	1005
1005	1020
1020	1035
1035	1050
1050	1065
1065	1080
1080	5000
Speed:
0.925	0.85	0.925	1	0.8325	0.765	0.8325	0.9	0.4625	0.425	0.4625	0.5	0.30525	0.2805	0.30525	0.33	0.37	0.34	0.37	0.4	0.555	0.51	0.555	0.6	0.6475	0.595	0.6475	0.7	0.37	0.34	0.37	0.4	0.30525	0.2805	0.30525	0.33	0.4625	0.425	0.4625	0.5	0.6475	0.595	0.6475	0.7	0.74	0.68	0.74	0.8	0.6475	0.595	0.6475	0.7	0.4625	0.425	0.4625	0.5	0.555	0.51	0.555	0.6	0.6475	0.595	0.6475	0.7	0.8325	0.765	0.8325	0.9	0.925	0.85	0.925	1	1	
0.925	0.85	0.925	1	0.8325	0.765	0.8325	0.9	0.4625	0.425	0.4625	0.5	0.30525	0.2805	0.30525	0.33	0.37	0.34	0.37	0.4	0.555	0.51	0.555	0.6	0.6475	0.595	0.6475	0.7	0.37	0.34	0.37	0.4	0.30525	0.2805	0.30525	0.33	0.4625	0.425	0.4625	0.5	0.6475	0.595	0.6475	0.7	0.74	0.68	0.74	0.8	0.6475	0.595	0.6475	0.7	0.4625	0.425	0.4625	0.5	0.555	0.51	0.555	0.6	0.6475	0.595	0.6475	0.7	0.8325	0.765	0.8325	0.9	0.925	0.85	0.925	1	1	
0.925	0.85	0.925	1	0.8325	0.765	0.8325	0.9	0.4625	0.425	0.4625	0.5	0.30525	0.2805	0.30525	0.33	0.37	0.34	0.37	0.4	0.555	0.51	0.555	0.6	0.6475	0.595	0.6475	0.7	0.37	0.34	0.37	0.4	0.30525	0.2805	0.30525	0.33	0.4625	0.425	0.4625	0.5	0.6475	0.595	0.6475	0.7	0.74	0.68	0.74	0.8	0.6475	0.595	0.6475	0.7	0.4625	0.425	0.4625	0.5	0.555	0.51	0.555	0.6	0.6475	0.595	0.6475	0.7	0.8325	0.765	0.8325	0.9	0.925	0.85	0.925	1	1	
