61
0 77.17 75.72 74.19 44.19 59.62 85.6 58.54 74.44 57.86 74.29 77.59 69.61 68.24 67.83 84.66 54.09 91.57 67.97 86.91 93.78 55.65 68.25 80.16 74.62 70.48 70.14 49.38 77.34 89.48 72.93 73.29 46.92 79.63 65.73 74.57 76.08 72.79 80.2 53.17 70.29 72.18 97.81 63.03 103.71 47.62 91.62 79.55 64.09 58.95 73.48 44.39 89.62 74.04 70.97 43.85 92.54 89.97 67.92 90.9 58.46 
77.17 0 21.25 7.86 49.07 18.33 9.68 21.91 6.76 23.3 13.04 27.42 22.09 14.65 13.27 7.56 23.2 14.4 12.05 18.68 28.69 21.52 24.68 11.51 8.51 20.41 19.12 27.82 7.35 20.39 4.24 9.75 31.82 10.97 22.59 18.8 21.76 6.36 11.58 29.98 7.18 13.84 23.87 15.08 36.65 29.56 15.03 10.88 14.28 30.84 4.67 33.93 31.11 5.51 11.73 33.37 15.82 19.42 14.72 28.86 31.49 
75.72 21.25 0 27.93 59.86 20.95 20.22 34.31 26.9 35.83 33.23 6.27 40.76 11.3 13.2 24.87 29.47 27.66 14.49 13.07 18.06 27.02 42.91 23.44 12.9 5.37 37.92 32.08 14.09 15.34 20.85 21.04 38.9 23.37 39.77 38.96 11.21 25.28 21.1 41.67 19.01 33.27 25.16 18.91 28 32.18 24.83 23.42 27.5 45.79 23.59 39.83 14.94 25.26 11.54 36.46 25.77 16.58 11.61 15.33 46.3 
74.19 7.86 27.93 0 42.68 18.61 16.79 16.42 11.78 17.58 5.35 34.2 14.25 19.14 17.25 12.38 20.47 19.27 15.71 26.53 36.54 19.51 16.87 8.46 15.09 26.03 11.29 25.2 14.8 28.21 7.13 6.91 27.56 8.01 15.04 11.15 28.49 11.2 10.32 24.02 9.75 5.98 30.89 16.16 44.35 27.39 21.13 7.9 10.15 23.68 4.35 29.96 38.84 11.15 17.01 30.57 21.73 27.17 19.07 36.68 24.35 
44.19 49.07 59.86 42.68 0 38.91 58.75 27.31 43.47 25.84 40.02 64.84 31.88 48.75 47.13 55.05 30.4 61.93 46.22 65.64 75.17 32.85 29.57 50.89 51.47 54.98 33.76 28.54 53.2 67.92 45.5 45.7 21.31 50.37 28.86 37.54 60.44 42.88 52.18 19.18 44.59 38.02 72.93 41.13 84.43 29.44 63.71 50.27 35.14 19.88 44.42 21.2 74.53 43.99 49.74 26.11 64.36 67.48 48.42 73.87 19.2 
59.62 18.33 20.95 18.61 38.91 0 26.01 14.76 18.24 16.11 21.96 26.04 25.27 10.08 8.85 25.86 8.52 32.4 8.55 28.55 37.21 6.06 26.57 21.59 15.12 16.11 23.16 11.61 17.75 31.07 14.28 14.69 18.03 21.1 22.79 26.2 21.53 16.06 21.06 21.14 11.16 20.69 38.46 13.92 46.94 12.45 32.07 21.05 10.82 26.41 15.84 19.19 35.73 17.09 11.92 16.72 33.01 31.17 9.73 35.41 26.8 
85.6 9.68 20.22 16.79 58.75 26.01 0 31.57 15.8 32.98 21.3 25.45 30.81 19.01 18.58 6.14 32.16 7.63 18.02 11.82 21.08 30.23 33.5 8.38 11.63 21.85 27.91 36.59 8.77 12.61 13.51 13.24 41.16 8.8 31.83 26.65 20.52 15.94 6.6 39.65 15.49 22.59 14.22 22.6 27.84 38.07 6.09 8.91 23.88 40.34 14.33 43.15 25.27 14.92 15.78 42.1 7.06 11.14 19.24 22.25 41 
58.54 21.91 34.31 16.42 27.31 14.76 31.57 0 16.98 14.82 15.75 40 13.19 23.03 21.12 28.42 8.85 35.47 19.92 38.48 48.2 10.13 13.42 24.03 24.4 30.12 12.45 12.17 25.95 40.71 18.21 18.42 11.63 23.5 9.61 16.76 34.91 15.96 25.07 8.14 17.36 13.64 45.69 15.6 57.25 14.74 36.8 23.4 7.83 11.69 17.32 14.2 48.3 17.16 23.26 16.34 37.52 40.2 22.73 47.22 12.13 
74.44 6.76 26.9 11.78 43.47 18.24 15.8 16.98 0 18.19 6.44 33.16 15.34 18.27 16.42 11.59 20.56 18.56 14.9 25.44 35.45 19.49 17.95 7.52 14.03 25.09 12.38 25.31 13.7 27.12 6.14 5.9 27.95 7.05 16.04 12.25 27.45 10.19 9.29 24.69 8.93 7.08 29.94 15.65 43.3 27.44 20.28 6.94 10.35 24.6 11.42 30.31 37.73 10.15 16.06 30.73 20.9 26.1 18.22 35.57 25.27 
57.86 23.3 35.83 17.58 25.84 16.11 32.98 14.82 18.19 0 16.53 41.49 13.04 24.53 22.64 29.7 9.68 36.73 21.45 40.01 49.74 11.21 12.95 25.35 25.94 31.59 12.64 12.53 27.47 42.22 19.66 19.86 11.05 24.82 9.26 17.04 36.43 17.27 26.45 6.68 18.88 14.4 47.12 17.08 58.76 15.09 38.15 24.72 9.32 10.3 18.69 13.67 49.84 18.45 24.8 16.28 38.85 41.7 24.24 48.76 10.7 
74.29 13.04 33.23 5.35 40.02 21.96 21.3 15.75 6.44 16.53 0 39.49 9.56 24.04 22.07 16.1 21.87 22.41 20.51 31.64 41.61 21.49 12.28 12.96 20.42 31.13 6.77 26.41 20.13 33.19 12.38 12.19 27.36 12.6 11.33 5.81 33.79 7.97 15.15 22.28 14.69 11.33 35.07 20.05 49.1 28.82 24.9 12.49 11.82 20.37 9.65 29.92 44.12 8.02 22.15 31.43 25.35 32.05 23.94 41.89 21.06 
77.59 27.42 6.27 34.2 64.84 26.04 25.45 40 33.16 41.49 39.49 0 46.95 17.04 19.04 30.56 34.49 32.59 20.44 16.18 17.58 32.06 49.07 29.47 19.15 9.95 44.13 36.59 20.17 17.87 27.11 27.3 43.65 29.44 45.86 45.23 5.71 31.54 27.08 47.09 25.23 39.53 27.71 24.43 26.92 36.35 29.38 29.5 33.47 51.59 29.85 44.32 12.07 31.52 17.7 40.51 30.26 19.51 17.31 14 52.08 
69.61 22.09 40.76 14.25 31.88 25.27 30.81 13.19 15.34 13.04 9.56 46.95 0 30.41 28.34 25.66 21.73 31.81 26.81 40.77 50.78 22.42 13.82 22.44 28.46 37.8 10.1 25.36 28.72 42.46 20.4 20.34 23.7 22.05 14.72 5.66 41.35 16.13 24.51 16.44 21.75 8.28 44.63 24.56 58.55 27.93 34.43 21.94 14.6 12.03 17.99 26.32 52.78 16.67 29.25 29.31 34.86 41.41 30.22 50.81 12.69 
68.24 14.65 11.3 19.14 48.75 10.08 19.01 23.03 18.27 24.53 24.04 17.04 30.41 0 13.67 21.02 18.49 26.35 13.02 18.86 27.16 16.04 32.35 17.77 7.42 7.41 27.73 21.63 10.25 21.42 12.27 12.6 28.08 17.46 28.99 29.47 11.9 16.25 16.17 30.38 9.39 23.62 29.62 7.65 36.96 22.19 24.98 17.46 16.48 34.57 14.95 29.27 25.77 16.66 11.59 26.52 25.98 21.76 14.97 25.33 35.06 
67.83 13.27 13.2 17.25 47.13 8.85 18.58 21.12 16.42 22.64 22.07 19.04 28.34 13.67 0 20.01 17.03 25.71 11.4 19.71 28.42 14.62 30.28 16.49 6.99 9.48 25.66 20.46 9.84 22.24 10.53 10.88 26.67 16.13 26.93 27.45 13.8 14.35 15.1 28.59 7.5 21.6 29.98 6.02 38.11 21.22 24.64 16.13 14.44 32.6 13.14 27.99 27.43 14.83 11.16 25.53 25.63 22.41 13.34 26.79 33.11 
84.66 7.56 24.87 12.38 55.05 25.86 6.14 28.42 11.59 29.7 16.1 30.56 25.66 21.02 20.01 0 30.62 7.08 19.02 17.92 27.2 29.02 28.38 4.53 13.83 25.47 22.87 35.29 11.39 18.75 11.77 11.39 38.93 5.07 27.16 21.08 25.27 12.48 4.94 36.26 14.7 17.69 19 22.56 33.58 37.08 8.82 5.15 21.19 35.99 11.36 41.14 31.34 11.26 17.82 40.83 9.36 17.23 21.17 28.38 36.67 
54.09 23.2 29.47 20.47 30.4 8.52 32.16 8.85 20.56 9.68 21.87 34.49 21.73 18.49 17.03 30.62 0 37.59 16.37 36.42 45.44 11.12 22.21 26.1 22.45 24.59 20.47 4.75 24.74 38.88 18.97 19.32 9.65 25.56 18.36 24.44 30.05 18.77 26.31 13.16 16.68 20.03 45.51 11.03 55.04 6.98 38.01 25.49 10.36 19.45 19.4 11.18 44.22 20.02 19.9 10.24 38.87 38.78 18.14 43.8 19.71 
91.57 14.4 27.66 19.27 61.93 32.4 7.63 35.47 18.56 36.73 22.41 32.59 31.81 26.35 25.71 7.08 37.59 0 24.94 17.54 25.11 35.92 34.53 11.58 18.92 29.47 29.16 42.23 16.12 17.37 18.65 18.29 46 12.13 33.69 26.79 27.93 19.55 11.39 43.26 21.35 24.19 14.05 29.03 29.65 43.95 13.72 12.22 28.27 42.65 18.43 48.2 30.66 18.33 23.09 47.77 14.69 15.53 26.55 27.2 43.33 
67.97 12.05 14.49 15.71 46.22 8.55 18.02 19.92 14.9 21.45 20.51 20.44 26.81 13.02 11.4 19.02 16.37 24.94 0 20.1 29.1 14.01 28.78 15.31 6.65 10.99 24.12 20.05 9.41 22.59 9.08 9.45 26.01 14.94 25.46 25.89 15.09 12.81 14.08 27.53 5.97 20.03 29.95 5.38 38.68 20.99 24.1 14.92 13.04 31.31 11.65 27.45 28.46 13.32 10.82 25.26 25.08 22.64 12.7 27.65 31.83 
86.91 18.68 13.07 26.53 65.64 28.55 11.82 38.48 25.44 40.01 31.64 16.18 40.77 18.86 19.71 17.92 36.42 17.54 20.1 0 10.03 34.1 43.33 19 14.18 17.25 37.79 40.13 12.59 18.53 20.91 20.85 46.04 19.24 41.04 37.32 13.05 24.77 16.6 46.55 21.13 32.52 12.09 25.48 18.79 40.93 13.85 19.34 30.72 48.78 22.91 47.55 13.46 24.11 16.63 45.24 14.62 20.01 19.2 10.5 49.39 
93.78 28.69 18.06 36.54 75.17 37.21 21.08 48.2 35.45 49.74 41.61 17.58 50.78 27.16 28.42 27.2 45.44 25.11 29.1 10.03 0 43.04 53.36 28.83 23.8 23.33 47.81 48.79 22.51 8.5 30.9 30.85 55.09 29.11 51.06 47.24 17.71 34.79 26.5 56.19 30.91 42.53 13.77 34.4 9.96 49.29 21.11 29.21 40.51 58.71 32.94 56.4 7.54 34.14 25.56 53.63 21.55 9.98 27.51 18.37 59.32 
55.65 21.52 27.02 19.51 32.85 6.06 30.23 10.13 19.49 11.21 21.49 32.06 22.42 16.04 14.62 29.02 11.12 35.92 14.01 34.1 43.04 0 23.18 24.53 20.21 22.15 20.87 6.36 22.59 36.57 17.28 17.64 12.05 24.01 19.31 24.6 27.59 17.56 24.56 15.38 14.76 19.79 43.39 8.65 52.68 8.08 36.15 23.94 9.7 21.3 17.98 13.45 41.77 18.77 17.54 11.89 37.04 36.52 15.7 41.37 21.62 
68.25 24.68 42.91 16.87 29.57 26.57 33.5 13.42 17.95 12.95 12.28 49.07 13.82 32.35 30.28 28.38 22.21 34.53 28.78 43.33 53.36 23.18 0 25.12 30.8 39.76 5.59 25.47 31.18 45.06 22.81 22.77 23.03 24.72 10.51 8.16 43.51 18.62 27.16 15.24 23.95 10.92 47.35 26.16 61.21 28.03 37.16 24.61 16.17 9.88 20.48 25.61 55.21 19.22 31.38 29.01 37.58 44.04 32.15 53.31 10.51 
80.16 11.51 23.44 8.46 50.89 21.59 8.38 24.03 7.52 25.35 12.96 29.47 22.44 17.77 16.49 4.53 26.1 11.58 15.31 19 28.83 24.53 25.12 0 11.15 23.13 19.53 30.78 9.36 20.36 7.35 6.96 34.42 9.6 23.5 18.45 23.91 8.08 9.46 31.96 10.45 14.22 22.43 18.37 36.14 32.6 12.83 9.68 16.7 32.12 6.85 36.62 32.01 6.91 14.73 36.31 13.51 19.13 17.86 29.44 32.79 
74.62 8.51 12.9 15.09 51.47 15.12 11.63 24.4 14.03 25.94 20.42 19.15 28.46 7.42 6.99 13.83 22.45 18.92 6.65 14.18 23.8 20.21 30.8 11.15 0 11.98 25.54 26.43 11.18 16.54 8.12 8.25 31.99 10.96 28 26.2 13.44 12.54 9.17 32.42 7.18 20.64 23.34 11.8 32.97 27.53 17.67 10.99 16.74 35.09 10.78 33.62 24.51 12.41 4.17 31.76 18.66 16.34 7.63 22.98 35.68 
70.48 20.41 5.37 26.03 54.98 16.11 21.85 30.12 25.09 31.59 31.13 9.95 37.8 7.41 9.48 25.47 24.59 29.47 10.99 17.25 23.33 22.15 39.76 23.13 11.98 0 35.09 26.93 14.1 19.71 18.95 19.22 33.87 22.94 36.4 36.68 5.84 23.2 21.07 37.14 16.46 30.85 29.2 14.52 33.28 26.91 27.2 22.97 23.85 41.75 21.72 34.68 20.23 23.44 9.03 31.17 28.19 20.67 7.63 20.69 42.22 
70.14 19.12 37.92 11.29 33.76 23.16 27.91 12.45 12.38 12.64 6.77 44.13 10.1 27.73 25.66 22.87 20.47 29.16 24.12 37.79 47.81 20.87 5.59 19.53 25.54 35.09 0 24.44 25.76 39.5 17.46 17.39 23.64 19.13 4.92 4.44 38.51 13.17 21.57 17.13 18.91 5.33 41.8 22.18 55.61 27 31.67 19.02 12.35 13.91 15.03 26.27 49.83 13.69 26.45 28.78 32.12 38.45 27.55 47.84 14.6 
49.38 27.82 32.08 25.2 28.54 11.61 36.59 12.17 25.31 12.53 26.41 36.59 25.36 21.63 20.46 35.29 4.75 42.23 20.05 40.13 48.79 6.36 25.47 30.78 26.43 26.93 24.44 0 28.88 42.63 23.58 23.94 7.25 30.24 21.73 28.59 32.63 23.52 30.89 13.75 21.12 24.5 49.69 14.69 58.55 9.88 42.51 30.17 15.08 21 24.11 7.75 47 24.76 23.5 5.54 43.39 42.67 21.28 46.89 21.12 
77.34 7.35 14.09 14.8 53.2 17.75 8.77 25.95 13.7 27.47 20.13 20.17 28.72 10.25 9.84 11.39 24.74 16.12 9.41 12.59 22.51 22.59 31.18 9.36 11.18 14.1 25.76 28.88 0 14.75 8.44 8.43 34.17 9.28 28.65 25.93 14.56 12.59 7.08 34.05 8.61 20.64 20.81 14.38 31.3 30.1 14.81 9.34 18.16 36.2 10.74 35.91 24.08 12.18 7.01 34.27 15.8 14.3 10.47 22.14 36.81 
89.48 20.39 15.34 28.21 67.92 31.07 12.61 40.71 27.12 42.22 33.19 17.87 42.46 21.42 22.24 18.75 38.88 17.37 22.59 18.53 8.5 36.57 45.06 20.36 16.54 19.71 39.5 42.63 14.75 0 22.92 22.83 48.47 20.65 42.91 38.79 15.26 26.61 18.05 48.8 23.35 34.19 9.92 27.97 16.55 43.46 13.47 20.76 32.91 50.81 24.77 50.02 13.3 25.88 19.15 47.77 14.11 18.47 21.76 9.87 51.44 
72.93 4.24 20.85 7.13 45.5 14.28 13.51 18.21 6.14 19.66 12.38 27.11 20.4 12.27 10.53 11.77 18.97 18.65 9.08 20.91 30.9 17.28 22.81 7.35 8.12 18.95 17.46 23.58 8.44 22.92 0 8.73 27.71 6.85 20.22 18.12 21.41 4.44 7.34 26.34 11.3 12.52 27.5 11.15 39.43 25.32 19.13 6.79 10.42 27.89 8.91 29.77 32.4 4.49 9.92 29.13 19.96 22.21 12.25 30.57 28.52 
73.29 9.75 21.04 6.91 45.7 14.69 13.24 18.42 5.9 19.86 12.19 27.3 20.34 12.6 10.88 11.39 19.32 18.29 9.45 20.85 30.85 17.64 22.77 6.96 8.25 19.22 17.39 23.94 8.43 22.83 8.73 0 28.01 6.45 20.23 17.96 21.6 4.29 7.01 26.54 11.15 12.39 27.28 11.56 39.32 25.7 18.82 6.4 10.65 27.99 11.26 30.08 32.45 4.25 10.2 29.48 19.64 22.09 12.59 30.57 28.62 
46.92 31.82 38.9 27.56 21.31 18.03 41.16 11.63 27.95 11.05 27.36 43.65 23.7 28.08 26.67 38.93 9.65 46 26.01 46.04 55.09 12.05 23.03 34.42 31.99 33.87 23.64 7.25 34.17 48.47 27.71 28.01 0 33.88 19.78 28.06 39.47 26.55 35 8.55 25.84 25.26 54.83 20.68 64.69 8.55 46.83 33.79 17.76 16.19 27.57 12.06 53.75 27.81 29.55 6.8 47.64 48.33 27.74 53.41 16.11 
79.63 10.97 23.37 8.01 50.37 21.1 8.8 23.5 7.05 24.82 12.6 29.44 22.05 17.46 16.13 5.07 25.56 12.13 14.94 19.24 29.11 24.01 24.72 9.6 10.96 22.94 19.13 30.24 9.28 20.65 6.85 6.45 33.88 0 23.05 18.14 23.85 7.55 10.01 31.44 9.98 13.81 22.89 17.9 36.51 32.08 13.35 10.22 16.15 31.64 6.3 36.07 32.18 6.39 14.46 35.78 14.03 19.46 17.54 29.65 32.31 
65.73 22.59 39.77 15.04 28.86 22.79 31.83 9.61 16.04 9.26 11.33 45.86 14.72 28.99 26.93 27.16 18.36 33.69 25.46 41.04 51.06 19.31 10.51 23.5 28 36.4 4.92 21.73 28.65 42.91 20.22 20.23 19.78 23.05 0 9.05 40.37 16.3 25.32 12.57 20.97 9.5 45.92 22.54 59.25 24.3 35.98 22.94 12.61 9.06 18.14 22.39 52.5 17.09 28.23 25.49 36.49 42 28.77 50.78 9.75 
74.57 18.8 38.96 11.15 37.54 26.2 26.65 16.76 12.25 17.04 5.81 45.23 5.66 29.47 27.45 21.08 24.44 26.79 25.89 37.32 47.24 24.6 8.16 18.45 26.2 36.68 4.44 28.59 25.93 38.79 18.12 17.96 28.06 18.14 9.05 0 39.53 13.69 20.74 21.51 20.22 5.86 40.05 24.76 54.48 31.13 29.68 18.03 15.46 17.68 15.42 30.69 49.91 13.82 27.76 33.09 30.02 37.57 29.34 47.63 18.35 
76.08 21.76 11.21 28.49 60.44 21.53 20.52 34.91 27.45 36.43 33.79 5.71 41.35 11.9 13.8 25.27 30.05 27.93 15.09 13.05 17.71 27.59 43.51 23.91 13.44 5.84 38.51 32.63 14.56 15.26 21.41 21.6 39.47 23.85 40.37 39.53 0 25.84 21.56 42.26 19.6 33.85 25.12 19.51 27.63 32.7 25.04 23.9 28.11 46.4 24.15 40.38 14.41 25.81 12.14 36.98 25.98 16.55 12.21 14.9 46.91 
72.79 6.36 25.28 11.2 42.88 16.06 15.94 15.96 10.19 17.27 7.97 31.54 16.13 16.25 14.35 12.48 18.77 19.55 12.81 24.77 34.79 17.56 18.62 8.08 12.54 23.2 13.17 23.52 12.59 26.61 4.44 4.29 26.55 7.55 16.3 13.69 25.84 0 9.34 23.9 6.86 8.11 30.15 13.44 42.97 25.58 20.88 7.45 8.81 24.48 11.03 28.84 36.67 8.54 14.19 28.99 21.58 25.72 16.18 34.69 25.13 
80.2 11.58 21.1 10.32 52.18 21.06 6.6 25.07 9.29 26.45 15.15 27.08 24.51 16.17 15.1 4.94 26.31 11.39 14.08 16.6 26.5 24.56 27.16 9.46 9.17 21.07 21.57 30.89 7.08 18.05 7.34 7.01 35 10.01 25.32 20.74 21.56 9.34 0 33.11 9.97 16.24 20.82 17.73 34.04 32.57 11.84 10.09 17.47 33.75 7.76 37.09 29.54 8.32 13.02 36.44 12.64 16.91 16.3 27 34.41 
53.17 29.98 41.67 24.02 19.18 21.14 39.65 8.14 24.69 6.68 22.28 47.09 16.44 30.38 28.59 36.26 13.16 43.26 27.53 46.55 56.19 15.38 15.24 31.96 32.42 37.14 17.13 13.75 34.05 48.8 26.34 26.54 8.55 31.44 12.57 21.51 42.26 23.9 33.11 0 25.45 20.16 53.8 22.76 65.33 15.91 44.78 31.33 15.96 7.65 25.35 10.88 55.99 25.05 30.98 15.26 45.47 48.32 30.07 55.08 7.6 
70.29 7.18 19.01 9.75 44.59 11.16 15.49 17.36 8.93 18.88 14.69 25.23 21.75 9.39 7.5 14.7 16.68 21.35 5.97 21.13 30.91 14.76 23.95 10.45 7.18 16.46 18.91 21.12 8.61 23.35 11.3 11.15 25.84 9.98 20.97 20.22 19.6 6.86 9.97 25.45 0 14.41 29 7.92 39.89 22.68 21.4 9.94 9.61 27.91 5.7 27.73 31.63 7.36 7.57 26.64 22.29 22.91 9.32 30.16 28.49 
72.18 13.84 33.27 5.98 38.02 20.69 22.59 13.64 7.08 14.4 11.33 39.53 8.28 23.62 21.6 17.69 20.03 24.19 20.03 32.52 42.53 19.79 10.92 14.22 20.64 30.85 5.33 24.5 20.64 34.19 12.52 12.39 25.26 13.81 9.5 5.86 33.85 8.11 16.24 20.16 14.41 0 36.55 19.03 50.28 26.94 26.51 13.7 10.21 18.47 9.93 27.83 44.71 8.48 21.97 29.44 27.01 33.13 23.49 42.63 19.16 
97.81 23.87 25.16 30.89 72.93 38.46 14.22 45.69 29.94 47.12 35.07 27.71 44.63 29.62 29.98 19 45.51 14.05 29.95 12.09 13.77 43.39 47.35 22.43 23.34 29.2 41.8 49.69 20.81 9.92 27.5 27.28 54.83 22.89 45.92 40.05 25.12 30.15 20.82 53.8 29 36.55 0 35.13 15.77 50.87 10.48 23 37.93 54.53 28.54 56.66 20.94 29.13 26.84 55.07 10.36 8.58 29.94 17.09 55.19 
63.03 15.08 18.91 16.16 41.13 13.92 22.6 15.6 15.65 17.08 20.05 24.43 24.56 7.65 6.02 22.56 11.03 29.03 5.38 25.48 34.4 8.65 26.16 18.37 11.8 14.52 22.18 14.69 14.38 27.97 11.15 11.56 20.68 17.9 22.54 24.76 19.51 13.44 17.73 22.76 7.92 19.03 35.13 0 44.03 15.73 28.67 17.85 9.99 27.26 12.97 22.08 33.4 14.36 8.89 19.96 29.61 27.98 7.32 32.81 27.72 
103.71 36.65 28 44.35 84.43 46.94 27.84 57.25 43.3 58.76 49.1 26.92 58.55 36.96 38.11 33.58 55.04 29.65 38.68 18.79 9.96 52.68 61.21 36.14 32.97 33.28 55.61 58.55 31.3 16.55 39.43 39.32 64.69 36.51 59.25 54.48 27.63 42.97 34.04 65.33 39.89 50.28 15.77 44.03 0 59.13 25.83 36.62 49.46 67.31 41.17 66.09 15.26 42.16 35.14 63.47 25.9 17.26 37.31 12.97 67.94 
47.62 29.56 32.18 27.39 29.44 12.45 38.07 14.74 27.44 15.09 28.82 36.35 27.93 22.19 21.22 37.08 6.98 43.95 20.99 40.93 49.29 8.08 28.03 32.6 27.53 26.91 27 9.88 30.1 43.46 25.32 25.7 8.55 32.08 24.3 31.13 32.7 25.58 32.57 15.91 22.68 26.94 50.87 15.73 59.13 0 44.05 32.01 17.33 23.32 26.05 8.26 47.11 26.8 24.34 4.33 44.96 43.6 21.84 47.21 23.4 
91.62 15.03 24.83 21.13 63.71 32.07 6.09 36.8 20.28 38.15 24.9 29.38 34.43 24.98 24.64 8.82 38.01 13.72 24.1 13.85 21.11 36.15 37.16 12.83 17.67 27.2 31.67 42.51 14.81 13.47 19.13 18.82 46.83 13.35 35.98 29.68 25.04 20.88 11.84 44.78 21.4 26.51 10.48 28.67 25.83 44.05 0 13.45 29.29 44.79 19.49 48.89 26.77 19.73 21.78 48.04 13.15 11.61 25.23 23.25 45.47 
79.55 10.88 23.42 7.9 50.27 21.05 8.91 23.4 6.94 24.72 12.49 29.5 21.94 17.46 16.13 5.15 25.49 12.22 14.92 19.34 29.21 23.94 24.61 9.68 10.99 22.97 19.02 30.17 9.34 20.76 6.79 6.4 33.79 10.22 22.94 18.03 23.9 7.45 10.09 31.33 9.94 13.7 23 17.85 36.62 32.01 13.45 0 16.06 31.53 6.21 35.99 32.27 6.28 14.47 35.7 14.14 19.56 17.54 29.75 32.2 
64.09 14.28 27.5 10.15 35.14 10.82 23.88 7.83 10.35 9.32 11.82 33.47 14.6 16.48 14.44 21.19 10.36 28.27 13.04 30.72 40.51 9.7 16.17 16.7 16.74 23.85 12.35 15.08 18.16 32.91 10.42 10.65 17.76 16.15 12.61 15.46 28.11 8.81 17.47 15.96 9.61 10.21 37.93 9.99 49.46 17.33 29.29 16.06 0 18.46 9.86 20.03 40.97 10.06 16.09 20.42 30.06 32.38 16.24 39.68 19.02 
58.95 30.84 45.79 23.68 19.88 26.41 40.34 11.69 24.6 10.3 20.37 51.59 12.03 34.57 32.6 35.99 19.45 42.65 31.31 48.78 58.71 21.3 9.88 32.12 35.09 41.75 13.91 21 36.2 50.81 27.89 27.99 16.19 31.64 9.06 17.68 46.4 24.48 33.75 7.65 27.91 18.47 54.53 27.26 67.31 23.32 44.79 31.53 18.46 0 26.22 18.44 59.43 25.43 34.51 22.9 45.35 50.07 34.29 58.07 15.25 
73.48 4.67 23.59 4.35 44.42 15.84 14.33 17.32 11.42 18.69 9.65 29.85 17.99 14.95 13.14 11.36 19.4 18.43 11.65 22.91 32.94 17.98 20.48 6.85 10.78 21.72 15.03 24.11 10.74 24.77 8.91 11.26 27.57 6.3 18.14 15.42 24.15 11.03 7.76 25.35 5.7 9.93 28.54 12.97 41.17 26.05 19.49 6.21 9.86 26.22 0 29.78 34.81 10.17 12.69 29.63 20.23 23.91 14.91 32.83 26.86 
44.39 33.93 39.83 29.96 21.2 19.19 43.15 14.2 30.31 13.67 29.92 44.32 26.32 29.27 27.99 41.14 11.18 48.2 27.45 47.55 56.4 13.45 25.61 36.62 33.62 34.68 26.27 7.75 35.91 50.02 29.77 30.08 12.06 36.07 22.39 30.69 40.38 28.84 37.09 10.88 27.73 27.83 56.66 22.08 66.09 8.26 48.89 35.99 20.03 18.44 29.78 0 54.74 30.1 30.96 5.26 49.72 49.95 28.92 54.58 18.3 
89.62 31.11 14.94 38.84 74.53 35.73 25.27 48.3 37.73 49.84 44.12 12.07 52.78 25.77 27.43 31.34 44.22 30.66 28.46 13.46 7.54 41.77 55.21 32.01 24.51 20.23 49.83 47 24.08 13.3 32.4 32.45 53.75 32.18 52.5 49.91 14.41 36.67 29.54 55.99 31.63 44.71 20.94 33.4 15.26 47.11 26.77 32.27 40.97 59.43 34.81 54.74 0 36.24 25.04 51.39 27.38 15.16 26.11 23.17 59.99 
74.04 5.51 25.26 11.15 43.99 17.09 14.92 17.16 10.15 18.45 8.02 31.52 16.67 16.66 14.83 11.26 20.02 18.33 13.32 24.11 34.14 18.77 19.22 6.91 12.41 23.44 13.69 24.76 12.18 25.88 4.49 4.25 27.81 6.39 17.09 13.82 25.81 8.54 8.32 25.05 7.36 8.48 29.13 14.36 42.16 26.8 19.73 6.28 10.06 25.43 10.17 30.1 36.24 0 14.41 30.24 20.41 24.92 16.61 34.16 26.09 
70.97 11.73 11.54 17.01 49.74 11.92 15.78 23.26 16.06 24.8 22.15 17.7 29.25 11.59 11.16 17.82 19.9 23.09 10.82 16.63 25.56 17.54 31.38 14.73 4.17 9.03 26.45 23.5 7.01 19.15 9.92 10.2 29.55 14.46 28.23 27.76 12.14 14.19 13.02 30.98 7.57 21.97 26.84 8.89 35.14 24.34 21.78 14.47 16.09 34.51 12.69 30.96 25.04 14.41 0 28.63 22.78 19.28 11.8 24.13 35.05 
43.85 33.37 36.46 30.57 26.11 16.72 42.1 16.34 30.73 16.28 31.43 40.51 29.31 26.52 25.53 40.83 10.24 47.77 25.26 45.24 53.63 11.89 29.01 36.31 31.76 31.17 28.78 5.54 34.27 47.77 29.13 29.48 6.8 35.78 25.49 33.09 36.98 28.99 36.44 15.26 26.64 29.44 55.07 19.96 63.47 4.33 48.04 35.7 20.42 22.9 29.63 5.26 51.39 30.24 28.63 0 48.92 47.89 26.17 51.53 22.85 
92.54 15.82 25.77 21.73 64.36 33.01 7.06 37.52 20.9 38.85 25.35 30.26 34.86 25.98 25.63 9.36 38.87 14.69 25.08 14.62 21.55 37.04 37.58 13.51 18.66 28.19 32.12 43.39 15.8 14.11 19.96 19.64 47.64 14.03 36.49 30.02 25.98 21.58 12.64 45.47 22.29 27.01 10.36 29.61 25.9 44.96 13.15 14.14 30.06 45.35 20.23 49.72 27.38 20.41 22.78 48.92 0 12.23 26.22 23.82 46.03 
89.97 19.42 16.58 27.17 67.48 31.17 11.14 40.2 26.1 41.7 32.05 19.51 41.41 21.76 22.41 17.23 38.78 15.53 22.64 20.01 9.98 36.52 44.04 19.13 16.34 20.67 38.45 42.67 14.3 18.47 22.21 22.09 48.33 19.46 42 37.57 16.55 25.72 16.91 48.32 22.91 33.13 8.58 27.98 17.26 43.6 11.61 19.56 32.38 50.07 23.91 49.95 15.16 24.92 19.28 47.89 12.23 0 22.09 11.67 50.7 
67.92 14.72 11.61 19.07 48.42 9.73 19.24 22.73 18.22 24.24 23.94 17.31 30.22 14.97 13.34 21.17 18.14 26.55 12.7 19.2 27.51 15.7 32.15 17.86 7.63 7.63 27.55 21.28 10.47 21.76 12.25 12.59 27.74 17.54 28.77 29.34 12.21 16.18 16.3 30.07 9.32 23.49 29.94 7.32 37.31 21.84 25.23 17.54 16.24 34.29 14.91 28.92 26.11 16.61 11.8 26.17 26.22 22.09 0 25.68 34.78 
90.9 28.86 15.33 36.68 73.87 35.41 22.25 47.22 35.57 48.76 41.89 14 50.81 25.33 26.79 28.38 43.8 27.2 27.65 10.5 18.37 41.37 53.31 29.44 22.98 20.69 47.84 46.89 22.14 9.87 30.57 30.57 53.41 29.65 50.78 47.63 14.9 34.69 27 55.08 30.16 42.63 17.09 32.81 12.97 47.21 23.25 29.75 39.68 58.07 32.83 54.58 23.17 34.16 24.13 51.53 23.82 11.67 25.68 0 58.65 
58.46 31.49 46.3 24.35 19.2 26.8 41 12.13 25.27 10.7 21.06 52.08 12.69 35.06 33.11 36.67 19.71 43.33 31.83 49.39 59.32 21.62 10.51 32.79 35.68 42.22 14.6 21.12 36.81 51.44 28.52 28.62 16.11 32.31 9.75 18.35 46.91 25.13 34.41 7.6 28.49 19.16 55.19 27.72 67.94 23.4 45.47 32.2 19.02 15.25 26.86 18.3 59.99 26.09 35.05 22.85 46.03 50.7 34.78 58.65 0 
0	5000
0	128
0	153
0	207
0	329
0	402
0	443
0	514
0	569
0	613
0	645
0	706
0	770
0	817
0	846
0	887
0	942
0	1000
0	1031
0	1055
0	1066
0	1113
0	1136
0	1161
0	1172
0	1184
0	1220
0	1244
0	1273
0	1288
0	1310
0	1319
0	1347
0	1381
0	1404
0	1413
0	1453
0	1479
0	1488
0	1521
0	1546
0	1561
0	1597
0	1633
0	1677
0	1736
0	1780
0	1793
0	1809
0	1828
0	1854
0	1884
0	1938
0	1975
0	1989
0	2018
0	2067
0	2079
0	2101
0	2127
0	2185
C:
0 3 3 3 3 3 3 3 3 3 3 3 3 3 3 3 3 3 3 3 3 3 3 3 3 3 3 3 3 3 3 3 3 3 3 3 3 3 3 3 3 3 3 3 3 3 3 3 3 3 3 3 3 3 3 3 3 3 3 3 3 3 
1 0 1 1 1 1 1 1 1 1 1 1 1 1 1 1 1 1 1 1 1 1 1 1 1 1 1 1 1 1 1 1 1 1 1 1 1 1 1 1 1 1 1 1 1 1 1 1 1 1 1 1 1 1 1 1 1 1 1 1 1 1 
2 2 0 2 2 2 2 2 2 2 2 2 2 2 2 2 2 2 2 2 2 2 2 2 2 2 2 2 2 2 2 2 2 2 2 2 2 2 2 2 2 2 2 2 2 2 2 2 2 2 2 2 2 2 2 2 2 2 2 2 2 2 
1 1 1 0 1 1 1 1 1 1 1 1 1 1 1 1 1 1 1 1 1 1 1 1 1 1 1 1 1 1 1 1 1 1 1 1 1 1 1 1 1 1 1 1 1 1 1 1 1 1 1 1 1 1 1 1 1 1 1 1 1 1 
3 3 3 3 0 3 3 3 3 3 3 3 3 3 3 3 3 3 3 3 3 3 3 3 3 3 3 3 3 3 3 3 3 3 3 3 3 3 3 3 3 3 3 3 3 3 3 3 3 3 3 3 3 3 3 3 3 3 3 3 3 3 
1 1 1 1 1 0 1 1 1 1 1 1 1 1 1 1 1 1 1 1 1 1 1 1 1 1 1 1 1 1 1 1 1 1 1 1 1 1 1 1 1 1 1 1 1 1 1 1 1 1 1 1 1 1 1 1 1 1 1 1 1 1 
2 2 2 2 2 2 0 2 2 2 2 2 2 2 2 2 2 2 2 2 2 2 2 2 2 2 2 2 2 2 2 2 2 2 2 2 2 2 2 2 2 2 2 2 2 2 2 2 2 2 2 2 2 2 2 2 2 2 2 2 2 2 
2 2 2 2 2 2 2 0 2 2 2 2 2 2 2 2 2 2 2 2 2 2 2 2 2 2 2 2 2 2 2 2 2 2 2 2 2 2 2 2 2 2 2 2 2 2 2 2 2 2 2 2 2 2 2 2 2 2 2 2 2 2 
1 1 1 1 1 1 1 1 0 1 1 1 1 1 1 1 1 1 1 1 1 1 1 1 1 1 1 1 1 1 1 1 1 1 1 1 1 1 1 1 1 1 1 1 1 1 1 1 1 1 1 1 1 1 1 1 1 1 1 1 1 1 
2 2 2 2 2 2 2 2 2 0 2 2 2 2 2 2 2 2 2 2 2 2 2 2 2 2 2 2 2 2 2 2 2 2 2 2 2 2 2 2 2 2 2 2 2 2 2 2 2 2 2 2 2 2 2 2 2 2 2 2 2 2 
1 1 1 1 1 1 1 1 1 1 0 1 1 1 1 1 1 1 1 1 1 1 1 1 1 1 1 1 1 1 1 1 1 1 1 1 1 1 1 1 1 1 1 1 1 1 1 1 1 1 1 1 1 1 1 1 1 1 1 1 1 1 
3 3 3 3 3 3 3 3 3 3 3 0 3 3 3 3 3 3 3 3 3 3 3 3 3 3 3 3 3 3 3 3 3 3 3 3 3 3 3 3 3 3 3 3 3 3 3 3 3 3 3 3 3 3 3 3 3 3 3 3 3 3 
2 2 2 2 2 2 2 2 2 2 2 2 0 2 2 2 2 2 2 2 2 2 2 2 2 2 2 2 2 2 2 2 2 2 2 2 2 2 2 2 2 2 2 2 2 2 2 2 2 2 2 2 2 2 2 2 2 2 2 2 2 2 
1 1 1 1 1 1 1 1 1 1 1 1 1 0 1 1 1 1 1 1 1 1 1 1 1 1 1 1 1 1 1 1 1 1 1 1 1 1 1 1 1 1 1 1 1 1 1 1 1 1 1 1 1 1 1 1 1 1 1 1 1 1 
1 1 1 1 1 1 1 1 1 1 1 1 1 1 0 1 1 1 1 1 1 1 1 1 1 1 1 1 1 1 1 1 1 1 1 1 1 1 1 1 1 1 1 1 1 1 1 1 1 1 1 1 1 1 1 1 1 1 1 1 1 1 
1 1 1 1 1 1 1 1 1 1 1 1 1 1 1 0 1 1 1 1 1 1 1 1 1 1 1 1 1 1 1 1 1 1 1 1 1 1 1 1 1 1 1 1 1 1 1 1 1 1 1 1 1 1 1 1 1 1 1 1 1 1 
2 2 2 2 2 2 2 2 2 2 2 2 2 2 2 2 0 2 2 2 2 2 2 2 2 2 2 2 2 2 2 2 2 2 2 2 2 2 2 2 2 2 2 2 2 2 2 2 2 2 2 2 2 2 2 2 2 2 2 2 2 2 
2 2 2 2 2 2 2 2 2 2 2 2 2 2 2 2 2 0 2 2 2 2 2 2 2 2 2 2 2 2 2 2 2 2 2 2 2 2 2 2 2 2 2 2 2 2 2 2 2 2 2 2 2 2 2 2 2 2 2 2 2 2 
1 1 1 1 1 1 1 1 1 1 1 1 1 1 1 1 1 1 0 1 1 1 1 1 1 1 1 1 1 1 1 1 1 1 1 1 1 1 1 1 1 1 1 1 1 1 1 1 1 1 1 1 1 1 1 1 1 1 1 1 1 1 
2 2 2 2 2 2 2 2 2 2 2 2 2 2 2 2 2 2 2 0 2 2 2 2 2 2 2 2 2 2 2 2 2 2 2 2 2 2 2 2 2 2 2 2 2 2 2 2 2 2 2 2 2 2 2 2 2 2 2 2 2 2 
3 3 3 3 3 3 3 3 3 3 3 3 3 3 3 3 3 3 3 3 0 3 3 3 3 3 3 3 3 3 3 3 3 3 3 3 3 3 3 3 3 3 3 3 3 3 3 3 3 3 3 3 3 3 3 3 3 3 3 3 3 3 
2 2 2 2 2 2 2 2 2 2 2 2 2 2 2 2 2 2 2 2 2 0 2 2 2 2 2 2 2 2 2 2 2 2 2 2 2 2 2 2 2 2 2 2 2 2 2 2 2 2 2 2 2 2 2 2 2 2 2 2 2 2 
2 2 2 2 2 2 2 2 2 2 2 2 2 2 2 2 2 2 2 2 2 2 0 2 2 2 2 2 2 2 2 2 2 2 2 2 2 2 2 2 2 2 2 2 2 2 2 2 2 2 2 2 2 2 2 2 2 2 2 2 2 2 
1 1 1 1 1 1 1 1 1 1 1 1 1 1 1 1 1 1 1 1 1 1 1 0 1 1 1 1 1 1 1 1 1 1 1 1 1 1 1 1 1 1 1 1 1 1 1 1 1 1 1 1 1 1 1 1 1 1 1 1 1 1 
1 1 1 1 1 1 1 1 1 1 1 1 1 1 1 1 1 1 1 1 1 1 1 1 0 1 1 1 1 1 1 1 1 1 1 1 1 1 1 1 1 1 1 1 1 1 1 1 1 1 1 1 1 1 1 1 1 1 1 1 1 1 
2 2 2 2 2 2 2 2 2 2 2 2 2 2 2 2 2 2 2 2 2 2 2 2 2 0 2 2 2 2 2 2 2 2 2 2 2 2 2 2 2 2 2 2 2 2 2 2 2 2 2 2 2 2 2 2 2 2 2 2 2 2 
2 2 2 2 2 2 2 2 2 2 2 2 2 2 2 2 2 2 2 2 2 2 2 2 2 2 0 2 2 2 2 2 2 2 2 2 2 2 2 2 2 2 2 2 2 2 2 2 2 2 2 2 2 2 2 2 2 2 2 2 2 2 
2 2 2 2 2 2 2 2 2 2 2 2 2 2 2 2 2 2 2 2 2 2 2 2 2 2 2 0 2 2 2 2 2 2 2 2 2 2 2 2 2 2 2 2 2 2 2 2 2 2 2 2 2 2 2 2 2 2 2 2 2 2 
1 1 1 1 1 1 1 1 1 1 1 1 1 1 1 1 1 1 1 1 1 1 1 1 1 1 1 1 0 1 1 1 1 1 1 1 1 1 1 1 1 1 1 1 1 1 1 1 1 1 1 1 1 1 1 1 1 1 1 1 1 1 
2 2 2 2 2 2 2 2 2 2 2 2 2 2 2 2 2 2 2 2 2 2 2 2 2 2 2 2 2 0 2 2 2 2 2 2 2 2 2 2 2 2 2 2 2 2 2 2 2 2 2 2 2 2 2 2 2 2 2 2 2 2 
1 1 1 1 1 1 1 1 1 1 1 1 1 1 1 1 1 1 1 1 1 1 1 1 1 1 1 1 1 1 0 1 1 1 1 1 1 1 1 1 1 1 1 1 1 1 1 1 1 1 1 1 1 1 1 1 1 1 1 1 1 1 
1 1 1 1 1 1 1 1 1 1 1 1 1 1 1 1 1 1 1 1 1 1 1 1 1 1 1 1 1 1 1 0 1 1 1 1 1 1 1 1 1 1 1 1 1 1 1 1 1 1 1 1 1 1 1 1 1 1 1 1 1 1 
3 3 3 3 3 3 3 3 3 3 3 3 3 3 3 3 3 3 3 3 3 3 3 3 3 3 3 3 3 3 3 3 0 3 3 3 3 3 3 3 3 3 3 3 3 3 3 3 3 3 3 3 3 3 3 3 3 3 3 3 3 3 
1 1 1 1 1 1 1 1 1 1 1 1 1 1 1 1 1 1 1 1 1 1 1 1 1 1 1 1 1 1 1 1 1 0 1 1 1 1 1 1 1 1 1 1 1 1 1 1 1 1 1 1 1 1 1 1 1 1 1 1 1 1 
2 2 2 2 2 2 2 2 2 2 2 2 2 2 2 2 2 2 2 2 2 2 2 2 2 2 2 2 2 2 2 2 2 2 0 2 2 2 2 2 2 2 2 2 2 2 2 2 2 2 2 2 2 2 2 2 2 2 2 2 2 2 
2 2 2 2 2 2 2 2 2 2 2 2 2 2 2 2 2 2 2 2 2 2 2 2 2 2 2 2 2 2 2 2 2 2 2 0 2 2 2 2 2 2 2 2 2 2 2 2 2 2 2 2 2 2 2 2 2 2 2 2 2 2 
2 2 2 2 2 2 2 2 2 2 2 2 2 2 2 2 2 2 2 2 2 2 2 2 2 2 2 2 2 2 2 2 2 2 2 2 0 2 2 2 2 2 2 2 2 2 2 2 2 2 2 2 2 2 2 2 2 2 2 2 2 2 
1 1 1 1 1 1 1 1 1 1 1 1 1 1 1 1 1 1 1 1 1 1 1 1 1 1 1 1 1 1 1 1 1 1 1 1 1 0 1 1 1 1 1 1 1 1 1 1 1 1 1 1 1 1 1 1 1 1 1 1 1 1 
1 1 1 1 1 1 1 1 1 1 1 1 1 1 1 1 1 1 1 1 1 1 1 1 1 1 1 1 1 1 1 1 1 1 1 1 1 1 0 1 1 1 1 1 1 1 1 1 1 1 1 1 1 1 1 1 1 1 1 1 1 1 
3 3 3 3 3 3 3 3 3 3 3 3 3 3 3 3 3 3 3 3 3 3 3 3 3 3 3 3 3 3 3 3 3 3 3 3 3 3 3 0 3 3 3 3 3 3 3 3 3 3 3 3 3 3 3 3 3 3 3 3 3 3 
1 1 1 1 1 1 1 1 1 1 1 1 1 1 1 1 1 1 1 1 1 1 1 1 1 1 1 1 1 1 1 1 1 1 1 1 1 1 1 1 0 1 1 1 1 1 1 1 1 1 1 1 1 1 1 1 1 1 1 1 1 1 
1 1 1 1 1 1 1 1 1 1 1 1 1 1 1 1 1 1 1 1 1 1 1 1 1 1 1 1 1 1 1 1 1 1 1 1 1 1 1 1 1 0 1 1 1 1 1 1 1 1 1 1 1 1 1 1 1 1 1 1 1 1 
3 3 3 3 3 3 3 3 3 3 3 3 3 3 3 3 3 3 3 3 3 3 3 3 3 3 3 3 3 3 3 3 3 3 3 3 3 3 3 3 3 3 0 3 3 3 3 3 3 3 3 3 3 3 3 3 3 3 3 3 3 3 
1 1 1 1 1 1 1 1 1 1 1 1 1 1 1 1 1 1 1 1 1 1 1 1 1 1 1 1 1 1 1 1 1 1 1 1 1 1 1 1 1 1 1 0 1 1 1 1 1 1 1 1 1 1 1 1 1 1 1 1 1 1 
3 3 3 3 3 3 3 3 3 3 3 3 3 3 3 3 3 3 3 3 3 3 3 3 3 3 3 3 3 3 3 3 3 3 3 3 3 3 3 3 3 3 3 3 0 3 3 3 3 3 3 3 3 3 3 3 3 3 3 3 3 3 
2 2 2 2 2 2 2 2 2 2 2 2 2 2 2 2 2 2 2 2 2 2 2 2 2 2 2 2 2 2 2 2 2 2 2 2 2 2 2 2 2 2 2 2 2 0 2 2 2 2 2 2 2 2 2 2 2 2 2 2 2 2 
2 2 2 2 2 2 2 2 2 2 2 2 2 2 2 2 2 2 2 2 2 2 2 2 2 2 2 2 2 2 2 2 2 2 2 2 2 2 2 2 2 2 2 2 2 2 0 2 2 2 2 2 2 2 2 2 2 2 2 2 2 2 
1 1 1 1 1 1 1 1 1 1 1 1 1 1 1 1 1 1 1 1 1 1 1 1 1 1 1 1 1 1 1 1 1 1 1 1 1 1 1 1 1 1 1 1 1 1 1 0 1 1 1 1 1 1 1 1 1 1 1 1 1 1 
1 1 1 1 1 1 1 1 1 1 1 1 1 1 1 1 1 1 1 1 1 1 1 1 1 1 1 1 1 1 1 1 1 1 1 1 1 1 1 1 1 1 1 1 1 1 1 1 0 1 1 1 1 1 1 1 1 1 1 1 1 1 
3 3 3 3 3 3 3 3 3 3 3 3 3 3 3 3 3 3 3 3 3 3 3 3 3 3 3 3 3 3 3 3 3 3 3 3 3 3 3 3 3 3 3 3 3 3 3 3 3 0 3 3 3 3 3 3 3 3 3 3 3 3 
1 1 1 1 1 1 1 1 1 1 1 1 1 1 1 1 1 1 1 1 1 1 1 1 1 1 1 1 1 1 1 1 1 1 1 1 1 1 1 1 1 1 1 1 1 1 1 1 1 1 0 1 1 1 1 1 1 1 1 1 1 1 
3 3 3 3 3 3 3 3 3 3 3 3 3 3 3 3 3 3 3 3 3 3 3 3 3 3 3 3 3 3 3 3 3 3 3 3 3 3 3 3 3 3 3 3 3 3 3 3 3 3 3 0 3 3 3 3 3 3 3 3 3 3 
3 3 3 3 3 3 3 3 3 3 3 3 3 3 3 3 3 3 3 3 3 3 3 3 3 3 3 3 3 3 3 3 3 3 3 3 3 3 3 3 3 3 3 3 3 3 3 3 3 3 3 3 0 3 3 3 3 3 3 3 3 3 
1 1 1 1 1 1 1 1 1 1 1 1 1 1 1 1 1 1 1 1 1 1 1 1 1 1 1 1 1 1 1 1 1 1 1 1 1 1 1 1 1 1 1 1 1 1 1 1 1 1 1 1 1 0 1 1 1 1 1 1 1 1 
1 1 1 1 1 1 1 1 1 1 1 1 1 1 1 1 1 1 1 1 1 1 1 1 1 1 1 1 1 1 1 1 1 1 1 1 1 1 1 1 1 1 1 1 1 1 1 1 1 1 1 1 1 1 0 1 1 1 1 1 1 1 
3 3 3 3 3 3 3 3 3 3 3 3 3 3 3 3 3 3 3 3 3 3 3 3 3 3 3 3 3 3 3 3 3 3 3 3 3 3 3 3 3 3 3 3 3 3 3 3 3 3 3 3 3 3 3 0 3 3 3 3 3 3 
2 2 2 2 2 2 2 2 2 2 2 2 2 2 2 2 2 2 2 2 2 2 2 2 2 2 2 2 2 2 2 2 2 2 2 2 2 2 2 2 2 2 2 2 2 2 2 2 2 2 2 2 2 2 2 2 0 2 2 2 2 2 
2 2 2 2 2 2 2 2 2 2 2 2 2 2 2 2 2 2 2 2 2 2 2 2 2 2 2 2 2 2 2 2 2 2 2 2 2 2 2 2 2 2 2 2 2 2 2 2 2 2 2 2 2 2 2 2 2 0 2 2 2 2 
1 1 1 1 1 1 1 1 1 1 1 1 1 1 1 1 1 1 1 1 1 1 1 1 1 1 1 1 1 1 1 1 1 1 1 1 1 1 1 1 1 1 1 1 1 1 1 1 1 1 1 1 1 1 1 1 1 1 0 1 1 1 
3 3 3 3 3 3 3 3 3 3 3 3 3 3 3 3 3 3 3 3 3 3 3 3 3 3 3 3 3 3 3 3 3 3 3 3 3 3 3 3 3 3 3 3 3 3 3 3 3 3 3 3 3 3 3 3 3 3 3 0 3 3 
3 3 3 3 3 3 3 3 3 3 3 3 3 3 3 3 3 3 3 3 3 3 3 3 3 3 3 3 3 3 3 3 3 3 3 3 3 3 3 3 3 3 3 3 3 3 3 3 3 3 3 3 3 3 3 3 3 3 3 3 0 3 
3 3 3 3 3 3 3 3 3 3 3 3 3 3 3 3 3 3 3 3 3 3 3 3 3 3 3 3 3 3 3 3 3 3 3 3 3 3 3 3 3 3 3 3 3 3 3 3 3 3 3 3 3 3 3 3 3 3 3 3 3 0 
Time:
0	15
15	30
30	45
45	60
60	75
75	90
90	105
105	120
120	135
135	150
150	165
165	180
180	195
195	210
210	225
225	240
240	255
255	270
270	285
285	300
300	315
315	330
330	345
345	360
360	375
375	390
390	405
405	420
420	435
435	450
450	465
465	480
480	495
495	510
510	525
525	540
540	555
555	570
570	585
585	600
600	615
615	630
630	645
645	660
660	675
675	690
690	705
705	720
720	735
735	750
750	765
765	780
780	795
795	810
810	825
825	840
840	855
855	870
870	885
885	900
900	915
915	930
930	945
945	960
960	975
975	990
990	1005
1005	1020
1020	1035
1035	1050
1050	1065
1065	1080
1080	5000
Speed:
0.925	0.85	0.925	1	0.8325	0.765	0.8325	0.9	0.4625	0.425	0.4625	0.5	0.30525	0.2805	0.30525	0.33	0.37	0.34	0.37	0.4	0.555	0.51	0.555	0.6	0.6475	0.595	0.6475	0.7	0.37	0.34	0.37	0.4	0.30525	0.2805	0.30525	0.33	0.4625	0.425	0.4625	0.5	0.6475	0.595	0.6475	0.7	0.74	0.68	0.74	0.8	0.6475	0.595	0.6475	0.7	0.4625	0.425	0.4625	0.5	0.555	0.51	0.555	0.6	0.6475	0.595	0.6475	0.7	0.8325	0.765	0.8325	0.9	0.925	0.85	0.925	1	1	
0.925	0.85	0.925	1	0.8325	0.765	0.8325	0.9	0.4625	0.425	0.4625	0.5	0.30525	0.2805	0.30525	0.33	0.37	0.34	0.37	0.4	0.555	0.51	0.555	0.6	0.6475	0.595	0.6475	0.7	0.37	0.34	0.37	0.4	0.30525	0.2805	0.30525	0.33	0.4625	0.425	0.4625	0.5	0.6475	0.595	0.6475	0.7	0.74	0.68	0.74	0.8	0.6475	0.595	0.6475	0.7	0.4625	0.425	0.4625	0.5	0.555	0.51	0.555	0.6	0.6475	0.595	0.6475	0.7	0.8325	0.765	0.8325	0.9	0.925	0.85	0.925	1	1	
0.925	0.85	0.925	1	0.8325	0.765	0.8325	0.9	0.4625	0.425	0.4625	0.5	0.30525	0.2805	0.30525	0.33	0.37	0.34	0.37	0.4	0.555	0.51	0.555	0.6	0.6475	0.595	0.6475	0.7	0.37	0.34	0.37	0.4	0.30525	0.2805	0.30525	0.33	0.4625	0.425	0.4625	0.5	0.6475	0.595	0.6475	0.7	0.74	0.68	0.74	0.8	0.6475	0.595	0.6475	0.7	0.4625	0.425	0.4625	0.5	0.555	0.51	0.555	0.6	0.6475	0.595	0.6475	0.7	0.8325	0.765	0.8325	0.9	0.925	0.85	0.925	1	1	
