{"cluster_count": 3, "cluster_speeds": [[0.35, 1.0, 0.35], [0.4, 1.0, 0.4], [0.5, 1.0, 0.5]], "clusters": [[-1, 2, 2, 2, 2, 2, 2, 2, 2, 2, 2, 2, 2, 2, 2, 2, -1], [0, -1, 0, 0, 0, 0, 0, 0, 0, 0, 0, 0, 0, 0, 0, 0, 0], [0, 0, -1, 0, 0, 0, 0, 0, 0, 0, 0, 0, 0, 0, 0, 0, 0], [0, 0, 0, -1, 0, 0, 0, 0, 0, 0, 0, 0, 0, 0, 0, 0, 0], [0, 0, 0, 0, -1, 0, 0, 0, 0, 0, 0, 0, 0, 0, 0, 0, 0], [0, 0, 0, 0, 0, -1, 0, 0, 0, 0, 0, 0, 0, 0, 0, 0, 0], [0, 0, 0, 0, 0, 0, -1, 0, 0, 0, 0, 0, 0, 0, 0, 0, 0], [0, 0, 0, 0, 0, 0, 0, -1, 0, 0, 0, 0, 0, 0, 0, 0, 0], [0, 0, 0, 0, 0, 0, 0, 0, -1, 0, 0, 0, 0, 0, 0, 0, 0], [0, 0, 0, 0, 0, 0, 0, 0, 0, -1, 0, 0, 0, 0, 0, 0, 0], [0, 0, 0, 0, 0, 0, 0, 0, 0, 0, -1, 0, 0, 0, 0, 0, 0], [0, 0, 0, 0, 0, 0, 0, 0, 0, 0, 0, -1, 0, 0, 0, 0, 0], [0, 0, 0, 0, 0, 0, 0, 0, 0, 0, 0, 0, -1, 0, 0, 0, 0], [0, 0, 0, 0, 0, 0, 0, 0, 0, 0, 0, 0, 0, -1, 0, 0, 0], [1, 1, 1, 1, 1, 1, 1, 1, 1, 1, 1, 1, 1, 1, -1, 1, 1], [0, 0, 0, 0, 0, 0, 0, 0, 0, 0, 0, 0, 0, 0, 0, -1, 0], [-1, 2, 2, 2, 2, 2, 2, 2, 2, 2, 2, 2, 2, 2, 2, 2, -1]], "dataset_name": "guerriero_et_al_2014", "digraph": {"arc_count": 240, "arcs": [[0, 1, 1, 1, 1, 1, 1, 1, 1, 1, 1, 1, 1, 1, 1, 1, 0], [0, 0, 1, 1, 1, 1, 1, 1, 1, 1, 1, 1, 1, 1, 1, 1, 1], [0, 1, 0, 1, 1, 1, 1, 1, 1, 1, 1, 1, 1, 1, 1, 1, 1], [0, 1, 1, 0, 1, 1, 1, 1, 1, 1, 1, 1, 1, 1, 1, 1, 1], [0, 1, 1, 1, 0, 1, 1, 1, 1, 1, 1, 1, 1, 1, 1, 1, 1], [0, 1, 1, 1, 1, 0, 1, 1, 1, 1, 1, 1, 1, 1, 1, 1, 1], [0, 1, 1, 1, 1, 1, 0, 1, 1, 1, 1, 1, 1, 1, 1, 1, 1], [0, 1, 1, 1, 1, 1, 1, 0, 1, 1, 1, 1, 1, 1, 1, 1, 1], [0, 1, 1, 1, 1, 1, 1, 1, 0, 1, 1, 1, 1, 1, 1, 1, 1], [0, 1, 1, 1, 1, 1, 1, 1, 1, 0, 1, 1, 1, 1, 1, 1, 1], [0, 1, 1, 1, 1, 1, 1, 1, 1, 1, 0, 1, 1, 1, 1, 1, 1], [0, 1, 1, 1, 1, 1, 1, 1, 1, 1, 1, 0, 1, 1, 1, 1, 1], [0, 1, 1, 1, 1, 1, 1, 1, 1, 1, 1, 1, 0, 1, 1, 1, 1], [0, 1, 1, 1, 1, 1, 1, 1, 1, 1, 1, 1, 1, 0, 1, 1, 1], [0, 1, 1, 1, 1, 1, 1, 1, 1, 1, 1, 1, 1, 1, 0, 1, 1], [0, 1, 1, 1, 1, 1, 1, 1, 1, 1, 1, 1, 1, 1, 1, 0, 1], [0, 0, 0, 0, 0, 0, 0, 0, 0, 0, 0, 0, 0, 0, 0, 0, 0]], "vertex_count": 17}, "distances": [[0, 82.05, 71.83, 67.82, 58.97, 72.36, 71.75, 74.55, 71.76, 78.54, 75.89, 58.73, 75.66, 66.91, 84.3, 67.42, 0], [0, 0.0, 11.89, 17.71, 27.24, 13.09, 12.44, 12.04, 18.04, 7.51, 9.5, 25.96, 8.48, 15.48, 4.58, 22.26, 82.05], [0, 11.89, 0.0, 15.88, 22.65, 13.93, 12.2, 23.7, 19.5, 13.87, 13.23, 20.51, 11.69, 9.82, 12.71, 21.61, 71.83], [0, 17.71, 15.88, 0.0, 9.81, 4.92, 5.28, 19.76, 5.35, 11.54, 8.82, 9.2, 9.33, 6.65, 21.82, 5.73, 67.82], [0, 27.24, 22.65, 9.81, 0.0, 14.74, 14.89, 26.73, 12.83, 21.36, 18.63, 18.04, 19.05, 13.04, 31.09, 8.53, 58.97], [0, 13.09, 13.93, 4.92, 14.74, 0.0, 8.78, 17.35, 5.73, 6.62, 13.74, 14.02, 4.6, 7.34, 17.4, 9.24, 72.36], [0, 12.44, 12.2, 5.28, 14.89, 8.78, 0.0, 15.7, 7.35, 6.81, 14.1, 13.87, 4.18, 5.85, 16.56, 10.34, 71.75], [0, 12.04, 23.7, 19.76, 26.73, 17.35, 15.7, 0.0, 23.04, 16.03, 15.99, 24.57, 14.4, 13.88, 11.32, 25.47, 74.55], [0, 18.04, 19.5, 5.35, 12.83, 5.73, 7.35, 23.04, 0.0, 10.73, 8.57, 13.16, 9.83, 11.44, 22.54, 4.89, 71.76], [0, 7.51, 13.87, 11.54, 21.36, 6.62, 6.81, 16.03, 10.73, 0.0, 17.01, 20.57, 10.99, 11.96, 12.09, 15.24, 78.54], [0, 9.5, 13.23, 8.82, 18.63, 13.74, 14.1, 15.99, 8.57, 17.01, 0.0, 17.83, 17.99, 9.6, 13.98, 12.8, 75.89], [0, 25.96, 20.51, 9.2, 18.04, 14.02, 13.87, 24.57, 13.16, 20.57, 17.83, 0.0, 18.04, 11.15, 29.61, 9.51, 58.73], [0, 8.48, 11.69, 9.33, 19.05, 4.6, 4.18, 14.4, 9.83, 10.99, 17.99, 18.04, 0.0, 8.96, 12.83, 13.8, 75.66], [0, 15.48, 9.82, 6.65, 13.04, 7.34, 5.85, 13.88, 11.44, 11.96, 9.6, 11.15, 8.96, 0.0, 18.7, 12.24, 66.91], [0, 4.58, 12.71, 21.82, 31.09, 17.4, 16.56, 11.32, 22.54, 12.09, 13.98, 29.61, 12.83, 18.7, 0.0, 26.63, 84.3], [0, 22.26, 21.61, 5.73, 8.53, 9.24, 10.34, 25.47, 4.89, 15.24, 12.8, 9.51, 13.8, 12.24, 26.63, 0.0, 67.42], [0, 0, 0, 0, 0, 0, 0, 0, 0, 0, 0, 0, 0, 0, 0, 0, 0]], "end_depot": 16, "horizon": [0.0, 1621.15], "instance_name": "15_70_B_A10", "speed_zone_count": 3, "speed_zones": [[0.0, 407.05], [407.05, 814.1], [814.1, 1621.15]], "start_depot": 0, "time_windows": [[0.0, 1621.15], [91.0, 241.0], [103.0, 303.0], [187.0, 387.0], [222.0, 422.0], [358.0, 558.0], [392.0, 592.0], [421.0, 621.0], [515.0, 715.0], [629.0, 829.0], [698.0, 898.0], [727.0, 927.0], [791.0, 991.0], [819.0, 1019.0], [894.0, 1094.0], [907.0, 1107.0], [0.0, 1621.15]], "vehicle_count": 1}