{"cluster_count": 3, "cluster_speeds": [[0.5, 1.0, 0.5], [0.35, 1.0, 0.35], [0.475, 1.0, 0.475]], "clusters": [[-1, 2, 2, 2, 2, 2, 2, 2, 2, 2, 2, 2, 2, 2, 2, 2, -1], [0, -1, 0, 0, 0, 0, 0, 0, 0, 0, 0, 0, 0, 0, 0, 0, 0], [0, 0, -1, 0, 0, 0, 0, 0, 0, 0, 0, 0, 0, 0, 0, 0, 0], [1, 1, 1, -1, 1, 1, 1, 1, 1, 1, 1, 1, 1, 1, 1, 1, 1], [0, 0, 0, 0, -1, 0, 0, 0, 0, 0, 0, 0, 0, 0, 0, 0, 0], [0, 0, 0, 0, 0, -1, 0, 0, 0, 0, 0, 0, 0, 0, 0, 0, 0], [0, 0, 0, 0, 0, 0, -1, 0, 0, 0, 0, 0, 0, 0, 0, 0, 0], [0, 0, 0, 0, 0, 0, 0, -1, 0, 0, 0, 0, 0, 0, 0, 0, 0], [1, 1, 1, 1, 1, 1, 1, 1, -1, 1, 1, 1, 1, 1, 1, 1, 1], [0, 0, 0, 0, 0, 0, 0, 0, 0, -1, 0, 0, 0, 0, 0, 0, 0], [0, 0, 0, 0, 0, 0, 0, 0, 0, 0, -1, 0, 0, 0, 0, 0, 0], [1, 1, 1, 1, 1, 1, 1, 1, 1, 1, 1, -1, 1, 1, 1, 1, 1], [0, 0, 0, 0, 0, 0, 0, 0, 0, 0, 0, 0, -1, 0, 0, 0, 0], [2, 2, 2, 2, 2, 2, 2, 2, 2, 2, 2, 2, 2, -1, 2, 2, 2], [0, 0, 0, 0, 0, 0, 0, 0, 0, 0, 0, 0, 0, 0, -1, 0, 0], [0, 0, 0, 0, 0, 0, 0, 0, 0, 0, 0, 0, 0, 0, 0, -1, 0], [-1, 2, 2, 2, 2, 2, 2, 2, 2, 2, 2, 2, 2, 2, 2, 2, -1]], "dataset_name": "guerriero_et_al_2014", "digraph": {"arc_count": 240, "arcs": [[0, 1, 1, 1, 1, 1, 1, 1, 1, 1, 1, 1, 1, 1, 1, 1, 0], [0, 0, 1, 1, 1, 1, 1, 1, 1, 1, 1, 1, 1, 1, 1, 1, 1], [0, 1, 0, 1, 1, 1, 1, 1, 1, 1, 1, 1, 1, 1, 1, 1, 1], [0, 1, 1, 0, 1, 1, 1, 1, 1, 1, 1, 1, 1, 1, 1, 1, 1], [0, 1, 1, 1, 0, 1, 1, 1, 1, 1, 1, 1, 1, 1, 1, 1, 1], [0, 1, 1, 1, 1, 0, 1, 1, 1, 1, 1, 1, 1, 1, 1, 1, 1], [0, 1, 1, 1, 1, 1, 0, 1, 1, 1, 1, 1, 1, 1, 1, 1, 1], [0, 1, 1, 1, 1, 1, 1, 0, 1, 1, 1, 1, 1, 1, 1, 1, 1], [0, 1, 1, 1, 1, 1, 1, 1, 0, 1, 1, 1, 1, 1, 1, 1, 1], [0, 1, 1, 1, 1, 1, 1, 1, 1, 0, 1, 1, 1, 1, 1, 1, 1], [0, 1, 1, 1, 1, 1, 1, 1, 1, 1, 0, 1, 1, 1, 1, 1, 1], [0, 1, 1, 1, 1, 1, 1, 1, 1, 1, 1, 0, 1, 1, 1, 1, 1], [0, 1, 1, 1, 1, 1, 1, 1, 1, 1, 1, 1, 0, 1, 1, 1, 1], [0, 1, 1, 1, 1, 1, 1, 1, 1, 1, 1, 1, 1, 0, 1, 1, 1], [0, 1, 1, 1, 1, 1, 1, 1, 1, 1, 1, 1, 1, 1, 0, 1, 1], [0, 1, 1, 1, 1, 1, 1, 1, 1, 1, 1, 1, 1, 1, 1, 0, 1], [0, 0, 0, 0, 0, 0, 0, 0, 0, 0, 0, 0, 0, 0, 0, 0, 0]], "vertex_count": 17}, "distances": [[0, 56.17, 79.88, 75.12, 68.75, 66.72, 65.24, 68.5, 80.27, 73.78, 66.01, 86.9, 60.91, 97.11, 73.52, 77.07, 0], [0, 0.0, 23.72, 23.58, 13.12, 14.92, 10.26, 13.97, 26.87, 19.64, 10.2, 30.79, 5.16, 41.21, 18.02, 24.18, 56.17], [0, 23.72, 0.0, 18.15, 12.29, 17.7, 15.47, 14.23, 14.97, 12.69, 14.4, 7.66, 19.23, 18.41, 8.12, 15.56, 79.88], [0, 23.58, 18.15, 0.0, 12.91, 28.62, 22.86, 10.34, 5.99, 6.21, 15.19, 19.3, 18.78, 25.56, 21.71, 11.22, 75.12], [0, 13.12, 12.29, 12.91, 0.0, 15.84, 9.95, 13.02, 14.44, 7.34, 13.14, 18.33, 8.01, 28.36, 10.77, 12.34, 68.75], [0, 14.92, 17.7, 28.62, 15.84, 0.0, 6.33, 18.83, 28.83, 22.62, 14.33, 25.23, 14.4, 35.82, 9.59, 27.53, 66.72], [0, 10.26, 15.47, 22.86, 9.95, 6.33, 0.0, 12.76, 23.83, 17.11, 8.09, 23.08, 8.37, 33.83, 8.28, 22.12, 65.24], [0, 13.97, 14.23, 10.34, 13.02, 18.83, 12.76, 0.0, 12.9, 5.68, 4.86, 19.37, 8.87, 28.81, 13.81, 10.33, 68.5], [0, 26.87, 14.97, 5.99, 14.44, 28.83, 23.83, 12.9, 0.0, 7.25, 17.25, 14.17, 21.77, 19.58, 20.52, 12.26, 80.27], [0, 19.64, 12.69, 6.21, 7.34, 22.62, 17.11, 5.68, 7.25, 0.0, 10.05, 15.71, 14.53, 24.09, 15.51, 5.01, 73.78], [0, 10.2, 14.4, 15.19, 13.14, 14.33, 8.09, 4.86, 17.25, 10.05, 0.0, 20.92, 5.14, 31.13, 11.2, 14.97, 66.01], [0, 30.79, 7.66, 19.3, 18.33, 25.23, 23.08, 19.37, 14.17, 15.71, 20.92, 0.0, 25.99, 10.75, 15.7, 16.25, 86.9], [0, 5.16, 19.23, 18.78, 8.01, 14.4, 8.37, 8.87, 21.77, 14.53, 5.14, 25.99, 0.0, 36.27, 14.61, 19.17, 60.91], [0, 41.21, 18.41, 25.56, 28.36, 35.82, 33.83, 28.81, 19.58, 24.09, 31.13, 10.75, 36.27, 0.0, 26.37, 22.63, 97.11], [0, 18.02, 8.12, 21.71, 10.77, 9.59, 8.28, 13.81, 20.52, 15.51, 11.2, 15.7, 14.61, 26.37, 0.0, 19.92, 73.52], [0, 24.18, 15.56, 11.22, 12.34, 27.53, 22.12, 10.33, 12.26, 5.01, 14.97, 16.25, 19.17, 22.63, 19.92, 0.0, 77.07], [0, 0, 0, 0, 0, 0, 0, 0, 0, 0, 0, 0, 0, 0, 0, 0, 0]], "end_depot": 16, "horizon": [0.0, 1669.06], "instance_name": "15_70_A_B2", "speed_zone_count": 3, "speed_zones": [[0.0, 423.02], [423.02, 846.04], [846.04, 1669.06]], "start_depot": 0, "time_windows": [[0.0, 1669.06], [50.0, 200.0], [182.0, 332.0], [208.0, 358.0], [255.0, 455.0], [274.0, 474.0], [279.0, 479.0], [300.0, 500.0], [410.0, 610.0], [529.0, 729.0], [536.0, 736.0], [648.0, 848.0], [919.0, 1119.0], [922.0, 1122.0], [1005.0, 1205.0], [1059.0, 1259.0], [0.0, 1669.06]], "vehicle_count": 1}