{"cluster_count": 3, "cluster_speeds": [[0.35, 1.0, 0.35], [0.4, 1.0, 0.4], [0.5, 1.0, 0.5]], "clusters": [[-1, 2, 2, 2, 2, 2, 2, 2, 2, 2, 2, 2, 2, 2, 2, 2, -1], [1, -1, 1, 1, 1, 1, 1, 1, 1, 1, 1, 1, 1, 1, 1, 1, 1], [1, 1, -1, 1, 1, 1, 1, 1, 1, 1, 1, 1, 1, 1, 1, 1, 1], [0, 0, 0, -1, 0, 0, 0, 0, 0, 0, 0, 0, 0, 0, 0, 0, 0], [2, 2, 2, 2, -1, 2, 2, 2, 2, 2, 2, 2, 2, 2, 2, 2, 2], [1, 1, 1, 1, 1, -1, 1, 1, 1, 1, 1, 1, 1, 1, 1, 1, 1], [0, 0, 0, 0, 0, 0, -1, 0, 0, 0, 0, 0, 0, 0, 0, 0, 0], [2, 2, 2, 2, 2, 2, 2, -1, 2, 2, 2, 2, 2, 2, 2, 2, 2], [0, 0, 0, 0, 0, 0, 0, 0, -1, 0, 0, 0, 0, 0, 0, 0, 0], [2, 2, 2, 2, 2, 2, 2, 2, 2, -1, 2, 2, 2, 2, 2, 2, 2], [0, 0, 0, 0, 0, 0, 0, 0, 0, 0, -1, 0, 0, 0, 0, 0, 0], [1, 1, 1, 1, 1, 1, 1, 1, 1, 1, 1, -1, 1, 1, 1, 1, 1], [0, 0, 0, 0, 0, 0, 0, 0, 0, 0, 0, 0, -1, 0, 0, 0, 0], [0, 0, 0, 0, 0, 0, 0, 0, 0, 0, 0, 0, 0, -1, 0, 0, 0], [2, 2, 2, 2, 2, 2, 2, 2, 2, 2, 2, 2, 2, 2, -1, 2, 2], [0, 0, 0, 0, 0, 0, 0, 0, 0, 0, 0, 0, 0, 0, 0, -1, 0], [-1, 2, 2, 2, 2, 2, 2, 2, 2, 2, 2, 2, 2, 2, 2, 2, -1]], "dataset_name": "guerriero_et_al_2014", "digraph": {"arc_count": 240, "arcs": [[0, 1, 1, 1, 1, 1, 1, 1, 1, 1, 1, 1, 1, 1, 1, 1, 0], [0, 0, 1, 1, 1, 1, 1, 1, 1, 1, 1, 1, 1, 1, 1, 1, 1], [0, 1, 0, 1, 1, 1, 1, 1, 1, 1, 1, 1, 1, 1, 1, 1, 1], [0, 1, 1, 0, 1, 1, 1, 1, 1, 1, 1, 1, 1, 1, 1, 1, 1], [0, 1, 1, 1, 0, 1, 1, 1, 1, 1, 1, 1, 1, 1, 1, 1, 1], [0, 1, 1, 1, 1, 0, 1, 1, 1, 1, 1, 1, 1, 1, 1, 1, 1], [0, 1, 1, 1, 1, 1, 0, 1, 1, 1, 1, 1, 1, 1, 1, 1, 1], [0, 1, 1, 1, 1, 1, 1, 0, 1, 1, 1, 1, 1, 1, 1, 1, 1], [0, 1, 1, 1, 1, 1, 1, 1, 0, 1, 1, 1, 1, 1, 1, 1, 1], [0, 1, 1, 1, 1, 1, 1, 1, 1, 0, 1, 1, 1, 1, 1, 1, 1], [0, 1, 1, 1, 1, 1, 1, 1, 1, 1, 0, 1, 1, 1, 1, 1, 1], [0, 1, 1, 1, 1, 1, 1, 1, 1, 1, 1, 0, 1, 1, 1, 1, 1], [0, 1, 1, 1, 1, 1, 1, 1, 1, 1, 1, 1, 0, 1, 1, 1, 1], [0, 1, 1, 1, 1, 1, 1, 1, 1, 1, 1, 1, 1, 0, 1, 1, 1], [0, 1, 1, 1, 1, 1, 1, 1, 1, 1, 1, 1, 1, 1, 0, 1, 1], [0, 1, 1, 1, 1, 1, 1, 1, 1, 1, 1, 1, 1, 1, 1, 0, 1], [0, 0, 0, 0, 0, 0, 0, 0, 0, 0, 0, 0, 0, 0, 0, 0, 0]], "vertex_count": 17}, "distances": [[0, 71.96, 47.61, 68.55, 49.02, 85.95, 73.29, 101.16, 59.66, 61.68, 72.31, 73.27, 83.24, 74.55, 46.5, 68.71, 0], [0, 0.0, 26.71, 18.79, 23.0, 32.58, 12.64, 48.01, 17.15, 13.65, 11.07, 34.64, 20.81, 15.8, 25.68, 23.07, 71.96], [0, 26.71, 0.0, 21.38, 10.53, 40.18, 25.69, 56.54, 12.05, 22.4, 24.78, 30.92, 35.7, 26.97, 11.59, 22.52, 47.61], [0, 18.79, 21.38, 0.0, 25.82, 19.42, 7.98, 36.11, 10.3, 26.66, 8.63, 16.09, 14.96, 7.01, 28.52, 4.29, 68.55], [0, 23.0, 10.53, 25.82, 0.0, 45.22, 27.1, 61.92, 15.58, 13.95, 25.68, 38.75, 37.87, 29.39, 22.13, 28.41, 49.02], [0, 32.58, 40.18, 19.42, 45.22, 0.0, 20.48, 16.71, 29.72, 44.1, 22.22, 15.18, 12.95, 17.33, 47.94, 17.67, 85.95], [0, 12.64, 25.69, 7.98, 27.1, 20.48, 0.0, 36.65, 13.64, 23.68, 16.61, 22.49, 10.78, 14.99, 29.98, 11.78, 73.29], [0, 48.01, 56.54, 36.11, 61.92, 16.71, 36.65, 0.0, 46.4, 60.31, 38.38, 28.02, 27.24, 33.63, 64.63, 34.06, 101.16], [0, 17.15, 12.05, 10.3, 15.58, 29.72, 13.64, 46.4, 0.0, 19.29, 12.79, 23.93, 23.78, 15.03, 18.24, 12.9, 59.66], [0, 13.65, 22.4, 26.66, 13.95, 44.1, 23.68, 60.31, 19.29, 0.0, 21.94, 42.4, 33.59, 26.78, 15.74, 30.58, 61.68], [0, 11.07, 24.78, 8.63, 25.68, 22.22, 16.61, 38.38, 12.79, 21.94, 0.0, 23.78, 12.31, 4.92, 28.56, 12.69, 72.31], [0, 34.64, 30.92, 16.09, 38.75, 15.18, 22.49, 28.02, 23.93, 42.4, 23.78, 0.0, 22.22, 19.81, 41.03, 11.9, 73.27], [0, 20.81, 35.7, 14.96, 37.87, 12.95, 10.78, 27.24, 23.78, 33.59, 12.31, 22.22, 0.0, 8.75, 40.75, 16.37, 83.24], [0, 15.8, 26.97, 7.01, 29.39, 17.33, 14.99, 33.63, 15.03, 26.78, 4.92, 19.81, 8.75, 0.0, 32.24, 9.98, 74.55], [0, 25.68, 11.59, 28.52, 22.13, 47.94, 29.98, 64.63, 18.24, 15.74, 28.56, 41.03, 40.75, 32.24, 0.0, 30.96, 46.5], [0, 23.07, 22.52, 4.29, 28.41, 17.67, 11.78, 34.06, 12.9, 30.58, 12.69, 11.9, 16.37, 9.98, 30.96, 0.0, 68.71], [0, 0, 0, 0, 0, 0, 0, 0, 0, 0, 0, 0, 0, 0, 0, 0, 0]], "end_depot": 16, "horizon": [0.0, 1819.15], "instance_name": "15_70_B_B7", "speed_zone_count": 3, "speed_zones": [[0.0, 473.05], [473.05, 946.1], [946.1, 1819.15]], "start_depot": 0, "time_windows": [[0.0, 1819.15], [112.0, 192.0], [35.0, 115.0], [177.0, 277.0], [190.0, 390.0], [425.0, 625.0], [506.0, 706.0], [593.0, 793.0], [594.0, 794.0], [660.0, 860.0], [742.0, 942.0], [820.0, 1020.0], [835.0, 1035.0], [866.0, 1066.0], [965.0, 1165.0], [1213.0, 1413.0], [0.0, 1819.15]], "vehicle_count": 1}