{"cluster_count": 3, "cluster_speeds": [[0.5, 1.0, 0.5], [0.35, 1.0, 0.35], [0.475, 1.0, 0.475]], "clusters": [[-1, 2, 2, 2, 2, 2, 2, 2, 2, 2, 2, 2, 2, 2, 2, 2, -1], [0, -1, 0, 0, 0, 0, 0, 0, 0, 0, 0, 0, 0, 0, 0, 0, 0], [0, 0, -1, 0, 0, 0, 0, 0, 0, 0, 0, 0, 0, 0, 0, 0, 0], [0, 0, 0, -1, 0, 0, 0, 0, 0, 0, 0, 0, 0, 0, 0, 0, 0], [0, 0, 0, 0, -1, 0, 0, 0, 0, 0, 0, 0, 0, 0, 0, 0, 0], [0, 0, 0, 0, 0, -1, 0, 0, 0, 0, 0, 0, 0, 0, 0, 0, 0], [0, 0, 0, 0, 0, 0, -1, 0, 0, 0, 0, 0, 0, 0, 0, 0, 0], [0, 0, 0, 0, 0, 0, 0, -1, 0, 0, 0, 0, 0, 0, 0, 0, 0], [0, 0, 0, 0, 0, 0, 0, 0, -1, 0, 0, 0, 0, 0, 0, 0, 0], [0, 0, 0, 0, 0, 0, 0, 0, 0, -1, 0, 0, 0, 0, 0, 0, 0], [0, 0, 0, 0, 0, 0, 0, 0, 0, 0, -1, 0, 0, 0, 0, 0, 0], [0, 0, 0, 0, 0, 0, 0, 0, 0, 0, 0, -1, 0, 0, 0, 0, 0], [0, 0, 0, 0, 0, 0, 0, 0, 0, 0, 0, 0, -1, 0, 0, 0, 0], [0, 0, 0, 0, 0, 0, 0, 0, 0, 0, 0, 0, 0, -1, 0, 0, 0], [0, 0, 0, 0, 0, 0, 0, 0, 0, 0, 0, 0, 0, 0, -1, 0, 0], [0, 0, 0, 0, 0, 0, 0, 0, 0, 0, 0, 0, 0, 0, 0, -1, 0], [-1, 2, 2, 2, 2, 2, 2, 2, 2, 2, 2, 2, 2, 2, 2, 2, -1]], "dataset_name": "guerriero_et_al_2014", "digraph": {"arc_count": 240, "arcs": [[0, 1, 1, 1, 1, 1, 1, 1, 1, 1, 1, 1, 1, 1, 1, 1, 0], [0, 0, 1, 1, 1, 1, 1, 1, 1, 1, 1, 1, 1, 1, 1, 1, 1], [0, 1, 0, 1, 1, 1, 1, 1, 1, 1, 1, 1, 1, 1, 1, 1, 1], [0, 1, 1, 0, 1, 1, 1, 1, 1, 1, 1, 1, 1, 1, 1, 1, 1], [0, 1, 1, 1, 0, 1, 1, 1, 1, 1, 1, 1, 1, 1, 1, 1, 1], [0, 1, 1, 1, 1, 0, 1, 1, 1, 1, 1, 1, 1, 1, 1, 1, 1], [0, 1, 1, 1, 1, 1, 0, 1, 1, 1, 1, 1, 1, 1, 1, 1, 1], [0, 1, 1, 1, 1, 1, 1, 0, 1, 1, 1, 1, 1, 1, 1, 1, 1], [0, 1, 1, 1, 1, 1, 1, 1, 0, 1, 1, 1, 1, 1, 1, 1, 1], [0, 1, 1, 1, 1, 1, 1, 1, 1, 0, 1, 1, 1, 1, 1, 1, 1], [0, 1, 1, 1, 1, 1, 1, 1, 1, 1, 0, 1, 1, 1, 1, 1, 1], [0, 1, 1, 1, 1, 1, 1, 1, 1, 1, 1, 0, 1, 1, 1, 1, 1], [0, 1, 1, 1, 1, 1, 1, 1, 1, 1, 1, 1, 0, 1, 1, 1, 1], [0, 1, 1, 1, 1, 1, 1, 1, 1, 1, 1, 1, 1, 0, 1, 1, 1], [0, 1, 1, 1, 1, 1, 1, 1, 1, 1, 1, 1, 1, 1, 0, 1, 1], [0, 1, 1, 1, 1, 1, 1, 1, 1, 1, 1, 1, 1, 1, 1, 0, 1], [0, 0, 0, 0, 0, 0, 0, 0, 0, 0, 0, 0, 0, 0, 0, 0, 0]], "vertex_count": 17}, "distances": [[0, 71.77, 72.39, 71.31, 76.43, 57.18, 57.95, 75.62, 71.65, 70.59, 61.02, 76.83, 73.31, 69.37, 67.8, 67.01, 0], [0, 0.0, 8.2, 7.14, 8.6, 14.8, 13.88, 13.12, 10.13, 13.68, 11.32, 6.1, 14.59, 6.96, 5.75, 4.76, 71.77], [0, 8.2, 0.0, 15.32, 4.21, 18.07, 15.64, 5.31, 5.28, 5.88, 12.05, 6.72, 6.39, 9.58, 12.96, 9.45, 72.39], [0, 7.14, 15.32, 0.0, 15.41, 14.67, 15.43, 20.24, 10.04, 20.62, 14.42, 12.09, 21.7, 13.65, 4.48, 8.23, 71.31], [0, 8.6, 4.21, 15.41, 0.0, 21.24, 19.18, 5.6, 6.36, 9.06, 15.7, 10.93, 8.3, 7.07, 14.23, 11.65, 76.43], [0, 14.8, 18.07, 14.67, 21.24, 0.0, 19.27, 22.98, 15.33, 19.81, 6.65, 20.43, 22.31, 14.72, 10.7, 10.14, 57.18], [0, 13.88, 15.64, 15.43, 19.18, 19.27, 0.0, 20.26, 13.76, 16.71, 15.97, 18.95, 19.31, 12.3, 11.05, 9.13, 57.95], [0, 13.12, 5.31, 20.24, 5.6, 22.98, 20.26, 0.0, 10.33, 5.27, 16.62, 9.57, 11.7, 8.41, 18.21, 14.76, 75.62], [0, 10.13, 5.28, 10.04, 6.36, 15.33, 13.76, 10.33, 0.0, 10.77, 10.66, 5.19, 11.66, 4.3, 8.0, 5.37, 71.65], [0, 13.68, 5.88, 20.62, 9.06, 19.81, 16.71, 5.27, 10.77, 0.0, 13.18, 12.42, 12.27, 7.04, 17.57, 13.52, 70.59], [0, 11.32, 12.05, 14.42, 15.7, 6.65, 15.97, 16.62, 10.66, 13.18, 0.0, 15.82, 15.72, 8.73, 9.95, 6.84, 61.02], [0, 6.1, 6.72, 12.09, 10.93, 20.43, 18.95, 9.57, 5.19, 12.42, 15.82, 0.0, 12.11, 8.2, 11.81, 10.31, 76.83], [0, 14.59, 6.39, 21.7, 8.3, 22.31, 19.31, 11.7, 11.66, 12.27, 15.72, 12.11, 0.0, 8.62, 19.09, 15.25, 73.31], [0, 6.96, 9.58, 13.65, 7.07, 14.72, 12.3, 8.41, 4.3, 7.04, 8.73, 8.2, 8.62, 0.0, 10.56, 6.63, 69.37], [0, 5.75, 12.96, 4.48, 14.23, 10.7, 11.05, 18.21, 8.0, 17.57, 9.95, 11.81, 19.09, 10.56, 0.0, 4.22, 67.8], [0, 4.76, 9.45, 8.23, 11.65, 10.14, 9.13, 14.76, 5.37, 13.52, 6.84, 10.31, 15.25, 6.63, 4.22, 0.0, 67.01], [0, 0, 0, 0, 0, 0, 0, 0, 0, 0, 0, 0, 0, 0, 0, 0, 0]], "end_depot": 16, "horizon": [0.0, 1487.8], "instance_name": "15_70_A_A1", "speed_zone_count": 3, "speed_zones": [[0.0, 362.6], [362.6, 725.2], [725.2, 1487.8]], "start_depot": 0, "time_windows": [[0.0, 1487.8], [185.0, 285.0], [190.0, 290.0], [217.0, 317.0], [295.0, 395.0], [298.0, 398.0], [440.0, 540.0], [488.0, 588.0], [495.0, 595.0], [514.0, 664.0], [544.0, 744.0], [573.0, 773.0], [622.0, 822.0], [672.0, 872.0], [682.0, 882.0], [743.0, 943.0], [0.0, 1487.8]], "vehicle_count": 1}