{"cluster_count": 3, "cluster_speeds": [[0.5, 1.0, 0.5], [0.35, 1.0, 0.35], [0.475, 1.0, 0.475]], "clusters": [[-1, 2, 2, 2, 2, 2, 2, 2, 2, 2, 2, 2, 2, 2, 2, 2, -1], [0, -1, 0, 0, 0, 0, 0, 0, 0, 0, 0, 0, 0, 0, 0, 0, 0], [2, 2, -1, 2, 2, 2, 2, 2, 2, 2, 2, 2, 2, 2, 2, 2, 2], [0, 0, 0, -1, 0, 0, 0, 0, 0, 0, 0, 0, 0, 0, 0, 0, 0], [0, 0, 0, 0, -1, 0, 0, 0, 0, 0, 0, 0, 0, 0, 0, 0, 0], [0, 0, 0, 0, 0, -1, 0, 0, 0, 0, 0, 0, 0, 0, 0, 0, 0], [0, 0, 0, 0, 0, 0, -1, 0, 0, 0, 0, 0, 0, 0, 0, 0, 0], [2, 2, 2, 2, 2, 2, 2, -1, 2, 2, 2, 2, 2, 2, 2, 2, 2], [0, 0, 0, 0, 0, 0, 0, 0, -1, 0, 0, 0, 0, 0, 0, 0, 0], [0, 0, 0, 0, 0, 0, 0, 0, 0, -1, 0, 0, 0, 0, 0, 0, 0], [2, 2, 2, 2, 2, 2, 2, 2, 2, 2, -1, 2, 2, 2, 2, 2, 2], [0, 0, 0, 0, 0, 0, 0, 0, 0, 0, 0, -1, 0, 0, 0, 0, 0], [2, 2, 2, 2, 2, 2, 2, 2, 2, 2, 2, 2, -1, 2, 2, 2, 2], [0, 0, 0, 0, 0, 0, 0, 0, 0, 0, 0, 0, 0, -1, 0, 0, 0], [0, 0, 0, 0, 0, 0, 0, 0, 0, 0, 0, 0, 0, 0, -1, 0, 0], [0, 0, 0, 0, 0, 0, 0, 0, 0, 0, 0, 0, 0, 0, 0, -1, 0], [-1, 2, 2, 2, 2, 2, 2, 2, 2, 2, 2, 2, 2, 2, 2, 2, -1]], "dataset_name": "guerriero_et_al_2014", "digraph": {"arc_count": 240, "arcs": [[0, 1, 1, 1, 1, 1, 1, 1, 1, 1, 1, 1, 1, 1, 1, 1, 0], [0, 0, 1, 1, 1, 1, 1, 1, 1, 1, 1, 1, 1, 1, 1, 1, 1], [0, 1, 0, 1, 1, 1, 1, 1, 1, 1, 1, 1, 1, 1, 1, 1, 1], [0, 1, 1, 0, 1, 1, 1, 1, 1, 1, 1, 1, 1, 1, 1, 1, 1], [0, 1, 1, 1, 0, 1, 1, 1, 1, 1, 1, 1, 1, 1, 1, 1, 1], [0, 1, 1, 1, 1, 0, 1, 1, 1, 1, 1, 1, 1, 1, 1, 1, 1], [0, 1, 1, 1, 1, 1, 0, 1, 1, 1, 1, 1, 1, 1, 1, 1, 1], [0, 1, 1, 1, 1, 1, 1, 0, 1, 1, 1, 1, 1, 1, 1, 1, 1], [0, 1, 1, 1, 1, 1, 1, 1, 0, 1, 1, 1, 1, 1, 1, 1, 1], [0, 1, 1, 1, 1, 1, 1, 1, 1, 0, 1, 1, 1, 1, 1, 1, 1], [0, 1, 1, 1, 1, 1, 1, 1, 1, 1, 0, 1, 1, 1, 1, 1, 1], [0, 1, 1, 1, 1, 1, 1, 1, 1, 1, 1, 0, 1, 1, 1, 1, 1], [0, 1, 1, 1, 1, 1, 1, 1, 1, 1, 1, 1, 0, 1, 1, 1, 1], [0, 1, 1, 1, 1, 1, 1, 1, 1, 1, 1, 1, 1, 0, 1, 1, 1], [0, 1, 1, 1, 1, 1, 1, 1, 1, 1, 1, 1, 1, 1, 0, 1, 1], [0, 1, 1, 1, 1, 1, 1, 1, 1, 1, 1, 1, 1, 1, 1, 0, 1], [0, 0, 0, 0, 0, 0, 0, 0, 0, 0, 0, 0, 0, 0, 0, 0, 0]], "vertex_count": 17}, "distances": [[0, 63.74, 96.6, 72.61, 58.9, 70.17, 70.78, 97.51, 70.12, 69.24, 96.41, 79.37, 43.14, 82.33, 84.46, 73.93, 0], [0, 0.0, 33.11, 11.27, 4.87, 7.25, 17.57, 37.7, 12.12, 9.67, 34.7, 16.26, 24.51, 18.71, 20.83, 10.39, 63.74], [0, 33.11, 0.0, 27.23, 37.99, 27.74, 35.31, 15.63, 31.45, 27.92, 9.37, 19.94, 56.97, 16.0, 14.18, 22.75, 96.6], [0, 11.27, 27.23, 0.0, 14.98, 4.44, 10.06, 36.29, 4.48, 16.07, 31.72, 7.39, 30.67, 11.23, 13.16, 9.71, 72.61], [0, 4.87, 37.99, 14.98, 0.0, 11.56, 19.01, 42.12, 14.55, 13.24, 39.38, 20.79, 19.98, 23.47, 25.59, 15.25, 58.9], [0, 7.25, 27.74, 4.44, 11.56, 0.0, 13.38, 34.91, 7.3, 11.88, 30.94, 9.25, 29.25, 12.27, 14.39, 6.85, 70.17], [0, 17.57, 35.31, 10.06, 19.01, 13.38, 0.0, 45.91, 6.08, 25.12, 40.97, 15.83, 27.65, 19.8, 21.28, 19.68, 70.78], [0, 37.7, 15.63, 36.29, 42.12, 34.91, 45.91, 0.0, 40.77, 29.29, 6.28, 30.22, 62.1, 26.44, 25.5, 28.26, 97.51], [0, 12.12, 31.45, 4.48, 14.55, 7.3, 6.08, 40.77, 0.0, 19.07, 36.19, 11.51, 27.53, 15.47, 17.28, 13.74, 70.12], [0, 9.67, 27.92, 16.07, 13.24, 11.88, 25.12, 29.29, 19.07, 0.0, 27.28, 16.89, 33.07, 17.26, 19.01, 8.01, 69.24], [0, 34.7, 9.37, 31.72, 39.38, 30.94, 40.97, 6.28, 36.19, 27.28, 0.0, 25.15, 59.2, 21.22, 20.02, 24.66, 96.41], [0, 16.26, 19.94, 7.39, 20.79, 9.25, 15.83, 30.22, 11.51, 16.89, 25.15, 0.0, 37.92, 18.45, 5.79, 8.89, 79.37], [0, 24.51, 56.97, 30.67, 19.98, 29.25, 27.65, 62.1, 27.53, 33.07, 59.2, 37.92, 0.0, 41.41, 43.48, 34.67, 43.14], [0, 18.71, 16.0, 11.23, 23.47, 12.27, 19.8, 26.44, 15.47, 17.26, 21.22, 18.45, 41.41, 0.0, 21.04, 9.56, 82.33], [0, 20.83, 14.18, 13.16, 25.59, 14.39, 21.28, 25.5, 17.28, 19.01, 20.02, 5.79, 43.48, 21.04, 0.0, 11.49, 84.46], [0, 10.39, 22.75, 9.71, 15.25, 6.85, 19.68, 28.26, 13.74, 8.01, 24.66, 8.89, 34.67, 9.56, 11.49, 0.0, 73.93], [0, 0, 0, 0, 0, 0, 0, 0, 0, 0, 0, 0, 0, 0, 0, 0, 0]], "end_depot": 16, "horizon": [0.0, 1718.8], "instance_name": "15_70_A_B10", "speed_zone_count": 3, "speed_zones": [[0.0, 439.6], [439.6, 879.2], [879.2, 1718.8]], "start_depot": 0, "time_windows": [[0.0, 1718.8], [44.0, 144.0], [81.0, 231.0], [37.0, 187.0], [33.0, 133.0], [61.0, 161.0], [272.0, 422.0], [128.0, 278.0], [504.0, 654.0], [545.0, 695.0], [612.0, 762.0], [762.0, 912.0], [28.0, 108.0], [766.0, 916.0], [971.0, 1121.0], [1073.0, 1273.0], [0.0, 1718.8]], "vehicle_count": 1}