{"cluster_count": 3, "cluster_speeds": [[0.5, 1.0, 0.5], [0.35, 1.0, 0.35], [0.475, 1.0, 0.475]], "clusters": [[-1, 2, 2, 2, 2, 2, 2, 2, 2, 2, 2, 2, 2, 2, 2, 2, -1], [0, -1, 0, 0, 0, 0, 0, 0, 0, 0, 0, 0, 0, 0, 0, 0, 0], [1, 1, -1, 1, 1, 1, 1, 1, 1, 1, 1, 1, 1, 1, 1, 1, 1], [0, 0, 0, -1, 0, 0, 0, 0, 0, 0, 0, 0, 0, 0, 0, 0, 0], [0, 0, 0, 0, -1, 0, 0, 0, 0, 0, 0, 0, 0, 0, 0, 0, 0], [1, 1, 1, 1, 1, -1, 1, 1, 1, 1, 1, 1, 1, 1, 1, 1, 1], [1, 1, 1, 1, 1, 1, -1, 1, 1, 1, 1, 1, 1, 1, 1, 1, 1], [0, 0, 0, 0, 0, 0, 0, -1, 0, 0, 0, 0, 0, 0, 0, 0, 0], [0, 0, 0, 0, 0, 0, 0, 0, -1, 0, 0, 0, 0, 0, 0, 0, 0], [1, 1, 1, 1, 1, 1, 1, 1, 1, -1, 1, 1, 1, 1, 1, 1, 1], [0, 0, 0, 0, 0, 0, 0, 0, 0, 0, -1, 0, 0, 0, 0, 0, 0], [0, 0, 0, 0, 0, 0, 0, 0, 0, 0, 0, -1, 0, 0, 0, 0, 0], [1, 1, 1, 1, 1, 1, 1, 1, 1, 1, 1, 1, -1, 1, 1, 1, 1], [0, 0, 0, 0, 0, 0, 0, 0, 0, 0, 0, 0, 0, -1, 0, 0, 0], [0, 0, 0, 0, 0, 0, 0, 0, 0, 0, 0, 0, 0, 0, -1, 0, 0], [0, 0, 0, 0, 0, 0, 0, 0, 0, 0, 0, 0, 0, 0, 0, -1, 0], [-1, 2, 2, 2, 2, 2, 2, 2, 2, 2, 2, 2, 2, 2, 2, 2, -1]], "dataset_name": "guerriero_et_al_2014", "digraph": {"arc_count": 240, "arcs": [[0, 1, 1, 1, 1, 1, 1, 1, 1, 1, 1, 1, 1, 1, 1, 1, 0], [0, 0, 1, 1, 1, 1, 1, 1, 1, 1, 1, 1, 1, 1, 1, 1, 1], [0, 1, 0, 1, 1, 1, 1, 1, 1, 1, 1, 1, 1, 1, 1, 1, 1], [0, 1, 1, 0, 1, 1, 1, 1, 1, 1, 1, 1, 1, 1, 1, 1, 1], [0, 1, 1, 1, 0, 1, 1, 1, 1, 1, 1, 1, 1, 1, 1, 1, 1], [0, 1, 1, 1, 1, 0, 1, 1, 1, 1, 1, 1, 1, 1, 1, 1, 1], [0, 1, 1, 1, 1, 1, 0, 1, 1, 1, 1, 1, 1, 1, 1, 1, 1], [0, 1, 1, 1, 1, 1, 1, 0, 1, 1, 1, 1, 1, 1, 1, 1, 1], [0, 1, 1, 1, 1, 1, 1, 1, 0, 1, 1, 1, 1, 1, 1, 1, 1], [0, 1, 1, 1, 1, 1, 1, 1, 1, 0, 1, 1, 1, 1, 1, 1, 1], [0, 1, 1, 1, 1, 1, 1, 1, 1, 1, 0, 1, 1, 1, 1, 1, 1], [0, 1, 1, 1, 1, 1, 1, 1, 1, 1, 1, 0, 1, 1, 1, 1, 1], [0, 1, 1, 1, 1, 1, 1, 1, 1, 1, 1, 1, 0, 1, 1, 1, 1], [0, 1, 1, 1, 1, 1, 1, 1, 1, 1, 1, 1, 1, 0, 1, 1, 1], [0, 1, 1, 1, 1, 1, 1, 1, 1, 1, 1, 1, 1, 1, 0, 1, 1], [0, 1, 1, 1, 1, 1, 1, 1, 1, 1, 1, 1, 1, 1, 1, 0, 1], [0, 0, 0, 0, 0, 0, 0, 0, 0, 0, 0, 0, 0, 0, 0, 0, 0]], "vertex_count": 17}, "distances": [[0, 66.06, 71.02, 61.7, 81.87, 53.05, 55.11, 73.58, 70.83, 87.02, 63.07, 64.36, 49.7, 70.29, 74.18, 72.38, 0], [0, 0.0, 13.43, 5.16, 17.48, 14.15, 10.96, 7.71, 13.14, 26.78, 7.86, 16.36, 16.36, 7.65, 19.64, 7.29, 66.06], [0, 13.43, 0.0, 13.1, 24.16, 24.68, 19.87, 11.67, 25.53, 35.3, 21.23, 12.89, 23.77, 19.46, 31.75, 16.87, 71.02], [0, 5.16, 13.1, 0.0, 22.63, 11.68, 7.24, 11.94, 17.28, 31.81, 9.81, 16.63, 12.19, 12.44, 23.72, 12.45, 61.7], [0, 17.48, 24.16, 22.63, 0.0, 28.83, 27.48, 12.84, 12.54, 11.28, 18.82, 19.58, 32.88, 11.59, 14.3, 10.21, 81.87], [0, 14.15, 24.68, 11.68, 28.83, 0.0, 5.08, 21.83, 18.53, 35.04, 10.08, 13.1, 6.09, 17.25, 23.45, 19.5, 53.05], [0, 10.96, 19.87, 7.24, 27.48, 5.08, 0.0, 18.58, 19.0, 35.11, 10.06, 9.39, 5.46, 16.08, 24.77, 17.49, 55.11], [0, 7.71, 11.67, 11.94, 12.84, 21.83, 18.58, 0.0, 14.98, 23.75, 14.08, 9.23, 23.91, 9.12, 20.71, 5.78, 73.58], [0, 13.14, 25.53, 17.28, 12.54, 18.53, 19.0, 14.98, 0.0, 16.51, 8.95, 14.86, 23.78, 6.08, 6.5, 9.2, 70.83], [0, 26.78, 35.3, 31.81, 11.28, 35.04, 35.11, 23.75, 16.51, 0.0, 25.25, 28.87, 40.15, 19.44, 13.16, 19.78, 87.02], [0, 7.86, 21.23, 9.81, 18.82, 10.08, 10.06, 14.08, 8.95, 25.25, 0.0, 8.5, 14.9, 7.34, 14.82, 10.16, 63.07], [0, 16.36, 12.89, 16.63, 19.58, 13.1, 9.39, 9.23, 14.86, 28.87, 8.5, 0.0, 14.68, 9.62, 21.36, 9.4, 64.36], [0, 16.36, 23.77, 12.19, 32.88, 6.09, 5.46, 23.91, 23.78, 40.15, 14.9, 14.68, 0.0, 21.4, 29.14, 22.94, 49.7], [0, 7.65, 19.46, 12.44, 11.59, 17.25, 16.08, 9.12, 6.08, 19.44, 7.34, 9.62, 21.4, 0.0, 12.36, 14.9, 70.29], [0, 19.64, 31.75, 23.72, 14.3, 23.45, 24.77, 20.71, 6.5, 13.16, 14.82, 21.36, 29.14, 12.36, 0.0, 15.0, 74.18], [0, 7.29, 16.87, 12.45, 10.21, 19.5, 17.49, 5.78, 9.2, 19.78, 10.16, 9.4, 22.94, 14.9, 15.0, 0.0, 72.38], [0, 0, 0, 0, 0, 0, 0, 0, 0, 0, 0, 0, 0, 0, 0, 0, 0]], "end_depot": 16, "horizon": [0.0, 1592.83], "instance_name": "15_70_A_B5", "speed_zone_count": 3, "speed_zones": [[0.0, 397.61], [397.61, 795.22], [795.22, 1592.83]], "start_depot": 0, "time_windows": [[0.0, 1592.83], [4.0, 204.0], [18.0, 218.0], [82.0, 282.0], [92.0, 292.0], [126.0, 326.0], [219.0, 419.0], [284.0, 484.0], [285.0, 485.0], [303.0, 503.0], [325.0, 525.0], [352.0, 552.0], [374.0, 574.0], [744.0, 944.0], [827.0, 1027.0], [907.0, 1107.0], [0.0, 1592.83]], "vehicle_count": 1}