{"cluster_count": 3, "cluster_speeds": [[0.5, 1.0, 0.5], [0.4, 1.0, 0.4], [0.475, 1.0, 0.475]], "clusters": [[-1, 2, 2, 2, 2, 2, 2, 2, 2, 2, 2, 2, 2, 2, 2, 2, -1], [2, -1, 2, 2, 2, 2, 2, 2, 2, 2, 2, 2, 2, 2, 2, 2, 2], [2, 2, -1, 2, 2, 2, 2, 2, 2, 2, 2, 2, 2, 2, 2, 2, 2], [0, 0, 0, -1, 0, 0, 0, 0, 0, 0, 0, 0, 0, 0, 0, 0, 0], [0, 0, 0, 0, -1, 0, 0, 0, 0, 0, 0, 0, 0, 0, 0, 0, 0], [2, 2, 2, 2, 2, -1, 2, 2, 2, 2, 2, 2, 2, 2, 2, 2, 2], [1, 1, 1, 1, 1, 1, -1, 1, 1, 1, 1, 1, 1, 1, 1, 1, 1], [0, 0, 0, 0, 0, 0, 0, -1, 0, 0, 0, 0, 0, 0, 0, 0, 0], [2, 2, 2, 2, 2, 2, 2, 2, -1, 2, 2, 2, 2, 2, 2, 2, 2], [0, 0, 0, 0, 0, 0, 0, 0, 0, -1, 0, 0, 0, 0, 0, 0, 0], [2, 2, 2, 2, 2, 2, 2, 2, 2, 2, -1, 2, 2, 2, 2, 2, 2], [0, 0, 0, 0, 0, 0, 0, 0, 0, 0, 0, -1, 0, 0, 0, 0, 0], [2, 2, 2, 2, 2, 2, 2, 2, 2, 2, 2, 2, -1, 2, 2, 2, 2], [0, 0, 0, 0, 0, 0, 0, 0, 0, 0, 0, 0, 0, -1, 0, 0, 0], [1, 1, 1, 1, 1, 1, 1, 1, 1, 1, 1, 1, 1, 1, -1, 1, 1], [2, 2, 2, 2, 2, 2, 2, 2, 2, 2, 2, 2, 2, 2, 2, -1, 2], [-1, 2, 2, 2, 2, 2, 2, 2, 2, 2, 2, 2, 2, 2, 2, 2, -1]], "dataset_name": "guerriero_et_al_2014", "digraph": {"arc_count": 240, "arcs": [[0, 1, 1, 1, 1, 1, 1, 1, 1, 1, 1, 1, 1, 1, 1, 1, 0], [0, 0, 1, 1, 1, 1, 1, 1, 1, 1, 1, 1, 1, 1, 1, 1, 1], [0, 1, 0, 1, 1, 1, 1, 1, 1, 1, 1, 1, 1, 1, 1, 1, 1], [0, 1, 1, 0, 1, 1, 1, 1, 1, 1, 1, 1, 1, 1, 1, 1, 1], [0, 1, 1, 1, 0, 1, 1, 1, 1, 1, 1, 1, 1, 1, 1, 1, 1], [0, 1, 1, 1, 1, 0, 1, 1, 1, 1, 1, 1, 1, 1, 1, 1, 1], [0, 1, 1, 1, 1, 1, 0, 1, 1, 1, 1, 1, 1, 1, 1, 1, 1], [0, 1, 1, 1, 1, 1, 1, 0, 1, 1, 1, 1, 1, 1, 1, 1, 1], [0, 1, 1, 1, 1, 1, 1, 1, 0, 1, 1, 1, 1, 1, 1, 1, 1], [0, 1, 1, 1, 1, 1, 1, 1, 1, 0, 1, 1, 1, 1, 1, 1, 1], [0, 1, 1, 1, 1, 1, 1, 1, 1, 1, 0, 1, 1, 1, 1, 1, 1], [0, 1, 1, 1, 1, 1, 1, 1, 1, 1, 1, 0, 1, 1, 1, 1, 1], [0, 1, 1, 1, 1, 1, 1, 1, 1, 1, 1, 1, 0, 1, 1, 1, 1], [0, 1, 1, 1, 1, 1, 1, 1, 1, 1, 1, 1, 1, 0, 1, 1, 1], [0, 1, 1, 1, 1, 1, 1, 1, 1, 1, 1, 1, 1, 1, 0, 1, 1], [0, 1, 1, 1, 1, 1, 1, 1, 1, 1, 1, 1, 1, 1, 1, 0, 1], [0, 0, 0, 0, 0, 0, 0, 0, 0, 0, 0, 0, 0, 0, 0, 0, 0]], "vertex_count": 17}, "distances": [[0, 77.43, 84.65, 85.17, 68.03, 46.14, 48.98, 67.4, 69.73, 58.35, 74.73, 74.58, 105.25, 68.06, 72.1, 56.57, 0], [0, 0.0, 70.25, 40.29, 50.51, 33.06, 42.05, 43.74, 9.26, 42.39, 14.83, 29.22, 57.4, 41.05, 57.31, 28.07, 77.43], [0, 70.25, 0.0, 33.78, 22.21, 74.49, 43.33, 28.07, 72.67, 34.61, 71.91, 41.14, 37.13, 30.24, 15.16, 81.8, 84.65], [0, 40.29, 33.78, 0.0, 23.21, 56.77, 36.2, 19.51, 45.43, 27.38, 42.91, 13.58, 21.2, 17.82, 26.25, 59.83, 85.17], [0, 50.51, 22.21, 23.21, 0.0, 52.33, 21.97, 6.78, 51.62, 12.55, 51.6, 23.14, 38.91, 9.53, 7.25, 59.64, 68.03], [0, 33.06, 74.49, 56.77, 52.33, 0.0, 32.12, 47.27, 24.38, 39.89, 29.79, 43.27, 77.76, 45.9, 59.35, 11.76, 46.14], [0, 42.05, 43.33, 36.2, 21.97, 32.12, 0.0, 19.13, 39.25, 9.96, 41.48, 26.66, 56.42, 19.3, 28.3, 41.35, 48.98], [0, 43.74, 28.07, 19.51, 6.78, 47.27, 19.13, 0.0, 45.02, 9.2, 44.86, 16.71, 37.97, 16.31, 13.73, 53.86, 67.4], [0, 9.26, 72.67, 45.43, 51.62, 24.38, 39.25, 45.02, 0.0, 41.77, 5.57, 32.88, 64.11, 42.57, 58.75, 18.83, 69.73], [0, 42.39, 34.61, 27.38, 12.55, 39.89, 9.96, 9.2, 41.77, 0.0, 42.73, 20.33, 46.9, 9.75, 19.46, 47.71, 58.35], [0, 14.83, 71.91, 42.91, 51.6, 29.79, 41.48, 44.86, 5.57, 42.73, 0.0, 31.2, 60.63, 42.25, 58.55, 24.29, 74.73], [0, 29.22, 41.14, 13.58, 23.14, 43.27, 26.66, 16.71, 32.88, 20.33, 31.2, 0.0, 34.5, 13.91, 29.14, 46.33, 74.58], [0, 57.4, 37.13, 21.2, 38.91, 77.76, 56.42, 37.97, 64.11, 46.9, 60.63, 34.5, 0.0, 37.19, 38.27, 80.02, 105.25], [0, 41.05, 30.24, 17.82, 9.53, 45.9, 19.3, 16.31, 42.57, 9.75, 42.25, 13.91, 37.19, 0.0, 16.3, 52.02, 68.06], [0, 57.31, 15.16, 26.25, 7.25, 59.35, 28.3, 13.73, 58.75, 19.46, 58.55, 29.14, 38.27, 16.3, 0.0, 66.85, 72.1], [0, 28.07, 81.8, 59.83, 59.64, 11.76, 41.35, 53.86, 18.83, 47.71, 24.29, 46.33, 80.02, 52.02, 66.85, 0.0, 56.57], [0, 0, 0, 0, 0, 0, 0, 0, 0, 0, 0, 0, 0, 0, 0, 0, 0]], "end_depot": 16, "horizon": [0.0, 2058.61], "instance_name": "15_80_A_C6", "speed_zone_count": 3, "speed_zones": [[0.0, 552.87], [552.87, 1105.74], [1105.74, 2058.61]], "start_depot": 0, "time_windows": [[0.0, 2058.61], [69.0, 169.0], [340.0, 440.0], [418.0, 518.0], [485.0, 635.0], [175.0, 275.0], [491.0, 641.0], [626.0, 776.0], [87.0, 187.0], [741.0, 941.0], [766.0, 966.0], [782.0, 982.0], [798.0, 998.0], [815.0, 1015.0], [1300.0, 1500.0], [180.0, 280.0], [0.0, 2058.61]], "vehicle_count": 1}