{"cluster_count": 3, "cluster_speeds": [[0.5, 1.0, 0.5], [0.4, 1.0, 0.4], [0.475, 1.0, 0.475]], "clusters": [[-1, 2, 2, 2, 2, 2, 2, 2, 2, 2, 2, 2, 2, 2, 2, 2, -1], [0, -1, 0, 0, 0, 0, 0, 0, 0, 0, 0, 0, 0, 0, 0, 0, 0], [1, 1, -1, 1, 1, 1, 1, 1, 1, 1, 1, 1, 1, 1, 1, 1, 1], [0, 0, 0, -1, 0, 0, 0, 0, 0, 0, 0, 0, 0, 0, 0, 0, 0], [0, 0, 0, 0, -1, 0, 0, 0, 0, 0, 0, 0, 0, 0, 0, 0, 0], [0, 0, 0, 0, 0, -1, 0, 0, 0, 0, 0, 0, 0, 0, 0, 0, 0], [0, 0, 0, 0, 0, 0, -1, 0, 0, 0, 0, 0, 0, 0, 0, 0, 0], [0, 0, 0, 0, 0, 0, 0, -1, 0, 0, 0, 0, 0, 0, 0, 0, 0], [0, 0, 0, 0, 0, 0, 0, 0, -1, 0, 0, 0, 0, 0, 0, 0, 0], [0, 0, 0, 0, 0, 0, 0, 0, 0, -1, 0, 0, 0, 0, 0, 0, 0], [0, 0, 0, 0, 0, 0, 0, 0, 0, 0, -1, 0, 0, 0, 0, 0, 0], [0, 0, 0, 0, 0, 0, 0, 0, 0, 0, 0, -1, 0, 0, 0, 0, 0], [0, 0, 0, 0, 0, 0, 0, 0, 0, 0, 0, 0, -1, 0, 0, 0, 0], [1, 1, 1, 1, 1, 1, 1, 1, 1, 1, 1, 1, 1, -1, 1, 1, 1], [0, 0, 0, 0, 0, 0, 0, 0, 0, 0, 0, 0, 0, 0, -1, 0, 0], [0, 0, 0, 0, 0, 0, 0, 0, 0, 0, 0, 0, 0, 0, 0, -1, 0], [-1, 2, 2, 2, 2, 2, 2, 2, 2, 2, 2, 2, 2, 2, 2, 2, -1]], "dataset_name": "guerriero_et_al_2014", "digraph": {"arc_count": 240, "arcs": [[0, 1, 1, 1, 1, 1, 1, 1, 1, 1, 1, 1, 1, 1, 1, 1, 0], [0, 0, 1, 1, 1, 1, 1, 1, 1, 1, 1, 1, 1, 1, 1, 1, 1], [0, 1, 0, 1, 1, 1, 1, 1, 1, 1, 1, 1, 1, 1, 1, 1, 1], [0, 1, 1, 0, 1, 1, 1, 1, 1, 1, 1, 1, 1, 1, 1, 1, 1], [0, 1, 1, 1, 0, 1, 1, 1, 1, 1, 1, 1, 1, 1, 1, 1, 1], [0, 1, 1, 1, 1, 0, 1, 1, 1, 1, 1, 1, 1, 1, 1, 1, 1], [0, 1, 1, 1, 1, 1, 0, 1, 1, 1, 1, 1, 1, 1, 1, 1, 1], [0, 1, 1, 1, 1, 1, 1, 0, 1, 1, 1, 1, 1, 1, 1, 1, 1], [0, 1, 1, 1, 1, 1, 1, 1, 0, 1, 1, 1, 1, 1, 1, 1, 1], [0, 1, 1, 1, 1, 1, 1, 1, 1, 0, 1, 1, 1, 1, 1, 1, 1], [0, 1, 1, 1, 1, 1, 1, 1, 1, 1, 0, 1, 1, 1, 1, 1, 1], [0, 1, 1, 1, 1, 1, 1, 1, 1, 1, 1, 0, 1, 1, 1, 1, 1], [0, 1, 1, 1, 1, 1, 1, 1, 1, 1, 1, 1, 0, 1, 1, 1, 1], [0, 1, 1, 1, 1, 1, 1, 1, 1, 1, 1, 1, 1, 0, 1, 1, 1], [0, 1, 1, 1, 1, 1, 1, 1, 1, 1, 1, 1, 1, 1, 0, 1, 1], [0, 1, 1, 1, 1, 1, 1, 1, 1, 1, 1, 1, 1, 1, 1, 0, 1], [0, 0, 0, 0, 0, 0, 0, 0, 0, 0, 0, 0, 0, 0, 0, 0, 0]], "vertex_count": 17}, "distances": [[0, 76.49, 52.02, 78.45, 79.88, 72.83, 67.05, 57.23, 64.23, 76.92, 71.17, 69.93, 71.68, 88.0, 69.59, 75.51, 0], [0, 0.0, 25.29, 12.3, 9.17, 5.93, 9.91, 19.93, 12.26, 8.81, 9.93, 10.71, 4.98, 18.17, 10.98, 4.2, 76.49], [0, 25.29, 0.0, 27.61, 28.99, 23.12, 17.24, 5.37, 13.37, 25.65, 19.16, 22.18, 20.31, 40.42, 21.93, 25.42, 52.02], [0, 12.3, 27.61, 0.0, 14.03, 6.37, 11.49, 22.27, 14.38, 12.78, 12.55, 10.94, 7.44, 15.58, 11.26, 13.96, 78.45], [0, 9.17, 28.99, 14.03, 0.0, 7.66, 12.9, 23.65, 15.8, 9.57, 13.5, 12.11, 8.77, 14.84, 12.44, 4.97, 79.88], [0, 5.93, 23.12, 6.37, 7.66, 0.0, 5.96, 18.03, 9.83, 6.43, 12.78, 4.78, 5.93, 17.5, 5.06, 10.14, 72.83], [0, 9.91, 17.24, 11.49, 12.9, 5.96, 0.0, 12.29, 4.28, 10.4, 11.5, 5.83, 6.23, 23.2, 5.74, 8.51, 67.05], [0, 19.93, 5.37, 22.27, 23.65, 18.03, 12.29, 0.0, 8.2, 20.28, 14.12, 17.63, 14.95, 35.47, 17.42, 20.21, 57.23], [0, 12.26, 13.37, 14.38, 15.8, 9.83, 4.28, 8.2, 0.0, 12.69, 9.99, 10.03, 7.49, 27.3, 9.89, 12.05, 64.23], [0, 8.81, 25.65, 12.78, 9.57, 6.43, 10.4, 20.28, 12.69, 0.0, 9.95, 11.21, 5.34, 18.18, 11.49, 4.61, 76.92], [0, 9.93, 19.16, 12.55, 13.5, 12.78, 11.5, 14.12, 9.99, 9.95, 0.0, 16.21, 6.85, 28.09, 16.29, 13.01, 71.17], [0, 10.71, 22.18, 10.94, 12.11, 4.78, 5.83, 17.63, 10.03, 11.21, 16.21, 0.0, 9.64, 18.58, 9.84, 7.17, 69.93], [0, 4.98, 20.31, 7.44, 8.77, 5.93, 6.23, 14.95, 7.49, 5.34, 6.85, 9.64, 0.0, 22.19, 9.77, 6.52, 71.68], [0, 18.17, 40.42, 15.58, 14.84, 17.5, 23.2, 35.47, 27.3, 18.18, 28.09, 18.58, 22.19, 0.0, 18.9, 15.75, 88.0], [0, 10.98, 21.93, 11.26, 12.44, 5.06, 5.74, 17.42, 9.89, 11.49, 16.29, 9.84, 9.77, 18.9, 0.0, 7.5, 69.59], [0, 4.2, 25.42, 13.96, 4.97, 10.14, 8.51, 20.21, 12.05, 4.61, 13.01, 7.17, 6.52, 15.75, 7.5, 0.0, 75.51], [0, 0, 0, 0, 0, 0, 0, 0, 0, 0, 0, 0, 0, 0, 0, 0, 0]], "end_depot": 16, "horizon": [0.0, 1603.39], "instance_name": "15_80_A_A8", "speed_zone_count": 3, "speed_zones": [[0.0, 401.13], [401.13, 802.26], [802.26, 1603.39]], "start_depot": 0, "time_windows": [[0.0, 1603.39], [85.0, 235.0], [157.0, 307.0], [240.0, 390.0], [360.0, 510.0], [428.0, 628.0], [473.0, 673.0], [527.0, 727.0], [537.0, 737.0], [582.0, 782.0], [629.0, 829.0], [670.0, 870.0], [706.0, 906.0], [780.0, 980.0], [804.0, 1004.0], [945.0, 1145.0], [0.0, 1603.39]], "vehicle_count": 1}