{"cluster_count": 3, "cluster_speeds": [[0.4, 1.0, 0.4], [0.45, 1.0, 0.45], [0.5, 1.0, 0.5]], "clusters": [[-1, 2, 2, 2, 2, 2, 2, 2, 2, 2, 2, 2, 2, 2, 2, 2, -1], [0, -1, 0, 0, 0, 0, 0, 0, 0, 0, 0, 0, 0, 0, 0, 0, 0], [0, 0, -1, 0, 0, 0, 0, 0, 0, 0, 0, 0, 0, 0, 0, 0, 0], [0, 0, 0, -1, 0, 0, 0, 0, 0, 0, 0, 0, 0, 0, 0, 0, 0], [0, 0, 0, 0, -1, 0, 0, 0, 0, 0, 0, 0, 0, 0, 0, 0, 0], [0, 0, 0, 0, 0, -1, 0, 0, 0, 0, 0, 0, 0, 0, 0, 0, 0], [0, 0, 0, 0, 0, 0, -1, 0, 0, 0, 0, 0, 0, 0, 0, 0, 0], [1, 1, 1, 1, 1, 1, 1, -1, 1, 1, 1, 1, 1, 1, 1, 1, 1], [0, 0, 0, 0, 0, 0, 0, 0, -1, 0, 0, 0, 0, 0, 0, 0, 0], [0, 0, 0, 0, 0, 0, 0, 0, 0, -1, 0, 0, 0, 0, 0, 0, 0], [0, 0, 0, 0, 0, 0, 0, 0, 0, 0, -1, 0, 0, 0, 0, 0, 0], [0, 0, 0, 0, 0, 0, 0, 0, 0, 0, 0, -1, 0, 0, 0, 0, 0], [0, 0, 0, 0, 0, 0, 0, 0, 0, 0, 0, 0, -1, 0, 0, 0, 0], [0, 0, 0, 0, 0, 0, 0, 0, 0, 0, 0, 0, 0, -1, 0, 0, 0], [0, 0, 0, 0, 0, 0, 0, 0, 0, 0, 0, 0, 0, 0, -1, 0, 0], [0, 0, 0, 0, 0, 0, 0, 0, 0, 0, 0, 0, 0, 0, 0, -1, 0], [-1, 2, 2, 2, 2, 2, 2, 2, 2, 2, 2, 2, 2, 2, 2, 2, -1]], "dataset_name": "guerriero_et_al_2014", "digraph": {"arc_count": 240, "arcs": [[0, 1, 1, 1, 1, 1, 1, 1, 1, 1, 1, 1, 1, 1, 1, 1, 0], [0, 0, 1, 1, 1, 1, 1, 1, 1, 1, 1, 1, 1, 1, 1, 1, 1], [0, 1, 0, 1, 1, 1, 1, 1, 1, 1, 1, 1, 1, 1, 1, 1, 1], [0, 1, 1, 0, 1, 1, 1, 1, 1, 1, 1, 1, 1, 1, 1, 1, 1], [0, 1, 1, 1, 0, 1, 1, 1, 1, 1, 1, 1, 1, 1, 1, 1, 1], [0, 1, 1, 1, 1, 0, 1, 1, 1, 1, 1, 1, 1, 1, 1, 1, 1], [0, 1, 1, 1, 1, 1, 0, 1, 1, 1, 1, 1, 1, 1, 1, 1, 1], [0, 1, 1, 1, 1, 1, 1, 0, 1, 1, 1, 1, 1, 1, 1, 1, 1], [0, 1, 1, 1, 1, 1, 1, 1, 0, 1, 1, 1, 1, 1, 1, 1, 1], [0, 1, 1, 1, 1, 1, 1, 1, 1, 0, 1, 1, 1, 1, 1, 1, 1], [0, 1, 1, 1, 1, 1, 1, 1, 1, 1, 0, 1, 1, 1, 1, 1, 1], [0, 1, 1, 1, 1, 1, 1, 1, 1, 1, 1, 0, 1, 1, 1, 1, 1], [0, 1, 1, 1, 1, 1, 1, 1, 1, 1, 1, 1, 0, 1, 1, 1, 1], [0, 1, 1, 1, 1, 1, 1, 1, 1, 1, 1, 1, 1, 0, 1, 1, 1], [0, 1, 1, 1, 1, 1, 1, 1, 1, 1, 1, 1, 1, 1, 0, 1, 1], [0, 1, 1, 1, 1, 1, 1, 1, 1, 1, 1, 1, 1, 1, 1, 0, 1], [0, 0, 0, 0, 0, 0, 0, 0, 0, 0, 0, 0, 0, 0, 0, 0, 0]], "vertex_count": 17}, "distances": [[0, 69.17, 77.68, 62.37, 81.13, 69.27, 78.52, 81.6, 63.17, 68.47, 75.42, 72.6, 70.09, 69.81, 60.04, 73.97, 0], [0, 0.0, 10.0, 8.52, 12.84, 9.63, 9.85, 14.22, 7.32, 15.14, 8.23, 10.75, 4.75, 12.83, 10.23, 4.92, 69.17], [0, 10.0, 0.0, 15.31, 13.75, 9.51, 8.96, 13.6, 14.52, 14.19, 10.37, 6.91, 12.74, 11.43, 17.64, 5.69, 77.68], [0, 8.52, 15.31, 0.0, 18.79, 8.18, 18.21, 22.72, 15.19, 11.1, 13.05, 11.22, 12.3, 10.23, 18.2, 12.37, 62.37], [0, 12.84, 13.75, 18.79, 0.0, 12.47, 8.77, 12.56, 17.96, 17.26, 5.79, 9.45, 14.74, 14.58, 21.1, 8.05, 81.13], [0, 9.63, 9.51, 8.18, 12.47, 0.0, 10.06, 14.56, 7.01, 14.38, 7.65, 11.51, 5.51, 12.06, 10.02, 4.71, 69.27], [0, 9.85, 8.96, 18.21, 8.77, 10.06, 0.0, 5.02, 17.06, 21.66, 9.5, 7.09, 8.63, 18.9, 20.06, 6.3, 78.52], [0, 14.22, 13.6, 22.72, 12.56, 14.56, 5.02, 0.0, 21.53, 26.68, 14.42, 11.9, 11.67, 23.91, 24.4, 11.26, 81.6], [0, 7.32, 14.52, 15.19, 17.96, 7.01, 17.06, 21.53, 0.0, 11.59, 12.27, 10.11, 11.09, 10.44, 17.02, 11.3, 63.17], [0, 15.14, 14.19, 11.1, 17.26, 14.38, 21.66, 26.68, 11.59, 0.0, 12.56, 15.39, 19.89, 21.34, 12.72, 15.59, 68.47], [0, 8.23, 10.37, 13.05, 5.79, 7.65, 9.5, 14.42, 12.27, 12.56, 0.0, 5.57, 11.57, 9.77, 15.38, 4.67, 75.42], [0, 10.75, 6.91, 11.22, 9.45, 11.51, 7.09, 11.9, 10.11, 15.39, 5.57, 0.0, 6.0, 12.77, 13.22, 10.24, 72.6], [0, 4.75, 12.74, 12.3, 14.74, 5.51, 8.63, 11.67, 11.09, 19.89, 11.57, 6.0, 0.0, 17.55, 13.47, 7.05, 70.09], [0, 12.83, 11.43, 10.23, 14.58, 12.06, 18.9, 23.91, 10.44, 21.34, 9.77, 12.77, 17.55, 0.0, 12.22, 12.88, 69.81], [0, 10.23, 17.64, 18.2, 21.1, 10.02, 20.06, 24.4, 17.02, 12.72, 15.38, 13.22, 13.47, 12.22, 0.0, 14.44, 60.04], [0, 4.92, 5.69, 12.37, 8.05, 4.71, 6.3, 11.26, 11.3, 15.59, 4.67, 10.24, 7.05, 12.88, 14.44, 0.0, 73.97], [0, 0, 0, 0, 0, 0, 0, 0, 0, 0, 0, 0, 0, 0, 0, 0, 0]], "end_depot": 16, "horizon": [0.0, 1633.0], "instance_name": "15_80_B_A3", "speed_zone_count": 3, "speed_zones": [[0.0, 411.0], [411.0, 822.0], [822.0, 1633.0]], "start_depot": 0, "time_windows": [[0.0, 1633.0], [43.0, 143.0], [194.0, 294.0], [210.0, 310.0], [224.0, 424.0], [265.0, 465.0], [369.0, 569.0], [392.0, 592.0], [517.0, 717.0], [658.0, 858.0], [827.0, 1027.0], [846.0, 1046.0], [848.0, 1048.0], [857.0, 1057.0], [897.0, 1097.0], [964.0, 1164.0], [0.0, 1633.0]], "vehicle_count": 1}