{"cluster_count": 3, "cluster_speeds": [[0.45, 1.0, 0.45], [0.475, 1.0, 0.475], [0.5, 1.0, 0.5]], "clusters": [[-1, 2, 2, 2, 2, 2, 2, 2, 2, 2, 2, 2, 2, 2, 2, 2, -1], [2, -1, 2, 2, 2, 2, 2, 2, 2, 2, 2, 2, 2, 2, 2, 2, 2], [2, 2, -1, 2, 2, 2, 2, 2, 2, 2, 2, 2, 2, 2, 2, 2, 2], [1, 1, 1, -1, 1, 1, 1, 1, 1, 1, 1, 1, 1, 1, 1, 1, 1], [2, 2, 2, 2, -1, 2, 2, 2, 2, 2, 2, 2, 2, 2, 2, 2, 2], [0, 0, 0, 0, 0, -1, 0, 0, 0, 0, 0, 0, 0, 0, 0, 0, 0], [1, 1, 1, 1, 1, 1, -1, 1, 1, 1, 1, 1, 1, 1, 1, 1, 1], [2, 2, 2, 2, 2, 2, 2, -1, 2, 2, 2, 2, 2, 2, 2, 2, 2], [2, 2, 2, 2, 2, 2, 2, 2, -1, 2, 2, 2, 2, 2, 2, 2, 2], [2, 2, 2, 2, 2, 2, 2, 2, 2, -1, 2, 2, 2, 2, 2, 2, 2], [0, 0, 0, 0, 0, 0, 0, 0, 0, 0, -1, 0, 0, 0, 0, 0, 0], [2, 2, 2, 2, 2, 2, 2, 2, 2, 2, 2, -1, 2, 2, 2, 2, 2], [0, 0, 0, 0, 0, 0, 0, 0, 0, 0, 0, 0, -1, 0, 0, 0, 0], [1, 1, 1, 1, 1, 1, 1, 1, 1, 1, 1, 1, 1, -1, 1, 1, 1], [2, 2, 2, 2, 2, 2, 2, 2, 2, 2, 2, 2, 2, 2, -1, 2, 2], [0, 0, 0, 0, 0, 0, 0, 0, 0, 0, 0, 0, 0, 0, 0, -1, 0], [-1, 2, 2, 2, 2, 2, 2, 2, 2, 2, 2, 2, 2, 2, 2, 2, -1]], "dataset_name": "guerriero_et_al_2014", "digraph": {"arc_count": 240, "arcs": [[0, 1, 1, 1, 1, 1, 1, 1, 1, 1, 1, 1, 1, 1, 1, 1, 0], [0, 0, 1, 1, 1, 1, 1, 1, 1, 1, 1, 1, 1, 1, 1, 1, 1], [0, 1, 0, 1, 1, 1, 1, 1, 1, 1, 1, 1, 1, 1, 1, 1, 1], [0, 1, 1, 0, 1, 1, 1, 1, 1, 1, 1, 1, 1, 1, 1, 1, 1], [0, 1, 1, 1, 0, 1, 1, 1, 1, 1, 1, 1, 1, 1, 1, 1, 1], [0, 1, 1, 1, 1, 0, 1, 1, 1, 1, 1, 1, 1, 1, 1, 1, 1], [0, 1, 1, 1, 1, 1, 0, 1, 1, 1, 1, 1, 1, 1, 1, 1, 1], [0, 1, 1, 1, 1, 1, 1, 0, 1, 1, 1, 1, 1, 1, 1, 1, 1], [0, 1, 1, 1, 1, 1, 1, 1, 0, 1, 1, 1, 1, 1, 1, 1, 1], [0, 1, 1, 1, 1, 1, 1, 1, 1, 0, 1, 1, 1, 1, 1, 1, 1], [0, 1, 1, 1, 1, 1, 1, 1, 1, 1, 0, 1, 1, 1, 1, 1, 1], [0, 1, 1, 1, 1, 1, 1, 1, 1, 1, 1, 0, 1, 1, 1, 1, 1], [0, 1, 1, 1, 1, 1, 1, 1, 1, 1, 1, 1, 0, 1, 1, 1, 1], [0, 1, 1, 1, 1, 1, 1, 1, 1, 1, 1, 1, 1, 0, 1, 1, 1], [0, 1, 1, 1, 1, 1, 1, 1, 1, 1, 1, 1, 1, 1, 0, 1, 1], [0, 1, 1, 1, 1, 1, 1, 1, 1, 1, 1, 1, 1, 1, 1, 0, 1], [0, 0, 0, 0, 0, 0, 0, 0, 0, 0, 0, 0, 0, 0, 0, 0, 0]], "vertex_count": 17}, "distances": [[0, 96.76, 57.22, 70.03, 61.76, 68.02, 55.94, 110.8, 42.64, 82.9, 64.73, 107.99, 71.19, 52.99, 40.01, 75.36, 0], [0, 0.0, 73.31, 28.31, 81.97, 36.11, 55.93, 31.49, 59.31, 13.89, 43.04, 17.81, 32.02, 47.77, 85.95, 38.14, 96.76], [0, 73.31, 0.0, 47.66, 9.71, 37.58, 18.62, 70.42, 27.47, 62.11, 30.48, 75.14, 41.53, 32.17, 20.56, 36.31, 57.22], [0, 28.31, 47.66, 0.0, 57.02, 11.0, 29.24, 43.13, 31.0, 15.11, 17.73, 38.01, 8.5, 19.46, 58.06, 19.47, 70.03], [0, 81.97, 9.71, 57.02, 0.0, 46.68, 28.23, 76.57, 36.7, 71.23, 39.58, 82.59, 50.53, 41.88, 22.22, 44.3, 61.76], [0, 36.11, 37.58, 11.0, 46.68, 0.0, 19.82, 42.78, 26.06, 24.55, 7.11, 41.61, 18.19, 15.03, 50.16, 10.34, 68.02], [0, 55.93, 18.62, 29.24, 28.23, 19.82, 0.0, 58.33, 15.09, 43.99, 13.05, 60.15, 23.92, 14.3, 30.81, 21.84, 55.94], [0, 31.49, 70.42, 43.13, 76.57, 42.78, 58.33, 0.0, 68.55, 37.59, 46.72, 15.33, 39.76, 57.81, 88.39, 36.56, 110.8], [0, 59.31, 27.47, 31.0, 36.7, 26.06, 15.09, 68.55, 0.0, 45.83, 22.1, 67.42, 29.68, 11.64, 28.87, 32.73, 42.64], [0, 13.89, 62.11, 15.11, 71.23, 24.55, 43.99, 37.59, 45.83, 0.0, 31.66, 27.77, 20.74, 34.45, 73.17, 29.47, 82.9], [0, 43.04, 30.48, 17.73, 39.58, 7.11, 13.05, 46.72, 22.1, 31.66, 0.0, 47.33, 11.07, 13.05, 43.76, 10.65, 64.73], [0, 17.81, 75.14, 38.01, 82.59, 41.61, 60.15, 15.33, 67.42, 27.77, 47.33, 0.0, 37.78, 55.91, 90.97, 38.96, 107.99], [0, 32.02, 41.53, 8.5, 50.53, 18.19, 23.92, 39.76, 29.68, 20.74, 11.07, 37.78, 0.0, 18.33, 54.26, 11.0, 71.19], [0, 47.77, 32.17, 19.46, 41.88, 15.03, 14.3, 57.81, 11.64, 34.45, 13.05, 55.91, 18.33, 0.0, 39.05, 23.32, 52.99], [0, 85.95, 20.56, 58.06, 22.22, 50.16, 30.81, 88.39, 28.87, 73.17, 43.76, 90.97, 54.26, 39.05, 0.0, 52.37, 40.01], [0, 38.14, 36.31, 19.47, 44.3, 10.34, 21.84, 36.56, 32.73, 29.47, 10.65, 38.96, 11.0, 23.32, 52.37, 0.0, 75.36], [0, 0, 0, 0, 0, 0, 0, 0, 0, 0, 0, 0, 0, 0, 0, 0, 0]], "end_depot": 16, "horizon": [0.0, 1999.24], "instance_name": "15_90_B_C9", "speed_zone_count": 3, "speed_zones": [[0.0, 533.08], [533.08, 1066.16], [1066.16, 1999.24]], "start_depot": 0, "time_windows": [[0.0, 1999.24], [179.0, 379.0], [38.0, 188.0], [222.0, 422.0], [309.0, 509.0], [511.0, 711.0], [521.0, 721.0], [524.0, 724.0], [571.0, 771.0], [595.0, 795.0], [616.0, 816.0], [737.0, 937.0], [860.0, 1060.0], [1039.0, 1239.0], [1374.0, 1574.0], [1396.0, 1596.0], [0.0, 1999.24]], "vehicle_count": 1}