{"cluster_count": 3, "cluster_speeds": [[0.49, 1.0, 0.49], [0.495, 1.0, 0.495], [0.5, 1.0, 0.5]], "clusters": [[-1, 2, 2, 2, 2, 2, 2, 2, 2, 2, 2, 2, 2, 2, 2, 2, -1], [0, -1, 0, 0, 0, 0, 0, 0, 0, 0, 0, 0, 0, 0, 0, 0, 0], [0, 0, -1, 0, 0, 0, 0, 0, 0, 0, 0, 0, 0, 0, 0, 0, 0], [2, 2, 2, -1, 2, 2, 2, 2, 2, 2, 2, 2, 2, 2, 2, 2, 2], [0, 0, 0, 0, -1, 0, 0, 0, 0, 0, 0, 0, 0, 0, 0, 0, 0], [0, 0, 0, 0, 0, -1, 0, 0, 0, 0, 0, 0, 0, 0, 0, 0, 0], [0, 0, 0, 0, 0, 0, -1, 0, 0, 0, 0, 0, 0, 0, 0, 0, 0], [0, 0, 0, 0, 0, 0, 0, -1, 0, 0, 0, 0, 0, 0, 0, 0, 0], [0, 0, 0, 0, 0, 0, 0, 0, -1, 0, 0, 0, 0, 0, 0, 0, 0], [0, 0, 0, 0, 0, 0, 0, 0, 0, -1, 0, 0, 0, 0, 0, 0, 0], [1, 1, 1, 1, 1, 1, 1, 1, 1, 1, -1, 1, 1, 1, 1, 1, 1], [1, 1, 1, 1, 1, 1, 1, 1, 1, 1, 1, -1, 1, 1, 1, 1, 1], [0, 0, 0, 0, 0, 0, 0, 0, 0, 0, 0, 0, -1, 0, 0, 0, 0], [0, 0, 0, 0, 0, 0, 0, 0, 0, 0, 0, 0, 0, -1, 0, 0, 0], [0, 0, 0, 0, 0, 0, 0, 0, 0, 0, 0, 0, 0, 0, -1, 0, 0], [0, 0, 0, 0, 0, 0, 0, 0, 0, 0, 0, 0, 0, 0, 0, -1, 0], [-1, 2, 2, 2, 2, 2, 2, 2, 2, 2, 2, 2, 2, 2, 2, 2, -1]], "dataset_name": "guerriero_et_al_2014", "digraph": {"arc_count": 240, "arcs": [[0, 1, 1, 1, 1, 1, 1, 1, 1, 1, 1, 1, 1, 1, 1, 1, 0], [0, 0, 1, 1, 1, 1, 1, 1, 1, 1, 1, 1, 1, 1, 1, 1, 1], [0, 1, 0, 1, 1, 1, 1, 1, 1, 1, 1, 1, 1, 1, 1, 1, 1], [0, 1, 1, 0, 1, 1, 1, 1, 1, 1, 1, 1, 1, 1, 1, 1, 1], [0, 1, 1, 1, 0, 1, 1, 1, 1, 1, 1, 1, 1, 1, 1, 1, 1], [0, 1, 1, 1, 1, 0, 1, 1, 1, 1, 1, 1, 1, 1, 1, 1, 1], [0, 1, 1, 1, 1, 1, 0, 1, 1, 1, 1, 1, 1, 1, 1, 1, 1], [0, 1, 1, 1, 1, 1, 1, 0, 1, 1, 1, 1, 1, 1, 1, 1, 1], [0, 1, 1, 1, 1, 1, 1, 1, 0, 1, 1, 1, 1, 1, 1, 1, 1], [0, 1, 1, 1, 1, 1, 1, 1, 1, 0, 1, 1, 1, 1, 1, 1, 1], [0, 1, 1, 1, 1, 1, 1, 1, 1, 1, 0, 1, 1, 1, 1, 1, 1], [0, 1, 1, 1, 1, 1, 1, 1, 1, 1, 1, 0, 1, 1, 1, 1, 1], [0, 1, 1, 1, 1, 1, 1, 1, 1, 1, 1, 1, 0, 1, 1, 1, 1], [0, 1, 1, 1, 1, 1, 1, 1, 1, 1, 1, 1, 1, 0, 1, 1, 1], [0, 1, 1, 1, 1, 1, 1, 1, 1, 1, 1, 1, 1, 1, 0, 1, 1], [0, 1, 1, 1, 1, 1, 1, 1, 1, 1, 1, 1, 1, 1, 1, 0, 1], [0, 0, 0, 0, 0, 0, 0, 0, 0, 0, 0, 0, 0, 0, 0, 0, 0]], "vertex_count": 17}, "distances": [[0, 74.03, 73.23, 48.37, 62.37, 81.87, 61.35, 73.44, 60.78, 73.15, 75.12, 69.27, 68.73, 68.48, 81.16, 58.22, 0], [0, 0.0, 20.96, 44.9, 15.72, 15.16, 25.74, 20.18, 26.88, 24.93, 4.69, 30.58, 8.49, 9.9, 18.66, 22.11, 74.03], [0, 20.96, 0.0, 32.01, 13.96, 12.6, 12.31, 17.97, 13.18, 17.86, 25.65, 10.69, 14.36, 12.94, 9.29, 15.35, 73.23], [0, 44.9, 32.01, 0.0, 29.19, 44.07, 20.49, 32.61, 19.38, 30.02, 48.63, 23.91, 36.56, 35.35, 41.29, 22.8, 48.37], [0, 15.72, 13.96, 29.19, 0.0, 19.51, 11.08, 13.68, 12.1, 16.48, 19.52, 18.97, 7.56, 6.64, 19.39, 6.39, 62.37], [0, 15.16, 12.6, 44.07, 19.51, 0.0, 23.68, 11.85, 24.74, 15.98, 19.08, 23.11, 14.26, 13.94, 4.61, 24.12, 81.87], [0, 25.74, 12.31, 20.49, 11.08, 23.68, 0.0, 12.74, 13.9, 11.81, 29.99, 9.9, 17.27, 15.84, 21.31, 6.63, 61.35], [0, 20.18, 17.97, 32.61, 13.68, 11.85, 12.74, 0.0, 13.65, 4.83, 24.86, 11.51, 13.7, 12.32, 8.68, 15.43, 73.44], [0, 26.88, 13.18, 19.38, 12.1, 24.74, 13.9, 13.65, 0.0, 12.39, 31.12, 9.78, 18.4, 16.99, 22.27, 7.27, 60.78], [0, 24.93, 17.86, 30.02, 16.48, 15.98, 11.81, 4.83, 12.39, 0.0, 29.61, 7.17, 18.03, 16.56, 12.07, 16.4, 73.15], [0, 4.69, 25.65, 48.63, 19.52, 19.08, 29.99, 24.86, 31.12, 29.61, 0.0, 35.21, 12.78, 14.27, 22.92, 25.86, 75.12], [0, 30.58, 10.69, 23.91, 18.97, 23.11, 9.9, 11.51, 9.78, 7.17, 35.21, 0.0, 22.81, 21.26, 19.24, 16.3, 69.27], [0, 8.49, 14.36, 36.56, 7.56, 14.26, 17.27, 13.7, 18.4, 18.03, 12.78, 22.81, 0.0, 14.2, 15.77, 13.86, 68.73], [0, 9.9, 12.94, 35.35, 6.64, 13.94, 15.84, 12.32, 16.99, 16.56, 14.27, 21.26, 14.2, 0.0, 15.01, 12.78, 68.48], [0, 18.66, 9.29, 41.29, 19.39, 4.61, 21.31, 8.68, 22.27, 12.07, 22.92, 19.24, 15.77, 15.01, 0.0, 22.96, 81.16], [0, 22.11, 15.35, 22.8, 6.39, 24.12, 6.63, 15.43, 7.27, 16.4, 25.86, 16.3, 13.86, 12.78, 22.96, 0.0, 58.22], [0, 0, 0, 0, 0, 0, 0, 0, 0, 0, 0, 0, 0, 0, 0, 0, 0]], "end_depot": 16, "horizon": [0.0, 1662.52], "instance_name": "15_98_B_B3", "speed_zone_count": 3, "speed_zones": [[0.0, 420.84], [420.84, 841.68], [841.68, 1662.52]], "start_depot": 0, "time_windows": [[0.0, 1662.52], [174.0, 374.0], [175.0, 375.0], [182.0, 382.0], [218.0, 418.0], [326.0, 526.0], [434.0, 634.0], [451.0, 651.0], [454.0, 654.0], [476.0, 676.0], [507.0, 707.0], [572.0, 772.0], [656.0, 856.0], [806.0, 1006.0], [815.0, 1015.0], [941.0, 1141.0], [0.0, 1662.52]], "vehicle_count": 1}