{"cluster_count": 3, "cluster_speeds": [[0.49, 1.0, 0.49], [0.495, 1.0, 0.495], [0.5, 1.0, 0.5]], "clusters": [[-1, 2, 2, 2, 2, 2, 2, 2, 2, 2, 2, 2, 2, 2, 2, 2, -1], [0, -1, 0, 0, 0, 0, 0, 0, 0, 0, 0, 0, 0, 0, 0, 0, 0], [1, 1, -1, 1, 1, 1, 1, 1, 1, 1, 1, 1, 1, 1, 1, 1, 1], [1, 1, 1, -1, 1, 1, 1, 1, 1, 1, 1, 1, 1, 1, 1, 1, 1], [0, 0, 0, 0, -1, 0, 0, 0, 0, 0, 0, 0, 0, 0, 0, 0, 0], [1, 1, 1, 1, 1, -1, 1, 1, 1, 1, 1, 1, 1, 1, 1, 1, 1], [1, 1, 1, 1, 1, 1, -1, 1, 1, 1, 1, 1, 1, 1, 1, 1, 1], [2, 2, 2, 2, 2, 2, 2, -1, 2, 2, 2, 2, 2, 2, 2, 2, 2], [2, 2, 2, 2, 2, 2, 2, 2, -1, 2, 2, 2, 2, 2, 2, 2, 2], [0, 0, 0, 0, 0, 0, 0, 0, 0, -1, 0, 0, 0, 0, 0, 0, 0], [0, 0, 0, 0, 0, 0, 0, 0, 0, 0, -1, 0, 0, 0, 0, 0, 0], [1, 1, 1, 1, 1, 1, 1, 1, 1, 1, 1, -1, 1, 1, 1, 1, 1], [1, 1, 1, 1, 1, 1, 1, 1, 1, 1, 1, 1, -1, 1, 1, 1, 1], [2, 2, 2, 2, 2, 2, 2, 2, 2, 2, 2, 2, 2, -1, 2, 2, 2], [0, 0, 0, 0, 0, 0, 0, 0, 0, 0, 0, 0, 0, 0, -1, 0, 0], [2, 2, 2, 2, 2, 2, 2, 2, 2, 2, 2, 2, 2, 2, 2, -1, 2], [-1, 2, 2, 2, 2, 2, 2, 2, 2, 2, 2, 2, 2, 2, 2, 2, -1]], "dataset_name": "guerriero_et_al_2014", "digraph": {"arc_count": 240, "arcs": [[0, 1, 1, 1, 1, 1, 1, 1, 1, 1, 1, 1, 1, 1, 1, 1, 0], [0, 0, 1, 1, 1, 1, 1, 1, 1, 1, 1, 1, 1, 1, 1, 1, 1], [0, 1, 0, 1, 1, 1, 1, 1, 1, 1, 1, 1, 1, 1, 1, 1, 1], [0, 1, 1, 0, 1, 1, 1, 1, 1, 1, 1, 1, 1, 1, 1, 1, 1], [0, 1, 1, 1, 0, 1, 1, 1, 1, 1, 1, 1, 1, 1, 1, 1, 1], [0, 1, 1, 1, 1, 0, 1, 1, 1, 1, 1, 1, 1, 1, 1, 1, 1], [0, 1, 1, 1, 1, 1, 0, 1, 1, 1, 1, 1, 1, 1, 1, 1, 1], [0, 1, 1, 1, 1, 1, 1, 0, 1, 1, 1, 1, 1, 1, 1, 1, 1], [0, 1, 1, 1, 1, 1, 1, 1, 0, 1, 1, 1, 1, 1, 1, 1, 1], [0, 1, 1, 1, 1, 1, 1, 1, 1, 0, 1, 1, 1, 1, 1, 1, 1], [0, 1, 1, 1, 1, 1, 1, 1, 1, 1, 0, 1, 1, 1, 1, 1, 1], [0, 1, 1, 1, 1, 1, 1, 1, 1, 1, 1, 0, 1, 1, 1, 1, 1], [0, 1, 1, 1, 1, 1, 1, 1, 1, 1, 1, 1, 0, 1, 1, 1, 1], [0, 1, 1, 1, 1, 1, 1, 1, 1, 1, 1, 1, 1, 0, 1, 1, 1], [0, 1, 1, 1, 1, 1, 1, 1, 1, 1, 1, 1, 1, 1, 0, 1, 1], [0, 1, 1, 1, 1, 1, 1, 1, 1, 1, 1, 1, 1, 1, 1, 0, 1], [0, 0, 0, 0, 0, 0, 0, 0, 0, 0, 0, 0, 0, 0, 0, 0, 0]], "vertex_count": 17}, "distances": [[0, 56.89, 89.34, 55.95, 75.5, 55.2, 75.57, 80.49, 70.37, 67.84, 67.25, 88.16, 49.97, 96.79, 67.36, 91.27, 0], [0, 0.0, 32.51, 18.47, 22.81, 20.15, 27.46, 32.54, 31.6, 12.6, 11.07, 32.32, 10.65, 40.5, 10.68, 35.68, 56.89], [0, 32.51, 0.0, 39.47, 19.75, 41.23, 26.63, 31.81, 38.52, 23.76, 23.23, 7.69, 40.2, 9.53, 22.53, 14.76, 89.34], [0, 18.47, 39.47, 0.0, 21.22, 23.17, 19.67, 50.0, 16.48, 28.79, 26.4, 35.51, 11.07, 44.33, 24.9, 48.1, 55.95], [0, 22.81, 19.75, 21.22, 0.0, 22.74, 8.05, 41.45, 19.18, 22.85, 20.53, 14.48, 25.71, 23.2, 18.63, 31.79, 75.5], [0, 20.15, 41.23, 23.17, 22.74, 0.0, 20.66, 51.86, 16.29, 30.67, 28.3, 37.11, 12.11, 45.91, 26.8, 50.0, 55.2], [0, 27.46, 26.63, 19.67, 8.05, 20.66, 0.0, 49.37, 11.95, 30.06, 27.59, 20.13, 27.34, 28.02, 25.64, 39.55, 75.57], [0, 32.54, 31.81, 50.0, 41.45, 51.86, 49.37, 0.0, 58.69, 21.29, 23.8, 38.2, 43.11, 40.74, 25.54, 20.22, 80.49], [0, 31.6, 38.52, 16.48, 19.18, 16.29, 11.95, 58.69, 0.0, 38.02, 35.43, 32.07, 27.17, 39.77, 33.52, 50.95, 70.37], [0, 12.6, 23.76, 28.79, 22.85, 30.67, 30.06, 21.29, 38.02, 0.0, 23.66, 26.28, 23.11, 32.93, 4.51, 23.57, 67.84], [0, 11.07, 23.23, 26.4, 20.53, 28.3, 27.59, 23.8, 35.43, 23.66, 0.0, 25.01, 21.29, 32.13, 21.74, 24.63, 67.25], [0, 32.32, 7.69, 35.51, 14.48, 37.11, 20.13, 38.2, 32.07, 26.28, 25.01, 0.0, 38.27, 8.86, 23.77, 22.4, 88.16], [0, 10.65, 40.2, 11.07, 25.71, 12.11, 27.34, 43.11, 27.17, 23.11, 21.29, 38.27, 0.0, 46.99, 20.46, 45.52, 49.97], [0, 40.5, 9.53, 44.33, 23.2, 45.91, 28.02, 40.74, 39.77, 32.93, 32.13, 8.86, 46.99, 0.0, 31.18, 21.92, 96.79], [0, 10.68, 22.53, 24.9, 18.63, 26.8, 25.64, 25.54, 33.52, 4.51, 21.74, 23.77, 20.46, 31.18, 0.0, 25.13, 67.36], [0, 35.68, 14.76, 48.1, 31.79, 50.0, 39.55, 20.22, 50.95, 23.57, 24.63, 22.4, 45.52, 21.92, 25.13, 0.0, 91.27], [0, 0, 0, 0, 0, 0, 0, 0, 0, 0, 0, 0, 0, 0, 0, 0, 0]], "end_depot": 16, "horizon": [0.0, 1964.47], "instance_name": "15_98_B_C5", "speed_zone_count": 3, "speed_zones": [[0.0, 521.49], [521.49, 1042.98], [1042.98, 1964.47]], "start_depot": 0, "time_windows": [[0.0, 1964.47], [23.0, 173.0], [90.0, 240.0], [132.0, 282.0], [239.0, 389.0], [320.0, 470.0], [435.0, 585.0], [800.0, 1000.0], [844.0, 1044.0], [861.0, 1061.0], [883.0, 1083.0], [1087.0, 1287.0], [1110.0, 1310.0], [1138.0, 1338.0], [1166.0, 1366.0], [1329.0, 1529.0], [0.0, 1964.47]], "vehicle_count": 1}