{"cluster_count": 3, "cluster_speeds": [[0.5, 1.0, 0.5], [0.45, 1.0, 0.45], [0.475, 1.0, 0.475]], "clusters": [[-1, 2, 2, 2, 2, 2, 2, 2, 2, 2, 2, 2, 2, 2, 2, 2, -1], [1, -1, 1, 1, 1, 1, 1, 1, 1, 1, 1, 1, 1, 1, 1, 1, 1], [0, 0, -1, 0, 0, 0, 0, 0, 0, 0, 0, 0, 0, 0, 0, 0, 0], [1, 1, 1, -1, 1, 1, 1, 1, 1, 1, 1, 1, 1, 1, 1, 1, 1], [0, 0, 0, 0, -1, 0, 0, 0, 0, 0, 0, 0, 0, 0, 0, 0, 0], [1, 1, 1, 1, 1, -1, 1, 1, 1, 1, 1, 1, 1, 1, 1, 1, 1], [1, 1, 1, 1, 1, 1, -1, 1, 1, 1, 1, 1, 1, 1, 1, 1, 1], [0, 0, 0, 0, 0, 0, 0, -1, 0, 0, 0, 0, 0, 0, 0, 0, 0], [1, 1, 1, 1, 1, 1, 1, 1, -1, 1, 1, 1, 1, 1, 1, 1, 1], [2, 2, 2, 2, 2, 2, 2, 2, 2, -1, 2, 2, 2, 2, 2, 2, 2], [1, 1, 1, 1, 1, 1, 1, 1, 1, 1, -1, 1, 1, 1, 1, 1, 1], [1, 1, 1, 1, 1, 1, 1, 1, 1, 1, 1, -1, 1, 1, 1, 1, 1], [0, 0, 0, 0, 0, 0, 0, 0, 0, 0, 0, 0, -1, 0, 0, 0, 0], [1, 1, 1, 1, 1, 1, 1, 1, 1, 1, 1, 1, 1, -1, 1, 1, 1], [0, 0, 0, 0, 0, 0, 0, 0, 0, 0, 0, 0, 0, 0, -1, 0, 0], [1, 1, 1, 1, 1, 1, 1, 1, 1, 1, 1, 1, 1, 1, 1, -1, 1], [-1, 2, 2, 2, 2, 2, 2, 2, 2, 2, 2, 2, 2, 2, 2, 2, -1]], "dataset_name": "guerriero_et_al_2014", "digraph": {"arc_count": 240, "arcs": [[0, 1, 1, 1, 1, 1, 1, 1, 1, 1, 1, 1, 1, 1, 1, 1, 0], [0, 0, 1, 1, 1, 1, 1, 1, 1, 1, 1, 1, 1, 1, 1, 1, 1], [0, 1, 0, 1, 1, 1, 1, 1, 1, 1, 1, 1, 1, 1, 1, 1, 1], [0, 1, 1, 0, 1, 1, 1, 1, 1, 1, 1, 1, 1, 1, 1, 1, 1], [0, 1, 1, 1, 0, 1, 1, 1, 1, 1, 1, 1, 1, 1, 1, 1, 1], [0, 1, 1, 1, 1, 0, 1, 1, 1, 1, 1, 1, 1, 1, 1, 1, 1], [0, 1, 1, 1, 1, 1, 0, 1, 1, 1, 1, 1, 1, 1, 1, 1, 1], [0, 1, 1, 1, 1, 1, 1, 0, 1, 1, 1, 1, 1, 1, 1, 1, 1], [0, 1, 1, 1, 1, 1, 1, 1, 0, 1, 1, 1, 1, 1, 1, 1, 1], [0, 1, 1, 1, 1, 1, 1, 1, 1, 0, 1, 1, 1, 1, 1, 1, 1], [0, 1, 1, 1, 1, 1, 1, 1, 1, 1, 0, 1, 1, 1, 1, 1, 1], [0, 1, 1, 1, 1, 1, 1, 1, 1, 1, 1, 0, 1, 1, 1, 1, 1], [0, 1, 1, 1, 1, 1, 1, 1, 1, 1, 1, 1, 0, 1, 1, 1, 1], [0, 1, 1, 1, 1, 1, 1, 1, 1, 1, 1, 1, 1, 0, 1, 1, 1], [0, 1, 1, 1, 1, 1, 1, 1, 1, 1, 1, 1, 1, 1, 0, 1, 1], [0, 1, 1, 1, 1, 1, 1, 1, 1, 1, 1, 1, 1, 1, 1, 0, 1], [0, 0, 0, 0, 0, 0, 0, 0, 0, 0, 0, 0, 0, 0, 0, 0, 0]], "vertex_count": 17}, "distances": [[0, 49.85, 78.63, 94.73, 67.26, 68.83, 68.91, 61.38, 61.21, 69.79, 60.48, 93.99, 60.29, 54.7, 76.05, 76.66, 0], [0, 0.0, 28.83, 44.91, 19.63, 22.42, 24.66, 14.11, 18.12, 36.28, 18.03, 44.23, 11.2, 10.31, 27.92, 30.84, 49.85], [0, 28.83, 0.0, 16.78, 17.61, 16.22, 23.78, 19.13, 23.51, 37.11, 24.44, 16.47, 19.64, 25.78, 10.27, 21.41, 78.63], [0, 44.91, 16.78, 0.0, 29.36, 31.89, 32.3, 35.89, 39.81, 50.48, 40.76, 33.25, 34.62, 42.56, 24.32, 26.03, 94.73], [0, 19.63, 17.61, 29.36, 0.0, 24.49, 7.72, 20.34, 27.01, 45.55, 27.63, 28.29, 8.74, 23.62, 24.02, 11.42, 67.26], [0, 22.42, 16.22, 31.89, 24.49, 0.0, 32.2, 8.32, 8.34, 21.8, 9.26, 31.92, 19.79, 14.25, 7.99, 33.44, 68.83], [0, 24.66, 23.78, 32.3, 7.72, 32.2, 0.0, 27.84, 34.52, 53.22, 35.08, 31.01, 15.16, 30.45, 31.33, 7.89, 68.91], [0, 14.11, 19.13, 35.89, 20.34, 8.32, 27.84, 0.0, 6.68, 25.65, 7.29, 35.6, 13.48, 6.86, 14.68, 30.93, 61.38], [0, 18.12, 23.51, 39.81, 27.01, 8.34, 34.52, 6.68, 0.0, 19.19, 13.96, 39.73, 19.99, 8.05, 16.32, 37.46, 61.21], [0, 36.28, 37.11, 50.48, 45.55, 21.8, 53.22, 25.65, 19.19, 0.0, 18.89, 50.91, 39.12, 26.05, 27.03, 55.17, 69.79], [0, 18.03, 24.44, 40.76, 27.63, 9.26, 35.08, 7.29, 13.96, 18.89, 0.0, 40.67, 20.43, 7.82, 17.25, 38.17, 60.48], [0, 44.23, 16.47, 33.25, 28.29, 31.92, 31.01, 35.6, 39.73, 50.91, 40.67, 0.0, 33.8, 42.2, 24.49, 24.64, 93.99], [0, 11.2, 19.64, 34.62, 8.74, 19.79, 15.16, 13.48, 19.99, 39.12, 20.43, 33.8, 0.0, 15.29, 22.17, 20.16, 60.29], [0, 10.31, 25.78, 42.56, 23.62, 14.25, 30.45, 6.86, 8.05, 26.05, 7.82, 42.2, 15.29, 0.0, 21.38, 34.89, 54.7], [0, 27.92, 10.27, 24.32, 24.02, 7.99, 31.33, 14.68, 16.32, 27.03, 17.25, 24.49, 22.17, 21.38, 0.0, 30.65, 76.05], [0, 30.84, 21.41, 26.03, 11.42, 33.44, 7.89, 30.93, 37.46, 55.17, 38.17, 24.64, 20.16, 34.89, 30.65, 0.0, 76.66], [0, 0, 0, 0, 0, 0, 0, 0, 0, 0, 0, 0, 0, 0, 0, 0, 0]], "end_depot": 16, "horizon": [0.0, 1946.08], "instance_name": "15_90_A_C4", "speed_zone_count": 3, "speed_zones": [[0.0, 515.36], [515.36, 1030.72], [1030.72, 1946.08]], "start_depot": 0, "time_windows": [[0.0, 1946.08], [109.0, 189.0], [218.0, 368.0], [453.0, 603.0], [532.0, 682.0], [548.0, 698.0], [600.0, 750.0], [787.0, 987.0], [868.0, 1068.0], [950.0, 1150.0], [978.0, 1178.0], [1058.0, 1258.0], [1117.0, 1317.0], [1133.0, 1333.0], [1172.0, 1372.0], [1333.0, 1533.0], [0.0, 1946.08]], "vehicle_count": 1}