{"cluster_count": 3, "cluster_speeds": [[0.5, 1.0, 0.5], [0.5, 1.0, 0.5], [0.49, 1.0, 0.49]], "clusters": [[-1, 2, 2, 2, 2, 2, 2, 2, 2, 2, 2, 2, 2, 2, 2, 2, -1], [1, -1, 1, 1, 1, 1, 1, 1, 1, 1, 1, 1, 1, 1, 1, 1, 1], [1, 1, -1, 1, 1, 1, 1, 1, 1, 1, 1, 1, 1, 1, 1, 1, 1], [0, 0, 0, -1, 0, 0, 0, 0, 0, 0, 0, 0, 0, 0, 0, 0, 0], [1, 1, 1, 1, -1, 1, 1, 1, 1, 1, 1, 1, 1, 1, 1, 1, 1], [2, 2, 2, 2, 2, -1, 2, 2, 2, 2, 2, 2, 2, 2, 2, 2, 2], [1, 1, 1, 1, 1, 1, -1, 1, 1, 1, 1, 1, 1, 1, 1, 1, 1], [1, 1, 1, 1, 1, 1, 1, -1, 1, 1, 1, 1, 1, 1, 1, 1, 1], [0, 0, 0, 0, 0, 0, 0, 0, -1, 0, 0, 0, 0, 0, 0, 0, 0], [1, 1, 1, 1, 1, 1, 1, 1, 1, -1, 1, 1, 1, 1, 1, 1, 1], [0, 0, 0, 0, 0, 0, 0, 0, 0, 0, -1, 0, 0, 0, 0, 0, 0], [1, 1, 1, 1, 1, 1, 1, 1, 1, 1, 1, -1, 1, 1, 1, 1, 1], [0, 0, 0, 0, 0, 0, 0, 0, 0, 0, 0, 0, -1, 0, 0, 0, 0], [0, 0, 0, 0, 0, 0, 0, 0, 0, 0, 0, 0, 0, -1, 0, 0, 0], [1, 1, 1, 1, 1, 1, 1, 1, 1, 1, 1, 1, 1, 1, -1, 1, 1], [1, 1, 1, 1, 1, 1, 1, 1, 1, 1, 1, 1, 1, 1, 1, -1, 1], [-1, 2, 2, 2, 2, 2, 2, 2, 2, 2, 2, 2, 2, 2, 2, 2, -1]], "dataset_name": "guerriero_et_al_2014", "digraph": {"arc_count": 240, "arcs": [[0, 1, 1, 1, 1, 1, 1, 1, 1, 1, 1, 1, 1, 1, 1, 1, 0], [0, 0, 1, 1, 1, 1, 1, 1, 1, 1, 1, 1, 1, 1, 1, 1, 1], [0, 1, 0, 1, 1, 1, 1, 1, 1, 1, 1, 1, 1, 1, 1, 1, 1], [0, 1, 1, 0, 1, 1, 1, 1, 1, 1, 1, 1, 1, 1, 1, 1, 1], [0, 1, 1, 1, 0, 1, 1, 1, 1, 1, 1, 1, 1, 1, 1, 1, 1], [0, 1, 1, 1, 1, 0, 1, 1, 1, 1, 1, 1, 1, 1, 1, 1, 1], [0, 1, 1, 1, 1, 1, 0, 1, 1, 1, 1, 1, 1, 1, 1, 1, 1], [0, 1, 1, 1, 1, 1, 1, 0, 1, 1, 1, 1, 1, 1, 1, 1, 1], [0, 1, 1, 1, 1, 1, 1, 1, 0, 1, 1, 1, 1, 1, 1, 1, 1], [0, 1, 1, 1, 1, 1, 1, 1, 1, 0, 1, 1, 1, 1, 1, 1, 1], [0, 1, 1, 1, 1, 1, 1, 1, 1, 1, 0, 1, 1, 1, 1, 1, 1], [0, 1, 1, 1, 1, 1, 1, 1, 1, 1, 1, 0, 1, 1, 1, 1, 1], [0, 1, 1, 1, 1, 1, 1, 1, 1, 1, 1, 1, 0, 1, 1, 1, 1], [0, 1, 1, 1, 1, 1, 1, 1, 1, 1, 1, 1, 1, 0, 1, 1, 1], [0, 1, 1, 1, 1, 1, 1, 1, 1, 1, 1, 1, 1, 1, 0, 1, 1], [0, 1, 1, 1, 1, 1, 1, 1, 1, 1, 1, 1, 1, 1, 1, 0, 1], [0, 0, 0, 0, 0, 0, 0, 0, 0, 0, 0, 0, 0, 0, 0, 0, 0]], "vertex_count": 17}, "distances": [[0, 68.83, 68.91, 61.38, 61.21, 69.79, 60.48, 93.99, 60.29, 54.7, 76.05, 76.66, 83.04, 73.23, 58.69, 74.71, 0], [0, 0.0, 32.2, 8.32, 8.34, 21.8, 9.26, 31.92, 19.79, 14.25, 7.99, 33.44, 18.96, 29.73, 11.48, 5.89, 68.83], [0, 32.2, 0.0, 27.84, 34.52, 53.22, 35.08, 31.01, 15.16, 30.45, 31.33, 7.89, 27.02, 5.81, 36.4, 34.39, 68.91], [0, 8.32, 27.84, 0.0, 6.68, 25.65, 7.29, 35.6, 13.48, 6.86, 14.68, 30.93, 23.03, 26.79, 8.9, 13.97, 61.38], [0, 8.34, 34.52, 6.68, 0.0, 19.19, 13.96, 39.73, 19.99, 8.05, 16.32, 37.46, 26.79, 33.37, 15.58, 13.87, 61.21], [0, 21.8, 53.22, 25.65, 19.19, 0.0, 18.89, 50.91, 39.12, 26.05, 27.03, 55.17, 38.67, 51.33, 18.46, 22.87, 69.79], [0, 9.26, 35.08, 7.29, 13.96, 18.89, 0.0, 40.67, 20.43, 7.82, 17.25, 38.17, 27.74, 34.06, 15.43, 14.74, 60.48], [0, 31.92, 31.01, 35.6, 39.73, 50.91, 40.67, 0.0, 33.8, 42.2, 24.49, 24.64, 12.97, 25.2, 42.89, 28.43, 93.99], [0, 19.79, 15.16, 13.48, 19.99, 39.12, 20.43, 33.8, 0.0, 15.29, 22.17, 20.16, 24.08, 15.9, 21.52, 23.8, 60.29], [0, 14.25, 30.45, 6.86, 8.05, 26.05, 7.82, 42.2, 15.29, 0.0, 21.38, 34.89, 29.8, 30.62, 7.61, 20.13, 54.7], [0, 7.99, 31.33, 14.68, 16.32, 27.03, 17.25, 24.49, 22.17, 21.38, 0.0, 30.65, 11.75, 27.58, 19.47, 4.17, 76.05], [0, 33.44, 7.89, 30.93, 37.46, 55.17, 38.17, 24.64, 20.16, 34.89, 30.65, 0.0, 23.56, 4.28, 39.82, 34.3, 76.66], [0, 18.96, 27.02, 23.03, 26.79, 38.67, 27.74, 12.97, 24.08, 29.8, 11.75, 23.56, 0.0, 21.84, 29.97, 15.84, 83.04], [0, 29.73, 5.81, 26.79, 33.37, 51.33, 34.06, 25.2, 15.9, 30.62, 27.58, 4.28, 21.84, 0.0, 35.66, 31.03, 73.23], [0, 11.48, 36.4, 8.9, 15.58, 18.46, 15.43, 42.89, 21.52, 7.61, 19.47, 39.82, 29.97, 35.66, 0.0, 16.86, 58.69], [0, 5.89, 34.39, 13.97, 13.87, 22.87, 14.74, 28.43, 23.8, 20.13, 4.17, 34.3, 15.84, 31.03, 16.86, 0.0, 74.71], [0, 0, 0, 0, 0, 0, 0, 0, 0, 0, 0, 0, 0, 0, 0, 0, 0]], "end_depot": 16, "horizon": [0.0, 1818.85], "instance_name": "15_98_A_C8", "speed_zone_count": 3, "speed_zones": [[0.0, 472.95], [472.95, 945.9], [945.9, 1818.85]], "start_depot": 0, "time_windows": [[0.0, 1818.85], [128.0, 228.0], [144.0, 244.0], [419.0, 569.0], [501.0, 651.0], [576.0, 726.0], [590.0, 740.0], [606.0, 806.0], [680.0, 880.0], [722.0, 922.0], [759.0, 959.0], [878.0, 1078.0], [1040.0, 1240.0], [1040.0, 1240.0], [1051.0, 1251.0], [1169.0, 1369.0], [0.0, 1818.85]], "vehicle_count": 1}