{"cluster_count": 3, "cluster_speeds": [[0.45, 1.0, 0.45], [0.475, 1.0, 0.475], [0.5, 1.0, 0.5]], "clusters": [[-1, 2, 2, 2, 2, 2, 2, 2, 2, 2, 2, 2, 2, 2, 2, 2, -1], [0, -1, 0, 0, 0, 0, 0, 0, 0, 0, 0, 0, 0, 0, 0, 0, 0], [0, 0, -1, 0, 0, 0, 0, 0, 0, 0, 0, 0, 0, 0, 0, 0, 0], [2, 2, 2, -1, 2, 2, 2, 2, 2, 2, 2, 2, 2, 2, 2, 2, 2], [0, 0, 0, 0, -1, 0, 0, 0, 0, 0, 0, 0, 0, 0, 0, 0, 0], [0, 0, 0, 0, 0, -1, 0, 0, 0, 0, 0, 0, 0, 0, 0, 0, 0], [2, 2, 2, 2, 2, 2, -1, 2, 2, 2, 2, 2, 2, 2, 2, 2, 2], [0, 0, 0, 0, 0, 0, 0, -1, 0, 0, 0, 0, 0, 0, 0, 0, 0], [1, 1, 1, 1, 1, 1, 1, 1, -1, 1, 1, 1, 1, 1, 1, 1, 1], [0, 0, 0, 0, 0, 0, 0, 0, 0, -1, 0, 0, 0, 0, 0, 0, 0], [1, 1, 1, 1, 1, 1, 1, 1, 1, 1, -1, 1, 1, 1, 1, 1, 1], [0, 0, 0, 0, 0, 0, 0, 0, 0, 0, 0, -1, 0, 0, 0, 0, 0], [0, 0, 0, 0, 0, 0, 0, 0, 0, 0, 0, 0, -1, 0, 0, 0, 0], [2, 2, 2, 2, 2, 2, 2, 2, 2, 2, 2, 2, 2, -1, 2, 2, 2], [0, 0, 0, 0, 0, 0, 0, 0, 0, 0, 0, 0, 0, 0, -1, 0, 0], [1, 1, 1, 1, 1, 1, 1, 1, 1, 1, 1, 1, 1, 1, 1, -1, 1], [-1, 2, 2, 2, 2, 2, 2, 2, 2, 2, 2, 2, 2, 2, 2, 2, -1]], "dataset_name": "guerriero_et_al_2014", "digraph": {"arc_count": 240, "arcs": [[0, 1, 1, 1, 1, 1, 1, 1, 1, 1, 1, 1, 1, 1, 1, 1, 0], [0, 0, 1, 1, 1, 1, 1, 1, 1, 1, 1, 1, 1, 1, 1, 1, 1], [0, 1, 0, 1, 1, 1, 1, 1, 1, 1, 1, 1, 1, 1, 1, 1, 1], [0, 1, 1, 0, 1, 1, 1, 1, 1, 1, 1, 1, 1, 1, 1, 1, 1], [0, 1, 1, 1, 0, 1, 1, 1, 1, 1, 1, 1, 1, 1, 1, 1, 1], [0, 1, 1, 1, 1, 0, 1, 1, 1, 1, 1, 1, 1, 1, 1, 1, 1], [0, 1, 1, 1, 1, 1, 0, 1, 1, 1, 1, 1, 1, 1, 1, 1, 1], [0, 1, 1, 1, 1, 1, 1, 0, 1, 1, 1, 1, 1, 1, 1, 1, 1], [0, 1, 1, 1, 1, 1, 1, 1, 0, 1, 1, 1, 1, 1, 1, 1, 1], [0, 1, 1, 1, 1, 1, 1, 1, 1, 0, 1, 1, 1, 1, 1, 1, 1], [0, 1, 1, 1, 1, 1, 1, 1, 1, 1, 0, 1, 1, 1, 1, 1, 1], [0, 1, 1, 1, 1, 1, 1, 1, 1, 1, 1, 0, 1, 1, 1, 1, 1], [0, 1, 1, 1, 1, 1, 1, 1, 1, 1, 1, 1, 0, 1, 1, 1, 1], [0, 1, 1, 1, 1, 1, 1, 1, 1, 1, 1, 1, 1, 0, 1, 1, 1], [0, 1, 1, 1, 1, 1, 1, 1, 1, 1, 1, 1, 1, 1, 0, 1, 1], [0, 1, 1, 1, 1, 1, 1, 1, 1, 1, 1, 1, 1, 1, 1, 0, 1], [0, 0, 0, 0, 0, 0, 0, 0, 0, 0, 0, 0, 0, 0, 0, 0, 0]], "vertex_count": 17}, "distances": [[0, 79.38, 68.77, 52.81, 57.67, 68.63, 100.17, 63.26, 70.67, 72.93, 91.39, 69.09, 70.85, 57.57, 80.5, 91.1, 0], [0, 0.0, 13.92, 34.06, 21.72, 11.71, 24.59, 16.42, 25.75, 8.15, 12.72, 10.69, 15.75, 35.9, 18.03, 17.99, 79.38], [0, 13.92, 0.0, 31.4, 13.18, 12.6, 31.47, 7.53, 30.96, 13.89, 23.35, 5.72, 4.35, 35.79, 14.07, 22.54, 68.77], [0, 34.06, 31.4, 0.0, 19.27, 28.36, 58.55, 23.94, 17.87, 25.96, 46.65, 27.53, 35.61, 7.05, 35.73, 51.03, 52.81], [0, 21.72, 13.18, 19.27, 0.0, 11.47, 43.78, 5.98, 24.89, 16.0, 33.84, 11.58, 16.98, 24.81, 22.83, 35.19, 57.67], [0, 11.71, 12.6, 28.36, 11.47, 0.0, 32.31, 5.51, 26.92, 10.03, 22.78, 11.35, 8.24, 32.32, 12.33, 23.76, 68.63], [0, 24.59, 31.47, 58.55, 43.78, 32.31, 0.0, 37.81, 49.19, 32.74, 12.85, 32.36, 29.43, 60.44, 22.86, 9.16, 100.17], [0, 16.42, 7.53, 23.94, 5.98, 5.51, 37.81, 0.0, 25.64, 12.2, 28.13, 5.84, 11.67, 28.63, 17.34, 29.21, 63.26], [0, 25.75, 30.96, 17.87, 24.89, 26.92, 49.19, 25.64, 0.0, 18.72, 36.38, 25.35, 35.13, 14.57, 27.52, 43.65, 70.67], [0, 8.15, 13.89, 25.96, 16.0, 10.03, 32.74, 12.2, 18.72, 0.0, 20.7, 8.35, 17.49, 27.8, 9.88, 25.85, 72.93], [0, 12.72, 23.35, 46.65, 33.84, 22.78, 12.85, 28.13, 36.38, 20.7, 0.0, 22.31, 22.96, 48.01, 11.23, 10.15, 91.39], [0, 10.69, 5.72, 27.53, 11.58, 11.35, 32.36, 5.84, 25.35, 8.35, 22.31, 0.0, 9.79, 31.21, 11.52, 24.02, 69.09], [0, 15.75, 4.35, 35.61, 16.98, 8.24, 29.43, 11.67, 35.13, 17.49, 22.96, 9.79, 0.0, 40.12, 15.41, 20.3, 70.85], [0, 35.9, 35.79, 7.05, 24.81, 32.32, 60.44, 28.63, 14.57, 27.8, 48.01, 31.21, 40.12, 0.0, 37.66, 53.59, 57.57], [0, 18.03, 14.07, 35.73, 22.83, 12.33, 22.86, 17.34, 27.52, 9.88, 11.23, 11.52, 15.41, 37.66, 0.0, 16.2, 80.5], [0, 17.99, 22.54, 51.03, 35.19, 23.76, 9.16, 29.21, 43.65, 25.85, 10.15, 24.02, 20.3, 53.59, 16.2, 0.0, 91.1], [0, 0, 0, 0, 0, 0, 0, 0, 0, 0, 0, 0, 0, 0, 0, 0, 0]], "end_depot": 16, "horizon": [0.0, 1735.33], "instance_name": "15_90_B_B9", "speed_zone_count": 3, "speed_zones": [[0.0, 445.11], [445.11, 890.22], [890.22, 1735.33]], "start_depot": 0, "time_windows": [[0.0, 1735.33], [113.0, 193.0], [172.0, 322.0], [213.0, 363.0], [509.0, 659.0], [535.0, 685.0], [615.0, 815.0], [699.0, 899.0], [779.0, 979.0], [790.0, 990.0], [791.0, 991.0], [798.0, 998.0], [956.0, 1156.0], [962.0, 1162.0], [1034.0, 1234.0], [1122.0, 1322.0], [0.0, 1735.33]], "vehicle_count": 1}