{"cluster_count": 3, "cluster_speeds": [[0.5, 1.0, 0.5], [0.5, 1.0, 0.5], [0.49, 1.0, 0.49]], "clusters": [[-1, 2, 2, 2, 2, 2, 2, 2, 2, 2, 2, 2, 2, 2, 2, 2, -1], [2, -1, 2, 2, 2, 2, 2, 2, 2, 2, 2, 2, 2, 2, 2, 2, 2], [0, 0, -1, 0, 0, 0, 0, 0, 0, 0, 0, 0, 0, 0, 0, 0, 0], [2, 2, 2, -1, 2, 2, 2, 2, 2, 2, 2, 2, 2, 2, 2, 2, 2], [1, 1, 1, 1, -1, 1, 1, 1, 1, 1, 1, 1, 1, 1, 1, 1, 1], [1, 1, 1, 1, 1, -1, 1, 1, 1, 1, 1, 1, 1, 1, 1, 1, 1], [2, 2, 2, 2, 2, 2, -1, 2, 2, 2, 2, 2, 2, 2, 2, 2, 2], [2, 2, 2, 2, 2, 2, 2, -1, 2, 2, 2, 2, 2, 2, 2, 2, 2], [0, 0, 0, 0, 0, 0, 0, 0, -1, 0, 0, 0, 0, 0, 0, 0, 0], [0, 0, 0, 0, 0, 0, 0, 0, 0, -1, 0, 0, 0, 0, 0, 0, 0], [2, 2, 2, 2, 2, 2, 2, 2, 2, 2, -1, 2, 2, 2, 2, 2, 2], [1, 1, 1, 1, 1, 1, 1, 1, 1, 1, 1, -1, 1, 1, 1, 1, 1], [1, 1, 1, 1, 1, 1, 1, 1, 1, 1, 1, 1, -1, 1, 1, 1, 1], [0, 0, 0, 0, 0, 0, 0, 0, 0, 0, 0, 0, 0, -1, 0, 0, 0], [0, 0, 0, 0, 0, 0, 0, 0, 0, 0, 0, 0, 0, 0, -1, 0, 0], [1, 1, 1, 1, 1, 1, 1, 1, 1, 1, 1, 1, 1, 1, 1, -1, 1], [-1, 2, 2, 2, 2, 2, 2, 2, 2, 2, 2, 2, 2, 2, 2, 2, -1]], "dataset_name": "guerriero_et_al_2014", "digraph": {"arc_count": 240, "arcs": [[0, 1, 1, 1, 1, 1, 1, 1, 1, 1, 1, 1, 1, 1, 1, 1, 0], [0, 0, 1, 1, 1, 1, 1, 1, 1, 1, 1, 1, 1, 1, 1, 1, 1], [0, 1, 0, 1, 1, 1, 1, 1, 1, 1, 1, 1, 1, 1, 1, 1, 1], [0, 1, 1, 0, 1, 1, 1, 1, 1, 1, 1, 1, 1, 1, 1, 1, 1], [0, 1, 1, 1, 0, 1, 1, 1, 1, 1, 1, 1, 1, 1, 1, 1, 1], [0, 1, 1, 1, 1, 0, 1, 1, 1, 1, 1, 1, 1, 1, 1, 1, 1], [0, 1, 1, 1, 1, 1, 0, 1, 1, 1, 1, 1, 1, 1, 1, 1, 1], [0, 1, 1, 1, 1, 1, 1, 0, 1, 1, 1, 1, 1, 1, 1, 1, 1], [0, 1, 1, 1, 1, 1, 1, 1, 0, 1, 1, 1, 1, 1, 1, 1, 1], [0, 1, 1, 1, 1, 1, 1, 1, 1, 0, 1, 1, 1, 1, 1, 1, 1], [0, 1, 1, 1, 1, 1, 1, 1, 1, 1, 0, 1, 1, 1, 1, 1, 1], [0, 1, 1, 1, 1, 1, 1, 1, 1, 1, 1, 0, 1, 1, 1, 1, 1], [0, 1, 1, 1, 1, 1, 1, 1, 1, 1, 1, 1, 0, 1, 1, 1, 1], [0, 1, 1, 1, 1, 1, 1, 1, 1, 1, 1, 1, 1, 0, 1, 1, 1], [0, 1, 1, 1, 1, 1, 1, 1, 1, 1, 1, 1, 1, 1, 0, 1, 1], [0, 1, 1, 1, 1, 1, 1, 1, 1, 1, 1, 1, 1, 1, 1, 0, 1], [0, 0, 0, 0, 0, 0, 0, 0, 0, 0, 0, 0, 0, 0, 0, 0, 0]], "vertex_count": 17}, "distances": [[0, 83.82, 83.89, 85.46, 53.86, 73.89, 88.83, 100.67, 77.04, 59.39, 40.33, 88.68, 80.91, 72.39, 63.14, 49.85, 0], [0, 0.0, 26.86, 10.62, 36.7, 50.83, 10.62, 20.74, 35.63, 39.24, 51.78, 37.21, 17.36, 34.51, 31.68, 42.85, 83.82], [0, 26.86, 0.0, 16.78, 30.03, 27.21, 37.19, 44.6, 11.64, 25.85, 44.62, 10.58, 9.81, 13.86, 20.76, 34.48, 83.89], [0, 10.62, 16.78, 0.0, 34.19, 42.49, 20.5, 28.13, 26.78, 34.32, 49.88, 26.82, 8.34, 26.69, 27.0, 40.08, 85.46], [0, 36.7, 30.03, 34.19, 0.0, 28.72, 45.56, 57.13, 24.47, 8.83, 15.7, 35.7, 27.99, 19.64, 9.32, 6.14, 53.86], [0, 50.83, 27.21, 42.49, 28.72, 0.0, 61.42, 70.56, 15.81, 19.89, 34.63, 22.71, 34.2, 16.37, 23.86, 28.02, 73.89], [0, 10.62, 37.19, 20.5, 45.56, 61.42, 0.0, 12.05, 46.24, 49.06, 59.91, 47.33, 27.89, 45.08, 41.57, 51.66, 88.83], [0, 20.74, 44.6, 28.13, 57.13, 70.56, 12.05, 0.0, 54.91, 59.98, 71.77, 53.85, 36.37, 54.51, 52.42, 63.27, 100.67], [0, 35.63, 11.64, 26.78, 24.47, 15.81, 46.24, 54.91, 0.0, 17.65, 36.81, 11.66, 18.57, 4.83, 15.78, 27.26, 77.04], [0, 39.24, 25.85, 34.32, 8.83, 19.89, 49.06, 59.98, 17.65, 0.0, 19.21, 29.3, 26.78, 13.06, 7.56, 9.7, 59.39], [0, 51.78, 44.62, 49.88, 15.7, 34.63, 59.91, 71.77, 36.81, 19.21, 0.0, 48.47, 43.6, 32.27, 24.14, 10.19, 40.33], [0, 37.21, 10.58, 26.82, 35.7, 22.71, 47.33, 53.85, 11.66, 29.3, 48.47, 0.0, 20.39, 16.31, 26.6, 38.87, 88.68], [0, 17.36, 9.81, 8.34, 27.99, 34.2, 27.89, 36.37, 18.57, 26.78, 43.6, 20.39, 0.0, 18.36, 19.83, 33.52, 80.91], [0, 34.51, 13.86, 26.69, 19.64, 16.37, 45.08, 54.51, 4.83, 13.06, 32.27, 16.31, 18.36, 0.0, 11.06, 22.56, 72.39], [0, 31.68, 20.76, 27.0, 9.32, 23.86, 41.57, 52.42, 15.78, 7.56, 24.14, 26.6, 19.83, 11.06, 0.0, 13.95, 63.14], [0, 42.85, 34.48, 40.08, 6.14, 28.02, 51.66, 63.27, 27.26, 9.7, 10.19, 38.87, 33.52, 22.56, 13.95, 0.0, 49.85], [0, 0, 0, 0, 0, 0, 0, 0, 0, 0, 0, 0, 0, 0, 0, 0, 0]], "end_depot": 16, "horizon": [0.0, 1926.88], "instance_name": "15_98_A_C10", "speed_zone_count": 3, "speed_zones": [[0.0, 508.96], [508.96, 1017.92], [1017.92, 1926.88]], "start_depot": 0, "time_windows": [[0.0, 1926.88], [121.0, 201.0], [241.0, 341.0], [468.0, 618.0], [535.0, 685.0], [557.0, 707.0], [560.0, 760.0], [612.0, 812.0], [678.0, 878.0], [711.0, 911.0], [9.0, 89.0], [891.0, 1091.0], [970.0, 1170.0], [1010.0, 1210.0], [1087.0, 1287.0], [1192.0, 1392.0], [0.0, 1926.88]], "vehicle_count": 1}