{"cluster_count": 3, "cluster_speeds": [[0.5, 1.0, 0.5], [0.45, 1.0, 0.45], [0.475, 1.0, 0.475]], "clusters": [[-1, 2, 2, 2, 2, 2, 2, 2, 2, 2, 2, 2, 2, 2, 2, 2, -1], [2, -1, 2, 2, 2, 2, 2, 2, 2, 2, 2, 2, 2, 2, 2, 2, 2], [0, 0, -1, 0, 0, 0, 0, 0, 0, 0, 0, 0, 0, 0, 0, 0, 0], [1, 1, 1, -1, 1, 1, 1, 1, 1, 1, 1, 1, 1, 1, 1, 1, 1], [0, 0, 0, 0, -1, 0, 0, 0, 0, 0, 0, 0, 0, 0, 0, 0, 0], [1, 1, 1, 1, 1, -1, 1, 1, 1, 1, 1, 1, 1, 1, 1, 1, 1], [2, 2, 2, 2, 2, 2, -1, 2, 2, 2, 2, 2, 2, 2, 2, 2, 2], [1, 1, 1, 1, 1, 1, 1, -1, 1, 1, 1, 1, 1, 1, 1, 1, 1], [1, 1, 1, 1, 1, 1, 1, 1, -1, 1, 1, 1, 1, 1, 1, 1, 1], [0, 0, 0, 0, 0, 0, 0, 0, 0, -1, 0, 0, 0, 0, 0, 0, 0], [0, 0, 0, 0, 0, 0, 0, 0, 0, 0, -1, 0, 0, 0, 0, 0, 0], [0, 0, 0, 0, 0, 0, 0, 0, 0, 0, 0, -1, 0, 0, 0, 0, 0], [0, 0, 0, 0, 0, 0, 0, 0, 0, 0, 0, 0, -1, 0, 0, 0, 0], [2, 2, 2, 2, 2, 2, 2, 2, 2, 2, 2, 2, 2, -1, 2, 2, 2], [0, 0, 0, 0, 0, 0, 0, 0, 0, 0, 0, 0, 0, 0, -1, 0, 0], [1, 1, 1, 1, 1, 1, 1, 1, 1, 1, 1, 1, 1, 1, 1, -1, 1], [-1, 2, 2, 2, 2, 2, 2, 2, 2, 2, 2, 2, 2, 2, 2, 2, -1]], "dataset_name": "guerriero_et_al_2014", "digraph": {"arc_count": 240, "arcs": [[0, 1, 1, 1, 1, 1, 1, 1, 1, 1, 1, 1, 1, 1, 1, 1, 0], [0, 0, 1, 1, 1, 1, 1, 1, 1, 1, 1, 1, 1, 1, 1, 1, 1], [0, 1, 0, 1, 1, 1, 1, 1, 1, 1, 1, 1, 1, 1, 1, 1, 1], [0, 1, 1, 0, 1, 1, 1, 1, 1, 1, 1, 1, 1, 1, 1, 1, 1], [0, 1, 1, 1, 0, 1, 1, 1, 1, 1, 1, 1, 1, 1, 1, 1, 1], [0, 1, 1, 1, 1, 0, 1, 1, 1, 1, 1, 1, 1, 1, 1, 1, 1], [0, 1, 1, 1, 1, 1, 0, 1, 1, 1, 1, 1, 1, 1, 1, 1, 1], [0, 1, 1, 1, 1, 1, 1, 0, 1, 1, 1, 1, 1, 1, 1, 1, 1], [0, 1, 1, 1, 1, 1, 1, 1, 0, 1, 1, 1, 1, 1, 1, 1, 1], [0, 1, 1, 1, 1, 1, 1, 1, 1, 0, 1, 1, 1, 1, 1, 1, 1], [0, 1, 1, 1, 1, 1, 1, 1, 1, 1, 0, 1, 1, 1, 1, 1, 1], [0, 1, 1, 1, 1, 1, 1, 1, 1, 1, 1, 0, 1, 1, 1, 1, 1], [0, 1, 1, 1, 1, 1, 1, 1, 1, 1, 1, 1, 0, 1, 1, 1, 1], [0, 1, 1, 1, 1, 1, 1, 1, 1, 1, 1, 1, 1, 0, 1, 1, 1], [0, 1, 1, 1, 1, 1, 1, 1, 1, 1, 1, 1, 1, 1, 0, 1, 1], [0, 1, 1, 1, 1, 1, 1, 1, 1, 1, 1, 1, 1, 1, 1, 0, 1], [0, 0, 0, 0, 0, 0, 0, 0, 0, 0, 0, 0, 0, 0, 0, 0, 0]], "vertex_count": 17}, "distances": [[0, 46.4, 68.62, 66.42, 67.22, 79.93, 52.87, 50.09, 72.56, 75.97, 58.55, 68.82, 73.34, 82.98, 79.56, 78.21, 0], [0, 0.0, 33.25, 20.05, 30.53, 51.41, 8.0, 14.79, 43.21, 36.58, 24.23, 35.63, 31.58, 55.06, 43.86, 49.68, 46.4], [0, 33.25, 0.0, 28.38, 18.38, 19.16, 35.62, 20.35, 11.92, 9.23, 10.34, 20.32, 12.21, 22.72, 11.24, 17.64, 68.62], [0, 20.05, 28.38, 0.0, 25.42, 47.21, 15.16, 22.85, 40.29, 26.18, 25.12, 31.91, 19.59, 50.62, 35.45, 45.83, 66.42], [0, 30.53, 18.38, 25.42, 0.0, 22.19, 32.66, 18.17, 14.88, 9.15, 8.67, 6.49, 10.37, 25.75, 13.49, 20.67, 67.22], [0, 51.41, 19.16, 47.21, 22.19, 0.0, 54.57, 37.21, 8.28, 22.59, 27.2, 16.04, 28.78, 20.19, 13.89, 14.79, 79.93], [0, 8.0, 35.62, 15.16, 32.66, 54.57, 0.0, 20.28, 46.63, 36.98, 28.09, 38.53, 31.09, 58.2, 45.28, 52.93, 52.87], [0, 14.79, 20.35, 22.85, 18.17, 37.21, 20.28, 0.0, 28.93, 26.2, 10.24, 22.0, 23.26, 40.84, 31.55, 35.44, 50.09], [0, 43.21, 11.92, 40.29, 14.88, 8.28, 46.63, 28.93, 0.0, 17.87, 18.98, 8.4, 23.14, 11.91, 11.78, 6.51, 72.56], [0, 36.58, 9.23, 26.18, 9.15, 22.59, 36.98, 26.2, 17.87, 0.0, 17.62, 11.82, 6.63, 25.59, 9.42, 21.6, 75.97], [0, 24.23, 10.34, 25.12, 8.67, 27.2, 28.09, 10.24, 18.98, 17.62, 0.0, 11.76, 16.8, 30.85, 21.58, 25.46, 58.55], [0, 35.63, 20.32, 31.91, 6.49, 16.04, 38.53, 22.0, 8.4, 11.82, 11.76, 0.0, 15.69, 19.67, 10.83, 14.43, 68.82], [0, 31.58, 12.21, 19.59, 10.37, 28.78, 31.09, 23.26, 23.14, 6.63, 16.8, 15.69, 0.0, 31.93, 16.02, 27.64, 73.34], [0, 55.06, 22.72, 50.62, 25.75, 20.19, 58.2, 40.84, 11.91, 25.59, 30.85, 19.67, 31.93, 0.0, 16.51, 5.4, 82.98], [0, 43.86, 11.24, 35.45, 13.49, 13.89, 45.28, 31.55, 11.78, 9.42, 21.58, 10.83, 16.02, 16.51, 0.0, 13.28, 79.56], [0, 49.68, 17.64, 45.83, 20.67, 14.79, 52.93, 35.44, 6.51, 21.6, 25.46, 14.43, 27.64, 5.4, 13.28, 0.0, 78.21], [0, 0, 0, 0, 0, 0, 0, 0, 0, 0, 0, 0, 0, 0, 0, 0, 0]], "end_depot": 16, "horizon": [0.0, 1699.51], "instance_name": "15_90_A_B1", "speed_zone_count": 3, "speed_zones": [[0.0, 433.17], [433.17, 866.34], [866.34, 1699.51]], "start_depot": 0, "time_windows": [[0.0, 1699.51], [26.0, 126.0], [123.0, 273.0], [123.0, 273.0], [174.0, 374.0], [242.0, 442.0], [391.0, 591.0], [435.0, 635.0], [483.0, 683.0], [576.0, 776.0], [656.0, 856.0], [826.0, 1026.0], [895.0, 1095.0], [934.0, 1134.0], [1008.0, 1208.0], [1071.0, 1271.0], [0.0, 1699.51]], "vehicle_count": 1}