{"cluster_count": 3, "cluster_speeds": [[0.5, 1.0, 0.5], [0.45, 1.0, 0.45], [0.475, 1.0, 0.475]], "clusters": [[-1, 2, 2, 2, 2, 2, 2, 2, 2, 2, 2, 2, 2, 2, 2, 2, -1], [1, -1, 1, 1, 1, 1, 1, 1, 1, 1, 1, 1, 1, 1, 1, 1, 1], [1, 1, -1, 1, 1, 1, 1, 1, 1, 1, 1, 1, 1, 1, 1, 1, 1], [0, 0, 0, -1, 0, 0, 0, 0, 0, 0, 0, 0, 0, 0, 0, 0, 0], [0, 0, 0, 0, -1, 0, 0, 0, 0, 0, 0, 0, 0, 0, 0, 0, 0], [0, 0, 0, 0, 0, -1, 0, 0, 0, 0, 0, 0, 0, 0, 0, 0, 0], [1, 1, 1, 1, 1, 1, -1, 1, 1, 1, 1, 1, 1, 1, 1, 1, 1], [0, 0, 0, 0, 0, 0, 0, -1, 0, 0, 0, 0, 0, 0, 0, 0, 0], [0, 0, 0, 0, 0, 0, 0, 0, -1, 0, 0, 0, 0, 0, 0, 0, 0], [1, 1, 1, 1, 1, 1, 1, 1, 1, -1, 1, 1, 1, 1, 1, 1, 1], [1, 1, 1, 1, 1, 1, 1, 1, 1, 1, -1, 1, 1, 1, 1, 1, 1], [0, 0, 0, 0, 0, 0, 0, 0, 0, 0, 0, -1, 0, 0, 0, 0, 0], [1, 1, 1, 1, 1, 1, 1, 1, 1, 1, 1, 1, -1, 1, 1, 1, 1], [0, 0, 0, 0, 0, 0, 0, 0, 0, 0, 0, 0, 0, -1, 0, 0, 0], [0, 0, 0, 0, 0, 0, 0, 0, 0, 0, 0, 0, 0, 0, -1, 0, 0], [0, 0, 0, 0, 0, 0, 0, 0, 0, 0, 0, 0, 0, 0, 0, -1, 0], [-1, 2, 2, 2, 2, 2, 2, 2, 2, 2, 2, 2, 2, 2, 2, 2, -1]], "dataset_name": "guerriero_et_al_2014", "digraph": {"arc_count": 240, "arcs": [[0, 1, 1, 1, 1, 1, 1, 1, 1, 1, 1, 1, 1, 1, 1, 1, 0], [0, 0, 1, 1, 1, 1, 1, 1, 1, 1, 1, 1, 1, 1, 1, 1, 1], [0, 1, 0, 1, 1, 1, 1, 1, 1, 1, 1, 1, 1, 1, 1, 1, 1], [0, 1, 1, 0, 1, 1, 1, 1, 1, 1, 1, 1, 1, 1, 1, 1, 1], [0, 1, 1, 1, 0, 1, 1, 1, 1, 1, 1, 1, 1, 1, 1, 1, 1], [0, 1, 1, 1, 1, 0, 1, 1, 1, 1, 1, 1, 1, 1, 1, 1, 1], [0, 1, 1, 1, 1, 1, 0, 1, 1, 1, 1, 1, 1, 1, 1, 1, 1], [0, 1, 1, 1, 1, 1, 1, 0, 1, 1, 1, 1, 1, 1, 1, 1, 1], [0, 1, 1, 1, 1, 1, 1, 1, 0, 1, 1, 1, 1, 1, 1, 1, 1], [0, 1, 1, 1, 1, 1, 1, 1, 1, 0, 1, 1, 1, 1, 1, 1, 1], [0, 1, 1, 1, 1, 1, 1, 1, 1, 1, 0, 1, 1, 1, 1, 1, 1], [0, 1, 1, 1, 1, 1, 1, 1, 1, 1, 1, 0, 1, 1, 1, 1, 1], [0, 1, 1, 1, 1, 1, 1, 1, 1, 1, 1, 1, 0, 1, 1, 1, 1], [0, 1, 1, 1, 1, 1, 1, 1, 1, 1, 1, 1, 1, 0, 1, 1, 1], [0, 1, 1, 1, 1, 1, 1, 1, 1, 1, 1, 1, 1, 1, 0, 1, 1], [0, 1, 1, 1, 1, 1, 1, 1, 1, 1, 1, 1, 1, 1, 1, 0, 1], [0, 0, 0, 0, 0, 0, 0, 0, 0, 0, 0, 0, 0, 0, 0, 0, 0]], "vertex_count": 17}, "distances": [[0, 83.51, 55.68, 59.55, 60.71, 64.33, 80.3, 69.28, 59.06, 62.57, 85.9, 67.18, 89.69, 59.28, 71.55, 69.63, 0], [0, 0.0, 31.78, 27.89, 25.96, 22.94, 20.95, 17.97, 28.24, 38.44, 11.1, 20.42, 13.48, 27.96, 12.16, 19.29, 83.51], [0, 31.78, 0.0, 14.38, 5.83, 9.23, 28.27, 14.5, 14.81, 14.89, 30.96, 12.1, 34.56, 14.55, 20.17, 14.28, 55.68], [0, 27.89, 14.38, 0.0, 14.52, 5.15, 24.38, 10.43, 10.73, 15.34, 26.88, 8.01, 30.5, 10.46, 16.54, 10.22, 59.55], [0, 25.96, 5.83, 14.52, 0.0, 14.07, 22.45, 8.79, 14.97, 17.0, 25.41, 6.51, 29.1, 14.71, 14.52, 8.92, 60.71], [0, 22.94, 9.23, 5.15, 14.07, 0.0, 19.44, 5.28, 5.58, 17.66, 21.81, 13.16, 25.48, 5.32, 12.13, 5.3, 64.33], [0, 20.95, 28.27, 24.38, 22.45, 19.44, 0.0, 14.53, 24.73, 35.2, 10.75, 16.96, 13.91, 24.45, 8.79, 15.94, 80.3], [0, 17.97, 14.5, 10.43, 8.79, 5.28, 14.53, 0.0, 10.86, 21.12, 16.66, 15.3, 20.41, 10.59, 8.5, 10.58, 69.28], [0, 28.24, 14.81, 10.73, 14.97, 5.58, 24.73, 10.86, 0.0, 15.46, 27.34, 8.46, 30.97, 10.9, 16.82, 10.7, 59.06], [0, 38.44, 14.89, 15.34, 17.0, 17.66, 35.2, 21.12, 15.46, 0.0, 33.1, 19.04, 35.7, 15.6, 29.42, 19.35, 62.57], [0, 11.1, 30.96, 26.88, 25.41, 21.81, 10.75, 16.66, 27.34, 33.1, 0.0, 18.91, 24.58, 27.09, 16.36, 16.69, 85.9], [0, 20.42, 12.1, 8.01, 6.51, 13.16, 16.96, 15.3, 8.46, 19.04, 18.91, 0.0, 22.59, 8.2, 10.38, 15.42, 67.18], [0, 13.48, 34.56, 30.5, 29.1, 25.48, 13.91, 20.41, 30.97, 35.7, 24.58, 22.59, 0.0, 30.72, 20.18, 20.28, 89.69], [0, 27.96, 14.55, 10.46, 14.71, 5.32, 24.45, 10.59, 10.9, 15.6, 27.09, 8.2, 30.72, 0.0, 16.55, 10.45, 59.28], [0, 12.16, 20.17, 16.54, 14.52, 12.13, 8.79, 8.5, 16.82, 29.42, 16.36, 10.38, 20.18, 16.55, 0.0, 10.61, 71.55], [0, 19.29, 14.28, 10.22, 8.92, 5.3, 15.94, 10.58, 10.7, 19.35, 16.69, 15.42, 20.28, 10.45, 10.61, 0.0, 69.63], [0, 0, 0, 0, 0, 0, 0, 0, 0, 0, 0, 0, 0, 0, 0, 0, 0]], "end_depot": 16, "horizon": [0.0, 1772.05], "instance_name": "15_90_A_A5", "speed_zone_count": 3, "speed_zones": [[0.0, 457.35], [457.35, 914.7], [914.7, 1772.05]], "start_depot": 0, "time_windows": [[0.0, 1772.05], [179.0, 259.0], [226.0, 306.0], [280.0, 360.0], [544.0, 744.0], [550.0, 750.0], [581.0, 781.0], [591.0, 791.0], [652.0, 852.0], [760.0, 960.0], [796.0, 996.0], [845.0, 1045.0], [912.0, 1112.0], [969.0, 1169.0], [982.0, 1182.0], [1148.0, 1348.0], [0.0, 1772.05]], "vehicle_count": 1}