{"cluster_count": 3, "cluster_speeds": [[0.5, 1.0, 0.5], [0.475, 1.0, 0.475], [0.49, 1.0, 0.49]], "clusters": [[-1, 2, 2, 2, 2, 2, 2, 2, 2, 2, 2, 2, 2, 2, 2, 2, -1], [0, -1, 0, 0, 0, 0, 0, 0, 0, 0, 0, 0, 0, 0, 0, 0, 0], [0, 0, -1, 0, 0, 0, 0, 0, 0, 0, 0, 0, 0, 0, 0, 0, 0], [0, 0, 0, -1, 0, 0, 0, 0, 0, 0, 0, 0, 0, 0, 0, 0, 0], [0, 0, 0, 0, -1, 0, 0, 0, 0, 0, 0, 0, 0, 0, 0, 0, 0], [1, 1, 1, 1, 1, -1, 1, 1, 1, 1, 1, 1, 1, 1, 1, 1, 1], [1, 1, 1, 1, 1, 1, -1, 1, 1, 1, 1, 1, 1, 1, 1, 1, 1], [0, 0, 0, 0, 0, 0, 0, -1, 0, 0, 0, 0, 0, 0, 0, 0, 0], [0, 0, 0, 0, 0, 0, 0, 0, -1, 0, 0, 0, 0, 0, 0, 0, 0], [1, 1, 1, 1, 1, 1, 1, 1, 1, -1, 1, 1, 1, 1, 1, 1, 1], [1, 1, 1, 1, 1, 1, 1, 1, 1, 1, -1, 1, 1, 1, 1, 1, 1], [0, 0, 0, 0, 0, 0, 0, 0, 0, 0, 0, -1, 0, 0, 0, 0, 0], [0, 0, 0, 0, 0, 0, 0, 0, 0, 0, 0, 0, -1, 0, 0, 0, 0], [0, 0, 0, 0, 0, 0, 0, 0, 0, 0, 0, 0, 0, -1, 0, 0, 0], [0, 0, 0, 0, 0, 0, 0, 0, 0, 0, 0, 0, 0, 0, -1, 0, 0], [1, 1, 1, 1, 1, 1, 1, 1, 1, 1, 1, 1, 1, 1, 1, -1, 1], [-1, 2, 2, 2, 2, 2, 2, 2, 2, 2, 2, 2, 2, 2, 2, 2, -1]], "dataset_name": "guerriero_et_al_2014", "digraph": {"arc_count": 240, "arcs": [[0, 1, 1, 1, 1, 1, 1, 1, 1, 1, 1, 1, 1, 1, 1, 1, 0], [0, 0, 1, 1, 1, 1, 1, 1, 1, 1, 1, 1, 1, 1, 1, 1, 1], [0, 1, 0, 1, 1, 1, 1, 1, 1, 1, 1, 1, 1, 1, 1, 1, 1], [0, 1, 1, 0, 1, 1, 1, 1, 1, 1, 1, 1, 1, 1, 1, 1, 1], [0, 1, 1, 1, 0, 1, 1, 1, 1, 1, 1, 1, 1, 1, 1, 1, 1], [0, 1, 1, 1, 1, 0, 1, 1, 1, 1, 1, 1, 1, 1, 1, 1, 1], [0, 1, 1, 1, 1, 1, 0, 1, 1, 1, 1, 1, 1, 1, 1, 1, 1], [0, 1, 1, 1, 1, 1, 1, 0, 1, 1, 1, 1, 1, 1, 1, 1, 1], [0, 1, 1, 1, 1, 1, 1, 1, 0, 1, 1, 1, 1, 1, 1, 1, 1], [0, 1, 1, 1, 1, 1, 1, 1, 1, 0, 1, 1, 1, 1, 1, 1, 1], [0, 1, 1, 1, 1, 1, 1, 1, 1, 1, 0, 1, 1, 1, 1, 1, 1], [0, 1, 1, 1, 1, 1, 1, 1, 1, 1, 1, 0, 1, 1, 1, 1, 1], [0, 1, 1, 1, 1, 1, 1, 1, 1, 1, 1, 1, 0, 1, 1, 1, 1], [0, 1, 1, 1, 1, 1, 1, 1, 1, 1, 1, 1, 1, 0, 1, 1, 1], [0, 1, 1, 1, 1, 1, 1, 1, 1, 1, 1, 1, 1, 1, 0, 1, 1], [0, 1, 1, 1, 1, 1, 1, 1, 1, 1, 1, 1, 1, 1, 1, 0, 1], [0, 0, 0, 0, 0, 0, 0, 0, 0, 0, 0, 0, 0, 0, 0, 0, 0]], "vertex_count": 17}, "distances": [[0, 69.63, 68.78, 81.07, 79.68, 48.13, 63.93, 68.86, 72.49, 71.44, 57.69, 63.42, 84.74, 76.5, 70.73, 71.08, 0], [0, 0.0, 8.92, 12.2, 11.05, 21.49, 12.22, 10.76, 6.26, 11.41, 12.39, 6.55, 15.86, 19.36, 16.1, 19.22, 69.63], [0, 8.92, 0.0, 13.41, 11.97, 21.92, 19.81, 11.64, 5.12, 20.31, 15.89, 8.35, 16.72, 11.64, 7.3, 28.0, 68.78], [0, 12.2, 13.41, 0.0, 16.06, 33.12, 23.25, 14.26, 8.75, 19.04, 24.53, 17.74, 21.06, 15.78, 16.67, 26.85, 81.07], [0, 11.05, 11.97, 16.06, 0.0, 31.77, 22.41, 12.86, 7.31, 18.59, 23.3, 16.4, 5.06, 14.93, 15.44, 26.51, 79.68], [0, 21.49, 21.92, 33.12, 31.77, 0.0, 18.18, 22.55, 24.78, 25.12, 9.95, 15.38, 36.82, 32.1, 26.24, 27.95, 48.13], [0, 12.22, 19.81, 23.25, 22.41, 18.18, 0.0, 21.54, 18.45, 7.51, 9.13, 12.32, 26.58, 31.18, 27.03, 10.35, 63.93], [0, 10.76, 11.64, 14.26, 12.86, 22.55, 21.54, 0.0, 6.52, 22.15, 17.18, 9.81, 17.37, 10.22, 5.5, 29.83, 68.86], [0, 6.26, 5.12, 8.75, 7.31, 24.78, 18.45, 6.52, 0.0, 17.14, 17.04, 9.61, 12.31, 13.28, 10.94, 25.15, 72.49], [0, 11.41, 20.31, 19.04, 18.59, 25.12, 7.51, 22.15, 17.14, 0.0, 15.38, 15.15, 21.82, 30.41, 27.5, 8.09, 71.44], [0, 12.39, 15.89, 24.53, 23.3, 9.95, 9.13, 17.18, 17.04, 15.38, 0.0, 7.65, 28.22, 27.4, 22.17, 19.46, 57.69], [0, 6.55, 8.35, 17.74, 16.4, 15.38, 12.32, 9.81, 9.61, 15.15, 7.65, 0.0, 21.44, 19.98, 15.12, 21.77, 63.42], [0, 15.86, 16.72, 21.06, 5.06, 36.82, 26.58, 17.37, 12.31, 21.82, 28.22, 21.44, 0.0, 17.05, 19.02, 29.35, 84.74], [0, 19.36, 11.64, 15.78, 14.93, 32.1, 31.18, 10.22, 13.28, 30.41, 27.4, 19.98, 17.05, 0.0, 5.94, 38.43, 76.5], [0, 16.1, 7.3, 16.67, 15.44, 26.24, 27.03, 5.5, 10.94, 27.5, 22.17, 15.12, 19.02, 5.94, 0.0, 35.26, 70.73], [0, 19.22, 28.0, 26.85, 26.51, 27.95, 10.35, 29.83, 25.15, 8.09, 19.46, 21.77, 29.35, 38.43, 35.26, 0.0, 71.08], [0, 0, 0, 0, 0, 0, 0, 0, 0, 0, 0, 0, 0, 0, 0, 0, 0]], "end_depot": 16, "horizon": [0.0, 1677.28], "instance_name": "15_95_A_B4", "speed_zone_count": 3, "speed_zones": [[0.0, 425.76], [425.76, 851.52], [851.52, 1677.28]], "start_depot": 0, "time_windows": [[0.0, 1677.28], [175.0, 275.0], [199.0, 299.0], [219.0, 369.0], [299.0, 449.0], [332.0, 482.0], [348.0, 548.0], [434.0, 634.0], [556.0, 756.0], [611.0, 811.0], [626.0, 826.0], [675.0, 875.0], [798.0, 998.0], [826.0, 1026.0], [835.0, 1035.0], [984.0, 1184.0], [0.0, 1677.28]], "vehicle_count": 1}