{"cluster_count": 3, "cluster_speeds": [[0.5, 1.0, 0.5], [0.5, 1.0, 0.5], [0.49, 1.0, 0.49]], "clusters": [[-1, 2, 2, 2, 2, 2, 2, 2, 2, 2, 2, 2, 2, 2, 2, 2, -1], [0, -1, 0, 0, 0, 0, 0, 0, 0, 0, 0, 0, 0, 0, 0, 0, 0], [0, 0, -1, 0, 0, 0, 0, 0, 0, 0, 0, 0, 0, 0, 0, 0, 0], [0, 0, 0, -1, 0, 0, 0, 0, 0, 0, 0, 0, 0, 0, 0, 0, 0], [0, 0, 0, 0, -1, 0, 0, 0, 0, 0, 0, 0, 0, 0, 0, 0, 0], [0, 0, 0, 0, 0, -1, 0, 0, 0, 0, 0, 0, 0, 0, 0, 0, 0], [0, 0, 0, 0, 0, 0, -1, 0, 0, 0, 0, 0, 0, 0, 0, 0, 0], [1, 1, 1, 1, 1, 1, 1, -1, 1, 1, 1, 1, 1, 1, 1, 1, 1], [0, 0, 0, 0, 0, 0, 0, 0, -1, 0, 0, 0, 0, 0, 0, 0, 0], [0, 0, 0, 0, 0, 0, 0, 0, 0, -1, 0, 0, 0, 0, 0, 0, 0], [0, 0, 0, 0, 0, 0, 0, 0, 0, 0, -1, 0, 0, 0, 0, 0, 0], [0, 0, 0, 0, 0, 0, 0, 0, 0, 0, 0, -1, 0, 0, 0, 0, 0], [0, 0, 0, 0, 0, 0, 0, 0, 0, 0, 0, 0, -1, 0, 0, 0, 0], [0, 0, 0, 0, 0, 0, 0, 0, 0, 0, 0, 0, 0, -1, 0, 0, 0], [0, 0, 0, 0, 0, 0, 0, 0, 0, 0, 0, 0, 0, 0, -1, 0, 0], [0, 0, 0, 0, 0, 0, 0, 0, 0, 0, 0, 0, 0, 0, 0, -1, 0], [-1, 2, 2, 2, 2, 2, 2, 2, 2, 2, 2, 2, 2, 2, 2, 2, -1]], "dataset_name": "guerriero_et_al_2014", "digraph": {"arc_count": 240, "arcs": [[0, 1, 1, 1, 1, 1, 1, 1, 1, 1, 1, 1, 1, 1, 1, 1, 0], [0, 0, 1, 1, 1, 1, 1, 1, 1, 1, 1, 1, 1, 1, 1, 1, 1], [0, 1, 0, 1, 1, 1, 1, 1, 1, 1, 1, 1, 1, 1, 1, 1, 1], [0, 1, 1, 0, 1, 1, 1, 1, 1, 1, 1, 1, 1, 1, 1, 1, 1], [0, 1, 1, 1, 0, 1, 1, 1, 1, 1, 1, 1, 1, 1, 1, 1, 1], [0, 1, 1, 1, 1, 0, 1, 1, 1, 1, 1, 1, 1, 1, 1, 1, 1], [0, 1, 1, 1, 1, 1, 0, 1, 1, 1, 1, 1, 1, 1, 1, 1, 1], [0, 1, 1, 1, 1, 1, 1, 0, 1, 1, 1, 1, 1, 1, 1, 1, 1], [0, 1, 1, 1, 1, 1, 1, 1, 0, 1, 1, 1, 1, 1, 1, 1, 1], [0, 1, 1, 1, 1, 1, 1, 1, 1, 0, 1, 1, 1, 1, 1, 1, 1], [0, 1, 1, 1, 1, 1, 1, 1, 1, 1, 0, 1, 1, 1, 1, 1, 1], [0, 1, 1, 1, 1, 1, 1, 1, 1, 1, 1, 0, 1, 1, 1, 1, 1], [0, 1, 1, 1, 1, 1, 1, 1, 1, 1, 1, 1, 0, 1, 1, 1, 1], [0, 1, 1, 1, 1, 1, 1, 1, 1, 1, 1, 1, 1, 0, 1, 1, 1], [0, 1, 1, 1, 1, 1, 1, 1, 1, 1, 1, 1, 1, 1, 0, 1, 1], [0, 1, 1, 1, 1, 1, 1, 1, 1, 1, 1, 1, 1, 1, 1, 0, 1], [0, 0, 0, 0, 0, 0, 0, 0, 0, 0, 0, 0, 0, 0, 0, 0, 0]], "vertex_count": 17}, "distances": [[0, 78.53, 63.93, 69.27, 59.55, 76.26, 72.66, 84.8, 60.93, 73.37, 67.31, 70.67, 71.05, 68.31, 59.45, 79.06, 0], [0, 0.0, 14.63, 10.13, 21.27, 8.47, 9.69, 10.81, 17.87, 5.18, 18.24, 13.16, 10.2, 10.5, 19.81, 6.53, 78.53], [0, 14.63, 0.0, 6.08, 10.37, 13.95, 10.67, 22.03, 4.66, 9.52, 14.17, 11.02, 10.03, 4.59, 7.12, 15.94, 63.93], [0, 10.13, 6.08, 0.0, 15.89, 7.88, 4.73, 16.04, 10.6, 6.0, 17.39, 6.19, 10.56, 10.67, 13.02, 9.99, 69.27], [0, 21.27, 10.37, 15.89, 0.0, 23.51, 20.62, 30.78, 5.91, 16.43, 8.57, 21.38, 11.91, 14.09, 17.5, 24.78, 59.55], [0, 8.47, 13.95, 7.88, 23.51, 0.0, 12.6, 8.54, 18.44, 8.82, 23.45, 6.19, 15.48, 9.53, 20.85, 14.64, 76.26], [0, 9.69, 10.67, 4.73, 20.62, 12.6, 0.0, 12.14, 15.27, 7.91, 21.59, 10.92, 14.07, 6.54, 17.72, 6.57, 72.66], [0, 10.81, 22.03, 16.04, 30.78, 8.54, 12.14, 0.0, 26.28, 14.54, 28.93, 14.36, 20.77, 17.45, 28.57, 6.1, 84.8], [0, 17.87, 4.66, 10.6, 5.91, 18.44, 15.27, 26.28, 0.0, 12.71, 11.69, 15.65, 10.6, 8.92, 11.78, 20.18, 60.93], [0, 5.18, 9.52, 6.0, 16.43, 8.82, 7.91, 14.54, 12.71, 0.0, 14.79, 10.97, 6.69, 5.75, 14.71, 8.82, 73.37], [0, 18.24, 14.17, 17.39, 8.57, 23.45, 21.59, 28.93, 11.69, 14.79, 0.0, 23.58, 8.18, 15.65, 10.94, 23.56, 67.31], [0, 13.16, 11.02, 6.19, 21.38, 6.19, 10.92, 14.36, 15.65, 10.97, 23.58, 0.0, 16.6, 7.94, 18.11, 9.49, 70.67], [0, 10.2, 10.03, 10.56, 11.91, 15.48, 14.07, 20.77, 10.6, 6.69, 8.18, 16.6, 0.0, 9.16, 11.64, 15.38, 71.05], [0, 10.5, 4.59, 10.67, 14.09, 9.53, 6.54, 17.45, 8.92, 5.75, 15.65, 7.94, 9.16, 0.0, 11.32, 11.36, 68.31], [0, 19.81, 7.12, 13.02, 17.5, 20.85, 17.72, 28.57, 11.78, 14.71, 10.94, 18.11, 11.64, 11.32, 0.0, 22.48, 59.45], [0, 6.53, 15.94, 9.99, 24.78, 14.64, 6.57, 6.1, 20.18, 8.82, 23.56, 9.49, 15.38, 11.36, 22.48, 0.0, 79.06], [0, 0, 0, 0, 0, 0, 0, 0, 0, 0, 0, 0, 0, 0, 0, 0, 0]], "end_depot": 16, "horizon": [0.0, 1516.06], "instance_name": "15_98_A_A9", "speed_zone_count": 3, "speed_zones": [[0.0, 372.02], [372.02, 744.04], [744.04, 1516.06]], "start_depot": 0, "time_windows": [[0.0, 1516.06], [144.0, 224.0], [57.0, 137.0], [175.0, 255.0], [202.0, 302.0], [227.0, 327.0], [337.0, 487.0], [377.0, 527.0], [438.0, 588.0], [555.0, 705.0], [569.0, 719.0], [575.0, 775.0], [576.0, 776.0], [610.0, 810.0], [710.0, 910.0], [888.0, 1088.0], [0.0, 1516.06]], "vehicle_count": 1}