{"cluster_count": 3, "cluster_speeds": [[0.35, 1.0, 0.35], [0.4, 1.0, 0.4], [0.5, 1.0, 0.5]], "clusters": [[-1, 2, 2, 2, 2, 2, 2, 2, 2, 2, 2, 2, 2, 2, 2, 2, 2, 2, 2, 2, 2, -1], [0, -1, 0, 0, 0, 0, 0, 0, 0, 0, 0, 0, 0, 0, 0, 0, 0, 0, 0, 0, 0, 0], [0, 0, -1, 0, 0, 0, 0, 0, 0, 0, 0, 0, 0, 0, 0, 0, 0, 0, 0, 0, 0, 0], [0, 0, 0, -1, 0, 0, 0, 0, 0, 0, 0, 0, 0, 0, 0, 0, 0, 0, 0, 0, 0, 0], [0, 0, 0, 0, -1, 0, 0, 0, 0, 0, 0, 0, 0, 0, 0, 0, 0, 0, 0, 0, 0, 0], [0, 0, 0, 0, 0, -1, 0, 0, 0, 0, 0, 0, 0, 0, 0, 0, 0, 0, 0, 0, 0, 0], [0, 0, 0, 0, 0, 0, -1, 0, 0, 0, 0, 0, 0, 0, 0, 0, 0, 0, 0, 0, 0, 0], [0, 0, 0, 0, 0, 0, 0, -1, 0, 0, 0, 0, 0, 0, 0, 0, 0, 0, 0, 0, 0, 0], [0, 0, 0, 0, 0, 0, 0, 0, -1, 0, 0, 0, 0, 0, 0, 0, 0, 0, 0, 0, 0, 0], [0, 0, 0, 0, 0, 0, 0, 0, 0, -1, 0, 0, 0, 0, 0, 0, 0, 0, 0, 0, 0, 0], [0, 0, 0, 0, 0, 0, 0, 0, 0, 0, -1, 0, 0, 0, 0, 0, 0, 0, 0, 0, 0, 0], [0, 0, 0, 0, 0, 0, 0, 0, 0, 0, 0, -1, 0, 0, 0, 0, 0, 0, 0, 0, 0, 0], [0, 0, 0, 0, 0, 0, 0, 0, 0, 0, 0, 0, -1, 0, 0, 0, 0, 0, 0, 0, 0, 0], [1, 1, 1, 1, 1, 1, 1, 1, 1, 1, 1, 1, 1, -1, 1, 1, 1, 1, 1, 1, 1, 1], [0, 0, 0, 0, 0, 0, 0, 0, 0, 0, 0, 0, 0, 0, -1, 0, 0, 0, 0, 0, 0, 0], [0, 0, 0, 0, 0, 0, 0, 0, 0, 0, 0, 0, 0, 0, 0, -1, 0, 0, 0, 0, 0, 0], [0, 0, 0, 0, 0, 0, 0, 0, 0, 0, 0, 0, 0, 0, 0, 0, -1, 0, 0, 0, 0, 0], [0, 0, 0, 0, 0, 0, 0, 0, 0, 0, 0, 0, 0, 0, 0, 0, 0, -1, 0, 0, 0, 0], [0, 0, 0, 0, 0, 0, 0, 0, 0, 0, 0, 0, 0, 0, 0, 0, 0, 0, -1, 0, 0, 0], [0, 0, 0, 0, 0, 0, 0, 0, 0, 0, 0, 0, 0, 0, 0, 0, 0, 0, 0, -1, 0, 0], [0, 0, 0, 0, 0, 0, 0, 0, 0, 0, 0, 0, 0, 0, 0, 0, 0, 0, 0, 0, -1, 0], [-1, 2, 2, 2, 2, 2, 2, 2, 2, 2, 2, 2, 2, 2, 2, 2, 2, 2, 2, 2, 2, -1]], "dataset_name": "guerriero_et_al_2014", "digraph": {"arc_count": 420, "arcs": [[0, 1, 1, 1, 1, 1, 1, 1, 1, 1, 1, 1, 1, 1, 1, 1, 1, 1, 1, 1, 1, 0], [0, 0, 1, 1, 1, 1, 1, 1, 1, 1, 1, 1, 1, 1, 1, 1, 1, 1, 1, 1, 1, 1], [0, 1, 0, 1, 1, 1, 1, 1, 1, 1, 1, 1, 1, 1, 1, 1, 1, 1, 1, 1, 1, 1], [0, 1, 1, 0, 1, 1, 1, 1, 1, 1, 1, 1, 1, 1, 1, 1, 1, 1, 1, 1, 1, 1], [0, 1, 1, 1, 0, 1, 1, 1, 1, 1, 1, 1, 1, 1, 1, 1, 1, 1, 1, 1, 1, 1], [0, 1, 1, 1, 1, 0, 1, 1, 1, 1, 1, 1, 1, 1, 1, 1, 1, 1, 1, 1, 1, 1], [0, 1, 1, 1, 1, 1, 0, 1, 1, 1, 1, 1, 1, 1, 1, 1, 1, 1, 1, 1, 1, 1], [0, 1, 1, 1, 1, 1, 1, 0, 1, 1, 1, 1, 1, 1, 1, 1, 1, 1, 1, 1, 1, 1], [0, 1, 1, 1, 1, 1, 1, 1, 0, 1, 1, 1, 1, 1, 1, 1, 1, 1, 1, 1, 1, 1], [0, 1, 1, 1, 1, 1, 1, 1, 1, 0, 1, 1, 1, 1, 1, 1, 1, 1, 1, 1, 1, 1], [0, 1, 1, 1, 1, 1, 1, 1, 1, 1, 0, 1, 1, 1, 1, 1, 1, 1, 1, 1, 1, 1], [0, 1, 1, 1, 1, 1, 1, 1, 1, 1, 1, 0, 1, 1, 1, 1, 1, 1, 1, 1, 1, 1], [0, 1, 1, 1, 1, 1, 1, 1, 1, 1, 1, 1, 0, 1, 1, 1, 1, 1, 1, 1, 1, 1], [0, 1, 1, 1, 1, 1, 1, 1, 1, 1, 1, 1, 1, 0, 1, 1, 1, 1, 1, 1, 1, 1], [0, 1, 1, 1, 1, 1, 1, 1, 1, 1, 1, 1, 1, 1, 0, 1, 1, 1, 1, 1, 1, 1], [0, 1, 1, 1, 1, 1, 1, 1, 1, 1, 1, 1, 1, 1, 1, 0, 1, 1, 1, 1, 1, 1], [0, 1, 1, 1, 1, 1, 1, 1, 1, 1, 1, 1, 1, 1, 1, 1, 0, 1, 1, 1, 1, 1], [0, 1, 1, 1, 1, 1, 1, 1, 1, 1, 1, 1, 1, 1, 1, 1, 1, 0, 1, 1, 1, 1], [0, 1, 1, 1, 1, 1, 1, 1, 1, 1, 1, 1, 1, 1, 1, 1, 1, 1, 0, 1, 1, 1], [0, 1, 1, 1, 1, 1, 1, 1, 1, 1, 1, 1, 1, 1, 1, 1, 1, 1, 1, 0, 1, 1], [0, 1, 1, 1, 1, 1, 1, 1, 1, 1, 1, 1, 1, 1, 1, 1, 1, 1, 1, 1, 0, 1], [0, 0, 0, 0, 0, 0, 0, 0, 0, 0, 0, 0, 0, 0, 0, 0, 0, 0, 0, 0, 0, 0]], "vertex_count": 22}, "distances": [[0, 81.48, 76.53, 71.72, 66.14, 58.2, 75.45, 85.12, 68.46, 69.18, 69.09, 64.91, 64.43, 67.78, 63.95, 84.68, 64.43, 60.84, 73.66, 73.8, 78.09, 0], [0, 0.0, 12.23, 9.78, 15.96, 23.31, 6.03, 4.6, 15.35, 14.58, 18.09, 17.26, 19.39, 25.77, 19.96, 4.79, 17.57, 21.32, 10.0, 15.22, 12.42, 81.48], [0, 12.23, 0.0, 11.01, 11.89, 20.11, 10.91, 12.23, 8.4, 19.32, 7.84, 18.68, 22.41, 32.39, 22.89, 11.38, 13.43, 21.59, 16.89, 12.57, 11.66, 76.53], [0, 9.78, 11.01, 0.0, 6.64, 13.54, 12.86, 13.55, 7.8, 8.3, 12.11, 8.48, 11.75, 21.38, 12.27, 13.24, 8.07, 12.21, 6.7, 11.95, 6.48, 71.72], [0, 15.96, 11.89, 6.64, 0.0, 8.37, 10.27, 19.08, 13.0, 11.53, 8.36, 8.37, 12.37, 23.7, 12.71, 18.58, 14.71, 10.14, 12.35, 10.82, 12.91, 66.14], [0, 23.31, 20.11, 13.54, 8.37, 0.0, 17.3, 26.94, 11.77, 13.45, 14.8, 8.47, 10.88, 21.78, 10.82, 26.54, 6.71, 6.18, 16.75, 18.5, 19.97, 58.2], [0, 6.03, 10.91, 12.86, 10.27, 17.3, 0.0, 10.07, 10.57, 9.73, 14.27, 11.48, 14.1, 22.27, 14.67, 9.88, 11.79, 15.46, 6.16, 12.85, 13.21, 75.45], [0, 4.6, 12.23, 13.55, 19.08, 26.94, 10.07, 0.0, 17.62, 19.14, 19.38, 21.53, 23.89, 30.29, 24.46, 9.39, 20.77, 25.53, 14.6, 15.62, 7.81, 85.12], [0, 15.35, 8.4, 7.8, 13.0, 11.77, 10.57, 17.62, 0.0, 14.68, 4.64, 12.2, 16.21, 27.33, 16.57, 16.98, 5.24, 14.16, 14.4, 6.86, 12.87, 68.46], [0, 14.58, 19.32, 8.3, 11.53, 13.45, 9.73, 19.14, 14.68, 0.0, 19.32, 4.99, 5.0, 13.09, 5.56, 19.16, 11.87, 8.54, 4.79, 20.07, 11.38, 69.18], [0, 18.09, 7.84, 12.11, 8.36, 14.8, 14.27, 19.38, 4.64, 19.32, 0.0, 16.71, 20.72, 31.94, 21.06, 18.61, 9.1, 18.27, 18.8, 4.73, 16.21, 69.09], [0, 17.26, 18.68, 8.48, 8.37, 8.47, 11.48, 21.53, 12.2, 4.99, 16.71, 0.0, 9.98, 15.4, 4.38, 21.36, 8.09, 9.07, 8.81, 18.56, 13.82, 64.91], [0, 19.39, 22.41, 11.75, 12.37, 10.88, 14.1, 23.89, 16.21, 5.0, 20.72, 9.98, 0.0, 11.52, 9.53, 23.84, 12.0, 4.83, 9.79, 22.48, 16.08, 64.43], [0, 25.77, 32.39, 21.38, 23.7, 21.78, 22.27, 30.29, 27.33, 13.09, 31.94, 15.4, 11.52, 0.0, 11.33, 30.55, 23.48, 15.63, 16.22, 33.11, 23.2, 67.78], [0, 19.96, 22.89, 12.27, 12.71, 10.82, 14.67, 24.46, 16.57, 5.56, 21.06, 4.38, 9.53, 11.33, 0.0, 24.41, 12.27, 4.7, 10.35, 22.91, 16.65, 63.95], [0, 4.79, 11.38, 13.24, 18.58, 26.54, 9.88, 9.39, 16.98, 19.16, 18.61, 21.36, 23.84, 30.55, 24.41, 0.0, 20.28, 25.32, 14.7, 14.79, 7.78, 84.68], [0, 17.57, 13.43, 8.07, 14.71, 6.71, 11.79, 20.77, 5.24, 11.87, 9.1, 8.09, 12.0, 23.48, 12.27, 20.28, 0.0, 9.17, 13.3, 12.1, 14.46, 64.43], [0, 21.32, 21.59, 12.21, 10.14, 6.18, 15.46, 25.53, 14.16, 8.54, 18.27, 9.07, 4.83, 15.63, 4.7, 25.32, 9.17, 0.0, 12.82, 20.93, 17.88, 60.84], [0, 10.0, 16.89, 6.7, 12.35, 16.75, 6.16, 14.6, 14.4, 4.79, 18.8, 8.81, 9.79, 16.22, 10.35, 14.7, 13.3, 12.82, 0.0, 18.39, 7.06, 73.66], [0, 15.22, 12.57, 11.95, 10.82, 18.5, 12.85, 15.62, 6.86, 20.07, 4.73, 18.56, 22.48, 33.11, 22.91, 14.79, 12.1, 20.93, 18.39, 0.0, 14.13, 73.8], [0, 12.42, 11.66, 6.48, 12.91, 19.97, 13.21, 7.81, 12.87, 11.38, 16.21, 13.82, 16.08, 23.2, 16.65, 7.78, 14.46, 17.88, 7.06, 14.13, 0.0, 78.09], [0, 0, 0, 0, 0, 0, 0, 0, 0, 0, 0, 0, 0, 0, 0, 0, 0, 0, 0, 0, 0, 0]], "end_depot": 21, "horizon": [0.0, 1730.92], "instance_name": "20_70_B_B6", "speed_zone_count": 3, "speed_zones": [[0.0, 443.64], [443.64, 887.28], [887.28, 1730.92]], "start_depot": 0, "time_windows": [[0.0, 1730.92], [113.0, 213.0], [74.0, 154.0], [166.0, 316.0], [270.0, 470.0], [298.0, 498.0], [357.0, 557.0], [493.0, 693.0], [543.0, 743.0], [548.0, 748.0], [560.0, 760.0], [621.0, 821.0], [661.0, 861.0], [762.0, 962.0], [850.0, 1050.0], [901.0, 1101.0], [932.0, 1132.0], [961.0, 1161.0], [1024.0, 1224.0], [1056.0, 1256.0], [1075.0, 1275.0], [0.0, 1730.92]], "vehicle_count": 1}