{"cluster_count": 3, "cluster_speeds": [[0.4, 1.0, 0.4], [0.45, 1.0, 0.45], [0.5, 1.0, 0.5]], "clusters": [[-1, 2, 2, 2, 2, 2, 2, 2, 2, 2, 2, 2, 2, 2, 2, 2, 2, 2, 2, 2, 2, -1], [0, -1, 0, 0, 0, 0, 0, 0, 0, 0, 0, 0, 0, 0, 0, 0, 0, 0, 0, 0, 0, 0], [0, 0, -1, 0, 0, 0, 0, 0, 0, 0, 0, 0, 0, 0, 0, 0, 0, 0, 0, 0, 0, 0], [0, 0, 0, -1, 0, 0, 0, 0, 0, 0, 0, 0, 0, 0, 0, 0, 0, 0, 0, 0, 0, 0], [0, 0, 0, 0, -1, 0, 0, 0, 0, 0, 0, 0, 0, 0, 0, 0, 0, 0, 0, 0, 0, 0], [1, 1, 1, 1, 1, -1, 1, 1, 1, 1, 1, 1, 1, 1, 1, 1, 1, 1, 1, 1, 1, 1], [0, 0, 0, 0, 0, 0, -1, 0, 0, 0, 0, 0, 0, 0, 0, 0, 0, 0, 0, 0, 0, 0], [0, 0, 0, 0, 0, 0, 0, -1, 0, 0, 0, 0, 0, 0, 0, 0, 0, 0, 0, 0, 0, 0], [1, 1, 1, 1, 1, 1, 1, 1, -1, 1, 1, 1, 1, 1, 1, 1, 1, 1, 1, 1, 1, 1], [0, 0, 0, 0, 0, 0, 0, 0, 0, -1, 0, 0, 0, 0, 0, 0, 0, 0, 0, 0, 0, 0], [1, 1, 1, 1, 1, 1, 1, 1, 1, 1, -1, 1, 1, 1, 1, 1, 1, 1, 1, 1, 1, 1], [0, 0, 0, 0, 0, 0, 0, 0, 0, 0, 0, -1, 0, 0, 0, 0, 0, 0, 0, 0, 0, 0], [0, 0, 0, 0, 0, 0, 0, 0, 0, 0, 0, 0, -1, 0, 0, 0, 0, 0, 0, 0, 0, 0], [0, 0, 0, 0, 0, 0, 0, 0, 0, 0, 0, 0, 0, -1, 0, 0, 0, 0, 0, 0, 0, 0], [0, 0, 0, 0, 0, 0, 0, 0, 0, 0, 0, 0, 0, 0, -1, 0, 0, 0, 0, 0, 0, 0], [0, 0, 0, 0, 0, 0, 0, 0, 0, 0, 0, 0, 0, 0, 0, -1, 0, 0, 0, 0, 0, 0], [0, 0, 0, 0, 0, 0, 0, 0, 0, 0, 0, 0, 0, 0, 0, 0, -1, 0, 0, 0, 0, 0], [0, 0, 0, 0, 0, 0, 0, 0, 0, 0, 0, 0, 0, 0, 0, 0, 0, -1, 0, 0, 0, 0], [0, 0, 0, 0, 0, 0, 0, 0, 0, 0, 0, 0, 0, 0, 0, 0, 0, 0, -1, 0, 0, 0], [0, 0, 0, 0, 0, 0, 0, 0, 0, 0, 0, 0, 0, 0, 0, 0, 0, 0, 0, -1, 0, 0], [0, 0, 0, 0, 0, 0, 0, 0, 0, 0, 0, 0, 0, 0, 0, 0, 0, 0, 0, 0, -1, 0], [-1, 2, 2, 2, 2, 2, 2, 2, 2, 2, 2, 2, 2, 2, 2, 2, 2, 2, 2, 2, 2, -1]], "dataset_name": "guerriero_et_al_2014", "digraph": {"arc_count": 420, "arcs": [[0, 1, 1, 1, 1, 1, 1, 1, 1, 1, 1, 1, 1, 1, 1, 1, 1, 1, 1, 1, 1, 0], [0, 0, 1, 1, 1, 1, 1, 1, 1, 1, 1, 1, 1, 1, 1, 1, 1, 1, 1, 1, 1, 1], [0, 1, 0, 1, 1, 1, 1, 1, 1, 1, 1, 1, 1, 1, 1, 1, 1, 1, 1, 1, 1, 1], [0, 1, 1, 0, 1, 1, 1, 1, 1, 1, 1, 1, 1, 1, 1, 1, 1, 1, 1, 1, 1, 1], [0, 1, 1, 1, 0, 1, 1, 1, 1, 1, 1, 1, 1, 1, 1, 1, 1, 1, 1, 1, 1, 1], [0, 1, 1, 1, 1, 0, 1, 1, 1, 1, 1, 1, 1, 1, 1, 1, 1, 1, 1, 1, 1, 1], [0, 1, 1, 1, 1, 1, 0, 1, 1, 1, 1, 1, 1, 1, 1, 1, 1, 1, 1, 1, 1, 1], [0, 1, 1, 1, 1, 1, 1, 0, 1, 1, 1, 1, 1, 1, 1, 1, 1, 1, 1, 1, 1, 1], [0, 1, 1, 1, 1, 1, 1, 1, 0, 1, 1, 1, 1, 1, 1, 1, 1, 1, 1, 1, 1, 1], [0, 1, 1, 1, 1, 1, 1, 1, 1, 0, 1, 1, 1, 1, 1, 1, 1, 1, 1, 1, 1, 1], [0, 1, 1, 1, 1, 1, 1, 1, 1, 1, 0, 1, 1, 1, 1, 1, 1, 1, 1, 1, 1, 1], [0, 1, 1, 1, 1, 1, 1, 1, 1, 1, 1, 0, 1, 1, 1, 1, 1, 1, 1, 1, 1, 1], [0, 1, 1, 1, 1, 1, 1, 1, 1, 1, 1, 1, 0, 1, 1, 1, 1, 1, 1, 1, 1, 1], [0, 1, 1, 1, 1, 1, 1, 1, 1, 1, 1, 1, 1, 0, 1, 1, 1, 1, 1, 1, 1, 1], [0, 1, 1, 1, 1, 1, 1, 1, 1, 1, 1, 1, 1, 1, 0, 1, 1, 1, 1, 1, 1, 1], [0, 1, 1, 1, 1, 1, 1, 1, 1, 1, 1, 1, 1, 1, 1, 0, 1, 1, 1, 1, 1, 1], [0, 1, 1, 1, 1, 1, 1, 1, 1, 1, 1, 1, 1, 1, 1, 1, 0, 1, 1, 1, 1, 1], [0, 1, 1, 1, 1, 1, 1, 1, 1, 1, 1, 1, 1, 1, 1, 1, 1, 0, 1, 1, 1, 1], [0, 1, 1, 1, 1, 1, 1, 1, 1, 1, 1, 1, 1, 1, 1, 1, 1, 1, 0, 1, 1, 1], [0, 1, 1, 1, 1, 1, 1, 1, 1, 1, 1, 1, 1, 1, 1, 1, 1, 1, 1, 0, 1, 1], [0, 1, 1, 1, 1, 1, 1, 1, 1, 1, 1, 1, 1, 1, 1, 1, 1, 1, 1, 1, 0, 1], [0, 0, 0, 0, 0, 0, 0, 0, 0, 0, 0, 0, 0, 0, 0, 0, 0, 0, 0, 0, 0, 0]], "vertex_count": 22}, "distances": [[0, 71.94, 62.84, 70.35, 70.43, 88.04, 70.21, 69.54, 87.55, 76.49, 52.02, 78.45, 79.88, 72.83, 67.05, 57.23, 64.23, 76.92, 71.17, 69.93, 71.68, 0], [0, 0.0, 9.98, 11.04, 6.7, 24.19, 12.61, 10.71, 21.15, 4.94, 20.45, 7.49, 8.77, 6.47, 6.8, 15.07, 7.81, 5.24, 6.31, 10.26, 9.92, 71.94], [0, 9.98, 0.0, 7.7, 12.66, 28.08, 9.7, 8.83, 26.25, 13.86, 13.32, 15.64, 17.06, 10.17, 4.24, 8.76, 8.52, 14.33, 12.95, 8.91, 9.53, 62.84], [0, 11.04, 7.7, 0.0, 8.91, 23.27, 4.86, 7.92, 20.62, 6.18, 19.5, 8.18, 9.59, 4.57, 10.49, 14.22, 6.21, 6.64, 8.71, 7.51, 10.5, 70.35], [0, 6.7, 12.66, 8.91, 0.0, 30.6, 13.78, 16.74, 27.31, 10.55, 18.43, 13.19, 14.18, 13.12, 11.47, 13.44, 9.67, 10.6, 13.01, 16.37, 7.2, 70.43], [0, 24.19, 28.08, 23.27, 30.6, 0.0, 27.18, 19.52, 4.18, 20.14, 41.4, 17.63, 17.0, 18.83, 24.3, 36.59, 28.49, 20.19, 30.02, 19.3, 23.87, 88.04], [0, 12.61, 9.7, 4.86, 13.78, 27.18, 0.0, 12.71, 24.12, 7.68, 18.36, 10.31, 11.52, 9.16, 7.69, 13.02, 6.95, 7.89, 13.57, 12.33, 12.66, 70.21], [0, 10.71, 8.83, 7.92, 16.74, 19.52, 12.71, 0.0, 18.18, 11.27, 22.05, 11.51, 12.67, 5.34, 5.99, 17.58, 10.12, 11.77, 16.6, 10.12, 10.09, 69.54], [0, 21.15, 26.25, 20.62, 27.31, 4.18, 24.12, 18.18, 0.0, 16.76, 39.47, 14.15, 13.35, 16.43, 22.23, 34.45, 26.26, 16.75, 26.69, 17.86, 20.91, 87.55], [0, 4.94, 13.86, 6.18, 10.55, 20.14, 7.68, 11.27, 16.76, 0.0, 25.29, 12.3, 13.59, 5.93, 9.91, 19.93, 12.26, 10.18, 9.93, 10.71, 4.98, 76.49], [0, 20.45, 13.32, 19.5, 18.43, 41.4, 18.36, 22.05, 39.47, 25.29, 0.0, 27.61, 28.99, 23.12, 17.24, 5.37, 13.37, 25.65, 19.16, 22.18, 20.31, 52.02], [0, 7.49, 15.64, 8.18, 13.19, 17.63, 10.31, 11.51, 14.15, 12.3, 27.61, 0.0, 14.03, 6.37, 11.49, 22.27, 14.38, 12.73, 12.55, 10.94, 7.44, 78.45], [0, 8.77, 17.06, 9.59, 14.18, 17.0, 11.52, 12.67, 13.35, 13.59, 28.99, 14.03, 0.0, 7.66, 12.9, 23.65, 15.8, 14.02, 13.5, 12.11, 8.77, 79.88], [0, 6.47, 10.17, 4.57, 13.12, 18.83, 9.16, 5.34, 16.43, 5.93, 23.12, 6.37, 7.66, 0.0, 5.96, 18.03, 9.83, 6.43, 12.78, 4.78, 5.93, 72.83], [0, 6.8, 4.24, 10.49, 11.47, 24.3, 7.69, 5.99, 22.23, 9.91, 17.24, 11.49, 12.9, 5.96, 0.0, 12.29, 4.28, 10.4, 11.5, 5.83, 6.23, 67.05], [0, 15.07, 8.76, 14.22, 13.44, 36.59, 13.02, 17.58, 34.45, 19.93, 5.37, 22.27, 23.65, 18.03, 12.29, 0.0, 8.2, 20.28, 14.12, 17.63, 14.95, 57.23], [0, 7.81, 8.52, 6.21, 9.67, 28.49, 6.95, 10.12, 26.26, 12.26, 13.37, 14.38, 15.8, 9.83, 4.28, 8.2, 0.0, 12.69, 9.99, 10.03, 7.49, 64.23], [0, 5.24, 14.33, 6.64, 10.6, 20.19, 7.89, 11.77, 16.75, 10.18, 25.65, 12.73, 14.02, 6.43, 10.4, 20.28, 12.69, 0.0, 9.95, 11.21, 5.34, 76.92], [0, 6.31, 12.95, 8.71, 13.01, 30.02, 13.57, 16.6, 26.69, 9.93, 19.16, 12.55, 13.5, 12.78, 11.5, 14.12, 9.99, 9.95, 0.0, 16.21, 6.85, 71.17], [0, 10.26, 8.91, 7.51, 16.37, 19.3, 12.33, 10.12, 17.86, 10.71, 22.18, 10.94, 12.11, 4.78, 5.83, 17.63, 10.03, 11.21, 16.21, 0.0, 9.64, 69.93], [0, 9.92, 9.53, 10.5, 7.2, 23.87, 12.66, 10.09, 20.91, 4.98, 20.31, 7.44, 8.77, 5.93, 6.23, 14.95, 7.49, 5.34, 6.85, 9.64, 0.0, 71.68], [0, 0, 0, 0, 0, 0, 0, 0, 0, 0, 0, 0, 0, 0, 0, 0, 0, 0, 0, 0, 0, 0]], "end_depot": 21, "horizon": [0.0, 1780.51], "instance_name": "20_80_B_A3", "speed_zone_count": 3, "speed_zones": [[0.0, 460.17], [460.17, 920.34], [920.34, 1780.51]], "start_depot": 0, "time_windows": [[0.0, 1780.51], [60.0, 210.0], [115.0, 265.0], [132.0, 282.0], [136.0, 336.0], [201.0, 401.0], [326.0, 526.0], [460.0, 660.0], [516.0, 716.0], [598.0, 798.0], [647.0, 847.0], [657.0, 857.0], [767.0, 967.0], [835.0, 1035.0], [923.0, 1123.0], [925.0, 1125.0], [951.0, 1151.0], [1076.0, 1276.0], [1113.0, 1313.0], [1138.0, 1338.0], [1142.0, 1342.0], [0.0, 1780.51]], "vehicle_count": 1}