{"cluster_count": 3, "cluster_speeds": [[0.5, 1.0, 0.5], [0.35, 1.0, 0.35], [0.475, 1.0, 0.475]], "clusters": [[-1, 2, 2, 2, 2, 2, 2, 2, 2, 2, 2, 2, 2, 2, 2, 2, 2, 2, 2, 2, 2, 2, 2, 2, 2, 2, 2, 2, 2, 2, 2, -1], [2, -1, 2, 2, 2, 2, 2, 2, 2, 2, 2, 2, 2, 2, 2, 2, 2, 2, 2, 2, 2, 2, 2, 2, 2, 2, 2, 2, 2, 2, 2, 2], [1, 1, -1, 1, 1, 1, 1, 1, 1, 1, 1, 1, 1, 1, 1, 1, 1, 1, 1, 1, 1, 1, 1, 1, 1, 1, 1, 1, 1, 1, 1, 1], [1, 1, 1, -1, 1, 1, 1, 1, 1, 1, 1, 1, 1, 1, 1, 1, 1, 1, 1, 1, 1, 1, 1, 1, 1, 1, 1, 1, 1, 1, 1, 1], [0, 0, 0, 0, -1, 0, 0, 0, 0, 0, 0, 0, 0, 0, 0, 0, 0, 0, 0, 0, 0, 0, 0, 0, 0, 0, 0, 0, 0, 0, 0, 0], [1, 1, 1, 1, 1, -1, 1, 1, 1, 1, 1, 1, 1, 1, 1, 1, 1, 1, 1, 1, 1, 1, 1, 1, 1, 1, 1, 1, 1, 1, 1, 1], [0, 0, 0, 0, 0, 0, -1, 0, 0, 0, 0, 0, 0, 0, 0, 0, 0, 0, 0, 0, 0, 0, 0, 0, 0, 0, 0, 0, 0, 0, 0, 0], [0, 0, 0, 0, 0, 0, 0, -1, 0, 0, 0, 0, 0, 0, 0, 0, 0, 0, 0, 0, 0, 0, 0, 0, 0, 0, 0, 0, 0, 0, 0, 0], [0, 0, 0, 0, 0, 0, 0, 0, -1, 0, 0, 0, 0, 0, 0, 0, 0, 0, 0, 0, 0, 0, 0, 0, 0, 0, 0, 0, 0, 0, 0, 0], [0, 0, 0, 0, 0, 0, 0, 0, 0, -1, 0, 0, 0, 0, 0, 0, 0, 0, 0, 0, 0, 0, 0, 0, 0, 0, 0, 0, 0, 0, 0, 0], [1, 1, 1, 1, 1, 1, 1, 1, 1, 1, -1, 1, 1, 1, 1, 1, 1, 1, 1, 1, 1, 1, 1, 1, 1, 1, 1, 1, 1, 1, 1, 1], [0, 0, 0, 0, 0, 0, 0, 0, 0, 0, 0, -1, 0, 0, 0, 0, 0, 0, 0, 0, 0, 0, 0, 0, 0, 0, 0, 0, 0, 0, 0, 0], [1, 1, 1, 1, 1, 1, 1, 1, 1, 1, 1, 1, -1, 1, 1, 1, 1, 1, 1, 1, 1, 1, 1, 1, 1, 1, 1, 1, 1, 1, 1, 1], [1, 1, 1, 1, 1, 1, 1, 1, 1, 1, 1, 1, 1, -1, 1, 1, 1, 1, 1, 1, 1, 1, 1, 1, 1, 1, 1, 1, 1, 1, 1, 1], [0, 0, 0, 0, 0, 0, 0, 0, 0, 0, 0, 0, 0, 0, -1, 0, 0, 0, 0, 0, 0, 0, 0, 0, 0, 0, 0, 0, 0, 0, 0, 0], [0, 0, 0, 0, 0, 0, 0, 0, 0, 0, 0, 0, 0, 0, 0, -1, 0, 0, 0, 0, 0, 0, 0, 0, 0, 0, 0, 0, 0, 0, 0, 0], [0, 0, 0, 0, 0, 0, 0, 0, 0, 0, 0, 0, 0, 0, 0, 0, -1, 0, 0, 0, 0, 0, 0, 0, 0, 0, 0, 0, 0, 0, 0, 0], [1, 1, 1, 1, 1, 1, 1, 1, 1, 1, 1, 1, 1, 1, 1, 1, 1, -1, 1, 1, 1, 1, 1, 1, 1, 1, 1, 1, 1, 1, 1, 1], [0, 0, 0, 0, 0, 0, 0, 0, 0, 0, 0, 0, 0, 0, 0, 0, 0, 0, -1, 0, 0, 0, 0, 0, 0, 0, 0, 0, 0, 0, 0, 0], [1, 1, 1, 1, 1, 1, 1, 1, 1, 1, 1, 1, 1, 1, 1, 1, 1, 1, 1, -1, 1, 1, 1, 1, 1, 1, 1, 1, 1, 1, 1, 1], [1, 1, 1, 1, 1, 1, 1, 1, 1, 1, 1, 1, 1, 1, 1, 1, 1, 1, 1, 1, -1, 1, 1, 1, 1, 1, 1, 1, 1, 1, 1, 1], [2, 2, 2, 2, 2, 2, 2, 2, 2, 2, 2, 2, 2, 2, 2, 2, 2, 2, 2, 2, 2, -1, 2, 2, 2, 2, 2, 2, 2, 2, 2, 2], [0, 0, 0, 0, 0, 0, 0, 0, 0, 0, 0, 0, 0, 0, 0, 0, 0, 0, 0, 0, 0, 0, -1, 0, 0, 0, 0, 0, 0, 0, 0, 0], [1, 1, 1, 1, 1, 1, 1, 1, 1, 1, 1, 1, 1, 1, 1, 1, 1, 1, 1, 1, 1, 1, 1, -1, 1, 1, 1, 1, 1, 1, 1, 1], [0, 0, 0, 0, 0, 0, 0, 0, 0, 0, 0, 0, 0, 0, 0, 0, 0, 0, 0, 0, 0, 0, 0, 0, -1, 0, 0, 0, 0, 0, 0, 0], [2, 2, 2, 2, 2, 2, 2, 2, 2, 2, 2, 2, 2, 2, 2, 2, 2, 2, 2, 2, 2, 2, 2, 2, 2, -1, 2, 2, 2, 2, 2, 2], [1, 1, 1, 1, 1, 1, 1, 1, 1, 1, 1, 1, 1, 1, 1, 1, 1, 1, 1, 1, 1, 1, 1, 1, 1, 1, -1, 1, 1, 1, 1, 1], [1, 1, 1, 1, 1, 1, 1, 1, 1, 1, 1, 1, 1, 1, 1, 1, 1, 1, 1, 1, 1, 1, 1, 1, 1, 1, 1, -1, 1, 1, 1, 1], [0, 0, 0, 0, 0, 0, 0, 0, 0, 0, 0, 0, 0, 0, 0, 0, 0, 0, 0, 0, 0, 0, 0, 0, 0, 0, 0, 0, -1, 0, 0, 0], [0, 0, 0, 0, 0, 0, 0, 0, 0, 0, 0, 0, 0, 0, 0, 0, 0, 0, 0, 0, 0, 0, 0, 0, 0, 0, 0, 0, 0, -1, 0, 0], [1, 1, 1, 1, 1, 1, 1, 1, 1, 1, 1, 1, 1, 1, 1, 1, 1, 1, 1, 1, 1, 1, 1, 1, 1, 1, 1, 1, 1, 1, -1, 1], [-1, 2, 2, 2, 2, 2, 2, 2, 2, 2, 2, 2, 2, 2, 2, 2, 2, 2, 2, 2, 2, 2, 2, 2, 2, 2, 2, 2, 2, 2, 2, -1]], "dataset_name": "guerriero_et_al_2014", "digraph": {"arc_count": 930, "arcs": [[0, 1, 1, 1, 1, 1, 1, 1, 1, 1, 1, 1, 1, 1, 1, 1, 1, 1, 1, 1, 1, 1, 1, 1, 1, 1, 1, 1, 1, 1, 1, 0], [0, 0, 1, 1, 1, 1, 1, 1, 1, 1, 1, 1, 1, 1, 1, 1, 1, 1, 1, 1, 1, 1, 1, 1, 1, 1, 1, 1, 1, 1, 1, 1], [0, 1, 0, 1, 1, 1, 1, 1, 1, 1, 1, 1, 1, 1, 1, 1, 1, 1, 1, 1, 1, 1, 1, 1, 1, 1, 1, 1, 1, 1, 1, 1], [0, 1, 1, 0, 1, 1, 1, 1, 1, 1, 1, 1, 1, 1, 1, 1, 1, 1, 1, 1, 1, 1, 1, 1, 1, 1, 1, 1, 1, 1, 1, 1], [0, 1, 1, 1, 0, 1, 1, 1, 1, 1, 1, 1, 1, 1, 1, 1, 1, 1, 1, 1, 1, 1, 1, 1, 1, 1, 1, 1, 1, 1, 1, 1], [0, 1, 1, 1, 1, 0, 1, 1, 1, 1, 1, 1, 1, 1, 1, 1, 1, 1, 1, 1, 1, 1, 1, 1, 1, 1, 1, 1, 1, 1, 1, 1], [0, 1, 1, 1, 1, 1, 0, 1, 1, 1, 1, 1, 1, 1, 1, 1, 1, 1, 1, 1, 1, 1, 1, 1, 1, 1, 1, 1, 1, 1, 1, 1], [0, 1, 1, 1, 1, 1, 1, 0, 1, 1, 1, 1, 1, 1, 1, 1, 1, 1, 1, 1, 1, 1, 1, 1, 1, 1, 1, 1, 1, 1, 1, 1], [0, 1, 1, 1, 1, 1, 1, 1, 0, 1, 1, 1, 1, 1, 1, 1, 1, 1, 1, 1, 1, 1, 1, 1, 1, 1, 1, 1, 1, 1, 1, 1], [0, 1, 1, 1, 1, 1, 1, 1, 1, 0, 1, 1, 1, 1, 1, 1, 1, 1, 1, 1, 1, 1, 1, 1, 1, 1, 1, 1, 1, 1, 1, 1], [0, 1, 1, 1, 1, 1, 1, 1, 1, 1, 0, 1, 1, 1, 1, 1, 1, 1, 1, 1, 1, 1, 1, 1, 1, 1, 1, 1, 1, 1, 1, 1], [0, 1, 1, 1, 1, 1, 1, 1, 1, 1, 1, 0, 1, 1, 1, 1, 1, 1, 1, 1, 1, 1, 1, 1, 1, 1, 1, 1, 1, 1, 1, 1], [0, 1, 1, 1, 1, 1, 1, 1, 1, 1, 1, 1, 0, 1, 1, 1, 1, 1, 1, 1, 1, 1, 1, 1, 1, 1, 1, 1, 1, 1, 1, 1], [0, 1, 1, 1, 1, 1, 1, 1, 1, 1, 1, 1, 1, 0, 1, 1, 1, 1, 1, 1, 1, 1, 1, 1, 1, 1, 1, 1, 1, 1, 1, 1], [0, 1, 1, 1, 1, 1, 1, 1, 1, 1, 1, 1, 1, 1, 0, 1, 1, 1, 1, 1, 1, 1, 1, 1, 1, 1, 1, 1, 1, 1, 1, 1], [0, 1, 1, 1, 1, 1, 1, 1, 1, 1, 1, 1, 1, 1, 1, 0, 1, 1, 1, 1, 1, 1, 1, 1, 1, 1, 1, 1, 1, 1, 1, 1], [0, 1, 1, 1, 1, 1, 1, 1, 1, 1, 1, 1, 1, 1, 1, 1, 0, 1, 1, 1, 1, 1, 1, 1, 1, 1, 1, 1, 1, 1, 1, 1], [0, 1, 1, 1, 1, 1, 1, 1, 1, 1, 1, 1, 1, 1, 1, 1, 1, 0, 1, 1, 1, 1, 1, 1, 1, 1, 1, 1, 1, 1, 1, 1], [0, 1, 1, 1, 1, 1, 1, 1, 1, 1, 1, 1, 1, 1, 1, 1, 1, 1, 0, 1, 1, 1, 1, 1, 1, 1, 1, 1, 1, 1, 1, 1], [0, 1, 1, 1, 1, 1, 1, 1, 1, 1, 1, 1, 1, 1, 1, 1, 1, 1, 1, 0, 1, 1, 1, 1, 1, 1, 1, 1, 1, 1, 1, 1], [0, 1, 1, 1, 1, 1, 1, 1, 1, 1, 1, 1, 1, 1, 1, 1, 1, 1, 1, 1, 0, 1, 1, 1, 1, 1, 1, 1, 1, 1, 1, 1], [0, 1, 1, 1, 1, 1, 1, 1, 1, 1, 1, 1, 1, 1, 1, 1, 1, 1, 1, 1, 1, 0, 1, 1, 1, 1, 1, 1, 1, 1, 1, 1], [0, 1, 1, 1, 1, 1, 1, 1, 1, 1, 1, 1, 1, 1, 1, 1, 1, 1, 1, 1, 1, 1, 0, 1, 1, 1, 1, 1, 1, 1, 1, 1], [0, 1, 1, 1, 1, 1, 1, 1, 1, 1, 1, 1, 1, 1, 1, 1, 1, 1, 1, 1, 1, 1, 1, 0, 1, 1, 1, 1, 1, 1, 1, 1], [0, 1, 1, 1, 1, 1, 1, 1, 1, 1, 1, 1, 1, 1, 1, 1, 1, 1, 1, 1, 1, 1, 1, 1, 0, 1, 1, 1, 1, 1, 1, 1], [0, 1, 1, 1, 1, 1, 1, 1, 1, 1, 1, 1, 1, 1, 1, 1, 1, 1, 1, 1, 1, 1, 1, 1, 1, 0, 1, 1, 1, 1, 1, 1], [0, 1, 1, 1, 1, 1, 1, 1, 1, 1, 1, 1, 1, 1, 1, 1, 1, 1, 1, 1, 1, 1, 1, 1, 1, 1, 0, 1, 1, 1, 1, 1], [0, 1, 1, 1, 1, 1, 1, 1, 1, 1, 1, 1, 1, 1, 1, 1, 1, 1, 1, 1, 1, 1, 1, 1, 1, 1, 1, 0, 1, 1, 1, 1], [0, 1, 1, 1, 1, 1, 1, 1, 1, 1, 1, 1, 1, 1, 1, 1, 1, 1, 1, 1, 1, 1, 1, 1, 1, 1, 1, 1, 0, 1, 1, 1], [0, 1, 1, 1, 1, 1, 1, 1, 1, 1, 1, 1, 1, 1, 1, 1, 1, 1, 1, 1, 1, 1, 1, 1, 1, 1, 1, 1, 1, 0, 1, 1], [0, 1, 1, 1, 1, 1, 1, 1, 1, 1, 1, 1, 1, 1, 1, 1, 1, 1, 1, 1, 1, 1, 1, 1, 1, 1, 1, 1, 1, 1, 0, 1], [0, 0, 0, 0, 0, 0, 0, 0, 0, 0, 0, 0, 0, 0, 0, 0, 0, 0, 0, 0, 0, 0, 0, 0, 0, 0, 0, 0, 0, 0, 0, 0]], "vertex_count": 32}, "distances": [[0, 68.39, 62.1, 89.33, 62.36, 57.71, 74.81, 75.16, 80.56, 72.51, 60.6, 73.62, 73.0, 77.21, 74.36, 73.84, 57.77, 86.93, 78.09, 50.36, 57.75, 43.03, 83.1, 68.71, 68.16, 38.46, 86.57, 52.93, 68.96, 68.49, 87.63, 0], [0, 0.0, 15.11, 40.73, 31.3, 20.84, 21.62, 44.14, 30.93, 41.07, 14.76, 18.29, 10.94, 50.34, 22.33, 28.71, 31.83, 40.05, 35.34, 30.91, 15.53, 32.83, 40.31, 6.74, 38.22, 30.07, 35.51, 27.0, 30.55, 35.66, 50.94, 68.39], [0, 15.11, 0.0, 32.53, 16.35, 6.26, 13.79, 30.55, 22.2, 27.25, 12.36, 11.79, 11.9, 36.52, 13.75, 17.31, 16.74, 31.01, 24.03, 16.99, 4.73, 21.11, 29.63, 9.9, 23.83, 26.99, 28.07, 12.91, 16.95, 21.49, 39.31, 62.1], [0, 40.73, 32.53, 0.0, 27.03, 33.76, 19.59, 19.71, 10.37, 20.15, 34.31, 22.74, 29.82, 23.66, 19.21, 16.04, 31.64, 11.01, 11.35, 38.99, 37.05, 46.47, 7.69, 34.35, 23.04, 58.76, 5.32, 36.82, 20.37, 21.68, 14.98, 89.33], [0, 31.3, 16.35, 27.03, 0.0, 12.23, 17.74, 16.13, 19.27, 12.72, 17.22, 19.05, 24.84, 21.34, 16.76, 12.57, 4.61, 24.59, 15.74, 12.24, 18.2, 19.86, 20.84, 25.3, 8.37, 35.1, 24.85, 11.18, 6.83, 7.02, 27.43, 62.36], [0, 20.84, 6.26, 33.76, 12.23, 0.0, 17.11, 27.91, 23.84, 24.49, 6.1, 16.11, 17.96, 33.46, 16.69, 17.75, 11.31, 31.84, 23.81, 10.74, 6.09, 15.52, 29.5, 16.13, 20.47, 25.06, 29.95, 6.67, 15.22, 18.58, 38.1, 57.71], [0, 21.62, 13.79, 19.59, 17.74, 17.11, 0.0, 24.53, 9.41, 22.07, 15.57, 19.02, 11.15, 30.78, 15.38, 8.21, 21.21, 18.59, 14.11, 25.95, 18.52, 32.26, 18.74, 14.99, 20.86, 40.78, 14.69, 22.46, 12.82, 18.11, 29.49, 74.81], [0, 44.14, 30.55, 19.71, 16.13, 27.91, 24.53, 0.0, 18.85, 12.49, 31.86, 27.45, 35.11, 6.28, 23.49, 16.32, 19.57, 17.1, 11.76, 27.33, 33.5, 34.71, 12.06, 37.5, 7.89, 51.12, 21.01, 27.17, 13.68, 9.33, 12.47, 75.16], [0, 30.93, 22.2, 10.37, 19.27, 23.84, 9.41, 18.85, 0.0, 17.47, 23.98, 12.68, 20.21, 24.62, 8.91, 6.81, 23.72, 9.18, 7.1, 30.34, 26.76, 37.53, 9.95, 24.37, 18.3, 48.66, 6.11, 27.65, 12.51, 16.01, 20.82, 80.56], [0, 41.07, 27.25, 20.15, 12.72, 24.49, 22.07, 12.49, 17.47, 0.0, 28.53, 24.83, 32.34, 9.3, 21.0, 13.9, 16.27, 17.47, 10.57, 24.1, 30.11, 31.56, 12.5, 34.48, 4.6, 47.75, 20.57, 23.79, 10.52, 5.91, 15.31, 72.51], [0, 14.76, 12.36, 34.31, 17.22, 6.1, 15.57, 31.86, 23.98, 28.53, 0.0, 13.49, 12.92, 37.76, 15.54, 19.01, 17.15, 32.76, 25.68, 16.56, 12.19, 20.11, 31.31, 10.23, 24.96, 25.24, 29.86, 12.52, 18.35, 22.71, 40.88, 60.6], [0, 18.29, 11.79, 22.74, 19.05, 16.11, 19.02, 27.45, 12.68, 24.83, 13.49, 0.0, 7.87, 33.72, 18.35, 11.18, 22.0, 21.84, 17.37, 25.8, 16.47, 31.58, 22.07, 11.7, 23.21, 38.68, 17.7, 22.06, 15.03, 20.44, 32.81, 73.62], [0, 10.94, 11.9, 29.82, 24.84, 17.96, 11.15, 35.11, 20.21, 32.34, 12.92, 7.87, 0.0, 41.39, 12.02, 18.97, 26.81, 29.23, 25.24, 28.65, 15.47, 32.98, 29.85, 5.23, 30.27, 36.08, 24.58, 24.6, 22.14, 27.54, 40.64, 73.0], [0, 50.34, 36.52, 23.66, 21.34, 33.46, 30.78, 6.28, 24.62, 9.3, 37.76, 33.72, 41.39, 0.0, 29.74, 22.57, 24.11, 21.28, 17.58, 31.5, 39.23, 38.52, 16.52, 43.73, 13.0, 55.72, 25.95, 31.94, 19.81, 15.05, 12.19, 77.21], [0, 22.33, 13.75, 19.21, 16.76, 16.69, 15.38, 23.49, 8.91, 21.0, 15.54, 18.35, 12.02, 29.74, 0.0, 7.17, 20.32, 18.08, 13.22, 25.25, 18.45, 31.69, 17.99, 15.65, 19.78, 40.67, 14.44, 21.84, 11.74, 17.02, 28.68, 74.36], [0, 28.71, 17.31, 16.04, 12.57, 17.75, 8.21, 16.32, 6.81, 13.9, 19.01, 11.18, 18.97, 22.57, 7.17, 0.0, 16.95, 14.1, 6.81, 23.56, 21.51, 30.82, 12.32, 21.97, 13.19, 42.79, 12.73, 20.99, 6.0, 10.54, 22.39, 73.84], [0, 31.83, 16.74, 31.64, 4.61, 11.31, 21.21, 19.57, 23.72, 16.27, 17.15, 22.0, 26.81, 24.11, 20.32, 16.95, 0.0, 29.19, 20.34, 7.9, 17.36, 15.49, 25.37, 26.4, 11.69, 31.64, 29.39, 7.86, 11.39, 11.09, 31.41, 57.77], [0, 40.05, 31.01, 11.01, 24.59, 31.84, 18.59, 17.1, 9.18, 17.47, 32.76, 21.84, 29.23, 21.28, 18.08, 14.1, 29.19, 0.0, 8.85, 36.64, 35.42, 44.16, 5.04, 33.53, 20.37, 56.89, 5.7, 34.6, 18.01, 19.07, 13.5, 86.93], [0, 35.34, 24.03, 11.35, 15.74, 23.81, 14.11, 11.76, 7.1, 10.57, 25.68, 17.37, 25.24, 17.58, 13.22, 6.81, 20.34, 8.85, 0.0, 27.83, 28.07, 35.39, 5.7, 28.61, 12.23, 48.8, 10.27, 25.96, 9.25, 10.49, 15.62, 78.09], [0, 30.91, 16.99, 38.99, 12.24, 10.74, 25.95, 27.33, 30.34, 24.1, 16.56, 25.8, 28.65, 31.5, 25.25, 23.56, 7.9, 36.64, 27.83, 0.0, 15.38, 7.62, 33.07, 26.77, 19.5, 24.35, 36.27, 15.76, 18.63, 18.98, 39.3, 50.36], [0, 15.53, 4.73, 37.05, 18.2, 6.09, 18.52, 33.5, 26.76, 30.11, 12.19, 16.47, 15.47, 39.23, 18.45, 21.51, 17.36, 35.42, 28.07, 15.38, 0.0, 17.95, 33.74, 12.12, 26.28, 22.27, 32.7, 11.52, 20.26, 24.22, 43.03, 57.75], [0, 32.83, 21.11, 46.47, 19.86, 15.52, 32.26, 34.71, 37.53, 31.56, 20.11, 31.58, 32.98, 38.52, 31.69, 30.82, 15.49, 44.16, 35.39, 7.62, 17.95, 0.0, 40.67, 30.06, 26.96, 18.45, 43.55, 9.93, 26.15, 26.57, 46.82, 43.03], [0, 40.31, 29.63, 7.69, 20.84, 29.5, 18.74, 12.06, 9.95, 12.5, 31.31, 22.07, 29.85, 16.52, 17.99, 12.32, 25.37, 5.04, 5.7, 33.07, 33.74, 40.67, 0.0, 33.62, 15.7, 54.47, 9.49, 31.43, 14.73, 14.72, 10.88, 83.1], [0, 6.74, 9.9, 34.35, 25.3, 16.13, 14.99, 37.5, 24.37, 34.48, 10.23, 11.7, 5.23, 43.73, 15.65, 21.97, 26.4, 33.53, 28.61, 26.77, 12.12, 30.06, 33.62, 0.0, 31.81, 31.27, 29.21, 22.71, 23.99, 29.2, 44.21, 68.71], [0, 38.22, 23.83, 23.04, 8.37, 20.47, 20.86, 7.89, 18.3, 4.6, 24.96, 23.21, 30.27, 13.0, 19.78, 13.19, 11.69, 20.37, 12.23, 19.5, 26.28, 26.96, 15.7, 31.81, 0.0, 43.24, 22.49, 19.29, 8.18, 10.51, 19.87, 68.16], [0, 30.07, 26.99, 58.76, 35.1, 25.06, 40.78, 51.12, 48.66, 47.75, 25.24, 38.68, 36.08, 55.72, 40.67, 42.79, 31.64, 56.89, 48.8, 24.35, 22.27, 18.45, 54.47, 31.27, 43.24, 0.0, 54.71, 23.96, 39.9, 42.11, 62.43, 38.46], [0, 35.51, 28.07, 5.32, 24.85, 29.95, 14.69, 21.01, 6.11, 20.57, 29.86, 17.7, 24.58, 25.95, 14.44, 12.73, 29.39, 5.7, 10.27, 36.27, 32.7, 43.55, 9.49, 29.21, 22.49, 54.71, 0.0, 33.7, 18.02, 20.6, 19.16, 86.57], [0, 27.0, 12.91, 36.82, 11.18, 6.67, 22.46, 27.17, 27.65, 23.79, 12.52, 22.06, 24.6, 31.94, 21.84, 20.99, 7.86, 34.6, 25.96, 15.76, 11.52, 9.93, 31.43, 22.71, 19.29, 23.96, 33.7, 0.0, 16.72, 18.2, 38.6, 52.93], [0, 30.55, 16.95, 20.37, 6.83, 15.22, 12.82, 13.68, 12.51, 10.52, 18.35, 15.03, 22.14, 19.81, 11.74, 6.0, 11.39, 18.01, 9.25, 18.63, 20.26, 26.15, 14.73, 23.99, 8.18, 39.9, 18.02, 16.72, 0.0, 5.43, 22.89, 68.96], [0, 35.66, 21.49, 21.68, 7.02, 18.58, 18.11, 9.33, 16.01, 5.91, 22.71, 20.44, 27.54, 15.05, 17.02, 10.54, 11.09, 19.07, 10.49, 18.98, 24.22, 26.57, 14.72, 29.2, 10.51, 42.11, 20.6, 18.2, 5.43, 0.0, 20.42, 68.49], [0, 50.94, 39.31, 14.98, 27.43, 38.1, 29.49, 12.47, 20.82, 15.31, 40.88, 32.81, 40.64, 12.19, 28.68, 22.39, 31.41, 13.5, 15.62, 39.3, 43.03, 46.82, 10.88, 44.21, 19.87, 62.43, 19.16, 38.6, 22.89, 20.42, 0.0, 87.63], [0, 0, 0, 0, 0, 0, 0, 0, 0, 0, 0, 0, 0, 0, 0, 0, 0, 0, 0, 0, 0, 0, 0, 0, 0, 0, 0, 0, 0, 0, 0, 0]], "end_depot": 31, "horizon": [0.0, 2113.09], "instance_name": "30_70_A_C8", "speed_zone_count": 3, "speed_zones": [[0.0, 571.03], [571.03, 1142.06], [1142.06, 2113.09]], "start_depot": 0, "time_windows": [[0.0, 2113.09], [4.0, 154.0], [69.0, 269.0], [139.0, 339.0], [196.0, 396.0], [198.0, 398.0], [143.0, 343.0], [299.0, 499.0], [411.0, 611.0], [508.0, 708.0], [215.0, 415.0], [540.0, 740.0], [594.0, 794.0], [612.0, 812.0], [628.0, 828.0], [657.0, 857.0], [680.0, 880.0], [790.0, 990.0], [835.0, 1035.0], [910.0, 1110.0], [924.0, 1124.0], [932.0, 1132.0], [1090.0, 1290.0], [1134.0, 1334.0], [1175.0, 1375.0], [1187.0, 1387.0], [1277.0, 1477.0], [1337.0, 1537.0], [1404.0, 1604.0], [1408.0, 1608.0], [1494.0, 1694.0], [0.0, 2113.09]], "vehicle_count": 1}