{"cluster_count": 3, "cluster_speeds": [[0.4, 1.0, 0.4], [0.45, 1.0, 0.45], [0.5, 1.0, 0.5]], "clusters": [[-1, 2, 2, 2, 2, 2, 2, 2, 2, 2, 2, 2, 2, 2, 2, 2, 2, 2, 2, 2, 2, 2, 2, 2, 2, 2, 2, 2, 2, 2, 2, -1], [2, -1, 2, 2, 2, 2, 2, 2, 2, 2, 2, 2, 2, 2, 2, 2, 2, 2, 2, 2, 2, 2, 2, 2, 2, 2, 2, 2, 2, 2, 2, 2], [0, 0, -1, 0, 0, 0, 0, 0, 0, 0, 0, 0, 0, 0, 0, 0, 0, 0, 0, 0, 0, 0, 0, 0, 0, 0, 0, 0, 0, 0, 0, 0], [1, 1, 1, -1, 1, 1, 1, 1, 1, 1, 1, 1, 1, 1, 1, 1, 1, 1, 1, 1, 1, 1, 1, 1, 1, 1, 1, 1, 1, 1, 1, 1], [2, 2, 2, 2, -1, 2, 2, 2, 2, 2, 2, 2, 2, 2, 2, 2, 2, 2, 2, 2, 2, 2, 2, 2, 2, 2, 2, 2, 2, 2, 2, 2], [0, 0, 0, 0, 0, -1, 0, 0, 0, 0, 0, 0, 0, 0, 0, 0, 0, 0, 0, 0, 0, 0, 0, 0, 0, 0, 0, 0, 0, 0, 0, 0], [1, 1, 1, 1, 1, 1, -1, 1, 1, 1, 1, 1, 1, 1, 1, 1, 1, 1, 1, 1, 1, 1, 1, 1, 1, 1, 1, 1, 1, 1, 1, 1], [2, 2, 2, 2, 2, 2, 2, -1, 2, 2, 2, 2, 2, 2, 2, 2, 2, 2, 2, 2, 2, 2, 2, 2, 2, 2, 2, 2, 2, 2, 2, 2], [1, 1, 1, 1, 1, 1, 1, 1, -1, 1, 1, 1, 1, 1, 1, 1, 1, 1, 1, 1, 1, 1, 1, 1, 1, 1, 1, 1, 1, 1, 1, 1], [0, 0, 0, 0, 0, 0, 0, 0, 0, -1, 0, 0, 0, 0, 0, 0, 0, 0, 0, 0, 0, 0, 0, 0, 0, 0, 0, 0, 0, 0, 0, 0], [1, 1, 1, 1, 1, 1, 1, 1, 1, 1, -1, 1, 1, 1, 1, 1, 1, 1, 1, 1, 1, 1, 1, 1, 1, 1, 1, 1, 1, 1, 1, 1], [2, 2, 2, 2, 2, 2, 2, 2, 2, 2, 2, -1, 2, 2, 2, 2, 2, 2, 2, 2, 2, 2, 2, 2, 2, 2, 2, 2, 2, 2, 2, 2], [0, 0, 0, 0, 0, 0, 0, 0, 0, 0, 0, 0, -1, 0, 0, 0, 0, 0, 0, 0, 0, 0, 0, 0, 0, 0, 0, 0, 0, 0, 0, 0], [2, 2, 2, 2, 2, 2, 2, 2, 2, 2, 2, 2, 2, -1, 2, 2, 2, 2, 2, 2, 2, 2, 2, 2, 2, 2, 2, 2, 2, 2, 2, 2], [2, 2, 2, 2, 2, 2, 2, 2, 2, 2, 2, 2, 2, 2, -1, 2, 2, 2, 2, 2, 2, 2, 2, 2, 2, 2, 2, 2, 2, 2, 2, 2], [0, 0, 0, 0, 0, 0, 0, 0, 0, 0, 0, 0, 0, 0, 0, -1, 0, 0, 0, 0, 0, 0, 0, 0, 0, 0, 0, 0, 0, 0, 0, 0], [0, 0, 0, 0, 0, 0, 0, 0, 0, 0, 0, 0, 0, 0, 0, 0, -1, 0, 0, 0, 0, 0, 0, 0, 0, 0, 0, 0, 0, 0, 0, 0], [0, 0, 0, 0, 0, 0, 0, 0, 0, 0, 0, 0, 0, 0, 0, 0, 0, -1, 0, 0, 0, 0, 0, 0, 0, 0, 0, 0, 0, 0, 0, 0], [1, 1, 1, 1, 1, 1, 1, 1, 1, 1, 1, 1, 1, 1, 1, 1, 1, 1, -1, 1, 1, 1, 1, 1, 1, 1, 1, 1, 1, 1, 1, 1], [1, 1, 1, 1, 1, 1, 1, 1, 1, 1, 1, 1, 1, 1, 1, 1, 1, 1, 1, -1, 1, 1, 1, 1, 1, 1, 1, 1, 1, 1, 1, 1], [0, 0, 0, 0, 0, 0, 0, 0, 0, 0, 0, 0, 0, 0, 0, 0, 0, 0, 0, 0, -1, 0, 0, 0, 0, 0, 0, 0, 0, 0, 0, 0], [2, 2, 2, 2, 2, 2, 2, 2, 2, 2, 2, 2, 2, 2, 2, 2, 2, 2, 2, 2, 2, -1, 2, 2, 2, 2, 2, 2, 2, 2, 2, 2], [0, 0, 0, 0, 0, 0, 0, 0, 0, 0, 0, 0, 0, 0, 0, 0, 0, 0, 0, 0, 0, 0, -1, 0, 0, 0, 0, 0, 0, 0, 0, 0], [0, 0, 0, 0, 0, 0, 0, 0, 0, 0, 0, 0, 0, 0, 0, 0, 0, 0, 0, 0, 0, 0, 0, -1, 0, 0, 0, 0, 0, 0, 0, 0], [0, 0, 0, 0, 0, 0, 0, 0, 0, 0, 0, 0, 0, 0, 0, 0, 0, 0, 0, 0, 0, 0, 0, 0, -1, 0, 0, 0, 0, 0, 0, 0], [0, 0, 0, 0, 0, 0, 0, 0, 0, 0, 0, 0, 0, 0, 0, 0, 0, 0, 0, 0, 0, 0, 0, 0, 0, -1, 0, 0, 0, 0, 0, 0], [0, 0, 0, 0, 0, 0, 0, 0, 0, 0, 0, 0, 0, 0, 0, 0, 0, 0, 0, 0, 0, 0, 0, 0, 0, 0, -1, 0, 0, 0, 0, 0], [0, 0, 0, 0, 0, 0, 0, 0, 0, 0, 0, 0, 0, 0, 0, 0, 0, 0, 0, 0, 0, 0, 0, 0, 0, 0, 0, -1, 0, 0, 0, 0], [1, 1, 1, 1, 1, 1, 1, 1, 1, 1, 1, 1, 1, 1, 1, 1, 1, 1, 1, 1, 1, 1, 1, 1, 1, 1, 1, 1, -1, 1, 1, 1], [0, 0, 0, 0, 0, 0, 0, 0, 0, 0, 0, 0, 0, 0, 0, 0, 0, 0, 0, 0, 0, 0, 0, 0, 0, 0, 0, 0, 0, -1, 0, 0], [0, 0, 0, 0, 0, 0, 0, 0, 0, 0, 0, 0, 0, 0, 0, 0, 0, 0, 0, 0, 0, 0, 0, 0, 0, 0, 0, 0, 0, 0, -1, 0], [-1, 2, 2, 2, 2, 2, 2, 2, 2, 2, 2, 2, 2, 2, 2, 2, 2, 2, 2, 2, 2, 2, 2, 2, 2, 2, 2, 2, 2, 2, 2, -1]], "dataset_name": "guerriero_et_al_2014", "digraph": {"arc_count": 930, "arcs": [[0, 1, 1, 1, 1, 1, 1, 1, 1, 1, 1, 1, 1, 1, 1, 1, 1, 1, 1, 1, 1, 1, 1, 1, 1, 1, 1, 1, 1, 1, 1, 0], [0, 0, 1, 1, 1, 1, 1, 1, 1, 1, 1, 1, 1, 1, 1, 1, 1, 1, 1, 1, 1, 1, 1, 1, 1, 1, 1, 1, 1, 1, 1, 1], [0, 1, 0, 1, 1, 1, 1, 1, 1, 1, 1, 1, 1, 1, 1, 1, 1, 1, 1, 1, 1, 1, 1, 1, 1, 1, 1, 1, 1, 1, 1, 1], [0, 1, 1, 0, 1, 1, 1, 1, 1, 1, 1, 1, 1, 1, 1, 1, 1, 1, 1, 1, 1, 1, 1, 1, 1, 1, 1, 1, 1, 1, 1, 1], [0, 1, 1, 1, 0, 1, 1, 1, 1, 1, 1, 1, 1, 1, 1, 1, 1, 1, 1, 1, 1, 1, 1, 1, 1, 1, 1, 1, 1, 1, 1, 1], [0, 1, 1, 1, 1, 0, 1, 1, 1, 1, 1, 1, 1, 1, 1, 1, 1, 1, 1, 1, 1, 1, 1, 1, 1, 1, 1, 1, 1, 1, 1, 1], [0, 1, 1, 1, 1, 1, 0, 1, 1, 1, 1, 1, 1, 1, 1, 1, 1, 1, 1, 1, 1, 1, 1, 1, 1, 1, 1, 1, 1, 1, 1, 1], [0, 1, 1, 1, 1, 1, 1, 0, 1, 1, 1, 1, 1, 1, 1, 1, 1, 1, 1, 1, 1, 1, 1, 1, 1, 1, 1, 1, 1, 1, 1, 1], [0, 1, 1, 1, 1, 1, 1, 1, 0, 1, 1, 1, 1, 1, 1, 1, 1, 1, 1, 1, 1, 1, 1, 1, 1, 1, 1, 1, 1, 1, 1, 1], [0, 1, 1, 1, 1, 1, 1, 1, 1, 0, 1, 1, 1, 1, 1, 1, 1, 1, 1, 1, 1, 1, 1, 1, 1, 1, 1, 1, 1, 1, 1, 1], [0, 1, 1, 1, 1, 1, 1, 1, 1, 1, 0, 1, 1, 1, 1, 1, 1, 1, 1, 1, 1, 1, 1, 1, 1, 1, 1, 1, 1, 1, 1, 1], [0, 1, 1, 1, 1, 1, 1, 1, 1, 1, 1, 0, 1, 1, 1, 1, 1, 1, 1, 1, 1, 1, 1, 1, 1, 1, 1, 1, 1, 1, 1, 1], [0, 1, 1, 1, 1, 1, 1, 1, 1, 1, 1, 1, 0, 1, 1, 1, 1, 1, 1, 1, 1, 1, 1, 1, 1, 1, 1, 1, 1, 1, 1, 1], [0, 1, 1, 1, 1, 1, 1, 1, 1, 1, 1, 1, 1, 0, 1, 1, 1, 1, 1, 1, 1, 1, 1, 1, 1, 1, 1, 1, 1, 1, 1, 1], [0, 1, 1, 1, 1, 1, 1, 1, 1, 1, 1, 1, 1, 1, 0, 1, 1, 1, 1, 1, 1, 1, 1, 1, 1, 1, 1, 1, 1, 1, 1, 1], [0, 1, 1, 1, 1, 1, 1, 1, 1, 1, 1, 1, 1, 1, 1, 0, 1, 1, 1, 1, 1, 1, 1, 1, 1, 1, 1, 1, 1, 1, 1, 1], [0, 1, 1, 1, 1, 1, 1, 1, 1, 1, 1, 1, 1, 1, 1, 1, 0, 1, 1, 1, 1, 1, 1, 1, 1, 1, 1, 1, 1, 1, 1, 1], [0, 1, 1, 1, 1, 1, 1, 1, 1, 1, 1, 1, 1, 1, 1, 1, 1, 0, 1, 1, 1, 1, 1, 1, 1, 1, 1, 1, 1, 1, 1, 1], [0, 1, 1, 1, 1, 1, 1, 1, 1, 1, 1, 1, 1, 1, 1, 1, 1, 1, 0, 1, 1, 1, 1, 1, 1, 1, 1, 1, 1, 1, 1, 1], [0, 1, 1, 1, 1, 1, 1, 1, 1, 1, 1, 1, 1, 1, 1, 1, 1, 1, 1, 0, 1, 1, 1, 1, 1, 1, 1, 1, 1, 1, 1, 1], [0, 1, 1, 1, 1, 1, 1, 1, 1, 1, 1, 1, 1, 1, 1, 1, 1, 1, 1, 1, 0, 1, 1, 1, 1, 1, 1, 1, 1, 1, 1, 1], [0, 1, 1, 1, 1, 1, 1, 1, 1, 1, 1, 1, 1, 1, 1, 1, 1, 1, 1, 1, 1, 0, 1, 1, 1, 1, 1, 1, 1, 1, 1, 1], [0, 1, 1, 1, 1, 1, 1, 1, 1, 1, 1, 1, 1, 1, 1, 1, 1, 1, 1, 1, 1, 1, 0, 1, 1, 1, 1, 1, 1, 1, 1, 1], [0, 1, 1, 1, 1, 1, 1, 1, 1, 1, 1, 1, 1, 1, 1, 1, 1, 1, 1, 1, 1, 1, 1, 0, 1, 1, 1, 1, 1, 1, 1, 1], [0, 1, 1, 1, 1, 1, 1, 1, 1, 1, 1, 1, 1, 1, 1, 1, 1, 1, 1, 1, 1, 1, 1, 1, 0, 1, 1, 1, 1, 1, 1, 1], [0, 1, 1, 1, 1, 1, 1, 1, 1, 1, 1, 1, 1, 1, 1, 1, 1, 1, 1, 1, 1, 1, 1, 1, 1, 0, 1, 1, 1, 1, 1, 1], [0, 1, 1, 1, 1, 1, 1, 1, 1, 1, 1, 1, 1, 1, 1, 1, 1, 1, 1, 1, 1, 1, 1, 1, 1, 1, 0, 1, 1, 1, 1, 1], [0, 1, 1, 1, 1, 1, 1, 1, 1, 1, 1, 1, 1, 1, 1, 1, 1, 1, 1, 1, 1, 1, 1, 1, 1, 1, 1, 0, 1, 1, 1, 1], [0, 1, 1, 1, 1, 1, 1, 1, 1, 1, 1, 1, 1, 1, 1, 1, 1, 1, 1, 1, 1, 1, 1, 1, 1, 1, 1, 1, 0, 1, 1, 1], [0, 1, 1, 1, 1, 1, 1, 1, 1, 1, 1, 1, 1, 1, 1, 1, 1, 1, 1, 1, 1, 1, 1, 1, 1, 1, 1, 1, 1, 0, 1, 1], [0, 1, 1, 1, 1, 1, 1, 1, 1, 1, 1, 1, 1, 1, 1, 1, 1, 1, 1, 1, 1, 1, 1, 1, 1, 1, 1, 1, 1, 1, 0, 1], [0, 0, 0, 0, 0, 0, 0, 0, 0, 0, 0, 0, 0, 0, 0, 0, 0, 0, 0, 0, 0, 0, 0, 0, 0, 0, 0, 0, 0, 0, 0, 0]], "vertex_count": 32}, "distances": [[0, 54.38, 75.23, 50.33, 97.42, 62.42, 53.39, 72.04, 90.68, 66.26, 55.17, 57.42, 80.82, 107.49, 91.64, 73.63, 72.74, 64.97, 91.68, 68.02, 68.8, 92.9, 61.06, 68.48, 70.83, 68.47, 79.81, 78.49, 48.96, 68.24, 72.98, 0], [0, 0.0, 34.58, 7.58, 53.24, 22.03, 11.87, 19.79, 44.21, 23.65, 6.82, 5.16, 32.44, 67.78, 58.26, 23.66, 23.26, 22.97, 44.98, 14.26, 26.39, 56.31, 11.31, 28.73, 23.45, 27.45, 39.14, 30.65, 13.22, 24.73, 24.74, 54.38], [0, 34.58, 0.0, 31.41, 22.19, 13.96, 33.92, 42.06, 16.6, 11.09, 28.3, 37.6, 12.99, 34.11, 23.96, 16.2, 15.51, 12.04, 17.65, 27.04, 8.23, 21.73, 23.43, 6.92, 12.79, 7.53, 4.86, 11.55, 28.94, 9.85, 13.16, 75.23], [0, 7.58, 31.41, 0.0, 51.86, 17.71, 6.02, 26.93, 43.44, 20.35, 4.84, 12.73, 32.19, 65.41, 54.22, 24.01, 23.3, 19.37, 44.32, 17.97, 23.26, 52.92, 10.92, 24.88, 22.32, 23.91, 36.21, 30.08, 5.71, 21.9, 24.13, 50.33], [0, 53.24, 22.19, 51.86, 0.0, 35.55, 52.98, 54.0, 9.6, 32.02, 47.94, 54.92, 21.25, 16.2, 20.77, 30.0, 30.17, 33.22, 9.2, 41.72, 29.2, 15.16, 42.07, 28.99, 29.86, 29.18, 17.71, 22.7, 50.38, 30.22, 28.51, 97.42], [0, 22.03, 13.96, 17.71, 35.55, 0.0, 21.08, 34.34, 28.26, 12.46, 15.3, 25.94, 19.05, 48.07, 36.57, 14.51, 13.37, 11.03, 29.26, 19.36, 6.41, 35.23, 12.11, 7.2, 10.09, 6.46, 18.82, 16.68, 14.99, 5.91, 12.33, 62.42], [0, 11.87, 33.92, 6.02, 52.98, 21.08, 0.0, 21.28, 44.06, 22.9, 5.78, 6.71, 32.35, 67.34, 57.46, 23.65, 23.18, 22.16, 44.85, 14.89, 25.69, 55.65, 10.92, 27.91, 23.13, 26.68, 38.54, 30.49, 11.68, 24.08, 24.53, 53.39], [0, 19.79, 42.06, 26.93, 54.0, 34.34, 21.28, 0.0, 44.42, 33.69, 23.78, 15.27, 33.52, 70.06, 65.42, 26.17, 26.67, 33.78, 44.81, 15.3, 35.41, 61.96, 22.75, 38.72, 29.32, 37.06, 45.38, 32.98, 32.06, 33.6, 29.0, 72.04], [0, 44.21, 16.6, 43.44, 9.6, 28.26, 44.06, 44.42, 0.0, 24.47, 39.27, 45.6, 11.85, 25.67, 25.84, 20.69, 20.97, 25.74, 18.8, 32.23, 21.88, 20.73, 33.22, 22.57, 21.14, 22.31, 13.51, 13.56, 42.56, 22.52, 19.53, 90.68], [0, 23.65, 11.09, 20.35, 32.02, 12.46, 22.9, 33.69, 24.47, 0.0, 17.23, 27.01, 15.17, 45.06, 34.62, 11.4, 10.27, 11.03, 25.45, 18.41, 13.55, 32.78, 12.77, 5.27, 6.74, 15.31, 15.86, 12.8, 18.35, 10.42, 8.85, 66.26], [0, 6.82, 28.3, 4.84, 47.94, 15.3, 5.78, 23.78, 39.27, 17.23, 0.0, 11.37, 27.8, 61.96, 51.73, 19.41, 18.76, 16.44, 40.11, 13.29, 20.07, 50.01, 6.23, 22.17, 18.14, 20.98, 32.98, 25.78, 8.45, 18.51, 19.79, 55.17], [0, 5.16, 37.6, 12.73, 54.92, 25.94, 6.71, 15.27, 45.6, 27.01, 11.37, 0.0, 33.75, 69.97, 61.51, 24.93, 24.76, 26.52, 46.29, 13.86, 29.58, 59.2, 14.25, 32.24, 25.66, 30.83, 41.95, 32.23, 18.37, 27.82, 26.56, 57.42], [0, 32.44, 12.99, 32.19, 21.25, 19.05, 32.35, 33.52, 11.85, 15.17, 27.8, 33.75, 0.0, 36.85, 32.75, 8.84, 9.18, 16.45, 12.57, 20.48, 13.39, 28.73, 21.64, 15.62, 10.05, 14.58, 13.78, 14.06, 32.01, 13.2, 8.07, 80.82], [0, 67.78, 34.11, 65.41, 16.2, 48.07, 67.34, 70.06, 25.67, 45.06, 61.96, 69.97, 36.85, 0.0, 18.08, 45.32, 45.32, 46.1, 25.37, 57.24, 42.15, 14.86, 56.47, 40.94, 44.39, 41.64, 29.26, 37.96, 63.03, 43.53, 43.41, 107.49], [0, 58.26, 23.96, 54.22, 20.77, 36.57, 57.46, 65.42, 25.84, 34.62, 51.73, 61.51, 32.75, 18.08, 0.0, 39.25, 38.79, 35.3, 26.27, 50.76, 31.94, 5.61, 47.28, 29.56, 36.56, 30.8, 20.07, 32.7, 50.69, 33.69, 36.5, 91.64], [0, 23.66, 16.2, 24.01, 30.0, 14.51, 23.65, 26.17, 20.69, 11.4, 19.41, 24.93, 8.84, 45.32, 39.25, 0.0, 14.84, 12.33, 21.4, 11.96, 11.42, 35.91, 13.18, 14.78, 4.7, 13.16, 19.21, 7.37, 24.68, 10.07, 13.36, 73.63], [0, 23.26, 15.51, 23.3, 30.17, 13.37, 23.18, 26.67, 20.97, 10.27, 18.76, 24.76, 9.18, 45.32, 38.79, 14.84, 0.0, 11.19, 21.72, 12.14, 10.38, 35.59, 12.55, 13.76, 14.35, 12.13, 18.73, 7.47, 23.78, 8.98, 13.47, 72.74], [0, 22.97, 12.04, 19.37, 33.22, 11.03, 22.16, 33.78, 25.74, 11.03, 16.44, 26.52, 16.45, 46.1, 35.3, 12.33, 11.19, 0.0, 26.73, 18.56, 14.56, 33.63, 12.34, 5.76, 7.75, 4.56, 16.85, 14.07, 17.17, 10.92, 9.93, 64.97], [0, 44.98, 17.65, 44.32, 9.2, 29.26, 44.85, 44.81, 18.8, 25.45, 40.11, 46.29, 12.57, 25.37, 26.27, 21.4, 21.72, 26.73, 0.0, 32.84, 22.88, 21.07, 34.04, 23.61, 22.01, 23.33, 14.51, 14.36, 43.51, 23.49, 20.35, 91.68], [0, 14.26, 27.04, 17.97, 41.72, 19.36, 14.89, 15.3, 32.23, 18.41, 13.29, 13.86, 20.48, 57.24, 50.76, 11.96, 12.14, 18.56, 32.84, 0.0, 20.12, 47.71, 9.07, 23.42, 14.26, 21.76, 30.71, 19.29, 21.31, 18.3, 14.34, 68.02], [0, 26.39, 8.23, 23.26, 29.2, 6.41, 25.69, 35.41, 21.88, 13.55, 20.07, 29.58, 13.39, 42.15, 31.94, 11.42, 10.38, 14.56, 22.88, 20.12, 0.0, 29.96, 15.34, 13.6, 6.82, 12.87, 12.96, 11.08, 21.2, 12.19, 8.46, 68.8], [0, 56.31, 21.73, 52.92, 15.16, 35.23, 55.65, 61.96, 20.73, 32.78, 50.01, 59.2, 28.73, 14.86, 5.61, 35.91, 35.59, 33.63, 21.07, 47.71, 29.96, 0.0, 45.12, 28.05, 33.75, 29.06, 17.26, 28.99, 49.89, 31.59, 33.38, 92.9], [0, 11.31, 23.43, 10.92, 42.07, 12.11, 10.92, 22.75, 33.22, 12.77, 6.23, 14.25, 21.64, 56.47, 47.28, 13.18, 12.55, 12.34, 34.04, 9.07, 15.34, 45.12, 0.0, 18.01, 12.22, 16.58, 27.9, 19.68, 12.78, 13.6, 13.69, 61.06], [0, 28.73, 6.92, 24.88, 28.99, 7.2, 27.91, 38.72, 22.57, 5.27, 22.17, 32.24, 15.62, 40.94, 29.56, 14.78, 13.76, 5.76, 23.61, 23.42, 13.6, 28.05, 18.01, 0.0, 10.23, 10.32, 11.76, 13.46, 22.09, 5.16, 11.75, 68.48], [0, 23.45, 12.79, 22.32, 29.86, 10.09, 23.13, 29.32, 21.14, 6.74, 18.14, 25.66, 10.05, 44.39, 36.56, 4.7, 14.35, 7.75, 22.01, 14.26, 6.82, 33.75, 12.22, 10.23, 0.0, 8.57, 16.57, 7.81, 21.97, 5.38, 12.66, 70.83], [0, 27.45, 7.53, 23.91, 29.18, 6.46, 26.68, 37.06, 22.31, 15.31, 20.98, 30.83, 14.58, 41.64, 30.8, 13.16, 12.13, 4.56, 23.33, 21.76, 12.87, 29.06, 16.58, 10.32, 8.57, 0.0, 12.38, 12.33, 21.45, 12.37, 10.16, 68.47], [0, 39.14, 4.86, 36.21, 17.71, 18.82, 38.54, 45.38, 13.51, 15.86, 32.98, 41.95, 13.78, 29.26, 20.07, 19.21, 18.73, 16.85, 14.51, 30.71, 12.96, 17.26, 27.9, 11.76, 16.57, 12.38, 0.0, 13.11, 33.8, 14.47, 16.43, 79.81], [0, 30.65, 11.55, 30.08, 22.7, 16.68, 30.49, 32.98, 13.56, 12.8, 25.78, 32.23, 14.06, 37.96, 32.7, 7.37, 7.47, 14.07, 14.36, 19.29, 11.08, 28.99, 19.68, 13.46, 7.81, 12.33, 13.11, 0.0, 29.74, 10.83, 5.99, 78.49], [0, 13.22, 28.94, 5.71, 50.38, 14.99, 11.68, 32.06, 42.56, 18.35, 8.45, 18.37, 32.01, 63.03, 50.69, 24.68, 23.78, 17.17, 43.51, 21.31, 21.2, 49.89, 12.78, 22.09, 21.97, 21.45, 33.8, 29.74, 0.0, 20.18, 24.06, 48.96], [0, 24.73, 9.85, 21.9, 30.22, 5.91, 24.08, 33.6, 22.52, 10.42, 18.51, 27.82, 13.2, 43.53, 33.69, 10.07, 8.98, 10.92, 23.49, 18.3, 12.19, 31.59, 13.6, 5.16, 5.38, 12.37, 14.47, 10.83, 20.18, 0.0, 7.28, 68.24], [0, 24.74, 13.16, 24.13, 28.51, 12.33, 24.53, 29.0, 19.53, 8.85, 19.79, 26.56, 8.07, 43.41, 36.5, 13.36, 13.47, 9.93, 20.35, 14.34, 8.46, 33.38, 13.69, 11.75, 12.66, 10.16, 16.43, 5.99, 24.06, 7.28, 0.0, 72.98], [0, 0, 0, 0, 0, 0, 0, 0, 0, 0, 0, 0, 0, 0, 0, 0, 0, 0, 0, 0, 0, 0, 0, 0, 0, 0, 0, 0, 0, 0, 0, 0]], "end_depot": 31, "horizon": [0.0, 2338.84], "instance_name": "30_80_B_B9", "speed_zone_count": 3, "speed_zones": [[0.0, 646.28], [646.28, 1292.56], [1292.56, 2338.84]], "start_depot": 0, "time_windows": [[0.0, 2338.84], [33.0, 133.0], [100.0, 200.0], [11.0, 111.0], [315.0, 415.0], [186.0, 286.0], [447.0, 547.0], [500.0, 600.0], [947.0, 1047.0], [955.0, 1055.0], [970.0, 1070.0], [998.0, 1098.0], [1067.0, 1267.0], [1070.0, 1270.0], [1072.0, 1272.0], [1091.0, 1291.0], [1114.0, 1314.0], [1156.0, 1356.0], [1215.0, 1415.0], [1254.0, 1454.0], [120.0, 220.0], [1259.0, 1459.0], [1267.0, 1467.0], [1312.0, 1512.0], [1366.0, 1566.0], [1377.0, 1577.0], [1382.0, 1582.0], [1432.0, 1632.0], [18.0, 98.0], [1454.0, 1654.0], [1478.0, 1678.0], [0.0, 2338.84]], "vehicle_count": 1}