{"cluster_count": 3, "cluster_speeds": [[0.5, 1.0, 0.5], [0.4, 1.0, 0.4], [0.475, 1.0, 0.475]], "clusters": [[-1, 2, 2, 2, 2, 2, 2, 2, 2, 2, 2, 2, 2, 2, 2, 2, 2, 2, 2, 2, 2, 2, 2, 2, 2, 2, 2, 2, 2, 2, 2, -1], [0, -1, 0, 0, 0, 0, 0, 0, 0, 0, 0, 0, 0, 0, 0, 0, 0, 0, 0, 0, 0, 0, 0, 0, 0, 0, 0, 0, 0, 0, 0, 0], [0, 0, -1, 0, 0, 0, 0, 0, 0, 0, 0, 0, 0, 0, 0, 0, 0, 0, 0, 0, 0, 0, 0, 0, 0, 0, 0, 0, 0, 0, 0, 0], [0, 0, 0, -1, 0, 0, 0, 0, 0, 0, 0, 0, 0, 0, 0, 0, 0, 0, 0, 0, 0, 0, 0, 0, 0, 0, 0, 0, 0, 0, 0, 0], [1, 1, 1, 1, -1, 1, 1, 1, 1, 1, 1, 1, 1, 1, 1, 1, 1, 1, 1, 1, 1, 1, 1, 1, 1, 1, 1, 1, 1, 1, 1, 1], [0, 0, 0, 0, 0, -1, 0, 0, 0, 0, 0, 0, 0, 0, 0, 0, 0, 0, 0, 0, 0, 0, 0, 0, 0, 0, 0, 0, 0, 0, 0, 0], [0, 0, 0, 0, 0, 0, -1, 0, 0, 0, 0, 0, 0, 0, 0, 0, 0, 0, 0, 0, 0, 0, 0, 0, 0, 0, 0, 0, 0, 0, 0, 0], [0, 0, 0, 0, 0, 0, 0, -1, 0, 0, 0, 0, 0, 0, 0, 0, 0, 0, 0, 0, 0, 0, 0, 0, 0, 0, 0, 0, 0, 0, 0, 0], [2, 2, 2, 2, 2, 2, 2, 2, -1, 2, 2, 2, 2, 2, 2, 2, 2, 2, 2, 2, 2, 2, 2, 2, 2, 2, 2, 2, 2, 2, 2, 2], [1, 1, 1, 1, 1, 1, 1, 1, 1, -1, 1, 1, 1, 1, 1, 1, 1, 1, 1, 1, 1, 1, 1, 1, 1, 1, 1, 1, 1, 1, 1, 1], [0, 0, 0, 0, 0, 0, 0, 0, 0, 0, -1, 0, 0, 0, 0, 0, 0, 0, 0, 0, 0, 0, 0, 0, 0, 0, 0, 0, 0, 0, 0, 0], [0, 0, 0, 0, 0, 0, 0, 0, 0, 0, 0, -1, 0, 0, 0, 0, 0, 0, 0, 0, 0, 0, 0, 0, 0, 0, 0, 0, 0, 0, 0, 0], [1, 1, 1, 1, 1, 1, 1, 1, 1, 1, 1, 1, -1, 1, 1, 1, 1, 1, 1, 1, 1, 1, 1, 1, 1, 1, 1, 1, 1, 1, 1, 1], [0, 0, 0, 0, 0, 0, 0, 0, 0, 0, 0, 0, 0, -1, 0, 0, 0, 0, 0, 0, 0, 0, 0, 0, 0, 0, 0, 0, 0, 0, 0, 0], [2, 2, 2, 2, 2, 2, 2, 2, 2, 2, 2, 2, 2, 2, -1, 2, 2, 2, 2, 2, 2, 2, 2, 2, 2, 2, 2, 2, 2, 2, 2, 2], [2, 2, 2, 2, 2, 2, 2, 2, 2, 2, 2, 2, 2, 2, 2, -1, 2, 2, 2, 2, 2, 2, 2, 2, 2, 2, 2, 2, 2, 2, 2, 2], [1, 1, 1, 1, 1, 1, 1, 1, 1, 1, 1, 1, 1, 1, 1, 1, -1, 1, 1, 1, 1, 1, 1, 1, 1, 1, 1, 1, 1, 1, 1, 1], [0, 0, 0, 0, 0, 0, 0, 0, 0, 0, 0, 0, 0, 0, 0, 0, 0, -1, 0, 0, 0, 0, 0, 0, 0, 0, 0, 0, 0, 0, 0, 0], [0, 0, 0, 0, 0, 0, 0, 0, 0, 0, 0, 0, 0, 0, 0, 0, 0, 0, -1, 0, 0, 0, 0, 0, 0, 0, 0, 0, 0, 0, 0, 0], [1, 1, 1, 1, 1, 1, 1, 1, 1, 1, 1, 1, 1, 1, 1, 1, 1, 1, 1, -1, 1, 1, 1, 1, 1, 1, 1, 1, 1, 1, 1, 1], [0, 0, 0, 0, 0, 0, 0, 0, 0, 0, 0, 0, 0, 0, 0, 0, 0, 0, 0, 0, -1, 0, 0, 0, 0, 0, 0, 0, 0, 0, 0, 0], [0, 0, 0, 0, 0, 0, 0, 0, 0, 0, 0, 0, 0, 0, 0, 0, 0, 0, 0, 0, 0, -1, 0, 0, 0, 0, 0, 0, 0, 0, 0, 0], [0, 0, 0, 0, 0, 0, 0, 0, 0, 0, 0, 0, 0, 0, 0, 0, 0, 0, 0, 0, 0, 0, -1, 0, 0, 0, 0, 0, 0, 0, 0, 0], [1, 1, 1, 1, 1, 1, 1, 1, 1, 1, 1, 1, 1, 1, 1, 1, 1, 1, 1, 1, 1, 1, 1, -1, 1, 1, 1, 1, 1, 1, 1, 1], [2, 2, 2, 2, 2, 2, 2, 2, 2, 2, 2, 2, 2, 2, 2, 2, 2, 2, 2, 2, 2, 2, 2, 2, -1, 2, 2, 2, 2, 2, 2, 2], [0, 0, 0, 0, 0, 0, 0, 0, 0, 0, 0, 0, 0, 0, 0, 0, 0, 0, 0, 0, 0, 0, 0, 0, 0, -1, 0, 0, 0, 0, 0, 0], [1, 1, 1, 1, 1, 1, 1, 1, 1, 1, 1, 1, 1, 1, 1, 1, 1, 1, 1, 1, 1, 1, 1, 1, 1, 1, -1, 1, 1, 1, 1, 1], [0, 0, 0, 0, 0, 0, 0, 0, 0, 0, 0, 0, 0, 0, 0, 0, 0, 0, 0, 0, 0, 0, 0, 0, 0, 0, 0, -1, 0, 0, 0, 0], [1, 1, 1, 1, 1, 1, 1, 1, 1, 1, 1, 1, 1, 1, 1, 1, 1, 1, 1, 1, 1, 1, 1, 1, 1, 1, 1, 1, -1, 1, 1, 1], [1, 1, 1, 1, 1, 1, 1, 1, 1, 1, 1, 1, 1, 1, 1, 1, 1, 1, 1, 1, 1, 1, 1, 1, 1, 1, 1, 1, 1, -1, 1, 1], [0, 0, 0, 0, 0, 0, 0, 0, 0, 0, 0, 0, 0, 0, 0, 0, 0, 0, 0, 0, 0, 0, 0, 0, 0, 0, 0, 0, 0, 0, -1, 0], [-1, 2, 2, 2, 2, 2, 2, 2, 2, 2, 2, 2, 2, 2, 2, 2, 2, 2, 2, 2, 2, 2, 2, 2, 2, 2, 2, 2, 2, 2, 2, -1]], "dataset_name": "guerriero_et_al_2014", "digraph": {"arc_count": 930, "arcs": [[0, 1, 1, 1, 1, 1, 1, 1, 1, 1, 1, 1, 1, 1, 1, 1, 1, 1, 1, 1, 1, 1, 1, 1, 1, 1, 1, 1, 1, 1, 1, 0], [0, 0, 1, 1, 1, 1, 1, 1, 1, 1, 1, 1, 1, 1, 1, 1, 1, 1, 1, 1, 1, 1, 1, 1, 1, 1, 1, 1, 1, 1, 1, 1], [0, 1, 0, 1, 1, 1, 1, 1, 1, 1, 1, 1, 1, 1, 1, 1, 1, 1, 1, 1, 1, 1, 1, 1, 1, 1, 1, 1, 1, 1, 1, 1], [0, 1, 1, 0, 1, 1, 1, 1, 1, 1, 1, 1, 1, 1, 1, 1, 1, 1, 1, 1, 1, 1, 1, 1, 1, 1, 1, 1, 1, 1, 1, 1], [0, 1, 1, 1, 0, 1, 1, 1, 1, 1, 1, 1, 1, 1, 1, 1, 1, 1, 1, 1, 1, 1, 1, 1, 1, 1, 1, 1, 1, 1, 1, 1], [0, 1, 1, 1, 1, 0, 1, 1, 1, 1, 1, 1, 1, 1, 1, 1, 1, 1, 1, 1, 1, 1, 1, 1, 1, 1, 1, 1, 1, 1, 1, 1], [0, 1, 1, 1, 1, 1, 0, 1, 1, 1, 1, 1, 1, 1, 1, 1, 1, 1, 1, 1, 1, 1, 1, 1, 1, 1, 1, 1, 1, 1, 1, 1], [0, 1, 1, 1, 1, 1, 1, 0, 1, 1, 1, 1, 1, 1, 1, 1, 1, 1, 1, 1, 1, 1, 1, 1, 1, 1, 1, 1, 1, 1, 1, 1], [0, 1, 1, 1, 1, 1, 1, 1, 0, 1, 1, 1, 1, 1, 1, 1, 1, 1, 1, 1, 1, 1, 1, 1, 1, 1, 1, 1, 1, 1, 1, 1], [0, 1, 1, 1, 1, 1, 1, 1, 1, 0, 1, 1, 1, 1, 1, 1, 1, 1, 1, 1, 1, 1, 1, 1, 1, 1, 1, 1, 1, 1, 1, 1], [0, 1, 1, 1, 1, 1, 1, 1, 1, 1, 0, 1, 1, 1, 1, 1, 1, 1, 1, 1, 1, 1, 1, 1, 1, 1, 1, 1, 1, 1, 1, 1], [0, 1, 1, 1, 1, 1, 1, 1, 1, 1, 1, 0, 1, 1, 1, 1, 1, 1, 1, 1, 1, 1, 1, 1, 1, 1, 1, 1, 1, 1, 1, 1], [0, 1, 1, 1, 1, 1, 1, 1, 1, 1, 1, 1, 0, 1, 1, 1, 1, 1, 1, 1, 1, 1, 1, 1, 1, 1, 1, 1, 1, 1, 1, 1], [0, 1, 1, 1, 1, 1, 1, 1, 1, 1, 1, 1, 1, 0, 1, 1, 1, 1, 1, 1, 1, 1, 1, 1, 1, 1, 1, 1, 1, 1, 1, 1], [0, 1, 1, 1, 1, 1, 1, 1, 1, 1, 1, 1, 1, 1, 0, 1, 1, 1, 1, 1, 1, 1, 1, 1, 1, 1, 1, 1, 1, 1, 1, 1], [0, 1, 1, 1, 1, 1, 1, 1, 1, 1, 1, 1, 1, 1, 1, 0, 1, 1, 1, 1, 1, 1, 1, 1, 1, 1, 1, 1, 1, 1, 1, 1], [0, 1, 1, 1, 1, 1, 1, 1, 1, 1, 1, 1, 1, 1, 1, 1, 0, 1, 1, 1, 1, 1, 1, 1, 1, 1, 1, 1, 1, 1, 1, 1], [0, 1, 1, 1, 1, 1, 1, 1, 1, 1, 1, 1, 1, 1, 1, 1, 1, 0, 1, 1, 1, 1, 1, 1, 1, 1, 1, 1, 1, 1, 1, 1], [0, 1, 1, 1, 1, 1, 1, 1, 1, 1, 1, 1, 1, 1, 1, 1, 1, 1, 0, 1, 1, 1, 1, 1, 1, 1, 1, 1, 1, 1, 1, 1], [0, 1, 1, 1, 1, 1, 1, 1, 1, 1, 1, 1, 1, 1, 1, 1, 1, 1, 1, 0, 1, 1, 1, 1, 1, 1, 1, 1, 1, 1, 1, 1], [0, 1, 1, 1, 1, 1, 1, 1, 1, 1, 1, 1, 1, 1, 1, 1, 1, 1, 1, 1, 0, 1, 1, 1, 1, 1, 1, 1, 1, 1, 1, 1], [0, 1, 1, 1, 1, 1, 1, 1, 1, 1, 1, 1, 1, 1, 1, 1, 1, 1, 1, 1, 1, 0, 1, 1, 1, 1, 1, 1, 1, 1, 1, 1], [0, 1, 1, 1, 1, 1, 1, 1, 1, 1, 1, 1, 1, 1, 1, 1, 1, 1, 1, 1, 1, 1, 0, 1, 1, 1, 1, 1, 1, 1, 1, 1], [0, 1, 1, 1, 1, 1, 1, 1, 1, 1, 1, 1, 1, 1, 1, 1, 1, 1, 1, 1, 1, 1, 1, 0, 1, 1, 1, 1, 1, 1, 1, 1], [0, 1, 1, 1, 1, 1, 1, 1, 1, 1, 1, 1, 1, 1, 1, 1, 1, 1, 1, 1, 1, 1, 1, 1, 0, 1, 1, 1, 1, 1, 1, 1], [0, 1, 1, 1, 1, 1, 1, 1, 1, 1, 1, 1, 1, 1, 1, 1, 1, 1, 1, 1, 1, 1, 1, 1, 1, 0, 1, 1, 1, 1, 1, 1], [0, 1, 1, 1, 1, 1, 1, 1, 1, 1, 1, 1, 1, 1, 1, 1, 1, 1, 1, 1, 1, 1, 1, 1, 1, 1, 0, 1, 1, 1, 1, 1], [0, 1, 1, 1, 1, 1, 1, 1, 1, 1, 1, 1, 1, 1, 1, 1, 1, 1, 1, 1, 1, 1, 1, 1, 1, 1, 1, 0, 1, 1, 1, 1], [0, 1, 1, 1, 1, 1, 1, 1, 1, 1, 1, 1, 1, 1, 1, 1, 1, 1, 1, 1, 1, 1, 1, 1, 1, 1, 1, 1, 0, 1, 1, 1], [0, 1, 1, 1, 1, 1, 1, 1, 1, 1, 1, 1, 1, 1, 1, 1, 1, 1, 1, 1, 1, 1, 1, 1, 1, 1, 1, 1, 1, 0, 1, 1], [0, 1, 1, 1, 1, 1, 1, 1, 1, 1, 1, 1, 1, 1, 1, 1, 1, 1, 1, 1, 1, 1, 1, 1, 1, 1, 1, 1, 1, 1, 0, 1], [0, 0, 0, 0, 0, 0, 0, 0, 0, 0, 0, 0, 0, 0, 0, 0, 0, 0, 0, 0, 0, 0, 0, 0, 0, 0, 0, 0, 0, 0, 0, 0]], "vertex_count": 32}, "distances": [[0, 72.16, 67.82, 76.27, 94.86, 64.14, 56.73, 81.48, 101.34, 70.68, 73.06, 74.28, 73.65, 82.25, 44.51, 45.34, 86.6, 69.66, 69.46, 73.42, 69.7, 66.44, 68.87, 57.33, 55.25, 71.14, 81.37, 72.61, 71.71, 51.32, 82.95, 0], [0, 0.0, 13.84, 14.56, 24.01, 11.26, 15.44, 9.64, 42.84, 20.75, 16.53, 13.51, 17.14, 15.21, 29.39, 26.85, 18.8, 6.76, 6.96, 11.83, 16.49, 9.75, 8.62, 15.03, 25.65, 18.42, 23.58, 11.27, 24.34, 21.19, 11.51, 72.16], [0, 13.84, 0.0, 8.45, 28.06, 20.33, 16.36, 17.9, 36.71, 7.66, 16.86, 6.47, 30.24, 14.74, 30.64, 25.32, 18.97, 7.09, 6.89, 25.2, 12.01, 20.27, 5.24, 17.56, 32.51, 5.84, 15.31, 11.41, 11.26, 18.07, 18.25, 67.82], [0, 14.56, 8.45, 0.0, 20.24, 24.46, 23.35, 13.35, 29.65, 9.36, 17.33, 12.97, 31.61, 6.79, 38.14, 33.32, 10.73, 9.84, 9.86, 26.24, 7.24, 23.61, 9.2, 24.13, 38.13, 7.21, 9.1, 11.61, 12.08, 26.15, 12.75, 76.27], [0, 24.01, 28.06, 20.24, 0.0, 34.83, 38.84, 14.46, 27.58, 29.02, 24.51, 21.87, 34.66, 13.46, 53.32, 50.12, 9.79, 25.21, 25.4, 30.25, 27.47, 32.89, 26.03, 38.79, 49.01, 27.23, 21.42, 22.7, 30.71, 43.6, 12.51, 94.86], [0, 11.26, 20.33, 24.46, 34.83, 0.0, 9.95, 20.39, 53.7, 28.0, 10.33, 22.91, 12.52, 26.34, 19.89, 19.47, 30.05, 14.73, 14.77, 9.79, 23.73, 17.53, 15.92, 8.3, 14.39, 26.05, 33.51, 13.63, 31.59, 16.44, 22.44, 64.14], [0, 15.44, 16.36, 23.35, 38.84, 9.95, 0.0, 24.89, 52.81, 23.36, 16.47, 21.39, 22.45, 27.6, 14.9, 11.42, 31.86, 14.23, 14.1, 19.48, 19.71, 11.76, 14.24, 14.72, 16.83, 22.05, 31.52, 16.16, 26.58, 6.58, 26.52, 56.73], [0, 9.64, 17.9, 13.35, 14.46, 20.39, 24.89, 0.0, 36.34, 22.34, 10.11, 13.71, 22.08, 9.47, 39.03, 36.29, 11.3, 12.55, 12.79, 17.02, 18.99, 18.5, 13.98, 24.63, 34.65, 19.98, 20.45, 8.89, 25.37, 30.22, 17.43, 81.48], [0, 42.84, 36.71, 29.65, 27.58, 53.7, 52.81, 36.34, 0.0, 31.36, 44.96, 31.51, 58.36, 27.75, 67.35, 61.89, 25.04, 39.44, 39.47, 53.16, 33.71, 52.53, 38.84, 53.72, 67.7, 31.65, 21.4, 40.15, 29.73, 54.63, 34.3, 101.34], [0, 20.75, 7.66, 9.36, 29.02, 28.0, 23.36, 22.34, 31.36, 0.0, 23.79, 8.63, 37.61, 15.89, 36.85, 30.89, 19.25, 14.21, 14.06, 32.45, 4.35, 27.89, 12.52, 24.75, 39.89, 13.51, 10.7, 18.0, 12.34, 23.7, 22.0, 70.68], [0, 16.53, 16.86, 17.33, 24.51, 10.33, 16.47, 10.11, 44.96, 23.79, 0.0, 16.41, 14.28, 17.2, 29.58, 27.74, 20.42, 9.77, 9.97, 8.92, 19.53, 8.39, 11.62, 15.73, 24.54, 21.45, 26.24, 5.88, 27.37, 22.64, 12.2, 73.06], [0, 13.51, 6.47, 12.97, 21.87, 22.91, 21.39, 13.71, 31.51, 8.63, 16.41, 0.0, 30.65, 8.42, 36.14, 31.28, 12.55, 8.19, 8.17, 25.32, 5.73, 22.2, 7.34, 22.22, 36.39, 6.28, 10.62, 10.56, 11.76, 24.11, 13.42, 74.28], [0, 17.14, 30.24, 31.61, 34.66, 12.52, 22.45, 22.08, 58.36, 37.61, 14.28, 30.65, 0.0, 30.83, 29.34, 30.85, 33.35, 23.4, 23.55, 5.38, 33.27, 11.1, 25.11, 20.73, 18.97, 35.36, 40.48, 20.09, 41.24, 28.85, 24.19, 73.65], [0, 15.21, 14.74, 6.79, 13.46, 26.34, 27.6, 9.47, 27.75, 15.89, 17.2, 8.42, 30.83, 0.0, 42.48, 38.34, 4.37, 13.37, 13.5, 25.54, 14.02, 24.96, 13.63, 27.99, 40.64, 13.91, 11.19, 12.72, 18.11, 31.41, 7.96, 82.25], [0, 29.39, 30.64, 38.14, 53.32, 19.89, 14.9, 39.03, 67.35, 36.85, 29.58, 36.14, 29.34, 42.48, 0.0, 6.94, 46.72, 29.12, 29.0, 28.92, 33.76, 22.19, 29.11, 14.58, 12.54, 35.98, 45.96, 30.66, 39.63, 13.29, 40.84, 44.51], [0, 26.85, 25.32, 33.32, 50.12, 19.47, 11.42, 36.29, 61.89, 30.89, 27.74, 31.28, 30.85, 38.34, 6.94, 0.0, 42.68, 25.1, 24.94, 29.21, 28.19, 21.7, 24.72, 12.02, 17.3, 30.27, 40.53, 27.51, 33.43, 7.27, 37.88, 45.34], [0, 18.8, 18.97, 10.73, 9.79, 30.05, 31.86, 11.3, 25.04, 19.25, 20.42, 12.55, 33.35, 4.37, 46.72, 42.68, 0.0, 17.65, 17.79, 28.22, 17.95, 28.51, 17.98, 32.19, 44.42, 17.51, 12.23, 16.57, 20.96, 35.77, 9.27, 86.6], [0, 6.76, 7.09, 9.84, 25.21, 14.73, 14.23, 12.55, 39.44, 14.21, 9.77, 8.19, 23.4, 13.37, 29.12, 25.1, 17.65, 0.0, 9.27, 18.25, 9.88, 14.14, 10.86, 14.69, 28.3, 11.97, 18.81, 4.52, 17.84, 18.4, 13.58, 69.66], [0, 6.96, 6.89, 9.86, 25.4, 14.77, 14.1, 12.79, 39.47, 14.06, 9.97, 8.17, 23.55, 13.5, 29.0, 24.94, 17.79, 9.27, 0.0, 18.41, 9.73, 14.21, 11.1, 14.6, 28.28, 11.83, 18.79, 4.75, 17.69, 18.21, 13.8, 69.46], [0, 11.83, 25.2, 26.24, 30.25, 9.79, 19.48, 17.02, 53.16, 32.45, 8.92, 25.32, 5.38, 25.54, 28.92, 29.21, 28.22, 18.25, 18.41, 0.0, 28.13, 7.73, 20.0, 17.99, 20.38, 30.16, 35.1, 14.76, 36.06, 26.05, 19.17, 73.42], [0, 16.49, 12.01, 7.24, 27.47, 23.73, 19.71, 18.99, 33.71, 4.35, 19.53, 5.73, 33.27, 14.02, 33.76, 28.19, 17.95, 9.88, 9.73, 28.13, 0.0, 23.56, 8.17, 20.96, 35.96, 12.01, 12.35, 13.81, 7.99, 20.92, 18.95, 69.7], [0, 9.75, 20.27, 23.61, 32.89, 17.53, 11.76, 18.5, 52.53, 27.89, 8.39, 22.2, 11.1, 24.96, 22.19, 21.7, 28.51, 14.14, 14.21, 7.73, 23.56, 0.0, 15.53, 10.26, 16.15, 25.83, 32.71, 12.38, 31.52, 18.33, 20.59, 66.44], [0, 8.62, 5.24, 9.2, 26.03, 15.92, 14.24, 13.98, 38.84, 12.52, 11.62, 7.34, 25.11, 13.63, 29.11, 24.72, 17.98, 10.86, 11.1, 20.0, 8.17, 15.53, 0.0, 14.94, 29.08, 10.35, 17.89, 6.35, 16.16, 17.8, 14.81, 68.87], [0, 15.03, 17.56, 24.13, 38.79, 8.3, 14.72, 24.63, 53.72, 24.75, 15.73, 22.22, 20.73, 27.99, 14.58, 12.02, 32.19, 14.69, 14.6, 17.99, 20.96, 10.26, 14.94, 0.0, 15.21, 23.33, 32.53, 16.1, 28.05, 8.14, 26.36, 57.33], [0, 25.65, 32.51, 38.13, 49.01, 14.39, 16.83, 34.65, 67.7, 39.89, 24.54, 36.39, 18.97, 40.64, 12.54, 17.3, 44.42, 28.3, 28.28, 20.38, 35.96, 16.15, 29.08, 15.21, 0.0, 38.34, 46.98, 27.92, 43.24, 19.98, 36.74, 55.25], [0, 18.42, 5.84, 7.21, 27.23, 26.05, 22.05, 19.98, 31.65, 13.51, 21.45, 6.28, 35.36, 13.91, 35.98, 30.27, 17.51, 11.97, 11.83, 30.16, 12.01, 25.83, 10.35, 23.33, 38.34, 0.0, 10.43, 15.63, 5.92, 23.02, 19.69, 71.14], [0, 23.58, 15.31, 9.1, 21.42, 33.51, 31.52, 20.45, 21.4, 10.7, 26.24, 10.62, 40.48, 11.19, 45.96, 40.53, 12.23, 18.81, 18.79, 35.1, 12.35, 32.71, 17.89, 32.53, 46.98, 10.43, 0.0, 20.65, 10.56, 33.26, 19.11, 81.37], [0, 11.27, 11.41, 11.61, 22.7, 13.63, 16.16, 8.89, 40.15, 18.0, 5.88, 10.56, 20.09, 12.72, 30.66, 27.51, 16.57, 4.52, 4.75, 14.76, 13.81, 12.38, 6.35, 16.1, 27.92, 15.63, 20.65, 0.0, 21.55, 21.33, 10.38, 72.61], [0, 24.34, 11.26, 12.08, 30.71, 31.59, 26.58, 25.37, 29.73, 12.34, 27.37, 11.76, 41.24, 18.11, 39.63, 33.43, 20.96, 17.84, 17.69, 36.06, 7.99, 31.52, 16.16, 28.05, 43.24, 5.92, 10.56, 21.55, 0.0, 26.37, 24.83, 71.71], [0, 21.19, 18.07, 26.15, 43.6, 16.44, 6.58, 30.22, 54.63, 23.7, 22.64, 24.11, 28.85, 31.41, 13.29, 7.27, 35.77, 18.4, 18.21, 26.05, 20.92, 18.33, 17.8, 8.14, 19.98, 23.02, 33.26, 21.33, 26.37, 0.0, 31.64, 51.32], [0, 11.51, 18.25, 12.75, 12.51, 22.44, 26.52, 17.43, 34.3, 22.0, 12.2, 13.42, 24.19, 7.96, 40.84, 37.88, 9.27, 13.58, 13.8, 19.17, 18.95, 20.59, 14.81, 26.36, 36.74, 19.69, 19.11, 10.38, 24.83, 31.64, 0.0, 82.95], [0, 0, 0, 0, 0, 0, 0, 0, 0, 0, 0, 0, 0, 0, 0, 0, 0, 0, 0, 0, 0, 0, 0, 0, 0, 0, 0, 0, 0, 0, 0, 0]], "end_depot": 31, "horizon": [0.0, 2318.2], "instance_name": "30_80_A_C9", "speed_zone_count": 3, "speed_zones": [[0.0, 639.4], [639.4, 1278.8], [1278.8, 2318.2]], "start_depot": 0, "time_windows": [[0.0, 2318.2], [81.0, 181.0], [133.0, 233.0], [164.0, 264.0], [178.0, 278.0], [194.0, 344.0], [230.0, 380.0], [385.0, 535.0], [489.0, 639.0], [513.0, 663.0], [636.0, 786.0], [651.0, 801.0], [683.0, 833.0], [689.0, 839.0], [698.0, 848.0], [701.0, 851.0], [741.0, 891.0], [889.0, 1039.0], [945.0, 1095.0], [1102.0, 1252.0], [1140.0, 1340.0], [1168.0, 1368.0], [1327.0, 1527.0], [1396.0, 1596.0], [1401.0, 1601.0], [1486.0, 1686.0], [1517.0, 1717.0], [1589.0, 1789.0], [1601.0, 1801.0], [1639.0, 1839.0], [1712.0, 1912.0], [0.0, 2318.2]], "vehicle_count": 1}