{"cluster_count": 3, "cluster_speeds": [[0.5, 1.0, 0.5], [0.4, 1.0, 0.4], [0.475, 1.0, 0.475]], "clusters": [[-1, 2, 2, 2, 2, 2, 2, 2, 2, 2, 2, 2, 2, 2, 2, 2, 2, 2, 2, 2, 2, 2, 2, 2, 2, 2, 2, 2, 2, 2, 2, -1], [0, -1, 0, 0, 0, 0, 0, 0, 0, 0, 0, 0, 0, 0, 0, 0, 0, 0, 0, 0, 0, 0, 0, 0, 0, 0, 0, 0, 0, 0, 0, 0], [0, 0, -1, 0, 0, 0, 0, 0, 0, 0, 0, 0, 0, 0, 0, 0, 0, 0, 0, 0, 0, 0, 0, 0, 0, 0, 0, 0, 0, 0, 0, 0], [1, 1, 1, -1, 1, 1, 1, 1, 1, 1, 1, 1, 1, 1, 1, 1, 1, 1, 1, 1, 1, 1, 1, 1, 1, 1, 1, 1, 1, 1, 1, 1], [0, 0, 0, 0, -1, 0, 0, 0, 0, 0, 0, 0, 0, 0, 0, 0, 0, 0, 0, 0, 0, 0, 0, 0, 0, 0, 0, 0, 0, 0, 0, 0], [1, 1, 1, 1, 1, -1, 1, 1, 1, 1, 1, 1, 1, 1, 1, 1, 1, 1, 1, 1, 1, 1, 1, 1, 1, 1, 1, 1, 1, 1, 1, 1], [0, 0, 0, 0, 0, 0, -1, 0, 0, 0, 0, 0, 0, 0, 0, 0, 0, 0, 0, 0, 0, 0, 0, 0, 0, 0, 0, 0, 0, 0, 0, 0], [1, 1, 1, 1, 1, 1, 1, -1, 1, 1, 1, 1, 1, 1, 1, 1, 1, 1, 1, 1, 1, 1, 1, 1, 1, 1, 1, 1, 1, 1, 1, 1], [1, 1, 1, 1, 1, 1, 1, 1, -1, 1, 1, 1, 1, 1, 1, 1, 1, 1, 1, 1, 1, 1, 1, 1, 1, 1, 1, 1, 1, 1, 1, 1], [0, 0, 0, 0, 0, 0, 0, 0, 0, -1, 0, 0, 0, 0, 0, 0, 0, 0, 0, 0, 0, 0, 0, 0, 0, 0, 0, 0, 0, 0, 0, 0], [0, 0, 0, 0, 0, 0, 0, 0, 0, 0, -1, 0, 0, 0, 0, 0, 0, 0, 0, 0, 0, 0, 0, 0, 0, 0, 0, 0, 0, 0, 0, 0], [0, 0, 0, 0, 0, 0, 0, 0, 0, 0, 0, -1, 0, 0, 0, 0, 0, 0, 0, 0, 0, 0, 0, 0, 0, 0, 0, 0, 0, 0, 0, 0], [1, 1, 1, 1, 1, 1, 1, 1, 1, 1, 1, 1, -1, 1, 1, 1, 1, 1, 1, 1, 1, 1, 1, 1, 1, 1, 1, 1, 1, 1, 1, 1], [0, 0, 0, 0, 0, 0, 0, 0, 0, 0, 0, 0, 0, -1, 0, 0, 0, 0, 0, 0, 0, 0, 0, 0, 0, 0, 0, 0, 0, 0, 0, 0], [1, 1, 1, 1, 1, 1, 1, 1, 1, 1, 1, 1, 1, 1, -1, 1, 1, 1, 1, 1, 1, 1, 1, 1, 1, 1, 1, 1, 1, 1, 1, 1], [1, 1, 1, 1, 1, 1, 1, 1, 1, 1, 1, 1, 1, 1, 1, -1, 1, 1, 1, 1, 1, 1, 1, 1, 1, 1, 1, 1, 1, 1, 1, 1], [1, 1, 1, 1, 1, 1, 1, 1, 1, 1, 1, 1, 1, 1, 1, 1, -1, 1, 1, 1, 1, 1, 1, 1, 1, 1, 1, 1, 1, 1, 1, 1], [2, 2, 2, 2, 2, 2, 2, 2, 2, 2, 2, 2, 2, 2, 2, 2, 2, -1, 2, 2, 2, 2, 2, 2, 2, 2, 2, 2, 2, 2, 2, 2], [1, 1, 1, 1, 1, 1, 1, 1, 1, 1, 1, 1, 1, 1, 1, 1, 1, 1, -1, 1, 1, 1, 1, 1, 1, 1, 1, 1, 1, 1, 1, 1], [0, 0, 0, 0, 0, 0, 0, 0, 0, 0, 0, 0, 0, 0, 0, 0, 0, 0, 0, -1, 0, 0, 0, 0, 0, 0, 0, 0, 0, 0, 0, 0], [2, 2, 2, 2, 2, 2, 2, 2, 2, 2, 2, 2, 2, 2, 2, 2, 2, 2, 2, 2, -1, 2, 2, 2, 2, 2, 2, 2, 2, 2, 2, 2], [0, 0, 0, 0, 0, 0, 0, 0, 0, 0, 0, 0, 0, 0, 0, 0, 0, 0, 0, 0, 0, -1, 0, 0, 0, 0, 0, 0, 0, 0, 0, 0], [1, 1, 1, 1, 1, 1, 1, 1, 1, 1, 1, 1, 1, 1, 1, 1, 1, 1, 1, 1, 1, 1, -1, 1, 1, 1, 1, 1, 1, 1, 1, 1], [0, 0, 0, 0, 0, 0, 0, 0, 0, 0, 0, 0, 0, 0, 0, 0, 0, 0, 0, 0, 0, 0, 0, -1, 0, 0, 0, 0, 0, 0, 0, 0], [1, 1, 1, 1, 1, 1, 1, 1, 1, 1, 1, 1, 1, 1, 1, 1, 1, 1, 1, 1, 1, 1, 1, 1, -1, 1, 1, 1, 1, 1, 1, 1], [1, 1, 1, 1, 1, 1, 1, 1, 1, 1, 1, 1, 1, 1, 1, 1, 1, 1, 1, 1, 1, 1, 1, 1, 1, -1, 1, 1, 1, 1, 1, 1], [0, 0, 0, 0, 0, 0, 0, 0, 0, 0, 0, 0, 0, 0, 0, 0, 0, 0, 0, 0, 0, 0, 0, 0, 0, 0, -1, 0, 0, 0, 0, 0], [2, 2, 2, 2, 2, 2, 2, 2, 2, 2, 2, 2, 2, 2, 2, 2, 2, 2, 2, 2, 2, 2, 2, 2, 2, 2, 2, -1, 2, 2, 2, 2], [1, 1, 1, 1, 1, 1, 1, 1, 1, 1, 1, 1, 1, 1, 1, 1, 1, 1, 1, 1, 1, 1, 1, 1, 1, 1, 1, 1, -1, 1, 1, 1], [0, 0, 0, 0, 0, 0, 0, 0, 0, 0, 0, 0, 0, 0, 0, 0, 0, 0, 0, 0, 0, 0, 0, 0, 0, 0, 0, 0, 0, -1, 0, 0], [0, 0, 0, 0, 0, 0, 0, 0, 0, 0, 0, 0, 0, 0, 0, 0, 0, 0, 0, 0, 0, 0, 0, 0, 0, 0, 0, 0, 0, 0, -1, 0], [-1, 2, 2, 2, 2, 2, 2, 2, 2, 2, 2, 2, 2, 2, 2, 2, 2, 2, 2, 2, 2, 2, 2, 2, 2, 2, 2, 2, 2, 2, 2, -1]], "dataset_name": "guerriero_et_al_2014", "digraph": {"arc_count": 930, "arcs": [[0, 1, 1, 1, 1, 1, 1, 1, 1, 1, 1, 1, 1, 1, 1, 1, 1, 1, 1, 1, 1, 1, 1, 1, 1, 1, 1, 1, 1, 1, 1, 0], [0, 0, 1, 1, 1, 1, 1, 1, 1, 1, 1, 1, 1, 1, 1, 1, 1, 1, 1, 1, 1, 1, 1, 1, 1, 1, 1, 1, 1, 1, 1, 1], [0, 1, 0, 1, 1, 1, 1, 1, 1, 1, 1, 1, 1, 1, 1, 1, 1, 1, 1, 1, 1, 1, 1, 1, 1, 1, 1, 1, 1, 1, 1, 1], [0, 1, 1, 0, 1, 1, 1, 1, 1, 1, 1, 1, 1, 1, 1, 1, 1, 1, 1, 1, 1, 1, 1, 1, 1, 1, 1, 1, 1, 1, 1, 1], [0, 1, 1, 1, 0, 1, 1, 1, 1, 1, 1, 1, 1, 1, 1, 1, 1, 1, 1, 1, 1, 1, 1, 1, 1, 1, 1, 1, 1, 1, 1, 1], [0, 1, 1, 1, 1, 0, 1, 1, 1, 1, 1, 1, 1, 1, 1, 1, 1, 1, 1, 1, 1, 1, 1, 1, 1, 1, 1, 1, 1, 1, 1, 1], [0, 1, 1, 1, 1, 1, 0, 1, 1, 1, 1, 1, 1, 1, 1, 1, 1, 1, 1, 1, 1, 1, 1, 1, 1, 1, 1, 1, 1, 1, 1, 1], [0, 1, 1, 1, 1, 1, 1, 0, 1, 1, 1, 1, 1, 1, 1, 1, 1, 1, 1, 1, 1, 1, 1, 1, 1, 1, 1, 1, 1, 1, 1, 1], [0, 1, 1, 1, 1, 1, 1, 1, 0, 1, 1, 1, 1, 1, 1, 1, 1, 1, 1, 1, 1, 1, 1, 1, 1, 1, 1, 1, 1, 1, 1, 1], [0, 1, 1, 1, 1, 1, 1, 1, 1, 0, 1, 1, 1, 1, 1, 1, 1, 1, 1, 1, 1, 1, 1, 1, 1, 1, 1, 1, 1, 1, 1, 1], [0, 1, 1, 1, 1, 1, 1, 1, 1, 1, 0, 1, 1, 1, 1, 1, 1, 1, 1, 1, 1, 1, 1, 1, 1, 1, 1, 1, 1, 1, 1, 1], [0, 1, 1, 1, 1, 1, 1, 1, 1, 1, 1, 0, 1, 1, 1, 1, 1, 1, 1, 1, 1, 1, 1, 1, 1, 1, 1, 1, 1, 1, 1, 1], [0, 1, 1, 1, 1, 1, 1, 1, 1, 1, 1, 1, 0, 1, 1, 1, 1, 1, 1, 1, 1, 1, 1, 1, 1, 1, 1, 1, 1, 1, 1, 1], [0, 1, 1, 1, 1, 1, 1, 1, 1, 1, 1, 1, 1, 0, 1, 1, 1, 1, 1, 1, 1, 1, 1, 1, 1, 1, 1, 1, 1, 1, 1, 1], [0, 1, 1, 1, 1, 1, 1, 1, 1, 1, 1, 1, 1, 1, 0, 1, 1, 1, 1, 1, 1, 1, 1, 1, 1, 1, 1, 1, 1, 1, 1, 1], [0, 1, 1, 1, 1, 1, 1, 1, 1, 1, 1, 1, 1, 1, 1, 0, 1, 1, 1, 1, 1, 1, 1, 1, 1, 1, 1, 1, 1, 1, 1, 1], [0, 1, 1, 1, 1, 1, 1, 1, 1, 1, 1, 1, 1, 1, 1, 1, 0, 1, 1, 1, 1, 1, 1, 1, 1, 1, 1, 1, 1, 1, 1, 1], [0, 1, 1, 1, 1, 1, 1, 1, 1, 1, 1, 1, 1, 1, 1, 1, 1, 0, 1, 1, 1, 1, 1, 1, 1, 1, 1, 1, 1, 1, 1, 1], [0, 1, 1, 1, 1, 1, 1, 1, 1, 1, 1, 1, 1, 1, 1, 1, 1, 1, 0, 1, 1, 1, 1, 1, 1, 1, 1, 1, 1, 1, 1, 1], [0, 1, 1, 1, 1, 1, 1, 1, 1, 1, 1, 1, 1, 1, 1, 1, 1, 1, 1, 0, 1, 1, 1, 1, 1, 1, 1, 1, 1, 1, 1, 1], [0, 1, 1, 1, 1, 1, 1, 1, 1, 1, 1, 1, 1, 1, 1, 1, 1, 1, 1, 1, 0, 1, 1, 1, 1, 1, 1, 1, 1, 1, 1, 1], [0, 1, 1, 1, 1, 1, 1, 1, 1, 1, 1, 1, 1, 1, 1, 1, 1, 1, 1, 1, 1, 0, 1, 1, 1, 1, 1, 1, 1, 1, 1, 1], [0, 1, 1, 1, 1, 1, 1, 1, 1, 1, 1, 1, 1, 1, 1, 1, 1, 1, 1, 1, 1, 1, 0, 1, 1, 1, 1, 1, 1, 1, 1, 1], [0, 1, 1, 1, 1, 1, 1, 1, 1, 1, 1, 1, 1, 1, 1, 1, 1, 1, 1, 1, 1, 1, 1, 0, 1, 1, 1, 1, 1, 1, 1, 1], [0, 1, 1, 1, 1, 1, 1, 1, 1, 1, 1, 1, 1, 1, 1, 1, 1, 1, 1, 1, 1, 1, 1, 1, 0, 1, 1, 1, 1, 1, 1, 1], [0, 1, 1, 1, 1, 1, 1, 1, 1, 1, 1, 1, 1, 1, 1, 1, 1, 1, 1, 1, 1, 1, 1, 1, 1, 0, 1, 1, 1, 1, 1, 1], [0, 1, 1, 1, 1, 1, 1, 1, 1, 1, 1, 1, 1, 1, 1, 1, 1, 1, 1, 1, 1, 1, 1, 1, 1, 1, 0, 1, 1, 1, 1, 1], [0, 1, 1, 1, 1, 1, 1, 1, 1, 1, 1, 1, 1, 1, 1, 1, 1, 1, 1, 1, 1, 1, 1, 1, 1, 1, 1, 0, 1, 1, 1, 1], [0, 1, 1, 1, 1, 1, 1, 1, 1, 1, 1, 1, 1, 1, 1, 1, 1, 1, 1, 1, 1, 1, 1, 1, 1, 1, 1, 1, 0, 1, 1, 1], [0, 1, 1, 1, 1, 1, 1, 1, 1, 1, 1, 1, 1, 1, 1, 1, 1, 1, 1, 1, 1, 1, 1, 1, 1, 1, 1, 1, 1, 0, 1, 1], [0, 1, 1, 1, 1, 1, 1, 1, 1, 1, 1, 1, 1, 1, 1, 1, 1, 1, 1, 1, 1, 1, 1, 1, 1, 1, 1, 1, 1, 1, 0, 1], [0, 0, 0, 0, 0, 0, 0, 0, 0, 0, 0, 0, 0, 0, 0, 0, 0, 0, 0, 0, 0, 0, 0, 0, 0, 0, 0, 0, 0, 0, 0, 0]], "vertex_count": 32}, "distances": [[0, 68.46, 66.84, 54.47, 69.74, 81.61, 85.13, 54.01, 88.06, 60.64, 71.51, 73.72, 77.26, 72.97, 53.32, 60.89, 55.05, 105.61, 77.17, 73.33, 100.67, 60.27, 86.84, 73.8, 86.19, 57.05, 72.11, 53.8, 68.06, 69.32, 70.04, 0], [0, 0.0, 18.65, 22.31, 14.87, 14.92, 18.09, 14.89, 19.97, 8.45, 8.26, 14.18, 11.97, 10.44, 22.65, 22.05, 16.19, 39.97, 15.14, 16.16, 32.35, 8.57, 18.44, 14.52, 18.07, 22.97, 16.22, 28.52, 26.39, 4.67, 12.08, 68.46], [0, 18.65, 0.0, 12.38, 5.06, 30.91, 22.93, 18.25, 27.38, 15.61, 26.89, 9.34, 29.55, 11.67, 13.53, 6.65, 14.11, 53.88, 33.41, 7.64, 42.35, 16.33, 27.88, 9.18, 26.06, 10.18, 6.31, 15.2, 7.74, 23.31, 7.69, 66.84], [0, 22.31, 12.38, 0.0, 15.88, 37.01, 33.36, 12.27, 37.34, 14.85, 29.85, 20.26, 34.28, 20.84, 13.32, 6.76, 7.56, 61.7, 37.08, 19.34, 51.93, 15.21, 37.14, 20.24, 35.73, 12.29, 18.04, 6.55, 14.97, 26.15, 17.04, 54.47], [0, 14.87, 5.06, 15.88, 0.0, 26.08, 18.06, 18.4, 22.43, 14.04, 22.89, 4.5, 25.01, 6.65, 16.89, 11.28, 15.27, 48.83, 29.06, 12.7, 37.37, 14.78, 22.84, 4.42, 21.05, 14.33, 11.37, 19.77, 12.11, 19.5, 12.75, 69.74], [0, 14.92, 30.91, 37.01, 26.08, 0.0, 15.89, 29.41, 13.77, 23.29, 10.17, 23.03, 4.56, 19.53, 37.44, 35.76, 31.1, 25.1, 7.5, 25.43, 19.77, 23.31, 10.93, 23.35, 12.55, 37.31, 26.2, 43.0, 38.15, 12.47, 23.24, 81.61], [0, 18.09, 22.93, 33.36, 18.06, 15.89, 0.0, 31.2, 4.7, 24.67, 20.8, 13.6, 18.27, 12.59, 34.23, 29.34, 30.32, 32.41, 22.66, 15.43, 19.55, 25.14, 6.43, 13.75, 27.54, 32.26, 16.69, 37.8, 28.26, 19.95, 16.34, 85.13], [0, 14.89, 18.25, 12.27, 18.4, 29.41, 31.2, 0.0, 34.05, 6.65, 20.4, 21.26, 25.73, 19.52, 11.83, 16.54, 4.94, 54.5, 27.48, 21.75, 47.18, 6.36, 32.94, 21.44, 32.2, 14.77, 20.86, 18.6, 24.37, 17.13, 17.49, 54.01], [0, 19.97, 27.38, 37.34, 22.43, 13.77, 4.7, 34.05, 0.0, 27.41, 20.82, 18.05, 17.11, 16.51, 38.14, 33.68, 33.71, 27.73, 21.11, 19.99, 14.97, 27.8, 11.14, 18.22, 26.32, 36.44, 21.22, 42.06, 32.93, 20.82, 20.47, 88.06], [0, 8.45, 15.61, 14.85, 14.04, 23.29, 24.67, 6.65, 27.41, 0.0, 15.12, 15.91, 19.96, 13.51, 14.95, 16.49, 7.95, 48.38, 22.36, 16.91, 40.59, 13.01, 26.29, 16.15, 25.55, 16.25, 16.3, 21.35, 22.91, 11.5, 12.35, 60.64], [0, 8.26, 26.89, 29.85, 22.89, 10.17, 20.8, 20.4, 20.82, 15.12, 0.0, 21.49, 5.76, 17.58, 30.04, 30.21, 23.04, 34.55, 7.24, 23.69, 29.82, 14.91, 18.42, 21.84, 19.06, 30.86, 23.97, 36.25, 34.61, 12.93, 20.02, 71.51], [0, 14.18, 9.34, 20.26, 4.5, 23.03, 13.6, 21.26, 18.05, 15.91, 21.49, 0.0, 22.63, 11.15, 21.24, 15.75, 18.83, 44.84, 26.94, 16.98, 33.02, 16.6, 18.64, 8.92, 16.76, 18.82, 15.65, 24.26, 15.46, 18.51, 17.03, 73.72], [0, 11.97, 29.55, 34.28, 25.01, 4.56, 18.27, 25.73, 17.11, 19.96, 5.76, 22.63, 0.0, 18.84, 34.59, 33.76, 27.9, 28.89, 4.54, 25.0, 24.33, 19.88, 14.41, 22.97, 15.59, 34.91, 25.57, 40.49, 37.09, 8.6, 22.1, 77.26], [0, 10.44, 11.67, 20.84, 6.65, 19.53, 12.59, 19.52, 16.51, 13.51, 17.58, 11.15, 18.84, 0.0, 21.67, 17.44, 17.95, 42.26, 23.09, 6.2, 31.27, 14.14, 16.54, 4.26, 14.96, 19.97, 6.74, 25.64, 18.63, 14.65, 10.79, 72.97], [0, 22.65, 13.53, 13.32, 16.89, 37.44, 34.23, 11.83, 38.14, 14.95, 30.04, 21.24, 34.59, 21.67, 0.0, 7.95, 7.35, 62.23, 37.27, 20.38, 52.66, 15.26, 37.88, 21.23, 36.5, 4.35, 19.09, 6.77, 16.14, 26.36, 17.94, 53.32], [0, 22.05, 6.65, 6.76, 11.28, 35.76, 29.34, 16.54, 33.68, 16.49, 30.21, 15.75, 33.76, 17.44, 7.95, 0.0, 11.66, 59.57, 37.19, 14.26, 48.59, 17.08, 33.95, 15.64, 32.26, 12.3, 12.92, 8.56, 8.35, 26.48, 13.34, 60.89], [0, 16.19, 14.11, 7.56, 15.27, 31.1, 30.32, 4.94, 33.71, 7.95, 23.04, 18.83, 27.9, 17.95, 7.35, 11.66, 0.0, 56.14, 30.27, 18.82, 47.63, 8.13, 33.0, 18.94, 31.94, 9.86, 17.75, 14.06, 19.65, 19.45, 15.07, 55.05], [0, 39.97, 53.88, 61.7, 48.83, 25.1, 32.41, 54.5, 27.73, 48.38, 34.55, 44.84, 28.89, 42.26, 62.23, 59.57, 56.14, 0.0, 28.43, 47.05, 14.99, 48.41, 26.36, 45.09, 28.48, 61.63, 48.16, 67.38, 60.22, 37.43, 46.33, 105.61], [0, 15.14, 33.41, 37.08, 29.06, 7.5, 22.66, 27.48, 21.11, 22.36, 7.24, 26.94, 4.54, 23.09, 37.27, 37.19, 30.27, 28.43, 0.0, 29.28, 26.3, 22.14, 18.32, 27.28, 19.73, 38.01, 29.77, 43.45, 41.05, 10.93, 26.14, 77.17], [0, 16.16, 7.64, 19.34, 12.7, 25.43, 15.43, 21.75, 19.99, 16.91, 23.69, 16.98, 25.0, 6.2, 20.38, 14.26, 18.82, 47.05, 29.28, 0.0, 34.95, 17.63, 20.77, 10.46, 18.8, 17.58, 8.84, 22.82, 13.18, 20.61, 4.59, 73.33], [0, 32.35, 42.35, 51.93, 37.37, 19.77, 19.55, 47.18, 14.97, 40.59, 29.82, 33.02, 24.33, 31.27, 52.66, 48.59, 47.63, 14.99, 26.3, 34.95, 0.0, 40.83, 14.79, 33.19, 16.34, 51.24, 36.19, 56.91, 47.79, 31.45, 35.31, 100.67], [0, 8.57, 16.33, 15.21, 14.78, 23.31, 25.14, 6.36, 27.8, 13.01, 14.91, 16.6, 19.88, 14.14, 15.26, 17.08, 8.13, 48.41, 22.14, 17.63, 40.83, 0.0, 26.61, 16.85, 25.93, 16.72, 17.03, 21.73, 23.59, 11.35, 13.07, 60.27], [0, 18.44, 27.88, 37.14, 22.84, 10.93, 6.43, 32.94, 11.14, 26.29, 18.42, 18.64, 14.41, 16.54, 37.88, 33.95, 33.0, 26.36, 18.32, 20.77, 14.79, 26.61, 0.0, 18.86, 23.48, 36.49, 21.92, 42.18, 33.9, 18.76, 20.62, 86.84], [0, 14.52, 9.18, 20.24, 4.42, 23.35, 13.75, 21.44, 18.22, 16.15, 21.84, 8.92, 22.97, 4.26, 21.23, 15.64, 18.94, 45.09, 27.28, 10.46, 33.19, 16.85, 18.86, 0.0, 16.95, 18.75, 11.0, 24.16, 15.19, 18.86, 15.06, 73.8], [0, 18.07, 26.06, 35.73, 21.05, 12.55, 27.54, 32.2, 26.32, 25.55, 19.06, 16.76, 15.59, 14.96, 36.5, 32.26, 31.94, 28.48, 19.73, 18.8, 16.34, 25.93, 23.48, 16.95, 0.0, 34.92, 19.99, 40.58, 31.87, 18.96, 18.97, 86.19], [0, 22.97, 10.18, 12.29, 14.33, 37.31, 32.26, 14.77, 36.44, 16.25, 30.86, 18.82, 34.91, 19.97, 4.35, 12.3, 9.86, 61.63, 38.01, 17.58, 51.24, 16.72, 36.49, 18.75, 34.92, 0.0, 16.24, 5.75, 11.81, 27.11, 15.97, 57.05], [0, 16.22, 6.31, 18.04, 11.37, 26.2, 16.69, 20.86, 21.22, 16.3, 23.97, 15.65, 25.57, 6.74, 19.09, 12.92, 17.75, 48.16, 29.77, 8.84, 36.19, 17.03, 21.92, 11.0, 19.99, 16.24, 0.0, 21.48, 12.15, 20.76, 4.25, 72.11], [0, 28.52, 15.2, 6.55, 19.77, 43.0, 37.8, 18.6, 42.06, 21.35, 36.25, 24.26, 40.49, 25.64, 6.77, 8.56, 14.06, 67.38, 43.45, 22.82, 56.91, 21.73, 42.18, 24.16, 40.58, 5.75, 21.48, 0.0, 14.29, 32.53, 21.6, 53.8], [0, 26.39, 7.74, 14.97, 12.11, 38.15, 28.26, 24.37, 32.93, 22.91, 34.61, 15.46, 37.09, 18.63, 16.14, 8.35, 19.65, 60.22, 41.05, 13.18, 47.79, 23.59, 33.9, 15.19, 31.87, 11.81, 12.15, 14.29, 0.0, 31.05, 15.0, 68.06], [0, 4.67, 23.31, 26.15, 19.5, 12.47, 19.95, 17.13, 20.82, 11.5, 12.93, 18.51, 8.6, 14.65, 26.36, 26.48, 19.45, 37.43, 10.93, 20.61, 31.45, 11.35, 18.76, 18.86, 18.96, 27.11, 20.76, 32.53, 31.05, 0.0, 16.68, 69.32], [0, 12.08, 7.69, 17.04, 12.75, 23.24, 16.34, 17.49, 20.47, 12.35, 20.02, 17.03, 22.1, 10.79, 17.94, 13.34, 15.07, 46.33, 26.14, 4.59, 35.31, 13.07, 20.62, 15.06, 18.97, 15.97, 4.25, 21.6, 15.0, 16.68, 0.0, 70.04], [0, 0, 0, 0, 0, 0, 0, 0, 0, 0, 0, 0, 0, 0, 0, 0, 0, 0, 0, 0, 0, 0, 0, 0, 0, 0, 0, 0, 0, 0, 0, 0]], "end_depot": 31, "horizon": [0.0, 2213.83], "instance_name": "30_80_A_B2", "speed_zone_count": 3, "speed_zones": [[0.0, 604.61], [604.61, 1209.22], [1209.22, 2213.83]], "start_depot": 0, "time_windows": [[0.0, 2213.83], [5.0, 155.0], [55.0, 205.0], [101.0, 251.0], [145.0, 295.0], [218.0, 368.0], [310.0, 460.0], [14.0, 114.0], [378.0, 528.0], [379.0, 529.0], [420.0, 570.0], [474.0, 624.0], [663.0, 813.0], [791.0, 991.0], [844.0, 1044.0], [854.0, 1054.0], [860.0, 1060.0], [870.0, 1070.0], [873.0, 1073.0], [885.0, 1085.0], [1004.0, 1204.0], [1066.0, 1266.0], [1082.0, 1282.0], [1157.0, 1357.0], [1234.0, 1434.0], [1249.0, 1449.0], [1278.0, 1478.0], [1314.0, 1514.0], [1322.0, 1522.0], [1561.0, 1761.0], [1573.0, 1773.0], [0.0, 2213.83]], "vehicle_count": 1}