{"cluster_count": 3, "cluster_speeds": [[0.45, 1.0, 0.45], [0.475, 1.0, 0.475], [0.5, 1.0, 0.5]], "clusters": [[-1, 2, 2, 2, 2, 2, 2, 2, 2, 2, 2, 2, 2, 2, 2, 2, 2, 2, 2, 2, 2, 2, 2, 2, 2, 2, 2, 2, 2, 2, 2, -1], [0, -1, 0, 0, 0, 0, 0, 0, 0, 0, 0, 0, 0, 0, 0, 0, 0, 0, 0, 0, 0, 0, 0, 0, 0, 0, 0, 0, 0, 0, 0, 0], [1, 1, -1, 1, 1, 1, 1, 1, 1, 1, 1, 1, 1, 1, 1, 1, 1, 1, 1, 1, 1, 1, 1, 1, 1, 1, 1, 1, 1, 1, 1, 1], [0, 0, 0, -1, 0, 0, 0, 0, 0, 0, 0, 0, 0, 0, 0, 0, 0, 0, 0, 0, 0, 0, 0, 0, 0, 0, 0, 0, 0, 0, 0, 0], [0, 0, 0, 0, -1, 0, 0, 0, 0, 0, 0, 0, 0, 0, 0, 0, 0, 0, 0, 0, 0, 0, 0, 0, 0, 0, 0, 0, 0, 0, 0, 0], [1, 1, 1, 1, 1, -1, 1, 1, 1, 1, 1, 1, 1, 1, 1, 1, 1, 1, 1, 1, 1, 1, 1, 1, 1, 1, 1, 1, 1, 1, 1, 1], [0, 0, 0, 0, 0, 0, -1, 0, 0, 0, 0, 0, 0, 0, 0, 0, 0, 0, 0, 0, 0, 0, 0, 0, 0, 0, 0, 0, 0, 0, 0, 0], [0, 0, 0, 0, 0, 0, 0, -1, 0, 0, 0, 0, 0, 0, 0, 0, 0, 0, 0, 0, 0, 0, 0, 0, 0, 0, 0, 0, 0, 0, 0, 0], [2, 2, 2, 2, 2, 2, 2, 2, -1, 2, 2, 2, 2, 2, 2, 2, 2, 2, 2, 2, 2, 2, 2, 2, 2, 2, 2, 2, 2, 2, 2, 2], [0, 0, 0, 0, 0, 0, 0, 0, 0, -1, 0, 0, 0, 0, 0, 0, 0, 0, 0, 0, 0, 0, 0, 0, 0, 0, 0, 0, 0, 0, 0, 0], [0, 0, 0, 0, 0, 0, 0, 0, 0, 0, -1, 0, 0, 0, 0, 0, 0, 0, 0, 0, 0, 0, 0, 0, 0, 0, 0, 0, 0, 0, 0, 0], [0, 0, 0, 0, 0, 0, 0, 0, 0, 0, 0, -1, 0, 0, 0, 0, 0, 0, 0, 0, 0, 0, 0, 0, 0, 0, 0, 0, 0, 0, 0, 0], [0, 0, 0, 0, 0, 0, 0, 0, 0, 0, 0, 0, -1, 0, 0, 0, 0, 0, 0, 0, 0, 0, 0, 0, 0, 0, 0, 0, 0, 0, 0, 0], [0, 0, 0, 0, 0, 0, 0, 0, 0, 0, 0, 0, 0, -1, 0, 0, 0, 0, 0, 0, 0, 0, 0, 0, 0, 0, 0, 0, 0, 0, 0, 0], [0, 0, 0, 0, 0, 0, 0, 0, 0, 0, 0, 0, 0, 0, -1, 0, 0, 0, 0, 0, 0, 0, 0, 0, 0, 0, 0, 0, 0, 0, 0, 0], [0, 0, 0, 0, 0, 0, 0, 0, 0, 0, 0, 0, 0, 0, 0, -1, 0, 0, 0, 0, 0, 0, 0, 0, 0, 0, 0, 0, 0, 0, 0, 0], [0, 0, 0, 0, 0, 0, 0, 0, 0, 0, 0, 0, 0, 0, 0, 0, -1, 0, 0, 0, 0, 0, 0, 0, 0, 0, 0, 0, 0, 0, 0, 0], [0, 0, 0, 0, 0, 0, 0, 0, 0, 0, 0, 0, 0, 0, 0, 0, 0, -1, 0, 0, 0, 0, 0, 0, 0, 0, 0, 0, 0, 0, 0, 0], [0, 0, 0, 0, 0, 0, 0, 0, 0, 0, 0, 0, 0, 0, 0, 0, 0, 0, -1, 0, 0, 0, 0, 0, 0, 0, 0, 0, 0, 0, 0, 0], [1, 1, 1, 1, 1, 1, 1, 1, 1, 1, 1, 1, 1, 1, 1, 1, 1, 1, 1, -1, 1, 1, 1, 1, 1, 1, 1, 1, 1, 1, 1, 1], [0, 0, 0, 0, 0, 0, 0, 0, 0, 0, 0, 0, 0, 0, 0, 0, 0, 0, 0, 0, -1, 0, 0, 0, 0, 0, 0, 0, 0, 0, 0, 0], [0, 0, 0, 0, 0, 0, 0, 0, 0, 0, 0, 0, 0, 0, 0, 0, 0, 0, 0, 0, 0, -1, 0, 0, 0, 0, 0, 0, 0, 0, 0, 0], [0, 0, 0, 0, 0, 0, 0, 0, 0, 0, 0, 0, 0, 0, 0, 0, 0, 0, 0, 0, 0, 0, -1, 0, 0, 0, 0, 0, 0, 0, 0, 0], [0, 0, 0, 0, 0, 0, 0, 0, 0, 0, 0, 0, 0, 0, 0, 0, 0, 0, 0, 0, 0, 0, 0, -1, 0, 0, 0, 0, 0, 0, 0, 0], [0, 0, 0, 0, 0, 0, 0, 0, 0, 0, 0, 0, 0, 0, 0, 0, 0, 0, 0, 0, 0, 0, 0, 0, -1, 0, 0, 0, 0, 0, 0, 0], [0, 0, 0, 0, 0, 0, 0, 0, 0, 0, 0, 0, 0, 0, 0, 0, 0, 0, 0, 0, 0, 0, 0, 0, 0, -1, 0, 0, 0, 0, 0, 0], [0, 0, 0, 0, 0, 0, 0, 0, 0, 0, 0, 0, 0, 0, 0, 0, 0, 0, 0, 0, 0, 0, 0, 0, 0, 0, -1, 0, 0, 0, 0, 0], [0, 0, 0, 0, 0, 0, 0, 0, 0, 0, 0, 0, 0, 0, 0, 0, 0, 0, 0, 0, 0, 0, 0, 0, 0, 0, 0, -1, 0, 0, 0, 0], [0, 0, 0, 0, 0, 0, 0, 0, 0, 0, 0, 0, 0, 0, 0, 0, 0, 0, 0, 0, 0, 0, 0, 0, 0, 0, 0, 0, -1, 0, 0, 0], [2, 2, 2, 2, 2, 2, 2, 2, 2, 2, 2, 2, 2, 2, 2, 2, 2, 2, 2, 2, 2, 2, 2, 2, 2, 2, 2, 2, 2, -1, 2, 2], [0, 0, 0, 0, 0, 0, 0, 0, 0, 0, 0, 0, 0, 0, 0, 0, 0, 0, 0, 0, 0, 0, 0, 0, 0, 0, 0, 0, 0, 0, -1, 0], [-1, 2, 2, 2, 2, 2, 2, 2, 2, 2, 2, 2, 2, 2, 2, 2, 2, 2, 2, 2, 2, 2, 2, 2, 2, 2, 2, 2, 2, 2, 2, -1]], "dataset_name": "guerriero_et_al_2014", "digraph": {"arc_count": 930, "arcs": [[0, 1, 1, 1, 1, 1, 1, 1, 1, 1, 1, 1, 1, 1, 1, 1, 1, 1, 1, 1, 1, 1, 1, 1, 1, 1, 1, 1, 1, 1, 1, 0], [0, 0, 1, 1, 1, 1, 1, 1, 1, 1, 1, 1, 1, 1, 1, 1, 1, 1, 1, 1, 1, 1, 1, 1, 1, 1, 1, 1, 1, 1, 1, 1], [0, 1, 0, 1, 1, 1, 1, 1, 1, 1, 1, 1, 1, 1, 1, 1, 1, 1, 1, 1, 1, 1, 1, 1, 1, 1, 1, 1, 1, 1, 1, 1], [0, 1, 1, 0, 1, 1, 1, 1, 1, 1, 1, 1, 1, 1, 1, 1, 1, 1, 1, 1, 1, 1, 1, 1, 1, 1, 1, 1, 1, 1, 1, 1], [0, 1, 1, 1, 0, 1, 1, 1, 1, 1, 1, 1, 1, 1, 1, 1, 1, 1, 1, 1, 1, 1, 1, 1, 1, 1, 1, 1, 1, 1, 1, 1], [0, 1, 1, 1, 1, 0, 1, 1, 1, 1, 1, 1, 1, 1, 1, 1, 1, 1, 1, 1, 1, 1, 1, 1, 1, 1, 1, 1, 1, 1, 1, 1], [0, 1, 1, 1, 1, 1, 0, 1, 1, 1, 1, 1, 1, 1, 1, 1, 1, 1, 1, 1, 1, 1, 1, 1, 1, 1, 1, 1, 1, 1, 1, 1], [0, 1, 1, 1, 1, 1, 1, 0, 1, 1, 1, 1, 1, 1, 1, 1, 1, 1, 1, 1, 1, 1, 1, 1, 1, 1, 1, 1, 1, 1, 1, 1], [0, 1, 1, 1, 1, 1, 1, 1, 0, 1, 1, 1, 1, 1, 1, 1, 1, 1, 1, 1, 1, 1, 1, 1, 1, 1, 1, 1, 1, 1, 1, 1], [0, 1, 1, 1, 1, 1, 1, 1, 1, 0, 1, 1, 1, 1, 1, 1, 1, 1, 1, 1, 1, 1, 1, 1, 1, 1, 1, 1, 1, 1, 1, 1], [0, 1, 1, 1, 1, 1, 1, 1, 1, 1, 0, 1, 1, 1, 1, 1, 1, 1, 1, 1, 1, 1, 1, 1, 1, 1, 1, 1, 1, 1, 1, 1], [0, 1, 1, 1, 1, 1, 1, 1, 1, 1, 1, 0, 1, 1, 1, 1, 1, 1, 1, 1, 1, 1, 1, 1, 1, 1, 1, 1, 1, 1, 1, 1], [0, 1, 1, 1, 1, 1, 1, 1, 1, 1, 1, 1, 0, 1, 1, 1, 1, 1, 1, 1, 1, 1, 1, 1, 1, 1, 1, 1, 1, 1, 1, 1], [0, 1, 1, 1, 1, 1, 1, 1, 1, 1, 1, 1, 1, 0, 1, 1, 1, 1, 1, 1, 1, 1, 1, 1, 1, 1, 1, 1, 1, 1, 1, 1], [0, 1, 1, 1, 1, 1, 1, 1, 1, 1, 1, 1, 1, 1, 0, 1, 1, 1, 1, 1, 1, 1, 1, 1, 1, 1, 1, 1, 1, 1, 1, 1], [0, 1, 1, 1, 1, 1, 1, 1, 1, 1, 1, 1, 1, 1, 1, 0, 1, 1, 1, 1, 1, 1, 1, 1, 1, 1, 1, 1, 1, 1, 1, 1], [0, 1, 1, 1, 1, 1, 1, 1, 1, 1, 1, 1, 1, 1, 1, 1, 0, 1, 1, 1, 1, 1, 1, 1, 1, 1, 1, 1, 1, 1, 1, 1], [0, 1, 1, 1, 1, 1, 1, 1, 1, 1, 1, 1, 1, 1, 1, 1, 1, 0, 1, 1, 1, 1, 1, 1, 1, 1, 1, 1, 1, 1, 1, 1], [0, 1, 1, 1, 1, 1, 1, 1, 1, 1, 1, 1, 1, 1, 1, 1, 1, 1, 0, 1, 1, 1, 1, 1, 1, 1, 1, 1, 1, 1, 1, 1], [0, 1, 1, 1, 1, 1, 1, 1, 1, 1, 1, 1, 1, 1, 1, 1, 1, 1, 1, 0, 1, 1, 1, 1, 1, 1, 1, 1, 1, 1, 1, 1], [0, 1, 1, 1, 1, 1, 1, 1, 1, 1, 1, 1, 1, 1, 1, 1, 1, 1, 1, 1, 0, 1, 1, 1, 1, 1, 1, 1, 1, 1, 1, 1], [0, 1, 1, 1, 1, 1, 1, 1, 1, 1, 1, 1, 1, 1, 1, 1, 1, 1, 1, 1, 1, 0, 1, 1, 1, 1, 1, 1, 1, 1, 1, 1], [0, 1, 1, 1, 1, 1, 1, 1, 1, 1, 1, 1, 1, 1, 1, 1, 1, 1, 1, 1, 1, 1, 0, 1, 1, 1, 1, 1, 1, 1, 1, 1], [0, 1, 1, 1, 1, 1, 1, 1, 1, 1, 1, 1, 1, 1, 1, 1, 1, 1, 1, 1, 1, 1, 1, 0, 1, 1, 1, 1, 1, 1, 1, 1], [0, 1, 1, 1, 1, 1, 1, 1, 1, 1, 1, 1, 1, 1, 1, 1, 1, 1, 1, 1, 1, 1, 1, 1, 0, 1, 1, 1, 1, 1, 1, 1], [0, 1, 1, 1, 1, 1, 1, 1, 1, 1, 1, 1, 1, 1, 1, 1, 1, 1, 1, 1, 1, 1, 1, 1, 1, 0, 1, 1, 1, 1, 1, 1], [0, 1, 1, 1, 1, 1, 1, 1, 1, 1, 1, 1, 1, 1, 1, 1, 1, 1, 1, 1, 1, 1, 1, 1, 1, 1, 0, 1, 1, 1, 1, 1], [0, 1, 1, 1, 1, 1, 1, 1, 1, 1, 1, 1, 1, 1, 1, 1, 1, 1, 1, 1, 1, 1, 1, 1, 1, 1, 1, 0, 1, 1, 1, 1], [0, 1, 1, 1, 1, 1, 1, 1, 1, 1, 1, 1, 1, 1, 1, 1, 1, 1, 1, 1, 1, 1, 1, 1, 1, 1, 1, 1, 0, 1, 1, 1], [0, 1, 1, 1, 1, 1, 1, 1, 1, 1, 1, 1, 1, 1, 1, 1, 1, 1, 1, 1, 1, 1, 1, 1, 1, 1, 1, 1, 1, 0, 1, 1], [0, 1, 1, 1, 1, 1, 1, 1, 1, 1, 1, 1, 1, 1, 1, 1, 1, 1, 1, 1, 1, 1, 1, 1, 1, 1, 1, 1, 1, 1, 0, 1], [0, 0, 0, 0, 0, 0, 0, 0, 0, 0, 0, 0, 0, 0, 0, 0, 0, 0, 0, 0, 0, 0, 0, 0, 0, 0, 0, 0, 0, 0, 0, 0]], "vertex_count": 32}, "distances": [[0, 65.78, 54.73, 57.83, 75.27, 50.6, 76.18, 59.21, 98.78, 80.84, 68.58, 69.32, 71.03, 67.97, 77.1, 73.47, 59.92, 83.68, 65.37, 71.63, 73.53, 73.5, 77.73, 60.95, 63.91, 73.01, 75.56, 74.03, 73.23, 48.37, 62.37, 0], [0, 0.0, 12.56, 8.56, 12.89, 19.73, 16.16, 6.68, 33.45, 16.51, 6.05, 7.23, 15.22, 7.29, 14.85, 9.6, 5.93, 17.98, 10.38, 20.53, 9.21, 12.69, 12.06, 5.93, 9.38, 13.58, 9.78, 16.85, 9.06, 29.04, 4.93, 65.78], [0, 12.56, 0.0, 9.02, 25.04, 7.51, 27.79, 8.13, 45.74, 29.07, 17.67, 14.59, 25.17, 13.24, 27.05, 18.77, 8.32, 30.13, 13.78, 20.58, 18.88, 24.33, 24.35, 10.84, 9.52, 18.75, 21.76, 27.57, 18.56, 17.37, 11.85, 54.73], [0, 8.56, 9.02, 0.0, 18.09, 16.26, 20.11, 13.93, 40.97, 23.19, 10.9, 14.68, 16.64, 14.04, 20.07, 17.9, 13.37, 25.91, 7.54, 25.71, 17.62, 16.83, 19.99, 11.99, 13.2, 20.71, 18.07, 19.28, 17.43, 26.19, 4.55, 57.83], [0, 12.89, 25.04, 18.09, 0.0, 32.44, 13.27, 17.51, 24.0, 6.09, 7.41, 16.77, 7.54, 17.84, 11.11, 15.45, 17.03, 11.54, 11.28, 30.24, 14.64, 11.5, 8.09, 15.08, 21.62, 21.56, 9.47, 6.6, 14.86, 41.91, 13.72, 75.27], [0, 19.73, 7.51, 16.26, 32.44, 0.0, 35.28, 15.61, 52.26, 36.18, 25.11, 20.14, 32.66, 18.63, 34.44, 24.34, 15.83, 36.65, 21.23, 21.43, 24.62, 31.81, 31.07, 18.33, 14.02, 22.64, 28.34, 35.08, 24.27, 9.94, 19.37, 50.6], [0, 16.16, 27.79, 20.11, 13.27, 35.28, 0.0, 19.92, 24.42, 7.96, 10.25, 20.62, 5.74, 21.63, 12.98, 19.4, 19.55, 14.16, 14.08, 34.18, 18.6, 11.01, 11.76, 17.31, 25.21, 25.51, 13.39, 15.91, 18.81, 44.94, 16.07, 76.18], [0, 6.68, 8.13, 13.93, 17.51, 15.61, 19.92, 0.0, 39.74, 22.22, 10.12, 12.42, 17.05, 11.75, 19.51, 15.77, 12.22, 24.46, 6.39, 23.48, 15.53, 16.51, 18.52, 10.83, 10.98, 18.41, 16.41, 19.49, 15.32, 25.49, 11.61, 59.21], [0, 33.45, 45.74, 40.97, 24.0, 52.26, 24.42, 39.74, 0.0, 18.07, 30.22, 32.35, 30.15, 33.88, 22.45, 28.38, 39.08, 15.62, 33.45, 40.3, 27.92, 26.1, 21.42, 37.85, 38.65, 32.54, 23.99, 27.59, 28.29, 60.29, 36.42, 98.78], [0, 16.51, 29.07, 23.19, 6.09, 36.18, 7.96, 22.22, 18.07, 0.0, 12.31, 18.07, 13.2, 19.44, 5.02, 15.38, 21.63, 6.3, 15.83, 30.22, 14.63, 8.37, 6.33, 20.08, 23.88, 21.33, 9.07, 11.4, 14.94, 45.18, 18.66, 80.84], [0, 6.05, 17.67, 10.9, 7.41, 25.11, 10.25, 10.12, 30.22, 12.31, 0.0, 11.95, 9.36, 12.55, 9.42, 12.51, 9.63, 15.67, 12.25, 25.8, 11.84, 6.75, 10.04, 7.8, 15.38, 17.92, 9.12, 10.81, 11.87, 34.7, 6.4, 68.58], [0, 7.23, 14.59, 14.68, 16.77, 20.14, 20.62, 12.42, 32.35, 18.07, 11.95, 0.0, 21.23, 9.94, 18.39, 4.23, 11.67, 16.92, 10.24, 13.86, 4.49, 17.48, 12.0, 12.73, 6.3, 6.36, 9.11, 22.23, 13.06, 27.97, 12.0, 69.32], [0, 15.22, 25.17, 16.64, 7.54, 32.66, 5.74, 17.05, 30.15, 13.2, 9.36, 21.23, 0.0, 21.9, 8.18, 21.15, 16.89, 19.04, 12.41, 35.09, 20.39, 5.27, 15.34, 14.33, 24.6, 26.95, 16.07, 10.17, 20.51, 42.54, 13.39, 71.03], [0, 7.29, 13.24, 14.04, 17.84, 18.63, 21.63, 11.75, 33.88, 19.44, 12.55, 9.94, 21.9, 0.0, 19.53, 5.71, 11.02, 18.45, 10.39, 13.31, 6.01, 18.4, 13.44, 12.37, 4.77, 6.67, 10.56, 23.06, 5.65, 26.45, 11.8, 67.97], [0, 14.85, 27.05, 20.07, 11.11, 34.44, 12.98, 19.51, 22.45, 5.02, 9.42, 18.39, 8.18, 19.53, 0.0, 16.74, 19.04, 11.06, 13.29, 31.66, 15.94, 11.4, 8.67, 17.07, 23.44, 22.88, 10.53, 6.5, 16.18, 43.88, 15.72, 77.1], [0, 9.6, 18.77, 17.9, 15.45, 24.34, 19.4, 15.77, 28.38, 15.38, 12.51, 4.23, 21.15, 5.71, 16.74, 0.0, 14.99, 13.2, 12.09, 14.97, 8.71, 16.68, 9.06, 15.51, 10.39, 6.14, 6.38, 21.58, 11.36, 31.93, 14.51, 73.47], [0, 5.93, 8.32, 13.37, 17.03, 15.83, 19.55, 12.22, 39.08, 21.63, 9.63, 11.67, 16.89, 11.02, 19.04, 14.99, 0.0, 23.77, 5.83, 22.91, 14.75, 16.12, 17.82, 10.27, 10.44, 17.69, 15.67, 19.25, 14.54, 25.67, 10.86, 59.92], [0, 17.98, 30.13, 25.91, 11.54, 36.65, 14.16, 24.46, 15.62, 6.3, 15.67, 16.92, 19.04, 18.45, 11.06, 13.2, 23.77, 0.0, 18.38, 26.91, 12.63, 13.88, 5.95, 22.83, 23.2, 18.3, 8.37, 17.56, 13.0, 44.89, 21.42, 83.68], [0, 10.38, 13.78, 7.54, 11.28, 21.23, 14.08, 6.39, 33.45, 15.83, 12.25, 10.24, 12.41, 10.39, 13.29, 12.09, 5.83, 18.38, 0.0, 23.64, 11.59, 10.59, 12.47, 4.44, 12.29, 16.57, 10.75, 14.31, 11.5, 30.86, 12.1, 65.37], [0, 20.53, 20.58, 25.71, 30.24, 21.43, 34.18, 23.48, 40.3, 30.22, 25.8, 13.86, 35.09, 13.31, 31.66, 14.97, 22.91, 26.91, 23.64, 0.0, 15.76, 31.2, 23.9, 24.9, 12.51, 8.89, 21.34, 36.02, 15.5, 24.43, 24.64, 71.63], [0, 9.21, 18.88, 17.62, 14.64, 24.62, 18.6, 15.53, 27.92, 14.63, 11.84, 4.49, 20.39, 6.01, 15.94, 8.71, 14.75, 12.63, 11.59, 15.76, 0.0, 15.89, 8.31, 15.14, 10.75, 6.94, 5.61, 20.79, 11.51, 32.37, 14.09, 73.53], [0, 12.69, 24.33, 16.83, 11.5, 31.81, 11.01, 16.51, 26.1, 8.37, 6.75, 17.48, 5.27, 18.4, 11.4, 16.68, 16.12, 13.88, 10.59, 31.2, 15.89, 0.0, 10.11, 13.94, 21.82, 22.7, 11.1, 4.9, 16.07, 41.44, 12.67, 73.5], [0, 12.06, 24.35, 19.99, 8.09, 31.07, 11.76, 18.52, 21.42, 6.33, 10.04, 12.0, 15.34, 13.44, 8.67, 9.06, 17.82, 5.95, 12.47, 23.9, 8.31, 10.11, 0.0, 16.91, 18.06, 15.01, 13.92, 14.69, 8.64, 39.65, 15.52, 77.73], [0, 5.93, 10.84, 11.99, 15.08, 18.33, 17.31, 10.83, 37.85, 20.08, 7.8, 12.73, 14.33, 12.37, 17.07, 15.51, 10.27, 22.83, 4.44, 24.9, 15.14, 13.94, 16.91, 0.0, 12.59, 19.0, 15.09, 16.78, 14.99, 28.21, 10.86, 60.95], [0, 9.38, 9.52, 13.2, 21.62, 14.02, 25.21, 10.98, 38.65, 23.88, 15.38, 6.3, 24.6, 4.77, 23.44, 10.39, 10.44, 23.2, 12.29, 12.51, 10.75, 21.82, 18.06, 12.59, 0.0, 9.24, 15.19, 26.18, 10.39, 21.69, 12.55, 63.91], [0, 13.58, 18.75, 20.71, 21.56, 22.64, 25.51, 18.41, 32.54, 21.33, 17.92, 6.36, 26.95, 6.67, 22.88, 6.14, 17.69, 18.3, 16.57, 8.89, 6.94, 22.7, 15.01, 19.0, 9.24, 0.0, 12.47, 27.58, 6.71, 28.71, 18.33, 73.01], [0, 9.78, 21.76, 18.07, 9.47, 28.34, 13.39, 16.41, 23.99, 9.07, 9.12, 9.11, 16.07, 10.56, 10.53, 6.38, 15.67, 8.37, 10.75, 21.34, 5.61, 11.1, 13.92, 15.09, 15.19, 12.47, 0.0, 15.94, 5.9, 36.81, 13.76, 75.56], [0, 16.85, 27.57, 19.28, 6.6, 35.08, 15.91, 19.49, 27.59, 11.4, 10.81, 22.23, 10.17, 23.06, 6.5, 21.58, 19.25, 17.56, 14.31, 36.02, 20.79, 4.9, 14.69, 16.78, 26.18, 27.58, 15.94, 0.0, 20.96, 44.9, 15.72, 74.03], [0, 9.06, 18.56, 17.43, 14.86, 24.27, 18.81, 15.32, 28.29, 14.94, 11.87, 13.06, 20.51, 5.65, 16.18, 11.36, 14.54, 13.0, 11.5, 15.5, 11.51, 16.07, 8.64, 14.99, 10.39, 6.71, 5.9, 20.96, 0.0, 32.01, 13.96, 73.23], [0, 29.04, 17.37, 26.19, 41.91, 9.94, 44.94, 25.49, 60.29, 45.18, 34.7, 27.97, 42.54, 26.45, 43.88, 31.93, 25.67, 44.89, 30.86, 24.43, 32.37, 41.44, 39.65, 28.21, 21.69, 28.71, 36.81, 44.9, 32.01, 0.0, 29.19, 48.37], [0, 4.93, 11.85, 4.55, 13.72, 19.37, 16.07, 11.61, 36.42, 18.66, 6.4, 12.0, 13.39, 11.8, 15.72, 14.51, 10.86, 21.42, 12.1, 24.64, 14.09, 12.67, 15.52, 10.86, 12.55, 18.33, 13.76, 15.72, 13.96, 29.19, 0.0, 62.37], [0, 0, 0, 0, 0, 0, 0, 0, 0, 0, 0, 0, 0, 0, 0, 0, 0, 0, 0, 0, 0, 0, 0, 0, 0, 0, 0, 0, 0, 0, 0, 0]], "end_depot": 31, "horizon": [0.0, 2125.06], "instance_name": "30_90_B_B8", "speed_zone_count": 3, "speed_zones": [[0.0, 575.02], [575.02, 1150.04], [1150.04, 2125.06]], "start_depot": 0, "time_windows": [[0.0, 2125.06], [11.0, 211.0], [13.0, 213.0], [33.0, 233.0], [91.0, 291.0], [290.0, 490.0], [291.0, 491.0], [345.0, 545.0], [365.0, 565.0], [534.0, 734.0], [564.0, 764.0], [629.0, 829.0], [649.0, 849.0], [861.0, 1061.0], [863.0, 1063.0], [877.0, 1077.0], [996.0, 1196.0], [1001.0, 1201.0], [1031.0, 1231.0], [1036.0, 1236.0], [1100.0, 1300.0], [1127.0, 1327.0], [1134.0, 1334.0], [1182.0, 1382.0], [1199.0, 1399.0], [1227.0, 1427.0], [1319.0, 1519.0], [1403.0, 1603.0], [1485.0, 1685.0], [1497.0, 1697.0], [1517.0, 1717.0], [0.0, 2125.06]], "vehicle_count": 1}