{"cluster_count": 3, "cluster_speeds": [[0.5, 1.0, 0.5], [0.35, 1.0, 0.35], [0.475, 1.0, 0.475]], "clusters": [[-1, 2, 2, 2, 2, 2, 2, 2, 2, 2, 2, 2, 2, 2, 2, 2, 2, 2, 2, 2, 2, 2, 2, 2, 2, 2, 2, 2, 2, 2, 2, 2, 2, 2, 2, 2, 2, 2, 2, 2, 2, -1], [0, -1, 0, 0, 0, 0, 0, 0, 0, 0, 0, 0, 0, 0, 0, 0, 0, 0, 0, 0, 0, 0, 0, 0, 0, 0, 0, 0, 0, 0, 0, 0, 0, 0, 0, 0, 0, 0, 0, 0, 0, 0], [0, 0, -1, 0, 0, 0, 0, 0, 0, 0, 0, 0, 0, 0, 0, 0, 0, 0, 0, 0, 0, 0, 0, 0, 0, 0, 0, 0, 0, 0, 0, 0, 0, 0, 0, 0, 0, 0, 0, 0, 0, 0], [2, 2, 2, -1, 2, 2, 2, 2, 2, 2, 2, 2, 2, 2, 2, 2, 2, 2, 2, 2, 2, 2, 2, 2, 2, 2, 2, 2, 2, 2, 2, 2, 2, 2, 2, 2, 2, 2, 2, 2, 2, 2], [2, 2, 2, 2, -1, 2, 2, 2, 2, 2, 2, 2, 2, 2, 2, 2, 2, 2, 2, 2, 2, 2, 2, 2, 2, 2, 2, 2, 2, 2, 2, 2, 2, 2, 2, 2, 2, 2, 2, 2, 2, 2], [1, 1, 1, 1, 1, -1, 1, 1, 1, 1, 1, 1, 1, 1, 1, 1, 1, 1, 1, 1, 1, 1, 1, 1, 1, 1, 1, 1, 1, 1, 1, 1, 1, 1, 1, 1, 1, 1, 1, 1, 1, 1], [2, 2, 2, 2, 2, 2, -1, 2, 2, 2, 2, 2, 2, 2, 2, 2, 2, 2, 2, 2, 2, 2, 2, 2, 2, 2, 2, 2, 2, 2, 2, 2, 2, 2, 2, 2, 2, 2, 2, 2, 2, 2], [1, 1, 1, 1, 1, 1, 1, -1, 1, 1, 1, 1, 1, 1, 1, 1, 1, 1, 1, 1, 1, 1, 1, 1, 1, 1, 1, 1, 1, 1, 1, 1, 1, 1, 1, 1, 1, 1, 1, 1, 1, 1], [1, 1, 1, 1, 1, 1, 1, 1, -1, 1, 1, 1, 1, 1, 1, 1, 1, 1, 1, 1, 1, 1, 1, 1, 1, 1, 1, 1, 1, 1, 1, 1, 1, 1, 1, 1, 1, 1, 1, 1, 1, 1], [0, 0, 0, 0, 0, 0, 0, 0, 0, -1, 0, 0, 0, 0, 0, 0, 0, 0, 0, 0, 0, 0, 0, 0, 0, 0, 0, 0, 0, 0, 0, 0, 0, 0, 0, 0, 0, 0, 0, 0, 0, 0], [1, 1, 1, 1, 1, 1, 1, 1, 1, 1, -1, 1, 1, 1, 1, 1, 1, 1, 1, 1, 1, 1, 1, 1, 1, 1, 1, 1, 1, 1, 1, 1, 1, 1, 1, 1, 1, 1, 1, 1, 1, 1], [1, 1, 1, 1, 1, 1, 1, 1, 1, 1, 1, -1, 1, 1, 1, 1, 1, 1, 1, 1, 1, 1, 1, 1, 1, 1, 1, 1, 1, 1, 1, 1, 1, 1, 1, 1, 1, 1, 1, 1, 1, 1], [0, 0, 0, 0, 0, 0, 0, 0, 0, 0, 0, 0, -1, 0, 0, 0, 0, 0, 0, 0, 0, 0, 0, 0, 0, 0, 0, 0, 0, 0, 0, 0, 0, 0, 0, 0, 0, 0, 0, 0, 0, 0], [2, 2, 2, 2, 2, 2, 2, 2, 2, 2, 2, 2, 2, -1, 2, 2, 2, 2, 2, 2, 2, 2, 2, 2, 2, 2, 2, 2, 2, 2, 2, 2, 2, 2, 2, 2, 2, 2, 2, 2, 2, 2], [0, 0, 0, 0, 0, 0, 0, 0, 0, 0, 0, 0, 0, 0, -1, 0, 0, 0, 0, 0, 0, 0, 0, 0, 0, 0, 0, 0, 0, 0, 0, 0, 0, 0, 0, 0, 0, 0, 0, 0, 0, 0], [0, 0, 0, 0, 0, 0, 0, 0, 0, 0, 0, 0, 0, 0, 0, -1, 0, 0, 0, 0, 0, 0, 0, 0, 0, 0, 0, 0, 0, 0, 0, 0, 0, 0, 0, 0, 0, 0, 0, 0, 0, 0], [2, 2, 2, 2, 2, 2, 2, 2, 2, 2, 2, 2, 2, 2, 2, 2, -1, 2, 2, 2, 2, 2, 2, 2, 2, 2, 2, 2, 2, 2, 2, 2, 2, 2, 2, 2, 2, 2, 2, 2, 2, 2], [1, 1, 1, 1, 1, 1, 1, 1, 1, 1, 1, 1, 1, 1, 1, 1, 1, -1, 1, 1, 1, 1, 1, 1, 1, 1, 1, 1, 1, 1, 1, 1, 1, 1, 1, 1, 1, 1, 1, 1, 1, 1], [1, 1, 1, 1, 1, 1, 1, 1, 1, 1, 1, 1, 1, 1, 1, 1, 1, 1, -1, 1, 1, 1, 1, 1, 1, 1, 1, 1, 1, 1, 1, 1, 1, 1, 1, 1, 1, 1, 1, 1, 1, 1], [0, 0, 0, 0, 0, 0, 0, 0, 0, 0, 0, 0, 0, 0, 0, 0, 0, 0, 0, -1, 0, 0, 0, 0, 0, 0, 0, 0, 0, 0, 0, 0, 0, 0, 0, 0, 0, 0, 0, 0, 0, 0], [2, 2, 2, 2, 2, 2, 2, 2, 2, 2, 2, 2, 2, 2, 2, 2, 2, 2, 2, 2, -1, 2, 2, 2, 2, 2, 2, 2, 2, 2, 2, 2, 2, 2, 2, 2, 2, 2, 2, 2, 2, 2], [0, 0, 0, 0, 0, 0, 0, 0, 0, 0, 0, 0, 0, 0, 0, 0, 0, 0, 0, 0, 0, -1, 0, 0, 0, 0, 0, 0, 0, 0, 0, 0, 0, 0, 0, 0, 0, 0, 0, 0, 0, 0], [0, 0, 0, 0, 0, 0, 0, 0, 0, 0, 0, 0, 0, 0, 0, 0, 0, 0, 0, 0, 0, 0, -1, 0, 0, 0, 0, 0, 0, 0, 0, 0, 0, 0, 0, 0, 0, 0, 0, 0, 0, 0], [2, 2, 2, 2, 2, 2, 2, 2, 2, 2, 2, 2, 2, 2, 2, 2, 2, 2, 2, 2, 2, 2, 2, -1, 2, 2, 2, 2, 2, 2, 2, 2, 2, 2, 2, 2, 2, 2, 2, 2, 2, 2], [1, 1, 1, 1, 1, 1, 1, 1, 1, 1, 1, 1, 1, 1, 1, 1, 1, 1, 1, 1, 1, 1, 1, 1, -1, 1, 1, 1, 1, 1, 1, 1, 1, 1, 1, 1, 1, 1, 1, 1, 1, 1], [0, 0, 0, 0, 0, 0, 0, 0, 0, 0, 0, 0, 0, 0, 0, 0, 0, 0, 0, 0, 0, 0, 0, 0, 0, -1, 0, 0, 0, 0, 0, 0, 0, 0, 0, 0, 0, 0, 0, 0, 0, 0], [2, 2, 2, 2, 2, 2, 2, 2, 2, 2, 2, 2, 2, 2, 2, 2, 2, 2, 2, 2, 2, 2, 2, 2, 2, 2, -1, 2, 2, 2, 2, 2, 2, 2, 2, 2, 2, 2, 2, 2, 2, 2], [1, 1, 1, 1, 1, 1, 1, 1, 1, 1, 1, 1, 1, 1, 1, 1, 1, 1, 1, 1, 1, 1, 1, 1, 1, 1, 1, -1, 1, 1, 1, 1, 1, 1, 1, 1, 1, 1, 1, 1, 1, 1], [2, 2, 2, 2, 2, 2, 2, 2, 2, 2, 2, 2, 2, 2, 2, 2, 2, 2, 2, 2, 2, 2, 2, 2, 2, 2, 2, 2, -1, 2, 2, 2, 2, 2, 2, 2, 2, 2, 2, 2, 2, 2], [1, 1, 1, 1, 1, 1, 1, 1, 1, 1, 1, 1, 1, 1, 1, 1, 1, 1, 1, 1, 1, 1, 1, 1, 1, 1, 1, 1, 1, -1, 1, 1, 1, 1, 1, 1, 1, 1, 1, 1, 1, 1], [2, 2, 2, 2, 2, 2, 2, 2, 2, 2, 2, 2, 2, 2, 2, 2, 2, 2, 2, 2, 2, 2, 2, 2, 2, 2, 2, 2, 2, 2, -1, 2, 2, 2, 2, 2, 2, 2, 2, 2, 2, 2], [1, 1, 1, 1, 1, 1, 1, 1, 1, 1, 1, 1, 1, 1, 1, 1, 1, 1, 1, 1, 1, 1, 1, 1, 1, 1, 1, 1, 1, 1, 1, -1, 1, 1, 1, 1, 1, 1, 1, 1, 1, 1], [1, 1, 1, 1, 1, 1, 1, 1, 1, 1, 1, 1, 1, 1, 1, 1, 1, 1, 1, 1, 1, 1, 1, 1, 1, 1, 1, 1, 1, 1, 1, 1, -1, 1, 1, 1, 1, 1, 1, 1, 1, 1], [2, 2, 2, 2, 2, 2, 2, 2, 2, 2, 2, 2, 2, 2, 2, 2, 2, 2, 2, 2, 2, 2, 2, 2, 2, 2, 2, 2, 2, 2, 2, 2, 2, -1, 2, 2, 2, 2, 2, 2, 2, 2], [1, 1, 1, 1, 1, 1, 1, 1, 1, 1, 1, 1, 1, 1, 1, 1, 1, 1, 1, 1, 1, 1, 1, 1, 1, 1, 1, 1, 1, 1, 1, 1, 1, 1, -1, 1, 1, 1, 1, 1, 1, 1], [2, 2, 2, 2, 2, 2, 2, 2, 2, 2, 2, 2, 2, 2, 2, 2, 2, 2, 2, 2, 2, 2, 2, 2, 2, 2, 2, 2, 2, 2, 2, 2, 2, 2, 2, -1, 2, 2, 2, 2, 2, 2], [2, 2, 2, 2, 2, 2, 2, 2, 2, 2, 2, 2, 2, 2, 2, 2, 2, 2, 2, 2, 2, 2, 2, 2, 2, 2, 2, 2, 2, 2, 2, 2, 2, 2, 2, 2, -1, 2, 2, 2, 2, 2], [1, 1, 1, 1, 1, 1, 1, 1, 1, 1, 1, 1, 1, 1, 1, 1, 1, 1, 1, 1, 1, 1, 1, 1, 1, 1, 1, 1, 1, 1, 1, 1, 1, 1, 1, 1, 1, -1, 1, 1, 1, 1], [0, 0, 0, 0, 0, 0, 0, 0, 0, 0, 0, 0, 0, 0, 0, 0, 0, 0, 0, 0, 0, 0, 0, 0, 0, 0, 0, 0, 0, 0, 0, 0, 0, 0, 0, 0, 0, 0, -1, 0, 0, 0], [0, 0, 0, 0, 0, 0, 0, 0, 0, 0, 0, 0, 0, 0, 0, 0, 0, 0, 0, 0, 0, 0, 0, 0, 0, 0, 0, 0, 0, 0, 0, 0, 0, 0, 0, 0, 0, 0, 0, -1, 0, 0], [2, 2, 2, 2, 2, 2, 2, 2, 2, 2, 2, 2, 2, 2, 2, 2, 2, 2, 2, 2, 2, 2, 2, 2, 2, 2, 2, 2, 2, 2, 2, 2, 2, 2, 2, 2, 2, 2, 2, 2, -1, 2], [-1, 2, 2, 2, 2, 2, 2, 2, 2, 2, 2, 2, 2, 2, 2, 2, 2, 2, 2, 2, 2, 2, 2, 2, 2, 2, 2, 2, 2, 2, 2, 2, 2, 2, 2, 2, 2, 2, 2, 2, 2, -1]], "dataset_name": "guerriero_et_al_2014", "digraph": {"arc_count": 1640, "arcs": [[0, 1, 1, 1, 1, 1, 1, 1, 1, 1, 1, 1, 1, 1, 1, 1, 1, 1, 1, 1, 1, 1, 1, 1, 1, 1, 1, 1, 1, 1, 1, 1, 1, 1, 1, 1, 1, 1, 1, 1, 1, 0], [0, 0, 1, 1, 1, 1, 1, 1, 1, 1, 1, 1, 1, 1, 1, 1, 1, 1, 1, 1, 1, 1, 1, 1, 1, 1, 1, 1, 1, 1, 1, 1, 1, 1, 1, 1, 1, 1, 1, 1, 1, 1], [0, 1, 0, 1, 1, 1, 1, 1, 1, 1, 1, 1, 1, 1, 1, 1, 1, 1, 1, 1, 1, 1, 1, 1, 1, 1, 1, 1, 1, 1, 1, 1, 1, 1, 1, 1, 1, 1, 1, 1, 1, 1], [0, 1, 1, 0, 1, 1, 1, 1, 1, 1, 1, 1, 1, 1, 1, 1, 1, 1, 1, 1, 1, 1, 1, 1, 1, 1, 1, 1, 1, 1, 1, 1, 1, 1, 1, 1, 1, 1, 1, 1, 1, 1], [0, 1, 1, 1, 0, 1, 1, 1, 1, 1, 1, 1, 1, 1, 1, 1, 1, 1, 1, 1, 1, 1, 1, 1, 1, 1, 1, 1, 1, 1, 1, 1, 1, 1, 1, 1, 1, 1, 1, 1, 1, 1], [0, 1, 1, 1, 1, 0, 1, 1, 1, 1, 1, 1, 1, 1, 1, 1, 1, 1, 1, 1, 1, 1, 1, 1, 1, 1, 1, 1, 1, 1, 1, 1, 1, 1, 1, 1, 1, 1, 1, 1, 1, 1], [0, 1, 1, 1, 1, 1, 0, 1, 1, 1, 1, 1, 1, 1, 1, 1, 1, 1, 1, 1, 1, 1, 1, 1, 1, 1, 1, 1, 1, 1, 1, 1, 1, 1, 1, 1, 1, 1, 1, 1, 1, 1], [0, 1, 1, 1, 1, 1, 1, 0, 1, 1, 1, 1, 1, 1, 1, 1, 1, 1, 1, 1, 1, 1, 1, 1, 1, 1, 1, 1, 1, 1, 1, 1, 1, 1, 1, 1, 1, 1, 1, 1, 1, 1], [0, 1, 1, 1, 1, 1, 1, 1, 0, 1, 1, 1, 1, 1, 1, 1, 1, 1, 1, 1, 1, 1, 1, 1, 1, 1, 1, 1, 1, 1, 1, 1, 1, 1, 1, 1, 1, 1, 1, 1, 1, 1], [0, 1, 1, 1, 1, 1, 1, 1, 1, 0, 1, 1, 1, 1, 1, 1, 1, 1, 1, 1, 1, 1, 1, 1, 1, 1, 1, 1, 1, 1, 1, 1, 1, 1, 1, 1, 1, 1, 1, 1, 1, 1], [0, 1, 1, 1, 1, 1, 1, 1, 1, 1, 0, 1, 1, 1, 1, 1, 1, 1, 1, 1, 1, 1, 1, 1, 1, 1, 1, 1, 1, 1, 1, 1, 1, 1, 1, 1, 1, 1, 1, 1, 1, 1], [0, 1, 1, 1, 1, 1, 1, 1, 1, 1, 1, 0, 1, 1, 1, 1, 1, 1, 1, 1, 1, 1, 1, 1, 1, 1, 1, 1, 1, 1, 1, 1, 1, 1, 1, 1, 1, 1, 1, 1, 1, 1], [0, 1, 1, 1, 1, 1, 1, 1, 1, 1, 1, 1, 0, 1, 1, 1, 1, 1, 1, 1, 1, 1, 1, 1, 1, 1, 1, 1, 1, 1, 1, 1, 1, 1, 1, 1, 1, 1, 1, 1, 1, 1], [0, 1, 1, 1, 1, 1, 1, 1, 1, 1, 1, 1, 1, 0, 1, 1, 1, 1, 1, 1, 1, 1, 1, 1, 1, 1, 1, 1, 1, 1, 1, 1, 1, 1, 1, 1, 1, 1, 1, 1, 1, 1], [0, 1, 1, 1, 1, 1, 1, 1, 1, 1, 1, 1, 1, 1, 0, 1, 1, 1, 1, 1, 1, 1, 1, 1, 1, 1, 1, 1, 1, 1, 1, 1, 1, 1, 1, 1, 1, 1, 1, 1, 1, 1], [0, 1, 1, 1, 1, 1, 1, 1, 1, 1, 1, 1, 1, 1, 1, 0, 1, 1, 1, 1, 1, 1, 1, 1, 1, 1, 1, 1, 1, 1, 1, 1, 1, 1, 1, 1, 1, 1, 1, 1, 1, 1], [0, 1, 1, 1, 1, 1, 1, 1, 1, 1, 1, 1, 1, 1, 1, 1, 0, 1, 1, 1, 1, 1, 1, 1, 1, 1, 1, 1, 1, 1, 1, 1, 1, 1, 1, 1, 1, 1, 1, 1, 1, 1], [0, 1, 1, 1, 1, 1, 1, 1, 1, 1, 1, 1, 1, 1, 1, 1, 1, 0, 1, 1, 1, 1, 1, 1, 1, 1, 1, 1, 1, 1, 1, 1, 1, 1, 1, 1, 1, 1, 1, 1, 1, 1], [0, 1, 1, 1, 1, 1, 1, 1, 1, 1, 1, 1, 1, 1, 1, 1, 1, 1, 0, 1, 1, 1, 1, 1, 1, 1, 1, 1, 1, 1, 1, 1, 1, 1, 1, 1, 1, 1, 1, 1, 1, 1], [0, 1, 1, 1, 1, 1, 1, 1, 1, 1, 1, 1, 1, 1, 1, 1, 1, 1, 1, 0, 1, 1, 1, 1, 1, 1, 1, 1, 1, 1, 1, 1, 1, 1, 1, 1, 1, 1, 1, 1, 1, 1], [0, 1, 1, 1, 1, 1, 1, 1, 1, 1, 1, 1, 1, 1, 1, 1, 1, 1, 1, 1, 0, 1, 1, 1, 1, 1, 1, 1, 1, 1, 1, 1, 1, 1, 1, 1, 1, 1, 1, 1, 1, 1], [0, 1, 1, 1, 1, 1, 1, 1, 1, 1, 1, 1, 1, 1, 1, 1, 1, 1, 1, 1, 1, 0, 1, 1, 1, 1, 1, 1, 1, 1, 1, 1, 1, 1, 1, 1, 1, 1, 1, 1, 1, 1], [0, 1, 1, 1, 1, 1, 1, 1, 1, 1, 1, 1, 1, 1, 1, 1, 1, 1, 1, 1, 1, 1, 0, 1, 1, 1, 1, 1, 1, 1, 1, 1, 1, 1, 1, 1, 1, 1, 1, 1, 1, 1], [0, 1, 1, 1, 1, 1, 1, 1, 1, 1, 1, 1, 1, 1, 1, 1, 1, 1, 1, 1, 1, 1, 1, 0, 1, 1, 1, 1, 1, 1, 1, 1, 1, 1, 1, 1, 1, 1, 1, 1, 1, 1], [0, 1, 1, 1, 1, 1, 1, 1, 1, 1, 1, 1, 1, 1, 1, 1, 1, 1, 1, 1, 1, 1, 1, 1, 0, 1, 1, 1, 1, 1, 1, 1, 1, 1, 1, 1, 1, 1, 1, 1, 1, 1], [0, 1, 1, 1, 1, 1, 1, 1, 1, 1, 1, 1, 1, 1, 1, 1, 1, 1, 1, 1, 1, 1, 1, 1, 1, 0, 1, 1, 1, 1, 1, 1, 1, 1, 1, 1, 1, 1, 1, 1, 1, 1], [0, 1, 1, 1, 1, 1, 1, 1, 1, 1, 1, 1, 1, 1, 1, 1, 1, 1, 1, 1, 1, 1, 1, 1, 1, 1, 0, 1, 1, 1, 1, 1, 1, 1, 1, 1, 1, 1, 1, 1, 1, 1], [0, 1, 1, 1, 1, 1, 1, 1, 1, 1, 1, 1, 1, 1, 1, 1, 1, 1, 1, 1, 1, 1, 1, 1, 1, 1, 1, 0, 1, 1, 1, 1, 1, 1, 1, 1, 1, 1, 1, 1, 1, 1], [0, 1, 1, 1, 1, 1, 1, 1, 1, 1, 1, 1, 1, 1, 1, 1, 1, 1, 1, 1, 1, 1, 1, 1, 1, 1, 1, 1, 0, 1, 1, 1, 1, 1, 1, 1, 1, 1, 1, 1, 1, 1], [0, 1, 1, 1, 1, 1, 1, 1, 1, 1, 1, 1, 1, 1, 1, 1, 1, 1, 1, 1, 1, 1, 1, 1, 1, 1, 1, 1, 1, 0, 1, 1, 1, 1, 1, 1, 1, 1, 1, 1, 1, 1], [0, 1, 1, 1, 1, 1, 1, 1, 1, 1, 1, 1, 1, 1, 1, 1, 1, 1, 1, 1, 1, 1, 1, 1, 1, 1, 1, 1, 1, 1, 0, 1, 1, 1, 1, 1, 1, 1, 1, 1, 1, 1], [0, 1, 1, 1, 1, 1, 1, 1, 1, 1, 1, 1, 1, 1, 1, 1, 1, 1, 1, 1, 1, 1, 1, 1, 1, 1, 1, 1, 1, 1, 1, 0, 1, 1, 1, 1, 1, 1, 1, 1, 1, 1], [0, 1, 1, 1, 1, 1, 1, 1, 1, 1, 1, 1, 1, 1, 1, 1, 1, 1, 1, 1, 1, 1, 1, 1, 1, 1, 1, 1, 1, 1, 1, 1, 0, 1, 1, 1, 1, 1, 1, 1, 1, 1], [0, 1, 1, 1, 1, 1, 1, 1, 1, 1, 1, 1, 1, 1, 1, 1, 1, 1, 1, 1, 1, 1, 1, 1, 1, 1, 1, 1, 1, 1, 1, 1, 1, 0, 1, 1, 1, 1, 1, 1, 1, 1], [0, 1, 1, 1, 1, 1, 1, 1, 1, 1, 1, 1, 1, 1, 1, 1, 1, 1, 1, 1, 1, 1, 1, 1, 1, 1, 1, 1, 1, 1, 1, 1, 1, 1, 0, 1, 1, 1, 1, 1, 1, 1], [0, 1, 1, 1, 1, 1, 1, 1, 1, 1, 1, 1, 1, 1, 1, 1, 1, 1, 1, 1, 1, 1, 1, 1, 1, 1, 1, 1, 1, 1, 1, 1, 1, 1, 1, 0, 1, 1, 1, 1, 1, 1], [0, 1, 1, 1, 1, 1, 1, 1, 1, 1, 1, 1, 1, 1, 1, 1, 1, 1, 1, 1, 1, 1, 1, 1, 1, 1, 1, 1, 1, 1, 1, 1, 1, 1, 1, 1, 0, 1, 1, 1, 1, 1], [0, 1, 1, 1, 1, 1, 1, 1, 1, 1, 1, 1, 1, 1, 1, 1, 1, 1, 1, 1, 1, 1, 1, 1, 1, 1, 1, 1, 1, 1, 1, 1, 1, 1, 1, 1, 1, 0, 1, 1, 1, 1], [0, 1, 1, 1, 1, 1, 1, 1, 1, 1, 1, 1, 1, 1, 1, 1, 1, 1, 1, 1, 1, 1, 1, 1, 1, 1, 1, 1, 1, 1, 1, 1, 1, 1, 1, 1, 1, 1, 0, 1, 1, 1], [0, 1, 1, 1, 1, 1, 1, 1, 1, 1, 1, 1, 1, 1, 1, 1, 1, 1, 1, 1, 1, 1, 1, 1, 1, 1, 1, 1, 1, 1, 1, 1, 1, 1, 1, 1, 1, 1, 1, 0, 1, 1], [0, 1, 1, 1, 1, 1, 1, 1, 1, 1, 1, 1, 1, 1, 1, 1, 1, 1, 1, 1, 1, 1, 1, 1, 1, 1, 1, 1, 1, 1, 1, 1, 1, 1, 1, 1, 1, 1, 1, 1, 0, 1], [0, 0, 0, 0, 0, 0, 0, 0, 0, 0, 0, 0, 0, 0, 0, 0, 0, 0, 0, 0, 0, 0, 0, 0, 0, 0, 0, 0, 0, 0, 0, 0, 0, 0, 0, 0, 0, 0, 0, 0, 0, 0]], "vertex_count": 42}, "distances": [[0, 71.14, 57.93, 61.71, 47.23, 76.51, 95.75, 53.19, 50.87, 65.32, 93.68, 74.45, 65.32, 48.91, 74.15, 72.85, 80.76, 73.88, 86.39, 81.1, 47.56, 80.61, 63.17, 98.7, 65.94, 74.13, 70.32, 71.58, 48.2, 87.14, 65.23, 75.32, 91.94, 97.9, 71.92, 81.37, 36.37, 88.29, 74.66, 68.22, 66.23, 0], [0, 0.0, 15.98, 21.97, 30.65, 23.29, 26.4, 18.94, 21.82, 10.72, 28.17, 27.31, 7.31, 26.85, 17.15, 10.53, 34.56, 11.72, 15.99, 10.49, 25.18, 11.35, 12.29, 36.52, 17.16, 15.64, 26.66, 24.09, 42.1, 16.55, 23.45, 15.8, 24.55, 40.89, 23.76, 34.51, 36.92, 17.93, 4.41, 11.19, 25.4, 71.14], [0, 15.98, 0.0, 26.42, 26.73, 21.69, 37.87, 5.29, 16.45, 7.4, 36.09, 22.56, 14.6, 22.81, 18.72, 16.2, 30.7, 25.11, 29.0, 24.09, 18.47, 23.02, 5.24, 42.25, 24.65, 19.46, 35.03, 18.71, 40.04, 29.85, 29.83, 28.77, 34.04, 43.61, 18.73, 30.99, 27.81, 30.82, 20.36, 10.33, 32.06, 57.93], [0, 21.97, 26.42, 0.0, 14.58, 43.79, 46.57, 24.24, 14.28, 27.5, 49.82, 46.68, 15.37, 13.03, 23.64, 25.48, 54.63, 15.54, 36.06, 31.04, 16.28, 32.85, 27.31, 58.41, 5.76, 22.37, 10.04, 42.95, 21.66, 36.27, 12.06, 14.99, 45.86, 62.82, 42.78, 54.73, 25.48, 37.83, 22.08, 30.04, 6.11, 61.71], [0, 30.65, 26.73, 14.58, 0.0, 47.87, 56.99, 22.22, 10.35, 31.32, 58.44, 49.26, 23.39, 13.74, 33.21, 33.69, 57.42, 28.58, 46.45, 41.02, 8.55, 41.96, 30.11, 66.19, 19.42, 32.44, 23.24, 45.4, 13.35, 46.9, 18.0, 29.05, 55.1, 69.08, 45.39, 57.69, 11.45, 48.36, 32.54, 34.52, 19.09, 47.23], [0, 23.29, 21.69, 43.79, 47.87, 0.0, 25.32, 26.9, 37.53, 16.74, 19.18, 5.41, 28.52, 43.85, 23.44, 20.11, 11.28, 34.8, 22.33, 21.29, 39.95, 18.16, 17.76, 22.27, 39.85, 25.08, 49.82, 5.43, 60.94, 23.3, 46.06, 38.83, 19.74, 22.09, 4.96, 11.22, 49.42, 23.09, 26.01, 13.82, 48.15, 76.51], [0, 26.4, 37.87, 46.57, 56.99, 25.32, 0.0, 42.58, 48.14, 30.46, 8.91, 30.48, 33.61, 53.23, 23.79, 23.71, 32.22, 31.67, 10.59, 15.97, 51.45, 15.42, 32.64, 16.87, 40.95, 24.65, 47.56, 30.41, 67.84, 10.31, 46.67, 34.2, 5.73, 24.89, 29.89, 31.66, 63.04, 8.75, 24.7, 27.72, 48.06, 95.75], [0, 18.94, 5.29, 24.24, 22.22, 26.9, 42.58, 0.0, 12.29, 12.29, 41.21, 27.44, 15.46, 18.46, 21.89, 19.95, 35.52, 26.13, 33.29, 28.13, 13.75, 27.44, 10.26, 47.52, 23.62, 22.3, 33.59, 23.63, 35.57, 34.08, 28.01, 29.38, 39.0, 48.87, 23.7, 35.85, 22.54, 35.16, 23.08, 15.42, 30.2, 53.19], [0, 21.82, 16.45, 14.28, 10.35, 37.53, 48.14, 12.29, 0.0, 21.06, 48.82, 38.94, 15.0, 6.37, 24.65, 24.47, 47.1, 23.05, 37.81, 32.31, 11.56, 32.82, 19.77, 56.27, 16.25, 24.21, 24.31, 35.08, 23.59, 38.37, 18.41, 24.88, 45.75, 58.86, 35.06, 47.37, 15.26, 39.75, 24.55, 24.29, 20.35, 50.87], [0, 10.72, 7.4, 27.5, 31.32, 16.74, 30.46, 12.29, 21.06, 0.0, 28.96, 19.19, 12.84, 27.28, 12.87, 9.73, 27.19, 21.79, 21.73, 17.04, 23.76, 15.71, 12.64, 35.62, 24.24, 14.01, 34.63, 15.46, 44.26, 22.61, 30.2, 25.8, 26.72, 37.81, 15.28, 27.33, 34.23, 23.51, 15.02, 17.74, 32.38, 65.32], [0, 28.17, 36.09, 49.82, 58.44, 19.18, 8.91, 41.21, 48.82, 28.96, 0.0, 23.77, 35.42, 54.49, 26.19, 24.87, 24.08, 36.08, 15.01, 19.0, 51.92, 16.97, 30.95, 9.15, 44.51, 27.46, 52.4, 24.59, 70.25, 15.32, 50.61, 39.24, 4.6, 16.37, 24.1, 23.47, 63.0, 13.92, 27.84, 25.8, 52.26, 93.68], [0, 27.31, 22.56, 46.68, 49.26, 5.41, 30.48, 27.44, 38.94, 19.19, 23.77, 0.0, 31.75, 45.31, 27.86, 24.39, 8.16, 39.0, 27.73, 26.45, 41.02, 23.37, 19.65, 25.4, 43.19, 29.47, 53.41, 10.84, 62.53, 28.7, 49.28, 43.07, 24.83, 23.45, 10.37, 8.44, 49.56, 28.51, 30.44, 16.81, 51.43, 74.45], [0, 7.31, 14.6, 15.37, 23.39, 28.52, 33.61, 15.46, 15.0, 12.84, 35.42, 31.75, 0.0, 19.64, 9.84, 10.57, 39.52, 10.7, 23.1, 17.64, 18.42, 18.66, 13.29, 43.63, 11.45, 9.24, 21.79, 28.14, 34.84, 23.58, 17.57, 14.19, 31.85, 47.6, 27.91, 39.58, 30.25, 25.02, 9.55, 14.94, 19.69, 65.32], [0, 26.85, 22.81, 13.03, 13.74, 43.85, 53.23, 18.46, 6.37, 27.28, 54.49, 45.31, 19.64, 0.0, 29.48, 29.8, 53.47, 25.66, 42.73, 37.27, 5.19, 38.11, 26.08, 62.18, 17.05, 28.79, 22.59, 41.44, 17.23, 43.21, 16.91, 26.57, 51.21, 65.04, 41.43, 53.73, 12.55, 44.66, 28.95, 30.48, 18.39, 48.91], [0, 17.15, 18.72, 23.64, 33.21, 23.44, 23.79, 21.89, 24.65, 12.87, 26.19, 27.86, 9.84, 29.48, 0.0, 16.06, 34.71, 11.46, 13.26, 7.81, 28.03, 9.22, 14.66, 34.8, 18.45, 16.57, 27.3, 24.9, 44.3, 13.75, 24.68, 15.42, 22.33, 39.66, 24.52, 34.6, 39.82, 15.18, 16.77, 12.68, 26.49, 74.15], [0, 10.53, 16.2, 25.48, 33.69, 20.11, 23.71, 19.95, 24.47, 9.73, 24.87, 24.39, 10.57, 29.8, 16.06, 0.0, 31.39, 14.69, 13.62, 8.25, 27.76, 8.34, 11.69, 33.09, 20.67, 5.11, 30.07, 21.36, 45.4, 14.32, 26.97, 18.73, 21.42, 37.37, 20.99, 31.31, 39.35, 15.55, 6.12, 9.18, 28.9, 72.85], [0, 34.56, 30.7, 54.63, 57.42, 11.28, 32.22, 35.52, 47.1, 27.19, 24.08, 8.16, 39.52, 53.47, 34.71, 31.39, 0.0, 46.08, 32.06, 31.98, 49.15, 28.8, 27.76, 22.63, 50.93, 36.35, 61.01, 12.03, 70.69, 32.94, 57.09, 50.11, 26.53, 18.2, 12.08, 16.6, 57.45, 32.4, 37.26, 24.61, 59.21, 80.76], [0, 11.72, 25.11, 15.54, 28.58, 34.8, 31.67, 26.13, 23.05, 21.79, 36.08, 39.0, 10.7, 25.66, 11.46, 14.69, 46.08, 0.0, 21.46, 17.13, 26.32, 19.66, 22.87, 45.08, 9.78, 9.82, 16.34, 35.81, 37.2, 21.49, 15.04, 19.41, 31.78, 50.61, 35.47, 46.0, 37.78, 23.06, 9.01, 22.81, 16.4, 73.88], [0, 15.99, 29.0, 36.06, 46.45, 22.33, 10.59, 33.29, 37.81, 21.73, 15.01, 27.73, 23.1, 42.73, 13.26, 13.62, 32.06, 21.46, 0.0, 5.49, 41.16, 6.04, 23.93, 24.16, 30.48, 14.06, 37.65, 26.33, 57.25, 11.6, 36.34, 24.36, 10.49, 30.74, 25.82, 31.68, 52.86, 12.93, 14.11, 19.54, 37.83, 86.39], [0, 10.49, 24.09, 31.04, 41.02, 21.29, 15.97, 28.13, 32.31, 17.04, 19.0, 26.45, 17.64, 37.27, 7.81, 8.25, 31.98, 17.13, 5.49, 0.0, 35.66, 11.54, 19.19, 27.94, 25.6, 8.76, 33.47, 24.36, 52.01, 6.11, 31.63, 20.5, 14.85, 33.66, 23.88, 31.71, 47.38, 7.44, 8.96, 15.31, 33.26, 81.1], [0, 25.18, 18.47, 16.28, 8.55, 39.95, 51.45, 13.75, 11.56, 23.76, 51.92, 41.02, 18.42, 5.19, 28.03, 27.76, 49.15, 26.32, 41.16, 35.66, 0.0, 36.09, 22.3, 59.2, 19.02, 27.62, 26.26, 37.17, 21.86, 41.73, 20.39, 27.97, 48.94, 61.53, 37.2, 49.45, 11.84, 43.1, 27.96, 27.03, 22.16, 47.56], [0, 11.35, 23.02, 32.85, 41.96, 18.16, 15.42, 27.44, 32.82, 15.71, 16.97, 23.37, 18.66, 38.11, 9.22, 8.34, 28.8, 19.66, 6.04, 11.54, 36.09, 0.0, 17.91, 25.65, 27.59, 10.52, 35.95, 21.43, 53.41, 6.96, 33.76, 23.22, 13.2, 30.95, 20.94, 28.53, 47.63, 7.8, 10.98, 13.51, 35.48, 80.61], [0, 12.29, 5.24, 27.31, 30.11, 17.76, 32.64, 10.26, 19.77, 12.64, 30.95, 19.65, 13.29, 26.08, 14.66, 11.69, 27.76, 22.87, 23.93, 19.19, 22.3, 17.91, 0.0, 37.38, 24.47, 15.69, 34.92, 15.82, 43.2, 24.8, 30.23, 26.81, 28.82, 39.25, 15.71, 27.96, 32.46, 25.71, 16.67, 5.15, 32.44, 63.17], [0, 36.52, 42.25, 58.41, 66.19, 22.27, 16.87, 47.52, 56.27, 35.62, 9.15, 25.4, 43.63, 62.18, 34.8, 33.09, 22.63, 45.08, 24.16, 27.94, 59.2, 25.65, 37.38, 0.0, 53.24, 36.17, 61.41, 27.47, 78.39, 24.47, 59.41, 48.32, 13.73, 8.46, 27.07, 21.92, 69.83, 23.06, 36.63, 32.34, 61.12, 98.7], [0, 17.16, 24.65, 5.76, 19.42, 39.85, 40.95, 23.62, 16.25, 24.24, 44.51, 43.19, 11.45, 17.05, 18.45, 20.67, 50.93, 9.78, 30.48, 25.6, 19.02, 27.59, 24.47, 53.24, 0.0, 17.07, 10.46, 39.59, 27.42, 30.65, 6.3, 9.63, 40.45, 58.0, 39.36, 50.97, 29.57, 32.22, 16.67, 26.39, 8.31, 65.94], [0, 15.64, 19.46, 22.37, 32.44, 25.08, 24.65, 22.3, 24.21, 14.01, 27.46, 29.47, 9.24, 28.79, 16.57, 5.11, 36.35, 9.82, 14.06, 8.76, 27.62, 10.52, 15.69, 36.17, 17.07, 0.0, 25.74, 26.47, 43.26, 14.46, 23.25, 13.78, 23.5, 41.17, 26.1, 36.24, 39.44, 15.95, 11.23, 14.07, 25.02, 74.13], [0, 26.66, 35.03, 10.04, 23.24, 49.82, 47.56, 33.59, 24.31, 34.63, 52.4, 53.41, 21.79, 22.59, 27.3, 30.07, 61.01, 16.34, 37.65, 33.47, 26.26, 35.95, 34.92, 61.41, 10.46, 25.74, 0.0, 49.88, 25.94, 37.59, 5.91, 13.36, 48.06, 66.86, 49.63, 61.01, 34.62, 39.15, 25.08, 36.62, 4.2, 70.32], [0, 24.09, 18.71, 42.95, 45.4, 5.43, 30.41, 23.63, 35.08, 15.46, 24.59, 10.84, 28.14, 41.44, 24.9, 21.36, 12.03, 35.81, 26.33, 24.36, 37.17, 21.43, 15.82, 27.47, 39.59, 26.47, 49.88, 0.0, 58.67, 27.32, 45.63, 39.89, 24.93, 26.46, 10.38, 12.29, 45.86, 27.34, 27.47, 13.27, 47.79, 71.58], [0, 42.1, 40.04, 21.66, 13.35, 60.94, 67.84, 35.57, 23.59, 44.26, 70.25, 62.53, 34.84, 17.23, 44.3, 45.4, 70.69, 37.2, 57.25, 52.01, 21.86, 53.41, 43.2, 78.39, 27.42, 43.26, 25.94, 58.67, 0.0, 57.55, 23.04, 36.33, 66.6, 81.79, 58.64, 70.95, 19.34, 59.09, 43.14, 47.38, 22.79, 48.2], [0, 16.55, 29.85, 36.27, 46.9, 23.3, 10.31, 34.08, 38.37, 22.61, 15.32, 28.7, 23.58, 43.21, 13.75, 14.32, 32.94, 21.49, 11.6, 6.11, 41.73, 6.96, 24.8, 24.47, 30.65, 14.46, 37.59, 27.32, 57.55, 0.0, 36.44, 24.27, 10.75, 31.23, 26.81, 32.56, 53.46, 13.54, 14.45, 20.47, 37.88, 87.14], [0, 23.45, 29.83, 12.06, 18.0, 46.06, 46.67, 28.01, 18.41, 30.2, 50.61, 49.28, 17.57, 16.91, 24.68, 26.97, 57.09, 15.04, 36.34, 31.63, 20.39, 33.76, 30.23, 59.41, 6.3, 23.25, 5.91, 45.63, 23.04, 36.44, 0.0, 13.42, 46.47, 64.28, 45.42, 57.14, 29.19, 38.01, 22.78, 32.5, 10.11, 65.23], [0, 15.8, 28.77, 14.99, 29.05, 38.83, 34.2, 29.38, 24.88, 25.8, 39.24, 43.07, 14.19, 26.57, 15.42, 18.73, 50.11, 19.41, 24.36, 20.5, 27.97, 23.22, 26.81, 48.32, 9.63, 13.78, 13.36, 39.89, 36.33, 24.27, 13.42, 0.0, 34.83, 54.14, 39.55, 50.01, 39.0, 25.82, 12.9, 26.89, 14.31, 75.32], [0, 24.55, 34.04, 45.86, 55.1, 19.74, 5.73, 39.0, 45.75, 26.72, 4.6, 24.83, 31.85, 51.21, 22.33, 21.42, 26.53, 31.78, 10.49, 14.85, 48.94, 13.2, 28.82, 13.73, 40.45, 23.5, 48.06, 24.93, 66.6, 10.75, 46.47, 34.83, 0.0, 20.87, 24.42, 25.99, 60.27, 9.32, 23.8, 23.73, 48.06, 91.94], [0, 40.89, 43.61, 62.82, 69.08, 22.09, 24.89, 48.87, 58.86, 37.81, 16.37, 23.45, 47.6, 65.04, 39.66, 37.37, 18.2, 50.61, 30.74, 33.66, 61.53, 30.95, 39.25, 8.46, 58.0, 41.17, 66.86, 26.46, 81.79, 31.23, 64.28, 54.14, 20.87, 0.0, 26.18, 17.49, 71.42, 29.97, 41.79, 34.57, 66.14, 97.9], [0, 23.76, 18.73, 42.78, 45.39, 4.96, 29.89, 23.7, 35.06, 15.28, 24.1, 10.37, 27.91, 41.43, 24.52, 20.99, 12.08, 35.47, 25.82, 23.88, 37.2, 20.94, 15.71, 27.07, 39.36, 26.1, 49.63, 10.38, 58.64, 26.81, 45.42, 39.55, 24.42, 26.18, 0.0, 12.31, 45.98, 26.82, 27.1, 13.01, 47.58, 71.92], [0, 34.51, 30.99, 54.73, 57.69, 11.22, 31.66, 35.85, 47.37, 27.33, 23.47, 8.44, 39.58, 53.73, 34.6, 31.31, 16.6, 46.0, 31.68, 31.71, 49.45, 28.53, 27.96, 21.92, 50.97, 36.24, 61.01, 12.29, 70.95, 32.56, 57.14, 50.01, 25.99, 17.49, 12.31, 0.0, 57.85, 31.99, 37.15, 24.69, 59.26, 81.37], [0, 36.92, 27.81, 25.48, 11.45, 49.42, 63.04, 22.54, 15.26, 34.23, 63.0, 49.56, 30.25, 12.55, 39.82, 39.35, 57.45, 37.78, 52.86, 47.38, 11.84, 47.63, 32.46, 69.83, 29.57, 39.44, 34.62, 45.86, 19.34, 53.46, 29.19, 39.0, 60.27, 71.42, 45.98, 57.85, 0.0, 54.8, 39.8, 37.5, 30.44, 36.37], [0, 17.93, 30.82, 37.83, 48.36, 23.09, 8.75, 35.16, 39.75, 23.51, 13.92, 28.51, 25.02, 44.66, 15.18, 15.55, 32.4, 23.06, 12.93, 7.44, 43.1, 7.8, 25.71, 23.06, 32.22, 15.95, 39.15, 27.34, 59.09, 13.54, 38.01, 25.82, 9.32, 29.97, 26.82, 31.99, 54.8, 0.0, 15.96, 21.23, 39.46, 88.29], [0, 4.41, 20.36, 22.08, 32.54, 26.01, 24.7, 23.08, 24.55, 15.02, 27.84, 30.44, 9.55, 28.95, 16.77, 6.12, 37.26, 9.01, 14.11, 8.96, 27.96, 10.98, 16.67, 36.63, 16.67, 11.23, 25.08, 27.47, 43.14, 14.45, 22.78, 12.9, 23.8, 41.79, 27.1, 37.15, 39.8, 15.96, 0.0, 15.1, 24.5, 74.66], [0, 11.19, 10.33, 30.04, 34.52, 13.82, 27.72, 15.42, 24.29, 17.74, 25.8, 16.81, 14.94, 30.48, 12.68, 9.18, 24.61, 22.81, 19.54, 15.31, 27.03, 13.51, 5.15, 32.34, 26.39, 14.07, 36.62, 13.27, 47.38, 20.47, 32.5, 26.89, 23.73, 34.57, 13.01, 24.69, 37.5, 21.23, 15.1, 0.0, 34.63, 68.22], [0, 25.4, 32.06, 6.11, 19.09, 48.15, 48.06, 30.2, 20.35, 32.38, 52.26, 51.43, 19.69, 18.39, 26.49, 28.9, 59.21, 16.4, 37.83, 33.26, 22.16, 35.48, 32.44, 61.12, 8.31, 25.02, 4.2, 47.79, 22.79, 37.88, 10.11, 14.31, 48.06, 66.14, 47.58, 59.26, 30.44, 39.46, 24.5, 34.63, 0.0, 66.23], [0, 0, 0, 0, 0, 0, 0, 0, 0, 0, 0, 0, 0, 0, 0, 0, 0, 0, 0, 0, 0, 0, 0, 0, 0, 0, 0, 0, 0, 0, 0, 0, 0, 0, 0, 0, 0, 0, 0, 0, 0, 0]], "end_depot": 41, "horizon": [0.0, 2599.87], "instance_name": "40_70_A_C1", "speed_zone_count": 3, "speed_zones": [[0.0, 733.29], [733.29, 1466.58], [1466.58, 2599.87]], "start_depot": 0, "time_windows": [[0.0, 2599.87], [36.0, 236.0], [96.0, 296.0], [216.0, 416.0], [249.0, 449.0], [282.0, 482.0], [282.0, 482.0], [367.0, 567.0], [383.0, 583.0], [490.0, 690.0], [502.0, 702.0], [600.0, 800.0], [411.0, 611.0], [626.0, 826.0], [553.0, 753.0], [675.0, 875.0], [697.0, 897.0], [756.0, 956.0], [537.0, 737.0], [787.0, 987.0], [643.0, 843.0], [811.0, 1011.0], [995.0, 1195.0], [1009.0, 1209.0], [1020.0, 1220.0], [1032.0, 1232.0], [1043.0, 1243.0], [1131.0, 1331.0], [1164.0, 1364.0], [1219.0, 1419.0], [1330.0, 1530.0], [1400.0, 1600.0], [1449.0, 1649.0], [1472.0, 1672.0], [1490.0, 1690.0], [1511.0, 1711.0], [1555.0, 1755.0], [1625.0, 1825.0], [1813.0, 2013.0], [1815.0, 2015.0], [1848.0, 2048.0], [0.0, 2599.87]], "vehicle_count": 1}