{"digraph": {"vertex_count": 22, "arc_count": 420, "arcs": [[0, 1, 1, 1, 1, 1, 1, 1, 1, 1, 1, 1, 1, 1, 1, 1, 1, 1, 1, 1, 1, 1], [0, 0, 1, 1, 1, 1, 1, 1, 1, 1, 1, 1, 1, 1, 1, 1, 1, 1, 1, 1, 1, 1], [0, 1, 0, 1, 1, 1, 1, 1, 1, 1, 1, 1, 1, 1, 1, 1, 1, 1, 1, 1, 1, 1], [0, 1, 1, 0, 1, 1, 1, 1, 1, 1, 1, 1, 1, 1, 1, 1, 1, 1, 1, 1, 1, 1], [0, 1, 1, 1, 0, 1, 1, 1, 1, 1, 1, 1, 1, 1, 1, 1, 1, 1, 1, 1, 1, 1], [0, 1, 1, 1, 1, 0, 1, 1, 1, 1, 1, 1, 1, 1, 1, 1, 1, 1, 1, 1, 1, 1], [0, 1, 1, 1, 1, 1, 0, 1, 1, 1, 1, 1, 1, 1, 1, 1, 1, 1, 1, 1, 1, 1], [0, 1, 1, 1, 1, 1, 1, 0, 1, 1, 1, 1, 1, 1, 1, 1, 1, 1, 1, 1, 1, 1], [0, 1, 1, 1, 1, 1, 1, 1, 0, 1, 1, 1, 1, 1, 1, 1, 1, 1, 1, 1, 1, 1], [0, 1, 1, 1, 1, 1, 1, 1, 1, 0, 1, 1, 1, 1, 1, 1, 1, 1, 1, 1, 1, 1], [0, 1, 1, 1, 1, 1, 1, 1, 1, 1, 0, 1, 1, 1, 1, 1, 1, 1, 1, 1, 1, 1], [0, 1, 1, 1, 1, 1, 1, 1, 1, 1, 1, 0, 1, 1, 1, 1, 1, 1, 1, 1, 1, 1], [0, 1, 1, 1, 1, 1, 1, 1, 1, 1, 1, 1, 0, 1, 1, 1, 1, 1, 1, 1, 1, 1], [0, 1, 1, 1, 1, 1, 1, 1, 1, 1, 1, 1, 1, 0, 1, 1, 1, 1, 1, 1, 1, 1], [0, 1, 1, 1, 1, 1, 1, 1, 1, 1, 1, 1, 1, 1, 0, 1, 1, 1, 1, 1, 1, 1], [0, 1, 1, 1, 1, 1, 1, 1, 1, 1, 1, 1, 1, 1, 1, 0, 1, 1, 1, 1, 1, 1], [0, 1, 1, 1, 1, 1, 1, 1, 1, 1, 1, 1, 1, 1, 1, 1, 0, 1, 1, 1, 1, 1], [0, 1, 1, 1, 1, 1, 1, 1, 1, 1, 1, 1, 1, 1, 1, 1, 1, 0, 1, 1, 1, 1], [0, 1, 1, 1, 1, 1, 1, 1, 1, 1, 1, 1, 1, 1, 1, 1, 1, 1, 0, 1, 1, 1], [0, 1, 1, 1, 1, 1, 1, 1, 1, 1, 1, 1, 1, 1, 1, 1, 1, 1, 1, 0, 1, 1], [0, 1, 1, 1, 1, 1, 1, 1, 1, 1, 1, 1, 1, 1, 1, 1, 1, 1, 1, 1, 0, 1], [0, 0, 0, 0, 0, 0, 0, 0, 0, 0, 0, 0, 0, 0, 0, 0, 0, 0, 0, 0, 0, 0]]}, "cluster_count": 3, "cluster_speeds": [[0.925, 0.85, 0.925, 1.0, 0.8325, 0.765, 0.8325, 0.9, 0.4625, 0.425, 0.4625, 0.5, 0.30525, 0.2805, 0.30525, 0.33, 0.37, 0.34, 0.37, 0.4, 0.555, 0.51, 0.555, 0.6, 0.6475, 0.595, 0.6475, 0.7, 0.37, 0.34, 0.37, 0.4, 0.30525, 0.2805, 0.30525, 0.33, 0.4625, 0.425, 0.4625, 0.5, 0.6475, 0.595, 0.6475, 0.7, 0.74, 0.68, 0.74, 0.8, 0.6475, 0.595, 0.6475, 0.7, 0.4625, 0.425, 0.4625, 0.5, 0.555, 0.51, 0.555, 0.6, 0.6475, 0.595, 0.6475, 0.7, 0.8325, 0.765, 0.8325, 0.9, 0.925, 0.85, 0.925, 1.0, 1.0], [0.6475, 0.595, 0.6475, 0.7, 0.58275, 0.5355, 0.58275, 0.63, 0.32375, 0.2975, 0.32375, 0.35, 0.213675, 0.19635, 0.213675, 0.23099999999999998, 0.259, 0.238, 0.259, 0.27999999999999997, 0.3885, 0.357, 0.3885, 0.42, 0.6475, 0.595, 0.6475, 0.7, 0.37, 0.34, 0.37, 0.4, 0.30525, 0.2805, 0.30525, 0.33, 0.4625, 0.425, 0.4625, 0.5, 0.6475, 0.595, 0.6475, 0.7, 0.74, 0.68, 0.74, 0.8, 0.45324999999999993, 0.4165, 0.45324999999999993, 0.48999999999999994, 0.32375, 0.2975, 0.32375, 0.35, 0.3885, 0.357, 0.3885, 0.42, 0.45324999999999993, 0.4165, 0.45324999999999993, 0.48999999999999994, 0.58275, 0.5355, 0.58275, 0.63, 0.6475, 0.595, 0.6475, 0.7, 0.7], [0.87875, 0.8075, 0.87875, 0.95, 0.790875, 0.72675, 0.790875, 0.855, 0.439375, 0.40375, 0.439375, 0.475, 0.2899875, 0.266475, 0.2899875, 0.3135, 0.3515, 0.323, 0.3515, 0.38, 0.52725, 0.4845, 0.52725, 0.57, 0.6475, 0.595, 0.6475, 0.7, 0.37, 0.34, 0.37, 0.4, 0.30525, 0.2805, 0.30525, 0.33, 0.4625, 0.425, 0.4625, 0.5, 0.6475, 0.595, 0.6475, 0.7, 0.74, 0.68, 0.74, 0.8, 0.6151249999999999, 0.5652499999999999, 0.6151249999999999, 0.6649999999999999, 0.439375, 0.40375, 0.439375, 0.475, 0.52725, 0.4845, 0.52725, 0.57, 0.6151249999999999, 0.5652499999999999, 0.6151249999999999, 0.6649999999999999, 0.790875, 0.72675, 0.790875, 0.855, 0.87875, 0.8075, 0.87875, 0.95, 0.95]], "clusters": [[-1, 2, 2, 2, 2, 2, 2, 2, 2, 2, 2, 2, 2, 2, 2, 2, 2, 2, 2, 2, 2, 2], [0, -1, 0, 0, 0, 0, 0, 0, 0, 0, 0, 0, 0, 0, 0, 0, 0, 0, 0, 0, 0, 0], [0, 0, -1, 0, 0, 0, 0, 0, 0, 0, 0, 0, 0, 0, 0, 0, 0, 0, 0, 0, 0, 0], [1, 1, 1, -1, 1, 1, 1, 1, 1, 1, 1, 1, 1, 1, 1, 1, 1, 1, 1, 1, 1, 1], [1, 1, 1, 1, -1, 1, 1, 1, 1, 1, 1, 1, 1, 1, 1, 1, 1, 1, 1, 1, 1, 1], [2, 2, 2, 2, 2, -1, 2, 2, 2, 2, 2, 2, 2, 2, 2, 2, 2, 2, 2, 2, 2, 2], [1, 1, 1, 1, 1, 1, -1, 1, 1, 1, 1, 1, 1, 1, 1, 1, 1, 1, 1, 1, 1, 1], [0, 0, 0, 0, 0, 0, 0, -1, 0, 0, 0, 0, 0, 0, 0, 0, 0, 0, 0, 0, 0, 0], [1, 1, 1, 1, 1, 1, 1, 1, -1, 1, 1, 1, 1, 1, 1, 1, 1, 1, 1, 1, 1, 1], [0, 0, 0, 0, 0, 0, 0, 0, 0, -1, 0, 0, 0, 0, 0, 0, 0, 0, 0, 0, 0, 0], [1, 1, 1, 1, 1, 1, 1, 1, 1, 1, -1, 1, 1, 1, 1, 1, 1, 1, 1, 1, 1, 1], [0, 0, 0, 0, 0, 0, 0, 0, 0, 0, 0, -1, 0, 0, 0, 0, 0, 0, 0, 0, 0, 0], [2, 2, 2, 2, 2, 2, 2, 2, 2, 2, 2, 2, -1, 2, 2, 2, 2, 2, 2, 2, 2, 2], [2, 2, 2, 2, 2, 2, 2, 2, 2, 2, 2, 2, 2, -1, 2, 2, 2, 2, 2, 2, 2, 2], [1, 1, 1, 1, 1, 1, 1, 1, 1, 1, 1, 1, 1, 1, -1, 1, 1, 1, 1, 1, 1, 1], [1, 1, 1, 1, 1, 1, 1, 1, 1, 1, 1, 1, 1, 1, 1, -1, 1, 1, 1, 1, 1, 1], [2, 2, 2, 2, 2, 2, 2, 2, 2, 2, 2, 2, 2, 2, 2, 2, -1, 2, 2, 2, 2, 2], [0, 0, 0, 0, 0, 0, 0, 0, 0, 0, 0, 0, 0, 0, 0, 0, 0, -1, 0, 0, 0, 0], [0, 0, 0, 0, 0, 0, 0, 0, 0, 0, 0, 0, 0, 0, 0, 0, 0, 0, -1, 0, 0, 0], [1, 1, 1, 1, 1, 1, 1, 1, 1, 1, 1, 1, 1, 1, 1, 1, 1, 1, 1, -1, 1, 1], [1, 1, 1, 1, 1, 1, 1, 1, 1, 1, 1, 1, 1, 1, 1, 1, 1, 1, 1, 1, -1, 1], [2, 2, 2, 2, 2, 2, 2, 2, 2, 2, 2, 2, 2, 2, 2, 2, 2, 2, 2, 2, 2, -1]], "speed_zone_count": 73, "speed_zones": [[0.0, 15.0], [15.0, 30.0], [30.0, 45.0], [45.0, 60.0], [60.0, 75.0], [75.0, 90.0], [90.0, 105.0], [105.0, 120.0], [120.0, 135.0], [135.0, 150.0], [150.0, 165.0], [165.0, 180.0], [180.0, 195.0], [195.0, 210.0], [210.0, 225.0], [225.0, 240.0], [240.0, 255.0], [255.0, 270.0], [270.0, 285.0], [285.0, 300.0], [300.0, 315.0], [315.0, 330.0], [330.0, 345.0], [345.0, 360.0], [360.0, 375.0], [375.0, 390.0], [390.0, 405.0], [405.0, 420.0], [420.0, 435.0], [435.0, 450.0], [450.0, 465.0], [465.0, 480.0], [480.0, 495.0], [495.0, 510.0], [510.0, 525.0], [525.0, 540.0], [540.0, 555.0], [555.0, 570.0], [570.0, 585.0], [585.0, 600.0], [600.0, 615.0], [615.0, 630.0], [630.0, 645.0], [645.0, 660.0], [660.0, 675.0], [675.0, 690.0], [690.0, 705.0], [705.0, 720.0], [720.0, 735.0], [735.0, 750.0], [750.0, 765.0], [765.0, 780.0], [780.0, 795.0], [795.0, 810.0], [810.0, 825.0], [825.0, 840.0], [840.0, 855.0], [855.0, 870.0], [870.0, 885.0], [885.0, 900.0], [900.0, 915.0], [915.0, 930.0], [930.0, 945.0], [945.0, 960.0], [960.0, 975.0], [975.0, 990.0], [990.0, 1005.0], [1005.0, 1020.0], [1020.0, 1035.0], [1035.0, 1050.0], [1050.0, 1065.0], [1065.0, 1080.0], [1080.0, 5000.0]], "distances": [[0.0, 85.24, 58.5, 60.07, 55.64, 57.26, 78.4, 74.33, 74.27, 59.2, 91.0, 76.64, 83.93, 53.43, 73.79, 53.56, 81.18, 69.41, 71.14, 85.91, 49.32, 0.0], [0.0, 0.0, 26.74, 32.45, 29.61, 43.79, 28.66, 16.1, 19.94, 26.84, 11.21, 8.61, 28.68, 36.86, 24.67, 31.92, 30.14, 23.73, 17.34, 17.88, 36.52, 85.24], [0.0, 26.74, 0.0, 16.71, 10.42, 27.62, 30.74, 18.43, 20.71, 5.74, 33.56, 18.14, 35.04, 15.94, 23.42, 6.06, 33.84, 18.54, 14.96, 27.41, 10.54, 58.5], [0.0, 32.45, 16.71, 0.0, 16.39, 12.03, 46.26, 16.98, 15.11, 22.45, 42.47, 25.3, 49.89, 6.67, 13.74, 20.48, 49.22, 34.33, 15.1, 33.02, 14.72, 60.07], [0.0, 29.61, 10.42, 16.39, 0.0, 26.53, 32.61, 20.62, 22.49, 6.98, 36.42, 21.01, 37.12, 14.49, 24.74, 4.36, 35.74, 20.44, 17.14, 30.28, 7.84, 55.64], [0.0, 43.79, 27.62, 12.03, 26.53, 0.0, 57.96, 27.8, 24.78, 33.26, 54.18, 37.11, 61.78, 12.22, 21.44, 29.98, 60.98, 45.89, 26.58, 44.32, 21.83, 57.26], [0.0, 28.66, 30.74, 46.26, 32.61, 57.96, 0.0, 37.33, 41.77, 25.67, 23.32, 26.79, 5.53, 46.66, 46.52, 30.93, 27.51, 12.2, 35.66, 28.92, 39.94, 78.4], [0.0, 16.1, 18.43, 16.98, 20.62, 27.8, 37.33, 0.0, 4.51, 21.95, 26.95, 11.14, 39.44, 22.39, 9.45, 24.49, 39.77, 27.52, 11.1, 16.6, 25.17, 74.33], [0.0, 19.94, 20.71, 15.11, 22.49, 24.78, 41.77, 4.51, 0.0, 24.95, 31.0, 15.63, 43.94, 21.26, 4.97, 26.64, 44.24, 31.71, 6.59, 20.37, 25.78, 74.27], [0.0, 26.84, 5.74, 22.45, 6.98, 33.26, 25.67, 21.95, 24.95, 0.0, 31.83, 18.6, 30.3, 21.38, 28.23, 5.96, 28.82, 13.55, 18.65, 27.49, 14.36, 59.2], [0.0, 11.21, 33.56, 42.47, 36.42, 54.18, 23.32, 26.95, 31.0, 31.83, 0.0, 17.21, 21.36, 46.12, 35.81, 37.62, 23.71, 23.64, 27.61, 10.91, 44.0, 91.0], [0.0, 8.61, 18.14, 25.3, 21.01, 37.11, 26.79, 11.14, 15.63, 18.6, 17.21, 0.0, 28.46, 28.99, 20.58, 23.42, 29.02, 18.56, 10.76, 9.27, 27.97, 76.64], [0.0, 28.68, 35.04, 49.89, 37.12, 61.78, 5.53, 39.44, 43.94, 30.3, 21.36, 28.46, 0.0, 50.83, 48.83, 35.79, 32.09, 16.77, 38.19, 28.82, 44.65, 83.93], [0.0, 36.86, 15.94, 6.67, 14.49, 12.22, 46.66, 22.39, 21.26, 21.38, 46.12, 28.99, 50.83, 0.0, 20.36, 17.77, 49.75, 34.47, 19.89, 37.47, 9.86, 53.43], [0.0, 24.67, 23.42, 13.74, 24.74, 21.44, 46.52, 9.45, 4.97, 28.23, 35.81, 20.58, 48.83, 20.36, 0.0, 29.06, 49.06, 36.14, 10.94, 25.06, 26.63, 73.79], [0.0, 31.92, 6.06, 20.48, 4.36, 29.98, 30.93, 24.49, 26.64, 5.96, 37.62, 23.42, 35.79, 17.77, 29.06, 0.0, 34.09, 19.04, 21.01, 32.58, 9.19, 53.56], [0.0, 30.14, 33.84, 49.22, 35.74, 60.98, 27.51, 39.77, 44.24, 28.82, 23.71, 29.02, 32.09, 49.75, 49.06, 34.09, 0.0, 15.32, 38.26, 30.34, 43.1, 81.18], [0.0, 23.73, 18.54, 34.33, 20.44, 45.89, 12.2, 27.52, 31.71, 13.55, 23.64, 18.56, 16.77, 34.47, 36.14, 19.04, 15.32, 0.0, 25.23, 24.23, 27.89, 69.41], [0.0, 17.34, 14.96, 15.1, 17.14, 26.58, 35.66, 11.1, 6.59, 18.65, 27.61, 10.76, 38.19, 19.89, 10.94, 21.01, 38.26, 25.23, 0.0, 17.91, 21.88, 71.14], [0.0, 17.88, 27.41, 33.02, 30.28, 44.32, 28.92, 16.6, 20.37, 27.49, 10.91, 9.27, 28.82, 37.47, 25.06, 32.58, 30.34, 24.23, 17.91, 0.0, 37.18, 85.91], [0.0, 36.52, 10.54, 14.72, 7.84, 21.83, 39.94, 25.17, 25.78, 14.36, 44.0, 27.97, 44.65, 9.86, 26.63, 9.19, 43.1, 27.89, 21.88, 37.18, 0.0, 49.32], [0.0, 0.0, 0.0, 0.0, 0.0, 0.0, 0.0, 0.0, 0.0, 0.0, 0.0, 0.0, 0.0, 0.0, 0.0, 0.0, 0.0, 0.0, 0.0, 0.0, 0.0, 0.0]], "time_windows": [[0.0, 5000.0], [0.0, 137.0], [0.0, 175.0], [0.0, 211.0], [0.0, 261.0], [0.0, 335.0], [0.0, 437.0], [0.0, 518.0], [0.0, 531.0], [0.0, 603.0], [0.0, 663.0], [0.0, 690.0], [0.0, 730.0], [0.0, 804.0], [0.0, 840.0], [0.0, 899.0], [0.0, 958.0], [0.0, 982.0], [0.0, 1016.0], [0.0, 1038.0], [0.0, 1080.0], [0.0, 5000.0]], "start_depot": 0, "end_depot": 21, "horizon": [0.0, 5000.0]}