{"digraph": {"vertex_count": 22, "arc_count": 420, "arcs": [[0, 1, 1, 1, 1, 1, 1, 1, 1, 1, 1, 1, 1, 1, 1, 1, 1, 1, 1, 1, 1, 1], [0, 0, 1, 1, 1, 1, 1, 1, 1, 1, 1, 1, 1, 1, 1, 1, 1, 1, 1, 1, 1, 1], [0, 1, 0, 1, 1, 1, 1, 1, 1, 1, 1, 1, 1, 1, 1, 1, 1, 1, 1, 1, 1, 1], [0, 1, 1, 0, 1, 1, 1, 1, 1, 1, 1, 1, 1, 1, 1, 1, 1, 1, 1, 1, 1, 1], [0, 1, 1, 1, 0, 1, 1, 1, 1, 1, 1, 1, 1, 1, 1, 1, 1, 1, 1, 1, 1, 1], [0, 1, 1, 1, 1, 0, 1, 1, 1, 1, 1, 1, 1, 1, 1, 1, 1, 1, 1, 1, 1, 1], [0, 1, 1, 1, 1, 1, 0, 1, 1, 1, 1, 1, 1, 1, 1, 1, 1, 1, 1, 1, 1, 1], [0, 1, 1, 1, 1, 1, 1, 0, 1, 1, 1, 1, 1, 1, 1, 1, 1, 1, 1, 1, 1, 1], [0, 1, 1, 1, 1, 1, 1, 1, 0, 1, 1, 1, 1, 1, 1, 1, 1, 1, 1, 1, 1, 1], [0, 1, 1, 1, 1, 1, 1, 1, 1, 0, 1, 1, 1, 1, 1, 1, 1, 1, 1, 1, 1, 1], [0, 1, 1, 1, 1, 1, 1, 1, 1, 1, 0, 1, 1, 1, 1, 1, 1, 1, 1, 1, 1, 1], [0, 1, 1, 1, 1, 1, 1, 1, 1, 1, 1, 0, 1, 1, 1, 1, 1, 1, 1, 1, 1, 1], [0, 1, 1, 1, 1, 1, 1, 1, 1, 1, 1, 1, 0, 1, 1, 1, 1, 1, 1, 1, 1, 1], [0, 1, 1, 1, 1, 1, 1, 1, 1, 1, 1, 1, 1, 0, 1, 1, 1, 1, 1, 1, 1, 1], [0, 1, 1, 1, 1, 1, 1, 1, 1, 1, 1, 1, 1, 1, 0, 1, 1, 1, 1, 1, 1, 1], [0, 1, 1, 1, 1, 1, 1, 1, 1, 1, 1, 1, 1, 1, 1, 0, 1, 1, 1, 1, 1, 1], [0, 1, 1, 1, 1, 1, 1, 1, 1, 1, 1, 1, 1, 1, 1, 1, 0, 1, 1, 1, 1, 1], [0, 1, 1, 1, 1, 1, 1, 1, 1, 1, 1, 1, 1, 1, 1, 1, 1, 0, 1, 1, 1, 1], [0, 1, 1, 1, 1, 1, 1, 1, 1, 1, 1, 1, 1, 1, 1, 1, 1, 1, 0, 1, 1, 1], [0, 1, 1, 1, 1, 1, 1, 1, 1, 1, 1, 1, 1, 1, 1, 1, 1, 1, 1, 0, 1, 1], [0, 1, 1, 1, 1, 1, 1, 1, 1, 1, 1, 1, 1, 1, 1, 1, 1, 1, 1, 1, 0, 1], [0, 0, 0, 0, 0, 0, 0, 0, 0, 0, 0, 0, 0, 0, 0, 0, 0, 0, 0, 0, 0, 0]]}, "cluster_count": 3, "cluster_speeds": [[0.6475, 0.595, 0.6475, 0.7, 0.58275, 0.5355, 0.58275, 0.63, 0.32375, 0.2975, 0.32375, 0.35, 0.213675, 0.19635, 0.213675, 0.23099999999999998, 0.259, 0.238, 0.259, 0.27999999999999997, 0.3885, 0.357, 0.3885, 0.42, 0.6475, 0.595, 0.6475, 0.7, 0.37, 0.34, 0.37, 0.4, 0.30525, 0.2805, 0.30525, 0.33, 0.4625, 0.425, 0.4625, 0.5, 0.6475, 0.595, 0.6475, 0.7, 0.74, 0.68, 0.74, 0.8, 0.45324999999999993, 0.4165, 0.45324999999999993, 0.48999999999999994, 0.32375, 0.2975, 0.32375, 0.35, 0.3885, 0.357, 0.3885, 0.42, 0.45324999999999993, 0.4165, 0.45324999999999993, 0.48999999999999994, 0.58275, 0.5355, 0.58275, 0.63, 0.6475, 0.595, 0.6475, 0.7, 0.7], [0.7400000000000001, 0.68, 0.7400000000000001, 0.8, 0.666, 0.6120000000000001, 0.666, 0.7200000000000001, 0.37000000000000005, 0.34, 0.37000000000000005, 0.4, 0.24420000000000003, 0.22440000000000004, 0.24420000000000003, 0.264, 0.296, 0.272, 0.296, 0.32000000000000006, 0.44400000000000006, 0.40800000000000003, 0.44400000000000006, 0.48, 0.6475, 0.595, 0.6475, 0.7, 0.37, 0.34, 0.37, 0.4, 0.30525, 0.2805, 0.30525, 0.33, 0.4625, 0.425, 0.4625, 0.5, 0.6475, 0.595, 0.6475, 0.7, 0.74, 0.68, 0.74, 0.8, 0.518, 0.476, 0.518, 0.5599999999999999, 0.37000000000000005, 0.34, 0.37000000000000005, 0.4, 0.44400000000000006, 0.40800000000000003, 0.44400000000000006, 0.48, 0.518, 0.476, 0.518, 0.5599999999999999, 0.666, 0.6120000000000001, 0.666, 0.7200000000000001, 0.7400000000000001, 0.68, 0.7400000000000001, 0.8, 0.8], [0.925, 0.85, 0.925, 1.0, 0.8325, 0.765, 0.8325, 0.9, 0.4625, 0.425, 0.4625, 0.5, 0.30525, 0.2805, 0.30525, 0.33, 0.37, 0.34, 0.37, 0.4, 0.555, 0.51, 0.555, 0.6, 0.6475, 0.595, 0.6475, 0.7, 0.37, 0.34, 0.37, 0.4, 0.30525, 0.2805, 0.30525, 0.33, 0.4625, 0.425, 0.4625, 0.5, 0.6475, 0.595, 0.6475, 0.7, 0.74, 0.68, 0.74, 0.8, 0.6475, 0.595, 0.6475, 0.7, 0.4625, 0.425, 0.4625, 0.5, 0.555, 0.51, 0.555, 0.6, 0.6475, 0.595, 0.6475, 0.7, 0.8325, 0.765, 0.8325, 0.9, 0.925, 0.85, 0.925, 1.0, 1.0]], "clusters": [[-1, 2, 2, 2, 2, 2, 2, 2, 2, 2, 2, 2, 2, 2, 2, 2, 2, 2, 2, 2, 2, 2], [2, -1, 2, 2, 2, 2, 2, 2, 2, 2, 2, 2, 2, 2, 2, 2, 2, 2, 2, 2, 2, 2], [0, 0, -1, 0, 0, 0, 0, 0, 0, 0, 0, 0, 0, 0, 0, 0, 0, 0, 0, 0, 0, 0], [0, 0, 0, -1, 0, 0, 0, 0, 0, 0, 0, 0, 0, 0, 0, 0, 0, 0, 0, 0, 0, 0], [0, 0, 0, 0, -1, 0, 0, 0, 0, 0, 0, 0, 0, 0, 0, 0, 0, 0, 0, 0, 0, 0], [0, 0, 0, 0, 0, -1, 0, 0, 0, 0, 0, 0, 0, 0, 0, 0, 0, 0, 0, 0, 0, 0], [0, 0, 0, 0, 0, 0, -1, 0, 0, 0, 0, 0, 0, 0, 0, 0, 0, 0, 0, 0, 0, 0], [0, 0, 0, 0, 0, 0, 0, -1, 0, 0, 0, 0, 0, 0, 0, 0, 0, 0, 0, 0, 0, 0], [0, 0, 0, 0, 0, 0, 0, 0, -1, 0, 0, 0, 0, 0, 0, 0, 0, 0, 0, 0, 0, 0], [1, 1, 1, 1, 1, 1, 1, 1, 1, -1, 1, 1, 1, 1, 1, 1, 1, 1, 1, 1, 1, 1], [0, 0, 0, 0, 0, 0, 0, 0, 0, 0, -1, 0, 0, 0, 0, 0, 0, 0, 0, 0, 0, 0], [2, 2, 2, 2, 2, 2, 2, 2, 2, 2, 2, -1, 2, 2, 2, 2, 2, 2, 2, 2, 2, 2], [2, 2, 2, 2, 2, 2, 2, 2, 2, 2, 2, 2, -1, 2, 2, 2, 2, 2, 2, 2, 2, 2], [0, 0, 0, 0, 0, 0, 0, 0, 0, 0, 0, 0, 0, -1, 0, 0, 0, 0, 0, 0, 0, 0], [0, 0, 0, 0, 0, 0, 0, 0, 0, 0, 0, 0, 0, 0, -1, 0, 0, 0, 0, 0, 0, 0], [2, 2, 2, 2, 2, 2, 2, 2, 2, 2, 2, 2, 2, 2, 2, -1, 2, 2, 2, 2, 2, 2], [0, 0, 0, 0, 0, 0, 0, 0, 0, 0, 0, 0, 0, 0, 0, 0, -1, 0, 0, 0, 0, 0], [0, 0, 0, 0, 0, 0, 0, 0, 0, 0, 0, 0, 0, 0, 0, 0, 0, -1, 0, 0, 0, 0], [0, 0, 0, 0, 0, 0, 0, 0, 0, 0, 0, 0, 0, 0, 0, 0, 0, 0, -1, 0, 0, 0], [0, 0, 0, 0, 0, 0, 0, 0, 0, 0, 0, 0, 0, 0, 0, 0, 0, 0, 0, -1, 0, 0], [0, 0, 0, 0, 0, 0, 0, 0, 0, 0, 0, 0, 0, 0, 0, 0, 0, 0, 0, 0, -1, 0], [2, 2, 2, 2, 2, 2, 2, 2, 2, 2, 2, 2, 2, 2, 2, 2, 2, 2, 2, 2, 2, -1]], "speed_zone_count": 73, "speed_zones": [[0.0, 15.0], [15.0, 30.0], [30.0, 45.0], [45.0, 60.0], [60.0, 75.0], [75.0, 90.0], [90.0, 105.0], [105.0, 120.0], [120.0, 135.0], [135.0, 150.0], [150.0, 165.0], [165.0, 180.0], [180.0, 195.0], [195.0, 210.0], [210.0, 225.0], [225.0, 240.0], [240.0, 255.0], [255.0, 270.0], [270.0, 285.0], [285.0, 300.0], [300.0, 315.0], [315.0, 330.0], [330.0, 345.0], [345.0, 360.0], [360.0, 375.0], [375.0, 390.0], [390.0, 405.0], [405.0, 420.0], [420.0, 435.0], [435.0, 450.0], [450.0, 465.0], [465.0, 480.0], [480.0, 495.0], [495.0, 510.0], [510.0, 525.0], [525.0, 540.0], [540.0, 555.0], [555.0, 570.0], [570.0, 585.0], [585.0, 600.0], [600.0, 615.0], [615.0, 630.0], [630.0, 645.0], [645.0, 660.0], [660.0, 675.0], [675.0, 690.0], [690.0, 705.0], [705.0, 720.0], [720.0, 735.0], [735.0, 750.0], [750.0, 765.0], [765.0, 780.0], [780.0, 795.0], [795.0, 810.0], [810.0, 825.0], [825.0, 840.0], [840.0, 855.0], [855.0, 870.0], [870.0, 885.0], [885.0, 900.0], [900.0, 915.0], [915.0, 930.0], [930.0, 945.0], [945.0, 960.0], [960.0, 975.0], [975.0, 990.0], [990.0, 1005.0], [1005.0, 1020.0], [1020.0, 1035.0], [1035.0, 1050.0], [1050.0, 1065.0], [1065.0, 1080.0], [1080.0, 5000.0]], "distances": [[0.0, 89.67, 68.91, 61.17, 68.14, 71.71, 68.47, 73.78, 75.19, 73.65, 58.46, 112.74, 52.04, 79.74, 75.81, 97.84, 83.89, 68.11, 68.24, 73.69, 85.18, 0.0], [0.0, 0.0, 38.77, 39.66, 41.94, 46.52, 27.58, 25.39, 49.87, 52.77, 40.6, 36.57, 60.36, 35.47, 28.53, 29.21, 28.58, 51.5, 28.2, 44.19, 37.41, 89.67], [0.0, 38.77, 0.0, 8.28, 14.67, 9.02, 13.3, 13.41, 13.74, 15.62, 11.1, 45.45, 23.99, 10.88, 10.85, 30.54, 16.64, 12.89, 12.67, 8.16, 16.28, 68.91], [0.0, 39.66, 8.28, 0.0, 9.08, 15.28, 12.09, 15.36, 20.21, 21.11, 19.39, 52.13, 20.7, 18.7, 15.42, 37.12, 23.01, 16.54, 11.46, 15.57, 24.32, 61.17], [0.0, 41.94, 14.67, 9.08, 0.0, 6.47, 16.28, 16.59, 11.39, 12.87, 11.69, 47.35, 21.53, 12.4, 13.87, 32.59, 19.0, 9.74, 15.63, 6.51, 17.27, 68.14], [0.0, 46.52, 9.02, 15.28, 6.47, 0.0, 22.29, 21.67, 4.95, 6.63, 17.68, 47.14, 22.06, 13.06, 17.99, 33.01, 20.79, 5.85, 21.66, 10.89, 16.13, 71.71], [0.0, 27.58, 13.3, 12.09, 16.28, 22.29, 0.0, 5.47, 26.82, 28.91, 13.16, 44.55, 32.78, 17.4, 9.23, 30.0, 17.12, 25.93, 11.04, 20.96, 22.74, 68.47], [0.0, 25.39, 13.41, 15.36, 16.59, 21.67, 5.47, 0.0, 25.65, 28.2, 17.13, 39.12, 35.71, 13.72, 4.89, 24.53, 11.91, 26.25, 5.58, 19.73, 18.5, 73.78], [0.0, 49.87, 13.74, 20.21, 11.39, 4.95, 26.82, 25.65, 0.0, 11.58, 22.57, 46.92, 24.25, 14.96, 21.53, 33.53, 22.76, 7.19, 26.22, 5.94, 16.33, 75.19], [0.0, 52.77, 15.62, 21.11, 12.87, 6.63, 28.91, 28.2, 11.58, 0.0, 23.21, 50.12, 22.12, 18.15, 24.3, 36.83, 25.98, 5.74, 28.28, 8.58, 19.62, 73.65], [0.0, 40.6, 11.1, 19.39, 11.69, 17.68, 13.16, 17.13, 22.57, 23.21, 0.0, 54.65, 19.97, 21.5, 17.76, 39.65, 25.56, 18.3, 12.6, 18.2, 27.14, 58.46], [0.0, 36.57, 45.45, 52.13, 47.35, 47.14, 44.55, 39.12, 46.92, 50.12, 54.65, 0.0, 68.67, 34.98, 36.99, 15.01, 29.12, 52.86, 44.7, 44.27, 31.01, 112.74], [0.0, 60.36, 23.99, 20.7, 21.53, 22.06, 32.78, 35.71, 24.25, 22.12, 19.97, 68.67, 0.0, 33.73, 34.54, 54.05, 40.52, 17.09, 32.16, 24.72, 37.9, 52.04], [0.0, 35.47, 10.88, 18.7, 12.4, 13.06, 17.4, 13.72, 14.96, 18.15, 21.5, 34.98, 33.73, 0.0, 8.84, 20.34, 7.84, 18.89, 17.03, 10.19, 5.75, 79.74], [0.0, 28.53, 10.85, 15.42, 13.87, 17.99, 9.23, 4.89, 21.53, 24.3, 17.76, 36.99, 34.54, 8.84, 0.0, 22.04, 8.25, 23.09, 9.03, 15.72, 13.71, 75.81], [0.0, 29.21, 30.54, 37.12, 32.59, 33.01, 30.0, 24.53, 33.53, 36.83, 39.65, 15.01, 54.05, 20.34, 22.04, 0.0, 14.11, 38.84, 30.08, 30.1, 17.21, 97.84], [0.0, 28.58, 16.64, 23.01, 19.0, 20.79, 17.12, 11.91, 22.76, 25.98, 25.56, 29.12, 40.52, 7.84, 8.25, 14.11, 0.0, 26.56, 17.04, 17.96, 8.89, 83.89], [0.0, 51.5, 12.89, 16.54, 9.74, 5.85, 25.93, 26.25, 7.19, 5.74, 18.3, 52.86, 17.09, 18.89, 23.09, 38.84, 26.56, 0.0, 25.27, 8.76, 21.86, 68.11], [0.0, 28.2, 12.67, 11.46, 15.63, 21.66, 11.04, 5.58, 26.22, 28.28, 12.6, 44.7, 32.16, 17.03, 9.03, 30.08, 17.04, 25.27, 0.0, 20.36, 22.44, 68.24], [0.0, 44.19, 8.16, 15.57, 6.51, 10.89, 20.96, 19.73, 5.94, 8.58, 18.2, 44.27, 24.72, 10.19, 15.72, 30.1, 17.96, 8.76, 20.36, 0.0, 13.28, 73.69], [0.0, 37.41, 16.28, 24.32, 17.27, 16.13, 22.74, 18.5, 16.33, 19.62, 27.14, 31.01, 37.9, 5.75, 13.71, 17.21, 8.89, 21.86, 22.44, 13.28, 0.0, 85.18], [0.0, 0.0, 0.0, 0.0, 0.0, 0.0, 0.0, 0.0, 0.0, 0.0, 0.0, 0.0, 0.0, 0.0, 0.0, 0.0, 0.0, 0.0, 0.0, 0.0, 0.0, 0.0]], "time_windows": [[0.0, 5000.0], [0.0, 143.0], [0.0, 211.0], [0.0, 232.0], [0.0, 263.0], [0.0, 283.0], [0.0, 342.0], [0.0, 352.0], [0.0, 398.0], [0.0, 416.0], [0.0, 453.0], [0.0, 600.0], [0.0, 715.0], [0.0, 761.0], [0.0, 774.0], [0.0, 809.0], [0.0, 834.0], [0.0, 890.0], [0.0, 936.0], [0.0, 968.0], [0.0, 989.0], [0.0, 5000.0]], "start_depot": 0, "end_depot": 21, "horizon": [0.0, 5000.0]}