{"digraph": {"vertex_count": 22, "arc_count": 420, "arcs": [[0, 1, 1, 1, 1, 1, 1, 1, 1, 1, 1, 1, 1, 1, 1, 1, 1, 1, 1, 1, 1, 1], [0, 0, 1, 1, 1, 1, 1, 1, 1, 1, 1, 1, 1, 1, 1, 1, 1, 1, 1, 1, 1, 1], [0, 1, 0, 1, 1, 1, 1, 1, 1, 1, 1, 1, 1, 1, 1, 1, 1, 1, 1, 1, 1, 1], [0, 1, 1, 0, 1, 1, 1, 1, 1, 1, 1, 1, 1, 1, 1, 1, 1, 1, 1, 1, 1, 1], [0, 1, 1, 1, 0, 1, 1, 1, 1, 1, 1, 1, 1, 1, 1, 1, 1, 1, 1, 1, 1, 1], [0, 1, 1, 1, 1, 0, 1, 1, 1, 1, 1, 1, 1, 1, 1, 1, 1, 1, 1, 1, 1, 1], [0, 1, 1, 1, 1, 1, 0, 1, 1, 1, 1, 1, 1, 1, 1, 1, 1, 1, 1, 1, 1, 1], [0, 1, 1, 1, 1, 1, 1, 0, 1, 1, 1, 1, 1, 1, 1, 1, 1, 1, 1, 1, 1, 1], [0, 1, 1, 1, 1, 1, 1, 1, 0, 1, 1, 1, 1, 1, 1, 1, 1, 1, 1, 1, 1, 1], [0, 1, 1, 1, 1, 1, 1, 1, 1, 0, 1, 1, 1, 1, 1, 1, 1, 1, 1, 1, 1, 1], [0, 1, 1, 1, 1, 1, 1, 1, 1, 1, 0, 1, 1, 1, 1, 1, 1, 1, 1, 1, 1, 1], [0, 1, 1, 1, 1, 1, 1, 1, 1, 1, 1, 0, 1, 1, 1, 1, 1, 1, 1, 1, 1, 1], [0, 1, 1, 1, 1, 1, 1, 1, 1, 1, 1, 1, 0, 1, 1, 1, 1, 1, 1, 1, 1, 1], [0, 1, 1, 1, 1, 1, 1, 1, 1, 1, 1, 1, 1, 0, 1, 1, 1, 1, 1, 1, 1, 1], [0, 1, 1, 1, 1, 1, 1, 1, 1, 1, 1, 1, 1, 1, 0, 1, 1, 1, 1, 1, 1, 1], [0, 1, 1, 1, 1, 1, 1, 1, 1, 1, 1, 1, 1, 1, 1, 0, 1, 1, 1, 1, 1, 1], [0, 1, 1, 1, 1, 1, 1, 1, 1, 1, 1, 1, 1, 1, 1, 1, 0, 1, 1, 1, 1, 1], [0, 1, 1, 1, 1, 1, 1, 1, 1, 1, 1, 1, 1, 1, 1, 1, 1, 0, 1, 1, 1, 1], [0, 1, 1, 1, 1, 1, 1, 1, 1, 1, 1, 1, 1, 1, 1, 1, 1, 1, 0, 1, 1, 1], [0, 1, 1, 1, 1, 1, 1, 1, 1, 1, 1, 1, 1, 1, 1, 1, 1, 1, 1, 0, 1, 1], [0, 1, 1, 1, 1, 1, 1, 1, 1, 1, 1, 1, 1, 1, 1, 1, 1, 1, 1, 1, 0, 1], [0, 0, 0, 0, 0, 0, 0, 0, 0, 0, 0, 0, 0, 0, 0, 0, 0, 0, 0, 0, 0, 0]]}, "cluster_count": 3, "cluster_speeds": [[0.925, 0.85, 0.925, 1.0, 0.8325, 0.765, 0.8325, 0.9, 0.4625, 0.425, 0.4625, 0.5, 0.30525, 0.2805, 0.30525, 0.33, 0.37, 0.34, 0.37, 0.4, 0.555, 0.51, 0.555, 0.6, 0.6475, 0.595, 0.6475, 0.7, 0.37, 0.34, 0.37, 0.4, 0.30525, 0.2805, 0.30525, 0.33, 0.4625, 0.425, 0.4625, 0.5, 0.6475, 0.595, 0.6475, 0.7, 0.74, 0.68, 0.74, 0.8, 0.6475, 0.595, 0.6475, 0.7, 0.4625, 0.425, 0.4625, 0.5, 0.555, 0.51, 0.555, 0.6, 0.6475, 0.595, 0.6475, 0.7, 0.8325, 0.765, 0.8325, 0.9, 0.925, 0.85, 0.925, 1.0, 1.0], [0.6475, 0.595, 0.6475, 0.7, 0.58275, 0.5355, 0.58275, 0.63, 0.32375, 0.2975, 0.32375, 0.35, 0.213675, 0.19635, 0.213675, 0.23099999999999998, 0.259, 0.238, 0.259, 0.27999999999999997, 0.3885, 0.357, 0.3885, 0.42, 0.6475, 0.595, 0.6475, 0.7, 0.37, 0.34, 0.37, 0.4, 0.30525, 0.2805, 0.30525, 0.33, 0.4625, 0.425, 0.4625, 0.5, 0.6475, 0.595, 0.6475, 0.7, 0.74, 0.68, 0.74, 0.8, 0.45324999999999993, 0.4165, 0.45324999999999993, 0.48999999999999994, 0.32375, 0.2975, 0.32375, 0.35, 0.3885, 0.357, 0.3885, 0.42, 0.45324999999999993, 0.4165, 0.45324999999999993, 0.48999999999999994, 0.58275, 0.5355, 0.58275, 0.63, 0.6475, 0.595, 0.6475, 0.7, 0.7], [0.87875, 0.8075, 0.87875, 0.95, 0.790875, 0.72675, 0.790875, 0.855, 0.439375, 0.40375, 0.439375, 0.475, 0.2899875, 0.266475, 0.2899875, 0.3135, 0.3515, 0.323, 0.3515, 0.38, 0.52725, 0.4845, 0.52725, 0.57, 0.6475, 0.595, 0.6475, 0.7, 0.37, 0.34, 0.37, 0.4, 0.30525, 0.2805, 0.30525, 0.33, 0.4625, 0.425, 0.4625, 0.5, 0.6475, 0.595, 0.6475, 0.7, 0.74, 0.68, 0.74, 0.8, 0.6151249999999999, 0.5652499999999999, 0.6151249999999999, 0.6649999999999999, 0.439375, 0.40375, 0.439375, 0.475, 0.52725, 0.4845, 0.52725, 0.57, 0.6151249999999999, 0.5652499999999999, 0.6151249999999999, 0.6649999999999999, 0.790875, 0.72675, 0.790875, 0.855, 0.87875, 0.8075, 0.87875, 0.95, 0.95]], "clusters": [[-1, 2, 2, 2, 2, 2, 2, 2, 2, 2, 2, 2, 2, 2, 2, 2, 2, 2, 2, 2, 2, 2], [1, -1, 1, 1, 1, 1, 1, 1, 1, 1, 1, 1, 1, 1, 1, 1, 1, 1, 1, 1, 1, 1], [0, 0, -1, 0, 0, 0, 0, 0, 0, 0, 0, 0, 0, 0, 0, 0, 0, 0, 0, 0, 0, 0], [2, 2, 2, -1, 2, 2, 2, 2, 2, 2, 2, 2, 2, 2, 2, 2, 2, 2, 2, 2, 2, 2], [0, 0, 0, 0, -1, 0, 0, 0, 0, 0, 0, 0, 0, 0, 0, 0, 0, 0, 0, 0, 0, 0], [1, 1, 1, 1, 1, -1, 1, 1, 1, 1, 1, 1, 1, 1, 1, 1, 1, 1, 1, 1, 1, 1], [1, 1, 1, 1, 1, 1, -1, 1, 1, 1, 1, 1, 1, 1, 1, 1, 1, 1, 1, 1, 1, 1], [1, 1, 1, 1, 1, 1, 1, -1, 1, 1, 1, 1, 1, 1, 1, 1, 1, 1, 1, 1, 1, 1], [2, 2, 2, 2, 2, 2, 2, 2, -1, 2, 2, 2, 2, 2, 2, 2, 2, 2, 2, 2, 2, 2], [0, 0, 0, 0, 0, 0, 0, 0, 0, -1, 0, 0, 0, 0, 0, 0, 0, 0, 0, 0, 0, 0], [1, 1, 1, 1, 1, 1, 1, 1, 1, 1, -1, 1, 1, 1, 1, 1, 1, 1, 1, 1, 1, 1], [2, 2, 2, 2, 2, 2, 2, 2, 2, 2, 2, -1, 2, 2, 2, 2, 2, 2, 2, 2, 2, 2], [0, 0, 0, 0, 0, 0, 0, 0, 0, 0, 0, 0, -1, 0, 0, 0, 0, 0, 0, 0, 0, 0], [0, 0, 0, 0, 0, 0, 0, 0, 0, 0, 0, 0, 0, -1, 0, 0, 0, 0, 0, 0, 0, 0], [0, 0, 0, 0, 0, 0, 0, 0, 0, 0, 0, 0, 0, 0, -1, 0, 0, 0, 0, 0, 0, 0], [1, 1, 1, 1, 1, 1, 1, 1, 1, 1, 1, 1, 1, 1, 1, -1, 1, 1, 1, 1, 1, 1], [2, 2, 2, 2, 2, 2, 2, 2, 2, 2, 2, 2, 2, 2, 2, 2, -1, 2, 2, 2, 2, 2], [0, 0, 0, 0, 0, 0, 0, 0, 0, 0, 0, 0, 0, 0, 0, 0, 0, -1, 0, 0, 0, 0], [2, 2, 2, 2, 2, 2, 2, 2, 2, 2, 2, 2, 2, 2, 2, 2, 2, 2, -1, 2, 2, 2], [1, 1, 1, 1, 1, 1, 1, 1, 1, 1, 1, 1, 1, 1, 1, 1, 1, 1, 1, -1, 1, 1], [0, 0, 0, 0, 0, 0, 0, 0, 0, 0, 0, 0, 0, 0, 0, 0, 0, 0, 0, 0, -1, 0], [2, 2, 2, 2, 2, 2, 2, 2, 2, 2, 2, 2, 2, 2, 2, 2, 2, 2, 2, 2, 2, -1]], "speed_zone_count": 73, "speed_zones": [[0.0, 15.0], [15.0, 30.0], [30.0, 45.0], [45.0, 60.0], [60.0, 75.0], [75.0, 90.0], [90.0, 105.0], [105.0, 120.0], [120.0, 135.0], [135.0, 150.0], [150.0, 165.0], [165.0, 180.0], [180.0, 195.0], [195.0, 210.0], [210.0, 225.0], [225.0, 240.0], [240.0, 255.0], [255.0, 270.0], [270.0, 285.0], [285.0, 300.0], [300.0, 315.0], [315.0, 330.0], [330.0, 345.0], [345.0, 360.0], [360.0, 375.0], [375.0, 390.0], [390.0, 405.0], [405.0, 420.0], [420.0, 435.0], [435.0, 450.0], [450.0, 465.0], [465.0, 480.0], [480.0, 495.0], [495.0, 510.0], [510.0, 525.0], [525.0, 540.0], [540.0, 555.0], [555.0, 570.0], [570.0, 585.0], [585.0, 600.0], [600.0, 615.0], [615.0, 630.0], [630.0, 645.0], [645.0, 660.0], [660.0, 675.0], [675.0, 690.0], [690.0, 705.0], [705.0, 720.0], [720.0, 735.0], [735.0, 750.0], [750.0, 765.0], [765.0, 780.0], [780.0, 795.0], [795.0, 810.0], [810.0, 825.0], [825.0, 840.0], [840.0, 855.0], [855.0, 870.0], [870.0, 885.0], [885.0, 900.0], [900.0, 915.0], [915.0, 930.0], [930.0, 945.0], [945.0, 960.0], [960.0, 975.0], [975.0, 990.0], [990.0, 1005.0], [1005.0, 1020.0], [1020.0, 1035.0], [1035.0, 1050.0], [1050.0, 1065.0], [1065.0, 1080.0], [1080.0, 5000.0]], "distances": [[0.0, 68.99, 70.94, 50.97, 83.03, 65.45, 73.59, 86.6, 90.52, 71.21, 77.87, 44.37, 83.89, 73.58, 68.81, 66.03, 98.84, 68.07, 54.77, 89.3, 59.65, 0.0], [0.0, 0.0, 37.41, 19.46, 28.2, 4.43, 10.02, 36.04, 50.14, 37.22, 45.76, 25.96, 29.36, 18.81, 27.46, 20.75, 61.01, 25.64, 14.81, 45.86, 24.45, 68.99], [0.0, 37.41, 0.0, 44.01, 20.49, 34.22, 29.93, 18.71, 19.85, 18.45, 9.22, 34.4, 20.5, 20.61, 9.96, 35.85, 29.53, 11.77, 40.66, 18.38, 16.56, 70.94], [0.0, 19.46, 44.01, 0.0, 43.17, 17.28, 27.25, 49.95, 61.35, 43.99, 53.22, 14.51, 44.32, 32.36, 35.53, 17.09, 72.13, 33.78, 4.83, 57.85, 27.5, 50.97], [0.0, 28.2, 20.49, 43.17, 0.0, 27.33, 18.21, 8.05, 23.41, 20.11, 24.42, 40.1, 15.04, 10.83, 15.36, 28.42, 33.81, 15.45, 38.57, 18.74, 23.47, 83.03], [0.0, 4.43, 34.22, 17.28, 27.33, 0.0, 10.07, 34.85, 48.21, 34.07, 42.86, 21.89, 28.5, 17.09, 24.37, 20.8, 59.13, 22.51, 12.45, 44.12, 20.41, 65.45], [0.0, 10.02, 29.93, 27.25, 18.21, 10.07, 0.0, 26.11, 40.6, 29.67, 37.51, 29.26, 19.36, 9.68, 20.17, 10.73, 51.39, 18.56, 22.42, 36.2, 20.58, 73.59], [0.0, 36.04, 18.71, 49.95, 8.05, 34.85, 26.11, 0.0, 15.66, 18.32, 19.5, 45.21, 6.99, 17.84, 17.8, 36.04, 25.82, 18.71, 45.51, 10.92, 27.24, 86.6], [0.0, 50.14, 19.85, 61.35, 23.41, 48.21, 40.6, 15.66, 0.0, 19.64, 13.13, 53.57, 22.47, 31.34, 25.94, 49.6, 10.92, 27.61, 57.36, 4.75, 35.08, 90.52], [0.0, 37.22, 18.45, 43.99, 20.11, 34.07, 29.67, 18.32, 19.64, 0.0, 9.23, 34.49, 20.12, 20.33, 9.76, 35.69, 29.39, 11.59, 40.61, 18.1, 16.57, 71.21], [0.0, 45.76, 9.22, 53.22, 24.42, 42.86, 37.51, 19.5, 13.13, 9.23, 0.0, 43.4, 24.0, 27.87, 18.53, 44.45, 21.18, 20.4, 49.83, 13.79, 25.78, 77.87], [0.0, 25.96, 34.4, 14.51, 40.1, 21.89, 29.26, 45.21, 53.57, 34.49, 43.4, 0.0, 41.1, 29.86, 28.12, 22.83, 63.81, 26.78, 14.87, 50.88, 18.57, 44.37], [0.0, 29.36, 20.5, 44.32, 15.04, 28.5, 19.36, 6.99, 22.47, 20.12, 24.0, 41.1, 0.0, 11.97, 15.92, 29.59, 32.79, 16.14, 39.72, 17.78, 24.28, 83.89], [0.0, 18.81, 20.61, 32.36, 10.83, 17.09, 9.68, 17.84, 31.34, 20.33, 27.87, 29.86, 11.97, 0.0, 11.33, 18.38, 42.22, 10.08, 27.8, 27.11, 15.35, 73.58], [0.0, 27.46, 9.96, 35.53, 15.36, 24.37, 20.17, 17.8, 25.94, 9.76, 18.53, 28.12, 15.92, 11.33, 0.0, 25.98, 36.62, 18.17, 31.76, 22.85, 9.64, 68.81], [0.0, 20.75, 35.85, 17.09, 28.42, 20.8, 10.73, 36.04, 49.6, 35.69, 44.45, 22.83, 29.59, 18.38, 25.98, 0.0, 60.52, 24.12, 12.31, 45.47, 22.07, 66.03], [0.0, 61.01, 29.53, 72.13, 33.81, 59.13, 51.39, 25.82, 10.92, 29.39, 21.18, 63.81, 32.79, 42.22, 36.62, 60.52, 0.0, 38.35, 68.21, 15.19, 45.49, 98.84], [0.0, 25.64, 11.77, 33.78, 15.45, 22.51, 18.56, 18.71, 27.61, 11.59, 20.4, 26.78, 16.14, 10.08, 18.17, 24.12, 38.35, 0.0, 29.96, 24.39, 8.53, 68.07], [0.0, 14.81, 40.66, 4.83, 38.57, 12.45, 22.42, 45.51, 57.36, 40.61, 49.83, 14.87, 39.72, 27.8, 31.76, 12.31, 68.21, 29.96, 0.0, 53.72, 24.39, 54.77], [0.0, 45.86, 18.38, 57.85, 18.74, 44.12, 36.2, 10.92, 4.75, 18.1, 13.79, 50.88, 17.78, 27.11, 22.85, 45.47, 15.19, 24.39, 53.72, 0.0, 32.31, 89.3], [0.0, 24.45, 16.56, 27.5, 23.47, 20.41, 20.58, 27.24, 35.08, 16.57, 25.78, 18.57, 24.28, 15.35, 9.64, 22.07, 45.49, 8.53, 24.39, 32.31, 0.0, 59.65], [0.0, 0.0, 0.0, 0.0, 0.0, 0.0, 0.0, 0.0, 0.0, 0.0, 0.0, 0.0, 0.0, 0.0, 0.0, 0.0, 0.0, 0.0, 0.0, 0.0, 0.0, 0.0]], "time_windows": [[0.0, 5000.0], [0.0, 117.0], [0.0, 163.0], [0.0, 277.0], [0.0, 378.0], [0.0, 423.0], [0.0, 439.0], [0.0, 492.0], [0.0, 536.0], [0.0, 593.0], [0.0, 615.0], [0.0, 689.0], [0.0, 746.0], [0.0, 762.0], [0.0, 779.0], [0.0, 819.0], [0.0, 938.0], [0.0, 998.0], [0.0, 1035.0], [0.0, 1096.0], [0.0, 1129.0], [0.0, 5000.0]], "start_depot": 0, "end_depot": 21, "horizon": [0.0, 5000.0]}