{"digraph": {"vertex_count": 22, "arc_count": 420, "arcs": [[0, 1, 1, 1, 1, 1, 1, 1, 1, 1, 1, 1, 1, 1, 1, 1, 1, 1, 1, 1, 1, 1], [0, 0, 1, 1, 1, 1, 1, 1, 1, 1, 1, 1, 1, 1, 1, 1, 1, 1, 1, 1, 1, 1], [0, 1, 0, 1, 1, 1, 1, 1, 1, 1, 1, 1, 1, 1, 1, 1, 1, 1, 1, 1, 1, 1], [0, 1, 1, 0, 1, 1, 1, 1, 1, 1, 1, 1, 1, 1, 1, 1, 1, 1, 1, 1, 1, 1], [0, 1, 1, 1, 0, 1, 1, 1, 1, 1, 1, 1, 1, 1, 1, 1, 1, 1, 1, 1, 1, 1], [0, 1, 1, 1, 1, 0, 1, 1, 1, 1, 1, 1, 1, 1, 1, 1, 1, 1, 1, 1, 1, 1], [0, 1, 1, 1, 1, 1, 0, 1, 1, 1, 1, 1, 1, 1, 1, 1, 1, 1, 1, 1, 1, 1], [0, 1, 1, 1, 1, 1, 1, 0, 1, 1, 1, 1, 1, 1, 1, 1, 1, 1, 1, 1, 1, 1], [0, 1, 1, 1, 1, 1, 1, 1, 0, 1, 1, 1, 1, 1, 1, 1, 1, 1, 1, 1, 1, 1], [0, 1, 1, 1, 1, 1, 1, 1, 1, 0, 1, 1, 1, 1, 1, 1, 1, 1, 1, 1, 1, 1], [0, 1, 1, 1, 1, 1, 1, 1, 1, 1, 0, 1, 1, 1, 1, 1, 1, 1, 1, 1, 1, 1], [0, 1, 1, 1, 1, 1, 1, 1, 1, 1, 1, 0, 1, 1, 1, 1, 1, 1, 1, 1, 1, 1], [0, 1, 1, 1, 1, 1, 1, 1, 1, 1, 1, 1, 0, 1, 1, 1, 1, 1, 1, 1, 1, 1], [0, 1, 1, 1, 1, 1, 1, 1, 1, 1, 1, 1, 1, 0, 1, 1, 1, 1, 1, 1, 1, 1], [0, 1, 1, 1, 1, 1, 1, 1, 1, 1, 1, 1, 1, 1, 0, 1, 1, 1, 1, 1, 1, 1], [0, 1, 1, 1, 1, 1, 1, 1, 1, 1, 1, 1, 1, 1, 1, 0, 1, 1, 1, 1, 1, 1], [0, 1, 1, 1, 1, 1, 1, 1, 1, 1, 1, 1, 1, 1, 1, 1, 0, 1, 1, 1, 1, 1], [0, 1, 1, 1, 1, 1, 1, 1, 1, 1, 1, 1, 1, 1, 1, 1, 1, 0, 1, 1, 1, 1], [0, 1, 1, 1, 1, 1, 1, 1, 1, 1, 1, 1, 1, 1, 1, 1, 1, 1, 0, 1, 1, 1], [0, 1, 1, 1, 1, 1, 1, 1, 1, 1, 1, 1, 1, 1, 1, 1, 1, 1, 1, 0, 1, 1], [0, 1, 1, 1, 1, 1, 1, 1, 1, 1, 1, 1, 1, 1, 1, 1, 1, 1, 1, 1, 0, 1], [0, 0, 0, 0, 0, 0, 0, 0, 0, 0, 0, 0, 0, 0, 0, 0, 0, 0, 0, 0, 0, 0]]}, "cluster_count": 3, "cluster_speeds": [[0.925, 0.85, 0.925, 1.0, 0.8325, 0.765, 0.8325, 0.9, 0.4625, 0.425, 0.4625, 0.5, 0.30525, 0.2805, 0.30525, 0.33, 0.37, 0.34, 0.37, 0.4, 0.555, 0.51, 0.555, 0.6, 0.6475, 0.595, 0.6475, 0.7, 0.37, 0.34, 0.37, 0.4, 0.30525, 0.2805, 0.30525, 0.33, 0.4625, 0.425, 0.4625, 0.5, 0.6475, 0.595, 0.6475, 0.7, 0.74, 0.68, 0.74, 0.8, 0.6475, 0.595, 0.6475, 0.7, 0.4625, 0.425, 0.4625, 0.5, 0.555, 0.51, 0.555, 0.6, 0.6475, 0.595, 0.6475, 0.7, 0.8325, 0.765, 0.8325, 0.9, 0.925, 0.85, 0.925, 1.0, 1.0], [0.6475, 0.595, 0.6475, 0.7, 0.58275, 0.5355, 0.58275, 0.63, 0.32375, 0.2975, 0.32375, 0.35, 0.213675, 0.19635, 0.213675, 0.23099999999999998, 0.259, 0.238, 0.259, 0.27999999999999997, 0.3885, 0.357, 0.3885, 0.42, 0.6475, 0.595, 0.6475, 0.7, 0.37, 0.34, 0.37, 0.4, 0.30525, 0.2805, 0.30525, 0.33, 0.4625, 0.425, 0.4625, 0.5, 0.6475, 0.595, 0.6475, 0.7, 0.74, 0.68, 0.74, 0.8, 0.45324999999999993, 0.4165, 0.45324999999999993, 0.48999999999999994, 0.32375, 0.2975, 0.32375, 0.35, 0.3885, 0.357, 0.3885, 0.42, 0.45324999999999993, 0.4165, 0.45324999999999993, 0.48999999999999994, 0.58275, 0.5355, 0.58275, 0.63, 0.6475, 0.595, 0.6475, 0.7, 0.7], [0.87875, 0.8075, 0.87875, 0.95, 0.790875, 0.72675, 0.790875, 0.855, 0.439375, 0.40375, 0.439375, 0.475, 0.2899875, 0.266475, 0.2899875, 0.3135, 0.3515, 0.323, 0.3515, 0.38, 0.52725, 0.4845, 0.52725, 0.57, 0.6475, 0.595, 0.6475, 0.7, 0.37, 0.34, 0.37, 0.4, 0.30525, 0.2805, 0.30525, 0.33, 0.4625, 0.425, 0.4625, 0.5, 0.6475, 0.595, 0.6475, 0.7, 0.74, 0.68, 0.74, 0.8, 0.6151249999999999, 0.5652499999999999, 0.6151249999999999, 0.6649999999999999, 0.439375, 0.40375, 0.439375, 0.475, 0.52725, 0.4845, 0.52725, 0.57, 0.6151249999999999, 0.5652499999999999, 0.6151249999999999, 0.6649999999999999, 0.790875, 0.72675, 0.790875, 0.855, 0.87875, 0.8075, 0.87875, 0.95, 0.95]], "clusters": [[-1, 2, 2, 2, 2, 2, 2, 2, 2, 2, 2, 2, 2, 2, 2, 2, 2, 2, 2, 2, 2, 2], [0, -1, 0, 0, 0, 0, 0, 0, 0, 0, 0, 0, 0, 0, 0, 0, 0, 0, 0, 0, 0, 0], [2, 2, -1, 2, 2, 2, 2, 2, 2, 2, 2, 2, 2, 2, 2, 2, 2, 2, 2, 2, 2, 2], [1, 1, 1, -1, 1, 1, 1, 1, 1, 1, 1, 1, 1, 1, 1, 1, 1, 1, 1, 1, 1, 1], [0, 0, 0, 0, -1, 0, 0, 0, 0, 0, 0, 0, 0, 0, 0, 0, 0, 0, 0, 0, 0, 0], [1, 1, 1, 1, 1, -1, 1, 1, 1, 1, 1, 1, 1, 1, 1, 1, 1, 1, 1, 1, 1, 1], [0, 0, 0, 0, 0, 0, -1, 0, 0, 0, 0, 0, 0, 0, 0, 0, 0, 0, 0, 0, 0, 0], [0, 0, 0, 0, 0, 0, 0, -1, 0, 0, 0, 0, 0, 0, 0, 0, 0, 0, 0, 0, 0, 0], [0, 0, 0, 0, 0, 0, 0, 0, -1, 0, 0, 0, 0, 0, 0, 0, 0, 0, 0, 0, 0, 0], [1, 1, 1, 1, 1, 1, 1, 1, 1, -1, 1, 1, 1, 1, 1, 1, 1, 1, 1, 1, 1, 1], [1, 1, 1, 1, 1, 1, 1, 1, 1, 1, -1, 1, 1, 1, 1, 1, 1, 1, 1, 1, 1, 1], [0, 0, 0, 0, 0, 0, 0, 0, 0, 0, 0, -1, 0, 0, 0, 0, 0, 0, 0, 0, 0, 0], [2, 2, 2, 2, 2, 2, 2, 2, 2, 2, 2, 2, -1, 2, 2, 2, 2, 2, 2, 2, 2, 2], [1, 1, 1, 1, 1, 1, 1, 1, 1, 1, 1, 1, 1, -1, 1, 1, 1, 1, 1, 1, 1, 1], [0, 0, 0, 0, 0, 0, 0, 0, 0, 0, 0, 0, 0, 0, -1, 0, 0, 0, 0, 0, 0, 0], [2, 2, 2, 2, 2, 2, 2, 2, 2, 2, 2, 2, 2, 2, 2, -1, 2, 2, 2, 2, 2, 2], [0, 0, 0, 0, 0, 0, 0, 0, 0, 0, 0, 0, 0, 0, 0, 0, -1, 0, 0, 0, 0, 0], [0, 0, 0, 0, 0, 0, 0, 0, 0, 0, 0, 0, 0, 0, 0, 0, 0, -1, 0, 0, 0, 0], [1, 1, 1, 1, 1, 1, 1, 1, 1, 1, 1, 1, 1, 1, 1, 1, 1, 1, -1, 1, 1, 1], [0, 0, 0, 0, 0, 0, 0, 0, 0, 0, 0, 0, 0, 0, 0, 0, 0, 0, 0, -1, 0, 0], [1, 1, 1, 1, 1, 1, 1, 1, 1, 1, 1, 1, 1, 1, 1, 1, 1, 1, 1, 1, -1, 1], [2, 2, 2, 2, 2, 2, 2, 2, 2, 2, 2, 2, 2, 2, 2, 2, 2, 2, 2, 2, 2, -1]], "speed_zone_count": 73, "speed_zones": [[0.0, 15.0], [15.0, 30.0], [30.0, 45.0], [45.0, 60.0], [60.0, 75.0], [75.0, 90.0], [90.0, 105.0], [105.0, 120.0], [120.0, 135.0], [135.0, 150.0], [150.0, 165.0], [165.0, 180.0], [180.0, 195.0], [195.0, 210.0], [210.0, 225.0], [225.0, 240.0], [240.0, 255.0], [255.0, 270.0], [270.0, 285.0], [285.0, 300.0], [300.0, 315.0], [315.0, 330.0], [330.0, 345.0], [345.0, 360.0], [360.0, 375.0], [375.0, 390.0], [390.0, 405.0], [405.0, 420.0], [420.0, 435.0], [435.0, 450.0], [450.0, 465.0], [465.0, 480.0], [480.0, 495.0], [495.0, 510.0], [510.0, 525.0], [525.0, 540.0], [540.0, 555.0], [555.0, 570.0], [570.0, 585.0], [585.0, 600.0], [600.0, 615.0], [615.0, 630.0], [630.0, 645.0], [645.0, 660.0], [660.0, 675.0], [675.0, 690.0], [690.0, 705.0], [705.0, 720.0], [720.0, 735.0], [735.0, 750.0], [750.0, 765.0], [765.0, 780.0], [780.0, 795.0], [795.0, 810.0], [810.0, 825.0], [825.0, 840.0], [840.0, 855.0], [855.0, 870.0], [870.0, 885.0], [885.0, 900.0], [900.0, 915.0], [915.0, 930.0], [930.0, 945.0], [945.0, 960.0], [960.0, 975.0], [975.0, 990.0], [990.0, 1005.0], [1005.0, 1020.0], [1020.0, 1035.0], [1035.0, 1050.0], [1050.0, 1065.0], [1065.0, 1080.0], [1080.0, 5000.0]], "distances": [[0.0, 60.32, 84.75, 85.76, 61.33, 70.41, 73.14, 76.83, 69.11, 61.59, 63.22, 73.78, 63.05, 74.64, 73.05, 95.34, 63.78, 84.89, 88.77, 66.51, 57.34, 0.0], [0.0, 0.0, 35.63, 26.34, 6.76, 13.16, 12.92, 23.62, 14.83, 12.88, 8.71, 13.98, 31.2, 25.23, 13.17, 38.41, 8.54, 26.69, 30.38, 9.74, 6.89, 60.32], [0.0, 35.63, 0.0, 22.98, 29.74, 40.46, 29.07, 12.26, 20.8, 47.09, 42.01, 34.89, 65.59, 10.98, 34.54, 17.59, 27.33, 18.53, 19.38, 25.93, 42.51, 84.75], [0.0, 26.34, 22.98, 0.0, 24.45, 23.22, 13.79, 15.35, 18.05, 32.76, 28.08, 17.01, 49.3, 20.53, 17.17, 14.04, 22.11, 4.45, 5.38, 19.33, 31.69, 85.76], [0.0, 6.76, 29.74, 24.45, 0.0, 18.15, 13.11, 18.19, 9.2, 19.62, 15.22, 16.76, 37.95, 19.01, 15.91, 34.83, 15.3, 23.7, 27.57, 5.21, 13.37, 61.33], [0.0, 13.16, 40.46, 23.22, 18.15, 0.0, 11.41, 28.42, 21.93, 10.3, 7.19, 6.23, 26.19, 31.97, 6.23, 37.19, 18.34, 25.72, 28.45, 17.41, 13.15, 70.41], [0.0, 12.92, 29.07, 13.79, 13.11, 11.41, 0.0, 17.17, 12.1, 19.53, 14.6, 6.04, 37.23, 21.13, 5.54, 26.98, 11.64, 15.15, 18.43, 9.32, 17.9, 73.14], [0.0, 23.62, 12.26, 15.35, 18.19, 28.42, 17.17, 0.0, 9.0, 34.84, 29.75, 23.14, 53.33, 5.19, 22.7, 18.83, 15.63, 11.56, 14.65, 13.89, 30.45, 76.83], [0.0, 14.83, 20.8, 18.05, 9.2, 21.93, 12.1, 9.0, 0.0, 26.74, 21.77, 17.89, 45.35, 10.57, 17.22, 26.3, 6.63, 16.06, 19.9, 5.21, 21.72, 69.11], [0.0, 12.88, 47.09, 32.76, 19.62, 10.3, 19.53, 34.84, 26.74, 0.0, 5.1, 15.98, 18.61, 37.32, 15.67, 46.43, 21.11, 34.65, 37.77, 21.55, 7.54, 61.59], [0.0, 8.71, 42.01, 28.08, 15.22, 7.19, 14.6, 29.75, 21.77, 5.1, 0.0, 11.76, 23.62, 32.33, 11.29, 41.57, 16.42, 29.75, 32.97, 16.61, 6.1, 63.22], [0.0, 13.98, 34.89, 17.01, 16.76, 6.23, 6.04, 23.14, 17.89, 15.98, 11.76, 0.0, 32.42, 27.17, 11.58, 30.95, 16.04, 19.52, 22.22, 14.29, 16.74, 73.78], [0.0, 31.2, 65.59, 49.3, 37.95, 26.19, 37.23, 53.33, 45.35, 18.61, 23.62, 32.42, 0.0, 55.93, 32.41, 63.33, 39.63, 51.92, 54.6, 40.16, 24.78, 63.05], [0.0, 25.23, 10.98, 20.53, 19.01, 31.97, 21.13, 5.19, 10.57, 37.32, 32.33, 27.17, 55.93, 0.0, 26.63, 22.43, 16.74, 16.64, 19.49, 15.77, 32.11, 74.64], [0.0, 13.17, 34.54, 17.17, 15.91, 6.23, 5.54, 22.7, 17.22, 15.67, 11.29, 11.58, 32.41, 26.63, 0.0, 31.04, 15.22, 19.5, 22.32, 13.51, 16.09, 73.05], [0.0, 38.41, 17.59, 14.04, 34.83, 37.19, 26.98, 18.83, 26.3, 46.43, 41.57, 30.95, 63.33, 22.43, 31.04, 0.0, 32.21, 11.87, 8.73, 29.7, 44.48, 95.34], [0.0, 8.54, 27.33, 22.11, 15.3, 18.34, 11.64, 15.63, 6.63, 21.11, 16.42, 16.04, 39.63, 16.74, 15.22, 32.21, 0.0, 21.16, 25.04, 11.84, 15.39, 63.78], [0.0, 26.69, 18.53, 4.45, 23.7, 25.72, 15.15, 11.56, 16.06, 34.65, 29.75, 19.52, 51.92, 16.64, 19.5, 11.87, 21.16, 0.0, 9.83, 18.49, 32.64, 84.89], [0.0, 30.38, 19.38, 5.38, 27.57, 28.45, 18.43, 14.65, 19.9, 37.77, 32.97, 22.22, 54.6, 19.49, 22.32, 8.73, 25.04, 9.83, 0.0, 22.36, 36.17, 88.77], [0.0, 9.74, 25.93, 19.33, 5.21, 17.41, 9.32, 13.89, 5.21, 21.55, 16.61, 14.29, 40.16, 15.77, 13.51, 29.7, 11.84, 18.49, 22.36, 0.0, 16.59, 66.51], [0.0, 6.89, 42.51, 31.69, 13.37, 13.15, 17.9, 30.45, 21.72, 7.54, 6.1, 16.74, 24.78, 32.11, 16.09, 44.48, 15.39, 32.64, 36.17, 16.59, 0.0, 57.34], [0.0, 0.0, 0.0, 0.0, 0.0, 0.0, 0.0, 0.0, 0.0, 0.0, 0.0, 0.0, 0.0, 0.0, 0.0, 0.0, 0.0, 0.0, 0.0, 0.0, 0.0, 0.0]], "time_windows": [[0.0, 5000.0], [0.0, 106.0], [0.0, 150.0], [0.0, 191.0], [0.0, 255.0], [0.0, 309.0], [0.0, 339.0], [0.0, 371.0], [0.0, 387.0], [0.0, 431.0], [0.0, 439.0], [0.0, 456.0], [0.0, 544.0], [0.0, 668.0], [0.0, 707.0], [0.0, 750.0], [0.0, 798.0], [0.0, 833.0], [0.0, 856.0], [0.0, 899.0], [0.0, 930.0], [0.0, 5000.0]], "start_depot": 0, "end_depot": 21, "horizon": [0.0, 5000.0]}