{"digraph": {"vertex_count": 22, "arc_count": 420, "arcs": [[0, 1, 1, 1, 1, 1, 1, 1, 1, 1, 1, 1, 1, 1, 1, 1, 1, 1, 1, 1, 1, 1], [0, 0, 1, 1, 1, 1, 1, 1, 1, 1, 1, 1, 1, 1, 1, 1, 1, 1, 1, 1, 1, 1], [0, 1, 0, 1, 1, 1, 1, 1, 1, 1, 1, 1, 1, 1, 1, 1, 1, 1, 1, 1, 1, 1], [0, 1, 1, 0, 1, 1, 1, 1, 1, 1, 1, 1, 1, 1, 1, 1, 1, 1, 1, 1, 1, 1], [0, 1, 1, 1, 0, 1, 1, 1, 1, 1, 1, 1, 1, 1, 1, 1, 1, 1, 1, 1, 1, 1], [0, 1, 1, 1, 1, 0, 1, 1, 1, 1, 1, 1, 1, 1, 1, 1, 1, 1, 1, 1, 1, 1], [0, 1, 1, 1, 1, 1, 0, 1, 1, 1, 1, 1, 1, 1, 1, 1, 1, 1, 1, 1, 1, 1], [0, 1, 1, 1, 1, 1, 1, 0, 1, 1, 1, 1, 1, 1, 1, 1, 1, 1, 1, 1, 1, 1], [0, 1, 1, 1, 1, 1, 1, 1, 0, 1, 1, 1, 1, 1, 1, 1, 1, 1, 1, 1, 1, 1], [0, 1, 1, 1, 1, 1, 1, 1, 1, 0, 1, 1, 1, 1, 1, 1, 1, 1, 1, 1, 1, 1], [0, 1, 1, 1, 1, 1, 1, 1, 1, 1, 0, 1, 1, 1, 1, 1, 1, 1, 1, 1, 1, 1], [0, 1, 1, 1, 1, 1, 1, 1, 1, 1, 1, 0, 1, 1, 1, 1, 1, 1, 1, 1, 1, 1], [0, 1, 1, 1, 1, 1, 1, 1, 1, 1, 1, 1, 0, 1, 1, 1, 1, 1, 1, 1, 1, 1], [0, 1, 1, 1, 1, 1, 1, 1, 1, 1, 1, 1, 1, 0, 1, 1, 1, 1, 1, 1, 1, 1], [0, 1, 1, 1, 1, 1, 1, 1, 1, 1, 1, 1, 1, 1, 0, 1, 1, 1, 1, 1, 1, 1], [0, 1, 1, 1, 1, 1, 1, 1, 1, 1, 1, 1, 1, 1, 1, 0, 1, 1, 1, 1, 1, 1], [0, 1, 1, 1, 1, 1, 1, 1, 1, 1, 1, 1, 1, 1, 1, 1, 0, 1, 1, 1, 1, 1], [0, 1, 1, 1, 1, 1, 1, 1, 1, 1, 1, 1, 1, 1, 1, 1, 1, 0, 1, 1, 1, 1], [0, 1, 1, 1, 1, 1, 1, 1, 1, 1, 1, 1, 1, 1, 1, 1, 1, 1, 0, 1, 1, 1], [0, 1, 1, 1, 1, 1, 1, 1, 1, 1, 1, 1, 1, 1, 1, 1, 1, 1, 1, 0, 1, 1], [0, 1, 1, 1, 1, 1, 1, 1, 1, 1, 1, 1, 1, 1, 1, 1, 1, 1, 1, 1, 0, 1], [0, 0, 0, 0, 0, 0, 0, 0, 0, 0, 0, 0, 0, 0, 0, 0, 0, 0, 0, 0, 0, 0]]}, "cluster_count": 3, "cluster_speeds": [[0.6475, 0.595, 0.6475, 0.7, 0.58275, 0.5355, 0.58275, 0.63, 0.32375, 0.2975, 0.32375, 0.35, 0.213675, 0.19635, 0.213675, 0.23099999999999998, 0.259, 0.238, 0.259, 0.27999999999999997, 0.3885, 0.357, 0.3885, 0.42, 0.6475, 0.595, 0.6475, 0.7, 0.37, 0.34, 0.37, 0.4, 0.30525, 0.2805, 0.30525, 0.33, 0.4625, 0.425, 0.4625, 0.5, 0.6475, 0.595, 0.6475, 0.7, 0.74, 0.68, 0.74, 0.8, 0.45324999999999993, 0.4165, 0.45324999999999993, 0.48999999999999994, 0.32375, 0.2975, 0.32375, 0.35, 0.3885, 0.357, 0.3885, 0.42, 0.45324999999999993, 0.4165, 0.45324999999999993, 0.48999999999999994, 0.58275, 0.5355, 0.58275, 0.63, 0.6475, 0.595, 0.6475, 0.7, 0.7], [0.7400000000000001, 0.68, 0.7400000000000001, 0.8, 0.666, 0.6120000000000001, 0.666, 0.7200000000000001, 0.37000000000000005, 0.34, 0.37000000000000005, 0.4, 0.24420000000000003, 0.22440000000000004, 0.24420000000000003, 0.264, 0.296, 0.272, 0.296, 0.32000000000000006, 0.44400000000000006, 0.40800000000000003, 0.44400000000000006, 0.48, 0.6475, 0.595, 0.6475, 0.7, 0.37, 0.34, 0.37, 0.4, 0.30525, 0.2805, 0.30525, 0.33, 0.4625, 0.425, 0.4625, 0.5, 0.6475, 0.595, 0.6475, 0.7, 0.74, 0.68, 0.74, 0.8, 0.518, 0.476, 0.518, 0.5599999999999999, 0.37000000000000005, 0.34, 0.37000000000000005, 0.4, 0.44400000000000006, 0.40800000000000003, 0.44400000000000006, 0.48, 0.518, 0.476, 0.518, 0.5599999999999999, 0.666, 0.6120000000000001, 0.666, 0.7200000000000001, 0.7400000000000001, 0.68, 0.7400000000000001, 0.8, 0.8], [0.925, 0.85, 0.925, 1.0, 0.8325, 0.765, 0.8325, 0.9, 0.4625, 0.425, 0.4625, 0.5, 0.30525, 0.2805, 0.30525, 0.33, 0.37, 0.34, 0.37, 0.4, 0.555, 0.51, 0.555, 0.6, 0.6475, 0.595, 0.6475, 0.7, 0.37, 0.34, 0.37, 0.4, 0.30525, 0.2805, 0.30525, 0.33, 0.4625, 0.425, 0.4625, 0.5, 0.6475, 0.595, 0.6475, 0.7, 0.74, 0.68, 0.74, 0.8, 0.6475, 0.595, 0.6475, 0.7, 0.4625, 0.425, 0.4625, 0.5, 0.555, 0.51, 0.555, 0.6, 0.6475, 0.595, 0.6475, 0.7, 0.8325, 0.765, 0.8325, 0.9, 0.925, 0.85, 0.925, 1.0, 1.0]], "clusters": [[-1, 2, 2, 2, 2, 2, 2, 2, 2, 2, 2, 2, 2, 2, 2, 2, 2, 2, 2, 2, 2, 2], [1, -1, 1, 1, 1, 1, 1, 1, 1, 1, 1, 1, 1, 1, 1, 1, 1, 1, 1, 1, 1, 1], [1, 1, -1, 1, 1, 1, 1, 1, 1, 1, 1, 1, 1, 1, 1, 1, 1, 1, 1, 1, 1, 1], [2, 2, 2, -1, 2, 2, 2, 2, 2, 2, 2, 2, 2, 2, 2, 2, 2, 2, 2, 2, 2, 2], [1, 1, 1, 1, -1, 1, 1, 1, 1, 1, 1, 1, 1, 1, 1, 1, 1, 1, 1, 1, 1, 1], [0, 0, 0, 0, 0, -1, 0, 0, 0, 0, 0, 0, 0, 0, 0, 0, 0, 0, 0, 0, 0, 0], [2, 2, 2, 2, 2, 2, -1, 2, 2, 2, 2, 2, 2, 2, 2, 2, 2, 2, 2, 2, 2, 2], [0, 0, 0, 0, 0, 0, 0, -1, 0, 0, 0, 0, 0, 0, 0, 0, 0, 0, 0, 0, 0, 0], [1, 1, 1, 1, 1, 1, 1, 1, -1, 1, 1, 1, 1, 1, 1, 1, 1, 1, 1, 1, 1, 1], [0, 0, 0, 0, 0, 0, 0, 0, 0, -1, 0, 0, 0, 0, 0, 0, 0, 0, 0, 0, 0, 0], [1, 1, 1, 1, 1, 1, 1, 1, 1, 1, -1, 1, 1, 1, 1, 1, 1, 1, 1, 1, 1, 1], [1, 1, 1, 1, 1, 1, 1, 1, 1, 1, 1, -1, 1, 1, 1, 1, 1, 1, 1, 1, 1, 1], [0, 0, 0, 0, 0, 0, 0, 0, 0, 0, 0, 0, -1, 0, 0, 0, 0, 0, 0, 0, 0, 0], [2, 2, 2, 2, 2, 2, 2, 2, 2, 2, 2, 2, 2, -1, 2, 2, 2, 2, 2, 2, 2, 2], [1, 1, 1, 1, 1, 1, 1, 1, 1, 1, 1, 1, 1, 1, -1, 1, 1, 1, 1, 1, 1, 1], [0, 0, 0, 0, 0, 0, 0, 0, 0, 0, 0, 0, 0, 0, 0, -1, 0, 0, 0, 0, 0, 0], [0, 0, 0, 0, 0, 0, 0, 0, 0, 0, 0, 0, 0, 0, 0, 0, -1, 0, 0, 0, 0, 0], [0, 0, 0, 0, 0, 0, 0, 0, 0, 0, 0, 0, 0, 0, 0, 0, 0, -1, 0, 0, 0, 0], [1, 1, 1, 1, 1, 1, 1, 1, 1, 1, 1, 1, 1, 1, 1, 1, 1, 1, -1, 1, 1, 1], [2, 2, 2, 2, 2, 2, 2, 2, 2, 2, 2, 2, 2, 2, 2, 2, 2, 2, 2, -1, 2, 2], [1, 1, 1, 1, 1, 1, 1, 1, 1, 1, 1, 1, 1, 1, 1, 1, 1, 1, 1, 1, -1, 1], [2, 2, 2, 2, 2, 2, 2, 2, 2, 2, 2, 2, 2, 2, 2, 2, 2, 2, 2, 2, 2, -1]], "speed_zone_count": 73, "speed_zones": [[0.0, 15.0], [15.0, 30.0], [30.0, 45.0], [45.0, 60.0], [60.0, 75.0], [75.0, 90.0], [90.0, 105.0], [105.0, 120.0], [120.0, 135.0], [135.0, 150.0], [150.0, 165.0], [165.0, 180.0], [180.0, 195.0], [195.0, 210.0], [210.0, 225.0], [225.0, 240.0], [240.0, 255.0], [255.0, 270.0], [270.0, 285.0], [285.0, 300.0], [300.0, 315.0], [315.0, 330.0], [330.0, 345.0], [345.0, 360.0], [360.0, 375.0], [375.0, 390.0], [390.0, 405.0], [405.0, 420.0], [420.0, 435.0], [435.0, 450.0], [450.0, 465.0], [465.0, 480.0], [480.0, 495.0], [495.0, 510.0], [510.0, 525.0], [525.0, 540.0], [540.0, 555.0], [555.0, 570.0], [570.0, 585.0], [585.0, 600.0], [600.0, 615.0], [615.0, 630.0], [630.0, 645.0], [645.0, 660.0], [660.0, 675.0], [675.0, 690.0], [690.0, 705.0], [705.0, 720.0], [720.0, 735.0], [735.0, 750.0], [750.0, 765.0], [765.0, 780.0], [780.0, 795.0], [795.0, 810.0], [810.0, 825.0], [825.0, 840.0], [840.0, 855.0], [855.0, 870.0], [870.0, 885.0], [885.0, 900.0], [900.0, 915.0], [915.0, 930.0], [930.0, 945.0], [945.0, 960.0], [960.0, 975.0], [975.0, 990.0], [990.0, 1005.0], [1005.0, 1020.0], [1020.0, 1035.0], [1035.0, 1050.0], [1050.0, 1065.0], [1065.0, 1080.0], [1080.0, 5000.0]], "distances": [[0.0, 60.89, 55.05, 105.61, 77.17, 73.33, 100.67, 60.27, 86.84, 73.8, 86.19, 57.05, 72.11, 53.8, 68.06, 69.32, 70.04, 84.05, 53.67, 99.95, 75.3, 0.0], [0.0, 0.0, 11.66, 59.57, 37.19, 14.26, 48.59, 17.08, 33.95, 15.64, 32.26, 14.31, 12.92, 8.56, 8.35, 26.48, 13.34, 28.11, 11.29, 55.49, 35.32, 60.89], [0.0, 11.66, 0.0, 56.14, 30.27, 18.82, 47.63, 8.13, 33.0, 18.94, 31.94, 9.86, 17.75, 14.06, 19.65, 19.45, 15.07, 29.19, 18.07, 51.32, 28.22, 55.05], [0.0, 59.57, 56.14, 0.0, 28.43, 47.05, 14.99, 48.41, 26.36, 45.09, 28.48, 61.63, 48.16, 67.38, 60.22, 37.43, 46.33, 33.47, 57.98, 5.86, 30.33, 105.61], [0.0, 37.19, 30.27, 28.43, 0.0, 29.28, 26.3, 22.14, 18.32, 27.28, 19.73, 38.01, 29.77, 43.45, 41.05, 10.93, 26.14, 22.7, 32.07, 22.83, 19.87, 77.17], [0.0, 14.26, 18.82, 47.05, 29.28, 0.0, 34.95, 17.63, 20.77, 26.74, 18.8, 17.58, 8.84, 22.82, 13.18, 20.61, 4.59, 14.21, 19.89, 43.63, 27.88, 73.33], [0.0, 48.59, 47.63, 14.99, 26.3, 34.95, 0.0, 40.83, 14.79, 33.19, 16.34, 51.24, 36.19, 56.91, 47.79, 31.45, 35.31, 20.75, 49.38, 15.29, 27.5, 100.67], [0.0, 17.08, 8.13, 48.41, 22.14, 17.63, 40.83, 0.0, 26.61, 16.85, 25.93, 16.72, 17.03, 21.73, 23.59, 11.35, 13.07, 24.15, 9.94, 43.44, 20.09, 60.27], [0.0, 33.95, 33.0, 26.36, 18.32, 20.77, 14.79, 26.61, 0.0, 18.86, 12.36, 36.49, 21.92, 42.18, 33.9, 18.76, 20.62, 7.3, 34.72, 23.41, 18.46, 86.84], [0.0, 15.64, 18.94, 45.09, 27.28, 26.74, 33.19, 16.85, 18.86, 0.0, 16.95, 18.75, 27.34, 24.16, 15.19, 18.86, 27.65, 12.52, 20.17, 41.6, 25.92, 73.8], [0.0, 32.26, 31.94, 28.48, 19.73, 18.8, 16.34, 25.93, 12.36, 16.95, 0.0, 34.92, 19.99, 40.58, 31.87, 18.96, 18.97, 5.05, 33.62, 25.65, 19.67, 86.19], [0.0, 14.31, 9.86, 61.63, 38.01, 17.58, 51.24, 16.72, 36.49, 18.75, 34.92, 0.0, 16.24, 5.75, 11.81, 27.11, 15.97, 31.03, 8.96, 57.32, 36.05, 57.05], [0.0, 12.92, 17.75, 48.16, 29.77, 8.84, 36.19, 17.03, 21.92, 27.34, 19.99, 16.24, 0.0, 21.48, 12.15, 20.76, 4.25, 15.47, 18.76, 44.65, 28.3, 72.11], [0.0, 8.56, 14.06, 67.38, 43.45, 22.82, 56.91, 21.73, 42.18, 24.16, 40.58, 5.75, 21.48, 0.0, 14.29, 32.53, 21.6, 36.58, 12.64, 63.05, 41.47, 53.8], [0.0, 8.35, 19.65, 60.22, 41.05, 13.18, 47.79, 23.59, 33.9, 15.19, 31.87, 11.81, 12.15, 14.29, 0.0, 31.05, 15.0, 27.09, 19.52, 56.79, 39.39, 68.06], [0.0, 26.48, 19.45, 37.43, 10.93, 20.61, 31.45, 11.35, 18.76, 18.86, 18.96, 27.11, 20.76, 32.53, 31.05, 0.0, 16.68, 19.4, 21.27, 32.27, 8.94, 69.32], [0.0, 13.34, 15.07, 46.33, 26.14, 4.59, 35.31, 13.07, 20.62, 27.65, 18.97, 15.97, 4.25, 21.6, 15.0, 16.68, 0.0, 15.13, 16.37, 42.45, 24.56, 70.04], [0.0, 28.11, 29.19, 33.47, 22.7, 14.21, 20.75, 24.15, 7.3, 12.52, 5.05, 31.03, 15.47, 36.58, 27.09, 19.4, 15.13, 0.0, 30.76, 30.7, 22.22, 84.05], [0.0, 11.29, 18.07, 57.98, 32.07, 19.89, 49.38, 9.94, 34.72, 20.17, 33.62, 8.96, 18.76, 12.64, 19.52, 21.27, 16.37, 30.76, 0.0, 53.15, 30.02, 53.67], [0.0, 55.49, 51.32, 5.86, 22.83, 43.63, 15.29, 43.44, 23.41, 41.6, 25.65, 57.32, 44.65, 63.05, 56.79, 32.27, 42.45, 30.7, 53.15, 0.0, 24.78, 99.95], [0.0, 35.32, 28.22, 30.33, 19.87, 27.88, 27.5, 20.09, 18.46, 25.92, 19.67, 36.05, 28.3, 41.47, 39.39, 8.94, 24.56, 22.22, 30.02, 24.78, 0.0, 75.3], [0.0, 0.0, 0.0, 0.0, 0.0, 0.0, 0.0, 0.0, 0.0, 0.0, 0.0, 0.0, 0.0, 0.0, 0.0, 0.0, 0.0, 0.0, 0.0, 0.0, 0.0, 0.0]], "time_windows": [[0.0, 5000.0], [0.0, 107.0], [0.0, 121.0], [0.0, 211.0], [0.0, 296.0], [0.0, 364.0], [0.0, 423.0], [0.0, 506.0], [0.0, 586.0], [0.0, 628.0], [0.0, 657.0], [0.0, 709.0], [0.0, 732.0], [0.0, 760.0], [0.0, 783.0], [0.0, 834.0], [0.0, 871.0], [0.0, 900.0], [0.0, 953.0], [0.0, 1028.0], [0.0, 1057.0], [0.0, 5000.0]], "start_depot": 0, "end_depot": 21, "horizon": [0.0, 5000.0]}