{"digraph": {"vertex_count": 22, "arc_count": 420, "arcs": [[0, 1, 1, 1, 1, 1, 1, 1, 1, 1, 1, 1, 1, 1, 1, 1, 1, 1, 1, 1, 1, 1], [0, 0, 1, 1, 1, 1, 1, 1, 1, 1, 1, 1, 1, 1, 1, 1, 1, 1, 1, 1, 1, 1], [0, 1, 0, 1, 1, 1, 1, 1, 1, 1, 1, 1, 1, 1, 1, 1, 1, 1, 1, 1, 1, 1], [0, 1, 1, 0, 1, 1, 1, 1, 1, 1, 1, 1, 1, 1, 1, 1, 1, 1, 1, 1, 1, 1], [0, 1, 1, 1, 0, 1, 1, 1, 1, 1, 1, 1, 1, 1, 1, 1, 1, 1, 1, 1, 1, 1], [0, 1, 1, 1, 1, 0, 1, 1, 1, 1, 1, 1, 1, 1, 1, 1, 1, 1, 1, 1, 1, 1], [0, 1, 1, 1, 1, 1, 0, 1, 1, 1, 1, 1, 1, 1, 1, 1, 1, 1, 1, 1, 1, 1], [0, 1, 1, 1, 1, 1, 1, 0, 1, 1, 1, 1, 1, 1, 1, 1, 1, 1, 1, 1, 1, 1], [0, 1, 1, 1, 1, 1, 1, 1, 0, 1, 1, 1, 1, 1, 1, 1, 1, 1, 1, 1, 1, 1], [0, 1, 1, 1, 1, 1, 1, 1, 1, 0, 1, 1, 1, 1, 1, 1, 1, 1, 1, 1, 1, 1], [0, 1, 1, 1, 1, 1, 1, 1, 1, 1, 0, 1, 1, 1, 1, 1, 1, 1, 1, 1, 1, 1], [0, 1, 1, 1, 1, 1, 1, 1, 1, 1, 1, 0, 1, 1, 1, 1, 1, 1, 1, 1, 1, 1], [0, 1, 1, 1, 1, 1, 1, 1, 1, 1, 1, 1, 0, 1, 1, 1, 1, 1, 1, 1, 1, 1], [0, 1, 1, 1, 1, 1, 1, 1, 1, 1, 1, 1, 1, 0, 1, 1, 1, 1, 1, 1, 1, 1], [0, 1, 1, 1, 1, 1, 1, 1, 1, 1, 1, 1, 1, 1, 0, 1, 1, 1, 1, 1, 1, 1], [0, 1, 1, 1, 1, 1, 1, 1, 1, 1, 1, 1, 1, 1, 1, 0, 1, 1, 1, 1, 1, 1], [0, 1, 1, 1, 1, 1, 1, 1, 1, 1, 1, 1, 1, 1, 1, 1, 0, 1, 1, 1, 1, 1], [0, 1, 1, 1, 1, 1, 1, 1, 1, 1, 1, 1, 1, 1, 1, 1, 1, 0, 1, 1, 1, 1], [0, 1, 1, 1, 1, 1, 1, 1, 1, 1, 1, 1, 1, 1, 1, 1, 1, 1, 0, 1, 1, 1], [0, 1, 1, 1, 1, 1, 1, 1, 1, 1, 1, 1, 1, 1, 1, 1, 1, 1, 1, 0, 1, 1], [0, 1, 1, 1, 1, 1, 1, 1, 1, 1, 1, 1, 1, 1, 1, 1, 1, 1, 1, 1, 0, 1], [0, 0, 0, 0, 0, 0, 0, 0, 0, 0, 0, 0, 0, 0, 0, 0, 0, 0, 0, 0, 0, 0]]}, "cluster_count": 3, "cluster_speeds": [[0.6475, 0.595, 0.6475, 0.7, 0.58275, 0.5355, 0.58275, 0.63, 0.32375, 0.2975, 0.32375, 0.35, 0.213675, 0.19635, 0.213675, 0.23099999999999998, 0.259, 0.238, 0.259, 0.27999999999999997, 0.3885, 0.357, 0.3885, 0.42, 0.6475, 0.595, 0.6475, 0.7, 0.37, 0.34, 0.37, 0.4, 0.30525, 0.2805, 0.30525, 0.33, 0.4625, 0.425, 0.4625, 0.5, 0.6475, 0.595, 0.6475, 0.7, 0.74, 0.68, 0.74, 0.8, 0.45324999999999993, 0.4165, 0.45324999999999993, 0.48999999999999994, 0.32375, 0.2975, 0.32375, 0.35, 0.3885, 0.357, 0.3885, 0.42, 0.45324999999999993, 0.4165, 0.45324999999999993, 0.48999999999999994, 0.58275, 0.5355, 0.58275, 0.63, 0.6475, 0.595, 0.6475, 0.7, 0.7], [0.7400000000000001, 0.68, 0.7400000000000001, 0.8, 0.666, 0.6120000000000001, 0.666, 0.7200000000000001, 0.37000000000000005, 0.34, 0.37000000000000005, 0.4, 0.24420000000000003, 0.22440000000000004, 0.24420000000000003, 0.264, 0.296, 0.272, 0.296, 0.32000000000000006, 0.44400000000000006, 0.40800000000000003, 0.44400000000000006, 0.48, 0.6475, 0.595, 0.6475, 0.7, 0.37, 0.34, 0.37, 0.4, 0.30525, 0.2805, 0.30525, 0.33, 0.4625, 0.425, 0.4625, 0.5, 0.6475, 0.595, 0.6475, 0.7, 0.74, 0.68, 0.74, 0.8, 0.518, 0.476, 0.518, 0.5599999999999999, 0.37000000000000005, 0.34, 0.37000000000000005, 0.4, 0.44400000000000006, 0.40800000000000003, 0.44400000000000006, 0.48, 0.518, 0.476, 0.518, 0.5599999999999999, 0.666, 0.6120000000000001, 0.666, 0.7200000000000001, 0.7400000000000001, 0.68, 0.7400000000000001, 0.8, 0.8], [0.925, 0.85, 0.925, 1.0, 0.8325, 0.765, 0.8325, 0.9, 0.4625, 0.425, 0.4625, 0.5, 0.30525, 0.2805, 0.30525, 0.33, 0.37, 0.34, 0.37, 0.4, 0.555, 0.51, 0.555, 0.6, 0.6475, 0.595, 0.6475, 0.7, 0.37, 0.34, 0.37, 0.4, 0.30525, 0.2805, 0.30525, 0.33, 0.4625, 0.425, 0.4625, 0.5, 0.6475, 0.595, 0.6475, 0.7, 0.74, 0.68, 0.74, 0.8, 0.6475, 0.595, 0.6475, 0.7, 0.4625, 0.425, 0.4625, 0.5, 0.555, 0.51, 0.555, 0.6, 0.6475, 0.595, 0.6475, 0.7, 0.8325, 0.765, 0.8325, 0.9, 0.925, 0.85, 0.925, 1.0, 1.0]], "clusters": [[-1, 2, 2, 2, 2, 2, 2, 2, 2, 2, 2, 2, 2, 2, 2, 2, 2, 2, 2, 2, 2, 2], [1, -1, 1, 1, 1, 1, 1, 1, 1, 1, 1, 1, 1, 1, 1, 1, 1, 1, 1, 1, 1, 1], [1, 1, -1, 1, 1, 1, 1, 1, 1, 1, 1, 1, 1, 1, 1, 1, 1, 1, 1, 1, 1, 1], [0, 0, 0, -1, 0, 0, 0, 0, 0, 0, 0, 0, 0, 0, 0, 0, 0, 0, 0, 0, 0, 0], [2, 2, 2, 2, -1, 2, 2, 2, 2, 2, 2, 2, 2, 2, 2, 2, 2, 2, 2, 2, 2, 2], [0, 0, 0, 0, 0, -1, 0, 0, 0, 0, 0, 0, 0, 0, 0, 0, 0, 0, 0, 0, 0, 0], [0, 0, 0, 0, 0, 0, -1, 0, 0, 0, 0, 0, 0, 0, 0, 0, 0, 0, 0, 0, 0, 0], [2, 2, 2, 2, 2, 2, 2, -1, 2, 2, 2, 2, 2, 2, 2, 2, 2, 2, 2, 2, 2, 2], [0, 0, 0, 0, 0, 0, 0, 0, -1, 0, 0, 0, 0, 0, 0, 0, 0, 0, 0, 0, 0, 0], [0, 0, 0, 0, 0, 0, 0, 0, 0, -1, 0, 0, 0, 0, 0, 0, 0, 0, 0, 0, 0, 0], [2, 2, 2, 2, 2, 2, 2, 2, 2, 2, -1, 2, 2, 2, 2, 2, 2, 2, 2, 2, 2, 2], [1, 1, 1, 1, 1, 1, 1, 1, 1, 1, 1, -1, 1, 1, 1, 1, 1, 1, 1, 1, 1, 1], [2, 2, 2, 2, 2, 2, 2, 2, 2, 2, 2, 2, -1, 2, 2, 2, 2, 2, 2, 2, 2, 2], [0, 0, 0, 0, 0, 0, 0, 0, 0, 0, 0, 0, 0, -1, 0, 0, 0, 0, 0, 0, 0, 0], [2, 2, 2, 2, 2, 2, 2, 2, 2, 2, 2, 2, 2, 2, -1, 2, 2, 2, 2, 2, 2, 2], [1, 1, 1, 1, 1, 1, 1, 1, 1, 1, 1, 1, 1, 1, 1, -1, 1, 1, 1, 1, 1, 1], [0, 0, 0, 0, 0, 0, 0, 0, 0, 0, 0, 0, 0, 0, 0, 0, -1, 0, 0, 0, 0, 0], [2, 2, 2, 2, 2, 2, 2, 2, 2, 2, 2, 2, 2, 2, 2, 2, 2, -1, 2, 2, 2, 2], [1, 1, 1, 1, 1, 1, 1, 1, 1, 1, 1, 1, 1, 1, 1, 1, 1, 1, -1, 1, 1, 1], [2, 2, 2, 2, 2, 2, 2, 2, 2, 2, 2, 2, 2, 2, 2, 2, 2, 2, 2, -1, 2, 2], [0, 0, 0, 0, 0, 0, 0, 0, 0, 0, 0, 0, 0, 0, 0, 0, 0, 0, 0, 0, -1, 0], [2, 2, 2, 2, 2, 2, 2, 2, 2, 2, 2, 2, 2, 2, 2, 2, 2, 2, 2, 2, 2, -1]], "speed_zone_count": 73, "speed_zones": [[0.0, 15.0], [15.0, 30.0], [30.0, 45.0], [45.0, 60.0], [60.0, 75.0], [75.0, 90.0], [90.0, 105.0], [105.0, 120.0], [120.0, 135.0], [135.0, 150.0], [150.0, 165.0], [165.0, 180.0], [180.0, 195.0], [195.0, 210.0], [210.0, 225.0], [225.0, 240.0], [240.0, 255.0], [255.0, 270.0], [270.0, 285.0], [285.0, 300.0], [300.0, 315.0], [315.0, 330.0], [330.0, 345.0], [345.0, 360.0], [360.0, 375.0], [375.0, 390.0], [390.0, 405.0], [405.0, 420.0], [420.0, 435.0], [435.0, 450.0], [450.0, 465.0], [465.0, 480.0], [480.0, 495.0], [495.0, 510.0], [510.0, 525.0], [525.0, 540.0], [540.0, 555.0], [555.0, 570.0], [570.0, 585.0], [585.0, 600.0], [600.0, 615.0], [615.0, 630.0], [630.0, 645.0], [645.0, 660.0], [660.0, 675.0], [675.0, 690.0], [690.0, 705.0], [705.0, 720.0], [720.0, 735.0], [735.0, 750.0], [750.0, 765.0], [765.0, 780.0], [780.0, 795.0], [795.0, 810.0], [810.0, 825.0], [825.0, 840.0], [840.0, 855.0], [855.0, 870.0], [870.0, 885.0], [885.0, 900.0], [900.0, 915.0], [915.0, 930.0], [930.0, 945.0], [945.0, 960.0], [960.0, 975.0], [975.0, 990.0], [990.0, 1005.0], [1005.0, 1020.0], [1020.0, 1035.0], [1035.0, 1050.0], [1050.0, 1065.0], [1065.0, 1080.0], [1080.0, 5000.0]], "distances": [[0.0, 48.24, 79.86, 65.92, 100.3, 71.03, 56.51, 43.38, 74.43, 60.79, 94.85, 73.29, 39.96, 67.84, 43.1, 91.29, 74.22, 111.93, 56.03, 60.95, 72.96, 0.0], [0.0, 0.0, 36.67, 17.68, 53.94, 23.74, 9.31, 23.09, 26.19, 13.41, 58.26, 30.23, 8.58, 19.94, 18.11, 45.1, 26.21, 67.04, 8.23, 29.03, 25.21, 48.24], [0.0, 36.67, 0.0, 25.33, 22.21, 16.59, 27.57, 58.54, 23.58, 24.15, 24.46, 44.66, 44.54, 21.15, 53.82, 14.14, 27.92, 32.1, 33.37, 56.7, 29.91, 79.86], [0.0, 17.68, 25.33, 0.0, 37.86, 8.85, 10.44, 35.01, 8.52, 7.17, 49.59, 21.61, 26.14, 4.18, 30.81, 29.53, 9.46, 51.81, 10.51, 31.38, 9.46, 65.92], [0.0, 53.94, 22.21, 37.86, 0.0, 30.23, 44.73, 72.77, 31.17, 40.53, 31.53, 49.5, 62.45, 34.44, 68.67, 9.01, 34.35, 14.57, 48.16, 65.87, 36.66, 100.3], [0.0, 23.74, 16.59, 8.85, 30.23, 0.0, 14.66, 43.4, 8.82, 10.38, 41.0, 28.68, 32.29, 4.72, 38.98, 21.5, 12.75, 43.69, 18.22, 40.14, 14.27, 71.03], [0.0, 9.31, 27.57, 10.44, 44.73, 14.66, 0.0, 31.23, 18.66, 4.3, 49.96, 28.88, 17.72, 11.39, 26.39, 35.85, 19.86, 57.74, 7.46, 33.17, 19.57, 56.51], [0.0, 23.09, 58.54, 35.01, 72.77, 43.4, 31.23, 0.0, 41.89, 34.39, 81.13, 32.22, 18.76, 38.77, 5.0, 64.54, 39.62, 86.82, 25.29, 17.58, 37.59, 43.38], [0.0, 26.19, 23.58, 8.52, 31.17, 8.82, 18.66, 41.89, 0.0, 14.8, 47.88, 21.16, 34.59, 7.91, 38.08, 23.64, 4.34, 45.56, 18.7, 35.19, 6.42, 74.43], [0.0, 13.41, 24.15, 7.17, 40.53, 10.38, 4.3, 34.39, 14.8, 0.0, 47.3, 27.71, 21.93, 7.21, 29.69, 31.69, 16.54, 53.69, 9.34, 34.41, 16.63, 60.79], [0.0, 58.26, 24.46, 49.59, 31.53, 41.0, 49.96, 81.13, 47.88, 47.3, 0.0, 69.03, 65.05, 45.44, 76.22, 29.87, 52.2, 29.75, 56.63, 80.93, 54.27, 94.85], [0.0, 30.23, 44.66, 21.61, 49.5, 28.68, 28.88, 32.22, 21.16, 27.71, 69.03, 0.0, 35.63, 25.07, 30.68, 43.45, 16.86, 64.03, 22.87, 18.2, 14.76, 73.29], [0.0, 8.58, 44.54, 26.14, 62.45, 32.29, 17.72, 18.76, 34.59, 21.93, 65.05, 35.63, 0.0, 28.52, 14.03, 53.58, 34.26, 75.4, 16.07, 29.87, 33.04, 39.96], [0.0, 19.94, 21.15, 4.18, 34.44, 4.72, 11.39, 38.77, 7.91, 7.21, 45.44, 25.07, 28.52, 0.0, 34.42, 25.89, 10.64, 48.15, 13.74, 35.55, 11.5, 67.84], [0.0, 18.11, 53.82, 30.81, 68.67, 38.98, 26.39, 5.0, 38.08, 29.69, 76.22, 30.68, 14.03, 34.42, 0.0, 60.29, 36.14, 82.57, 20.77, 18.61, 34.23, 43.1], [0.0, 45.1, 14.14, 29.53, 9.01, 21.5, 35.85, 64.54, 23.64, 31.69, 29.87, 43.45, 53.58, 25.89, 60.29, 0.0, 27.3, 22.28, 39.63, 58.8, 29.62, 91.29], [0.0, 26.21, 27.92, 9.46, 34.35, 12.75, 19.86, 39.62, 4.34, 16.54, 52.2, 16.86, 34.26, 10.64, 36.14, 27.3, 0.0, 48.87, 18.2, 31.57, 10.76, 74.22], [0.0, 67.04, 32.1, 51.81, 14.57, 43.69, 57.74, 86.82, 45.56, 53.69, 29.75, 64.03, 75.4, 48.15, 82.57, 22.28, 48.87, 0.0, 61.88, 80.41, 51.18, 111.93], [0.0, 8.23, 33.37, 10.51, 48.16, 18.22, 7.46, 25.29, 18.7, 9.34, 56.63, 22.87, 16.07, 13.74, 20.77, 39.63, 18.2, 61.88, 0.0, 25.71, 17.06, 56.03], [0.0, 29.03, 56.7, 31.38, 65.87, 40.14, 33.17, 17.58, 35.19, 34.41, 80.93, 18.2, 29.87, 35.55, 18.61, 58.8, 31.57, 80.41, 25.71, 0.0, 29.25, 60.95], [0.0, 25.21, 29.91, 9.46, 36.66, 14.27, 19.57, 37.59, 6.42, 16.63, 54.27, 14.76, 33.04, 11.5, 34.23, 29.62, 10.76, 51.18, 17.06, 29.25, 0.0, 72.96], [0.0, 0.0, 0.0, 0.0, 0.0, 0.0, 0.0, 0.0, 0.0, 0.0, 0.0, 0.0, 0.0, 0.0, 0.0, 0.0, 0.0, 0.0, 0.0, 0.0, 0.0, 0.0]], "time_windows": [[0.0, 5000.0], [0.0, 93.0], [0.0, 137.0], [0.0, 171.0], [0.0, 270.0], [0.0, 349.0], [0.0, 376.0], [0.0, 428.0], [0.0, 516.0], [0.0, 564.0], [0.0, 663.0], [0.0, 760.0], [0.0, 816.0], [0.0, 875.0], [0.0, 938.0], [0.0, 1025.0], [0.0, 1058.0], [0.0, 1111.0], [0.0, 1173.0], [0.0, 1199.0], [0.0, 1228.0], [0.0, 5000.0]], "start_depot": 0, "end_depot": 21, "horizon": [0.0, 5000.0]}