{"digraph": {"vertex_count": 22, "arc_count": 420, "arcs": [[0, 1, 1, 1, 1, 1, 1, 1, 1, 1, 1, 1, 1, 1, 1, 1, 1, 1, 1, 1, 1, 1], [0, 0, 1, 1, 1, 1, 1, 1, 1, 1, 1, 1, 1, 1, 1, 1, 1, 1, 1, 1, 1, 1], [0, 1, 0, 1, 1, 1, 1, 1, 1, 1, 1, 1, 1, 1, 1, 1, 1, 1, 1, 1, 1, 1], [0, 1, 1, 0, 1, 1, 1, 1, 1, 1, 1, 1, 1, 1, 1, 1, 1, 1, 1, 1, 1, 1], [0, 1, 1, 1, 0, 1, 1, 1, 1, 1, 1, 1, 1, 1, 1, 1, 1, 1, 1, 1, 1, 1], [0, 1, 1, 1, 1, 0, 1, 1, 1, 1, 1, 1, 1, 1, 1, 1, 1, 1, 1, 1, 1, 1], [0, 1, 1, 1, 1, 1, 0, 1, 1, 1, 1, 1, 1, 1, 1, 1, 1, 1, 1, 1, 1, 1], [0, 1, 1, 1, 1, 1, 1, 0, 1, 1, 1, 1, 1, 1, 1, 1, 1, 1, 1, 1, 1, 1], [0, 1, 1, 1, 1, 1, 1, 1, 0, 1, 1, 1, 1, 1, 1, 1, 1, 1, 1, 1, 1, 1], [0, 1, 1, 1, 1, 1, 1, 1, 1, 0, 1, 1, 1, 1, 1, 1, 1, 1, 1, 1, 1, 1], [0, 1, 1, 1, 1, 1, 1, 1, 1, 1, 0, 1, 1, 1, 1, 1, 1, 1, 1, 1, 1, 1], [0, 1, 1, 1, 1, 1, 1, 1, 1, 1, 1, 0, 1, 1, 1, 1, 1, 1, 1, 1, 1, 1], [0, 1, 1, 1, 1, 1, 1, 1, 1, 1, 1, 1, 0, 1, 1, 1, 1, 1, 1, 1, 1, 1], [0, 1, 1, 1, 1, 1, 1, 1, 1, 1, 1, 1, 1, 0, 1, 1, 1, 1, 1, 1, 1, 1], [0, 1, 1, 1, 1, 1, 1, 1, 1, 1, 1, 1, 1, 1, 0, 1, 1, 1, 1, 1, 1, 1], [0, 1, 1, 1, 1, 1, 1, 1, 1, 1, 1, 1, 1, 1, 1, 0, 1, 1, 1, 1, 1, 1], [0, 1, 1, 1, 1, 1, 1, 1, 1, 1, 1, 1, 1, 1, 1, 1, 0, 1, 1, 1, 1, 1], [0, 1, 1, 1, 1, 1, 1, 1, 1, 1, 1, 1, 1, 1, 1, 1, 1, 0, 1, 1, 1, 1], [0, 1, 1, 1, 1, 1, 1, 1, 1, 1, 1, 1, 1, 1, 1, 1, 1, 1, 0, 1, 1, 1], [0, 1, 1, 1, 1, 1, 1, 1, 1, 1, 1, 1, 1, 1, 1, 1, 1, 1, 1, 0, 1, 1], [0, 1, 1, 1, 1, 1, 1, 1, 1, 1, 1, 1, 1, 1, 1, 1, 1, 1, 1, 1, 0, 1], [0, 0, 0, 0, 0, 0, 0, 0, 0, 0, 0, 0, 0, 0, 0, 0, 0, 0, 0, 0, 0, 0]]}, "cluster_count": 3, "cluster_speeds": [[0.925, 0.85, 0.925, 1.0, 0.8325, 0.765, 0.8325, 0.9, 0.4625, 0.425, 0.4625, 0.5, 0.30525, 0.2805, 0.30525, 0.33, 0.37, 0.34, 0.37, 0.4, 0.555, 0.51, 0.555, 0.6, 0.6475, 0.595, 0.6475, 0.7, 0.37, 0.34, 0.37, 0.4, 0.30525, 0.2805, 0.30525, 0.33, 0.4625, 0.425, 0.4625, 0.5, 0.6475, 0.595, 0.6475, 0.7, 0.74, 0.68, 0.74, 0.8, 0.6475, 0.595, 0.6475, 0.7, 0.4625, 0.425, 0.4625, 0.5, 0.555, 0.51, 0.555, 0.6, 0.6475, 0.595, 0.6475, 0.7, 0.8325, 0.765, 0.8325, 0.9, 0.925, 0.85, 0.925, 1.0, 1.0], [0.6475, 0.595, 0.6475, 0.7, 0.58275, 0.5355, 0.58275, 0.63, 0.32375, 0.2975, 0.32375, 0.35, 0.213675, 0.19635, 0.213675, 0.23099999999999998, 0.259, 0.238, 0.259, 0.27999999999999997, 0.3885, 0.357, 0.3885, 0.42, 0.6475, 0.595, 0.6475, 0.7, 0.37, 0.34, 0.37, 0.4, 0.30525, 0.2805, 0.30525, 0.33, 0.4625, 0.425, 0.4625, 0.5, 0.6475, 0.595, 0.6475, 0.7, 0.74, 0.68, 0.74, 0.8, 0.45324999999999993, 0.4165, 0.45324999999999993, 0.48999999999999994, 0.32375, 0.2975, 0.32375, 0.35, 0.3885, 0.357, 0.3885, 0.42, 0.45324999999999993, 0.4165, 0.45324999999999993, 0.48999999999999994, 0.58275, 0.5355, 0.58275, 0.63, 0.6475, 0.595, 0.6475, 0.7, 0.7], [0.87875, 0.8075, 0.87875, 0.95, 0.790875, 0.72675, 0.790875, 0.855, 0.439375, 0.40375, 0.439375, 0.475, 0.2899875, 0.266475, 0.2899875, 0.3135, 0.3515, 0.323, 0.3515, 0.38, 0.52725, 0.4845, 0.52725, 0.57, 0.6475, 0.595, 0.6475, 0.7, 0.37, 0.34, 0.37, 0.4, 0.30525, 0.2805, 0.30525, 0.33, 0.4625, 0.425, 0.4625, 0.5, 0.6475, 0.595, 0.6475, 0.7, 0.74, 0.68, 0.74, 0.8, 0.6151249999999999, 0.5652499999999999, 0.6151249999999999, 0.6649999999999999, 0.439375, 0.40375, 0.439375, 0.475, 0.52725, 0.4845, 0.52725, 0.57, 0.6151249999999999, 0.5652499999999999, 0.6151249999999999, 0.6649999999999999, 0.790875, 0.72675, 0.790875, 0.855, 0.87875, 0.8075, 0.87875, 0.95, 0.95]], "clusters": [[-1, 2, 2, 2, 2, 2, 2, 2, 2, 2, 2, 2, 2, 2, 2, 2, 2, 2, 2, 2, 2, 2], [0, -1, 0, 0, 0, 0, 0, 0, 0, 0, 0, 0, 0, 0, 0, 0, 0, 0, 0, 0, 0, 0], [0, 0, -1, 0, 0, 0, 0, 0, 0, 0, 0, 0, 0, 0, 0, 0, 0, 0, 0, 0, 0, 0], [0, 0, 0, -1, 0, 0, 0, 0, 0, 0, 0, 0, 0, 0, 0, 0, 0, 0, 0, 0, 0, 0], [0, 0, 0, 0, -1, 0, 0, 0, 0, 0, 0, 0, 0, 0, 0, 0, 0, 0, 0, 0, 0, 0], [0, 0, 0, 0, 0, -1, 0, 0, 0, 0, 0, 0, 0, 0, 0, 0, 0, 0, 0, 0, 0, 0], [0, 0, 0, 0, 0, 0, -1, 0, 0, 0, 0, 0, 0, 0, 0, 0, 0, 0, 0, 0, 0, 0], [0, 0, 0, 0, 0, 0, 0, -1, 0, 0, 0, 0, 0, 0, 0, 0, 0, 0, 0, 0, 0, 0], [0, 0, 0, 0, 0, 0, 0, 0, -1, 0, 0, 0, 0, 0, 0, 0, 0, 0, 0, 0, 0, 0], [0, 0, 0, 0, 0, 0, 0, 0, 0, -1, 0, 0, 0, 0, 0, 0, 0, 0, 0, 0, 0, 0], [0, 0, 0, 0, 0, 0, 0, 0, 0, 0, -1, 0, 0, 0, 0, 0, 0, 0, 0, 0, 0, 0], [2, 2, 2, 2, 2, 2, 2, 2, 2, 2, 2, -1, 2, 2, 2, 2, 2, 2, 2, 2, 2, 2], [0, 0, 0, 0, 0, 0, 0, 0, 0, 0, 0, 0, -1, 0, 0, 0, 0, 0, 0, 0, 0, 0], [0, 0, 0, 0, 0, 0, 0, 0, 0, 0, 0, 0, 0, -1, 0, 0, 0, 0, 0, 0, 0, 0], [1, 1, 1, 1, 1, 1, 1, 1, 1, 1, 1, 1, 1, 1, -1, 1, 1, 1, 1, 1, 1, 1], [0, 0, 0, 0, 0, 0, 0, 0, 0, 0, 0, 0, 0, 0, 0, -1, 0, 0, 0, 0, 0, 0], [0, 0, 0, 0, 0, 0, 0, 0, 0, 0, 0, 0, 0, 0, 0, 0, -1, 0, 0, 0, 0, 0], [0, 0, 0, 0, 0, 0, 0, 0, 0, 0, 0, 0, 0, 0, 0, 0, 0, -1, 0, 0, 0, 0], [0, 0, 0, 0, 0, 0, 0, 0, 0, 0, 0, 0, 0, 0, 0, 0, 0, 0, -1, 0, 0, 0], [0, 0, 0, 0, 0, 0, 0, 0, 0, 0, 0, 0, 0, 0, 0, 0, 0, 0, 0, -1, 0, 0], [0, 0, 0, 0, 0, 0, 0, 0, 0, 0, 0, 0, 0, 0, 0, 0, 0, 0, 0, 0, -1, 0], [2, 2, 2, 2, 2, 2, 2, 2, 2, 2, 2, 2, 2, 2, 2, 2, 2, 2, 2, 2, 2, -1]], "speed_zone_count": 73, "speed_zones": [[0.0, 15.0], [15.0, 30.0], [30.0, 45.0], [45.0, 60.0], [60.0, 75.0], [75.0, 90.0], [90.0, 105.0], [105.0, 120.0], [120.0, 135.0], [135.0, 150.0], [150.0, 165.0], [165.0, 180.0], [180.0, 195.0], [195.0, 210.0], [210.0, 225.0], [225.0, 240.0], [240.0, 255.0], [255.0, 270.0], [270.0, 285.0], [285.0, 300.0], [300.0, 315.0], [315.0, 330.0], [330.0, 345.0], [345.0, 360.0], [360.0, 375.0], [375.0, 390.0], [390.0, 405.0], [405.0, 420.0], [420.0, 435.0], [435.0, 450.0], [450.0, 465.0], [465.0, 480.0], [480.0, 495.0], [495.0, 510.0], [510.0, 525.0], [525.0, 540.0], [540.0, 555.0], [555.0, 570.0], [570.0, 585.0], [585.0, 600.0], [600.0, 615.0], [615.0, 630.0], [630.0, 645.0], [645.0, 660.0], [660.0, 675.0], [675.0, 690.0], [690.0, 705.0], [705.0, 720.0], [720.0, 735.0], [735.0, 750.0], [750.0, 765.0], [765.0, 780.0], [780.0, 795.0], [795.0, 810.0], [810.0, 825.0], [825.0, 840.0], [840.0, 855.0], [855.0, 870.0], [870.0, 885.0], [885.0, 900.0], [900.0, 915.0], [915.0, 930.0], [930.0, 945.0], [945.0, 960.0], [960.0, 975.0], [975.0, 990.0], [990.0, 1005.0], [1005.0, 1020.0], [1020.0, 1035.0], [1035.0, 1050.0], [1050.0, 1065.0], [1065.0, 1080.0], [1080.0, 5000.0]], "distances": [[0.0, 59.57, 82.27, 64.0, 70.96, 72.63, 74.79, 72.2, 58.83, 63.72, 60.23, 93.42, 74.53, 72.3, 90.57, 63.74, 81.43, 72.67, 81.02, 61.18, 71.48, 0.0], [0.0, 0.0, 22.71, 4.44, 13.6, 14.18, 17.16, 13.02, 7.89, 11.03, 9.67, 36.34, 18.33, 14.5, 31.46, 4.24, 21.96, 14.3, 21.47, 9.85, 13.92, 59.57], [0.0, 22.71, 0.0, 18.27, 13.88, 12.03, 11.4, 11.01, 25.42, 22.46, 22.48, 18.5, 14.07, 13.33, 9.98, 18.53, 19.85, 12.15, 20.88, 24.3, 14.14, 82.27], [0.0, 4.44, 18.27, 0.0, 10.09, 10.6, 13.31, 9.0, 9.96, 10.99, 5.3, 32.26, 14.91, 11.27, 27.06, 8.68, 17.52, 10.76, 17.03, 10.83, 10.86, 64.0], [0.0, 13.6, 13.88, 10.09, 0.0, 14.33, 21.88, 11.72, 20.02, 20.15, 15.37, 23.04, 4.83, 15.81, 19.88, 9.94, 12.28, 14.56, 12.71, 20.58, 15.98, 70.96], [0.0, 14.18, 12.03, 10.6, 14.33, 0.0, 15.08, 19.6, 14.16, 10.51, 12.56, 29.9, 17.96, 20.01, 22.01, 11.07, 12.42, 20.93, 11.16, 12.55, 19.13, 72.63], [0.0, 17.16, 11.4, 13.31, 21.88, 15.08, 0.0, 12.55, 23.05, 22.5, 18.6, 19.27, 21.81, 16.67, 16.22, 13.25, 9.6, 15.31, 10.39, 23.27, 17.04, 74.79], [0.0, 13.02, 11.01, 9.0, 11.72, 19.6, 12.55, 0.0, 14.45, 11.63, 11.97, 28.17, 15.39, 20.27, 20.84, 9.43, 11.02, 19.76, 9.96, 13.32, 4.49, 72.2], [0.0, 7.89, 25.42, 9.96, 20.02, 14.16, 23.05, 14.45, 0.0, 5.3, 4.89, 41.49, 24.85, 13.59, 35.11, 10.17, 25.24, 14.15, 24.33, 11.47, 12.74, 58.83], [0.0, 11.03, 22.46, 10.99, 20.15, 10.51, 22.5, 11.63, 5.3, 0.0, 7.77, 39.72, 24.8, 9.51, 32.4, 11.39, 22.63, 10.43, 21.5, 14.35, 8.63, 63.72], [0.0, 9.67, 22.48, 5.3, 15.37, 12.56, 18.6, 11.97, 4.89, 7.77, 0.0, 37.44, 20.19, 12.55, 31.76, 5.42, 22.0, 12.63, 21.29, 6.58, 11.85, 60.23], [0.0, 36.34, 18.5, 32.26, 23.04, 29.9, 19.27, 28.17, 41.49, 39.72, 37.44, 0.0, 18.96, 31.38, 10.0, 32.28, 17.59, 30.07, 19.0, 41.1, 32.1, 93.42], [0.0, 18.33, 14.07, 14.91, 4.83, 17.96, 21.81, 15.39, 24.85, 24.8, 20.19, 18.96, 0.0, 19.53, 17.53, 14.76, 12.21, 18.19, 13.16, 25.34, 19.85, 74.53], [0.0, 14.5, 13.33, 11.27, 15.81, 20.01, 16.67, 20.27, 13.59, 9.51, 12.55, 31.38, 19.53, 0.0, 23.3, 11.76, 13.84, 19.93, 12.53, 11.72, 18.13, 72.3], [0.0, 31.46, 9.98, 27.06, 19.88, 22.01, 16.22, 20.84, 35.11, 32.4, 31.76, 10.0, 17.53, 23.3, 0.0, 27.22, 9.87, 22.13, 10.9, 34.16, 24.12, 90.57], [0.0, 4.24, 18.53, 8.68, 9.94, 11.07, 13.25, 9.43, 10.17, 11.39, 5.42, 32.28, 14.76, 11.76, 27.22, 0.0, 17.74, 11.23, 17.29, 11.15, 11.36, 63.74], [0.0, 21.96, 19.85, 17.52, 12.28, 12.42, 9.6, 11.02, 25.24, 22.63, 22.0, 17.59, 12.21, 13.84, 9.87, 17.74, 0.0, 12.57, 19.99, 24.32, 14.6, 81.43], [0.0, 14.3, 12.15, 10.76, 14.56, 20.93, 15.31, 19.76, 14.15, 10.43, 12.63, 30.07, 18.19, 19.93, 22.13, 11.23, 12.57, 0.0, 11.3, 12.5, 19.05, 72.67], [0.0, 21.47, 20.88, 17.03, 12.71, 11.16, 10.39, 9.96, 24.33, 21.5, 21.29, 19.0, 13.16, 12.53, 10.9, 17.29, 19.99, 11.3, 0.0, 23.28, 13.32, 81.02], [0.0, 9.85, 24.3, 10.83, 20.58, 12.55, 23.27, 13.32, 11.47, 14.35, 6.58, 41.1, 25.34, 11.72, 34.16, 11.15, 24.32, 12.5, 23.28, 0.0, 10.84, 61.18], [0.0, 13.92, 14.14, 10.86, 15.98, 19.13, 17.04, 4.49, 12.74, 8.63, 11.85, 32.1, 19.85, 18.13, 24.12, 11.36, 14.6, 19.05, 13.32, 10.84, 0.0, 71.48], [0.0, 0.0, 0.0, 0.0, 0.0, 0.0, 0.0, 0.0, 0.0, 0.0, 0.0, 0.0, 0.0, 0.0, 0.0, 0.0, 0.0, 0.0, 0.0, 0.0, 0.0, 0.0]], "time_windows": [[0.0, 5000.0], [0.0, 105.0], [0.0, 134.0], [0.0, 155.0], [0.0, 172.0], [0.0, 204.0], [0.0, 244.0], [0.0, 283.0], [0.0, 324.0], [0.0, 337.0], [0.0, 352.0], [0.0, 417.0], [0.0, 447.0], [0.0, 489.0], [0.0, 559.0], [0.0, 625.0], [0.0, 656.0], [0.0, 677.0], [0.0, 694.0], [0.0, 726.0], [0.0, 741.0], [0.0, 5000.0]], "start_depot": 0, "end_depot": 21, "horizon": [0.0, 5000.0]}