{"digraph": {"vertex_count": 22, "arc_count": 420, "arcs": [[0, 1, 1, 1, 1, 1, 1, 1, 1, 1, 1, 1, 1, 1, 1, 1, 1, 1, 1, 1, 1, 1], [0, 0, 1, 1, 1, 1, 1, 1, 1, 1, 1, 1, 1, 1, 1, 1, 1, 1, 1, 1, 1, 1], [0, 1, 0, 1, 1, 1, 1, 1, 1, 1, 1, 1, 1, 1, 1, 1, 1, 1, 1, 1, 1, 1], [0, 1, 1, 0, 1, 1, 1, 1, 1, 1, 1, 1, 1, 1, 1, 1, 1, 1, 1, 1, 1, 1], [0, 1, 1, 1, 0, 1, 1, 1, 1, 1, 1, 1, 1, 1, 1, 1, 1, 1, 1, 1, 1, 1], [0, 1, 1, 1, 1, 0, 1, 1, 1, 1, 1, 1, 1, 1, 1, 1, 1, 1, 1, 1, 1, 1], [0, 1, 1, 1, 1, 1, 0, 1, 1, 1, 1, 1, 1, 1, 1, 1, 1, 1, 1, 1, 1, 1], [0, 1, 1, 1, 1, 1, 1, 0, 1, 1, 1, 1, 1, 1, 1, 1, 1, 1, 1, 1, 1, 1], [0, 1, 1, 1, 1, 1, 1, 1, 0, 1, 1, 1, 1, 1, 1, 1, 1, 1, 1, 1, 1, 1], [0, 1, 1, 1, 1, 1, 1, 1, 1, 0, 1, 1, 1, 1, 1, 1, 1, 1, 1, 1, 1, 1], [0, 1, 1, 1, 1, 1, 1, 1, 1, 1, 0, 1, 1, 1, 1, 1, 1, 1, 1, 1, 1, 1], [0, 1, 1, 1, 1, 1, 1, 1, 1, 1, 1, 0, 1, 1, 1, 1, 1, 1, 1, 1, 1, 1], [0, 1, 1, 1, 1, 1, 1, 1, 1, 1, 1, 1, 0, 1, 1, 1, 1, 1, 1, 1, 1, 1], [0, 1, 1, 1, 1, 1, 1, 1, 1, 1, 1, 1, 1, 0, 1, 1, 1, 1, 1, 1, 1, 1], [0, 1, 1, 1, 1, 1, 1, 1, 1, 1, 1, 1, 1, 1, 0, 1, 1, 1, 1, 1, 1, 1], [0, 1, 1, 1, 1, 1, 1, 1, 1, 1, 1, 1, 1, 1, 1, 0, 1, 1, 1, 1, 1, 1], [0, 1, 1, 1, 1, 1, 1, 1, 1, 1, 1, 1, 1, 1, 1, 1, 0, 1, 1, 1, 1, 1], [0, 1, 1, 1, 1, 1, 1, 1, 1, 1, 1, 1, 1, 1, 1, 1, 1, 0, 1, 1, 1, 1], [0, 1, 1, 1, 1, 1, 1, 1, 1, 1, 1, 1, 1, 1, 1, 1, 1, 1, 0, 1, 1, 1], [0, 1, 1, 1, 1, 1, 1, 1, 1, 1, 1, 1, 1, 1, 1, 1, 1, 1, 1, 0, 1, 1], [0, 1, 1, 1, 1, 1, 1, 1, 1, 1, 1, 1, 1, 1, 1, 1, 1, 1, 1, 1, 0, 1], [0, 0, 0, 0, 0, 0, 0, 0, 0, 0, 0, 0, 0, 0, 0, 0, 0, 0, 0, 0, 0, 0]]}, "cluster_count": 3, "cluster_speeds": [[0.925, 0.85, 0.925, 1.0, 0.8325, 0.765, 0.8325, 0.9, 0.4625, 0.425, 0.4625, 0.5, 0.30525, 0.2805, 0.30525, 0.33, 0.37, 0.34, 0.37, 0.4, 0.555, 0.51, 0.555, 0.6, 0.6475, 0.595, 0.6475, 0.7, 0.37, 0.34, 0.37, 0.4, 0.30525, 0.2805, 0.30525, 0.33, 0.4625, 0.425, 0.4625, 0.5, 0.6475, 0.595, 0.6475, 0.7, 0.74, 0.68, 0.74, 0.8, 0.6475, 0.595, 0.6475, 0.7, 0.4625, 0.425, 0.4625, 0.5, 0.555, 0.51, 0.555, 0.6, 0.6475, 0.595, 0.6475, 0.7, 0.8325, 0.765, 0.8325, 0.9, 0.925, 0.85, 0.925, 1.0, 1.0], [0.6475, 0.595, 0.6475, 0.7, 0.58275, 0.5355, 0.58275, 0.63, 0.32375, 0.2975, 0.32375, 0.35, 0.213675, 0.19635, 0.213675, 0.23099999999999998, 0.259, 0.238, 0.259, 0.27999999999999997, 0.3885, 0.357, 0.3885, 0.42, 0.6475, 0.595, 0.6475, 0.7, 0.37, 0.34, 0.37, 0.4, 0.30525, 0.2805, 0.30525, 0.33, 0.4625, 0.425, 0.4625, 0.5, 0.6475, 0.595, 0.6475, 0.7, 0.74, 0.68, 0.74, 0.8, 0.45324999999999993, 0.4165, 0.45324999999999993, 0.48999999999999994, 0.32375, 0.2975, 0.32375, 0.35, 0.3885, 0.357, 0.3885, 0.42, 0.45324999999999993, 0.4165, 0.45324999999999993, 0.48999999999999994, 0.58275, 0.5355, 0.58275, 0.63, 0.6475, 0.595, 0.6475, 0.7, 0.7], [0.87875, 0.8075, 0.87875, 0.95, 0.790875, 0.72675, 0.790875, 0.855, 0.439375, 0.40375, 0.439375, 0.475, 0.2899875, 0.266475, 0.2899875, 0.3135, 0.3515, 0.323, 0.3515, 0.38, 0.52725, 0.4845, 0.52725, 0.57, 0.6475, 0.595, 0.6475, 0.7, 0.37, 0.34, 0.37, 0.4, 0.30525, 0.2805, 0.30525, 0.33, 0.4625, 0.425, 0.4625, 0.5, 0.6475, 0.595, 0.6475, 0.7, 0.74, 0.68, 0.74, 0.8, 0.6151249999999999, 0.5652499999999999, 0.6151249999999999, 0.6649999999999999, 0.439375, 0.40375, 0.439375, 0.475, 0.52725, 0.4845, 0.52725, 0.57, 0.6151249999999999, 0.5652499999999999, 0.6151249999999999, 0.6649999999999999, 0.790875, 0.72675, 0.790875, 0.855, 0.87875, 0.8075, 0.87875, 0.95, 0.95]], "clusters": [[-1, 2, 2, 2, 2, 2, 2, 2, 2, 2, 2, 2, 2, 2, 2, 2, 2, 2, 2, 2, 2, 2], [1, -1, 1, 1, 1, 1, 1, 1, 1, 1, 1, 1, 1, 1, 1, 1, 1, 1, 1, 1, 1, 1], [0, 0, -1, 0, 0, 0, 0, 0, 0, 0, 0, 0, 0, 0, 0, 0, 0, 0, 0, 0, 0, 0], [2, 2, 2, -1, 2, 2, 2, 2, 2, 2, 2, 2, 2, 2, 2, 2, 2, 2, 2, 2, 2, 2], [2, 2, 2, 2, -1, 2, 2, 2, 2, 2, 2, 2, 2, 2, 2, 2, 2, 2, 2, 2, 2, 2], [1, 1, 1, 1, 1, -1, 1, 1, 1, 1, 1, 1, 1, 1, 1, 1, 1, 1, 1, 1, 1, 1], [0, 0, 0, 0, 0, 0, -1, 0, 0, 0, 0, 0, 0, 0, 0, 0, 0, 0, 0, 0, 0, 0], [2, 2, 2, 2, 2, 2, 2, -1, 2, 2, 2, 2, 2, 2, 2, 2, 2, 2, 2, 2, 2, 2], [0, 0, 0, 0, 0, 0, 0, 0, -1, 0, 0, 0, 0, 0, 0, 0, 0, 0, 0, 0, 0, 0], [0, 0, 0, 0, 0, 0, 0, 0, 0, -1, 0, 0, 0, 0, 0, 0, 0, 0, 0, 0, 0, 0], [2, 2, 2, 2, 2, 2, 2, 2, 2, 2, -1, 2, 2, 2, 2, 2, 2, 2, 2, 2, 2, 2], [2, 2, 2, 2, 2, 2, 2, 2, 2, 2, 2, -1, 2, 2, 2, 2, 2, 2, 2, 2, 2, 2], [1, 1, 1, 1, 1, 1, 1, 1, 1, 1, 1, 1, -1, 1, 1, 1, 1, 1, 1, 1, 1, 1], [0, 0, 0, 0, 0, 0, 0, 0, 0, 0, 0, 0, 0, -1, 0, 0, 0, 0, 0, 0, 0, 0], [2, 2, 2, 2, 2, 2, 2, 2, 2, 2, 2, 2, 2, 2, -1, 2, 2, 2, 2, 2, 2, 2], [1, 1, 1, 1, 1, 1, 1, 1, 1, 1, 1, 1, 1, 1, 1, -1, 1, 1, 1, 1, 1, 1], [0, 0, 0, 0, 0, 0, 0, 0, 0, 0, 0, 0, 0, 0, 0, 0, -1, 0, 0, 0, 0, 0], [2, 2, 2, 2, 2, 2, 2, 2, 2, 2, 2, 2, 2, 2, 2, 2, 2, -1, 2, 2, 2, 2], [0, 0, 0, 0, 0, 0, 0, 0, 0, 0, 0, 0, 0, 0, 0, 0, 0, 0, -1, 0, 0, 0], [1, 1, 1, 1, 1, 1, 1, 1, 1, 1, 1, 1, 1, 1, 1, 1, 1, 1, 1, -1, 1, 1], [0, 0, 0, 0, 0, 0, 0, 0, 0, 0, 0, 0, 0, 0, 0, 0, 0, 0, 0, 0, -1, 0], [2, 2, 2, 2, 2, 2, 2, 2, 2, 2, 2, 2, 2, 2, 2, 2, 2, 2, 2, 2, 2, -1]], "speed_zone_count": 73, "speed_zones": [[0.0, 15.0], [15.0, 30.0], [30.0, 45.0], [45.0, 60.0], [60.0, 75.0], [75.0, 90.0], [90.0, 105.0], [105.0, 120.0], [120.0, 135.0], [135.0, 150.0], [150.0, 165.0], [165.0, 180.0], [180.0, 195.0], [195.0, 210.0], [210.0, 225.0], [225.0, 240.0], [240.0, 255.0], [255.0, 270.0], [270.0, 285.0], [285.0, 300.0], [300.0, 315.0], [315.0, 330.0], [330.0, 345.0], [345.0, 360.0], [360.0, 375.0], [375.0, 390.0], [390.0, 405.0], [405.0, 420.0], [420.0, 435.0], [435.0, 450.0], [450.0, 465.0], [465.0, 480.0], [480.0, 495.0], [495.0, 510.0], [510.0, 525.0], [525.0, 540.0], [540.0, 555.0], [555.0, 570.0], [570.0, 585.0], [585.0, 600.0], [600.0, 615.0], [615.0, 630.0], [630.0, 645.0], [645.0, 660.0], [660.0, 675.0], [675.0, 690.0], [690.0, 705.0], [705.0, 720.0], [720.0, 735.0], [735.0, 750.0], [750.0, 765.0], [765.0, 780.0], [780.0, 795.0], [795.0, 810.0], [810.0, 825.0], [825.0, 840.0], [840.0, 855.0], [855.0, 870.0], [870.0, 885.0], [885.0, 900.0], [900.0, 915.0], [915.0, 930.0], [930.0, 945.0], [945.0, 960.0], [960.0, 975.0], [975.0, 990.0], [990.0, 1005.0], [1005.0, 1020.0], [1020.0, 1035.0], [1035.0, 1050.0], [1050.0, 1065.0], [1065.0, 1080.0], [1080.0, 5000.0]], "distances": [[0.0, 80.7, 63.28, 91.19, 52.36, 66.11, 69.1, 103.74, 58.8, 67.8, 74.76, 80.86, 72.28, 67.85, 54.86, 77.82, 82.83, 94.9, 74.88, 86.76, 65.75, 0.0], [0.0, 0.0, 26.38, 12.93, 54.34, 48.45, 23.23, 28.16, 27.69, 19.18, 50.55, 15.83, 45.36, 18.89, 58.11, 7.19, 24.98, 16.09, 34.72, 15.41, 24.29, 80.7], [0.0, 26.38, 0.0, 31.41, 27.97, 23.69, 5.85, 41.28, 4.87, 7.21, 28.41, 27.51, 22.99, 7.5, 31.76, 19.95, 19.66, 42.3, 16.27, 24.82, 11.89, 63.28], [0.0, 12.93, 31.41, 0.0, 58.34, 49.41, 26.39, 15.25, 34.4, 24.78, 49.25, 13.82, 44.68, 24.6, 61.43, 13.37, 20.62, 16.65, 33.49, 8.48, 28.83, 91.19], [0.0, 54.34, 27.97, 58.34, 0.0, 14.64, 32.08, 65.22, 27.29, 35.18, 22.84, 55.44, 21.63, 35.47, 4.71, 47.87, 41.18, 70.27, 28.71, 50.69, 30.21, 52.36], [0.0, 48.45, 23.69, 49.41, 14.64, 0.0, 25.26, 53.68, 25.65, 30.01, 8.71, 49.79, 7.13, 30.35, 14.81, 41.37, 29.99, 63.47, 16.54, 41.13, 24.91, 66.11], [0.0, 23.23, 5.85, 26.39, 32.08, 25.26, 0.0, 35.52, 10.41, 5.51, 28.27, 24.55, 22.86, 5.82, 35.44, 16.25, 13.98, 38.63, 13.74, 19.3, 10.69, 69.1], [0.0, 28.16, 41.28, 15.25, 65.22, 53.68, 35.52, 0.0, 45.27, 35.97, 50.98, 29.07, 47.56, 35.9, 67.46, 27.26, 24.05, 27.56, 37.18, 17.0, 38.66, 103.74], [0.0, 27.69, 4.87, 34.4, 27.29, 25.65, 10.41, 45.27, 0.0, 9.63, 31.44, 28.64, 26.15, 9.8, 31.48, 22.0, 24.38, 43.78, 20.72, 28.5, 7.02, 58.8], [0.0, 19.18, 7.21, 24.78, 35.18, 30.01, 5.51, 35.97, 9.63, 0.0, 33.6, 20.35, 28.17, 10.69, 38.93, 12.78, 17.27, 35.09, 19.24, 19.04, 5.18, 67.8], [0.0, 50.55, 28.41, 49.25, 22.84, 8.71, 28.27, 50.98, 31.44, 33.6, 0.0, 52.0, 5.45, 33.93, 21.97, 43.37, 28.76, 64.51, 16.0, 40.77, 28.93, 74.76], [0.0, 15.83, 27.51, 13.82, 55.44, 49.79, 24.55, 29.07, 28.64, 20.35, 52.0, 0.0, 46.78, 20.04, 59.27, 8.64, 26.51, 15.24, 36.19, 16.82, 25.49, 80.86], [0.0, 45.36, 22.99, 44.68, 21.63, 7.13, 22.86, 47.56, 26.15, 28.17, 5.45, 46.78, 0.0, 28.5, 21.92, 38.17, 24.49, 59.6, 11.2, 36.24, 23.48, 72.28], [0.0, 18.89, 7.5, 24.6, 35.47, 30.35, 5.82, 35.9, 9.8, 10.69, 33.93, 20.04, 28.5, 0.0, 39.23, 12.52, 17.4, 34.81, 19.55, 18.95, 5.51, 67.85], [0.0, 58.11, 31.76, 61.43, 4.71, 14.81, 35.44, 67.46, 31.48, 38.93, 21.97, 59.27, 21.92, 39.23, 0.0, 51.48, 43.44, 73.92, 30.44, 53.56, 33.85, 54.86], [0.0, 7.19, 19.95, 13.37, 47.87, 41.37, 16.25, 27.26, 22.0, 12.78, 43.37, 8.64, 38.17, 12.52, 51.48, 0.0, 18.51, 22.44, 27.55, 11.41, 17.66, 77.82], [0.0, 24.98, 19.66, 20.62, 41.18, 29.99, 13.98, 24.05, 24.38, 17.27, 28.76, 26.51, 24.49, 17.4, 43.44, 18.51, 0.0, 36.59, 13.49, 12.17, 17.36, 82.83], [0.0, 16.09, 42.3, 16.65, 70.27, 63.47, 38.63, 27.56, 43.78, 35.09, 64.51, 15.24, 59.6, 34.81, 73.92, 22.44, 36.59, 0.0, 48.52, 24.56, 40.08, 94.9], [0.0, 34.72, 16.27, 33.49, 28.71, 16.54, 13.74, 37.18, 20.72, 19.24, 16.0, 36.19, 11.2, 19.55, 30.44, 27.55, 13.49, 48.52, 0.0, 25.05, 15.6, 74.88], [0.0, 15.41, 24.82, 8.48, 50.69, 41.13, 19.3, 17.0, 28.5, 19.04, 40.77, 16.82, 36.24, 18.95, 53.56, 11.41, 12.17, 24.56, 25.05, 0.0, 22.18, 86.76], [0.0, 24.29, 11.89, 28.83, 30.21, 24.91, 10.69, 38.66, 7.02, 5.18, 28.93, 25.49, 23.48, 5.51, 33.85, 17.66, 17.36, 40.08, 15.6, 22.18, 0.0, 65.75], [0.0, 0.0, 0.0, 0.0, 0.0, 0.0, 0.0, 0.0, 0.0, 0.0, 0.0, 0.0, 0.0, 0.0, 0.0, 0.0, 0.0, 0.0, 0.0, 0.0, 0.0, 0.0]], "time_windows": [[0.0, 5000.0], [0.0, 132.0], [0.0, 164.0], [0.0, 238.0], [0.0, 383.0], [0.0, 407.0], [0.0, 447.0], [0.0, 534.0], [0.0, 646.0], [0.0, 661.0], [0.0, 711.0], [0.0, 785.0], [0.0, 872.0], [0.0, 925.0], [0.0, 988.0], [0.0, 1052.0], [0.0, 1073.0], [0.0, 1113.0], [0.0, 1161.0], [0.0, 1186.0], [0.0, 1209.0], [0.0, 5000.0]], "start_depot": 0, "end_depot": 21, "horizon": [0.0, 5000.0]}