{"digraph": {"vertex_count": 22, "arc_count": 420, "arcs": [[0, 1, 1, 1, 1, 1, 1, 1, 1, 1, 1, 1, 1, 1, 1, 1, 1, 1, 1, 1, 1, 1], [0, 0, 1, 1, 1, 1, 1, 1, 1, 1, 1, 1, 1, 1, 1, 1, 1, 1, 1, 1, 1, 1], [0, 1, 0, 1, 1, 1, 1, 1, 1, 1, 1, 1, 1, 1, 1, 1, 1, 1, 1, 1, 1, 1], [0, 1, 1, 0, 1, 1, 1, 1, 1, 1, 1, 1, 1, 1, 1, 1, 1, 1, 1, 1, 1, 1], [0, 1, 1, 1, 0, 1, 1, 1, 1, 1, 1, 1, 1, 1, 1, 1, 1, 1, 1, 1, 1, 1], [0, 1, 1, 1, 1, 0, 1, 1, 1, 1, 1, 1, 1, 1, 1, 1, 1, 1, 1, 1, 1, 1], [0, 1, 1, 1, 1, 1, 0, 1, 1, 1, 1, 1, 1, 1, 1, 1, 1, 1, 1, 1, 1, 1], [0, 1, 1, 1, 1, 1, 1, 0, 1, 1, 1, 1, 1, 1, 1, 1, 1, 1, 1, 1, 1, 1], [0, 1, 1, 1, 1, 1, 1, 1, 0, 1, 1, 1, 1, 1, 1, 1, 1, 1, 1, 1, 1, 1], [0, 1, 1, 1, 1, 1, 1, 1, 1, 0, 1, 1, 1, 1, 1, 1, 1, 1, 1, 1, 1, 1], [0, 1, 1, 1, 1, 1, 1, 1, 1, 1, 0, 1, 1, 1, 1, 1, 1, 1, 1, 1, 1, 1], [0, 1, 1, 1, 1, 1, 1, 1, 1, 1, 1, 0, 1, 1, 1, 1, 1, 1, 1, 1, 1, 1], [0, 1, 1, 1, 1, 1, 1, 1, 1, 1, 1, 1, 0, 1, 1, 1, 1, 1, 1, 1, 1, 1], [0, 1, 1, 1, 1, 1, 1, 1, 1, 1, 1, 1, 1, 0, 1, 1, 1, 1, 1, 1, 1, 1], [0, 1, 1, 1, 1, 1, 1, 1, 1, 1, 1, 1, 1, 1, 0, 1, 1, 1, 1, 1, 1, 1], [0, 1, 1, 1, 1, 1, 1, 1, 1, 1, 1, 1, 1, 1, 1, 0, 1, 1, 1, 1, 1, 1], [0, 1, 1, 1, 1, 1, 1, 1, 1, 1, 1, 1, 1, 1, 1, 1, 0, 1, 1, 1, 1, 1], [0, 1, 1, 1, 1, 1, 1, 1, 1, 1, 1, 1, 1, 1, 1, 1, 1, 0, 1, 1, 1, 1], [0, 1, 1, 1, 1, 1, 1, 1, 1, 1, 1, 1, 1, 1, 1, 1, 1, 1, 0, 1, 1, 1], [0, 1, 1, 1, 1, 1, 1, 1, 1, 1, 1, 1, 1, 1, 1, 1, 1, 1, 1, 0, 1, 1], [0, 1, 1, 1, 1, 1, 1, 1, 1, 1, 1, 1, 1, 1, 1, 1, 1, 1, 1, 1, 0, 1], [0, 0, 0, 0, 0, 0, 0, 0, 0, 0, 0, 0, 0, 0, 0, 0, 0, 0, 0, 0, 0, 0]]}, "cluster_count": 3, "cluster_speeds": [[0.6475, 0.595, 0.6475, 0.7, 0.58275, 0.5355, 0.58275, 0.63, 0.32375, 0.2975, 0.32375, 0.35, 0.213675, 0.19635, 0.213675, 0.23099999999999998, 0.259, 0.238, 0.259, 0.27999999999999997, 0.3885, 0.357, 0.3885, 0.42, 0.6475, 0.595, 0.6475, 0.7, 0.37, 0.34, 0.37, 0.4, 0.30525, 0.2805, 0.30525, 0.33, 0.4625, 0.425, 0.4625, 0.5, 0.6475, 0.595, 0.6475, 0.7, 0.74, 0.68, 0.74, 0.8, 0.45324999999999993, 0.4165, 0.45324999999999993, 0.48999999999999994, 0.32375, 0.2975, 0.32375, 0.35, 0.3885, 0.357, 0.3885, 0.42, 0.45324999999999993, 0.4165, 0.45324999999999993, 0.48999999999999994, 0.58275, 0.5355, 0.58275, 0.63, 0.6475, 0.595, 0.6475, 0.7, 0.7], [0.7400000000000001, 0.68, 0.7400000000000001, 0.8, 0.666, 0.6120000000000001, 0.666, 0.7200000000000001, 0.37000000000000005, 0.34, 0.37000000000000005, 0.4, 0.24420000000000003, 0.22440000000000004, 0.24420000000000003, 0.264, 0.296, 0.272, 0.296, 0.32000000000000006, 0.44400000000000006, 0.40800000000000003, 0.44400000000000006, 0.48, 0.6475, 0.595, 0.6475, 0.7, 0.37, 0.34, 0.37, 0.4, 0.30525, 0.2805, 0.30525, 0.33, 0.4625, 0.425, 0.4625, 0.5, 0.6475, 0.595, 0.6475, 0.7, 0.74, 0.68, 0.74, 0.8, 0.518, 0.476, 0.518, 0.5599999999999999, 0.37000000000000005, 0.34, 0.37000000000000005, 0.4, 0.44400000000000006, 0.40800000000000003, 0.44400000000000006, 0.48, 0.518, 0.476, 0.518, 0.5599999999999999, 0.666, 0.6120000000000001, 0.666, 0.7200000000000001, 0.7400000000000001, 0.68, 0.7400000000000001, 0.8, 0.8], [0.925, 0.85, 0.925, 1.0, 0.8325, 0.765, 0.8325, 0.9, 0.4625, 0.425, 0.4625, 0.5, 0.30525, 0.2805, 0.30525, 0.33, 0.37, 0.34, 0.37, 0.4, 0.555, 0.51, 0.555, 0.6, 0.6475, 0.595, 0.6475, 0.7, 0.37, 0.34, 0.37, 0.4, 0.30525, 0.2805, 0.30525, 0.33, 0.4625, 0.425, 0.4625, 0.5, 0.6475, 0.595, 0.6475, 0.7, 0.74, 0.68, 0.74, 0.8, 0.6475, 0.595, 0.6475, 0.7, 0.4625, 0.425, 0.4625, 0.5, 0.555, 0.51, 0.555, 0.6, 0.6475, 0.595, 0.6475, 0.7, 0.8325, 0.765, 0.8325, 0.9, 0.925, 0.85, 0.925, 1.0, 1.0]], "clusters": [[-1, 2, 2, 2, 2, 2, 2, 2, 2, 2, 2, 2, 2, 2, 2, 2, 2, 2, 2, 2, 2, 2], [0, -1, 0, 0, 0, 0, 0, 0, 0, 0, 0, 0, 0, 0, 0, 0, 0, 0, 0, 0, 0, 0], [0, 0, -1, 0, 0, 0, 0, 0, 0, 0, 0, 0, 0, 0, 0, 0, 0, 0, 0, 0, 0, 0], [0, 0, 0, -1, 0, 0, 0, 0, 0, 0, 0, 0, 0, 0, 0, 0, 0, 0, 0, 0, 0, 0], [0, 0, 0, 0, -1, 0, 0, 0, 0, 0, 0, 0, 0, 0, 0, 0, 0, 0, 0, 0, 0, 0], [0, 0, 0, 0, 0, -1, 0, 0, 0, 0, 0, 0, 0, 0, 0, 0, 0, 0, 0, 0, 0, 0], [0, 0, 0, 0, 0, 0, -1, 0, 0, 0, 0, 0, 0, 0, 0, 0, 0, 0, 0, 0, 0, 0], [0, 0, 0, 0, 0, 0, 0, -1, 0, 0, 0, 0, 0, 0, 0, 0, 0, 0, 0, 0, 0, 0], [0, 0, 0, 0, 0, 0, 0, 0, -1, 0, 0, 0, 0, 0, 0, 0, 0, 0, 0, 0, 0, 0], [0, 0, 0, 0, 0, 0, 0, 0, 0, -1, 0, 0, 0, 0, 0, 0, 0, 0, 0, 0, 0, 0], [0, 0, 0, 0, 0, 0, 0, 0, 0, 0, -1, 0, 0, 0, 0, 0, 0, 0, 0, 0, 0, 0], [0, 0, 0, 0, 0, 0, 0, 0, 0, 0, 0, -1, 0, 0, 0, 0, 0, 0, 0, 0, 0, 0], [0, 0, 0, 0, 0, 0, 0, 0, 0, 0, 0, 0, -1, 0, 0, 0, 0, 0, 0, 0, 0, 0], [1, 1, 1, 1, 1, 1, 1, 1, 1, 1, 1, 1, 1, -1, 1, 1, 1, 1, 1, 1, 1, 1], [0, 0, 0, 0, 0, 0, 0, 0, 0, 0, 0, 0, 0, 0, -1, 0, 0, 0, 0, 0, 0, 0], [0, 0, 0, 0, 0, 0, 0, 0, 0, 0, 0, 0, 0, 0, 0, -1, 0, 0, 0, 0, 0, 0], [0, 0, 0, 0, 0, 0, 0, 0, 0, 0, 0, 0, 0, 0, 0, 0, -1, 0, 0, 0, 0, 0], [0, 0, 0, 0, 0, 0, 0, 0, 0, 0, 0, 0, 0, 0, 0, 0, 0, -1, 0, 0, 0, 0], [0, 0, 0, 0, 0, 0, 0, 0, 0, 0, 0, 0, 0, 0, 0, 0, 0, 0, -1, 0, 0, 0], [0, 0, 0, 0, 0, 0, 0, 0, 0, 0, 0, 0, 0, 0, 0, 0, 0, 0, 0, -1, 0, 0], [0, 0, 0, 0, 0, 0, 0, 0, 0, 0, 0, 0, 0, 0, 0, 0, 0, 0, 0, 0, -1, 0], [2, 2, 2, 2, 2, 2, 2, 2, 2, 2, 2, 2, 2, 2, 2, 2, 2, 2, 2, 2, 2, -1]], "speed_zone_count": 73, "speed_zones": [[0.0, 15.0], [15.0, 30.0], [30.0, 45.0], [45.0, 60.0], [60.0, 75.0], [75.0, 90.0], [90.0, 105.0], [105.0, 120.0], [120.0, 135.0], [135.0, 150.0], [150.0, 165.0], [165.0, 180.0], [180.0, 195.0], [195.0, 210.0], [210.0, 225.0], [225.0, 240.0], [240.0, 255.0], [255.0, 270.0], [270.0, 285.0], [285.0, 300.0], [300.0, 315.0], [315.0, 330.0], [330.0, 345.0], [345.0, 360.0], [360.0, 375.0], [375.0, 390.0], [390.0, 405.0], [405.0, 420.0], [420.0, 435.0], [435.0, 450.0], [450.0, 465.0], [465.0, 480.0], [480.0, 495.0], [495.0, 510.0], [510.0, 525.0], [525.0, 540.0], [540.0, 555.0], [555.0, 570.0], [570.0, 585.0], [585.0, 600.0], [600.0, 615.0], [615.0, 630.0], [630.0, 645.0], [645.0, 660.0], [660.0, 675.0], [675.0, 690.0], [690.0, 705.0], [705.0, 720.0], [720.0, 735.0], [735.0, 750.0], [750.0, 765.0], [765.0, 780.0], [780.0, 795.0], [795.0, 810.0], [810.0, 825.0], [825.0, 840.0], [840.0, 855.0], [855.0, 870.0], [870.0, 885.0], [885.0, 900.0], [900.0, 915.0], [915.0, 930.0], [930.0, 945.0], [945.0, 960.0], [960.0, 975.0], [975.0, 990.0], [990.0, 1005.0], [1005.0, 1020.0], [1020.0, 1035.0], [1035.0, 1050.0], [1050.0, 1065.0], [1065.0, 1080.0], [1080.0, 5000.0]], "distances": [[0.0, 66.76, 75.63, 70.06, 72.15, 71.96, 69.72, 64.89, 75.55, 73.48, 64.25, 66.28, 74.55, 56.64, 69.36, 69.47, 80.36, 77.73, 64.61, 67.29, 81.37, 0.0], [0.0, 0.0, 9.18, 10.83, 12.47, 9.32, 11.87, 5.52, 9.6, 7.17, 10.92, 9.91, 12.01, 10.27, 5.36, 6.49, 14.48, 11.31, 11.82, 4.81, 18.68, 66.76], [0.0, 9.18, 0.0, 10.2, 10.12, 11.31, 11.46, 11.2, 10.35, 12.7, 12.37, 10.08, 7.31, 19.42, 9.71, 7.27, 5.44, 14.98, 11.11, 8.77, 11.33, 75.63], [0.0, 10.83, 10.2, 0.0, 10.5, 18.69, 10.23, 7.09, 8.92, 8.95, 13.82, 12.21, 4.74, 17.54, 15.32, 4.52, 12.04, 11.32, 8.51, 6.13, 11.32, 70.06], [0.0, 12.47, 10.12, 10.5, 0.0, 19.67, 11.69, 9.22, 8.65, 9.31, 15.63, 13.86, 11.93, 19.71, 16.55, 5.98, 10.92, 10.84, 10.56, 7.98, 9.23, 72.15], [0.0, 9.32, 11.31, 18.69, 19.67, 0.0, 19.92, 14.81, 12.75, 10.81, 9.26, 8.52, 17.83, 16.21, 13.07, 14.22, 16.01, 12.59, 13.46, 13.55, 22.63, 71.96], [0.0, 11.87, 11.46, 10.23, 11.69, 19.92, 0.0, 7.72, 10.14, 10.24, 14.74, 13.23, 5.58, 18.0, 16.49, 5.71, 13.05, 12.51, 9.24, 7.09, 11.68, 69.72], [0.0, 5.52, 11.2, 7.09, 9.22, 14.81, 7.72, 0.0, 10.8, 9.1, 7.46, 6.61, 10.28, 10.51, 10.88, 4.61, 15.49, 13.17, 9.94, 10.33, 17.46, 64.89], [0.0, 9.6, 10.35, 8.92, 8.65, 12.75, 10.14, 10.8, 0.0, 11.95, 12.95, 10.65, 5.74, 19.68, 10.86, 6.52, 4.92, 13.42, 10.95, 8.35, 9.99, 75.55], [0.0, 7.17, 12.7, 8.95, 9.31, 10.81, 10.24, 9.1, 11.95, 0.0, 10.47, 8.17, 7.05, 17.34, 8.53, 5.43, 7.31, 4.25, 8.96, 6.68, 12.32, 73.48], [0.0, 10.92, 12.37, 13.82, 15.63, 9.26, 14.74, 7.46, 12.95, 10.47, 0.0, 10.1, 15.42, 7.62, 5.56, 9.73, 17.76, 14.47, 5.81, 7.7, 22.14, 64.25], [0.0, 9.91, 10.08, 12.21, 13.86, 8.52, 13.23, 6.61, 10.65, 8.17, 10.1, 0.0, 13.36, 9.65, 4.55, 7.88, 15.46, 12.18, 5.09, 6.15, 19.94, 66.28], [0.0, 12.01, 7.31, 4.74, 11.93, 17.83, 5.58, 10.28, 5.74, 7.05, 15.42, 13.36, 0.0, 20.64, 15.18, 5.95, 7.54, 7.67, 11.25, 8.35, 7.17, 74.55], [0.0, 10.27, 19.42, 17.54, 19.71, 16.21, 18.0, 10.51, 19.68, 17.34, 7.62, 9.65, 20.64, 0.0, 12.97, 14.72, 24.59, 21.55, 9.4, 12.3, 27.78, 56.64], [0.0, 5.36, 9.71, 15.32, 16.55, 13.07, 16.49, 10.88, 10.86, 8.53, 5.56, 4.55, 15.18, 12.97, 0.0, 10.79, 15.0, 11.48, 9.49, 9.8, 20.83, 69.36], [0.0, 6.49, 7.27, 4.52, 5.98, 14.22, 5.71, 4.61, 6.52, 5.43, 9.73, 7.88, 5.95, 14.72, 10.79, 0.0, 10.99, 9.0, 5.33, 10.65, 13.06, 69.47], [0.0, 14.48, 5.44, 12.04, 10.92, 16.01, 13.05, 15.49, 4.92, 7.31, 17.76, 15.46, 7.54, 24.59, 15.0, 10.99, 0.0, 11.56, 15.79, 13.07, 7.37, 80.36], [0.0, 11.31, 14.98, 11.32, 10.84, 12.59, 12.51, 13.17, 13.42, 4.25, 14.47, 12.18, 7.67, 21.55, 11.48, 9.0, 11.56, 0.0, 13.17, 10.71, 10.21, 77.73], [0.0, 11.82, 11.11, 8.51, 10.56, 13.46, 9.24, 9.94, 10.95, 8.96, 5.81, 5.09, 11.25, 9.4, 9.49, 5.33, 15.79, 13.17, 0.0, 11.24, 18.39, 64.61], [0.0, 4.81, 8.77, 6.13, 7.98, 13.55, 7.09, 10.33, 8.35, 6.68, 7.7, 6.15, 8.35, 12.3, 9.8, 10.65, 13.07, 10.71, 11.24, 0.0, 15.47, 67.29], [0.0, 18.68, 11.33, 11.32, 9.23, 22.63, 11.68, 17.46, 9.99, 12.32, 22.14, 19.94, 7.17, 27.78, 20.83, 13.06, 7.37, 10.21, 18.39, 15.47, 0.0, 81.37], [0.0, 0.0, 0.0, 0.0, 0.0, 0.0, 0.0, 0.0, 0.0, 0.0, 0.0, 0.0, 0.0, 0.0, 0.0, 0.0, 0.0, 0.0, 0.0, 0.0, 0.0, 0.0]], "time_windows": [[0.0, 5000.0], [0.0, 114.0], [0.0, 126.0], [0.0, 139.0], [0.0, 151.0], [0.0, 185.0], [0.0, 230.0], [0.0, 257.0], [0.0, 289.0], [0.0, 323.0], [0.0, 347.0], [0.0, 366.0], [0.0, 390.0], [0.0, 423.0], [0.0, 444.0], [0.0, 459.0], [0.0, 489.0], [0.0, 519.0], [0.0, 563.0], [0.0, 593.0], [0.0, 627.0], [0.0, 5000.0]], "start_depot": 0, "end_depot": 21, "horizon": [0.0, 5000.0]}