{"digraph": {"vertex_count": 22, "arc_count": 420, "arcs": [[0, 1, 1, 1, 1, 1, 1, 1, 1, 1, 1, 1, 1, 1, 1, 1, 1, 1, 1, 1, 1, 1], [0, 0, 1, 1, 1, 1, 1, 1, 1, 1, 1, 1, 1, 1, 1, 1, 1, 1, 1, 1, 1, 1], [0, 1, 0, 1, 1, 1, 1, 1, 1, 1, 1, 1, 1, 1, 1, 1, 1, 1, 1, 1, 1, 1], [0, 1, 1, 0, 1, 1, 1, 1, 1, 1, 1, 1, 1, 1, 1, 1, 1, 1, 1, 1, 1, 1], [0, 1, 1, 1, 0, 1, 1, 1, 1, 1, 1, 1, 1, 1, 1, 1, 1, 1, 1, 1, 1, 1], [0, 1, 1, 1, 1, 0, 1, 1, 1, 1, 1, 1, 1, 1, 1, 1, 1, 1, 1, 1, 1, 1], [0, 1, 1, 1, 1, 1, 0, 1, 1, 1, 1, 1, 1, 1, 1, 1, 1, 1, 1, 1, 1, 1], [0, 1, 1, 1, 1, 1, 1, 0, 1, 1, 1, 1, 1, 1, 1, 1, 1, 1, 1, 1, 1, 1], [0, 1, 1, 1, 1, 1, 1, 1, 0, 1, 1, 1, 1, 1, 1, 1, 1, 1, 1, 1, 1, 1], [0, 1, 1, 1, 1, 1, 1, 1, 1, 0, 1, 1, 1, 1, 1, 1, 1, 1, 1, 1, 1, 1], [0, 1, 1, 1, 1, 1, 1, 1, 1, 1, 0, 1, 1, 1, 1, 1, 1, 1, 1, 1, 1, 1], [0, 1, 1, 1, 1, 1, 1, 1, 1, 1, 1, 0, 1, 1, 1, 1, 1, 1, 1, 1, 1, 1], [0, 1, 1, 1, 1, 1, 1, 1, 1, 1, 1, 1, 0, 1, 1, 1, 1, 1, 1, 1, 1, 1], [0, 1, 1, 1, 1, 1, 1, 1, 1, 1, 1, 1, 1, 0, 1, 1, 1, 1, 1, 1, 1, 1], [0, 1, 1, 1, 1, 1, 1, 1, 1, 1, 1, 1, 1, 1, 0, 1, 1, 1, 1, 1, 1, 1], [0, 1, 1, 1, 1, 1, 1, 1, 1, 1, 1, 1, 1, 1, 1, 0, 1, 1, 1, 1, 1, 1], [0, 1, 1, 1, 1, 1, 1, 1, 1, 1, 1, 1, 1, 1, 1, 1, 0, 1, 1, 1, 1, 1], [0, 1, 1, 1, 1, 1, 1, 1, 1, 1, 1, 1, 1, 1, 1, 1, 1, 0, 1, 1, 1, 1], [0, 1, 1, 1, 1, 1, 1, 1, 1, 1, 1, 1, 1, 1, 1, 1, 1, 1, 0, 1, 1, 1], [0, 1, 1, 1, 1, 1, 1, 1, 1, 1, 1, 1, 1, 1, 1, 1, 1, 1, 1, 0, 1, 1], [0, 1, 1, 1, 1, 1, 1, 1, 1, 1, 1, 1, 1, 1, 1, 1, 1, 1, 1, 1, 0, 1], [0, 0, 0, 0, 0, 0, 0, 0, 0, 0, 0, 0, 0, 0, 0, 0, 0, 0, 0, 0, 0, 0]]}, "cluster_count": 3, "cluster_speeds": [[0.925, 0.85, 0.925, 1.0, 0.8325, 0.765, 0.8325, 0.9, 0.4625, 0.425, 0.4625, 0.5, 0.30525, 0.2805, 0.30525, 0.33, 0.37, 0.34, 0.37, 0.4, 0.555, 0.51, 0.555, 0.6, 0.6475, 0.595, 0.6475, 0.7, 0.37, 0.34, 0.37, 0.4, 0.30525, 0.2805, 0.30525, 0.33, 0.4625, 0.425, 0.4625, 0.5, 0.6475, 0.595, 0.6475, 0.7, 0.74, 0.68, 0.74, 0.8, 0.6475, 0.595, 0.6475, 0.7, 0.4625, 0.425, 0.4625, 0.5, 0.555, 0.51, 0.555, 0.6, 0.6475, 0.595, 0.6475, 0.7, 0.8325, 0.765, 0.8325, 0.9, 0.925, 0.85, 0.925, 1.0, 1.0], [0.7400000000000001, 0.68, 0.7400000000000001, 0.8, 0.666, 0.6120000000000001, 0.666, 0.7200000000000001, 0.37000000000000005, 0.34, 0.37000000000000005, 0.4, 0.24420000000000003, 0.22440000000000004, 0.24420000000000003, 0.264, 0.296, 0.272, 0.296, 0.32000000000000006, 0.44400000000000006, 0.40800000000000003, 0.44400000000000006, 0.48, 0.6475, 0.595, 0.6475, 0.7, 0.37, 0.34, 0.37, 0.4, 0.30525, 0.2805, 0.30525, 0.33, 0.4625, 0.425, 0.4625, 0.5, 0.6475, 0.595, 0.6475, 0.7, 0.74, 0.68, 0.74, 0.8, 0.518, 0.476, 0.518, 0.5599999999999999, 0.37000000000000005, 0.34, 0.37000000000000005, 0.4, 0.44400000000000006, 0.40800000000000003, 0.44400000000000006, 0.48, 0.518, 0.476, 0.518, 0.5599999999999999, 0.666, 0.6120000000000001, 0.666, 0.7200000000000001, 0.7400000000000001, 0.68, 0.7400000000000001, 0.8, 0.8], [0.87875, 0.8075, 0.87875, 0.95, 0.790875, 0.72675, 0.790875, 0.855, 0.439375, 0.40375, 0.439375, 0.475, 0.2899875, 0.266475, 0.2899875, 0.3135, 0.3515, 0.323, 0.3515, 0.38, 0.52725, 0.4845, 0.52725, 0.57, 0.6475, 0.595, 0.6475, 0.7, 0.37, 0.34, 0.37, 0.4, 0.30525, 0.2805, 0.30525, 0.33, 0.4625, 0.425, 0.4625, 0.5, 0.6475, 0.595, 0.6475, 0.7, 0.74, 0.68, 0.74, 0.8, 0.6151249999999999, 0.5652499999999999, 0.6151249999999999, 0.6649999999999999, 0.439375, 0.40375, 0.439375, 0.475, 0.52725, 0.4845, 0.52725, 0.57, 0.6151249999999999, 0.5652499999999999, 0.6151249999999999, 0.6649999999999999, 0.790875, 0.72675, 0.790875, 0.855, 0.87875, 0.8075, 0.87875, 0.95, 0.95]], "clusters": [[-1, 2, 2, 2, 2, 2, 2, 2, 2, 2, 2, 2, 2, 2, 2, 2, 2, 2, 2, 2, 2, 2], [1, -1, 1, 1, 1, 1, 1, 1, 1, 1, 1, 1, 1, 1, 1, 1, 1, 1, 1, 1, 1, 1], [1, 1, -1, 1, 1, 1, 1, 1, 1, 1, 1, 1, 1, 1, 1, 1, 1, 1, 1, 1, 1, 1], [0, 0, 0, -1, 0, 0, 0, 0, 0, 0, 0, 0, 0, 0, 0, 0, 0, 0, 0, 0, 0, 0], [0, 0, 0, 0, -1, 0, 0, 0, 0, 0, 0, 0, 0, 0, 0, 0, 0, 0, 0, 0, 0, 0], [0, 0, 0, 0, 0, -1, 0, 0, 0, 0, 0, 0, 0, 0, 0, 0, 0, 0, 0, 0, 0, 0], [1, 1, 1, 1, 1, 1, -1, 1, 1, 1, 1, 1, 1, 1, 1, 1, 1, 1, 1, 1, 1, 1], [0, 0, 0, 0, 0, 0, 0, -1, 0, 0, 0, 0, 0, 0, 0, 0, 0, 0, 0, 0, 0, 0], [0, 0, 0, 0, 0, 0, 0, 0, -1, 0, 0, 0, 0, 0, 0, 0, 0, 0, 0, 0, 0, 0], [0, 0, 0, 0, 0, 0, 0, 0, 0, -1, 0, 0, 0, 0, 0, 0, 0, 0, 0, 0, 0, 0], [0, 0, 0, 0, 0, 0, 0, 0, 0, 0, -1, 0, 0, 0, 0, 0, 0, 0, 0, 0, 0, 0], [2, 2, 2, 2, 2, 2, 2, 2, 2, 2, 2, -1, 2, 2, 2, 2, 2, 2, 2, 2, 2, 2], [0, 0, 0, 0, 0, 0, 0, 0, 0, 0, 0, 0, -1, 0, 0, 0, 0, 0, 0, 0, 0, 0], [0, 0, 0, 0, 0, 0, 0, 0, 0, 0, 0, 0, 0, -1, 0, 0, 0, 0, 0, 0, 0, 0], [0, 0, 0, 0, 0, 0, 0, 0, 0, 0, 0, 0, 0, 0, -1, 0, 0, 0, 0, 0, 0, 0], [0, 0, 0, 0, 0, 0, 0, 0, 0, 0, 0, 0, 0, 0, 0, -1, 0, 0, 0, 0, 0, 0], [0, 0, 0, 0, 0, 0, 0, 0, 0, 0, 0, 0, 0, 0, 0, 0, -1, 0, 0, 0, 0, 0], [0, 0, 0, 0, 0, 0, 0, 0, 0, 0, 0, 0, 0, 0, 0, 0, 0, -1, 0, 0, 0, 0], [0, 0, 0, 0, 0, 0, 0, 0, 0, 0, 0, 0, 0, 0, 0, 0, 0, 0, -1, 0, 0, 0], [0, 0, 0, 0, 0, 0, 0, 0, 0, 0, 0, 0, 0, 0, 0, 0, 0, 0, 0, -1, 0, 0], [0, 0, 0, 0, 0, 0, 0, 0, 0, 0, 0, 0, 0, 0, 0, 0, 0, 0, 0, 0, -1, 0], [2, 2, 2, 2, 2, 2, 2, 2, 2, 2, 2, 2, 2, 2, 2, 2, 2, 2, 2, 2, 2, -1]], "speed_zone_count": 73, "speed_zones": [[0.0, 15.0], [15.0, 30.0], [30.0, 45.0], [45.0, 60.0], [60.0, 75.0], [75.0, 90.0], [90.0, 105.0], [105.0, 120.0], [120.0, 135.0], [135.0, 150.0], [150.0, 165.0], [165.0, 180.0], [180.0, 195.0], [195.0, 210.0], [210.0, 225.0], [225.0, 240.0], [240.0, 255.0], [255.0, 270.0], [270.0, 285.0], [285.0, 300.0], [300.0, 315.0], [315.0, 330.0], [330.0, 345.0], [345.0, 360.0], [360.0, 375.0], [375.0, 390.0], [390.0, 405.0], [405.0, 420.0], [420.0, 435.0], [435.0, 450.0], [450.0, 465.0], [465.0, 480.0], [480.0, 495.0], [495.0, 510.0], [510.0, 525.0], [525.0, 540.0], [540.0, 555.0], [555.0, 570.0], [570.0, 585.0], [585.0, 600.0], [600.0, 615.0], [615.0, 630.0], [630.0, 645.0], [645.0, 660.0], [660.0, 675.0], [675.0, 690.0], [690.0, 705.0], [705.0, 720.0], [720.0, 735.0], [735.0, 750.0], [750.0, 765.0], [765.0, 780.0], [780.0, 795.0], [795.0, 810.0], [810.0, 825.0], [825.0, 840.0], [840.0, 855.0], [855.0, 870.0], [870.0, 885.0], [885.0, 900.0], [900.0, 915.0], [915.0, 930.0], [930.0, 945.0], [945.0, 960.0], [960.0, 975.0], [975.0, 990.0], [990.0, 1005.0], [1005.0, 1020.0], [1020.0, 1035.0], [1035.0, 1050.0], [1050.0, 1065.0], [1065.0, 1080.0], [1080.0, 5000.0]], "distances": [[0.0, 63.93, 53.09, 72.03, 72.59, 70.72, 60.17, 64.27, 82.36, 70.2, 69.19, 62.13, 72.42, 74.85, 67.55, 70.34, 64.58, 78.15, 58.94, 60.27, 72.52, 0.0], [0.0, 0.0, 16.3, 15.23, 24.93, 15.1, 6.62, 19.51, 28.75, 9.75, 24.99, 11.33, 21.47, 34.21, 16.75, 10.61, 14.34, 26.41, 19.63, 16.4, 17.87, 63.93], [0.0, 16.3, 0.0, 18.97, 21.23, 17.64, 9.85, 12.51, 29.95, 18.12, 18.79, 23.87, 19.98, 27.36, 14.66, 17.99, 11.52, 25.98, 8.14, 7.69, 19.48, 53.09], [0.0, 15.23, 18.97, 0.0, 11.17, 10.17, 13.64, 11.02, 13.6, 5.9, 12.94, 26.41, 7.26, 20.88, 6.09, 4.88, 7.78, 11.24, 15.25, 12.58, 11.23, 72.03], [0.0, 24.93, 21.23, 11.17, 0.0, 10.47, 21.0, 8.74, 10.24, 16.8, 15.25, 36.24, 12.0, 9.71, 8.36, 15.76, 11.54, 5.96, 13.84, 13.59, 8.28, 72.59], [0.0, 15.1, 17.64, 10.17, 10.47, 0.0, 12.87, 9.56, 14.1, 6.32, 11.87, 26.39, 6.65, 20.17, 4.62, 5.29, 6.32, 11.33, 13.74, 11.11, 9.76, 70.72], [0.0, 6.62, 9.85, 13.64, 21.0, 12.87, 0.0, 14.11, 26.94, 10.15, 20.22, 16.32, 18.13, 29.58, 12.66, 10.47, 9.52, 23.81, 13.28, 10.24, 15.54, 60.17], [0.0, 19.51, 12.51, 11.02, 8.74, 9.56, 14.11, 0.0, 18.09, 14.3, 6.51, 30.32, 8.22, 15.71, 4.94, 13.49, 5.3, 13.9, 5.34, 4.97, 9.71, 64.27], [0.0, 28.75, 29.95, 13.6, 10.24, 14.1, 26.94, 18.09, 0.0, 19.09, 14.04, 39.75, 10.0, 15.15, 15.38, 18.17, 18.76, 4.31, 23.43, 22.34, 11.4, 82.36], [0.0, 9.75, 18.12, 5.9, 16.8, 6.32, 10.15, 14.3, 19.09, 0.0, 17.95, 20.68, 12.96, 26.48, 9.86, 10.78, 9.4, 17.09, 17.04, 13.77, 8.81, 70.2], [0.0, 24.99, 18.79, 12.94, 15.25, 11.87, 20.22, 6.51, 14.04, 17.95, 0.0, 36.12, 6.44, 9.36, 8.35, 16.97, 10.78, 9.78, 10.92, 11.45, 10.37, 69.19], [0.0, 11.33, 23.87, 26.41, 36.24, 26.39, 16.32, 30.32, 39.75, 20.68, 36.12, 0.0, 32.8, 45.42, 28.0, 21.63, 25.36, 37.64, 29.43, 26.54, 29.14, 62.13], [0.0, 21.47, 19.98, 7.26, 12.0, 6.65, 18.13, 8.22, 10.0, 12.96, 6.44, 32.8, 0.0, 13.62, 5.66, 11.92, 9.09, 6.03, 13.55, 12.35, 4.36, 72.42], [0.0, 34.21, 27.36, 20.88, 9.71, 20.17, 29.58, 15.71, 15.15, 26.48, 9.36, 45.42, 13.62, 0.0, 17.46, 25.45, 20.13, 12.43, 19.23, 20.5, 17.97, 74.85], [0.0, 16.75, 14.66, 6.09, 8.36, 4.62, 12.66, 4.94, 15.38, 9.86, 8.35, 28.0, 5.66, 17.46, 0.0, 8.95, 10.24, 11.65, 9.43, 7.31, 5.14, 67.55], [0.0, 10.61, 17.99, 4.88, 15.76, 5.29, 10.47, 13.49, 18.17, 10.78, 16.97, 21.63, 11.92, 25.45, 8.95, 0.0, 8.73, 16.09, 16.45, 13.25, 7.78, 70.34], [0.0, 14.34, 11.52, 7.78, 11.54, 6.32, 9.52, 5.3, 18.76, 9.4, 10.78, 25.36, 9.09, 20.13, 10.24, 8.73, 0.0, 15.08, 7.79, 4.83, 7.96, 64.58], [0.0, 26.41, 25.98, 11.24, 5.96, 11.33, 23.81, 13.9, 4.31, 17.09, 9.78, 37.64, 6.03, 12.43, 11.65, 16.09, 15.08, 0.0, 19.21, 18.32, 8.55, 78.15], [0.0, 19.63, 8.14, 15.25, 13.84, 13.74, 13.28, 5.34, 23.43, 17.04, 10.92, 29.43, 13.55, 19.23, 9.43, 16.45, 7.79, 19.21, 0.0, 10.31, 14.55, 58.94], [0.0, 16.4, 7.69, 12.58, 13.59, 11.11, 10.24, 4.97, 22.34, 13.77, 11.45, 26.54, 12.35, 20.5, 7.31, 13.25, 4.83, 18.32, 10.31, 0.0, 12.39, 60.27], [0.0, 17.87, 19.48, 11.23, 8.28, 9.76, 15.54, 9.71, 11.4, 8.81, 10.37, 29.14, 4.36, 17.97, 5.14, 7.78, 7.96, 8.55, 14.55, 12.39, 0.0, 72.52], [0.0, 0.0, 0.0, 0.0, 0.0, 0.0, 0.0, 0.0, 0.0, 0.0, 0.0, 0.0, 0.0, 0.0, 0.0, 0.0, 0.0, 0.0, 0.0, 0.0, 0.0, 0.0]], "time_windows": [[0.0, 5000.0], [0.0, 111.0], [0.0, 131.0], [0.0, 154.0], [0.0, 171.0], [0.0, 195.0], [0.0, 222.0], [0.0, 269.0], [0.0, 321.0], [0.0, 361.0], [0.0, 394.0], [0.0, 451.0], [0.0, 533.0], [0.0, 578.0], [0.0, 618.0], [0.0, 636.0], [0.0, 651.0], [0.0, 675.0], [0.0, 703.0], [0.0, 717.0], [0.0, 735.0], [0.0, 5000.0]], "start_depot": 0, "end_depot": 21, "horizon": [0.0, 5000.0]}