{"digraph": {"vertex_count": 22, "arc_count": 420, "arcs": [[0, 1, 1, 1, 1, 1, 1, 1, 1, 1, 1, 1, 1, 1, 1, 1, 1, 1, 1, 1, 1, 1], [0, 0, 1, 1, 1, 1, 1, 1, 1, 1, 1, 1, 1, 1, 1, 1, 1, 1, 1, 1, 1, 1], [0, 1, 0, 1, 1, 1, 1, 1, 1, 1, 1, 1, 1, 1, 1, 1, 1, 1, 1, 1, 1, 1], [0, 1, 1, 0, 1, 1, 1, 1, 1, 1, 1, 1, 1, 1, 1, 1, 1, 1, 1, 1, 1, 1], [0, 1, 1, 1, 0, 1, 1, 1, 1, 1, 1, 1, 1, 1, 1, 1, 1, 1, 1, 1, 1, 1], [0, 1, 1, 1, 1, 0, 1, 1, 1, 1, 1, 1, 1, 1, 1, 1, 1, 1, 1, 1, 1, 1], [0, 1, 1, 1, 1, 1, 0, 1, 1, 1, 1, 1, 1, 1, 1, 1, 1, 1, 1, 1, 1, 1], [0, 1, 1, 1, 1, 1, 1, 0, 1, 1, 1, 1, 1, 1, 1, 1, 1, 1, 1, 1, 1, 1], [0, 1, 1, 1, 1, 1, 1, 1, 0, 1, 1, 1, 1, 1, 1, 1, 1, 1, 1, 1, 1, 1], [0, 1, 1, 1, 1, 1, 1, 1, 1, 0, 1, 1, 1, 1, 1, 1, 1, 1, 1, 1, 1, 1], [0, 1, 1, 1, 1, 1, 1, 1, 1, 1, 0, 1, 1, 1, 1, 1, 1, 1, 1, 1, 1, 1], [0, 1, 1, 1, 1, 1, 1, 1, 1, 1, 1, 0, 1, 1, 1, 1, 1, 1, 1, 1, 1, 1], [0, 1, 1, 1, 1, 1, 1, 1, 1, 1, 1, 1, 0, 1, 1, 1, 1, 1, 1, 1, 1, 1], [0, 1, 1, 1, 1, 1, 1, 1, 1, 1, 1, 1, 1, 0, 1, 1, 1, 1, 1, 1, 1, 1], [0, 1, 1, 1, 1, 1, 1, 1, 1, 1, 1, 1, 1, 1, 0, 1, 1, 1, 1, 1, 1, 1], [0, 1, 1, 1, 1, 1, 1, 1, 1, 1, 1, 1, 1, 1, 1, 0, 1, 1, 1, 1, 1, 1], [0, 1, 1, 1, 1, 1, 1, 1, 1, 1, 1, 1, 1, 1, 1, 1, 0, 1, 1, 1, 1, 1], [0, 1, 1, 1, 1, 1, 1, 1, 1, 1, 1, 1, 1, 1, 1, 1, 1, 0, 1, 1, 1, 1], [0, 1, 1, 1, 1, 1, 1, 1, 1, 1, 1, 1, 1, 1, 1, 1, 1, 1, 0, 1, 1, 1], [0, 1, 1, 1, 1, 1, 1, 1, 1, 1, 1, 1, 1, 1, 1, 1, 1, 1, 1, 0, 1, 1], [0, 1, 1, 1, 1, 1, 1, 1, 1, 1, 1, 1, 1, 1, 1, 1, 1, 1, 1, 1, 0, 1], [0, 0, 0, 0, 0, 0, 0, 0, 0, 0, 0, 0, 0, 0, 0, 0, 0, 0, 0, 0, 0, 0]]}, "cluster_count": 3, "cluster_speeds": [[0.7400000000000001, 0.68, 0.7400000000000001, 0.8, 0.666, 0.6120000000000001, 0.666, 0.7200000000000001, 0.37000000000000005, 0.34, 0.37000000000000005, 0.4, 0.24420000000000003, 0.22440000000000004, 0.24420000000000003, 0.264, 0.296, 0.272, 0.296, 0.32000000000000006, 0.44400000000000006, 0.40800000000000003, 0.44400000000000006, 0.48, 0.6475, 0.595, 0.6475, 0.7, 0.37, 0.34, 0.37, 0.4, 0.30525, 0.2805, 0.30525, 0.33, 0.4625, 0.425, 0.4625, 0.5, 0.6475, 0.595, 0.6475, 0.7, 0.74, 0.68, 0.74, 0.8, 0.518, 0.476, 0.518, 0.5599999999999999, 0.37000000000000005, 0.34, 0.37000000000000005, 0.4, 0.44400000000000006, 0.40800000000000003, 0.44400000000000006, 0.48, 0.518, 0.476, 0.518, 0.5599999999999999, 0.666, 0.6120000000000001, 0.666, 0.7200000000000001, 0.7400000000000001, 0.68, 0.7400000000000001, 0.8, 0.8], [0.8325, 0.765, 0.8325, 0.9, 0.7492500000000001, 0.6885, 0.7492500000000001, 0.81, 0.41625, 0.3825, 0.41625, 0.45, 0.27472500000000005, 0.25245, 0.27472500000000005, 0.29700000000000004, 0.333, 0.30600000000000005, 0.333, 0.36000000000000004, 0.49950000000000006, 0.459, 0.49950000000000006, 0.54, 0.6475, 0.595, 0.6475, 0.7, 0.37, 0.34, 0.37, 0.4, 0.30525, 0.2805, 0.30525, 0.33, 0.4625, 0.425, 0.4625, 0.5, 0.6475, 0.595, 0.6475, 0.7, 0.74, 0.68, 0.74, 0.8, 0.58275, 0.5355, 0.58275, 0.63, 0.41625, 0.3825, 0.41625, 0.45, 0.49950000000000006, 0.459, 0.49950000000000006, 0.54, 0.58275, 0.5355, 0.58275, 0.63, 0.7492500000000001, 0.6885, 0.7492500000000001, 0.81, 0.8325, 0.765, 0.8325, 0.9, 0.9], [0.925, 0.85, 0.925, 1.0, 0.8325, 0.765, 0.8325, 0.9, 0.4625, 0.425, 0.4625, 0.5, 0.30525, 0.2805, 0.30525, 0.33, 0.37, 0.34, 0.37, 0.4, 0.555, 0.51, 0.555, 0.6, 0.6475, 0.595, 0.6475, 0.7, 0.37, 0.34, 0.37, 0.4, 0.30525, 0.2805, 0.30525, 0.33, 0.4625, 0.425, 0.4625, 0.5, 0.6475, 0.595, 0.6475, 0.7, 0.74, 0.68, 0.74, 0.8, 0.6475, 0.595, 0.6475, 0.7, 0.4625, 0.425, 0.4625, 0.5, 0.555, 0.51, 0.555, 0.6, 0.6475, 0.595, 0.6475, 0.7, 0.8325, 0.765, 0.8325, 0.9, 0.925, 0.85, 0.925, 1.0, 1.0]], "clusters": [[-1, 2, 2, 2, 2, 2, 2, 2, 2, 2, 2, 2, 2, 2, 2, 2, 2, 2, 2, 2, 2, 2], [0, -1, 0, 0, 0, 0, 0, 0, 0, 0, 0, 0, 0, 0, 0, 0, 0, 0, 0, 0, 0, 0], [0, 0, -1, 0, 0, 0, 0, 0, 0, 0, 0, 0, 0, 0, 0, 0, 0, 0, 0, 0, 0, 0], [2, 2, 2, -1, 2, 2, 2, 2, 2, 2, 2, 2, 2, 2, 2, 2, 2, 2, 2, 2, 2, 2], [0, 0, 0, 0, -1, 0, 0, 0, 0, 0, 0, 0, 0, 0, 0, 0, 0, 0, 0, 0, 0, 0], [0, 0, 0, 0, 0, -1, 0, 0, 0, 0, 0, 0, 0, 0, 0, 0, 0, 0, 0, 0, 0, 0], [2, 2, 2, 2, 2, 2, -1, 2, 2, 2, 2, 2, 2, 2, 2, 2, 2, 2, 2, 2, 2, 2], [0, 0, 0, 0, 0, 0, 0, -1, 0, 0, 0, 0, 0, 0, 0, 0, 0, 0, 0, 0, 0, 0], [0, 0, 0, 0, 0, 0, 0, 0, -1, 0, 0, 0, 0, 0, 0, 0, 0, 0, 0, 0, 0, 0], [0, 0, 0, 0, 0, 0, 0, 0, 0, -1, 0, 0, 0, 0, 0, 0, 0, 0, 0, 0, 0, 0], [1, 1, 1, 1, 1, 1, 1, 1, 1, 1, -1, 1, 1, 1, 1, 1, 1, 1, 1, 1, 1, 1], [1, 1, 1, 1, 1, 1, 1, 1, 1, 1, 1, -1, 1, 1, 1, 1, 1, 1, 1, 1, 1, 1], [0, 0, 0, 0, 0, 0, 0, 0, 0, 0, 0, 0, -1, 0, 0, 0, 0, 0, 0, 0, 0, 0], [2, 2, 2, 2, 2, 2, 2, 2, 2, 2, 2, 2, 2, -1, 2, 2, 2, 2, 2, 2, 2, 2], [0, 0, 0, 0, 0, 0, 0, 0, 0, 0, 0, 0, 0, 0, -1, 0, 0, 0, 0, 0, 0, 0], [1, 1, 1, 1, 1, 1, 1, 1, 1, 1, 1, 1, 1, 1, 1, -1, 1, 1, 1, 1, 1, 1], [0, 0, 0, 0, 0, 0, 0, 0, 0, 0, 0, 0, 0, 0, 0, 0, -1, 0, 0, 0, 0, 0], [0, 0, 0, 0, 0, 0, 0, 0, 0, 0, 0, 0, 0, 0, 0, 0, 0, -1, 0, 0, 0, 0], [0, 0, 0, 0, 0, 0, 0, 0, 0, 0, 0, 0, 0, 0, 0, 0, 0, 0, -1, 0, 0, 0], [0, 0, 0, 0, 0, 0, 0, 0, 0, 0, 0, 0, 0, 0, 0, 0, 0, 0, 0, -1, 0, 0], [1, 1, 1, 1, 1, 1, 1, 1, 1, 1, 1, 1, 1, 1, 1, 1, 1, 1, 1, 1, -1, 1], [2, 2, 2, 2, 2, 2, 2, 2, 2, 2, 2, 2, 2, 2, 2, 2, 2, 2, 2, 2, 2, -1]], "speed_zone_count": 73, "speed_zones": [[0.0, 15.0], [15.0, 30.0], [30.0, 45.0], [45.0, 60.0], [60.0, 75.0], [75.0, 90.0], [90.0, 105.0], [105.0, 120.0], [120.0, 135.0], [135.0, 150.0], [150.0, 165.0], [165.0, 180.0], [180.0, 195.0], [195.0, 210.0], [210.0, 225.0], [225.0, 240.0], [240.0, 255.0], [255.0, 270.0], [270.0, 285.0], [285.0, 300.0], [300.0, 315.0], [315.0, 330.0], [330.0, 345.0], [345.0, 360.0], [360.0, 375.0], [375.0, 390.0], [390.0, 405.0], [405.0, 420.0], [420.0, 435.0], [435.0, 450.0], [450.0, 465.0], [465.0, 480.0], [480.0, 495.0], [495.0, 510.0], [510.0, 525.0], [525.0, 540.0], [540.0, 555.0], [555.0, 570.0], [570.0, 585.0], [585.0, 600.0], [600.0, 615.0], [615.0, 630.0], [630.0, 645.0], [645.0, 660.0], [660.0, 675.0], [675.0, 690.0], [690.0, 705.0], [705.0, 720.0], [720.0, 735.0], [735.0, 750.0], [750.0, 765.0], [765.0, 780.0], [780.0, 795.0], [795.0, 810.0], [810.0, 825.0], [825.0, 840.0], [840.0, 855.0], [855.0, 870.0], [870.0, 885.0], [885.0, 900.0], [900.0, 915.0], [915.0, 930.0], [930.0, 945.0], [945.0, 960.0], [960.0, 975.0], [975.0, 990.0], [990.0, 1005.0], [1005.0, 1020.0], [1020.0, 1035.0], [1035.0, 1050.0], [1050.0, 1065.0], [1065.0, 1080.0], [1080.0, 5000.0]], "distances": [[0.0, 83.63, 57.57, 91.41, 62.6, 60.31, 61.67, 68.45, 69.74, 77.18, 49.71, 82.18, 68.8, 98.91, 67.37, 72.69, 66.29, 75.1, 68.82, 69.58, 70.51, 0.0], [0.0, 0.0, 26.27, 24.83, 21.49, 23.33, 43.17, 17.48, 15.83, 6.47, 34.15, 15.53, 15.78, 24.86, 17.7, 21.99, 17.36, 8.57, 17.7, 17.64, 26.47, 83.63], [0.0, 26.27, 0.0, 37.49, 5.1, 9.74, 33.82, 11.67, 12.61, 19.93, 9.75, 26.41, 11.33, 43.25, 13.15, 19.79, 9.01, 17.94, 15.75, 13.35, 25.58, 57.57], [0.0, 24.83, 37.49, 0.0, 32.87, 37.17, 65.24, 26.05, 25.61, 27.17, 47.24, 11.74, 27.57, 9.12, 37.2, 18.83, 32.19, 28.35, 38.67, 24.19, 49.82, 91.41], [0.0, 21.49, 5.1, 32.87, 0.0, 4.63, 35.81, 6.82, 7.58, 15.3, 14.56, 21.56, 6.23, 38.3, 11.08, 16.0, 4.89, 13.42, 13.85, 8.7, 25.16, 62.6], [0.0, 23.33, 9.74, 37.17, 4.63, 0.0, 31.32, 11.18, 11.6, 16.87, 11.03, 25.68, 9.79, 42.18, 9.05, 20.63, 6.07, 14.8, 11.64, 13.16, 21.77, 60.31], [0.0, 43.17, 33.82, 65.24, 35.81, 31.32, 0.0, 41.33, 41.0, 38.57, 28.09, 53.59, 38.83, 67.63, 28.11, 51.41, 34.1, 37.07, 26.59, 43.38, 17.13, 61.67], [0.0, 17.48, 11.67, 26.05, 6.82, 11.18, 41.33, 0.0, 14.21, 12.37, 21.34, 14.76, 12.06, 31.58, 14.14, 10.13, 7.3, 11.15, 16.61, 15.52, 28.71, 68.45], [0.0, 15.83, 12.61, 25.61, 7.58, 11.6, 41.0, 14.21, 0.0, 10.72, 22.13, 14.09, 11.68, 30.73, 13.4, 10.79, 6.92, 9.57, 15.74, 16.24, 27.87, 69.74], [0.0, 6.47, 19.93, 27.17, 15.3, 16.87, 38.57, 12.37, 10.72, 0.0, 27.68, 16.12, 10.08, 29.1, 11.65, 19.29, 10.95, 15.04, 12.2, 13.1, 22.66, 77.18], [0.0, 34.15, 9.75, 47.24, 14.56, 11.03, 28.09, 21.34, 22.13, 27.68, 0.0, 36.1, 20.58, 52.86, 17.77, 29.38, 17.09, 25.58, 19.51, 23.08, 25.18, 49.71], [0.0, 15.53, 26.41, 11.74, 21.56, 25.68, 53.59, 14.76, 14.09, 16.12, 36.1, 0.0, 15.96, 16.93, 25.51, 10.51, 20.49, 17.0, 27.09, 13.1, 38.54, 82.18], [0.0, 15.78, 11.33, 27.57, 6.23, 9.79, 38.83, 12.06, 11.68, 10.08, 20.58, 15.96, 0.0, 32.39, 11.27, 12.9, 4.76, 8.6, 13.67, 4.81, 25.79, 68.8], [0.0, 24.86, 43.25, 9.12, 38.3, 42.18, 67.63, 31.58, 30.73, 29.1, 52.86, 16.93, 32.39, 0.0, 40.33, 26.34, 36.58, 30.75, 41.26, 30.01, 51.25, 98.91], [0.0, 17.7, 13.15, 37.2, 11.08, 9.05, 28.11, 14.14, 13.4, 11.65, 17.77, 25.51, 11.27, 40.33, 0.0, 24.17, 7.06, 9.72, 16.78, 16.07, 14.6, 67.37], [0.0, 21.99, 19.79, 18.83, 16.0, 20.63, 51.41, 10.13, 10.79, 19.29, 29.38, 10.51, 12.9, 26.34, 24.17, 0.0, 17.43, 18.99, 26.52, 8.12, 38.65, 72.69], [0.0, 17.36, 9.01, 32.19, 4.89, 6.07, 34.1, 7.3, 6.92, 10.95, 17.09, 20.49, 4.76, 36.58, 7.06, 17.43, 0.0, 8.94, 9.72, 9.32, 21.64, 66.29], [0.0, 8.57, 17.94, 28.35, 13.42, 14.8, 37.07, 11.15, 9.57, 15.04, 25.58, 17.0, 8.6, 30.75, 9.72, 18.99, 8.94, 0.0, 10.53, 12.16, 21.54, 75.1], [0.0, 17.7, 15.75, 38.67, 13.85, 11.64, 26.59, 16.61, 15.74, 12.2, 19.51, 27.09, 13.67, 41.26, 16.78, 26.52, 9.72, 10.53, 0.0, 18.48, 12.13, 68.82], [0.0, 17.64, 13.35, 24.19, 8.7, 13.16, 43.38, 15.52, 16.24, 13.1, 23.08, 13.1, 4.81, 30.01, 16.07, 8.12, 9.32, 12.16, 18.48, 0.0, 30.6, 69.58], [0.0, 26.47, 25.58, 49.82, 25.16, 21.77, 17.13, 28.71, 27.87, 22.66, 25.18, 38.54, 25.79, 51.25, 14.6, 38.65, 21.64, 21.54, 12.13, 30.6, 0.0, 70.51], [0.0, 0.0, 0.0, 0.0, 0.0, 0.0, 0.0, 0.0, 0.0, 0.0, 0.0, 0.0, 0.0, 0.0, 0.0, 0.0, 0.0, 0.0, 0.0, 0.0, 0.0, 0.0]], "time_windows": [[0.0, 5000.0], [0.0, 136.0], [0.0, 170.0], [0.0, 268.0], [0.0, 352.0], [0.0, 361.0], [0.0, 415.0], [0.0, 493.0], [0.0, 533.0], [0.0, 569.0], [0.0, 633.0], [0.0, 691.0], [0.0, 713.0], [0.0, 757.0], [0.0, 819.0], [0.0, 871.0], [0.0, 904.0], [0.0, 920.0], [0.0, 938.0], [0.0, 968.0], [0.0, 1011.0], [0.0, 5000.0]], "start_depot": 0, "end_depot": 21, "horizon": [0.0, 5000.0]}