{"digraph": {"vertex_count": 22, "arc_count": 420, "arcs": [[0, 1, 1, 1, 1, 1, 1, 1, 1, 1, 1, 1, 1, 1, 1, 1, 1, 1, 1, 1, 1, 1], [0, 0, 1, 1, 1, 1, 1, 1, 1, 1, 1, 1, 1, 1, 1, 1, 1, 1, 1, 1, 1, 1], [0, 1, 0, 1, 1, 1, 1, 1, 1, 1, 1, 1, 1, 1, 1, 1, 1, 1, 1, 1, 1, 1], [0, 1, 1, 0, 1, 1, 1, 1, 1, 1, 1, 1, 1, 1, 1, 1, 1, 1, 1, 1, 1, 1], [0, 1, 1, 1, 0, 1, 1, 1, 1, 1, 1, 1, 1, 1, 1, 1, 1, 1, 1, 1, 1, 1], [0, 1, 1, 1, 1, 0, 1, 1, 1, 1, 1, 1, 1, 1, 1, 1, 1, 1, 1, 1, 1, 1], [0, 1, 1, 1, 1, 1, 0, 1, 1, 1, 1, 1, 1, 1, 1, 1, 1, 1, 1, 1, 1, 1], [0, 1, 1, 1, 1, 1, 1, 0, 1, 1, 1, 1, 1, 1, 1, 1, 1, 1, 1, 1, 1, 1], [0, 1, 1, 1, 1, 1, 1, 1, 0, 1, 1, 1, 1, 1, 1, 1, 1, 1, 1, 1, 1, 1], [0, 1, 1, 1, 1, 1, 1, 1, 1, 0, 1, 1, 1, 1, 1, 1, 1, 1, 1, 1, 1, 1], [0, 1, 1, 1, 1, 1, 1, 1, 1, 1, 0, 1, 1, 1, 1, 1, 1, 1, 1, 1, 1, 1], [0, 1, 1, 1, 1, 1, 1, 1, 1, 1, 1, 0, 1, 1, 1, 1, 1, 1, 1, 1, 1, 1], [0, 1, 1, 1, 1, 1, 1, 1, 1, 1, 1, 1, 0, 1, 1, 1, 1, 1, 1, 1, 1, 1], [0, 1, 1, 1, 1, 1, 1, 1, 1, 1, 1, 1, 1, 0, 1, 1, 1, 1, 1, 1, 1, 1], [0, 1, 1, 1, 1, 1, 1, 1, 1, 1, 1, 1, 1, 1, 0, 1, 1, 1, 1, 1, 1, 1], [0, 1, 1, 1, 1, 1, 1, 1, 1, 1, 1, 1, 1, 1, 1, 0, 1, 1, 1, 1, 1, 1], [0, 1, 1, 1, 1, 1, 1, 1, 1, 1, 1, 1, 1, 1, 1, 1, 0, 1, 1, 1, 1, 1], [0, 1, 1, 1, 1, 1, 1, 1, 1, 1, 1, 1, 1, 1, 1, 1, 1, 0, 1, 1, 1, 1], [0, 1, 1, 1, 1, 1, 1, 1, 1, 1, 1, 1, 1, 1, 1, 1, 1, 1, 0, 1, 1, 1], [0, 1, 1, 1, 1, 1, 1, 1, 1, 1, 1, 1, 1, 1, 1, 1, 1, 1, 1, 0, 1, 1], [0, 1, 1, 1, 1, 1, 1, 1, 1, 1, 1, 1, 1, 1, 1, 1, 1, 1, 1, 1, 0, 1], [0, 0, 0, 0, 0, 0, 0, 0, 0, 0, 0, 0, 0, 0, 0, 0, 0, 0, 0, 0, 0, 0]]}, "cluster_count": 3, "cluster_speeds": [[0.925, 0.85, 0.925, 1.0, 0.8325, 0.765, 0.8325, 0.9, 0.4625, 0.425, 0.4625, 0.5, 0.30525, 0.2805, 0.30525, 0.33, 0.37, 0.34, 0.37, 0.4, 0.555, 0.51, 0.555, 0.6, 0.6475, 0.595, 0.6475, 0.7, 0.37, 0.34, 0.37, 0.4, 0.30525, 0.2805, 0.30525, 0.33, 0.4625, 0.425, 0.4625, 0.5, 0.6475, 0.595, 0.6475, 0.7, 0.74, 0.68, 0.74, 0.8, 0.6475, 0.595, 0.6475, 0.7, 0.4625, 0.425, 0.4625, 0.5, 0.555, 0.51, 0.555, 0.6, 0.6475, 0.595, 0.6475, 0.7, 0.8325, 0.765, 0.8325, 0.9, 0.925, 0.85, 0.925, 1.0, 1.0], [0.7400000000000001, 0.68, 0.7400000000000001, 0.8, 0.666, 0.6120000000000001, 0.666, 0.7200000000000001, 0.37000000000000005, 0.34, 0.37000000000000005, 0.4, 0.24420000000000003, 0.22440000000000004, 0.24420000000000003, 0.264, 0.296, 0.272, 0.296, 0.32000000000000006, 0.44400000000000006, 0.40800000000000003, 0.44400000000000006, 0.48, 0.6475, 0.595, 0.6475, 0.7, 0.37, 0.34, 0.37, 0.4, 0.30525, 0.2805, 0.30525, 0.33, 0.4625, 0.425, 0.4625, 0.5, 0.6475, 0.595, 0.6475, 0.7, 0.74, 0.68, 0.74, 0.8, 0.518, 0.476, 0.518, 0.5599999999999999, 0.37000000000000005, 0.34, 0.37000000000000005, 0.4, 0.44400000000000006, 0.40800000000000003, 0.44400000000000006, 0.48, 0.518, 0.476, 0.518, 0.5599999999999999, 0.666, 0.6120000000000001, 0.666, 0.7200000000000001, 0.7400000000000001, 0.68, 0.7400000000000001, 0.8, 0.8], [0.87875, 0.8075, 0.87875, 0.95, 0.790875, 0.72675, 0.790875, 0.855, 0.439375, 0.40375, 0.439375, 0.475, 0.2899875, 0.266475, 0.2899875, 0.3135, 0.3515, 0.323, 0.3515, 0.38, 0.52725, 0.4845, 0.52725, 0.57, 0.6475, 0.595, 0.6475, 0.7, 0.37, 0.34, 0.37, 0.4, 0.30525, 0.2805, 0.30525, 0.33, 0.4625, 0.425, 0.4625, 0.5, 0.6475, 0.595, 0.6475, 0.7, 0.74, 0.68, 0.74, 0.8, 0.6151249999999999, 0.5652499999999999, 0.6151249999999999, 0.6649999999999999, 0.439375, 0.40375, 0.439375, 0.475, 0.52725, 0.4845, 0.52725, 0.57, 0.6151249999999999, 0.5652499999999999, 0.6151249999999999, 0.6649999999999999, 0.790875, 0.72675, 0.790875, 0.855, 0.87875, 0.8075, 0.87875, 0.95, 0.95]], "clusters": [[-1, 2, 2, 2, 2, 2, 2, 2, 2, 2, 2, 2, 2, 2, 2, 2, 2, 2, 2, 2, 2, 2], [0, -1, 0, 0, 0, 0, 0, 0, 0, 0, 0, 0, 0, 0, 0, 0, 0, 0, 0, 0, 0, 0], [2, 2, -1, 2, 2, 2, 2, 2, 2, 2, 2, 2, 2, 2, 2, 2, 2, 2, 2, 2, 2, 2], [1, 1, 1, -1, 1, 1, 1, 1, 1, 1, 1, 1, 1, 1, 1, 1, 1, 1, 1, 1, 1, 1], [0, 0, 0, 0, -1, 0, 0, 0, 0, 0, 0, 0, 0, 0, 0, 0, 0, 0, 0, 0, 0, 0], [1, 1, 1, 1, 1, -1, 1, 1, 1, 1, 1, 1, 1, 1, 1, 1, 1, 1, 1, 1, 1, 1], [0, 0, 0, 0, 0, 0, -1, 0, 0, 0, 0, 0, 0, 0, 0, 0, 0, 0, 0, 0, 0, 0], [0, 0, 0, 0, 0, 0, 0, -1, 0, 0, 0, 0, 0, 0, 0, 0, 0, 0, 0, 0, 0, 0], [0, 0, 0, 0, 0, 0, 0, 0, -1, 0, 0, 0, 0, 0, 0, 0, 0, 0, 0, 0, 0, 0], [0, 0, 0, 0, 0, 0, 0, 0, 0, -1, 0, 0, 0, 0, 0, 0, 0, 0, 0, 0, 0, 0], [1, 1, 1, 1, 1, 1, 1, 1, 1, 1, -1, 1, 1, 1, 1, 1, 1, 1, 1, 1, 1, 1], [0, 0, 0, 0, 0, 0, 0, 0, 0, 0, 0, -1, 0, 0, 0, 0, 0, 0, 0, 0, 0, 0], [0, 0, 0, 0, 0, 0, 0, 0, 0, 0, 0, 0, -1, 0, 0, 0, 0, 0, 0, 0, 0, 0], [1, 1, 1, 1, 1, 1, 1, 1, 1, 1, 1, 1, 1, -1, 1, 1, 1, 1, 1, 1, 1, 1], [0, 0, 0, 0, 0, 0, 0, 0, 0, 0, 0, 0, 0, 0, -1, 0, 0, 0, 0, 0, 0, 0], [0, 0, 0, 0, 0, 0, 0, 0, 0, 0, 0, 0, 0, 0, 0, -1, 0, 0, 0, 0, 0, 0], [0, 0, 0, 0, 0, 0, 0, 0, 0, 0, 0, 0, 0, 0, 0, 0, -1, 0, 0, 0, 0, 0], [1, 1, 1, 1, 1, 1, 1, 1, 1, 1, 1, 1, 1, 1, 1, 1, 1, -1, 1, 1, 1, 1], [2, 2, 2, 2, 2, 2, 2, 2, 2, 2, 2, 2, 2, 2, 2, 2, 2, 2, -1, 2, 2, 2], [0, 0, 0, 0, 0, 0, 0, 0, 0, 0, 0, 0, 0, 0, 0, 0, 0, 0, 0, -1, 0, 0], [1, 1, 1, 1, 1, 1, 1, 1, 1, 1, 1, 1, 1, 1, 1, 1, 1, 1, 1, 1, -1, 1], [2, 2, 2, 2, 2, 2, 2, 2, 2, 2, 2, 2, 2, 2, 2, 2, 2, 2, 2, 2, 2, -1]], "speed_zone_count": 73, "speed_zones": [[0.0, 15.0], [15.0, 30.0], [30.0, 45.0], [45.0, 60.0], [60.0, 75.0], [75.0, 90.0], [90.0, 105.0], [105.0, 120.0], [120.0, 135.0], [135.0, 150.0], [150.0, 165.0], [165.0, 180.0], [180.0, 195.0], [195.0, 210.0], [210.0, 225.0], [225.0, 240.0], [240.0, 255.0], [255.0, 270.0], [270.0, 285.0], [285.0, 300.0], [300.0, 315.0], [315.0, 330.0], [330.0, 345.0], [345.0, 360.0], [360.0, 375.0], [375.0, 390.0], [390.0, 405.0], [405.0, 420.0], [420.0, 435.0], [435.0, 450.0], [450.0, 465.0], [465.0, 480.0], [480.0, 495.0], [495.0, 510.0], [510.0, 525.0], [525.0, 540.0], [540.0, 555.0], [555.0, 570.0], [570.0, 585.0], [585.0, 600.0], [600.0, 615.0], [615.0, 630.0], [630.0, 645.0], [645.0, 660.0], [660.0, 675.0], [675.0, 690.0], [690.0, 705.0], [705.0, 720.0], [720.0, 735.0], [735.0, 750.0], [750.0, 765.0], [765.0, 780.0], [780.0, 795.0], [795.0, 810.0], [810.0, 825.0], [825.0, 840.0], [840.0, 855.0], [855.0, 870.0], [870.0, 885.0], [885.0, 900.0], [900.0, 915.0], [915.0, 930.0], [930.0, 945.0], [945.0, 960.0], [960.0, 975.0], [975.0, 990.0], [990.0, 1005.0], [1005.0, 1020.0], [1020.0, 1035.0], [1035.0, 1050.0], [1050.0, 1065.0], [1065.0, 1080.0], [1080.0, 5000.0]], "distances": [[0.0, 67.42, 90.38, 68.61, 70.59, 55.99, 78.92, 66.47, 72.23, 81.27, 83.47, 70.78, 74.89, 52.89, 79.5, 72.55, 69.42, 66.73, 88.66, 68.95, 58.84, 0.0], [0.0, 0.0, 40.1, 5.22, 19.81, 13.71, 15.34, 11.53, 4.82, 20.22, 29.01, 19.69, 25.5, 14.78, 16.11, 8.34, 13.2, 11.97, 36.29, 11.97, 10.54, 67.42], [0.0, 40.1, 0.0, 44.57, 22.73, 51.6, 26.59, 43.23, 38.21, 21.28, 11.15, 22.67, 16.82, 45.66, 25.92, 32.04, 27.91, 44.18, 18.43, 29.1, 49.07, 90.38], [0.0, 5.22, 44.57, 0.0, 24.94, 12.98, 18.8, 13.39, 6.68, 24.02, 33.43, 24.81, 30.51, 17.31, 19.57, 12.54, 18.31, 13.84, 40.67, 17.09, 9.88, 68.61], [0.0, 19.81, 22.73, 24.94, 0.0, 29.34, 13.66, 22.81, 19.95, 12.47, 13.23, 12.3, 6.15, 22.93, 13.67, 13.74, 6.63, 23.9, 19.68, 7.85, 27.11, 70.59], [0.0, 13.71, 51.6, 12.98, 29.34, 0.0, 28.79, 11.53, 18.17, 33.3, 40.9, 29.33, 35.49, 9.67, 29.55, 21.57, 23.69, 11.4, 48.09, 22.53, 19.58, 55.99], [0.0, 15.34, 26.59, 18.8, 13.66, 28.79, 0.0, 18.22, 12.13, 5.36, 15.62, 13.4, 16.28, 26.73, 10.02, 7.23, 10.24, 18.95, 22.54, 10.3, 25.72, 78.92], [0.0, 11.53, 43.23, 13.39, 22.81, 11.53, 18.22, 0.0, 6.71, 23.22, 32.14, 22.71, 28.57, 14.59, 19.0, 11.39, 16.25, 13.87, 39.41, 15.0, 8.31, 66.47], [0.0, 4.82, 38.21, 6.68, 19.95, 18.17, 12.13, 6.71, 0.0, 17.4, 27.07, 19.78, 25.01, 19.5, 12.9, 6.45, 13.44, 7.16, 34.25, 12.37, 14.95, 72.23], [0.0, 20.22, 21.28, 24.02, 12.47, 33.3, 5.36, 23.22, 17.4, 0.0, 10.45, 12.21, 13.0, 30.13, 4.66, 11.89, 11.87, 24.02, 17.21, 12.47, 30.34, 81.27], [0.0, 29.01, 11.15, 33.43, 13.23, 40.9, 15.62, 32.14, 27.07, 10.45, 0.0, 13.09, 8.75, 35.71, 14.99, 20.9, 17.29, 33.07, 7.28, 18.41, 38.25, 83.47], [0.0, 19.69, 22.67, 24.81, 12.3, 29.33, 13.4, 22.71, 19.78, 12.21, 13.09, 0.0, 6.16, 23.0, 13.41, 13.55, 6.5, 23.79, 19.59, 7.72, 27.08, 70.78], [0.0, 25.5, 16.82, 30.51, 6.15, 35.49, 16.28, 28.57, 25.01, 13.0, 8.75, 6.16, 0.0, 28.93, 16.0, 18.58, 12.35, 29.64, 14.12, 13.6, 33.23, 74.89], [0.0, 14.78, 45.66, 17.31, 22.93, 9.67, 26.73, 14.59, 19.5, 30.13, 35.71, 23.0, 28.93, 0.0, 27.4, 19.89, 18.75, 15.21, 42.54, 17.85, 9.91, 52.89], [0.0, 16.11, 25.92, 19.57, 13.67, 29.55, 10.02, 19.0, 12.9, 4.66, 14.99, 13.41, 16.0, 27.4, 0.0, 7.99, 10.62, 19.73, 21.86, 10.76, 26.49, 79.5], [0.0, 8.34, 32.04, 12.54, 13.74, 21.57, 7.23, 11.39, 6.45, 11.89, 20.9, 13.55, 18.58, 19.89, 7.99, 0.0, 7.55, 12.25, 28.15, 6.72, 18.53, 72.55], [0.0, 13.2, 27.91, 18.31, 6.63, 23.69, 10.24, 16.25, 13.44, 11.87, 17.29, 6.5, 12.35, 18.75, 10.62, 7.55, 0.0, 17.32, 24.41, 14.23, 21.18, 69.42], [0.0, 11.97, 44.18, 13.84, 23.9, 11.4, 18.95, 13.87, 7.16, 24.02, 33.07, 23.79, 29.64, 15.21, 19.73, 12.25, 17.32, 0.0, 40.34, 16.08, 8.21, 66.73], [0.0, 36.29, 18.43, 40.67, 19.68, 48.09, 22.54, 39.41, 34.25, 17.21, 7.28, 19.59, 14.12, 42.54, 21.86, 28.15, 24.41, 40.34, 0.0, 25.56, 45.48, 88.66], [0.0, 11.97, 29.1, 17.09, 7.85, 22.53, 10.3, 15.0, 12.37, 12.47, 18.41, 7.72, 13.6, 17.85, 10.76, 6.72, 14.23, 16.08, 25.56, 0.0, 19.98, 68.95], [0.0, 10.54, 49.07, 9.88, 27.11, 19.58, 25.72, 8.31, 14.95, 30.34, 38.25, 27.08, 33.23, 9.91, 26.49, 18.53, 21.18, 8.21, 45.48, 19.98, 0.0, 58.84], [0.0, 0.0, 0.0, 0.0, 0.0, 0.0, 0.0, 0.0, 0.0, 0.0, 0.0, 0.0, 0.0, 0.0, 0.0, 0.0, 0.0, 0.0, 0.0, 0.0, 0.0, 0.0]], "time_windows": [[0.0, 5000.0], [0.0, 115.0], [0.0, 165.0], [0.0, 282.0], [0.0, 346.0], [0.0, 399.0], [0.0, 445.0], [0.0, 481.0], [0.0, 500.0], [0.0, 553.0], [0.0, 584.0], [0.0, 613.0], [0.0, 627.0], [0.0, 676.0], [0.0, 715.0], [0.0, 726.0], [0.0, 737.0], [0.0, 759.0], [0.0, 822.0], [0.0, 877.0], [0.0, 915.0], [0.0, 5000.0]], "start_depot": 0, "end_depot": 21, "horizon": [0.0, 5000.0]}