{"digraph": {"vertex_count": 22, "arc_count": 420, "arcs": [[0, 1, 1, 1, 1, 1, 1, 1, 1, 1, 1, 1, 1, 1, 1, 1, 1, 1, 1, 1, 1, 1], [0, 0, 1, 1, 1, 1, 1, 1, 1, 1, 1, 1, 1, 1, 1, 1, 1, 1, 1, 1, 1, 1], [0, 1, 0, 1, 1, 1, 1, 1, 1, 1, 1, 1, 1, 1, 1, 1, 1, 1, 1, 1, 1, 1], [0, 1, 1, 0, 1, 1, 1, 1, 1, 1, 1, 1, 1, 1, 1, 1, 1, 1, 1, 1, 1, 1], [0, 1, 1, 1, 0, 1, 1, 1, 1, 1, 1, 1, 1, 1, 1, 1, 1, 1, 1, 1, 1, 1], [0, 1, 1, 1, 1, 0, 1, 1, 1, 1, 1, 1, 1, 1, 1, 1, 1, 1, 1, 1, 1, 1], [0, 1, 1, 1, 1, 1, 0, 1, 1, 1, 1, 1, 1, 1, 1, 1, 1, 1, 1, 1, 1, 1], [0, 1, 1, 1, 1, 1, 1, 0, 1, 1, 1, 1, 1, 1, 1, 1, 1, 1, 1, 1, 1, 1], [0, 1, 1, 1, 1, 1, 1, 1, 0, 1, 1, 1, 1, 1, 1, 1, 1, 1, 1, 1, 1, 1], [0, 1, 1, 1, 1, 1, 1, 1, 1, 0, 1, 1, 1, 1, 1, 1, 1, 1, 1, 1, 1, 1], [0, 1, 1, 1, 1, 1, 1, 1, 1, 1, 0, 1, 1, 1, 1, 1, 1, 1, 1, 1, 1, 1], [0, 1, 1, 1, 1, 1, 1, 1, 1, 1, 1, 0, 1, 1, 1, 1, 1, 1, 1, 1, 1, 1], [0, 1, 1, 1, 1, 1, 1, 1, 1, 1, 1, 1, 0, 1, 1, 1, 1, 1, 1, 1, 1, 1], [0, 1, 1, 1, 1, 1, 1, 1, 1, 1, 1, 1, 1, 0, 1, 1, 1, 1, 1, 1, 1, 1], [0, 1, 1, 1, 1, 1, 1, 1, 1, 1, 1, 1, 1, 1, 0, 1, 1, 1, 1, 1, 1, 1], [0, 1, 1, 1, 1, 1, 1, 1, 1, 1, 1, 1, 1, 1, 1, 0, 1, 1, 1, 1, 1, 1], [0, 1, 1, 1, 1, 1, 1, 1, 1, 1, 1, 1, 1, 1, 1, 1, 0, 1, 1, 1, 1, 1], [0, 1, 1, 1, 1, 1, 1, 1, 1, 1, 1, 1, 1, 1, 1, 1, 1, 0, 1, 1, 1, 1], [0, 1, 1, 1, 1, 1, 1, 1, 1, 1, 1, 1, 1, 1, 1, 1, 1, 1, 0, 1, 1, 1], [0, 1, 1, 1, 1, 1, 1, 1, 1, 1, 1, 1, 1, 1, 1, 1, 1, 1, 1, 0, 1, 1], [0, 1, 1, 1, 1, 1, 1, 1, 1, 1, 1, 1, 1, 1, 1, 1, 1, 1, 1, 1, 0, 1], [0, 0, 0, 0, 0, 0, 0, 0, 0, 0, 0, 0, 0, 0, 0, 0, 0, 0, 0, 0, 0, 0]]}, "cluster_count": 3, "cluster_speeds": [[0.7400000000000001, 0.68, 0.7400000000000001, 0.8, 0.666, 0.6120000000000001, 0.666, 0.7200000000000001, 0.37000000000000005, 0.34, 0.37000000000000005, 0.4, 0.24420000000000003, 0.22440000000000004, 0.24420000000000003, 0.264, 0.296, 0.272, 0.296, 0.32000000000000006, 0.44400000000000006, 0.40800000000000003, 0.44400000000000006, 0.48, 0.6475, 0.595, 0.6475, 0.7, 0.37, 0.34, 0.37, 0.4, 0.30525, 0.2805, 0.30525, 0.33, 0.4625, 0.425, 0.4625, 0.5, 0.6475, 0.595, 0.6475, 0.7, 0.74, 0.68, 0.74, 0.8, 0.518, 0.476, 0.518, 0.5599999999999999, 0.37000000000000005, 0.34, 0.37000000000000005, 0.4, 0.44400000000000006, 0.40800000000000003, 0.44400000000000006, 0.48, 0.518, 0.476, 0.518, 0.5599999999999999, 0.666, 0.6120000000000001, 0.666, 0.7200000000000001, 0.7400000000000001, 0.68, 0.7400000000000001, 0.8, 0.8], [0.8325, 0.765, 0.8325, 0.9, 0.7492500000000001, 0.6885, 0.7492500000000001, 0.81, 0.41625, 0.3825, 0.41625, 0.45, 0.27472500000000005, 0.25245, 0.27472500000000005, 0.29700000000000004, 0.333, 0.30600000000000005, 0.333, 0.36000000000000004, 0.49950000000000006, 0.459, 0.49950000000000006, 0.54, 0.6475, 0.595, 0.6475, 0.7, 0.37, 0.34, 0.37, 0.4, 0.30525, 0.2805, 0.30525, 0.33, 0.4625, 0.425, 0.4625, 0.5, 0.6475, 0.595, 0.6475, 0.7, 0.74, 0.68, 0.74, 0.8, 0.58275, 0.5355, 0.58275, 0.63, 0.41625, 0.3825, 0.41625, 0.45, 0.49950000000000006, 0.459, 0.49950000000000006, 0.54, 0.58275, 0.5355, 0.58275, 0.63, 0.7492500000000001, 0.6885, 0.7492500000000001, 0.81, 0.8325, 0.765, 0.8325, 0.9, 0.9], [0.925, 0.85, 0.925, 1.0, 0.8325, 0.765, 0.8325, 0.9, 0.4625, 0.425, 0.4625, 0.5, 0.30525, 0.2805, 0.30525, 0.33, 0.37, 0.34, 0.37, 0.4, 0.555, 0.51, 0.555, 0.6, 0.6475, 0.595, 0.6475, 0.7, 0.37, 0.34, 0.37, 0.4, 0.30525, 0.2805, 0.30525, 0.33, 0.4625, 0.425, 0.4625, 0.5, 0.6475, 0.595, 0.6475, 0.7, 0.74, 0.68, 0.74, 0.8, 0.6475, 0.595, 0.6475, 0.7, 0.4625, 0.425, 0.4625, 0.5, 0.555, 0.51, 0.555, 0.6, 0.6475, 0.595, 0.6475, 0.7, 0.8325, 0.765, 0.8325, 0.9, 0.925, 0.85, 0.925, 1.0, 1.0]], "clusters": [[-1, 2, 2, 2, 2, 2, 2, 2, 2, 2, 2, 2, 2, 2, 2, 2, 2, 2, 2, 2, 2, 2], [0, -1, 0, 0, 0, 0, 0, 0, 0, 0, 0, 0, 0, 0, 0, 0, 0, 0, 0, 0, 0, 0], [0, 0, -1, 0, 0, 0, 0, 0, 0, 0, 0, 0, 0, 0, 0, 0, 0, 0, 0, 0, 0, 0], [0, 0, 0, -1, 0, 0, 0, 0, 0, 0, 0, 0, 0, 0, 0, 0, 0, 0, 0, 0, 0, 0], [0, 0, 0, 0, -1, 0, 0, 0, 0, 0, 0, 0, 0, 0, 0, 0, 0, 0, 0, 0, 0, 0], [1, 1, 1, 1, 1, -1, 1, 1, 1, 1, 1, 1, 1, 1, 1, 1, 1, 1, 1, 1, 1, 1], [0, 0, 0, 0, 0, 0, -1, 0, 0, 0, 0, 0, 0, 0, 0, 0, 0, 0, 0, 0, 0, 0], [1, 1, 1, 1, 1, 1, 1, -1, 1, 1, 1, 1, 1, 1, 1, 1, 1, 1, 1, 1, 1, 1], [0, 0, 0, 0, 0, 0, 0, 0, -1, 0, 0, 0, 0, 0, 0, 0, 0, 0, 0, 0, 0, 0], [0, 0, 0, 0, 0, 0, 0, 0, 0, -1, 0, 0, 0, 0, 0, 0, 0, 0, 0, 0, 0, 0], [0, 0, 0, 0, 0, 0, 0, 0, 0, 0, -1, 0, 0, 0, 0, 0, 0, 0, 0, 0, 0, 0], [0, 0, 0, 0, 0, 0, 0, 0, 0, 0, 0, -1, 0, 0, 0, 0, 0, 0, 0, 0, 0, 0], [0, 0, 0, 0, 0, 0, 0, 0, 0, 0, 0, 0, -1, 0, 0, 0, 0, 0, 0, 0, 0, 0], [0, 0, 0, 0, 0, 0, 0, 0, 0, 0, 0, 0, 0, -1, 0, 0, 0, 0, 0, 0, 0, 0], [0, 0, 0, 0, 0, 0, 0, 0, 0, 0, 0, 0, 0, 0, -1, 0, 0, 0, 0, 0, 0, 0], [0, 0, 0, 0, 0, 0, 0, 0, 0, 0, 0, 0, 0, 0, 0, -1, 0, 0, 0, 0, 0, 0], [0, 0, 0, 0, 0, 0, 0, 0, 0, 0, 0, 0, 0, 0, 0, 0, -1, 0, 0, 0, 0, 0], [1, 1, 1, 1, 1, 1, 1, 1, 1, 1, 1, 1, 1, 1, 1, 1, 1, -1, 1, 1, 1, 1], [0, 0, 0, 0, 0, 0, 0, 0, 0, 0, 0, 0, 0, 0, 0, 0, 0, 0, -1, 0, 0, 0], [0, 0, 0, 0, 0, 0, 0, 0, 0, 0, 0, 0, 0, 0, 0, 0, 0, 0, 0, -1, 0, 0], [0, 0, 0, 0, 0, 0, 0, 0, 0, 0, 0, 0, 0, 0, 0, 0, 0, 0, 0, 0, -1, 0], [2, 2, 2, 2, 2, 2, 2, 2, 2, 2, 2, 2, 2, 2, 2, 2, 2, 2, 2, 2, 2, -1]], "speed_zone_count": 73, "speed_zones": [[0.0, 15.0], [15.0, 30.0], [30.0, 45.0], [45.0, 60.0], [60.0, 75.0], [75.0, 90.0], [90.0, 105.0], [105.0, 120.0], [120.0, 135.0], [135.0, 150.0], [150.0, 165.0], [165.0, 180.0], [180.0, 195.0], [195.0, 210.0], [210.0, 225.0], [225.0, 240.0], [240.0, 255.0], [255.0, 270.0], [270.0, 285.0], [285.0, 300.0], [300.0, 315.0], [315.0, 330.0], [330.0, 345.0], [345.0, 360.0], [360.0, 375.0], [375.0, 390.0], [390.0, 405.0], [405.0, 420.0], [420.0, 435.0], [435.0, 450.0], [450.0, 465.0], [465.0, 480.0], [480.0, 495.0], [495.0, 510.0], [510.0, 525.0], [525.0, 540.0], [540.0, 555.0], [555.0, 570.0], [570.0, 585.0], [585.0, 600.0], [600.0, 615.0], [615.0, 630.0], [630.0, 645.0], [645.0, 660.0], [660.0, 675.0], [675.0, 690.0], [690.0, 705.0], [705.0, 720.0], [720.0, 735.0], [735.0, 750.0], [750.0, 765.0], [765.0, 780.0], [780.0, 795.0], [795.0, 810.0], [810.0, 825.0], [825.0, 840.0], [840.0, 855.0], [855.0, 870.0], [870.0, 885.0], [885.0, 900.0], [900.0, 915.0], [915.0, 930.0], [930.0, 945.0], [945.0, 960.0], [960.0, 975.0], [975.0, 990.0], [990.0, 1005.0], [1005.0, 1020.0], [1020.0, 1035.0], [1035.0, 1050.0], [1050.0, 1065.0], [1065.0, 1080.0], [1080.0, 5000.0]], "distances": [[0.0, 70.21, 81.2, 75.43, 63.01, 53.28, 72.4, 78.57, 69.81, 65.93, 69.39, 71.04, 69.31, 72.01, 72.64, 71.74, 64.57, 91.57, 60.7, 75.23, 73.17, 0.0], [0.0, 0.0, 11.39, 7.35, 7.96, 20.85, 10.47, 14.13, 5.65, 5.88, 7.2, 10.06, 11.93, 12.34, 12.26, 13.38, 6.69, 21.35, 16.16, 7.33, 11.07, 70.21], [0.0, 11.39, 0.0, 10.42, 19.31, 32.02, 16.59, 9.44, 14.54, 16.9, 15.92, 17.14, 12.03, 9.49, 18.12, 19.74, 17.94, 10.88, 26.52, 10.68, 9.29, 81.2], [0.0, 7.35, 10.42, 0.0, 12.5, 23.59, 6.17, 17.54, 5.66, 9.54, 6.46, 6.81, 8.73, 6.81, 7.73, 9.33, 10.93, 17.23, 17.14, 8.79, 4.37, 75.43], [0.0, 7.96, 19.31, 12.5, 0.0, 12.98, 11.28, 21.18, 7.08, 11.77, 7.23, 10.08, 7.66, 9.85, 12.48, 12.66, 12.63, 28.83, 9.52, 12.32, 10.36, 63.01], [0.0, 20.85, 32.02, 23.59, 12.98, 0.0, 19.42, 33.99, 18.05, 15.13, 17.15, 18.1, 20.64, 22.72, 19.45, 18.47, 14.16, 40.77, 7.41, 23.34, 22.79, 53.28], [0.0, 10.47, 16.59, 6.17, 11.28, 19.42, 0.0, 23.18, 5.19, 8.71, 4.19, 9.7, 11.65, 11.01, 9.89, 10.63, 9.97, 22.53, 12.29, 5.9, 8.98, 72.4], [0.0, 14.13, 9.44, 17.54, 21.18, 33.99, 23.18, 0.0, 19.38, 19.84, 20.97, 23.26, 13.79, 12.71, 24.94, 26.39, 20.31, 18.28, 30.18, 17.74, 14.27, 78.57], [0.0, 5.65, 14.54, 5.66, 7.08, 18.05, 5.19, 19.38, 0.0, 11.53, 9.38, 4.51, 6.66, 6.7, 6.87, 7.82, 5.55, 22.72, 12.0, 5.44, 5.42, 69.81], [0.0, 5.88, 16.9, 9.54, 11.77, 15.13, 8.71, 19.84, 11.53, 0.0, 4.53, 7.63, 6.05, 7.67, 10.1, 10.56, 10.37, 26.07, 10.35, 9.35, 7.71, 65.93], [0.0, 7.2, 15.92, 6.46, 7.23, 17.15, 4.19, 20.97, 9.38, 4.53, 0.0, 12.17, 8.15, 8.29, 5.69, 6.44, 5.84, 23.68, 10.76, 6.2, 6.94, 69.39], [0.0, 10.06, 17.14, 6.81, 10.08, 18.1, 9.7, 23.26, 4.51, 7.63, 12.17, 0.0, 11.15, 10.83, 11.38, 12.33, 8.83, 23.57, 11.03, 6.53, 9.0, 71.04], [0.0, 11.93, 12.03, 8.73, 7.66, 20.64, 11.65, 13.79, 6.66, 6.05, 8.15, 11.15, 0.0, 13.35, 13.41, 14.46, 6.58, 22.28, 16.39, 8.71, 4.62, 69.31], [0.0, 12.34, 9.49, 6.81, 9.85, 22.72, 11.01, 12.71, 6.7, 7.67, 8.29, 10.83, 13.35, 0.0, 12.82, 14.09, 8.56, 19.57, 17.85, 6.86, 11.18, 72.01], [0.0, 12.26, 18.12, 7.73, 12.48, 19.45, 9.89, 24.94, 6.87, 10.1, 5.69, 11.38, 13.41, 12.82, 0.0, 12.14, 11.27, 23.46, 12.12, 7.47, 10.77, 72.64], [0.0, 13.38, 19.74, 9.33, 12.66, 18.47, 10.63, 26.39, 7.82, 10.56, 6.44, 12.33, 14.46, 14.09, 12.14, 0.0, 11.61, 25.06, 11.07, 9.07, 12.15, 71.74], [0.0, 6.69, 17.94, 10.93, 12.63, 14.16, 9.97, 20.31, 5.55, 10.37, 5.84, 8.83, 6.58, 8.56, 11.27, 11.61, 0.0, 27.33, 9.98, 10.75, 8.88, 64.57], [0.0, 21.35, 10.88, 17.23, 28.83, 40.77, 22.53, 18.28, 22.72, 26.07, 23.68, 23.57, 22.28, 19.57, 23.46, 25.06, 27.33, 0.0, 34.34, 17.49, 18.49, 91.57], [0.0, 16.16, 26.52, 17.14, 9.52, 7.41, 12.29, 30.18, 12.0, 10.35, 10.76, 11.03, 16.39, 17.85, 12.12, 11.07, 9.98, 34.34, 0.0, 16.87, 17.28, 60.7], [0.0, 7.33, 10.68, 8.79, 12.32, 23.34, 5.9, 17.74, 5.44, 9.35, 6.2, 6.53, 8.71, 6.86, 7.47, 9.07, 10.75, 17.49, 16.87, 0.0, 4.43, 75.23], [0.0, 11.07, 9.29, 4.37, 10.36, 22.79, 8.98, 14.27, 5.42, 7.71, 6.94, 9.0, 4.62, 11.18, 10.77, 12.15, 8.88, 18.49, 17.28, 4.43, 0.0, 73.17], [0.0, 0.0, 0.0, 0.0, 0.0, 0.0, 0.0, 0.0, 0.0, 0.0, 0.0, 0.0, 0.0, 0.0, 0.0, 0.0, 0.0, 0.0, 0.0, 0.0, 0.0, 0.0]], "time_windows": [[0.0, 5000.0], [0.0, 118.0], [0.0, 133.0], [0.0, 146.0], [0.0, 159.0], [0.0, 188.0], [0.0, 233.0], [0.0, 304.0], [0.0, 351.0], [0.0, 373.0], [0.0, 381.0], [0.0, 402.0], [0.0, 419.0], [0.0, 441.0], [0.0, 459.0], [0.0, 492.0], [0.0, 523.0], [0.0, 602.0], [0.0, 667.0], [0.0, 692.0], [0.0, 699.0], [0.0, 5000.0]], "start_depot": 0, "end_depot": 21, "horizon": [0.0, 5000.0]}