{"digraph": {"vertex_count": 22, "arc_count": 420, "arcs": [[0, 1, 1, 1, 1, 1, 1, 1, 1, 1, 1, 1, 1, 1, 1, 1, 1, 1, 1, 1, 1, 1], [0, 0, 1, 1, 1, 1, 1, 1, 1, 1, 1, 1, 1, 1, 1, 1, 1, 1, 1, 1, 1, 1], [0, 1, 0, 1, 1, 1, 1, 1, 1, 1, 1, 1, 1, 1, 1, 1, 1, 1, 1, 1, 1, 1], [0, 1, 1, 0, 1, 1, 1, 1, 1, 1, 1, 1, 1, 1, 1, 1, 1, 1, 1, 1, 1, 1], [0, 1, 1, 1, 0, 1, 1, 1, 1, 1, 1, 1, 1, 1, 1, 1, 1, 1, 1, 1, 1, 1], [0, 1, 1, 1, 1, 0, 1, 1, 1, 1, 1, 1, 1, 1, 1, 1, 1, 1, 1, 1, 1, 1], [0, 1, 1, 1, 1, 1, 0, 1, 1, 1, 1, 1, 1, 1, 1, 1, 1, 1, 1, 1, 1, 1], [0, 1, 1, 1, 1, 1, 1, 0, 1, 1, 1, 1, 1, 1, 1, 1, 1, 1, 1, 1, 1, 1], [0, 1, 1, 1, 1, 1, 1, 1, 0, 1, 1, 1, 1, 1, 1, 1, 1, 1, 1, 1, 1, 1], [0, 1, 1, 1, 1, 1, 1, 1, 1, 0, 1, 1, 1, 1, 1, 1, 1, 1, 1, 1, 1, 1], [0, 1, 1, 1, 1, 1, 1, 1, 1, 1, 0, 1, 1, 1, 1, 1, 1, 1, 1, 1, 1, 1], [0, 1, 1, 1, 1, 1, 1, 1, 1, 1, 1, 0, 1, 1, 1, 1, 1, 1, 1, 1, 1, 1], [0, 1, 1, 1, 1, 1, 1, 1, 1, 1, 1, 1, 0, 1, 1, 1, 1, 1, 1, 1, 1, 1], [0, 1, 1, 1, 1, 1, 1, 1, 1, 1, 1, 1, 1, 0, 1, 1, 1, 1, 1, 1, 1, 1], [0, 1, 1, 1, 1, 1, 1, 1, 1, 1, 1, 1, 1, 1, 0, 1, 1, 1, 1, 1, 1, 1], [0, 1, 1, 1, 1, 1, 1, 1, 1, 1, 1, 1, 1, 1, 1, 0, 1, 1, 1, 1, 1, 1], [0, 1, 1, 1, 1, 1, 1, 1, 1, 1, 1, 1, 1, 1, 1, 1, 0, 1, 1, 1, 1, 1], [0, 1, 1, 1, 1, 1, 1, 1, 1, 1, 1, 1, 1, 1, 1, 1, 1, 0, 1, 1, 1, 1], [0, 1, 1, 1, 1, 1, 1, 1, 1, 1, 1, 1, 1, 1, 1, 1, 1, 1, 0, 1, 1, 1], [0, 1, 1, 1, 1, 1, 1, 1, 1, 1, 1, 1, 1, 1, 1, 1, 1, 1, 1, 0, 1, 1], [0, 1, 1, 1, 1, 1, 1, 1, 1, 1, 1, 1, 1, 1, 1, 1, 1, 1, 1, 1, 0, 1], [0, 0, 0, 0, 0, 0, 0, 0, 0, 0, 0, 0, 0, 0, 0, 0, 0, 0, 0, 0, 0, 0]]}, "cluster_count": 3, "cluster_speeds": [[0.7400000000000001, 0.68, 0.7400000000000001, 0.8, 0.666, 0.6120000000000001, 0.666, 0.7200000000000001, 0.37000000000000005, 0.34, 0.37000000000000005, 0.4, 0.24420000000000003, 0.22440000000000004, 0.24420000000000003, 0.264, 0.296, 0.272, 0.296, 0.32000000000000006, 0.44400000000000006, 0.40800000000000003, 0.44400000000000006, 0.48, 0.6475, 0.595, 0.6475, 0.7, 0.37, 0.34, 0.37, 0.4, 0.30525, 0.2805, 0.30525, 0.33, 0.4625, 0.425, 0.4625, 0.5, 0.6475, 0.595, 0.6475, 0.7, 0.74, 0.68, 0.74, 0.8, 0.518, 0.476, 0.518, 0.5599999999999999, 0.37000000000000005, 0.34, 0.37000000000000005, 0.4, 0.44400000000000006, 0.40800000000000003, 0.44400000000000006, 0.48, 0.518, 0.476, 0.518, 0.5599999999999999, 0.666, 0.6120000000000001, 0.666, 0.7200000000000001, 0.7400000000000001, 0.68, 0.7400000000000001, 0.8, 0.8], [0.8325, 0.765, 0.8325, 0.9, 0.7492500000000001, 0.6885, 0.7492500000000001, 0.81, 0.41625, 0.3825, 0.41625, 0.45, 0.27472500000000005, 0.25245, 0.27472500000000005, 0.29700000000000004, 0.333, 0.30600000000000005, 0.333, 0.36000000000000004, 0.49950000000000006, 0.459, 0.49950000000000006, 0.54, 0.6475, 0.595, 0.6475, 0.7, 0.37, 0.34, 0.37, 0.4, 0.30525, 0.2805, 0.30525, 0.33, 0.4625, 0.425, 0.4625, 0.5, 0.6475, 0.595, 0.6475, 0.7, 0.74, 0.68, 0.74, 0.8, 0.58275, 0.5355, 0.58275, 0.63, 0.41625, 0.3825, 0.41625, 0.45, 0.49950000000000006, 0.459, 0.49950000000000006, 0.54, 0.58275, 0.5355, 0.58275, 0.63, 0.7492500000000001, 0.6885, 0.7492500000000001, 0.81, 0.8325, 0.765, 0.8325, 0.9, 0.9], [0.925, 0.85, 0.925, 1.0, 0.8325, 0.765, 0.8325, 0.9, 0.4625, 0.425, 0.4625, 0.5, 0.30525, 0.2805, 0.30525, 0.33, 0.37, 0.34, 0.37, 0.4, 0.555, 0.51, 0.555, 0.6, 0.6475, 0.595, 0.6475, 0.7, 0.37, 0.34, 0.37, 0.4, 0.30525, 0.2805, 0.30525, 0.33, 0.4625, 0.425, 0.4625, 0.5, 0.6475, 0.595, 0.6475, 0.7, 0.74, 0.68, 0.74, 0.8, 0.6475, 0.595, 0.6475, 0.7, 0.4625, 0.425, 0.4625, 0.5, 0.555, 0.51, 0.555, 0.6, 0.6475, 0.595, 0.6475, 0.7, 0.8325, 0.765, 0.8325, 0.9, 0.925, 0.85, 0.925, 1.0, 1.0]], "clusters": [[-1, 2, 2, 2, 2, 2, 2, 2, 2, 2, 2, 2, 2, 2, 2, 2, 2, 2, 2, 2, 2, 2], [0, -1, 0, 0, 0, 0, 0, 0, 0, 0, 0, 0, 0, 0, 0, 0, 0, 0, 0, 0, 0, 0], [2, 2, -1, 2, 2, 2, 2, 2, 2, 2, 2, 2, 2, 2, 2, 2, 2, 2, 2, 2, 2, 2], [2, 2, 2, -1, 2, 2, 2, 2, 2, 2, 2, 2, 2, 2, 2, 2, 2, 2, 2, 2, 2, 2], [1, 1, 1, 1, -1, 1, 1, 1, 1, 1, 1, 1, 1, 1, 1, 1, 1, 1, 1, 1, 1, 1], [0, 0, 0, 0, 0, -1, 0, 0, 0, 0, 0, 0, 0, 0, 0, 0, 0, 0, 0, 0, 0, 0], [0, 0, 0, 0, 0, 0, -1, 0, 0, 0, 0, 0, 0, 0, 0, 0, 0, 0, 0, 0, 0, 0], [2, 2, 2, 2, 2, 2, 2, -1, 2, 2, 2, 2, 2, 2, 2, 2, 2, 2, 2, 2, 2, 2], [0, 0, 0, 0, 0, 0, 0, 0, -1, 0, 0, 0, 0, 0, 0, 0, 0, 0, 0, 0, 0, 0], [1, 1, 1, 1, 1, 1, 1, 1, 1, -1, 1, 1, 1, 1, 1, 1, 1, 1, 1, 1, 1, 1], [2, 2, 2, 2, 2, 2, 2, 2, 2, 2, -1, 2, 2, 2, 2, 2, 2, 2, 2, 2, 2, 2], [0, 0, 0, 0, 0, 0, 0, 0, 0, 0, 0, -1, 0, 0, 0, 0, 0, 0, 0, 0, 0, 0], [2, 2, 2, 2, 2, 2, 2, 2, 2, 2, 2, 2, -1, 2, 2, 2, 2, 2, 2, 2, 2, 2], [0, 0, 0, 0, 0, 0, 0, 0, 0, 0, 0, 0, 0, -1, 0, 0, 0, 0, 0, 0, 0, 0], [2, 2, 2, 2, 2, 2, 2, 2, 2, 2, 2, 2, 2, 2, -1, 2, 2, 2, 2, 2, 2, 2], [0, 0, 0, 0, 0, 0, 0, 0, 0, 0, 0, 0, 0, 0, 0, -1, 0, 0, 0, 0, 0, 0], [2, 2, 2, 2, 2, 2, 2, 2, 2, 2, 2, 2, 2, 2, 2, 2, -1, 2, 2, 2, 2, 2], [1, 1, 1, 1, 1, 1, 1, 1, 1, 1, 1, 1, 1, 1, 1, 1, 1, -1, 1, 1, 1, 1], [0, 0, 0, 0, 0, 0, 0, 0, 0, 0, 0, 0, 0, 0, 0, 0, 0, 0, -1, 0, 0, 0], [1, 1, 1, 1, 1, 1, 1, 1, 1, 1, 1, 1, 1, 1, 1, 1, 1, 1, 1, -1, 1, 1], [1, 1, 1, 1, 1, 1, 1, 1, 1, 1, 1, 1, 1, 1, 1, 1, 1, 1, 1, 1, -1, 1], [2, 2, 2, 2, 2, 2, 2, 2, 2, 2, 2, 2, 2, 2, 2, 2, 2, 2, 2, 2, 2, -1]], "speed_zone_count": 73, "speed_zones": [[0.0, 15.0], [15.0, 30.0], [30.0, 45.0], [45.0, 60.0], [60.0, 75.0], [75.0, 90.0], [90.0, 105.0], [105.0, 120.0], [120.0, 135.0], [135.0, 150.0], [150.0, 165.0], [165.0, 180.0], [180.0, 195.0], [195.0, 210.0], [210.0, 225.0], [225.0, 240.0], [240.0, 255.0], [255.0, 270.0], [270.0, 285.0], [285.0, 300.0], [300.0, 315.0], [315.0, 330.0], [330.0, 345.0], [345.0, 360.0], [360.0, 375.0], [375.0, 390.0], [390.0, 405.0], [405.0, 420.0], [420.0, 435.0], [435.0, 450.0], [450.0, 465.0], [465.0, 480.0], [480.0, 495.0], [495.0, 510.0], [510.0, 525.0], [525.0, 540.0], [540.0, 555.0], [555.0, 570.0], [570.0, 585.0], [585.0, 600.0], [600.0, 615.0], [615.0, 630.0], [630.0, 645.0], [645.0, 660.0], [660.0, 675.0], [675.0, 690.0], [690.0, 705.0], [705.0, 720.0], [720.0, 735.0], [735.0, 750.0], [750.0, 765.0], [765.0, 780.0], [780.0, 795.0], [795.0, 810.0], [810.0, 825.0], [825.0, 840.0], [840.0, 855.0], [855.0, 870.0], [870.0, 885.0], [885.0, 900.0], [900.0, 915.0], [915.0, 930.0], [930.0, 945.0], [945.0, 960.0], [960.0, 975.0], [975.0, 990.0], [990.0, 1005.0], [1005.0, 1020.0], [1020.0, 1035.0], [1035.0, 1050.0], [1050.0, 1065.0], [1065.0, 1080.0], [1080.0, 5000.0]], "distances": [[0.0, 77.31, 64.09, 36.46, 74.28, 74.58, 71.52, 53.53, 57.83, 94.0, 72.34, 67.96, 83.92, 74.15, 80.82, 64.63, 72.24, 58.98, 85.59, 47.17, 50.02, 0.0], [0.0, 0.0, 43.97, 42.86, 14.36, 9.2, 13.82, 38.14, 19.65, 17.02, 26.13, 15.42, 35.36, 17.07, 27.99, 13.83, 24.06, 20.67, 9.56, 30.3, 27.68, 77.31], [0.0, 43.97, 0.0, 32.6, 30.48, 49.88, 30.21, 13.26, 39.02, 57.51, 19.5, 49.99, 75.51, 42.93, 68.42, 33.51, 21.22, 28.7, 52.84, 39.25, 32.8, 64.09], [0.0, 42.86, 32.6, 0.0, 37.95, 42.47, 35.28, 19.69, 25.01, 59.88, 36.25, 37.58, 60.11, 39.95, 54.69, 29.31, 35.96, 23.03, 51.96, 16.25, 15.38, 36.46], [0.0, 14.36, 30.48, 37.95, 0.0, 22.34, 20.35, 27.3, 22.04, 27.18, 11.82, 25.86, 49.14, 14.49, 41.75, 12.17, 9.77, 15.57, 22.48, 30.49, 25.16, 74.28], [0.0, 9.2, 49.88, 42.47, 22.34, 0.0, 20.96, 42.01, 17.5, 20.46, 33.61, 7.64, 26.8, 7.87, 19.41, 16.73, 31.54, 23.09, 11.91, 27.69, 27.19, 74.58], [0.0, 13.82, 30.21, 35.28, 20.35, 20.96, 0.0, 25.74, 19.11, 28.19, 12.65, 23.75, 47.71, 13.29, 40.34, 9.25, 10.58, 12.67, 22.68, 27.49, 22.21, 71.52], [0.0, 38.14, 13.26, 19.69, 27.3, 42.01, 25.74, 0.0, 28.21, 53.87, 20.3, 40.45, 65.89, 36.26, 59.16, 25.33, 20.95, 19.05, 47.63, 26.54, 20.48, 53.53], [0.0, 19.65, 39.02, 25.01, 22.04, 17.5, 19.11, 28.21, 0.0, 36.17, 28.61, 13.02, 37.84, 16.43, 31.41, 9.87, 26.98, 10.58, 27.79, 10.69, 9.93, 57.83], [0.0, 17.02, 57.51, 59.88, 27.18, 20.46, 28.19, 53.87, 36.17, 0.0, 38.18, 28.05, 36.36, 19.99, 30.3, 30.75, 36.33, 37.5, 8.6, 46.84, 44.67, 94.0], [0.0, 26.13, 19.5, 36.25, 11.82, 33.61, 12.65, 20.3, 28.61, 38.18, 0.0, 35.92, 60.33, 25.92, 52.97, 19.74, 21.6, 18.82, 34.21, 34.07, 27.55, 72.34], [0.0, 15.42, 49.99, 37.58, 25.86, 7.64, 23.75, 40.45, 13.02, 28.05, 35.92, 0.0, 25.57, 12.88, 18.71, 16.7, 33.95, 21.57, 19.54, 21.85, 22.9, 67.96], [0.0, 35.36, 75.51, 60.11, 49.14, 26.8, 47.71, 65.89, 37.84, 36.36, 60.33, 25.57, 0.0, 34.65, 7.4, 42.05, 58.28, 47.13, 31.71, 43.9, 47.1, 83.92], [0.0, 17.07, 42.93, 39.95, 14.49, 7.87, 13.29, 36.26, 16.43, 19.99, 25.92, 12.88, 34.65, 0.0, 27.25, 11.31, 23.84, 18.18, 12.07, 27.09, 24.68, 74.15], [0.0, 27.99, 68.42, 54.69, 41.75, 19.41, 40.34, 59.16, 31.41, 30.3, 52.97, 18.71, 7.4, 27.25, 0.0, 34.92, 50.91, 40.25, 24.85, 38.45, 40.98, 80.82], [0.0, 13.83, 33.51, 29.31, 12.17, 16.73, 9.25, 25.33, 9.87, 30.75, 19.74, 16.7, 42.05, 11.31, 34.92, 0.0, 17.91, 6.87, 23.3, 18.86, 14.61, 64.63], [0.0, 24.06, 21.22, 35.96, 9.77, 31.54, 10.58, 20.95, 26.98, 36.33, 21.6, 33.95, 58.28, 23.84, 50.91, 17.91, 0.0, 17.47, 32.2, 32.89, 26.49, 72.24], [0.0, 20.67, 28.7, 23.03, 15.57, 23.09, 12.67, 19.05, 10.58, 37.5, 18.82, 21.57, 47.13, 18.18, 40.25, 6.87, 17.47, 0.0, 30.17, 15.56, 9.65, 58.98], [0.0, 9.56, 52.84, 51.96, 22.48, 11.91, 22.68, 47.63, 27.79, 8.6, 34.21, 19.54, 31.71, 12.07, 24.85, 23.3, 32.2, 30.17, 0.0, 38.43, 36.63, 85.59], [0.0, 30.3, 39.25, 16.25, 30.49, 27.69, 27.49, 26.54, 10.69, 46.84, 34.07, 21.85, 43.9, 27.09, 38.45, 18.86, 32.89, 15.56, 38.43, 0.0, 6.76, 47.17], [0.0, 27.68, 32.8, 15.38, 25.16, 27.19, 22.21, 20.48, 9.93, 44.67, 27.55, 22.9, 47.1, 24.68, 40.98, 14.61, 26.49, 9.65, 36.63, 6.76, 0.0, 50.02], [0.0, 0.0, 0.0, 0.0, 0.0, 0.0, 0.0, 0.0, 0.0, 0.0, 0.0, 0.0, 0.0, 0.0, 0.0, 0.0, 0.0, 0.0, 0.0, 0.0, 0.0, 0.0]], "time_windows": [[0.0, 5000.0], [0.0, 128.0], [0.0, 196.0], [0.0, 287.0], [0.0, 374.0], [0.0, 412.0], [0.0, 445.0], [0.0, 502.0], [0.0, 586.0], [0.0, 658.0], [0.0, 715.0], [0.0, 764.0], [0.0, 804.0], [0.0, 872.0], [0.0, 923.0], [0.0, 979.0], [0.0, 1005.0], [0.0, 1027.0], [0.0, 1062.0], [0.0, 1105.0], [0.0, 1111.0], [0.0, 5000.0]], "start_depot": 0, "end_depot": 21, "horizon": [0.0, 5000.0]}