{"digraph": {"vertex_count": 22, "arc_count": 420, "arcs": [[0, 1, 1, 1, 1, 1, 1, 1, 1, 1, 1, 1, 1, 1, 1, 1, 1, 1, 1, 1, 1, 1], [0, 0, 1, 1, 1, 1, 1, 1, 1, 1, 1, 1, 1, 1, 1, 1, 1, 1, 1, 1, 1, 1], [0, 1, 0, 1, 1, 1, 1, 1, 1, 1, 1, 1, 1, 1, 1, 1, 1, 1, 1, 1, 1, 1], [0, 1, 1, 0, 1, 1, 1, 1, 1, 1, 1, 1, 1, 1, 1, 1, 1, 1, 1, 1, 1, 1], [0, 1, 1, 1, 0, 1, 1, 1, 1, 1, 1, 1, 1, 1, 1, 1, 1, 1, 1, 1, 1, 1], [0, 1, 1, 1, 1, 0, 1, 1, 1, 1, 1, 1, 1, 1, 1, 1, 1, 1, 1, 1, 1, 1], [0, 1, 1, 1, 1, 1, 0, 1, 1, 1, 1, 1, 1, 1, 1, 1, 1, 1, 1, 1, 1, 1], [0, 1, 1, 1, 1, 1, 1, 0, 1, 1, 1, 1, 1, 1, 1, 1, 1, 1, 1, 1, 1, 1], [0, 1, 1, 1, 1, 1, 1, 1, 0, 1, 1, 1, 1, 1, 1, 1, 1, 1, 1, 1, 1, 1], [0, 1, 1, 1, 1, 1, 1, 1, 1, 0, 1, 1, 1, 1, 1, 1, 1, 1, 1, 1, 1, 1], [0, 1, 1, 1, 1, 1, 1, 1, 1, 1, 0, 1, 1, 1, 1, 1, 1, 1, 1, 1, 1, 1], [0, 1, 1, 1, 1, 1, 1, 1, 1, 1, 1, 0, 1, 1, 1, 1, 1, 1, 1, 1, 1, 1], [0, 1, 1, 1, 1, 1, 1, 1, 1, 1, 1, 1, 0, 1, 1, 1, 1, 1, 1, 1, 1, 1], [0, 1, 1, 1, 1, 1, 1, 1, 1, 1, 1, 1, 1, 0, 1, 1, 1, 1, 1, 1, 1, 1], [0, 1, 1, 1, 1, 1, 1, 1, 1, 1, 1, 1, 1, 1, 0, 1, 1, 1, 1, 1, 1, 1], [0, 1, 1, 1, 1, 1, 1, 1, 1, 1, 1, 1, 1, 1, 1, 0, 1, 1, 1, 1, 1, 1], [0, 1, 1, 1, 1, 1, 1, 1, 1, 1, 1, 1, 1, 1, 1, 1, 0, 1, 1, 1, 1, 1], [0, 1, 1, 1, 1, 1, 1, 1, 1, 1, 1, 1, 1, 1, 1, 1, 1, 0, 1, 1, 1, 1], [0, 1, 1, 1, 1, 1, 1, 1, 1, 1, 1, 1, 1, 1, 1, 1, 1, 1, 0, 1, 1, 1], [0, 1, 1, 1, 1, 1, 1, 1, 1, 1, 1, 1, 1, 1, 1, 1, 1, 1, 1, 0, 1, 1], [0, 1, 1, 1, 1, 1, 1, 1, 1, 1, 1, 1, 1, 1, 1, 1, 1, 1, 1, 1, 0, 1], [0, 0, 0, 0, 0, 0, 0, 0, 0, 0, 0, 0, 0, 0, 0, 0, 0, 0, 0, 0, 0, 0]]}, "cluster_count": 3, "cluster_speeds": [[0.8325, 0.765, 0.8325, 0.9, 0.7492500000000001, 0.6885, 0.7492500000000001, 0.81, 0.41625, 0.3825, 0.41625, 0.45, 0.27472500000000005, 0.25245, 0.27472500000000005, 0.29700000000000004, 0.333, 0.30600000000000005, 0.333, 0.36000000000000004, 0.49950000000000006, 0.459, 0.49950000000000006, 0.54, 0.6475, 0.595, 0.6475, 0.7, 0.37, 0.34, 0.37, 0.4, 0.30525, 0.2805, 0.30525, 0.33, 0.4625, 0.425, 0.4625, 0.5, 0.6475, 0.595, 0.6475, 0.7, 0.74, 0.68, 0.74, 0.8, 0.58275, 0.5355, 0.58275, 0.63, 0.41625, 0.3825, 0.41625, 0.45, 0.49950000000000006, 0.459, 0.49950000000000006, 0.54, 0.58275, 0.5355, 0.58275, 0.63, 0.7492500000000001, 0.6885, 0.7492500000000001, 0.81, 0.8325, 0.765, 0.8325, 0.9, 0.9], [0.87875, 0.8075, 0.87875, 0.95, 0.790875, 0.72675, 0.790875, 0.855, 0.439375, 0.40375, 0.439375, 0.475, 0.2899875, 0.266475, 0.2899875, 0.3135, 0.3515, 0.323, 0.3515, 0.38, 0.52725, 0.4845, 0.52725, 0.57, 0.6475, 0.595, 0.6475, 0.7, 0.37, 0.34, 0.37, 0.4, 0.30525, 0.2805, 0.30525, 0.33, 0.4625, 0.425, 0.4625, 0.5, 0.6475, 0.595, 0.6475, 0.7, 0.74, 0.68, 0.74, 0.8, 0.6151249999999999, 0.5652499999999999, 0.6151249999999999, 0.6649999999999999, 0.439375, 0.40375, 0.439375, 0.475, 0.52725, 0.4845, 0.52725, 0.57, 0.6151249999999999, 0.5652499999999999, 0.6151249999999999, 0.6649999999999999, 0.790875, 0.72675, 0.790875, 0.855, 0.87875, 0.8075, 0.87875, 0.95, 0.95], [0.925, 0.85, 0.925, 1.0, 0.8325, 0.765, 0.8325, 0.9, 0.4625, 0.425, 0.4625, 0.5, 0.30525, 0.2805, 0.30525, 0.33, 0.37, 0.34, 0.37, 0.4, 0.555, 0.51, 0.555, 0.6, 0.6475, 0.595, 0.6475, 0.7, 0.37, 0.34, 0.37, 0.4, 0.30525, 0.2805, 0.30525, 0.33, 0.4625, 0.425, 0.4625, 0.5, 0.6475, 0.595, 0.6475, 0.7, 0.74, 0.68, 0.74, 0.8, 0.6475, 0.595, 0.6475, 0.7, 0.4625, 0.425, 0.4625, 0.5, 0.555, 0.51, 0.555, 0.6, 0.6475, 0.595, 0.6475, 0.7, 0.8325, 0.765, 0.8325, 0.9, 0.925, 0.85, 0.925, 1.0, 1.0]], "clusters": [[-1, 2, 2, 2, 2, 2, 2, 2, 2, 2, 2, 2, 2, 2, 2, 2, 2, 2, 2, 2, 2, 2], [0, -1, 0, 0, 0, 0, 0, 0, 0, 0, 0, 0, 0, 0, 0, 0, 0, 0, 0, 0, 0, 0], [0, 0, -1, 0, 0, 0, 0, 0, 0, 0, 0, 0, 0, 0, 0, 0, 0, 0, 0, 0, 0, 0], [0, 0, 0, -1, 0, 0, 0, 0, 0, 0, 0, 0, 0, 0, 0, 0, 0, 0, 0, 0, 0, 0], [0, 0, 0, 0, -1, 0, 0, 0, 0, 0, 0, 0, 0, 0, 0, 0, 0, 0, 0, 0, 0, 0], [0, 0, 0, 0, 0, -1, 0, 0, 0, 0, 0, 0, 0, 0, 0, 0, 0, 0, 0, 0, 0, 0], [0, 0, 0, 0, 0, 0, -1, 0, 0, 0, 0, 0, 0, 0, 0, 0, 0, 0, 0, 0, 0, 0], [0, 0, 0, 0, 0, 0, 0, -1, 0, 0, 0, 0, 0, 0, 0, 0, 0, 0, 0, 0, 0, 0], [0, 0, 0, 0, 0, 0, 0, 0, -1, 0, 0, 0, 0, 0, 0, 0, 0, 0, 0, 0, 0, 0], [0, 0, 0, 0, 0, 0, 0, 0, 0, -1, 0, 0, 0, 0, 0, 0, 0, 0, 0, 0, 0, 0], [0, 0, 0, 0, 0, 0, 0, 0, 0, 0, -1, 0, 0, 0, 0, 0, 0, 0, 0, 0, 0, 0], [0, 0, 0, 0, 0, 0, 0, 0, 0, 0, 0, -1, 0, 0, 0, 0, 0, 0, 0, 0, 0, 0], [0, 0, 0, 0, 0, 0, 0, 0, 0, 0, 0, 0, -1, 0, 0, 0, 0, 0, 0, 0, 0, 0], [0, 0, 0, 0, 0, 0, 0, 0, 0, 0, 0, 0, 0, -1, 0, 0, 0, 0, 0, 0, 0, 0], [0, 0, 0, 0, 0, 0, 0, 0, 0, 0, 0, 0, 0, 0, -1, 0, 0, 0, 0, 0, 0, 0], [0, 0, 0, 0, 0, 0, 0, 0, 0, 0, 0, 0, 0, 0, 0, -1, 0, 0, 0, 0, 0, 0], [0, 0, 0, 0, 0, 0, 0, 0, 0, 0, 0, 0, 0, 0, 0, 0, -1, 0, 0, 0, 0, 0], [0, 0, 0, 0, 0, 0, 0, 0, 0, 0, 0, 0, 0, 0, 0, 0, 0, -1, 0, 0, 0, 0], [0, 0, 0, 0, 0, 0, 0, 0, 0, 0, 0, 0, 0, 0, 0, 0, 0, 0, -1, 0, 0, 0], [0, 0, 0, 0, 0, 0, 0, 0, 0, 0, 0, 0, 0, 0, 0, 0, 0, 0, 0, -1, 0, 0], [0, 0, 0, 0, 0, 0, 0, 0, 0, 0, 0, 0, 0, 0, 0, 0, 0, 0, 0, 0, -1, 0], [2, 2, 2, 2, 2, 2, 2, 2, 2, 2, 2, 2, 2, 2, 2, 2, 2, 2, 2, 2, 2, -1]], "speed_zone_count": 73, "speed_zones": [[0.0, 15.0], [15.0, 30.0], [30.0, 45.0], [45.0, 60.0], [60.0, 75.0], [75.0, 90.0], [90.0, 105.0], [105.0, 120.0], [120.0, 135.0], [135.0, 150.0], [150.0, 165.0], [165.0, 180.0], [180.0, 195.0], [195.0, 210.0], [210.0, 225.0], [225.0, 240.0], [240.0, 255.0], [255.0, 270.0], [270.0, 285.0], [285.0, 300.0], [300.0, 315.0], [315.0, 330.0], [330.0, 345.0], [345.0, 360.0], [360.0, 375.0], [375.0, 390.0], [390.0, 405.0], [405.0, 420.0], [420.0, 435.0], [435.0, 450.0], [450.0, 465.0], [465.0, 480.0], [480.0, 495.0], [495.0, 510.0], [510.0, 525.0], [525.0, 540.0], [540.0, 555.0], [555.0, 570.0], [570.0, 585.0], [585.0, 600.0], [600.0, 615.0], [615.0, 630.0], [630.0, 645.0], [645.0, 660.0], [660.0, 675.0], [675.0, 690.0], [690.0, 705.0], [705.0, 720.0], [720.0, 735.0], [735.0, 750.0], [750.0, 765.0], [765.0, 780.0], [780.0, 795.0], [795.0, 810.0], [810.0, 825.0], [825.0, 840.0], [840.0, 855.0], [855.0, 870.0], [870.0, 885.0], [885.0, 900.0], [900.0, 915.0], [915.0, 930.0], [930.0, 945.0], [945.0, 960.0], [960.0, 975.0], [975.0, 990.0], [990.0, 1005.0], [1005.0, 1020.0], [1020.0, 1035.0], [1035.0, 1050.0], [1050.0, 1065.0], [1065.0, 1080.0], [1080.0, 5000.0]], "distances": [[0.0, 70.34, 64.58, 78.15, 58.94, 60.27, 72.52, 70.72, 81.43, 65.61, 66.39, 56.65, 70.44, 72.79, 71.82, 61.13, 64.09, 76.47, 76.15, 75.73, 66.04, 0.0], [0.0, 0.0, 8.73, 16.09, 16.45, 13.25, 7.78, 17.01, 23.52, 14.15, 8.58, 15.84, 12.96, 21.16, 11.24, 12.93, 14.93, 14.6, 19.64, 27.35, 7.63, 70.34], [0.0, 8.73, 0.0, 15.08, 7.79, 4.83, 7.96, 11.52, 21.2, 6.54, 9.85, 8.12, 8.3, 15.81, 8.3, 4.31, 6.77, 13.26, 16.09, 22.01, 10.03, 64.58], [0.0, 16.09, 15.08, 0.0, 19.21, 18.32, 8.55, 8.36, 7.52, 12.54, 13.05, 21.91, 7.71, 9.54, 6.8, 17.38, 14.08, 11.36, 5.54, 13.99, 13.98, 78.15], [0.0, 16.45, 7.79, 19.21, 0.0, 11.07, 14.55, 12.35, 23.35, 6.72, 8.74, 14.01, 11.5, 15.63, 13.0, 10.24, 5.27, 17.53, 17.88, 20.84, 9.13, 58.94], [0.0, 13.25, 4.83, 18.32, 11.07, 0.0, 12.39, 12.67, 23.41, 6.71, 6.27, 12.96, 10.73, 16.51, 11.67, 9.15, 5.8, 16.54, 17.99, 22.25, 6.3, 60.27], [0.0, 7.78, 7.96, 8.55, 14.55, 12.39, 0.0, 9.98, 15.82, 9.38, 6.15, 15.93, 6.07, 13.8, 11.9, 11.61, 10.74, 6.92, 11.89, 19.84, 6.53, 72.52], [0.0, 17.01, 11.52, 8.36, 12.35, 12.67, 9.98, 0.0, 11.0, 5.96, 9.92, 15.86, 10.86, 4.33, 6.14, 11.75, 7.14, 7.28, 5.54, 10.6, 11.21, 70.72], [0.0, 23.52, 21.2, 7.52, 23.35, 23.41, 15.82, 11.0, 0.0, 16.82, 19.25, 26.76, 12.95, 8.78, 13.18, 22.46, 18.12, 8.92, 5.47, 9.36, 20.38, 81.43], [0.0, 14.15, 6.54, 12.54, 6.72, 6.71, 9.38, 5.96, 16.82, 0.0, 5.67, 9.94, 4.9, 9.88, 6.77, 5.8, 10.76, 10.91, 11.37, 15.83, 6.86, 65.61], [0.0, 8.58, 9.85, 13.05, 8.74, 6.27, 6.15, 9.92, 19.25, 5.67, 0.0, 9.78, 6.43, 14.25, 6.27, 5.53, 6.35, 11.23, 14.22, 20.5, 11.25, 66.39], [0.0, 15.84, 8.12, 21.91, 14.01, 12.96, 15.93, 15.86, 26.76, 9.94, 9.78, 0.0, 14.27, 19.43, 15.29, 4.54, 8.74, 20.14, 21.3, 24.83, 9.62, 56.65], [0.0, 12.96, 8.3, 7.71, 11.5, 10.73, 6.07, 10.86, 12.95, 4.9, 6.43, 14.27, 0.0, 8.24, 11.0, 9.78, 6.46, 6.03, 7.8, 14.5, 7.66, 70.44], [0.0, 21.16, 15.81, 9.54, 15.63, 16.51, 13.8, 4.33, 8.78, 9.88, 14.25, 19.43, 8.24, 0.0, 10.0, 15.63, 10.75, 9.25, 4.37, 6.27, 15.54, 72.79], [0.0, 11.24, 8.3, 6.8, 13.0, 11.67, 11.9, 6.14, 13.18, 6.77, 6.27, 15.29, 11.0, 10.0, 0.0, 10.76, 8.31, 4.98, 8.57, 16.12, 7.28, 71.82], [0.0, 12.93, 4.31, 17.38, 10.24, 9.15, 11.61, 11.75, 22.46, 5.8, 5.53, 4.54, 9.78, 15.63, 10.76, 0.0, 4.97, 15.61, 17.05, 21.42, 5.72, 61.13], [0.0, 14.93, 6.77, 14.08, 5.27, 5.8, 10.74, 7.14, 18.12, 10.76, 6.35, 8.74, 6.46, 10.75, 8.31, 4.97, 0.0, 12.46, 12.65, 16.46, 7.4, 64.09], [0.0, 14.6, 13.26, 11.36, 17.53, 16.54, 6.92, 7.28, 8.92, 10.91, 11.23, 20.14, 6.03, 9.25, 4.98, 15.61, 12.46, 0.0, 5.82, 14.34, 12.17, 76.47], [0.0, 19.64, 16.09, 5.54, 17.88, 17.99, 11.89, 5.54, 5.47, 11.37, 14.22, 21.3, 7.8, 4.37, 8.57, 17.05, 12.65, 5.82, 0.0, 8.54, 15.43, 76.15], [0.0, 27.35, 22.01, 13.99, 20.84, 22.25, 19.84, 10.6, 9.36, 15.83, 20.5, 24.83, 14.5, 6.27, 16.12, 21.42, 16.46, 14.34, 8.54, 0.0, 21.8, 75.73], [0.0, 7.63, 10.03, 13.98, 9.13, 6.3, 6.53, 11.21, 20.38, 6.86, 11.25, 9.62, 7.66, 15.54, 7.28, 5.72, 7.4, 12.17, 15.43, 21.8, 0.0, 66.04], [0.0, 0.0, 0.0, 0.0, 0.0, 0.0, 0.0, 0.0, 0.0, 0.0, 0.0, 0.0, 0.0, 0.0, 0.0, 0.0, 0.0, 0.0, 0.0, 0.0, 0.0, 0.0]], "time_windows": [[0.0, 5000.0], [0.0, 119.0], [0.0, 130.0], [0.0, 148.0], [0.0, 178.0], [0.0, 203.0], [0.0, 232.0], [0.0, 266.0], [0.0, 298.0], [0.0, 342.0], [0.0, 352.0], [0.0, 371.0], [0.0, 396.0], [0.0, 409.0], [0.0, 425.0], [0.0, 442.0], [0.0, 450.0], [0.0, 474.0], [0.0, 491.0], [0.0, 513.0], [0.0, 582.0], [0.0, 5000.0]], "start_depot": 0, "end_depot": 21, "horizon": [0.0, 5000.0]}