{"digraph": {"vertex_count": 22, "arc_count": 420, "arcs": [[0, 1, 1, 1, 1, 1, 1, 1, 1, 1, 1, 1, 1, 1, 1, 1, 1, 1, 1, 1, 1, 1], [0, 0, 1, 1, 1, 1, 1, 1, 1, 1, 1, 1, 1, 1, 1, 1, 1, 1, 1, 1, 1, 1], [0, 1, 0, 1, 1, 1, 1, 1, 1, 1, 1, 1, 1, 1, 1, 1, 1, 1, 1, 1, 1, 1], [0, 1, 1, 0, 1, 1, 1, 1, 1, 1, 1, 1, 1, 1, 1, 1, 1, 1, 1, 1, 1, 1], [0, 1, 1, 1, 0, 1, 1, 1, 1, 1, 1, 1, 1, 1, 1, 1, 1, 1, 1, 1, 1, 1], [0, 1, 1, 1, 1, 0, 1, 1, 1, 1, 1, 1, 1, 1, 1, 1, 1, 1, 1, 1, 1, 1], [0, 1, 1, 1, 1, 1, 0, 1, 1, 1, 1, 1, 1, 1, 1, 1, 1, 1, 1, 1, 1, 1], [0, 1, 1, 1, 1, 1, 1, 0, 1, 1, 1, 1, 1, 1, 1, 1, 1, 1, 1, 1, 1, 1], [0, 1, 1, 1, 1, 1, 1, 1, 0, 1, 1, 1, 1, 1, 1, 1, 1, 1, 1, 1, 1, 1], [0, 1, 1, 1, 1, 1, 1, 1, 1, 0, 1, 1, 1, 1, 1, 1, 1, 1, 1, 1, 1, 1], [0, 1, 1, 1, 1, 1, 1, 1, 1, 1, 0, 1, 1, 1, 1, 1, 1, 1, 1, 1, 1, 1], [0, 1, 1, 1, 1, 1, 1, 1, 1, 1, 1, 0, 1, 1, 1, 1, 1, 1, 1, 1, 1, 1], [0, 1, 1, 1, 1, 1, 1, 1, 1, 1, 1, 1, 0, 1, 1, 1, 1, 1, 1, 1, 1, 1], [0, 1, 1, 1, 1, 1, 1, 1, 1, 1, 1, 1, 1, 0, 1, 1, 1, 1, 1, 1, 1, 1], [0, 1, 1, 1, 1, 1, 1, 1, 1, 1, 1, 1, 1, 1, 0, 1, 1, 1, 1, 1, 1, 1], [0, 1, 1, 1, 1, 1, 1, 1, 1, 1, 1, 1, 1, 1, 1, 0, 1, 1, 1, 1, 1, 1], [0, 1, 1, 1, 1, 1, 1, 1, 1, 1, 1, 1, 1, 1, 1, 1, 0, 1, 1, 1, 1, 1], [0, 1, 1, 1, 1, 1, 1, 1, 1, 1, 1, 1, 1, 1, 1, 1, 1, 0, 1, 1, 1, 1], [0, 1, 1, 1, 1, 1, 1, 1, 1, 1, 1, 1, 1, 1, 1, 1, 1, 1, 0, 1, 1, 1], [0, 1, 1, 1, 1, 1, 1, 1, 1, 1, 1, 1, 1, 1, 1, 1, 1, 1, 1, 0, 1, 1], [0, 1, 1, 1, 1, 1, 1, 1, 1, 1, 1, 1, 1, 1, 1, 1, 1, 1, 1, 1, 0, 1], [0, 0, 0, 0, 0, 0, 0, 0, 0, 0, 0, 0, 0, 0, 0, 0, 0, 0, 0, 0, 0, 0]]}, "cluster_count": 3, "cluster_speeds": [[0.925, 0.85, 0.925, 1.0, 0.8325, 0.765, 0.8325, 0.9, 0.4625, 0.425, 0.4625, 0.5, 0.30525, 0.2805, 0.30525, 0.33, 0.37, 0.34, 0.37, 0.4, 0.555, 0.51, 0.555, 0.6, 0.6475, 0.595, 0.6475, 0.7, 0.37, 0.34, 0.37, 0.4, 0.30525, 0.2805, 0.30525, 0.33, 0.4625, 0.425, 0.4625, 0.5, 0.6475, 0.595, 0.6475, 0.7, 0.74, 0.68, 0.74, 0.8, 0.6475, 0.595, 0.6475, 0.7, 0.4625, 0.425, 0.4625, 0.5, 0.555, 0.51, 0.555, 0.6, 0.6475, 0.595, 0.6475, 0.7, 0.8325, 0.765, 0.8325, 0.9, 0.925, 0.85, 0.925, 1.0, 1.0], [0.8325, 0.765, 0.8325, 0.9, 0.7492500000000001, 0.6885, 0.7492500000000001, 0.81, 0.41625, 0.3825, 0.41625, 0.45, 0.27472500000000005, 0.25245, 0.27472500000000005, 0.29700000000000004, 0.333, 0.30600000000000005, 0.333, 0.36000000000000004, 0.49950000000000006, 0.459, 0.49950000000000006, 0.54, 0.6475, 0.595, 0.6475, 0.7, 0.37, 0.34, 0.37, 0.4, 0.30525, 0.2805, 0.30525, 0.33, 0.4625, 0.425, 0.4625, 0.5, 0.6475, 0.595, 0.6475, 0.7, 0.74, 0.68, 0.74, 0.8, 0.58275, 0.5355, 0.58275, 0.63, 0.41625, 0.3825, 0.41625, 0.45, 0.49950000000000006, 0.459, 0.49950000000000006, 0.54, 0.58275, 0.5355, 0.58275, 0.63, 0.7492500000000001, 0.6885, 0.7492500000000001, 0.81, 0.8325, 0.765, 0.8325, 0.9, 0.9], [0.87875, 0.8075, 0.87875, 0.95, 0.790875, 0.72675, 0.790875, 0.855, 0.439375, 0.40375, 0.439375, 0.475, 0.2899875, 0.266475, 0.2899875, 0.3135, 0.3515, 0.323, 0.3515, 0.38, 0.52725, 0.4845, 0.52725, 0.57, 0.6475, 0.595, 0.6475, 0.7, 0.37, 0.34, 0.37, 0.4, 0.30525, 0.2805, 0.30525, 0.33, 0.4625, 0.425, 0.4625, 0.5, 0.6475, 0.595, 0.6475, 0.7, 0.74, 0.68, 0.74, 0.8, 0.6151249999999999, 0.5652499999999999, 0.6151249999999999, 0.6649999999999999, 0.439375, 0.40375, 0.439375, 0.475, 0.52725, 0.4845, 0.52725, 0.57, 0.6151249999999999, 0.5652499999999999, 0.6151249999999999, 0.6649999999999999, 0.790875, 0.72675, 0.790875, 0.855, 0.87875, 0.8075, 0.87875, 0.95, 0.95]], "clusters": [[-1, 2, 2, 2, 2, 2, 2, 2, 2, 2, 2, 2, 2, 2, 2, 2, 2, 2, 2, 2, 2, 2], [1, -1, 1, 1, 1, 1, 1, 1, 1, 1, 1, 1, 1, 1, 1, 1, 1, 1, 1, 1, 1, 1], [0, 0, -1, 0, 0, 0, 0, 0, 0, 0, 0, 0, 0, 0, 0, 0, 0, 0, 0, 0, 0, 0], [0, 0, 0, -1, 0, 0, 0, 0, 0, 0, 0, 0, 0, 0, 0, 0, 0, 0, 0, 0, 0, 0], [1, 1, 1, 1, -1, 1, 1, 1, 1, 1, 1, 1, 1, 1, 1, 1, 1, 1, 1, 1, 1, 1], [0, 0, 0, 0, 0, -1, 0, 0, 0, 0, 0, 0, 0, 0, 0, 0, 0, 0, 0, 0, 0, 0], [0, 0, 0, 0, 0, 0, -1, 0, 0, 0, 0, 0, 0, 0, 0, 0, 0, 0, 0, 0, 0, 0], [0, 0, 0, 0, 0, 0, 0, -1, 0, 0, 0, 0, 0, 0, 0, 0, 0, 0, 0, 0, 0, 0], [1, 1, 1, 1, 1, 1, 1, 1, -1, 1, 1, 1, 1, 1, 1, 1, 1, 1, 1, 1, 1, 1], [0, 0, 0, 0, 0, 0, 0, 0, 0, -1, 0, 0, 0, 0, 0, 0, 0, 0, 0, 0, 0, 0], [0, 0, 0, 0, 0, 0, 0, 0, 0, 0, -1, 0, 0, 0, 0, 0, 0, 0, 0, 0, 0, 0], [1, 1, 1, 1, 1, 1, 1, 1, 1, 1, 1, -1, 1, 1, 1, 1, 1, 1, 1, 1, 1, 1], [1, 1, 1, 1, 1, 1, 1, 1, 1, 1, 1, 1, -1, 1, 1, 1, 1, 1, 1, 1, 1, 1], [2, 2, 2, 2, 2, 2, 2, 2, 2, 2, 2, 2, 2, -1, 2, 2, 2, 2, 2, 2, 2, 2], [1, 1, 1, 1, 1, 1, 1, 1, 1, 1, 1, 1, 1, 1, -1, 1, 1, 1, 1, 1, 1, 1], [0, 0, 0, 0, 0, 0, 0, 0, 0, 0, 0, 0, 0, 0, 0, -1, 0, 0, 0, 0, 0, 0], [2, 2, 2, 2, 2, 2, 2, 2, 2, 2, 2, 2, 2, 2, 2, 2, -1, 2, 2, 2, 2, 2], [0, 0, 0, 0, 0, 0, 0, 0, 0, 0, 0, 0, 0, 0, 0, 0, 0, -1, 0, 0, 0, 0], [1, 1, 1, 1, 1, 1, 1, 1, 1, 1, 1, 1, 1, 1, 1, 1, 1, 1, -1, 1, 1, 1], [1, 1, 1, 1, 1, 1, 1, 1, 1, 1, 1, 1, 1, 1, 1, 1, 1, 1, 1, -1, 1, 1], [1, 1, 1, 1, 1, 1, 1, 1, 1, 1, 1, 1, 1, 1, 1, 1, 1, 1, 1, 1, -1, 1], [2, 2, 2, 2, 2, 2, 2, 2, 2, 2, 2, 2, 2, 2, 2, 2, 2, 2, 2, 2, 2, -1]], "speed_zone_count": 73, "speed_zones": [[0.0, 15.0], [15.0, 30.0], [30.0, 45.0], [45.0, 60.0], [60.0, 75.0], [75.0, 90.0], [90.0, 105.0], [105.0, 120.0], [120.0, 135.0], [135.0, 150.0], [150.0, 165.0], [165.0, 180.0], [180.0, 195.0], [195.0, 210.0], [210.0, 225.0], [225.0, 240.0], [240.0, 255.0], [255.0, 270.0], [270.0, 285.0], [285.0, 300.0], [300.0, 315.0], [315.0, 330.0], [330.0, 345.0], [345.0, 360.0], [360.0, 375.0], [375.0, 390.0], [390.0, 405.0], [405.0, 420.0], [420.0, 435.0], [435.0, 450.0], [450.0, 465.0], [465.0, 480.0], [480.0, 495.0], [495.0, 510.0], [510.0, 525.0], [525.0, 540.0], [540.0, 555.0], [555.0, 570.0], [570.0, 585.0], [585.0, 600.0], [600.0, 615.0], [615.0, 630.0], [630.0, 645.0], [645.0, 660.0], [660.0, 675.0], [675.0, 690.0], [690.0, 705.0], [705.0, 720.0], [720.0, 735.0], [735.0, 750.0], [750.0, 765.0], [765.0, 780.0], [780.0, 795.0], [795.0, 810.0], [810.0, 825.0], [825.0, 840.0], [840.0, 855.0], [855.0, 870.0], [870.0, 885.0], [885.0, 900.0], [900.0, 915.0], [915.0, 930.0], [930.0, 945.0], [945.0, 960.0], [960.0, 975.0], [975.0, 990.0], [990.0, 1005.0], [1005.0, 1020.0], [1020.0, 1035.0], [1035.0, 1050.0], [1050.0, 1065.0], [1065.0, 1080.0], [1080.0, 5000.0]], "distances": [[0.0, 53.67, 73.24, 72.3, 77.38, 72.69, 82.46, 78.49, 53.01, 78.14, 65.04, 91.42, 66.45, 101.89, 68.99, 70.94, 50.97, 83.03, 65.45, 73.59, 86.6, 0.0], [0.0, 0.0, 22.1, 22.34, 40.09, 19.24, 32.04, 27.95, 27.07, 28.58, 19.55, 46.63, 12.79, 64.62, 16.94, 31.08, 12.93, 32.41, 12.68, 19.93, 38.4, 53.67], [0.0, 22.1, 0.0, 12.05, 26.03, 8.58, 9.94, 5.86, 21.03, 6.91, 11.0, 26.1, 13.84, 46.45, 20.47, 18.68, 33.22, 10.32, 18.5, 11.56, 16.75, 73.24], [0.0, 22.34, 12.05, 0.0, 23.54, 11.01, 10.21, 6.19, 20.82, 6.26, 8.77, 24.82, 15.51, 44.64, 22.55, 16.03, 34.05, 10.74, 20.22, 14.05, 16.06, 72.3], [0.0, 40.09, 26.03, 23.54, 0.0, 34.55, 24.04, 23.98, 36.86, 21.6, 20.82, 16.98, 38.2, 25.6, 45.75, 9.01, 53.02, 24.7, 42.81, 37.58, 19.91, 77.38], [0.0, 19.24, 8.58, 11.01, 34.55, 0.0, 16.09, 12.85, 19.75, 14.74, 17.15, 33.8, 7.34, 54.68, 12.25, 26.86, 27.91, 16.12, 11.28, 14.56, 23.83, 72.69], [0.0, 32.04, 9.94, 10.21, 24.04, 16.09, 0.0, 14.32, 30.86, 4.53, 17.94, 18.11, 22.86, 39.59, 28.23, 19.75, 42.94, 9.75, 27.25, 18.27, 7.87, 82.46], [0.0, 27.95, 5.86, 6.19, 23.98, 12.85, 14.32, 0.0, 26.75, 9.8, 14.39, 20.95, 19.21, 41.96, 25.11, 18.27, 39.02, 4.58, 23.73, 15.38, 11.13, 78.49], [0.0, 27.07, 21.03, 20.82, 36.86, 19.75, 30.86, 26.75, 0.0, 27.07, 16.72, 44.4, 14.28, 61.72, 19.7, 27.88, 16.4, 31.3, 15.29, 20.99, 36.71, 53.01], [0.0, 28.58, 6.91, 6.26, 21.6, 14.74, 4.53, 9.8, 27.07, 0.0, 13.43, 19.24, 20.7, 39.94, 26.96, 16.07, 40.06, 5.22, 25.31, 17.41, 9.9, 78.14], [0.0, 19.55, 11.0, 8.77, 20.82, 17.15, 17.94, 14.39, 16.72, 13.43, 0.0, 28.04, 18.36, 45.07, 26.18, 11.87, 32.4, 18.6, 22.67, 20.11, 21.61, 65.04], [0.0, 46.63, 26.1, 24.82, 16.98, 33.8, 18.11, 20.95, 44.4, 19.24, 28.04, 0.0, 39.93, 21.68, 46.05, 20.6, 58.79, 18.34, 44.55, 36.23, 10.3, 91.42], [0.0, 12.79, 13.84, 15.51, 38.2, 7.34, 22.86, 19.21, 14.28, 20.7, 18.36, 39.93, 0.0, 60.14, 7.84, 29.71, 20.57, 23.0, 4.72, 7.22, 30.34, 66.45], [0.0, 64.62, 46.45, 44.64, 25.6, 54.68, 39.59, 41.96, 61.72, 39.94, 45.07, 21.68, 60.14, 0.0, 66.86, 34.09, 77.4, 39.89, 64.85, 57.33, 31.92, 101.89], [0.0, 16.94, 20.47, 22.55, 45.75, 12.25, 28.23, 25.11, 19.7, 26.96, 26.18, 46.05, 7.84, 66.86, 0.0, 37.41, 19.46, 28.2, 4.43, 10.02, 36.04, 68.99], [0.0, 31.08, 18.68, 16.03, 9.01, 26.86, 19.75, 18.27, 27.88, 16.07, 11.87, 20.6, 29.71, 34.09, 37.41, 0.0, 44.01, 20.49, 34.22, 29.93, 18.71, 70.94], [0.0, 12.93, 33.22, 34.05, 53.02, 27.91, 42.94, 39.02, 16.4, 40.06, 32.4, 58.79, 20.57, 77.4, 19.46, 44.01, 0.0, 43.17, 17.28, 27.25, 49.95, 50.97], [0.0, 32.41, 10.32, 10.74, 24.7, 16.12, 9.75, 4.58, 31.3, 5.22, 18.6, 18.34, 23.0, 39.89, 28.2, 20.49, 43.17, 0.0, 27.33, 18.21, 8.05, 83.03], [0.0, 12.68, 18.5, 20.22, 42.81, 11.28, 27.25, 23.73, 15.29, 25.31, 22.67, 44.55, 4.72, 64.85, 4.43, 34.22, 17.28, 27.33, 0.0, 10.07, 34.85, 65.45], [0.0, 19.93, 11.56, 14.05, 37.58, 14.56, 18.27, 15.38, 20.99, 17.41, 20.11, 36.23, 7.22, 57.33, 10.02, 29.93, 27.25, 18.21, 10.07, 0.0, 26.11, 73.59], [0.0, 38.4, 16.75, 16.06, 19.91, 23.83, 7.87, 11.13, 36.71, 9.9, 21.61, 10.3, 30.34, 31.92, 36.04, 18.71, 49.95, 8.05, 34.85, 26.11, 0.0, 86.6], [0.0, 0.0, 0.0, 0.0, 0.0, 0.0, 0.0, 0.0, 0.0, 0.0, 0.0, 0.0, 0.0, 0.0, 0.0, 0.0, 0.0, 0.0, 0.0, 0.0, 0.0, 0.0]], "time_windows": [[0.0, 5000.0], [0.0, 99.0], [0.0, 126.0], [0.0, 141.0], [0.0, 173.0], [0.0, 263.0], [0.0, 310.0], [0.0, 345.0], [0.0, 394.0], [0.0, 437.0], [0.0, 457.0], [0.0, 532.0], [0.0, 635.0], [0.0, 727.0], [0.0, 825.0], [0.0, 903.0], [0.0, 977.0], [0.0, 1034.0], [0.0, 1065.0], [0.0, 1076.0], [0.0, 1106.0], [0.0, 5000.0]], "start_depot": 0, "end_depot": 21, "horizon": [0.0, 5000.0]}