{"digraph": {"vertex_count": 22, "arc_count": 420, "arcs": [[0, 1, 1, 1, 1, 1, 1, 1, 1, 1, 1, 1, 1, 1, 1, 1, 1, 1, 1, 1, 1, 1], [0, 0, 1, 1, 1, 1, 1, 1, 1, 1, 1, 1, 1, 1, 1, 1, 1, 1, 1, 1, 1, 1], [0, 1, 0, 1, 1, 1, 1, 1, 1, 1, 1, 1, 1, 1, 1, 1, 1, 1, 1, 1, 1, 1], [0, 1, 1, 0, 1, 1, 1, 1, 1, 1, 1, 1, 1, 1, 1, 1, 1, 1, 1, 1, 1, 1], [0, 1, 1, 1, 0, 1, 1, 1, 1, 1, 1, 1, 1, 1, 1, 1, 1, 1, 1, 1, 1, 1], [0, 1, 1, 1, 1, 0, 1, 1, 1, 1, 1, 1, 1, 1, 1, 1, 1, 1, 1, 1, 1, 1], [0, 1, 1, 1, 1, 1, 0, 1, 1, 1, 1, 1, 1, 1, 1, 1, 1, 1, 1, 1, 1, 1], [0, 1, 1, 1, 1, 1, 1, 0, 1, 1, 1, 1, 1, 1, 1, 1, 1, 1, 1, 1, 1, 1], [0, 1, 1, 1, 1, 1, 1, 1, 0, 1, 1, 1, 1, 1, 1, 1, 1, 1, 1, 1, 1, 1], [0, 1, 1, 1, 1, 1, 1, 1, 1, 0, 1, 1, 1, 1, 1, 1, 1, 1, 1, 1, 1, 1], [0, 1, 1, 1, 1, 1, 1, 1, 1, 1, 0, 1, 1, 1, 1, 1, 1, 1, 1, 1, 1, 1], [0, 1, 1, 1, 1, 1, 1, 1, 1, 1, 1, 0, 1, 1, 1, 1, 1, 1, 1, 1, 1, 1], [0, 1, 1, 1, 1, 1, 1, 1, 1, 1, 1, 1, 0, 1, 1, 1, 1, 1, 1, 1, 1, 1], [0, 1, 1, 1, 1, 1, 1, 1, 1, 1, 1, 1, 1, 0, 1, 1, 1, 1, 1, 1, 1, 1], [0, 1, 1, 1, 1, 1, 1, 1, 1, 1, 1, 1, 1, 1, 0, 1, 1, 1, 1, 1, 1, 1], [0, 1, 1, 1, 1, 1, 1, 1, 1, 1, 1, 1, 1, 1, 1, 0, 1, 1, 1, 1, 1, 1], [0, 1, 1, 1, 1, 1, 1, 1, 1, 1, 1, 1, 1, 1, 1, 1, 0, 1, 1, 1, 1, 1], [0, 1, 1, 1, 1, 1, 1, 1, 1, 1, 1, 1, 1, 1, 1, 1, 1, 0, 1, 1, 1, 1], [0, 1, 1, 1, 1, 1, 1, 1, 1, 1, 1, 1, 1, 1, 1, 1, 1, 1, 0, 1, 1, 1], [0, 1, 1, 1, 1, 1, 1, 1, 1, 1, 1, 1, 1, 1, 1, 1, 1, 1, 1, 0, 1, 1], [0, 1, 1, 1, 1, 1, 1, 1, 1, 1, 1, 1, 1, 1, 1, 1, 1, 1, 1, 1, 0, 1], [0, 0, 0, 0, 0, 0, 0, 0, 0, 0, 0, 0, 0, 0, 0, 0, 0, 0, 0, 0, 0, 0]]}, "cluster_count": 3, "cluster_speeds": [[0.925, 0.85, 0.925, 1.0, 0.8325, 0.765, 0.8325, 0.9, 0.4625, 0.425, 0.4625, 0.5, 0.30525, 0.2805, 0.30525, 0.33, 0.37, 0.34, 0.37, 0.4, 0.555, 0.51, 0.555, 0.6, 0.6475, 0.595, 0.6475, 0.7, 0.37, 0.34, 0.37, 0.4, 0.30525, 0.2805, 0.30525, 0.33, 0.4625, 0.425, 0.4625, 0.5, 0.6475, 0.595, 0.6475, 0.7, 0.74, 0.68, 0.74, 0.8, 0.6475, 0.595, 0.6475, 0.7, 0.4625, 0.425, 0.4625, 0.5, 0.555, 0.51, 0.555, 0.6, 0.6475, 0.595, 0.6475, 0.7, 0.8325, 0.765, 0.8325, 0.9, 0.925, 0.85, 0.925, 1.0, 1.0], [0.8325, 0.765, 0.8325, 0.9, 0.7492500000000001, 0.6885, 0.7492500000000001, 0.81, 0.41625, 0.3825, 0.41625, 0.45, 0.27472500000000005, 0.25245, 0.27472500000000005, 0.29700000000000004, 0.333, 0.30600000000000005, 0.333, 0.36000000000000004, 0.49950000000000006, 0.459, 0.49950000000000006, 0.54, 0.6475, 0.595, 0.6475, 0.7, 0.37, 0.34, 0.37, 0.4, 0.30525, 0.2805, 0.30525, 0.33, 0.4625, 0.425, 0.4625, 0.5, 0.6475, 0.595, 0.6475, 0.7, 0.74, 0.68, 0.74, 0.8, 0.58275, 0.5355, 0.58275, 0.63, 0.41625, 0.3825, 0.41625, 0.45, 0.49950000000000006, 0.459, 0.49950000000000006, 0.54, 0.58275, 0.5355, 0.58275, 0.63, 0.7492500000000001, 0.6885, 0.7492500000000001, 0.81, 0.8325, 0.765, 0.8325, 0.9, 0.9], [0.87875, 0.8075, 0.87875, 0.95, 0.790875, 0.72675, 0.790875, 0.855, 0.439375, 0.40375, 0.439375, 0.475, 0.2899875, 0.266475, 0.2899875, 0.3135, 0.3515, 0.323, 0.3515, 0.38, 0.52725, 0.4845, 0.52725, 0.57, 0.6475, 0.595, 0.6475, 0.7, 0.37, 0.34, 0.37, 0.4, 0.30525, 0.2805, 0.30525, 0.33, 0.4625, 0.425, 0.4625, 0.5, 0.6475, 0.595, 0.6475, 0.7, 0.74, 0.68, 0.74, 0.8, 0.6151249999999999, 0.5652499999999999, 0.6151249999999999, 0.6649999999999999, 0.439375, 0.40375, 0.439375, 0.475, 0.52725, 0.4845, 0.52725, 0.57, 0.6151249999999999, 0.5652499999999999, 0.6151249999999999, 0.6649999999999999, 0.790875, 0.72675, 0.790875, 0.855, 0.87875, 0.8075, 0.87875, 0.95, 0.95]], "clusters": [[-1, 2, 2, 2, 2, 2, 2, 2, 2, 2, 2, 2, 2, 2, 2, 2, 2, 2, 2, 2, 2, 2], [1, -1, 1, 1, 1, 1, 1, 1, 1, 1, 1, 1, 1, 1, 1, 1, 1, 1, 1, 1, 1, 1], [0, 0, -1, 0, 0, 0, 0, 0, 0, 0, 0, 0, 0, 0, 0, 0, 0, 0, 0, 0, 0, 0], [1, 1, 1, -1, 1, 1, 1, 1, 1, 1, 1, 1, 1, 1, 1, 1, 1, 1, 1, 1, 1, 1], [2, 2, 2, 2, -1, 2, 2, 2, 2, 2, 2, 2, 2, 2, 2, 2, 2, 2, 2, 2, 2, 2], [1, 1, 1, 1, 1, -1, 1, 1, 1, 1, 1, 1, 1, 1, 1, 1, 1, 1, 1, 1, 1, 1], [1, 1, 1, 1, 1, 1, -1, 1, 1, 1, 1, 1, 1, 1, 1, 1, 1, 1, 1, 1, 1, 1], [0, 0, 0, 0, 0, 0, 0, -1, 0, 0, 0, 0, 0, 0, 0, 0, 0, 0, 0, 0, 0, 0], [0, 0, 0, 0, 0, 0, 0, 0, -1, 0, 0, 0, 0, 0, 0, 0, 0, 0, 0, 0, 0, 0], [0, 0, 0, 0, 0, 0, 0, 0, 0, -1, 0, 0, 0, 0, 0, 0, 0, 0, 0, 0, 0, 0], [0, 0, 0, 0, 0, 0, 0, 0, 0, 0, -1, 0, 0, 0, 0, 0, 0, 0, 0, 0, 0, 0], [2, 2, 2, 2, 2, 2, 2, 2, 2, 2, 2, -1, 2, 2, 2, 2, 2, 2, 2, 2, 2, 2], [0, 0, 0, 0, 0, 0, 0, 0, 0, 0, 0, 0, -1, 0, 0, 0, 0, 0, 0, 0, 0, 0], [1, 1, 1, 1, 1, 1, 1, 1, 1, 1, 1, 1, 1, -1, 1, 1, 1, 1, 1, 1, 1, 1], [2, 2, 2, 2, 2, 2, 2, 2, 2, 2, 2, 2, 2, 2, -1, 2, 2, 2, 2, 2, 2, 2], [1, 1, 1, 1, 1, 1, 1, 1, 1, 1, 1, 1, 1, 1, 1, -1, 1, 1, 1, 1, 1, 1], [0, 0, 0, 0, 0, 0, 0, 0, 0, 0, 0, 0, 0, 0, 0, 0, -1, 0, 0, 0, 0, 0], [0, 0, 0, 0, 0, 0, 0, 0, 0, 0, 0, 0, 0, 0, 0, 0, 0, -1, 0, 0, 0, 0], [0, 0, 0, 0, 0, 0, 0, 0, 0, 0, 0, 0, 0, 0, 0, 0, 0, 0, -1, 0, 0, 0], [1, 1, 1, 1, 1, 1, 1, 1, 1, 1, 1, 1, 1, 1, 1, 1, 1, 1, 1, -1, 1, 1], [0, 0, 0, 0, 0, 0, 0, 0, 0, 0, 0, 0, 0, 0, 0, 0, 0, 0, 0, 0, -1, 0], [2, 2, 2, 2, 2, 2, 2, 2, 2, 2, 2, 2, 2, 2, 2, 2, 2, 2, 2, 2, 2, -1]], "speed_zone_count": 73, "speed_zones": [[0.0, 15.0], [15.0, 30.0], [30.0, 45.0], [45.0, 60.0], [60.0, 75.0], [75.0, 90.0], [90.0, 105.0], [105.0, 120.0], [120.0, 135.0], [135.0, 150.0], [150.0, 165.0], [165.0, 180.0], [180.0, 195.0], [195.0, 210.0], [210.0, 225.0], [225.0, 240.0], [240.0, 255.0], [255.0, 270.0], [270.0, 285.0], [285.0, 300.0], [300.0, 315.0], [315.0, 330.0], [330.0, 345.0], [345.0, 360.0], [360.0, 375.0], [375.0, 390.0], [390.0, 405.0], [405.0, 420.0], [420.0, 435.0], [435.0, 450.0], [450.0, 465.0], [465.0, 480.0], [480.0, 495.0], [495.0, 510.0], [510.0, 525.0], [525.0, 540.0], [540.0, 555.0], [555.0, 570.0], [570.0, 585.0], [585.0, 600.0], [600.0, 615.0], [615.0, 630.0], [630.0, 645.0], [645.0, 660.0], [660.0, 675.0], [675.0, 690.0], [690.0, 705.0], [705.0, 720.0], [720.0, 735.0], [735.0, 750.0], [750.0, 765.0], [765.0, 780.0], [780.0, 795.0], [795.0, 810.0], [810.0, 825.0], [825.0, 840.0], [840.0, 855.0], [855.0, 870.0], [870.0, 885.0], [885.0, 900.0], [900.0, 915.0], [915.0, 930.0], [930.0, 945.0], [945.0, 960.0], [960.0, 975.0], [975.0, 990.0], [990.0, 1005.0], [1005.0, 1020.0], [1020.0, 1035.0], [1035.0, 1050.0], [1050.0, 1065.0], [1065.0, 1080.0], [1080.0, 5000.0]], "distances": [[0.0, 66.42, 67.22, 79.93, 52.87, 50.09, 72.56, 75.97, 58.55, 68.82, 73.34, 82.98, 79.56, 78.21, 51.9, 85.54, 59.63, 71.8, 73.78, 76.99, 62.62, 0.0], [0.0, 0.0, 25.42, 47.21, 15.16, 22.85, 40.29, 26.18, 25.12, 31.91, 19.59, 50.62, 35.45, 45.83, 22.35, 46.84, 20.78, 31.91, 15.79, 44.8, 25.09, 66.42], [0.0, 25.42, 0.0, 22.19, 32.66, 18.17, 14.88, 9.15, 8.67, 6.49, 10.37, 25.75, 13.49, 20.67, 41.91, 23.41, 8.77, 7.04, 14.43, 19.56, 4.61, 67.22], [0.0, 47.21, 22.19, 0.0, 54.57, 37.21, 8.28, 22.59, 27.2, 16.04, 28.78, 14.55, 13.89, 14.79, 63.78, 7.28, 29.83, 15.33, 33.45, 13.5, 24.43, 79.93], [0.0, 15.16, 32.66, 54.57, 0.0, 20.28, 46.63, 36.98, 28.09, 38.53, 31.09, 58.2, 45.28, 52.93, 9.24, 56.0, 24.79, 39.7, 28.64, 51.72, 30.19, 52.87], [0.0, 22.85, 18.17, 37.21, 20.28, 0.0, 28.93, 26.2, 10.24, 22.0, 23.26, 40.84, 31.55, 35.44, 28.66, 40.39, 9.72, 24.27, 24.16, 34.15, 13.93, 50.09], [0.0, 40.29, 14.88, 8.28, 46.63, 28.93, 0.0, 17.87, 18.98, 8.4, 23.14, 11.91, 11.78, 6.51, 55.81, 12.99, 21.84, 8.85, 27.8, 5.22, 16.45, 72.56], [0.0, 26.18, 9.15, 22.59, 36.98, 26.2, 17.87, 0.0, 17.62, 11.82, 6.63, 25.59, 9.42, 21.6, 46.02, 20.85, 16.48, 9.43, 11.07, 20.89, 13.65, 75.97], [0.0, 25.12, 8.67, 27.2, 28.09, 10.24, 18.98, 17.62, 0.0, 11.76, 16.8, 30.85, 21.58, 25.46, 37.13, 30.15, 4.36, 14.1, 19.48, 24.19, 9.76, 58.55], [0.0, 31.91, 6.49, 16.04, 38.53, 22.0, 8.4, 11.82, 11.76, 0.0, 15.69, 19.67, 10.83, 14.43, 47.75, 18.39, 13.85, 13.53, 20.18, 13.25, 8.48, 68.82], [0.0, 19.59, 10.37, 28.78, 31.09, 23.26, 23.14, 6.63, 16.8, 15.69, 0.0, 31.93, 16.02, 27.64, 39.97, 27.46, 14.11, 14.3, 4.69, 26.81, 13.6, 73.34], [0.0, 50.62, 25.75, 14.55, 58.2, 40.84, 11.91, 25.59, 30.85, 19.67, 31.93, 0.0, 16.51, 5.4, 67.42, 7.28, 33.48, 18.83, 36.56, 6.69, 28.08, 82.98], [0.0, 35.45, 13.49, 13.89, 45.28, 31.55, 11.78, 9.42, 21.58, 10.83, 16.02, 16.51, 0.0, 13.28, 54.47, 11.44, 22.25, 7.77, 20.48, 12.9, 17.64, 79.56], [0.0, 45.83, 20.67, 14.79, 52.93, 35.44, 6.51, 21.6, 25.46, 14.43, 27.64, 5.4, 13.28, 0.0, 62.13, 8.36, 28.17, 13.92, 32.33, 11.73, 22.77, 78.21], [0.0, 22.35, 41.91, 63.78, 9.24, 28.66, 55.81, 46.02, 37.13, 47.75, 39.97, 67.42, 54.47, 62.13, 0.0, 65.24, 33.97, 48.94, 37.17, 60.92, 39.37, 51.9], [0.0, 46.84, 23.41, 7.28, 56.0, 40.39, 12.99, 20.85, 30.15, 18.39, 27.46, 7.28, 11.44, 8.36, 65.24, 0.0, 31.92, 16.46, 31.89, 9.24, 26.73, 85.54], [0.0, 20.78, 8.77, 29.83, 24.79, 9.72, 21.84, 16.48, 4.36, 13.85, 14.11, 33.48, 22.25, 28.17, 33.97, 31.92, 0.0, 15.47, 16.03, 26.94, 5.4, 59.63], [0.0, 31.91, 7.04, 15.33, 39.7, 24.27, 8.85, 9.43, 14.1, 13.53, 14.3, 18.83, 7.77, 13.92, 48.94, 16.46, 15.47, 0.0, 18.95, 12.91, 10.38, 71.8], [0.0, 15.79, 14.43, 33.45, 28.64, 24.16, 27.8, 11.07, 19.48, 20.18, 4.69, 36.56, 20.48, 32.33, 37.17, 31.89, 16.03, 18.95, 0.0, 31.49, 16.91, 73.78], [0.0, 44.8, 19.56, 13.5, 51.72, 34.15, 5.22, 20.89, 24.19, 13.25, 26.81, 6.69, 12.9, 11.73, 60.92, 9.24, 26.94, 12.91, 31.49, 0.0, 21.54, 76.99], [0.0, 25.09, 4.61, 24.43, 30.19, 13.93, 16.45, 13.65, 9.76, 8.48, 13.6, 28.08, 17.64, 22.77, 39.37, 26.73, 5.4, 10.38, 16.91, 21.54, 0.0, 62.62], [0.0, 0.0, 0.0, 0.0, 0.0, 0.0, 0.0, 0.0, 0.0, 0.0, 0.0, 0.0, 0.0, 0.0, 0.0, 0.0, 0.0, 0.0, 0.0, 0.0, 0.0, 0.0]], "time_windows": [[0.0, 5000.0], [0.0, 114.0], [0.0, 145.0], [0.0, 179.0], [0.0, 328.0], [0.0, 369.0], [0.0, 417.0], [0.0, 446.0], [0.0, 481.0], [0.0, 513.0], [0.0, 563.0], [0.0, 638.0], [0.0, 664.0], [0.0, 685.0], [0.0, 772.0], [0.0, 891.0], [0.0, 947.0], [0.0, 973.0], [0.0, 1001.0], [0.0, 1040.0], [0.0, 1064.0], [0.0, 5000.0]], "start_depot": 0, "end_depot": 21, "horizon": [0.0, 5000.0]}