{"digraph": {"vertex_count": 22, "arc_count": 420, "arcs": [[0, 1, 1, 1, 1, 1, 1, 1, 1, 1, 1, 1, 1, 1, 1, 1, 1, 1, 1, 1, 1, 1], [0, 0, 1, 1, 1, 1, 1, 1, 1, 1, 1, 1, 1, 1, 1, 1, 1, 1, 1, 1, 1, 1], [0, 1, 0, 1, 1, 1, 1, 1, 1, 1, 1, 1, 1, 1, 1, 1, 1, 1, 1, 1, 1, 1], [0, 1, 1, 0, 1, 1, 1, 1, 1, 1, 1, 1, 1, 1, 1, 1, 1, 1, 1, 1, 1, 1], [0, 1, 1, 1, 0, 1, 1, 1, 1, 1, 1, 1, 1, 1, 1, 1, 1, 1, 1, 1, 1, 1], [0, 1, 1, 1, 1, 0, 1, 1, 1, 1, 1, 1, 1, 1, 1, 1, 1, 1, 1, 1, 1, 1], [0, 1, 1, 1, 1, 1, 0, 1, 1, 1, 1, 1, 1, 1, 1, 1, 1, 1, 1, 1, 1, 1], [0, 1, 1, 1, 1, 1, 1, 0, 1, 1, 1, 1, 1, 1, 1, 1, 1, 1, 1, 1, 1, 1], [0, 1, 1, 1, 1, 1, 1, 1, 0, 1, 1, 1, 1, 1, 1, 1, 1, 1, 1, 1, 1, 1], [0, 1, 1, 1, 1, 1, 1, 1, 1, 0, 1, 1, 1, 1, 1, 1, 1, 1, 1, 1, 1, 1], [0, 1, 1, 1, 1, 1, 1, 1, 1, 1, 0, 1, 1, 1, 1, 1, 1, 1, 1, 1, 1, 1], [0, 1, 1, 1, 1, 1, 1, 1, 1, 1, 1, 0, 1, 1, 1, 1, 1, 1, 1, 1, 1, 1], [0, 1, 1, 1, 1, 1, 1, 1, 1, 1, 1, 1, 0, 1, 1, 1, 1, 1, 1, 1, 1, 1], [0, 1, 1, 1, 1, 1, 1, 1, 1, 1, 1, 1, 1, 0, 1, 1, 1, 1, 1, 1, 1, 1], [0, 1, 1, 1, 1, 1, 1, 1, 1, 1, 1, 1, 1, 1, 0, 1, 1, 1, 1, 1, 1, 1], [0, 1, 1, 1, 1, 1, 1, 1, 1, 1, 1, 1, 1, 1, 1, 0, 1, 1, 1, 1, 1, 1], [0, 1, 1, 1, 1, 1, 1, 1, 1, 1, 1, 1, 1, 1, 1, 1, 0, 1, 1, 1, 1, 1], [0, 1, 1, 1, 1, 1, 1, 1, 1, 1, 1, 1, 1, 1, 1, 1, 1, 0, 1, 1, 1, 1], [0, 1, 1, 1, 1, 1, 1, 1, 1, 1, 1, 1, 1, 1, 1, 1, 1, 1, 0, 1, 1, 1], [0, 1, 1, 1, 1, 1, 1, 1, 1, 1, 1, 1, 1, 1, 1, 1, 1, 1, 1, 0, 1, 1], [0, 1, 1, 1, 1, 1, 1, 1, 1, 1, 1, 1, 1, 1, 1, 1, 1, 1, 1, 1, 0, 1], [0, 0, 0, 0, 0, 0, 0, 0, 0, 0, 0, 0, 0, 0, 0, 0, 0, 0, 0, 0, 0, 0]]}, "cluster_count": 3, "cluster_speeds": [[0.8325, 0.765, 0.8325, 0.9, 0.7492500000000001, 0.6885, 0.7492500000000001, 0.81, 0.41625, 0.3825, 0.41625, 0.45, 0.27472500000000005, 0.25245, 0.27472500000000005, 0.29700000000000004, 0.333, 0.30600000000000005, 0.333, 0.36000000000000004, 0.49950000000000006, 0.459, 0.49950000000000006, 0.54, 0.6475, 0.595, 0.6475, 0.7, 0.37, 0.34, 0.37, 0.4, 0.30525, 0.2805, 0.30525, 0.33, 0.4625, 0.425, 0.4625, 0.5, 0.6475, 0.595, 0.6475, 0.7, 0.74, 0.68, 0.74, 0.8, 0.58275, 0.5355, 0.58275, 0.63, 0.41625, 0.3825, 0.41625, 0.45, 0.49950000000000006, 0.459, 0.49950000000000006, 0.54, 0.58275, 0.5355, 0.58275, 0.63, 0.7492500000000001, 0.6885, 0.7492500000000001, 0.81, 0.8325, 0.765, 0.8325, 0.9, 0.9], [0.87875, 0.8075, 0.87875, 0.95, 0.790875, 0.72675, 0.790875, 0.855, 0.439375, 0.40375, 0.439375, 0.475, 0.2899875, 0.266475, 0.2899875, 0.3135, 0.3515, 0.323, 0.3515, 0.38, 0.52725, 0.4845, 0.52725, 0.57, 0.6475, 0.595, 0.6475, 0.7, 0.37, 0.34, 0.37, 0.4, 0.30525, 0.2805, 0.30525, 0.33, 0.4625, 0.425, 0.4625, 0.5, 0.6475, 0.595, 0.6475, 0.7, 0.74, 0.68, 0.74, 0.8, 0.6151249999999999, 0.5652499999999999, 0.6151249999999999, 0.6649999999999999, 0.439375, 0.40375, 0.439375, 0.475, 0.52725, 0.4845, 0.52725, 0.57, 0.6151249999999999, 0.5652499999999999, 0.6151249999999999, 0.6649999999999999, 0.790875, 0.72675, 0.790875, 0.855, 0.87875, 0.8075, 0.87875, 0.95, 0.95], [0.925, 0.85, 0.925, 1.0, 0.8325, 0.765, 0.8325, 0.9, 0.4625, 0.425, 0.4625, 0.5, 0.30525, 0.2805, 0.30525, 0.33, 0.37, 0.34, 0.37, 0.4, 0.555, 0.51, 0.555, 0.6, 0.6475, 0.595, 0.6475, 0.7, 0.37, 0.34, 0.37, 0.4, 0.30525, 0.2805, 0.30525, 0.33, 0.4625, 0.425, 0.4625, 0.5, 0.6475, 0.595, 0.6475, 0.7, 0.74, 0.68, 0.74, 0.8, 0.6475, 0.595, 0.6475, 0.7, 0.4625, 0.425, 0.4625, 0.5, 0.555, 0.51, 0.555, 0.6, 0.6475, 0.595, 0.6475, 0.7, 0.8325, 0.765, 0.8325, 0.9, 0.925, 0.85, 0.925, 1.0, 1.0]], "clusters": [[-1, 2, 2, 2, 2, 2, 2, 2, 2, 2, 2, 2, 2, 2, 2, 2, 2, 2, 2, 2, 2, 2], [1, -1, 1, 1, 1, 1, 1, 1, 1, 1, 1, 1, 1, 1, 1, 1, 1, 1, 1, 1, 1, 1], [1, 1, -1, 1, 1, 1, 1, 1, 1, 1, 1, 1, 1, 1, 1, 1, 1, 1, 1, 1, 1, 1], [1, 1, 1, -1, 1, 1, 1, 1, 1, 1, 1, 1, 1, 1, 1, 1, 1, 1, 1, 1, 1, 1], [1, 1, 1, 1, -1, 1, 1, 1, 1, 1, 1, 1, 1, 1, 1, 1, 1, 1, 1, 1, 1, 1], [0, 0, 0, 0, 0, -1, 0, 0, 0, 0, 0, 0, 0, 0, 0, 0, 0, 0, 0, 0, 0, 0], [2, 2, 2, 2, 2, 2, -1, 2, 2, 2, 2, 2, 2, 2, 2, 2, 2, 2, 2, 2, 2, 2], [0, 0, 0, 0, 0, 0, 0, -1, 0, 0, 0, 0, 0, 0, 0, 0, 0, 0, 0, 0, 0, 0], [1, 1, 1, 1, 1, 1, 1, 1, -1, 1, 1, 1, 1, 1, 1, 1, 1, 1, 1, 1, 1, 1], [2, 2, 2, 2, 2, 2, 2, 2, 2, -1, 2, 2, 2, 2, 2, 2, 2, 2, 2, 2, 2, 2], [0, 0, 0, 0, 0, 0, 0, 0, 0, 0, -1, 0, 0, 0, 0, 0, 0, 0, 0, 0, 0, 0], [1, 1, 1, 1, 1, 1, 1, 1, 1, 1, 1, -1, 1, 1, 1, 1, 1, 1, 1, 1, 1, 1], [2, 2, 2, 2, 2, 2, 2, 2, 2, 2, 2, 2, -1, 2, 2, 2, 2, 2, 2, 2, 2, 2], [1, 1, 1, 1, 1, 1, 1, 1, 1, 1, 1, 1, 1, -1, 1, 1, 1, 1, 1, 1, 1, 1], [0, 0, 0, 0, 0, 0, 0, 0, 0, 0, 0, 0, 0, 0, -1, 0, 0, 0, 0, 0, 0, 0], [0, 0, 0, 0, 0, 0, 0, 0, 0, 0, 0, 0, 0, 0, 0, -1, 0, 0, 0, 0, 0, 0], [2, 2, 2, 2, 2, 2, 2, 2, 2, 2, 2, 2, 2, 2, 2, 2, -1, 2, 2, 2, 2, 2], [0, 0, 0, 0, 0, 0, 0, 0, 0, 0, 0, 0, 0, 0, 0, 0, 0, -1, 0, 0, 0, 0], [1, 1, 1, 1, 1, 1, 1, 1, 1, 1, 1, 1, 1, 1, 1, 1, 1, 1, -1, 1, 1, 1], [2, 2, 2, 2, 2, 2, 2, 2, 2, 2, 2, 2, 2, 2, 2, 2, 2, 2, 2, -1, 2, 2], [0, 0, 0, 0, 0, 0, 0, 0, 0, 0, 0, 0, 0, 0, 0, 0, 0, 0, 0, 0, -1, 0], [2, 2, 2, 2, 2, 2, 2, 2, 2, 2, 2, 2, 2, 2, 2, 2, 2, 2, 2, 2, 2, -1]], "speed_zone_count": 73, "speed_zones": [[0.0, 15.0], [15.0, 30.0], [30.0, 45.0], [45.0, 60.0], [60.0, 75.0], [75.0, 90.0], [90.0, 105.0], [105.0, 120.0], [120.0, 135.0], [135.0, 150.0], [150.0, 165.0], [165.0, 180.0], [180.0, 195.0], [195.0, 210.0], [210.0, 225.0], [225.0, 240.0], [240.0, 255.0], [255.0, 270.0], [270.0, 285.0], [285.0, 300.0], [300.0, 315.0], [315.0, 330.0], [330.0, 345.0], [345.0, 360.0], [360.0, 375.0], [375.0, 390.0], [390.0, 405.0], [405.0, 420.0], [420.0, 435.0], [435.0, 450.0], [450.0, 465.0], [465.0, 480.0], [480.0, 495.0], [495.0, 510.0], [510.0, 525.0], [525.0, 540.0], [540.0, 555.0], [555.0, 570.0], [570.0, 585.0], [585.0, 600.0], [600.0, 615.0], [615.0, 630.0], [630.0, 645.0], [645.0, 660.0], [660.0, 675.0], [675.0, 690.0], [690.0, 705.0], [705.0, 720.0], [720.0, 735.0], [735.0, 750.0], [750.0, 765.0], [765.0, 780.0], [780.0, 795.0], [795.0, 810.0], [810.0, 825.0], [825.0, 840.0], [840.0, 855.0], [855.0, 870.0], [870.0, 885.0], [885.0, 900.0], [900.0, 915.0], [915.0, 930.0], [930.0, 945.0], [945.0, 960.0], [960.0, 975.0], [975.0, 990.0], [990.0, 1005.0], [1005.0, 1020.0], [1020.0, 1035.0], [1035.0, 1050.0], [1050.0, 1065.0], [1065.0, 1080.0], [1080.0, 5000.0]], "distances": [[0.0, 68.93, 74.28, 76.11, 54.0, 62.68, 51.56, 79.37, 75.25, 99.38, 64.07, 84.17, 45.1, 92.3, 71.52, 68.7, 59.45, 73.25, 89.97, 92.29, 73.5, 0.0], [0.0, 0.0, 7.69, 36.35, 21.61, 13.62, 18.29, 17.11, 6.54, 42.36, 18.75, 28.42, 26.03, 30.55, 11.65, 27.85, 15.93, 12.88, 26.62, 49.42, 12.45, 68.93], [0.0, 7.69, 0.0, 42.63, 29.23, 21.24, 22.75, 20.6, 7.58, 44.78, 26.14, 32.46, 32.95, 32.25, 17.61, 34.74, 16.93, 18.29, 28.0, 54.4, 17.72, 74.28], [0.0, 36.35, 42.63, 0.0, 26.92, 25.37, 44.08, 24.49, 35.54, 26.23, 19.7, 16.55, 35.88, 26.43, 25.03, 9.84, 48.89, 24.41, 27.62, 16.85, 25.02, 76.11], [0.0, 21.61, 29.23, 26.92, 0.0, 9.65, 18.68, 25.82, 25.93, 45.98, 10.12, 30.43, 9.53, 38.31, 18.48, 17.32, 26.24, 19.99, 36.13, 43.59, 20.37, 54.0], [0.0, 13.62, 21.24, 25.37, 9.65, 0.0, 19.38, 16.7, 16.74, 39.17, 5.81, 23.53, 17.58, 30.01, 8.97, 15.81, 23.55, 10.61, 27.35, 40.68, 10.92, 62.68], [0.0, 18.29, 22.75, 44.08, 18.68, 19.38, 0.0, 33.03, 24.83, 57.65, 24.53, 42.31, 15.1, 47.06, 25.34, 34.24, 9.77, 27.16, 43.58, 59.95, 27.08, 51.56], [0.0, 17.11, 20.6, 24.49, 25.82, 16.7, 33.03, 0.0, 13.04, 25.28, 16.59, 11.86, 34.27, 14.03, 8.02, 19.65, 32.91, 6.2, 10.79, 34.0, 6.08, 79.37], [0.0, 6.54, 7.58, 35.54, 25.93, 16.74, 24.83, 13.04, 0.0, 37.56, 20.61, 24.89, 31.64, 25.25, 10.83, 28.23, 21.73, 11.14, 21.11, 46.85, 10.52, 75.25], [0.0, 42.36, 44.78, 26.23, 45.98, 39.17, 57.65, 25.28, 37.56, 0.0, 35.94, 15.68, 55.46, 12.73, 32.37, 30.95, 58.19, 30.59, 17.04, 19.98, 30.76, 99.38], [0.0, 18.75, 26.14, 19.7, 10.12, 5.81, 24.53, 16.59, 20.61, 35.94, 0.0, 20.34, 19.52, 28.3, 10.59, 10.03, 29.32, 11.55, 26.38, 35.44, 12.09, 64.07], [0.0, 28.42, 32.46, 16.55, 30.43, 23.53, 42.31, 11.86, 24.89, 15.68, 20.34, 0.0, 39.86, 10.16, 17.41, 16.95, 43.78, 15.79, 11.11, 22.35, 16.1, 84.17], [0.0, 26.03, 32.95, 35.88, 9.53, 17.58, 15.1, 34.27, 31.64, 55.46, 19.52, 39.86, 0.0, 47.36, 26.46, 26.57, 24.59, 28.17, 44.89, 52.68, 28.43, 45.1], [0.0, 30.55, 32.25, 26.43, 38.31, 30.01, 47.06, 14.03, 25.25, 12.73, 28.3, 10.16, 47.36, 0.0, 21.91, 26.82, 46.47, 20.06, 4.31, 28.12, 20.05, 92.3], [0.0, 11.65, 17.61, 25.03, 18.48, 8.97, 25.34, 8.02, 10.83, 32.37, 10.59, 17.41, 26.46, 21.91, 0.0, 17.39, 26.41, 14.22, 18.81, 37.79, 14.1, 71.52], [0.0, 27.85, 34.74, 9.84, 17.32, 15.81, 34.24, 19.65, 28.23, 30.95, 10.03, 16.95, 26.57, 26.82, 17.39, 0.0, 39.34, 17.34, 26.44, 26.28, 17.99, 68.7], [0.0, 15.93, 16.93, 48.89, 26.24, 23.55, 9.77, 32.91, 21.73, 58.19, 29.32, 43.78, 24.59, 46.47, 26.41, 39.34, 0.0, 27.99, 42.52, 63.62, 27.7, 59.45], [0.0, 12.88, 18.29, 24.41, 19.99, 10.61, 27.16, 6.2, 11.14, 30.59, 11.55, 15.79, 28.17, 20.06, 14.22, 17.34, 27.99, 0.0, 16.98, 36.57, 12.28, 73.25], [0.0, 26.62, 28.0, 27.62, 36.13, 27.35, 43.58, 10.79, 21.11, 17.04, 26.38, 11.11, 44.89, 4.31, 18.81, 26.44, 42.52, 16.98, 0.0, 31.43, 16.87, 89.97], [0.0, 49.42, 54.4, 16.85, 43.59, 40.68, 59.95, 34.0, 46.85, 19.98, 35.44, 22.35, 52.68, 28.12, 37.79, 26.28, 63.62, 36.57, 31.43, 0.0, 37.05, 92.29], [0.0, 12.45, 17.72, 25.02, 20.37, 10.92, 27.08, 6.08, 10.52, 30.76, 12.09, 16.1, 28.43, 20.05, 14.1, 17.99, 27.7, 12.28, 16.87, 37.05, 0.0, 73.5], [0.0, 0.0, 0.0, 0.0, 0.0, 0.0, 0.0, 0.0, 0.0, 0.0, 0.0, 0.0, 0.0, 0.0, 0.0, 0.0, 0.0, 0.0, 0.0, 0.0, 0.0, 0.0]], "time_windows": [[0.0, 5000.0], [0.0, 117.0], [0.0, 127.0], [0.0, 192.0], [0.0, 264.0], [0.0, 292.0], [0.0, 343.0], [0.0, 402.0], [0.0, 423.0], [0.0, 497.0], [0.0, 599.0], [0.0, 642.0], [0.0, 703.0], [0.0, 768.0], [0.0, 803.0], [0.0, 832.0], [0.0, 912.0], [0.0, 959.0], [0.0, 986.0], [0.0, 1027.0], [0.0, 1070.0], [0.0, 5000.0]], "start_depot": 0, "end_depot": 21, "horizon": [0.0, 5000.0]}