{"digraph": {"vertex_count": 22, "arc_count": 420, "arcs": [[0, 1, 1, 1, 1, 1, 1, 1, 1, 1, 1, 1, 1, 1, 1, 1, 1, 1, 1, 1, 1, 1], [0, 0, 1, 1, 1, 1, 1, 1, 1, 1, 1, 1, 1, 1, 1, 1, 1, 1, 1, 1, 1, 1], [0, 1, 0, 1, 1, 1, 1, 1, 1, 1, 1, 1, 1, 1, 1, 1, 1, 1, 1, 1, 1, 1], [0, 1, 1, 0, 1, 1, 1, 1, 1, 1, 1, 1, 1, 1, 1, 1, 1, 1, 1, 1, 1, 1], [0, 1, 1, 1, 0, 1, 1, 1, 1, 1, 1, 1, 1, 1, 1, 1, 1, 1, 1, 1, 1, 1], [0, 1, 1, 1, 1, 0, 1, 1, 1, 1, 1, 1, 1, 1, 1, 1, 1, 1, 1, 1, 1, 1], [0, 1, 1, 1, 1, 1, 0, 1, 1, 1, 1, 1, 1, 1, 1, 1, 1, 1, 1, 1, 1, 1], [0, 1, 1, 1, 1, 1, 1, 0, 1, 1, 1, 1, 1, 1, 1, 1, 1, 1, 1, 1, 1, 1], [0, 1, 1, 1, 1, 1, 1, 1, 0, 1, 1, 1, 1, 1, 1, 1, 1, 1, 1, 1, 1, 1], [0, 1, 1, 1, 1, 1, 1, 1, 1, 0, 1, 1, 1, 1, 1, 1, 1, 1, 1, 1, 1, 1], [0, 1, 1, 1, 1, 1, 1, 1, 1, 1, 0, 1, 1, 1, 1, 1, 1, 1, 1, 1, 1, 1], [0, 1, 1, 1, 1, 1, 1, 1, 1, 1, 1, 0, 1, 1, 1, 1, 1, 1, 1, 1, 1, 1], [0, 1, 1, 1, 1, 1, 1, 1, 1, 1, 1, 1, 0, 1, 1, 1, 1, 1, 1, 1, 1, 1], [0, 1, 1, 1, 1, 1, 1, 1, 1, 1, 1, 1, 1, 0, 1, 1, 1, 1, 1, 1, 1, 1], [0, 1, 1, 1, 1, 1, 1, 1, 1, 1, 1, 1, 1, 1, 0, 1, 1, 1, 1, 1, 1, 1], [0, 1, 1, 1, 1, 1, 1, 1, 1, 1, 1, 1, 1, 1, 1, 0, 1, 1, 1, 1, 1, 1], [0, 1, 1, 1, 1, 1, 1, 1, 1, 1, 1, 1, 1, 1, 1, 1, 0, 1, 1, 1, 1, 1], [0, 1, 1, 1, 1, 1, 1, 1, 1, 1, 1, 1, 1, 1, 1, 1, 1, 0, 1, 1, 1, 1], [0, 1, 1, 1, 1, 1, 1, 1, 1, 1, 1, 1, 1, 1, 1, 1, 1, 1, 0, 1, 1, 1], [0, 1, 1, 1, 1, 1, 1, 1, 1, 1, 1, 1, 1, 1, 1, 1, 1, 1, 1, 0, 1, 1], [0, 1, 1, 1, 1, 1, 1, 1, 1, 1, 1, 1, 1, 1, 1, 1, 1, 1, 1, 1, 0, 1], [0, 0, 0, 0, 0, 0, 0, 0, 0, 0, 0, 0, 0, 0, 0, 0, 0, 0, 0, 0, 0, 0]]}, "cluster_count": 3, "cluster_speeds": [[0.925, 0.85, 0.925, 1.0, 0.8325, 0.765, 0.8325, 0.9, 0.4625, 0.425, 0.4625, 0.5, 0.30525, 0.2805, 0.30525, 0.33, 0.37, 0.34, 0.37, 0.4, 0.555, 0.51, 0.555, 0.6, 0.6475, 0.595, 0.6475, 0.7, 0.37, 0.34, 0.37, 0.4, 0.30525, 0.2805, 0.30525, 0.33, 0.4625, 0.425, 0.4625, 0.5, 0.6475, 0.595, 0.6475, 0.7, 0.74, 0.68, 0.74, 0.8, 0.6475, 0.595, 0.6475, 0.7, 0.4625, 0.425, 0.4625, 0.5, 0.555, 0.51, 0.555, 0.6, 0.6475, 0.595, 0.6475, 0.7, 0.8325, 0.765, 0.8325, 0.9, 0.925, 0.85, 0.925, 1.0, 1.0], [0.8325, 0.765, 0.8325, 0.9, 0.7492500000000001, 0.6885, 0.7492500000000001, 0.81, 0.41625, 0.3825, 0.41625, 0.45, 0.27472500000000005, 0.25245, 0.27472500000000005, 0.29700000000000004, 0.333, 0.30600000000000005, 0.333, 0.36000000000000004, 0.49950000000000006, 0.459, 0.49950000000000006, 0.54, 0.6475, 0.595, 0.6475, 0.7, 0.37, 0.34, 0.37, 0.4, 0.30525, 0.2805, 0.30525, 0.33, 0.4625, 0.425, 0.4625, 0.5, 0.6475, 0.595, 0.6475, 0.7, 0.74, 0.68, 0.74, 0.8, 0.58275, 0.5355, 0.58275, 0.63, 0.41625, 0.3825, 0.41625, 0.45, 0.49950000000000006, 0.459, 0.49950000000000006, 0.54, 0.58275, 0.5355, 0.58275, 0.63, 0.7492500000000001, 0.6885, 0.7492500000000001, 0.81, 0.8325, 0.765, 0.8325, 0.9, 0.9], [0.87875, 0.8075, 0.87875, 0.95, 0.790875, 0.72675, 0.790875, 0.855, 0.439375, 0.40375, 0.439375, 0.475, 0.2899875, 0.266475, 0.2899875, 0.3135, 0.3515, 0.323, 0.3515, 0.38, 0.52725, 0.4845, 0.52725, 0.57, 0.6475, 0.595, 0.6475, 0.7, 0.37, 0.34, 0.37, 0.4, 0.30525, 0.2805, 0.30525, 0.33, 0.4625, 0.425, 0.4625, 0.5, 0.6475, 0.595, 0.6475, 0.7, 0.74, 0.68, 0.74, 0.8, 0.6151249999999999, 0.5652499999999999, 0.6151249999999999, 0.6649999999999999, 0.439375, 0.40375, 0.439375, 0.475, 0.52725, 0.4845, 0.52725, 0.57, 0.6151249999999999, 0.5652499999999999, 0.6151249999999999, 0.6649999999999999, 0.790875, 0.72675, 0.790875, 0.855, 0.87875, 0.8075, 0.87875, 0.95, 0.95]], "clusters": [[-1, 2, 2, 2, 2, 2, 2, 2, 2, 2, 2, 2, 2, 2, 2, 2, 2, 2, 2, 2, 2, 2], [0, -1, 0, 0, 0, 0, 0, 0, 0, 0, 0, 0, 0, 0, 0, 0, 0, 0, 0, 0, 0, 0], [0, 0, -1, 0, 0, 0, 0, 0, 0, 0, 0, 0, 0, 0, 0, 0, 0, 0, 0, 0, 0, 0], [0, 0, 0, -1, 0, 0, 0, 0, 0, 0, 0, 0, 0, 0, 0, 0, 0, 0, 0, 0, 0, 0], [0, 0, 0, 0, -1, 0, 0, 0, 0, 0, 0, 0, 0, 0, 0, 0, 0, 0, 0, 0, 0, 0], [0, 0, 0, 0, 0, -1, 0, 0, 0, 0, 0, 0, 0, 0, 0, 0, 0, 0, 0, 0, 0, 0], [0, 0, 0, 0, 0, 0, -1, 0, 0, 0, 0, 0, 0, 0, 0, 0, 0, 0, 0, 0, 0, 0], [0, 0, 0, 0, 0, 0, 0, -1, 0, 0, 0, 0, 0, 0, 0, 0, 0, 0, 0, 0, 0, 0], [0, 0, 0, 0, 0, 0, 0, 0, -1, 0, 0, 0, 0, 0, 0, 0, 0, 0, 0, 0, 0, 0], [1, 1, 1, 1, 1, 1, 1, 1, 1, -1, 1, 1, 1, 1, 1, 1, 1, 1, 1, 1, 1, 1], [0, 0, 0, 0, 0, 0, 0, 0, 0, 0, -1, 0, 0, 0, 0, 0, 0, 0, 0, 0, 0, 0], [0, 0, 0, 0, 0, 0, 0, 0, 0, 0, 0, -1, 0, 0, 0, 0, 0, 0, 0, 0, 0, 0], [0, 0, 0, 0, 0, 0, 0, 0, 0, 0, 0, 0, -1, 0, 0, 0, 0, 0, 0, 0, 0, 0], [0, 0, 0, 0, 0, 0, 0, 0, 0, 0, 0, 0, 0, -1, 0, 0, 0, 0, 0, 0, 0, 0], [0, 0, 0, 0, 0, 0, 0, 0, 0, 0, 0, 0, 0, 0, -1, 0, 0, 0, 0, 0, 0, 0], [0, 0, 0, 0, 0, 0, 0, 0, 0, 0, 0, 0, 0, 0, 0, -1, 0, 0, 0, 0, 0, 0], [0, 0, 0, 0, 0, 0, 0, 0, 0, 0, 0, 0, 0, 0, 0, 0, -1, 0, 0, 0, 0, 0], [0, 0, 0, 0, 0, 0, 0, 0, 0, 0, 0, 0, 0, 0, 0, 0, 0, -1, 0, 0, 0, 0], [1, 1, 1, 1, 1, 1, 1, 1, 1, 1, 1, 1, 1, 1, 1, 1, 1, 1, -1, 1, 1, 1], [0, 0, 0, 0, 0, 0, 0, 0, 0, 0, 0, 0, 0, 0, 0, 0, 0, 0, 0, -1, 0, 0], [0, 0, 0, 0, 0, 0, 0, 0, 0, 0, 0, 0, 0, 0, 0, 0, 0, 0, 0, 0, -1, 0], [2, 2, 2, 2, 2, 2, 2, 2, 2, 2, 2, 2, 2, 2, 2, 2, 2, 2, 2, 2, 2, -1]], "speed_zone_count": 73, "speed_zones": [[0.0, 15.0], [15.0, 30.0], [30.0, 45.0], [45.0, 60.0], [60.0, 75.0], [75.0, 90.0], [90.0, 105.0], [105.0, 120.0], [120.0, 135.0], [135.0, 150.0], [150.0, 165.0], [165.0, 180.0], [180.0, 195.0], [195.0, 210.0], [210.0, 225.0], [225.0, 240.0], [240.0, 255.0], [255.0, 270.0], [270.0, 285.0], [285.0, 300.0], [300.0, 315.0], [315.0, 330.0], [330.0, 345.0], [345.0, 360.0], [360.0, 375.0], [375.0, 390.0], [390.0, 405.0], [405.0, 420.0], [420.0, 435.0], [435.0, 450.0], [450.0, 465.0], [465.0, 480.0], [480.0, 495.0], [495.0, 510.0], [510.0, 525.0], [525.0, 540.0], [540.0, 555.0], [555.0, 570.0], [570.0, 585.0], [585.0, 600.0], [600.0, 615.0], [615.0, 630.0], [630.0, 645.0], [645.0, 660.0], [660.0, 675.0], [675.0, 690.0], [690.0, 705.0], [705.0, 720.0], [720.0, 735.0], [735.0, 750.0], [750.0, 765.0], [765.0, 780.0], [780.0, 795.0], [795.0, 810.0], [810.0, 825.0], [825.0, 840.0], [840.0, 855.0], [855.0, 870.0], [870.0, 885.0], [885.0, 900.0], [900.0, 915.0], [915.0, 930.0], [930.0, 945.0], [945.0, 960.0], [960.0, 975.0], [975.0, 990.0], [990.0, 1005.0], [1005.0, 1020.0], [1020.0, 1035.0], [1035.0, 1050.0], [1050.0, 1065.0], [1065.0, 1080.0], [1080.0, 5000.0]], "distances": [[0.0, 71.81, 70.85, 70.13, 77.29, 72.13, 81.77, 79.08, 70.6, 81.68, 71.24, 70.01, 72.37, 72.45, 63.14, 71.02, 60.64, 76.46, 85.99, 76.03, 60.28, 0.0], [0.0, 0.0, 10.78, 13.39, 9.99, 11.0, 14.46, 11.75, 5.31, 22.84, 4.39, 11.17, 8.92, 12.8, 8.75, 7.41, 12.28, 14.58, 18.46, 5.6, 12.13, 71.81], [0.0, 10.78, 0.0, 9.7, 7.91, 14.5, 12.77, 9.86, 10.87, 19.89, 7.89, 7.48, 10.37, 14.37, 8.0, 11.56, 10.36, 11.51, 17.05, 5.18, 10.58, 70.85], [0.0, 13.39, 9.7, 0.0, 9.05, 11.33, 12.25, 10.16, 8.09, 13.12, 17.54, 13.17, 13.5, 9.7, 13.27, 6.01, 11.91, 6.33, 16.11, 11.65, 12.98, 70.13], [0.0, 9.99, 7.91, 9.05, 0.0, 7.99, 4.9, 11.37, 7.3, 13.26, 14.18, 7.95, 9.71, 6.46, 15.61, 6.31, 16.83, 5.78, 9.25, 4.95, 17.42, 77.29], [0.0, 11.0, 14.5, 11.33, 7.99, 0.0, 12.64, 9.83, 15.01, 20.66, 6.61, 9.13, 11.14, 14.45, 9.03, 5.32, 11.9, 12.37, 16.78, 11.69, 11.98, 72.13], [0.0, 14.46, 12.77, 12.25, 4.9, 12.64, 0.0, 11.66, 12.2, 10.85, 18.39, 11.84, 14.1, 11.25, 20.5, 11.06, 21.55, 6.61, 4.37, 8.96, 22.21, 81.77], [0.0, 11.75, 9.86, 10.16, 11.37, 9.83, 11.66, 0.0, 9.27, 12.1, 15.83, 9.39, 11.43, 8.37, 17.57, 8.19, 18.71, 5.62, 7.29, 6.42, 19.33, 79.08], [0.0, 5.31, 10.87, 8.09, 7.3, 15.01, 12.2, 9.27, 0.0, 18.61, 9.48, 5.87, 5.46, 13.43, 8.31, 12.06, 9.97, 10.23, 16.55, 5.68, 10.37, 70.6], [0.0, 22.84, 19.89, 13.12, 13.26, 20.66, 10.85, 12.1, 18.61, 0.0, 27.19, 14.51, 22.66, 18.89, 25.88, 16.56, 25.03, 8.39, 10.87, 18.21, 26.07, 81.68], [0.0, 4.39, 7.89, 17.54, 14.18, 6.61, 18.39, 15.83, 9.48, 27.19, 0.0, 15.31, 4.53, 8.41, 9.66, 11.66, 13.95, 18.96, 22.14, 9.44, 13.42, 71.24], [0.0, 11.17, 7.48, 13.17, 7.95, 9.13, 11.84, 9.39, 5.87, 14.51, 15.31, 0.0, 11.3, 7.56, 11.46, 14.25, 10.68, 6.84, 15.98, 9.79, 11.64, 70.01], [0.0, 8.92, 10.37, 13.5, 9.71, 11.14, 14.1, 11.43, 5.46, 22.66, 4.53, 11.3, 0.0, 12.94, 9.3, 7.5, 12.79, 14.44, 18.05, 5.19, 12.66, 72.37], [0.0, 12.8, 14.37, 9.7, 6.46, 14.45, 11.25, 8.37, 13.43, 18.89, 8.41, 7.56, 12.94, 0.0, 9.64, 12.77, 11.9, 10.58, 15.5, 11.41, 12.17, 72.45], [0.0, 8.75, 8.0, 13.27, 15.61, 9.03, 20.5, 17.57, 8.31, 25.88, 9.66, 11.46, 9.3, 9.64, 0.0, 9.73, 4.45, 17.75, 24.85, 13.08, 18.58, 63.14], [0.0, 7.41, 11.56, 6.01, 6.31, 5.32, 11.06, 8.19, 12.06, 16.56, 11.66, 14.25, 7.5, 12.77, 9.73, 0.0, 10.52, 8.22, 15.42, 6.37, 11.15, 71.02], [0.0, 12.28, 10.36, 11.91, 16.83, 11.9, 21.55, 18.71, 9.97, 25.03, 13.95, 10.68, 12.79, 11.9, 4.45, 10.52, 0.0, 17.5, 25.9, 15.51, 20.33, 60.64], [0.0, 14.58, 11.51, 6.33, 5.78, 12.37, 6.61, 5.62, 10.23, 8.39, 18.96, 6.84, 14.44, 10.58, 17.75, 8.22, 17.5, 0.0, 9.97, 10.44, 18.41, 76.46], [0.0, 18.46, 17.05, 16.11, 9.25, 16.78, 4.37, 7.29, 16.55, 10.87, 22.14, 15.98, 18.05, 15.5, 24.85, 15.42, 25.9, 9.97, 0.0, 12.87, 26.57, 85.99], [0.0, 5.6, 5.18, 11.65, 4.95, 11.69, 8.96, 6.42, 5.68, 18.21, 9.44, 9.79, 5.19, 11.41, 13.08, 6.37, 15.51, 10.44, 12.87, 0.0, 15.76, 76.03], [0.0, 12.13, 10.58, 12.98, 17.42, 11.98, 22.21, 19.33, 10.37, 26.07, 13.42, 11.64, 12.66, 12.17, 18.58, 11.15, 20.33, 18.41, 26.57, 15.76, 0.0, 60.28], [0.0, 0.0, 0.0, 0.0, 0.0, 0.0, 0.0, 0.0, 0.0, 0.0, 0.0, 0.0, 0.0, 0.0, 0.0, 0.0, 0.0, 0.0, 0.0, 0.0, 0.0, 0.0]], "time_windows": [[0.0, 5000.0], [0.0, 120.0], [0.0, 134.0], [0.0, 146.0], [0.0, 156.0], [0.0, 169.0], [0.0, 197.0], [0.0, 222.0], [0.0, 253.0], [0.0, 309.0], [0.0, 369.0], [0.0, 395.0], [0.0, 413.0], [0.0, 435.0], [0.0, 449.0], [0.0, 465.0], [0.0, 495.0], [0.0, 546.0], [0.0, 578.0], [0.0, 608.0], [0.0, 641.0], [0.0, 5000.0]], "start_depot": 0, "end_depot": 21, "horizon": [0.0, 5000.0]}