{"digraph": {"vertex_count": 27, "arc_count": 650, "arcs": [[0, 1, 1, 1, 1, 1, 1, 1, 1, 1, 1, 1, 1, 1, 1, 1, 1, 1, 1, 1, 1, 1, 1, 1, 1, 1, 1], [0, 0, 1, 1, 1, 1, 1, 1, 1, 1, 1, 1, 1, 1, 1, 1, 1, 1, 1, 1, 1, 1, 1, 1, 1, 1, 1], [0, 1, 0, 1, 1, 1, 1, 1, 1, 1, 1, 1, 1, 1, 1, 1, 1, 1, 1, 1, 1, 1, 1, 1, 1, 1, 1], [0, 1, 1, 0, 1, 1, 1, 1, 1, 1, 1, 1, 1, 1, 1, 1, 1, 1, 1, 1, 1, 1, 1, 1, 1, 1, 1], [0, 1, 1, 1, 0, 1, 1, 1, 1, 1, 1, 1, 1, 1, 1, 1, 1, 1, 1, 1, 1, 1, 1, 1, 1, 1, 1], [0, 1, 1, 1, 1, 0, 1, 1, 1, 1, 1, 1, 1, 1, 1, 1, 1, 1, 1, 1, 1, 1, 1, 1, 1, 1, 1], [0, 1, 1, 1, 1, 1, 0, 1, 1, 1, 1, 1, 1, 1, 1, 1, 1, 1, 1, 1, 1, 1, 1, 1, 1, 1, 1], [0, 1, 1, 1, 1, 1, 1, 0, 1, 1, 1, 1, 1, 1, 1, 1, 1, 1, 1, 1, 1, 1, 1, 1, 1, 1, 1], [0, 1, 1, 1, 1, 1, 1, 1, 0, 1, 1, 1, 1, 1, 1, 1, 1, 1, 1, 1, 1, 1, 1, 1, 1, 1, 1], [0, 1, 1, 1, 1, 1, 1, 1, 1, 0, 1, 1, 1, 1, 1, 1, 1, 1, 1, 1, 1, 1, 1, 1, 1, 1, 1], [0, 1, 1, 1, 1, 1, 1, 1, 1, 1, 0, 1, 1, 1, 1, 1, 1, 1, 1, 1, 1, 1, 1, 1, 1, 1, 1], [0, 1, 1, 1, 1, 1, 1, 1, 1, 1, 1, 0, 1, 1, 1, 1, 1, 1, 1, 1, 1, 1, 1, 1, 1, 1, 1], [0, 1, 1, 1, 1, 1, 1, 1, 1, 1, 1, 1, 0, 1, 1, 1, 1, 1, 1, 1, 1, 1, 1, 1, 1, 1, 1], [0, 1, 1, 1, 1, 1, 1, 1, 1, 1, 1, 1, 1, 0, 1, 1, 1, 1, 1, 1, 1, 1, 1, 1, 1, 1, 1], [0, 1, 1, 1, 1, 1, 1, 1, 1, 1, 1, 1, 1, 1, 0, 1, 1, 1, 1, 1, 1, 1, 1, 1, 1, 1, 1], [0, 1, 1, 1, 1, 1, 1, 1, 1, 1, 1, 1, 1, 1, 1, 0, 1, 1, 1, 1, 1, 1, 1, 1, 1, 1, 1], [0, 1, 1, 1, 1, 1, 1, 1, 1, 1, 1, 1, 1, 1, 1, 1, 0, 1, 1, 1, 1, 1, 1, 1, 1, 1, 1], [0, 1, 1, 1, 1, 1, 1, 1, 1, 1, 1, 1, 1, 1, 1, 1, 1, 0, 1, 1, 1, 1, 1, 1, 1, 1, 1], [0, 1, 1, 1, 1, 1, 1, 1, 1, 1, 1, 1, 1, 1, 1, 1, 1, 1, 0, 1, 1, 1, 1, 1, 1, 1, 1], [0, 1, 1, 1, 1, 1, 1, 1, 1, 1, 1, 1, 1, 1, 1, 1, 1, 1, 1, 0, 1, 1, 1, 1, 1, 1, 1], [0, 1, 1, 1, 1, 1, 1, 1, 1, 1, 1, 1, 1, 1, 1, 1, 1, 1, 1, 1, 0, 1, 1, 1, 1, 1, 1], [0, 1, 1, 1, 1, 1, 1, 1, 1, 1, 1, 1, 1, 1, 1, 1, 1, 1, 1, 1, 1, 0, 1, 1, 1, 1, 1], [0, 1, 1, 1, 1, 1, 1, 1, 1, 1, 1, 1, 1, 1, 1, 1, 1, 1, 1, 1, 1, 1, 0, 1, 1, 1, 1], [0, 1, 1, 1, 1, 1, 1, 1, 1, 1, 1, 1, 1, 1, 1, 1, 1, 1, 1, 1, 1, 1, 1, 0, 1, 1, 1], [0, 1, 1, 1, 1, 1, 1, 1, 1, 1, 1, 1, 1, 1, 1, 1, 1, 1, 1, 1, 1, 1, 1, 1, 0, 1, 1], [0, 1, 1, 1, 1, 1, 1, 1, 1, 1, 1, 1, 1, 1, 1, 1, 1, 1, 1, 1, 1, 1, 1, 1, 1, 0, 1], [0, 0, 0, 0, 0, 0, 0, 0, 0, 0, 0, 0, 0, 0, 0, 0, 0, 0, 0, 0, 0, 0, 0, 0, 0, 0, 0]]}, "cluster_count": 3, "cluster_speeds": [[0.925, 0.85, 0.925, 1.0, 0.8325, 0.765, 0.8325, 0.9, 0.4625, 0.425, 0.4625, 0.5, 0.30525, 0.2805, 0.30525, 0.33, 0.37, 0.34, 0.37, 0.4, 0.555, 0.51, 0.555, 0.6, 0.6475, 0.595, 0.6475, 0.7, 0.37, 0.34, 0.37, 0.4, 0.30525, 0.2805, 0.30525, 0.33, 0.4625, 0.425, 0.4625, 0.5, 0.6475, 0.595, 0.6475, 0.7, 0.74, 0.68, 0.74, 0.8, 0.6475, 0.595, 0.6475, 0.7, 0.4625, 0.425, 0.4625, 0.5, 0.555, 0.51, 0.555, 0.6, 0.6475, 0.595, 0.6475, 0.7, 0.8325, 0.765, 0.8325, 0.9, 0.925, 0.85, 0.925, 1.0, 1.0], [0.6475, 0.595, 0.6475, 0.7, 0.58275, 0.5355, 0.58275, 0.63, 0.32375, 0.2975, 0.32375, 0.35, 0.213675, 0.19635, 0.213675, 0.23099999999999998, 0.259, 0.238, 0.259, 0.27999999999999997, 0.3885, 0.357, 0.3885, 0.42, 0.6475, 0.595, 0.6475, 0.7, 0.37, 0.34, 0.37, 0.4, 0.30525, 0.2805, 0.30525, 0.33, 0.4625, 0.425, 0.4625, 0.5, 0.6475, 0.595, 0.6475, 0.7, 0.74, 0.68, 0.74, 0.8, 0.45324999999999993, 0.4165, 0.45324999999999993, 0.48999999999999994, 0.32375, 0.2975, 0.32375, 0.35, 0.3885, 0.357, 0.3885, 0.42, 0.45324999999999993, 0.4165, 0.45324999999999993, 0.48999999999999994, 0.58275, 0.5355, 0.58275, 0.63, 0.6475, 0.595, 0.6475, 0.7, 0.7], [0.87875, 0.8075, 0.87875, 0.95, 0.790875, 0.72675, 0.790875, 0.855, 0.439375, 0.40375, 0.439375, 0.475, 0.2899875, 0.266475, 0.2899875, 0.3135, 0.3515, 0.323, 0.3515, 0.38, 0.52725, 0.4845, 0.52725, 0.57, 0.6475, 0.595, 0.6475, 0.7, 0.37, 0.34, 0.37, 0.4, 0.30525, 0.2805, 0.30525, 0.33, 0.4625, 0.425, 0.4625, 0.5, 0.6475, 0.595, 0.6475, 0.7, 0.74, 0.68, 0.74, 0.8, 0.6151249999999999, 0.5652499999999999, 0.6151249999999999, 0.6649999999999999, 0.439375, 0.40375, 0.439375, 0.475, 0.52725, 0.4845, 0.52725, 0.57, 0.6151249999999999, 0.5652499999999999, 0.6151249999999999, 0.6649999999999999, 0.790875, 0.72675, 0.790875, 0.855, 0.87875, 0.8075, 0.87875, 0.95, 0.95]], "clusters": [[-1, 2, 2, 2, 2, 2, 2, 2, 2, 2, 2, 2, 2, 2, 2, 2, 2, 2, 2, 2, 2, 2, 2, 2, 2, 2, 2], [1, -1, 1, 1, 1, 1, 1, 1, 1, 1, 1, 1, 1, 1, 1, 1, 1, 1, 1, 1, 1, 1, 1, 1, 1, 1, 1], [0, 0, -1, 0, 0, 0, 0, 0, 0, 0, 0, 0, 0, 0, 0, 0, 0, 0, 0, 0, 0, 0, 0, 0, 0, 0, 0], [1, 1, 1, -1, 1, 1, 1, 1, 1, 1, 1, 1, 1, 1, 1, 1, 1, 1, 1, 1, 1, 1, 1, 1, 1, 1, 1], [2, 2, 2, 2, -1, 2, 2, 2, 2, 2, 2, 2, 2, 2, 2, 2, 2, 2, 2, 2, 2, 2, 2, 2, 2, 2, 2], [0, 0, 0, 0, 0, -1, 0, 0, 0, 0, 0, 0, 0, 0, 0, 0, 0, 0, 0, 0, 0, 0, 0, 0, 0, 0, 0], [2, 2, 2, 2, 2, 2, -1, 2, 2, 2, 2, 2, 2, 2, 2, 2, 2, 2, 2, 2, 2, 2, 2, 2, 2, 2, 2], [1, 1, 1, 1, 1, 1, 1, -1, 1, 1, 1, 1, 1, 1, 1, 1, 1, 1, 1, 1, 1, 1, 1, 1, 1, 1, 1], [0, 0, 0, 0, 0, 0, 0, 0, -1, 0, 0, 0, 0, 0, 0, 0, 0, 0, 0, 0, 0, 0, 0, 0, 0, 0, 0], [0, 0, 0, 0, 0, 0, 0, 0, 0, -1, 0, 0, 0, 0, 0, 0, 0, 0, 0, 0, 0, 0, 0, 0, 0, 0, 0], [0, 0, 0, 0, 0, 0, 0, 0, 0, 0, -1, 0, 0, 0, 0, 0, 0, 0, 0, 0, 0, 0, 0, 0, 0, 0, 0], [1, 1, 1, 1, 1, 1, 1, 1, 1, 1, 1, -1, 1, 1, 1, 1, 1, 1, 1, 1, 1, 1, 1, 1, 1, 1, 1], [0, 0, 0, 0, 0, 0, 0, 0, 0, 0, 0, 0, -1, 0, 0, 0, 0, 0, 0, 0, 0, 0, 0, 0, 0, 0, 0], [0, 0, 0, 0, 0, 0, 0, 0, 0, 0, 0, 0, 0, -1, 0, 0, 0, 0, 0, 0, 0, 0, 0, 0, 0, 0, 0], [2, 2, 2, 2, 2, 2, 2, 2, 2, 2, 2, 2, 2, 2, -1, 2, 2, 2, 2, 2, 2, 2, 2, 2, 2, 2, 2], [0, 0, 0, 0, 0, 0, 0, 0, 0, 0, 0, 0, 0, 0, 0, -1, 0, 0, 0, 0, 0, 0, 0, 0, 0, 0, 0], [2, 2, 2, 2, 2, 2, 2, 2, 2, 2, 2, 2, 2, 2, 2, 2, -1, 2, 2, 2, 2, 2, 2, 2, 2, 2, 2], [0, 0, 0, 0, 0, 0, 0, 0, 0, 0, 0, 0, 0, 0, 0, 0, 0, -1, 0, 0, 0, 0, 0, 0, 0, 0, 0], [0, 0, 0, 0, 0, 0, 0, 0, 0, 0, 0, 0, 0, 0, 0, 0, 0, 0, -1, 0, 0, 0, 0, 0, 0, 0, 0], [0, 0, 0, 0, 0, 0, 0, 0, 0, 0, 0, 0, 0, 0, 0, 0, 0, 0, 0, -1, 0, 0, 0, 0, 0, 0, 0], [1, 1, 1, 1, 1, 1, 1, 1, 1, 1, 1, 1, 1, 1, 1, 1, 1, 1, 1, 1, -1, 1, 1, 1, 1, 1, 1], [0, 0, 0, 0, 0, 0, 0, 0, 0, 0, 0, 0, 0, 0, 0, 0, 0, 0, 0, 0, 0, -1, 0, 0, 0, 0, 0], [0, 0, 0, 0, 0, 0, 0, 0, 0, 0, 0, 0, 0, 0, 0, 0, 0, 0, 0, 0, 0, 0, -1, 0, 0, 0, 0], [0, 0, 0, 0, 0, 0, 0, 0, 0, 0, 0, 0, 0, 0, 0, 0, 0, 0, 0, 0, 0, 0, 0, -1, 0, 0, 0], [2, 2, 2, 2, 2, 2, 2, 2, 2, 2, 2, 2, 2, 2, 2, 2, 2, 2, 2, 2, 2, 2, 2, 2, -1, 2, 2], [1, 1, 1, 1, 1, 1, 1, 1, 1, 1, 1, 1, 1, 1, 1, 1, 1, 1, 1, 1, 1, 1, 1, 1, 1, -1, 1], [2, 2, 2, 2, 2, 2, 2, 2, 2, 2, 2, 2, 2, 2, 2, 2, 2, 2, 2, 2, 2, 2, 2, 2, 2, 2, -1]], "speed_zone_count": 73, "speed_zones": [[0.0, 15.0], [15.0, 30.0], [30.0, 45.0], [45.0, 60.0], [60.0, 75.0], [75.0, 90.0], [90.0, 105.0], [105.0, 120.0], [120.0, 135.0], [135.0, 150.0], [150.0, 165.0], [165.0, 180.0], [180.0, 195.0], [195.0, 210.0], [210.0, 225.0], [225.0, 240.0], [240.0, 255.0], [255.0, 270.0], [270.0, 285.0], [285.0, 300.0], [300.0, 315.0], [315.0, 330.0], [330.0, 345.0], [345.0, 360.0], [360.0, 375.0], [375.0, 390.0], [390.0, 405.0], [405.0, 420.0], [420.0, 435.0], [435.0, 450.0], [450.0, 465.0], [465.0, 480.0], [480.0, 495.0], [495.0, 510.0], [510.0, 525.0], [525.0, 540.0], [540.0, 555.0], [555.0, 570.0], [570.0, 585.0], [585.0, 600.0], [600.0, 615.0], [615.0, 630.0], [630.0, 645.0], [645.0, 660.0], [660.0, 675.0], [675.0, 690.0], [690.0, 705.0], [705.0, 720.0], [720.0, 735.0], [735.0, 750.0], [750.0, 765.0], [765.0, 780.0], [780.0, 795.0], [795.0, 810.0], [810.0, 825.0], [825.0, 840.0], [840.0, 855.0], [855.0, 870.0], [870.0, 885.0], [885.0, 900.0], [900.0, 915.0], [915.0, 930.0], [930.0, 945.0], [945.0, 960.0], [960.0, 975.0], [975.0, 990.0], [990.0, 1005.0], [1005.0, 1020.0], [1020.0, 1035.0], [1035.0, 1050.0], [1050.0, 1065.0], [1065.0, 1080.0], [1080.0, 5000.0]], "distances": [[0.0, 55.96, 72.34, 75.18, 80.16, 59.95, 107.97, 51.27, 78.2, 74.4, 76.88, 67.51, 69.15, 68.67, 68.2, 83.72, 29.0, 72.16, 67.82, 76.27, 94.86, 64.14, 56.73, 81.48, 101.34, 70.68, 0.0], [0.0, 0.0, 20.63, 21.38, 35.93, 7.21, 53.58, 5.55, 23.33, 20.17, 20.94, 15.25, 15.34, 19.87, 25.89, 27.82, 35.14, 16.25, 15.73, 23.09, 39.28, 11.56, 12.57, 25.53, 52.36, 22.46, 55.96], [0.0, 20.63, 0.0, 25.27, 17.22, 13.84, 35.74, 22.78, 8.99, 5.56, 14.3, 25.47, 22.99, 5.07, 39.64, 17.52, 55.19, 15.69, 4.97, 4.48, 24.72, 24.08, 21.17, 16.88, 31.76, 5.49, 72.34], [0.0, 21.38, 25.27, 0.0, 42.0, 22.55, 43.05, 26.93, 19.46, 20.27, 12.27, 7.77, 6.17, 28.72, 17.64, 16.01, 50.16, 9.64, 23.42, 23.63, 26.99, 11.05, 20.0, 13.79, 50.02, 30.39, 75.18], [0.0, 35.93, 17.22, 42.0, 0.0, 28.72, 35.23, 36.28, 23.16, 21.73, 30.13, 42.69, 40.18, 16.1, 56.86, 30.59, 68.0, 32.66, 21.02, 18.42, 31.8, 41.19, 36.88, 31.11, 21.66, 13.54, 80.16], [0.0, 7.21, 13.84, 22.55, 28.72, 0.0, 48.28, 9.09, 18.25, 14.53, 17.96, 18.49, 17.38, 12.67, 31.21, 24.4, 41.37, 14.68, 8.87, 16.9, 34.98, 15.44, 8.23, 22.46, 45.56, 15.26, 59.95], [0.0, 53.58, 35.74, 43.05, 35.23, 48.28, 0.0, 57.3, 30.27, 33.75, 33.98, 49.16, 46.24, 39.91, 60.48, 27.65, 88.58, 39.39, 40.15, 31.7, 16.06, 50.5, 53.4, 30.16, 20.2, 38.39, 107.97], [0.0, 5.55, 22.78, 26.93, 36.28, 9.09, 57.3, 0.0, 27.13, 23.55, 25.74, 20.67, 20.88, 20.78, 30.24, 32.51, 32.46, 21.39, 17.83, 25.98, 43.62, 16.92, 7.02, 30.34, 54.33, 23.33, 51.27], [0.0, 23.33, 8.99, 19.46, 23.16, 18.25, 30.27, 27.13, 0.0, 14.55, 7.2, 22.23, 19.31, 14.02, 36.0, 8.54, 58.41, 11.28, 11.3, 5.14, 16.9, 22.19, 23.22, 8.22, 31.59, 14.31, 78.2], [0.0, 20.17, 5.56, 20.27, 21.73, 14.53, 33.75, 23.55, 14.55, 0.0, 8.8, 21.57, 18.83, 10.31, 35.68, 12.26, 55.31, 11.01, 7.19, 10.04, 20.94, 20.84, 20.28, 11.4, 33.09, 11.05, 74.4], [0.0, 20.94, 14.3, 12.27, 30.13, 17.96, 33.98, 25.74, 7.2, 8.8, 0.0, 15.86, 12.87, 18.7, 29.16, 6.89, 55.03, 5.41, 14.26, 11.72, 18.67, 16.61, 20.34, 4.6, 38.16, 19.77, 76.88], [0.0, 15.25, 25.47, 7.77, 42.69, 18.49, 49.16, 20.67, 22.23, 21.57, 15.86, 0.0, 13.95, 27.71, 14.18, 21.52, 42.42, 10.95, 22.25, 25.2, 33.25, 18.82, 13.68, 19.04, 53.79, 29.85, 67.51], [0.0, 15.34, 22.99, 6.17, 40.18, 17.38, 46.24, 20.88, 19.31, 18.83, 12.87, 13.95, 0.0, 25.56, 16.85, 18.59, 44.69, 8.04, 20.09, 22.45, 30.38, 5.06, 13.9, 16.1, 50.84, 27.58, 69.15], [0.0, 19.87, 5.07, 28.72, 16.1, 12.67, 39.91, 20.78, 14.02, 10.31, 18.7, 27.71, 25.56, 0.0, 41.66, 22.5, 53.13, 19.08, 5.47, 9.5, 29.66, 25.7, 20.78, 21.71, 33.75, 10.57, 68.67], [0.0, 25.89, 39.64, 17.64, 56.86, 31.21, 60.48, 30.24, 36.0, 35.68, 29.16, 14.18, 16.85, 41.66, 0.0, 33.64, 40.16, 24.83, 36.25, 39.3, 44.45, 16.03, 24.25, 31.37, 67.31, 43.89, 68.2], [0.0, 27.82, 17.52, 16.01, 30.59, 24.4, 27.65, 32.51, 8.54, 12.26, 6.89, 21.52, 18.59, 22.5, 33.64, 0.0, 61.84, 12.11, 19.15, 13.58, 11.94, 22.91, 27.23, 11.5, 34.43, 22.85, 83.72], [0.0, 35.14, 55.19, 50.16, 68.0, 41.37, 88.58, 32.46, 58.41, 55.31, 55.03, 42.42, 44.69, 53.13, 40.16, 61.84, 0.0, 49.73, 50.23, 58.12, 73.7, 39.68, 35.19, 59.37, 86.78, 55.62, 29.0], [0.0, 16.25, 15.69, 9.64, 32.66, 14.68, 39.39, 21.39, 11.28, 11.01, 5.41, 10.95, 8.04, 19.08, 24.83, 12.11, 49.73, 0.0, 13.84, 14.56, 24.01, 11.26, 15.44, 9.64, 42.84, 20.75, 72.16], [0.0, 15.73, 4.97, 23.42, 21.02, 8.87, 40.15, 17.83, 11.3, 7.19, 14.26, 22.25, 20.09, 5.47, 36.25, 19.15, 50.23, 13.84, 0.0, 8.45, 28.06, 20.33, 16.36, 17.9, 36.71, 7.66, 67.82], [0.0, 23.09, 4.48, 23.63, 18.42, 16.9, 31.7, 25.98, 5.14, 10.04, 11.72, 25.2, 22.45, 9.5, 39.3, 13.58, 58.12, 14.56, 8.45, 0.0, 20.24, 24.46, 23.35, 13.35, 29.65, 9.36, 76.27], [0.0, 39.28, 24.72, 26.99, 31.8, 34.98, 16.06, 43.62, 16.9, 20.94, 18.67, 33.25, 30.38, 29.66, 44.45, 11.94, 73.7, 24.01, 28.06, 20.24, 0.0, 34.83, 38.84, 14.46, 27.58, 29.02, 94.86], [0.0, 11.56, 24.08, 11.05, 41.19, 15.44, 50.5, 16.92, 22.19, 20.84, 16.61, 18.82, 5.06, 25.7, 16.03, 22.91, 39.68, 11.26, 20.33, 24.46, 34.83, 0.0, 9.95, 20.39, 53.7, 28.0, 64.14], [0.0, 12.57, 21.17, 20.0, 36.88, 8.23, 53.4, 7.02, 23.22, 20.28, 20.34, 13.68, 13.9, 20.78, 24.25, 27.23, 35.19, 15.44, 16.36, 23.35, 38.84, 9.95, 0.0, 24.89, 52.81, 23.36, 56.73], [0.0, 25.53, 16.88, 13.79, 31.11, 22.46, 30.16, 30.34, 8.22, 11.4, 4.6, 19.04, 16.1, 21.71, 31.37, 11.5, 59.37, 9.64, 17.9, 13.35, 14.46, 20.39, 24.89, 0.0, 36.34, 22.34, 81.48], [0.0, 52.36, 31.76, 50.02, 21.66, 45.56, 20.2, 54.33, 31.59, 33.09, 38.16, 53.79, 50.84, 33.75, 67.31, 34.43, 86.78, 42.84, 36.71, 29.65, 27.58, 53.7, 52.81, 36.34, 0.0, 31.36, 101.34], [0.0, 22.46, 5.49, 30.39, 13.54, 15.26, 38.39, 23.33, 14.31, 11.05, 19.77, 29.85, 27.58, 10.57, 43.89, 22.85, 55.62, 20.75, 7.66, 9.36, 29.02, 28.0, 23.36, 22.34, 31.36, 0.0, 70.68], [0.0, 0.0, 0.0, 0.0, 0.0, 0.0, 0.0, 0.0, 0.0, 0.0, 0.0, 0.0, 0.0, 0.0, 0.0, 0.0, 0.0, 0.0, 0.0, 0.0, 0.0, 0.0, 0.0, 0.0, 0.0, 0.0, 0.0]], "time_windows": [[0.0, 5000.0], [0.0, 101.0], [0.0, 127.0], [0.0, 157.0], [0.0, 257.0], [0.0, 338.0], [0.0, 422.0], [0.0, 555.0], [0.0, 623.0], [0.0, 649.0], [0.0, 664.0], [0.0, 688.0], [0.0, 708.0], [0.0, 744.0], [0.0, 805.0], [0.0, 871.0], [0.0, 979.0], [0.0, 1043.0], [0.0, 1059.0], [0.0, 1068.0], [0.0, 1091.0], [0.0, 1127.0], [0.0, 1137.0], [0.0, 1162.0], [0.0, 1198.0], [0.0, 1230.0], [0.0, 5000.0]], "start_depot": 0, "end_depot": 26, "horizon": [0.0, 5000.0]}