{"digraph": {"vertex_count": 27, "arc_count": 650, "arcs": [[0, 1, 1, 1, 1, 1, 1, 1, 1, 1, 1, 1, 1, 1, 1, 1, 1, 1, 1, 1, 1, 1, 1, 1, 1, 1, 1], [0, 0, 1, 1, 1, 1, 1, 1, 1, 1, 1, 1, 1, 1, 1, 1, 1, 1, 1, 1, 1, 1, 1, 1, 1, 1, 1], [0, 1, 0, 1, 1, 1, 1, 1, 1, 1, 1, 1, 1, 1, 1, 1, 1, 1, 1, 1, 1, 1, 1, 1, 1, 1, 1], [0, 1, 1, 0, 1, 1, 1, 1, 1, 1, 1, 1, 1, 1, 1, 1, 1, 1, 1, 1, 1, 1, 1, 1, 1, 1, 1], [0, 1, 1, 1, 0, 1, 1, 1, 1, 1, 1, 1, 1, 1, 1, 1, 1, 1, 1, 1, 1, 1, 1, 1, 1, 1, 1], [0, 1, 1, 1, 1, 0, 1, 1, 1, 1, 1, 1, 1, 1, 1, 1, 1, 1, 1, 1, 1, 1, 1, 1, 1, 1, 1], [0, 1, 1, 1, 1, 1, 0, 1, 1, 1, 1, 1, 1, 1, 1, 1, 1, 1, 1, 1, 1, 1, 1, 1, 1, 1, 1], [0, 1, 1, 1, 1, 1, 1, 0, 1, 1, 1, 1, 1, 1, 1, 1, 1, 1, 1, 1, 1, 1, 1, 1, 1, 1, 1], [0, 1, 1, 1, 1, 1, 1, 1, 0, 1, 1, 1, 1, 1, 1, 1, 1, 1, 1, 1, 1, 1, 1, 1, 1, 1, 1], [0, 1, 1, 1, 1, 1, 1, 1, 1, 0, 1, 1, 1, 1, 1, 1, 1, 1, 1, 1, 1, 1, 1, 1, 1, 1, 1], [0, 1, 1, 1, 1, 1, 1, 1, 1, 1, 0, 1, 1, 1, 1, 1, 1, 1, 1, 1, 1, 1, 1, 1, 1, 1, 1], [0, 1, 1, 1, 1, 1, 1, 1, 1, 1, 1, 0, 1, 1, 1, 1, 1, 1, 1, 1, 1, 1, 1, 1, 1, 1, 1], [0, 1, 1, 1, 1, 1, 1, 1, 1, 1, 1, 1, 0, 1, 1, 1, 1, 1, 1, 1, 1, 1, 1, 1, 1, 1, 1], [0, 1, 1, 1, 1, 1, 1, 1, 1, 1, 1, 1, 1, 0, 1, 1, 1, 1, 1, 1, 1, 1, 1, 1, 1, 1, 1], [0, 1, 1, 1, 1, 1, 1, 1, 1, 1, 1, 1, 1, 1, 0, 1, 1, 1, 1, 1, 1, 1, 1, 1, 1, 1, 1], [0, 1, 1, 1, 1, 1, 1, 1, 1, 1, 1, 1, 1, 1, 1, 0, 1, 1, 1, 1, 1, 1, 1, 1, 1, 1, 1], [0, 1, 1, 1, 1, 1, 1, 1, 1, 1, 1, 1, 1, 1, 1, 1, 0, 1, 1, 1, 1, 1, 1, 1, 1, 1, 1], [0, 1, 1, 1, 1, 1, 1, 1, 1, 1, 1, 1, 1, 1, 1, 1, 1, 0, 1, 1, 1, 1, 1, 1, 1, 1, 1], [0, 1, 1, 1, 1, 1, 1, 1, 1, 1, 1, 1, 1, 1, 1, 1, 1, 1, 0, 1, 1, 1, 1, 1, 1, 1, 1], [0, 1, 1, 1, 1, 1, 1, 1, 1, 1, 1, 1, 1, 1, 1, 1, 1, 1, 1, 0, 1, 1, 1, 1, 1, 1, 1], [0, 1, 1, 1, 1, 1, 1, 1, 1, 1, 1, 1, 1, 1, 1, 1, 1, 1, 1, 1, 0, 1, 1, 1, 1, 1, 1], [0, 1, 1, 1, 1, 1, 1, 1, 1, 1, 1, 1, 1, 1, 1, 1, 1, 1, 1, 1, 1, 0, 1, 1, 1, 1, 1], [0, 1, 1, 1, 1, 1, 1, 1, 1, 1, 1, 1, 1, 1, 1, 1, 1, 1, 1, 1, 1, 1, 0, 1, 1, 1, 1], [0, 1, 1, 1, 1, 1, 1, 1, 1, 1, 1, 1, 1, 1, 1, 1, 1, 1, 1, 1, 1, 1, 1, 0, 1, 1, 1], [0, 1, 1, 1, 1, 1, 1, 1, 1, 1, 1, 1, 1, 1, 1, 1, 1, 1, 1, 1, 1, 1, 1, 1, 0, 1, 1], [0, 1, 1, 1, 1, 1, 1, 1, 1, 1, 1, 1, 1, 1, 1, 1, 1, 1, 1, 1, 1, 1, 1, 1, 1, 0, 1], [0, 0, 0, 0, 0, 0, 0, 0, 0, 0, 0, 0, 0, 0, 0, 0, 0, 0, 0, 0, 0, 0, 0, 0, 0, 0, 0]]}, "cluster_count": 3, "cluster_speeds": [[0.6475, 0.595, 0.6475, 0.7, 0.58275, 0.5355, 0.58275, 0.63, 0.32375, 0.2975, 0.32375, 0.35, 0.213675, 0.19635, 0.213675, 0.23099999999999998, 0.259, 0.238, 0.259, 0.27999999999999997, 0.3885, 0.357, 0.3885, 0.42, 0.6475, 0.595, 0.6475, 0.7, 0.37, 0.34, 0.37, 0.4, 0.30525, 0.2805, 0.30525, 0.33, 0.4625, 0.425, 0.4625, 0.5, 0.6475, 0.595, 0.6475, 0.7, 0.74, 0.68, 0.74, 0.8, 0.45324999999999993, 0.4165, 0.45324999999999993, 0.48999999999999994, 0.32375, 0.2975, 0.32375, 0.35, 0.3885, 0.357, 0.3885, 0.42, 0.45324999999999993, 0.4165, 0.45324999999999993, 0.48999999999999994, 0.58275, 0.5355, 0.58275, 0.63, 0.6475, 0.595, 0.6475, 0.7, 0.7], [0.7400000000000001, 0.68, 0.7400000000000001, 0.8, 0.666, 0.6120000000000001, 0.666, 0.7200000000000001, 0.37000000000000005, 0.34, 0.37000000000000005, 0.4, 0.24420000000000003, 0.22440000000000004, 0.24420000000000003, 0.264, 0.296, 0.272, 0.296, 0.32000000000000006, 0.44400000000000006, 0.40800000000000003, 0.44400000000000006, 0.48, 0.6475, 0.595, 0.6475, 0.7, 0.37, 0.34, 0.37, 0.4, 0.30525, 0.2805, 0.30525, 0.33, 0.4625, 0.425, 0.4625, 0.5, 0.6475, 0.595, 0.6475, 0.7, 0.74, 0.68, 0.74, 0.8, 0.518, 0.476, 0.518, 0.5599999999999999, 0.37000000000000005, 0.34, 0.37000000000000005, 0.4, 0.44400000000000006, 0.40800000000000003, 0.44400000000000006, 0.48, 0.518, 0.476, 0.518, 0.5599999999999999, 0.666, 0.6120000000000001, 0.666, 0.7200000000000001, 0.7400000000000001, 0.68, 0.7400000000000001, 0.8, 0.8], [0.925, 0.85, 0.925, 1.0, 0.8325, 0.765, 0.8325, 0.9, 0.4625, 0.425, 0.4625, 0.5, 0.30525, 0.2805, 0.30525, 0.33, 0.37, 0.34, 0.37, 0.4, 0.555, 0.51, 0.555, 0.6, 0.6475, 0.595, 0.6475, 0.7, 0.37, 0.34, 0.37, 0.4, 0.30525, 0.2805, 0.30525, 0.33, 0.4625, 0.425, 0.4625, 0.5, 0.6475, 0.595, 0.6475, 0.7, 0.74, 0.68, 0.74, 0.8, 0.6475, 0.595, 0.6475, 0.7, 0.4625, 0.425, 0.4625, 0.5, 0.555, 0.51, 0.555, 0.6, 0.6475, 0.595, 0.6475, 0.7, 0.8325, 0.765, 0.8325, 0.9, 0.925, 0.85, 0.925, 1.0, 1.0]], "clusters": [[-1, 2, 2, 2, 2, 2, 2, 2, 2, 2, 2, 2, 2, 2, 2, 2, 2, 2, 2, 2, 2, 2, 2, 2, 2, 2, 2], [0, -1, 0, 0, 0, 0, 0, 0, 0, 0, 0, 0, 0, 0, 0, 0, 0, 0, 0, 0, 0, 0, 0, 0, 0, 0, 0], [2, 2, -1, 2, 2, 2, 2, 2, 2, 2, 2, 2, 2, 2, 2, 2, 2, 2, 2, 2, 2, 2, 2, 2, 2, 2, 2], [0, 0, 0, -1, 0, 0, 0, 0, 0, 0, 0, 0, 0, 0, 0, 0, 0, 0, 0, 0, 0, 0, 0, 0, 0, 0, 0], [0, 0, 0, 0, -1, 0, 0, 0, 0, 0, 0, 0, 0, 0, 0, 0, 0, 0, 0, 0, 0, 0, 0, 0, 0, 0, 0], [1, 1, 1, 1, 1, -1, 1, 1, 1, 1, 1, 1, 1, 1, 1, 1, 1, 1, 1, 1, 1, 1, 1, 1, 1, 1, 1], [0, 0, 0, 0, 0, 0, -1, 0, 0, 0, 0, 0, 0, 0, 0, 0, 0, 0, 0, 0, 0, 0, 0, 0, 0, 0, 0], [2, 2, 2, 2, 2, 2, 2, -1, 2, 2, 2, 2, 2, 2, 2, 2, 2, 2, 2, 2, 2, 2, 2, 2, 2, 2, 2], [0, 0, 0, 0, 0, 0, 0, 0, -1, 0, 0, 0, 0, 0, 0, 0, 0, 0, 0, 0, 0, 0, 0, 0, 0, 0, 0], [1, 1, 1, 1, 1, 1, 1, 1, 1, -1, 1, 1, 1, 1, 1, 1, 1, 1, 1, 1, 1, 1, 1, 1, 1, 1, 1], [2, 2, 2, 2, 2, 2, 2, 2, 2, 2, -1, 2, 2, 2, 2, 2, 2, 2, 2, 2, 2, 2, 2, 2, 2, 2, 2], [1, 1, 1, 1, 1, 1, 1, 1, 1, 1, 1, -1, 1, 1, 1, 1, 1, 1, 1, 1, 1, 1, 1, 1, 1, 1, 1], [0, 0, 0, 0, 0, 0, 0, 0, 0, 0, 0, 0, -1, 0, 0, 0, 0, 0, 0, 0, 0, 0, 0, 0, 0, 0, 0], [0, 0, 0, 0, 0, 0, 0, 0, 0, 0, 0, 0, 0, -1, 0, 0, 0, 0, 0, 0, 0, 0, 0, 0, 0, 0, 0], [0, 0, 0, 0, 0, 0, 0, 0, 0, 0, 0, 0, 0, 0, -1, 0, 0, 0, 0, 0, 0, 0, 0, 0, 0, 0, 0], [0, 0, 0, 0, 0, 0, 0, 0, 0, 0, 0, 0, 0, 0, 0, -1, 0, 0, 0, 0, 0, 0, 0, 0, 0, 0, 0], [0, 0, 0, 0, 0, 0, 0, 0, 0, 0, 0, 0, 0, 0, 0, 0, -1, 0, 0, 0, 0, 0, 0, 0, 0, 0, 0], [2, 2, 2, 2, 2, 2, 2, 2, 2, 2, 2, 2, 2, 2, 2, 2, 2, -1, 2, 2, 2, 2, 2, 2, 2, 2, 2], [1, 1, 1, 1, 1, 1, 1, 1, 1, 1, 1, 1, 1, 1, 1, 1, 1, 1, -1, 1, 1, 1, 1, 1, 1, 1, 1], [0, 0, 0, 0, 0, 0, 0, 0, 0, 0, 0, 0, 0, 0, 0, 0, 0, 0, 0, -1, 0, 0, 0, 0, 0, 0, 0], [0, 0, 0, 0, 0, 0, 0, 0, 0, 0, 0, 0, 0, 0, 0, 0, 0, 0, 0, 0, -1, 0, 0, 0, 0, 0, 0], [1, 1, 1, 1, 1, 1, 1, 1, 1, 1, 1, 1, 1, 1, 1, 1, 1, 1, 1, 1, 1, -1, 1, 1, 1, 1, 1], [1, 1, 1, 1, 1, 1, 1, 1, 1, 1, 1, 1, 1, 1, 1, 1, 1, 1, 1, 1, 1, 1, -1, 1, 1, 1, 1], [0, 0, 0, 0, 0, 0, 0, 0, 0, 0, 0, 0, 0, 0, 0, 0, 0, 0, 0, 0, 0, 0, 0, -1, 0, 0, 0], [1, 1, 1, 1, 1, 1, 1, 1, 1, 1, 1, 1, 1, 1, 1, 1, 1, 1, 1, 1, 1, 1, 1, 1, -1, 1, 1], [1, 1, 1, 1, 1, 1, 1, 1, 1, 1, 1, 1, 1, 1, 1, 1, 1, 1, 1, 1, 1, 1, 1, 1, 1, -1, 1], [2, 2, 2, 2, 2, 2, 2, 2, 2, 2, 2, 2, 2, 2, 2, 2, 2, 2, 2, 2, 2, 2, 2, 2, 2, 2, -1]], "speed_zone_count": 73, "speed_zones": [[0.0, 15.0], [15.0, 30.0], [30.0, 45.0], [45.0, 60.0], [60.0, 75.0], [75.0, 90.0], [90.0, 105.0], [105.0, 120.0], [120.0, 135.0], [135.0, 150.0], [150.0, 165.0], [165.0, 180.0], [180.0, 195.0], [195.0, 210.0], [210.0, 225.0], [225.0, 240.0], [240.0, 255.0], [255.0, 270.0], [270.0, 285.0], [285.0, 300.0], [300.0, 315.0], [315.0, 330.0], [330.0, 345.0], [345.0, 360.0], [360.0, 375.0], [375.0, 390.0], [390.0, 405.0], [405.0, 420.0], [420.0, 435.0], [435.0, 450.0], [450.0, 465.0], [465.0, 480.0], [480.0, 495.0], [495.0, 510.0], [510.0, 525.0], [525.0, 540.0], [540.0, 555.0], [555.0, 570.0], [570.0, 585.0], [585.0, 600.0], [600.0, 615.0], [615.0, 630.0], [630.0, 645.0], [645.0, 660.0], [660.0, 675.0], [675.0, 690.0], [690.0, 705.0], [705.0, 720.0], [720.0, 735.0], [735.0, 750.0], [750.0, 765.0], [765.0, 780.0], [780.0, 795.0], [795.0, 810.0], [810.0, 825.0], [825.0, 840.0], [840.0, 855.0], [855.0, 870.0], [870.0, 885.0], [885.0, 900.0], [900.0, 915.0], [915.0, 930.0], [930.0, 945.0], [945.0, 960.0], [960.0, 975.0], [975.0, 990.0], [990.0, 1005.0], [1005.0, 1020.0], [1020.0, 1035.0], [1035.0, 1050.0], [1050.0, 1065.0], [1065.0, 1080.0], [1080.0, 5000.0]], "distances": [[0.0, 83.76, 98.26, 56.58, 74.48, 73.23, 61.17, 99.64, 73.03, 48.03, 104.67, 91.87, 74.18, 69.36, 68.19, 84.53, 82.68, 40.72, 62.61, 68.32, 73.08, 72.57, 53.63, 61.02, 89.41, 78.87, 0.0], [0.0, 0.0, 21.58, 27.19, 13.43, 26.42, 22.65, 16.19, 11.89, 37.56, 38.66, 8.25, 10.33, 17.25, 15.99, 11.52, 13.32, 43.84, 32.92, 16.69, 10.79, 28.28, 33.18, 23.54, 6.58, 17.05, 83.76], [0.0, 21.58, 0.0, 43.5, 34.88, 47.96, 38.94, 14.09, 32.47, 55.9, 18.61, 19.48, 30.8, 38.06, 31.87, 24.57, 25.04, 60.95, 54.2, 30.89, 30.16, 49.83, 52.54, 42.35, 22.03, 19.51, 98.26], [0.0, 27.19, 43.5, 0.0, 19.84, 26.4, 4.67, 43.1, 17.13, 13.14, 54.68, 35.34, 18.0, 15.28, 11.85, 28.22, 26.32, 17.46, 22.11, 12.62, 16.6, 27.14, 12.28, 7.09, 33.01, 25.7, 56.58], [0.0, 13.43, 34.88, 19.84, 0.0, 13.89, 16.55, 28.58, 4.49, 26.69, 51.15, 19.45, 5.51, 5.12, 13.67, 11.69, 10.4, 33.78, 19.51, 15.94, 7.74, 15.65, 21.52, 13.7, 16.43, 25.12, 74.48], [0.0, 26.42, 47.96, 26.4, 13.89, 0.0, 25.29, 39.48, 17.89, 26.32, 64.84, 30.35, 19.26, 13.79, 25.68, 23.52, 22.92, 33.77, 10.95, 28.13, 21.21, 20.98, 20.63, 19.38, 27.23, 38.88, 73.23], [0.0, 22.65, 38.94, 4.67, 16.55, 25.29, 0.0, 38.47, 13.24, 17.22, 50.65, 30.84, 13.88, 12.63, 7.19, 23.9, 21.99, 22.07, 23.01, 8.14, 12.24, 26.31, 15.2, 6.6, 28.61, 21.58, 61.17], [0.0, 16.19, 14.09, 43.1, 28.58, 39.48, 38.47, 0.0, 27.94, 53.74, 32.37, 9.23, 26.45, 33.04, 31.47, 16.89, 18.31, 59.99, 47.78, 31.57, 26.96, 41.32, 49.28, 39.72, 12.37, 25.47, 99.64], [0.0, 11.89, 32.47, 17.13, 4.49, 17.89, 13.24, 27.94, 0.0, 25.94, 47.9, 19.24, 10.0, 5.59, 9.32, 11.59, 9.83, 32.58, 21.84, 11.51, 12.23, 19.56, 21.34, 12.07, 16.52, 21.0, 73.03], [0.0, 37.56, 55.9, 13.14, 26.69, 26.32, 17.22, 53.74, 25.94, 0.0, 67.79, 45.18, 27.34, 21.59, 24.06, 37.5, 35.77, 7.52, 17.23, 25.35, 26.84, 26.13, 5.75, 14.03, 42.43, 38.75, 48.03], [0.0, 38.66, 18.61, 54.68, 51.15, 64.84, 50.65, 32.37, 47.9, 67.79, 0.0, 37.96, 46.29, 53.34, 44.44, 42.18, 42.26, 71.41, 69.6, 42.68, 45.01, 66.67, 65.58, 55.58, 40.31, 29.08, 104.67], [0.0, 8.25, 19.48, 35.34, 19.45, 30.35, 30.84, 9.23, 19.24, 45.18, 37.96, 0.0, 17.87, 24.07, 24.23, 7.8, 9.43, 51.72, 38.56, 24.87, 18.79, 32.21, 40.49, 31.25, 12.74, 22.67, 91.87], [0.0, 10.33, 30.8, 18.0, 5.51, 19.26, 13.88, 26.45, 10.0, 27.34, 46.29, 17.87, 0.0, 7.26, 9.11, 10.35, 8.51, 33.86, 23.5, 11.1, 13.25, 20.96, 22.86, 13.38, 15.25, 19.65, 74.18], [0.0, 17.25, 38.06, 15.28, 5.12, 13.79, 12.63, 33.04, 5.59, 21.59, 53.34, 24.07, 7.26, 0.0, 11.89, 16.27, 14.73, 28.66, 16.29, 14.35, 8.34, 15.22, 16.53, 8.73, 21.15, 25.81, 69.36], [0.0, 15.99, 31.87, 11.85, 13.67, 25.68, 7.19, 31.47, 9.32, 24.06, 44.44, 24.23, 9.11, 11.89, 0.0, 17.87, 15.96, 29.24, 26.41, 15.33, 6.82, 27.08, 21.19, 11.14, 22.28, 15.52, 68.19], [0.0, 11.52, 24.57, 28.22, 11.69, 23.52, 23.9, 16.89, 11.59, 37.5, 42.18, 7.8, 10.35, 16.27, 17.87, 0.0, 11.68, 44.16, 31.0, 19.02, 11.66, 25.4, 32.72, 23.66, 4.94, 21.04, 84.53], [0.0, 13.32, 25.04, 26.32, 10.4, 22.92, 21.99, 18.31, 9.83, 35.77, 42.26, 9.43, 8.51, 14.73, 15.96, 11.68, 0.0, 42.37, 29.87, 17.15, 9.74, 24.79, 31.08, 21.87, 6.74, 19.91, 82.68], [0.0, 43.84, 60.95, 17.46, 33.78, 33.77, 22.07, 59.99, 32.58, 7.52, 71.41, 51.72, 33.86, 28.66, 29.24, 44.16, 42.37, 0.0, 24.25, 30.06, 33.05, 33.51, 13.26, 20.51, 49.09, 42.8, 40.72], [0.0, 32.92, 54.2, 22.11, 19.51, 10.95, 23.01, 47.78, 21.84, 17.23, 69.6, 38.56, 23.5, 16.29, 26.41, 31.0, 29.87, 24.25, 0.0, 28.72, 24.59, 10.02, 12.19, 16.42, 35.43, 41.57, 62.61], [0.0, 16.69, 30.89, 12.62, 15.94, 28.13, 8.14, 31.57, 11.51, 25.35, 42.68, 24.87, 11.1, 14.35, 15.33, 19.02, 17.15, 30.06, 28.72, 0.0, 8.71, 29.55, 22.9, 13.09, 23.17, 13.63, 68.32], [0.0, 10.79, 30.16, 16.6, 7.74, 21.21, 12.24, 26.96, 12.23, 26.84, 45.01, 18.79, 13.25, 8.34, 6.82, 11.66, 9.74, 33.05, 24.59, 8.71, 0.0, 22.85, 22.72, 12.82, 16.41, 17.71, 73.08], [0.0, 28.28, 49.83, 27.14, 15.65, 20.98, 26.31, 41.32, 19.56, 26.13, 66.67, 32.21, 20.96, 15.22, 27.08, 25.4, 24.79, 33.51, 10.02, 29.55, 22.85, 0.0, 20.53, 20.21, 29.09, 40.55, 72.57], [0.0, 33.18, 52.54, 12.28, 21.52, 20.63, 15.2, 49.28, 21.34, 5.75, 65.58, 40.49, 22.86, 16.53, 21.19, 32.72, 31.08, 13.26, 12.19, 22.9, 22.72, 20.53, 0.0, 10.2, 37.63, 36.53, 53.63], [0.0, 23.54, 42.35, 7.09, 13.7, 19.38, 6.6, 39.72, 12.07, 14.03, 55.58, 31.25, 13.38, 8.73, 11.14, 23.66, 21.87, 20.51, 16.42, 13.09, 12.82, 20.21, 10.2, 0.0, 28.59, 26.64, 61.02], [0.0, 6.58, 22.03, 33.01, 16.43, 27.23, 28.61, 12.37, 16.52, 42.43, 40.31, 12.74, 15.25, 21.15, 22.28, 4.94, 6.74, 49.09, 35.43, 23.17, 16.41, 29.09, 37.63, 28.59, 0.0, 22.73, 89.41], [0.0, 17.05, 19.51, 25.7, 25.12, 38.88, 21.58, 25.47, 21.0, 38.75, 29.08, 22.67, 19.65, 25.81, 15.52, 21.04, 19.91, 42.8, 41.57, 13.63, 17.71, 40.55, 36.53, 26.64, 22.73, 0.0, 78.87], [0.0, 0.0, 0.0, 0.0, 0.0, 0.0, 0.0, 0.0, 0.0, 0.0, 0.0, 0.0, 0.0, 0.0, 0.0, 0.0, 0.0, 0.0, 0.0, 0.0, 0.0, 0.0, 0.0, 0.0, 0.0, 0.0, 0.0]], "time_windows": [[0.0, 5000.0], [0.0, 136.0], [0.0, 160.0], [0.0, 272.0], [0.0, 328.0], [0.0, 357.0], [0.0, 402.0], [0.0, 462.0], [0.0, 541.0], [0.0, 612.0], [0.0, 721.0], [0.0, 774.0], [0.0, 803.0], [0.0, 813.0], [0.0, 835.0], [0.0, 874.0], [0.0, 896.0], [0.0, 969.0], [0.0, 1004.0], [0.0, 1040.0], [0.0, 1050.0], [0.0, 1075.0], [0.0, 1098.0], [0.0, 1109.0], [0.0, 1138.0], [0.0, 1160.0], [0.0, 5000.0]], "start_depot": 0, "end_depot": 26, "horizon": [0.0, 5000.0]}