{"digraph": {"vertex_count": 27, "arc_count": 650, "arcs": [[0, 1, 1, 1, 1, 1, 1, 1, 1, 1, 1, 1, 1, 1, 1, 1, 1, 1, 1, 1, 1, 1, 1, 1, 1, 1, 1], [0, 0, 1, 1, 1, 1, 1, 1, 1, 1, 1, 1, 1, 1, 1, 1, 1, 1, 1, 1, 1, 1, 1, 1, 1, 1, 1], [0, 1, 0, 1, 1, 1, 1, 1, 1, 1, 1, 1, 1, 1, 1, 1, 1, 1, 1, 1, 1, 1, 1, 1, 1, 1, 1], [0, 1, 1, 0, 1, 1, 1, 1, 1, 1, 1, 1, 1, 1, 1, 1, 1, 1, 1, 1, 1, 1, 1, 1, 1, 1, 1], [0, 1, 1, 1, 0, 1, 1, 1, 1, 1, 1, 1, 1, 1, 1, 1, 1, 1, 1, 1, 1, 1, 1, 1, 1, 1, 1], [0, 1, 1, 1, 1, 0, 1, 1, 1, 1, 1, 1, 1, 1, 1, 1, 1, 1, 1, 1, 1, 1, 1, 1, 1, 1, 1], [0, 1, 1, 1, 1, 1, 0, 1, 1, 1, 1, 1, 1, 1, 1, 1, 1, 1, 1, 1, 1, 1, 1, 1, 1, 1, 1], [0, 1, 1, 1, 1, 1, 1, 0, 1, 1, 1, 1, 1, 1, 1, 1, 1, 1, 1, 1, 1, 1, 1, 1, 1, 1, 1], [0, 1, 1, 1, 1, 1, 1, 1, 0, 1, 1, 1, 1, 1, 1, 1, 1, 1, 1, 1, 1, 1, 1, 1, 1, 1, 1], [0, 1, 1, 1, 1, 1, 1, 1, 1, 0, 1, 1, 1, 1, 1, 1, 1, 1, 1, 1, 1, 1, 1, 1, 1, 1, 1], [0, 1, 1, 1, 1, 1, 1, 1, 1, 1, 0, 1, 1, 1, 1, 1, 1, 1, 1, 1, 1, 1, 1, 1, 1, 1, 1], [0, 1, 1, 1, 1, 1, 1, 1, 1, 1, 1, 0, 1, 1, 1, 1, 1, 1, 1, 1, 1, 1, 1, 1, 1, 1, 1], [0, 1, 1, 1, 1, 1, 1, 1, 1, 1, 1, 1, 0, 1, 1, 1, 1, 1, 1, 1, 1, 1, 1, 1, 1, 1, 1], [0, 1, 1, 1, 1, 1, 1, 1, 1, 1, 1, 1, 1, 0, 1, 1, 1, 1, 1, 1, 1, 1, 1, 1, 1, 1, 1], [0, 1, 1, 1, 1, 1, 1, 1, 1, 1, 1, 1, 1, 1, 0, 1, 1, 1, 1, 1, 1, 1, 1, 1, 1, 1, 1], [0, 1, 1, 1, 1, 1, 1, 1, 1, 1, 1, 1, 1, 1, 1, 0, 1, 1, 1, 1, 1, 1, 1, 1, 1, 1, 1], [0, 1, 1, 1, 1, 1, 1, 1, 1, 1, 1, 1, 1, 1, 1, 1, 0, 1, 1, 1, 1, 1, 1, 1, 1, 1, 1], [0, 1, 1, 1, 1, 1, 1, 1, 1, 1, 1, 1, 1, 1, 1, 1, 1, 0, 1, 1, 1, 1, 1, 1, 1, 1, 1], [0, 1, 1, 1, 1, 1, 1, 1, 1, 1, 1, 1, 1, 1, 1, 1, 1, 1, 0, 1, 1, 1, 1, 1, 1, 1, 1], [0, 1, 1, 1, 1, 1, 1, 1, 1, 1, 1, 1, 1, 1, 1, 1, 1, 1, 1, 0, 1, 1, 1, 1, 1, 1, 1], [0, 1, 1, 1, 1, 1, 1, 1, 1, 1, 1, 1, 1, 1, 1, 1, 1, 1, 1, 1, 0, 1, 1, 1, 1, 1, 1], [0, 1, 1, 1, 1, 1, 1, 1, 1, 1, 1, 1, 1, 1, 1, 1, 1, 1, 1, 1, 1, 0, 1, 1, 1, 1, 1], [0, 1, 1, 1, 1, 1, 1, 1, 1, 1, 1, 1, 1, 1, 1, 1, 1, 1, 1, 1, 1, 1, 0, 1, 1, 1, 1], [0, 1, 1, 1, 1, 1, 1, 1, 1, 1, 1, 1, 1, 1, 1, 1, 1, 1, 1, 1, 1, 1, 1, 0, 1, 1, 1], [0, 1, 1, 1, 1, 1, 1, 1, 1, 1, 1, 1, 1, 1, 1, 1, 1, 1, 1, 1, 1, 1, 1, 1, 0, 1, 1], [0, 1, 1, 1, 1, 1, 1, 1, 1, 1, 1, 1, 1, 1, 1, 1, 1, 1, 1, 1, 1, 1, 1, 1, 1, 0, 1], [0, 0, 0, 0, 0, 0, 0, 0, 0, 0, 0, 0, 0, 0, 0, 0, 0, 0, 0, 0, 0, 0, 0, 0, 0, 0, 0]]}, "cluster_count": 3, "cluster_speeds": [[0.6475, 0.595, 0.6475, 0.7, 0.58275, 0.5355, 0.58275, 0.63, 0.32375, 0.2975, 0.32375, 0.35, 0.213675, 0.19635, 0.213675, 0.23099999999999998, 0.259, 0.238, 0.259, 0.27999999999999997, 0.3885, 0.357, 0.3885, 0.42, 0.6475, 0.595, 0.6475, 0.7, 0.37, 0.34, 0.37, 0.4, 0.30525, 0.2805, 0.30525, 0.33, 0.4625, 0.425, 0.4625, 0.5, 0.6475, 0.595, 0.6475, 0.7, 0.74, 0.68, 0.74, 0.8, 0.45324999999999993, 0.4165, 0.45324999999999993, 0.48999999999999994, 0.32375, 0.2975, 0.32375, 0.35, 0.3885, 0.357, 0.3885, 0.42, 0.45324999999999993, 0.4165, 0.45324999999999993, 0.48999999999999994, 0.58275, 0.5355, 0.58275, 0.63, 0.6475, 0.595, 0.6475, 0.7, 0.7], [0.7400000000000001, 0.68, 0.7400000000000001, 0.8, 0.666, 0.6120000000000001, 0.666, 0.7200000000000001, 0.37000000000000005, 0.34, 0.37000000000000005, 0.4, 0.24420000000000003, 0.22440000000000004, 0.24420000000000003, 0.264, 0.296, 0.272, 0.296, 0.32000000000000006, 0.44400000000000006, 0.40800000000000003, 0.44400000000000006, 0.48, 0.6475, 0.595, 0.6475, 0.7, 0.37, 0.34, 0.37, 0.4, 0.30525, 0.2805, 0.30525, 0.33, 0.4625, 0.425, 0.4625, 0.5, 0.6475, 0.595, 0.6475, 0.7, 0.74, 0.68, 0.74, 0.8, 0.518, 0.476, 0.518, 0.5599999999999999, 0.37000000000000005, 0.34, 0.37000000000000005, 0.4, 0.44400000000000006, 0.40800000000000003, 0.44400000000000006, 0.48, 0.518, 0.476, 0.518, 0.5599999999999999, 0.666, 0.6120000000000001, 0.666, 0.7200000000000001, 0.7400000000000001, 0.68, 0.7400000000000001, 0.8, 0.8], [0.925, 0.85, 0.925, 1.0, 0.8325, 0.765, 0.8325, 0.9, 0.4625, 0.425, 0.4625, 0.5, 0.30525, 0.2805, 0.30525, 0.33, 0.37, 0.34, 0.37, 0.4, 0.555, 0.51, 0.555, 0.6, 0.6475, 0.595, 0.6475, 0.7, 0.37, 0.34, 0.37, 0.4, 0.30525, 0.2805, 0.30525, 0.33, 0.4625, 0.425, 0.4625, 0.5, 0.6475, 0.595, 0.6475, 0.7, 0.74, 0.68, 0.74, 0.8, 0.6475, 0.595, 0.6475, 0.7, 0.4625, 0.425, 0.4625, 0.5, 0.555, 0.51, 0.555, 0.6, 0.6475, 0.595, 0.6475, 0.7, 0.8325, 0.765, 0.8325, 0.9, 0.925, 0.85, 0.925, 1.0, 1.0]], "clusters": [[-1, 2, 2, 2, 2, 2, 2, 2, 2, 2, 2, 2, 2, 2, 2, 2, 2, 2, 2, 2, 2, 2, 2, 2, 2, 2, 2], [2, -1, 2, 2, 2, 2, 2, 2, 2, 2, 2, 2, 2, 2, 2, 2, 2, 2, 2, 2, 2, 2, 2, 2, 2, 2, 2], [1, 1, -1, 1, 1, 1, 1, 1, 1, 1, 1, 1, 1, 1, 1, 1, 1, 1, 1, 1, 1, 1, 1, 1, 1, 1, 1], [0, 0, 0, -1, 0, 0, 0, 0, 0, 0, 0, 0, 0, 0, 0, 0, 0, 0, 0, 0, 0, 0, 0, 0, 0, 0, 0], [0, 0, 0, 0, -1, 0, 0, 0, 0, 0, 0, 0, 0, 0, 0, 0, 0, 0, 0, 0, 0, 0, 0, 0, 0, 0, 0], [1, 1, 1, 1, 1, -1, 1, 1, 1, 1, 1, 1, 1, 1, 1, 1, 1, 1, 1, 1, 1, 1, 1, 1, 1, 1, 1], [0, 0, 0, 0, 0, 0, -1, 0, 0, 0, 0, 0, 0, 0, 0, 0, 0, 0, 0, 0, 0, 0, 0, 0, 0, 0, 0], [0, 0, 0, 0, 0, 0, 0, -1, 0, 0, 0, 0, 0, 0, 0, 0, 0, 0, 0, 0, 0, 0, 0, 0, 0, 0, 0], [0, 0, 0, 0, 0, 0, 0, 0, -1, 0, 0, 0, 0, 0, 0, 0, 0, 0, 0, 0, 0, 0, 0, 0, 0, 0, 0], [0, 0, 0, 0, 0, 0, 0, 0, 0, -1, 0, 0, 0, 0, 0, 0, 0, 0, 0, 0, 0, 0, 0, 0, 0, 0, 0], [0, 0, 0, 0, 0, 0, 0, 0, 0, 0, -1, 0, 0, 0, 0, 0, 0, 0, 0, 0, 0, 0, 0, 0, 0, 0, 0], [0, 0, 0, 0, 0, 0, 0, 0, 0, 0, 0, -1, 0, 0, 0, 0, 0, 0, 0, 0, 0, 0, 0, 0, 0, 0, 0], [0, 0, 0, 0, 0, 0, 0, 0, 0, 0, 0, 0, -1, 0, 0, 0, 0, 0, 0, 0, 0, 0, 0, 0, 0, 0, 0], [2, 2, 2, 2, 2, 2, 2, 2, 2, 2, 2, 2, 2, -1, 2, 2, 2, 2, 2, 2, 2, 2, 2, 2, 2, 2, 2], [0, 0, 0, 0, 0, 0, 0, 0, 0, 0, 0, 0, 0, 0, -1, 0, 0, 0, 0, 0, 0, 0, 0, 0, 0, 0, 0], [0, 0, 0, 0, 0, 0, 0, 0, 0, 0, 0, 0, 0, 0, 0, -1, 0, 0, 0, 0, 0, 0, 0, 0, 0, 0, 0], [0, 0, 0, 0, 0, 0, 0, 0, 0, 0, 0, 0, 0, 0, 0, 0, -1, 0, 0, 0, 0, 0, 0, 0, 0, 0, 0], [0, 0, 0, 0, 0, 0, 0, 0, 0, 0, 0, 0, 0, 0, 0, 0, 0, -1, 0, 0, 0, 0, 0, 0, 0, 0, 0], [0, 0, 0, 0, 0, 0, 0, 0, 0, 0, 0, 0, 0, 0, 0, 0, 0, 0, -1, 0, 0, 0, 0, 0, 0, 0, 0], [0, 0, 0, 0, 0, 0, 0, 0, 0, 0, 0, 0, 0, 0, 0, 0, 0, 0, 0, -1, 0, 0, 0, 0, 0, 0, 0], [1, 1, 1, 1, 1, 1, 1, 1, 1, 1, 1, 1, 1, 1, 1, 1, 1, 1, 1, 1, -1, 1, 1, 1, 1, 1, 1], [1, 1, 1, 1, 1, 1, 1, 1, 1, 1, 1, 1, 1, 1, 1, 1, 1, 1, 1, 1, 1, -1, 1, 1, 1, 1, 1], [1, 1, 1, 1, 1, 1, 1, 1, 1, 1, 1, 1, 1, 1, 1, 1, 1, 1, 1, 1, 1, 1, -1, 1, 1, 1, 1], [0, 0, 0, 0, 0, 0, 0, 0, 0, 0, 0, 0, 0, 0, 0, 0, 0, 0, 0, 0, 0, 0, 0, -1, 0, 0, 0], [1, 1, 1, 1, 1, 1, 1, 1, 1, 1, 1, 1, 1, 1, 1, 1, 1, 1, 1, 1, 1, 1, 1, 1, -1, 1, 1], [0, 0, 0, 0, 0, 0, 0, 0, 0, 0, 0, 0, 0, 0, 0, 0, 0, 0, 0, 0, 0, 0, 0, 0, 0, -1, 0], [2, 2, 2, 2, 2, 2, 2, 2, 2, 2, 2, 2, 2, 2, 2, 2, 2, 2, 2, 2, 2, 2, 2, 2, 2, 2, -1]], "speed_zone_count": 73, "speed_zones": [[0.0, 15.0], [15.0, 30.0], [30.0, 45.0], [45.0, 60.0], [60.0, 75.0], [75.0, 90.0], [90.0, 105.0], [105.0, 120.0], [120.0, 135.0], [135.0, 150.0], [150.0, 165.0], [165.0, 180.0], [180.0, 195.0], [195.0, 210.0], [210.0, 225.0], [225.0, 240.0], [240.0, 255.0], [255.0, 270.0], [270.0, 285.0], [285.0, 300.0], [300.0, 315.0], [315.0, 330.0], [330.0, 345.0], [345.0, 360.0], [360.0, 375.0], [375.0, 390.0], [390.0, 405.0], [405.0, 420.0], [420.0, 435.0], [435.0, 450.0], [450.0, 465.0], [465.0, 480.0], [480.0, 495.0], [495.0, 510.0], [510.0, 525.0], [525.0, 540.0], [540.0, 555.0], [555.0, 570.0], [570.0, 585.0], [585.0, 600.0], [600.0, 615.0], [615.0, 630.0], [630.0, 645.0], [645.0, 660.0], [660.0, 675.0], [675.0, 690.0], [690.0, 705.0], [705.0, 720.0], [720.0, 735.0], [735.0, 750.0], [750.0, 765.0], [765.0, 780.0], [780.0, 795.0], [795.0, 810.0], [810.0, 825.0], [825.0, 840.0], [840.0, 855.0], [855.0, 870.0], [870.0, 885.0], [885.0, 900.0], [900.0, 915.0], [915.0, 930.0], [930.0, 945.0], [945.0, 960.0], [960.0, 975.0], [975.0, 990.0], [990.0, 1005.0], [1005.0, 1020.0], [1020.0, 1035.0], [1035.0, 1050.0], [1050.0, 1065.0], [1065.0, 1080.0], [1080.0, 5000.0]], "distances": [[0.0, 102.13, 56.16, 77.48, 74.46, 90.98, 80.55, 68.49, 68.67, 72.87, 81.56, 65.24, 73.64, 88.14, 71.96, 69.86, 73.33, 73.32, 59.43, 71.19, 55.59, 79.68, 93.77, 78.7, 55.07, 80.39, 0.0], [0.0, 0.0, 51.51, 26.23, 27.74, 11.26, 21.85, 39.64, 33.52, 33.21, 23.26, 37.46, 35.07, 21.84, 39.44, 32.35, 33.85, 30.76, 45.08, 31.26, 47.04, 23.22, 8.39, 26.24, 47.96, 24.32, 102.13], [0.0, 51.51, 0.0, 25.3, 25.91, 40.54, 30.38, 12.82, 24.12, 18.54, 28.43, 16.51, 18.07, 46.53, 15.81, 24.95, 18.37, 20.8, 7.76, 22.02, 12.11, 34.23, 44.02, 25.39, 10.3, 27.3, 56.16], [0.0, 26.23, 25.3, 0.0, 6.63, 15.25, 5.87, 14.16, 12.77, 7.65, 4.31, 12.34, 10.9, 25.28, 15.64, 12.09, 8.93, 4.52, 18.95, 7.24, 21.91, 13.3, 18.78, 9.93, 22.46, 11.6, 77.48], [0.0, 27.74, 25.91, 6.63, 0.0, 16.53, 6.18, 17.31, 6.77, 11.79, 10.28, 10.02, 15.75, 21.22, 20.15, 5.85, 13.51, 7.55, 18.51, 11.59, 19.37, 8.64, 19.5, 9.31, 20.42, 9.56, 74.46], [0.0, 11.26, 40.54, 15.25, 16.53, 0.0, 10.59, 29.12, 22.56, 22.58, 12.91, 26.2, 24.96, 17.55, 29.58, 21.4, 23.46, 19.74, 33.92, 20.01, 35.79, 13.3, 19.65, 15.69, 36.7, 13.82, 90.98], [0.0, 21.85, 30.38, 5.87, 6.18, 10.59, 0.0, 19.91, 12.77, 13.47, 6.66, 15.61, 16.76, 19.6, 21.51, 11.72, 14.8, 9.83, 23.47, 9.43, 25.21, 8.34, 13.83, 7.72, 26.11, 6.65, 80.55], [0.0, 39.64, 12.82, 14.16, 17.31, 29.12, 19.91, 0.0, 18.95, 6.56, 16.39, 11.92, 5.26, 38.45, 4.73, 19.21, 5.81, 10.21, 9.97, 14.11, 16.26, 25.9, 32.73, 13.46, 15.55, 15.37, 68.49], [0.0, 33.52, 24.12, 12.77, 6.77, 22.56, 12.77, 18.95, 0.0, 15.27, 16.82, 7.84, 19.22, 22.75, 22.85, 11.78, 17.05, 11.61, 16.36, 6.04, 14.94, 11.41, 25.14, 15.31, 16.4, 15.96, 68.67], [0.0, 33.21, 18.54, 7.65, 11.79, 22.58, 13.47, 6.56, 15.27, 0.0, 9.96, 10.4, 11.82, 32.47, 8.39, 15.16, 10.22, 4.25, 13.43, 9.46, 18.23, 20.06, 26.18, 6.97, 18.18, 8.89, 72.87], [0.0, 23.26, 28.43, 4.31, 10.28, 12.91, 6.66, 16.39, 16.82, 9.96, 0.0, 16.57, 12.05, 25.87, 16.69, 16.04, 10.63, 8.25, 22.61, 11.53, 26.04, 15.0, 16.54, 13.66, 26.49, 13.32, 81.56], [0.0, 37.46, 16.51, 12.34, 10.02, 26.2, 15.61, 11.92, 7.84, 10.4, 16.57, 0.0, 13.72, 30.03, 16.34, 8.52, 11.9, 8.65, 8.81, 6.23, 9.67, 17.85, 29.36, 13.97, 10.5, 15.44, 65.24], [0.0, 35.07, 18.07, 10.9, 15.75, 24.96, 16.76, 5.26, 19.22, 11.82, 12.05, 13.72, 0.0, 36.11, 4.76, 19.17, 11.07, 8.22, 14.59, 13.49, 20.3, 23.84, 28.59, 9.42, 19.91, 11.18, 73.64], [0.0, 21.84, 46.53, 25.28, 21.22, 17.55, 19.6, 38.45, 22.75, 32.47, 25.87, 30.03, 36.11, 0.0, 40.79, 21.77, 34.01, 28.34, 38.83, 24.86, 37.55, 12.58, 16.31, 27.32, 39.11, 26.13, 88.14], [0.0, 39.44, 15.81, 15.64, 20.15, 29.58, 21.51, 4.73, 22.85, 8.39, 16.69, 16.34, 4.76, 40.79, 0.0, 22.96, 6.78, 12.62, 14.49, 17.48, 20.92, 28.44, 33.21, 14.15, 20.12, 15.87, 71.96], [0.0, 32.35, 24.95, 12.09, 5.85, 21.4, 11.72, 19.21, 11.78, 15.16, 16.04, 8.52, 19.17, 21.77, 22.96, 0.0, 16.95, 11.33, 17.19, 5.75, 16.04, 10.26, 23.96, 14.68, 17.46, 15.23, 69.86], [0.0, 33.85, 18.37, 8.93, 13.51, 23.46, 14.8, 5.81, 17.05, 10.22, 10.63, 11.9, 11.07, 34.01, 6.78, 16.95, 0.0, 5.97, 13.95, 11.26, 19.19, 21.67, 27.08, 7.78, 18.99, 9.65, 73.33], [0.0, 30.76, 20.8, 4.52, 7.55, 19.74, 9.83, 10.21, 11.61, 4.25, 8.25, 8.65, 8.22, 28.34, 12.62, 11.33, 5.97, 0.0, 14.47, 5.6, 17.86, 15.87, 23.24, 5.41, 18.25, 7.08, 73.32], [0.0, 45.08, 7.76, 18.95, 18.51, 33.92, 23.47, 9.97, 16.36, 13.43, 22.61, 8.81, 14.59, 38.83, 14.49, 17.19, 13.95, 14.47, 0.0, 14.6, 6.68, 26.63, 37.28, 19.61, 5.65, 21.44, 59.43], [0.0, 31.26, 22.02, 7.24, 11.59, 20.01, 9.43, 14.11, 6.04, 9.46, 11.53, 6.23, 13.49, 24.86, 17.48, 5.75, 11.26, 5.6, 14.6, 0.0, 15.79, 12.33, 23.14, 9.56, 16.72, 10.53, 71.19], [0.0, 47.04, 12.11, 21.91, 19.37, 35.79, 25.21, 16.26, 14.94, 18.23, 26.04, 9.67, 20.3, 37.55, 20.92, 16.04, 19.19, 17.86, 6.68, 15.79, 0.0, 26.26, 38.86, 23.26, 12.32, 24.88, 55.59], [0.0, 23.22, 34.23, 13.3, 8.64, 13.3, 8.34, 25.9, 11.41, 20.06, 15.0, 17.85, 23.84, 12.58, 28.44, 10.26, 21.67, 15.87, 26.63, 12.33, 26.26, 0.0, 14.94, 15.67, 27.62, 14.91, 79.68], [0.0, 8.39, 44.02, 18.78, 19.5, 19.65, 13.83, 32.73, 25.14, 26.18, 16.54, 29.36, 28.59, 16.31, 33.21, 23.96, 27.08, 23.24, 37.28, 23.14, 38.86, 14.94, 0.0, 19.31, 39.85, 17.44, 93.77], [0.0, 26.24, 25.39, 9.93, 9.31, 15.69, 7.72, 13.46, 15.31, 6.97, 13.66, 13.97, 9.42, 27.32, 14.15, 14.68, 7.78, 5.41, 19.61, 9.56, 23.26, 15.67, 19.31, 0.0, 23.63, 12.49, 78.7], [0.0, 47.96, 10.3, 22.46, 20.42, 36.7, 26.11, 15.55, 16.4, 18.18, 26.49, 10.5, 19.91, 39.11, 20.12, 17.46, 18.99, 18.25, 5.65, 16.72, 12.32, 27.62, 39.85, 23.63, 0.0, 25.32, 55.07], [0.0, 24.32, 27.3, 11.6, 9.56, 13.82, 6.65, 15.37, 15.96, 8.89, 13.32, 15.44, 11.18, 26.13, 15.87, 15.23, 9.65, 7.08, 21.44, 10.53, 24.88, 14.91, 17.44, 12.49, 25.32, 0.0, 80.39], [0.0, 0.0, 0.0, 0.0, 0.0, 0.0, 0.0, 0.0, 0.0, 0.0, 0.0, 0.0, 0.0, 0.0, 0.0, 0.0, 0.0, 0.0, 0.0, 0.0, 0.0, 0.0, 0.0, 0.0, 0.0, 0.0, 0.0]], "time_windows": [[0.0, 5000.0], [0.0, 157.0], [0.0, 286.0], [0.0, 350.0], [0.0, 362.0], [0.0, 392.0], [0.0, 409.0], [0.0, 441.0], [0.0, 476.0], [0.0, 517.0], [0.0, 550.0], [0.0, 596.0], [0.0, 626.0], [0.0, 686.0], [0.0, 744.0], [0.0, 775.0], [0.0, 803.0], [0.0, 811.0], [0.0, 838.0], [0.0, 870.0], [0.0, 900.0], [0.0, 946.0], [0.0, 970.0], [0.0, 999.0], [0.0, 1029.0], [0.0, 1058.0], [0.0, 5000.0]], "start_depot": 0, "end_depot": 26, "horizon": [0.0, 5000.0]}