{"digraph": {"vertex_count": 27, "arc_count": 650, "arcs": [[0, 1, 1, 1, 1, 1, 1, 1, 1, 1, 1, 1, 1, 1, 1, 1, 1, 1, 1, 1, 1, 1, 1, 1, 1, 1, 1], [0, 0, 1, 1, 1, 1, 1, 1, 1, 1, 1, 1, 1, 1, 1, 1, 1, 1, 1, 1, 1, 1, 1, 1, 1, 1, 1], [0, 1, 0, 1, 1, 1, 1, 1, 1, 1, 1, 1, 1, 1, 1, 1, 1, 1, 1, 1, 1, 1, 1, 1, 1, 1, 1], [0, 1, 1, 0, 1, 1, 1, 1, 1, 1, 1, 1, 1, 1, 1, 1, 1, 1, 1, 1, 1, 1, 1, 1, 1, 1, 1], [0, 1, 1, 1, 0, 1, 1, 1, 1, 1, 1, 1, 1, 1, 1, 1, 1, 1, 1, 1, 1, 1, 1, 1, 1, 1, 1], [0, 1, 1, 1, 1, 0, 1, 1, 1, 1, 1, 1, 1, 1, 1, 1, 1, 1, 1, 1, 1, 1, 1, 1, 1, 1, 1], [0, 1, 1, 1, 1, 1, 0, 1, 1, 1, 1, 1, 1, 1, 1, 1, 1, 1, 1, 1, 1, 1, 1, 1, 1, 1, 1], [0, 1, 1, 1, 1, 1, 1, 0, 1, 1, 1, 1, 1, 1, 1, 1, 1, 1, 1, 1, 1, 1, 1, 1, 1, 1, 1], [0, 1, 1, 1, 1, 1, 1, 1, 0, 1, 1, 1, 1, 1, 1, 1, 1, 1, 1, 1, 1, 1, 1, 1, 1, 1, 1], [0, 1, 1, 1, 1, 1, 1, 1, 1, 0, 1, 1, 1, 1, 1, 1, 1, 1, 1, 1, 1, 1, 1, 1, 1, 1, 1], [0, 1, 1, 1, 1, 1, 1, 1, 1, 1, 0, 1, 1, 1, 1, 1, 1, 1, 1, 1, 1, 1, 1, 1, 1, 1, 1], [0, 1, 1, 1, 1, 1, 1, 1, 1, 1, 1, 0, 1, 1, 1, 1, 1, 1, 1, 1, 1, 1, 1, 1, 1, 1, 1], [0, 1, 1, 1, 1, 1, 1, 1, 1, 1, 1, 1, 0, 1, 1, 1, 1, 1, 1, 1, 1, 1, 1, 1, 1, 1, 1], [0, 1, 1, 1, 1, 1, 1, 1, 1, 1, 1, 1, 1, 0, 1, 1, 1, 1, 1, 1, 1, 1, 1, 1, 1, 1, 1], [0, 1, 1, 1, 1, 1, 1, 1, 1, 1, 1, 1, 1, 1, 0, 1, 1, 1, 1, 1, 1, 1, 1, 1, 1, 1, 1], [0, 1, 1, 1, 1, 1, 1, 1, 1, 1, 1, 1, 1, 1, 1, 0, 1, 1, 1, 1, 1, 1, 1, 1, 1, 1, 1], [0, 1, 1, 1, 1, 1, 1, 1, 1, 1, 1, 1, 1, 1, 1, 1, 0, 1, 1, 1, 1, 1, 1, 1, 1, 1, 1], [0, 1, 1, 1, 1, 1, 1, 1, 1, 1, 1, 1, 1, 1, 1, 1, 1, 0, 1, 1, 1, 1, 1, 1, 1, 1, 1], [0, 1, 1, 1, 1, 1, 1, 1, 1, 1, 1, 1, 1, 1, 1, 1, 1, 1, 0, 1, 1, 1, 1, 1, 1, 1, 1], [0, 1, 1, 1, 1, 1, 1, 1, 1, 1, 1, 1, 1, 1, 1, 1, 1, 1, 1, 0, 1, 1, 1, 1, 1, 1, 1], [0, 1, 1, 1, 1, 1, 1, 1, 1, 1, 1, 1, 1, 1, 1, 1, 1, 1, 1, 1, 0, 1, 1, 1, 1, 1, 1], [0, 1, 1, 1, 1, 1, 1, 1, 1, 1, 1, 1, 1, 1, 1, 1, 1, 1, 1, 1, 1, 0, 1, 1, 1, 1, 1], [0, 1, 1, 1, 1, 1, 1, 1, 1, 1, 1, 1, 1, 1, 1, 1, 1, 1, 1, 1, 1, 1, 0, 1, 1, 1, 1], [0, 1, 1, 1, 1, 1, 1, 1, 1, 1, 1, 1, 1, 1, 1, 1, 1, 1, 1, 1, 1, 1, 1, 0, 1, 1, 1], [0, 1, 1, 1, 1, 1, 1, 1, 1, 1, 1, 1, 1, 1, 1, 1, 1, 1, 1, 1, 1, 1, 1, 1, 0, 1, 1], [0, 1, 1, 1, 1, 1, 1, 1, 1, 1, 1, 1, 1, 1, 1, 1, 1, 1, 1, 1, 1, 1, 1, 1, 1, 0, 1], [0, 0, 0, 0, 0, 0, 0, 0, 0, 0, 0, 0, 0, 0, 0, 0, 0, 0, 0, 0, 0, 0, 0, 0, 0, 0, 0]]}, "cluster_count": 3, "cluster_speeds": [[0.925, 0.85, 0.925, 1.0, 0.8325, 0.765, 0.8325, 0.9, 0.4625, 0.425, 0.4625, 0.5, 0.30525, 0.2805, 0.30525, 0.33, 0.37, 0.34, 0.37, 0.4, 0.555, 0.51, 0.555, 0.6, 0.6475, 0.595, 0.6475, 0.7, 0.37, 0.34, 0.37, 0.4, 0.30525, 0.2805, 0.30525, 0.33, 0.4625, 0.425, 0.4625, 0.5, 0.6475, 0.595, 0.6475, 0.7, 0.74, 0.68, 0.74, 0.8, 0.6475, 0.595, 0.6475, 0.7, 0.4625, 0.425, 0.4625, 0.5, 0.555, 0.51, 0.555, 0.6, 0.6475, 0.595, 0.6475, 0.7, 0.8325, 0.765, 0.8325, 0.9, 0.925, 0.85, 0.925, 1.0, 1.0], [0.6475, 0.595, 0.6475, 0.7, 0.58275, 0.5355, 0.58275, 0.63, 0.32375, 0.2975, 0.32375, 0.35, 0.213675, 0.19635, 0.213675, 0.23099999999999998, 0.259, 0.238, 0.259, 0.27999999999999997, 0.3885, 0.357, 0.3885, 0.42, 0.6475, 0.595, 0.6475, 0.7, 0.37, 0.34, 0.37, 0.4, 0.30525, 0.2805, 0.30525, 0.33, 0.4625, 0.425, 0.4625, 0.5, 0.6475, 0.595, 0.6475, 0.7, 0.74, 0.68, 0.74, 0.8, 0.45324999999999993, 0.4165, 0.45324999999999993, 0.48999999999999994, 0.32375, 0.2975, 0.32375, 0.35, 0.3885, 0.357, 0.3885, 0.42, 0.45324999999999993, 0.4165, 0.45324999999999993, 0.48999999999999994, 0.58275, 0.5355, 0.58275, 0.63, 0.6475, 0.595, 0.6475, 0.7, 0.7], [0.87875, 0.8075, 0.87875, 0.95, 0.790875, 0.72675, 0.790875, 0.855, 0.439375, 0.40375, 0.439375, 0.475, 0.2899875, 0.266475, 0.2899875, 0.3135, 0.3515, 0.323, 0.3515, 0.38, 0.52725, 0.4845, 0.52725, 0.57, 0.6475, 0.595, 0.6475, 0.7, 0.37, 0.34, 0.37, 0.4, 0.30525, 0.2805, 0.30525, 0.33, 0.4625, 0.425, 0.4625, 0.5, 0.6475, 0.595, 0.6475, 0.7, 0.74, 0.68, 0.74, 0.8, 0.6151249999999999, 0.5652499999999999, 0.6151249999999999, 0.6649999999999999, 0.439375, 0.40375, 0.439375, 0.475, 0.52725, 0.4845, 0.52725, 0.57, 0.6151249999999999, 0.5652499999999999, 0.6151249999999999, 0.6649999999999999, 0.790875, 0.72675, 0.790875, 0.855, 0.87875, 0.8075, 0.87875, 0.95, 0.95]], "clusters": [[-1, 2, 2, 2, 2, 2, 2, 2, 2, 2, 2, 2, 2, 2, 2, 2, 2, 2, 2, 2, 2, 2, 2, 2, 2, 2, 2], [0, -1, 0, 0, 0, 0, 0, 0, 0, 0, 0, 0, 0, 0, 0, 0, 0, 0, 0, 0, 0, 0, 0, 0, 0, 0, 0], [0, 0, -1, 0, 0, 0, 0, 0, 0, 0, 0, 0, 0, 0, 0, 0, 0, 0, 0, 0, 0, 0, 0, 0, 0, 0, 0], [0, 0, 0, -1, 0, 0, 0, 0, 0, 0, 0, 0, 0, 0, 0, 0, 0, 0, 0, 0, 0, 0, 0, 0, 0, 0, 0], [1, 1, 1, 1, -1, 1, 1, 1, 1, 1, 1, 1, 1, 1, 1, 1, 1, 1, 1, 1, 1, 1, 1, 1, 1, 1, 1], [0, 0, 0, 0, 0, -1, 0, 0, 0, 0, 0, 0, 0, 0, 0, 0, 0, 0, 0, 0, 0, 0, 0, 0, 0, 0, 0], [0, 0, 0, 0, 0, 0, -1, 0, 0, 0, 0, 0, 0, 0, 0, 0, 0, 0, 0, 0, 0, 0, 0, 0, 0, 0, 0], [0, 0, 0, 0, 0, 0, 0, -1, 0, 0, 0, 0, 0, 0, 0, 0, 0, 0, 0, 0, 0, 0, 0, 0, 0, 0, 0], [0, 0, 0, 0, 0, 0, 0, 0, -1, 0, 0, 0, 0, 0, 0, 0, 0, 0, 0, 0, 0, 0, 0, 0, 0, 0, 0], [0, 0, 0, 0, 0, 0, 0, 0, 0, -1, 0, 0, 0, 0, 0, 0, 0, 0, 0, 0, 0, 0, 0, 0, 0, 0, 0], [0, 0, 0, 0, 0, 0, 0, 0, 0, 0, -1, 0, 0, 0, 0, 0, 0, 0, 0, 0, 0, 0, 0, 0, 0, 0, 0], [0, 0, 0, 0, 0, 0, 0, 0, 0, 0, 0, -1, 0, 0, 0, 0, 0, 0, 0, 0, 0, 0, 0, 0, 0, 0, 0], [0, 0, 0, 0, 0, 0, 0, 0, 0, 0, 0, 0, -1, 0, 0, 0, 0, 0, 0, 0, 0, 0, 0, 0, 0, 0, 0], [0, 0, 0, 0, 0, 0, 0, 0, 0, 0, 0, 0, 0, -1, 0, 0, 0, 0, 0, 0, 0, 0, 0, 0, 0, 0, 0], [0, 0, 0, 0, 0, 0, 0, 0, 0, 0, 0, 0, 0, 0, -1, 0, 0, 0, 0, 0, 0, 0, 0, 0, 0, 0, 0], [0, 0, 0, 0, 0, 0, 0, 0, 0, 0, 0, 0, 0, 0, 0, -1, 0, 0, 0, 0, 0, 0, 0, 0, 0, 0, 0], [0, 0, 0, 0, 0, 0, 0, 0, 0, 0, 0, 0, 0, 0, 0, 0, -1, 0, 0, 0, 0, 0, 0, 0, 0, 0, 0], [0, 0, 0, 0, 0, 0, 0, 0, 0, 0, 0, 0, 0, 0, 0, 0, 0, -1, 0, 0, 0, 0, 0, 0, 0, 0, 0], [0, 0, 0, 0, 0, 0, 0, 0, 0, 0, 0, 0, 0, 0, 0, 0, 0, 0, -1, 0, 0, 0, 0, 0, 0, 0, 0], [0, 0, 0, 0, 0, 0, 0, 0, 0, 0, 0, 0, 0, 0, 0, 0, 0, 0, 0, -1, 0, 0, 0, 0, 0, 0, 0], [0, 0, 0, 0, 0, 0, 0, 0, 0, 0, 0, 0, 0, 0, 0, 0, 0, 0, 0, 0, -1, 0, 0, 0, 0, 0, 0], [0, 0, 0, 0, 0, 0, 0, 0, 0, 0, 0, 0, 0, 0, 0, 0, 0, 0, 0, 0, 0, -1, 0, 0, 0, 0, 0], [0, 0, 0, 0, 0, 0, 0, 0, 0, 0, 0, 0, 0, 0, 0, 0, 0, 0, 0, 0, 0, 0, -1, 0, 0, 0, 0], [0, 0, 0, 0, 0, 0, 0, 0, 0, 0, 0, 0, 0, 0, 0, 0, 0, 0, 0, 0, 0, 0, 0, -1, 0, 0, 0], [0, 0, 0, 0, 0, 0, 0, 0, 0, 0, 0, 0, 0, 0, 0, 0, 0, 0, 0, 0, 0, 0, 0, 0, -1, 0, 0], [0, 0, 0, 0, 0, 0, 0, 0, 0, 0, 0, 0, 0, 0, 0, 0, 0, 0, 0, 0, 0, 0, 0, 0, 0, -1, 0], [2, 2, 2, 2, 2, 2, 2, 2, 2, 2, 2, 2, 2, 2, 2, 2, 2, 2, 2, 2, 2, 2, 2, 2, 2, 2, -1]], "speed_zone_count": 73, "speed_zones": [[0.0, 15.0], [15.0, 30.0], [30.0, 45.0], [45.0, 60.0], [60.0, 75.0], [75.0, 90.0], [90.0, 105.0], [105.0, 120.0], [120.0, 135.0], [135.0, 150.0], [150.0, 165.0], [165.0, 180.0], [180.0, 195.0], [195.0, 210.0], [210.0, 225.0], [225.0, 240.0], [240.0, 255.0], [255.0, 270.0], [270.0, 285.0], [285.0, 300.0], [300.0, 315.0], [315.0, 330.0], [330.0, 345.0], [345.0, 360.0], [360.0, 375.0], [375.0, 390.0], [390.0, 405.0], [405.0, 420.0], [420.0, 435.0], [435.0, 450.0], [450.0, 465.0], [465.0, 480.0], [480.0, 495.0], [495.0, 510.0], [510.0, 525.0], [525.0, 540.0], [540.0, 555.0], [555.0, 570.0], [570.0, 585.0], [585.0, 600.0], [600.0, 615.0], [615.0, 630.0], [630.0, 645.0], [645.0, 660.0], [660.0, 675.0], [675.0, 690.0], [690.0, 705.0], [705.0, 720.0], [720.0, 735.0], [735.0, 750.0], [750.0, 765.0], [765.0, 780.0], [780.0, 795.0], [795.0, 810.0], [810.0, 825.0], [825.0, 840.0], [840.0, 855.0], [855.0, 870.0], [870.0, 885.0], [885.0, 900.0], [900.0, 915.0], [915.0, 930.0], [930.0, 945.0], [945.0, 960.0], [960.0, 975.0], [975.0, 990.0], [990.0, 1005.0], [1005.0, 1020.0], [1020.0, 1035.0], [1035.0, 1050.0], [1050.0, 1065.0], [1065.0, 1080.0], [1080.0, 5000.0]], "distances": [[0.0, 67.11, 63.67, 76.07, 85.14, 70.28, 71.77, 72.39, 71.31, 76.43, 57.18, 57.95, 78.6, 70.18, 70.08, 71.56, 69.99, 68.27, 69.78, 63.91, 61.85, 70.63, 75.62, 71.65, 70.59, 61.02, 0.0], [0.0, 0.0, 4.98, 10.19, 26.86, 14.0, 5.17, 11.46, 6.26, 13.17, 9.94, 9.74, 15.03, 7.37, 7.39, 4.9, 11.86, 9.37, 7.97, 13.05, 7.2, 13.03, 16.76, 6.82, 15.8, 8.22, 67.11], [0.0, 4.98, 0.0, 12.44, 26.41, 11.67, 8.24, 10.69, 11.22, 13.8, 7.45, 5.71, 15.93, 7.11, 7.05, 9.74, 9.85, 5.88, 7.12, 11.0, 8.42, 11.02, 15.76, 8.08, 13.29, 13.2, 63.67], [0.0, 10.19, 12.44, 0.0, 18.18, 11.17, 5.04, 6.85, 11.03, 4.73, 19.51, 18.14, 5.66, 6.27, 6.39, 8.51, 9.49, 9.24, 6.99, 12.31, 17.32, 9.98, 10.23, 4.44, 12.68, 15.1, 76.07], [0.0, 26.86, 26.41, 18.18, 0.0, 15.69, 22.48, 15.76, 29.18, 13.88, 33.68, 30.95, 12.52, 19.72, 19.74, 26.59, 16.86, 26.26, 19.43, 26.87, 33.86, 15.83, 10.71, 20.08, 14.87, 27.31, 85.14], [0.0, 14.0, 11.67, 11.17, 15.69, 0.0, 11.89, 4.32, 18.8, 7.96, 18.42, 15.44, 9.63, 7.11, 7.03, 16.23, 11.53, 13.94, 6.26, 12.38, 19.95, 10.57, 5.36, 9.0, 10.2, 11.84, 70.28], [0.0, 5.17, 8.24, 5.04, 22.48, 11.89, 0.0, 8.2, 7.14, 8.6, 14.8, 13.88, 10.21, 4.88, 4.98, 4.47, 9.76, 4.2, 5.81, 7.87, 12.28, 10.72, 13.12, 9.48, 13.68, 11.32, 71.77], [0.0, 11.46, 10.69, 6.85, 15.76, 4.32, 8.2, 0.0, 15.32, 4.21, 18.07, 15.64, 6.28, 10.9, 10.97, 12.66, 11.23, 11.09, 10.58, 11.11, 18.2, 10.53, 5.31, 5.28, 5.88, 12.05, 72.39], [0.0, 6.26, 11.22, 11.03, 29.18, 18.8, 7.14, 15.32, 0.0, 15.41, 14.67, 15.43, 16.68, 11.7, 11.77, 11.15, 16.63, 5.55, 12.55, 10.36, 9.48, 17.68, 20.24, 10.04, 20.62, 14.42, 71.31], [0.0, 13.17, 13.8, 4.73, 13.88, 7.96, 8.6, 4.21, 15.41, 0.0, 21.24, 19.18, 10.4, 6.69, 6.75, 12.77, 7.02, 12.47, 6.82, 14.0, 20.32, 6.96, 5.6, 6.36, 9.06, 15.7, 76.43], [0.0, 9.94, 7.45, 19.51, 33.68, 18.42, 14.8, 18.07, 14.67, 21.24, 0.0, 13.17, 23.37, 14.56, 14.5, 14.46, 16.88, 11.1, 14.56, 7.29, 6.28, 17.99, 22.98, 15.33, 19.81, 6.65, 57.18], [0.0, 9.74, 5.71, 18.14, 30.95, 15.44, 13.88, 15.64, 15.43, 19.18, 13.17, 0.0, 21.35, 12.55, 12.47, 14.61, 14.09, 10.85, 12.36, 6.01, 8.66, 15.14, 20.26, 13.76, 16.71, 17.96, 57.95], [0.0, 15.03, 15.93, 5.66, 12.52, 9.63, 10.21, 6.28, 16.68, 10.4, 23.37, 21.35, 0.0, 8.83, 8.9, 14.12, 8.97, 14.26, 9.0, 16.1, 22.22, 8.75, 6.11, 8.29, 10.47, 17.88, 78.6], [0.0, 7.37, 7.11, 6.27, 19.72, 7.11, 4.88, 10.9, 11.7, 6.69, 14.56, 12.55, 8.83, 0.0, 9.8, 9.13, 4.94, 7.06, 10.7, 7.35, 14.15, 5.98, 9.4, 10.71, 8.92, 9.2, 70.18], [0.0, 7.39, 7.05, 6.39, 19.74, 7.03, 4.98, 10.97, 11.77, 6.75, 14.5, 12.47, 8.9, 9.8, 0.0, 9.21, 4.86, 7.1, 10.8, 7.3, 14.14, 5.92, 9.4, 10.83, 8.85, 9.1, 70.08], [0.0, 4.9, 9.74, 8.51, 26.59, 16.23, 4.47, 12.66, 11.15, 12.77, 14.46, 14.61, 14.12, 9.13, 9.21, 0.0, 14.06, 8.67, 10.01, 8.99, 10.19, 15.08, 17.56, 7.39, 18.03, 13.03, 71.56], [0.0, 11.86, 9.85, 9.49, 16.86, 11.53, 9.76, 11.23, 16.63, 7.02, 16.88, 14.09, 8.97, 4.94, 4.86, 14.06, 0.0, 11.77, 13.84, 10.48, 17.98, 10.78, 6.18, 6.9, 11.45, 10.45, 69.99], [0.0, 9.37, 5.88, 9.24, 26.26, 13.94, 4.2, 11.09, 5.55, 12.47, 11.1, 10.85, 14.26, 7.06, 7.1, 8.67, 11.77, 0.0, 7.76, 5.12, 8.08, 12.91, 16.35, 6.18, 15.75, 9.16, 68.27], [0.0, 7.97, 7.12, 6.99, 19.43, 6.26, 5.81, 10.58, 12.55, 6.82, 14.56, 12.36, 9.0, 10.7, 10.8, 10.01, 13.84, 7.76, 0.0, 7.47, 14.55, 5.17, 8.95, 11.42, 8.08, 8.89, 69.78], [0.0, 13.05, 11.0, 12.31, 26.87, 12.38, 7.87, 11.11, 10.36, 14.0, 7.29, 6.01, 16.1, 7.35, 7.3, 8.99, 10.48, 5.12, 7.47, 0.0, 7.61, 11.67, 16.27, 8.05, 14.03, 13.94, 63.91], [0.0, 7.2, 8.42, 17.32, 33.86, 19.95, 12.28, 18.2, 9.48, 20.32, 6.28, 8.66, 22.22, 14.15, 14.14, 10.19, 17.98, 8.08, 14.55, 7.61, 0.0, 19.18, 23.49, 13.97, 21.63, 10.0, 61.85], [0.0, 13.03, 11.02, 9.98, 15.83, 10.57, 10.72, 10.53, 17.68, 6.96, 17.99, 15.14, 8.75, 5.98, 5.92, 15.08, 10.78, 12.91, 5.17, 11.67, 19.18, 0.0, 5.21, 7.82, 10.49, 11.5, 70.63], [0.0, 16.76, 15.76, 10.23, 10.71, 5.36, 13.12, 5.31, 20.24, 5.6, 22.98, 20.26, 6.11, 9.4, 9.4, 17.56, 6.18, 16.35, 8.95, 16.27, 23.49, 5.21, 0.0, 10.33, 5.27, 16.62, 75.62], [0.0, 6.82, 8.08, 4.44, 20.08, 9.0, 9.48, 5.28, 10.04, 6.36, 15.33, 13.76, 8.29, 10.71, 10.83, 7.39, 6.9, 6.18, 11.42, 8.05, 13.97, 7.82, 10.33, 0.0, 10.77, 10.66, 71.65], [0.0, 15.8, 13.29, 12.68, 14.87, 10.2, 13.68, 5.88, 20.62, 9.06, 19.81, 16.71, 10.47, 8.92, 8.85, 18.03, 11.45, 15.75, 8.08, 14.03, 21.63, 10.49, 5.27, 10.77, 0.0, 13.18, 70.59], [0.0, 8.22, 13.2, 15.1, 27.31, 11.84, 11.32, 12.05, 14.42, 15.7, 6.65, 17.96, 17.88, 9.2, 9.1, 13.03, 10.45, 9.16, 8.89, 13.94, 10.0, 11.5, 16.62, 10.66, 13.18, 0.0, 61.02], [0.0, 0.0, 0.0, 0.0, 0.0, 0.0, 0.0, 0.0, 0.0, 0.0, 0.0, 0.0, 0.0, 0.0, 0.0, 0.0, 0.0, 0.0, 0.0, 0.0, 0.0, 0.0, 0.0, 0.0, 0.0, 0.0, 0.0]], "time_windows": [[0.0, 5000.0], [0.0, 114.0], [0.0, 121.0], [0.0, 137.0], [0.0, 157.0], [0.0, 190.0], [0.0, 215.0], [0.0, 238.0], [0.0, 287.0], [0.0, 329.0], [0.0, 372.0], [0.0, 395.0], [0.0, 429.0], [0.0, 443.0], [0.0, 457.0], [0.0, 480.0], [0.0, 518.0], [0.0, 556.0], [0.0, 581.0], [0.0, 597.0], [0.0, 614.0], [0.0, 651.0], [0.0, 659.0], [0.0, 676.0], [0.0, 692.0], [0.0, 710.0], [0.0, 5000.0]], "start_depot": 0, "end_depot": 26, "horizon": [0.0, 5000.0]}