{"digraph": {"vertex_count": 27, "arc_count": 650, "arcs": [[0, 1, 1, 1, 1, 1, 1, 1, 1, 1, 1, 1, 1, 1, 1, 1, 1, 1, 1, 1, 1, 1, 1, 1, 1, 1, 1], [0, 0, 1, 1, 1, 1, 1, 1, 1, 1, 1, 1, 1, 1, 1, 1, 1, 1, 1, 1, 1, 1, 1, 1, 1, 1, 1], [0, 1, 0, 1, 1, 1, 1, 1, 1, 1, 1, 1, 1, 1, 1, 1, 1, 1, 1, 1, 1, 1, 1, 1, 1, 1, 1], [0, 1, 1, 0, 1, 1, 1, 1, 1, 1, 1, 1, 1, 1, 1, 1, 1, 1, 1, 1, 1, 1, 1, 1, 1, 1, 1], [0, 1, 1, 1, 0, 1, 1, 1, 1, 1, 1, 1, 1, 1, 1, 1, 1, 1, 1, 1, 1, 1, 1, 1, 1, 1, 1], [0, 1, 1, 1, 1, 0, 1, 1, 1, 1, 1, 1, 1, 1, 1, 1, 1, 1, 1, 1, 1, 1, 1, 1, 1, 1, 1], [0, 1, 1, 1, 1, 1, 0, 1, 1, 1, 1, 1, 1, 1, 1, 1, 1, 1, 1, 1, 1, 1, 1, 1, 1, 1, 1], [0, 1, 1, 1, 1, 1, 1, 0, 1, 1, 1, 1, 1, 1, 1, 1, 1, 1, 1, 1, 1, 1, 1, 1, 1, 1, 1], [0, 1, 1, 1, 1, 1, 1, 1, 0, 1, 1, 1, 1, 1, 1, 1, 1, 1, 1, 1, 1, 1, 1, 1, 1, 1, 1], [0, 1, 1, 1, 1, 1, 1, 1, 1, 0, 1, 1, 1, 1, 1, 1, 1, 1, 1, 1, 1, 1, 1, 1, 1, 1, 1], [0, 1, 1, 1, 1, 1, 1, 1, 1, 1, 0, 1, 1, 1, 1, 1, 1, 1, 1, 1, 1, 1, 1, 1, 1, 1, 1], [0, 1, 1, 1, 1, 1, 1, 1, 1, 1, 1, 0, 1, 1, 1, 1, 1, 1, 1, 1, 1, 1, 1, 1, 1, 1, 1], [0, 1, 1, 1, 1, 1, 1, 1, 1, 1, 1, 1, 0, 1, 1, 1, 1, 1, 1, 1, 1, 1, 1, 1, 1, 1, 1], [0, 1, 1, 1, 1, 1, 1, 1, 1, 1, 1, 1, 1, 0, 1, 1, 1, 1, 1, 1, 1, 1, 1, 1, 1, 1, 1], [0, 1, 1, 1, 1, 1, 1, 1, 1, 1, 1, 1, 1, 1, 0, 1, 1, 1, 1, 1, 1, 1, 1, 1, 1, 1, 1], [0, 1, 1, 1, 1, 1, 1, 1, 1, 1, 1, 1, 1, 1, 1, 0, 1, 1, 1, 1, 1, 1, 1, 1, 1, 1, 1], [0, 1, 1, 1, 1, 1, 1, 1, 1, 1, 1, 1, 1, 1, 1, 1, 0, 1, 1, 1, 1, 1, 1, 1, 1, 1, 1], [0, 1, 1, 1, 1, 1, 1, 1, 1, 1, 1, 1, 1, 1, 1, 1, 1, 0, 1, 1, 1, 1, 1, 1, 1, 1, 1], [0, 1, 1, 1, 1, 1, 1, 1, 1, 1, 1, 1, 1, 1, 1, 1, 1, 1, 0, 1, 1, 1, 1, 1, 1, 1, 1], [0, 1, 1, 1, 1, 1, 1, 1, 1, 1, 1, 1, 1, 1, 1, 1, 1, 1, 1, 0, 1, 1, 1, 1, 1, 1, 1], [0, 1, 1, 1, 1, 1, 1, 1, 1, 1, 1, 1, 1, 1, 1, 1, 1, 1, 1, 1, 0, 1, 1, 1, 1, 1, 1], [0, 1, 1, 1, 1, 1, 1, 1, 1, 1, 1, 1, 1, 1, 1, 1, 1, 1, 1, 1, 1, 0, 1, 1, 1, 1, 1], [0, 1, 1, 1, 1, 1, 1, 1, 1, 1, 1, 1, 1, 1, 1, 1, 1, 1, 1, 1, 1, 1, 0, 1, 1, 1, 1], [0, 1, 1, 1, 1, 1, 1, 1, 1, 1, 1, 1, 1, 1, 1, 1, 1, 1, 1, 1, 1, 1, 1, 0, 1, 1, 1], [0, 1, 1, 1, 1, 1, 1, 1, 1, 1, 1, 1, 1, 1, 1, 1, 1, 1, 1, 1, 1, 1, 1, 1, 0, 1, 1], [0, 1, 1, 1, 1, 1, 1, 1, 1, 1, 1, 1, 1, 1, 1, 1, 1, 1, 1, 1, 1, 1, 1, 1, 1, 0, 1], [0, 0, 0, 0, 0, 0, 0, 0, 0, 0, 0, 0, 0, 0, 0, 0, 0, 0, 0, 0, 0, 0, 0, 0, 0, 0, 0]]}, "cluster_count": 3, "cluster_speeds": [[0.6475, 0.595, 0.6475, 0.7, 0.58275, 0.5355, 0.58275, 0.63, 0.32375, 0.2975, 0.32375, 0.35, 0.213675, 0.19635, 0.213675, 0.23099999999999998, 0.259, 0.238, 0.259, 0.27999999999999997, 0.3885, 0.357, 0.3885, 0.42, 0.6475, 0.595, 0.6475, 0.7, 0.37, 0.34, 0.37, 0.4, 0.30525, 0.2805, 0.30525, 0.33, 0.4625, 0.425, 0.4625, 0.5, 0.6475, 0.595, 0.6475, 0.7, 0.74, 0.68, 0.74, 0.8, 0.45324999999999993, 0.4165, 0.45324999999999993, 0.48999999999999994, 0.32375, 0.2975, 0.32375, 0.35, 0.3885, 0.357, 0.3885, 0.42, 0.45324999999999993, 0.4165, 0.45324999999999993, 0.48999999999999994, 0.58275, 0.5355, 0.58275, 0.63, 0.6475, 0.595, 0.6475, 0.7, 0.7], [0.7400000000000001, 0.68, 0.7400000000000001, 0.8, 0.666, 0.6120000000000001, 0.666, 0.7200000000000001, 0.37000000000000005, 0.34, 0.37000000000000005, 0.4, 0.24420000000000003, 0.22440000000000004, 0.24420000000000003, 0.264, 0.296, 0.272, 0.296, 0.32000000000000006, 0.44400000000000006, 0.40800000000000003, 0.44400000000000006, 0.48, 0.6475, 0.595, 0.6475, 0.7, 0.37, 0.34, 0.37, 0.4, 0.30525, 0.2805, 0.30525, 0.33, 0.4625, 0.425, 0.4625, 0.5, 0.6475, 0.595, 0.6475, 0.7, 0.74, 0.68, 0.74, 0.8, 0.518, 0.476, 0.518, 0.5599999999999999, 0.37000000000000005, 0.34, 0.37000000000000005, 0.4, 0.44400000000000006, 0.40800000000000003, 0.44400000000000006, 0.48, 0.518, 0.476, 0.518, 0.5599999999999999, 0.666, 0.6120000000000001, 0.666, 0.7200000000000001, 0.7400000000000001, 0.68, 0.7400000000000001, 0.8, 0.8], [0.925, 0.85, 0.925, 1.0, 0.8325, 0.765, 0.8325, 0.9, 0.4625, 0.425, 0.4625, 0.5, 0.30525, 0.2805, 0.30525, 0.33, 0.37, 0.34, 0.37, 0.4, 0.555, 0.51, 0.555, 0.6, 0.6475, 0.595, 0.6475, 0.7, 0.37, 0.34, 0.37, 0.4, 0.30525, 0.2805, 0.30525, 0.33, 0.4625, 0.425, 0.4625, 0.5, 0.6475, 0.595, 0.6475, 0.7, 0.74, 0.68, 0.74, 0.8, 0.6475, 0.595, 0.6475, 0.7, 0.4625, 0.425, 0.4625, 0.5, 0.555, 0.51, 0.555, 0.6, 0.6475, 0.595, 0.6475, 0.7, 0.8325, 0.765, 0.8325, 0.9, 0.925, 0.85, 0.925, 1.0, 1.0]], "clusters": [[-1, 2, 2, 2, 2, 2, 2, 2, 2, 2, 2, 2, 2, 2, 2, 2, 2, 2, 2, 2, 2, 2, 2, 2, 2, 2, 2], [0, -1, 0, 0, 0, 0, 0, 0, 0, 0, 0, 0, 0, 0, 0, 0, 0, 0, 0, 0, 0, 0, 0, 0, 0, 0, 0], [0, 0, -1, 0, 0, 0, 0, 0, 0, 0, 0, 0, 0, 0, 0, 0, 0, 0, 0, 0, 0, 0, 0, 0, 0, 0, 0], [0, 0, 0, -1, 0, 0, 0, 0, 0, 0, 0, 0, 0, 0, 0, 0, 0, 0, 0, 0, 0, 0, 0, 0, 0, 0, 0], [0, 0, 0, 0, -1, 0, 0, 0, 0, 0, 0, 0, 0, 0, 0, 0, 0, 0, 0, 0, 0, 0, 0, 0, 0, 0, 0], [0, 0, 0, 0, 0, -1, 0, 0, 0, 0, 0, 0, 0, 0, 0, 0, 0, 0, 0, 0, 0, 0, 0, 0, 0, 0, 0], [0, 0, 0, 0, 0, 0, -1, 0, 0, 0, 0, 0, 0, 0, 0, 0, 0, 0, 0, 0, 0, 0, 0, 0, 0, 0, 0], [2, 2, 2, 2, 2, 2, 2, -1, 2, 2, 2, 2, 2, 2, 2, 2, 2, 2, 2, 2, 2, 2, 2, 2, 2, 2, 2], [1, 1, 1, 1, 1, 1, 1, 1, -1, 1, 1, 1, 1, 1, 1, 1, 1, 1, 1, 1, 1, 1, 1, 1, 1, 1, 1], [0, 0, 0, 0, 0, 0, 0, 0, 0, -1, 0, 0, 0, 0, 0, 0, 0, 0, 0, 0, 0, 0, 0, 0, 0, 0, 0], [0, 0, 0, 0, 0, 0, 0, 0, 0, 0, -1, 0, 0, 0, 0, 0, 0, 0, 0, 0, 0, 0, 0, 0, 0, 0, 0], [1, 1, 1, 1, 1, 1, 1, 1, 1, 1, 1, -1, 1, 1, 1, 1, 1, 1, 1, 1, 1, 1, 1, 1, 1, 1, 1], [0, 0, 0, 0, 0, 0, 0, 0, 0, 0, 0, 0, -1, 0, 0, 0, 0, 0, 0, 0, 0, 0, 0, 0, 0, 0, 0], [0, 0, 0, 0, 0, 0, 0, 0, 0, 0, 0, 0, 0, -1, 0, 0, 0, 0, 0, 0, 0, 0, 0, 0, 0, 0, 0], [0, 0, 0, 0, 0, 0, 0, 0, 0, 0, 0, 0, 0, 0, -1, 0, 0, 0, 0, 0, 0, 0, 0, 0, 0, 0, 0], [0, 0, 0, 0, 0, 0, 0, 0, 0, 0, 0, 0, 0, 0, 0, -1, 0, 0, 0, 0, 0, 0, 0, 0, 0, 0, 0], [0, 0, 0, 0, 0, 0, 0, 0, 0, 0, 0, 0, 0, 0, 0, 0, -1, 0, 0, 0, 0, 0, 0, 0, 0, 0, 0], [0, 0, 0, 0, 0, 0, 0, 0, 0, 0, 0, 0, 0, 0, 0, 0, 0, -1, 0, 0, 0, 0, 0, 0, 0, 0, 0], [0, 0, 0, 0, 0, 0, 0, 0, 0, 0, 0, 0, 0, 0, 0, 0, 0, 0, -1, 0, 0, 0, 0, 0, 0, 0, 0], [0, 0, 0, 0, 0, 0, 0, 0, 0, 0, 0, 0, 0, 0, 0, 0, 0, 0, 0, -1, 0, 0, 0, 0, 0, 0, 0], [0, 0, 0, 0, 0, 0, 0, 0, 0, 0, 0, 0, 0, 0, 0, 0, 0, 0, 0, 0, -1, 0, 0, 0, 0, 0, 0], [0, 0, 0, 0, 0, 0, 0, 0, 0, 0, 0, 0, 0, 0, 0, 0, 0, 0, 0, 0, 0, -1, 0, 0, 0, 0, 0], [0, 0, 0, 0, 0, 0, 0, 0, 0, 0, 0, 0, 0, 0, 0, 0, 0, 0, 0, 0, 0, 0, -1, 0, 0, 0, 0], [0, 0, 0, 0, 0, 0, 0, 0, 0, 0, 0, 0, 0, 0, 0, 0, 0, 0, 0, 0, 0, 0, 0, -1, 0, 0, 0], [0, 0, 0, 0, 0, 0, 0, 0, 0, 0, 0, 0, 0, 0, 0, 0, 0, 0, 0, 0, 0, 0, 0, 0, -1, 0, 0], [0, 0, 0, 0, 0, 0, 0, 0, 0, 0, 0, 0, 0, 0, 0, 0, 0, 0, 0, 0, 0, 0, 0, 0, 0, -1, 0], [2, 2, 2, 2, 2, 2, 2, 2, 2, 2, 2, 2, 2, 2, 2, 2, 2, 2, 2, 2, 2, 2, 2, 2, 2, 2, -1]], "speed_zone_count": 73, "speed_zones": [[0.0, 15.0], [15.0, 30.0], [30.0, 45.0], [45.0, 60.0], [60.0, 75.0], [75.0, 90.0], [90.0, 105.0], [105.0, 120.0], [120.0, 135.0], [135.0, 150.0], [150.0, 165.0], [165.0, 180.0], [180.0, 195.0], [195.0, 210.0], [210.0, 225.0], [225.0, 240.0], [240.0, 255.0], [255.0, 270.0], [270.0, 285.0], [285.0, 300.0], [300.0, 315.0], [315.0, 330.0], [330.0, 345.0], [345.0, 360.0], [360.0, 375.0], [375.0, 390.0], [390.0, 405.0], [405.0, 420.0], [420.0, 435.0], [435.0, 450.0], [450.0, 465.0], [465.0, 480.0], [480.0, 495.0], [495.0, 510.0], [510.0, 525.0], [525.0, 540.0], [540.0, 555.0], [555.0, 570.0], [570.0, 585.0], [585.0, 600.0], [600.0, 615.0], [615.0, 630.0], [630.0, 645.0], [645.0, 660.0], [660.0, 675.0], [675.0, 690.0], [690.0, 705.0], [705.0, 720.0], [720.0, 735.0], [735.0, 750.0], [750.0, 765.0], [765.0, 780.0], [780.0, 795.0], [795.0, 810.0], [810.0, 825.0], [825.0, 840.0], [840.0, 855.0], [855.0, 870.0], [870.0, 885.0], [885.0, 900.0], [900.0, 915.0], [915.0, 930.0], [930.0, 945.0], [945.0, 960.0], [960.0, 975.0], [975.0, 990.0], [990.0, 1005.0], [1005.0, 1020.0], [1020.0, 1035.0], [1035.0, 1050.0], [1050.0, 1065.0], [1065.0, 1080.0], [1080.0, 5000.0]], "distances": [[0.0, 71.33, 68.82, 72.84, 73.83, 72.58, 61.51, 102.13, 56.16, 77.48, 74.46, 90.98, 80.55, 68.49, 68.67, 72.87, 81.56, 65.24, 73.64, 64.34, 78.72, 78.5, 68.67, 59.47, 77.34, 71.27, 0.0], [0.0, 0.0, 16.71, 16.24, 9.77, 4.98, 13.25, 35.35, 16.54, 9.8, 13.49, 24.75, 15.58, 4.38, 16.24, 10.95, 12.09, 10.42, 9.64, 9.32, 13.91, 9.15, 15.14, 11.99, 7.9, 12.69, 71.33], [0.0, 16.71, 0.0, 13.36, 20.12, 21.69, 9.87, 33.42, 24.58, 13.05, 6.92, 22.5, 12.84, 19.44, 9.18, 15.72, 17.06, 8.33, 19.68, 10.65, 11.48, 15.24, 13.18, 16.33, 14.88, 4.76, 68.82], [0.0, 16.24, 13.36, 0.0, 19.23, 21.15, 12.84, 29.34, 26.78, 10.29, 10.5, 18.4, 8.93, 19.68, 4.18, 14.79, 13.87, 10.29, 18.81, 12.49, 7.79, 12.58, 4.24, 18.66, 12.53, 8.6, 72.84], [0.0, 9.77, 20.12, 19.23, 0.0, 9.7, 16.92, 35.19, 18.18, 11.22, 16.15, 25.15, 17.07, 5.39, 19.66, 4.45, 12.24, 14.13, 10.65, 12.99, 15.64, 9.84, 18.57, 14.99, 8.79, 15.84, 73.83], [0.0, 4.98, 21.69, 21.15, 9.7, 0.0, 17.41, 37.6, 16.59, 13.62, 18.23, 27.63, 19.48, 4.31, 21.21, 6.44, 14.72, 15.04, 9.57, 13.58, 18.01, 12.31, 20.12, 14.48, 11.24, 17.64, 72.58], [0.0, 13.25, 9.87, 12.84, 16.92, 17.41, 0.0, 40.98, 14.98, 16.12, 13.32, 29.73, 19.16, 13.72, 9.45, 13.64, 20.35, 15.2, 16.52, 13.12, 17.28, 17.46, 8.81, 6.83, 16.46, 10.18, 61.51], [0.0, 35.35, 33.42, 29.34, 35.19, 37.6, 40.98, 0.0, 51.51, 26.23, 27.74, 11.26, 21.85, 39.64, 33.52, 33.21, 23.26, 37.46, 35.07, 38.87, 23.77, 26.24, 33.47, 44.83, 27.52, 30.93, 102.13], [0.0, 16.54, 24.58, 26.78, 18.18, 16.59, 14.98, 51.51, 0.0, 25.3, 25.91, 40.54, 30.38, 12.82, 24.12, 18.54, 28.43, 16.51, 18.07, 14.3, 28.46, 25.34, 23.29, 8.25, 24.06, 23.36, 56.16], [0.0, 9.8, 13.05, 10.29, 11.22, 13.62, 16.12, 26.23, 25.3, 0.0, 6.63, 15.25, 5.87, 14.16, 12.77, 7.65, 4.31, 12.34, 10.9, 13.17, 4.46, 10.85, 11.96, 18.74, 8.71, 8.37, 77.48], [0.0, 13.49, 6.92, 10.5, 16.15, 18.23, 13.32, 27.74, 25.91, 6.63, 0.0, 16.53, 6.18, 17.31, 6.77, 11.79, 10.28, 10.02, 15.75, 11.85, 4.6, 8.93, 6.26, 18.14, 8.92, 11.2, 74.46], [0.0, 24.75, 22.5, 18.4, 25.15, 27.63, 29.73, 11.26, 40.54, 15.25, 16.53, 0.0, 10.59, 29.12, 22.56, 22.58, 12.91, 26.2, 24.96, 27.64, 12.52, 15.61, 22.41, 33.65, 16.86, 19.72, 90.98], [0.0, 15.58, 12.84, 8.93, 17.07, 19.48, 19.16, 21.85, 30.38, 5.87, 6.18, 10.59, 0.0, 19.91, 12.77, 13.47, 6.66, 15.61, 16.76, 17.08, 10.33, 7.43, 12.39, 23.18, 8.3, 9.32, 80.55], [0.0, 4.38, 19.44, 19.68, 5.39, 4.31, 13.72, 39.64, 12.82, 14.16, 17.31, 29.12, 19.91, 0.0, 18.95, 6.56, 16.39, 11.92, 5.26, 10.1, 18.19, 13.51, 17.86, 10.2, 12.27, 16.0, 68.49], [0.0, 16.24, 9.18, 4.18, 19.66, 21.21, 9.45, 33.52, 24.12, 12.77, 6.77, 22.56, 12.77, 18.95, 0.0, 15.27, 16.82, 7.84, 19.22, 10.16, 11.35, 14.93, 8.42, 15.87, 14.55, 4.43, 68.67], [0.0, 10.95, 15.72, 14.79, 4.45, 6.44, 13.64, 33.21, 18.54, 7.65, 11.79, 22.58, 13.47, 6.56, 15.27, 0.0, 9.96, 10.4, 11.82, 9.76, 11.84, 6.99, 14.19, 13.4, 5.72, 11.39, 72.87], [0.0, 12.09, 17.06, 13.87, 12.24, 14.72, 20.35, 23.26, 28.43, 4.31, 10.28, 12.91, 6.66, 16.39, 16.82, 9.96, 0.0, 16.57, 12.05, 17.22, 6.48, 12.87, 16.08, 22.45, 4.39, 12.51, 81.56], [0.0, 10.42, 8.33, 10.29, 14.13, 15.04, 15.2, 37.46, 16.51, 12.34, 10.02, 26.2, 15.61, 11.92, 7.84, 10.4, 16.57, 0.0, 13.72, 14.66, 13.69, 13.7, 6.89, 8.37, 12.72, 7.07, 65.24], [0.0, 9.64, 19.68, 18.81, 10.65, 9.57, 16.52, 35.07, 18.07, 10.9, 15.75, 24.96, 16.76, 5.26, 19.22, 11.82, 12.05, 13.72, 0.0, 12.6, 15.31, 9.58, 18.14, 14.7, 8.51, 15.42, 73.64], [0.0, 9.32, 10.65, 12.49, 12.99, 13.58, 13.12, 38.87, 14.3, 13.17, 11.85, 27.64, 17.08, 10.1, 10.16, 9.76, 17.22, 14.66, 12.6, 0.0, 15.13, 14.2, 9.21, 6.29, 13.09, 9.1, 64.34], [0.0, 13.91, 11.48, 7.79, 15.64, 18.01, 17.28, 23.77, 28.46, 4.46, 4.6, 12.52, 10.33, 18.19, 11.35, 11.84, 6.48, 13.69, 15.31, 15.13, 0.0, 6.39, 10.86, 21.23, 7.04, 7.61, 78.72], [0.0, 9.15, 15.24, 12.58, 9.84, 12.31, 17.46, 26.24, 25.34, 10.85, 8.93, 15.61, 7.43, 13.51, 14.93, 6.99, 12.87, 13.7, 9.58, 14.2, 6.39, 0.0, 14.08, 19.33, 12.71, 10.51, 78.5], [0.0, 15.14, 13.18, 4.24, 18.57, 20.12, 8.81, 33.47, 23.29, 11.96, 6.26, 22.41, 12.39, 17.86, 8.42, 14.19, 16.08, 6.89, 18.14, 9.21, 10.86, 14.08, 0.0, 15.06, 13.63, 12.85, 68.67], [0.0, 11.99, 16.33, 18.66, 14.99, 14.48, 6.83, 44.83, 8.25, 18.74, 18.14, 33.65, 23.18, 10.2, 15.87, 13.4, 22.45, 8.37, 14.7, 6.29, 21.23, 19.33, 15.06, 0.0, 18.1, 15.38, 59.47], [0.0, 7.9, 14.88, 12.53, 8.79, 11.24, 16.46, 27.52, 24.06, 8.71, 8.92, 16.86, 8.3, 12.27, 14.55, 5.72, 4.39, 12.72, 8.51, 13.09, 7.04, 12.71, 13.63, 18.1, 0.0, 10.13, 77.34], [0.0, 12.69, 4.76, 8.6, 15.84, 17.64, 10.18, 30.93, 23.36, 8.37, 11.2, 19.72, 9.32, 16.0, 4.43, 11.39, 12.51, 7.07, 15.42, 9.1, 7.61, 10.51, 12.85, 15.38, 10.13, 0.0, 71.27], [0.0, 0.0, 0.0, 0.0, 0.0, 0.0, 0.0, 0.0, 0.0, 0.0, 0.0, 0.0, 0.0, 0.0, 0.0, 0.0, 0.0, 0.0, 0.0, 0.0, 0.0, 0.0, 0.0, 0.0, 0.0, 0.0, 0.0]], "time_windows": [[0.0, 5000.0], [0.0, 120.0], [0.0, 141.0], [0.0, 156.0], [0.0, 195.0], [0.0, 215.0], [0.0, 269.0], [0.0, 369.0], [0.0, 452.0], [0.0, 514.0], [0.0, 534.0], [0.0, 585.0], [0.0, 610.0], [0.0, 648.0], [0.0, 679.0], [0.0, 701.0], [0.0, 715.0], [0.0, 738.0], [0.0, 756.0], [0.0, 774.0], [0.0, 799.0], [0.0, 808.0], [0.0, 833.0], [0.0, 866.0], [0.0, 901.0], [0.0, 920.0], [0.0, 5000.0]], "start_depot": 0, "end_depot": 26, "horizon": [0.0, 5000.0]}