{"digraph": {"vertex_count": 27, "arc_count": 650, "arcs": [[0, 1, 1, 1, 1, 1, 1, 1, 1, 1, 1, 1, 1, 1, 1, 1, 1, 1, 1, 1, 1, 1, 1, 1, 1, 1, 1], [0, 0, 1, 1, 1, 1, 1, 1, 1, 1, 1, 1, 1, 1, 1, 1, 1, 1, 1, 1, 1, 1, 1, 1, 1, 1, 1], [0, 1, 0, 1, 1, 1, 1, 1, 1, 1, 1, 1, 1, 1, 1, 1, 1, 1, 1, 1, 1, 1, 1, 1, 1, 1, 1], [0, 1, 1, 0, 1, 1, 1, 1, 1, 1, 1, 1, 1, 1, 1, 1, 1, 1, 1, 1, 1, 1, 1, 1, 1, 1, 1], [0, 1, 1, 1, 0, 1, 1, 1, 1, 1, 1, 1, 1, 1, 1, 1, 1, 1, 1, 1, 1, 1, 1, 1, 1, 1, 1], [0, 1, 1, 1, 1, 0, 1, 1, 1, 1, 1, 1, 1, 1, 1, 1, 1, 1, 1, 1, 1, 1, 1, 1, 1, 1, 1], [0, 1, 1, 1, 1, 1, 0, 1, 1, 1, 1, 1, 1, 1, 1, 1, 1, 1, 1, 1, 1, 1, 1, 1, 1, 1, 1], [0, 1, 1, 1, 1, 1, 1, 0, 1, 1, 1, 1, 1, 1, 1, 1, 1, 1, 1, 1, 1, 1, 1, 1, 1, 1, 1], [0, 1, 1, 1, 1, 1, 1, 1, 0, 1, 1, 1, 1, 1, 1, 1, 1, 1, 1, 1, 1, 1, 1, 1, 1, 1, 1], [0, 1, 1, 1, 1, 1, 1, 1, 1, 0, 1, 1, 1, 1, 1, 1, 1, 1, 1, 1, 1, 1, 1, 1, 1, 1, 1], [0, 1, 1, 1, 1, 1, 1, 1, 1, 1, 0, 1, 1, 1, 1, 1, 1, 1, 1, 1, 1, 1, 1, 1, 1, 1, 1], [0, 1, 1, 1, 1, 1, 1, 1, 1, 1, 1, 0, 1, 1, 1, 1, 1, 1, 1, 1, 1, 1, 1, 1, 1, 1, 1], [0, 1, 1, 1, 1, 1, 1, 1, 1, 1, 1, 1, 0, 1, 1, 1, 1, 1, 1, 1, 1, 1, 1, 1, 1, 1, 1], [0, 1, 1, 1, 1, 1, 1, 1, 1, 1, 1, 1, 1, 0, 1, 1, 1, 1, 1, 1, 1, 1, 1, 1, 1, 1, 1], [0, 1, 1, 1, 1, 1, 1, 1, 1, 1, 1, 1, 1, 1, 0, 1, 1, 1, 1, 1, 1, 1, 1, 1, 1, 1, 1], [0, 1, 1, 1, 1, 1, 1, 1, 1, 1, 1, 1, 1, 1, 1, 0, 1, 1, 1, 1, 1, 1, 1, 1, 1, 1, 1], [0, 1, 1, 1, 1, 1, 1, 1, 1, 1, 1, 1, 1, 1, 1, 1, 0, 1, 1, 1, 1, 1, 1, 1, 1, 1, 1], [0, 1, 1, 1, 1, 1, 1, 1, 1, 1, 1, 1, 1, 1, 1, 1, 1, 0, 1, 1, 1, 1, 1, 1, 1, 1, 1], [0, 1, 1, 1, 1, 1, 1, 1, 1, 1, 1, 1, 1, 1, 1, 1, 1, 1, 0, 1, 1, 1, 1, 1, 1, 1, 1], [0, 1, 1, 1, 1, 1, 1, 1, 1, 1, 1, 1, 1, 1, 1, 1, 1, 1, 1, 0, 1, 1, 1, 1, 1, 1, 1], [0, 1, 1, 1, 1, 1, 1, 1, 1, 1, 1, 1, 1, 1, 1, 1, 1, 1, 1, 1, 0, 1, 1, 1, 1, 1, 1], [0, 1, 1, 1, 1, 1, 1, 1, 1, 1, 1, 1, 1, 1, 1, 1, 1, 1, 1, 1, 1, 0, 1, 1, 1, 1, 1], [0, 1, 1, 1, 1, 1, 1, 1, 1, 1, 1, 1, 1, 1, 1, 1, 1, 1, 1, 1, 1, 1, 0, 1, 1, 1, 1], [0, 1, 1, 1, 1, 1, 1, 1, 1, 1, 1, 1, 1, 1, 1, 1, 1, 1, 1, 1, 1, 1, 1, 0, 1, 1, 1], [0, 1, 1, 1, 1, 1, 1, 1, 1, 1, 1, 1, 1, 1, 1, 1, 1, 1, 1, 1, 1, 1, 1, 1, 0, 1, 1], [0, 1, 1, 1, 1, 1, 1, 1, 1, 1, 1, 1, 1, 1, 1, 1, 1, 1, 1, 1, 1, 1, 1, 1, 1, 0, 1], [0, 0, 0, 0, 0, 0, 0, 0, 0, 0, 0, 0, 0, 0, 0, 0, 0, 0, 0, 0, 0, 0, 0, 0, 0, 0, 0]]}, "cluster_count": 3, "cluster_speeds": [[0.6475, 0.595, 0.6475, 0.7, 0.58275, 0.5355, 0.58275, 0.63, 0.32375, 0.2975, 0.32375, 0.35, 0.213675, 0.19635, 0.213675, 0.23099999999999998, 0.259, 0.238, 0.259, 0.27999999999999997, 0.3885, 0.357, 0.3885, 0.42, 0.6475, 0.595, 0.6475, 0.7, 0.37, 0.34, 0.37, 0.4, 0.30525, 0.2805, 0.30525, 0.33, 0.4625, 0.425, 0.4625, 0.5, 0.6475, 0.595, 0.6475, 0.7, 0.74, 0.68, 0.74, 0.8, 0.45324999999999993, 0.4165, 0.45324999999999993, 0.48999999999999994, 0.32375, 0.2975, 0.32375, 0.35, 0.3885, 0.357, 0.3885, 0.42, 0.45324999999999993, 0.4165, 0.45324999999999993, 0.48999999999999994, 0.58275, 0.5355, 0.58275, 0.63, 0.6475, 0.595, 0.6475, 0.7, 0.7], [0.7400000000000001, 0.68, 0.7400000000000001, 0.8, 0.666, 0.6120000000000001, 0.666, 0.7200000000000001, 0.37000000000000005, 0.34, 0.37000000000000005, 0.4, 0.24420000000000003, 0.22440000000000004, 0.24420000000000003, 0.264, 0.296, 0.272, 0.296, 0.32000000000000006, 0.44400000000000006, 0.40800000000000003, 0.44400000000000006, 0.48, 0.6475, 0.595, 0.6475, 0.7, 0.37, 0.34, 0.37, 0.4, 0.30525, 0.2805, 0.30525, 0.33, 0.4625, 0.425, 0.4625, 0.5, 0.6475, 0.595, 0.6475, 0.7, 0.74, 0.68, 0.74, 0.8, 0.518, 0.476, 0.518, 0.5599999999999999, 0.37000000000000005, 0.34, 0.37000000000000005, 0.4, 0.44400000000000006, 0.40800000000000003, 0.44400000000000006, 0.48, 0.518, 0.476, 0.518, 0.5599999999999999, 0.666, 0.6120000000000001, 0.666, 0.7200000000000001, 0.7400000000000001, 0.68, 0.7400000000000001, 0.8, 0.8], [0.925, 0.85, 0.925, 1.0, 0.8325, 0.765, 0.8325, 0.9, 0.4625, 0.425, 0.4625, 0.5, 0.30525, 0.2805, 0.30525, 0.33, 0.37, 0.34, 0.37, 0.4, 0.555, 0.51, 0.555, 0.6, 0.6475, 0.595, 0.6475, 0.7, 0.37, 0.34, 0.37, 0.4, 0.30525, 0.2805, 0.30525, 0.33, 0.4625, 0.425, 0.4625, 0.5, 0.6475, 0.595, 0.6475, 0.7, 0.74, 0.68, 0.74, 0.8, 0.6475, 0.595, 0.6475, 0.7, 0.4625, 0.425, 0.4625, 0.5, 0.555, 0.51, 0.555, 0.6, 0.6475, 0.595, 0.6475, 0.7, 0.8325, 0.765, 0.8325, 0.9, 0.925, 0.85, 0.925, 1.0, 1.0]], "clusters": [[-1, 2, 2, 2, 2, 2, 2, 2, 2, 2, 2, 2, 2, 2, 2, 2, 2, 2, 2, 2, 2, 2, 2, 2, 2, 2, 2], [0, -1, 0, 0, 0, 0, 0, 0, 0, 0, 0, 0, 0, 0, 0, 0, 0, 0, 0, 0, 0, 0, 0, 0, 0, 0, 0], [0, 0, -1, 0, 0, 0, 0, 0, 0, 0, 0, 0, 0, 0, 0, 0, 0, 0, 0, 0, 0, 0, 0, 0, 0, 0, 0], [1, 1, 1, -1, 1, 1, 1, 1, 1, 1, 1, 1, 1, 1, 1, 1, 1, 1, 1, 1, 1, 1, 1, 1, 1, 1, 1], [2, 2, 2, 2, -1, 2, 2, 2, 2, 2, 2, 2, 2, 2, 2, 2, 2, 2, 2, 2, 2, 2, 2, 2, 2, 2, 2], [0, 0, 0, 0, 0, -1, 0, 0, 0, 0, 0, 0, 0, 0, 0, 0, 0, 0, 0, 0, 0, 0, 0, 0, 0, 0, 0], [1, 1, 1, 1, 1, 1, -1, 1, 1, 1, 1, 1, 1, 1, 1, 1, 1, 1, 1, 1, 1, 1, 1, 1, 1, 1, 1], [0, 0, 0, 0, 0, 0, 0, -1, 0, 0, 0, 0, 0, 0, 0, 0, 0, 0, 0, 0, 0, 0, 0, 0, 0, 0, 0], [1, 1, 1, 1, 1, 1, 1, 1, -1, 1, 1, 1, 1, 1, 1, 1, 1, 1, 1, 1, 1, 1, 1, 1, 1, 1, 1], [0, 0, 0, 0, 0, 0, 0, 0, 0, -1, 0, 0, 0, 0, 0, 0, 0, 0, 0, 0, 0, 0, 0, 0, 0, 0, 0], [1, 1, 1, 1, 1, 1, 1, 1, 1, 1, -1, 1, 1, 1, 1, 1, 1, 1, 1, 1, 1, 1, 1, 1, 1, 1, 1], [1, 1, 1, 1, 1, 1, 1, 1, 1, 1, 1, -1, 1, 1, 1, 1, 1, 1, 1, 1, 1, 1, 1, 1, 1, 1, 1], [0, 0, 0, 0, 0, 0, 0, 0, 0, 0, 0, 0, -1, 0, 0, 0, 0, 0, 0, 0, 0, 0, 0, 0, 0, 0, 0], [1, 1, 1, 1, 1, 1, 1, 1, 1, 1, 1, 1, 1, -1, 1, 1, 1, 1, 1, 1, 1, 1, 1, 1, 1, 1, 1], [0, 0, 0, 0, 0, 0, 0, 0, 0, 0, 0, 0, 0, 0, -1, 0, 0, 0, 0, 0, 0, 0, 0, 0, 0, 0, 0], [0, 0, 0, 0, 0, 0, 0, 0, 0, 0, 0, 0, 0, 0, 0, -1, 0, 0, 0, 0, 0, 0, 0, 0, 0, 0, 0], [1, 1, 1, 1, 1, 1, 1, 1, 1, 1, 1, 1, 1, 1, 1, 1, -1, 1, 1, 1, 1, 1, 1, 1, 1, 1, 1], [0, 0, 0, 0, 0, 0, 0, 0, 0, 0, 0, 0, 0, 0, 0, 0, 0, -1, 0, 0, 0, 0, 0, 0, 0, 0, 0], [0, 0, 0, 0, 0, 0, 0, 0, 0, 0, 0, 0, 0, 0, 0, 0, 0, 0, -1, 0, 0, 0, 0, 0, 0, 0, 0], [0, 0, 0, 0, 0, 0, 0, 0, 0, 0, 0, 0, 0, 0, 0, 0, 0, 0, 0, -1, 0, 0, 0, 0, 0, 0, 0], [1, 1, 1, 1, 1, 1, 1, 1, 1, 1, 1, 1, 1, 1, 1, 1, 1, 1, 1, 1, -1, 1, 1, 1, 1, 1, 1], [0, 0, 0, 0, 0, 0, 0, 0, 0, 0, 0, 0, 0, 0, 0, 0, 0, 0, 0, 0, 0, -1, 0, 0, 0, 0, 0], [0, 0, 0, 0, 0, 0, 0, 0, 0, 0, 0, 0, 0, 0, 0, 0, 0, 0, 0, 0, 0, 0, -1, 0, 0, 0, 0], [1, 1, 1, 1, 1, 1, 1, 1, 1, 1, 1, 1, 1, 1, 1, 1, 1, 1, 1, 1, 1, 1, 1, -1, 1, 1, 1], [1, 1, 1, 1, 1, 1, 1, 1, 1, 1, 1, 1, 1, 1, 1, 1, 1, 1, 1, 1, 1, 1, 1, 1, -1, 1, 1], [2, 2, 2, 2, 2, 2, 2, 2, 2, 2, 2, 2, 2, 2, 2, 2, 2, 2, 2, 2, 2, 2, 2, 2, 2, -1, 2], [2, 2, 2, 2, 2, 2, 2, 2, 2, 2, 2, 2, 2, 2, 2, 2, 2, 2, 2, 2, 2, 2, 2, 2, 2, 2, -1]], "speed_zone_count": 73, "speed_zones": [[0.0, 15.0], [15.0, 30.0], [30.0, 45.0], [45.0, 60.0], [60.0, 75.0], [75.0, 90.0], [90.0, 105.0], [105.0, 120.0], [120.0, 135.0], [135.0, 150.0], [150.0, 165.0], [165.0, 180.0], [180.0, 195.0], [195.0, 210.0], [210.0, 225.0], [225.0, 240.0], [240.0, 255.0], [255.0, 270.0], [270.0, 285.0], [285.0, 300.0], [300.0, 315.0], [315.0, 330.0], [330.0, 345.0], [345.0, 360.0], [360.0, 375.0], [375.0, 390.0], [390.0, 405.0], [405.0, 420.0], [420.0, 435.0], [435.0, 450.0], [450.0, 465.0], [465.0, 480.0], [480.0, 495.0], [495.0, 510.0], [510.0, 525.0], [525.0, 540.0], [540.0, 555.0], [555.0, 570.0], [570.0, 585.0], [585.0, 600.0], [600.0, 615.0], [615.0, 630.0], [630.0, 645.0], [645.0, 660.0], [660.0, 675.0], [675.0, 690.0], [690.0, 705.0], [705.0, 720.0], [720.0, 735.0], [735.0, 750.0], [750.0, 765.0], [765.0, 780.0], [780.0, 795.0], [795.0, 810.0], [810.0, 825.0], [825.0, 840.0], [840.0, 855.0], [855.0, 870.0], [870.0, 885.0], [885.0, 900.0], [900.0, 915.0], [915.0, 930.0], [930.0, 945.0], [945.0, 960.0], [960.0, 975.0], [975.0, 990.0], [990.0, 1005.0], [1005.0, 1020.0], [1020.0, 1035.0], [1035.0, 1050.0], [1050.0, 1065.0], [1065.0, 1080.0], [1080.0, 5000.0]], "distances": [[0.0, 70.98, 61.1, 63.01, 52.06, 74.73, 89.49, 57.57, 55.53, 66.65, 87.83, 72.96, 66.52, 53.67, 73.24, 72.3, 77.38, 72.69, 82.46, 78.49, 53.01, 78.14, 65.04, 91.42, 66.45, 101.89, 0.0], [0.0, 0.0, 11.99, 16.47, 22.99, 17.47, 19.8, 14.2, 16.36, 8.04, 21.13, 20.49, 5.48, 20.13, 12.86, 13.4, 25.92, 8.78, 11.99, 7.88, 18.89, 8.52, 9.22, 27.39, 12.87, 47.28, 70.98], [0.0, 11.99, 0.0, 19.81, 20.04, 16.27, 28.41, 14.78, 12.33, 5.56, 27.07, 16.93, 10.95, 17.09, 14.05, 12.16, 23.03, 18.83, 21.75, 18.07, 13.84, 17.27, 20.91, 31.69, 18.49, 47.94, 61.1], [0.0, 16.47, 19.81, 0.0, 10.95, 32.83, 34.92, 18.18, 10.72, 20.62, 37.36, 35.01, 11.52, 9.78, 17.72, 19.1, 40.96, 11.65, 27.03, 23.28, 12.21, 24.63, 20.47, 43.8, 4.32, 63.65, 63.01], [0.0, 22.99, 20.04, 10.95, 0.0, 35.9, 42.75, 16.67, 7.76, 23.49, 43.83, 36.95, 17.54, 12.53, 24.91, 25.27, 43.06, 21.44, 34.84, 30.77, 6.41, 31.47, 22.58, 49.64, 14.57, 67.65, 52.06], [0.0, 17.47, 16.27, 32.83, 35.9, 0.0, 18.99, 20.17, 28.14, 12.56, 14.38, 14.57, 21.39, 32.87, 17.58, 15.08, 8.46, 26.09, 16.74, 15.96, 29.96, 13.62, 13.32, 16.7, 29.89, 31.77, 74.73], [0.0, 19.8, 28.41, 34.92, 42.75, 18.99, 0.0, 31.94, 36.11, 22.85, 6.68, 22.86, 25.21, 39.92, 17.84, 17.78, 24.16, 23.75, 7.95, 11.98, 38.59, 11.57, 24.48, 12.65, 30.71, 34.2, 89.49], [0.0, 14.2, 14.78, 18.18, 16.67, 20.17, 31.94, 0.0, 9.21, 9.22, 30.91, 20.59, 11.6, 13.84, 16.42, 14.97, 26.64, 19.6, 24.96, 21.1, 10.31, 20.58, 7.7, 35.64, 17.72, 51.76, 57.57], [0.0, 16.36, 12.33, 10.72, 7.76, 28.14, 36.11, 9.21, 0.0, 15.79, 36.62, 29.21, 11.25, 4.77, 18.49, 18.35, 35.32, 17.29, 28.35, 24.24, 14.18, 24.61, 14.83, 42.2, 12.2, 59.9, 55.53], [0.0, 8.04, 5.56, 20.62, 23.49, 12.56, 22.85, 9.22, 15.79, 0.0, 21.72, 14.4, 9.63, 20.45, 9.65, 7.3, 20.39, 16.34, 16.29, 12.78, 17.82, 11.78, 16.07, 26.71, 18.19, 44.21, 66.65], [0.0, 21.13, 27.07, 37.36, 43.83, 14.38, 6.68, 30.91, 36.62, 21.72, 0.0, 17.82, 26.56, 40.86, 19.64, 18.65, 18.06, 27.06, 11.25, 14.25, 38.94, 12.73, 23.21, 6.86, 33.38, 28.46, 87.83], [0.0, 20.49, 16.93, 35.01, 36.95, 14.57, 22.86, 20.59, 29.21, 14.4, 17.82, 0.0, 23.81, 33.98, 20.9, 18.29, 6.11, 29.25, 20.79, 19.83, 30.77, 17.53, 14.74, 19.04, 32.4, 31.33, 72.96], [0.0, 5.48, 10.95, 11.52, 17.54, 21.39, 25.21, 11.6, 11.25, 9.63, 26.56, 23.81, 0.0, 14.72, 7.38, 7.92, 29.64, 8.02, 17.32, 13.24, 13.81, 13.99, 9.96, 32.72, 8.6, 52.17, 66.52], [0.0, 20.13, 17.09, 9.78, 12.53, 32.87, 39.92, 13.84, 4.77, 20.45, 40.86, 33.98, 14.72, 0.0, 22.1, 22.34, 40.09, 19.24, 32.04, 27.95, 18.94, 28.58, 19.55, 46.63, 12.79, 64.62, 53.67], [0.0, 12.86, 14.05, 17.72, 24.91, 17.58, 17.84, 16.42, 18.49, 9.65, 19.64, 20.9, 7.38, 22.1, 0.0, 12.05, 26.03, 8.58, 9.94, 5.86, 21.03, 6.91, 11.0, 26.1, 13.84, 46.45, 73.24], [0.0, 13.4, 12.16, 19.1, 25.27, 15.08, 17.78, 14.97, 18.35, 7.3, 18.65, 18.29, 7.92, 22.34, 12.05, 0.0, 23.54, 11.01, 10.21, 6.19, 20.82, 6.26, 8.77, 24.82, 15.51, 44.64, 72.3], [0.0, 25.92, 23.03, 40.96, 43.06, 8.46, 24.16, 26.64, 35.32, 20.39, 18.06, 6.11, 29.64, 40.09, 26.03, 23.54, 0.0, 34.55, 24.04, 23.98, 36.86, 21.6, 20.82, 16.98, 38.2, 25.6, 77.38], [0.0, 8.78, 18.83, 11.65, 21.44, 26.09, 23.75, 19.6, 17.29, 16.34, 27.06, 29.25, 8.02, 19.24, 8.58, 11.01, 34.55, 0.0, 16.09, 12.85, 19.75, 14.74, 17.15, 33.8, 7.34, 54.68, 72.69], [0.0, 11.99, 21.75, 27.03, 34.84, 16.74, 7.95, 24.96, 28.35, 16.29, 11.25, 20.79, 17.32, 32.04, 9.94, 10.21, 24.04, 16.09, 0.0, 15.8, 30.86, 4.53, 17.94, 18.11, 22.86, 39.59, 82.46], [0.0, 7.88, 18.07, 23.28, 30.77, 15.96, 11.98, 21.1, 24.24, 12.78, 14.25, 19.83, 13.24, 27.95, 5.86, 6.19, 23.98, 12.85, 15.8, 0.0, 26.75, 12.45, 14.39, 20.95, 19.21, 41.96, 78.49], [0.0, 18.89, 13.84, 12.21, 6.41, 29.96, 38.59, 10.31, 14.18, 17.82, 38.94, 30.77, 13.81, 18.94, 21.03, 20.82, 36.86, 19.75, 30.86, 26.75, 0.0, 27.07, 16.72, 44.4, 14.28, 61.72, 53.01], [0.0, 8.52, 17.27, 24.63, 31.47, 13.62, 11.57, 20.58, 24.61, 11.78, 12.73, 17.53, 13.99, 28.58, 6.91, 6.26, 21.6, 14.74, 4.53, 12.45, 27.07, 0.0, 13.43, 19.24, 20.7, 39.94, 78.14], [0.0, 9.22, 20.91, 20.47, 22.58, 13.32, 24.48, 7.7, 14.83, 16.07, 23.21, 14.74, 9.96, 19.55, 11.0, 8.77, 20.82, 17.15, 17.94, 14.39, 16.72, 13.43, 0.0, 28.04, 18.36, 45.07, 65.04], [0.0, 27.39, 31.69, 43.8, 49.64, 16.7, 12.65, 35.64, 42.2, 26.71, 6.86, 19.04, 32.72, 46.63, 26.1, 24.82, 16.98, 33.8, 18.11, 20.95, 44.4, 19.24, 28.04, 0.0, 39.93, 21.68, 91.42], [0.0, 12.87, 18.49, 4.32, 14.57, 29.89, 30.71, 17.72, 12.2, 18.19, 33.38, 32.4, 8.6, 12.79, 13.84, 15.51, 38.2, 7.34, 22.86, 19.21, 14.28, 20.7, 18.36, 39.93, 0.0, 60.14, 66.45], [0.0, 47.28, 47.94, 63.65, 67.65, 31.77, 34.2, 51.76, 59.9, 44.21, 28.46, 31.33, 52.17, 64.62, 46.45, 44.64, 25.6, 54.68, 39.59, 41.96, 61.72, 39.94, 45.07, 21.68, 60.14, 0.0, 101.89], [0.0, 0.0, 0.0, 0.0, 0.0, 0.0, 0.0, 0.0, 0.0, 0.0, 0.0, 0.0, 0.0, 0.0, 0.0, 0.0, 0.0, 0.0, 0.0, 0.0, 0.0, 0.0, 0.0, 0.0, 0.0, 0.0, 0.0]], "time_windows": [[0.0, 5000.0], [0.0, 119.0], [0.0, 135.0], [0.0, 158.0], [0.0, 179.0], [0.0, 275.0], [0.0, 328.0], [0.0, 390.0], [0.0, 405.0], [0.0, 430.0], [0.0, 464.0], [0.0, 513.0], [0.0, 586.0], [0.0, 619.0], [0.0, 659.0], [0.0, 678.0], [0.0, 712.0], [0.0, 759.0], [0.0, 784.0], [0.0, 808.0], [0.0, 861.0], [0.0, 913.0], [0.0, 937.0], [0.0, 982.0], [0.0, 1034.0], [0.0, 1102.0], [0.0, 5000.0]], "start_depot": 0, "end_depot": 26, "horizon": [0.0, 5000.0]}