{"digraph": {"vertex_count": 27, "arc_count": 650, "arcs": [[0, 1, 1, 1, 1, 1, 1, 1, 1, 1, 1, 1, 1, 1, 1, 1, 1, 1, 1, 1, 1, 1, 1, 1, 1, 1, 1], [0, 0, 1, 1, 1, 1, 1, 1, 1, 1, 1, 1, 1, 1, 1, 1, 1, 1, 1, 1, 1, 1, 1, 1, 1, 1, 1], [0, 1, 0, 1, 1, 1, 1, 1, 1, 1, 1, 1, 1, 1, 1, 1, 1, 1, 1, 1, 1, 1, 1, 1, 1, 1, 1], [0, 1, 1, 0, 1, 1, 1, 1, 1, 1, 1, 1, 1, 1, 1, 1, 1, 1, 1, 1, 1, 1, 1, 1, 1, 1, 1], [0, 1, 1, 1, 0, 1, 1, 1, 1, 1, 1, 1, 1, 1, 1, 1, 1, 1, 1, 1, 1, 1, 1, 1, 1, 1, 1], [0, 1, 1, 1, 1, 0, 1, 1, 1, 1, 1, 1, 1, 1, 1, 1, 1, 1, 1, 1, 1, 1, 1, 1, 1, 1, 1], [0, 1, 1, 1, 1, 1, 0, 1, 1, 1, 1, 1, 1, 1, 1, 1, 1, 1, 1, 1, 1, 1, 1, 1, 1, 1, 1], [0, 1, 1, 1, 1, 1, 1, 0, 1, 1, 1, 1, 1, 1, 1, 1, 1, 1, 1, 1, 1, 1, 1, 1, 1, 1, 1], [0, 1, 1, 1, 1, 1, 1, 1, 0, 1, 1, 1, 1, 1, 1, 1, 1, 1, 1, 1, 1, 1, 1, 1, 1, 1, 1], [0, 1, 1, 1, 1, 1, 1, 1, 1, 0, 1, 1, 1, 1, 1, 1, 1, 1, 1, 1, 1, 1, 1, 1, 1, 1, 1], [0, 1, 1, 1, 1, 1, 1, 1, 1, 1, 0, 1, 1, 1, 1, 1, 1, 1, 1, 1, 1, 1, 1, 1, 1, 1, 1], [0, 1, 1, 1, 1, 1, 1, 1, 1, 1, 1, 0, 1, 1, 1, 1, 1, 1, 1, 1, 1, 1, 1, 1, 1, 1, 1], [0, 1, 1, 1, 1, 1, 1, 1, 1, 1, 1, 1, 0, 1, 1, 1, 1, 1, 1, 1, 1, 1, 1, 1, 1, 1, 1], [0, 1, 1, 1, 1, 1, 1, 1, 1, 1, 1, 1, 1, 0, 1, 1, 1, 1, 1, 1, 1, 1, 1, 1, 1, 1, 1], [0, 1, 1, 1, 1, 1, 1, 1, 1, 1, 1, 1, 1, 1, 0, 1, 1, 1, 1, 1, 1, 1, 1, 1, 1, 1, 1], [0, 1, 1, 1, 1, 1, 1, 1, 1, 1, 1, 1, 1, 1, 1, 0, 1, 1, 1, 1, 1, 1, 1, 1, 1, 1, 1], [0, 1, 1, 1, 1, 1, 1, 1, 1, 1, 1, 1, 1, 1, 1, 1, 0, 1, 1, 1, 1, 1, 1, 1, 1, 1, 1], [0, 1, 1, 1, 1, 1, 1, 1, 1, 1, 1, 1, 1, 1, 1, 1, 1, 0, 1, 1, 1, 1, 1, 1, 1, 1, 1], [0, 1, 1, 1, 1, 1, 1, 1, 1, 1, 1, 1, 1, 1, 1, 1, 1, 1, 0, 1, 1, 1, 1, 1, 1, 1, 1], [0, 1, 1, 1, 1, 1, 1, 1, 1, 1, 1, 1, 1, 1, 1, 1, 1, 1, 1, 0, 1, 1, 1, 1, 1, 1, 1], [0, 1, 1, 1, 1, 1, 1, 1, 1, 1, 1, 1, 1, 1, 1, 1, 1, 1, 1, 1, 0, 1, 1, 1, 1, 1, 1], [0, 1, 1, 1, 1, 1, 1, 1, 1, 1, 1, 1, 1, 1, 1, 1, 1, 1, 1, 1, 1, 0, 1, 1, 1, 1, 1], [0, 1, 1, 1, 1, 1, 1, 1, 1, 1, 1, 1, 1, 1, 1, 1, 1, 1, 1, 1, 1, 1, 0, 1, 1, 1, 1], [0, 1, 1, 1, 1, 1, 1, 1, 1, 1, 1, 1, 1, 1, 1, 1, 1, 1, 1, 1, 1, 1, 1, 0, 1, 1, 1], [0, 1, 1, 1, 1, 1, 1, 1, 1, 1, 1, 1, 1, 1, 1, 1, 1, 1, 1, 1, 1, 1, 1, 1, 0, 1, 1], [0, 1, 1, 1, 1, 1, 1, 1, 1, 1, 1, 1, 1, 1, 1, 1, 1, 1, 1, 1, 1, 1, 1, 1, 1, 0, 1], [0, 0, 0, 0, 0, 0, 0, 0, 0, 0, 0, 0, 0, 0, 0, 0, 0, 0, 0, 0, 0, 0, 0, 0, 0, 0, 0]]}, "cluster_count": 3, "cluster_speeds": [[0.6475, 0.595, 0.6475, 0.7, 0.58275, 0.5355, 0.58275, 0.63, 0.32375, 0.2975, 0.32375, 0.35, 0.213675, 0.19635, 0.213675, 0.23099999999999998, 0.259, 0.238, 0.259, 0.27999999999999997, 0.3885, 0.357, 0.3885, 0.42, 0.6475, 0.595, 0.6475, 0.7, 0.37, 0.34, 0.37, 0.4, 0.30525, 0.2805, 0.30525, 0.33, 0.4625, 0.425, 0.4625, 0.5, 0.6475, 0.595, 0.6475, 0.7, 0.74, 0.68, 0.74, 0.8, 0.45324999999999993, 0.4165, 0.45324999999999993, 0.48999999999999994, 0.32375, 0.2975, 0.32375, 0.35, 0.3885, 0.357, 0.3885, 0.42, 0.45324999999999993, 0.4165, 0.45324999999999993, 0.48999999999999994, 0.58275, 0.5355, 0.58275, 0.63, 0.6475, 0.595, 0.6475, 0.7, 0.7], [0.7400000000000001, 0.68, 0.7400000000000001, 0.8, 0.666, 0.6120000000000001, 0.666, 0.7200000000000001, 0.37000000000000005, 0.34, 0.37000000000000005, 0.4, 0.24420000000000003, 0.22440000000000004, 0.24420000000000003, 0.264, 0.296, 0.272, 0.296, 0.32000000000000006, 0.44400000000000006, 0.40800000000000003, 0.44400000000000006, 0.48, 0.6475, 0.595, 0.6475, 0.7, 0.37, 0.34, 0.37, 0.4, 0.30525, 0.2805, 0.30525, 0.33, 0.4625, 0.425, 0.4625, 0.5, 0.6475, 0.595, 0.6475, 0.7, 0.74, 0.68, 0.74, 0.8, 0.518, 0.476, 0.518, 0.5599999999999999, 0.37000000000000005, 0.34, 0.37000000000000005, 0.4, 0.44400000000000006, 0.40800000000000003, 0.44400000000000006, 0.48, 0.518, 0.476, 0.518, 0.5599999999999999, 0.666, 0.6120000000000001, 0.666, 0.7200000000000001, 0.7400000000000001, 0.68, 0.7400000000000001, 0.8, 0.8], [0.925, 0.85, 0.925, 1.0, 0.8325, 0.765, 0.8325, 0.9, 0.4625, 0.425, 0.4625, 0.5, 0.30525, 0.2805, 0.30525, 0.33, 0.37, 0.34, 0.37, 0.4, 0.555, 0.51, 0.555, 0.6, 0.6475, 0.595, 0.6475, 0.7, 0.37, 0.34, 0.37, 0.4, 0.30525, 0.2805, 0.30525, 0.33, 0.4625, 0.425, 0.4625, 0.5, 0.6475, 0.595, 0.6475, 0.7, 0.74, 0.68, 0.74, 0.8, 0.6475, 0.595, 0.6475, 0.7, 0.4625, 0.425, 0.4625, 0.5, 0.555, 0.51, 0.555, 0.6, 0.6475, 0.595, 0.6475, 0.7, 0.8325, 0.765, 0.8325, 0.9, 0.925, 0.85, 0.925, 1.0, 1.0]], "clusters": [[-1, 2, 2, 2, 2, 2, 2, 2, 2, 2, 2, 2, 2, 2, 2, 2, 2, 2, 2, 2, 2, 2, 2, 2, 2, 2, 2], [0, -1, 0, 0, 0, 0, 0, 0, 0, 0, 0, 0, 0, 0, 0, 0, 0, 0, 0, 0, 0, 0, 0, 0, 0, 0, 0], [0, 0, -1, 0, 0, 0, 0, 0, 0, 0, 0, 0, 0, 0, 0, 0, 0, 0, 0, 0, 0, 0, 0, 0, 0, 0, 0], [1, 1, 1, -1, 1, 1, 1, 1, 1, 1, 1, 1, 1, 1, 1, 1, 1, 1, 1, 1, 1, 1, 1, 1, 1, 1, 1], [0, 0, 0, 0, -1, 0, 0, 0, 0, 0, 0, 0, 0, 0, 0, 0, 0, 0, 0, 0, 0, 0, 0, 0, 0, 0, 0], [0, 0, 0, 0, 0, -1, 0, 0, 0, 0, 0, 0, 0, 0, 0, 0, 0, 0, 0, 0, 0, 0, 0, 0, 0, 0, 0], [0, 0, 0, 0, 0, 0, -1, 0, 0, 0, 0, 0, 0, 0, 0, 0, 0, 0, 0, 0, 0, 0, 0, 0, 0, 0, 0], [0, 0, 0, 0, 0, 0, 0, -1, 0, 0, 0, 0, 0, 0, 0, 0, 0, 0, 0, 0, 0, 0, 0, 0, 0, 0, 0], [0, 0, 0, 0, 0, 0, 0, 0, -1, 0, 0, 0, 0, 0, 0, 0, 0, 0, 0, 0, 0, 0, 0, 0, 0, 0, 0], [0, 0, 0, 0, 0, 0, 0, 0, 0, -1, 0, 0, 0, 0, 0, 0, 0, 0, 0, 0, 0, 0, 0, 0, 0, 0, 0], [0, 0, 0, 0, 0, 0, 0, 0, 0, 0, -1, 0, 0, 0, 0, 0, 0, 0, 0, 0, 0, 0, 0, 0, 0, 0, 0], [0, 0, 0, 0, 0, 0, 0, 0, 0, 0, 0, -1, 0, 0, 0, 0, 0, 0, 0, 0, 0, 0, 0, 0, 0, 0, 0], [0, 0, 0, 0, 0, 0, 0, 0, 0, 0, 0, 0, -1, 0, 0, 0, 0, 0, 0, 0, 0, 0, 0, 0, 0, 0, 0], [1, 1, 1, 1, 1, 1, 1, 1, 1, 1, 1, 1, 1, -1, 1, 1, 1, 1, 1, 1, 1, 1, 1, 1, 1, 1, 1], [0, 0, 0, 0, 0, 0, 0, 0, 0, 0, 0, 0, 0, 0, -1, 0, 0, 0, 0, 0, 0, 0, 0, 0, 0, 0, 0], [1, 1, 1, 1, 1, 1, 1, 1, 1, 1, 1, 1, 1, 1, 1, -1, 1, 1, 1, 1, 1, 1, 1, 1, 1, 1, 1], [1, 1, 1, 1, 1, 1, 1, 1, 1, 1, 1, 1, 1, 1, 1, 1, -1, 1, 1, 1, 1, 1, 1, 1, 1, 1, 1], [0, 0, 0, 0, 0, 0, 0, 0, 0, 0, 0, 0, 0, 0, 0, 0, 0, -1, 0, 0, 0, 0, 0, 0, 0, 0, 0], [0, 0, 0, 0, 0, 0, 0, 0, 0, 0, 0, 0, 0, 0, 0, 0, 0, 0, -1, 0, 0, 0, 0, 0, 0, 0, 0], [0, 0, 0, 0, 0, 0, 0, 0, 0, 0, 0, 0, 0, 0, 0, 0, 0, 0, 0, -1, 0, 0, 0, 0, 0, 0, 0], [1, 1, 1, 1, 1, 1, 1, 1, 1, 1, 1, 1, 1, 1, 1, 1, 1, 1, 1, 1, -1, 1, 1, 1, 1, 1, 1], [0, 0, 0, 0, 0, 0, 0, 0, 0, 0, 0, 0, 0, 0, 0, 0, 0, 0, 0, 0, 0, -1, 0, 0, 0, 0, 0], [0, 0, 0, 0, 0, 0, 0, 0, 0, 0, 0, 0, 0, 0, 0, 0, 0, 0, 0, 0, 0, 0, -1, 0, 0, 0, 0], [1, 1, 1, 1, 1, 1, 1, 1, 1, 1, 1, 1, 1, 1, 1, 1, 1, 1, 1, 1, 1, 1, 1, -1, 1, 1, 1], [1, 1, 1, 1, 1, 1, 1, 1, 1, 1, 1, 1, 1, 1, 1, 1, 1, 1, 1, 1, 1, 1, 1, 1, -1, 1, 1], [0, 0, 0, 0, 0, 0, 0, 0, 0, 0, 0, 0, 0, 0, 0, 0, 0, 0, 0, 0, 0, 0, 0, 0, 0, -1, 0], [2, 2, 2, 2, 2, 2, 2, 2, 2, 2, 2, 2, 2, 2, 2, 2, 2, 2, 2, 2, 2, 2, 2, 2, 2, 2, -1]], "speed_zone_count": 73, "speed_zones": [[0.0, 15.0], [15.0, 30.0], [30.0, 45.0], [45.0, 60.0], [60.0, 75.0], [75.0, 90.0], [90.0, 105.0], [105.0, 120.0], [120.0, 135.0], [135.0, 150.0], [150.0, 165.0], [165.0, 180.0], [180.0, 195.0], [195.0, 210.0], [210.0, 225.0], [225.0, 240.0], [240.0, 255.0], [255.0, 270.0], [270.0, 285.0], [285.0, 300.0], [300.0, 315.0], [315.0, 330.0], [330.0, 345.0], [345.0, 360.0], [360.0, 375.0], [375.0, 390.0], [390.0, 405.0], [405.0, 420.0], [420.0, 435.0], [435.0, 450.0], [450.0, 465.0], [465.0, 480.0], [480.0, 495.0], [495.0, 510.0], [510.0, 525.0], [525.0, 540.0], [540.0, 555.0], [555.0, 570.0], [570.0, 585.0], [585.0, 600.0], [600.0, 615.0], [615.0, 630.0], [630.0, 645.0], [645.0, 660.0], [660.0, 675.0], [675.0, 690.0], [690.0, 705.0], [705.0, 720.0], [720.0, 735.0], [735.0, 750.0], [750.0, 765.0], [765.0, 780.0], [780.0, 795.0], [795.0, 810.0], [810.0, 825.0], [825.0, 840.0], [840.0, 855.0], [855.0, 870.0], [870.0, 885.0], [885.0, 900.0], [900.0, 915.0], [915.0, 930.0], [930.0, 945.0], [945.0, 960.0], [960.0, 975.0], [975.0, 990.0], [990.0, 1005.0], [1005.0, 1020.0], [1020.0, 1035.0], [1035.0, 1050.0], [1050.0, 1065.0], [1065.0, 1080.0], [1080.0, 5000.0]], "distances": [[0.0, 75.03, 72.62, 84.86, 67.37, 77.36, 57.9, 81.5, 71.08, 69.4, 63.64, 71.96, 80.34, 80.41, 72.07, 83.51, 55.68, 59.55, 60.71, 64.33, 80.3, 69.28, 59.06, 62.57, 85.9, 67.18, 0.0], [0.0, 0.0, 6.51, 12.65, 8.29, 5.93, 17.14, 7.02, 11.92, 9.83, 16.46, 12.08, 5.4, 17.0, 11.77, 18.56, 19.37, 15.48, 14.5, 11.0, 15.75, 7.39, 15.98, 20.64, 12.66, 8.47, 75.03], [0.0, 6.51, 0.0, 18.78, 10.29, 12.44, 15.82, 12.62, 5.41, 14.11, 10.87, 5.57, 10.55, 23.41, 5.26, 25.07, 17.44, 14.3, 14.19, 11.61, 22.2, 10.9, 14.77, 14.67, 18.48, 10.41, 72.62], [0.0, 12.65, 18.78, 0.0, 17.98, 7.84, 27.73, 6.37, 16.19, 15.48, 29.1, 15.3, 8.52, 9.98, 15.38, 9.3, 30.25, 26.16, 24.6, 21.04, 8.84, 15.81, 26.61, 33.26, 12.23, 18.15, 84.86], [0.0, 8.29, 10.29, 17.98, 0.0, 10.17, 9.76, 14.15, 5.29, 5.02, 14.65, 5.77, 13.19, 17.72, 6.04, 20.3, 12.28, 8.19, 6.69, 12.13, 16.84, 10.81, 8.64, 19.09, 18.73, 10.08, 67.37], [0.0, 5.93, 12.44, 7.84, 10.17, 0.0, 19.93, 5.08, 8.71, 8.48, 21.89, 7.89, 5.56, 11.17, 8.05, 12.63, 22.43, 18.35, 16.84, 13.25, 9.9, 8.09, 18.81, 26.21, 8.57, 10.35, 77.36], [0.0, 17.14, 15.82, 27.73, 9.76, 19.93, 0.0, 23.68, 13.23, 13.28, 12.3, 14.09, 22.45, 26.34, 14.22, 29.19, 15.92, 11.84, 16.09, 6.69, 25.68, 11.95, 12.27, 15.61, 28.48, 9.58, 57.9], [0.0, 7.02, 12.62, 6.37, 14.15, 5.08, 23.68, 0.0, 10.96, 13.42, 23.24, 10.02, 10.64, 14.06, 10.02, 14.51, 26.05, 22.04, 20.79, 17.17, 12.74, 12.42, 22.52, 27.25, 5.86, 14.34, 81.5], [0.0, 11.92, 5.41, 16.19, 5.29, 8.71, 13.23, 10.96, 0.0, 8.7, 13.2, 10.97, 9.42, 18.9, 10.66, 20.92, 15.4, 11.57, 10.76, 7.45, 17.77, 5.51, 12.07, 17.56, 16.43, 5.44, 71.08], [0.0, 9.83, 14.11, 15.48, 5.02, 8.48, 13.28, 13.42, 8.7, 0.0, 19.67, 8.67, 13.23, 13.14, 8.99, 15.93, 15.87, 11.96, 10.05, 7.12, 12.42, 12.4, 12.31, 24.1, 16.66, 5.07, 69.4], [0.0, 16.46, 10.87, 29.1, 14.65, 21.89, 12.3, 23.24, 13.2, 19.67, 0.0, 14.0, 21.27, 31.8, 13.85, 34.02, 12.2, 11.7, 13.13, 13.38, 30.76, 16.66, 11.92, 4.46, 29.05, 14.61, 63.64], [0.0, 12.08, 5.57, 15.3, 5.77, 7.89, 14.09, 10.02, 10.97, 8.67, 14.0, 0.0, 8.49, 18.28, 10.82, 20.22, 16.29, 12.43, 11.55, 8.16, 17.12, 5.62, 12.93, 18.34, 15.51, 5.94, 71.96], [0.0, 5.4, 10.55, 8.52, 13.19, 5.56, 22.45, 10.64, 9.42, 13.23, 21.27, 8.49, 0.0, 15.71, 8.44, 16.41, 24.74, 20.8, 19.7, 16.11, 14.39, 11.73, 21.29, 25.22, 7.97, 13.39, 80.34], [0.0, 17.0, 23.41, 9.98, 17.72, 11.17, 26.34, 14.06, 18.9, 13.14, 31.8, 18.28, 15.71, 0.0, 18.52, 19.28, 28.92, 25.08, 23.13, 20.23, 18.83, 15.43, 25.42, 36.25, 11.89, 17.83, 80.41], [0.0, 11.77, 5.26, 15.38, 6.04, 8.05, 14.22, 10.02, 10.66, 8.99, 13.85, 10.82, 8.44, 18.52, 0.0, 20.43, 16.4, 12.57, 11.73, 8.37, 17.36, 5.94, 13.07, 18.17, 15.55, 6.2, 72.07], [0.0, 18.56, 25.07, 9.3, 20.3, 12.63, 29.19, 14.51, 20.92, 15.93, 34.02, 20.22, 16.41, 19.28, 20.43, 0.0, 31.78, 27.89, 25.96, 22.94, 18.14, 17.97, 28.24, 38.44, 11.1, 20.42, 83.51], [0.0, 19.37, 17.44, 30.25, 12.28, 22.43, 15.92, 26.05, 15.4, 15.87, 12.2, 16.29, 24.74, 28.92, 16.4, 31.78, 0.0, 14.38, 5.83, 9.23, 28.27, 14.5, 14.81, 14.89, 30.96, 12.1, 55.68], [0.0, 15.48, 14.3, 26.16, 8.19, 18.35, 11.84, 22.04, 11.57, 11.96, 11.7, 12.43, 20.8, 25.08, 12.57, 27.89, 14.38, 0.0, 14.52, 5.15, 24.38, 10.43, 10.73, 15.34, 26.88, 8.01, 59.55], [0.0, 14.5, 14.19, 24.6, 6.69, 16.84, 16.09, 20.79, 10.76, 10.05, 13.13, 11.55, 19.7, 23.13, 11.73, 25.96, 5.83, 14.52, 0.0, 14.07, 22.45, 8.79, 14.97, 17.0, 25.41, 6.51, 60.71], [0.0, 11.0, 11.61, 21.04, 12.13, 13.25, 6.69, 17.17, 7.45, 7.12, 13.38, 8.16, 16.11, 20.23, 8.37, 22.94, 9.23, 5.15, 14.07, 0.0, 19.44, 5.28, 5.58, 17.66, 21.81, 12.19, 64.33], [0.0, 15.75, 22.2, 8.84, 16.84, 9.9, 25.68, 12.74, 17.77, 12.42, 30.76, 17.12, 14.39, 18.83, 17.36, 18.14, 28.27, 24.38, 22.45, 19.44, 0.0, 14.53, 24.73, 35.2, 10.75, 16.96, 80.3], [0.0, 7.39, 10.9, 15.81, 10.81, 8.09, 11.95, 12.42, 5.51, 12.4, 16.66, 5.62, 11.73, 15.43, 5.94, 17.97, 14.5, 10.43, 8.79, 5.28, 14.53, 0.0, 10.86, 21.12, 16.66, 10.96, 69.28], [0.0, 15.98, 14.77, 26.61, 8.64, 18.81, 12.27, 22.52, 12.07, 12.31, 11.92, 12.93, 21.29, 25.42, 13.07, 28.24, 14.81, 10.73, 14.97, 5.58, 24.73, 10.86, 0.0, 15.46, 27.34, 8.46, 59.06], [0.0, 20.64, 14.67, 33.26, 19.09, 26.21, 15.61, 27.25, 17.56, 24.1, 4.46, 18.34, 25.22, 36.25, 18.17, 38.44, 14.89, 15.34, 17.0, 17.66, 35.2, 21.12, 15.46, 0.0, 33.1, 19.04, 62.57], [0.0, 12.66, 18.48, 12.23, 18.73, 8.57, 28.48, 5.86, 16.43, 16.66, 29.05, 15.51, 7.97, 11.89, 15.55, 11.1, 30.96, 26.88, 25.41, 21.81, 10.75, 16.66, 27.34, 33.1, 0.0, 18.91, 85.9], [0.0, 8.47, 10.41, 18.15, 10.08, 10.35, 9.58, 14.34, 5.44, 5.07, 14.61, 5.94, 13.39, 17.83, 6.2, 20.42, 12.1, 8.01, 6.51, 12.19, 16.96, 10.96, 8.46, 19.04, 18.91, 0.0, 67.18], [0.0, 0.0, 0.0, 0.0, 0.0, 0.0, 0.0, 0.0, 0.0, 0.0, 0.0, 0.0, 0.0, 0.0, 0.0, 0.0, 0.0, 0.0, 0.0, 0.0, 0.0, 0.0, 0.0, 0.0, 0.0, 0.0, 0.0]], "time_windows": [[0.0, 5000.0], [0.0, 125.0], [0.0, 133.0], [0.0, 155.0], [0.0, 189.0], [0.0, 211.0], [0.0, 271.0], [0.0, 336.0], [0.0, 357.0], [0.0, 374.0], [0.0, 407.0], [0.0, 430.0], [0.0, 443.0], [0.0, 471.0], [0.0, 521.0], [0.0, 585.0], [0.0, 650.0], [0.0, 674.0], [0.0, 695.0], [0.0, 714.0], [0.0, 742.0], [0.0, 760.0], [0.0, 777.0], [0.0, 802.0], [0.0, 866.0], [0.0, 902.0], [0.0, 5000.0]], "start_depot": 0, "end_depot": 26, "horizon": [0.0, 5000.0]}