{"digraph": {"vertex_count": 27, "arc_count": 650, "arcs": [[0, 1, 1, 1, 1, 1, 1, 1, 1, 1, 1, 1, 1, 1, 1, 1, 1, 1, 1, 1, 1, 1, 1, 1, 1, 1, 1], [0, 0, 1, 1, 1, 1, 1, 1, 1, 1, 1, 1, 1, 1, 1, 1, 1, 1, 1, 1, 1, 1, 1, 1, 1, 1, 1], [0, 1, 0, 1, 1, 1, 1, 1, 1, 1, 1, 1, 1, 1, 1, 1, 1, 1, 1, 1, 1, 1, 1, 1, 1, 1, 1], [0, 1, 1, 0, 1, 1, 1, 1, 1, 1, 1, 1, 1, 1, 1, 1, 1, 1, 1, 1, 1, 1, 1, 1, 1, 1, 1], [0, 1, 1, 1, 0, 1, 1, 1, 1, 1, 1, 1, 1, 1, 1, 1, 1, 1, 1, 1, 1, 1, 1, 1, 1, 1, 1], [0, 1, 1, 1, 1, 0, 1, 1, 1, 1, 1, 1, 1, 1, 1, 1, 1, 1, 1, 1, 1, 1, 1, 1, 1, 1, 1], [0, 1, 1, 1, 1, 1, 0, 1, 1, 1, 1, 1, 1, 1, 1, 1, 1, 1, 1, 1, 1, 1, 1, 1, 1, 1, 1], [0, 1, 1, 1, 1, 1, 1, 0, 1, 1, 1, 1, 1, 1, 1, 1, 1, 1, 1, 1, 1, 1, 1, 1, 1, 1, 1], [0, 1, 1, 1, 1, 1, 1, 1, 0, 1, 1, 1, 1, 1, 1, 1, 1, 1, 1, 1, 1, 1, 1, 1, 1, 1, 1], [0, 1, 1, 1, 1, 1, 1, 1, 1, 0, 1, 1, 1, 1, 1, 1, 1, 1, 1, 1, 1, 1, 1, 1, 1, 1, 1], [0, 1, 1, 1, 1, 1, 1, 1, 1, 1, 0, 1, 1, 1, 1, 1, 1, 1, 1, 1, 1, 1, 1, 1, 1, 1, 1], [0, 1, 1, 1, 1, 1, 1, 1, 1, 1, 1, 0, 1, 1, 1, 1, 1, 1, 1, 1, 1, 1, 1, 1, 1, 1, 1], [0, 1, 1, 1, 1, 1, 1, 1, 1, 1, 1, 1, 0, 1, 1, 1, 1, 1, 1, 1, 1, 1, 1, 1, 1, 1, 1], [0, 1, 1, 1, 1, 1, 1, 1, 1, 1, 1, 1, 1, 0, 1, 1, 1, 1, 1, 1, 1, 1, 1, 1, 1, 1, 1], [0, 1, 1, 1, 1, 1, 1, 1, 1, 1, 1, 1, 1, 1, 0, 1, 1, 1, 1, 1, 1, 1, 1, 1, 1, 1, 1], [0, 1, 1, 1, 1, 1, 1, 1, 1, 1, 1, 1, 1, 1, 1, 0, 1, 1, 1, 1, 1, 1, 1, 1, 1, 1, 1], [0, 1, 1, 1, 1, 1, 1, 1, 1, 1, 1, 1, 1, 1, 1, 1, 0, 1, 1, 1, 1, 1, 1, 1, 1, 1, 1], [0, 1, 1, 1, 1, 1, 1, 1, 1, 1, 1, 1, 1, 1, 1, 1, 1, 0, 1, 1, 1, 1, 1, 1, 1, 1, 1], [0, 1, 1, 1, 1, 1, 1, 1, 1, 1, 1, 1, 1, 1, 1, 1, 1, 1, 0, 1, 1, 1, 1, 1, 1, 1, 1], [0, 1, 1, 1, 1, 1, 1, 1, 1, 1, 1, 1, 1, 1, 1, 1, 1, 1, 1, 0, 1, 1, 1, 1, 1, 1, 1], [0, 1, 1, 1, 1, 1, 1, 1, 1, 1, 1, 1, 1, 1, 1, 1, 1, 1, 1, 1, 0, 1, 1, 1, 1, 1, 1], [0, 1, 1, 1, 1, 1, 1, 1, 1, 1, 1, 1, 1, 1, 1, 1, 1, 1, 1, 1, 1, 0, 1, 1, 1, 1, 1], [0, 1, 1, 1, 1, 1, 1, 1, 1, 1, 1, 1, 1, 1, 1, 1, 1, 1, 1, 1, 1, 1, 0, 1, 1, 1, 1], [0, 1, 1, 1, 1, 1, 1, 1, 1, 1, 1, 1, 1, 1, 1, 1, 1, 1, 1, 1, 1, 1, 1, 0, 1, 1, 1], [0, 1, 1, 1, 1, 1, 1, 1, 1, 1, 1, 1, 1, 1, 1, 1, 1, 1, 1, 1, 1, 1, 1, 1, 0, 1, 1], [0, 1, 1, 1, 1, 1, 1, 1, 1, 1, 1, 1, 1, 1, 1, 1, 1, 1, 1, 1, 1, 1, 1, 1, 1, 0, 1], [0, 0, 0, 0, 0, 0, 0, 0, 0, 0, 0, 0, 0, 0, 0, 0, 0, 0, 0, 0, 0, 0, 0, 0, 0, 0, 0]]}, "cluster_count": 3, "cluster_speeds": [[0.925, 0.85, 0.925, 1.0, 0.8325, 0.765, 0.8325, 0.9, 0.4625, 0.425, 0.4625, 0.5, 0.30525, 0.2805, 0.30525, 0.33, 0.37, 0.34, 0.37, 0.4, 0.555, 0.51, 0.555, 0.6, 0.6475, 0.595, 0.6475, 0.7, 0.37, 0.34, 0.37, 0.4, 0.30525, 0.2805, 0.30525, 0.33, 0.4625, 0.425, 0.4625, 0.5, 0.6475, 0.595, 0.6475, 0.7, 0.74, 0.68, 0.74, 0.8, 0.6475, 0.595, 0.6475, 0.7, 0.4625, 0.425, 0.4625, 0.5, 0.555, 0.51, 0.555, 0.6, 0.6475, 0.595, 0.6475, 0.7, 0.8325, 0.765, 0.8325, 0.9, 0.925, 0.85, 0.925, 1.0, 1.0], [0.7400000000000001, 0.68, 0.7400000000000001, 0.8, 0.666, 0.6120000000000001, 0.666, 0.7200000000000001, 0.37000000000000005, 0.34, 0.37000000000000005, 0.4, 0.24420000000000003, 0.22440000000000004, 0.24420000000000003, 0.264, 0.296, 0.272, 0.296, 0.32000000000000006, 0.44400000000000006, 0.40800000000000003, 0.44400000000000006, 0.48, 0.6475, 0.595, 0.6475, 0.7, 0.37, 0.34, 0.37, 0.4, 0.30525, 0.2805, 0.30525, 0.33, 0.4625, 0.425, 0.4625, 0.5, 0.6475, 0.595, 0.6475, 0.7, 0.74, 0.68, 0.74, 0.8, 0.518, 0.476, 0.518, 0.5599999999999999, 0.37000000000000005, 0.34, 0.37000000000000005, 0.4, 0.44400000000000006, 0.40800000000000003, 0.44400000000000006, 0.48, 0.518, 0.476, 0.518, 0.5599999999999999, 0.666, 0.6120000000000001, 0.666, 0.7200000000000001, 0.7400000000000001, 0.68, 0.7400000000000001, 0.8, 0.8], [0.87875, 0.8075, 0.87875, 0.95, 0.790875, 0.72675, 0.790875, 0.855, 0.439375, 0.40375, 0.439375, 0.475, 0.2899875, 0.266475, 0.2899875, 0.3135, 0.3515, 0.323, 0.3515, 0.38, 0.52725, 0.4845, 0.52725, 0.57, 0.6475, 0.595, 0.6475, 0.7, 0.37, 0.34, 0.37, 0.4, 0.30525, 0.2805, 0.30525, 0.33, 0.4625, 0.425, 0.4625, 0.5, 0.6475, 0.595, 0.6475, 0.7, 0.74, 0.68, 0.74, 0.8, 0.6151249999999999, 0.5652499999999999, 0.6151249999999999, 0.6649999999999999, 0.439375, 0.40375, 0.439375, 0.475, 0.52725, 0.4845, 0.52725, 0.57, 0.6151249999999999, 0.5652499999999999, 0.6151249999999999, 0.6649999999999999, 0.790875, 0.72675, 0.790875, 0.855, 0.87875, 0.8075, 0.87875, 0.95, 0.95]], "clusters": [[-1, 2, 2, 2, 2, 2, 2, 2, 2, 2, 2, 2, 2, 2, 2, 2, 2, 2, 2, 2, 2, 2, 2, 2, 2, 2, 2], [2, -1, 2, 2, 2, 2, 2, 2, 2, 2, 2, 2, 2, 2, 2, 2, 2, 2, 2, 2, 2, 2, 2, 2, 2, 2, 2], [1, 1, -1, 1, 1, 1, 1, 1, 1, 1, 1, 1, 1, 1, 1, 1, 1, 1, 1, 1, 1, 1, 1, 1, 1, 1, 1], [1, 1, 1, -1, 1, 1, 1, 1, 1, 1, 1, 1, 1, 1, 1, 1, 1, 1, 1, 1, 1, 1, 1, 1, 1, 1, 1], [0, 0, 0, 0, -1, 0, 0, 0, 0, 0, 0, 0, 0, 0, 0, 0, 0, 0, 0, 0, 0, 0, 0, 0, 0, 0, 0], [2, 2, 2, 2, 2, -1, 2, 2, 2, 2, 2, 2, 2, 2, 2, 2, 2, 2, 2, 2, 2, 2, 2, 2, 2, 2, 2], [0, 0, 0, 0, 0, 0, -1, 0, 0, 0, 0, 0, 0, 0, 0, 0, 0, 0, 0, 0, 0, 0, 0, 0, 0, 0, 0], [2, 2, 2, 2, 2, 2, 2, -1, 2, 2, 2, 2, 2, 2, 2, 2, 2, 2, 2, 2, 2, 2, 2, 2, 2, 2, 2], [0, 0, 0, 0, 0, 0, 0, 0, -1, 0, 0, 0, 0, 0, 0, 0, 0, 0, 0, 0, 0, 0, 0, 0, 0, 0, 0], [1, 1, 1, 1, 1, 1, 1, 1, 1, -1, 1, 1, 1, 1, 1, 1, 1, 1, 1, 1, 1, 1, 1, 1, 1, 1, 1], [0, 0, 0, 0, 0, 0, 0, 0, 0, 0, -1, 0, 0, 0, 0, 0, 0, 0, 0, 0, 0, 0, 0, 0, 0, 0, 0], [1, 1, 1, 1, 1, 1, 1, 1, 1, 1, 1, -1, 1, 1, 1, 1, 1, 1, 1, 1, 1, 1, 1, 1, 1, 1, 1], [2, 2, 2, 2, 2, 2, 2, 2, 2, 2, 2, 2, -1, 2, 2, 2, 2, 2, 2, 2, 2, 2, 2, 2, 2, 2, 2], [0, 0, 0, 0, 0, 0, 0, 0, 0, 0, 0, 0, 0, -1, 0, 0, 0, 0, 0, 0, 0, 0, 0, 0, 0, 0, 0], [2, 2, 2, 2, 2, 2, 2, 2, 2, 2, 2, 2, 2, 2, -1, 2, 2, 2, 2, 2, 2, 2, 2, 2, 2, 2, 2], [2, 2, 2, 2, 2, 2, 2, 2, 2, 2, 2, 2, 2, 2, 2, -1, 2, 2, 2, 2, 2, 2, 2, 2, 2, 2, 2], [0, 0, 0, 0, 0, 0, 0, 0, 0, 0, 0, 0, 0, 0, 0, 0, -1, 0, 0, 0, 0, 0, 0, 0, 0, 0, 0], [0, 0, 0, 0, 0, 0, 0, 0, 0, 0, 0, 0, 0, 0, 0, 0, 0, -1, 0, 0, 0, 0, 0, 0, 0, 0, 0], [1, 1, 1, 1, 1, 1, 1, 1, 1, 1, 1, 1, 1, 1, 1, 1, 1, 1, -1, 1, 1, 1, 1, 1, 1, 1, 1], [1, 1, 1, 1, 1, 1, 1, 1, 1, 1, 1, 1, 1, 1, 1, 1, 1, 1, 1, -1, 1, 1, 1, 1, 1, 1, 1], [2, 2, 2, 2, 2, 2, 2, 2, 2, 2, 2, 2, 2, 2, 2, 2, 2, 2, 2, 2, -1, 2, 2, 2, 2, 2, 2], [1, 1, 1, 1, 1, 1, 1, 1, 1, 1, 1, 1, 1, 1, 1, 1, 1, 1, 1, 1, 1, -1, 1, 1, 1, 1, 1], [2, 2, 2, 2, 2, 2, 2, 2, 2, 2, 2, 2, 2, 2, 2, 2, 2, 2, 2, 2, 2, 2, -1, 2, 2, 2, 2], [2, 2, 2, 2, 2, 2, 2, 2, 2, 2, 2, 2, 2, 2, 2, 2, 2, 2, 2, 2, 2, 2, 2, -1, 2, 2, 2], [0, 0, 0, 0, 0, 0, 0, 0, 0, 0, 0, 0, 0, 0, 0, 0, 0, 0, 0, 0, 0, 0, 0, 0, -1, 0, 0], [2, 2, 2, 2, 2, 2, 2, 2, 2, 2, 2, 2, 2, 2, 2, 2, 2, 2, 2, 2, 2, 2, 2, 2, 2, -1, 2], [2, 2, 2, 2, 2, 2, 2, 2, 2, 2, 2, 2, 2, 2, 2, 2, 2, 2, 2, 2, 2, 2, 2, 2, 2, 2, -1]], "speed_zone_count": 73, "speed_zones": [[0.0, 15.0], [15.0, 30.0], [30.0, 45.0], [45.0, 60.0], [60.0, 75.0], [75.0, 90.0], [90.0, 105.0], [105.0, 120.0], [120.0, 135.0], [135.0, 150.0], [150.0, 165.0], [165.0, 180.0], [180.0, 195.0], [195.0, 210.0], [210.0, 225.0], [225.0, 240.0], [240.0, 255.0], [255.0, 270.0], [270.0, 285.0], [285.0, 300.0], [300.0, 315.0], [315.0, 330.0], [330.0, 345.0], [345.0, 360.0], [360.0, 375.0], [375.0, 390.0], [390.0, 405.0], [405.0, 420.0], [420.0, 435.0], [435.0, 450.0], [450.0, 465.0], [465.0, 480.0], [480.0, 495.0], [495.0, 510.0], [510.0, 525.0], [525.0, 540.0], [540.0, 555.0], [555.0, 570.0], [570.0, 585.0], [585.0, 600.0], [600.0, 615.0], [615.0, 630.0], [630.0, 645.0], [645.0, 660.0], [660.0, 675.0], [675.0, 690.0], [690.0, 705.0], [705.0, 720.0], [720.0, 735.0], [735.0, 750.0], [750.0, 765.0], [765.0, 780.0], [780.0, 795.0], [795.0, 810.0], [810.0, 825.0], [825.0, 840.0], [840.0, 855.0], [855.0, 870.0], [870.0, 885.0], [885.0, 900.0], [900.0, 915.0], [915.0, 930.0], [930.0, 945.0], [945.0, 960.0], [960.0, 975.0], [975.0, 990.0], [990.0, 1005.0], [1005.0, 1020.0], [1020.0, 1035.0], [1035.0, 1050.0], [1050.0, 1065.0], [1065.0, 1080.0], [1080.0, 5000.0]], "distances": [[0.0, 48.23, 58.59, 49.9, 68.1, 80.26, 74.51, 110.85, 56.82, 92.26, 75.01, 91.37, 53.47, 72.92, 50.0, 68.69, 69.18, 69.96, 88.5, 48.13, 110.7, 77.69, 94.35, 70.16, 69.22, 67.2, 0.0], [0.0, 0.0, 10.6, 9.8, 32.58, 49.7, 27.18, 70.24, 20.35, 50.5, 28.31, 48.67, 5.79, 25.46, 9.03, 21.53, 35.15, 23.92, 44.03, 7.84, 76.85, 47.0, 57.91, 22.61, 28.2, 21.29, 48.23], [0.0, 10.6, 0.0, 15.54, 32.44, 49.57, 19.01, 64.8, 22.76, 45.27, 20.85, 43.0, 5.13, 17.23, 11.41, 11.16, 35.29, 17.79, 37.48, 15.06, 73.99, 47.08, 54.84, 12.05, 25.67, 11.78, 58.59], [0.0, 9.8, 15.54, 0.0, 23.55, 40.37, 25.1, 63.53, 10.85, 44.0, 25.26, 42.59, 13.14, 23.68, 18.75, 26.22, 25.94, 20.11, 38.93, 17.64, 68.42, 37.63, 49.78, 26.56, 20.78, 27.31, 49.9], [0.0, 32.58, 32.44, 23.55, 0.0, 17.28, 24.85, 42.78, 12.88, 25.02, 22.59, 24.92, 33.39, 24.97, 40.67, 38.52, 20.28, 19.48, 24.77, 25.98, 45.03, 14.69, 26.86, 37.5, 8.79, 41.55, 68.1], [0.0, 49.7, 49.57, 40.37, 17.28, 0.0, 39.06, 35.08, 29.52, 24.43, 36.38, 26.31, 50.67, 39.7, 57.93, 54.74, 14.57, 34.86, 30.27, 42.75, 30.44, 26.49, 16.35, 53.47, 24.42, 58.04, 80.26], [0.0, 27.18, 19.01, 25.1, 24.85, 39.06, 0.0, 46.62, 23.51, 27.69, 11.38, 25.07, 23.44, 11.78, 30.42, 17.57, 27.49, 6.12, 18.95, 26.52, 58.18, 37.18, 39.45, 15.77, 16.06, 21.42, 74.51], [0.0, 70.24, 64.8, 63.53, 42.78, 35.08, 46.62, 0.0, 54.45, 19.74, 44.27, 21.8, 68.33, 48.26, 75.89, 63.74, 41.95, 47.09, 27.68, 65.85, 20.39, 36.69, 18.74, 61.73, 42.75, 67.65, 110.85], [0.0, 20.35, 22.76, 10.85, 12.88, 29.52, 23.51, 54.45, 0.0, 35.47, 22.46, 34.56, 22.29, 22.7, 28.98, 31.46, 15.13, 17.43, 32.2, 13.24, 57.91, 26.78, 39.56, 31.09, 12.52, 33.66, 56.82], [0.0, 50.5, 45.27, 44.0, 25.02, 24.43, 27.69, 19.74, 35.47, 0.0, 25.15, 16.48, 48.65, 29.22, 56.24, 45.2, 25.02, 27.49, 9.74, 46.29, 31.22, 24.61, 14.36, 43.3, 23.32, 49.08, 92.26], [0.0, 28.31, 20.85, 25.26, 22.59, 36.38, 11.38, 44.27, 22.46, 25.15, 0.0, 22.61, 25.0, 10.92, 32.21, 20.25, 25.15, 5.26, 16.7, 26.89, 55.47, 34.56, 36.69, 18.49, 13.86, 24.08, 75.01], [0.0, 48.67, 43.0, 42.59, 24.92, 26.31, 25.07, 21.8, 34.56, 16.48, 22.61, 0.0, 46.56, 26.65, 54.1, 42.5, 25.27, 25.29, 6.74, 44.82, 34.21, 26.23, 17.32, 40.57, 22.17, 46.39, 91.37], [0.0, 5.79, 5.13, 13.14, 33.39, 50.67, 23.44, 68.33, 22.29, 48.65, 25.0, 46.56, 0.0, 21.67, 7.67, 15.77, 36.14, 21.29, 41.38, 11.95, 76.43, 48.06, 57.31, 16.92, 27.64, 15.54, 53.47], [0.0, 25.46, 17.23, 23.68, 24.97, 39.7, 11.78, 48.26, 22.7, 29.22, 10.92, 26.65, 21.67, 0.0, 28.64, 16.2, 27.68, 5.66, 20.62, 25.02, 59.52, 37.74, 40.7, 14.49, 16.19, 20.01, 72.92], [0.0, 9.03, 11.41, 18.75, 40.67, 57.93, 30.42, 75.89, 28.98, 56.24, 32.21, 54.1, 7.67, 28.64, 0.0, 19.06, 43.37, 28.8, 48.77, 16.87, 84.07, 55.29, 64.96, 20.8, 35.26, 17.22, 50.0], [0.0, 21.53, 11.16, 26.22, 38.52, 54.74, 17.57, 63.74, 31.46, 45.2, 20.25, 42.5, 15.77, 16.2, 19.06, 0.0, 41.41, 20.0, 36.12, 26.05, 75.72, 52.52, 56.89, 23.2, 30.36, 22.94, 68.69], [0.0, 35.15, 35.29, 25.94, 20.28, 14.57, 27.49, 41.95, 15.13, 25.02, 25.15, 25.27, 36.14, 27.68, 43.37, 41.41, 0.0, 22.25, 25.87, 28.35, 43.02, 11.92, 25.3, 40.37, 11.49, 44.45, 69.18], [0.0, 23.92, 17.79, 20.11, 19.48, 34.86, 6.12, 47.09, 17.43, 27.49, 5.26, 25.29, 21.29, 5.66, 28.8, 20.0, 22.25, 0.0, 20.17, 21.83, 56.6, 32.75, 37.52, 18.63, 10.79, 23.52, 69.96], [0.0, 44.03, 37.48, 38.93, 24.77, 30.27, 18.95, 27.68, 32.2, 9.74, 16.7, 6.74, 41.38, 20.62, 48.77, 36.12, 25.87, 20.17, 0.0, 41.01, 40.94, 29.63, 23.69, 34.15, 19.74, 40.03, 88.5], [0.0, 7.84, 15.06, 17.64, 25.98, 42.75, 26.52, 65.85, 13.24, 46.29, 26.89, 44.82, 11.95, 25.02, 16.87, 26.05, 28.35, 21.83, 41.01, 0.0, 70.86, 40.01, 52.2, 26.59, 23.12, 26.8, 48.13], [0.0, 76.85, 73.99, 68.42, 45.03, 30.44, 58.18, 20.39, 57.91, 31.22, 55.47, 34.21, 76.43, 59.52, 84.07, 75.72, 43.02, 56.6, 40.94, 70.86, 0.0, 33.04, 19.14, 73.94, 48.82, 79.53, 110.7], [0.0, 47.0, 47.08, 37.63, 14.69, 26.49, 37.18, 36.69, 26.78, 24.61, 34.56, 26.23, 48.06, 37.74, 55.29, 52.52, 11.92, 32.75, 29.63, 40.01, 33.04, 0.0, 18.09, 51.31, 22.16, 55.76, 77.69], [0.0, 57.91, 54.84, 49.78, 26.86, 16.35, 39.45, 18.74, 39.56, 14.36, 36.69, 17.32, 57.31, 40.7, 64.96, 56.89, 25.3, 37.52, 23.69, 52.2, 19.14, 18.09, 0.0, 55.18, 29.77, 60.65, 94.35], [0.0, 22.61, 12.05, 26.56, 37.5, 53.47, 15.77, 61.73, 31.09, 43.3, 18.49, 40.57, 16.92, 14.49, 20.8, 23.2, 40.37, 18.63, 34.15, 26.59, 73.94, 51.31, 55.18, 0.0, 29.18, 5.97, 70.16], [0.0, 28.2, 25.67, 20.78, 8.79, 24.42, 16.06, 42.75, 12.52, 23.32, 13.86, 22.17, 27.64, 16.19, 35.26, 30.36, 11.49, 10.79, 19.74, 23.12, 48.82, 22.16, 29.77, 29.18, 0.0, 33.62, 69.22], [0.0, 21.29, 11.78, 27.31, 41.55, 58.04, 21.42, 67.65, 33.66, 49.08, 24.08, 46.39, 15.54, 20.01, 17.22, 22.94, 44.45, 23.52, 40.03, 26.8, 79.53, 55.76, 60.65, 5.97, 33.62, 0.0, 67.2], [0.0, 0.0, 0.0, 0.0, 0.0, 0.0, 0.0, 0.0, 0.0, 0.0, 0.0, 0.0, 0.0, 0.0, 0.0, 0.0, 0.0, 0.0, 0.0, 0.0, 0.0, 0.0, 0.0, 0.0, 0.0, 0.0, 0.0]], "time_windows": [[0.0, 5000.0], [0.0, 93.0], [0.0, 104.0], [0.0, 124.0], [0.0, 152.0], [0.0, 182.0], [0.0, 288.0], [0.0, 390.0], [0.0, 487.0], [0.0, 590.0], [0.0, 643.0], [0.0, 679.0], [0.0, 745.0], [0.0, 775.0], [0.0, 819.0], [0.0, 861.0], [0.0, 938.0], [0.0, 974.0], [0.0, 1003.0], [0.0, 1053.0], [0.0, 1129.0], [0.0, 1162.0], [0.0, 1180.0], [0.0, 1235.0], [0.0, 1265.0], [0.0, 1298.0], [0.0, 5000.0]], "start_depot": 0, "end_depot": 26, "horizon": [0.0, 5000.0]}