{"digraph": {"vertex_count": 27, "arc_count": 650, "arcs": [[0, 1, 1, 1, 1, 1, 1, 1, 1, 1, 1, 1, 1, 1, 1, 1, 1, 1, 1, 1, 1, 1, 1, 1, 1, 1, 1], [0, 0, 1, 1, 1, 1, 1, 1, 1, 1, 1, 1, 1, 1, 1, 1, 1, 1, 1, 1, 1, 1, 1, 1, 1, 1, 1], [0, 1, 0, 1, 1, 1, 1, 1, 1, 1, 1, 1, 1, 1, 1, 1, 1, 1, 1, 1, 1, 1, 1, 1, 1, 1, 1], [0, 1, 1, 0, 1, 1, 1, 1, 1, 1, 1, 1, 1, 1, 1, 1, 1, 1, 1, 1, 1, 1, 1, 1, 1, 1, 1], [0, 1, 1, 1, 0, 1, 1, 1, 1, 1, 1, 1, 1, 1, 1, 1, 1, 1, 1, 1, 1, 1, 1, 1, 1, 1, 1], [0, 1, 1, 1, 1, 0, 1, 1, 1, 1, 1, 1, 1, 1, 1, 1, 1, 1, 1, 1, 1, 1, 1, 1, 1, 1, 1], [0, 1, 1, 1, 1, 1, 0, 1, 1, 1, 1, 1, 1, 1, 1, 1, 1, 1, 1, 1, 1, 1, 1, 1, 1, 1, 1], [0, 1, 1, 1, 1, 1, 1, 0, 1, 1, 1, 1, 1, 1, 1, 1, 1, 1, 1, 1, 1, 1, 1, 1, 1, 1, 1], [0, 1, 1, 1, 1, 1, 1, 1, 0, 1, 1, 1, 1, 1, 1, 1, 1, 1, 1, 1, 1, 1, 1, 1, 1, 1, 1], [0, 1, 1, 1, 1, 1, 1, 1, 1, 0, 1, 1, 1, 1, 1, 1, 1, 1, 1, 1, 1, 1, 1, 1, 1, 1, 1], [0, 1, 1, 1, 1, 1, 1, 1, 1, 1, 0, 1, 1, 1, 1, 1, 1, 1, 1, 1, 1, 1, 1, 1, 1, 1, 1], [0, 1, 1, 1, 1, 1, 1, 1, 1, 1, 1, 0, 1, 1, 1, 1, 1, 1, 1, 1, 1, 1, 1, 1, 1, 1, 1], [0, 1, 1, 1, 1, 1, 1, 1, 1, 1, 1, 1, 0, 1, 1, 1, 1, 1, 1, 1, 1, 1, 1, 1, 1, 1, 1], [0, 1, 1, 1, 1, 1, 1, 1, 1, 1, 1, 1, 1, 0, 1, 1, 1, 1, 1, 1, 1, 1, 1, 1, 1, 1, 1], [0, 1, 1, 1, 1, 1, 1, 1, 1, 1, 1, 1, 1, 1, 0, 1, 1, 1, 1, 1, 1, 1, 1, 1, 1, 1, 1], [0, 1, 1, 1, 1, 1, 1, 1, 1, 1, 1, 1, 1, 1, 1, 0, 1, 1, 1, 1, 1, 1, 1, 1, 1, 1, 1], [0, 1, 1, 1, 1, 1, 1, 1, 1, 1, 1, 1, 1, 1, 1, 1, 0, 1, 1, 1, 1, 1, 1, 1, 1, 1, 1], [0, 1, 1, 1, 1, 1, 1, 1, 1, 1, 1, 1, 1, 1, 1, 1, 1, 0, 1, 1, 1, 1, 1, 1, 1, 1, 1], [0, 1, 1, 1, 1, 1, 1, 1, 1, 1, 1, 1, 1, 1, 1, 1, 1, 1, 0, 1, 1, 1, 1, 1, 1, 1, 1], [0, 1, 1, 1, 1, 1, 1, 1, 1, 1, 1, 1, 1, 1, 1, 1, 1, 1, 1, 0, 1, 1, 1, 1, 1, 1, 1], [0, 1, 1, 1, 1, 1, 1, 1, 1, 1, 1, 1, 1, 1, 1, 1, 1, 1, 1, 1, 0, 1, 1, 1, 1, 1, 1], [0, 1, 1, 1, 1, 1, 1, 1, 1, 1, 1, 1, 1, 1, 1, 1, 1, 1, 1, 1, 1, 0, 1, 1, 1, 1, 1], [0, 1, 1, 1, 1, 1, 1, 1, 1, 1, 1, 1, 1, 1, 1, 1, 1, 1, 1, 1, 1, 1, 0, 1, 1, 1, 1], [0, 1, 1, 1, 1, 1, 1, 1, 1, 1, 1, 1, 1, 1, 1, 1, 1, 1, 1, 1, 1, 1, 1, 0, 1, 1, 1], [0, 1, 1, 1, 1, 1, 1, 1, 1, 1, 1, 1, 1, 1, 1, 1, 1, 1, 1, 1, 1, 1, 1, 1, 0, 1, 1], [0, 1, 1, 1, 1, 1, 1, 1, 1, 1, 1, 1, 1, 1, 1, 1, 1, 1, 1, 1, 1, 1, 1, 1, 1, 0, 1], [0, 0, 0, 0, 0, 0, 0, 0, 0, 0, 0, 0, 0, 0, 0, 0, 0, 0, 0, 0, 0, 0, 0, 0, 0, 0, 0]]}, "cluster_count": 3, "cluster_speeds": [[0.925, 0.85, 0.925, 1.0, 0.8325, 0.765, 0.8325, 0.9, 0.4625, 0.425, 0.4625, 0.5, 0.30525, 0.2805, 0.30525, 0.33, 0.37, 0.34, 0.37, 0.4, 0.555, 0.51, 0.555, 0.6, 0.6475, 0.595, 0.6475, 0.7, 0.37, 0.34, 0.37, 0.4, 0.30525, 0.2805, 0.30525, 0.33, 0.4625, 0.425, 0.4625, 0.5, 0.6475, 0.595, 0.6475, 0.7, 0.74, 0.68, 0.74, 0.8, 0.6475, 0.595, 0.6475, 0.7, 0.4625, 0.425, 0.4625, 0.5, 0.555, 0.51, 0.555, 0.6, 0.6475, 0.595, 0.6475, 0.7, 0.8325, 0.765, 0.8325, 0.9, 0.925, 0.85, 0.925, 1.0, 1.0], [0.7400000000000001, 0.68, 0.7400000000000001, 0.8, 0.666, 0.6120000000000001, 0.666, 0.7200000000000001, 0.37000000000000005, 0.34, 0.37000000000000005, 0.4, 0.24420000000000003, 0.22440000000000004, 0.24420000000000003, 0.264, 0.296, 0.272, 0.296, 0.32000000000000006, 0.44400000000000006, 0.40800000000000003, 0.44400000000000006, 0.48, 0.6475, 0.595, 0.6475, 0.7, 0.37, 0.34, 0.37, 0.4, 0.30525, 0.2805, 0.30525, 0.33, 0.4625, 0.425, 0.4625, 0.5, 0.6475, 0.595, 0.6475, 0.7, 0.74, 0.68, 0.74, 0.8, 0.518, 0.476, 0.518, 0.5599999999999999, 0.37000000000000005, 0.34, 0.37000000000000005, 0.4, 0.44400000000000006, 0.40800000000000003, 0.44400000000000006, 0.48, 0.518, 0.476, 0.518, 0.5599999999999999, 0.666, 0.6120000000000001, 0.666, 0.7200000000000001, 0.7400000000000001, 0.68, 0.7400000000000001, 0.8, 0.8], [0.87875, 0.8075, 0.87875, 0.95, 0.790875, 0.72675, 0.790875, 0.855, 0.439375, 0.40375, 0.439375, 0.475, 0.2899875, 0.266475, 0.2899875, 0.3135, 0.3515, 0.323, 0.3515, 0.38, 0.52725, 0.4845, 0.52725, 0.57, 0.6475, 0.595, 0.6475, 0.7, 0.37, 0.34, 0.37, 0.4, 0.30525, 0.2805, 0.30525, 0.33, 0.4625, 0.425, 0.4625, 0.5, 0.6475, 0.595, 0.6475, 0.7, 0.74, 0.68, 0.74, 0.8, 0.6151249999999999, 0.5652499999999999, 0.6151249999999999, 0.6649999999999999, 0.439375, 0.40375, 0.439375, 0.475, 0.52725, 0.4845, 0.52725, 0.57, 0.6151249999999999, 0.5652499999999999, 0.6151249999999999, 0.6649999999999999, 0.790875, 0.72675, 0.790875, 0.855, 0.87875, 0.8075, 0.87875, 0.95, 0.95]], "clusters": [[-1, 2, 2, 2, 2, 2, 2, 2, 2, 2, 2, 2, 2, 2, 2, 2, 2, 2, 2, 2, 2, 2, 2, 2, 2, 2, 2], [0, -1, 0, 0, 0, 0, 0, 0, 0, 0, 0, 0, 0, 0, 0, 0, 0, 0, 0, 0, 0, 0, 0, 0, 0, 0, 0], [1, 1, -1, 1, 1, 1, 1, 1, 1, 1, 1, 1, 1, 1, 1, 1, 1, 1, 1, 1, 1, 1, 1, 1, 1, 1, 1], [0, 0, 0, -1, 0, 0, 0, 0, 0, 0, 0, 0, 0, 0, 0, 0, 0, 0, 0, 0, 0, 0, 0, 0, 0, 0, 0], [0, 0, 0, 0, -1, 0, 0, 0, 0, 0, 0, 0, 0, 0, 0, 0, 0, 0, 0, 0, 0, 0, 0, 0, 0, 0, 0], [0, 0, 0, 0, 0, -1, 0, 0, 0, 0, 0, 0, 0, 0, 0, 0, 0, 0, 0, 0, 0, 0, 0, 0, 0, 0, 0], [0, 0, 0, 0, 0, 0, -1, 0, 0, 0, 0, 0, 0, 0, 0, 0, 0, 0, 0, 0, 0, 0, 0, 0, 0, 0, 0], [1, 1, 1, 1, 1, 1, 1, -1, 1, 1, 1, 1, 1, 1, 1, 1, 1, 1, 1, 1, 1, 1, 1, 1, 1, 1, 1], [1, 1, 1, 1, 1, 1, 1, 1, -1, 1, 1, 1, 1, 1, 1, 1, 1, 1, 1, 1, 1, 1, 1, 1, 1, 1, 1], [0, 0, 0, 0, 0, 0, 0, 0, 0, -1, 0, 0, 0, 0, 0, 0, 0, 0, 0, 0, 0, 0, 0, 0, 0, 0, 0], [2, 2, 2, 2, 2, 2, 2, 2, 2, 2, -1, 2, 2, 2, 2, 2, 2, 2, 2, 2, 2, 2, 2, 2, 2, 2, 2], [1, 1, 1, 1, 1, 1, 1, 1, 1, 1, 1, -1, 1, 1, 1, 1, 1, 1, 1, 1, 1, 1, 1, 1, 1, 1, 1], [0, 0, 0, 0, 0, 0, 0, 0, 0, 0, 0, 0, -1, 0, 0, 0, 0, 0, 0, 0, 0, 0, 0, 0, 0, 0, 0], [0, 0, 0, 0, 0, 0, 0, 0, 0, 0, 0, 0, 0, -1, 0, 0, 0, 0, 0, 0, 0, 0, 0, 0, 0, 0, 0], [1, 1, 1, 1, 1, 1, 1, 1, 1, 1, 1, 1, 1, 1, -1, 1, 1, 1, 1, 1, 1, 1, 1, 1, 1, 1, 1], [1, 1, 1, 1, 1, 1, 1, 1, 1, 1, 1, 1, 1, 1, 1, -1, 1, 1, 1, 1, 1, 1, 1, 1, 1, 1, 1], [0, 0, 0, 0, 0, 0, 0, 0, 0, 0, 0, 0, 0, 0, 0, 0, -1, 0, 0, 0, 0, 0, 0, 0, 0, 0, 0], [2, 2, 2, 2, 2, 2, 2, 2, 2, 2, 2, 2, 2, 2, 2, 2, 2, -1, 2, 2, 2, 2, 2, 2, 2, 2, 2], [1, 1, 1, 1, 1, 1, 1, 1, 1, 1, 1, 1, 1, 1, 1, 1, 1, 1, -1, 1, 1, 1, 1, 1, 1, 1, 1], [1, 1, 1, 1, 1, 1, 1, 1, 1, 1, 1, 1, 1, 1, 1, 1, 1, 1, 1, -1, 1, 1, 1, 1, 1, 1, 1], [2, 2, 2, 2, 2, 2, 2, 2, 2, 2, 2, 2, 2, 2, 2, 2, 2, 2, 2, 2, -1, 2, 2, 2, 2, 2, 2], [1, 1, 1, 1, 1, 1, 1, 1, 1, 1, 1, 1, 1, 1, 1, 1, 1, 1, 1, 1, 1, -1, 1, 1, 1, 1, 1], [0, 0, 0, 0, 0, 0, 0, 0, 0, 0, 0, 0, 0, 0, 0, 0, 0, 0, 0, 0, 0, 0, -1, 0, 0, 0, 0], [0, 0, 0, 0, 0, 0, 0, 0, 0, 0, 0, 0, 0, 0, 0, 0, 0, 0, 0, 0, 0, 0, 0, -1, 0, 0, 0], [1, 1, 1, 1, 1, 1, 1, 1, 1, 1, 1, 1, 1, 1, 1, 1, 1, 1, 1, 1, 1, 1, 1, 1, -1, 1, 1], [0, 0, 0, 0, 0, 0, 0, 0, 0, 0, 0, 0, 0, 0, 0, 0, 0, 0, 0, 0, 0, 0, 0, 0, 0, -1, 0], [2, 2, 2, 2, 2, 2, 2, 2, 2, 2, 2, 2, 2, 2, 2, 2, 2, 2, 2, 2, 2, 2, 2, 2, 2, 2, -1]], "speed_zone_count": 73, "speed_zones": [[0.0, 15.0], [15.0, 30.0], [30.0, 45.0], [45.0, 60.0], [60.0, 75.0], [75.0, 90.0], [90.0, 105.0], [105.0, 120.0], [120.0, 135.0], [135.0, 150.0], [150.0, 165.0], [165.0, 180.0], [180.0, 195.0], [195.0, 210.0], [210.0, 225.0], [225.0, 240.0], [240.0, 255.0], [255.0, 270.0], [270.0, 285.0], [285.0, 300.0], [300.0, 315.0], [315.0, 330.0], [330.0, 345.0], [345.0, 360.0], [360.0, 375.0], [375.0, 390.0], [390.0, 405.0], [405.0, 420.0], [420.0, 435.0], [435.0, 450.0], [450.0, 465.0], [465.0, 480.0], [480.0, 495.0], [495.0, 510.0], [510.0, 525.0], [525.0, 540.0], [540.0, 555.0], [555.0, 570.0], [570.0, 585.0], [585.0, 600.0], [600.0, 615.0], [615.0, 630.0], [630.0, 645.0], [645.0, 660.0], [660.0, 675.0], [675.0, 690.0], [690.0, 705.0], [705.0, 720.0], [720.0, 735.0], [735.0, 750.0], [750.0, 765.0], [765.0, 780.0], [780.0, 795.0], [795.0, 810.0], [810.0, 825.0], [825.0, 840.0], [840.0, 855.0], [855.0, 870.0], [870.0, 885.0], [885.0, 900.0], [900.0, 915.0], [915.0, 930.0], [930.0, 945.0], [945.0, 960.0], [960.0, 975.0], [975.0, 990.0], [990.0, 1005.0], [1005.0, 1020.0], [1020.0, 1035.0], [1035.0, 1050.0], [1050.0, 1065.0], [1065.0, 1080.0], [1080.0, 5000.0]], "distances": [[0.0, 65.61, 50.95, 73.95, 74.04, 64.67, 79.76, 47.64, 51.23, 73.3, 82.06, 55.61, 73.72, 64.15, 49.64, 53.56, 76.97, 44.87, 78.39, 55.37, 108.18, 84.32, 67.93, 69.04, 71.71, 67.28, 0.0], [0.0, 0.0, 14.94, 9.97, 11.19, 15.26, 21.67, 18.24, 19.16, 7.71, 45.14, 17.01, 13.7, 10.85, 16.0, 18.55, 25.89, 22.68, 30.87, 15.47, 47.53, 28.28, 18.36, 4.41, 30.84, 13.9, 65.61], [0.0, 14.94, 0.0, 24.32, 24.99, 21.29, 33.78, 6.2, 13.71, 22.61, 50.78, 15.49, 26.12, 18.06, 18.36, 15.25, 35.12, 8.34, 39.11, 13.61, 61.42, 39.93, 25.46, 18.89, 36.14, 16.93, 50.95], [0.0, 9.97, 24.32, 0.0, 12.38, 14.21, 12.81, 26.34, 24.31, 5.46, 39.58, 20.7, 5.94, 11.5, 24.59, 22.73, 19.08, 32.38, 24.36, 19.96, 37.56, 19.37, 15.07, 5.58, 26.59, 7.63, 73.95], [0.0, 11.19, 24.99, 12.38, 0.0, 12.93, 10.97, 26.56, 23.86, 7.45, 37.59, 20.04, 16.41, 10.73, 24.98, 22.12, 17.08, 33.18, 22.36, 19.49, 36.55, 17.57, 13.39, 6.79, 24.68, 8.79, 74.04], [0.0, 15.26, 21.29, 14.21, 12.93, 0.0, 15.1, 19.68, 13.47, 17.98, 30.56, 9.07, 10.44, 4.44, 19.4, 11.11, 13.99, 29.32, 17.82, 9.62, 43.53, 20.02, 4.17, 13.61, 15.91, 13.98, 64.67], [0.0, 21.67, 33.78, 12.81, 10.97, 15.1, 0.0, 33.8, 28.54, 18.16, 28.56, 24.15, 8.0, 16.22, 32.88, 26.21, 8.43, 42.12, 13.27, 24.49, 28.5, 6.63, 12.31, 17.47, 18.25, 19.31, 79.76], [0.0, 18.24, 6.2, 26.34, 26.56, 19.68, 33.8, 0.0, 8.79, 25.84, 47.29, 11.9, 26.78, 17.58, 19.06, 10.93, 33.63, 10.79, 36.99, 10.43, 62.13, 39.45, 23.75, 21.42, 32.97, 19.72, 47.64], [0.0, 19.16, 13.71, 24.31, 23.86, 13.47, 28.54, 8.79, 0.0, 25.67, 38.67, 4.41, 22.8, 13.27, 10.27, 19.72, 26.65, 19.58, 29.34, 4.37, 57.0, 33.39, 17.01, 20.71, 24.6, 19.65, 51.23], [0.0, 7.71, 22.61, 5.46, 7.45, 17.98, 18.16, 25.84, 25.67, 0.0, 44.93, 22.71, 11.32, 14.34, 23.68, 24.56, 24.51, 30.14, 29.78, 21.55, 41.18, 24.63, 19.66, 4.98, 31.65, 6.2, 73.3], [0.0, 45.14, 50.78, 39.58, 37.59, 30.56, 28.56, 47.29, 38.67, 44.93, 0.0, 35.51, 33.64, 34.85, 48.07, 36.37, 20.62, 57.98, 15.39, 37.26, 40.47, 24.56, 26.87, 42.2, 14.72, 43.32, 82.06], [0.0, 17.01, 15.49, 20.7, 20.04, 9.07, 24.15, 11.9, 4.41, 22.71, 35.51, 0.0, 18.65, 9.31, 12.57, 20.18, 22.35, 22.48, 25.27, 8.79, 52.6, 28.98, 12.63, 17.73, 21.09, 17.0, 55.61], [0.0, 13.7, 26.12, 5.94, 16.41, 10.44, 8.0, 26.78, 22.8, 11.32, 33.64, 18.65, 0.0, 9.59, 25.56, 20.77, 13.19, 34.44, 18.46, 18.48, 35.43, 14.58, 9.97, 9.61, 20.78, 11.37, 73.72], [0.0, 10.85, 18.06, 11.5, 10.73, 4.44, 16.22, 17.58, 13.27, 14.34, 34.85, 9.31, 9.59, 0.0, 16.75, 11.41, 17.18, 26.32, 21.54, 8.92, 44.6, 22.02, 8.05, 9.63, 20.28, 9.72, 64.15], [0.0, 16.0, 18.36, 24.59, 24.98, 19.4, 32.88, 19.06, 10.27, 23.68, 48.07, 12.57, 25.56, 16.75, 0.0, 12.03, 33.39, 10.02, 37.05, 10.83, 60.99, 38.77, 23.56, 19.45, 33.56, 17.65, 49.64], [0.0, 18.55, 15.25, 22.73, 22.12, 11.11, 26.21, 10.93, 19.72, 24.56, 36.37, 20.18, 20.77, 11.41, 12.03, 0.0, 24.12, 21.69, 26.8, 20.33, 54.62, 30.93, 14.52, 19.57, 22.17, 18.73, 53.56], [0.0, 25.89, 35.12, 19.08, 17.08, 13.99, 8.43, 33.63, 26.65, 24.51, 20.62, 22.35, 13.19, 17.18, 33.39, 24.12, 0.0, 43.26, 5.28, 23.35, 32.0, 8.13, 9.88, 22.36, 10.06, 23.79, 76.97], [0.0, 22.68, 8.34, 32.38, 33.18, 29.32, 42.12, 10.79, 19.58, 30.14, 57.98, 22.48, 34.44, 26.32, 10.02, 21.69, 43.26, 0.0, 47.04, 20.82, 69.68, 48.25, 33.48, 26.86, 43.54, 24.85, 44.87], [0.0, 30.87, 39.11, 24.36, 22.36, 17.82, 13.27, 36.99, 29.34, 29.78, 15.39, 25.27, 18.46, 21.54, 37.05, 26.8, 5.28, 47.04, 0.0, 26.56, 32.56, 10.62, 13.67, 27.49, 7.66, 28.84, 78.39], [0.0, 15.47, 13.61, 19.96, 19.49, 9.62, 24.49, 10.43, 4.37, 21.55, 37.26, 8.79, 18.48, 8.92, 10.83, 20.33, 23.35, 20.82, 26.56, 0.0, 53.0, 29.64, 13.5, 16.57, 22.73, 15.67, 55.37], [0.0, 47.53, 61.42, 37.56, 36.55, 43.53, 28.5, 62.13, 57.0, 41.18, 40.47, 52.6, 35.43, 44.6, 60.99, 54.62, 32.0, 69.68, 32.56, 53.0, 0.0, 24.08, 40.29, 43.14, 40.22, 45.18, 108.18], [0.0, 28.28, 39.93, 19.37, 17.57, 20.02, 6.63, 39.45, 33.39, 24.63, 24.56, 28.98, 14.58, 22.02, 38.77, 30.93, 8.13, 48.25, 10.62, 29.64, 24.08, 0.0, 16.42, 24.1, 17.62, 25.93, 84.32], [0.0, 18.36, 25.46, 15.07, 13.39, 4.17, 12.31, 23.75, 17.01, 19.66, 26.87, 12.63, 9.97, 8.05, 23.56, 14.52, 9.88, 33.48, 13.67, 13.5, 40.29, 16.42, 0.0, 15.93, 12.48, 16.73, 67.93], [0.0, 4.41, 18.89, 5.58, 6.79, 13.61, 17.47, 21.42, 20.71, 4.98, 42.2, 17.73, 9.61, 9.63, 19.45, 19.57, 22.36, 26.86, 27.49, 16.57, 43.14, 24.1, 15.93, 0.0, 28.3, 11.18, 69.04], [0.0, 30.84, 36.14, 26.59, 24.68, 15.91, 18.25, 32.97, 24.6, 31.65, 14.72, 21.09, 20.78, 20.28, 33.56, 22.17, 10.06, 43.54, 7.66, 22.73, 40.22, 17.62, 12.48, 28.3, 0.0, 29.2, 71.71], [0.0, 13.9, 16.93, 7.63, 8.79, 13.98, 19.31, 19.72, 19.65, 6.2, 43.32, 17.0, 11.37, 9.72, 17.65, 18.73, 23.79, 24.85, 28.84, 15.67, 45.18, 25.93, 16.73, 11.18, 29.2, 0.0, 67.28], [0.0, 0.0, 0.0, 0.0, 0.0, 0.0, 0.0, 0.0, 0.0, 0.0, 0.0, 0.0, 0.0, 0.0, 0.0, 0.0, 0.0, 0.0, 0.0, 0.0, 0.0, 0.0, 0.0, 0.0, 0.0, 0.0, 0.0]], "time_windows": [[0.0, 5000.0], [0.0, 113.0], [0.0, 132.0], [0.0, 160.0], [0.0, 187.0], [0.0, 214.0], [0.0, 261.0], [0.0, 350.0], [0.0, 367.0], [0.0, 411.0], [0.0, 496.0], [0.0, 597.0], [0.0, 637.0], [0.0, 653.0], [0.0, 680.0], [0.0, 698.0], [0.0, 732.0], [0.0, 794.0], [0.0, 883.0], [0.0, 932.0], [0.0, 1011.0], [0.0, 1041.0], [0.0, 1060.0], [0.0, 1077.0], [0.0, 1109.0], [0.0, 1138.0], [0.0, 5000.0]], "start_depot": 0, "end_depot": 26, "horizon": [0.0, 5000.0]}