{"digraph": {"vertex_count": 27, "arc_count": 650, "arcs": [[0, 1, 1, 1, 1, 1, 1, 1, 1, 1, 1, 1, 1, 1, 1, 1, 1, 1, 1, 1, 1, 1, 1, 1, 1, 1, 1], [0, 0, 1, 1, 1, 1, 1, 1, 1, 1, 1, 1, 1, 1, 1, 1, 1, 1, 1, 1, 1, 1, 1, 1, 1, 1, 1], [0, 1, 0, 1, 1, 1, 1, 1, 1, 1, 1, 1, 1, 1, 1, 1, 1, 1, 1, 1, 1, 1, 1, 1, 1, 1, 1], [0, 1, 1, 0, 1, 1, 1, 1, 1, 1, 1, 1, 1, 1, 1, 1, 1, 1, 1, 1, 1, 1, 1, 1, 1, 1, 1], [0, 1, 1, 1, 0, 1, 1, 1, 1, 1, 1, 1, 1, 1, 1, 1, 1, 1, 1, 1, 1, 1, 1, 1, 1, 1, 1], [0, 1, 1, 1, 1, 0, 1, 1, 1, 1, 1, 1, 1, 1, 1, 1, 1, 1, 1, 1, 1, 1, 1, 1, 1, 1, 1], [0, 1, 1, 1, 1, 1, 0, 1, 1, 1, 1, 1, 1, 1, 1, 1, 1, 1, 1, 1, 1, 1, 1, 1, 1, 1, 1], [0, 1, 1, 1, 1, 1, 1, 0, 1, 1, 1, 1, 1, 1, 1, 1, 1, 1, 1, 1, 1, 1, 1, 1, 1, 1, 1], [0, 1, 1, 1, 1, 1, 1, 1, 0, 1, 1, 1, 1, 1, 1, 1, 1, 1, 1, 1, 1, 1, 1, 1, 1, 1, 1], [0, 1, 1, 1, 1, 1, 1, 1, 1, 0, 1, 1, 1, 1, 1, 1, 1, 1, 1, 1, 1, 1, 1, 1, 1, 1, 1], [0, 1, 1, 1, 1, 1, 1, 1, 1, 1, 0, 1, 1, 1, 1, 1, 1, 1, 1, 1, 1, 1, 1, 1, 1, 1, 1], [0, 1, 1, 1, 1, 1, 1, 1, 1, 1, 1, 0, 1, 1, 1, 1, 1, 1, 1, 1, 1, 1, 1, 1, 1, 1, 1], [0, 1, 1, 1, 1, 1, 1, 1, 1, 1, 1, 1, 0, 1, 1, 1, 1, 1, 1, 1, 1, 1, 1, 1, 1, 1, 1], [0, 1, 1, 1, 1, 1, 1, 1, 1, 1, 1, 1, 1, 0, 1, 1, 1, 1, 1, 1, 1, 1, 1, 1, 1, 1, 1], [0, 1, 1, 1, 1, 1, 1, 1, 1, 1, 1, 1, 1, 1, 0, 1, 1, 1, 1, 1, 1, 1, 1, 1, 1, 1, 1], [0, 1, 1, 1, 1, 1, 1, 1, 1, 1, 1, 1, 1, 1, 1, 0, 1, 1, 1, 1, 1, 1, 1, 1, 1, 1, 1], [0, 1, 1, 1, 1, 1, 1, 1, 1, 1, 1, 1, 1, 1, 1, 1, 0, 1, 1, 1, 1, 1, 1, 1, 1, 1, 1], [0, 1, 1, 1, 1, 1, 1, 1, 1, 1, 1, 1, 1, 1, 1, 1, 1, 0, 1, 1, 1, 1, 1, 1, 1, 1, 1], [0, 1, 1, 1, 1, 1, 1, 1, 1, 1, 1, 1, 1, 1, 1, 1, 1, 1, 0, 1, 1, 1, 1, 1, 1, 1, 1], [0, 1, 1, 1, 1, 1, 1, 1, 1, 1, 1, 1, 1, 1, 1, 1, 1, 1, 1, 0, 1, 1, 1, 1, 1, 1, 1], [0, 1, 1, 1, 1, 1, 1, 1, 1, 1, 1, 1, 1, 1, 1, 1, 1, 1, 1, 1, 0, 1, 1, 1, 1, 1, 1], [0, 1, 1, 1, 1, 1, 1, 1, 1, 1, 1, 1, 1, 1, 1, 1, 1, 1, 1, 1, 1, 0, 1, 1, 1, 1, 1], [0, 1, 1, 1, 1, 1, 1, 1, 1, 1, 1, 1, 1, 1, 1, 1, 1, 1, 1, 1, 1, 1, 0, 1, 1, 1, 1], [0, 1, 1, 1, 1, 1, 1, 1, 1, 1, 1, 1, 1, 1, 1, 1, 1, 1, 1, 1, 1, 1, 1, 0, 1, 1, 1], [0, 1, 1, 1, 1, 1, 1, 1, 1, 1, 1, 1, 1, 1, 1, 1, 1, 1, 1, 1, 1, 1, 1, 1, 0, 1, 1], [0, 1, 1, 1, 1, 1, 1, 1, 1, 1, 1, 1, 1, 1, 1, 1, 1, 1, 1, 1, 1, 1, 1, 1, 1, 0, 1], [0, 0, 0, 0, 0, 0, 0, 0, 0, 0, 0, 0, 0, 0, 0, 0, 0, 0, 0, 0, 0, 0, 0, 0, 0, 0, 0]]}, "cluster_count": 3, "cluster_speeds": [[0.7400000000000001, 0.68, 0.7400000000000001, 0.8, 0.666, 0.6120000000000001, 0.666, 0.7200000000000001, 0.37000000000000005, 0.34, 0.37000000000000005, 0.4, 0.24420000000000003, 0.22440000000000004, 0.24420000000000003, 0.264, 0.296, 0.272, 0.296, 0.32000000000000006, 0.44400000000000006, 0.40800000000000003, 0.44400000000000006, 0.48, 0.6475, 0.595, 0.6475, 0.7, 0.37, 0.34, 0.37, 0.4, 0.30525, 0.2805, 0.30525, 0.33, 0.4625, 0.425, 0.4625, 0.5, 0.6475, 0.595, 0.6475, 0.7, 0.74, 0.68, 0.74, 0.8, 0.518, 0.476, 0.518, 0.5599999999999999, 0.37000000000000005, 0.34, 0.37000000000000005, 0.4, 0.44400000000000006, 0.40800000000000003, 0.44400000000000006, 0.48, 0.518, 0.476, 0.518, 0.5599999999999999, 0.666, 0.6120000000000001, 0.666, 0.7200000000000001, 0.7400000000000001, 0.68, 0.7400000000000001, 0.8, 0.8], [0.8325, 0.765, 0.8325, 0.9, 0.7492500000000001, 0.6885, 0.7492500000000001, 0.81, 0.41625, 0.3825, 0.41625, 0.45, 0.27472500000000005, 0.25245, 0.27472500000000005, 0.29700000000000004, 0.333, 0.30600000000000005, 0.333, 0.36000000000000004, 0.49950000000000006, 0.459, 0.49950000000000006, 0.54, 0.6475, 0.595, 0.6475, 0.7, 0.37, 0.34, 0.37, 0.4, 0.30525, 0.2805, 0.30525, 0.33, 0.4625, 0.425, 0.4625, 0.5, 0.6475, 0.595, 0.6475, 0.7, 0.74, 0.68, 0.74, 0.8, 0.58275, 0.5355, 0.58275, 0.63, 0.41625, 0.3825, 0.41625, 0.45, 0.49950000000000006, 0.459, 0.49950000000000006, 0.54, 0.58275, 0.5355, 0.58275, 0.63, 0.7492500000000001, 0.6885, 0.7492500000000001, 0.81, 0.8325, 0.765, 0.8325, 0.9, 0.9], [0.925, 0.85, 0.925, 1.0, 0.8325, 0.765, 0.8325, 0.9, 0.4625, 0.425, 0.4625, 0.5, 0.30525, 0.2805, 0.30525, 0.33, 0.37, 0.34, 0.37, 0.4, 0.555, 0.51, 0.555, 0.6, 0.6475, 0.595, 0.6475, 0.7, 0.37, 0.34, 0.37, 0.4, 0.30525, 0.2805, 0.30525, 0.33, 0.4625, 0.425, 0.4625, 0.5, 0.6475, 0.595, 0.6475, 0.7, 0.74, 0.68, 0.74, 0.8, 0.6475, 0.595, 0.6475, 0.7, 0.4625, 0.425, 0.4625, 0.5, 0.555, 0.51, 0.555, 0.6, 0.6475, 0.595, 0.6475, 0.7, 0.8325, 0.765, 0.8325, 0.9, 0.925, 0.85, 0.925, 1.0, 1.0]], "clusters": [[-1, 2, 2, 2, 2, 2, 2, 2, 2, 2, 2, 2, 2, 2, 2, 2, 2, 2, 2, 2, 2, 2, 2, 2, 2, 2, 2], [0, -1, 0, 0, 0, 0, 0, 0, 0, 0, 0, 0, 0, 0, 0, 0, 0, 0, 0, 0, 0, 0, 0, 0, 0, 0, 0], [1, 1, -1, 1, 1, 1, 1, 1, 1, 1, 1, 1, 1, 1, 1, 1, 1, 1, 1, 1, 1, 1, 1, 1, 1, 1, 1], [2, 2, 2, -1, 2, 2, 2, 2, 2, 2, 2, 2, 2, 2, 2, 2, 2, 2, 2, 2, 2, 2, 2, 2, 2, 2, 2], [0, 0, 0, 0, -1, 0, 0, 0, 0, 0, 0, 0, 0, 0, 0, 0, 0, 0, 0, 0, 0, 0, 0, 0, 0, 0, 0], [1, 1, 1, 1, 1, -1, 1, 1, 1, 1, 1, 1, 1, 1, 1, 1, 1, 1, 1, 1, 1, 1, 1, 1, 1, 1, 1], [0, 0, 0, 0, 0, 0, -1, 0, 0, 0, 0, 0, 0, 0, 0, 0, 0, 0, 0, 0, 0, 0, 0, 0, 0, 0, 0], [1, 1, 1, 1, 1, 1, 1, -1, 1, 1, 1, 1, 1, 1, 1, 1, 1, 1, 1, 1, 1, 1, 1, 1, 1, 1, 1], [2, 2, 2, 2, 2, 2, 2, 2, -1, 2, 2, 2, 2, 2, 2, 2, 2, 2, 2, 2, 2, 2, 2, 2, 2, 2, 2], [0, 0, 0, 0, 0, 0, 0, 0, 0, -1, 0, 0, 0, 0, 0, 0, 0, 0, 0, 0, 0, 0, 0, 0, 0, 0, 0], [2, 2, 2, 2, 2, 2, 2, 2, 2, 2, -1, 2, 2, 2, 2, 2, 2, 2, 2, 2, 2, 2, 2, 2, 2, 2, 2], [2, 2, 2, 2, 2, 2, 2, 2, 2, 2, 2, -1, 2, 2, 2, 2, 2, 2, 2, 2, 2, 2, 2, 2, 2, 2, 2], [0, 0, 0, 0, 0, 0, 0, 0, 0, 0, 0, 0, -1, 0, 0, 0, 0, 0, 0, 0, 0, 0, 0, 0, 0, 0, 0], [0, 0, 0, 0, 0, 0, 0, 0, 0, 0, 0, 0, 0, -1, 0, 0, 0, 0, 0, 0, 0, 0, 0, 0, 0, 0, 0], [0, 0, 0, 0, 0, 0, 0, 0, 0, 0, 0, 0, 0, 0, -1, 0, 0, 0, 0, 0, 0, 0, 0, 0, 0, 0, 0], [2, 2, 2, 2, 2, 2, 2, 2, 2, 2, 2, 2, 2, 2, 2, -1, 2, 2, 2, 2, 2, 2, 2, 2, 2, 2, 2], [0, 0, 0, 0, 0, 0, 0, 0, 0, 0, 0, 0, 0, 0, 0, 0, -1, 0, 0, 0, 0, 0, 0, 0, 0, 0, 0], [1, 1, 1, 1, 1, 1, 1, 1, 1, 1, 1, 1, 1, 1, 1, 1, 1, -1, 1, 1, 1, 1, 1, 1, 1, 1, 1], [1, 1, 1, 1, 1, 1, 1, 1, 1, 1, 1, 1, 1, 1, 1, 1, 1, 1, -1, 1, 1, 1, 1, 1, 1, 1, 1], [0, 0, 0, 0, 0, 0, 0, 0, 0, 0, 0, 0, 0, 0, 0, 0, 0, 0, 0, -1, 0, 0, 0, 0, 0, 0, 0], [2, 2, 2, 2, 2, 2, 2, 2, 2, 2, 2, 2, 2, 2, 2, 2, 2, 2, 2, 2, -1, 2, 2, 2, 2, 2, 2], [0, 0, 0, 0, 0, 0, 0, 0, 0, 0, 0, 0, 0, 0, 0, 0, 0, 0, 0, 0, 0, -1, 0, 0, 0, 0, 0], [1, 1, 1, 1, 1, 1, 1, 1, 1, 1, 1, 1, 1, 1, 1, 1, 1, 1, 1, 1, 1, 1, -1, 1, 1, 1, 1], [0, 0, 0, 0, 0, 0, 0, 0, 0, 0, 0, 0, 0, 0, 0, 0, 0, 0, 0, 0, 0, 0, 0, -1, 0, 0, 0], [1, 1, 1, 1, 1, 1, 1, 1, 1, 1, 1, 1, 1, 1, 1, 1, 1, 1, 1, 1, 1, 1, 1, 1, -1, 1, 1], [0, 0, 0, 0, 0, 0, 0, 0, 0, 0, 0, 0, 0, 0, 0, 0, 0, 0, 0, 0, 0, 0, 0, 0, 0, -1, 0], [2, 2, 2, 2, 2, 2, 2, 2, 2, 2, 2, 2, 2, 2, 2, 2, 2, 2, 2, 2, 2, 2, 2, 2, 2, 2, -1]], "speed_zone_count": 73, "speed_zones": [[0.0, 15.0], [15.0, 30.0], [30.0, 45.0], [45.0, 60.0], [60.0, 75.0], [75.0, 90.0], [90.0, 105.0], [105.0, 120.0], [120.0, 135.0], [135.0, 150.0], [150.0, 165.0], [165.0, 180.0], [180.0, 195.0], [195.0, 210.0], [210.0, 225.0], [225.0, 240.0], [240.0, 255.0], [255.0, 270.0], [270.0, 285.0], [285.0, 300.0], [300.0, 315.0], [315.0, 330.0], [330.0, 345.0], [345.0, 360.0], [360.0, 375.0], [375.0, 390.0], [390.0, 405.0], [405.0, 420.0], [420.0, 435.0], [435.0, 450.0], [450.0, 465.0], [465.0, 480.0], [480.0, 495.0], [495.0, 510.0], [510.0, 525.0], [525.0, 540.0], [540.0, 555.0], [555.0, 570.0], [570.0, 585.0], [585.0, 600.0], [600.0, 615.0], [615.0, 630.0], [630.0, 645.0], [645.0, 660.0], [660.0, 675.0], [675.0, 690.0], [690.0, 705.0], [705.0, 720.0], [720.0, 735.0], [735.0, 750.0], [750.0, 765.0], [765.0, 780.0], [780.0, 795.0], [795.0, 810.0], [810.0, 825.0], [825.0, 840.0], [840.0, 855.0], [855.0, 870.0], [870.0, 885.0], [885.0, 900.0], [900.0, 915.0], [915.0, 930.0], [930.0, 945.0], [945.0, 960.0], [960.0, 975.0], [975.0, 990.0], [990.0, 1005.0], [1005.0, 1020.0], [1020.0, 1035.0], [1035.0, 1050.0], [1050.0, 1065.0], [1065.0, 1080.0], [1080.0, 5000.0]], "distances": [[0.0, 72.01, 72.17, 108.3, 62.79, 79.23, 71.97, 73.05, 99.34, 75.65, 63.09, 44.58, 73.04, 73.57, 71.02, 56.25, 61.06, 88.18, 70.95, 68.54, 64.04, 73.29, 77.63, 66.06, 71.02, 61.7, 0.0], [0.0, 0.0, 17.3, 43.86, 9.92, 16.64, 6.21, 19.21, 28.82, 12.98, 31.53, 28.71, 10.78, 6.08, 9.64, 26.24, 11.05, 16.26, 19.12, 9.06, 48.53, 11.98, 20.61, 7.39, 17.58, 12.52, 72.01], [0.0, 17.3, 0.0, 58.09, 21.9, 33.7, 11.1, 36.34, 40.02, 17.53, 16.92, 28.06, 6.76, 23.35, 7.69, 16.94, 20.65, 26.32, 15.63, 25.43, 33.32, 17.52, 37.91, 13.65, 14.09, 13.76, 72.17], [0.0, 43.86, 58.09, 0.0, 49.15, 30.03, 48.51, 35.28, 19.91, 41.69, 74.49, 70.28, 51.68, 39.0, 51.87, 70.1, 51.65, 32.18, 60.37, 42.1, 91.32, 42.91, 30.7, 51.18, 58.9, 56.19, 108.3], [0.0, 9.92, 21.9, 49.15, 0.0, 19.34, 13.18, 17.56, 36.8, 13.55, 31.57, 21.17, 17.11, 10.94, 15.03, 23.69, 15.66, 25.5, 22.92, 7.16, 47.93, 11.12, 20.92, 8.26, 21.62, 10.07, 62.79], [0.0, 16.64, 33.7, 30.03, 19.34, 0.0, 22.65, 7.98, 21.65, 16.34, 48.03, 40.32, 26.98, 10.64, 26.19, 41.84, 21.92, 17.25, 35.65, 12.19, 65.0, 16.22, 5.51, 23.05, 34.1, 27.57, 79.23], [0.0, 6.21, 11.1, 48.51, 13.18, 22.65, 0.0, 25.38, 31.92, 6.88, 26.1, 27.63, 4.61, 12.25, 13.05, 22.1, 13.08, 18.36, 13.0, 14.81, 43.07, 6.44, 26.8, 6.12, 11.45, 10.36, 71.97], [0.0, 19.21, 36.34, 35.28, 17.56, 7.98, 25.38, 0.0, 29.48, 20.37, 48.71, 36.93, 29.98, 13.51, 28.65, 41.24, 20.14, 24.64, 37.98, 11.26, 65.34, 19.31, 4.58, 23.78, 36.48, 27.29, 73.05], [0.0, 28.82, 40.02, 19.91, 36.8, 21.65, 31.92, 29.48, 0.0, 25.73, 56.87, 57.38, 34.15, 25.87, 34.85, 54.02, 38.86, 13.76, 42.33, 30.81, 73.28, 27.62, 25.74, 36.06, 40.97, 41.21, 99.34], [0.0, 12.98, 17.53, 41.69, 13.55, 16.34, 6.88, 20.37, 25.73, 0.0, 32.98, 32.15, 10.77, 6.9, 10.37, 28.6, 14.73, 12.76, 19.6, 11.56, 49.94, 12.8, 20.99, 10.37, 18.05, 15.5, 75.65], [0.0, 31.53, 16.92, 74.49, 31.57, 48.03, 26.1, 48.71, 56.87, 32.98, 0.0, 24.45, 22.86, 37.4, 22.65, 9.95, 29.27, 43.12, 14.62, 37.49, 17.0, 32.2, 51.31, 25.13, 15.91, 21.52, 63.09], [0.0, 28.71, 28.06, 70.28, 21.17, 40.32, 27.63, 36.93, 57.38, 32.15, 24.45, 0.0, 28.46, 31.85, 26.45, 14.77, 18.77, 44.91, 27.18, 28.18, 35.81, 29.97, 41.02, 21.99, 26.98, 17.27, 44.58], [0.0, 10.78, 6.76, 51.68, 17.11, 26.98, 4.61, 29.98, 34.15, 10.77, 22.86, 28.46, 0.0, 16.75, 14.45, 20.47, 16.52, 20.38, 8.87, 19.39, 39.64, 10.87, 31.3, 9.13, 7.34, 11.68, 73.04], [0.0, 6.08, 23.35, 39.0, 10.94, 10.64, 12.25, 13.51, 25.87, 6.9, 37.4, 31.85, 16.75, 0.0, 15.72, 31.5, 13.11, 15.34, 25.2, 5.73, 54.38, 5.9, 14.56, 12.55, 23.66, 17.32, 73.57], [0.0, 9.64, 7.69, 51.87, 15.03, 26.19, 13.05, 28.65, 34.85, 10.37, 22.65, 26.45, 14.45, 15.72, 0.0, 19.3, 14.33, 21.15, 9.48, 17.81, 39.59, 9.97, 30.25, 6.93, 7.94, 9.5, 71.02], [0.0, 26.24, 16.94, 70.1, 23.69, 41.84, 22.1, 41.24, 54.02, 28.6, 9.95, 14.77, 20.47, 31.5, 19.3, 0.0, 21.17, 40.4, 15.23, 30.33, 24.49, 27.2, 44.37, 19.0, 15.71, 14.28, 56.25], [0.0, 11.05, 20.65, 51.65, 15.66, 21.92, 13.08, 20.14, 38.86, 14.73, 29.27, 18.77, 16.52, 13.11, 14.33, 21.17, 0.0, 27.12, 21.45, 9.76, 45.48, 12.32, 23.55, 7.4, 20.24, 7.94, 61.06], [0.0, 16.26, 26.32, 32.18, 25.5, 17.25, 18.36, 24.64, 13.76, 12.76, 43.12, 44.91, 20.38, 15.34, 21.15, 40.4, 27.12, 0.0, 28.63, 21.03, 59.63, 14.99, 22.72, 23.06, 27.25, 28.13, 88.18], [0.0, 19.12, 15.63, 60.37, 22.92, 35.65, 13.0, 37.98, 42.33, 19.6, 14.62, 27.18, 8.87, 25.2, 9.48, 15.23, 21.45, 28.63, 0.0, 26.94, 31.02, 19.44, 39.72, 14.8, 16.2, 14.11, 70.95], [0.0, 9.06, 25.43, 42.1, 7.16, 12.19, 14.81, 11.26, 30.81, 11.56, 37.49, 28.18, 19.39, 5.73, 17.81, 30.33, 9.76, 21.03, 26.94, 0.0, 54.19, 9.66, 14.04, 12.53, 25.46, 16.18, 68.54], [0.0, 48.53, 33.32, 91.32, 47.93, 65.0, 43.07, 65.34, 73.28, 49.94, 17.0, 35.81, 39.64, 54.38, 39.59, 24.49, 45.48, 59.63, 31.02, 54.19, 0.0, 49.2, 68.13, 42.01, 32.45, 38.05, 64.04], [0.0, 11.98, 17.52, 42.91, 11.12, 16.22, 6.44, 19.31, 27.62, 12.8, 32.2, 29.97, 10.87, 5.9, 9.97, 27.2, 12.32, 14.99, 19.44, 9.66, 49.2, 0.0, 20.44, 8.49, 17.89, 13.64, 73.29], [0.0, 20.61, 37.91, 30.7, 20.92, 5.51, 26.8, 4.58, 25.74, 20.99, 51.31, 41.02, 31.3, 14.56, 30.25, 44.37, 23.55, 22.72, 39.72, 14.04, 68.13, 20.44, 0.0, 26.18, 38.18, 30.19, 77.63], [0.0, 7.39, 13.65, 51.18, 8.26, 23.05, 6.12, 23.78, 36.06, 10.37, 25.13, 21.99, 9.13, 12.55, 6.93, 19.0, 7.4, 23.06, 14.8, 12.53, 42.01, 8.49, 26.18, 0.0, 13.43, 5.16, 66.06], [0.0, 17.58, 14.09, 58.9, 21.62, 34.1, 11.45, 36.48, 40.97, 18.05, 15.91, 26.98, 7.34, 23.66, 7.94, 15.71, 20.24, 27.25, 16.2, 25.46, 32.45, 17.89, 38.18, 13.43, 0.0, 13.1, 71.02], [0.0, 12.52, 13.76, 56.19, 10.07, 27.57, 10.36, 27.29, 41.21, 15.5, 21.52, 17.27, 11.68, 17.32, 9.5, 14.28, 7.94, 28.13, 14.11, 16.18, 38.05, 13.64, 30.19, 5.16, 13.1, 0.0, 61.7], [0.0, 0.0, 0.0, 0.0, 0.0, 0.0, 0.0, 0.0, 0.0, 0.0, 0.0, 0.0, 0.0, 0.0, 0.0, 0.0, 0.0, 0.0, 0.0, 0.0, 0.0, 0.0, 0.0, 0.0, 0.0, 0.0, 0.0]], "time_windows": [[0.0, 5000.0], [0.0, 121.0], [0.0, 142.0], [0.0, 268.0], [0.0, 383.0], [0.0, 414.0], [0.0, 450.0], [0.0, 510.0], [0.0, 596.0], [0.0, 648.0], [0.0, 699.0], [0.0, 734.0], [0.0, 772.0], [0.0, 799.0], [0.0, 823.0], [0.0, 866.0], [0.0, 907.0], [0.0, 953.0], [0.0, 997.0], [0.0, 1031.0], [0.0, 1093.0], [0.0, 1143.0], [0.0, 1163.0], [0.0, 1190.0], [0.0, 1203.0], [0.0, 1216.0], [0.0, 5000.0]], "start_depot": 0, "end_depot": 26, "horizon": [0.0, 5000.0]}