{"digraph": {"vertex_count": 27, "arc_count": 650, "arcs": [[0, 1, 1, 1, 1, 1, 1, 1, 1, 1, 1, 1, 1, 1, 1, 1, 1, 1, 1, 1, 1, 1, 1, 1, 1, 1, 1], [0, 0, 1, 1, 1, 1, 1, 1, 1, 1, 1, 1, 1, 1, 1, 1, 1, 1, 1, 1, 1, 1, 1, 1, 1, 1, 1], [0, 1, 0, 1, 1, 1, 1, 1, 1, 1, 1, 1, 1, 1, 1, 1, 1, 1, 1, 1, 1, 1, 1, 1, 1, 1, 1], [0, 1, 1, 0, 1, 1, 1, 1, 1, 1, 1, 1, 1, 1, 1, 1, 1, 1, 1, 1, 1, 1, 1, 1, 1, 1, 1], [0, 1, 1, 1, 0, 1, 1, 1, 1, 1, 1, 1, 1, 1, 1, 1, 1, 1, 1, 1, 1, 1, 1, 1, 1, 1, 1], [0, 1, 1, 1, 1, 0, 1, 1, 1, 1, 1, 1, 1, 1, 1, 1, 1, 1, 1, 1, 1, 1, 1, 1, 1, 1, 1], [0, 1, 1, 1, 1, 1, 0, 1, 1, 1, 1, 1, 1, 1, 1, 1, 1, 1, 1, 1, 1, 1, 1, 1, 1, 1, 1], [0, 1, 1, 1, 1, 1, 1, 0, 1, 1, 1, 1, 1, 1, 1, 1, 1, 1, 1, 1, 1, 1, 1, 1, 1, 1, 1], [0, 1, 1, 1, 1, 1, 1, 1, 0, 1, 1, 1, 1, 1, 1, 1, 1, 1, 1, 1, 1, 1, 1, 1, 1, 1, 1], [0, 1, 1, 1, 1, 1, 1, 1, 1, 0, 1, 1, 1, 1, 1, 1, 1, 1, 1, 1, 1, 1, 1, 1, 1, 1, 1], [0, 1, 1, 1, 1, 1, 1, 1, 1, 1, 0, 1, 1, 1, 1, 1, 1, 1, 1, 1, 1, 1, 1, 1, 1, 1, 1], [0, 1, 1, 1, 1, 1, 1, 1, 1, 1, 1, 0, 1, 1, 1, 1, 1, 1, 1, 1, 1, 1, 1, 1, 1, 1, 1], [0, 1, 1, 1, 1, 1, 1, 1, 1, 1, 1, 1, 0, 1, 1, 1, 1, 1, 1, 1, 1, 1, 1, 1, 1, 1, 1], [0, 1, 1, 1, 1, 1, 1, 1, 1, 1, 1, 1, 1, 0, 1, 1, 1, 1, 1, 1, 1, 1, 1, 1, 1, 1, 1], [0, 1, 1, 1, 1, 1, 1, 1, 1, 1, 1, 1, 1, 1, 0, 1, 1, 1, 1, 1, 1, 1, 1, 1, 1, 1, 1], [0, 1, 1, 1, 1, 1, 1, 1, 1, 1, 1, 1, 1, 1, 1, 0, 1, 1, 1, 1, 1, 1, 1, 1, 1, 1, 1], [0, 1, 1, 1, 1, 1, 1, 1, 1, 1, 1, 1, 1, 1, 1, 1, 0, 1, 1, 1, 1, 1, 1, 1, 1, 1, 1], [0, 1, 1, 1, 1, 1, 1, 1, 1, 1, 1, 1, 1, 1, 1, 1, 1, 0, 1, 1, 1, 1, 1, 1, 1, 1, 1], [0, 1, 1, 1, 1, 1, 1, 1, 1, 1, 1, 1, 1, 1, 1, 1, 1, 1, 0, 1, 1, 1, 1, 1, 1, 1, 1], [0, 1, 1, 1, 1, 1, 1, 1, 1, 1, 1, 1, 1, 1, 1, 1, 1, 1, 1, 0, 1, 1, 1, 1, 1, 1, 1], [0, 1, 1, 1, 1, 1, 1, 1, 1, 1, 1, 1, 1, 1, 1, 1, 1, 1, 1, 1, 0, 1, 1, 1, 1, 1, 1], [0, 1, 1, 1, 1, 1, 1, 1, 1, 1, 1, 1, 1, 1, 1, 1, 1, 1, 1, 1, 1, 0, 1, 1, 1, 1, 1], [0, 1, 1, 1, 1, 1, 1, 1, 1, 1, 1, 1, 1, 1, 1, 1, 1, 1, 1, 1, 1, 1, 0, 1, 1, 1, 1], [0, 1, 1, 1, 1, 1, 1, 1, 1, 1, 1, 1, 1, 1, 1, 1, 1, 1, 1, 1, 1, 1, 1, 0, 1, 1, 1], [0, 1, 1, 1, 1, 1, 1, 1, 1, 1, 1, 1, 1, 1, 1, 1, 1, 1, 1, 1, 1, 1, 1, 1, 0, 1, 1], [0, 1, 1, 1, 1, 1, 1, 1, 1, 1, 1, 1, 1, 1, 1, 1, 1, 1, 1, 1, 1, 1, 1, 1, 1, 0, 1], [0, 0, 0, 0, 0, 0, 0, 0, 0, 0, 0, 0, 0, 0, 0, 0, 0, 0, 0, 0, 0, 0, 0, 0, 0, 0, 0]]}, "cluster_count": 3, "cluster_speeds": [[0.7400000000000001, 0.68, 0.7400000000000001, 0.8, 0.666, 0.6120000000000001, 0.666, 0.7200000000000001, 0.37000000000000005, 0.34, 0.37000000000000005, 0.4, 0.24420000000000003, 0.22440000000000004, 0.24420000000000003, 0.264, 0.296, 0.272, 0.296, 0.32000000000000006, 0.44400000000000006, 0.40800000000000003, 0.44400000000000006, 0.48, 0.6475, 0.595, 0.6475, 0.7, 0.37, 0.34, 0.37, 0.4, 0.30525, 0.2805, 0.30525, 0.33, 0.4625, 0.425, 0.4625, 0.5, 0.6475, 0.595, 0.6475, 0.7, 0.74, 0.68, 0.74, 0.8, 0.518, 0.476, 0.518, 0.5599999999999999, 0.37000000000000005, 0.34, 0.37000000000000005, 0.4, 0.44400000000000006, 0.40800000000000003, 0.44400000000000006, 0.48, 0.518, 0.476, 0.518, 0.5599999999999999, 0.666, 0.6120000000000001, 0.666, 0.7200000000000001, 0.7400000000000001, 0.68, 0.7400000000000001, 0.8, 0.8], [0.8325, 0.765, 0.8325, 0.9, 0.7492500000000001, 0.6885, 0.7492500000000001, 0.81, 0.41625, 0.3825, 0.41625, 0.45, 0.27472500000000005, 0.25245, 0.27472500000000005, 0.29700000000000004, 0.333, 0.30600000000000005, 0.333, 0.36000000000000004, 0.49950000000000006, 0.459, 0.49950000000000006, 0.54, 0.6475, 0.595, 0.6475, 0.7, 0.37, 0.34, 0.37, 0.4, 0.30525, 0.2805, 0.30525, 0.33, 0.4625, 0.425, 0.4625, 0.5, 0.6475, 0.595, 0.6475, 0.7, 0.74, 0.68, 0.74, 0.8, 0.58275, 0.5355, 0.58275, 0.63, 0.41625, 0.3825, 0.41625, 0.45, 0.49950000000000006, 0.459, 0.49950000000000006, 0.54, 0.58275, 0.5355, 0.58275, 0.63, 0.7492500000000001, 0.6885, 0.7492500000000001, 0.81, 0.8325, 0.765, 0.8325, 0.9, 0.9], [0.925, 0.85, 0.925, 1.0, 0.8325, 0.765, 0.8325, 0.9, 0.4625, 0.425, 0.4625, 0.5, 0.30525, 0.2805, 0.30525, 0.33, 0.37, 0.34, 0.37, 0.4, 0.555, 0.51, 0.555, 0.6, 0.6475, 0.595, 0.6475, 0.7, 0.37, 0.34, 0.37, 0.4, 0.30525, 0.2805, 0.30525, 0.33, 0.4625, 0.425, 0.4625, 0.5, 0.6475, 0.595, 0.6475, 0.7, 0.74, 0.68, 0.74, 0.8, 0.6475, 0.595, 0.6475, 0.7, 0.4625, 0.425, 0.4625, 0.5, 0.555, 0.51, 0.555, 0.6, 0.6475, 0.595, 0.6475, 0.7, 0.8325, 0.765, 0.8325, 0.9, 0.925, 0.85, 0.925, 1.0, 1.0]], "clusters": [[-1, 2, 2, 2, 2, 2, 2, 2, 2, 2, 2, 2, 2, 2, 2, 2, 2, 2, 2, 2, 2, 2, 2, 2, 2, 2, 2], [0, -1, 0, 0, 0, 0, 0, 0, 0, 0, 0, 0, 0, 0, 0, 0, 0, 0, 0, 0, 0, 0, 0, 0, 0, 0, 0], [0, 0, -1, 0, 0, 0, 0, 0, 0, 0, 0, 0, 0, 0, 0, 0, 0, 0, 0, 0, 0, 0, 0, 0, 0, 0, 0], [1, 1, 1, -1, 1, 1, 1, 1, 1, 1, 1, 1, 1, 1, 1, 1, 1, 1, 1, 1, 1, 1, 1, 1, 1, 1, 1], [0, 0, 0, 0, -1, 0, 0, 0, 0, 0, 0, 0, 0, 0, 0, 0, 0, 0, 0, 0, 0, 0, 0, 0, 0, 0, 0], [0, 0, 0, 0, 0, -1, 0, 0, 0, 0, 0, 0, 0, 0, 0, 0, 0, 0, 0, 0, 0, 0, 0, 0, 0, 0, 0], [1, 1, 1, 1, 1, 1, -1, 1, 1, 1, 1, 1, 1, 1, 1, 1, 1, 1, 1, 1, 1, 1, 1, 1, 1, 1, 1], [0, 0, 0, 0, 0, 0, 0, -1, 0, 0, 0, 0, 0, 0, 0, 0, 0, 0, 0, 0, 0, 0, 0, 0, 0, 0, 0], [0, 0, 0, 0, 0, 0, 0, 0, -1, 0, 0, 0, 0, 0, 0, 0, 0, 0, 0, 0, 0, 0, 0, 0, 0, 0, 0], [0, 0, 0, 0, 0, 0, 0, 0, 0, -1, 0, 0, 0, 0, 0, 0, 0, 0, 0, 0, 0, 0, 0, 0, 0, 0, 0], [0, 0, 0, 0, 0, 0, 0, 0, 0, 0, -1, 0, 0, 0, 0, 0, 0, 0, 0, 0, 0, 0, 0, 0, 0, 0, 0], [0, 0, 0, 0, 0, 0, 0, 0, 0, 0, 0, -1, 0, 0, 0, 0, 0, 0, 0, 0, 0, 0, 0, 0, 0, 0, 0], [0, 0, 0, 0, 0, 0, 0, 0, 0, 0, 0, 0, -1, 0, 0, 0, 0, 0, 0, 0, 0, 0, 0, 0, 0, 0, 0], [0, 0, 0, 0, 0, 0, 0, 0, 0, 0, 0, 0, 0, -1, 0, 0, 0, 0, 0, 0, 0, 0, 0, 0, 0, 0, 0], [0, 0, 0, 0, 0, 0, 0, 0, 0, 0, 0, 0, 0, 0, -1, 0, 0, 0, 0, 0, 0, 0, 0, 0, 0, 0, 0], [0, 0, 0, 0, 0, 0, 0, 0, 0, 0, 0, 0, 0, 0, 0, -1, 0, 0, 0, 0, 0, 0, 0, 0, 0, 0, 0], [2, 2, 2, 2, 2, 2, 2, 2, 2, 2, 2, 2, 2, 2, 2, 2, -1, 2, 2, 2, 2, 2, 2, 2, 2, 2, 2], [0, 0, 0, 0, 0, 0, 0, 0, 0, 0, 0, 0, 0, 0, 0, 0, 0, -1, 0, 0, 0, 0, 0, 0, 0, 0, 0], [0, 0, 0, 0, 0, 0, 0, 0, 0, 0, 0, 0, 0, 0, 0, 0, 0, 0, -1, 0, 0, 0, 0, 0, 0, 0, 0], [1, 1, 1, 1, 1, 1, 1, 1, 1, 1, 1, 1, 1, 1, 1, 1, 1, 1, 1, -1, 1, 1, 1, 1, 1, 1, 1], [0, 0, 0, 0, 0, 0, 0, 0, 0, 0, 0, 0, 0, 0, 0, 0, 0, 0, 0, 0, -1, 0, 0, 0, 0, 0, 0], [0, 0, 0, 0, 0, 0, 0, 0, 0, 0, 0, 0, 0, 0, 0, 0, 0, 0, 0, 0, 0, -1, 0, 0, 0, 0, 0], [0, 0, 0, 0, 0, 0, 0, 0, 0, 0, 0, 0, 0, 0, 0, 0, 0, 0, 0, 0, 0, 0, -1, 0, 0, 0, 0], [0, 0, 0, 0, 0, 0, 0, 0, 0, 0, 0, 0, 0, 0, 0, 0, 0, 0, 0, 0, 0, 0, 0, -1, 0, 0, 0], [0, 0, 0, 0, 0, 0, 0, 0, 0, 0, 0, 0, 0, 0, 0, 0, 0, 0, 0, 0, 0, 0, 0, 0, -1, 0, 0], [0, 0, 0, 0, 0, 0, 0, 0, 0, 0, 0, 0, 0, 0, 0, 0, 0, 0, 0, 0, 0, 0, 0, 0, 0, -1, 0], [2, 2, 2, 2, 2, 2, 2, 2, 2, 2, 2, 2, 2, 2, 2, 2, 2, 2, 2, 2, 2, 2, 2, 2, 2, 2, -1]], "speed_zone_count": 73, "speed_zones": [[0.0, 15.0], [15.0, 30.0], [30.0, 45.0], [45.0, 60.0], [60.0, 75.0], [75.0, 90.0], [90.0, 105.0], [105.0, 120.0], [120.0, 135.0], [135.0, 150.0], [150.0, 165.0], [165.0, 180.0], [180.0, 195.0], [195.0, 210.0], [210.0, 225.0], [225.0, 240.0], [240.0, 255.0], [255.0, 270.0], [270.0, 285.0], [285.0, 300.0], [300.0, 315.0], [315.0, 330.0], [330.0, 345.0], [345.0, 360.0], [360.0, 375.0], [375.0, 390.0], [390.0, 405.0], [405.0, 420.0], [420.0, 435.0], [435.0, 450.0], [450.0, 465.0], [465.0, 480.0], [480.0, 495.0], [495.0, 510.0], [510.0, 525.0], [525.0, 540.0], [540.0, 555.0], [555.0, 570.0], [570.0, 585.0], [585.0, 600.0], [600.0, 615.0], [615.0, 630.0], [630.0, 645.0], [645.0, 660.0], [660.0, 675.0], [675.0, 690.0], [690.0, 705.0], [705.0, 720.0], [720.0, 735.0], [735.0, 750.0], [750.0, 765.0], [765.0, 780.0], [780.0, 795.0], [795.0, 810.0], [810.0, 825.0], [825.0, 840.0], [840.0, 855.0], [855.0, 870.0], [870.0, 885.0], [885.0, 900.0], [900.0, 915.0], [915.0, 930.0], [930.0, 945.0], [945.0, 960.0], [960.0, 975.0], [975.0, 990.0], [990.0, 1005.0], [1005.0, 1020.0], [1020.0, 1035.0], [1035.0, 1050.0], [1050.0, 1065.0], [1065.0, 1080.0], [1080.0, 5000.0]], "distances": [[0.0, 67.81, 63.67, 82.31, 76.01, 63.72, 79.42, 80.75, 64.45, 70.14, 72.3, 74.57, 69.56, 63.98, 65.36, 72.59, 62.96, 72.92, 72.13, 87.0, 66.07, 80.14, 82.72, 67.9, 61.53, 79.66, 0.0], [0.0, 0.0, 9.18, 26.97, 17.79, 5.37, 25.09, 15.43, 8.76, 13.45, 6.44, 16.94, 12.0, 6.59, 11.18, 4.84, 18.65, 18.93, 4.44, 24.4, 9.06, 16.54, 18.66, 8.72, 6.32, 14.91, 67.81], [0.0, 9.18, 0.0, 22.77, 14.02, 4.57, 20.26, 17.09, 9.08, 12.56, 9.5, 12.68, 6.71, 13.14, 10.33, 11.82, 25.25, 13.05, 11.26, 23.93, 10.26, 16.56, 19.13, 4.23, 8.78, 15.99, 63.67], [0.0, 26.97, 22.77, 0.0, 9.23, 26.05, 16.58, 15.7, 22.28, 28.59, 20.98, 10.3, 16.22, 33.4, 30.0, 24.72, 45.63, 10.04, 24.54, 10.34, 20.63, 12.84, 12.83, 19.56, 30.61, 14.98, 82.31], [0.0, 17.79, 14.02, 9.23, 0.0, 16.92, 7.35, 9.61, 13.44, 19.61, 12.02, 13.31, 7.31, 24.18, 20.78, 15.94, 36.44, 4.26, 15.68, 11.16, 11.71, 6.89, 8.72, 10.46, 21.44, 8.4, 76.01], [0.0, 5.37, 4.57, 26.05, 16.92, 0.0, 23.75, 17.57, 4.51, 8.78, 8.62, 15.75, 9.89, 8.58, 5.81, 9.32, 20.8, 16.81, 8.79, 25.61, 5.69, 17.81, 20.26, 6.49, 4.59, 16.7, 63.72], [0.0, 25.09, 20.26, 16.58, 7.35, 23.75, 0.0, 15.3, 19.82, 26.96, 19.37, 8.17, 13.86, 31.39, 28.0, 23.25, 43.72, 7.32, 23.01, 11.73, 18.22, 12.34, 12.92, 17.29, 28.34, 14.39, 79.42], [0.0, 15.43, 17.09, 15.7, 9.61, 17.57, 15.3, 0.0, 16.31, 15.49, 9.2, 10.23, 12.04, 21.84, 18.73, 11.35, 32.87, 13.68, 11.45, 9.35, 14.74, 16.51, 15.17, 12.9, 21.14, 17.74, 80.75], [0.0, 8.76, 9.08, 22.28, 13.44, 4.51, 19.82, 16.31, 0.0, 12.1, 8.74, 12.12, 6.13, 13.08, 10.14, 11.17, 25.29, 12.66, 10.61, 23.22, 10.19, 15.81, 18.37, 10.99, 8.92, 15.21, 64.45], [0.0, 13.45, 12.56, 28.59, 19.61, 8.78, 26.96, 15.49, 12.1, 0.0, 7.61, 18.94, 14.62, 6.86, 4.79, 12.63, 17.46, 21.31, 12.33, 24.78, 12.22, 17.16, 18.96, 11.6, 8.77, 15.26, 70.14], [0.0, 6.44, 9.5, 20.98, 12.02, 8.62, 19.37, 9.2, 8.74, 7.61, 0.0, 11.44, 8.06, 13.02, 9.74, 11.28, 24.82, 14.07, 10.88, 17.98, 7.75, 10.1, 12.28, 6.21, 11.94, 8.55, 72.3], [0.0, 16.94, 12.68, 10.3, 13.31, 15.75, 8.17, 10.23, 12.12, 18.94, 11.44, 0.0, 6.0, 23.22, 19.83, 15.43, 35.55, 13.04, 15.13, 12.56, 10.42, 7.72, 9.77, 9.26, 20.3, 8.95, 74.57], [0.0, 12.0, 6.71, 16.22, 7.31, 9.89, 13.86, 12.04, 6.13, 14.62, 8.06, 6.0, 0.0, 17.83, 14.51, 11.93, 30.23, 7.04, 11.48, 17.53, 4.42, 10.72, 13.27, 10.94, 14.48, 10.76, 69.56], [0.0, 6.59, 13.14, 33.4, 24.18, 8.58, 31.39, 21.84, 13.08, 6.86, 13.02, 23.22, 17.83, 0.0, 11.65, 10.65, 12.41, 24.87, 10.45, 30.94, 14.07, 23.11, 25.17, 14.36, 5.03, 21.42, 63.98], [0.0, 11.18, 10.33, 30.0, 20.78, 5.81, 28.0, 18.73, 10.14, 4.79, 9.74, 19.83, 14.51, 11.65, 0.0, 7.84, 15.75, 21.55, 7.54, 27.71, 10.94, 19.84, 21.97, 11.07, 10.4, 18.22, 65.36], [0.0, 4.84, 11.82, 24.72, 15.94, 9.32, 23.25, 11.35, 11.17, 12.63, 11.28, 15.43, 11.93, 10.65, 7.84, 0.0, 21.6, 18.1, 9.28, 20.63, 10.69, 13.02, 14.81, 9.52, 11.15, 11.11, 72.59], [0.0, 18.65, 25.25, 45.63, 36.44, 20.8, 43.72, 32.87, 25.29, 17.46, 24.82, 35.55, 30.23, 12.41, 15.75, 21.6, 0.0, 37.27, 21.61, 42.21, 26.41, 34.61, 36.39, 26.77, 16.52, 32.71, 62.96], [0.0, 18.93, 13.05, 10.04, 4.26, 16.81, 7.32, 13.68, 12.66, 21.31, 14.07, 13.04, 7.04, 24.87, 21.55, 18.1, 37.27, 0.0, 17.74, 14.95, 11.16, 11.09, 12.99, 10.51, 21.4, 12.4, 72.92], [0.0, 4.44, 11.26, 24.54, 15.68, 8.79, 23.01, 11.45, 10.61, 12.33, 10.88, 15.13, 11.48, 10.45, 7.54, 9.28, 21.61, 17.74, 0.0, 20.68, 10.14, 13.0, 14.87, 9.0, 10.74, 11.14, 72.13], [0.0, 24.4, 23.93, 10.34, 11.16, 25.61, 11.73, 9.35, 23.22, 24.78, 17.98, 12.56, 17.53, 30.94, 27.71, 20.63, 42.21, 14.95, 20.68, 0.0, 21.47, 7.9, 5.82, 19.8, 29.65, 9.55, 87.0], [0.0, 9.06, 10.26, 20.63, 11.71, 5.69, 18.22, 14.74, 10.19, 12.22, 7.75, 10.42, 4.42, 14.07, 10.94, 10.69, 26.41, 11.16, 10.14, 21.47, 0.0, 14.12, 16.69, 12.17, 10.25, 13.6, 66.07], [0.0, 16.54, 16.56, 12.84, 6.89, 17.81, 12.34, 16.51, 15.81, 17.16, 10.1, 7.72, 10.72, 23.11, 19.84, 13.02, 34.61, 11.09, 13.0, 7.9, 14.12, 0.0, 13.72, 12.34, 21.77, 15.29, 80.14], [0.0, 18.66, 19.13, 12.83, 8.72, 20.26, 12.92, 15.17, 18.37, 18.96, 12.28, 9.77, 13.27, 25.17, 21.97, 14.81, 36.39, 12.99, 14.87, 5.82, 16.69, 13.72, 0.0, 14.91, 24.11, 15.37, 82.72], [0.0, 8.72, 4.23, 19.56, 10.46, 6.49, 17.29, 12.9, 10.99, 11.6, 6.21, 9.26, 10.94, 14.36, 11.07, 9.52, 26.77, 10.51, 9.0, 19.8, 12.17, 12.34, 14.91, 0.0, 11.06, 11.77, 67.9], [0.0, 6.32, 8.78, 30.61, 21.44, 4.59, 28.34, 21.14, 8.92, 8.77, 11.94, 20.3, 14.48, 5.03, 10.4, 11.15, 16.52, 21.4, 10.74, 29.65, 10.25, 21.77, 24.11, 11.06, 0.0, 20.43, 61.53], [0.0, 14.91, 15.99, 14.98, 8.4, 16.7, 14.39, 17.74, 15.21, 15.26, 8.55, 8.95, 10.76, 21.42, 18.22, 11.11, 32.71, 12.4, 11.14, 9.55, 13.6, 15.29, 15.37, 11.77, 20.43, 0.0, 79.66], [0.0, 0.0, 0.0, 0.0, 0.0, 0.0, 0.0, 0.0, 0.0, 0.0, 0.0, 0.0, 0.0, 0.0, 0.0, 0.0, 0.0, 0.0, 0.0, 0.0, 0.0, 0.0, 0.0, 0.0, 0.0, 0.0, 0.0]], "time_windows": [[0.0, 5000.0], [0.0, 115.0], [0.0, 127.0], [0.0, 154.0], [0.0, 168.0], [0.0, 206.0], [0.0, 275.0], [0.0, 318.0], [0.0, 354.0], [0.0, 377.0], [0.0, 390.0], [0.0, 409.0], [0.0, 418.0], [0.0, 447.0], [0.0, 466.0], [0.0, 488.0], [0.0, 552.0], [0.0, 641.0], [0.0, 670.0], [0.0, 701.0], [0.0, 731.0], [0.0, 750.0], [0.0, 768.0], [0.0, 792.0], [0.0, 809.0], [0.0, 849.0], [0.0, 5000.0]], "start_depot": 0, "end_depot": 26, "horizon": [0.0, 5000.0]}