{"digraph": {"vertex_count": 27, "arc_count": 650, "arcs": [[0, 1, 1, 1, 1, 1, 1, 1, 1, 1, 1, 1, 1, 1, 1, 1, 1, 1, 1, 1, 1, 1, 1, 1, 1, 1, 1], [0, 0, 1, 1, 1, 1, 1, 1, 1, 1, 1, 1, 1, 1, 1, 1, 1, 1, 1, 1, 1, 1, 1, 1, 1, 1, 1], [0, 1, 0, 1, 1, 1, 1, 1, 1, 1, 1, 1, 1, 1, 1, 1, 1, 1, 1, 1, 1, 1, 1, 1, 1, 1, 1], [0, 1, 1, 0, 1, 1, 1, 1, 1, 1, 1, 1, 1, 1, 1, 1, 1, 1, 1, 1, 1, 1, 1, 1, 1, 1, 1], [0, 1, 1, 1, 0, 1, 1, 1, 1, 1, 1, 1, 1, 1, 1, 1, 1, 1, 1, 1, 1, 1, 1, 1, 1, 1, 1], [0, 1, 1, 1, 1, 0, 1, 1, 1, 1, 1, 1, 1, 1, 1, 1, 1, 1, 1, 1, 1, 1, 1, 1, 1, 1, 1], [0, 1, 1, 1, 1, 1, 0, 1, 1, 1, 1, 1, 1, 1, 1, 1, 1, 1, 1, 1, 1, 1, 1, 1, 1, 1, 1], [0, 1, 1, 1, 1, 1, 1, 0, 1, 1, 1, 1, 1, 1, 1, 1, 1, 1, 1, 1, 1, 1, 1, 1, 1, 1, 1], [0, 1, 1, 1, 1, 1, 1, 1, 0, 1, 1, 1, 1, 1, 1, 1, 1, 1, 1, 1, 1, 1, 1, 1, 1, 1, 1], [0, 1, 1, 1, 1, 1, 1, 1, 1, 0, 1, 1, 1, 1, 1, 1, 1, 1, 1, 1, 1, 1, 1, 1, 1, 1, 1], [0, 1, 1, 1, 1, 1, 1, 1, 1, 1, 0, 1, 1, 1, 1, 1, 1, 1, 1, 1, 1, 1, 1, 1, 1, 1, 1], [0, 1, 1, 1, 1, 1, 1, 1, 1, 1, 1, 0, 1, 1, 1, 1, 1, 1, 1, 1, 1, 1, 1, 1, 1, 1, 1], [0, 1, 1, 1, 1, 1, 1, 1, 1, 1, 1, 1, 0, 1, 1, 1, 1, 1, 1, 1, 1, 1, 1, 1, 1, 1, 1], [0, 1, 1, 1, 1, 1, 1, 1, 1, 1, 1, 1, 1, 0, 1, 1, 1, 1, 1, 1, 1, 1, 1, 1, 1, 1, 1], [0, 1, 1, 1, 1, 1, 1, 1, 1, 1, 1, 1, 1, 1, 0, 1, 1, 1, 1, 1, 1, 1, 1, 1, 1, 1, 1], [0, 1, 1, 1, 1, 1, 1, 1, 1, 1, 1, 1, 1, 1, 1, 0, 1, 1, 1, 1, 1, 1, 1, 1, 1, 1, 1], [0, 1, 1, 1, 1, 1, 1, 1, 1, 1, 1, 1, 1, 1, 1, 1, 0, 1, 1, 1, 1, 1, 1, 1, 1, 1, 1], [0, 1, 1, 1, 1, 1, 1, 1, 1, 1, 1, 1, 1, 1, 1, 1, 1, 0, 1, 1, 1, 1, 1, 1, 1, 1, 1], [0, 1, 1, 1, 1, 1, 1, 1, 1, 1, 1, 1, 1, 1, 1, 1, 1, 1, 0, 1, 1, 1, 1, 1, 1, 1, 1], [0, 1, 1, 1, 1, 1, 1, 1, 1, 1, 1, 1, 1, 1, 1, 1, 1, 1, 1, 0, 1, 1, 1, 1, 1, 1, 1], [0, 1, 1, 1, 1, 1, 1, 1, 1, 1, 1, 1, 1, 1, 1, 1, 1, 1, 1, 1, 0, 1, 1, 1, 1, 1, 1], [0, 1, 1, 1, 1, 1, 1, 1, 1, 1, 1, 1, 1, 1, 1, 1, 1, 1, 1, 1, 1, 0, 1, 1, 1, 1, 1], [0, 1, 1, 1, 1, 1, 1, 1, 1, 1, 1, 1, 1, 1, 1, 1, 1, 1, 1, 1, 1, 1, 0, 1, 1, 1, 1], [0, 1, 1, 1, 1, 1, 1, 1, 1, 1, 1, 1, 1, 1, 1, 1, 1, 1, 1, 1, 1, 1, 1, 0, 1, 1, 1], [0, 1, 1, 1, 1, 1, 1, 1, 1, 1, 1, 1, 1, 1, 1, 1, 1, 1, 1, 1, 1, 1, 1, 1, 0, 1, 1], [0, 1, 1, 1, 1, 1, 1, 1, 1, 1, 1, 1, 1, 1, 1, 1, 1, 1, 1, 1, 1, 1, 1, 1, 1, 0, 1], [0, 0, 0, 0, 0, 0, 0, 0, 0, 0, 0, 0, 0, 0, 0, 0, 0, 0, 0, 0, 0, 0, 0, 0, 0, 0, 0]]}, "cluster_count": 3, "cluster_speeds": [[0.925, 0.85, 0.925, 1.0, 0.8325, 0.765, 0.8325, 0.9, 0.4625, 0.425, 0.4625, 0.5, 0.30525, 0.2805, 0.30525, 0.33, 0.37, 0.34, 0.37, 0.4, 0.555, 0.51, 0.555, 0.6, 0.6475, 0.595, 0.6475, 0.7, 0.37, 0.34, 0.37, 0.4, 0.30525, 0.2805, 0.30525, 0.33, 0.4625, 0.425, 0.4625, 0.5, 0.6475, 0.595, 0.6475, 0.7, 0.74, 0.68, 0.74, 0.8, 0.6475, 0.595, 0.6475, 0.7, 0.4625, 0.425, 0.4625, 0.5, 0.555, 0.51, 0.555, 0.6, 0.6475, 0.595, 0.6475, 0.7, 0.8325, 0.765, 0.8325, 0.9, 0.925, 0.85, 0.925, 1.0, 1.0], [0.8325, 0.765, 0.8325, 0.9, 0.7492500000000001, 0.6885, 0.7492500000000001, 0.81, 0.41625, 0.3825, 0.41625, 0.45, 0.27472500000000005, 0.25245, 0.27472500000000005, 0.29700000000000004, 0.333, 0.30600000000000005, 0.333, 0.36000000000000004, 0.49950000000000006, 0.459, 0.49950000000000006, 0.54, 0.6475, 0.595, 0.6475, 0.7, 0.37, 0.34, 0.37, 0.4, 0.30525, 0.2805, 0.30525, 0.33, 0.4625, 0.425, 0.4625, 0.5, 0.6475, 0.595, 0.6475, 0.7, 0.74, 0.68, 0.74, 0.8, 0.58275, 0.5355, 0.58275, 0.63, 0.41625, 0.3825, 0.41625, 0.45, 0.49950000000000006, 0.459, 0.49950000000000006, 0.54, 0.58275, 0.5355, 0.58275, 0.63, 0.7492500000000001, 0.6885, 0.7492500000000001, 0.81, 0.8325, 0.765, 0.8325, 0.9, 0.9], [0.87875, 0.8075, 0.87875, 0.95, 0.790875, 0.72675, 0.790875, 0.855, 0.439375, 0.40375, 0.439375, 0.475, 0.2899875, 0.266475, 0.2899875, 0.3135, 0.3515, 0.323, 0.3515, 0.38, 0.52725, 0.4845, 0.52725, 0.57, 0.6475, 0.595, 0.6475, 0.7, 0.37, 0.34, 0.37, 0.4, 0.30525, 0.2805, 0.30525, 0.33, 0.4625, 0.425, 0.4625, 0.5, 0.6475, 0.595, 0.6475, 0.7, 0.74, 0.68, 0.74, 0.8, 0.6151249999999999, 0.5652499999999999, 0.6151249999999999, 0.6649999999999999, 0.439375, 0.40375, 0.439375, 0.475, 0.52725, 0.4845, 0.52725, 0.57, 0.6151249999999999, 0.5652499999999999, 0.6151249999999999, 0.6649999999999999, 0.790875, 0.72675, 0.790875, 0.855, 0.87875, 0.8075, 0.87875, 0.95, 0.95]], "clusters": [[-1, 2, 2, 2, 2, 2, 2, 2, 2, 2, 2, 2, 2, 2, 2, 2, 2, 2, 2, 2, 2, 2, 2, 2, 2, 2, 2], [0, -1, 0, 0, 0, 0, 0, 0, 0, 0, 0, 0, 0, 0, 0, 0, 0, 0, 0, 0, 0, 0, 0, 0, 0, 0, 0], [0, 0, -1, 0, 0, 0, 0, 0, 0, 0, 0, 0, 0, 0, 0, 0, 0, 0, 0, 0, 0, 0, 0, 0, 0, 0, 0], [0, 0, 0, -1, 0, 0, 0, 0, 0, 0, 0, 0, 0, 0, 0, 0, 0, 0, 0, 0, 0, 0, 0, 0, 0, 0, 0], [1, 1, 1, 1, -1, 1, 1, 1, 1, 1, 1, 1, 1, 1, 1, 1, 1, 1, 1, 1, 1, 1, 1, 1, 1, 1, 1], [0, 0, 0, 0, 0, -1, 0, 0, 0, 0, 0, 0, 0, 0, 0, 0, 0, 0, 0, 0, 0, 0, 0, 0, 0, 0, 0], [0, 0, 0, 0, 0, 0, -1, 0, 0, 0, 0, 0, 0, 0, 0, 0, 0, 0, 0, 0, 0, 0, 0, 0, 0, 0, 0], [2, 2, 2, 2, 2, 2, 2, -1, 2, 2, 2, 2, 2, 2, 2, 2, 2, 2, 2, 2, 2, 2, 2, 2, 2, 2, 2], [0, 0, 0, 0, 0, 0, 0, 0, -1, 0, 0, 0, 0, 0, 0, 0, 0, 0, 0, 0, 0, 0, 0, 0, 0, 0, 0], [0, 0, 0, 0, 0, 0, 0, 0, 0, -1, 0, 0, 0, 0, 0, 0, 0, 0, 0, 0, 0, 0, 0, 0, 0, 0, 0], [0, 0, 0, 0, 0, 0, 0, 0, 0, 0, -1, 0, 0, 0, 0, 0, 0, 0, 0, 0, 0, 0, 0, 0, 0, 0, 0], [0, 0, 0, 0, 0, 0, 0, 0, 0, 0, 0, -1, 0, 0, 0, 0, 0, 0, 0, 0, 0, 0, 0, 0, 0, 0, 0], [0, 0, 0, 0, 0, 0, 0, 0, 0, 0, 0, 0, -1, 0, 0, 0, 0, 0, 0, 0, 0, 0, 0, 0, 0, 0, 0], [0, 0, 0, 0, 0, 0, 0, 0, 0, 0, 0, 0, 0, -1, 0, 0, 0, 0, 0, 0, 0, 0, 0, 0, 0, 0, 0], [2, 2, 2, 2, 2, 2, 2, 2, 2, 2, 2, 2, 2, 2, -1, 2, 2, 2, 2, 2, 2, 2, 2, 2, 2, 2, 2], [0, 0, 0, 0, 0, 0, 0, 0, 0, 0, 0, 0, 0, 0, 0, -1, 0, 0, 0, 0, 0, 0, 0, 0, 0, 0, 0], [1, 1, 1, 1, 1, 1, 1, 1, 1, 1, 1, 1, 1, 1, 1, 1, -1, 1, 1, 1, 1, 1, 1, 1, 1, 1, 1], [2, 2, 2, 2, 2, 2, 2, 2, 2, 2, 2, 2, 2, 2, 2, 2, 2, -1, 2, 2, 2, 2, 2, 2, 2, 2, 2], [0, 0, 0, 0, 0, 0, 0, 0, 0, 0, 0, 0, 0, 0, 0, 0, 0, 0, -1, 0, 0, 0, 0, 0, 0, 0, 0], [1, 1, 1, 1, 1, 1, 1, 1, 1, 1, 1, 1, 1, 1, 1, 1, 1, 1, 1, -1, 1, 1, 1, 1, 1, 1, 1], [0, 0, 0, 0, 0, 0, 0, 0, 0, 0, 0, 0, 0, 0, 0, 0, 0, 0, 0, 0, -1, 0, 0, 0, 0, 0, 0], [0, 0, 0, 0, 0, 0, 0, 0, 0, 0, 0, 0, 0, 0, 0, 0, 0, 0, 0, 0, 0, -1, 0, 0, 0, 0, 0], [2, 2, 2, 2, 2, 2, 2, 2, 2, 2, 2, 2, 2, 2, 2, 2, 2, 2, 2, 2, 2, 2, -1, 2, 2, 2, 2], [0, 0, 0, 0, 0, 0, 0, 0, 0, 0, 0, 0, 0, 0, 0, 0, 0, 0, 0, 0, 0, 0, 0, -1, 0, 0, 0], [2, 2, 2, 2, 2, 2, 2, 2, 2, 2, 2, 2, 2, 2, 2, 2, 2, 2, 2, 2, 2, 2, 2, 2, -1, 2, 2], [0, 0, 0, 0, 0, 0, 0, 0, 0, 0, 0, 0, 0, 0, 0, 0, 0, 0, 0, 0, 0, 0, 0, 0, 0, -1, 0], [2, 2, 2, 2, 2, 2, 2, 2, 2, 2, 2, 2, 2, 2, 2, 2, 2, 2, 2, 2, 2, 2, 2, 2, 2, 2, -1]], "speed_zone_count": 73, "speed_zones": [[0.0, 15.0], [15.0, 30.0], [30.0, 45.0], [45.0, 60.0], [60.0, 75.0], [75.0, 90.0], [90.0, 105.0], [105.0, 120.0], [120.0, 135.0], [135.0, 150.0], [150.0, 165.0], [165.0, 180.0], [180.0, 195.0], [195.0, 210.0], [210.0, 225.0], [225.0, 240.0], [240.0, 255.0], [255.0, 270.0], [270.0, 285.0], [285.0, 300.0], [300.0, 315.0], [315.0, 330.0], [330.0, 345.0], [345.0, 360.0], [360.0, 375.0], [375.0, 390.0], [390.0, 405.0], [405.0, 420.0], [420.0, 435.0], [435.0, 450.0], [450.0, 465.0], [465.0, 480.0], [480.0, 495.0], [495.0, 510.0], [510.0, 525.0], [525.0, 540.0], [540.0, 555.0], [555.0, 570.0], [570.0, 585.0], [585.0, 600.0], [600.0, 615.0], [615.0, 630.0], [630.0, 645.0], [645.0, 660.0], [660.0, 675.0], [675.0, 690.0], [690.0, 705.0], [705.0, 720.0], [720.0, 735.0], [735.0, 750.0], [750.0, 765.0], [765.0, 780.0], [780.0, 795.0], [795.0, 810.0], [810.0, 825.0], [825.0, 840.0], [840.0, 855.0], [855.0, 870.0], [870.0, 885.0], [885.0, 900.0], [900.0, 915.0], [915.0, 930.0], [930.0, 945.0], [945.0, 960.0], [960.0, 975.0], [975.0, 990.0], [990.0, 1005.0], [1005.0, 1020.0], [1020.0, 1035.0], [1035.0, 1050.0], [1050.0, 1065.0], [1065.0, 1080.0], [1080.0, 5000.0]], "distances": [[0.0, 70.45, 71.27, 68.67, 66.22, 73.04, 70.8, 95.65, 71.82, 72.55, 66.75, 83.19, 70.38, 68.62, 82.77, 75.25, 53.83, 50.54, 70.11, 86.75, 77.8, 59.18, 45.07, 73.37, 83.78, 69.36, 0.0], [0.0, 0.0, 21.72, 8.85, 36.09, 15.13, 4.64, 25.62, 23.67, 16.17, 12.44, 20.38, 5.05, 7.13, 14.93, 11.47, 21.26, 47.54, 5.35, 16.43, 15.38, 14.88, 34.26, 21.02, 16.91, 13.8, 70.45], [0.0, 21.72, 0.0, 13.03, 16.13, 7.37, 17.15, 38.6, 13.98, 6.08, 10.29, 14.16, 16.69, 14.78, 33.88, 12.66, 18.35, 33.07, 16.37, 26.9, 11.34, 15.8, 26.84, 10.95, 36.2, 7.99, 71.27], [0.0, 8.85, 13.03, 0.0, 27.32, 7.35, 4.64, 30.72, 14.99, 8.06, 13.08, 15.83, 13.84, 11.83, 22.62, 6.71, 15.84, 40.03, 13.51, 19.59, 10.06, 9.63, 28.44, 12.66, 24.82, 5.04, 68.67], [0.0, 36.09, 16.13, 27.32, 0.0, 23.36, 31.91, 54.71, 14.69, 22.07, 23.65, 29.27, 31.36, 28.98, 49.53, 28.66, 22.48, 19.8, 30.98, 43.02, 27.42, 24.69, 22.14, 18.18, 51.81, 22.74, 66.22], [0.0, 15.13, 7.37, 7.35, 23.36, 0.0, 10.49, 31.62, 9.17, 10.9, 6.74, 10.15, 10.14, 8.89, 26.53, 5.3, 19.22, 39.07, 9.9, 19.89, 5.13, 14.37, 30.29, 6.03, 28.84, 12.36, 73.04], [0.0, 4.64, 17.15, 4.64, 31.91, 10.49, 0.0, 26.82, 19.09, 11.53, 8.44, 16.53, 9.69, 11.78, 18.02, 7.21, 19.32, 44.48, 10.0, 16.24, 11.16, 12.85, 32.23, 16.38, 20.2, 9.32, 70.8], [0.0, 25.62, 38.6, 30.72, 54.71, 31.62, 26.82, 0.0, 40.04, 32.87, 34.24, 26.67, 27.38, 29.83, 13.73, 26.52, 46.14, 70.34, 27.76, 11.72, 27.28, 39.66, 59.04, 36.54, 13.8, 33.42, 95.65], [0.0, 23.67, 13.98, 14.99, 14.69, 9.17, 19.09, 40.04, 0.0, 7.9, 12.2, 14.94, 18.64, 16.74, 35.69, 14.4, 19.44, 32.32, 18.32, 28.37, 12.76, 17.38, 27.11, 12.77, 38.01, 9.95, 71.82], [0.0, 16.17, 6.08, 8.06, 22.07, 10.9, 11.53, 32.87, 7.9, 0.0, 6.81, 10.71, 11.14, 9.69, 27.8, 6.6, 18.74, 37.92, 10.88, 21.15, 6.12, 14.23, 29.47, 4.87, 30.12, 12.65, 72.55], [0.0, 12.44, 10.29, 13.08, 23.65, 6.74, 8.44, 34.24, 12.2, 6.81, 0.0, 16.64, 7.86, 5.36, 26.44, 8.77, 13.17, 36.3, 7.46, 22.9, 11.07, 7.7, 25.28, 10.53, 28.64, 12.15, 66.75], [0.0, 20.38, 14.16, 15.83, 29.27, 10.15, 16.53, 26.67, 14.94, 10.71, 16.64, 0.0, 16.52, 16.73, 26.34, 9.46, 29.37, 47.21, 16.52, 15.79, 5.77, 24.35, 40.08, 11.74, 28.57, 13.86, 83.19], [0.0, 5.05, 16.69, 13.84, 31.36, 10.14, 9.69, 27.38, 18.64, 11.14, 7.86, 16.52, 0.0, 12.18, 18.61, 7.13, 18.77, 43.88, 10.4, 16.74, 11.07, 12.3, 31.66, 15.98, 20.79, 8.81, 70.38], [0.0, 7.13, 14.78, 11.83, 28.98, 8.89, 11.78, 29.83, 16.74, 9.69, 5.36, 16.73, 12.18, 0.0, 21.19, 7.34, 16.4, 41.28, 12.48, 18.97, 11.02, 10.0, 29.21, 14.36, 23.35, 6.79, 68.62], [0.0, 14.93, 33.88, 22.62, 49.53, 26.53, 18.02, 13.73, 35.69, 27.8, 26.44, 26.34, 18.61, 21.19, 0.0, 21.34, 36.15, 62.35, 19.01, 12.3, 23.97, 29.81, 49.12, 32.43, 26.46, 26.81, 82.77], [0.0, 11.47, 12.66, 6.71, 28.66, 5.3, 7.21, 26.52, 14.4, 6.6, 8.77, 9.46, 7.13, 7.34, 21.34, 0.0, 21.91, 43.89, 7.09, 14.85, 10.43, 16.08, 33.95, 11.1, 23.66, 7.06, 75.25], [0.0, 21.26, 18.35, 15.84, 22.48, 19.22, 19.32, 46.14, 19.44, 18.74, 13.17, 29.37, 18.77, 16.4, 36.15, 21.91, 0.0, 27.26, 18.4, 35.35, 24.06, 6.49, 13.01, 20.1, 38.05, 15.57, 53.83], [0.0, 47.54, 33.07, 40.03, 19.8, 39.07, 44.48, 70.34, 32.32, 37.92, 36.3, 47.21, 43.88, 41.28, 62.35, 43.89, 27.26, 0.0, 43.47, 58.73, 43.97, 32.94, 16.57, 35.48, 64.43, 36.92, 50.54], [0.0, 5.35, 16.37, 13.51, 30.98, 9.9, 10.0, 27.76, 18.32, 10.88, 7.46, 16.52, 10.4, 12.48, 19.01, 7.09, 18.4, 43.47, 0.0, 17.08, 11.01, 11.94, 31.28, 15.7, 21.19, 8.47, 70.11], [0.0, 16.43, 26.9, 19.59, 43.02, 19.89, 16.24, 11.72, 28.37, 21.15, 22.9, 15.79, 16.74, 18.97, 12.3, 14.85, 35.35, 58.73, 17.08, 0.0, 15.62, 28.96, 48.04, 24.88, 14.16, 21.83, 86.75], [0.0, 15.38, 11.34, 10.06, 27.42, 5.13, 11.16, 27.28, 12.76, 6.12, 11.07, 5.77, 11.07, 11.02, 23.97, 10.43, 24.06, 43.97, 11.01, 15.62, 0.0, 18.74, 35.4, 9.26, 26.29, 8.5, 77.8], [0.0, 14.88, 15.8, 9.63, 24.69, 14.37, 12.85, 39.66, 17.38, 14.23, 7.7, 24.35, 12.3, 10.0, 29.81, 16.08, 6.49, 32.94, 11.94, 28.96, 18.74, 0.0, 19.47, 16.92, 31.76, 10.6, 59.18], [0.0, 34.26, 26.84, 28.44, 22.14, 30.29, 32.23, 59.04, 27.11, 29.47, 25.28, 40.08, 31.66, 29.21, 49.12, 33.95, 13.01, 16.57, 31.28, 48.04, 35.4, 19.47, 0.0, 29.13, 50.99, 27.06, 45.07], [0.0, 21.02, 10.95, 12.66, 18.18, 6.03, 16.38, 36.54, 12.77, 4.87, 10.53, 11.74, 15.98, 14.36, 32.43, 11.1, 20.1, 35.48, 15.7, 24.88, 9.26, 16.92, 29.13, 0.0, 34.76, 7.78, 73.37], [0.0, 16.91, 36.2, 24.82, 51.81, 28.84, 20.2, 13.8, 38.01, 30.12, 28.64, 28.57, 20.79, 23.35, 26.46, 23.66, 38.05, 64.43, 21.19, 14.16, 26.29, 31.76, 50.99, 34.76, 0.0, 29.08, 83.78], [0.0, 13.8, 7.99, 5.04, 22.74, 12.36, 9.32, 33.42, 9.95, 12.65, 12.15, 13.86, 8.81, 6.79, 26.81, 7.06, 15.57, 36.92, 8.47, 21.83, 8.5, 10.6, 27.06, 7.78, 29.08, 0.0, 69.36], [0.0, 0.0, 0.0, 0.0, 0.0, 0.0, 0.0, 0.0, 0.0, 0.0, 0.0, 0.0, 0.0, 0.0, 0.0, 0.0, 0.0, 0.0, 0.0, 0.0, 0.0, 0.0, 0.0, 0.0, 0.0, 0.0, 0.0]], "time_windows": [[0.0, 5000.0], [0.0, 119.0], [0.0, 146.0], [0.0, 160.0], [0.0, 219.0], [0.0, 292.0], [0.0, 322.0], [0.0, 377.0], [0.0, 442.0], [0.0, 454.0], [0.0, 466.0], [0.0, 512.0], [0.0, 564.0], [0.0, 595.0], [0.0, 641.0], [0.0, 675.0], [0.0, 707.0], [0.0, 745.0], [0.0, 809.0], [0.0, 841.0], [0.0, 875.0], [0.0, 910.0], [0.0, 944.0], [0.0, 990.0], [0.0, 1034.0], [0.0, 1067.0], [0.0, 5000.0]], "start_depot": 0, "end_depot": 26, "horizon": [0.0, 5000.0]}