{"digraph": {"vertex_count": 27, "arc_count": 650, "arcs": [[0, 1, 1, 1, 1, 1, 1, 1, 1, 1, 1, 1, 1, 1, 1, 1, 1, 1, 1, 1, 1, 1, 1, 1, 1, 1, 1], [0, 0, 1, 1, 1, 1, 1, 1, 1, 1, 1, 1, 1, 1, 1, 1, 1, 1, 1, 1, 1, 1, 1, 1, 1, 1, 1], [0, 1, 0, 1, 1, 1, 1, 1, 1, 1, 1, 1, 1, 1, 1, 1, 1, 1, 1, 1, 1, 1, 1, 1, 1, 1, 1], [0, 1, 1, 0, 1, 1, 1, 1, 1, 1, 1, 1, 1, 1, 1, 1, 1, 1, 1, 1, 1, 1, 1, 1, 1, 1, 1], [0, 1, 1, 1, 0, 1, 1, 1, 1, 1, 1, 1, 1, 1, 1, 1, 1, 1, 1, 1, 1, 1, 1, 1, 1, 1, 1], [0, 1, 1, 1, 1, 0, 1, 1, 1, 1, 1, 1, 1, 1, 1, 1, 1, 1, 1, 1, 1, 1, 1, 1, 1, 1, 1], [0, 1, 1, 1, 1, 1, 0, 1, 1, 1, 1, 1, 1, 1, 1, 1, 1, 1, 1, 1, 1, 1, 1, 1, 1, 1, 1], [0, 1, 1, 1, 1, 1, 1, 0, 1, 1, 1, 1, 1, 1, 1, 1, 1, 1, 1, 1, 1, 1, 1, 1, 1, 1, 1], [0, 1, 1, 1, 1, 1, 1, 1, 0, 1, 1, 1, 1, 1, 1, 1, 1, 1, 1, 1, 1, 1, 1, 1, 1, 1, 1], [0, 1, 1, 1, 1, 1, 1, 1, 1, 0, 1, 1, 1, 1, 1, 1, 1, 1, 1, 1, 1, 1, 1, 1, 1, 1, 1], [0, 1, 1, 1, 1, 1, 1, 1, 1, 1, 0, 1, 1, 1, 1, 1, 1, 1, 1, 1, 1, 1, 1, 1, 1, 1, 1], [0, 1, 1, 1, 1, 1, 1, 1, 1, 1, 1, 0, 1, 1, 1, 1, 1, 1, 1, 1, 1, 1, 1, 1, 1, 1, 1], [0, 1, 1, 1, 1, 1, 1, 1, 1, 1, 1, 1, 0, 1, 1, 1, 1, 1, 1, 1, 1, 1, 1, 1, 1, 1, 1], [0, 1, 1, 1, 1, 1, 1, 1, 1, 1, 1, 1, 1, 0, 1, 1, 1, 1, 1, 1, 1, 1, 1, 1, 1, 1, 1], [0, 1, 1, 1, 1, 1, 1, 1, 1, 1, 1, 1, 1, 1, 0, 1, 1, 1, 1, 1, 1, 1, 1, 1, 1, 1, 1], [0, 1, 1, 1, 1, 1, 1, 1, 1, 1, 1, 1, 1, 1, 1, 0, 1, 1, 1, 1, 1, 1, 1, 1, 1, 1, 1], [0, 1, 1, 1, 1, 1, 1, 1, 1, 1, 1, 1, 1, 1, 1, 1, 0, 1, 1, 1, 1, 1, 1, 1, 1, 1, 1], [0, 1, 1, 1, 1, 1, 1, 1, 1, 1, 1, 1, 1, 1, 1, 1, 1, 0, 1, 1, 1, 1, 1, 1, 1, 1, 1], [0, 1, 1, 1, 1, 1, 1, 1, 1, 1, 1, 1, 1, 1, 1, 1, 1, 1, 0, 1, 1, 1, 1, 1, 1, 1, 1], [0, 1, 1, 1, 1, 1, 1, 1, 1, 1, 1, 1, 1, 1, 1, 1, 1, 1, 1, 0, 1, 1, 1, 1, 1, 1, 1], [0, 1, 1, 1, 1, 1, 1, 1, 1, 1, 1, 1, 1, 1, 1, 1, 1, 1, 1, 1, 0, 1, 1, 1, 1, 1, 1], [0, 1, 1, 1, 1, 1, 1, 1, 1, 1, 1, 1, 1, 1, 1, 1, 1, 1, 1, 1, 1, 0, 1, 1, 1, 1, 1], [0, 1, 1, 1, 1, 1, 1, 1, 1, 1, 1, 1, 1, 1, 1, 1, 1, 1, 1, 1, 1, 1, 0, 1, 1, 1, 1], [0, 1, 1, 1, 1, 1, 1, 1, 1, 1, 1, 1, 1, 1, 1, 1, 1, 1, 1, 1, 1, 1, 1, 0, 1, 1, 1], [0, 1, 1, 1, 1, 1, 1, 1, 1, 1, 1, 1, 1, 1, 1, 1, 1, 1, 1, 1, 1, 1, 1, 1, 0, 1, 1], [0, 1, 1, 1, 1, 1, 1, 1, 1, 1, 1, 1, 1, 1, 1, 1, 1, 1, 1, 1, 1, 1, 1, 1, 1, 0, 1], [0, 0, 0, 0, 0, 0, 0, 0, 0, 0, 0, 0, 0, 0, 0, 0, 0, 0, 0, 0, 0, 0, 0, 0, 0, 0, 0]]}, "cluster_count": 3, "cluster_speeds": [[0.8325, 0.765, 0.8325, 0.9, 0.7492500000000001, 0.6885, 0.7492500000000001, 0.81, 0.41625, 0.3825, 0.41625, 0.45, 0.27472500000000005, 0.25245, 0.27472500000000005, 0.29700000000000004, 0.333, 0.30600000000000005, 0.333, 0.36000000000000004, 0.49950000000000006, 0.459, 0.49950000000000006, 0.54, 0.6475, 0.595, 0.6475, 0.7, 0.37, 0.34, 0.37, 0.4, 0.30525, 0.2805, 0.30525, 0.33, 0.4625, 0.425, 0.4625, 0.5, 0.6475, 0.595, 0.6475, 0.7, 0.74, 0.68, 0.74, 0.8, 0.58275, 0.5355, 0.58275, 0.63, 0.41625, 0.3825, 0.41625, 0.45, 0.49950000000000006, 0.459, 0.49950000000000006, 0.54, 0.58275, 0.5355, 0.58275, 0.63, 0.7492500000000001, 0.6885, 0.7492500000000001, 0.81, 0.8325, 0.765, 0.8325, 0.9, 0.9], [0.87875, 0.8075, 0.87875, 0.95, 0.790875, 0.72675, 0.790875, 0.855, 0.439375, 0.40375, 0.439375, 0.475, 0.2899875, 0.266475, 0.2899875, 0.3135, 0.3515, 0.323, 0.3515, 0.38, 0.52725, 0.4845, 0.52725, 0.57, 0.6475, 0.595, 0.6475, 0.7, 0.37, 0.34, 0.37, 0.4, 0.30525, 0.2805, 0.30525, 0.33, 0.4625, 0.425, 0.4625, 0.5, 0.6475, 0.595, 0.6475, 0.7, 0.74, 0.68, 0.74, 0.8, 0.6151249999999999, 0.5652499999999999, 0.6151249999999999, 0.6649999999999999, 0.439375, 0.40375, 0.439375, 0.475, 0.52725, 0.4845, 0.52725, 0.57, 0.6151249999999999, 0.5652499999999999, 0.6151249999999999, 0.6649999999999999, 0.790875, 0.72675, 0.790875, 0.855, 0.87875, 0.8075, 0.87875, 0.95, 0.95], [0.925, 0.85, 0.925, 1.0, 0.8325, 0.765, 0.8325, 0.9, 0.4625, 0.425, 0.4625, 0.5, 0.30525, 0.2805, 0.30525, 0.33, 0.37, 0.34, 0.37, 0.4, 0.555, 0.51, 0.555, 0.6, 0.6475, 0.595, 0.6475, 0.7, 0.37, 0.34, 0.37, 0.4, 0.30525, 0.2805, 0.30525, 0.33, 0.4625, 0.425, 0.4625, 0.5, 0.6475, 0.595, 0.6475, 0.7, 0.74, 0.68, 0.74, 0.8, 0.6475, 0.595, 0.6475, 0.7, 0.4625, 0.425, 0.4625, 0.5, 0.555, 0.51, 0.555, 0.6, 0.6475, 0.595, 0.6475, 0.7, 0.8325, 0.765, 0.8325, 0.9, 0.925, 0.85, 0.925, 1.0, 1.0]], "clusters": [[-1, 2, 2, 2, 2, 2, 2, 2, 2, 2, 2, 2, 2, 2, 2, 2, 2, 2, 2, 2, 2, 2, 2, 2, 2, 2, 2], [0, -1, 0, 0, 0, 0, 0, 0, 0, 0, 0, 0, 0, 0, 0, 0, 0, 0, 0, 0, 0, 0, 0, 0, 0, 0, 0], [0, 0, -1, 0, 0, 0, 0, 0, 0, 0, 0, 0, 0, 0, 0, 0, 0, 0, 0, 0, 0, 0, 0, 0, 0, 0, 0], [0, 0, 0, -1, 0, 0, 0, 0, 0, 0, 0, 0, 0, 0, 0, 0, 0, 0, 0, 0, 0, 0, 0, 0, 0, 0, 0], [0, 0, 0, 0, -1, 0, 0, 0, 0, 0, 0, 0, 0, 0, 0, 0, 0, 0, 0, 0, 0, 0, 0, 0, 0, 0, 0], [0, 0, 0, 0, 0, -1, 0, 0, 0, 0, 0, 0, 0, 0, 0, 0, 0, 0, 0, 0, 0, 0, 0, 0, 0, 0, 0], [0, 0, 0, 0, 0, 0, -1, 0, 0, 0, 0, 0, 0, 0, 0, 0, 0, 0, 0, 0, 0, 0, 0, 0, 0, 0, 0], [0, 0, 0, 0, 0, 0, 0, -1, 0, 0, 0, 0, 0, 0, 0, 0, 0, 0, 0, 0, 0, 0, 0, 0, 0, 0, 0], [0, 0, 0, 0, 0, 0, 0, 0, -1, 0, 0, 0, 0, 0, 0, 0, 0, 0, 0, 0, 0, 0, 0, 0, 0, 0, 0], [0, 0, 0, 0, 0, 0, 0, 0, 0, -1, 0, 0, 0, 0, 0, 0, 0, 0, 0, 0, 0, 0, 0, 0, 0, 0, 0], [0, 0, 0, 0, 0, 0, 0, 0, 0, 0, -1, 0, 0, 0, 0, 0, 0, 0, 0, 0, 0, 0, 0, 0, 0, 0, 0], [0, 0, 0, 0, 0, 0, 0, 0, 0, 0, 0, -1, 0, 0, 0, 0, 0, 0, 0, 0, 0, 0, 0, 0, 0, 0, 0], [0, 0, 0, 0, 0, 0, 0, 0, 0, 0, 0, 0, -1, 0, 0, 0, 0, 0, 0, 0, 0, 0, 0, 0, 0, 0, 0], [0, 0, 0, 0, 0, 0, 0, 0, 0, 0, 0, 0, 0, -1, 0, 0, 0, 0, 0, 0, 0, 0, 0, 0, 0, 0, 0], [0, 0, 0, 0, 0, 0, 0, 0, 0, 0, 0, 0, 0, 0, -1, 0, 0, 0, 0, 0, 0, 0, 0, 0, 0, 0, 0], [0, 0, 0, 0, 0, 0, 0, 0, 0, 0, 0, 0, 0, 0, 0, -1, 0, 0, 0, 0, 0, 0, 0, 0, 0, 0, 0], [1, 1, 1, 1, 1, 1, 1, 1, 1, 1, 1, 1, 1, 1, 1, 1, -1, 1, 1, 1, 1, 1, 1, 1, 1, 1, 1], [1, 1, 1, 1, 1, 1, 1, 1, 1, 1, 1, 1, 1, 1, 1, 1, 1, -1, 1, 1, 1, 1, 1, 1, 1, 1, 1], [0, 0, 0, 0, 0, 0, 0, 0, 0, 0, 0, 0, 0, 0, 0, 0, 0, 0, -1, 0, 0, 0, 0, 0, 0, 0, 0], [0, 0, 0, 0, 0, 0, 0, 0, 0, 0, 0, 0, 0, 0, 0, 0, 0, 0, 0, -1, 0, 0, 0, 0, 0, 0, 0], [1, 1, 1, 1, 1, 1, 1, 1, 1, 1, 1, 1, 1, 1, 1, 1, 1, 1, 1, 1, -1, 1, 1, 1, 1, 1, 1], [0, 0, 0, 0, 0, 0, 0, 0, 0, 0, 0, 0, 0, 0, 0, 0, 0, 0, 0, 0, 0, -1, 0, 0, 0, 0, 0], [0, 0, 0, 0, 0, 0, 0, 0, 0, 0, 0, 0, 0, 0, 0, 0, 0, 0, 0, 0, 0, 0, -1, 0, 0, 0, 0], [0, 0, 0, 0, 0, 0, 0, 0, 0, 0, 0, 0, 0, 0, 0, 0, 0, 0, 0, 0, 0, 0, 0, -1, 0, 0, 0], [0, 0, 0, 0, 0, 0, 0, 0, 0, 0, 0, 0, 0, 0, 0, 0, 0, 0, 0, 0, 0, 0, 0, 0, -1, 0, 0], [0, 0, 0, 0, 0, 0, 0, 0, 0, 0, 0, 0, 0, 0, 0, 0, 0, 0, 0, 0, 0, 0, 0, 0, 0, -1, 0], [2, 2, 2, 2, 2, 2, 2, 2, 2, 2, 2, 2, 2, 2, 2, 2, 2, 2, 2, 2, 2, 2, 2, 2, 2, 2, -1]], "speed_zone_count": 73, "speed_zones": [[0.0, 15.0], [15.0, 30.0], [30.0, 45.0], [45.0, 60.0], [60.0, 75.0], [75.0, 90.0], [90.0, 105.0], [105.0, 120.0], [120.0, 135.0], [135.0, 150.0], [150.0, 165.0], [165.0, 180.0], [180.0, 195.0], [195.0, 210.0], [210.0, 225.0], [225.0, 240.0], [240.0, 255.0], [255.0, 270.0], [270.0, 285.0], [285.0, 300.0], [300.0, 315.0], [315.0, 330.0], [330.0, 345.0], [345.0, 360.0], [360.0, 375.0], [375.0, 390.0], [390.0, 405.0], [405.0, 420.0], [420.0, 435.0], [435.0, 450.0], [450.0, 465.0], [465.0, 480.0], [480.0, 495.0], [495.0, 510.0], [510.0, 525.0], [525.0, 540.0], [540.0, 555.0], [555.0, 570.0], [570.0, 585.0], [585.0, 600.0], [600.0, 615.0], [615.0, 630.0], [630.0, 645.0], [645.0, 660.0], [660.0, 675.0], [675.0, 690.0], [690.0, 705.0], [705.0, 720.0], [720.0, 735.0], [735.0, 750.0], [750.0, 765.0], [765.0, 780.0], [780.0, 795.0], [795.0, 810.0], [810.0, 825.0], [825.0, 840.0], [840.0, 855.0], [855.0, 870.0], [870.0, 885.0], [885.0, 900.0], [900.0, 915.0], [915.0, 930.0], [930.0, 945.0], [945.0, 960.0], [960.0, 975.0], [975.0, 990.0], [990.0, 1005.0], [1005.0, 1020.0], [1020.0, 1035.0], [1035.0, 1050.0], [1050.0, 1065.0], [1065.0, 1080.0], [1080.0, 5000.0]], "distances": [[0.0, 69.72, 70.69, 78.29, 59.88, 82.16, 66.07, 81.6, 72.51, 69.19, 67.86, 69.57, 61.34, 70.4, 68.51, 72.57, 56.05, 82.45, 70.44, 69.52, 55.38, 76.91, 71.12, 71.82, 74.84, 78.07, 0.0], [0.0, 0.0, 12.6, 12.11, 13.94, 12.53, 6.32, 11.98, 11.15, 12.09, 21.25, 8.88, 13.37, 12.26, 18.62, 11.66, 27.23, 12.98, 10.07, 9.72, 19.12, 11.23, 4.33, 18.83, 7.25, 8.89, 69.72], [0.0, 12.6, 0.0, 8.95, 10.94, 16.72, 8.43, 18.65, 12.78, 9.23, 9.41, 12.42, 9.44, 15.35, 6.66, 13.02, 19.28, 20.02, 11.07, 11.56, 15.38, 7.69, 16.8, 6.23, 18.62, 12.62, 70.69], [0.0, 12.11, 8.95, 0.0, 18.59, 8.64, 12.55, 11.35, 6.39, 10.34, 17.5, 12.08, 17.22, 13.92, 14.91, 6.59, 28.23, 12.68, 10.48, 11.5, 23.63, 11.47, 14.82, 12.93, 14.69, 5.83, 78.29], [0.0, 13.94, 10.94, 18.59, 0.0, 24.17, 7.86, 24.86, 12.63, 11.47, 12.74, 13.71, 11.86, 16.29, 11.41, 12.69, 13.61, 26.09, 13.55, 13.12, 5.36, 17.2, 17.77, 14.02, 21.16, 19.73, 59.88], [0.0, 12.53, 16.72, 8.64, 24.17, 0.0, 16.62, 10.49, 14.05, 13.15, 25.85, 12.66, 23.07, 12.57, 23.17, 14.42, 35.64, 4.37, 11.72, 12.65, 29.52, 9.41, 12.53, 21.48, 10.2, 4.45, 82.16], [0.0, 6.32, 8.43, 12.55, 7.86, 16.62, 0.0, 17.06, 8.31, 15.18, 15.67, 6.08, 7.12, 8.94, 13.24, 8.68, 20.92, 18.26, 5.7, 5.39, 13.19, 11.24, 10.49, 14.22, 13.55, 12.25, 66.07], [0.0, 11.98, 18.65, 11.35, 24.86, 10.49, 17.06, 0.0, 16.05, 13.45, 27.98, 12.16, 23.91, 11.29, 25.25, 16.47, 37.04, 13.47, 11.61, 12.37, 30.22, 11.89, 10.87, 23.86, 7.85, 6.04, 81.6], [0.0, 11.15, 12.78, 6.39, 12.63, 14.05, 8.31, 16.05, 0.0, 8.01, 11.94, 11.0, 11.18, 13.77, 9.21, 10.41, 21.9, 17.43, 9.49, 10.17, 17.44, 5.08, 15.13, 8.2, 16.55, 10.01, 72.51], [0.0, 12.09, 9.23, 10.34, 11.47, 13.15, 15.18, 13.45, 8.01, 0.0, 17.82, 12.31, 10.65, 6.24, 15.18, 8.5, 24.32, 14.65, 10.54, 13.14, 16.81, 9.2, 7.76, 15.44, 10.31, 8.89, 69.19], [0.0, 21.25, 9.41, 17.5, 12.74, 25.85, 15.67, 27.98, 11.94, 17.82, 0.0, 21.04, 11.63, 24.05, 16.07, 11.51, 12.58, 29.37, 19.92, 20.19, 14.04, 16.49, 25.57, 5.0, 27.8, 21.94, 67.86], [0.0, 8.88, 12.42, 12.08, 13.71, 12.66, 6.08, 12.16, 11.0, 12.31, 21.04, 0.0, 13.14, 12.49, 18.42, 11.51, 26.99, 13.17, 10.28, 9.93, 18.89, 11.18, 4.55, 18.65, 7.48, 8.97, 69.57], [0.0, 13.37, 9.44, 17.22, 11.86, 23.07, 7.12, 23.91, 11.18, 10.65, 11.63, 13.14, 0.0, 15.85, 10.12, 11.23, 13.89, 25.17, 12.81, 12.48, 6.49, 15.83, 17.37, 12.61, 20.61, 18.62, 61.34], [0.0, 12.26, 15.35, 13.92, 16.29, 12.57, 8.94, 11.29, 13.77, 6.24, 24.05, 12.49, 15.85, 0.0, 21.42, 14.29, 29.74, 12.06, 4.3, 13.18, 21.31, 13.22, 10.03, 21.58, 5.01, 9.7, 70.4], [0.0, 18.62, 6.66, 14.91, 11.41, 23.17, 13.24, 25.25, 9.21, 15.18, 16.07, 18.42, 10.12, 21.42, 0.0, 8.79, 14.18, 26.64, 17.25, 17.56, 13.74, 13.85, 22.94, 12.89, 25.09, 19.21, 68.51], [0.0, 11.66, 13.02, 6.59, 12.69, 14.42, 8.68, 16.47, 10.41, 8.5, 11.51, 11.51, 11.23, 14.29, 8.79, 0.0, 21.65, 17.86, 10.01, 10.68, 17.42, 5.32, 15.65, 7.69, 17.07, 10.43, 72.57], [0.0, 27.23, 19.28, 28.23, 13.61, 35.64, 20.92, 37.04, 21.9, 24.32, 12.58, 26.99, 13.89, 29.74, 14.18, 21.65, 0.0, 38.37, 26.54, 26.31, 9.77, 26.97, 31.26, 17.34, 34.47, 31.29, 56.05], [0.0, 12.98, 20.02, 12.68, 26.09, 4.37, 18.26, 13.47, 17.43, 14.65, 29.37, 13.17, 25.17, 12.06, 26.64, 17.86, 38.37, 0.0, 12.74, 13.44, 31.44, 13.25, 11.49, 25.24, 8.17, 7.43, 82.45], [0.0, 10.07, 11.07, 10.48, 13.55, 11.72, 5.7, 11.61, 9.49, 10.54, 19.92, 10.28, 12.81, 4.3, 17.25, 10.01, 26.54, 12.74, 0.0, 11.09, 18.84, 9.55, 5.73, 17.29, 8.07, 7.75, 70.44], [0.0, 9.72, 11.56, 11.5, 13.12, 12.65, 5.39, 12.37, 10.17, 13.14, 20.19, 9.93, 12.48, 13.18, 17.56, 10.68, 26.31, 13.44, 11.09, 0.0, 18.35, 10.54, 5.39, 17.79, 8.17, 8.77, 69.52], [0.0, 19.12, 15.38, 23.63, 5.36, 29.52, 13.19, 30.22, 17.44, 16.81, 14.04, 18.89, 6.49, 21.31, 13.74, 17.42, 9.77, 31.44, 18.84, 18.35, 0.0, 22.24, 22.73, 16.88, 26.26, 25.07, 55.38], [0.0, 11.23, 7.69, 11.47, 17.2, 9.41, 11.24, 11.89, 5.08, 9.2, 16.49, 11.18, 15.83, 13.22, 13.85, 5.32, 26.97, 13.25, 9.55, 10.54, 22.24, 0.0, 14.23, 12.07, 14.45, 6.04, 76.91], [0.0, 4.33, 16.8, 14.82, 17.77, 12.53, 10.49, 10.87, 15.13, 7.76, 25.57, 4.55, 17.37, 10.03, 22.94, 15.65, 31.26, 11.49, 5.73, 5.39, 22.73, 14.23, 0.0, 23.02, 11.58, 10.16, 71.12], [0.0, 18.83, 6.23, 12.93, 14.02, 21.48, 14.22, 23.86, 8.2, 15.44, 5.0, 18.65, 12.61, 21.58, 12.89, 7.69, 17.34, 25.24, 17.29, 17.79, 16.88, 12.07, 23.02, 0.0, 24.72, 17.86, 71.82], [0.0, 7.25, 18.62, 14.69, 21.16, 10.2, 13.55, 7.85, 16.55, 10.31, 27.8, 7.48, 20.61, 5.01, 25.09, 17.07, 34.47, 8.17, 8.07, 8.17, 26.26, 14.45, 11.58, 24.72, 0.0, 9.17, 74.84], [0.0, 8.89, 12.62, 5.83, 19.73, 4.45, 12.25, 6.04, 10.01, 8.89, 21.94, 8.97, 18.62, 9.7, 19.21, 10.43, 31.29, 7.43, 7.75, 8.77, 25.07, 6.04, 10.16, 17.86, 9.17, 0.0, 78.07], [0.0, 0.0, 0.0, 0.0, 0.0, 0.0, 0.0, 0.0, 0.0, 0.0, 0.0, 0.0, 0.0, 0.0, 0.0, 0.0, 0.0, 0.0, 0.0, 0.0, 0.0, 0.0, 0.0, 0.0, 0.0, 0.0, 0.0]], "time_windows": [[0.0, 5000.0], [0.0, 118.0], [0.0, 134.0], [0.0, 145.0], [0.0, 170.0], [0.0, 223.0], [0.0, 278.0], [0.0, 325.0], [0.0, 359.0], [0.0, 374.0], [0.0, 404.0], [0.0, 438.0], [0.0, 458.0], [0.0, 499.0], [0.0, 564.0], [0.0, 588.0], [0.0, 635.0], [0.0, 696.0], [0.0, 713.0], [0.0, 730.0], [0.0, 754.0], [0.0, 788.0], [0.0, 809.0], [0.0, 855.0], [0.0, 903.0], [0.0, 920.0], [0.0, 5000.0]], "start_depot": 0, "end_depot": 26, "horizon": [0.0, 5000.0]}