{"digraph": {"vertex_count": 27, "arc_count": 650, "arcs": [[0, 1, 1, 1, 1, 1, 1, 1, 1, 1, 1, 1, 1, 1, 1, 1, 1, 1, 1, 1, 1, 1, 1, 1, 1, 1, 1], [0, 0, 1, 1, 1, 1, 1, 1, 1, 1, 1, 1, 1, 1, 1, 1, 1, 1, 1, 1, 1, 1, 1, 1, 1, 1, 1], [0, 1, 0, 1, 1, 1, 1, 1, 1, 1, 1, 1, 1, 1, 1, 1, 1, 1, 1, 1, 1, 1, 1, 1, 1, 1, 1], [0, 1, 1, 0, 1, 1, 1, 1, 1, 1, 1, 1, 1, 1, 1, 1, 1, 1, 1, 1, 1, 1, 1, 1, 1, 1, 1], [0, 1, 1, 1, 0, 1, 1, 1, 1, 1, 1, 1, 1, 1, 1, 1, 1, 1, 1, 1, 1, 1, 1, 1, 1, 1, 1], [0, 1, 1, 1, 1, 0, 1, 1, 1, 1, 1, 1, 1, 1, 1, 1, 1, 1, 1, 1, 1, 1, 1, 1, 1, 1, 1], [0, 1, 1, 1, 1, 1, 0, 1, 1, 1, 1, 1, 1, 1, 1, 1, 1, 1, 1, 1, 1, 1, 1, 1, 1, 1, 1], [0, 1, 1, 1, 1, 1, 1, 0, 1, 1, 1, 1, 1, 1, 1, 1, 1, 1, 1, 1, 1, 1, 1, 1, 1, 1, 1], [0, 1, 1, 1, 1, 1, 1, 1, 0, 1, 1, 1, 1, 1, 1, 1, 1, 1, 1, 1, 1, 1, 1, 1, 1, 1, 1], [0, 1, 1, 1, 1, 1, 1, 1, 1, 0, 1, 1, 1, 1, 1, 1, 1, 1, 1, 1, 1, 1, 1, 1, 1, 1, 1], [0, 1, 1, 1, 1, 1, 1, 1, 1, 1, 0, 1, 1, 1, 1, 1, 1, 1, 1, 1, 1, 1, 1, 1, 1, 1, 1], [0, 1, 1, 1, 1, 1, 1, 1, 1, 1, 1, 0, 1, 1, 1, 1, 1, 1, 1, 1, 1, 1, 1, 1, 1, 1, 1], [0, 1, 1, 1, 1, 1, 1, 1, 1, 1, 1, 1, 0, 1, 1, 1, 1, 1, 1, 1, 1, 1, 1, 1, 1, 1, 1], [0, 1, 1, 1, 1, 1, 1, 1, 1, 1, 1, 1, 1, 0, 1, 1, 1, 1, 1, 1, 1, 1, 1, 1, 1, 1, 1], [0, 1, 1, 1, 1, 1, 1, 1, 1, 1, 1, 1, 1, 1, 0, 1, 1, 1, 1, 1, 1, 1, 1, 1, 1, 1, 1], [0, 1, 1, 1, 1, 1, 1, 1, 1, 1, 1, 1, 1, 1, 1, 0, 1, 1, 1, 1, 1, 1, 1, 1, 1, 1, 1], [0, 1, 1, 1, 1, 1, 1, 1, 1, 1, 1, 1, 1, 1, 1, 1, 0, 1, 1, 1, 1, 1, 1, 1, 1, 1, 1], [0, 1, 1, 1, 1, 1, 1, 1, 1, 1, 1, 1, 1, 1, 1, 1, 1, 0, 1, 1, 1, 1, 1, 1, 1, 1, 1], [0, 1, 1, 1, 1, 1, 1, 1, 1, 1, 1, 1, 1, 1, 1, 1, 1, 1, 0, 1, 1, 1, 1, 1, 1, 1, 1], [0, 1, 1, 1, 1, 1, 1, 1, 1, 1, 1, 1, 1, 1, 1, 1, 1, 1, 1, 0, 1, 1, 1, 1, 1, 1, 1], [0, 1, 1, 1, 1, 1, 1, 1, 1, 1, 1, 1, 1, 1, 1, 1, 1, 1, 1, 1, 0, 1, 1, 1, 1, 1, 1], [0, 1, 1, 1, 1, 1, 1, 1, 1, 1, 1, 1, 1, 1, 1, 1, 1, 1, 1, 1, 1, 0, 1, 1, 1, 1, 1], [0, 1, 1, 1, 1, 1, 1, 1, 1, 1, 1, 1, 1, 1, 1, 1, 1, 1, 1, 1, 1, 1, 0, 1, 1, 1, 1], [0, 1, 1, 1, 1, 1, 1, 1, 1, 1, 1, 1, 1, 1, 1, 1, 1, 1, 1, 1, 1, 1, 1, 0, 1, 1, 1], [0, 1, 1, 1, 1, 1, 1, 1, 1, 1, 1, 1, 1, 1, 1, 1, 1, 1, 1, 1, 1, 1, 1, 1, 0, 1, 1], [0, 1, 1, 1, 1, 1, 1, 1, 1, 1, 1, 1, 1, 1, 1, 1, 1, 1, 1, 1, 1, 1, 1, 1, 1, 0, 1], [0, 0, 0, 0, 0, 0, 0, 0, 0, 0, 0, 0, 0, 0, 0, 0, 0, 0, 0, 0, 0, 0, 0, 0, 0, 0, 0]]}, "cluster_count": 3, "cluster_speeds": [[0.8325, 0.765, 0.8325, 0.9, 0.7492500000000001, 0.6885, 0.7492500000000001, 0.81, 0.41625, 0.3825, 0.41625, 0.45, 0.27472500000000005, 0.25245, 0.27472500000000005, 0.29700000000000004, 0.333, 0.30600000000000005, 0.333, 0.36000000000000004, 0.49950000000000006, 0.459, 0.49950000000000006, 0.54, 0.6475, 0.595, 0.6475, 0.7, 0.37, 0.34, 0.37, 0.4, 0.30525, 0.2805, 0.30525, 0.33, 0.4625, 0.425, 0.4625, 0.5, 0.6475, 0.595, 0.6475, 0.7, 0.74, 0.68, 0.74, 0.8, 0.58275, 0.5355, 0.58275, 0.63, 0.41625, 0.3825, 0.41625, 0.45, 0.49950000000000006, 0.459, 0.49950000000000006, 0.54, 0.58275, 0.5355, 0.58275, 0.63, 0.7492500000000001, 0.6885, 0.7492500000000001, 0.81, 0.8325, 0.765, 0.8325, 0.9, 0.9], [0.87875, 0.8075, 0.87875, 0.95, 0.790875, 0.72675, 0.790875, 0.855, 0.439375, 0.40375, 0.439375, 0.475, 0.2899875, 0.266475, 0.2899875, 0.3135, 0.3515, 0.323, 0.3515, 0.38, 0.52725, 0.4845, 0.52725, 0.57, 0.6475, 0.595, 0.6475, 0.7, 0.37, 0.34, 0.37, 0.4, 0.30525, 0.2805, 0.30525, 0.33, 0.4625, 0.425, 0.4625, 0.5, 0.6475, 0.595, 0.6475, 0.7, 0.74, 0.68, 0.74, 0.8, 0.6151249999999999, 0.5652499999999999, 0.6151249999999999, 0.6649999999999999, 0.439375, 0.40375, 0.439375, 0.475, 0.52725, 0.4845, 0.52725, 0.57, 0.6151249999999999, 0.5652499999999999, 0.6151249999999999, 0.6649999999999999, 0.790875, 0.72675, 0.790875, 0.855, 0.87875, 0.8075, 0.87875, 0.95, 0.95], [0.925, 0.85, 0.925, 1.0, 0.8325, 0.765, 0.8325, 0.9, 0.4625, 0.425, 0.4625, 0.5, 0.30525, 0.2805, 0.30525, 0.33, 0.37, 0.34, 0.37, 0.4, 0.555, 0.51, 0.555, 0.6, 0.6475, 0.595, 0.6475, 0.7, 0.37, 0.34, 0.37, 0.4, 0.30525, 0.2805, 0.30525, 0.33, 0.4625, 0.425, 0.4625, 0.5, 0.6475, 0.595, 0.6475, 0.7, 0.74, 0.68, 0.74, 0.8, 0.6475, 0.595, 0.6475, 0.7, 0.4625, 0.425, 0.4625, 0.5, 0.555, 0.51, 0.555, 0.6, 0.6475, 0.595, 0.6475, 0.7, 0.8325, 0.765, 0.8325, 0.9, 0.925, 0.85, 0.925, 1.0, 1.0]], "clusters": [[-1, 2, 2, 2, 2, 2, 2, 2, 2, 2, 2, 2, 2, 2, 2, 2, 2, 2, 2, 2, 2, 2, 2, 2, 2, 2, 2], [1, -1, 1, 1, 1, 1, 1, 1, 1, 1, 1, 1, 1, 1, 1, 1, 1, 1, 1, 1, 1, 1, 1, 1, 1, 1, 1], [0, 0, -1, 0, 0, 0, 0, 0, 0, 0, 0, 0, 0, 0, 0, 0, 0, 0, 0, 0, 0, 0, 0, 0, 0, 0, 0], [1, 1, 1, -1, 1, 1, 1, 1, 1, 1, 1, 1, 1, 1, 1, 1, 1, 1, 1, 1, 1, 1, 1, 1, 1, 1, 1], [0, 0, 0, 0, -1, 0, 0, 0, 0, 0, 0, 0, 0, 0, 0, 0, 0, 0, 0, 0, 0, 0, 0, 0, 0, 0, 0], [1, 1, 1, 1, 1, -1, 1, 1, 1, 1, 1, 1, 1, 1, 1, 1, 1, 1, 1, 1, 1, 1, 1, 1, 1, 1, 1], [0, 0, 0, 0, 0, 0, -1, 0, 0, 0, 0, 0, 0, 0, 0, 0, 0, 0, 0, 0, 0, 0, 0, 0, 0, 0, 0], [0, 0, 0, 0, 0, 0, 0, -1, 0, 0, 0, 0, 0, 0, 0, 0, 0, 0, 0, 0, 0, 0, 0, 0, 0, 0, 0], [1, 1, 1, 1, 1, 1, 1, 1, -1, 1, 1, 1, 1, 1, 1, 1, 1, 1, 1, 1, 1, 1, 1, 1, 1, 1, 1], [0, 0, 0, 0, 0, 0, 0, 0, 0, -1, 0, 0, 0, 0, 0, 0, 0, 0, 0, 0, 0, 0, 0, 0, 0, 0, 0], [1, 1, 1, 1, 1, 1, 1, 1, 1, 1, -1, 1, 1, 1, 1, 1, 1, 1, 1, 1, 1, 1, 1, 1, 1, 1, 1], [0, 0, 0, 0, 0, 0, 0, 0, 0, 0, 0, -1, 0, 0, 0, 0, 0, 0, 0, 0, 0, 0, 0, 0, 0, 0, 0], [0, 0, 0, 0, 0, 0, 0, 0, 0, 0, 0, 0, -1, 0, 0, 0, 0, 0, 0, 0, 0, 0, 0, 0, 0, 0, 0], [0, 0, 0, 0, 0, 0, 0, 0, 0, 0, 0, 0, 0, -1, 0, 0, 0, 0, 0, 0, 0, 0, 0, 0, 0, 0, 0], [0, 0, 0, 0, 0, 0, 0, 0, 0, 0, 0, 0, 0, 0, -1, 0, 0, 0, 0, 0, 0, 0, 0, 0, 0, 0, 0], [1, 1, 1, 1, 1, 1, 1, 1, 1, 1, 1, 1, 1, 1, 1, -1, 1, 1, 1, 1, 1, 1, 1, 1, 1, 1, 1], [0, 0, 0, 0, 0, 0, 0, 0, 0, 0, 0, 0, 0, 0, 0, 0, -1, 0, 0, 0, 0, 0, 0, 0, 0, 0, 0], [0, 0, 0, 0, 0, 0, 0, 0, 0, 0, 0, 0, 0, 0, 0, 0, 0, -1, 0, 0, 0, 0, 0, 0, 0, 0, 0], [0, 0, 0, 0, 0, 0, 0, 0, 0, 0, 0, 0, 0, 0, 0, 0, 0, 0, -1, 0, 0, 0, 0, 0, 0, 0, 0], [0, 0, 0, 0, 0, 0, 0, 0, 0, 0, 0, 0, 0, 0, 0, 0, 0, 0, 0, -1, 0, 0, 0, 0, 0, 0, 0], [2, 2, 2, 2, 2, 2, 2, 2, 2, 2, 2, 2, 2, 2, 2, 2, 2, 2, 2, 2, -1, 2, 2, 2, 2, 2, 2], [0, 0, 0, 0, 0, 0, 0, 0, 0, 0, 0, 0, 0, 0, 0, 0, 0, 0, 0, 0, 0, -1, 0, 0, 0, 0, 0], [0, 0, 0, 0, 0, 0, 0, 0, 0, 0, 0, 0, 0, 0, 0, 0, 0, 0, 0, 0, 0, 0, -1, 0, 0, 0, 0], [0, 0, 0, 0, 0, 0, 0, 0, 0, 0, 0, 0, 0, 0, 0, 0, 0, 0, 0, 0, 0, 0, 0, -1, 0, 0, 0], [0, 0, 0, 0, 0, 0, 0, 0, 0, 0, 0, 0, 0, 0, 0, 0, 0, 0, 0, 0, 0, 0, 0, 0, -1, 0, 0], [1, 1, 1, 1, 1, 1, 1, 1, 1, 1, 1, 1, 1, 1, 1, 1, 1, 1, 1, 1, 1, 1, 1, 1, 1, -1, 1], [2, 2, 2, 2, 2, 2, 2, 2, 2, 2, 2, 2, 2, 2, 2, 2, 2, 2, 2, 2, 2, 2, 2, 2, 2, 2, -1]], "speed_zone_count": 73, "speed_zones": [[0.0, 15.0], [15.0, 30.0], [30.0, 45.0], [45.0, 60.0], [60.0, 75.0], [75.0, 90.0], [90.0, 105.0], [105.0, 120.0], [120.0, 135.0], [135.0, 150.0], [150.0, 165.0], [165.0, 180.0], [180.0, 195.0], [195.0, 210.0], [210.0, 225.0], [225.0, 240.0], [240.0, 255.0], [255.0, 270.0], [270.0, 285.0], [285.0, 300.0], [300.0, 315.0], [315.0, 330.0], [330.0, 345.0], [345.0, 360.0], [360.0, 375.0], [375.0, 390.0], [390.0, 405.0], [405.0, 420.0], [420.0, 435.0], [435.0, 450.0], [450.0, 465.0], [465.0, 480.0], [480.0, 495.0], [495.0, 510.0], [510.0, 525.0], [525.0, 540.0], [540.0, 555.0], [555.0, 570.0], [570.0, 585.0], [585.0, 600.0], [600.0, 615.0], [615.0, 630.0], [630.0, 645.0], [645.0, 660.0], [660.0, 675.0], [675.0, 690.0], [690.0, 705.0], [705.0, 720.0], [720.0, 735.0], [735.0, 750.0], [750.0, 765.0], [765.0, 780.0], [780.0, 795.0], [795.0, 810.0], [810.0, 825.0], [825.0, 840.0], [840.0, 855.0], [855.0, 870.0], [870.0, 885.0], [885.0, 900.0], [900.0, 915.0], [915.0, 930.0], [930.0, 945.0], [945.0, 960.0], [960.0, 975.0], [975.0, 990.0], [990.0, 1005.0], [1005.0, 1020.0], [1020.0, 1035.0], [1035.0, 1050.0], [1050.0, 1065.0], [1065.0, 1080.0], [1080.0, 5000.0]], "distances": [[0.0, 80.36, 71.08, 55.29, 69.26, 55.75, 80.72, 72.39, 90.63, 63.32, 63.64, 71.71, 71.96, 79.07, 73.26, 53.97, 69.32, 77.99, 71.16, 72.15, 95.07, 65.06, 82.34, 71.6, 69.19, 63.84, 0.0], [0.0, 0.0, 34.5, 32.51, 22.72, 38.11, 14.93, 26.1, 14.87, 28.31, 40.46, 27.13, 12.36, 23.21, 24.04, 39.57, 20.08, 9.8, 21.92, 32.21, 17.26, 25.06, 22.82, 18.66, 20.36, 45.79, 80.36], [0.0, 34.5, 0.0, 17.81, 12.53, 15.34, 21.72, 8.42, 32.01, 11.43, 9.1, 7.37, 23.09, 13.87, 10.53, 17.12, 15.38, 24.93, 12.75, 12.54, 36.71, 12.9, 16.79, 16.08, 15.13, 13.1, 71.08], [0.0, 32.51, 17.81, 0.0, 14.25, 7.02, 26.78, 17.12, 37.69, 8.03, 14.93, 16.52, 20.61, 23.81, 17.98, 7.74, 15.02, 25.94, 16.15, 18.01, 42.53, 10.01, 27.13, 17.35, 14.82, 19.37, 55.29], [0.0, 22.72, 12.53, 14.25, 0.0, 17.21, 12.95, 5.32, 24.08, 6.86, 17.77, 5.76, 10.73, 9.98, 4.67, 19.01, 9.67, 13.84, 10.03, 10.68, 28.99, 4.24, 13.12, 10.89, 9.42, 23.08, 69.26], [0.0, 38.11, 15.34, 7.02, 17.21, 0.0, 30.15, 18.07, 41.29, 10.39, 9.3, 17.12, 25.83, 25.26, 19.59, 14.76, 18.94, 30.5, 18.91, 16.49, 46.19, 13.52, 28.66, 21.09, 18.69, 12.84, 55.75], [0.0, 14.93, 21.72, 26.78, 12.95, 30.15, 0.0, 13.66, 11.14, 19.81, 29.4, 14.81, 10.11, 8.64, 11.56, 31.96, 11.78, 5.86, 11.25, 19.25, 16.05, 16.95, 7.89, 9.44, 11.97, 34.35, 80.72], [0.0, 26.1, 8.42, 17.12, 5.32, 18.07, 13.66, 0.0, 24.44, 9.09, 15.78, 10.2, 14.99, 7.2, 9.99, 19.98, 7.85, 16.51, 4.71, 6.12, 29.28, 8.14, 10.59, 7.93, 7.66, 20.7, 72.39], [0.0, 14.87, 32.01, 37.69, 24.08, 41.29, 11.14, 24.44, 0.0, 30.94, 40.2, 25.59, 18.67, 18.16, 22.43, 43.09, 22.71, 12.65, 22.39, 29.53, 4.91, 28.01, 15.68, 20.41, 22.92, 44.97, 90.63], [0.0, 28.31, 11.43, 8.03, 6.86, 10.39, 19.81, 9.09, 30.94, 0.0, 12.85, 8.53, 15.95, 15.86, 10.01, 12.16, 8.6, 20.21, 8.65, 10.87, 35.84, 11.11, 19.22, 10.7, 8.34, 18.21, 63.32], [0.0, 40.46, 9.1, 14.93, 17.77, 9.3, 29.4, 15.78, 40.2, 12.85, 0.0, 14.62, 28.26, 22.39, 17.84, 10.49, 20.38, 31.5, 18.83, 11.27, 45.02, 15.83, 25.53, 21.9, 20.1, 5.39, 63.64], [0.0, 27.13, 7.37, 16.52, 5.76, 17.12, 14.81, 10.2, 25.59, 8.53, 14.62, 0.0, 15.85, 8.21, 10.43, 19.04, 8.46, 17.59, 5.49, 5.17, 30.43, 7.99, 11.59, 8.79, 8.25, 19.55, 71.71], [0.0, 12.36, 23.09, 20.61, 10.73, 25.83, 10.11, 14.99, 18.67, 15.95, 28.26, 15.85, 0.0, 14.81, 13.2, 27.36, 7.93, 6.03, 10.37, 21.01, 23.14, 12.71, 16.16, 7.06, 8.2, 33.63, 71.96], [0.0, 23.21, 13.87, 23.81, 9.98, 25.26, 8.64, 7.2, 18.16, 15.86, 22.39, 8.21, 14.81, 0.0, 5.85, 27.17, 10.92, 13.5, 8.18, 11.4, 22.84, 14.05, 15.07, 9.32, 10.92, 26.92, 79.07], [0.0, 24.04, 10.53, 17.98, 4.67, 19.59, 11.56, 9.99, 22.43, 10.01, 17.84, 10.43, 13.2, 5.85, 0.0, 21.49, 6.65, 14.4, 14.03, 8.18, 27.29, 8.37, 9.22, 6.22, 6.52, 22.81, 73.26], [0.0, 39.57, 17.12, 7.74, 19.01, 14.76, 31.96, 19.98, 43.09, 12.16, 10.49, 19.04, 27.36, 27.17, 21.49, 0.0, 20.65, 32.17, 20.74, 18.35, 48.0, 15.22, 30.58, 22.83, 20.4, 13.37, 53.97], [0.0, 20.08, 15.38, 15.02, 9.67, 18.94, 11.78, 7.85, 22.71, 8.6, 20.38, 8.46, 7.93, 10.92, 6.65, 20.65, 0.0, 11.61, 11.58, 13.49, 27.57, 5.43, 13.67, 12.87, 10.61, 25.74, 69.32], [0.0, 9.8, 24.93, 25.94, 13.84, 30.5, 5.86, 16.51, 12.65, 20.21, 31.5, 17.59, 6.03, 13.5, 14.4, 32.17, 11.61, 0.0, 12.69, 22.57, 17.14, 17.0, 13.54, 9.68, 11.87, 36.74, 77.99], [0.0, 21.92, 12.75, 16.15, 10.03, 18.91, 11.25, 4.71, 22.39, 8.65, 18.83, 5.49, 10.37, 8.18, 14.03, 20.74, 11.58, 12.69, 0.0, 10.65, 27.29, 6.15, 11.25, 12.64, 11.33, 24.06, 71.16], [0.0, 32.21, 12.54, 18.01, 10.68, 16.49, 19.25, 6.12, 29.53, 10.87, 11.27, 5.17, 21.01, 11.4, 8.18, 18.35, 13.49, 22.57, 10.65, 0.0, 34.24, 11.74, 14.37, 13.96, 13.26, 15.53, 72.15], [0.0, 17.26, 36.71, 42.53, 28.99, 46.19, 16.05, 29.28, 4.91, 35.84, 45.02, 30.43, 23.14, 22.84, 27.29, 48.0, 27.57, 17.14, 27.29, 34.24, 0.0, 32.9, 20.15, 25.28, 27.79, 49.72, 95.07], [0.0, 25.06, 12.9, 10.01, 4.24, 13.52, 16.95, 8.14, 28.01, 11.11, 15.83, 7.99, 12.71, 14.05, 8.37, 15.22, 5.43, 17.0, 6.15, 11.74, 32.9, 0.0, 17.28, 7.63, 5.18, 21.21, 65.06], [0.0, 22.82, 16.79, 27.13, 13.12, 28.66, 7.89, 10.59, 15.68, 19.22, 25.53, 11.59, 16.16, 15.07, 9.22, 30.58, 13.67, 13.54, 11.25, 14.37, 20.15, 17.28, 0.0, 11.78, 13.71, 29.89, 82.34], [0.0, 18.66, 16.08, 17.35, 10.89, 21.09, 9.44, 7.93, 20.41, 10.7, 21.9, 8.79, 7.06, 9.32, 6.22, 22.83, 12.87, 9.68, 12.64, 13.96, 25.28, 7.63, 11.78, 0.0, 12.74, 27.19, 71.6], [0.0, 20.36, 15.13, 14.82, 9.42, 18.69, 11.97, 7.66, 22.92, 8.34, 20.1, 8.25, 8.2, 10.92, 6.52, 20.4, 10.61, 11.87, 11.33, 13.26, 27.79, 5.18, 13.71, 12.74, 0.0, 25.46, 69.19], [0.0, 45.79, 13.1, 19.37, 23.08, 12.84, 34.35, 20.7, 44.97, 18.21, 5.39, 19.55, 33.63, 26.92, 22.81, 13.37, 25.74, 36.74, 24.06, 15.53, 49.72, 21.21, 29.89, 27.19, 25.46, 0.0, 63.84], [0.0, 0.0, 0.0, 0.0, 0.0, 0.0, 0.0, 0.0, 0.0, 0.0, 0.0, 0.0, 0.0, 0.0, 0.0, 0.0, 0.0, 0.0, 0.0, 0.0, 0.0, 0.0, 0.0, 0.0, 0.0, 0.0, 0.0]], "time_windows": [[0.0, 5000.0], [0.0, 132.0], [0.0, 181.0], [0.0, 219.0], [0.0, 267.0], [0.0, 316.0], [0.0, 379.0], [0.0, 402.0], [0.0, 441.0], [0.0, 509.0], [0.0, 548.0], [0.0, 590.0], [0.0, 626.0], [0.0, 652.0], [0.0, 661.0], [0.0, 695.0], [0.0, 723.0], [0.0, 740.0], [0.0, 756.0], [0.0, 771.0], [0.0, 826.0], [0.0, 894.0], [0.0, 926.0], [0.0, 946.0], [0.0, 966.0], [0.0, 1004.0], [0.0, 5000.0]], "start_depot": 0, "end_depot": 26, "horizon": [0.0, 5000.0]}