{"digraph": {"vertex_count": 32, "arc_count": 930, "arcs": [[0, 1, 1, 1, 1, 1, 1, 1, 1, 1, 1, 1, 1, 1, 1, 1, 1, 1, 1, 1, 1, 1, 1, 1, 1, 1, 1, 1, 1, 1, 1, 1], [0, 0, 1, 1, 1, 1, 1, 1, 1, 1, 1, 1, 1, 1, 1, 1, 1, 1, 1, 1, 1, 1, 1, 1, 1, 1, 1, 1, 1, 1, 1, 1], [0, 1, 0, 1, 1, 1, 1, 1, 1, 1, 1, 1, 1, 1, 1, 1, 1, 1, 1, 1, 1, 1, 1, 1, 1, 1, 1, 1, 1, 1, 1, 1], [0, 1, 1, 0, 1, 1, 1, 1, 1, 1, 1, 1, 1, 1, 1, 1, 1, 1, 1, 1, 1, 1, 1, 1, 1, 1, 1, 1, 1, 1, 1, 1], [0, 1, 1, 1, 0, 1, 1, 1, 1, 1, 1, 1, 1, 1, 1, 1, 1, 1, 1, 1, 1, 1, 1, 1, 1, 1, 1, 1, 1, 1, 1, 1], [0, 1, 1, 1, 1, 0, 1, 1, 1, 1, 1, 1, 1, 1, 1, 1, 1, 1, 1, 1, 1, 1, 1, 1, 1, 1, 1, 1, 1, 1, 1, 1], [0, 1, 1, 1, 1, 1, 0, 1, 1, 1, 1, 1, 1, 1, 1, 1, 1, 1, 1, 1, 1, 1, 1, 1, 1, 1, 1, 1, 1, 1, 1, 1], [0, 1, 1, 1, 1, 1, 1, 0, 1, 1, 1, 1, 1, 1, 1, 1, 1, 1, 1, 1, 1, 1, 1, 1, 1, 1, 1, 1, 1, 1, 1, 1], [0, 1, 1, 1, 1, 1, 1, 1, 0, 1, 1, 1, 1, 1, 1, 1, 1, 1, 1, 1, 1, 1, 1, 1, 1, 1, 1, 1, 1, 1, 1, 1], [0, 1, 1, 1, 1, 1, 1, 1, 1, 0, 1, 1, 1, 1, 1, 1, 1, 1, 1, 1, 1, 1, 1, 1, 1, 1, 1, 1, 1, 1, 1, 1], [0, 1, 1, 1, 1, 1, 1, 1, 1, 1, 0, 1, 1, 1, 1, 1, 1, 1, 1, 1, 1, 1, 1, 1, 1, 1, 1, 1, 1, 1, 1, 1], [0, 1, 1, 1, 1, 1, 1, 1, 1, 1, 1, 0, 1, 1, 1, 1, 1, 1, 1, 1, 1, 1, 1, 1, 1, 1, 1, 1, 1, 1, 1, 1], [0, 1, 1, 1, 1, 1, 1, 1, 1, 1, 1, 1, 0, 1, 1, 1, 1, 1, 1, 1, 1, 1, 1, 1, 1, 1, 1, 1, 1, 1, 1, 1], [0, 1, 1, 1, 1, 1, 1, 1, 1, 1, 1, 1, 1, 0, 1, 1, 1, 1, 1, 1, 1, 1, 1, 1, 1, 1, 1, 1, 1, 1, 1, 1], [0, 1, 1, 1, 1, 1, 1, 1, 1, 1, 1, 1, 1, 1, 0, 1, 1, 1, 1, 1, 1, 1, 1, 1, 1, 1, 1, 1, 1, 1, 1, 1], [0, 1, 1, 1, 1, 1, 1, 1, 1, 1, 1, 1, 1, 1, 1, 0, 1, 1, 1, 1, 1, 1, 1, 1, 1, 1, 1, 1, 1, 1, 1, 1], [0, 1, 1, 1, 1, 1, 1, 1, 1, 1, 1, 1, 1, 1, 1, 1, 0, 1, 1, 1, 1, 1, 1, 1, 1, 1, 1, 1, 1, 1, 1, 1], [0, 1, 1, 1, 1, 1, 1, 1, 1, 1, 1, 1, 1, 1, 1, 1, 1, 0, 1, 1, 1, 1, 1, 1, 1, 1, 1, 1, 1, 1, 1, 1], [0, 1, 1, 1, 1, 1, 1, 1, 1, 1, 1, 1, 1, 1, 1, 1, 1, 1, 0, 1, 1, 1, 1, 1, 1, 1, 1, 1, 1, 1, 1, 1], [0, 1, 1, 1, 1, 1, 1, 1, 1, 1, 1, 1, 1, 1, 1, 1, 1, 1, 1, 0, 1, 1, 1, 1, 1, 1, 1, 1, 1, 1, 1, 1], [0, 1, 1, 1, 1, 1, 1, 1, 1, 1, 1, 1, 1, 1, 1, 1, 1, 1, 1, 1, 0, 1, 1, 1, 1, 1, 1, 1, 1, 1, 1, 1], [0, 1, 1, 1, 1, 1, 1, 1, 1, 1, 1, 1, 1, 1, 1, 1, 1, 1, 1, 1, 1, 0, 1, 1, 1, 1, 1, 1, 1, 1, 1, 1], [0, 1, 1, 1, 1, 1, 1, 1, 1, 1, 1, 1, 1, 1, 1, 1, 1, 1, 1, 1, 1, 1, 0, 1, 1, 1, 1, 1, 1, 1, 1, 1], [0, 1, 1, 1, 1, 1, 1, 1, 1, 1, 1, 1, 1, 1, 1, 1, 1, 1, 1, 1, 1, 1, 1, 0, 1, 1, 1, 1, 1, 1, 1, 1], [0, 1, 1, 1, 1, 1, 1, 1, 1, 1, 1, 1, 1, 1, 1, 1, 1, 1, 1, 1, 1, 1, 1, 1, 0, 1, 1, 1, 1, 1, 1, 1], [0, 1, 1, 1, 1, 1, 1, 1, 1, 1, 1, 1, 1, 1, 1, 1, 1, 1, 1, 1, 1, 1, 1, 1, 1, 0, 1, 1, 1, 1, 1, 1], [0, 1, 1, 1, 1, 1, 1, 1, 1, 1, 1, 1, 1, 1, 1, 1, 1, 1, 1, 1, 1, 1, 1, 1, 1, 1, 0, 1, 1, 1, 1, 1], [0, 1, 1, 1, 1, 1, 1, 1, 1, 1, 1, 1, 1, 1, 1, 1, 1, 1, 1, 1, 1, 1, 1, 1, 1, 1, 1, 0, 1, 1, 1, 1], [0, 1, 1, 1, 1, 1, 1, 1, 1, 1, 1, 1, 1, 1, 1, 1, 1, 1, 1, 1, 1, 1, 1, 1, 1, 1, 1, 1, 0, 1, 1, 1], [0, 1, 1, 1, 1, 1, 1, 1, 1, 1, 1, 1, 1, 1, 1, 1, 1, 1, 1, 1, 1, 1, 1, 1, 1, 1, 1, 1, 1, 0, 1, 1], [0, 1, 1, 1, 1, 1, 1, 1, 1, 1, 1, 1, 1, 1, 1, 1, 1, 1, 1, 1, 1, 1, 1, 1, 1, 1, 1, 1, 1, 1, 0, 1], [0, 0, 0, 0, 0, 0, 0, 0, 0, 0, 0, 0, 0, 0, 0, 0, 0, 0, 0, 0, 0, 0, 0, 0, 0, 0, 0, 0, 0, 0, 0, 0]]}, "cluster_count": 3, "cluster_speeds": [[0.6475, 0.595, 0.6475, 0.7, 0.58275, 0.5355, 0.58275, 0.63, 0.32375, 0.2975, 0.32375, 0.35, 0.213675, 0.19635, 0.213675, 0.23099999999999998, 0.259, 0.238, 0.259, 0.27999999999999997, 0.3885, 0.357, 0.3885, 0.42, 0.6475, 0.595, 0.6475, 0.7, 0.37, 0.34, 0.37, 0.4, 0.30525, 0.2805, 0.30525, 0.33, 0.4625, 0.425, 0.4625, 0.5, 0.6475, 0.595, 0.6475, 0.7, 0.74, 0.68, 0.74, 0.8, 0.45324999999999993, 0.4165, 0.45324999999999993, 0.48999999999999994, 0.32375, 0.2975, 0.32375, 0.35, 0.3885, 0.357, 0.3885, 0.42, 0.45324999999999993, 0.4165, 0.45324999999999993, 0.48999999999999994, 0.58275, 0.5355, 0.58275, 0.63, 0.6475, 0.595, 0.6475, 0.7, 0.7], [0.7400000000000001, 0.68, 0.7400000000000001, 0.8, 0.666, 0.6120000000000001, 0.666, 0.7200000000000001, 0.37000000000000005, 0.34, 0.37000000000000005, 0.4, 0.24420000000000003, 0.22440000000000004, 0.24420000000000003, 0.264, 0.296, 0.272, 0.296, 0.32000000000000006, 0.44400000000000006, 0.40800000000000003, 0.44400000000000006, 0.48, 0.6475, 0.595, 0.6475, 0.7, 0.37, 0.34, 0.37, 0.4, 0.30525, 0.2805, 0.30525, 0.33, 0.4625, 0.425, 0.4625, 0.5, 0.6475, 0.595, 0.6475, 0.7, 0.74, 0.68, 0.74, 0.8, 0.518, 0.476, 0.518, 0.5599999999999999, 0.37000000000000005, 0.34, 0.37000000000000005, 0.4, 0.44400000000000006, 0.40800000000000003, 0.44400000000000006, 0.48, 0.518, 0.476, 0.518, 0.5599999999999999, 0.666, 0.6120000000000001, 0.666, 0.7200000000000001, 0.7400000000000001, 0.68, 0.7400000000000001, 0.8, 0.8], [0.925, 0.85, 0.925, 1.0, 0.8325, 0.765, 0.8325, 0.9, 0.4625, 0.425, 0.4625, 0.5, 0.30525, 0.2805, 0.30525, 0.33, 0.37, 0.34, 0.37, 0.4, 0.555, 0.51, 0.555, 0.6, 0.6475, 0.595, 0.6475, 0.7, 0.37, 0.34, 0.37, 0.4, 0.30525, 0.2805, 0.30525, 0.33, 0.4625, 0.425, 0.4625, 0.5, 0.6475, 0.595, 0.6475, 0.7, 0.74, 0.68, 0.74, 0.8, 0.6475, 0.595, 0.6475, 0.7, 0.4625, 0.425, 0.4625, 0.5, 0.555, 0.51, 0.555, 0.6, 0.6475, 0.595, 0.6475, 0.7, 0.8325, 0.765, 0.8325, 0.9, 0.925, 0.85, 0.925, 1.0, 1.0]], "clusters": [[-1, 2, 2, 2, 2, 2, 2, 2, 2, 2, 2, 2, 2, 2, 2, 2, 2, 2, 2, 2, 2, 2, 2, 2, 2, 2, 2, 2, 2, 2, 2, 2], [1, -1, 1, 1, 1, 1, 1, 1, 1, 1, 1, 1, 1, 1, 1, 1, 1, 1, 1, 1, 1, 1, 1, 1, 1, 1, 1, 1, 1, 1, 1, 1], [0, 0, -1, 0, 0, 0, 0, 0, 0, 0, 0, 0, 0, 0, 0, 0, 0, 0, 0, 0, 0, 0, 0, 0, 0, 0, 0, 0, 0, 0, 0, 0], [0, 0, 0, -1, 0, 0, 0, 0, 0, 0, 0, 0, 0, 0, 0, 0, 0, 0, 0, 0, 0, 0, 0, 0, 0, 0, 0, 0, 0, 0, 0, 0], [2, 2, 2, 2, -1, 2, 2, 2, 2, 2, 2, 2, 2, 2, 2, 2, 2, 2, 2, 2, 2, 2, 2, 2, 2, 2, 2, 2, 2, 2, 2, 2], [0, 0, 0, 0, 0, -1, 0, 0, 0, 0, 0, 0, 0, 0, 0, 0, 0, 0, 0, 0, 0, 0, 0, 0, 0, 0, 0, 0, 0, 0, 0, 0], [1, 1, 1, 1, 1, 1, -1, 1, 1, 1, 1, 1, 1, 1, 1, 1, 1, 1, 1, 1, 1, 1, 1, 1, 1, 1, 1, 1, 1, 1, 1, 1], [0, 0, 0, 0, 0, 0, 0, -1, 0, 0, 0, 0, 0, 0, 0, 0, 0, 0, 0, 0, 0, 0, 0, 0, 0, 0, 0, 0, 0, 0, 0, 0], [0, 0, 0, 0, 0, 0, 0, 0, -1, 0, 0, 0, 0, 0, 0, 0, 0, 0, 0, 0, 0, 0, 0, 0, 0, 0, 0, 0, 0, 0, 0, 0], [2, 2, 2, 2, 2, 2, 2, 2, 2, -1, 2, 2, 2, 2, 2, 2, 2, 2, 2, 2, 2, 2, 2, 2, 2, 2, 2, 2, 2, 2, 2, 2], [1, 1, 1, 1, 1, 1, 1, 1, 1, 1, -1, 1, 1, 1, 1, 1, 1, 1, 1, 1, 1, 1, 1, 1, 1, 1, 1, 1, 1, 1, 1, 1], [0, 0, 0, 0, 0, 0, 0, 0, 0, 0, 0, -1, 0, 0, 0, 0, 0, 0, 0, 0, 0, 0, 0, 0, 0, 0, 0, 0, 0, 0, 0, 0], [0, 0, 0, 0, 0, 0, 0, 0, 0, 0, 0, 0, -1, 0, 0, 0, 0, 0, 0, 0, 0, 0, 0, 0, 0, 0, 0, 0, 0, 0, 0, 0], [0, 0, 0, 0, 0, 0, 0, 0, 0, 0, 0, 0, 0, -1, 0, 0, 0, 0, 0, 0, 0, 0, 0, 0, 0, 0, 0, 0, 0, 0, 0, 0], [1, 1, 1, 1, 1, 1, 1, 1, 1, 1, 1, 1, 1, 1, -1, 1, 1, 1, 1, 1, 1, 1, 1, 1, 1, 1, 1, 1, 1, 1, 1, 1], [0, 0, 0, 0, 0, 0, 0, 0, 0, 0, 0, 0, 0, 0, 0, -1, 0, 0, 0, 0, 0, 0, 0, 0, 0, 0, 0, 0, 0, 0, 0, 0], [1, 1, 1, 1, 1, 1, 1, 1, 1, 1, 1, 1, 1, 1, 1, 1, -1, 1, 1, 1, 1, 1, 1, 1, 1, 1, 1, 1, 1, 1, 1, 1], [1, 1, 1, 1, 1, 1, 1, 1, 1, 1, 1, 1, 1, 1, 1, 1, 1, -1, 1, 1, 1, 1, 1, 1, 1, 1, 1, 1, 1, 1, 1, 1], [0, 0, 0, 0, 0, 0, 0, 0, 0, 0, 0, 0, 0, 0, 0, 0, 0, 0, -1, 0, 0, 0, 0, 0, 0, 0, 0, 0, 0, 0, 0, 0], [0, 0, 0, 0, 0, 0, 0, 0, 0, 0, 0, 0, 0, 0, 0, 0, 0, 0, 0, -1, 0, 0, 0, 0, 0, 0, 0, 0, 0, 0, 0, 0], [2, 2, 2, 2, 2, 2, 2, 2, 2, 2, 2, 2, 2, 2, 2, 2, 2, 2, 2, 2, -1, 2, 2, 2, 2, 2, 2, 2, 2, 2, 2, 2], [0, 0, 0, 0, 0, 0, 0, 0, 0, 0, 0, 0, 0, 0, 0, 0, 0, 0, 0, 0, 0, -1, 0, 0, 0, 0, 0, 0, 0, 0, 0, 0], [0, 0, 0, 0, 0, 0, 0, 0, 0, 0, 0, 0, 0, 0, 0, 0, 0, 0, 0, 0, 0, 0, -1, 0, 0, 0, 0, 0, 0, 0, 0, 0], [0, 0, 0, 0, 0, 0, 0, 0, 0, 0, 0, 0, 0, 0, 0, 0, 0, 0, 0, 0, 0, 0, 0, -1, 0, 0, 0, 0, 0, 0, 0, 0], [0, 0, 0, 0, 0, 0, 0, 0, 0, 0, 0, 0, 0, 0, 0, 0, 0, 0, 0, 0, 0, 0, 0, 0, -1, 0, 0, 0, 0, 0, 0, 0], [0, 0, 0, 0, 0, 0, 0, 0, 0, 0, 0, 0, 0, 0, 0, 0, 0, 0, 0, 0, 0, 0, 0, 0, 0, -1, 0, 0, 0, 0, 0, 0], [1, 1, 1, 1, 1, 1, 1, 1, 1, 1, 1, 1, 1, 1, 1, 1, 1, 1, 1, 1, 1, 1, 1, 1, 1, 1, -1, 1, 1, 1, 1, 1], [0, 0, 0, 0, 0, 0, 0, 0, 0, 0, 0, 0, 0, 0, 0, 0, 0, 0, 0, 0, 0, 0, 0, 0, 0, 0, 0, -1, 0, 0, 0, 0], [0, 0, 0, 0, 0, 0, 0, 0, 0, 0, 0, 0, 0, 0, 0, 0, 0, 0, 0, 0, 0, 0, 0, 0, 0, 0, 0, 0, -1, 0, 0, 0], [0, 0, 0, 0, 0, 0, 0, 0, 0, 0, 0, 0, 0, 0, 0, 0, 0, 0, 0, 0, 0, 0, 0, 0, 0, 0, 0, 0, 0, -1, 0, 0], [0, 0, 0, 0, 0, 0, 0, 0, 0, 0, 0, 0, 0, 0, 0, 0, 0, 0, 0, 0, 0, 0, 0, 0, 0, 0, 0, 0, 0, 0, -1, 0], [2, 2, 2, 2, 2, 2, 2, 2, 2, 2, 2, 2, 2, 2, 2, 2, 2, 2, 2, 2, 2, 2, 2, 2, 2, 2, 2, 2, 2, 2, 2, -1]], "speed_zone_count": 73, "speed_zones": [[0.0, 15.0], [15.0, 30.0], [30.0, 45.0], [45.0, 60.0], [60.0, 75.0], [75.0, 90.0], [90.0, 105.0], [105.0, 120.0], [120.0, 135.0], [135.0, 150.0], [150.0, 165.0], [165.0, 180.0], [180.0, 195.0], [195.0, 210.0], [210.0, 225.0], [225.0, 240.0], [240.0, 255.0], [255.0, 270.0], [270.0, 285.0], [285.0, 300.0], [300.0, 315.0], [315.0, 330.0], [330.0, 345.0], [345.0, 360.0], [360.0, 375.0], [375.0, 390.0], [390.0, 405.0], [405.0, 420.0], [420.0, 435.0], [435.0, 450.0], [450.0, 465.0], [465.0, 480.0], [480.0, 495.0], [495.0, 510.0], [510.0, 525.0], [525.0, 540.0], [540.0, 555.0], [555.0, 570.0], [570.0, 585.0], [585.0, 600.0], [600.0, 615.0], [615.0, 630.0], [630.0, 645.0], [645.0, 660.0], [660.0, 675.0], [675.0, 690.0], [690.0, 705.0], [705.0, 720.0], [720.0, 735.0], [735.0, 750.0], [750.0, 765.0], [765.0, 780.0], [780.0, 795.0], [795.0, 810.0], [810.0, 825.0], [825.0, 840.0], [840.0, 855.0], [855.0, 870.0], [870.0, 885.0], [885.0, 900.0], [900.0, 915.0], [915.0, 930.0], [930.0, 945.0], [945.0, 960.0], [960.0, 975.0], [975.0, 990.0], [990.0, 1005.0], [1005.0, 1020.0], [1020.0, 1035.0], [1035.0, 1050.0], [1050.0, 1065.0], [1065.0, 1080.0], [1080.0, 5000.0]], "distances": [[0.0, 82.27, 71.4, 73.33, 107.98, 62.23, 88.16, 72.15, 68.51, 63.25, 88.64, 64.88, 67.43, 71.79, 81.16, 80.84, 53.27, 57.65, 73.53, 70.24, 99.27, 56.6, 64.86, 78.1, 69.99, 73.17, 73.3, 69.56, 61.99, 77.97, 74.87, 0.0], [0.0, 0.0, 19.02, 33.86, 25.71, 25.5, 20.32, 14.52, 17.81, 55.12, 13.95, 22.41, 26.79, 10.87, 5.58, 18.36, 32.61, 35.02, 26.73, 17.74, 17.93, 30.26, 28.78, 21.29, 13.89, 10.64, 37.75, 13.46, 24.48, 18.94, 21.55, 82.27], [0.0, 19.02, 0.0, 15.98, 40.93, 9.23, 16.87, 4.98, 4.71, 36.1, 17.86, 6.55, 7.79, 11.9, 14.28, 9.58, 18.18, 17.14, 9.11, 12.11, 35.77, 14.93, 9.99, 7.95, 8.48, 9.76, 19.76, 10.39, 9.45, 6.87, 5.29, 71.4], [0.0, 33.86, 15.98, 0.0, 51.35, 17.6, 21.55, 20.93, 19.87, 23.31, 27.09, 17.92, 10.46, 27.87, 28.47, 17.02, 23.56, 16.16, 7.14, 18.29, 48.62, 20.64, 11.3, 13.17, 24.33, 25.68, 18.17, 26.19, 19.26, 15.27, 12.31, 73.33], [0.0, 25.71, 40.93, 51.35, 0.0, 49.35, 30.23, 37.92, 41.7, 74.6, 24.33, 46.21, 48.18, 36.39, 27.66, 34.61, 57.44, 58.07, 45.31, 40.77, 10.55, 54.71, 50.72, 38.59, 38.81, 35.47, 54.85, 38.82, 48.75, 37.0, 40.71, 107.98], [0.0, 25.5, 9.23, 17.6, 49.35, 0.0, 25.93, 11.46, 7.77, 31.83, 26.99, 12.39, 7.32, 15.53, 21.86, 18.61, 8.97, 9.69, 13.36, 8.64, 43.21, 5.7, 6.53, 16.11, 11.82, 14.89, 20.47, 12.94, 11.66, 15.75, 12.9, 62.23], [0.0, 20.32, 16.87, 21.55, 30.23, 25.93, 0.0, 17.66, 20.56, 44.84, 7.38, 23.42, 21.45, 22.33, 15.36, 7.32, 34.89, 31.98, 16.59, 18.47, 29.4, 31.55, 24.18, 10.4, 21.36, 19.61, 24.81, 22.86, 26.31, 10.18, 13.5, 88.16], [0.0, 14.52, 4.98, 20.93, 37.92, 11.46, 17.66, 0.0, 9.7, 40.8, 16.51, 8.3, 12.45, 7.03, 10.42, 11.06, 19.69, 20.64, 13.96, 12.56, 31.88, 16.81, 14.28, 11.17, 13.46, 4.77, 24.73, 6.01, 10.85, 9.24, 9.46, 72.15], [0.0, 17.81, 4.71, 19.87, 41.7, 7.77, 20.56, 9.7, 0.0, 38.18, 20.14, 4.63, 10.23, 8.58, 14.11, 13.52, 15.89, 17.2, 13.42, 10.19, 35.45, 13.02, 11.53, 12.54, 4.75, 7.32, 23.49, 6.44, 7.06, 11.13, 10.01, 68.51], [0.0, 55.12, 36.1, 23.31, 74.6, 31.83, 44.84, 40.8, 38.18, 0.0, 50.28, 34.19, 28.36, 46.74, 50.18, 40.05, 30.83, 22.91, 29.43, 37.61, 71.25, 30.23, 26.66, 36.08, 42.89, 45.34, 20.13, 44.37, 33.5, 37.9, 34.4, 63.25], [0.0, 13.95, 17.86, 27.09, 24.33, 26.99, 7.38, 16.51, 20.14, 50.28, 0.0, 24.04, 24.36, 18.91, 10.01, 10.29, 35.8, 34.68, 20.99, 18.51, 22.24, 32.66, 27.02, 14.27, 19.24, 16.59, 30.68, 20.26, 26.88, 12.81, 16.57, 88.64], [0.0, 22.41, 6.55, 17.92, 46.21, 12.39, 23.42, 8.3, 4.63, 34.19, 24.04, 0.0, 7.5, 12.7, 18.7, 16.12, 11.76, 12.64, 12.58, 5.56, 40.07, 8.65, 7.85, 14.06, 8.9, 11.84, 21.18, 10.21, 11.69, 13.35, 10.96, 64.88], [0.0, 26.79, 7.79, 10.46, 48.18, 7.32, 21.45, 12.45, 10.23, 28.36, 24.36, 7.5, 0.0, 18.76, 22.05, 14.53, 14.86, 10.54, 6.37, 9.3, 43.47, 11.55, 13.85, 11.05, 14.96, 17.08, 13.68, 16.67, 8.87, 11.69, 8.02, 67.43], [0.0, 10.87, 11.9, 27.87, 36.39, 15.53, 22.33, 7.03, 8.58, 46.74, 18.91, 12.7, 18.76, 0.0, 9.63, 16.88, 21.86, 25.21, 20.97, 9.64, 28.77, 19.73, 20.1, 17.86, 13.33, 11.8, 31.63, 13.04, 14.22, 15.7, 16.46, 71.79], [0.0, 5.58, 14.28, 28.47, 27.66, 21.86, 15.36, 10.42, 14.11, 50.18, 10.01, 18.7, 22.05, 9.63, 0.0, 12.79, 29.78, 31.01, 21.39, 13.48, 21.54, 27.08, 24.25, 15.74, 11.26, 8.0, 32.35, 11.61, 21.13, 13.41, 16.19, 81.16], [0.0, 18.36, 9.58, 17.02, 34.61, 18.61, 7.32, 11.06, 13.52, 40.05, 10.29, 16.12, 14.53, 16.88, 12.79, 0.0, 27.58, 25.05, 10.7, 11.33, 31.64, 24.25, 17.26, 17.42, 15.08, 14.09, 20.75, 16.8, 19.0, 16.45, 6.52, 80.84], [0.0, 32.61, 18.18, 23.56, 57.44, 8.97, 34.89, 19.69, 15.89, 30.83, 35.8, 11.76, 14.86, 21.86, 29.78, 27.58, 0.0, 8.81, 21.23, 17.29, 50.54, 14.67, 12.73, 24.94, 18.77, 22.11, 25.42, 19.2, 8.93, 24.71, 21.71, 53.27], [0.0, 35.02, 17.14, 16.16, 58.07, 9.69, 31.98, 20.64, 17.2, 22.91, 34.68, 12.64, 10.54, 25.21, 31.01, 25.05, 8.81, 0.0, 16.07, 17.52, 52.52, 7.38, 7.8, 21.57, 21.49, 24.47, 17.29, 22.62, 11.11, 22.18, 18.55, 57.65], [0.0, 26.73, 9.11, 7.14, 45.31, 13.36, 16.59, 13.96, 13.42, 29.43, 20.99, 12.58, 6.37, 20.97, 21.39, 10.7, 21.23, 16.07, 0.0, 11.57, 41.9, 17.91, 8.7, 6.72, 17.59, 18.67, 11.03, 19.49, 14.67, 8.48, 5.2, 73.53], [0.0, 17.74, 12.11, 18.29, 40.77, 8.64, 18.47, 12.56, 10.19, 37.61, 18.51, 5.56, 9.3, 9.64, 13.48, 11.33, 17.29, 17.52, 11.57, 0.0, 35.01, 14.22, 11.06, 10.28, 6.04, 7.78, 22.0, 7.93, 8.37, 8.88, 7.81, 70.24], [0.0, 17.93, 35.77, 48.62, 10.55, 43.21, 29.4, 31.88, 35.45, 71.25, 22.24, 40.07, 43.47, 28.77, 21.54, 31.64, 50.54, 52.52, 41.9, 35.01, 0.0, 48.15, 45.76, 35.45, 31.8, 28.49, 52.38, 31.38, 42.3, 33.44, 36.85, 99.27], [0.0, 30.26, 14.93, 20.64, 54.71, 5.7, 31.55, 16.81, 13.02, 30.23, 32.66, 8.65, 11.55, 19.73, 27.08, 24.25, 14.67, 7.38, 17.91, 14.22, 48.15, 0.0, 9.56, 21.57, 16.37, 19.65, 22.78, 17.05, 5.96, 21.37, 18.33, 56.6], [0.0, 28.78, 9.99, 11.3, 50.72, 6.53, 24.18, 14.28, 11.53, 26.66, 27.02, 7.85, 13.85, 20.1, 24.25, 17.26, 12.73, 7.8, 8.7, 11.06, 45.76, 9.56, 0.0, 13.78, 16.25, 18.71, 13.97, 17.8, 8.3, 14.41, 10.75, 64.86], [0.0, 21.29, 7.95, 13.17, 38.59, 16.11, 10.4, 11.17, 12.54, 36.08, 14.27, 14.06, 11.05, 17.86, 15.74, 17.42, 24.94, 21.57, 6.72, 10.28, 35.45, 21.57, 13.78, 0.0, 15.3, 15.17, 16.96, 17.18, 16.82, 14.83, 11.92, 78.1], [0.0, 13.89, 8.48, 24.33, 38.81, 11.82, 21.36, 13.46, 4.75, 42.89, 19.24, 8.9, 14.96, 13.33, 11.26, 15.08, 18.77, 21.49, 17.59, 6.04, 31.8, 16.37, 16.25, 15.3, 0.0, 12.06, 28.03, 11.19, 10.64, 13.37, 13.43, 69.99], [0.0, 10.64, 9.76, 25.68, 35.47, 14.89, 19.61, 4.77, 7.32, 45.34, 16.59, 11.84, 17.08, 11.8, 8.0, 14.09, 22.11, 24.47, 18.67, 7.78, 28.49, 19.65, 18.71, 15.17, 12.06, 0.0, 29.5, 10.78, 13.84, 12.98, 13.96, 73.17], [0.0, 37.75, 19.76, 18.17, 54.85, 20.47, 24.81, 24.73, 23.49, 20.13, 30.68, 21.18, 13.68, 31.63, 32.35, 20.75, 25.42, 17.29, 11.03, 22.0, 52.38, 22.78, 13.97, 16.96, 28.03, 29.5, 0.0, 29.86, 22.2, 19.11, 16.2, 73.3], [0.0, 13.46, 10.39, 26.19, 38.82, 12.94, 22.86, 6.01, 6.44, 44.37, 20.26, 10.21, 16.67, 13.04, 11.61, 16.8, 19.2, 22.62, 19.49, 7.93, 31.38, 17.05, 17.8, 17.18, 11.19, 10.78, 29.86, 0.0, 11.58, 15.2, 15.35, 69.56], [0.0, 24.48, 9.45, 19.26, 48.75, 11.66, 26.31, 10.85, 7.06, 33.5, 26.88, 11.69, 8.87, 14.22, 21.13, 19.0, 8.93, 11.11, 14.67, 8.37, 42.3, 5.96, 8.3, 16.82, 10.64, 13.84, 22.2, 11.58, 0.0, 16.21, 13.65, 61.99], [0.0, 18.94, 6.87, 15.27, 37.0, 15.75, 10.18, 9.24, 11.13, 37.9, 12.81, 13.35, 11.69, 15.7, 13.41, 16.45, 24.71, 22.18, 8.48, 8.88, 33.44, 21.37, 14.41, 14.83, 13.37, 12.98, 19.11, 15.2, 16.21, 0.0, 12.17, 77.97], [0.0, 21.55, 5.29, 12.31, 40.71, 12.9, 13.5, 9.46, 10.01, 34.4, 16.57, 10.96, 8.02, 16.46, 16.19, 6.52, 21.71, 18.55, 5.2, 7.81, 36.85, 18.33, 10.75, 11.92, 13.43, 13.96, 16.2, 15.35, 13.65, 12.17, 0.0, 74.87], [0.0, 0.0, 0.0, 0.0, 0.0, 0.0, 0.0, 0.0, 0.0, 0.0, 0.0, 0.0, 0.0, 0.0, 0.0, 0.0, 0.0, 0.0, 0.0, 0.0, 0.0, 0.0, 0.0, 0.0, 0.0, 0.0, 0.0, 0.0, 0.0, 0.0, 0.0, 0.0]], "time_windows": [[0.0, 5000.0], [0.0, 134.0], [0.0, 156.0], [0.0, 187.0], [0.0, 328.0], [0.0, 418.0], [0.0, 458.0], [0.0, 504.0], [0.0, 531.0], [0.0, 631.0], [0.0, 710.0], [0.0, 743.0], [0.0, 753.0], [0.0, 780.0], [0.0, 796.0], [0.0, 815.0], [0.0, 873.0], [0.0, 889.0], [0.0, 919.0], [0.0, 939.0], [0.0, 994.0], [0.0, 1053.0], [0.0, 1064.0], [0.0, 1079.0], [0.0, 1097.0], [0.0, 1109.0], [0.0, 1139.0], [0.0, 1169.0], [0.0, 1180.0], [0.0, 1196.0], [0.0, 1209.0], [0.0, 5000.0]], "start_depot": 0, "end_depot": 31, "horizon": [0.0, 5000.0]}