{"digraph": {"vertex_count": 32, "arc_count": 930, "arcs": [[0, 1, 1, 1, 1, 1, 1, 1, 1, 1, 1, 1, 1, 1, 1, 1, 1, 1, 1, 1, 1, 1, 1, 1, 1, 1, 1, 1, 1, 1, 1, 1], [0, 0, 1, 1, 1, 1, 1, 1, 1, 1, 1, 1, 1, 1, 1, 1, 1, 1, 1, 1, 1, 1, 1, 1, 1, 1, 1, 1, 1, 1, 1, 1], [0, 1, 0, 1, 1, 1, 1, 1, 1, 1, 1, 1, 1, 1, 1, 1, 1, 1, 1, 1, 1, 1, 1, 1, 1, 1, 1, 1, 1, 1, 1, 1], [0, 1, 1, 0, 1, 1, 1, 1, 1, 1, 1, 1, 1, 1, 1, 1, 1, 1, 1, 1, 1, 1, 1, 1, 1, 1, 1, 1, 1, 1, 1, 1], [0, 1, 1, 1, 0, 1, 1, 1, 1, 1, 1, 1, 1, 1, 1, 1, 1, 1, 1, 1, 1, 1, 1, 1, 1, 1, 1, 1, 1, 1, 1, 1], [0, 1, 1, 1, 1, 0, 1, 1, 1, 1, 1, 1, 1, 1, 1, 1, 1, 1, 1, 1, 1, 1, 1, 1, 1, 1, 1, 1, 1, 1, 1, 1], [0, 1, 1, 1, 1, 1, 0, 1, 1, 1, 1, 1, 1, 1, 1, 1, 1, 1, 1, 1, 1, 1, 1, 1, 1, 1, 1, 1, 1, 1, 1, 1], [0, 1, 1, 1, 1, 1, 1, 0, 1, 1, 1, 1, 1, 1, 1, 1, 1, 1, 1, 1, 1, 1, 1, 1, 1, 1, 1, 1, 1, 1, 1, 1], [0, 1, 1, 1, 1, 1, 1, 1, 0, 1, 1, 1, 1, 1, 1, 1, 1, 1, 1, 1, 1, 1, 1, 1, 1, 1, 1, 1, 1, 1, 1, 1], [0, 1, 1, 1, 1, 1, 1, 1, 1, 0, 1, 1, 1, 1, 1, 1, 1, 1, 1, 1, 1, 1, 1, 1, 1, 1, 1, 1, 1, 1, 1, 1], [0, 1, 1, 1, 1, 1, 1, 1, 1, 1, 0, 1, 1, 1, 1, 1, 1, 1, 1, 1, 1, 1, 1, 1, 1, 1, 1, 1, 1, 1, 1, 1], [0, 1, 1, 1, 1, 1, 1, 1, 1, 1, 1, 0, 1, 1, 1, 1, 1, 1, 1, 1, 1, 1, 1, 1, 1, 1, 1, 1, 1, 1, 1, 1], [0, 1, 1, 1, 1, 1, 1, 1, 1, 1, 1, 1, 0, 1, 1, 1, 1, 1, 1, 1, 1, 1, 1, 1, 1, 1, 1, 1, 1, 1, 1, 1], [0, 1, 1, 1, 1, 1, 1, 1, 1, 1, 1, 1, 1, 0, 1, 1, 1, 1, 1, 1, 1, 1, 1, 1, 1, 1, 1, 1, 1, 1, 1, 1], [0, 1, 1, 1, 1, 1, 1, 1, 1, 1, 1, 1, 1, 1, 0, 1, 1, 1, 1, 1, 1, 1, 1, 1, 1, 1, 1, 1, 1, 1, 1, 1], [0, 1, 1, 1, 1, 1, 1, 1, 1, 1, 1, 1, 1, 1, 1, 0, 1, 1, 1, 1, 1, 1, 1, 1, 1, 1, 1, 1, 1, 1, 1, 1], [0, 1, 1, 1, 1, 1, 1, 1, 1, 1, 1, 1, 1, 1, 1, 1, 0, 1, 1, 1, 1, 1, 1, 1, 1, 1, 1, 1, 1, 1, 1, 1], [0, 1, 1, 1, 1, 1, 1, 1, 1, 1, 1, 1, 1, 1, 1, 1, 1, 0, 1, 1, 1, 1, 1, 1, 1, 1, 1, 1, 1, 1, 1, 1], [0, 1, 1, 1, 1, 1, 1, 1, 1, 1, 1, 1, 1, 1, 1, 1, 1, 1, 0, 1, 1, 1, 1, 1, 1, 1, 1, 1, 1, 1, 1, 1], [0, 1, 1, 1, 1, 1, 1, 1, 1, 1, 1, 1, 1, 1, 1, 1, 1, 1, 1, 0, 1, 1, 1, 1, 1, 1, 1, 1, 1, 1, 1, 1], [0, 1, 1, 1, 1, 1, 1, 1, 1, 1, 1, 1, 1, 1, 1, 1, 1, 1, 1, 1, 0, 1, 1, 1, 1, 1, 1, 1, 1, 1, 1, 1], [0, 1, 1, 1, 1, 1, 1, 1, 1, 1, 1, 1, 1, 1, 1, 1, 1, 1, 1, 1, 1, 0, 1, 1, 1, 1, 1, 1, 1, 1, 1, 1], [0, 1, 1, 1, 1, 1, 1, 1, 1, 1, 1, 1, 1, 1, 1, 1, 1, 1, 1, 1, 1, 1, 0, 1, 1, 1, 1, 1, 1, 1, 1, 1], [0, 1, 1, 1, 1, 1, 1, 1, 1, 1, 1, 1, 1, 1, 1, 1, 1, 1, 1, 1, 1, 1, 1, 0, 1, 1, 1, 1, 1, 1, 1, 1], [0, 1, 1, 1, 1, 1, 1, 1, 1, 1, 1, 1, 1, 1, 1, 1, 1, 1, 1, 1, 1, 1, 1, 1, 0, 1, 1, 1, 1, 1, 1, 1], [0, 1, 1, 1, 1, 1, 1, 1, 1, 1, 1, 1, 1, 1, 1, 1, 1, 1, 1, 1, 1, 1, 1, 1, 1, 0, 1, 1, 1, 1, 1, 1], [0, 1, 1, 1, 1, 1, 1, 1, 1, 1, 1, 1, 1, 1, 1, 1, 1, 1, 1, 1, 1, 1, 1, 1, 1, 1, 0, 1, 1, 1, 1, 1], [0, 1, 1, 1, 1, 1, 1, 1, 1, 1, 1, 1, 1, 1, 1, 1, 1, 1, 1, 1, 1, 1, 1, 1, 1, 1, 1, 0, 1, 1, 1, 1], [0, 1, 1, 1, 1, 1, 1, 1, 1, 1, 1, 1, 1, 1, 1, 1, 1, 1, 1, 1, 1, 1, 1, 1, 1, 1, 1, 1, 0, 1, 1, 1], [0, 1, 1, 1, 1, 1, 1, 1, 1, 1, 1, 1, 1, 1, 1, 1, 1, 1, 1, 1, 1, 1, 1, 1, 1, 1, 1, 1, 1, 0, 1, 1], [0, 1, 1, 1, 1, 1, 1, 1, 1, 1, 1, 1, 1, 1, 1, 1, 1, 1, 1, 1, 1, 1, 1, 1, 1, 1, 1, 1, 1, 1, 0, 1], [0, 0, 0, 0, 0, 0, 0, 0, 0, 0, 0, 0, 0, 0, 0, 0, 0, 0, 0, 0, 0, 0, 0, 0, 0, 0, 0, 0, 0, 0, 0, 0]]}, "cluster_count": 3, "cluster_speeds": [[0.6475, 0.595, 0.6475, 0.7, 0.58275, 0.5355, 0.58275, 0.63, 0.32375, 0.2975, 0.32375, 0.35, 0.213675, 0.19635, 0.213675, 0.23099999999999998, 0.259, 0.238, 0.259, 0.27999999999999997, 0.3885, 0.357, 0.3885, 0.42, 0.6475, 0.595, 0.6475, 0.7, 0.37, 0.34, 0.37, 0.4, 0.30525, 0.2805, 0.30525, 0.33, 0.4625, 0.425, 0.4625, 0.5, 0.6475, 0.595, 0.6475, 0.7, 0.74, 0.68, 0.74, 0.8, 0.45324999999999993, 0.4165, 0.45324999999999993, 0.48999999999999994, 0.32375, 0.2975, 0.32375, 0.35, 0.3885, 0.357, 0.3885, 0.42, 0.45324999999999993, 0.4165, 0.45324999999999993, 0.48999999999999994, 0.58275, 0.5355, 0.58275, 0.63, 0.6475, 0.595, 0.6475, 0.7, 0.7], [0.7400000000000001, 0.68, 0.7400000000000001, 0.8, 0.666, 0.6120000000000001, 0.666, 0.7200000000000001, 0.37000000000000005, 0.34, 0.37000000000000005, 0.4, 0.24420000000000003, 0.22440000000000004, 0.24420000000000003, 0.264, 0.296, 0.272, 0.296, 0.32000000000000006, 0.44400000000000006, 0.40800000000000003, 0.44400000000000006, 0.48, 0.6475, 0.595, 0.6475, 0.7, 0.37, 0.34, 0.37, 0.4, 0.30525, 0.2805, 0.30525, 0.33, 0.4625, 0.425, 0.4625, 0.5, 0.6475, 0.595, 0.6475, 0.7, 0.74, 0.68, 0.74, 0.8, 0.518, 0.476, 0.518, 0.5599999999999999, 0.37000000000000005, 0.34, 0.37000000000000005, 0.4, 0.44400000000000006, 0.40800000000000003, 0.44400000000000006, 0.48, 0.518, 0.476, 0.518, 0.5599999999999999, 0.666, 0.6120000000000001, 0.666, 0.7200000000000001, 0.7400000000000001, 0.68, 0.7400000000000001, 0.8, 0.8], [0.925, 0.85, 0.925, 1.0, 0.8325, 0.765, 0.8325, 0.9, 0.4625, 0.425, 0.4625, 0.5, 0.30525, 0.2805, 0.30525, 0.33, 0.37, 0.34, 0.37, 0.4, 0.555, 0.51, 0.555, 0.6, 0.6475, 0.595, 0.6475, 0.7, 0.37, 0.34, 0.37, 0.4, 0.30525, 0.2805, 0.30525, 0.33, 0.4625, 0.425, 0.4625, 0.5, 0.6475, 0.595, 0.6475, 0.7, 0.74, 0.68, 0.74, 0.8, 0.6475, 0.595, 0.6475, 0.7, 0.4625, 0.425, 0.4625, 0.5, 0.555, 0.51, 0.555, 0.6, 0.6475, 0.595, 0.6475, 0.7, 0.8325, 0.765, 0.8325, 0.9, 0.925, 0.85, 0.925, 1.0, 1.0]], "clusters": [[-1, 2, 2, 2, 2, 2, 2, 2, 2, 2, 2, 2, 2, 2, 2, 2, 2, 2, 2, 2, 2, 2, 2, 2, 2, 2, 2, 2, 2, 2, 2, 2], [0, -1, 0, 0, 0, 0, 0, 0, 0, 0, 0, 0, 0, 0, 0, 0, 0, 0, 0, 0, 0, 0, 0, 0, 0, 0, 0, 0, 0, 0, 0, 0], [0, 0, -1, 0, 0, 0, 0, 0, 0, 0, 0, 0, 0, 0, 0, 0, 0, 0, 0, 0, 0, 0, 0, 0, 0, 0, 0, 0, 0, 0, 0, 0], [0, 0, 0, -1, 0, 0, 0, 0, 0, 0, 0, 0, 0, 0, 0, 0, 0, 0, 0, 0, 0, 0, 0, 0, 0, 0, 0, 0, 0, 0, 0, 0], [0, 0, 0, 0, -1, 0, 0, 0, 0, 0, 0, 0, 0, 0, 0, 0, 0, 0, 0, 0, 0, 0, 0, 0, 0, 0, 0, 0, 0, 0, 0, 0], [1, 1, 1, 1, 1, -1, 1, 1, 1, 1, 1, 1, 1, 1, 1, 1, 1, 1, 1, 1, 1, 1, 1, 1, 1, 1, 1, 1, 1, 1, 1, 1], [0, 0, 0, 0, 0, 0, -1, 0, 0, 0, 0, 0, 0, 0, 0, 0, 0, 0, 0, 0, 0, 0, 0, 0, 0, 0, 0, 0, 0, 0, 0, 0], [1, 1, 1, 1, 1, 1, 1, -1, 1, 1, 1, 1, 1, 1, 1, 1, 1, 1, 1, 1, 1, 1, 1, 1, 1, 1, 1, 1, 1, 1, 1, 1], [1, 1, 1, 1, 1, 1, 1, 1, -1, 1, 1, 1, 1, 1, 1, 1, 1, 1, 1, 1, 1, 1, 1, 1, 1, 1, 1, 1, 1, 1, 1, 1], [0, 0, 0, 0, 0, 0, 0, 0, 0, -1, 0, 0, 0, 0, 0, 0, 0, 0, 0, 0, 0, 0, 0, 0, 0, 0, 0, 0, 0, 0, 0, 0], [1, 1, 1, 1, 1, 1, 1, 1, 1, 1, -1, 1, 1, 1, 1, 1, 1, 1, 1, 1, 1, 1, 1, 1, 1, 1, 1, 1, 1, 1, 1, 1], [0, 0, 0, 0, 0, 0, 0, 0, 0, 0, 0, -1, 0, 0, 0, 0, 0, 0, 0, 0, 0, 0, 0, 0, 0, 0, 0, 0, 0, 0, 0, 0], [0, 0, 0, 0, 0, 0, 0, 0, 0, 0, 0, 0, -1, 0, 0, 0, 0, 0, 0, 0, 0, 0, 0, 0, 0, 0, 0, 0, 0, 0, 0, 0], [1, 1, 1, 1, 1, 1, 1, 1, 1, 1, 1, 1, 1, -1, 1, 1, 1, 1, 1, 1, 1, 1, 1, 1, 1, 1, 1, 1, 1, 1, 1, 1], [1, 1, 1, 1, 1, 1, 1, 1, 1, 1, 1, 1, 1, 1, -1, 1, 1, 1, 1, 1, 1, 1, 1, 1, 1, 1, 1, 1, 1, 1, 1, 1], [0, 0, 0, 0, 0, 0, 0, 0, 0, 0, 0, 0, 0, 0, 0, -1, 0, 0, 0, 0, 0, 0, 0, 0, 0, 0, 0, 0, 0, 0, 0, 0], [0, 0, 0, 0, 0, 0, 0, 0, 0, 0, 0, 0, 0, 0, 0, 0, -1, 0, 0, 0, 0, 0, 0, 0, 0, 0, 0, 0, 0, 0, 0, 0], [1, 1, 1, 1, 1, 1, 1, 1, 1, 1, 1, 1, 1, 1, 1, 1, 1, -1, 1, 1, 1, 1, 1, 1, 1, 1, 1, 1, 1, 1, 1, 1], [0, 0, 0, 0, 0, 0, 0, 0, 0, 0, 0, 0, 0, 0, 0, 0, 0, 0, -1, 0, 0, 0, 0, 0, 0, 0, 0, 0, 0, 0, 0, 0], [0, 0, 0, 0, 0, 0, 0, 0, 0, 0, 0, 0, 0, 0, 0, 0, 0, 0, 0, -1, 0, 0, 0, 0, 0, 0, 0, 0, 0, 0, 0, 0], [1, 1, 1, 1, 1, 1, 1, 1, 1, 1, 1, 1, 1, 1, 1, 1, 1, 1, 1, 1, -1, 1, 1, 1, 1, 1, 1, 1, 1, 1, 1, 1], [0, 0, 0, 0, 0, 0, 0, 0, 0, 0, 0, 0, 0, 0, 0, 0, 0, 0, 0, 0, 0, -1, 0, 0, 0, 0, 0, 0, 0, 0, 0, 0], [0, 0, 0, 0, 0, 0, 0, 0, 0, 0, 0, 0, 0, 0, 0, 0, 0, 0, 0, 0, 0, 0, -1, 0, 0, 0, 0, 0, 0, 0, 0, 0], [1, 1, 1, 1, 1, 1, 1, 1, 1, 1, 1, 1, 1, 1, 1, 1, 1, 1, 1, 1, 1, 1, 1, -1, 1, 1, 1, 1, 1, 1, 1, 1], [1, 1, 1, 1, 1, 1, 1, 1, 1, 1, 1, 1, 1, 1, 1, 1, 1, 1, 1, 1, 1, 1, 1, 1, -1, 1, 1, 1, 1, 1, 1, 1], [0, 0, 0, 0, 0, 0, 0, 0, 0, 0, 0, 0, 0, 0, 0, 0, 0, 0, 0, 0, 0, 0, 0, 0, 0, -1, 0, 0, 0, 0, 0, 0], [0, 0, 0, 0, 0, 0, 0, 0, 0, 0, 0, 0, 0, 0, 0, 0, 0, 0, 0, 0, 0, 0, 0, 0, 0, 0, -1, 0, 0, 0, 0, 0], [1, 1, 1, 1, 1, 1, 1, 1, 1, 1, 1, 1, 1, 1, 1, 1, 1, 1, 1, 1, 1, 1, 1, 1, 1, 1, 1, -1, 1, 1, 1, 1], [0, 0, 0, 0, 0, 0, 0, 0, 0, 0, 0, 0, 0, 0, 0, 0, 0, 0, 0, 0, 0, 0, 0, 0, 0, 0, 0, 0, -1, 0, 0, 0], [0, 0, 0, 0, 0, 0, 0, 0, 0, 0, 0, 0, 0, 0, 0, 0, 0, 0, 0, 0, 0, 0, 0, 0, 0, 0, 0, 0, 0, -1, 0, 0], [2, 2, 2, 2, 2, 2, 2, 2, 2, 2, 2, 2, 2, 2, 2, 2, 2, 2, 2, 2, 2, 2, 2, 2, 2, 2, 2, 2, 2, 2, -1, 2], [2, 2, 2, 2, 2, 2, 2, 2, 2, 2, 2, 2, 2, 2, 2, 2, 2, 2, 2, 2, 2, 2, 2, 2, 2, 2, 2, 2, 2, 2, 2, -1]], "speed_zone_count": 73, "speed_zones": [[0.0, 15.0], [15.0, 30.0], [30.0, 45.0], [45.0, 60.0], [60.0, 75.0], [75.0, 90.0], [90.0, 105.0], [105.0, 120.0], [120.0, 135.0], [135.0, 150.0], [150.0, 165.0], [165.0, 180.0], [180.0, 195.0], [195.0, 210.0], [210.0, 225.0], [225.0, 240.0], [240.0, 255.0], [255.0, 270.0], [270.0, 285.0], [285.0, 300.0], [300.0, 315.0], [315.0, 330.0], [330.0, 345.0], [345.0, 360.0], [360.0, 375.0], [375.0, 390.0], [390.0, 405.0], [405.0, 420.0], [420.0, 435.0], [435.0, 450.0], [450.0, 465.0], [465.0, 480.0], [480.0, 495.0], [495.0, 510.0], [510.0, 525.0], [525.0, 540.0], [540.0, 555.0], [555.0, 570.0], [570.0, 585.0], [585.0, 600.0], [600.0, 615.0], [615.0, 630.0], [630.0, 645.0], [645.0, 660.0], [660.0, 675.0], [675.0, 690.0], [690.0, 705.0], [705.0, 720.0], [720.0, 735.0], [735.0, 750.0], [750.0, 765.0], [765.0, 780.0], [780.0, 795.0], [795.0, 810.0], [810.0, 825.0], [825.0, 840.0], [840.0, 855.0], [855.0, 870.0], [870.0, 885.0], [885.0, 900.0], [900.0, 915.0], [915.0, 930.0], [930.0, 945.0], [945.0, 960.0], [960.0, 975.0], [975.0, 990.0], [990.0, 1005.0], [1005.0, 1020.0], [1020.0, 1035.0], [1035.0, 1050.0], [1050.0, 1065.0], [1065.0, 1080.0], [1080.0, 5000.0]], "distances": [[0.0, 77.57, 73.29, 70.94, 70.07, 93.97, 73.57, 85.91, 83.29, 81.36, 51.9, 76.89, 69.05, 72.78, 74.26, 58.18, 64.68, 55.73, 77.2, 73.85, 92.08, 65.71, 80.74, 51.5, 86.9, 71.3, 68.97, 61.13, 72.6, 85.16, 86.13, 0.0], [0.0, 0.0, 9.58, 18.41, 14.99, 17.37, 5.85, 16.2, 22.46, 7.24, 26.77, 9.32, 13.02, 15.5, 18.57, 19.74, 12.89, 25.07, 9.64, 9.84, 18.76, 12.83, 8.87, 26.07, 10.23, 6.36, 15.05, 24.89, 5.0, 7.75, 25.53, 77.57], [0.0, 9.58, 0.0, 24.93, 5.52, 25.53, 4.21, 25.77, 31.51, 16.82, 21.4, 9.23, 4.5, 6.06, 26.08, 18.71, 11.81, 18.18, 9.49, 8.93, 28.07, 14.74, 18.35, 23.06, 18.92, 7.47, 20.51, 16.13, 7.78, 15.86, 34.74, 73.29], [0.0, 18.41, 24.93, 0.0, 28.61, 26.67, 20.94, 15.72, 12.7, 15.68, 28.52, 18.14, 25.6, 30.62, 12.21, 17.08, 16.67, 30.28, 18.15, 25.55, 22.39, 12.32, 13.74, 23.65, 21.35, 17.47, 4.82, 34.3, 17.24, 21.77, 15.97, 70.94], [0.0, 14.99, 5.52, 28.61, 0.0, 30.97, 9.28, 31.1, 36.38, 22.21, 18.49, 14.59, 10.02, 11.2, 30.2, 18.96, 13.25, 14.36, 14.87, 5.52, 33.59, 17.14, 23.62, 21.64, 24.43, 11.52, 23.93, 10.92, 12.29, 21.35, 39.7, 70.07], [0.0, 17.37, 25.53, 26.67, 30.97, 0.0, 22.84, 12.3, 20.95, 12.64, 44.04, 18.01, 29.73, 30.35, 24.49, 35.8, 29.7, 42.42, 17.68, 25.45, 7.12, 28.26, 13.63, 42.66, 7.21, 23.62, 26.31, 41.63, 22.24, 9.78, 21.95, 93.97], [0.0, 5.85, 4.21, 20.94, 9.28, 22.84, 0.0, 21.83, 27.32, 12.98, 22.02, 5.37, 7.17, 10.27, 21.94, 17.04, 9.81, 19.71, 5.67, 4.72, 24.61, 11.72, 14.33, 22.43, 15.86, 11.05, 16.69, 19.06, 9.69, 13.06, 30.56, 73.57], [0.0, 16.2, 25.77, 15.72, 31.1, 12.3, 21.83, 0.0, 8.9, 8.99, 39.1, 16.54, 28.85, 31.7, 12.95, 28.9, 24.6, 38.95, 16.28, 26.04, 6.72, 21.59, 7.53, 36.04, 10.35, 20.53, 16.93, 40.33, 19.34, 12.92, 10.74, 85.91], [0.0, 22.46, 31.51, 12.7, 36.38, 20.95, 27.32, 8.9, 0.0, 16.01, 40.46, 22.59, 33.71, 37.58, 9.33, 29.25, 27.01, 41.45, 22.41, 31.94, 14.4, 23.08, 13.86, 36.11, 19.02, 24.97, 16.26, 44.25, 24.1, 21.21, 19.64, 83.29], [0.0, 7.24, 16.82, 15.68, 22.21, 12.64, 12.98, 8.99, 16.01, 0.0, 32.12, 7.62, 20.1, 22.72, 14.55, 23.23, 17.53, 31.2, 7.34, 17.07, 12.04, 15.66, 13.6, 30.19, 5.97, 12.25, 14.15, 31.82, 10.94, 6.15, 18.8, 81.36], [0.0, 26.77, 21.4, 28.52, 18.49, 44.04, 22.02, 39.1, 40.46, 32.12, 0.0, 26.1, 17.17, 21.41, 31.57, 11.47, 14.63, 5.29, 26.43, 21.96, 44.01, 17.64, 32.28, 6.65, 36.83, 20.43, 24.25, 12.62, 21.81, 34.52, 43.93, 51.9], [0.0, 9.32, 9.23, 18.14, 14.59, 18.01, 5.37, 16.54, 22.59, 7.62, 26.1, 0.0, 12.53, 15.21, 18.41, 19.08, 12.22, 24.44, 8.97, 9.53, 19.28, 12.21, 9.13, 25.4, 10.86, 5.68, 14.66, 24.36, 4.32, 8.42, 25.7, 76.89], [0.0, 13.02, 4.5, 25.6, 10.02, 29.73, 7.17, 28.85, 33.71, 20.1, 17.17, 12.53, 0.0, 5.76, 27.27, 16.21, 10.21, 13.71, 12.84, 4.91, 31.78, 14.07, 21.32, 19.52, 22.92, 8.75, 20.89, 11.94, 9.67, 19.98, 37.07, 69.05], [0.0, 15.5, 6.06, 30.62, 11.2, 30.35, 10.27, 31.7, 37.58, 22.72, 21.41, 15.21, 5.76, 0.0, 31.97, 21.92, 15.92, 17.06, 15.45, 5.68, 33.58, 19.6, 24.34, 24.71, 24.19, 13.21, 26.05, 12.7, 13.72, 21.01, 40.8, 72.78], [0.0, 18.57, 26.08, 12.21, 30.2, 24.49, 21.94, 12.95, 9.33, 14.55, 31.57, 18.41, 27.27, 31.97, 0.0, 20.19, 19.03, 33.05, 18.36, 26.65, 19.67, 14.77, 12.4, 26.9, 19.81, 18.77, 7.39, 36.66, 18.3, 20.7, 12.63, 74.26], [0.0, 19.74, 18.71, 17.08, 18.96, 35.8, 17.04, 28.9, 29.25, 23.23, 11.47, 19.08, 16.21, 21.92, 20.19, 0.0, 7.24, 14.0, 19.36, 19.45, 34.48, 7.58, 22.81, 7.14, 28.72, 13.86, 12.98, 19.68, 14.99, 27.1, 32.69, 58.18], [0.0, 12.89, 11.81, 16.67, 13.25, 29.7, 9.81, 24.6, 27.01, 17.53, 14.63, 12.22, 10.21, 15.92, 19.03, 7.24, 0.0, 14.53, 12.52, 12.55, 29.38, 4.36, 17.64, 13.18, 22.5, 6.73, 11.86, 17.66, 7.96, 20.51, 30.51, 64.68], [0.0, 25.07, 18.18, 30.28, 14.36, 42.42, 19.71, 38.95, 41.45, 31.2, 5.29, 24.44, 13.71, 17.06, 33.05, 14.0, 14.53, 0.0, 24.77, 18.63, 43.24, 18.39, 31.73, 11.32, 35.29, 19.01, 25.67, 7.34, 20.38, 32.69, 44.96, 55.73], [0.0, 9.64, 9.49, 18.15, 14.87, 17.68, 5.67, 16.28, 22.41, 7.34, 26.43, 8.97, 12.84, 15.45, 18.36, 19.36, 12.52, 24.77, 0.0, 9.78, 18.96, 12.44, 8.89, 25.7, 10.52, 6.01, 14.74, 24.68, 4.64, 8.1, 25.5, 77.2], [0.0, 9.84, 8.93, 25.55, 5.52, 25.45, 4.72, 26.04, 31.94, 17.07, 21.96, 9.53, 4.91, 5.68, 26.65, 19.45, 12.55, 18.63, 9.78, 0.0, 28.17, 15.46, 18.66, 23.73, 18.93, 8.12, 21.17, 16.3, 8.36, 15.83, 35.13, 73.85], [0.0, 18.76, 28.07, 22.39, 33.59, 7.12, 24.61, 6.72, 14.4, 12.04, 44.01, 19.28, 31.78, 33.58, 19.67, 34.48, 29.38, 43.24, 18.96, 28.17, 0.0, 26.96, 11.77, 41.59, 9.55, 24.28, 23.22, 43.65, 22.94, 12.77, 14.99, 92.08], [0.0, 12.83, 14.74, 12.32, 17.14, 28.26, 11.72, 21.59, 23.08, 15.66, 17.64, 12.21, 14.07, 19.6, 14.77, 7.58, 4.36, 18.39, 12.44, 15.46, 26.96, 0.0, 15.25, 14.63, 21.23, 7.95, 7.51, 21.99, 8.66, 19.79, 26.58, 65.71], [0.0, 8.87, 18.35, 13.74, 23.62, 13.63, 14.33, 7.53, 13.86, 13.6, 32.28, 9.13, 21.32, 24.34, 12.4, 22.81, 17.64, 31.73, 8.89, 18.66, 11.77, 15.25, 0.0, 29.88, 7.62, 13.05, 12.71, 32.83, 11.83, 8.33, 16.76, 80.74], [0.0, 26.07, 23.06, 23.65, 21.64, 42.66, 22.43, 36.04, 36.11, 30.19, 6.65, 25.4, 19.52, 24.71, 26.9, 7.14, 13.18, 11.32, 25.7, 23.73, 41.59, 14.63, 29.88, 0.0, 35.51, 19.85, 19.91, 18.45, 21.12, 33.67, 39.5, 51.5], [0.0, 10.23, 18.92, 21.35, 24.43, 7.21, 15.86, 10.35, 19.02, 5.97, 36.83, 10.86, 22.92, 24.19, 19.81, 28.72, 22.5, 35.29, 10.52, 18.93, 9.55, 21.23, 7.62, 35.51, 0.0, 16.42, 20.12, 34.85, 15.04, 12.13, 21.09, 86.9], [0.0, 6.36, 7.47, 17.47, 11.52, 23.62, 11.05, 20.53, 24.97, 12.25, 20.43, 5.68, 8.75, 13.21, 18.77, 13.86, 6.73, 19.01, 6.01, 8.12, 24.28, 7.95, 13.05, 19.85, 16.42, 0.0, 13.05, 19.81, 10.01, 14.11, 28.34, 71.3], [0.0, 15.05, 20.51, 4.82, 23.93, 26.31, 16.69, 16.93, 16.26, 14.15, 24.25, 14.66, 20.89, 26.05, 7.39, 12.98, 11.86, 25.67, 14.74, 21.17, 23.22, 7.51, 12.71, 19.91, 20.12, 13.05, 0.0, 29.5, 13.01, 19.83, 19.71, 68.97], [0.0, 24.89, 16.13, 34.3, 10.92, 41.63, 19.06, 40.33, 44.25, 31.82, 12.62, 24.36, 11.94, 12.7, 36.66, 19.68, 17.66, 7.34, 24.68, 16.3, 43.65, 21.99, 32.83, 18.45, 34.85, 19.81, 29.5, 0.0, 21.0, 31.9, 47.71, 61.13], [0.0, 5.0, 7.78, 17.24, 12.29, 22.24, 9.69, 19.34, 24.1, 10.94, 21.81, 4.32, 9.67, 13.72, 18.3, 14.99, 7.96, 20.38, 4.64, 8.36, 22.94, 8.66, 11.83, 21.12, 15.04, 10.01, 13.01, 21.0, 0.0, 12.74, 27.43, 72.6], [0.0, 7.75, 15.86, 21.77, 21.35, 9.78, 13.06, 12.92, 21.21, 6.15, 34.52, 8.42, 19.98, 21.01, 20.7, 27.1, 20.51, 32.69, 8.1, 15.83, 12.77, 19.79, 8.33, 33.67, 12.13, 14.11, 19.83, 31.9, 12.74, 0.0, 23.57, 85.16], [0.0, 25.53, 34.74, 15.97, 39.7, 21.95, 30.56, 10.74, 19.64, 18.8, 43.93, 25.7, 37.07, 40.8, 12.63, 32.69, 30.51, 44.96, 25.5, 35.13, 14.99, 26.58, 16.76, 39.5, 21.09, 28.34, 19.71, 47.71, 27.43, 23.57, 0.0, 86.13], [0.0, 0.0, 0.0, 0.0, 0.0, 0.0, 0.0, 0.0, 0.0, 0.0, 0.0, 0.0, 0.0, 0.0, 0.0, 0.0, 0.0, 0.0, 0.0, 0.0, 0.0, 0.0, 0.0, 0.0, 0.0, 0.0, 0.0, 0.0, 0.0, 0.0, 0.0, 0.0]], "time_windows": [[0.0, 5000.0], [0.0, 128.0], [0.0, 140.0], [0.0, 175.0], [0.0, 246.0], [0.0, 335.0], [0.0, 379.0], [0.0, 415.0], [0.0, 430.0], [0.0, 454.0], [0.0, 538.0], [0.0, 610.0], [0.0, 636.0], [0.0, 646.0], [0.0, 696.0], [0.0, 724.0], [0.0, 734.0], [0.0, 753.0], [0.0, 791.0], [0.0, 806.0], [0.0, 861.0], [0.0, 913.0], [0.0, 939.0], [0.0, 987.0], [0.0, 1033.0], [0.0, 1052.0], [0.0, 1066.0], [0.0, 1099.0], [0.0, 1121.0], [0.0, 1134.0], [0.0, 1157.0], [0.0, 5000.0]], "start_depot": 0, "end_depot": 31, "horizon": [0.0, 5000.0]}