{"digraph": {"vertex_count": 32, "arc_count": 930, "arcs": [[0, 1, 1, 1, 1, 1, 1, 1, 1, 1, 1, 1, 1, 1, 1, 1, 1, 1, 1, 1, 1, 1, 1, 1, 1, 1, 1, 1, 1, 1, 1, 1], [0, 0, 1, 1, 1, 1, 1, 1, 1, 1, 1, 1, 1, 1, 1, 1, 1, 1, 1, 1, 1, 1, 1, 1, 1, 1, 1, 1, 1, 1, 1, 1], [0, 1, 0, 1, 1, 1, 1, 1, 1, 1, 1, 1, 1, 1, 1, 1, 1, 1, 1, 1, 1, 1, 1, 1, 1, 1, 1, 1, 1, 1, 1, 1], [0, 1, 1, 0, 1, 1, 1, 1, 1, 1, 1, 1, 1, 1, 1, 1, 1, 1, 1, 1, 1, 1, 1, 1, 1, 1, 1, 1, 1, 1, 1, 1], [0, 1, 1, 1, 0, 1, 1, 1, 1, 1, 1, 1, 1, 1, 1, 1, 1, 1, 1, 1, 1, 1, 1, 1, 1, 1, 1, 1, 1, 1, 1, 1], [0, 1, 1, 1, 1, 0, 1, 1, 1, 1, 1, 1, 1, 1, 1, 1, 1, 1, 1, 1, 1, 1, 1, 1, 1, 1, 1, 1, 1, 1, 1, 1], [0, 1, 1, 1, 1, 1, 0, 1, 1, 1, 1, 1, 1, 1, 1, 1, 1, 1, 1, 1, 1, 1, 1, 1, 1, 1, 1, 1, 1, 1, 1, 1], [0, 1, 1, 1, 1, 1, 1, 0, 1, 1, 1, 1, 1, 1, 1, 1, 1, 1, 1, 1, 1, 1, 1, 1, 1, 1, 1, 1, 1, 1, 1, 1], [0, 1, 1, 1, 1, 1, 1, 1, 0, 1, 1, 1, 1, 1, 1, 1, 1, 1, 1, 1, 1, 1, 1, 1, 1, 1, 1, 1, 1, 1, 1, 1], [0, 1, 1, 1, 1, 1, 1, 1, 1, 0, 1, 1, 1, 1, 1, 1, 1, 1, 1, 1, 1, 1, 1, 1, 1, 1, 1, 1, 1, 1, 1, 1], [0, 1, 1, 1, 1, 1, 1, 1, 1, 1, 0, 1, 1, 1, 1, 1, 1, 1, 1, 1, 1, 1, 1, 1, 1, 1, 1, 1, 1, 1, 1, 1], [0, 1, 1, 1, 1, 1, 1, 1, 1, 1, 1, 0, 1, 1, 1, 1, 1, 1, 1, 1, 1, 1, 1, 1, 1, 1, 1, 1, 1, 1, 1, 1], [0, 1, 1, 1, 1, 1, 1, 1, 1, 1, 1, 1, 0, 1, 1, 1, 1, 1, 1, 1, 1, 1, 1, 1, 1, 1, 1, 1, 1, 1, 1, 1], [0, 1, 1, 1, 1, 1, 1, 1, 1, 1, 1, 1, 1, 0, 1, 1, 1, 1, 1, 1, 1, 1, 1, 1, 1, 1, 1, 1, 1, 1, 1, 1], [0, 1, 1, 1, 1, 1, 1, 1, 1, 1, 1, 1, 1, 1, 0, 1, 1, 1, 1, 1, 1, 1, 1, 1, 1, 1, 1, 1, 1, 1, 1, 1], [0, 1, 1, 1, 1, 1, 1, 1, 1, 1, 1, 1, 1, 1, 1, 0, 1, 1, 1, 1, 1, 1, 1, 1, 1, 1, 1, 1, 1, 1, 1, 1], [0, 1, 1, 1, 1, 1, 1, 1, 1, 1, 1, 1, 1, 1, 1, 1, 0, 1, 1, 1, 1, 1, 1, 1, 1, 1, 1, 1, 1, 1, 1, 1], [0, 1, 1, 1, 1, 1, 1, 1, 1, 1, 1, 1, 1, 1, 1, 1, 1, 0, 1, 1, 1, 1, 1, 1, 1, 1, 1, 1, 1, 1, 1, 1], [0, 1, 1, 1, 1, 1, 1, 1, 1, 1, 1, 1, 1, 1, 1, 1, 1, 1, 0, 1, 1, 1, 1, 1, 1, 1, 1, 1, 1, 1, 1, 1], [0, 1, 1, 1, 1, 1, 1, 1, 1, 1, 1, 1, 1, 1, 1, 1, 1, 1, 1, 0, 1, 1, 1, 1, 1, 1, 1, 1, 1, 1, 1, 1], [0, 1, 1, 1, 1, 1, 1, 1, 1, 1, 1, 1, 1, 1, 1, 1, 1, 1, 1, 1, 0, 1, 1, 1, 1, 1, 1, 1, 1, 1, 1, 1], [0, 1, 1, 1, 1, 1, 1, 1, 1, 1, 1, 1, 1, 1, 1, 1, 1, 1, 1, 1, 1, 0, 1, 1, 1, 1, 1, 1, 1, 1, 1, 1], [0, 1, 1, 1, 1, 1, 1, 1, 1, 1, 1, 1, 1, 1, 1, 1, 1, 1, 1, 1, 1, 1, 0, 1, 1, 1, 1, 1, 1, 1, 1, 1], [0, 1, 1, 1, 1, 1, 1, 1, 1, 1, 1, 1, 1, 1, 1, 1, 1, 1, 1, 1, 1, 1, 1, 0, 1, 1, 1, 1, 1, 1, 1, 1], [0, 1, 1, 1, 1, 1, 1, 1, 1, 1, 1, 1, 1, 1, 1, 1, 1, 1, 1, 1, 1, 1, 1, 1, 0, 1, 1, 1, 1, 1, 1, 1], [0, 1, 1, 1, 1, 1, 1, 1, 1, 1, 1, 1, 1, 1, 1, 1, 1, 1, 1, 1, 1, 1, 1, 1, 1, 0, 1, 1, 1, 1, 1, 1], [0, 1, 1, 1, 1, 1, 1, 1, 1, 1, 1, 1, 1, 1, 1, 1, 1, 1, 1, 1, 1, 1, 1, 1, 1, 1, 0, 1, 1, 1, 1, 1], [0, 1, 1, 1, 1, 1, 1, 1, 1, 1, 1, 1, 1, 1, 1, 1, 1, 1, 1, 1, 1, 1, 1, 1, 1, 1, 1, 0, 1, 1, 1, 1], [0, 1, 1, 1, 1, 1, 1, 1, 1, 1, 1, 1, 1, 1, 1, 1, 1, 1, 1, 1, 1, 1, 1, 1, 1, 1, 1, 1, 0, 1, 1, 1], [0, 1, 1, 1, 1, 1, 1, 1, 1, 1, 1, 1, 1, 1, 1, 1, 1, 1, 1, 1, 1, 1, 1, 1, 1, 1, 1, 1, 1, 0, 1, 1], [0, 1, 1, 1, 1, 1, 1, 1, 1, 1, 1, 1, 1, 1, 1, 1, 1, 1, 1, 1, 1, 1, 1, 1, 1, 1, 1, 1, 1, 1, 0, 1], [0, 0, 0, 0, 0, 0, 0, 0, 0, 0, 0, 0, 0, 0, 0, 0, 0, 0, 0, 0, 0, 0, 0, 0, 0, 0, 0, 0, 0, 0, 0, 0]]}, "cluster_count": 3, "cluster_speeds": [[0.6475, 0.595, 0.6475, 0.7, 0.58275, 0.5355, 0.58275, 0.63, 0.32375, 0.2975, 0.32375, 0.35, 0.213675, 0.19635, 0.213675, 0.23099999999999998, 0.259, 0.238, 0.259, 0.27999999999999997, 0.3885, 0.357, 0.3885, 0.42, 0.6475, 0.595, 0.6475, 0.7, 0.37, 0.34, 0.37, 0.4, 0.30525, 0.2805, 0.30525, 0.33, 0.4625, 0.425, 0.4625, 0.5, 0.6475, 0.595, 0.6475, 0.7, 0.74, 0.68, 0.74, 0.8, 0.45324999999999993, 0.4165, 0.45324999999999993, 0.48999999999999994, 0.32375, 0.2975, 0.32375, 0.35, 0.3885, 0.357, 0.3885, 0.42, 0.45324999999999993, 0.4165, 0.45324999999999993, 0.48999999999999994, 0.58275, 0.5355, 0.58275, 0.63, 0.6475, 0.595, 0.6475, 0.7, 0.7], [0.7400000000000001, 0.68, 0.7400000000000001, 0.8, 0.666, 0.6120000000000001, 0.666, 0.7200000000000001, 0.37000000000000005, 0.34, 0.37000000000000005, 0.4, 0.24420000000000003, 0.22440000000000004, 0.24420000000000003, 0.264, 0.296, 0.272, 0.296, 0.32000000000000006, 0.44400000000000006, 0.40800000000000003, 0.44400000000000006, 0.48, 0.6475, 0.595, 0.6475, 0.7, 0.37, 0.34, 0.37, 0.4, 0.30525, 0.2805, 0.30525, 0.33, 0.4625, 0.425, 0.4625, 0.5, 0.6475, 0.595, 0.6475, 0.7, 0.74, 0.68, 0.74, 0.8, 0.518, 0.476, 0.518, 0.5599999999999999, 0.37000000000000005, 0.34, 0.37000000000000005, 0.4, 0.44400000000000006, 0.40800000000000003, 0.44400000000000006, 0.48, 0.518, 0.476, 0.518, 0.5599999999999999, 0.666, 0.6120000000000001, 0.666, 0.7200000000000001, 0.7400000000000001, 0.68, 0.7400000000000001, 0.8, 0.8], [0.925, 0.85, 0.925, 1.0, 0.8325, 0.765, 0.8325, 0.9, 0.4625, 0.425, 0.4625, 0.5, 0.30525, 0.2805, 0.30525, 0.33, 0.37, 0.34, 0.37, 0.4, 0.555, 0.51, 0.555, 0.6, 0.6475, 0.595, 0.6475, 0.7, 0.37, 0.34, 0.37, 0.4, 0.30525, 0.2805, 0.30525, 0.33, 0.4625, 0.425, 0.4625, 0.5, 0.6475, 0.595, 0.6475, 0.7, 0.74, 0.68, 0.74, 0.8, 0.6475, 0.595, 0.6475, 0.7, 0.4625, 0.425, 0.4625, 0.5, 0.555, 0.51, 0.555, 0.6, 0.6475, 0.595, 0.6475, 0.7, 0.8325, 0.765, 0.8325, 0.9, 0.925, 0.85, 0.925, 1.0, 1.0]], "clusters": [[-1, 2, 2, 2, 2, 2, 2, 2, 2, 2, 2, 2, 2, 2, 2, 2, 2, 2, 2, 2, 2, 2, 2, 2, 2, 2, 2, 2, 2, 2, 2, 2], [1, -1, 1, 1, 1, 1, 1, 1, 1, 1, 1, 1, 1, 1, 1, 1, 1, 1, 1, 1, 1, 1, 1, 1, 1, 1, 1, 1, 1, 1, 1, 1], [0, 0, -1, 0, 0, 0, 0, 0, 0, 0, 0, 0, 0, 0, 0, 0, 0, 0, 0, 0, 0, 0, 0, 0, 0, 0, 0, 0, 0, 0, 0, 0], [0, 0, 0, -1, 0, 0, 0, 0, 0, 0, 0, 0, 0, 0, 0, 0, 0, 0, 0, 0, 0, 0, 0, 0, 0, 0, 0, 0, 0, 0, 0, 0], [2, 2, 2, 2, -1, 2, 2, 2, 2, 2, 2, 2, 2, 2, 2, 2, 2, 2, 2, 2, 2, 2, 2, 2, 2, 2, 2, 2, 2, 2, 2, 2], [1, 1, 1, 1, 1, -1, 1, 1, 1, 1, 1, 1, 1, 1, 1, 1, 1, 1, 1, 1, 1, 1, 1, 1, 1, 1, 1, 1, 1, 1, 1, 1], [1, 1, 1, 1, 1, 1, -1, 1, 1, 1, 1, 1, 1, 1, 1, 1, 1, 1, 1, 1, 1, 1, 1, 1, 1, 1, 1, 1, 1, 1, 1, 1], [2, 2, 2, 2, 2, 2, 2, -1, 2, 2, 2, 2, 2, 2, 2, 2, 2, 2, 2, 2, 2, 2, 2, 2, 2, 2, 2, 2, 2, 2, 2, 2], [1, 1, 1, 1, 1, 1, 1, 1, -1, 1, 1, 1, 1, 1, 1, 1, 1, 1, 1, 1, 1, 1, 1, 1, 1, 1, 1, 1, 1, 1, 1, 1], [0, 0, 0, 0, 0, 0, 0, 0, 0, -1, 0, 0, 0, 0, 0, 0, 0, 0, 0, 0, 0, 0, 0, 0, 0, 0, 0, 0, 0, 0, 0, 0], [0, 0, 0, 0, 0, 0, 0, 0, 0, 0, -1, 0, 0, 0, 0, 0, 0, 0, 0, 0, 0, 0, 0, 0, 0, 0, 0, 0, 0, 0, 0, 0], [2, 2, 2, 2, 2, 2, 2, 2, 2, 2, 2, -1, 2, 2, 2, 2, 2, 2, 2, 2, 2, 2, 2, 2, 2, 2, 2, 2, 2, 2, 2, 2], [0, 0, 0, 0, 0, 0, 0, 0, 0, 0, 0, 0, -1, 0, 0, 0, 0, 0, 0, 0, 0, 0, 0, 0, 0, 0, 0, 0, 0, 0, 0, 0], [2, 2, 2, 2, 2, 2, 2, 2, 2, 2, 2, 2, 2, -1, 2, 2, 2, 2, 2, 2, 2, 2, 2, 2, 2, 2, 2, 2, 2, 2, 2, 2], [2, 2, 2, 2, 2, 2, 2, 2, 2, 2, 2, 2, 2, 2, -1, 2, 2, 2, 2, 2, 2, 2, 2, 2, 2, 2, 2, 2, 2, 2, 2, 2], [0, 0, 0, 0, 0, 0, 0, 0, 0, 0, 0, 0, 0, 0, 0, -1, 0, 0, 0, 0, 0, 0, 0, 0, 0, 0, 0, 0, 0, 0, 0, 0], [2, 2, 2, 2, 2, 2, 2, 2, 2, 2, 2, 2, 2, 2, 2, 2, -1, 2, 2, 2, 2, 2, 2, 2, 2, 2, 2, 2, 2, 2, 2, 2], [2, 2, 2, 2, 2, 2, 2, 2, 2, 2, 2, 2, 2, 2, 2, 2, 2, -1, 2, 2, 2, 2, 2, 2, 2, 2, 2, 2, 2, 2, 2, 2], [1, 1, 1, 1, 1, 1, 1, 1, 1, 1, 1, 1, 1, 1, 1, 1, 1, 1, -1, 1, 1, 1, 1, 1, 1, 1, 1, 1, 1, 1, 1, 1], [2, 2, 2, 2, 2, 2, 2, 2, 2, 2, 2, 2, 2, 2, 2, 2, 2, 2, 2, -1, 2, 2, 2, 2, 2, 2, 2, 2, 2, 2, 2, 2], [0, 0, 0, 0, 0, 0, 0, 0, 0, 0, 0, 0, 0, 0, 0, 0, 0, 0, 0, 0, -1, 0, 0, 0, 0, 0, 0, 0, 0, 0, 0, 0], [2, 2, 2, 2, 2, 2, 2, 2, 2, 2, 2, 2, 2, 2, 2, 2, 2, 2, 2, 2, 2, -1, 2, 2, 2, 2, 2, 2, 2, 2, 2, 2], [0, 0, 0, 0, 0, 0, 0, 0, 0, 0, 0, 0, 0, 0, 0, 0, 0, 0, 0, 0, 0, 0, -1, 0, 0, 0, 0, 0, 0, 0, 0, 0], [0, 0, 0, 0, 0, 0, 0, 0, 0, 0, 0, 0, 0, 0, 0, 0, 0, 0, 0, 0, 0, 0, 0, -1, 0, 0, 0, 0, 0, 0, 0, 0], [2, 2, 2, 2, 2, 2, 2, 2, 2, 2, 2, 2, 2, 2, 2, 2, 2, 2, 2, 2, 2, 2, 2, 2, -1, 2, 2, 2, 2, 2, 2, 2], [0, 0, 0, 0, 0, 0, 0, 0, 0, 0, 0, 0, 0, 0, 0, 0, 0, 0, 0, 0, 0, 0, 0, 0, 0, -1, 0, 0, 0, 0, 0, 0], [0, 0, 0, 0, 0, 0, 0, 0, 0, 0, 0, 0, 0, 0, 0, 0, 0, 0, 0, 0, 0, 0, 0, 0, 0, 0, -1, 0, 0, 0, 0, 0], [2, 2, 2, 2, 2, 2, 2, 2, 2, 2, 2, 2, 2, 2, 2, 2, 2, 2, 2, 2, 2, 2, 2, 2, 2, 2, 2, -1, 2, 2, 2, 2], [1, 1, 1, 1, 1, 1, 1, 1, 1, 1, 1, 1, 1, 1, 1, 1, 1, 1, 1, 1, 1, 1, 1, 1, 1, 1, 1, 1, -1, 1, 1, 1], [1, 1, 1, 1, 1, 1, 1, 1, 1, 1, 1, 1, 1, 1, 1, 1, 1, 1, 1, 1, 1, 1, 1, 1, 1, 1, 1, 1, 1, -1, 1, 1], [0, 0, 0, 0, 0, 0, 0, 0, 0, 0, 0, 0, 0, 0, 0, 0, 0, 0, 0, 0, 0, 0, 0, 0, 0, 0, 0, 0, 0, 0, -1, 0], [2, 2, 2, 2, 2, 2, 2, 2, 2, 2, 2, 2, 2, 2, 2, 2, 2, 2, 2, 2, 2, 2, 2, 2, 2, 2, 2, 2, 2, 2, 2, -1]], "speed_zone_count": 73, "speed_zones": [[0.0, 15.0], [15.0, 30.0], [30.0, 45.0], [45.0, 60.0], [60.0, 75.0], [75.0, 90.0], [90.0, 105.0], [105.0, 120.0], [120.0, 135.0], [135.0, 150.0], [150.0, 165.0], [165.0, 180.0], [180.0, 195.0], [195.0, 210.0], [210.0, 225.0], [225.0, 240.0], [240.0, 255.0], [255.0, 270.0], [270.0, 285.0], [285.0, 300.0], [300.0, 315.0], [315.0, 330.0], [330.0, 345.0], [345.0, 360.0], [360.0, 375.0], [375.0, 390.0], [390.0, 405.0], [405.0, 420.0], [420.0, 435.0], [435.0, 450.0], [450.0, 465.0], [465.0, 480.0], [480.0, 495.0], [495.0, 510.0], [510.0, 525.0], [525.0, 540.0], [540.0, 555.0], [555.0, 570.0], [570.0, 585.0], [585.0, 600.0], [600.0, 615.0], [615.0, 630.0], [630.0, 645.0], [645.0, 660.0], [660.0, 675.0], [675.0, 690.0], [690.0, 705.0], [705.0, 720.0], [720.0, 735.0], [735.0, 750.0], [750.0, 765.0], [765.0, 780.0], [780.0, 795.0], [795.0, 810.0], [810.0, 825.0], [825.0, 840.0], [840.0, 855.0], [855.0, 870.0], [870.0, 885.0], [885.0, 900.0], [900.0, 915.0], [915.0, 930.0], [930.0, 945.0], [945.0, 960.0], [960.0, 975.0], [975.0, 990.0], [990.0, 1005.0], [1005.0, 1020.0], [1020.0, 1035.0], [1035.0, 1050.0], [1050.0, 1065.0], [1065.0, 1080.0], [1080.0, 5000.0]], "distances": [[0.0, 63.0, 59.85, 59.07, 88.58, 86.84, 55.93, 96.88, 53.0, 68.75, 74.35, 85.22, 61.95, 83.32, 58.81, 74.36, 60.42, 100.19, 74.02, 86.65, 58.62, 96.71, 74.45, 58.45, 48.77, 73.72, 76.01, 86.5, 74.42, 90.82, 72.87, 0.0], [0.0, 0.0, 23.81, 23.2, 51.7, 36.72, 24.17, 44.67, 22.56, 32.62, 20.01, 49.5, 15.74, 51.12, 7.62, 36.21, 5.84, 48.68, 12.73, 60.24, 24.35, 48.76, 19.7, 19.3, 15.37, 16.62, 24.44, 57.83, 13.17, 39.5, 23.5, 63.0], [0.0, 23.81, 0.0, 13.38, 33.03, 26.99, 10.03, 37.04, 7.13, 11.2, 17.44, 30.07, 8.46, 30.32, 28.88, 16.61, 28.11, 40.35, 24.07, 38.29, 9.79, 37.23, 17.78, 4.73, 28.52, 19.19, 17.18, 36.35, 24.21, 30.99, 13.83, 59.85], [0.0, 23.2, 13.38, 0.0, 33.99, 27.76, 17.47, 37.81, 6.24, 12.17, 17.72, 31.04, 8.09, 31.27, 28.12, 17.57, 27.39, 41.14, 23.94, 39.19, 12.4, 38.1, 18.04, 12.16, 27.6, 19.28, 17.7, 37.27, 24.09, 31.75, 14.37, 59.07], [0.0, 51.7, 33.03, 33.99, 0.0, 20.28, 36.1, 23.35, 39.75, 21.86, 33.04, 11.03, 37.53, 6.7, 58.67, 16.5, 57.28, 23.13, 43.92, 13.94, 33.69, 16.53, 33.51, 37.04, 60.86, 37.13, 28.33, 10.79, 43.7, 21.42, 28.35, 88.58], [0.0, 36.72, 26.99, 27.76, 20.28, 0.0, 30.92, 10.06, 33.9, 20.08, 16.73, 20.08, 26.59, 23.94, 44.29, 16.15, 42.56, 13.45, 26.24, 33.51, 28.24, 12.05, 17.03, 28.82, 49.24, 20.26, 12.62, 30.35, 25.92, 16.12, 14.86, 86.84], [0.0, 24.17, 10.03, 17.47, 36.1, 30.92, 0.0, 40.97, 11.22, 14.27, 20.82, 33.03, 10.2, 32.89, 28.33, 19.89, 27.82, 44.26, 26.34, 40.3, 10.36, 41.05, 21.12, 5.3, 26.65, 22.13, 20.95, 38.58, 26.53, 34.92, 17.62, 55.93], [0.0, 44.67, 37.04, 37.81, 23.35, 10.06, 40.97, 0.0, 43.92, 29.73, 25.21, 24.56, 36.2, 28.86, 52.29, 25.18, 50.44, 14.4, 32.96, 37.29, 38.3, 7.79, 25.39, 38.74, 58.14, 28.08, 21.83, 34.14, 32.58, 6.07, 24.51, 96.88], [0.0, 22.56, 7.13, 6.24, 39.75, 33.9, 11.22, 43.92, 0.0, 17.91, 22.44, 36.69, 10.62, 36.53, 25.91, 23.51, 25.61, 47.31, 26.5, 43.82, 6.16, 44.34, 22.68, 5.92, 23.38, 23.14, 23.24, 42.16, 26.74, 37.85, 20.0, 53.0], [0.0, 32.62, 11.2, 12.17, 21.86, 20.08, 14.27, 29.73, 17.91, 0.0, 18.78, 18.87, 17.09, 19.25, 38.73, 5.71, 37.65, 32.4, 28.79, 27.76, 11.83, 28.13, 19.29, 15.48, 39.51, 22.27, 15.68, 25.56, 28.77, 24.02, 13.16, 68.75], [0.0, 20.01, 17.44, 17.72, 33.04, 16.73, 20.82, 25.21, 22.44, 18.78, 0.0, 31.37, 12.41, 33.86, 27.56, 19.75, 25.85, 29.16, 10.97, 43.61, 18.77, 28.77, 9.9, 16.53, 32.92, 13.51, 4.72, 40.8, 10.81, 19.69, 5.69, 74.35], [0.0, 49.5, 30.07, 31.04, 11.03, 20.08, 33.03, 24.56, 36.69, 18.87, 31.37, 0.0, 34.97, 4.32, 56.31, 13.72, 55.0, 24.85, 42.33, 13.42, 30.68, 18.36, 31.86, 34.21, 58.14, 35.47, 26.73, 10.27, 42.14, 21.82, 26.4, 85.22], [0.0, 15.74, 8.46, 8.09, 37.53, 26.59, 10.2, 36.2, 10.62, 17.09, 12.41, 34.97, 0.0, 36.07, 21.64, 21.3, 20.57, 39.92, 16.15, 44.85, 9.33, 38.14, 12.55, 4.96, 23.54, 12.57, 14.44, 42.58, 16.35, 30.25, 11.73, 61.95], [0.0, 51.12, 30.32, 31.27, 6.7, 23.94, 32.89, 28.86, 36.53, 19.25, 33.86, 4.32, 36.07, 0.0, 57.65, 14.91, 56.45, 29.16, 44.83, 9.87, 30.74, 22.66, 34.37, 34.72, 58.76, 37.93, 29.35, 6.94, 44.67, 25.94, 28.59, 83.32], [0.0, 7.62, 28.88, 28.12, 58.67, 44.29, 28.33, 52.29, 25.91, 38.73, 27.56, 56.31, 21.64, 57.65, 0.0, 42.79, 13.46, 56.3, 20.04, 66.49, 29.13, 56.33, 27.27, 24.16, 10.03, 24.24, 31.91, 64.22, 20.48, 47.11, 30.74, 58.81], [0.0, 36.21, 16.61, 17.57, 16.5, 16.15, 19.89, 25.18, 23.51, 5.71, 19.75, 13.72, 21.3, 14.91, 42.79, 0.0, 41.56, 27.5, 30.53, 24.23, 17.37, 22.79, 20.27, 20.55, 44.42, 23.68, 15.66, 21.66, 30.42, 19.84, 14.17, 74.36], [0.0, 5.84, 28.11, 27.39, 57.28, 42.56, 27.82, 50.44, 25.61, 37.65, 25.85, 55.0, 20.57, 56.45, 13.46, 41.56, 0.0, 54.46, 18.08, 65.4, 28.44, 54.6, 25.53, 23.42, 11.7, 22.44, 30.26, 63.07, 18.51, 45.32, 29.21, 60.42], [0.0, 48.68, 40.35, 41.14, 23.13, 13.45, 44.26, 14.4, 47.31, 32.4, 29.16, 24.85, 39.92, 29.16, 56.3, 27.5, 54.46, 0.0, 36.98, 36.9, 41.57, 6.61, 29.35, 42.27, 62.07, 32.08, 25.64, 33.82, 36.59, 9.67, 28.2, 100.19], [0.0, 12.73, 24.07, 23.94, 43.92, 26.24, 26.34, 32.96, 26.5, 28.79, 10.97, 42.33, 16.15, 44.83, 20.04, 30.53, 18.08, 36.98, 0.0, 54.54, 25.17, 37.97, 10.48, 21.1, 27.9, 6.9, 15.61, 51.76, 13.65, 28.35, 16.36, 74.02], [0.0, 60.24, 38.29, 39.19, 13.94, 33.51, 40.3, 37.29, 43.82, 27.76, 43.61, 13.42, 44.85, 9.87, 66.49, 24.23, 65.4, 36.9, 54.54, 0.0, 38.48, 30.3, 44.11, 42.91, 66.77, 47.65, 39.15, 16.81, 54.4, 35.13, 38.23, 86.65], [0.0, 24.35, 9.79, 12.4, 33.69, 28.24, 10.36, 38.3, 6.16, 11.83, 18.77, 30.68, 9.33, 30.74, 29.13, 17.37, 28.44, 41.57, 25.17, 38.48, 0.0, 38.35, 19.1, 5.06, 28.29, 20.44, 18.54, 36.63, 25.32, 32.25, 15.19, 58.62], [0.0, 48.76, 37.23, 38.1, 16.53, 12.05, 41.05, 7.79, 44.34, 28.13, 28.77, 18.36, 38.14, 22.66, 56.33, 22.79, 54.6, 6.61, 37.97, 30.3, 38.35, 0.0, 29.07, 39.78, 61.14, 32.24, 24.6, 27.21, 37.63, 9.71, 26.55, 96.71], [0.0, 19.7, 17.78, 18.04, 33.51, 17.03, 21.12, 25.39, 22.68, 19.29, 9.9, 31.86, 12.55, 34.37, 27.27, 20.27, 25.53, 29.35, 10.48, 44.11, 19.1, 29.07, 0.0, 16.76, 32.76, 13.97, 5.18, 41.3, 10.31, 19.93, 6.2, 74.45], [0.0, 19.3, 4.73, 12.16, 37.04, 28.82, 5.3, 38.74, 5.92, 15.48, 16.53, 34.21, 4.96, 34.72, 24.16, 20.55, 23.42, 42.27, 21.1, 42.91, 5.06, 39.78, 16.76, 0.0, 24.03, 17.29, 17.57, 40.89, 21.31, 32.69, 14.42, 58.45], [0.0, 15.37, 28.52, 27.6, 60.86, 49.24, 26.65, 58.14, 23.38, 39.51, 32.92, 58.14, 23.54, 58.76, 10.03, 44.42, 11.7, 62.07, 27.9, 66.77, 28.29, 61.14, 32.76, 24.03, 0.0, 30.42, 36.62, 64.87, 28.34, 52.52, 34.65, 48.77], [0.0, 16.62, 19.19, 19.28, 37.13, 20.26, 22.13, 28.08, 23.14, 22.27, 13.51, 35.47, 12.57, 37.93, 24.24, 23.68, 22.44, 32.08, 6.9, 47.65, 20.44, 32.24, 13.97, 17.29, 30.42, 0.0, 8.79, 44.86, 6.75, 22.88, 9.51, 73.72], [0.0, 24.44, 17.18, 17.7, 28.33, 12.62, 20.95, 21.83, 23.24, 15.68, 4.72, 26.73, 14.44, 29.35, 31.91, 15.66, 30.26, 25.64, 15.61, 39.15, 18.54, 24.6, 5.18, 17.57, 36.62, 8.79, 0.0, 36.28, 15.41, 15.99, 10.41, 76.01], [0.0, 57.83, 36.35, 37.27, 10.79, 30.35, 38.58, 34.14, 42.16, 25.56, 40.8, 10.27, 42.58, 6.94, 64.22, 21.66, 63.07, 33.82, 51.76, 16.81, 36.63, 27.21, 41.3, 40.89, 64.87, 44.86, 36.28, 0.0, 51.6, 31.95, 35.5, 86.5], [0.0, 13.17, 24.21, 24.09, 43.7, 25.92, 26.53, 32.58, 26.74, 28.77, 10.81, 42.14, 16.35, 44.67, 20.48, 30.42, 18.51, 36.59, 13.65, 54.4, 25.32, 37.63, 10.31, 21.31, 28.34, 6.75, 15.41, 51.6, 0.0, 27.99, 16.25, 74.42], [0.0, 39.5, 30.99, 31.75, 21.42, 16.12, 34.92, 6.07, 37.85, 24.02, 19.69, 21.82, 30.25, 25.94, 47.11, 19.84, 45.32, 9.67, 28.35, 35.13, 32.25, 9.71, 19.93, 32.69, 52.52, 22.88, 15.99, 31.95, 27.99, 0.0, 18.53, 90.82], [0.0, 23.5, 13.83, 14.37, 28.35, 14.86, 17.62, 24.51, 20.0, 13.16, 5.69, 26.4, 11.73, 28.59, 30.74, 14.17, 29.21, 28.2, 16.36, 38.23, 15.19, 26.55, 6.2, 14.42, 34.65, 9.51, 10.41, 35.5, 16.25, 18.53, 0.0, 72.87], [0.0, 0.0, 0.0, 0.0, 0.0, 0.0, 0.0, 0.0, 0.0, 0.0, 0.0, 0.0, 0.0, 0.0, 0.0, 0.0, 0.0, 0.0, 0.0, 0.0, 0.0, 0.0, 0.0, 0.0, 0.0, 0.0, 0.0, 0.0, 0.0, 0.0, 0.0, 0.0]], "time_windows": [[0.0, 5000.0], [0.0, 110.0], [0.0, 139.0], [0.0, 155.0], [0.0, 224.0], [0.0, 288.0], [0.0, 362.0], [0.0, 432.0], [0.0, 528.0], [0.0, 584.0], [0.0, 626.0], [0.0, 679.0], [0.0, 729.0], [0.0, 779.0], [0.0, 886.0], [0.0, 960.0], [0.0, 1019.0], [0.0, 1082.0], [0.0, 1122.0], [0.0, 1176.0], [0.0, 1215.0], [0.0, 1253.0], [0.0, 1282.0], [0.0, 1299.0], [0.0, 1323.0], [0.0, 1353.0], [0.0, 1362.0], [0.0, 1398.0], [0.0, 1450.0], [0.0, 1478.0], [0.0, 1497.0], [0.0, 5000.0]], "start_depot": 0, "end_depot": 31, "horizon": [0.0, 5000.0]}