{"digraph": {"vertex_count": 32, "arc_count": 930, "arcs": [[0, 1, 1, 1, 1, 1, 1, 1, 1, 1, 1, 1, 1, 1, 1, 1, 1, 1, 1, 1, 1, 1, 1, 1, 1, 1, 1, 1, 1, 1, 1, 1], [0, 0, 1, 1, 1, 1, 1, 1, 1, 1, 1, 1, 1, 1, 1, 1, 1, 1, 1, 1, 1, 1, 1, 1, 1, 1, 1, 1, 1, 1, 1, 1], [0, 1, 0, 1, 1, 1, 1, 1, 1, 1, 1, 1, 1, 1, 1, 1, 1, 1, 1, 1, 1, 1, 1, 1, 1, 1, 1, 1, 1, 1, 1, 1], [0, 1, 1, 0, 1, 1, 1, 1, 1, 1, 1, 1, 1, 1, 1, 1, 1, 1, 1, 1, 1, 1, 1, 1, 1, 1, 1, 1, 1, 1, 1, 1], [0, 1, 1, 1, 0, 1, 1, 1, 1, 1, 1, 1, 1, 1, 1, 1, 1, 1, 1, 1, 1, 1, 1, 1, 1, 1, 1, 1, 1, 1, 1, 1], [0, 1, 1, 1, 1, 0, 1, 1, 1, 1, 1, 1, 1, 1, 1, 1, 1, 1, 1, 1, 1, 1, 1, 1, 1, 1, 1, 1, 1, 1, 1, 1], [0, 1, 1, 1, 1, 1, 0, 1, 1, 1, 1, 1, 1, 1, 1, 1, 1, 1, 1, 1, 1, 1, 1, 1, 1, 1, 1, 1, 1, 1, 1, 1], [0, 1, 1, 1, 1, 1, 1, 0, 1, 1, 1, 1, 1, 1, 1, 1, 1, 1, 1, 1, 1, 1, 1, 1, 1, 1, 1, 1, 1, 1, 1, 1], [0, 1, 1, 1, 1, 1, 1, 1, 0, 1, 1, 1, 1, 1, 1, 1, 1, 1, 1, 1, 1, 1, 1, 1, 1, 1, 1, 1, 1, 1, 1, 1], [0, 1, 1, 1, 1, 1, 1, 1, 1, 0, 1, 1, 1, 1, 1, 1, 1, 1, 1, 1, 1, 1, 1, 1, 1, 1, 1, 1, 1, 1, 1, 1], [0, 1, 1, 1, 1, 1, 1, 1, 1, 1, 0, 1, 1, 1, 1, 1, 1, 1, 1, 1, 1, 1, 1, 1, 1, 1, 1, 1, 1, 1, 1, 1], [0, 1, 1, 1, 1, 1, 1, 1, 1, 1, 1, 0, 1, 1, 1, 1, 1, 1, 1, 1, 1, 1, 1, 1, 1, 1, 1, 1, 1, 1, 1, 1], [0, 1, 1, 1, 1, 1, 1, 1, 1, 1, 1, 1, 0, 1, 1, 1, 1, 1, 1, 1, 1, 1, 1, 1, 1, 1, 1, 1, 1, 1, 1, 1], [0, 1, 1, 1, 1, 1, 1, 1, 1, 1, 1, 1, 1, 0, 1, 1, 1, 1, 1, 1, 1, 1, 1, 1, 1, 1, 1, 1, 1, 1, 1, 1], [0, 1, 1, 1, 1, 1, 1, 1, 1, 1, 1, 1, 1, 1, 0, 1, 1, 1, 1, 1, 1, 1, 1, 1, 1, 1, 1, 1, 1, 1, 1, 1], [0, 1, 1, 1, 1, 1, 1, 1, 1, 1, 1, 1, 1, 1, 1, 0, 1, 1, 1, 1, 1, 1, 1, 1, 1, 1, 1, 1, 1, 1, 1, 1], [0, 1, 1, 1, 1, 1, 1, 1, 1, 1, 1, 1, 1, 1, 1, 1, 0, 1, 1, 1, 1, 1, 1, 1, 1, 1, 1, 1, 1, 1, 1, 1], [0, 1, 1, 1, 1, 1, 1, 1, 1, 1, 1, 1, 1, 1, 1, 1, 1, 0, 1, 1, 1, 1, 1, 1, 1, 1, 1, 1, 1, 1, 1, 1], [0, 1, 1, 1, 1, 1, 1, 1, 1, 1, 1, 1, 1, 1, 1, 1, 1, 1, 0, 1, 1, 1, 1, 1, 1, 1, 1, 1, 1, 1, 1, 1], [0, 1, 1, 1, 1, 1, 1, 1, 1, 1, 1, 1, 1, 1, 1, 1, 1, 1, 1, 0, 1, 1, 1, 1, 1, 1, 1, 1, 1, 1, 1, 1], [0, 1, 1, 1, 1, 1, 1, 1, 1, 1, 1, 1, 1, 1, 1, 1, 1, 1, 1, 1, 0, 1, 1, 1, 1, 1, 1, 1, 1, 1, 1, 1], [0, 1, 1, 1, 1, 1, 1, 1, 1, 1, 1, 1, 1, 1, 1, 1, 1, 1, 1, 1, 1, 0, 1, 1, 1, 1, 1, 1, 1, 1, 1, 1], [0, 1, 1, 1, 1, 1, 1, 1, 1, 1, 1, 1, 1, 1, 1, 1, 1, 1, 1, 1, 1, 1, 0, 1, 1, 1, 1, 1, 1, 1, 1, 1], [0, 1, 1, 1, 1, 1, 1, 1, 1, 1, 1, 1, 1, 1, 1, 1, 1, 1, 1, 1, 1, 1, 1, 0, 1, 1, 1, 1, 1, 1, 1, 1], [0, 1, 1, 1, 1, 1, 1, 1, 1, 1, 1, 1, 1, 1, 1, 1, 1, 1, 1, 1, 1, 1, 1, 1, 0, 1, 1, 1, 1, 1, 1, 1], [0, 1, 1, 1, 1, 1, 1, 1, 1, 1, 1, 1, 1, 1, 1, 1, 1, 1, 1, 1, 1, 1, 1, 1, 1, 0, 1, 1, 1, 1, 1, 1], [0, 1, 1, 1, 1, 1, 1, 1, 1, 1, 1, 1, 1, 1, 1, 1, 1, 1, 1, 1, 1, 1, 1, 1, 1, 1, 0, 1, 1, 1, 1, 1], [0, 1, 1, 1, 1, 1, 1, 1, 1, 1, 1, 1, 1, 1, 1, 1, 1, 1, 1, 1, 1, 1, 1, 1, 1, 1, 1, 0, 1, 1, 1, 1], [0, 1, 1, 1, 1, 1, 1, 1, 1, 1, 1, 1, 1, 1, 1, 1, 1, 1, 1, 1, 1, 1, 1, 1, 1, 1, 1, 1, 0, 1, 1, 1], [0, 1, 1, 1, 1, 1, 1, 1, 1, 1, 1, 1, 1, 1, 1, 1, 1, 1, 1, 1, 1, 1, 1, 1, 1, 1, 1, 1, 1, 0, 1, 1], [0, 1, 1, 1, 1, 1, 1, 1, 1, 1, 1, 1, 1, 1, 1, 1, 1, 1, 1, 1, 1, 1, 1, 1, 1, 1, 1, 1, 1, 1, 0, 1], [0, 0, 0, 0, 0, 0, 0, 0, 0, 0, 0, 0, 0, 0, 0, 0, 0, 0, 0, 0, 0, 0, 0, 0, 0, 0, 0, 0, 0, 0, 0, 0]]}, "cluster_count": 3, "cluster_speeds": [[0.6475, 0.595, 0.6475, 0.7, 0.58275, 0.5355, 0.58275, 0.63, 0.32375, 0.2975, 0.32375, 0.35, 0.213675, 0.19635, 0.213675, 0.23099999999999998, 0.259, 0.238, 0.259, 0.27999999999999997, 0.3885, 0.357, 0.3885, 0.42, 0.6475, 0.595, 0.6475, 0.7, 0.37, 0.34, 0.37, 0.4, 0.30525, 0.2805, 0.30525, 0.33, 0.4625, 0.425, 0.4625, 0.5, 0.6475, 0.595, 0.6475, 0.7, 0.74, 0.68, 0.74, 0.8, 0.45324999999999993, 0.4165, 0.45324999999999993, 0.48999999999999994, 0.32375, 0.2975, 0.32375, 0.35, 0.3885, 0.357, 0.3885, 0.42, 0.45324999999999993, 0.4165, 0.45324999999999993, 0.48999999999999994, 0.58275, 0.5355, 0.58275, 0.63, 0.6475, 0.595, 0.6475, 0.7, 0.7], [0.7400000000000001, 0.68, 0.7400000000000001, 0.8, 0.666, 0.6120000000000001, 0.666, 0.7200000000000001, 0.37000000000000005, 0.34, 0.37000000000000005, 0.4, 0.24420000000000003, 0.22440000000000004, 0.24420000000000003, 0.264, 0.296, 0.272, 0.296, 0.32000000000000006, 0.44400000000000006, 0.40800000000000003, 0.44400000000000006, 0.48, 0.6475, 0.595, 0.6475, 0.7, 0.37, 0.34, 0.37, 0.4, 0.30525, 0.2805, 0.30525, 0.33, 0.4625, 0.425, 0.4625, 0.5, 0.6475, 0.595, 0.6475, 0.7, 0.74, 0.68, 0.74, 0.8, 0.518, 0.476, 0.518, 0.5599999999999999, 0.37000000000000005, 0.34, 0.37000000000000005, 0.4, 0.44400000000000006, 0.40800000000000003, 0.44400000000000006, 0.48, 0.518, 0.476, 0.518, 0.5599999999999999, 0.666, 0.6120000000000001, 0.666, 0.7200000000000001, 0.7400000000000001, 0.68, 0.7400000000000001, 0.8, 0.8], [0.925, 0.85, 0.925, 1.0, 0.8325, 0.765, 0.8325, 0.9, 0.4625, 0.425, 0.4625, 0.5, 0.30525, 0.2805, 0.30525, 0.33, 0.37, 0.34, 0.37, 0.4, 0.555, 0.51, 0.555, 0.6, 0.6475, 0.595, 0.6475, 0.7, 0.37, 0.34, 0.37, 0.4, 0.30525, 0.2805, 0.30525, 0.33, 0.4625, 0.425, 0.4625, 0.5, 0.6475, 0.595, 0.6475, 0.7, 0.74, 0.68, 0.74, 0.8, 0.6475, 0.595, 0.6475, 0.7, 0.4625, 0.425, 0.4625, 0.5, 0.555, 0.51, 0.555, 0.6, 0.6475, 0.595, 0.6475, 0.7, 0.8325, 0.765, 0.8325, 0.9, 0.925, 0.85, 0.925, 1.0, 1.0]], "clusters": [[-1, 2, 2, 2, 2, 2, 2, 2, 2, 2, 2, 2, 2, 2, 2, 2, 2, 2, 2, 2, 2, 2, 2, 2, 2, 2, 2, 2, 2, 2, 2, 2], [1, -1, 1, 1, 1, 1, 1, 1, 1, 1, 1, 1, 1, 1, 1, 1, 1, 1, 1, 1, 1, 1, 1, 1, 1, 1, 1, 1, 1, 1, 1, 1], [2, 2, -1, 2, 2, 2, 2, 2, 2, 2, 2, 2, 2, 2, 2, 2, 2, 2, 2, 2, 2, 2, 2, 2, 2, 2, 2, 2, 2, 2, 2, 2], [0, 0, 0, -1, 0, 0, 0, 0, 0, 0, 0, 0, 0, 0, 0, 0, 0, 0, 0, 0, 0, 0, 0, 0, 0, 0, 0, 0, 0, 0, 0, 0], [0, 0, 0, 0, -1, 0, 0, 0, 0, 0, 0, 0, 0, 0, 0, 0, 0, 0, 0, 0, 0, 0, 0, 0, 0, 0, 0, 0, 0, 0, 0, 0], [1, 1, 1, 1, 1, -1, 1, 1, 1, 1, 1, 1, 1, 1, 1, 1, 1, 1, 1, 1, 1, 1, 1, 1, 1, 1, 1, 1, 1, 1, 1, 1], [1, 1, 1, 1, 1, 1, -1, 1, 1, 1, 1, 1, 1, 1, 1, 1, 1, 1, 1, 1, 1, 1, 1, 1, 1, 1, 1, 1, 1, 1, 1, 1], [2, 2, 2, 2, 2, 2, 2, -1, 2, 2, 2, 2, 2, 2, 2, 2, 2, 2, 2, 2, 2, 2, 2, 2, 2, 2, 2, 2, 2, 2, 2, 2], [0, 0, 0, 0, 0, 0, 0, 0, -1, 0, 0, 0, 0, 0, 0, 0, 0, 0, 0, 0, 0, 0, 0, 0, 0, 0, 0, 0, 0, 0, 0, 0], [2, 2, 2, 2, 2, 2, 2, 2, 2, -1, 2, 2, 2, 2, 2, 2, 2, 2, 2, 2, 2, 2, 2, 2, 2, 2, 2, 2, 2, 2, 2, 2], [0, 0, 0, 0, 0, 0, 0, 0, 0, 0, -1, 0, 0, 0, 0, 0, 0, 0, 0, 0, 0, 0, 0, 0, 0, 0, 0, 0, 0, 0, 0, 0], [0, 0, 0, 0, 0, 0, 0, 0, 0, 0, 0, -1, 0, 0, 0, 0, 0, 0, 0, 0, 0, 0, 0, 0, 0, 0, 0, 0, 0, 0, 0, 0], [2, 2, 2, 2, 2, 2, 2, 2, 2, 2, 2, 2, -1, 2, 2, 2, 2, 2, 2, 2, 2, 2, 2, 2, 2, 2, 2, 2, 2, 2, 2, 2], [0, 0, 0, 0, 0, 0, 0, 0, 0, 0, 0, 0, 0, -1, 0, 0, 0, 0, 0, 0, 0, 0, 0, 0, 0, 0, 0, 0, 0, 0, 0, 0], [1, 1, 1, 1, 1, 1, 1, 1, 1, 1, 1, 1, 1, 1, -1, 1, 1, 1, 1, 1, 1, 1, 1, 1, 1, 1, 1, 1, 1, 1, 1, 1], [1, 1, 1, 1, 1, 1, 1, 1, 1, 1, 1, 1, 1, 1, 1, -1, 1, 1, 1, 1, 1, 1, 1, 1, 1, 1, 1, 1, 1, 1, 1, 1], [1, 1, 1, 1, 1, 1, 1, 1, 1, 1, 1, 1, 1, 1, 1, 1, -1, 1, 1, 1, 1, 1, 1, 1, 1, 1, 1, 1, 1, 1, 1, 1], [0, 0, 0, 0, 0, 0, 0, 0, 0, 0, 0, 0, 0, 0, 0, 0, 0, -1, 0, 0, 0, 0, 0, 0, 0, 0, 0, 0, 0, 0, 0, 0], [2, 2, 2, 2, 2, 2, 2, 2, 2, 2, 2, 2, 2, 2, 2, 2, 2, 2, -1, 2, 2, 2, 2, 2, 2, 2, 2, 2, 2, 2, 2, 2], [2, 2, 2, 2, 2, 2, 2, 2, 2, 2, 2, 2, 2, 2, 2, 2, 2, 2, 2, -1, 2, 2, 2, 2, 2, 2, 2, 2, 2, 2, 2, 2], [0, 0, 0, 0, 0, 0, 0, 0, 0, 0, 0, 0, 0, 0, 0, 0, 0, 0, 0, 0, -1, 0, 0, 0, 0, 0, 0, 0, 0, 0, 0, 0], [0, 0, 0, 0, 0, 0, 0, 0, 0, 0, 0, 0, 0, 0, 0, 0, 0, 0, 0, 0, 0, -1, 0, 0, 0, 0, 0, 0, 0, 0, 0, 0], [2, 2, 2, 2, 2, 2, 2, 2, 2, 2, 2, 2, 2, 2, 2, 2, 2, 2, 2, 2, 2, 2, -1, 2, 2, 2, 2, 2, 2, 2, 2, 2], [0, 0, 0, 0, 0, 0, 0, 0, 0, 0, 0, 0, 0, 0, 0, 0, 0, 0, 0, 0, 0, 0, 0, -1, 0, 0, 0, 0, 0, 0, 0, 0], [1, 1, 1, 1, 1, 1, 1, 1, 1, 1, 1, 1, 1, 1, 1, 1, 1, 1, 1, 1, 1, 1, 1, 1, -1, 1, 1, 1, 1, 1, 1, 1], [1, 1, 1, 1, 1, 1, 1, 1, 1, 1, 1, 1, 1, 1, 1, 1, 1, 1, 1, 1, 1, 1, 1, 1, 1, -1, 1, 1, 1, 1, 1, 1], [2, 2, 2, 2, 2, 2, 2, 2, 2, 2, 2, 2, 2, 2, 2, 2, 2, 2, 2, 2, 2, 2, 2, 2, 2, 2, -1, 2, 2, 2, 2, 2], [1, 1, 1, 1, 1, 1, 1, 1, 1, 1, 1, 1, 1, 1, 1, 1, 1, 1, 1, 1, 1, 1, 1, 1, 1, 1, 1, -1, 1, 1, 1, 1], [0, 0, 0, 0, 0, 0, 0, 0, 0, 0, 0, 0, 0, 0, 0, 0, 0, 0, 0, 0, 0, 0, 0, 0, 0, 0, 0, 0, -1, 0, 0, 0], [2, 2, 2, 2, 2, 2, 2, 2, 2, 2, 2, 2, 2, 2, 2, 2, 2, 2, 2, 2, 2, 2, 2, 2, 2, 2, 2, 2, 2, -1, 2, 2], [0, 0, 0, 0, 0, 0, 0, 0, 0, 0, 0, 0, 0, 0, 0, 0, 0, 0, 0, 0, 0, 0, 0, 0, 0, 0, 0, 0, 0, 0, -1, 0], [2, 2, 2, 2, 2, 2, 2, 2, 2, 2, 2, 2, 2, 2, 2, 2, 2, 2, 2, 2, 2, 2, 2, 2, 2, 2, 2, 2, 2, 2, 2, -1]], "speed_zone_count": 73, "speed_zones": [[0.0, 15.0], [15.0, 30.0], [30.0, 45.0], [45.0, 60.0], [60.0, 75.0], [75.0, 90.0], [90.0, 105.0], [105.0, 120.0], [120.0, 135.0], [135.0, 150.0], [150.0, 165.0], [165.0, 180.0], [180.0, 195.0], [195.0, 210.0], [210.0, 225.0], [225.0, 240.0], [240.0, 255.0], [255.0, 270.0], [270.0, 285.0], [285.0, 300.0], [300.0, 315.0], [315.0, 330.0], [330.0, 345.0], [345.0, 360.0], [360.0, 375.0], [375.0, 390.0], [390.0, 405.0], [405.0, 420.0], [420.0, 435.0], [435.0, 450.0], [450.0, 465.0], [465.0, 480.0], [480.0, 495.0], [495.0, 510.0], [510.0, 525.0], [525.0, 540.0], [540.0, 555.0], [555.0, 570.0], [570.0, 585.0], [585.0, 600.0], [600.0, 615.0], [615.0, 630.0], [630.0, 645.0], [645.0, 660.0], [660.0, 675.0], [675.0, 690.0], [690.0, 705.0], [705.0, 720.0], [720.0, 735.0], [735.0, 750.0], [750.0, 765.0], [765.0, 780.0], [780.0, 795.0], [795.0, 810.0], [810.0, 825.0], [825.0, 840.0], [840.0, 855.0], [855.0, 870.0], [870.0, 885.0], [885.0, 900.0], [900.0, 915.0], [915.0, 930.0], [930.0, 945.0], [945.0, 960.0], [960.0, 975.0], [975.0, 990.0], [990.0, 1005.0], [1005.0, 1020.0], [1020.0, 1035.0], [1035.0, 1050.0], [1050.0, 1065.0], [1065.0, 1080.0], [1080.0, 5000.0]], "distances": [[0.0, 53.56, 81.18, 69.41, 71.14, 85.91, 49.32, 94.0, 61.46, 93.36, 74.52, 67.84, 68.22, 69.06, 52.31, 71.38, 68.43, 74.68, 48.35, 95.25, 70.57, 68.8, 41.16, 83.15, 73.21, 74.86, 80.84, 85.62, 60.84, 50.6, 76.96, 0.0], [0.0, 0.0, 34.09, 19.04, 21.01, 32.58, 9.19, 41.23, 8.01, 41.85, 22.51, 14.99, 30.92, 18.59, 9.05, 23.47, 26.97, 22.99, 36.38, 44.16, 18.72, 17.57, 19.21, 29.87, 26.39, 30.64, 33.34, 32.51, 7.29, 24.94, 24.97, 53.56], [0.0, 34.09, 0.0, 15.32, 38.26, 30.34, 43.1, 21.0, 27.95, 16.08, 34.13, 21.55, 56.59, 15.78, 42.05, 10.7, 51.17, 35.17, 69.77, 16.56, 17.07, 17.2, 53.26, 29.89, 8.15, 50.45, 15.83, 19.23, 29.34, 57.75, 13.94, 81.18], [0.0, 19.04, 15.32, 0.0, 25.23, 24.23, 27.89, 25.07, 12.64, 23.96, 22.32, 6.9, 42.5, 11.58, 26.74, 5.58, 37.25, 23.33, 54.46, 25.96, 11.39, 11.67, 38.24, 22.46, 8.64, 37.67, 14.49, 17.77, 14.04, 42.45, 8.04, 69.41], [0.0, 21.01, 38.26, 25.23, 0.0, 17.91, 21.88, 33.45, 16.87, 37.31, 5.34, 18.46, 18.81, 24.88, 18.86, 30.71, 13.31, 4.74, 38.55, 40.06, 22.15, 23.15, 30.75, 15.41, 33.6, 12.44, 37.26, 25.25, 16.11, 27.02, 24.45, 71.14], [0.0, 32.58, 30.34, 24.23, 17.91, 0.0, 37.18, 17.27, 25.12, 22.71, 12.8, 20.7, 35.01, 24.18, 34.44, 27.84, 29.85, 13.2, 56.46, 25.36, 20.97, 23.03, 47.26, 22.98, 29.63, 25.87, 29.38, 11.66, 25.42, 44.88, 18.01, 85.91], [0.0, 9.19, 43.1, 27.89, 21.88, 37.18, 0.0, 48.34, 15.72, 49.73, 25.25, 22.93, 25.47, 27.43, 18.24, 32.56, 22.81, 25.38, 27.22, 52.18, 27.1, 26.24, 10.73, 34.4, 35.52, 28.04, 42.32, 39.44, 14.5, 16.04, 33.02, 49.32], [0.0, 41.23, 21.0, 25.07, 33.45, 17.27, 48.34, 0.0, 33.25, 6.59, 28.12, 26.33, 51.71, 25.33, 46.13, 25.15, 46.36, 28.87, 71.29, 8.72, 23.45, 25.31, 59.04, 18.83, 25.07, 42.97, 20.39, 8.91, 34.2, 59.25, 17.14, 94.0], [0.0, 8.01, 27.95, 12.64, 16.87, 25.12, 15.72, 33.25, 0.0, 34.13, 16.64, 7.23, 31.33, 12.18, 14.22, 17.87, 26.48, 17.36, 41.84, 36.53, 11.41, 10.77, 26.38, 22.5, 20.96, 28.46, 27.1, 24.51, 15.3, 29.81, 17.33, 61.46], [0.0, 41.85, 16.08, 23.96, 37.31, 22.71, 49.73, 6.59, 34.13, 0.0, 32.11, 26.92, 55.97, 24.32, 47.82, 22.59, 50.53, 32.97, 74.08, 15.32, 23.24, 24.75, 60.45, 23.77, 21.75, 47.75, 15.69, 12.1, 35.26, 61.91, 16.89, 93.36], [0.0, 22.51, 34.13, 22.32, 5.34, 12.8, 25.25, 28.12, 16.64, 32.11, 0.0, 16.03, 23.87, 22.03, 22.35, 27.54, 18.41, 10.08, 43.78, 34.86, 18.99, 20.36, 34.87, 10.19, 30.26, 16.39, 33.12, 20.02, 16.29, 32.1, 20.19, 74.52], [0.0, 14.99, 21.55, 6.9, 18.46, 20.7, 22.93, 26.33, 7.23, 26.92, 16.03, 0.0, 35.62, 6.5, 21.28, 12.48, 30.36, 17.0, 48.61, 29.3, 4.5, 4.78, 33.6, 18.42, 15.51, 30.88, 20.63, 17.79, 8.44, 36.48, 10.1, 67.84], [0.0, 30.92, 56.59, 42.5, 18.81, 35.01, 25.47, 51.71, 31.33, 55.97, 23.87, 35.62, 0.0, 42.09, 23.25, 48.08, 5.5, 23.01, 25.14, 58.73, 39.84, 40.38, 28.06, 32.99, 51.13, 9.99, 55.61, 43.88, 30.05, 17.69, 43.02, 68.22], [0.0, 18.59, 15.78, 11.58, 24.88, 24.18, 27.43, 25.33, 12.18, 24.32, 22.03, 6.5, 42.09, 0.0, 26.28, 5.99, 36.85, 23.04, 53.99, 26.34, 11.0, 11.28, 37.79, 22.37, 9.07, 37.32, 14.95, 17.94, 13.58, 41.99, 8.26, 69.06], [0.0, 9.05, 42.05, 26.74, 18.86, 34.44, 18.24, 46.13, 14.22, 47.82, 22.35, 21.28, 23.25, 26.28, 0.0, 31.69, 20.22, 22.43, 27.78, 50.32, 25.61, 24.96, 13.0, 31.66, 34.72, 25.21, 41.23, 37.22, 12.89, 16.02, 31.3, 52.31], [0.0, 23.47, 10.7, 5.58, 30.71, 27.84, 32.56, 25.15, 17.87, 22.59, 27.54, 12.48, 48.08, 5.99, 31.69, 0.0, 42.84, 28.57, 59.47, 24.13, 8.58, 7.7, 42.6, 26.44, 14.22, 43.15, 10.05, 19.39, 19.28, 47.57, 9.99, 71.38], [0.0, 26.97, 51.17, 37.25, 13.31, 29.85, 22.81, 46.36, 26.48, 50.53, 18.41, 30.36, 5.5, 36.85, 20.22, 42.84, 0.0, 17.57, 28.34, 53.28, 34.51, 35.14, 27.45, 27.72, 45.86, 6.66, 50.19, 38.43, 25.27, 18.9, 37.55, 68.43], [0.0, 22.99, 35.17, 23.33, 4.74, 13.2, 25.38, 28.87, 17.36, 32.97, 10.08, 17.0, 23.01, 23.04, 22.43, 28.57, 17.57, 0.0, 43.28, 35.72, 20.02, 21.37, 34.82, 10.67, 31.29, 15.38, 34.16, 20.87, 16.96, 31.7, 21.22, 74.68], [0.0, 36.38, 69.77, 54.46, 38.55, 56.46, 27.22, 71.29, 41.84, 74.08, 43.78, 48.61, 25.14, 53.99, 27.78, 59.47, 28.34, 43.28, 0.0, 76.72, 53.07, 52.61, 19.52, 53.94, 62.49, 34.67, 68.93, 62.57, 40.45, 12.19, 58.3, 48.35], [0.0, 44.16, 16.56, 25.96, 40.06, 25.36, 52.18, 8.72, 36.53, 15.32, 34.86, 29.3, 58.73, 26.34, 50.32, 24.13, 53.28, 35.72, 76.72, 0.0, 25.48, 26.89, 62.88, 26.49, 22.98, 50.49, 16.33, 14.85, 37.69, 64.55, 19.21, 95.25], [0.0, 18.72, 17.07, 11.39, 22.15, 20.97, 27.1, 23.45, 11.41, 23.24, 18.99, 4.5, 39.84, 11.0, 25.61, 8.58, 34.51, 20.02, 53.07, 25.48, 0.0, 9.27, 37.69, 19.11, 11.46, 34.59, 16.15, 15.51, 12.72, 40.94, 6.42, 70.57], [0.0, 17.57, 17.2, 11.67, 23.15, 23.03, 26.24, 25.31, 10.77, 24.75, 20.36, 4.78, 40.38, 11.28, 24.96, 7.7, 35.14, 21.37, 52.61, 26.89, 9.27, 0.0, 36.7, 21.1, 10.75, 35.59, 16.34, 17.54, 12.15, 40.56, 8.18, 68.8], [0.0, 19.21, 53.26, 38.24, 30.75, 47.26, 10.73, 59.04, 26.38, 60.45, 34.87, 33.6, 28.06, 37.79, 13.0, 42.6, 27.45, 34.82, 19.52, 62.88, 37.69, 36.7, 0.0, 44.5, 45.45, 33.76, 52.53, 50.14, 25.2, 12.11, 43.71, 41.16], [0.0, 29.87, 29.89, 22.46, 15.41, 22.98, 34.4, 18.83, 22.5, 23.77, 10.19, 18.42, 32.99, 22.37, 31.66, 26.44, 27.72, 10.67, 53.94, 26.49, 19.11, 21.1, 44.5, 0.0, 28.45, 24.15, 28.91, 12.08, 22.75, 42.29, 16.88, 83.15], [0.0, 26.39, 8.15, 8.64, 33.6, 29.63, 35.52, 25.07, 20.96, 21.75, 30.26, 15.51, 51.13, 9.07, 34.72, 14.22, 45.86, 31.29, 62.49, 22.98, 11.46, 10.75, 45.45, 28.45, 0.0, 46.04, 7.68, 20.3, 22.38, 50.63, 11.62, 73.21], [0.0, 30.64, 50.45, 37.67, 12.44, 25.87, 28.04, 42.97, 28.46, 47.75, 16.39, 30.88, 9.99, 37.32, 25.21, 43.15, 6.66, 15.38, 34.67, 50.49, 34.59, 35.59, 33.76, 24.15, 46.04, 0.0, 49.44, 35.72, 27.45, 25.56, 36.53, 74.86], [0.0, 33.34, 15.83, 14.49, 37.26, 29.38, 42.32, 20.39, 27.1, 15.69, 33.12, 20.63, 55.61, 14.95, 41.23, 10.05, 50.19, 34.16, 68.93, 16.33, 16.15, 16.34, 52.53, 28.91, 7.68, 49.44, 0.0, 18.33, 28.49, 56.9, 12.93, 80.84], [0.0, 32.51, 19.23, 17.77, 25.25, 11.66, 39.44, 8.91, 24.51, 12.1, 20.02, 17.79, 43.88, 17.94, 37.22, 19.39, 38.43, 20.87, 62.57, 14.85, 15.51, 17.54, 50.14, 12.08, 20.3, 35.72, 18.33, 0.0, 25.4, 50.48, 9.8, 85.62], [0.0, 7.29, 29.34, 14.04, 16.11, 25.42, 14.5, 34.2, 15.3, 35.26, 16.29, 8.44, 30.05, 13.58, 12.89, 19.28, 25.27, 16.96, 40.45, 37.69, 12.72, 12.15, 25.2, 22.75, 22.38, 27.45, 28.49, 25.4, 0.0, 28.41, 18.53, 60.84], [0.0, 24.94, 57.75, 42.45, 27.02, 44.88, 16.04, 59.25, 29.81, 61.91, 32.1, 36.48, 17.69, 41.99, 16.02, 47.57, 18.9, 31.7, 12.19, 64.55, 40.94, 40.56, 12.11, 42.29, 50.63, 25.56, 56.9, 50.48, 28.41, 0.0, 46.11, 50.6], [0.0, 24.97, 13.94, 8.04, 24.45, 18.01, 33.02, 17.14, 17.33, 16.89, 20.19, 10.1, 43.02, 8.26, 31.3, 9.99, 37.55, 21.22, 58.3, 19.21, 6.42, 8.18, 43.71, 16.88, 11.62, 36.53, 12.93, 9.8, 18.53, 46.11, 0.0, 76.96], [0.0, 0.0, 0.0, 0.0, 0.0, 0.0, 0.0, 0.0, 0.0, 0.0, 0.0, 0.0, 0.0, 0.0, 0.0, 0.0, 0.0, 0.0, 0.0, 0.0, 0.0, 0.0, 0.0, 0.0, 0.0, 0.0, 0.0, 0.0, 0.0, 0.0, 0.0, 0.0]], "time_windows": [[0.0, 5000.0], [0.0, 99.0], [0.0, 140.0], [0.0, 158.0], [0.0, 210.0], [0.0, 264.0], [0.0, 358.0], [0.0, 440.0], [0.0, 513.0], [0.0, 609.0], [0.0, 668.0], [0.0, 692.0], [0.0, 742.0], [0.0, 804.0], [0.0, 854.0], [0.0, 916.0], [0.0, 986.0], [0.0, 1009.0], [0.0, 1061.0], [0.0, 1142.0], [0.0, 1168.0], [0.0, 1177.0], [0.0, 1214.0], [0.0, 1258.0], [0.0, 1287.0], [0.0, 1333.0], [0.0, 1382.0], [0.0, 1400.0], [0.0, 1426.0], [0.0, 1454.0], [0.0, 1500.0], [0.0, 5000.0]], "start_depot": 0, "end_depot": 31, "horizon": [0.0, 5000.0]}