{"digraph": {"vertex_count": 32, "arc_count": 930, "arcs": [[0, 1, 1, 1, 1, 1, 1, 1, 1, 1, 1, 1, 1, 1, 1, 1, 1, 1, 1, 1, 1, 1, 1, 1, 1, 1, 1, 1, 1, 1, 1, 1], [0, 0, 1, 1, 1, 1, 1, 1, 1, 1, 1, 1, 1, 1, 1, 1, 1, 1, 1, 1, 1, 1, 1, 1, 1, 1, 1, 1, 1, 1, 1, 1], [0, 1, 0, 1, 1, 1, 1, 1, 1, 1, 1, 1, 1, 1, 1, 1, 1, 1, 1, 1, 1, 1, 1, 1, 1, 1, 1, 1, 1, 1, 1, 1], [0, 1, 1, 0, 1, 1, 1, 1, 1, 1, 1, 1, 1, 1, 1, 1, 1, 1, 1, 1, 1, 1, 1, 1, 1, 1, 1, 1, 1, 1, 1, 1], [0, 1, 1, 1, 0, 1, 1, 1, 1, 1, 1, 1, 1, 1, 1, 1, 1, 1, 1, 1, 1, 1, 1, 1, 1, 1, 1, 1, 1, 1, 1, 1], [0, 1, 1, 1, 1, 0, 1, 1, 1, 1, 1, 1, 1, 1, 1, 1, 1, 1, 1, 1, 1, 1, 1, 1, 1, 1, 1, 1, 1, 1, 1, 1], [0, 1, 1, 1, 1, 1, 0, 1, 1, 1, 1, 1, 1, 1, 1, 1, 1, 1, 1, 1, 1, 1, 1, 1, 1, 1, 1, 1, 1, 1, 1, 1], [0, 1, 1, 1, 1, 1, 1, 0, 1, 1, 1, 1, 1, 1, 1, 1, 1, 1, 1, 1, 1, 1, 1, 1, 1, 1, 1, 1, 1, 1, 1, 1], [0, 1, 1, 1, 1, 1, 1, 1, 0, 1, 1, 1, 1, 1, 1, 1, 1, 1, 1, 1, 1, 1, 1, 1, 1, 1, 1, 1, 1, 1, 1, 1], [0, 1, 1, 1, 1, 1, 1, 1, 1, 0, 1, 1, 1, 1, 1, 1, 1, 1, 1, 1, 1, 1, 1, 1, 1, 1, 1, 1, 1, 1, 1, 1], [0, 1, 1, 1, 1, 1, 1, 1, 1, 1, 0, 1, 1, 1, 1, 1, 1, 1, 1, 1, 1, 1, 1, 1, 1, 1, 1, 1, 1, 1, 1, 1], [0, 1, 1, 1, 1, 1, 1, 1, 1, 1, 1, 0, 1, 1, 1, 1, 1, 1, 1, 1, 1, 1, 1, 1, 1, 1, 1, 1, 1, 1, 1, 1], [0, 1, 1, 1, 1, 1, 1, 1, 1, 1, 1, 1, 0, 1, 1, 1, 1, 1, 1, 1, 1, 1, 1, 1, 1, 1, 1, 1, 1, 1, 1, 1], [0, 1, 1, 1, 1, 1, 1, 1, 1, 1, 1, 1, 1, 0, 1, 1, 1, 1, 1, 1, 1, 1, 1, 1, 1, 1, 1, 1, 1, 1, 1, 1], [0, 1, 1, 1, 1, 1, 1, 1, 1, 1, 1, 1, 1, 1, 0, 1, 1, 1, 1, 1, 1, 1, 1, 1, 1, 1, 1, 1, 1, 1, 1, 1], [0, 1, 1, 1, 1, 1, 1, 1, 1, 1, 1, 1, 1, 1, 1, 0, 1, 1, 1, 1, 1, 1, 1, 1, 1, 1, 1, 1, 1, 1, 1, 1], [0, 1, 1, 1, 1, 1, 1, 1, 1, 1, 1, 1, 1, 1, 1, 1, 0, 1, 1, 1, 1, 1, 1, 1, 1, 1, 1, 1, 1, 1, 1, 1], [0, 1, 1, 1, 1, 1, 1, 1, 1, 1, 1, 1, 1, 1, 1, 1, 1, 0, 1, 1, 1, 1, 1, 1, 1, 1, 1, 1, 1, 1, 1, 1], [0, 1, 1, 1, 1, 1, 1, 1, 1, 1, 1, 1, 1, 1, 1, 1, 1, 1, 0, 1, 1, 1, 1, 1, 1, 1, 1, 1, 1, 1, 1, 1], [0, 1, 1, 1, 1, 1, 1, 1, 1, 1, 1, 1, 1, 1, 1, 1, 1, 1, 1, 0, 1, 1, 1, 1, 1, 1, 1, 1, 1, 1, 1, 1], [0, 1, 1, 1, 1, 1, 1, 1, 1, 1, 1, 1, 1, 1, 1, 1, 1, 1, 1, 1, 0, 1, 1, 1, 1, 1, 1, 1, 1, 1, 1, 1], [0, 1, 1, 1, 1, 1, 1, 1, 1, 1, 1, 1, 1, 1, 1, 1, 1, 1, 1, 1, 1, 0, 1, 1, 1, 1, 1, 1, 1, 1, 1, 1], [0, 1, 1, 1, 1, 1, 1, 1, 1, 1, 1, 1, 1, 1, 1, 1, 1, 1, 1, 1, 1, 1, 0, 1, 1, 1, 1, 1, 1, 1, 1, 1], [0, 1, 1, 1, 1, 1, 1, 1, 1, 1, 1, 1, 1, 1, 1, 1, 1, 1, 1, 1, 1, 1, 1, 0, 1, 1, 1, 1, 1, 1, 1, 1], [0, 1, 1, 1, 1, 1, 1, 1, 1, 1, 1, 1, 1, 1, 1, 1, 1, 1, 1, 1, 1, 1, 1, 1, 0, 1, 1, 1, 1, 1, 1, 1], [0, 1, 1, 1, 1, 1, 1, 1, 1, 1, 1, 1, 1, 1, 1, 1, 1, 1, 1, 1, 1, 1, 1, 1, 1, 0, 1, 1, 1, 1, 1, 1], [0, 1, 1, 1, 1, 1, 1, 1, 1, 1, 1, 1, 1, 1, 1, 1, 1, 1, 1, 1, 1, 1, 1, 1, 1, 1, 0, 1, 1, 1, 1, 1], [0, 1, 1, 1, 1, 1, 1, 1, 1, 1, 1, 1, 1, 1, 1, 1, 1, 1, 1, 1, 1, 1, 1, 1, 1, 1, 1, 0, 1, 1, 1, 1], [0, 1, 1, 1, 1, 1, 1, 1, 1, 1, 1, 1, 1, 1, 1, 1, 1, 1, 1, 1, 1, 1, 1, 1, 1, 1, 1, 1, 0, 1, 1, 1], [0, 1, 1, 1, 1, 1, 1, 1, 1, 1, 1, 1, 1, 1, 1, 1, 1, 1, 1, 1, 1, 1, 1, 1, 1, 1, 1, 1, 1, 0, 1, 1], [0, 1, 1, 1, 1, 1, 1, 1, 1, 1, 1, 1, 1, 1, 1, 1, 1, 1, 1, 1, 1, 1, 1, 1, 1, 1, 1, 1, 1, 1, 0, 1], [0, 0, 0, 0, 0, 0, 0, 0, 0, 0, 0, 0, 0, 0, 0, 0, 0, 0, 0, 0, 0, 0, 0, 0, 0, 0, 0, 0, 0, 0, 0, 0]]}, "cluster_count": 3, "cluster_speeds": [[0.925, 0.85, 0.925, 1.0, 0.8325, 0.765, 0.8325, 0.9, 0.4625, 0.425, 0.4625, 0.5, 0.30525, 0.2805, 0.30525, 0.33, 0.37, 0.34, 0.37, 0.4, 0.555, 0.51, 0.555, 0.6, 0.6475, 0.595, 0.6475, 0.7, 0.37, 0.34, 0.37, 0.4, 0.30525, 0.2805, 0.30525, 0.33, 0.4625, 0.425, 0.4625, 0.5, 0.6475, 0.595, 0.6475, 0.7, 0.74, 0.68, 0.74, 0.8, 0.6475, 0.595, 0.6475, 0.7, 0.4625, 0.425, 0.4625, 0.5, 0.555, 0.51, 0.555, 0.6, 0.6475, 0.595, 0.6475, 0.7, 0.8325, 0.765, 0.8325, 0.9, 0.925, 0.85, 0.925, 1.0, 1.0], [0.7400000000000001, 0.68, 0.7400000000000001, 0.8, 0.666, 0.6120000000000001, 0.666, 0.7200000000000001, 0.37000000000000005, 0.34, 0.37000000000000005, 0.4, 0.24420000000000003, 0.22440000000000004, 0.24420000000000003, 0.264, 0.296, 0.272, 0.296, 0.32000000000000006, 0.44400000000000006, 0.40800000000000003, 0.44400000000000006, 0.48, 0.6475, 0.595, 0.6475, 0.7, 0.37, 0.34, 0.37, 0.4, 0.30525, 0.2805, 0.30525, 0.33, 0.4625, 0.425, 0.4625, 0.5, 0.6475, 0.595, 0.6475, 0.7, 0.74, 0.68, 0.74, 0.8, 0.518, 0.476, 0.518, 0.5599999999999999, 0.37000000000000005, 0.34, 0.37000000000000005, 0.4, 0.44400000000000006, 0.40800000000000003, 0.44400000000000006, 0.48, 0.518, 0.476, 0.518, 0.5599999999999999, 0.666, 0.6120000000000001, 0.666, 0.7200000000000001, 0.7400000000000001, 0.68, 0.7400000000000001, 0.8, 0.8], [0.87875, 0.8075, 0.87875, 0.95, 0.790875, 0.72675, 0.790875, 0.855, 0.439375, 0.40375, 0.439375, 0.475, 0.2899875, 0.266475, 0.2899875, 0.3135, 0.3515, 0.323, 0.3515, 0.38, 0.52725, 0.4845, 0.52725, 0.57, 0.6475, 0.595, 0.6475, 0.7, 0.37, 0.34, 0.37, 0.4, 0.30525, 0.2805, 0.30525, 0.33, 0.4625, 0.425, 0.4625, 0.5, 0.6475, 0.595, 0.6475, 0.7, 0.74, 0.68, 0.74, 0.8, 0.6151249999999999, 0.5652499999999999, 0.6151249999999999, 0.6649999999999999, 0.439375, 0.40375, 0.439375, 0.475, 0.52725, 0.4845, 0.52725, 0.57, 0.6151249999999999, 0.5652499999999999, 0.6151249999999999, 0.6649999999999999, 0.790875, 0.72675, 0.790875, 0.855, 0.87875, 0.8075, 0.87875, 0.95, 0.95]], "clusters": [[-1, 2, 2, 2, 2, 2, 2, 2, 2, 2, 2, 2, 2, 2, 2, 2, 2, 2, 2, 2, 2, 2, 2, 2, 2, 2, 2, 2, 2, 2, 2, 2], [1, -1, 1, 1, 1, 1, 1, 1, 1, 1, 1, 1, 1, 1, 1, 1, 1, 1, 1, 1, 1, 1, 1, 1, 1, 1, 1, 1, 1, 1, 1, 1], [1, 1, -1, 1, 1, 1, 1, 1, 1, 1, 1, 1, 1, 1, 1, 1, 1, 1, 1, 1, 1, 1, 1, 1, 1, 1, 1, 1, 1, 1, 1, 1], [0, 0, 0, -1, 0, 0, 0, 0, 0, 0, 0, 0, 0, 0, 0, 0, 0, 0, 0, 0, 0, 0, 0, 0, 0, 0, 0, 0, 0, 0, 0, 0], [2, 2, 2, 2, -1, 2, 2, 2, 2, 2, 2, 2, 2, 2, 2, 2, 2, 2, 2, 2, 2, 2, 2, 2, 2, 2, 2, 2, 2, 2, 2, 2], [0, 0, 0, 0, 0, -1, 0, 0, 0, 0, 0, 0, 0, 0, 0, 0, 0, 0, 0, 0, 0, 0, 0, 0, 0, 0, 0, 0, 0, 0, 0, 0], [0, 0, 0, 0, 0, 0, -1, 0, 0, 0, 0, 0, 0, 0, 0, 0, 0, 0, 0, 0, 0, 0, 0, 0, 0, 0, 0, 0, 0, 0, 0, 0], [0, 0, 0, 0, 0, 0, 0, -1, 0, 0, 0, 0, 0, 0, 0, 0, 0, 0, 0, 0, 0, 0, 0, 0, 0, 0, 0, 0, 0, 0, 0, 0], [0, 0, 0, 0, 0, 0, 0, 0, -1, 0, 0, 0, 0, 0, 0, 0, 0, 0, 0, 0, 0, 0, 0, 0, 0, 0, 0, 0, 0, 0, 0, 0], [0, 0, 0, 0, 0, 0, 0, 0, 0, -1, 0, 0, 0, 0, 0, 0, 0, 0, 0, 0, 0, 0, 0, 0, 0, 0, 0, 0, 0, 0, 0, 0], [0, 0, 0, 0, 0, 0, 0, 0, 0, 0, -1, 0, 0, 0, 0, 0, 0, 0, 0, 0, 0, 0, 0, 0, 0, 0, 0, 0, 0, 0, 0, 0], [2, 2, 2, 2, 2, 2, 2, 2, 2, 2, 2, -1, 2, 2, 2, 2, 2, 2, 2, 2, 2, 2, 2, 2, 2, 2, 2, 2, 2, 2, 2, 2], [0, 0, 0, 0, 0, 0, 0, 0, 0, 0, 0, 0, -1, 0, 0, 0, 0, 0, 0, 0, 0, 0, 0, 0, 0, 0, 0, 0, 0, 0, 0, 0], [0, 0, 0, 0, 0, 0, 0, 0, 0, 0, 0, 0, 0, -1, 0, 0, 0, 0, 0, 0, 0, 0, 0, 0, 0, 0, 0, 0, 0, 0, 0, 0], [0, 0, 0, 0, 0, 0, 0, 0, 0, 0, 0, 0, 0, 0, -1, 0, 0, 0, 0, 0, 0, 0, 0, 0, 0, 0, 0, 0, 0, 0, 0, 0], [0, 0, 0, 0, 0, 0, 0, 0, 0, 0, 0, 0, 0, 0, 0, -1, 0, 0, 0, 0, 0, 0, 0, 0, 0, 0, 0, 0, 0, 0, 0, 0], [2, 2, 2, 2, 2, 2, 2, 2, 2, 2, 2, 2, 2, 2, 2, 2, -1, 2, 2, 2, 2, 2, 2, 2, 2, 2, 2, 2, 2, 2, 2, 2], [0, 0, 0, 0, 0, 0, 0, 0, 0, 0, 0, 0, 0, 0, 0, 0, 0, -1, 0, 0, 0, 0, 0, 0, 0, 0, 0, 0, 0, 0, 0, 0], [0, 0, 0, 0, 0, 0, 0, 0, 0, 0, 0, 0, 0, 0, 0, 0, 0, 0, -1, 0, 0, 0, 0, 0, 0, 0, 0, 0, 0, 0, 0, 0], [2, 2, 2, 2, 2, 2, 2, 2, 2, 2, 2, 2, 2, 2, 2, 2, 2, 2, 2, -1, 2, 2, 2, 2, 2, 2, 2, 2, 2, 2, 2, 2], [0, 0, 0, 0, 0, 0, 0, 0, 0, 0, 0, 0, 0, 0, 0, 0, 0, 0, 0, 0, -1, 0, 0, 0, 0, 0, 0, 0, 0, 0, 0, 0], [2, 2, 2, 2, 2, 2, 2, 2, 2, 2, 2, 2, 2, 2, 2, 2, 2, 2, 2, 2, 2, -1, 2, 2, 2, 2, 2, 2, 2, 2, 2, 2], [0, 0, 0, 0, 0, 0, 0, 0, 0, 0, 0, 0, 0, 0, 0, 0, 0, 0, 0, 0, 0, 0, -1, 0, 0, 0, 0, 0, 0, 0, 0, 0], [0, 0, 0, 0, 0, 0, 0, 0, 0, 0, 0, 0, 0, 0, 0, 0, 0, 0, 0, 0, 0, 0, 0, -1, 0, 0, 0, 0, 0, 0, 0, 0], [0, 0, 0, 0, 0, 0, 0, 0, 0, 0, 0, 0, 0, 0, 0, 0, 0, 0, 0, 0, 0, 0, 0, 0, -1, 0, 0, 0, 0, 0, 0, 0], [0, 0, 0, 0, 0, 0, 0, 0, 0, 0, 0, 0, 0, 0, 0, 0, 0, 0, 0, 0, 0, 0, 0, 0, 0, -1, 0, 0, 0, 0, 0, 0], [1, 1, 1, 1, 1, 1, 1, 1, 1, 1, 1, 1, 1, 1, 1, 1, 1, 1, 1, 1, 1, 1, 1, 1, 1, 1, -1, 1, 1, 1, 1, 1], [0, 0, 0, 0, 0, 0, 0, 0, 0, 0, 0, 0, 0, 0, 0, 0, 0, 0, 0, 0, 0, 0, 0, 0, 0, 0, 0, -1, 0, 0, 0, 0], [0, 0, 0, 0, 0, 0, 0, 0, 0, 0, 0, 0, 0, 0, 0, 0, 0, 0, 0, 0, 0, 0, 0, 0, 0, 0, 0, 0, -1, 0, 0, 0], [0, 0, 0, 0, 0, 0, 0, 0, 0, 0, 0, 0, 0, 0, 0, 0, 0, 0, 0, 0, 0, 0, 0, 0, 0, 0, 0, 0, 0, -1, 0, 0], [0, 0, 0, 0, 0, 0, 0, 0, 0, 0, 0, 0, 0, 0, 0, 0, 0, 0, 0, 0, 0, 0, 0, 0, 0, 0, 0, 0, 0, 0, -1, 0], [2, 2, 2, 2, 2, 2, 2, 2, 2, 2, 2, 2, 2, 2, 2, 2, 2, 2, 2, 2, 2, 2, 2, 2, 2, 2, 2, 2, 2, 2, 2, -1]], "speed_zone_count": 73, "speed_zones": [[0.0, 15.0], [15.0, 30.0], [30.0, 45.0], [45.0, 60.0], [60.0, 75.0], [75.0, 90.0], [90.0, 105.0], [105.0, 120.0], [120.0, 135.0], [135.0, 150.0], [150.0, 165.0], [165.0, 180.0], [180.0, 195.0], [195.0, 210.0], [210.0, 225.0], [225.0, 240.0], [240.0, 255.0], [255.0, 270.0], [270.0, 285.0], [285.0, 300.0], [300.0, 315.0], [315.0, 330.0], [330.0, 345.0], [345.0, 360.0], [360.0, 375.0], [375.0, 390.0], [390.0, 405.0], [405.0, 420.0], [420.0, 435.0], [435.0, 450.0], [450.0, 465.0], [465.0, 480.0], [480.0, 495.0], [495.0, 510.0], [510.0, 525.0], [525.0, 540.0], [540.0, 555.0], [555.0, 570.0], [570.0, 585.0], [585.0, 600.0], [600.0, 615.0], [615.0, 630.0], [630.0, 645.0], [645.0, 660.0], [660.0, 675.0], [675.0, 690.0], [690.0, 705.0], [705.0, 720.0], [720.0, 735.0], [735.0, 750.0], [750.0, 765.0], [765.0, 780.0], [780.0, 795.0], [795.0, 810.0], [810.0, 825.0], [825.0, 840.0], [840.0, 855.0], [855.0, 870.0], [870.0, 885.0], [885.0, 900.0], [900.0, 915.0], [915.0, 930.0], [930.0, 945.0], [945.0, 960.0], [960.0, 975.0], [975.0, 990.0], [990.0, 1005.0], [1005.0, 1020.0], [1020.0, 1035.0], [1035.0, 1050.0], [1050.0, 1065.0], [1065.0, 1080.0], [1080.0, 5000.0]], "distances": [[0.0, 82.47, 53.94, 74.86, 52.38, 79.49, 64.61, 70.8, 73.7, 68.49, 63.74, 96.6, 72.61, 58.9, 70.17, 70.78, 97.51, 70.12, 69.24, 96.41, 79.37, 43.14, 82.33, 84.46, 73.93, 65.23, 50.76, 61.01, 80.03, 71.85, 69.81, 0.0], [0.0, 0.0, 37.0, 18.61, 58.77, 23.71, 25.43, 19.28, 35.9, 21.03, 26.13, 22.74, 28.99, 29.77, 26.0, 39.02, 15.44, 33.08, 16.57, 16.69, 25.54, 49.38, 23.1, 23.46, 19.35, 25.23, 42.92, 31.61, 26.02, 38.46, 16.58, 82.47], [0.0, 37.0, 0.0, 22.69, 22.9, 25.89, 12.38, 19.36, 20.65, 17.03, 11.52, 44.11, 18.68, 7.23, 16.55, 18.84, 49.19, 16.48, 20.47, 46.19, 25.57, 13.02, 28.82, 30.93, 21.67, 12.85, 5.93, 7.23, 26.19, 19.65, 20.58, 53.94], [0.0, 18.61, 22.69, 0.0, 41.86, 7.41, 10.49, 4.2, 17.35, 6.39, 11.38, 21.79, 10.38, 16.23, 7.78, 20.41, 27.25, 14.52, 8.28, 23.62, 8.8, 35.7, 9.03, 10.88, 11.92, 9.93, 28.08, 15.78, 9.54, 19.84, 7.43, 74.86], [0.0, 58.77, 22.9, 41.86, 0.0, 41.73, 33.33, 39.76, 29.86, 37.8, 32.66, 60.47, 33.39, 29.63, 34.17, 25.71, 69.08, 29.05, 42.31, 64.96, 40.55, 16.26, 44.52, 46.3, 40.87, 33.54, 17.39, 27.17, 40.82, 26.89, 42.22, 52.38], [0.0, 23.71, 25.89, 7.41, 41.73, 0.0, 15.2, 11.02, 13.45, 12.57, 16.01, 18.9, 8.36, 20.69, 9.36, 17.37, 28.57, 12.7, 15.65, 23.63, 10.83, 38.45, 16.44, 5.04, 7.66, 14.55, 30.46, 18.66, 10.52, 16.47, 14.8, 79.49], [0.0, 25.43, 12.38, 10.49, 33.33, 15.2, 0.0, 6.98, 16.59, 4.68, 10.2, 32.22, 10.78, 5.76, 6.62, 17.54, 36.86, 11.94, 9.07, 33.82, 15.5, 25.38, 17.88, 19.99, 9.49, 9.0, 18.04, 6.17, 16.25, 17.61, 8.9, 64.61], [0.0, 19.28, 19.36, 4.2, 39.76, 11.02, 6.98, 0.0, 18.17, 9.23, 7.84, 25.8, 11.1, 12.53, 7.14, 20.52, 29.91, 14.44, 5.09, 26.87, 12.07, 32.35, 13.04, 14.98, 11.51, 6.54, 24.99, 12.88, 12.85, 20.19, 4.34, 70.8], [0.0, 35.9, 20.65, 17.35, 29.86, 13.45, 16.59, 18.17, 0.0, 17.86, 16.83, 31.12, 7.11, 19.3, 11.2, 4.21, 42.01, 4.77, 23.07, 36.95, 11.82, 30.72, 15.73, 17.14, 16.76, 16.14, 22.94, 15.08, 11.82, 10.61, 22.42, 73.7], [0.0, 21.03, 17.03, 6.39, 37.8, 12.57, 4.68, 9.23, 17.86, 0.0, 5.52, 28.13, 11.01, 10.15, 6.66, 19.76, 32.18, 13.73, 5.37, 29.24, 13.37, 30.01, 14.86, 16.88, 5.53, 4.32, 22.72, 10.74, 14.16, 19.56, 4.89, 68.49], [0.0, 26.13, 11.52, 11.38, 32.66, 16.01, 10.2, 7.84, 16.83, 5.52, 0.0, 33.11, 11.27, 4.87, 7.25, 17.57, 37.7, 12.12, 9.67, 34.7, 16.26, 24.51, 18.71, 20.83, 10.39, 9.84, 17.21, 5.5, 17.0, 17.7, 9.56, 63.74], [0.0, 22.74, 44.11, 21.79, 60.47, 18.9, 32.22, 25.8, 31.12, 28.13, 33.11, 0.0, 27.23, 37.99, 27.74, 35.31, 15.63, 31.45, 27.92, 9.37, 19.94, 56.97, 16.0, 14.18, 22.75, 31.64, 49.08, 36.93, 19.65, 34.23, 27.22, 96.6], [0.0, 28.99, 18.68, 10.38, 33.39, 8.36, 10.78, 11.1, 7.11, 11.01, 11.27, 27.23, 0.0, 14.98, 4.44, 10.06, 36.29, 4.48, 16.07, 31.72, 7.39, 30.67, 11.23, 13.16, 9.71, 10.2, 22.63, 11.73, 7.85, 9.47, 15.39, 72.61], [0.0, 29.77, 7.23, 16.23, 29.63, 20.69, 5.76, 12.53, 19.3, 10.15, 4.87, 37.99, 14.98, 0.0, 11.56, 19.01, 42.12, 14.55, 13.24, 39.38, 20.79, 19.98, 23.47, 25.59, 15.25, 6.36, 13.15, 4.52, 21.5, 19.43, 13.37, 58.9], [0.0, 26.0, 16.55, 7.78, 34.17, 9.36, 6.62, 7.14, 11.2, 6.66, 7.25, 27.74, 4.44, 11.56, 0.0, 13.38, 34.91, 7.3, 11.88, 30.94, 9.25, 29.25, 12.27, 14.39, 6.85, 6.0, 21.33, 9.32, 9.95, 13.06, 11.27, 70.17], [0.0, 39.02, 18.84, 20.41, 25.71, 17.37, 17.54, 20.52, 4.21, 19.76, 17.57, 35.31, 10.06, 19.01, 13.38, 0.0, 45.91, 6.08, 25.12, 40.97, 15.83, 27.65, 19.8, 21.28, 19.68, 17.21, 20.17, 14.52, 15.9, 11.92, 24.57, 70.78], [0.0, 15.44, 49.19, 27.25, 69.08, 28.57, 36.86, 29.91, 42.01, 32.18, 37.7, 15.63, 36.29, 42.12, 34.91, 45.91, 0.0, 40.77, 29.29, 6.28, 30.22, 62.1, 26.44, 25.5, 28.26, 36.45, 54.89, 42.75, 30.3, 45.03, 28.95, 97.51], [0.0, 33.08, 16.48, 14.52, 29.05, 12.7, 11.94, 14.44, 4.77, 13.73, 12.12, 31.45, 4.48, 14.55, 7.3, 6.08, 40.77, 0.0, 19.07, 36.19, 11.51, 27.53, 15.47, 17.28, 13.74, 11.52, 19.54, 10.43, 11.83, 5.84, 18.5, 70.12], [0.0, 16.57, 20.47, 8.28, 42.31, 15.65, 9.07, 5.09, 23.07, 5.37, 9.67, 27.92, 16.07, 13.24, 11.88, 25.12, 29.29, 19.07, 0.0, 27.28, 16.89, 33.07, 17.26, 19.01, 8.01, 8.98, 26.37, 15.17, 17.66, 24.89, 9.43, 69.24], [0.0, 16.69, 46.19, 23.62, 64.96, 23.63, 33.82, 26.87, 36.95, 29.24, 34.7, 9.37, 31.72, 39.38, 30.94, 40.97, 6.28, 36.19, 27.28, 0.0, 25.15, 59.2, 21.22, 20.02, 24.66, 33.34, 51.68, 39.4, 25.13, 40.03, 26.79, 96.41], [0.0, 25.54, 25.57, 8.8, 40.55, 10.83, 15.5, 12.07, 11.82, 13.37, 16.26, 19.94, 7.39, 20.79, 9.25, 15.83, 30.22, 11.51, 16.89, 25.15, 0.0, 37.92, 17.83, 5.79, 8.89, 14.84, 29.89, 18.39, 11.26, 14.88, 16.05, 79.37], [0.0, 49.38, 13.02, 35.7, 16.26, 38.45, 25.38, 32.35, 30.72, 30.01, 24.51, 56.97, 30.67, 19.98, 29.25, 27.65, 62.1, 27.53, 33.07, 59.2, 37.92, 0.0, 41.41, 43.48, 34.67, 25.86, 8.04, 20.05, 38.47, 28.74, 33.28, 43.14], [0.0, 23.1, 28.82, 9.03, 44.52, 16.44, 17.88, 13.04, 15.73, 14.86, 18.71, 16.0, 11.23, 23.47, 12.27, 19.8, 26.44, 15.47, 17.26, 21.22, 17.83, 41.41, 0.0, 19.92, 9.56, 17.23, 33.42, 21.58, 18.57, 18.82, 16.41, 82.33], [0.0, 23.46, 30.93, 10.88, 46.3, 5.04, 19.99, 14.98, 17.14, 16.88, 20.83, 14.18, 13.16, 25.59, 14.39, 21.28, 25.5, 17.28, 19.01, 20.02, 5.79, 43.48, 19.92, 0.0, 11.49, 19.35, 35.48, 23.7, 5.48, 20.26, 18.16, 84.46], [0.0, 19.35, 21.67, 11.92, 40.87, 7.66, 9.49, 11.51, 16.76, 5.53, 10.39, 22.75, 9.71, 15.25, 6.85, 19.68, 28.26, 13.74, 8.01, 24.66, 8.89, 34.67, 9.56, 11.49, 0.0, 8.93, 27.04, 14.75, 9.66, 19.16, 7.17, 73.93], [0.0, 25.23, 12.85, 9.93, 33.54, 14.55, 9.0, 6.54, 16.14, 4.32, 9.84, 31.64, 10.2, 6.36, 6.0, 17.21, 36.45, 11.52, 8.98, 33.34, 14.84, 25.86, 17.23, 19.35, 8.93, 0.0, 18.45, 6.42, 15.6, 17.24, 8.76, 65.23], [0.0, 42.92, 5.93, 28.08, 17.39, 30.46, 18.04, 24.99, 22.94, 22.72, 17.21, 49.08, 22.63, 13.15, 21.33, 20.17, 54.89, 19.54, 26.37, 51.68, 29.89, 8.04, 33.42, 35.48, 27.04, 18.45, 0.0, 12.3, 30.43, 21.19, 26.46, 50.76], [0.0, 31.61, 7.23, 15.78, 27.17, 18.66, 6.17, 12.88, 15.08, 10.74, 5.5, 36.93, 11.73, 4.52, 9.32, 14.52, 42.75, 10.43, 15.17, 39.4, 18.39, 20.05, 21.58, 23.7, 14.75, 6.42, 12.3, 0.0, 19.03, 14.98, 15.05, 61.01], [0.0, 26.02, 26.19, 9.54, 40.82, 10.52, 16.25, 12.85, 11.82, 14.16, 17.0, 19.65, 7.85, 21.5, 9.95, 15.9, 30.3, 11.83, 17.66, 25.13, 11.26, 38.47, 18.57, 5.48, 9.66, 15.6, 30.43, 19.03, 0.0, 14.91, 16.82, 80.03], [0.0, 38.46, 19.65, 19.84, 26.89, 16.47, 17.61, 20.19, 10.61, 19.56, 17.7, 34.23, 9.47, 19.43, 13.06, 11.92, 45.03, 5.84, 24.89, 40.03, 14.88, 28.74, 18.82, 20.26, 19.16, 17.24, 21.19, 14.98, 14.91, 0.0, 24.31, 71.85], [0.0, 16.58, 20.58, 7.43, 42.22, 14.8, 8.9, 4.34, 22.42, 4.89, 9.56, 27.22, 15.39, 13.37, 11.27, 24.57, 28.95, 18.5, 9.43, 26.79, 16.05, 33.28, 16.41, 18.16, 7.17, 8.76, 26.46, 15.05, 16.82, 24.31, 0.0, 69.81], [0.0, 0.0, 0.0, 0.0, 0.0, 0.0, 0.0, 0.0, 0.0, 0.0, 0.0, 0.0, 0.0, 0.0, 0.0, 0.0, 0.0, 0.0, 0.0, 0.0, 0.0, 0.0, 0.0, 0.0, 0.0, 0.0, 0.0, 0.0, 0.0, 0.0, 0.0, 0.0]], "time_windows": [[0.0, 5000.0], [0.0, 134.0], [0.0, 192.0], [0.0, 251.0], [0.0, 359.0], [0.0, 431.0], [0.0, 453.0], [0.0, 466.0], [0.0, 516.0], [0.0, 573.0], [0.0, 587.0], [0.0, 654.0], [0.0, 696.0], [0.0, 717.0], [0.0, 733.0], [0.0, 751.0], [0.0, 820.0], [0.0, 904.0], [0.0, 938.0], [0.0, 981.0], [0.0, 1015.0], [0.0, 1060.0], [0.0, 1106.0], [0.0, 1126.0], [0.0, 1138.0], [0.0, 1147.0], [0.0, 1165.0], [0.0, 1177.0], [0.0, 1196.0], [0.0, 1211.0], [0.0, 1236.0], [0.0, 5000.0]], "start_depot": 0, "end_depot": 31, "horizon": [0.0, 5000.0]}