{"digraph": {"vertex_count": 32, "arc_count": 930, "arcs": [[0, 1, 1, 1, 1, 1, 1, 1, 1, 1, 1, 1, 1, 1, 1, 1, 1, 1, 1, 1, 1, 1, 1, 1, 1, 1, 1, 1, 1, 1, 1, 1], [0, 0, 1, 1, 1, 1, 1, 1, 1, 1, 1, 1, 1, 1, 1, 1, 1, 1, 1, 1, 1, 1, 1, 1, 1, 1, 1, 1, 1, 1, 1, 1], [0, 1, 0, 1, 1, 1, 1, 1, 1, 1, 1, 1, 1, 1, 1, 1, 1, 1, 1, 1, 1, 1, 1, 1, 1, 1, 1, 1, 1, 1, 1, 1], [0, 1, 1, 0, 1, 1, 1, 1, 1, 1, 1, 1, 1, 1, 1, 1, 1, 1, 1, 1, 1, 1, 1, 1, 1, 1, 1, 1, 1, 1, 1, 1], [0, 1, 1, 1, 0, 1, 1, 1, 1, 1, 1, 1, 1, 1, 1, 1, 1, 1, 1, 1, 1, 1, 1, 1, 1, 1, 1, 1, 1, 1, 1, 1], [0, 1, 1, 1, 1, 0, 1, 1, 1, 1, 1, 1, 1, 1, 1, 1, 1, 1, 1, 1, 1, 1, 1, 1, 1, 1, 1, 1, 1, 1, 1, 1], [0, 1, 1, 1, 1, 1, 0, 1, 1, 1, 1, 1, 1, 1, 1, 1, 1, 1, 1, 1, 1, 1, 1, 1, 1, 1, 1, 1, 1, 1, 1, 1], [0, 1, 1, 1, 1, 1, 1, 0, 1, 1, 1, 1, 1, 1, 1, 1, 1, 1, 1, 1, 1, 1, 1, 1, 1, 1, 1, 1, 1, 1, 1, 1], [0, 1, 1, 1, 1, 1, 1, 1, 0, 1, 1, 1, 1, 1, 1, 1, 1, 1, 1, 1, 1, 1, 1, 1, 1, 1, 1, 1, 1, 1, 1, 1], [0, 1, 1, 1, 1, 1, 1, 1, 1, 0, 1, 1, 1, 1, 1, 1, 1, 1, 1, 1, 1, 1, 1, 1, 1, 1, 1, 1, 1, 1, 1, 1], [0, 1, 1, 1, 1, 1, 1, 1, 1, 1, 0, 1, 1, 1, 1, 1, 1, 1, 1, 1, 1, 1, 1, 1, 1, 1, 1, 1, 1, 1, 1, 1], [0, 1, 1, 1, 1, 1, 1, 1, 1, 1, 1, 0, 1, 1, 1, 1, 1, 1, 1, 1, 1, 1, 1, 1, 1, 1, 1, 1, 1, 1, 1, 1], [0, 1, 1, 1, 1, 1, 1, 1, 1, 1, 1, 1, 0, 1, 1, 1, 1, 1, 1, 1, 1, 1, 1, 1, 1, 1, 1, 1, 1, 1, 1, 1], [0, 1, 1, 1, 1, 1, 1, 1, 1, 1, 1, 1, 1, 0, 1, 1, 1, 1, 1, 1, 1, 1, 1, 1, 1, 1, 1, 1, 1, 1, 1, 1], [0, 1, 1, 1, 1, 1, 1, 1, 1, 1, 1, 1, 1, 1, 0, 1, 1, 1, 1, 1, 1, 1, 1, 1, 1, 1, 1, 1, 1, 1, 1, 1], [0, 1, 1, 1, 1, 1, 1, 1, 1, 1, 1, 1, 1, 1, 1, 0, 1, 1, 1, 1, 1, 1, 1, 1, 1, 1, 1, 1, 1, 1, 1, 1], [0, 1, 1, 1, 1, 1, 1, 1, 1, 1, 1, 1, 1, 1, 1, 1, 0, 1, 1, 1, 1, 1, 1, 1, 1, 1, 1, 1, 1, 1, 1, 1], [0, 1, 1, 1, 1, 1, 1, 1, 1, 1, 1, 1, 1, 1, 1, 1, 1, 0, 1, 1, 1, 1, 1, 1, 1, 1, 1, 1, 1, 1, 1, 1], [0, 1, 1, 1, 1, 1, 1, 1, 1, 1, 1, 1, 1, 1, 1, 1, 1, 1, 0, 1, 1, 1, 1, 1, 1, 1, 1, 1, 1, 1, 1, 1], [0, 1, 1, 1, 1, 1, 1, 1, 1, 1, 1, 1, 1, 1, 1, 1, 1, 1, 1, 0, 1, 1, 1, 1, 1, 1, 1, 1, 1, 1, 1, 1], [0, 1, 1, 1, 1, 1, 1, 1, 1, 1, 1, 1, 1, 1, 1, 1, 1, 1, 1, 1, 0, 1, 1, 1, 1, 1, 1, 1, 1, 1, 1, 1], [0, 1, 1, 1, 1, 1, 1, 1, 1, 1, 1, 1, 1, 1, 1, 1, 1, 1, 1, 1, 1, 0, 1, 1, 1, 1, 1, 1, 1, 1, 1, 1], [0, 1, 1, 1, 1, 1, 1, 1, 1, 1, 1, 1, 1, 1, 1, 1, 1, 1, 1, 1, 1, 1, 0, 1, 1, 1, 1, 1, 1, 1, 1, 1], [0, 1, 1, 1, 1, 1, 1, 1, 1, 1, 1, 1, 1, 1, 1, 1, 1, 1, 1, 1, 1, 1, 1, 0, 1, 1, 1, 1, 1, 1, 1, 1], [0, 1, 1, 1, 1, 1, 1, 1, 1, 1, 1, 1, 1, 1, 1, 1, 1, 1, 1, 1, 1, 1, 1, 1, 0, 1, 1, 1, 1, 1, 1, 1], [0, 1, 1, 1, 1, 1, 1, 1, 1, 1, 1, 1, 1, 1, 1, 1, 1, 1, 1, 1, 1, 1, 1, 1, 1, 0, 1, 1, 1, 1, 1, 1], [0, 1, 1, 1, 1, 1, 1, 1, 1, 1, 1, 1, 1, 1, 1, 1, 1, 1, 1, 1, 1, 1, 1, 1, 1, 1, 0, 1, 1, 1, 1, 1], [0, 1, 1, 1, 1, 1, 1, 1, 1, 1, 1, 1, 1, 1, 1, 1, 1, 1, 1, 1, 1, 1, 1, 1, 1, 1, 1, 0, 1, 1, 1, 1], [0, 1, 1, 1, 1, 1, 1, 1, 1, 1, 1, 1, 1, 1, 1, 1, 1, 1, 1, 1, 1, 1, 1, 1, 1, 1, 1, 1, 0, 1, 1, 1], [0, 1, 1, 1, 1, 1, 1, 1, 1, 1, 1, 1, 1, 1, 1, 1, 1, 1, 1, 1, 1, 1, 1, 1, 1, 1, 1, 1, 1, 0, 1, 1], [0, 1, 1, 1, 1, 1, 1, 1, 1, 1, 1, 1, 1, 1, 1, 1, 1, 1, 1, 1, 1, 1, 1, 1, 1, 1, 1, 1, 1, 1, 0, 1], [0, 0, 0, 0, 0, 0, 0, 0, 0, 0, 0, 0, 0, 0, 0, 0, 0, 0, 0, 0, 0, 0, 0, 0, 0, 0, 0, 0, 0, 0, 0, 0]]}, "cluster_count": 3, "cluster_speeds": [[0.925, 0.85, 0.925, 1.0, 0.8325, 0.765, 0.8325, 0.9, 0.4625, 0.425, 0.4625, 0.5, 0.30525, 0.2805, 0.30525, 0.33, 0.37, 0.34, 0.37, 0.4, 0.555, 0.51, 0.555, 0.6, 0.6475, 0.595, 0.6475, 0.7, 0.37, 0.34, 0.37, 0.4, 0.30525, 0.2805, 0.30525, 0.33, 0.4625, 0.425, 0.4625, 0.5, 0.6475, 0.595, 0.6475, 0.7, 0.74, 0.68, 0.74, 0.8, 0.6475, 0.595, 0.6475, 0.7, 0.4625, 0.425, 0.4625, 0.5, 0.555, 0.51, 0.555, 0.6, 0.6475, 0.595, 0.6475, 0.7, 0.8325, 0.765, 0.8325, 0.9, 0.925, 0.85, 0.925, 1.0, 1.0], [0.7400000000000001, 0.68, 0.7400000000000001, 0.8, 0.666, 0.6120000000000001, 0.666, 0.7200000000000001, 0.37000000000000005, 0.34, 0.37000000000000005, 0.4, 0.24420000000000003, 0.22440000000000004, 0.24420000000000003, 0.264, 0.296, 0.272, 0.296, 0.32000000000000006, 0.44400000000000006, 0.40800000000000003, 0.44400000000000006, 0.48, 0.6475, 0.595, 0.6475, 0.7, 0.37, 0.34, 0.37, 0.4, 0.30525, 0.2805, 0.30525, 0.33, 0.4625, 0.425, 0.4625, 0.5, 0.6475, 0.595, 0.6475, 0.7, 0.74, 0.68, 0.74, 0.8, 0.518, 0.476, 0.518, 0.5599999999999999, 0.37000000000000005, 0.34, 0.37000000000000005, 0.4, 0.44400000000000006, 0.40800000000000003, 0.44400000000000006, 0.48, 0.518, 0.476, 0.518, 0.5599999999999999, 0.666, 0.6120000000000001, 0.666, 0.7200000000000001, 0.7400000000000001, 0.68, 0.7400000000000001, 0.8, 0.8], [0.87875, 0.8075, 0.87875, 0.95, 0.790875, 0.72675, 0.790875, 0.855, 0.439375, 0.40375, 0.439375, 0.475, 0.2899875, 0.266475, 0.2899875, 0.3135, 0.3515, 0.323, 0.3515, 0.38, 0.52725, 0.4845, 0.52725, 0.57, 0.6475, 0.595, 0.6475, 0.7, 0.37, 0.34, 0.37, 0.4, 0.30525, 0.2805, 0.30525, 0.33, 0.4625, 0.425, 0.4625, 0.5, 0.6475, 0.595, 0.6475, 0.7, 0.74, 0.68, 0.74, 0.8, 0.6151249999999999, 0.5652499999999999, 0.6151249999999999, 0.6649999999999999, 0.439375, 0.40375, 0.439375, 0.475, 0.52725, 0.4845, 0.52725, 0.57, 0.6151249999999999, 0.5652499999999999, 0.6151249999999999, 0.6649999999999999, 0.790875, 0.72675, 0.790875, 0.855, 0.87875, 0.8075, 0.87875, 0.95, 0.95]], "clusters": [[-1, 2, 2, 2, 2, 2, 2, 2, 2, 2, 2, 2, 2, 2, 2, 2, 2, 2, 2, 2, 2, 2, 2, 2, 2, 2, 2, 2, 2, 2, 2, 2], [0, -1, 0, 0, 0, 0, 0, 0, 0, 0, 0, 0, 0, 0, 0, 0, 0, 0, 0, 0, 0, 0, 0, 0, 0, 0, 0, 0, 0, 0, 0, 0], [0, 0, -1, 0, 0, 0, 0, 0, 0, 0, 0, 0, 0, 0, 0, 0, 0, 0, 0, 0, 0, 0, 0, 0, 0, 0, 0, 0, 0, 0, 0, 0], [1, 1, 1, -1, 1, 1, 1, 1, 1, 1, 1, 1, 1, 1, 1, 1, 1, 1, 1, 1, 1, 1, 1, 1, 1, 1, 1, 1, 1, 1, 1, 1], [0, 0, 0, 0, -1, 0, 0, 0, 0, 0, 0, 0, 0, 0, 0, 0, 0, 0, 0, 0, 0, 0, 0, 0, 0, 0, 0, 0, 0, 0, 0, 0], [0, 0, 0, 0, 0, -1, 0, 0, 0, 0, 0, 0, 0, 0, 0, 0, 0, 0, 0, 0, 0, 0, 0, 0, 0, 0, 0, 0, 0, 0, 0, 0], [1, 1, 1, 1, 1, 1, -1, 1, 1, 1, 1, 1, 1, 1, 1, 1, 1, 1, 1, 1, 1, 1, 1, 1, 1, 1, 1, 1, 1, 1, 1, 1], [0, 0, 0, 0, 0, 0, 0, -1, 0, 0, 0, 0, 0, 0, 0, 0, 0, 0, 0, 0, 0, 0, 0, 0, 0, 0, 0, 0, 0, 0, 0, 0], [0, 0, 0, 0, 0, 0, 0, 0, -1, 0, 0, 0, 0, 0, 0, 0, 0, 0, 0, 0, 0, 0, 0, 0, 0, 0, 0, 0, 0, 0, 0, 0], [0, 0, 0, 0, 0, 0, 0, 0, 0, -1, 0, 0, 0, 0, 0, 0, 0, 0, 0, 0, 0, 0, 0, 0, 0, 0, 0, 0, 0, 0, 0, 0], [1, 1, 1, 1, 1, 1, 1, 1, 1, 1, -1, 1, 1, 1, 1, 1, 1, 1, 1, 1, 1, 1, 1, 1, 1, 1, 1, 1, 1, 1, 1, 1], [0, 0, 0, 0, 0, 0, 0, 0, 0, 0, 0, -1, 0, 0, 0, 0, 0, 0, 0, 0, 0, 0, 0, 0, 0, 0, 0, 0, 0, 0, 0, 0], [0, 0, 0, 0, 0, 0, 0, 0, 0, 0, 0, 0, -1, 0, 0, 0, 0, 0, 0, 0, 0, 0, 0, 0, 0, 0, 0, 0, 0, 0, 0, 0], [1, 1, 1, 1, 1, 1, 1, 1, 1, 1, 1, 1, 1, -1, 1, 1, 1, 1, 1, 1, 1, 1, 1, 1, 1, 1, 1, 1, 1, 1, 1, 1], [0, 0, 0, 0, 0, 0, 0, 0, 0, 0, 0, 0, 0, 0, -1, 0, 0, 0, 0, 0, 0, 0, 0, 0, 0, 0, 0, 0, 0, 0, 0, 0], [0, 0, 0, 0, 0, 0, 0, 0, 0, 0, 0, 0, 0, 0, 0, -1, 0, 0, 0, 0, 0, 0, 0, 0, 0, 0, 0, 0, 0, 0, 0, 0], [1, 1, 1, 1, 1, 1, 1, 1, 1, 1, 1, 1, 1, 1, 1, 1, -1, 1, 1, 1, 1, 1, 1, 1, 1, 1, 1, 1, 1, 1, 1, 1], [0, 0, 0, 0, 0, 0, 0, 0, 0, 0, 0, 0, 0, 0, 0, 0, 0, -1, 0, 0, 0, 0, 0, 0, 0, 0, 0, 0, 0, 0, 0, 0], [1, 1, 1, 1, 1, 1, 1, 1, 1, 1, 1, 1, 1, 1, 1, 1, 1, 1, -1, 1, 1, 1, 1, 1, 1, 1, 1, 1, 1, 1, 1, 1], [0, 0, 0, 0, 0, 0, 0, 0, 0, 0, 0, 0, 0, 0, 0, 0, 0, 0, 0, -1, 0, 0, 0, 0, 0, 0, 0, 0, 0, 0, 0, 0], [1, 1, 1, 1, 1, 1, 1, 1, 1, 1, 1, 1, 1, 1, 1, 1, 1, 1, 1, 1, -1, 1, 1, 1, 1, 1, 1, 1, 1, 1, 1, 1], [0, 0, 0, 0, 0, 0, 0, 0, 0, 0, 0, 0, 0, 0, 0, 0, 0, 0, 0, 0, 0, -1, 0, 0, 0, 0, 0, 0, 0, 0, 0, 0], [0, 0, 0, 0, 0, 0, 0, 0, 0, 0, 0, 0, 0, 0, 0, 0, 0, 0, 0, 0, 0, 0, -1, 0, 0, 0, 0, 0, 0, 0, 0, 0], [1, 1, 1, 1, 1, 1, 1, 1, 1, 1, 1, 1, 1, 1, 1, 1, 1, 1, 1, 1, 1, 1, 1, -1, 1, 1, 1, 1, 1, 1, 1, 1], [0, 0, 0, 0, 0, 0, 0, 0, 0, 0, 0, 0, 0, 0, 0, 0, 0, 0, 0, 0, 0, 0, 0, 0, -1, 0, 0, 0, 0, 0, 0, 0], [1, 1, 1, 1, 1, 1, 1, 1, 1, 1, 1, 1, 1, 1, 1, 1, 1, 1, 1, 1, 1, 1, 1, 1, 1, -1, 1, 1, 1, 1, 1, 1], [0, 0, 0, 0, 0, 0, 0, 0, 0, 0, 0, 0, 0, 0, 0, 0, 0, 0, 0, 0, 0, 0, 0, 0, 0, 0, -1, 0, 0, 0, 0, 0], [0, 0, 0, 0, 0, 0, 0, 0, 0, 0, 0, 0, 0, 0, 0, 0, 0, 0, 0, 0, 0, 0, 0, 0, 0, 0, 0, -1, 0, 0, 0, 0], [0, 0, 0, 0, 0, 0, 0, 0, 0, 0, 0, 0, 0, 0, 0, 0, 0, 0, 0, 0, 0, 0, 0, 0, 0, 0, 0, 0, -1, 0, 0, 0], [0, 0, 0, 0, 0, 0, 0, 0, 0, 0, 0, 0, 0, 0, 0, 0, 0, 0, 0, 0, 0, 0, 0, 0, 0, 0, 0, 0, 0, -1, 0, 0], [1, 1, 1, 1, 1, 1, 1, 1, 1, 1, 1, 1, 1, 1, 1, 1, 1, 1, 1, 1, 1, 1, 1, 1, 1, 1, 1, 1, 1, 1, -1, 1], [2, 2, 2, 2, 2, 2, 2, 2, 2, 2, 2, 2, 2, 2, 2, 2, 2, 2, 2, 2, 2, 2, 2, 2, 2, 2, 2, 2, 2, 2, 2, -1]], "speed_zone_count": 73, "speed_zones": [[0.0, 15.0], [15.0, 30.0], [30.0, 45.0], [45.0, 60.0], [60.0, 75.0], [75.0, 90.0], [90.0, 105.0], [105.0, 120.0], [120.0, 135.0], [135.0, 150.0], [150.0, 165.0], [165.0, 180.0], [180.0, 195.0], [195.0, 210.0], [210.0, 225.0], [225.0, 240.0], [240.0, 255.0], [255.0, 270.0], [270.0, 285.0], [285.0, 300.0], [300.0, 315.0], [315.0, 330.0], [330.0, 345.0], [345.0, 360.0], [360.0, 375.0], [375.0, 390.0], [390.0, 405.0], [405.0, 420.0], [420.0, 435.0], [435.0, 450.0], [450.0, 465.0], [465.0, 480.0], [480.0, 495.0], [495.0, 510.0], [510.0, 525.0], [525.0, 540.0], [540.0, 555.0], [555.0, 570.0], [570.0, 585.0], [585.0, 600.0], [600.0, 615.0], [615.0, 630.0], [630.0, 645.0], [645.0, 660.0], [660.0, 675.0], [675.0, 690.0], [690.0, 705.0], [705.0, 720.0], [720.0, 735.0], [735.0, 750.0], [750.0, 765.0], [765.0, 780.0], [780.0, 795.0], [795.0, 810.0], [810.0, 825.0], [825.0, 840.0], [840.0, 855.0], [855.0, 870.0], [870.0, 885.0], [885.0, 900.0], [900.0, 915.0], [915.0, 930.0], [930.0, 945.0], [945.0, 960.0], [960.0, 975.0], [975.0, 990.0], [990.0, 1005.0], [1005.0, 1020.0], [1020.0, 1035.0], [1035.0, 1050.0], [1050.0, 1065.0], [1065.0, 1080.0], [1080.0, 5000.0]], "distances": [[0.0, 63.3, 70.03, 63.69, 69.6, 64.53, 86.7, 59.47, 74.62, 68.31, 85.2, 70.82, 63.6, 55.16, 72.56, 65.72, 80.36, 71.08, 55.29, 69.26, 55.75, 80.72, 72.39, 90.63, 63.32, 63.64, 71.71, 71.96, 79.07, 73.26, 53.97, 0.0], [0.0, 0.0, 19.05, 17.05, 15.02, 7.45, 28.17, 10.98, 24.83, 12.19, 30.05, 16.61, 12.86, 8.22, 14.52, 13.51, 36.88, 7.89, 11.98, 14.27, 7.69, 26.32, 12.9, 37.28, 9.13, 16.99, 11.77, 24.63, 19.85, 14.86, 9.35, 63.3], [0.0, 19.05, 0.0, 22.81, 4.4, 11.69, 17.25, 12.4, 6.04, 7.08, 15.21, 11.22, 7.78, 23.22, 7.78, 6.03, 17.83, 17.58, 16.46, 5.1, 20.87, 10.71, 9.77, 21.3, 10.65, 22.65, 10.5, 5.64, 11.6, 8.28, 22.52, 70.03], [0.0, 17.05, 22.81, 0.0, 18.67, 11.3, 30.63, 14.68, 28.49, 15.84, 33.03, 20.22, 16.75, 8.88, 17.72, 17.37, 40.61, 9.15, 15.09, 17.92, 9.43, 29.52, 15.89, 40.32, 13.02, 17.67, 14.74, 28.41, 22.49, 17.96, 10.6, 63.69], [0.0, 15.02, 4.4, 18.67, 0.0, 7.92, 17.11, 10.42, 9.82, 9.78, 16.64, 9.74, 6.01, 20.06, 12.19, 10.43, 21.97, 13.19, 14.71, 9.48, 17.87, 12.33, 5.73, 23.45, 7.49, 18.52, 6.27, 10.0, 9.82, 4.81, 19.65, 69.6], [0.0, 7.45, 11.69, 11.3, 7.92, 0.0, 23.33, 6.04, 17.59, 5.22, 24.05, 9.57, 5.71, 12.33, 8.73, 6.07, 29.51, 9.22, 9.48, 7.2, 10.33, 19.96, 7.98, 31.09, 10.48, 11.13, 7.2, 17.21, 15.07, 9.31, 12.21, 64.53], [0.0, 28.17, 17.25, 30.63, 17.11, 23.33, 0.0, 27.42, 15.03, 18.68, 6.12, 15.9, 23.12, 35.35, 14.62, 20.98, 21.81, 21.73, 31.69, 17.48, 33.58, 8.09, 15.55, 11.71, 23.92, 30.54, 16.57, 18.02, 8.36, 14.02, 35.49, 86.7], [0.0, 10.98, 12.4, 14.68, 10.42, 6.04, 27.42, 0.0, 18.33, 8.85, 26.97, 11.87, 4.66, 11.55, 13.09, 6.7, 29.13, 15.11, 4.29, 9.96, 9.06, 22.55, 13.1, 33.52, 11.37, 14.51, 12.61, 16.95, 19.6, 13.8, 10.44, 59.47], [0.0, 24.83, 6.04, 28.49, 9.82, 17.59, 15.03, 18.33, 0.0, 12.65, 11.1, 8.29, 13.77, 29.27, 11.78, 12.07, 12.23, 22.32, 22.26, 10.57, 26.91, 7.07, 13.95, 16.05, 16.68, 28.34, 14.95, 11.69, 12.5, 11.96, 28.55, 74.62], [0.0, 12.19, 7.08, 15.84, 9.78, 5.22, 18.68, 8.85, 12.65, 0.0, 18.92, 4.43, 5.21, 17.51, 4.26, 9.62, 24.78, 10.8, 13.07, 9.64, 15.41, 14.76, 4.72, 25.9, 5.26, 15.69, 4.73, 12.72, 10.76, 4.97, 17.25, 68.31], [0.0, 30.05, 15.21, 33.03, 16.64, 24.05, 6.12, 26.97, 11.1, 18.92, 0.0, 15.11, 22.36, 36.38, 15.58, 20.26, 15.76, 24.74, 31.22, 17.22, 34.33, 4.5, 17.18, 7.29, 24.08, 32.92, 18.32, 14.11, 10.93, 15.2, 36.18, 85.2], [0.0, 16.61, 11.22, 20.22, 9.74, 9.57, 15.9, 11.87, 8.29, 4.43, 15.11, 0.0, 7.33, 21.7, 4.4, 5.2, 20.49, 14.34, 16.15, 9.6, 19.5, 10.75, 6.38, 21.84, 9.12, 20.07, 7.14, 8.75, 9.09, 4.93, 21.28, 70.82], [0.0, 12.86, 7.78, 16.75, 6.01, 5.71, 23.12, 4.66, 13.77, 5.21, 22.36, 7.33, 0.0, 15.62, 9.32, 11.36, 24.97, 14.43, 8.86, 5.68, 13.21, 17.92, 9.92, 28.86, 10.47, 16.58, 9.78, 12.64, 15.64, 10.05, 14.79, 63.6], [0.0, 8.22, 23.22, 8.88, 20.06, 12.33, 35.35, 11.55, 29.27, 17.51, 36.38, 21.7, 15.62, 0.0, 20.95, 17.19, 40.56, 16.11, 9.38, 19.38, 15.91, 32.27, 19.8, 43.41, 12.65, 8.79, 18.79, 28.26, 27.0, 21.45, 17.12, 55.16], [0.0, 14.52, 7.78, 17.72, 12.19, 8.73, 14.62, 13.09, 11.78, 4.26, 15.58, 4.4, 9.32, 20.95, 0.0, 7.4, 23.93, 10.58, 17.29, 12.89, 19.04, 11.81, 8.98, 22.78, 9.35, 17.6, 8.99, 12.86, 6.52, 9.23, 20.94, 72.56], [0.0, 13.51, 6.03, 17.37, 10.43, 6.07, 20.98, 6.7, 12.07, 9.62, 20.26, 5.2, 11.36, 17.19, 7.4, 0.0, 23.64, 13.85, 10.96, 11.13, 14.85, 15.85, 8.27, 26.85, 4.67, 17.2, 8.32, 11.29, 13.59, 8.13, 16.53, 65.72], [0.0, 36.88, 17.83, 40.61, 21.97, 29.51, 21.81, 29.13, 12.23, 24.78, 15.76, 20.49, 24.97, 40.56, 23.93, 23.64, 0.0, 34.5, 32.51, 22.72, 38.11, 14.93, 26.1, 14.87, 28.31, 40.46, 27.13, 12.36, 23.21, 24.04, 39.57, 80.36], [0.0, 7.89, 17.58, 9.15, 13.19, 9.22, 21.73, 15.11, 22.32, 10.8, 24.74, 14.34, 14.43, 16.11, 10.58, 13.85, 34.5, 0.0, 17.81, 12.53, 15.34, 21.72, 8.42, 32.01, 11.43, 9.1, 7.37, 23.09, 13.87, 10.53, 17.12, 71.08], [0.0, 11.98, 16.46, 15.09, 14.71, 9.48, 31.69, 4.29, 22.26, 13.07, 31.22, 16.15, 8.86, 9.38, 17.29, 10.96, 32.51, 17.81, 0.0, 14.25, 7.02, 26.78, 17.12, 37.69, 8.03, 14.93, 16.52, 20.61, 23.81, 17.98, 7.74, 55.29], [0.0, 14.27, 5.1, 17.92, 9.48, 7.2, 17.48, 9.96, 10.57, 9.64, 17.22, 9.6, 5.68, 19.38, 12.89, 11.13, 22.72, 12.53, 14.25, 0.0, 17.21, 12.95, 5.32, 24.08, 6.86, 17.77, 5.76, 10.73, 9.98, 4.67, 19.01, 69.26], [0.0, 7.69, 20.87, 9.43, 17.87, 10.33, 33.58, 9.06, 26.91, 15.41, 34.33, 19.5, 13.21, 15.91, 19.04, 14.85, 38.11, 15.34, 7.02, 17.21, 0.0, 30.15, 18.07, 41.29, 10.39, 9.3, 17.12, 25.83, 25.26, 19.59, 14.76, 55.75], [0.0, 26.32, 10.71, 29.52, 12.33, 19.96, 8.09, 22.55, 7.07, 14.76, 4.5, 10.75, 17.92, 32.27, 11.81, 15.85, 14.93, 21.72, 26.78, 12.95, 30.15, 0.0, 13.66, 11.14, 19.81, 29.4, 14.81, 10.11, 8.64, 11.56, 31.96, 80.72], [0.0, 12.9, 9.77, 15.89, 5.73, 7.98, 15.55, 13.1, 13.95, 4.72, 17.18, 6.38, 9.92, 19.8, 8.98, 8.27, 26.1, 8.42, 17.12, 5.32, 18.07, 13.66, 0.0, 24.44, 9.09, 15.78, 9.45, 14.99, 7.2, 9.69, 19.98, 72.39], [0.0, 37.28, 21.3, 40.32, 23.45, 31.09, 11.71, 33.52, 16.05, 25.9, 7.29, 21.84, 28.86, 43.41, 22.78, 26.85, 14.87, 32.01, 37.69, 24.08, 41.29, 11.14, 24.44, 0.0, 30.94, 40.2, 25.59, 18.67, 18.16, 22.43, 43.09, 90.63], [0.0, 9.13, 10.65, 13.02, 7.49, 10.48, 23.92, 11.37, 16.68, 5.26, 24.08, 9.12, 10.47, 12.65, 9.35, 4.67, 28.31, 11.43, 8.03, 6.86, 10.39, 19.81, 9.09, 30.94, 0.0, 12.85, 8.53, 15.95, 15.86, 10.01, 12.16, 63.32], [0.0, 16.99, 22.65, 17.67, 18.52, 11.13, 30.54, 14.51, 28.34, 15.69, 32.92, 20.07, 16.58, 8.79, 17.6, 17.2, 40.46, 9.1, 14.93, 17.77, 9.3, 29.4, 15.78, 40.2, 12.85, 0.0, 14.62, 28.26, 22.39, 17.84, 10.49, 63.64], [0.0, 11.77, 10.5, 14.74, 6.27, 7.2, 16.57, 12.61, 14.95, 4.73, 18.32, 7.14, 9.78, 18.79, 8.99, 8.32, 27.13, 7.37, 16.52, 5.76, 17.12, 14.81, 9.45, 25.59, 8.53, 14.62, 0.0, 15.85, 8.21, 9.7, 19.04, 71.71], [0.0, 24.63, 5.64, 28.41, 10.0, 17.21, 18.02, 16.95, 11.69, 12.72, 14.11, 8.75, 12.64, 28.26, 12.86, 11.29, 12.36, 23.09, 20.61, 10.73, 25.83, 10.11, 14.99, 18.67, 15.95, 28.26, 15.85, 0.0, 14.81, 13.2, 27.36, 71.96], [0.0, 19.85, 11.6, 22.49, 9.82, 15.07, 8.36, 19.6, 12.5, 10.76, 10.93, 9.09, 15.64, 27.0, 6.52, 13.59, 23.21, 13.87, 23.81, 9.98, 25.26, 8.64, 7.2, 18.16, 15.86, 22.39, 8.21, 14.81, 0.0, 5.85, 27.17, 79.07], [0.0, 14.86, 8.28, 17.96, 4.81, 9.31, 14.02, 13.8, 11.96, 4.97, 15.2, 4.93, 10.05, 21.45, 9.23, 8.13, 24.04, 10.53, 17.98, 4.67, 19.59, 11.56, 9.69, 22.43, 10.01, 17.84, 9.7, 13.2, 5.85, 0.0, 21.49, 73.26], [0.0, 9.35, 22.52, 10.6, 19.65, 12.21, 35.49, 10.44, 28.55, 17.25, 36.18, 21.28, 14.79, 17.12, 20.94, 16.53, 39.57, 17.12, 7.74, 19.01, 14.76, 31.96, 19.98, 43.09, 12.16, 10.49, 19.04, 27.36, 27.17, 21.49, 0.0, 53.97], [0.0, 0.0, 0.0, 0.0, 0.0, 0.0, 0.0, 0.0, 0.0, 0.0, 0.0, 0.0, 0.0, 0.0, 0.0, 0.0, 0.0, 0.0, 0.0, 0.0, 0.0, 0.0, 0.0, 0.0, 0.0, 0.0, 0.0, 0.0, 0.0, 0.0, 0.0, 0.0]], "time_windows": [[0.0, 5000.0], [0.0, 110.0], [0.0, 134.0], [0.0, 160.0], [0.0, 201.0], [0.0, 218.0], [0.0, 290.0], [0.0, 356.0], [0.0, 390.0], [0.0, 410.0], [0.0, 441.0], [0.0, 465.0], [0.0, 486.0], [0.0, 528.0], [0.0, 591.0], [0.0, 608.0], [0.0, 653.0], [0.0, 706.0], [0.0, 731.0], [0.0, 750.0], [0.0, 774.0], [0.0, 821.0], [0.0, 852.0], [0.0, 900.0], [0.0, 953.0], [0.0, 974.0], [0.0, 996.0], [0.0, 1016.0], [0.0, 1035.0], [0.0, 1042.0], [0.0, 1066.0], [0.0, 5000.0]], "start_depot": 0, "end_depot": 31, "horizon": [0.0, 5000.0]}