{"digraph": {"vertex_count": 32, "arc_count": 930, "arcs": [[0, 1, 1, 1, 1, 1, 1, 1, 1, 1, 1, 1, 1, 1, 1, 1, 1, 1, 1, 1, 1, 1, 1, 1, 1, 1, 1, 1, 1, 1, 1, 1], [0, 0, 1, 1, 1, 1, 1, 1, 1, 1, 1, 1, 1, 1, 1, 1, 1, 1, 1, 1, 1, 1, 1, 1, 1, 1, 1, 1, 1, 1, 1, 1], [0, 1, 0, 1, 1, 1, 1, 1, 1, 1, 1, 1, 1, 1, 1, 1, 1, 1, 1, 1, 1, 1, 1, 1, 1, 1, 1, 1, 1, 1, 1, 1], [0, 1, 1, 0, 1, 1, 1, 1, 1, 1, 1, 1, 1, 1, 1, 1, 1, 1, 1, 1, 1, 1, 1, 1, 1, 1, 1, 1, 1, 1, 1, 1], [0, 1, 1, 1, 0, 1, 1, 1, 1, 1, 1, 1, 1, 1, 1, 1, 1, 1, 1, 1, 1, 1, 1, 1, 1, 1, 1, 1, 1, 1, 1, 1], [0, 1, 1, 1, 1, 0, 1, 1, 1, 1, 1, 1, 1, 1, 1, 1, 1, 1, 1, 1, 1, 1, 1, 1, 1, 1, 1, 1, 1, 1, 1, 1], [0, 1, 1, 1, 1, 1, 0, 1, 1, 1, 1, 1, 1, 1, 1, 1, 1, 1, 1, 1, 1, 1, 1, 1, 1, 1, 1, 1, 1, 1, 1, 1], [0, 1, 1, 1, 1, 1, 1, 0, 1, 1, 1, 1, 1, 1, 1, 1, 1, 1, 1, 1, 1, 1, 1, 1, 1, 1, 1, 1, 1, 1, 1, 1], [0, 1, 1, 1, 1, 1, 1, 1, 0, 1, 1, 1, 1, 1, 1, 1, 1, 1, 1, 1, 1, 1, 1, 1, 1, 1, 1, 1, 1, 1, 1, 1], [0, 1, 1, 1, 1, 1, 1, 1, 1, 0, 1, 1, 1, 1, 1, 1, 1, 1, 1, 1, 1, 1, 1, 1, 1, 1, 1, 1, 1, 1, 1, 1], [0, 1, 1, 1, 1, 1, 1, 1, 1, 1, 0, 1, 1, 1, 1, 1, 1, 1, 1, 1, 1, 1, 1, 1, 1, 1, 1, 1, 1, 1, 1, 1], [0, 1, 1, 1, 1, 1, 1, 1, 1, 1, 1, 0, 1, 1, 1, 1, 1, 1, 1, 1, 1, 1, 1, 1, 1, 1, 1, 1, 1, 1, 1, 1], [0, 1, 1, 1, 1, 1, 1, 1, 1, 1, 1, 1, 0, 1, 1, 1, 1, 1, 1, 1, 1, 1, 1, 1, 1, 1, 1, 1, 1, 1, 1, 1], [0, 1, 1, 1, 1, 1, 1, 1, 1, 1, 1, 1, 1, 0, 1, 1, 1, 1, 1, 1, 1, 1, 1, 1, 1, 1, 1, 1, 1, 1, 1, 1], [0, 1, 1, 1, 1, 1, 1, 1, 1, 1, 1, 1, 1, 1, 0, 1, 1, 1, 1, 1, 1, 1, 1, 1, 1, 1, 1, 1, 1, 1, 1, 1], [0, 1, 1, 1, 1, 1, 1, 1, 1, 1, 1, 1, 1, 1, 1, 0, 1, 1, 1, 1, 1, 1, 1, 1, 1, 1, 1, 1, 1, 1, 1, 1], [0, 1, 1, 1, 1, 1, 1, 1, 1, 1, 1, 1, 1, 1, 1, 1, 0, 1, 1, 1, 1, 1, 1, 1, 1, 1, 1, 1, 1, 1, 1, 1], [0, 1, 1, 1, 1, 1, 1, 1, 1, 1, 1, 1, 1, 1, 1, 1, 1, 0, 1, 1, 1, 1, 1, 1, 1, 1, 1, 1, 1, 1, 1, 1], [0, 1, 1, 1, 1, 1, 1, 1, 1, 1, 1, 1, 1, 1, 1, 1, 1, 1, 0, 1, 1, 1, 1, 1, 1, 1, 1, 1, 1, 1, 1, 1], [0, 1, 1, 1, 1, 1, 1, 1, 1, 1, 1, 1, 1, 1, 1, 1, 1, 1, 1, 0, 1, 1, 1, 1, 1, 1, 1, 1, 1, 1, 1, 1], [0, 1, 1, 1, 1, 1, 1, 1, 1, 1, 1, 1, 1, 1, 1, 1, 1, 1, 1, 1, 0, 1, 1, 1, 1, 1, 1, 1, 1, 1, 1, 1], [0, 1, 1, 1, 1, 1, 1, 1, 1, 1, 1, 1, 1, 1, 1, 1, 1, 1, 1, 1, 1, 0, 1, 1, 1, 1, 1, 1, 1, 1, 1, 1], [0, 1, 1, 1, 1, 1, 1, 1, 1, 1, 1, 1, 1, 1, 1, 1, 1, 1, 1, 1, 1, 1, 0, 1, 1, 1, 1, 1, 1, 1, 1, 1], [0, 1, 1, 1, 1, 1, 1, 1, 1, 1, 1, 1, 1, 1, 1, 1, 1, 1, 1, 1, 1, 1, 1, 0, 1, 1, 1, 1, 1, 1, 1, 1], [0, 1, 1, 1, 1, 1, 1, 1, 1, 1, 1, 1, 1, 1, 1, 1, 1, 1, 1, 1, 1, 1, 1, 1, 0, 1, 1, 1, 1, 1, 1, 1], [0, 1, 1, 1, 1, 1, 1, 1, 1, 1, 1, 1, 1, 1, 1, 1, 1, 1, 1, 1, 1, 1, 1, 1, 1, 0, 1, 1, 1, 1, 1, 1], [0, 1, 1, 1, 1, 1, 1, 1, 1, 1, 1, 1, 1, 1, 1, 1, 1, 1, 1, 1, 1, 1, 1, 1, 1, 1, 0, 1, 1, 1, 1, 1], [0, 1, 1, 1, 1, 1, 1, 1, 1, 1, 1, 1, 1, 1, 1, 1, 1, 1, 1, 1, 1, 1, 1, 1, 1, 1, 1, 0, 1, 1, 1, 1], [0, 1, 1, 1, 1, 1, 1, 1, 1, 1, 1, 1, 1, 1, 1, 1, 1, 1, 1, 1, 1, 1, 1, 1, 1, 1, 1, 1, 0, 1, 1, 1], [0, 1, 1, 1, 1, 1, 1, 1, 1, 1, 1, 1, 1, 1, 1, 1, 1, 1, 1, 1, 1, 1, 1, 1, 1, 1, 1, 1, 1, 0, 1, 1], [0, 1, 1, 1, 1, 1, 1, 1, 1, 1, 1, 1, 1, 1, 1, 1, 1, 1, 1, 1, 1, 1, 1, 1, 1, 1, 1, 1, 1, 1, 0, 1], [0, 0, 0, 0, 0, 0, 0, 0, 0, 0, 0, 0, 0, 0, 0, 0, 0, 0, 0, 0, 0, 0, 0, 0, 0, 0, 0, 0, 0, 0, 0, 0]]}, "cluster_count": 3, "cluster_speeds": [[0.925, 0.85, 0.925, 1.0, 0.8325, 0.765, 0.8325, 0.9, 0.4625, 0.425, 0.4625, 0.5, 0.30525, 0.2805, 0.30525, 0.33, 0.37, 0.34, 0.37, 0.4, 0.555, 0.51, 0.555, 0.6, 0.6475, 0.595, 0.6475, 0.7, 0.37, 0.34, 0.37, 0.4, 0.30525, 0.2805, 0.30525, 0.33, 0.4625, 0.425, 0.4625, 0.5, 0.6475, 0.595, 0.6475, 0.7, 0.74, 0.68, 0.74, 0.8, 0.6475, 0.595, 0.6475, 0.7, 0.4625, 0.425, 0.4625, 0.5, 0.555, 0.51, 0.555, 0.6, 0.6475, 0.595, 0.6475, 0.7, 0.8325, 0.765, 0.8325, 0.9, 0.925, 0.85, 0.925, 1.0, 1.0], [0.7400000000000001, 0.68, 0.7400000000000001, 0.8, 0.666, 0.6120000000000001, 0.666, 0.7200000000000001, 0.37000000000000005, 0.34, 0.37000000000000005, 0.4, 0.24420000000000003, 0.22440000000000004, 0.24420000000000003, 0.264, 0.296, 0.272, 0.296, 0.32000000000000006, 0.44400000000000006, 0.40800000000000003, 0.44400000000000006, 0.48, 0.6475, 0.595, 0.6475, 0.7, 0.37, 0.34, 0.37, 0.4, 0.30525, 0.2805, 0.30525, 0.33, 0.4625, 0.425, 0.4625, 0.5, 0.6475, 0.595, 0.6475, 0.7, 0.74, 0.68, 0.74, 0.8, 0.518, 0.476, 0.518, 0.5599999999999999, 0.37000000000000005, 0.34, 0.37000000000000005, 0.4, 0.44400000000000006, 0.40800000000000003, 0.44400000000000006, 0.48, 0.518, 0.476, 0.518, 0.5599999999999999, 0.666, 0.6120000000000001, 0.666, 0.7200000000000001, 0.7400000000000001, 0.68, 0.7400000000000001, 0.8, 0.8], [0.87875, 0.8075, 0.87875, 0.95, 0.790875, 0.72675, 0.790875, 0.855, 0.439375, 0.40375, 0.439375, 0.475, 0.2899875, 0.266475, 0.2899875, 0.3135, 0.3515, 0.323, 0.3515, 0.38, 0.52725, 0.4845, 0.52725, 0.57, 0.6475, 0.595, 0.6475, 0.7, 0.37, 0.34, 0.37, 0.4, 0.30525, 0.2805, 0.30525, 0.33, 0.4625, 0.425, 0.4625, 0.5, 0.6475, 0.595, 0.6475, 0.7, 0.74, 0.68, 0.74, 0.8, 0.6151249999999999, 0.5652499999999999, 0.6151249999999999, 0.6649999999999999, 0.439375, 0.40375, 0.439375, 0.475, 0.52725, 0.4845, 0.52725, 0.57, 0.6151249999999999, 0.5652499999999999, 0.6151249999999999, 0.6649999999999999, 0.790875, 0.72675, 0.790875, 0.855, 0.87875, 0.8075, 0.87875, 0.95, 0.95]], "clusters": [[-1, 2, 2, 2, 2, 2, 2, 2, 2, 2, 2, 2, 2, 2, 2, 2, 2, 2, 2, 2, 2, 2, 2, 2, 2, 2, 2, 2, 2, 2, 2, 2], [2, -1, 2, 2, 2, 2, 2, 2, 2, 2, 2, 2, 2, 2, 2, 2, 2, 2, 2, 2, 2, 2, 2, 2, 2, 2, 2, 2, 2, 2, 2, 2], [0, 0, -1, 0, 0, 0, 0, 0, 0, 0, 0, 0, 0, 0, 0, 0, 0, 0, 0, 0, 0, 0, 0, 0, 0, 0, 0, 0, 0, 0, 0, 0], [1, 1, 1, -1, 1, 1, 1, 1, 1, 1, 1, 1, 1, 1, 1, 1, 1, 1, 1, 1, 1, 1, 1, 1, 1, 1, 1, 1, 1, 1, 1, 1], [0, 0, 0, 0, -1, 0, 0, 0, 0, 0, 0, 0, 0, 0, 0, 0, 0, 0, 0, 0, 0, 0, 0, 0, 0, 0, 0, 0, 0, 0, 0, 0], [0, 0, 0, 0, 0, -1, 0, 0, 0, 0, 0, 0, 0, 0, 0, 0, 0, 0, 0, 0, 0, 0, 0, 0, 0, 0, 0, 0, 0, 0, 0, 0], [2, 2, 2, 2, 2, 2, -1, 2, 2, 2, 2, 2, 2, 2, 2, 2, 2, 2, 2, 2, 2, 2, 2, 2, 2, 2, 2, 2, 2, 2, 2, 2], [0, 0, 0, 0, 0, 0, 0, -1, 0, 0, 0, 0, 0, 0, 0, 0, 0, 0, 0, 0, 0, 0, 0, 0, 0, 0, 0, 0, 0, 0, 0, 0], [1, 1, 1, 1, 1, 1, 1, 1, -1, 1, 1, 1, 1, 1, 1, 1, 1, 1, 1, 1, 1, 1, 1, 1, 1, 1, 1, 1, 1, 1, 1, 1], [0, 0, 0, 0, 0, 0, 0, 0, 0, -1, 0, 0, 0, 0, 0, 0, 0, 0, 0, 0, 0, 0, 0, 0, 0, 0, 0, 0, 0, 0, 0, 0], [0, 0, 0, 0, 0, 0, 0, 0, 0, 0, -1, 0, 0, 0, 0, 0, 0, 0, 0, 0, 0, 0, 0, 0, 0, 0, 0, 0, 0, 0, 0, 0], [2, 2, 2, 2, 2, 2, 2, 2, 2, 2, 2, -1, 2, 2, 2, 2, 2, 2, 2, 2, 2, 2, 2, 2, 2, 2, 2, 2, 2, 2, 2, 2], [0, 0, 0, 0, 0, 0, 0, 0, 0, 0, 0, 0, -1, 0, 0, 0, 0, 0, 0, 0, 0, 0, 0, 0, 0, 0, 0, 0, 0, 0, 0, 0], [1, 1, 1, 1, 1, 1, 1, 1, 1, 1, 1, 1, 1, -1, 1, 1, 1, 1, 1, 1, 1, 1, 1, 1, 1, 1, 1, 1, 1, 1, 1, 1], [0, 0, 0, 0, 0, 0, 0, 0, 0, 0, 0, 0, 0, 0, -1, 0, 0, 0, 0, 0, 0, 0, 0, 0, 0, 0, 0, 0, 0, 0, 0, 0], [0, 0, 0, 0, 0, 0, 0, 0, 0, 0, 0, 0, 0, 0, 0, -1, 0, 0, 0, 0, 0, 0, 0, 0, 0, 0, 0, 0, 0, 0, 0, 0], [2, 2, 2, 2, 2, 2, 2, 2, 2, 2, 2, 2, 2, 2, 2, 2, -1, 2, 2, 2, 2, 2, 2, 2, 2, 2, 2, 2, 2, 2, 2, 2], [1, 1, 1, 1, 1, 1, 1, 1, 1, 1, 1, 1, 1, 1, 1, 1, 1, -1, 1, 1, 1, 1, 1, 1, 1, 1, 1, 1, 1, 1, 1, 1], [0, 0, 0, 0, 0, 0, 0, 0, 0, 0, 0, 0, 0, 0, 0, 0, 0, 0, -1, 0, 0, 0, 0, 0, 0, 0, 0, 0, 0, 0, 0, 0], [0, 0, 0, 0, 0, 0, 0, 0, 0, 0, 0, 0, 0, 0, 0, 0, 0, 0, 0, -1, 0, 0, 0, 0, 0, 0, 0, 0, 0, 0, 0, 0], [0, 0, 0, 0, 0, 0, 0, 0, 0, 0, 0, 0, 0, 0, 0, 0, 0, 0, 0, 0, -1, 0, 0, 0, 0, 0, 0, 0, 0, 0, 0, 0], [1, 1, 1, 1, 1, 1, 1, 1, 1, 1, 1, 1, 1, 1, 1, 1, 1, 1, 1, 1, 1, -1, 1, 1, 1, 1, 1, 1, 1, 1, 1, 1], [0, 0, 0, 0, 0, 0, 0, 0, 0, 0, 0, 0, 0, 0, 0, 0, 0, 0, 0, 0, 0, 0, -1, 0, 0, 0, 0, 0, 0, 0, 0, 0], [1, 1, 1, 1, 1, 1, 1, 1, 1, 1, 1, 1, 1, 1, 1, 1, 1, 1, 1, 1, 1, 1, 1, -1, 1, 1, 1, 1, 1, 1, 1, 1], [1, 1, 1, 1, 1, 1, 1, 1, 1, 1, 1, 1, 1, 1, 1, 1, 1, 1, 1, 1, 1, 1, 1, 1, -1, 1, 1, 1, 1, 1, 1, 1], [0, 0, 0, 0, 0, 0, 0, 0, 0, 0, 0, 0, 0, 0, 0, 0, 0, 0, 0, 0, 0, 0, 0, 0, 0, -1, 0, 0, 0, 0, 0, 0], [0, 0, 0, 0, 0, 0, 0, 0, 0, 0, 0, 0, 0, 0, 0, 0, 0, 0, 0, 0, 0, 0, 0, 0, 0, 0, -1, 0, 0, 0, 0, 0], [2, 2, 2, 2, 2, 2, 2, 2, 2, 2, 2, 2, 2, 2, 2, 2, 2, 2, 2, 2, 2, 2, 2, 2, 2, 2, 2, -1, 2, 2, 2, 2], [0, 0, 0, 0, 0, 0, 0, 0, 0, 0, 0, 0, 0, 0, 0, 0, 0, 0, 0, 0, 0, 0, 0, 0, 0, 0, 0, 0, -1, 0, 0, 0], [0, 0, 0, 0, 0, 0, 0, 0, 0, 0, 0, 0, 0, 0, 0, 0, 0, 0, 0, 0, 0, 0, 0, 0, 0, 0, 0, 0, 0, -1, 0, 0], [0, 0, 0, 0, 0, 0, 0, 0, 0, 0, 0, 0, 0, 0, 0, 0, 0, 0, 0, 0, 0, 0, 0, 0, 0, 0, 0, 0, 0, 0, -1, 0], [2, 2, 2, 2, 2, 2, 2, 2, 2, 2, 2, 2, 2, 2, 2, 2, 2, 2, 2, 2, 2, 2, 2, 2, 2, 2, 2, 2, 2, 2, 2, -1]], "speed_zone_count": 73, "speed_zones": [[0.0, 15.0], [15.0, 30.0], [30.0, 45.0], [45.0, 60.0], [60.0, 75.0], [75.0, 90.0], [90.0, 105.0], [105.0, 120.0], [120.0, 135.0], [135.0, 150.0], [150.0, 165.0], [165.0, 180.0], [180.0, 195.0], [195.0, 210.0], [210.0, 225.0], [225.0, 240.0], [240.0, 255.0], [255.0, 270.0], [270.0, 285.0], [285.0, 300.0], [300.0, 315.0], [315.0, 330.0], [330.0, 345.0], [345.0, 360.0], [360.0, 375.0], [375.0, 390.0], [390.0, 405.0], [405.0, 420.0], [420.0, 435.0], [435.0, 450.0], [450.0, 465.0], [465.0, 480.0], [480.0, 495.0], [495.0, 510.0], [510.0, 525.0], [525.0, 540.0], [540.0, 555.0], [555.0, 570.0], [570.0, 585.0], [585.0, 600.0], [600.0, 615.0], [615.0, 630.0], [630.0, 645.0], [645.0, 660.0], [660.0, 675.0], [675.0, 690.0], [690.0, 705.0], [705.0, 720.0], [720.0, 735.0], [735.0, 750.0], [750.0, 765.0], [765.0, 780.0], [780.0, 795.0], [795.0, 810.0], [810.0, 825.0], [825.0, 840.0], [840.0, 855.0], [855.0, 870.0], [870.0, 885.0], [885.0, 900.0], [900.0, 915.0], [915.0, 930.0], [930.0, 945.0], [945.0, 960.0], [960.0, 975.0], [975.0, 990.0], [990.0, 1005.0], [1005.0, 1020.0], [1020.0, 1035.0], [1035.0, 1050.0], [1050.0, 1065.0], [1065.0, 1080.0], [1080.0, 5000.0]], "distances": [[0.0, 61.68, 72.31, 73.27, 83.24, 74.55, 46.5, 68.71, 82.27, 71.4, 73.33, 107.98, 62.23, 88.16, 72.15, 68.51, 63.25, 88.64, 64.88, 67.43, 71.79, 81.16, 80.84, 53.27, 57.65, 73.53, 70.24, 99.27, 56.6, 64.86, 78.1, 0.0], [0.0, 0.0, 21.94, 42.4, 33.59, 26.78, 15.74, 30.58, 47.26, 28.26, 16.92, 67.54, 23.75, 38.3, 32.86, 30.15, 8.08, 43.22, 26.11, 20.47, 38.69, 42.45, 32.93, 23.28, 15.01, 22.23, 29.65, 63.7, 22.38, 18.64, 28.95, 61.68], [0.0, 21.94, 0.0, 23.78, 12.31, 4.92, 28.56, 12.69, 26.38, 8.24, 7.75, 45.64, 11.99, 17.37, 13.18, 12.36, 29.33, 21.38, 11.28, 5.03, 20.14, 21.13, 11.11, 19.89, 14.95, 10.05, 10.62, 41.92, 16.56, 7.44, 7.2, 72.31], [0.0, 42.4, 23.78, 0.0, 22.22, 19.81, 41.03, 11.9, 9.04, 15.55, 31.53, 34.71, 19.07, 24.25, 10.61, 12.33, 50.46, 19.82, 16.34, 22.51, 17.64, 9.87, 19.56, 24.81, 28.74, 24.56, 13.36, 26.4, 22.94, 23.83, 21.01, 73.27], [0.0, 33.59, 12.31, 22.22, 0.0, 8.75, 40.75, 16.37, 20.25, 12.25, 17.1, 34.26, 21.07, 5.11, 13.97, 16.36, 40.38, 10.11, 18.73, 16.35, 19.67, 14.76, 12.43, 30.0, 26.87, 11.6, 14.15, 32.18, 26.64, 19.08, 5.3, 83.24], [0.0, 26.78, 4.92, 19.81, 8.75, 0.0, 32.24, 9.98, 21.6, 5.06, 12.26, 40.93, 12.57, 13.82, 9.33, 9.77, 34.24, 16.82, 10.65, 7.72, 16.35, 16.27, 6.81, 21.38, 18.25, 5.13, 7.6, 37.01, 18.0, 10.45, 11.85, 74.55], [0.0, 15.74, 28.56, 41.03, 40.75, 32.24, 0.0, 30.96, 48.23, 31.12, 27.53, 71.99, 22.82, 45.85, 34.24, 30.58, 20.08, 48.74, 25.96, 24.52, 37.82, 44.65, 39.06, 16.51, 14.07, 29.52, 31.25, 66.02, 18.1, 21.8, 35.47, 46.5], [0.0, 30.58, 12.69, 11.9, 16.37, 9.98, 30.96, 0.0, 17.4, 4.92, 20.23, 41.36, 8.15, 20.51, 9.9, 9.63, 38.61, 19.93, 5.02, 10.65, 8.16, 13.76, 13.51, 16.19, 17.62, 13.73, 10.58, 35.06, 13.35, 11.96, 12.67, 68.71], [0.0, 47.26, 26.38, 9.04, 20.25, 21.6, 48.23, 17.4, 0.0, 19.02, 33.86, 25.71, 25.5, 20.32, 14.52, 17.81, 55.12, 13.95, 22.41, 26.79, 10.87, 5.58, 18.36, 32.61, 35.02, 26.73, 17.74, 17.93, 30.26, 28.78, 21.29, 82.27], [0.0, 28.26, 8.24, 15.55, 12.25, 5.06, 31.12, 4.92, 19.02, 0.0, 15.98, 40.93, 9.23, 16.87, 4.98, 4.71, 36.1, 17.86, 6.55, 7.79, 11.9, 14.28, 9.58, 18.18, 17.14, 9.11, 12.11, 35.77, 14.93, 9.99, 7.95, 71.4], [0.0, 16.92, 7.75, 31.53, 17.1, 12.26, 27.53, 20.23, 33.86, 15.98, 0.0, 51.35, 17.6, 21.55, 20.93, 19.87, 23.31, 27.09, 17.92, 10.46, 27.87, 28.47, 17.02, 23.56, 16.16, 7.14, 18.29, 48.62, 20.64, 11.3, 13.17, 73.33], [0.0, 67.54, 45.64, 34.71, 34.26, 40.93, 71.99, 41.36, 25.71, 40.93, 51.35, 0.0, 49.35, 30.23, 37.92, 41.7, 74.6, 24.33, 46.21, 48.18, 36.39, 27.66, 34.61, 57.44, 58.07, 45.31, 40.77, 10.55, 54.71, 50.72, 38.59, 107.98], [0.0, 23.75, 11.99, 19.07, 21.07, 12.57, 22.82, 8.15, 25.5, 9.23, 17.6, 49.35, 0.0, 25.93, 11.46, 7.77, 31.83, 26.99, 12.39, 7.32, 15.53, 21.86, 18.61, 8.97, 9.69, 13.36, 8.64, 43.21, 5.7, 6.53, 16.11, 62.23], [0.0, 38.3, 17.37, 24.25, 5.11, 13.82, 45.85, 20.51, 20.32, 16.87, 21.55, 30.23, 25.93, 0.0, 17.66, 20.56, 44.84, 7.38, 23.42, 21.45, 22.33, 15.36, 7.32, 34.89, 31.98, 16.59, 18.47, 29.4, 31.55, 24.18, 10.4, 88.16], [0.0, 32.86, 13.18, 10.61, 13.97, 9.33, 34.24, 9.9, 14.52, 4.98, 20.93, 37.92, 11.46, 17.66, 0.0, 9.7, 40.8, 16.51, 8.3, 12.45, 7.03, 10.42, 11.06, 19.69, 20.64, 13.96, 13.86, 31.88, 16.81, 14.28, 11.17, 72.15], [0.0, 30.15, 12.36, 12.33, 16.36, 9.77, 30.58, 9.63, 17.81, 4.71, 19.87, 41.7, 7.77, 20.56, 9.7, 0.0, 38.18, 20.14, 4.63, 10.23, 8.58, 14.11, 13.52, 15.89, 17.2, 13.42, 10.19, 35.45, 13.02, 11.53, 12.54, 68.51], [0.0, 8.08, 29.33, 50.46, 40.38, 34.24, 20.08, 38.61, 55.12, 36.1, 23.31, 74.6, 31.83, 44.84, 40.8, 38.18, 0.0, 50.28, 34.19, 28.36, 46.74, 50.18, 40.05, 30.83, 22.91, 29.43, 37.61, 71.25, 30.23, 26.66, 36.08, 63.25], [0.0, 43.22, 21.38, 19.82, 10.11, 16.82, 48.74, 19.93, 13.95, 17.86, 27.09, 24.33, 26.99, 7.38, 16.51, 20.14, 50.28, 0.0, 24.04, 24.36, 18.91, 10.01, 10.29, 35.8, 34.68, 20.99, 18.51, 22.24, 32.66, 27.02, 14.27, 88.64], [0.0, 26.11, 11.28, 16.34, 18.73, 10.65, 25.96, 5.02, 22.41, 6.55, 17.92, 46.21, 12.39, 23.42, 8.3, 4.63, 34.19, 24.04, 0.0, 7.5, 12.7, 18.7, 16.12, 11.76, 12.64, 12.58, 5.56, 40.07, 8.65, 7.85, 14.06, 64.88], [0.0, 20.47, 5.03, 22.51, 16.35, 7.72, 24.52, 10.65, 26.79, 7.79, 10.46, 48.18, 7.32, 21.45, 12.45, 10.23, 28.36, 24.36, 7.5, 0.0, 18.76, 22.05, 14.53, 14.86, 10.54, 6.37, 9.3, 43.47, 11.55, 12.47, 11.05, 67.43], [0.0, 38.69, 20.14, 17.64, 19.67, 16.35, 37.82, 8.16, 10.87, 11.9, 27.87, 36.39, 15.53, 22.33, 7.03, 8.58, 46.74, 18.91, 12.7, 18.76, 0.0, 9.63, 16.88, 21.86, 25.21, 20.97, 9.64, 28.77, 19.73, 20.1, 17.86, 71.79], [0.0, 42.45, 21.13, 9.87, 14.76, 16.27, 44.65, 13.76, 5.58, 14.28, 28.47, 27.66, 21.86, 15.36, 10.42, 14.11, 50.18, 10.01, 18.7, 22.05, 9.63, 0.0, 12.79, 29.78, 31.01, 21.39, 13.48, 21.54, 27.08, 24.25, 15.74, 81.16], [0.0, 32.93, 11.11, 19.56, 12.43, 6.81, 39.06, 13.51, 18.36, 9.58, 17.02, 34.61, 18.61, 7.32, 11.06, 13.52, 40.05, 10.29, 16.12, 14.53, 16.88, 12.79, 0.0, 27.58, 25.05, 10.7, 11.33, 31.64, 24.25, 17.26, 17.42, 80.84], [0.0, 23.28, 19.89, 24.81, 30.0, 21.38, 16.51, 16.19, 32.61, 18.18, 23.56, 57.44, 8.97, 34.89, 19.69, 15.89, 30.83, 35.8, 11.76, 14.86, 21.86, 29.78, 27.58, 0.0, 8.81, 21.23, 17.29, 50.54, 14.67, 12.73, 24.94, 53.27], [0.0, 15.01, 14.95, 28.74, 26.87, 18.25, 14.07, 17.62, 35.02, 17.14, 16.16, 58.07, 9.69, 31.98, 20.64, 17.2, 22.91, 34.68, 12.64, 10.54, 25.21, 31.01, 25.05, 8.81, 0.0, 16.07, 17.52, 52.52, 7.38, 7.8, 21.57, 57.65], [0.0, 22.23, 10.05, 24.56, 11.6, 5.13, 29.52, 13.73, 26.73, 9.11, 7.14, 45.31, 13.36, 16.59, 13.96, 13.42, 29.43, 20.99, 12.58, 6.37, 20.97, 21.39, 10.7, 21.23, 16.07, 0.0, 11.57, 41.9, 17.91, 8.7, 6.72, 73.53], [0.0, 29.65, 10.62, 13.36, 14.15, 7.6, 31.25, 10.58, 17.74, 12.11, 18.29, 40.77, 8.64, 18.47, 13.86, 10.19, 37.61, 18.51, 5.56, 9.3, 9.64, 13.48, 11.33, 17.29, 17.52, 11.57, 0.0, 35.01, 14.22, 11.06, 10.28, 70.24], [0.0, 63.7, 41.92, 26.4, 32.18, 37.01, 66.02, 35.06, 17.93, 35.77, 48.62, 10.55, 43.21, 29.4, 31.88, 35.45, 71.25, 22.24, 40.07, 43.47, 28.77, 21.54, 31.64, 50.54, 52.52, 41.9, 35.01, 0.0, 48.15, 45.76, 35.45, 99.27], [0.0, 22.38, 16.56, 22.94, 26.64, 18.0, 18.1, 13.35, 30.26, 14.93, 20.64, 54.71, 5.7, 31.55, 16.81, 13.02, 30.23, 32.66, 8.65, 11.55, 19.73, 27.08, 24.25, 14.67, 7.38, 17.91, 14.22, 48.15, 0.0, 9.56, 21.57, 56.6], [0.0, 18.64, 7.44, 23.83, 19.08, 10.45, 21.8, 11.96, 28.78, 9.99, 11.3, 50.72, 6.53, 24.18, 14.28, 11.53, 26.66, 27.02, 7.85, 12.47, 20.1, 24.25, 17.26, 12.73, 7.8, 8.7, 11.06, 45.76, 9.56, 0.0, 13.78, 64.86], [0.0, 28.95, 7.2, 21.01, 5.3, 11.85, 35.47, 12.67, 21.29, 7.95, 13.17, 38.59, 16.11, 10.4, 11.17, 12.54, 36.08, 14.27, 14.06, 11.05, 17.86, 15.74, 17.42, 24.94, 21.57, 6.72, 10.28, 35.45, 21.57, 13.78, 0.0, 78.1], [0.0, 0.0, 0.0, 0.0, 0.0, 0.0, 0.0, 0.0, 0.0, 0.0, 0.0, 0.0, 0.0, 0.0, 0.0, 0.0, 0.0, 0.0, 0.0, 0.0, 0.0, 0.0, 0.0, 0.0, 0.0, 0.0, 0.0, 0.0, 0.0, 0.0, 0.0, 0.0]], "time_windows": [[0.0, 5000.0], [0.0, 108.0], [0.0, 135.0], [0.0, 165.0], [0.0, 213.0], [0.0, 238.0], [0.0, 333.0], [0.0, 391.0], [0.0, 419.0], [0.0, 449.0], [0.0, 483.0], [0.0, 623.0], [0.0, 703.0], [0.0, 739.0], [0.0, 762.0], [0.0, 777.0], [0.0, 842.0], [0.0, 939.0], [0.0, 978.0], [0.0, 989.0], [0.0, 1013.0], [0.0, 1026.0], [0.0, 1041.0], [0.0, 1072.0], [0.0, 1082.0], [0.0, 1100.0], [0.0, 1112.0], [0.0, 1147.0], [0.0, 1195.0], [0.0, 1205.0], [0.0, 1219.0], [0.0, 5000.0]], "start_depot": 0, "end_depot": 31, "horizon": [0.0, 5000.0]}