{"digraph": {"vertex_count": 32, "arc_count": 930, "arcs": [[0, 1, 1, 1, 1, 1, 1, 1, 1, 1, 1, 1, 1, 1, 1, 1, 1, 1, 1, 1, 1, 1, 1, 1, 1, 1, 1, 1, 1, 1, 1, 1], [0, 0, 1, 1, 1, 1, 1, 1, 1, 1, 1, 1, 1, 1, 1, 1, 1, 1, 1, 1, 1, 1, 1, 1, 1, 1, 1, 1, 1, 1, 1, 1], [0, 1, 0, 1, 1, 1, 1, 1, 1, 1, 1, 1, 1, 1, 1, 1, 1, 1, 1, 1, 1, 1, 1, 1, 1, 1, 1, 1, 1, 1, 1, 1], [0, 1, 1, 0, 1, 1, 1, 1, 1, 1, 1, 1, 1, 1, 1, 1, 1, 1, 1, 1, 1, 1, 1, 1, 1, 1, 1, 1, 1, 1, 1, 1], [0, 1, 1, 1, 0, 1, 1, 1, 1, 1, 1, 1, 1, 1, 1, 1, 1, 1, 1, 1, 1, 1, 1, 1, 1, 1, 1, 1, 1, 1, 1, 1], [0, 1, 1, 1, 1, 0, 1, 1, 1, 1, 1, 1, 1, 1, 1, 1, 1, 1, 1, 1, 1, 1, 1, 1, 1, 1, 1, 1, 1, 1, 1, 1], [0, 1, 1, 1, 1, 1, 0, 1, 1, 1, 1, 1, 1, 1, 1, 1, 1, 1, 1, 1, 1, 1, 1, 1, 1, 1, 1, 1, 1, 1, 1, 1], [0, 1, 1, 1, 1, 1, 1, 0, 1, 1, 1, 1, 1, 1, 1, 1, 1, 1, 1, 1, 1, 1, 1, 1, 1, 1, 1, 1, 1, 1, 1, 1], [0, 1, 1, 1, 1, 1, 1, 1, 0, 1, 1, 1, 1, 1, 1, 1, 1, 1, 1, 1, 1, 1, 1, 1, 1, 1, 1, 1, 1, 1, 1, 1], [0, 1, 1, 1, 1, 1, 1, 1, 1, 0, 1, 1, 1, 1, 1, 1, 1, 1, 1, 1, 1, 1, 1, 1, 1, 1, 1, 1, 1, 1, 1, 1], [0, 1, 1, 1, 1, 1, 1, 1, 1, 1, 0, 1, 1, 1, 1, 1, 1, 1, 1, 1, 1, 1, 1, 1, 1, 1, 1, 1, 1, 1, 1, 1], [0, 1, 1, 1, 1, 1, 1, 1, 1, 1, 1, 0, 1, 1, 1, 1, 1, 1, 1, 1, 1, 1, 1, 1, 1, 1, 1, 1, 1, 1, 1, 1], [0, 1, 1, 1, 1, 1, 1, 1, 1, 1, 1, 1, 0, 1, 1, 1, 1, 1, 1, 1, 1, 1, 1, 1, 1, 1, 1, 1, 1, 1, 1, 1], [0, 1, 1, 1, 1, 1, 1, 1, 1, 1, 1, 1, 1, 0, 1, 1, 1, 1, 1, 1, 1, 1, 1, 1, 1, 1, 1, 1, 1, 1, 1, 1], [0, 1, 1, 1, 1, 1, 1, 1, 1, 1, 1, 1, 1, 1, 0, 1, 1, 1, 1, 1, 1, 1, 1, 1, 1, 1, 1, 1, 1, 1, 1, 1], [0, 1, 1, 1, 1, 1, 1, 1, 1, 1, 1, 1, 1, 1, 1, 0, 1, 1, 1, 1, 1, 1, 1, 1, 1, 1, 1, 1, 1, 1, 1, 1], [0, 1, 1, 1, 1, 1, 1, 1, 1, 1, 1, 1, 1, 1, 1, 1, 0, 1, 1, 1, 1, 1, 1, 1, 1, 1, 1, 1, 1, 1, 1, 1], [0, 1, 1, 1, 1, 1, 1, 1, 1, 1, 1, 1, 1, 1, 1, 1, 1, 0, 1, 1, 1, 1, 1, 1, 1, 1, 1, 1, 1, 1, 1, 1], [0, 1, 1, 1, 1, 1, 1, 1, 1, 1, 1, 1, 1, 1, 1, 1, 1, 1, 0, 1, 1, 1, 1, 1, 1, 1, 1, 1, 1, 1, 1, 1], [0, 1, 1, 1, 1, 1, 1, 1, 1, 1, 1, 1, 1, 1, 1, 1, 1, 1, 1, 0, 1, 1, 1, 1, 1, 1, 1, 1, 1, 1, 1, 1], [0, 1, 1, 1, 1, 1, 1, 1, 1, 1, 1, 1, 1, 1, 1, 1, 1, 1, 1, 1, 0, 1, 1, 1, 1, 1, 1, 1, 1, 1, 1, 1], [0, 1, 1, 1, 1, 1, 1, 1, 1, 1, 1, 1, 1, 1, 1, 1, 1, 1, 1, 1, 1, 0, 1, 1, 1, 1, 1, 1, 1, 1, 1, 1], [0, 1, 1, 1, 1, 1, 1, 1, 1, 1, 1, 1, 1, 1, 1, 1, 1, 1, 1, 1, 1, 1, 0, 1, 1, 1, 1, 1, 1, 1, 1, 1], [0, 1, 1, 1, 1, 1, 1, 1, 1, 1, 1, 1, 1, 1, 1, 1, 1, 1, 1, 1, 1, 1, 1, 0, 1, 1, 1, 1, 1, 1, 1, 1], [0, 1, 1, 1, 1, 1, 1, 1, 1, 1, 1, 1, 1, 1, 1, 1, 1, 1, 1, 1, 1, 1, 1, 1, 0, 1, 1, 1, 1, 1, 1, 1], [0, 1, 1, 1, 1, 1, 1, 1, 1, 1, 1, 1, 1, 1, 1, 1, 1, 1, 1, 1, 1, 1, 1, 1, 1, 0, 1, 1, 1, 1, 1, 1], [0, 1, 1, 1, 1, 1, 1, 1, 1, 1, 1, 1, 1, 1, 1, 1, 1, 1, 1, 1, 1, 1, 1, 1, 1, 1, 0, 1, 1, 1, 1, 1], [0, 1, 1, 1, 1, 1, 1, 1, 1, 1, 1, 1, 1, 1, 1, 1, 1, 1, 1, 1, 1, 1, 1, 1, 1, 1, 1, 0, 1, 1, 1, 1], [0, 1, 1, 1, 1, 1, 1, 1, 1, 1, 1, 1, 1, 1, 1, 1, 1, 1, 1, 1, 1, 1, 1, 1, 1, 1, 1, 1, 0, 1, 1, 1], [0, 1, 1, 1, 1, 1, 1, 1, 1, 1, 1, 1, 1, 1, 1, 1, 1, 1, 1, 1, 1, 1, 1, 1, 1, 1, 1, 1, 1, 0, 1, 1], [0, 1, 1, 1, 1, 1, 1, 1, 1, 1, 1, 1, 1, 1, 1, 1, 1, 1, 1, 1, 1, 1, 1, 1, 1, 1, 1, 1, 1, 1, 0, 1], [0, 0, 0, 0, 0, 0, 0, 0, 0, 0, 0, 0, 0, 0, 0, 0, 0, 0, 0, 0, 0, 0, 0, 0, 0, 0, 0, 0, 0, 0, 0, 0]]}, "cluster_count": 3, "cluster_speeds": [[0.7400000000000001, 0.68, 0.7400000000000001, 0.8, 0.666, 0.6120000000000001, 0.666, 0.7200000000000001, 0.37000000000000005, 0.34, 0.37000000000000005, 0.4, 0.24420000000000003, 0.22440000000000004, 0.24420000000000003, 0.264, 0.296, 0.272, 0.296, 0.32000000000000006, 0.44400000000000006, 0.40800000000000003, 0.44400000000000006, 0.48, 0.6475, 0.595, 0.6475, 0.7, 0.37, 0.34, 0.37, 0.4, 0.30525, 0.2805, 0.30525, 0.33, 0.4625, 0.425, 0.4625, 0.5, 0.6475, 0.595, 0.6475, 0.7, 0.74, 0.68, 0.74, 0.8, 0.518, 0.476, 0.518, 0.5599999999999999, 0.37000000000000005, 0.34, 0.37000000000000005, 0.4, 0.44400000000000006, 0.40800000000000003, 0.44400000000000006, 0.48, 0.518, 0.476, 0.518, 0.5599999999999999, 0.666, 0.6120000000000001, 0.666, 0.7200000000000001, 0.7400000000000001, 0.68, 0.7400000000000001, 0.8, 0.8], [0.8325, 0.765, 0.8325, 0.9, 0.7492500000000001, 0.6885, 0.7492500000000001, 0.81, 0.41625, 0.3825, 0.41625, 0.45, 0.27472500000000005, 0.25245, 0.27472500000000005, 0.29700000000000004, 0.333, 0.30600000000000005, 0.333, 0.36000000000000004, 0.49950000000000006, 0.459, 0.49950000000000006, 0.54, 0.6475, 0.595, 0.6475, 0.7, 0.37, 0.34, 0.37, 0.4, 0.30525, 0.2805, 0.30525, 0.33, 0.4625, 0.425, 0.4625, 0.5, 0.6475, 0.595, 0.6475, 0.7, 0.74, 0.68, 0.74, 0.8, 0.58275, 0.5355, 0.58275, 0.63, 0.41625, 0.3825, 0.41625, 0.45, 0.49950000000000006, 0.459, 0.49950000000000006, 0.54, 0.58275, 0.5355, 0.58275, 0.63, 0.7492500000000001, 0.6885, 0.7492500000000001, 0.81, 0.8325, 0.765, 0.8325, 0.9, 0.9], [0.925, 0.85, 0.925, 1.0, 0.8325, 0.765, 0.8325, 0.9, 0.4625, 0.425, 0.4625, 0.5, 0.30525, 0.2805, 0.30525, 0.33, 0.37, 0.34, 0.37, 0.4, 0.555, 0.51, 0.555, 0.6, 0.6475, 0.595, 0.6475, 0.7, 0.37, 0.34, 0.37, 0.4, 0.30525, 0.2805, 0.30525, 0.33, 0.4625, 0.425, 0.4625, 0.5, 0.6475, 0.595, 0.6475, 0.7, 0.74, 0.68, 0.74, 0.8, 0.6475, 0.595, 0.6475, 0.7, 0.4625, 0.425, 0.4625, 0.5, 0.555, 0.51, 0.555, 0.6, 0.6475, 0.595, 0.6475, 0.7, 0.8325, 0.765, 0.8325, 0.9, 0.925, 0.85, 0.925, 1.0, 1.0]], "clusters": [[-1, 2, 2, 2, 2, 2, 2, 2, 2, 2, 2, 2, 2, 2, 2, 2, 2, 2, 2, 2, 2, 2, 2, 2, 2, 2, 2, 2, 2, 2, 2, 2], [0, -1, 0, 0, 0, 0, 0, 0, 0, 0, 0, 0, 0, 0, 0, 0, 0, 0, 0, 0, 0, 0, 0, 0, 0, 0, 0, 0, 0, 0, 0, 0], [0, 0, -1, 0, 0, 0, 0, 0, 0, 0, 0, 0, 0, 0, 0, 0, 0, 0, 0, 0, 0, 0, 0, 0, 0, 0, 0, 0, 0, 0, 0, 0], [1, 1, 1, -1, 1, 1, 1, 1, 1, 1, 1, 1, 1, 1, 1, 1, 1, 1, 1, 1, 1, 1, 1, 1, 1, 1, 1, 1, 1, 1, 1, 1], [0, 0, 0, 0, -1, 0, 0, 0, 0, 0, 0, 0, 0, 0, 0, 0, 0, 0, 0, 0, 0, 0, 0, 0, 0, 0, 0, 0, 0, 0, 0, 0], [0, 0, 0, 0, 0, -1, 0, 0, 0, 0, 0, 0, 0, 0, 0, 0, 0, 0, 0, 0, 0, 0, 0, 0, 0, 0, 0, 0, 0, 0, 0, 0], [0, 0, 0, 0, 0, 0, -1, 0, 0, 0, 0, 0, 0, 0, 0, 0, 0, 0, 0, 0, 0, 0, 0, 0, 0, 0, 0, 0, 0, 0, 0, 0], [0, 0, 0, 0, 0, 0, 0, -1, 0, 0, 0, 0, 0, 0, 0, 0, 0, 0, 0, 0, 0, 0, 0, 0, 0, 0, 0, 0, 0, 0, 0, 0], [0, 0, 0, 0, 0, 0, 0, 0, -1, 0, 0, 0, 0, 0, 0, 0, 0, 0, 0, 0, 0, 0, 0, 0, 0, 0, 0, 0, 0, 0, 0, 0], [0, 0, 0, 0, 0, 0, 0, 0, 0, -1, 0, 0, 0, 0, 0, 0, 0, 0, 0, 0, 0, 0, 0, 0, 0, 0, 0, 0, 0, 0, 0, 0], [1, 1, 1, 1, 1, 1, 1, 1, 1, 1, -1, 1, 1, 1, 1, 1, 1, 1, 1, 1, 1, 1, 1, 1, 1, 1, 1, 1, 1, 1, 1, 1], [0, 0, 0, 0, 0, 0, 0, 0, 0, 0, 0, -1, 0, 0, 0, 0, 0, 0, 0, 0, 0, 0, 0, 0, 0, 0, 0, 0, 0, 0, 0, 0], [0, 0, 0, 0, 0, 0, 0, 0, 0, 0, 0, 0, -1, 0, 0, 0, 0, 0, 0, 0, 0, 0, 0, 0, 0, 0, 0, 0, 0, 0, 0, 0], [2, 2, 2, 2, 2, 2, 2, 2, 2, 2, 2, 2, 2, -1, 2, 2, 2, 2, 2, 2, 2, 2, 2, 2, 2, 2, 2, 2, 2, 2, 2, 2], [0, 0, 0, 0, 0, 0, 0, 0, 0, 0, 0, 0, 0, 0, -1, 0, 0, 0, 0, 0, 0, 0, 0, 0, 0, 0, 0, 0, 0, 0, 0, 0], [0, 0, 0, 0, 0, 0, 0, 0, 0, 0, 0, 0, 0, 0, 0, -1, 0, 0, 0, 0, 0, 0, 0, 0, 0, 0, 0, 0, 0, 0, 0, 0], [0, 0, 0, 0, 0, 0, 0, 0, 0, 0, 0, 0, 0, 0, 0, 0, -1, 0, 0, 0, 0, 0, 0, 0, 0, 0, 0, 0, 0, 0, 0, 0], [0, 0, 0, 0, 0, 0, 0, 0, 0, 0, 0, 0, 0, 0, 0, 0, 0, -1, 0, 0, 0, 0, 0, 0, 0, 0, 0, 0, 0, 0, 0, 0], [1, 1, 1, 1, 1, 1, 1, 1, 1, 1, 1, 1, 1, 1, 1, 1, 1, 1, -1, 1, 1, 1, 1, 1, 1, 1, 1, 1, 1, 1, 1, 1], [0, 0, 0, 0, 0, 0, 0, 0, 0, 0, 0, 0, 0, 0, 0, 0, 0, 0, 0, -1, 0, 0, 0, 0, 0, 0, 0, 0, 0, 0, 0, 0], [1, 1, 1, 1, 1, 1, 1, 1, 1, 1, 1, 1, 1, 1, 1, 1, 1, 1, 1, 1, -1, 1, 1, 1, 1, 1, 1, 1, 1, 1, 1, 1], [0, 0, 0, 0, 0, 0, 0, 0, 0, 0, 0, 0, 0, 0, 0, 0, 0, 0, 0, 0, 0, -1, 0, 0, 0, 0, 0, 0, 0, 0, 0, 0], [0, 0, 0, 0, 0, 0, 0, 0, 0, 0, 0, 0, 0, 0, 0, 0, 0, 0, 0, 0, 0, 0, -1, 0, 0, 0, 0, 0, 0, 0, 0, 0], [0, 0, 0, 0, 0, 0, 0, 0, 0, 0, 0, 0, 0, 0, 0, 0, 0, 0, 0, 0, 0, 0, 0, -1, 0, 0, 0, 0, 0, 0, 0, 0], [0, 0, 0, 0, 0, 0, 0, 0, 0, 0, 0, 0, 0, 0, 0, 0, 0, 0, 0, 0, 0, 0, 0, 0, -1, 0, 0, 0, 0, 0, 0, 0], [0, 0, 0, 0, 0, 0, 0, 0, 0, 0, 0, 0, 0, 0, 0, 0, 0, 0, 0, 0, 0, 0, 0, 0, 0, -1, 0, 0, 0, 0, 0, 0], [0, 0, 0, 0, 0, 0, 0, 0, 0, 0, 0, 0, 0, 0, 0, 0, 0, 0, 0, 0, 0, 0, 0, 0, 0, 0, -1, 0, 0, 0, 0, 0], [0, 0, 0, 0, 0, 0, 0, 0, 0, 0, 0, 0, 0, 0, 0, 0, 0, 0, 0, 0, 0, 0, 0, 0, 0, 0, 0, -1, 0, 0, 0, 0], [0, 0, 0, 0, 0, 0, 0, 0, 0, 0, 0, 0, 0, 0, 0, 0, 0, 0, 0, 0, 0, 0, 0, 0, 0, 0, 0, 0, -1, 0, 0, 0], [0, 0, 0, 0, 0, 0, 0, 0, 0, 0, 0, 0, 0, 0, 0, 0, 0, 0, 0, 0, 0, 0, 0, 0, 0, 0, 0, 0, 0, -1, 0, 0], [1, 1, 1, 1, 1, 1, 1, 1, 1, 1, 1, 1, 1, 1, 1, 1, 1, 1, 1, 1, 1, 1, 1, 1, 1, 1, 1, 1, 1, 1, -1, 1], [2, 2, 2, 2, 2, 2, 2, 2, 2, 2, 2, 2, 2, 2, 2, 2, 2, 2, 2, 2, 2, 2, 2, 2, 2, 2, 2, 2, 2, 2, 2, -1]], "speed_zone_count": 73, "speed_zones": [[0.0, 15.0], [15.0, 30.0], [30.0, 45.0], [45.0, 60.0], [60.0, 75.0], [75.0, 90.0], [90.0, 105.0], [105.0, 120.0], [120.0, 135.0], [135.0, 150.0], [150.0, 165.0], [165.0, 180.0], [180.0, 195.0], [195.0, 210.0], [210.0, 225.0], [225.0, 240.0], [240.0, 255.0], [255.0, 270.0], [270.0, 285.0], [285.0, 300.0], [300.0, 315.0], [315.0, 330.0], [330.0, 345.0], [345.0, 360.0], [360.0, 375.0], [375.0, 390.0], [390.0, 405.0], [405.0, 420.0], [420.0, 435.0], [435.0, 450.0], [450.0, 465.0], [465.0, 480.0], [480.0, 495.0], [495.0, 510.0], [510.0, 525.0], [525.0, 540.0], [540.0, 555.0], [555.0, 570.0], [570.0, 585.0], [585.0, 600.0], [600.0, 615.0], [615.0, 630.0], [630.0, 645.0], [645.0, 660.0], [660.0, 675.0], [675.0, 690.0], [690.0, 705.0], [705.0, 720.0], [720.0, 735.0], [735.0, 750.0], [750.0, 765.0], [765.0, 780.0], [780.0, 795.0], [795.0, 810.0], [810.0, 825.0], [825.0, 840.0], [840.0, 855.0], [855.0, 870.0], [870.0, 885.0], [885.0, 900.0], [900.0, 915.0], [915.0, 930.0], [930.0, 945.0], [945.0, 960.0], [960.0, 975.0], [975.0, 990.0], [990.0, 1005.0], [1005.0, 1020.0], [1020.0, 1035.0], [1035.0, 1050.0], [1050.0, 1065.0], [1065.0, 1080.0], [1080.0, 5000.0]], "distances": [[0.0, 72.26, 70.65, 86.82, 71.28, 71.93, 68.07, 79.03, 70.38, 69.26, 78.02, 73.72, 59.45, 55.15, 70.21, 81.2, 75.43, 63.01, 53.28, 72.4, 78.57, 69.81, 65.93, 69.39, 71.04, 69.31, 72.01, 72.64, 71.74, 64.57, 91.57, 0.0], [0.0, 0.0, 7.0, 21.07, 6.11, 9.04, 4.5, 6.77, 6.76, 5.93, 17.68, 10.34, 12.81, 26.05, 6.6, 13.26, 11.87, 9.58, 20.19, 11.52, 19.23, 10.46, 6.64, 11.17, 10.63, 7.87, 7.0, 5.83, 7.17, 8.05, 20.64, 72.26], [0.0, 7.0, 0.0, 17.88, 12.73, 7.68, 5.63, 11.03, 9.56, 9.7, 12.01, 4.8, 12.88, 29.65, 9.53, 10.83, 7.45, 8.57, 21.48, 10.92, 13.47, 6.21, 6.54, 7.78, 10.57, 10.9, 9.02, 12.72, 13.89, 7.32, 20.92, 70.65], [0.0, 21.07, 17.88, 0.0, 26.69, 21.9, 22.82, 17.78, 18.26, 19.89, 9.15, 17.68, 30.76, 46.89, 18.5, 7.81, 18.19, 26.43, 39.35, 24.36, 9.19, 22.27, 24.28, 23.69, 24.94, 18.84, 16.63, 25.85, 27.48, 25.19, 10.31, 86.82], [0.0, 6.11, 12.73, 26.69, 0.0, 5.27, 8.13, 9.96, 12.43, 11.16, 23.79, 9.6, 12.96, 21.55, 12.22, 18.91, 8.5, 11.6, 18.08, 9.45, 25.34, 6.64, 9.41, 5.26, 11.15, 13.29, 12.97, 10.33, 11.63, 10.49, 24.67, 71.28], [0.0, 9.04, 7.68, 21.9, 5.27, 0.0, 4.54, 7.14, 7.42, 6.46, 18.53, 4.39, 12.49, 25.28, 7.25, 14.09, 11.92, 9.49, 19.65, 11.56, 20.08, 9.09, 6.6, 10.41, 10.67, 8.47, 7.77, 5.06, 6.35, 7.99, 21.27, 71.93], [0.0, 4.5, 5.63, 22.82, 8.13, 4.54, 0.0, 11.1, 5.24, 10.43, 17.62, 5.84, 8.78, 24.2, 4.98, 15.26, 7.38, 5.14, 16.85, 7.02, 19.1, 10.54, 10.86, 11.21, 6.13, 5.63, 6.49, 8.59, 9.31, 11.66, 24.08, 68.07], [0.0, 6.77, 11.03, 17.78, 9.96, 7.14, 11.1, 0.0, 11.03, 11.16, 17.56, 6.31, 19.58, 31.47, 11.02, 10.53, 14.0, 16.24, 26.72, 7.83, 19.05, 9.23, 13.27, 9.69, 8.93, 12.38, 10.17, 8.79, 10.42, 14.68, 14.71, 79.03], [0.0, 6.76, 9.56, 18.26, 12.43, 7.42, 5.24, 11.03, 0.0, 9.65, 12.41, 4.76, 12.51, 29.25, 9.48, 11.17, 7.39, 8.19, 21.1, 10.66, 13.87, 5.87, 6.14, 7.43, 10.27, 10.85, 8.97, 12.45, 13.59, 6.94, 21.19, 70.38], [0.0, 5.93, 9.7, 19.89, 11.16, 6.46, 10.43, 11.16, 9.65, 0.0, 14.12, 4.9, 10.93, 27.52, 9.62, 12.65, 7.35, 6.66, 19.47, 9.58, 15.58, 4.53, 4.43, 6.01, 9.03, 10.48, 9.11, 11.33, 12.34, 5.31, 22.36, 69.26], [0.0, 17.68, 12.01, 9.15, 23.79, 18.53, 17.62, 17.56, 12.41, 14.12, 0.0, 14.22, 24.1, 41.57, 12.67, 8.2, 15.98, 19.86, 32.74, 21.62, 17.64, 17.86, 18.42, 19.45, 21.71, 12.39, 11.2, 23.38, 24.83, 18.94, 17.61, 78.02], [0.0, 10.34, 4.8, 17.68, 9.6, 4.39, 5.84, 6.31, 4.76, 4.9, 14.22, 0.0, 14.61, 29.26, 4.72, 9.9, 10.36, 10.72, 22.63, 7.4, 15.78, 4.7, 7.86, 6.02, 7.58, 6.1, 4.21, 9.16, 10.62, 9.17, 18.24, 73.72], [0.0, 12.81, 12.88, 30.76, 12.96, 12.49, 8.78, 19.58, 12.51, 10.93, 24.1, 14.61, 0.0, 18.17, 12.27, 23.57, 16.04, 4.33, 8.67, 13.4, 25.38, 10.39, 6.78, 9.97, 12.06, 11.98, 14.16, 14.13, 13.81, 5.63, 32.84, 59.45], [0.0, 26.05, 29.65, 46.89, 21.55, 25.28, 24.2, 31.47, 29.25, 27.52, 41.57, 29.26, 18.17, 0.0, 28.98, 39.16, 29.31, 21.96, 11.05, 23.65, 42.96, 24.62, 23.15, 23.24, 22.64, 29.18, 30.67, 22.82, 21.3, 22.67, 46.18, 55.15], [0.0, 6.6, 9.53, 18.5, 12.22, 7.25, 4.98, 11.02, 9.48, 9.62, 12.67, 4.72, 12.27, 28.98, 0.0, 11.39, 7.35, 7.96, 20.85, 10.47, 14.13, 5.65, 5.88, 7.2, 10.06, 10.61, 8.94, 12.26, 13.38, 6.69, 21.35, 70.21], [0.0, 13.26, 10.83, 7.81, 18.91, 14.09, 15.26, 10.53, 11.17, 12.65, 8.2, 9.9, 23.57, 39.16, 11.39, 0.0, 10.42, 19.31, 32.02, 16.59, 9.44, 14.54, 16.9, 15.92, 17.14, 12.03, 9.49, 18.12, 19.74, 17.94, 10.88, 81.2], [0.0, 11.87, 7.45, 18.19, 8.5, 11.92, 7.38, 14.0, 7.39, 7.35, 15.98, 10.36, 16.04, 29.31, 7.35, 10.42, 0.0, 12.5, 23.59, 6.17, 17.54, 5.66, 9.54, 6.46, 6.81, 8.73, 6.81, 7.73, 9.33, 10.93, 17.23, 75.43], [0.0, 9.58, 8.57, 26.43, 11.6, 9.49, 5.14, 16.24, 8.19, 6.66, 19.86, 10.72, 4.33, 21.96, 7.96, 19.31, 12.5, 0.0, 12.98, 11.28, 21.18, 7.08, 11.09, 7.23, 10.08, 7.66, 9.85, 12.48, 12.66, 9.96, 28.83, 63.01], [0.0, 20.19, 21.48, 39.35, 18.08, 19.65, 16.85, 26.72, 21.1, 19.47, 32.74, 22.63, 8.67, 11.05, 20.85, 32.02, 23.59, 12.98, 0.0, 19.42, 33.99, 18.05, 15.13, 17.15, 18.1, 20.64, 22.72, 19.45, 18.47, 14.16, 40.77, 53.28], [0.0, 11.52, 10.92, 24.36, 9.45, 11.56, 7.02, 7.83, 10.66, 9.58, 21.62, 7.4, 13.4, 23.65, 10.47, 16.59, 6.17, 11.28, 19.42, 0.0, 23.18, 5.19, 8.71, 4.19, 9.7, 11.65, 11.01, 9.89, 10.63, 9.97, 22.53, 72.4], [0.0, 19.23, 13.47, 9.19, 25.34, 20.08, 19.1, 19.05, 13.87, 15.58, 17.64, 15.78, 25.38, 42.96, 14.13, 9.44, 17.54, 21.18, 33.99, 23.18, 0.0, 19.38, 19.84, 20.97, 23.26, 13.79, 12.71, 24.94, 26.39, 20.31, 18.28, 78.57], [0.0, 10.46, 6.21, 22.27, 6.64, 9.09, 10.54, 9.23, 5.87, 4.53, 17.86, 4.7, 10.39, 24.62, 5.65, 14.54, 5.66, 7.08, 18.05, 5.19, 19.38, 0.0, 8.96, 9.38, 4.51, 6.66, 6.7, 6.87, 7.82, 5.55, 22.72, 69.81], [0.0, 6.64, 6.54, 24.28, 9.41, 6.6, 10.86, 13.27, 6.14, 4.43, 18.42, 7.86, 6.78, 23.15, 5.88, 16.9, 9.54, 11.09, 15.13, 8.71, 19.84, 8.96, 0.0, 4.53, 7.63, 6.05, 7.67, 10.1, 10.56, 9.74, 26.07, 65.93], [0.0, 11.17, 7.78, 23.69, 5.26, 10.41, 11.21, 9.69, 7.43, 6.01, 19.45, 6.02, 9.97, 23.24, 7.2, 15.92, 6.46, 7.23, 17.15, 4.19, 20.97, 9.38, 4.53, 0.0, 12.17, 8.15, 8.29, 5.69, 6.44, 5.84, 23.68, 69.39], [0.0, 10.63, 10.57, 24.94, 11.15, 10.67, 6.13, 8.93, 10.27, 9.03, 21.71, 7.58, 12.06, 22.64, 10.06, 17.14, 6.81, 10.08, 18.1, 9.7, 23.26, 4.51, 7.63, 12.17, 0.0, 11.15, 10.83, 11.38, 12.33, 8.83, 23.57, 71.04], [0.0, 7.87, 10.9, 18.84, 13.29, 8.47, 5.63, 12.38, 10.85, 10.48, 12.39, 6.1, 11.98, 29.18, 10.61, 12.03, 8.73, 7.66, 20.64, 11.65, 13.79, 6.66, 6.05, 8.15, 11.15, 0.0, 10.31, 13.41, 14.46, 6.58, 22.28, 69.31], [0.0, 7.0, 9.02, 16.63, 12.97, 7.77, 6.49, 10.17, 8.97, 9.11, 11.2, 4.21, 14.16, 30.67, 8.94, 9.49, 6.81, 9.85, 22.72, 11.01, 12.71, 6.7, 7.67, 8.29, 10.83, 10.31, 0.0, 12.82, 14.09, 8.56, 19.57, 72.01], [0.0, 5.83, 12.72, 25.85, 10.33, 5.06, 8.59, 8.79, 12.45, 11.33, 23.38, 9.16, 14.13, 22.82, 12.26, 18.12, 7.73, 12.48, 19.45, 9.89, 24.94, 6.87, 10.1, 5.69, 11.38, 13.41, 12.82, 0.0, 11.41, 11.27, 23.46, 72.64], [0.0, 7.17, 13.89, 27.48, 11.63, 6.35, 9.31, 10.42, 13.59, 12.34, 24.83, 10.62, 13.81, 21.3, 13.38, 19.74, 9.33, 12.66, 18.47, 10.63, 26.39, 7.82, 10.56, 6.44, 12.33, 14.46, 14.09, 11.41, 0.0, 11.61, 25.06, 71.74], [0.0, 8.05, 7.32, 25.19, 10.49, 7.99, 11.66, 14.68, 6.94, 5.31, 18.94, 9.17, 5.63, 22.67, 6.69, 17.94, 10.93, 9.96, 14.16, 9.97, 20.31, 5.55, 9.74, 5.84, 8.83, 6.58, 8.56, 11.27, 11.61, 0.0, 27.33, 64.57], [0.0, 20.64, 20.92, 10.31, 24.67, 21.27, 24.08, 14.71, 21.19, 22.36, 17.61, 18.24, 32.84, 46.18, 21.35, 10.88, 17.23, 28.83, 40.77, 22.53, 18.28, 22.72, 26.07, 23.68, 23.57, 22.28, 19.57, 23.46, 25.06, 27.33, 0.0, 91.57], [0.0, 0.0, 0.0, 0.0, 0.0, 0.0, 0.0, 0.0, 0.0, 0.0, 0.0, 0.0, 0.0, 0.0, 0.0, 0.0, 0.0, 0.0, 0.0, 0.0, 0.0, 0.0, 0.0, 0.0, 0.0, 0.0, 0.0, 0.0, 0.0, 0.0, 0.0, 0.0]], "time_windows": [[0.0, 5000.0], [0.0, 121.0], [0.0, 130.0], [0.0, 151.0], [0.0, 201.0], [0.0, 212.0], [0.0, 222.0], [0.0, 260.0], [0.0, 292.0], [0.0, 319.0], [0.0, 351.0], [0.0, 378.0], [0.0, 403.0], [0.0, 432.0], [0.0, 488.0], [0.0, 518.0], [0.0, 552.0], [0.0, 588.0], [0.0, 617.0], [0.0, 653.0], [0.0, 690.0], [0.0, 717.0], [0.0, 730.0], [0.0, 736.0], [0.0, 752.0], [0.0, 767.0], [0.0, 784.0], [0.0, 804.0], [0.0, 820.0], [0.0, 846.0], [0.0, 901.0], [0.0, 5000.0]], "start_depot": 0, "end_depot": 31, "horizon": [0.0, 5000.0]}