{"digraph": {"vertex_count": 32, "arc_count": 930, "arcs": [[0, 1, 1, 1, 1, 1, 1, 1, 1, 1, 1, 1, 1, 1, 1, 1, 1, 1, 1, 1, 1, 1, 1, 1, 1, 1, 1, 1, 1, 1, 1, 1], [0, 0, 1, 1, 1, 1, 1, 1, 1, 1, 1, 1, 1, 1, 1, 1, 1, 1, 1, 1, 1, 1, 1, 1, 1, 1, 1, 1, 1, 1, 1, 1], [0, 1, 0, 1, 1, 1, 1, 1, 1, 1, 1, 1, 1, 1, 1, 1, 1, 1, 1, 1, 1, 1, 1, 1, 1, 1, 1, 1, 1, 1, 1, 1], [0, 1, 1, 0, 1, 1, 1, 1, 1, 1, 1, 1, 1, 1, 1, 1, 1, 1, 1, 1, 1, 1, 1, 1, 1, 1, 1, 1, 1, 1, 1, 1], [0, 1, 1, 1, 0, 1, 1, 1, 1, 1, 1, 1, 1, 1, 1, 1, 1, 1, 1, 1, 1, 1, 1, 1, 1, 1, 1, 1, 1, 1, 1, 1], [0, 1, 1, 1, 1, 0, 1, 1, 1, 1, 1, 1, 1, 1, 1, 1, 1, 1, 1, 1, 1, 1, 1, 1, 1, 1, 1, 1, 1, 1, 1, 1], [0, 1, 1, 1, 1, 1, 0, 1, 1, 1, 1, 1, 1, 1, 1, 1, 1, 1, 1, 1, 1, 1, 1, 1, 1, 1, 1, 1, 1, 1, 1, 1], [0, 1, 1, 1, 1, 1, 1, 0, 1, 1, 1, 1, 1, 1, 1, 1, 1, 1, 1, 1, 1, 1, 1, 1, 1, 1, 1, 1, 1, 1, 1, 1], [0, 1, 1, 1, 1, 1, 1, 1, 0, 1, 1, 1, 1, 1, 1, 1, 1, 1, 1, 1, 1, 1, 1, 1, 1, 1, 1, 1, 1, 1, 1, 1], [0, 1, 1, 1, 1, 1, 1, 1, 1, 0, 1, 1, 1, 1, 1, 1, 1, 1, 1, 1, 1, 1, 1, 1, 1, 1, 1, 1, 1, 1, 1, 1], [0, 1, 1, 1, 1, 1, 1, 1, 1, 1, 0, 1, 1, 1, 1, 1, 1, 1, 1, 1, 1, 1, 1, 1, 1, 1, 1, 1, 1, 1, 1, 1], [0, 1, 1, 1, 1, 1, 1, 1, 1, 1, 1, 0, 1, 1, 1, 1, 1, 1, 1, 1, 1, 1, 1, 1, 1, 1, 1, 1, 1, 1, 1, 1], [0, 1, 1, 1, 1, 1, 1, 1, 1, 1, 1, 1, 0, 1, 1, 1, 1, 1, 1, 1, 1, 1, 1, 1, 1, 1, 1, 1, 1, 1, 1, 1], [0, 1, 1, 1, 1, 1, 1, 1, 1, 1, 1, 1, 1, 0, 1, 1, 1, 1, 1, 1, 1, 1, 1, 1, 1, 1, 1, 1, 1, 1, 1, 1], [0, 1, 1, 1, 1, 1, 1, 1, 1, 1, 1, 1, 1, 1, 0, 1, 1, 1, 1, 1, 1, 1, 1, 1, 1, 1, 1, 1, 1, 1, 1, 1], [0, 1, 1, 1, 1, 1, 1, 1, 1, 1, 1, 1, 1, 1, 1, 0, 1, 1, 1, 1, 1, 1, 1, 1, 1, 1, 1, 1, 1, 1, 1, 1], [0, 1, 1, 1, 1, 1, 1, 1, 1, 1, 1, 1, 1, 1, 1, 1, 0, 1, 1, 1, 1, 1, 1, 1, 1, 1, 1, 1, 1, 1, 1, 1], [0, 1, 1, 1, 1, 1, 1, 1, 1, 1, 1, 1, 1, 1, 1, 1, 1, 0, 1, 1, 1, 1, 1, 1, 1, 1, 1, 1, 1, 1, 1, 1], [0, 1, 1, 1, 1, 1, 1, 1, 1, 1, 1, 1, 1, 1, 1, 1, 1, 1, 0, 1, 1, 1, 1, 1, 1, 1, 1, 1, 1, 1, 1, 1], [0, 1, 1, 1, 1, 1, 1, 1, 1, 1, 1, 1, 1, 1, 1, 1, 1, 1, 1, 0, 1, 1, 1, 1, 1, 1, 1, 1, 1, 1, 1, 1], [0, 1, 1, 1, 1, 1, 1, 1, 1, 1, 1, 1, 1, 1, 1, 1, 1, 1, 1, 1, 0, 1, 1, 1, 1, 1, 1, 1, 1, 1, 1, 1], [0, 1, 1, 1, 1, 1, 1, 1, 1, 1, 1, 1, 1, 1, 1, 1, 1, 1, 1, 1, 1, 0, 1, 1, 1, 1, 1, 1, 1, 1, 1, 1], [0, 1, 1, 1, 1, 1, 1, 1, 1, 1, 1, 1, 1, 1, 1, 1, 1, 1, 1, 1, 1, 1, 0, 1, 1, 1, 1, 1, 1, 1, 1, 1], [0, 1, 1, 1, 1, 1, 1, 1, 1, 1, 1, 1, 1, 1, 1, 1, 1, 1, 1, 1, 1, 1, 1, 0, 1, 1, 1, 1, 1, 1, 1, 1], [0, 1, 1, 1, 1, 1, 1, 1, 1, 1, 1, 1, 1, 1, 1, 1, 1, 1, 1, 1, 1, 1, 1, 1, 0, 1, 1, 1, 1, 1, 1, 1], [0, 1, 1, 1, 1, 1, 1, 1, 1, 1, 1, 1, 1, 1, 1, 1, 1, 1, 1, 1, 1, 1, 1, 1, 1, 0, 1, 1, 1, 1, 1, 1], [0, 1, 1, 1, 1, 1, 1, 1, 1, 1, 1, 1, 1, 1, 1, 1, 1, 1, 1, 1, 1, 1, 1, 1, 1, 1, 0, 1, 1, 1, 1, 1], [0, 1, 1, 1, 1, 1, 1, 1, 1, 1, 1, 1, 1, 1, 1, 1, 1, 1, 1, 1, 1, 1, 1, 1, 1, 1, 1, 0, 1, 1, 1, 1], [0, 1, 1, 1, 1, 1, 1, 1, 1, 1, 1, 1, 1, 1, 1, 1, 1, 1, 1, 1, 1, 1, 1, 1, 1, 1, 1, 1, 0, 1, 1, 1], [0, 1, 1, 1, 1, 1, 1, 1, 1, 1, 1, 1, 1, 1, 1, 1, 1, 1, 1, 1, 1, 1, 1, 1, 1, 1, 1, 1, 1, 0, 1, 1], [0, 1, 1, 1, 1, 1, 1, 1, 1, 1, 1, 1, 1, 1, 1, 1, 1, 1, 1, 1, 1, 1, 1, 1, 1, 1, 1, 1, 1, 1, 0, 1], [0, 0, 0, 0, 0, 0, 0, 0, 0, 0, 0, 0, 0, 0, 0, 0, 0, 0, 0, 0, 0, 0, 0, 0, 0, 0, 0, 0, 0, 0, 0, 0]]}, "cluster_count": 3, "cluster_speeds": [[0.925, 0.85, 0.925, 1.0, 0.8325, 0.765, 0.8325, 0.9, 0.4625, 0.425, 0.4625, 0.5, 0.30525, 0.2805, 0.30525, 0.33, 0.37, 0.34, 0.37, 0.4, 0.555, 0.51, 0.555, 0.6, 0.6475, 0.595, 0.6475, 0.7, 0.37, 0.34, 0.37, 0.4, 0.30525, 0.2805, 0.30525, 0.33, 0.4625, 0.425, 0.4625, 0.5, 0.6475, 0.595, 0.6475, 0.7, 0.74, 0.68, 0.74, 0.8, 0.6475, 0.595, 0.6475, 0.7, 0.4625, 0.425, 0.4625, 0.5, 0.555, 0.51, 0.555, 0.6, 0.6475, 0.595, 0.6475, 0.7, 0.8325, 0.765, 0.8325, 0.9, 0.925, 0.85, 0.925, 1.0, 1.0], [0.8325, 0.765, 0.8325, 0.9, 0.7492500000000001, 0.6885, 0.7492500000000001, 0.81, 0.41625, 0.3825, 0.41625, 0.45, 0.27472500000000005, 0.25245, 0.27472500000000005, 0.29700000000000004, 0.333, 0.30600000000000005, 0.333, 0.36000000000000004, 0.49950000000000006, 0.459, 0.49950000000000006, 0.54, 0.6475, 0.595, 0.6475, 0.7, 0.37, 0.34, 0.37, 0.4, 0.30525, 0.2805, 0.30525, 0.33, 0.4625, 0.425, 0.4625, 0.5, 0.6475, 0.595, 0.6475, 0.7, 0.74, 0.68, 0.74, 0.8, 0.58275, 0.5355, 0.58275, 0.63, 0.41625, 0.3825, 0.41625, 0.45, 0.49950000000000006, 0.459, 0.49950000000000006, 0.54, 0.58275, 0.5355, 0.58275, 0.63, 0.7492500000000001, 0.6885, 0.7492500000000001, 0.81, 0.8325, 0.765, 0.8325, 0.9, 0.9], [0.87875, 0.8075, 0.87875, 0.95, 0.790875, 0.72675, 0.790875, 0.855, 0.439375, 0.40375, 0.439375, 0.475, 0.2899875, 0.266475, 0.2899875, 0.3135, 0.3515, 0.323, 0.3515, 0.38, 0.52725, 0.4845, 0.52725, 0.57, 0.6475, 0.595, 0.6475, 0.7, 0.37, 0.34, 0.37, 0.4, 0.30525, 0.2805, 0.30525, 0.33, 0.4625, 0.425, 0.4625, 0.5, 0.6475, 0.595, 0.6475, 0.7, 0.74, 0.68, 0.74, 0.8, 0.6151249999999999, 0.5652499999999999, 0.6151249999999999, 0.6649999999999999, 0.439375, 0.40375, 0.439375, 0.475, 0.52725, 0.4845, 0.52725, 0.57, 0.6151249999999999, 0.5652499999999999, 0.6151249999999999, 0.6649999999999999, 0.790875, 0.72675, 0.790875, 0.855, 0.87875, 0.8075, 0.87875, 0.95, 0.95]], "clusters": [[-1, 2, 2, 2, 2, 2, 2, 2, 2, 2, 2, 2, 2, 2, 2, 2, 2, 2, 2, 2, 2, 2, 2, 2, 2, 2, 2, 2, 2, 2, 2, 2], [1, -1, 1, 1, 1, 1, 1, 1, 1, 1, 1, 1, 1, 1, 1, 1, 1, 1, 1, 1, 1, 1, 1, 1, 1, 1, 1, 1, 1, 1, 1, 1], [0, 0, -1, 0, 0, 0, 0, 0, 0, 0, 0, 0, 0, 0, 0, 0, 0, 0, 0, 0, 0, 0, 0, 0, 0, 0, 0, 0, 0, 0, 0, 0], [1, 1, 1, -1, 1, 1, 1, 1, 1, 1, 1, 1, 1, 1, 1, 1, 1, 1, 1, 1, 1, 1, 1, 1, 1, 1, 1, 1, 1, 1, 1, 1], [0, 0, 0, 0, -1, 0, 0, 0, 0, 0, 0, 0, 0, 0, 0, 0, 0, 0, 0, 0, 0, 0, 0, 0, 0, 0, 0, 0, 0, 0, 0, 0], [0, 0, 0, 0, 0, -1, 0, 0, 0, 0, 0, 0, 0, 0, 0, 0, 0, 0, 0, 0, 0, 0, 0, 0, 0, 0, 0, 0, 0, 0, 0, 0], [2, 2, 2, 2, 2, 2, -1, 2, 2, 2, 2, 2, 2, 2, 2, 2, 2, 2, 2, 2, 2, 2, 2, 2, 2, 2, 2, 2, 2, 2, 2, 2], [2, 2, 2, 2, 2, 2, 2, -1, 2, 2, 2, 2, 2, 2, 2, 2, 2, 2, 2, 2, 2, 2, 2, 2, 2, 2, 2, 2, 2, 2, 2, 2], [0, 0, 0, 0, 0, 0, 0, 0, -1, 0, 0, 0, 0, 0, 0, 0, 0, 0, 0, 0, 0, 0, 0, 0, 0, 0, 0, 0, 0, 0, 0, 0], [0, 0, 0, 0, 0, 0, 0, 0, 0, -1, 0, 0, 0, 0, 0, 0, 0, 0, 0, 0, 0, 0, 0, 0, 0, 0, 0, 0, 0, 0, 0, 0], [1, 1, 1, 1, 1, 1, 1, 1, 1, 1, -1, 1, 1, 1, 1, 1, 1, 1, 1, 1, 1, 1, 1, 1, 1, 1, 1, 1, 1, 1, 1, 1], [0, 0, 0, 0, 0, 0, 0, 0, 0, 0, 0, -1, 0, 0, 0, 0, 0, 0, 0, 0, 0, 0, 0, 0, 0, 0, 0, 0, 0, 0, 0, 0], [0, 0, 0, 0, 0, 0, 0, 0, 0, 0, 0, 0, -1, 0, 0, 0, 0, 0, 0, 0, 0, 0, 0, 0, 0, 0, 0, 0, 0, 0, 0, 0], [0, 0, 0, 0, 0, 0, 0, 0, 0, 0, 0, 0, 0, -1, 0, 0, 0, 0, 0, 0, 0, 0, 0, 0, 0, 0, 0, 0, 0, 0, 0, 0], [0, 0, 0, 0, 0, 0, 0, 0, 0, 0, 0, 0, 0, 0, -1, 0, 0, 0, 0, 0, 0, 0, 0, 0, 0, 0, 0, 0, 0, 0, 0, 0], [0, 0, 0, 0, 0, 0, 0, 0, 0, 0, 0, 0, 0, 0, 0, -1, 0, 0, 0, 0, 0, 0, 0, 0, 0, 0, 0, 0, 0, 0, 0, 0], [0, 0, 0, 0, 0, 0, 0, 0, 0, 0, 0, 0, 0, 0, 0, 0, -1, 0, 0, 0, 0, 0, 0, 0, 0, 0, 0, 0, 0, 0, 0, 0], [0, 0, 0, 0, 0, 0, 0, 0, 0, 0, 0, 0, 0, 0, 0, 0, 0, -1, 0, 0, 0, 0, 0, 0, 0, 0, 0, 0, 0, 0, 0, 0], [0, 0, 0, 0, 0, 0, 0, 0, 0, 0, 0, 0, 0, 0, 0, 0, 0, 0, -1, 0, 0, 0, 0, 0, 0, 0, 0, 0, 0, 0, 0, 0], [0, 0, 0, 0, 0, 0, 0, 0, 0, 0, 0, 0, 0, 0, 0, 0, 0, 0, 0, -1, 0, 0, 0, 0, 0, 0, 0, 0, 0, 0, 0, 0], [0, 0, 0, 0, 0, 0, 0, 0, 0, 0, 0, 0, 0, 0, 0, 0, 0, 0, 0, 0, -1, 0, 0, 0, 0, 0, 0, 0, 0, 0, 0, 0], [0, 0, 0, 0, 0, 0, 0, 0, 0, 0, 0, 0, 0, 0, 0, 0, 0, 0, 0, 0, 0, -1, 0, 0, 0, 0, 0, 0, 0, 0, 0, 0], [0, 0, 0, 0, 0, 0, 0, 0, 0, 0, 0, 0, 0, 0, 0, 0, 0, 0, 0, 0, 0, 0, -1, 0, 0, 0, 0, 0, 0, 0, 0, 0], [1, 1, 1, 1, 1, 1, 1, 1, 1, 1, 1, 1, 1, 1, 1, 1, 1, 1, 1, 1, 1, 1, 1, -1, 1, 1, 1, 1, 1, 1, 1, 1], [0, 0, 0, 0, 0, 0, 0, 0, 0, 0, 0, 0, 0, 0, 0, 0, 0, 0, 0, 0, 0, 0, 0, 0, -1, 0, 0, 0, 0, 0, 0, 0], [0, 0, 0, 0, 0, 0, 0, 0, 0, 0, 0, 0, 0, 0, 0, 0, 0, 0, 0, 0, 0, 0, 0, 0, 0, -1, 0, 0, 0, 0, 0, 0], [0, 0, 0, 0, 0, 0, 0, 0, 0, 0, 0, 0, 0, 0, 0, 0, 0, 0, 0, 0, 0, 0, 0, 0, 0, 0, -1, 0, 0, 0, 0, 0], [0, 0, 0, 0, 0, 0, 0, 0, 0, 0, 0, 0, 0, 0, 0, 0, 0, 0, 0, 0, 0, 0, 0, 0, 0, 0, 0, -1, 0, 0, 0, 0], [0, 0, 0, 0, 0, 0, 0, 0, 0, 0, 0, 0, 0, 0, 0, 0, 0, 0, 0, 0, 0, 0, 0, 0, 0, 0, 0, 0, -1, 0, 0, 0], [0, 0, 0, 0, 0, 0, 0, 0, 0, 0, 0, 0, 0, 0, 0, 0, 0, 0, 0, 0, 0, 0, 0, 0, 0, 0, 0, 0, 0, -1, 0, 0], [0, 0, 0, 0, 0, 0, 0, 0, 0, 0, 0, 0, 0, 0, 0, 0, 0, 0, 0, 0, 0, 0, 0, 0, 0, 0, 0, 0, 0, 0, -1, 0], [2, 2, 2, 2, 2, 2, 2, 2, 2, 2, 2, 2, 2, 2, 2, 2, 2, 2, 2, 2, 2, 2, 2, 2, 2, 2, 2, 2, 2, 2, 2, -1]], "speed_zone_count": 73, "speed_zones": [[0.0, 15.0], [15.0, 30.0], [30.0, 45.0], [45.0, 60.0], [60.0, 75.0], [75.0, 90.0], [90.0, 105.0], [105.0, 120.0], [120.0, 135.0], [135.0, 150.0], [150.0, 165.0], [165.0, 180.0], [180.0, 195.0], [195.0, 210.0], [210.0, 225.0], [225.0, 240.0], [240.0, 255.0], [255.0, 270.0], [270.0, 285.0], [285.0, 300.0], [300.0, 315.0], [315.0, 330.0], [330.0, 345.0], [345.0, 360.0], [360.0, 375.0], [375.0, 390.0], [390.0, 405.0], [405.0, 420.0], [420.0, 435.0], [435.0, 450.0], [450.0, 465.0], [465.0, 480.0], [480.0, 495.0], [495.0, 510.0], [510.0, 525.0], [525.0, 540.0], [540.0, 555.0], [555.0, 570.0], [570.0, 585.0], [585.0, 600.0], [600.0, 615.0], [615.0, 630.0], [630.0, 645.0], [645.0, 660.0], [660.0, 675.0], [675.0, 690.0], [690.0, 705.0], [705.0, 720.0], [720.0, 735.0], [735.0, 750.0], [750.0, 765.0], [765.0, 780.0], [780.0, 795.0], [795.0, 810.0], [810.0, 825.0], [825.0, 840.0], [840.0, 855.0], [855.0, 870.0], [870.0, 885.0], [885.0, 900.0], [900.0, 915.0], [915.0, 930.0], [930.0, 945.0], [945.0, 960.0], [960.0, 975.0], [975.0, 990.0], [990.0, 1005.0], [1005.0, 1020.0], [1020.0, 1035.0], [1035.0, 1050.0], [1050.0, 1065.0], [1065.0, 1080.0], [1080.0, 5000.0]], "distances": [[0.0, 77.18, 78.57, 78.91, 60.56, 72.07, 79.27, 86.06, 74.49, 63.9, 52.43, 81.48, 76.53, 71.72, 66.14, 58.2, 75.45, 85.12, 68.46, 69.18, 69.09, 64.91, 64.43, 67.78, 63.95, 84.68, 64.43, 60.84, 73.66, 73.8, 78.09, 0.0], [0.0, 0.0, 16.13, 6.38, 22.03, 30.5, 6.36, 12.44, 21.38, 23.54, 31.07, 22.32, 10.42, 20.71, 19.01, 25.71, 21.25, 21.21, 15.0, 28.85, 10.96, 27.12, 31.1, 41.87, 31.5, 20.33, 19.98, 29.11, 27.05, 8.78, 22.08, 77.18], [0.0, 16.13, 0.0, 10.07, 18.02, 16.32, 22.31, 26.76, 6.98, 15.51, 26.77, 6.34, 5.89, 8.31, 12.45, 20.68, 6.35, 7.2, 10.5, 15.94, 12.25, 16.79, 19.96, 28.61, 20.5, 6.51, 14.17, 20.42, 12.47, 8.93, 6.16, 78.57], [0.0, 6.38, 10.07, 0.0, 20.52, 25.49, 12.3, 16.88, 16.08, 20.59, 29.93, 16.09, 5.01, 16.02, 16.2, 24.05, 15.77, 14.83, 12.33, 24.32, 9.96, 23.5, 27.31, 37.39, 27.77, 13.95, 17.57, 26.19, 21.83, 5.56, 16.19, 78.91], [0.0, 22.03, 18.02, 20.52, 0.0, 17.22, 27.33, 34.28, 14.68, 5.29, 9.42, 21.42, 16.79, 11.79, 5.59, 11.11, 15.56, 24.67, 8.39, 13.96, 11.13, 9.32, 12.66, 24.06, 12.76, 24.17, 13.63, 8.59, 16.32, 14.97, 18.24, 60.56], [0.0, 30.5, 16.32, 25.49, 17.22, 0.0, 36.85, 42.33, 9.48, 11.93, 20.77, 13.63, 20.51, 9.82, 14.31, 16.81, 9.98, 18.22, 17.05, 12.64, 21.62, 8.34, 7.64, 12.36, 8.12, 18.39, 14.87, 11.76, 15.23, 21.76, 10.87, 72.07], [0.0, 6.36, 22.31, 12.3, 27.33, 36.85, 0.0, 7.23, 27.75, 29.43, 35.94, 28.39, 16.73, 27.04, 24.93, 30.99, 27.6, 26.83, 20.99, 35.13, 16.64, 33.19, 37.19, 48.11, 37.57, 25.96, 25.74, 34.91, 33.41, 15.1, 28.35, 79.27], [0.0, 12.44, 26.76, 16.88, 34.28, 42.33, 7.23, 0.0, 32.95, 35.98, 43.06, 32.3, 21.82, 32.7, 31.45, 37.96, 32.64, 29.85, 27.43, 40.96, 23.34, 39.51, 43.47, 54.04, 43.88, 29.03, 32.4, 41.54, 38.7, 21.0, 32.92, 86.06], [0.0, 21.38, 6.98, 16.08, 14.68, 9.48, 27.75, 32.95, 0.0, 10.59, 22.08, 6.99, 11.15, 12.45, 9.47, 16.35, 11.91, 11.04, 10.05, 8.98, 13.95, 10.53, 13.23, 21.68, 13.79, 10.83, 10.95, 14.5, 5.75, 12.85, 12.81, 74.49], [0.0, 23.54, 15.51, 20.59, 5.29, 11.93, 29.43, 35.98, 10.59, 0.0, 11.52, 17.58, 16.07, 7.84, 4.54, 5.81, 11.55, 21.37, 8.56, 8.69, 12.81, 4.34, 8.18, 19.68, 8.43, 21.02, 12.43, 5.62, 11.19, 15.31, 14.19, 63.9], [0.0, 31.07, 26.77, 29.93, 9.42, 20.77, 35.94, 43.06, 22.08, 11.52, 0.0, 29.08, 26.16, 19.36, 14.49, 6.12, 23.05, 32.88, 17.78, 17.53, 20.37, 12.78, 13.57, 22.46, 13.27, 32.51, 12.82, 9.01, 21.57, 24.38, 25.67, 52.43], [0.0, 22.32, 6.34, 16.09, 21.42, 13.63, 28.39, 32.3, 6.99, 17.58, 29.08, 0.0, 12.23, 9.78, 15.96, 23.31, 6.03, 4.6, 15.35, 14.58, 18.09, 17.26, 19.39, 25.77, 19.96, 4.79, 17.57, 21.32, 10.0, 15.22, 12.42, 81.48], [0.0, 10.42, 5.89, 5.01, 16.79, 20.51, 16.73, 21.82, 11.15, 16.07, 26.16, 12.23, 0.0, 11.01, 11.89, 20.11, 10.91, 12.23, 8.4, 19.32, 7.84, 18.68, 22.41, 32.39, 22.89, 11.38, 13.43, 21.59, 16.89, 10.56, 11.66, 76.53], [0.0, 20.71, 8.31, 16.02, 11.79, 9.82, 27.04, 32.7, 12.45, 7.84, 19.36, 9.78, 11.01, 0.0, 6.64, 13.54, 12.86, 13.55, 7.8, 8.3, 12.11, 8.48, 11.75, 21.38, 12.27, 13.24, 8.07, 12.21, 6.7, 11.95, 6.48, 71.72], [0.0, 19.01, 12.45, 16.2, 5.59, 14.31, 24.93, 31.45, 9.47, 4.54, 14.49, 15.96, 11.89, 6.64, 0.0, 8.37, 10.27, 19.08, 13.0, 11.53, 8.36, 8.37, 12.37, 23.7, 12.71, 18.58, 14.71, 10.14, 12.35, 10.82, 12.91, 66.14], [0.0, 25.71, 20.68, 24.05, 11.11, 16.81, 30.99, 37.96, 16.35, 5.81, 6.12, 23.31, 20.11, 13.54, 8.37, 0.0, 17.3, 26.94, 11.77, 13.45, 14.8, 8.47, 10.88, 21.78, 10.82, 26.54, 6.71, 6.18, 16.75, 18.5, 19.97, 58.2], [0.0, 21.25, 6.35, 15.77, 15.56, 9.98, 27.6, 32.64, 11.91, 11.55, 23.05, 6.03, 10.91, 12.86, 10.27, 17.3, 0.0, 10.07, 10.57, 9.73, 14.27, 11.48, 14.1, 22.27, 14.67, 9.88, 11.79, 15.46, 6.16, 12.85, 12.51, 75.45], [0.0, 21.21, 7.2, 14.83, 24.67, 18.22, 26.83, 29.85, 11.04, 21.37, 32.88, 4.6, 12.23, 13.55, 19.08, 26.94, 10.07, 0.0, 17.62, 19.14, 19.38, 21.53, 23.89, 30.29, 24.46, 9.39, 20.77, 25.53, 14.6, 15.62, 7.81, 85.12], [0.0, 15.0, 10.5, 12.33, 8.39, 17.05, 20.99, 27.43, 10.05, 8.56, 17.78, 15.35, 8.4, 7.8, 13.0, 11.77, 10.57, 17.62, 0.0, 14.68, 4.64, 12.2, 16.21, 27.33, 16.57, 16.98, 5.24, 14.16, 14.4, 6.86, 12.87, 68.46], [0.0, 28.85, 15.94, 24.32, 13.96, 12.64, 35.13, 40.96, 8.98, 8.69, 17.53, 14.58, 19.32, 8.3, 11.53, 13.45, 9.73, 19.14, 14.68, 0.0, 19.32, 4.99, 5.0, 13.09, 5.56, 19.16, 11.87, 8.54, 4.79, 20.07, 11.38, 69.18], [0.0, 10.96, 12.25, 9.96, 11.13, 21.62, 16.64, 23.34, 13.95, 12.81, 20.37, 18.09, 7.84, 12.11, 8.36, 14.8, 14.27, 19.38, 4.64, 19.32, 0.0, 16.71, 20.72, 31.94, 21.06, 18.61, 9.1, 18.27, 18.8, 4.73, 16.21, 69.09], [0.0, 27.12, 16.79, 23.5, 9.32, 8.34, 33.19, 39.51, 10.53, 4.34, 12.78, 17.26, 18.68, 8.48, 8.37, 8.47, 11.48, 21.53, 12.2, 4.99, 16.71, 0.0, 9.98, 15.4, 4.38, 21.36, 8.09, 9.07, 8.81, 18.56, 13.82, 64.91], [0.0, 31.1, 19.96, 27.31, 12.66, 7.64, 37.19, 43.47, 13.23, 8.18, 13.57, 19.39, 22.41, 11.75, 12.37, 10.88, 14.1, 23.89, 16.21, 5.0, 20.72, 9.98, 0.0, 11.52, 9.53, 23.84, 12.0, 4.83, 9.79, 22.48, 16.08, 64.43], [0.0, 41.87, 28.61, 37.39, 24.06, 12.36, 48.11, 54.04, 21.68, 19.68, 22.46, 25.77, 32.39, 21.38, 23.7, 21.78, 22.27, 30.29, 27.33, 13.09, 31.94, 15.4, 11.52, 0.0, 11.33, 30.55, 23.48, 15.63, 16.22, 33.11, 23.2, 67.78], [0.0, 31.5, 20.5, 27.77, 12.76, 8.12, 37.57, 43.88, 13.79, 8.43, 13.27, 19.96, 22.89, 12.27, 12.71, 10.82, 14.67, 24.46, 16.57, 5.56, 21.06, 4.38, 9.53, 11.33, 0.0, 24.41, 12.27, 4.7, 10.35, 22.91, 16.65, 63.95], [0.0, 20.33, 6.51, 13.95, 24.17, 18.39, 25.96, 29.03, 10.83, 21.02, 32.51, 4.79, 11.38, 13.24, 18.58, 26.54, 9.88, 9.39, 16.98, 19.16, 18.61, 21.36, 23.84, 30.55, 24.41, 0.0, 20.28, 25.32, 14.7, 14.79, 7.78, 84.68], [0.0, 19.98, 14.17, 17.57, 13.63, 14.87, 25.74, 32.4, 10.95, 12.43, 12.82, 17.57, 13.43, 8.07, 14.71, 6.71, 11.79, 20.77, 5.24, 11.87, 9.1, 8.09, 12.0, 23.48, 12.27, 20.28, 0.0, 9.17, 13.3, 12.1, 14.46, 64.43], [0.0, 29.11, 20.42, 26.19, 8.59, 11.76, 34.91, 41.54, 14.5, 5.62, 9.01, 21.32, 21.59, 12.21, 10.14, 6.18, 15.46, 25.53, 14.16, 8.54, 18.27, 9.07, 4.83, 15.63, 4.7, 25.32, 9.17, 0.0, 12.82, 20.93, 17.88, 60.84], [0.0, 27.05, 12.47, 21.83, 16.32, 15.23, 33.41, 38.7, 5.75, 11.19, 21.57, 10.0, 16.89, 6.7, 12.35, 16.75, 6.16, 14.6, 14.4, 4.79, 18.8, 8.81, 9.79, 16.22, 10.35, 14.7, 13.3, 12.82, 0.0, 18.39, 7.06, 73.66], [0.0, 8.78, 8.93, 5.56, 14.97, 21.76, 15.1, 21.0, 12.85, 15.31, 24.38, 15.22, 10.56, 11.95, 10.82, 18.5, 12.85, 15.62, 6.86, 20.07, 4.73, 18.56, 22.48, 33.11, 22.91, 14.79, 12.1, 20.93, 18.39, 0.0, 14.13, 73.8], [0.0, 22.08, 6.16, 16.19, 18.24, 10.87, 28.35, 32.92, 12.81, 14.19, 25.67, 12.42, 11.66, 6.48, 12.91, 19.97, 12.51, 7.81, 12.87, 11.38, 16.21, 13.82, 16.08, 23.2, 16.65, 7.78, 14.46, 17.88, 7.06, 14.13, 0.0, 78.09], [0.0, 0.0, 0.0, 0.0, 0.0, 0.0, 0.0, 0.0, 0.0, 0.0, 0.0, 0.0, 0.0, 0.0, 0.0, 0.0, 0.0, 0.0, 0.0, 0.0, 0.0, 0.0, 0.0, 0.0, 0.0, 0.0, 0.0, 0.0, 0.0, 0.0, 0.0, 0.0]], "time_windows": [[0.0, 5000.0], [0.0, 128.0], [0.0, 147.0], [0.0, 158.0], [0.0, 202.0], [0.0, 247.0], [0.0, 348.0], [0.0, 362.0], [0.0, 418.0], [0.0, 435.0], [0.0, 452.0], [0.0, 525.0], [0.0, 566.0], [0.0, 594.0], [0.0, 609.0], [0.0, 627.0], [0.0, 657.0], [0.0, 674.0], [0.0, 700.0], [0.0, 720.0], [0.0, 747.0], [0.0, 770.0], [0.0, 786.0], [0.0, 804.0], [0.0, 820.0], [0.0, 874.0], [0.0, 912.0], [0.0, 928.0], [0.0, 949.0], [0.0, 979.0], [0.0, 999.0], [0.0, 5000.0]], "start_depot": 0, "end_depot": 31, "horizon": [0.0, 5000.0]}