{"digraph": {"vertex_count": 32, "arc_count": 930, "arcs": [[0, 1, 1, 1, 1, 1, 1, 1, 1, 1, 1, 1, 1, 1, 1, 1, 1, 1, 1, 1, 1, 1, 1, 1, 1, 1, 1, 1, 1, 1, 1, 1], [0, 0, 1, 1, 1, 1, 1, 1, 1, 1, 1, 1, 1, 1, 1, 1, 1, 1, 1, 1, 1, 1, 1, 1, 1, 1, 1, 1, 1, 1, 1, 1], [0, 1, 0, 1, 1, 1, 1, 1, 1, 1, 1, 1, 1, 1, 1, 1, 1, 1, 1, 1, 1, 1, 1, 1, 1, 1, 1, 1, 1, 1, 1, 1], [0, 1, 1, 0, 1, 1, 1, 1, 1, 1, 1, 1, 1, 1, 1, 1, 1, 1, 1, 1, 1, 1, 1, 1, 1, 1, 1, 1, 1, 1, 1, 1], [0, 1, 1, 1, 0, 1, 1, 1, 1, 1, 1, 1, 1, 1, 1, 1, 1, 1, 1, 1, 1, 1, 1, 1, 1, 1, 1, 1, 1, 1, 1, 1], [0, 1, 1, 1, 1, 0, 1, 1, 1, 1, 1, 1, 1, 1, 1, 1, 1, 1, 1, 1, 1, 1, 1, 1, 1, 1, 1, 1, 1, 1, 1, 1], [0, 1, 1, 1, 1, 1, 0, 1, 1, 1, 1, 1, 1, 1, 1, 1, 1, 1, 1, 1, 1, 1, 1, 1, 1, 1, 1, 1, 1, 1, 1, 1], [0, 1, 1, 1, 1, 1, 1, 0, 1, 1, 1, 1, 1, 1, 1, 1, 1, 1, 1, 1, 1, 1, 1, 1, 1, 1, 1, 1, 1, 1, 1, 1], [0, 1, 1, 1, 1, 1, 1, 1, 0, 1, 1, 1, 1, 1, 1, 1, 1, 1, 1, 1, 1, 1, 1, 1, 1, 1, 1, 1, 1, 1, 1, 1], [0, 1, 1, 1, 1, 1, 1, 1, 1, 0, 1, 1, 1, 1, 1, 1, 1, 1, 1, 1, 1, 1, 1, 1, 1, 1, 1, 1, 1, 1, 1, 1], [0, 1, 1, 1, 1, 1, 1, 1, 1, 1, 0, 1, 1, 1, 1, 1, 1, 1, 1, 1, 1, 1, 1, 1, 1, 1, 1, 1, 1, 1, 1, 1], [0, 1, 1, 1, 1, 1, 1, 1, 1, 1, 1, 0, 1, 1, 1, 1, 1, 1, 1, 1, 1, 1, 1, 1, 1, 1, 1, 1, 1, 1, 1, 1], [0, 1, 1, 1, 1, 1, 1, 1, 1, 1, 1, 1, 0, 1, 1, 1, 1, 1, 1, 1, 1, 1, 1, 1, 1, 1, 1, 1, 1, 1, 1, 1], [0, 1, 1, 1, 1, 1, 1, 1, 1, 1, 1, 1, 1, 0, 1, 1, 1, 1, 1, 1, 1, 1, 1, 1, 1, 1, 1, 1, 1, 1, 1, 1], [0, 1, 1, 1, 1, 1, 1, 1, 1, 1, 1, 1, 1, 1, 0, 1, 1, 1, 1, 1, 1, 1, 1, 1, 1, 1, 1, 1, 1, 1, 1, 1], [0, 1, 1, 1, 1, 1, 1, 1, 1, 1, 1, 1, 1, 1, 1, 0, 1, 1, 1, 1, 1, 1, 1, 1, 1, 1, 1, 1, 1, 1, 1, 1], [0, 1, 1, 1, 1, 1, 1, 1, 1, 1, 1, 1, 1, 1, 1, 1, 0, 1, 1, 1, 1, 1, 1, 1, 1, 1, 1, 1, 1, 1, 1, 1], [0, 1, 1, 1, 1, 1, 1, 1, 1, 1, 1, 1, 1, 1, 1, 1, 1, 0, 1, 1, 1, 1, 1, 1, 1, 1, 1, 1, 1, 1, 1, 1], [0, 1, 1, 1, 1, 1, 1, 1, 1, 1, 1, 1, 1, 1, 1, 1, 1, 1, 0, 1, 1, 1, 1, 1, 1, 1, 1, 1, 1, 1, 1, 1], [0, 1, 1, 1, 1, 1, 1, 1, 1, 1, 1, 1, 1, 1, 1, 1, 1, 1, 1, 0, 1, 1, 1, 1, 1, 1, 1, 1, 1, 1, 1, 1], [0, 1, 1, 1, 1, 1, 1, 1, 1, 1, 1, 1, 1, 1, 1, 1, 1, 1, 1, 1, 0, 1, 1, 1, 1, 1, 1, 1, 1, 1, 1, 1], [0, 1, 1, 1, 1, 1, 1, 1, 1, 1, 1, 1, 1, 1, 1, 1, 1, 1, 1, 1, 1, 0, 1, 1, 1, 1, 1, 1, 1, 1, 1, 1], [0, 1, 1, 1, 1, 1, 1, 1, 1, 1, 1, 1, 1, 1, 1, 1, 1, 1, 1, 1, 1, 1, 0, 1, 1, 1, 1, 1, 1, 1, 1, 1], [0, 1, 1, 1, 1, 1, 1, 1, 1, 1, 1, 1, 1, 1, 1, 1, 1, 1, 1, 1, 1, 1, 1, 0, 1, 1, 1, 1, 1, 1, 1, 1], [0, 1, 1, 1, 1, 1, 1, 1, 1, 1, 1, 1, 1, 1, 1, 1, 1, 1, 1, 1, 1, 1, 1, 1, 0, 1, 1, 1, 1, 1, 1, 1], [0, 1, 1, 1, 1, 1, 1, 1, 1, 1, 1, 1, 1, 1, 1, 1, 1, 1, 1, 1, 1, 1, 1, 1, 1, 0, 1, 1, 1, 1, 1, 1], [0, 1, 1, 1, 1, 1, 1, 1, 1, 1, 1, 1, 1, 1, 1, 1, 1, 1, 1, 1, 1, 1, 1, 1, 1, 1, 0, 1, 1, 1, 1, 1], [0, 1, 1, 1, 1, 1, 1, 1, 1, 1, 1, 1, 1, 1, 1, 1, 1, 1, 1, 1, 1, 1, 1, 1, 1, 1, 1, 0, 1, 1, 1, 1], [0, 1, 1, 1, 1, 1, 1, 1, 1, 1, 1, 1, 1, 1, 1, 1, 1, 1, 1, 1, 1, 1, 1, 1, 1, 1, 1, 1, 0, 1, 1, 1], [0, 1, 1, 1, 1, 1, 1, 1, 1, 1, 1, 1, 1, 1, 1, 1, 1, 1, 1, 1, 1, 1, 1, 1, 1, 1, 1, 1, 1, 0, 1, 1], [0, 1, 1, 1, 1, 1, 1, 1, 1, 1, 1, 1, 1, 1, 1, 1, 1, 1, 1, 1, 1, 1, 1, 1, 1, 1, 1, 1, 1, 1, 0, 1], [0, 0, 0, 0, 0, 0, 0, 0, 0, 0, 0, 0, 0, 0, 0, 0, 0, 0, 0, 0, 0, 0, 0, 0, 0, 0, 0, 0, 0, 0, 0, 0]]}, "cluster_count": 3, "cluster_speeds": [[0.8325, 0.765, 0.8325, 0.9, 0.7492500000000001, 0.6885, 0.7492500000000001, 0.81, 0.41625, 0.3825, 0.41625, 0.45, 0.27472500000000005, 0.25245, 0.27472500000000005, 0.29700000000000004, 0.333, 0.30600000000000005, 0.333, 0.36000000000000004, 0.49950000000000006, 0.459, 0.49950000000000006, 0.54, 0.6475, 0.595, 0.6475, 0.7, 0.37, 0.34, 0.37, 0.4, 0.30525, 0.2805, 0.30525, 0.33, 0.4625, 0.425, 0.4625, 0.5, 0.6475, 0.595, 0.6475, 0.7, 0.74, 0.68, 0.74, 0.8, 0.58275, 0.5355, 0.58275, 0.63, 0.41625, 0.3825, 0.41625, 0.45, 0.49950000000000006, 0.459, 0.49950000000000006, 0.54, 0.58275, 0.5355, 0.58275, 0.63, 0.7492500000000001, 0.6885, 0.7492500000000001, 0.81, 0.8325, 0.765, 0.8325, 0.9, 0.9], [0.87875, 0.8075, 0.87875, 0.95, 0.790875, 0.72675, 0.790875, 0.855, 0.439375, 0.40375, 0.439375, 0.475, 0.2899875, 0.266475, 0.2899875, 0.3135, 0.3515, 0.323, 0.3515, 0.38, 0.52725, 0.4845, 0.52725, 0.57, 0.6475, 0.595, 0.6475, 0.7, 0.37, 0.34, 0.37, 0.4, 0.30525, 0.2805, 0.30525, 0.33, 0.4625, 0.425, 0.4625, 0.5, 0.6475, 0.595, 0.6475, 0.7, 0.74, 0.68, 0.74, 0.8, 0.6151249999999999, 0.5652499999999999, 0.6151249999999999, 0.6649999999999999, 0.439375, 0.40375, 0.439375, 0.475, 0.52725, 0.4845, 0.52725, 0.57, 0.6151249999999999, 0.5652499999999999, 0.6151249999999999, 0.6649999999999999, 0.790875, 0.72675, 0.790875, 0.855, 0.87875, 0.8075, 0.87875, 0.95, 0.95], [0.925, 0.85, 0.925, 1.0, 0.8325, 0.765, 0.8325, 0.9, 0.4625, 0.425, 0.4625, 0.5, 0.30525, 0.2805, 0.30525, 0.33, 0.37, 0.34, 0.37, 0.4, 0.555, 0.51, 0.555, 0.6, 0.6475, 0.595, 0.6475, 0.7, 0.37, 0.34, 0.37, 0.4, 0.30525, 0.2805, 0.30525, 0.33, 0.4625, 0.425, 0.4625, 0.5, 0.6475, 0.595, 0.6475, 0.7, 0.74, 0.68, 0.74, 0.8, 0.6475, 0.595, 0.6475, 0.7, 0.4625, 0.425, 0.4625, 0.5, 0.555, 0.51, 0.555, 0.6, 0.6475, 0.595, 0.6475, 0.7, 0.8325, 0.765, 0.8325, 0.9, 0.925, 0.85, 0.925, 1.0, 1.0]], "clusters": [[-1, 2, 2, 2, 2, 2, 2, 2, 2, 2, 2, 2, 2, 2, 2, 2, 2, 2, 2, 2, 2, 2, 2, 2, 2, 2, 2, 2, 2, 2, 2, 2], [0, -1, 0, 0, 0, 0, 0, 0, 0, 0, 0, 0, 0, 0, 0, 0, 0, 0, 0, 0, 0, 0, 0, 0, 0, 0, 0, 0, 0, 0, 0, 0], [0, 0, -1, 0, 0, 0, 0, 0, 0, 0, 0, 0, 0, 0, 0, 0, 0, 0, 0, 0, 0, 0, 0, 0, 0, 0, 0, 0, 0, 0, 0, 0], [1, 1, 1, -1, 1, 1, 1, 1, 1, 1, 1, 1, 1, 1, 1, 1, 1, 1, 1, 1, 1, 1, 1, 1, 1, 1, 1, 1, 1, 1, 1, 1], [0, 0, 0, 0, -1, 0, 0, 0, 0, 0, 0, 0, 0, 0, 0, 0, 0, 0, 0, 0, 0, 0, 0, 0, 0, 0, 0, 0, 0, 0, 0, 0], [0, 0, 0, 0, 0, -1, 0, 0, 0, 0, 0, 0, 0, 0, 0, 0, 0, 0, 0, 0, 0, 0, 0, 0, 0, 0, 0, 0, 0, 0, 0, 0], [0, 0, 0, 0, 0, 0, -1, 0, 0, 0, 0, 0, 0, 0, 0, 0, 0, 0, 0, 0, 0, 0, 0, 0, 0, 0, 0, 0, 0, 0, 0, 0], [0, 0, 0, 0, 0, 0, 0, -1, 0, 0, 0, 0, 0, 0, 0, 0, 0, 0, 0, 0, 0, 0, 0, 0, 0, 0, 0, 0, 0, 0, 0, 0], [0, 0, 0, 0, 0, 0, 0, 0, -1, 0, 0, 0, 0, 0, 0, 0, 0, 0, 0, 0, 0, 0, 0, 0, 0, 0, 0, 0, 0, 0, 0, 0], [0, 0, 0, 0, 0, 0, 0, 0, 0, -1, 0, 0, 0, 0, 0, 0, 0, 0, 0, 0, 0, 0, 0, 0, 0, 0, 0, 0, 0, 0, 0, 0], [1, 1, 1, 1, 1, 1, 1, 1, 1, 1, -1, 1, 1, 1, 1, 1, 1, 1, 1, 1, 1, 1, 1, 1, 1, 1, 1, 1, 1, 1, 1, 1], [0, 0, 0, 0, 0, 0, 0, 0, 0, 0, 0, -1, 0, 0, 0, 0, 0, 0, 0, 0, 0, 0, 0, 0, 0, 0, 0, 0, 0, 0, 0, 0], [0, 0, 0, 0, 0, 0, 0, 0, 0, 0, 0, 0, -1, 0, 0, 0, 0, 0, 0, 0, 0, 0, 0, 0, 0, 0, 0, 0, 0, 0, 0, 0], [0, 0, 0, 0, 0, 0, 0, 0, 0, 0, 0, 0, 0, -1, 0, 0, 0, 0, 0, 0, 0, 0, 0, 0, 0, 0, 0, 0, 0, 0, 0, 0], [2, 2, 2, 2, 2, 2, 2, 2, 2, 2, 2, 2, 2, 2, -1, 2, 2, 2, 2, 2, 2, 2, 2, 2, 2, 2, 2, 2, 2, 2, 2, 2], [0, 0, 0, 0, 0, 0, 0, 0, 0, 0, 0, 0, 0, 0, 0, -1, 0, 0, 0, 0, 0, 0, 0, 0, 0, 0, 0, 0, 0, 0, 0, 0], [0, 0, 0, 0, 0, 0, 0, 0, 0, 0, 0, 0, 0, 0, 0, 0, -1, 0, 0, 0, 0, 0, 0, 0, 0, 0, 0, 0, 0, 0, 0, 0], [0, 0, 0, 0, 0, 0, 0, 0, 0, 0, 0, 0, 0, 0, 0, 0, 0, -1, 0, 0, 0, 0, 0, 0, 0, 0, 0, 0, 0, 0, 0, 0], [0, 0, 0, 0, 0, 0, 0, 0, 0, 0, 0, 0, 0, 0, 0, 0, 0, 0, -1, 0, 0, 0, 0, 0, 0, 0, 0, 0, 0, 0, 0, 0], [0, 0, 0, 0, 0, 0, 0, 0, 0, 0, 0, 0, 0, 0, 0, 0, 0, 0, 0, -1, 0, 0, 0, 0, 0, 0, 0, 0, 0, 0, 0, 0], [1, 1, 1, 1, 1, 1, 1, 1, 1, 1, 1, 1, 1, 1, 1, 1, 1, 1, 1, 1, -1, 1, 1, 1, 1, 1, 1, 1, 1, 1, 1, 1], [0, 0, 0, 0, 0, 0, 0, 0, 0, 0, 0, 0, 0, 0, 0, 0, 0, 0, 0, 0, 0, -1, 0, 0, 0, 0, 0, 0, 0, 0, 0, 0], [0, 0, 0, 0, 0, 0, 0, 0, 0, 0, 0, 0, 0, 0, 0, 0, 0, 0, 0, 0, 0, 0, -1, 0, 0, 0, 0, 0, 0, 0, 0, 0], [0, 0, 0, 0, 0, 0, 0, 0, 0, 0, 0, 0, 0, 0, 0, 0, 0, 0, 0, 0, 0, 0, 0, -1, 0, 0, 0, 0, 0, 0, 0, 0], [2, 2, 2, 2, 2, 2, 2, 2, 2, 2, 2, 2, 2, 2, 2, 2, 2, 2, 2, 2, 2, 2, 2, 2, -1, 2, 2, 2, 2, 2, 2, 2], [0, 0, 0, 0, 0, 0, 0, 0, 0, 0, 0, 0, 0, 0, 0, 0, 0, 0, 0, 0, 0, 0, 0, 0, 0, -1, 0, 0, 0, 0, 0, 0], [0, 0, 0, 0, 0, 0, 0, 0, 0, 0, 0, 0, 0, 0, 0, 0, 0, 0, 0, 0, 0, 0, 0, 0, 0, 0, -1, 0, 0, 0, 0, 0], [2, 2, 2, 2, 2, 2, 2, 2, 2, 2, 2, 2, 2, 2, 2, 2, 2, 2, 2, 2, 2, 2, 2, 2, 2, 2, 2, -1, 2, 2, 2, 2], [1, 1, 1, 1, 1, 1, 1, 1, 1, 1, 1, 1, 1, 1, 1, 1, 1, 1, 1, 1, 1, 1, 1, 1, 1, 1, 1, 1, -1, 1, 1, 1], [0, 0, 0, 0, 0, 0, 0, 0, 0, 0, 0, 0, 0, 0, 0, 0, 0, 0, 0, 0, 0, 0, 0, 0, 0, 0, 0, 0, 0, -1, 0, 0], [1, 1, 1, 1, 1, 1, 1, 1, 1, 1, 1, 1, 1, 1, 1, 1, 1, 1, 1, 1, 1, 1, 1, 1, 1, 1, 1, 1, 1, 1, -1, 1], [2, 2, 2, 2, 2, 2, 2, 2, 2, 2, 2, 2, 2, 2, 2, 2, 2, 2, 2, 2, 2, 2, 2, 2, 2, 2, 2, 2, 2, 2, 2, -1]], "speed_zone_count": 73, "speed_zones": [[0.0, 15.0], [15.0, 30.0], [30.0, 45.0], [45.0, 60.0], [60.0, 75.0], [75.0, 90.0], [90.0, 105.0], [105.0, 120.0], [120.0, 135.0], [135.0, 150.0], [150.0, 165.0], [165.0, 180.0], [180.0, 195.0], [195.0, 210.0], [210.0, 225.0], [225.0, 240.0], [240.0, 255.0], [255.0, 270.0], [270.0, 285.0], [285.0, 300.0], [300.0, 315.0], [315.0, 330.0], [330.0, 345.0], [345.0, 360.0], [360.0, 375.0], [375.0, 390.0], [390.0, 405.0], [405.0, 420.0], [420.0, 435.0], [435.0, 450.0], [450.0, 465.0], [465.0, 480.0], [480.0, 495.0], [495.0, 510.0], [510.0, 525.0], [525.0, 540.0], [540.0, 555.0], [555.0, 570.0], [570.0, 585.0], [585.0, 600.0], [600.0, 615.0], [615.0, 630.0], [630.0, 645.0], [645.0, 660.0], [660.0, 675.0], [675.0, 690.0], [690.0, 705.0], [705.0, 720.0], [720.0, 735.0], [735.0, 750.0], [750.0, 765.0], [765.0, 780.0], [780.0, 795.0], [795.0, 810.0], [810.0, 825.0], [825.0, 840.0], [840.0, 855.0], [855.0, 870.0], [870.0, 885.0], [885.0, 900.0], [900.0, 915.0], [915.0, 930.0], [930.0, 945.0], [945.0, 960.0], [960.0, 975.0], [975.0, 990.0], [990.0, 1005.0], [1005.0, 1020.0], [1020.0, 1035.0], [1035.0, 1050.0], [1050.0, 1065.0], [1065.0, 1080.0], [1080.0, 5000.0]], "distances": [[0.0, 69.29, 77.94, 62.91, 69.15, 81.78, 63.47, 58.4, 72.71, 69.67, 79.06, 66.21, 61.81, 81.27, 97.81, 82.91, 71.43, 61.1, 57.28, 79.17, 51.75, 69.72, 66.66, 60.16, 89.09, 78.98, 60.32, 84.75, 85.76, 61.33, 70.41, 0.0], [0.0, 0.0, 11.24, 29.94, 16.18, 14.64, 9.24, 13.96, 22.39, 14.88, 10.41, 11.21, 16.44, 12.68, 29.13, 15.0, 11.52, 11.18, 15.12, 15.84, 19.72, 9.16, 21.35, 12.02, 22.19, 9.75, 17.61, 18.38, 19.69, 11.39, 25.37, 69.29], [0.0, 11.24, 0.0, 28.58, 10.07, 11.51, 14.48, 19.72, 17.0, 9.0, 11.54, 12.53, 18.35, 4.74, 19.99, 5.11, 8.04, 16.89, 20.91, 5.6, 26.4, 8.59, 19.15, 17.85, 21.81, 8.88, 19.97, 19.68, 8.56, 16.71, 21.12, 77.94], [0.0, 29.94, 28.58, 0.0, 27.94, 31.04, 21.3, 19.21, 13.33, 26.98, 38.17, 18.78, 13.9, 33.32, 45.49, 32.9, 20.89, 20.43, 18.85, 25.51, 20.2, 21.86, 9.43, 20.12, 49.84, 36.02, 13.27, 46.91, 32.02, 19.96, 9.27, 62.91], [0.0, 16.18, 10.07, 27.94, 0.0, 13.7, 7.64, 12.7, 20.26, 12.74, 11.53, 9.17, 14.59, 12.27, 28.86, 14.31, 9.43, 9.8, 13.9, 14.22, 18.82, 7.02, 19.25, 10.71, 23.5, 10.39, 15.84, 19.86, 18.62, 9.93, 23.23, 69.15], [0.0, 14.64, 11.51, 31.04, 13.7, 0.0, 18.31, 23.51, 18.64, 12.73, 12.36, 16.14, 21.79, 13.51, 16.24, 10.74, 11.31, 20.71, 24.69, 5.91, 30.2, 12.28, 21.71, 21.66, 20.84, 9.75, 23.41, 19.45, 5.13, 20.52, 22.94, 81.78], [0.0, 9.24, 14.48, 21.3, 7.64, 18.31, 0.0, 5.38, 16.68, 7.31, 19.14, 4.29, 7.44, 18.2, 34.45, 19.52, 8.72, 10.07, 6.6, 16.25, 11.98, 6.44, 13.67, 10.8, 31.13, 17.78, 8.45, 27.5, 22.41, 9.64, 18.46, 63.47], [0.0, 13.96, 19.72, 19.21, 12.7, 23.51, 5.38, 0.0, 18.32, 12.58, 24.22, 7.93, 6.22, 23.57, 39.71, 24.8, 13.12, 12.85, 11.98, 20.88, 6.69, 11.33, 13.71, 12.71, 36.13, 23.03, 6.1, 32.34, 27.37, 12.34, 18.86, 58.4], [0.0, 22.39, 17.0, 13.33, 20.26, 18.64, 16.68, 18.32, 0.0, 18.94, 28.01, 12.49, 12.43, 21.53, 32.24, 20.54, 11.01, 17.47, 18.83, 12.8, 23.21, 13.24, 6.05, 17.83, 38.81, 25.51, 13.42, 36.53, 18.87, 16.94, 4.36, 72.71], [0.0, 14.88, 9.0, 26.98, 12.74, 12.73, 7.31, 12.58, 18.94, 0.0, 11.89, 8.21, 13.87, 11.62, 28.21, 13.48, 8.06, 9.63, 13.8, 12.91, 18.92, 5.72, 18.15, 10.57, 23.91, 10.47, 15.21, 20.43, 17.55, 9.68, 22.0, 69.67], [0.0, 10.41, 11.54, 38.17, 11.53, 12.36, 19.14, 24.22, 28.01, 11.89, 0.0, 19.77, 25.67, 8.63, 21.56, 11.32, 17.49, 21.33, 25.41, 17.06, 30.14, 16.31, 28.91, 22.23, 12.02, 14.69, 27.06, 8.75, 16.91, 21.45, 31.83, 79.06], [0.0, 11.21, 12.53, 18.78, 9.17, 16.14, 4.29, 7.93, 12.49, 8.21, 19.77, 0.0, 6.05, 16.88, 32.36, 17.63, 5.22, 5.78, 8.97, 12.98, 14.47, 10.73, 10.21, 6.51, 31.71, 17.92, 7.58, 28.45, 19.61, 5.34, 14.62, 66.21], [0.0, 16.44, 18.35, 13.9, 14.59, 21.79, 7.44, 6.22, 12.43, 13.87, 25.67, 6.05, 0.0, 22.84, 37.87, 23.39, 10.49, 6.62, 6.5, 17.81, 10.89, 9.96, 7.49, 6.48, 37.66, 23.92, 12.32, 34.29, 24.72, 6.12, 12.65, 61.81], [0.0, 12.68, 4.74, 33.32, 12.27, 13.51, 18.2, 23.57, 21.53, 11.62, 8.63, 16.88, 22.84, 0.0, 16.6, 9.86, 12.72, 20.64, 24.78, 9.22, 30.17, 12.91, 23.9, 21.61, 17.4, 6.07, 24.43, 15.74, 8.38, 20.54, 25.73, 81.27], [0.0, 29.13, 19.99, 45.49, 28.86, 16.24, 34.45, 39.71, 32.24, 28.21, 21.56, 32.36, 37.87, 16.6, 0.0, 14.93, 27.4, 36.87, 40.9, 20.42, 46.4, 28.51, 36.68, 37.83, 20.59, 20.33, 39.5, 22.56, 13.55, 36.7, 36.54, 97.81], [0.0, 15.0, 5.11, 32.9, 14.31, 10.74, 19.52, 24.8, 20.54, 13.48, 11.32, 17.63, 23.39, 9.86, 14.93, 0.0, 12.96, 21.94, 26.0, 7.79, 31.48, 13.7, 23.56, 22.91, 19.09, 8.82, 25.01, 17.9, 5.61, 21.78, 24.84, 82.91], [0.0, 11.52, 8.04, 20.89, 9.43, 11.31, 8.72, 13.12, 11.01, 8.06, 17.49, 5.22, 10.49, 12.72, 27.4, 12.96, 0.0, 10.74, 14.19, 7.76, 19.69, 13.78, 11.5, 11.57, 28.96, 15.2, 12.12, 26.2, 14.43, 10.38, 14.46, 71.43], [0.0, 11.18, 16.89, 20.43, 9.8, 20.71, 10.07, 12.85, 17.47, 9.63, 21.33, 5.78, 6.62, 20.64, 36.87, 21.94, 10.74, 0.0, 4.19, 18.41, 9.54, 8.67, 13.68, 12.28, 33.28, 20.08, 7.21, 29.55, 24.72, 8.43, 18.7, 61.1], [0.0, 15.12, 20.91, 18.85, 13.9, 24.69, 6.6, 11.98, 18.83, 13.8, 25.41, 8.97, 6.5, 24.78, 40.9, 26.0, 14.19, 4.19, 0.0, 21.94, 5.54, 12.47, 13.95, 12.91, 37.3, 24.24, 6.06, 33.49, 28.49, 4.24, 19.1, 57.28], [0.0, 15.84, 5.6, 25.51, 14.22, 5.91, 16.25, 20.88, 12.8, 12.91, 17.06, 12.98, 17.81, 9.22, 20.42, 7.79, 7.76, 18.41, 21.94, 0.0, 27.45, 9.82, 16.38, 19.27, 26.6, 14.38, 19.42, 24.89, 6.96, 18.08, 17.14, 79.17], [0.0, 19.72, 26.4, 20.2, 18.82, 30.2, 11.98, 6.69, 23.21, 18.92, 30.14, 14.47, 10.89, 30.17, 46.4, 31.48, 19.69, 9.54, 5.54, 27.45, 0.0, 18.01, 17.7, 8.58, 41.82, 29.21, 9.79, 37.84, 34.02, 9.69, 22.69, 51.75], [0.0, 9.16, 8.59, 21.86, 7.02, 12.28, 6.44, 11.33, 13.24, 5.72, 16.31, 10.73, 9.96, 12.91, 28.51, 13.7, 13.78, 8.67, 12.47, 9.82, 18.01, 0.0, 12.71, 9.58, 28.12, 14.27, 11.54, 25.06, 16.06, 8.4, 16.31, 69.72], [0.0, 21.35, 19.15, 9.43, 19.25, 21.71, 13.67, 13.71, 6.05, 18.15, 28.91, 10.21, 7.49, 23.9, 36.68, 23.56, 11.5, 13.68, 13.95, 16.38, 17.7, 12.71, 0.0, 13.76, 40.47, 26.69, 8.04, 37.65, 23.13, 13.13, 5.16, 66.66], [0.0, 12.02, 17.85, 20.12, 10.71, 21.66, 10.8, 12.71, 17.83, 10.57, 22.23, 6.51, 6.48, 21.61, 37.83, 22.91, 11.57, 12.28, 12.91, 19.27, 8.58, 9.58, 13.76, 0.0, 34.16, 21.02, 6.85, 30.4, 25.63, 11.85, 18.84, 60.16], [0.0, 22.19, 21.81, 49.84, 23.5, 20.84, 31.13, 36.13, 38.81, 23.91, 12.02, 31.71, 37.66, 17.4, 20.59, 19.09, 28.96, 33.28, 37.3, 26.6, 41.82, 28.12, 40.47, 34.16, 0.0, 13.85, 39.07, 4.35, 23.58, 33.43, 42.89, 89.09], [0.0, 9.75, 8.88, 36.02, 10.39, 9.75, 17.78, 23.03, 25.51, 10.47, 14.69, 17.92, 23.92, 6.07, 20.33, 8.82, 15.2, 20.08, 24.24, 14.38, 29.21, 14.27, 26.69, 21.02, 13.85, 0.0, 25.37, 11.04, 14.43, 20.15, 29.41, 78.98], [0.0, 17.61, 19.97, 13.27, 15.84, 23.41, 8.45, 6.1, 13.42, 15.21, 27.06, 7.58, 12.32, 24.43, 39.5, 25.01, 12.12, 7.21, 6.06, 19.42, 9.79, 11.54, 8.04, 6.85, 39.07, 25.37, 0.0, 35.63, 26.34, 6.76, 13.16, 60.32], [0.0, 18.38, 19.68, 46.91, 19.86, 19.45, 27.5, 32.34, 36.53, 20.43, 8.75, 28.45, 34.29, 15.74, 22.56, 17.9, 26.2, 29.55, 33.49, 24.89, 37.84, 25.06, 37.65, 30.4, 4.35, 11.04, 35.63, 0.0, 22.98, 29.74, 40.46, 84.75], [0.0, 19.69, 8.56, 32.02, 18.62, 5.13, 22.41, 27.37, 18.87, 17.55, 16.91, 19.61, 24.72, 8.38, 13.55, 5.61, 14.43, 24.72, 28.49, 6.96, 34.02, 16.06, 23.13, 25.63, 23.58, 14.43, 26.34, 22.98, 0.0, 24.45, 23.22, 85.76], [0.0, 11.39, 16.71, 19.96, 9.93, 20.52, 9.64, 12.34, 16.94, 9.68, 21.45, 5.34, 6.12, 20.54, 36.7, 21.78, 10.38, 8.43, 4.24, 18.08, 9.69, 8.4, 13.13, 11.85, 33.43, 20.15, 6.76, 29.74, 24.45, 0.0, 18.15, 61.33], [0.0, 25.37, 21.12, 9.27, 23.23, 22.94, 18.46, 18.86, 4.36, 22.0, 31.83, 14.62, 12.65, 25.73, 36.54, 24.84, 14.46, 18.7, 19.1, 17.14, 22.69, 16.31, 5.16, 18.84, 42.89, 29.41, 13.16, 40.46, 23.22, 18.15, 0.0, 70.41], [0.0, 0.0, 0.0, 0.0, 0.0, 0.0, 0.0, 0.0, 0.0, 0.0, 0.0, 0.0, 0.0, 0.0, 0.0, 0.0, 0.0, 0.0, 0.0, 0.0, 0.0, 0.0, 0.0, 0.0, 0.0, 0.0, 0.0, 0.0, 0.0, 0.0, 0.0, 0.0]], "time_windows": [[0.0, 5000.0], [0.0, 117.0], [0.0, 132.0], [0.0, 168.0], [0.0, 233.0], [0.0, 278.0], [0.0, 329.0], [0.0, 342.0], [0.0, 376.0], [0.0, 408.0], [0.0, 427.0], [0.0, 457.0], [0.0, 470.0], [0.0, 534.0], [0.0, 586.0], [0.0, 619.0], [0.0, 645.0], [0.0, 662.0], [0.0, 669.0], [0.0, 701.0], [0.0, 740.0], [0.0, 763.0], [0.0, 783.0], [0.0, 805.0], [0.0, 872.0], [0.0, 898.0], [0.0, 943.0], [0.0, 998.0], [0.0, 1027.0], [0.0, 1056.0], [0.0, 1076.0], [0.0, 5000.0]], "start_depot": 0, "end_depot": 31, "horizon": [0.0, 5000.0]}