{"digraph": {"vertex_count": 32, "arc_count": 930, "arcs": [[0, 1, 1, 1, 1, 1, 1, 1, 1, 1, 1, 1, 1, 1, 1, 1, 1, 1, 1, 1, 1, 1, 1, 1, 1, 1, 1, 1, 1, 1, 1, 1], [0, 0, 1, 1, 1, 1, 1, 1, 1, 1, 1, 1, 1, 1, 1, 1, 1, 1, 1, 1, 1, 1, 1, 1, 1, 1, 1, 1, 1, 1, 1, 1], [0, 1, 0, 1, 1, 1, 1, 1, 1, 1, 1, 1, 1, 1, 1, 1, 1, 1, 1, 1, 1, 1, 1, 1, 1, 1, 1, 1, 1, 1, 1, 1], [0, 1, 1, 0, 1, 1, 1, 1, 1, 1, 1, 1, 1, 1, 1, 1, 1, 1, 1, 1, 1, 1, 1, 1, 1, 1, 1, 1, 1, 1, 1, 1], [0, 1, 1, 1, 0, 1, 1, 1, 1, 1, 1, 1, 1, 1, 1, 1, 1, 1, 1, 1, 1, 1, 1, 1, 1, 1, 1, 1, 1, 1, 1, 1], [0, 1, 1, 1, 1, 0, 1, 1, 1, 1, 1, 1, 1, 1, 1, 1, 1, 1, 1, 1, 1, 1, 1, 1, 1, 1, 1, 1, 1, 1, 1, 1], [0, 1, 1, 1, 1, 1, 0, 1, 1, 1, 1, 1, 1, 1, 1, 1, 1, 1, 1, 1, 1, 1, 1, 1, 1, 1, 1, 1, 1, 1, 1, 1], [0, 1, 1, 1, 1, 1, 1, 0, 1, 1, 1, 1, 1, 1, 1, 1, 1, 1, 1, 1, 1, 1, 1, 1, 1, 1, 1, 1, 1, 1, 1, 1], [0, 1, 1, 1, 1, 1, 1, 1, 0, 1, 1, 1, 1, 1, 1, 1, 1, 1, 1, 1, 1, 1, 1, 1, 1, 1, 1, 1, 1, 1, 1, 1], [0, 1, 1, 1, 1, 1, 1, 1, 1, 0, 1, 1, 1, 1, 1, 1, 1, 1, 1, 1, 1, 1, 1, 1, 1, 1, 1, 1, 1, 1, 1, 1], [0, 1, 1, 1, 1, 1, 1, 1, 1, 1, 0, 1, 1, 1, 1, 1, 1, 1, 1, 1, 1, 1, 1, 1, 1, 1, 1, 1, 1, 1, 1, 1], [0, 1, 1, 1, 1, 1, 1, 1, 1, 1, 1, 0, 1, 1, 1, 1, 1, 1, 1, 1, 1, 1, 1, 1, 1, 1, 1, 1, 1, 1, 1, 1], [0, 1, 1, 1, 1, 1, 1, 1, 1, 1, 1, 1, 0, 1, 1, 1, 1, 1, 1, 1, 1, 1, 1, 1, 1, 1, 1, 1, 1, 1, 1, 1], [0, 1, 1, 1, 1, 1, 1, 1, 1, 1, 1, 1, 1, 0, 1, 1, 1, 1, 1, 1, 1, 1, 1, 1, 1, 1, 1, 1, 1, 1, 1, 1], [0, 1, 1, 1, 1, 1, 1, 1, 1, 1, 1, 1, 1, 1, 0, 1, 1, 1, 1, 1, 1, 1, 1, 1, 1, 1, 1, 1, 1, 1, 1, 1], [0, 1, 1, 1, 1, 1, 1, 1, 1, 1, 1, 1, 1, 1, 1, 0, 1, 1, 1, 1, 1, 1, 1, 1, 1, 1, 1, 1, 1, 1, 1, 1], [0, 1, 1, 1, 1, 1, 1, 1, 1, 1, 1, 1, 1, 1, 1, 1, 0, 1, 1, 1, 1, 1, 1, 1, 1, 1, 1, 1, 1, 1, 1, 1], [0, 1, 1, 1, 1, 1, 1, 1, 1, 1, 1, 1, 1, 1, 1, 1, 1, 0, 1, 1, 1, 1, 1, 1, 1, 1, 1, 1, 1, 1, 1, 1], [0, 1, 1, 1, 1, 1, 1, 1, 1, 1, 1, 1, 1, 1, 1, 1, 1, 1, 0, 1, 1, 1, 1, 1, 1, 1, 1, 1, 1, 1, 1, 1], [0, 1, 1, 1, 1, 1, 1, 1, 1, 1, 1, 1, 1, 1, 1, 1, 1, 1, 1, 0, 1, 1, 1, 1, 1, 1, 1, 1, 1, 1, 1, 1], [0, 1, 1, 1, 1, 1, 1, 1, 1, 1, 1, 1, 1, 1, 1, 1, 1, 1, 1, 1, 0, 1, 1, 1, 1, 1, 1, 1, 1, 1, 1, 1], [0, 1, 1, 1, 1, 1, 1, 1, 1, 1, 1, 1, 1, 1, 1, 1, 1, 1, 1, 1, 1, 0, 1, 1, 1, 1, 1, 1, 1, 1, 1, 1], [0, 1, 1, 1, 1, 1, 1, 1, 1, 1, 1, 1, 1, 1, 1, 1, 1, 1, 1, 1, 1, 1, 0, 1, 1, 1, 1, 1, 1, 1, 1, 1], [0, 1, 1, 1, 1, 1, 1, 1, 1, 1, 1, 1, 1, 1, 1, 1, 1, 1, 1, 1, 1, 1, 1, 0, 1, 1, 1, 1, 1, 1, 1, 1], [0, 1, 1, 1, 1, 1, 1, 1, 1, 1, 1, 1, 1, 1, 1, 1, 1, 1, 1, 1, 1, 1, 1, 1, 0, 1, 1, 1, 1, 1, 1, 1], [0, 1, 1, 1, 1, 1, 1, 1, 1, 1, 1, 1, 1, 1, 1, 1, 1, 1, 1, 1, 1, 1, 1, 1, 1, 0, 1, 1, 1, 1, 1, 1], [0, 1, 1, 1, 1, 1, 1, 1, 1, 1, 1, 1, 1, 1, 1, 1, 1, 1, 1, 1, 1, 1, 1, 1, 1, 1, 0, 1, 1, 1, 1, 1], [0, 1, 1, 1, 1, 1, 1, 1, 1, 1, 1, 1, 1, 1, 1, 1, 1, 1, 1, 1, 1, 1, 1, 1, 1, 1, 1, 0, 1, 1, 1, 1], [0, 1, 1, 1, 1, 1, 1, 1, 1, 1, 1, 1, 1, 1, 1, 1, 1, 1, 1, 1, 1, 1, 1, 1, 1, 1, 1, 1, 0, 1, 1, 1], [0, 1, 1, 1, 1, 1, 1, 1, 1, 1, 1, 1, 1, 1, 1, 1, 1, 1, 1, 1, 1, 1, 1, 1, 1, 1, 1, 1, 1, 0, 1, 1], [0, 1, 1, 1, 1, 1, 1, 1, 1, 1, 1, 1, 1, 1, 1, 1, 1, 1, 1, 1, 1, 1, 1, 1, 1, 1, 1, 1, 1, 1, 0, 1], [0, 0, 0, 0, 0, 0, 0, 0, 0, 0, 0, 0, 0, 0, 0, 0, 0, 0, 0, 0, 0, 0, 0, 0, 0, 0, 0, 0, 0, 0, 0, 0]]}, "cluster_count": 3, "cluster_speeds": [[0.925, 0.85, 0.925, 1.0, 0.8325, 0.765, 0.8325, 0.9, 0.4625, 0.425, 0.4625, 0.5, 0.30525, 0.2805, 0.30525, 0.33, 0.37, 0.34, 0.37, 0.4, 0.555, 0.51, 0.555, 0.6, 0.6475, 0.595, 0.6475, 0.7, 0.37, 0.34, 0.37, 0.4, 0.30525, 0.2805, 0.30525, 0.33, 0.4625, 0.425, 0.4625, 0.5, 0.6475, 0.595, 0.6475, 0.7, 0.74, 0.68, 0.74, 0.8, 0.6475, 0.595, 0.6475, 0.7, 0.4625, 0.425, 0.4625, 0.5, 0.555, 0.51, 0.555, 0.6, 0.6475, 0.595, 0.6475, 0.7, 0.8325, 0.765, 0.8325, 0.9, 0.925, 0.85, 0.925, 1.0, 1.0], [0.8325, 0.765, 0.8325, 0.9, 0.7492500000000001, 0.6885, 0.7492500000000001, 0.81, 0.41625, 0.3825, 0.41625, 0.45, 0.27472500000000005, 0.25245, 0.27472500000000005, 0.29700000000000004, 0.333, 0.30600000000000005, 0.333, 0.36000000000000004, 0.49950000000000006, 0.459, 0.49950000000000006, 0.54, 0.6475, 0.595, 0.6475, 0.7, 0.37, 0.34, 0.37, 0.4, 0.30525, 0.2805, 0.30525, 0.33, 0.4625, 0.425, 0.4625, 0.5, 0.6475, 0.595, 0.6475, 0.7, 0.74, 0.68, 0.74, 0.8, 0.58275, 0.5355, 0.58275, 0.63, 0.41625, 0.3825, 0.41625, 0.45, 0.49950000000000006, 0.459, 0.49950000000000006, 0.54, 0.58275, 0.5355, 0.58275, 0.63, 0.7492500000000001, 0.6885, 0.7492500000000001, 0.81, 0.8325, 0.765, 0.8325, 0.9, 0.9], [0.87875, 0.8075, 0.87875, 0.95, 0.790875, 0.72675, 0.790875, 0.855, 0.439375, 0.40375, 0.439375, 0.475, 0.2899875, 0.266475, 0.2899875, 0.3135, 0.3515, 0.323, 0.3515, 0.38, 0.52725, 0.4845, 0.52725, 0.57, 0.6475, 0.595, 0.6475, 0.7, 0.37, 0.34, 0.37, 0.4, 0.30525, 0.2805, 0.30525, 0.33, 0.4625, 0.425, 0.4625, 0.5, 0.6475, 0.595, 0.6475, 0.7, 0.74, 0.68, 0.74, 0.8, 0.6151249999999999, 0.5652499999999999, 0.6151249999999999, 0.6649999999999999, 0.439375, 0.40375, 0.439375, 0.475, 0.52725, 0.4845, 0.52725, 0.57, 0.6151249999999999, 0.5652499999999999, 0.6151249999999999, 0.6649999999999999, 0.790875, 0.72675, 0.790875, 0.855, 0.87875, 0.8075, 0.87875, 0.95, 0.95]], "clusters": [[-1, 2, 2, 2, 2, 2, 2, 2, 2, 2, 2, 2, 2, 2, 2, 2, 2, 2, 2, 2, 2, 2, 2, 2, 2, 2, 2, 2, 2, 2, 2, 2], [0, -1, 0, 0, 0, 0, 0, 0, 0, 0, 0, 0, 0, 0, 0, 0, 0, 0, 0, 0, 0, 0, 0, 0, 0, 0, 0, 0, 0, 0, 0, 0], [1, 1, -1, 1, 1, 1, 1, 1, 1, 1, 1, 1, 1, 1, 1, 1, 1, 1, 1, 1, 1, 1, 1, 1, 1, 1, 1, 1, 1, 1, 1, 1], [1, 1, 1, -1, 1, 1, 1, 1, 1, 1, 1, 1, 1, 1, 1, 1, 1, 1, 1, 1, 1, 1, 1, 1, 1, 1, 1, 1, 1, 1, 1, 1], [0, 0, 0, 0, -1, 0, 0, 0, 0, 0, 0, 0, 0, 0, 0, 0, 0, 0, 0, 0, 0, 0, 0, 0, 0, 0, 0, 0, 0, 0, 0, 0], [1, 1, 1, 1, 1, -1, 1, 1, 1, 1, 1, 1, 1, 1, 1, 1, 1, 1, 1, 1, 1, 1, 1, 1, 1, 1, 1, 1, 1, 1, 1, 1], [0, 0, 0, 0, 0, 0, -1, 0, 0, 0, 0, 0, 0, 0, 0, 0, 0, 0, 0, 0, 0, 0, 0, 0, 0, 0, 0, 0, 0, 0, 0, 0], [0, 0, 0, 0, 0, 0, 0, -1, 0, 0, 0, 0, 0, 0, 0, 0, 0, 0, 0, 0, 0, 0, 0, 0, 0, 0, 0, 0, 0, 0, 0, 0], [1, 1, 1, 1, 1, 1, 1, 1, -1, 1, 1, 1, 1, 1, 1, 1, 1, 1, 1, 1, 1, 1, 1, 1, 1, 1, 1, 1, 1, 1, 1, 1], [0, 0, 0, 0, 0, 0, 0, 0, 0, -1, 0, 0, 0, 0, 0, 0, 0, 0, 0, 0, 0, 0, 0, 0, 0, 0, 0, 0, 0, 0, 0, 0], [1, 1, 1, 1, 1, 1, 1, 1, 1, 1, -1, 1, 1, 1, 1, 1, 1, 1, 1, 1, 1, 1, 1, 1, 1, 1, 1, 1, 1, 1, 1, 1], [0, 0, 0, 0, 0, 0, 0, 0, 0, 0, 0, -1, 0, 0, 0, 0, 0, 0, 0, 0, 0, 0, 0, 0, 0, 0, 0, 0, 0, 0, 0, 0], [1, 1, 1, 1, 1, 1, 1, 1, 1, 1, 1, 1, -1, 1, 1, 1, 1, 1, 1, 1, 1, 1, 1, 1, 1, 1, 1, 1, 1, 1, 1, 1], [0, 0, 0, 0, 0, 0, 0, 0, 0, 0, 0, 0, 0, -1, 0, 0, 0, 0, 0, 0, 0, 0, 0, 0, 0, 0, 0, 0, 0, 0, 0, 0], [2, 2, 2, 2, 2, 2, 2, 2, 2, 2, 2, 2, 2, 2, -1, 2, 2, 2, 2, 2, 2, 2, 2, 2, 2, 2, 2, 2, 2, 2, 2, 2], [1, 1, 1, 1, 1, 1, 1, 1, 1, 1, 1, 1, 1, 1, 1, -1, 1, 1, 1, 1, 1, 1, 1, 1, 1, 1, 1, 1, 1, 1, 1, 1], [0, 0, 0, 0, 0, 0, 0, 0, 0, 0, 0, 0, 0, 0, 0, 0, -1, 0, 0, 0, 0, 0, 0, 0, 0, 0, 0, 0, 0, 0, 0, 0], [0, 0, 0, 0, 0, 0, 0, 0, 0, 0, 0, 0, 0, 0, 0, 0, 0, -1, 0, 0, 0, 0, 0, 0, 0, 0, 0, 0, 0, 0, 0, 0], [2, 2, 2, 2, 2, 2, 2, 2, 2, 2, 2, 2, 2, 2, 2, 2, 2, 2, -1, 2, 2, 2, 2, 2, 2, 2, 2, 2, 2, 2, 2, 2], [0, 0, 0, 0, 0, 0, 0, 0, 0, 0, 0, 0, 0, 0, 0, 0, 0, 0, 0, -1, 0, 0, 0, 0, 0, 0, 0, 0, 0, 0, 0, 0], [1, 1, 1, 1, 1, 1, 1, 1, 1, 1, 1, 1, 1, 1, 1, 1, 1, 1, 1, 1, -1, 1, 1, 1, 1, 1, 1, 1, 1, 1, 1, 1], [1, 1, 1, 1, 1, 1, 1, 1, 1, 1, 1, 1, 1, 1, 1, 1, 1, 1, 1, 1, 1, -1, 1, 1, 1, 1, 1, 1, 1, 1, 1, 1], [1, 1, 1, 1, 1, 1, 1, 1, 1, 1, 1, 1, 1, 1, 1, 1, 1, 1, 1, 1, 1, 1, -1, 1, 1, 1, 1, 1, 1, 1, 1, 1], [0, 0, 0, 0, 0, 0, 0, 0, 0, 0, 0, 0, 0, 0, 0, 0, 0, 0, 0, 0, 0, 0, 0, -1, 0, 0, 0, 0, 0, 0, 0, 0], [0, 0, 0, 0, 0, 0, 0, 0, 0, 0, 0, 0, 0, 0, 0, 0, 0, 0, 0, 0, 0, 0, 0, 0, -1, 0, 0, 0, 0, 0, 0, 0], [2, 2, 2, 2, 2, 2, 2, 2, 2, 2, 2, 2, 2, 2, 2, 2, 2, 2, 2, 2, 2, 2, 2, 2, 2, -1, 2, 2, 2, 2, 2, 2], [0, 0, 0, 0, 0, 0, 0, 0, 0, 0, 0, 0, 0, 0, 0, 0, 0, 0, 0, 0, 0, 0, 0, 0, 0, 0, -1, 0, 0, 0, 0, 0], [1, 1, 1, 1, 1, 1, 1, 1, 1, 1, 1, 1, 1, 1, 1, 1, 1, 1, 1, 1, 1, 1, 1, 1, 1, 1, 1, -1, 1, 1, 1, 1], [2, 2, 2, 2, 2, 2, 2, 2, 2, 2, 2, 2, 2, 2, 2, 2, 2, 2, 2, 2, 2, 2, 2, 2, 2, 2, 2, 2, -1, 2, 2, 2], [0, 0, 0, 0, 0, 0, 0, 0, 0, 0, 0, 0, 0, 0, 0, 0, 0, 0, 0, 0, 0, 0, 0, 0, 0, 0, 0, 0, 0, -1, 0, 0], [1, 1, 1, 1, 1, 1, 1, 1, 1, 1, 1, 1, 1, 1, 1, 1, 1, 1, 1, 1, 1, 1, 1, 1, 1, 1, 1, 1, 1, 1, -1, 1], [2, 2, 2, 2, 2, 2, 2, 2, 2, 2, 2, 2, 2, 2, 2, 2, 2, 2, 2, 2, 2, 2, 2, 2, 2, 2, 2, 2, 2, 2, 2, -1]], "speed_zone_count": 73, "speed_zones": [[0.0, 15.0], [15.0, 30.0], [30.0, 45.0], [45.0, 60.0], [60.0, 75.0], [75.0, 90.0], [90.0, 105.0], [105.0, 120.0], [120.0, 135.0], [135.0, 150.0], [150.0, 165.0], [165.0, 180.0], [180.0, 195.0], [195.0, 210.0], [210.0, 225.0], [225.0, 240.0], [240.0, 255.0], [255.0, 270.0], [270.0, 285.0], [285.0, 300.0], [300.0, 315.0], [315.0, 330.0], [330.0, 345.0], [345.0, 360.0], [360.0, 375.0], [375.0, 390.0], [390.0, 405.0], [405.0, 420.0], [420.0, 435.0], [435.0, 450.0], [450.0, 465.0], [465.0, 480.0], [480.0, 495.0], [495.0, 510.0], [510.0, 525.0], [525.0, 540.0], [540.0, 555.0], [555.0, 570.0], [570.0, 585.0], [585.0, 600.0], [600.0, 615.0], [615.0, 630.0], [630.0, 645.0], [645.0, 660.0], [660.0, 675.0], [675.0, 690.0], [690.0, 705.0], [705.0, 720.0], [720.0, 735.0], [735.0, 750.0], [750.0, 765.0], [765.0, 780.0], [780.0, 795.0], [795.0, 810.0], [810.0, 825.0], [825.0, 840.0], [840.0, 855.0], [855.0, 870.0], [870.0, 885.0], [885.0, 900.0], [900.0, 915.0], [915.0, 930.0], [930.0, 945.0], [945.0, 960.0], [960.0, 975.0], [975.0, 990.0], [990.0, 1005.0], [1005.0, 1020.0], [1020.0, 1035.0], [1035.0, 1050.0], [1050.0, 1065.0], [1065.0, 1080.0], [1080.0, 5000.0]], "distances": [[0.0, 82.09, 54.56, 88.04, 63.77, 87.39, 73.48, 68.5, 67.63, 69.23, 56.77, 70.73, 68.19, 73.6, 51.07, 88.75, 70.46, 69.1, 48.08, 80.02, 71.96, 73.11, 77.63, 81.82, 63.3, 54.38, 75.23, 50.33, 97.42, 62.42, 53.39, 0.0], [0.0, 0.0, 27.88, 12.96, 18.82, 17.03, 9.59, 15.51, 26.26, 18.13, 25.82, 20.88, 22.38, 9.88, 42.34, 19.02, 15.72, 17.26, 35.44, 17.23, 22.23, 19.4, 22.04, 8.75, 19.06, 33.65, 13.51, 33.47, 20.21, 20.25, 33.59, 82.09], [0.0, 27.88, 0.0, 36.25, 11.79, 37.29, 18.94, 17.2, 19.1, 20.57, 14.72, 24.43, 17.11, 19.04, 20.41, 39.13, 20.32, 19.69, 8.04, 25.8, 26.65, 21.03, 31.74, 29.58, 10.87, 12.03, 24.77, 6.69, 45.57, 11.03, 10.78, 54.56], [0.0, 12.96, 36.25, 0.0, 24.93, 4.94, 21.09, 19.74, 38.78, 19.0, 34.6, 18.86, 34.76, 21.64, 53.46, 6.55, 17.59, 18.98, 44.27, 14.12, 18.81, 32.23, 15.29, 6.68, 25.65, 44.43, 12.86, 42.63, 9.44, 26.12, 44.07, 88.04], [0.0, 18.82, 11.79, 24.93, 0.0, 25.59, 12.46, 5.42, 23.49, 9.13, 10.67, 13.41, 19.85, 13.02, 31.38, 27.39, 8.56, 8.08, 19.78, 16.86, 15.73, 21.34, 20.32, 18.37, 11.76, 22.35, 13.0, 18.46, 34.36, 11.86, 21.48, 63.77], [0.0, 17.03, 37.29, 4.94, 25.59, 0.0, 24.07, 20.18, 41.98, 18.24, 35.86, 16.94, 37.88, 24.71, 55.55, 11.49, 17.42, 18.55, 45.32, 17.83, 16.31, 35.81, 11.76, 9.07, 26.44, 46.42, 12.66, 43.86, 10.83, 26.6, 45.91, 87.39], [0.0, 9.59, 18.94, 21.09, 12.46, 24.07, 0.0, 12.01, 17.91, 16.51, 16.76, 20.65, 13.81, 15.63, 32.84, 26.14, 14.24, 15.26, 26.15, 7.64, 22.69, 12.3, 24.84, 15.01, 12.22, 24.07, 15.14, 24.1, 29.39, 13.79, 24.0, 73.48], [0.0, 15.51, 17.2, 19.74, 5.42, 20.18, 12.01, 0.0, 26.71, 4.88, 15.97, 9.36, 22.77, 12.75, 36.47, 21.97, 12.39, 13.51, 25.2, 13.81, 11.64, 23.16, 15.47, 13.33, 6.33, 27.36, 7.58, 23.85, 29.18, 6.44, 26.59, 68.5], [0.0, 26.26, 19.1, 38.78, 23.49, 41.98, 17.91, 26.71, 0.0, 31.56, 17.44, 36.07, 12.49, 17.27, 18.85, 44.05, 29.88, 30.29, 21.05, 24.74, 38.35, 7.5, 41.71, 32.91, 22.54, 13.26, 32.27, 18.91, 46.44, 23.99, 14.36, 67.63], [0.0, 18.13, 20.57, 19.0, 9.13, 18.24, 16.51, 4.88, 31.56, 0.0, 19.7, 4.5, 27.63, 17.28, 40.49, 19.76, 10.95, 10.28, 28.33, 16.78, 6.81, 27.99, 11.22, 13.46, 10.18, 31.48, 6.2, 27.24, 28.25, 9.58, 30.59, 69.23], [0.0, 25.82, 14.72, 34.6, 10.67, 35.86, 16.76, 15.97, 17.44, 19.7, 0.0, 23.77, 15.16, 16.84, 20.84, 37.74, 19.21, 18.73, 9.74, 23.74, 26.04, 18.91, 30.92, 27.92, 9.67, 12.01, 23.48, 8.04, 43.85, 10.14, 10.97, 56.77], [0.0, 20.88, 24.43, 18.86, 13.41, 16.94, 20.65, 9.36, 36.07, 4.5, 23.77, 0.0, 32.13, 21.43, 44.61, 18.09, 6.44, 5.78, 31.95, 19.83, 11.31, 32.37, 7.53, 14.54, 14.47, 35.68, 7.49, 31.04, 27.56, 13.65, 34.73, 70.73], [0.0, 22.38, 17.11, 34.76, 19.85, 37.88, 13.81, 22.77, 12.49, 27.63, 15.16, 32.13, 0.0, 13.18, 21.25, 39.96, 25.88, 26.35, 20.59, 20.79, 34.4, 4.99, 37.64, 28.82, 18.95, 14.17, 28.17, 18.34, 42.58, 20.47, 14.91, 68.19], [0.0, 9.88, 19.04, 21.64, 13.02, 24.71, 15.63, 12.75, 17.27, 17.28, 16.84, 21.43, 13.18, 0.0, 32.47, 26.78, 15.01, 16.03, 26.12, 7.99, 23.48, 11.54, 25.61, 15.65, 12.73, 23.77, 15.92, 24.04, 29.83, 14.33, 23.75, 73.6], [0.0, 42.34, 20.41, 53.46, 31.38, 55.55, 32.84, 36.47, 18.85, 40.49, 20.84, 44.61, 21.25, 32.47, 0.0, 57.54, 39.8, 39.46, 14.65, 40.46, 46.88, 26.0, 51.7, 46.93, 30.34, 9.15, 43.73, 14.4, 62.16, 30.96, 9.9, 51.07], [0.0, 19.02, 39.13, 6.55, 27.39, 11.49, 26.14, 21.97, 44.05, 19.76, 37.74, 18.09, 39.96, 26.78, 57.54, 0.0, 19.11, 20.16, 47.16, 19.87, 17.24, 37.87, 12.25, 11.14, 28.27, 48.41, 14.41, 45.73, 10.41, 28.36, 47.88, 88.75], [0.0, 15.72, 20.32, 17.59, 8.56, 17.42, 14.24, 12.39, 29.88, 10.95, 19.21, 6.44, 25.88, 15.01, 39.8, 19.11, 0.0, 10.94, 28.26, 14.33, 8.6, 25.94, 12.11, 11.63, 9.54, 30.7, 4.81, 27.0, 26.97, 9.35, 29.92, 70.46], [0.0, 17.26, 19.69, 18.98, 8.08, 18.55, 15.26, 13.51, 30.29, 10.28, 18.73, 5.78, 26.35, 16.03, 39.46, 20.16, 10.94, 0.0, 27.53, 15.82, 8.07, 26.69, 12.25, 13.15, 9.12, 30.42, 6.13, 26.37, 28.32, 8.66, 29.57, 69.1], [0.0, 35.44, 8.04, 44.27, 19.78, 45.32, 26.15, 25.2, 21.05, 28.33, 9.74, 31.95, 20.59, 26.12, 14.65, 47.16, 28.26, 27.53, 0.0, 33.37, 34.09, 25.32, 39.39, 37.6, 18.89, 9.09, 32.78, 13.56, 53.56, 18.92, 7.54, 48.08], [0.0, 17.23, 25.8, 14.12, 16.86, 17.83, 7.64, 13.81, 24.74, 16.78, 23.74, 19.83, 20.79, 7.99, 40.46, 19.87, 14.33, 15.82, 33.37, 0.0, 21.35, 18.11, 21.68, 9.06, 17.06, 31.71, 12.67, 31.4, 21.88, 18.29, 31.61, 80.02], [0.0, 22.23, 26.65, 18.81, 15.73, 16.31, 22.69, 11.64, 38.35, 6.81, 26.04, 11.31, 34.4, 23.48, 46.88, 17.24, 8.6, 8.07, 34.09, 21.35, 0.0, 34.54, 5.75, 15.23, 16.79, 37.97, 8.72, 33.23, 27.1, 15.95, 37.01, 71.96], [0.0, 19.4, 21.03, 32.23, 21.34, 35.81, 12.3, 23.16, 7.5, 27.99, 18.91, 32.37, 4.99, 11.54, 26.0, 37.87, 25.94, 26.69, 25.32, 18.11, 34.54, 0.0, 37.08, 26.8, 20.59, 19.16, 27.41, 23.05, 39.42, 22.23, 19.89, 73.11], [0.0, 22.04, 31.74, 15.29, 20.32, 11.76, 24.84, 15.47, 41.71, 11.22, 30.92, 7.53, 37.64, 25.61, 51.7, 12.25, 12.11, 12.25, 39.39, 21.68, 5.75, 37.08, 0.0, 13.74, 21.36, 42.67, 9.7, 38.4, 22.53, 20.79, 41.8, 77.63], [0.0, 8.75, 29.58, 6.68, 18.37, 9.07, 15.01, 13.33, 32.91, 13.46, 27.92, 14.54, 28.82, 15.65, 46.93, 11.14, 11.63, 13.15, 37.6, 9.06, 15.23, 26.8, 13.74, 0.0, 19.05, 37.85, 7.35, 35.95, 16.02, 19.61, 37.45, 81.82], [0.0, 19.06, 10.87, 25.65, 11.76, 26.44, 12.22, 6.33, 22.54, 10.18, 9.67, 14.47, 18.95, 12.73, 30.34, 28.27, 9.54, 9.12, 18.89, 17.06, 16.79, 20.59, 21.36, 19.05, 0.0, 21.31, 13.9, 17.52, 35.06, 12.77, 20.45, 63.3], [0.0, 33.65, 12.03, 44.43, 22.35, 46.42, 24.07, 27.36, 13.26, 31.48, 12.01, 35.68, 14.17, 23.77, 9.15, 48.41, 30.7, 30.42, 9.09, 31.71, 37.97, 19.16, 42.67, 37.85, 21.31, 0.0, 34.58, 7.58, 53.24, 22.03, 13.59, 54.38], [0.0, 13.51, 24.77, 12.86, 13.0, 12.66, 15.14, 7.58, 32.27, 6.2, 23.48, 7.49, 28.17, 15.92, 43.73, 14.41, 4.81, 6.13, 32.78, 12.67, 8.72, 27.41, 9.7, 7.35, 13.9, 34.58, 0.0, 31.41, 22.19, 13.96, 33.92, 75.23], [0.0, 33.47, 6.69, 42.63, 18.46, 43.86, 24.1, 23.85, 18.91, 27.24, 8.04, 31.04, 18.34, 24.04, 14.4, 45.73, 27.0, 26.37, 13.56, 31.4, 33.23, 23.05, 38.4, 35.95, 17.52, 7.58, 31.41, 0.0, 51.86, 17.71, 6.02, 50.33], [0.0, 20.21, 45.57, 9.44, 34.36, 10.83, 29.39, 29.18, 46.44, 28.25, 43.85, 27.56, 42.58, 29.83, 62.16, 10.41, 26.97, 28.32, 53.56, 21.88, 27.1, 39.42, 22.53, 16.02, 35.06, 53.24, 22.19, 51.86, 0.0, 35.55, 52.98, 97.42], [0.0, 20.25, 11.03, 26.12, 11.86, 26.6, 13.79, 6.44, 23.99, 9.58, 10.14, 13.65, 20.47, 14.33, 30.96, 28.36, 9.35, 8.66, 18.92, 18.29, 15.95, 22.23, 20.79, 19.61, 12.77, 22.03, 13.96, 17.71, 35.55, 0.0, 21.08, 62.42], [0.0, 33.59, 10.78, 44.07, 21.48, 45.91, 24.0, 26.59, 14.36, 30.59, 10.97, 34.73, 14.91, 23.75, 9.9, 47.88, 29.92, 29.57, 7.54, 31.61, 37.01, 19.89, 41.8, 37.45, 20.45, 13.59, 33.92, 6.02, 52.98, 21.08, 0.0, 53.39], [0.0, 0.0, 0.0, 0.0, 0.0, 0.0, 0.0, 0.0, 0.0, 0.0, 0.0, 0.0, 0.0, 0.0, 0.0, 0.0, 0.0, 0.0, 0.0, 0.0, 0.0, 0.0, 0.0, 0.0, 0.0, 0.0, 0.0, 0.0, 0.0, 0.0, 0.0, 0.0]], "time_windows": [[0.0, 5000.0], [0.0, 134.0], [0.0, 170.0], [0.0, 264.0], [0.0, 334.0], [0.0, 383.0], [0.0, 422.0], [0.0, 442.0], [0.0, 499.0], [0.0, 591.0], [0.0, 634.0], [0.0, 673.0], [0.0, 719.0], [0.0, 738.0], [0.0, 784.0], [0.0, 891.0], [0.0, 927.0], [0.0, 945.0], [0.0, 988.0], [0.0, 1031.0], [0.0, 1056.0], [0.0, 1095.0], [0.0, 1133.0], [0.0, 1146.0], [0.0, 1166.0], [0.0, 1187.0], [0.0, 1221.0], [0.0, 1253.0], [0.0, 1305.0], [0.0, 1340.0], [0.0, 1361.0], [0.0, 5000.0]], "start_depot": 0, "end_depot": 31, "horizon": [0.0, 5000.0]}