{"digraph": {"vertex_count": 32, "arc_count": 930, "arcs": [[0, 1, 1, 1, 1, 1, 1, 1, 1, 1, 1, 1, 1, 1, 1, 1, 1, 1, 1, 1, 1, 1, 1, 1, 1, 1, 1, 1, 1, 1, 1, 1], [0, 0, 1, 1, 1, 1, 1, 1, 1, 1, 1, 1, 1, 1, 1, 1, 1, 1, 1, 1, 1, 1, 1, 1, 1, 1, 1, 1, 1, 1, 1, 1], [0, 1, 0, 1, 1, 1, 1, 1, 1, 1, 1, 1, 1, 1, 1, 1, 1, 1, 1, 1, 1, 1, 1, 1, 1, 1, 1, 1, 1, 1, 1, 1], [0, 1, 1, 0, 1, 1, 1, 1, 1, 1, 1, 1, 1, 1, 1, 1, 1, 1, 1, 1, 1, 1, 1, 1, 1, 1, 1, 1, 1, 1, 1, 1], [0, 1, 1, 1, 0, 1, 1, 1, 1, 1, 1, 1, 1, 1, 1, 1, 1, 1, 1, 1, 1, 1, 1, 1, 1, 1, 1, 1, 1, 1, 1, 1], [0, 1, 1, 1, 1, 0, 1, 1, 1, 1, 1, 1, 1, 1, 1, 1, 1, 1, 1, 1, 1, 1, 1, 1, 1, 1, 1, 1, 1, 1, 1, 1], [0, 1, 1, 1, 1, 1, 0, 1, 1, 1, 1, 1, 1, 1, 1, 1, 1, 1, 1, 1, 1, 1, 1, 1, 1, 1, 1, 1, 1, 1, 1, 1], [0, 1, 1, 1, 1, 1, 1, 0, 1, 1, 1, 1, 1, 1, 1, 1, 1, 1, 1, 1, 1, 1, 1, 1, 1, 1, 1, 1, 1, 1, 1, 1], [0, 1, 1, 1, 1, 1, 1, 1, 0, 1, 1, 1, 1, 1, 1, 1, 1, 1, 1, 1, 1, 1, 1, 1, 1, 1, 1, 1, 1, 1, 1, 1], [0, 1, 1, 1, 1, 1, 1, 1, 1, 0, 1, 1, 1, 1, 1, 1, 1, 1, 1, 1, 1, 1, 1, 1, 1, 1, 1, 1, 1, 1, 1, 1], [0, 1, 1, 1, 1, 1, 1, 1, 1, 1, 0, 1, 1, 1, 1, 1, 1, 1, 1, 1, 1, 1, 1, 1, 1, 1, 1, 1, 1, 1, 1, 1], [0, 1, 1, 1, 1, 1, 1, 1, 1, 1, 1, 0, 1, 1, 1, 1, 1, 1, 1, 1, 1, 1, 1, 1, 1, 1, 1, 1, 1, 1, 1, 1], [0, 1, 1, 1, 1, 1, 1, 1, 1, 1, 1, 1, 0, 1, 1, 1, 1, 1, 1, 1, 1, 1, 1, 1, 1, 1, 1, 1, 1, 1, 1, 1], [0, 1, 1, 1, 1, 1, 1, 1, 1, 1, 1, 1, 1, 0, 1, 1, 1, 1, 1, 1, 1, 1, 1, 1, 1, 1, 1, 1, 1, 1, 1, 1], [0, 1, 1, 1, 1, 1, 1, 1, 1, 1, 1, 1, 1, 1, 0, 1, 1, 1, 1, 1, 1, 1, 1, 1, 1, 1, 1, 1, 1, 1, 1, 1], [0, 1, 1, 1, 1, 1, 1, 1, 1, 1, 1, 1, 1, 1, 1, 0, 1, 1, 1, 1, 1, 1, 1, 1, 1, 1, 1, 1, 1, 1, 1, 1], [0, 1, 1, 1, 1, 1, 1, 1, 1, 1, 1, 1, 1, 1, 1, 1, 0, 1, 1, 1, 1, 1, 1, 1, 1, 1, 1, 1, 1, 1, 1, 1], [0, 1, 1, 1, 1, 1, 1, 1, 1, 1, 1, 1, 1, 1, 1, 1, 1, 0, 1, 1, 1, 1, 1, 1, 1, 1, 1, 1, 1, 1, 1, 1], [0, 1, 1, 1, 1, 1, 1, 1, 1, 1, 1, 1, 1, 1, 1, 1, 1, 1, 0, 1, 1, 1, 1, 1, 1, 1, 1, 1, 1, 1, 1, 1], [0, 1, 1, 1, 1, 1, 1, 1, 1, 1, 1, 1, 1, 1, 1, 1, 1, 1, 1, 0, 1, 1, 1, 1, 1, 1, 1, 1, 1, 1, 1, 1], [0, 1, 1, 1, 1, 1, 1, 1, 1, 1, 1, 1, 1, 1, 1, 1, 1, 1, 1, 1, 0, 1, 1, 1, 1, 1, 1, 1, 1, 1, 1, 1], [0, 1, 1, 1, 1, 1, 1, 1, 1, 1, 1, 1, 1, 1, 1, 1, 1, 1, 1, 1, 1, 0, 1, 1, 1, 1, 1, 1, 1, 1, 1, 1], [0, 1, 1, 1, 1, 1, 1, 1, 1, 1, 1, 1, 1, 1, 1, 1, 1, 1, 1, 1, 1, 1, 0, 1, 1, 1, 1, 1, 1, 1, 1, 1], [0, 1, 1, 1, 1, 1, 1, 1, 1, 1, 1, 1, 1, 1, 1, 1, 1, 1, 1, 1, 1, 1, 1, 0, 1, 1, 1, 1, 1, 1, 1, 1], [0, 1, 1, 1, 1, 1, 1, 1, 1, 1, 1, 1, 1, 1, 1, 1, 1, 1, 1, 1, 1, 1, 1, 1, 0, 1, 1, 1, 1, 1, 1, 1], [0, 1, 1, 1, 1, 1, 1, 1, 1, 1, 1, 1, 1, 1, 1, 1, 1, 1, 1, 1, 1, 1, 1, 1, 1, 0, 1, 1, 1, 1, 1, 1], [0, 1, 1, 1, 1, 1, 1, 1, 1, 1, 1, 1, 1, 1, 1, 1, 1, 1, 1, 1, 1, 1, 1, 1, 1, 1, 0, 1, 1, 1, 1, 1], [0, 1, 1, 1, 1, 1, 1, 1, 1, 1, 1, 1, 1, 1, 1, 1, 1, 1, 1, 1, 1, 1, 1, 1, 1, 1, 1, 0, 1, 1, 1, 1], [0, 1, 1, 1, 1, 1, 1, 1, 1, 1, 1, 1, 1, 1, 1, 1, 1, 1, 1, 1, 1, 1, 1, 1, 1, 1, 1, 1, 0, 1, 1, 1], [0, 1, 1, 1, 1, 1, 1, 1, 1, 1, 1, 1, 1, 1, 1, 1, 1, 1, 1, 1, 1, 1, 1, 1, 1, 1, 1, 1, 1, 0, 1, 1], [0, 1, 1, 1, 1, 1, 1, 1, 1, 1, 1, 1, 1, 1, 1, 1, 1, 1, 1, 1, 1, 1, 1, 1, 1, 1, 1, 1, 1, 1, 0, 1], [0, 0, 0, 0, 0, 0, 0, 0, 0, 0, 0, 0, 0, 0, 0, 0, 0, 0, 0, 0, 0, 0, 0, 0, 0, 0, 0, 0, 0, 0, 0, 0]]}, "cluster_count": 3, "cluster_speeds": [[0.925, 0.85, 0.925, 1.0, 0.8325, 0.765, 0.8325, 0.9, 0.4625, 0.425, 0.4625, 0.5, 0.30525, 0.2805, 0.30525, 0.33, 0.37, 0.34, 0.37, 0.4, 0.555, 0.51, 0.555, 0.6, 0.6475, 0.595, 0.6475, 0.7, 0.37, 0.34, 0.37, 0.4, 0.30525, 0.2805, 0.30525, 0.33, 0.4625, 0.425, 0.4625, 0.5, 0.6475, 0.595, 0.6475, 0.7, 0.74, 0.68, 0.74, 0.8, 0.6475, 0.595, 0.6475, 0.7, 0.4625, 0.425, 0.4625, 0.5, 0.555, 0.51, 0.555, 0.6, 0.6475, 0.595, 0.6475, 0.7, 0.8325, 0.765, 0.8325, 0.9, 0.925, 0.85, 0.925, 1.0, 1.0], [0.8325, 0.765, 0.8325, 0.9, 0.7492500000000001, 0.6885, 0.7492500000000001, 0.81, 0.41625, 0.3825, 0.41625, 0.45, 0.27472500000000005, 0.25245, 0.27472500000000005, 0.29700000000000004, 0.333, 0.30600000000000005, 0.333, 0.36000000000000004, 0.49950000000000006, 0.459, 0.49950000000000006, 0.54, 0.6475, 0.595, 0.6475, 0.7, 0.37, 0.34, 0.37, 0.4, 0.30525, 0.2805, 0.30525, 0.33, 0.4625, 0.425, 0.4625, 0.5, 0.6475, 0.595, 0.6475, 0.7, 0.74, 0.68, 0.74, 0.8, 0.58275, 0.5355, 0.58275, 0.63, 0.41625, 0.3825, 0.41625, 0.45, 0.49950000000000006, 0.459, 0.49950000000000006, 0.54, 0.58275, 0.5355, 0.58275, 0.63, 0.7492500000000001, 0.6885, 0.7492500000000001, 0.81, 0.8325, 0.765, 0.8325, 0.9, 0.9], [0.87875, 0.8075, 0.87875, 0.95, 0.790875, 0.72675, 0.790875, 0.855, 0.439375, 0.40375, 0.439375, 0.475, 0.2899875, 0.266475, 0.2899875, 0.3135, 0.3515, 0.323, 0.3515, 0.38, 0.52725, 0.4845, 0.52725, 0.57, 0.6475, 0.595, 0.6475, 0.7, 0.37, 0.34, 0.37, 0.4, 0.30525, 0.2805, 0.30525, 0.33, 0.4625, 0.425, 0.4625, 0.5, 0.6475, 0.595, 0.6475, 0.7, 0.74, 0.68, 0.74, 0.8, 0.6151249999999999, 0.5652499999999999, 0.6151249999999999, 0.6649999999999999, 0.439375, 0.40375, 0.439375, 0.475, 0.52725, 0.4845, 0.52725, 0.57, 0.6151249999999999, 0.5652499999999999, 0.6151249999999999, 0.6649999999999999, 0.790875, 0.72675, 0.790875, 0.855, 0.87875, 0.8075, 0.87875, 0.95, 0.95]], "clusters": [[-1, 2, 2, 2, 2, 2, 2, 2, 2, 2, 2, 2, 2, 2, 2, 2, 2, 2, 2, 2, 2, 2, 2, 2, 2, 2, 2, 2, 2, 2, 2, 2], [0, -1, 0, 0, 0, 0, 0, 0, 0, 0, 0, 0, 0, 0, 0, 0, 0, 0, 0, 0, 0, 0, 0, 0, 0, 0, 0, 0, 0, 0, 0, 0], [0, 0, -1, 0, 0, 0, 0, 0, 0, 0, 0, 0, 0, 0, 0, 0, 0, 0, 0, 0, 0, 0, 0, 0, 0, 0, 0, 0, 0, 0, 0, 0], [0, 0, 0, -1, 0, 0, 0, 0, 0, 0, 0, 0, 0, 0, 0, 0, 0, 0, 0, 0, 0, 0, 0, 0, 0, 0, 0, 0, 0, 0, 0, 0], [0, 0, 0, 0, -1, 0, 0, 0, 0, 0, 0, 0, 0, 0, 0, 0, 0, 0, 0, 0, 0, 0, 0, 0, 0, 0, 0, 0, 0, 0, 0, 0], [0, 0, 0, 0, 0, -1, 0, 0, 0, 0, 0, 0, 0, 0, 0, 0, 0, 0, 0, 0, 0, 0, 0, 0, 0, 0, 0, 0, 0, 0, 0, 0], [0, 0, 0, 0, 0, 0, -1, 0, 0, 0, 0, 0, 0, 0, 0, 0, 0, 0, 0, 0, 0, 0, 0, 0, 0, 0, 0, 0, 0, 0, 0, 0], [1, 1, 1, 1, 1, 1, 1, -1, 1, 1, 1, 1, 1, 1, 1, 1, 1, 1, 1, 1, 1, 1, 1, 1, 1, 1, 1, 1, 1, 1, 1, 1], [0, 0, 0, 0, 0, 0, 0, 0, -1, 0, 0, 0, 0, 0, 0, 0, 0, 0, 0, 0, 0, 0, 0, 0, 0, 0, 0, 0, 0, 0, 0, 0], [0, 0, 0, 0, 0, 0, 0, 0, 0, -1, 0, 0, 0, 0, 0, 0, 0, 0, 0, 0, 0, 0, 0, 0, 0, 0, 0, 0, 0, 0, 0, 0], [0, 0, 0, 0, 0, 0, 0, 0, 0, 0, -1, 0, 0, 0, 0, 0, 0, 0, 0, 0, 0, 0, 0, 0, 0, 0, 0, 0, 0, 0, 0, 0], [0, 0, 0, 0, 0, 0, 0, 0, 0, 0, 0, -1, 0, 0, 0, 0, 0, 0, 0, 0, 0, 0, 0, 0, 0, 0, 0, 0, 0, 0, 0, 0], [0, 0, 0, 0, 0, 0, 0, 0, 0, 0, 0, 0, -1, 0, 0, 0, 0, 0, 0, 0, 0, 0, 0, 0, 0, 0, 0, 0, 0, 0, 0, 0], [0, 0, 0, 0, 0, 0, 0, 0, 0, 0, 0, 0, 0, -1, 0, 0, 0, 0, 0, 0, 0, 0, 0, 0, 0, 0, 0, 0, 0, 0, 0, 0], [0, 0, 0, 0, 0, 0, 0, 0, 0, 0, 0, 0, 0, 0, -1, 0, 0, 0, 0, 0, 0, 0, 0, 0, 0, 0, 0, 0, 0, 0, 0, 0], [1, 1, 1, 1, 1, 1, 1, 1, 1, 1, 1, 1, 1, 1, 1, -1, 1, 1, 1, 1, 1, 1, 1, 1, 1, 1, 1, 1, 1, 1, 1, 1], [0, 0, 0, 0, 0, 0, 0, 0, 0, 0, 0, 0, 0, 0, 0, 0, -1, 0, 0, 0, 0, 0, 0, 0, 0, 0, 0, 0, 0, 0, 0, 0], [0, 0, 0, 0, 0, 0, 0, 0, 0, 0, 0, 0, 0, 0, 0, 0, 0, -1, 0, 0, 0, 0, 0, 0, 0, 0, 0, 0, 0, 0, 0, 0], [0, 0, 0, 0, 0, 0, 0, 0, 0, 0, 0, 0, 0, 0, 0, 0, 0, 0, -1, 0, 0, 0, 0, 0, 0, 0, 0, 0, 0, 0, 0, 0], [1, 1, 1, 1, 1, 1, 1, 1, 1, 1, 1, 1, 1, 1, 1, 1, 1, 1, 1, -1, 1, 1, 1, 1, 1, 1, 1, 1, 1, 1, 1, 1], [0, 0, 0, 0, 0, 0, 0, 0, 0, 0, 0, 0, 0, 0, 0, 0, 0, 0, 0, 0, -1, 0, 0, 0, 0, 0, 0, 0, 0, 0, 0, 0], [0, 0, 0, 0, 0, 0, 0, 0, 0, 0, 0, 0, 0, 0, 0, 0, 0, 0, 0, 0, 0, -1, 0, 0, 0, 0, 0, 0, 0, 0, 0, 0], [0, 0, 0, 0, 0, 0, 0, 0, 0, 0, 0, 0, 0, 0, 0, 0, 0, 0, 0, 0, 0, 0, -1, 0, 0, 0, 0, 0, 0, 0, 0, 0], [0, 0, 0, 0, 0, 0, 0, 0, 0, 0, 0, 0, 0, 0, 0, 0, 0, 0, 0, 0, 0, 0, 0, -1, 0, 0, 0, 0, 0, 0, 0, 0], [0, 0, 0, 0, 0, 0, 0, 0, 0, 0, 0, 0, 0, 0, 0, 0, 0, 0, 0, 0, 0, 0, 0, 0, -1, 0, 0, 0, 0, 0, 0, 0], [0, 0, 0, 0, 0, 0, 0, 0, 0, 0, 0, 0, 0, 0, 0, 0, 0, 0, 0, 0, 0, 0, 0, 0, 0, -1, 0, 0, 0, 0, 0, 0], [1, 1, 1, 1, 1, 1, 1, 1, 1, 1, 1, 1, 1, 1, 1, 1, 1, 1, 1, 1, 1, 1, 1, 1, 1, 1, -1, 1, 1, 1, 1, 1], [0, 0, 0, 0, 0, 0, 0, 0, 0, 0, 0, 0, 0, 0, 0, 0, 0, 0, 0, 0, 0, 0, 0, 0, 0, 0, 0, -1, 0, 0, 0, 0], [0, 0, 0, 0, 0, 0, 0, 0, 0, 0, 0, 0, 0, 0, 0, 0, 0, 0, 0, 0, 0, 0, 0, 0, 0, 0, 0, 0, -1, 0, 0, 0], [1, 1, 1, 1, 1, 1, 1, 1, 1, 1, 1, 1, 1, 1, 1, 1, 1, 1, 1, 1, 1, 1, 1, 1, 1, 1, 1, 1, 1, -1, 1, 1], [0, 0, 0, 0, 0, 0, 0, 0, 0, 0, 0, 0, 0, 0, 0, 0, 0, 0, 0, 0, 0, 0, 0, 0, 0, 0, 0, 0, 0, 0, -1, 0], [2, 2, 2, 2, 2, 2, 2, 2, 2, 2, 2, 2, 2, 2, 2, 2, 2, 2, 2, 2, 2, 2, 2, 2, 2, 2, 2, 2, 2, 2, 2, -1]], "speed_zone_count": 73, "speed_zones": [[0.0, 15.0], [15.0, 30.0], [30.0, 45.0], [45.0, 60.0], [60.0, 75.0], [75.0, 90.0], [90.0, 105.0], [105.0, 120.0], [120.0, 135.0], [135.0, 150.0], [150.0, 165.0], [165.0, 180.0], [180.0, 195.0], [195.0, 210.0], [210.0, 225.0], [225.0, 240.0], [240.0, 255.0], [255.0, 270.0], [270.0, 285.0], [285.0, 300.0], [300.0, 315.0], [315.0, 330.0], [330.0, 345.0], [345.0, 360.0], [360.0, 375.0], [375.0, 390.0], [390.0, 405.0], [405.0, 420.0], [420.0, 435.0], [435.0, 450.0], [450.0, 465.0], [465.0, 480.0], [480.0, 495.0], [495.0, 510.0], [510.0, 525.0], [525.0, 540.0], [540.0, 555.0], [555.0, 570.0], [570.0, 585.0], [585.0, 600.0], [600.0, 615.0], [615.0, 630.0], [630.0, 645.0], [645.0, 660.0], [660.0, 675.0], [675.0, 690.0], [690.0, 705.0], [705.0, 720.0], [720.0, 735.0], [735.0, 750.0], [750.0, 765.0], [765.0, 780.0], [780.0, 795.0], [795.0, 810.0], [810.0, 825.0], [825.0, 840.0], [840.0, 855.0], [855.0, 870.0], [870.0, 885.0], [885.0, 900.0], [900.0, 915.0], [915.0, 930.0], [930.0, 945.0], [945.0, 960.0], [960.0, 975.0], [975.0, 990.0], [990.0, 1005.0], [1005.0, 1020.0], [1020.0, 1035.0], [1035.0, 1050.0], [1050.0, 1065.0], [1065.0, 1080.0], [1080.0, 5000.0]], "distances": [[0.0, 62.67, 77.09, 60.5, 64.27, 70.89, 81.2, 86.25, 70.82, 68.56, 69.67, 69.15, 69.86, 68.34, 67.54, 76.96, 81.39, 75.46, 56.93, 56.25, 77.19, 70.96, 70.72, 74.85, 66.99, 80.5, 60.16, 67.41, 69.9, 87.06, 64.73, 0.0], [0.0, 0.0, 15.47, 11.08, 10.2, 8.22, 23.72, 26.64, 15.99, 8.55, 14.86, 12.18, 16.17, 6.98, 9.48, 25.06, 24.91, 17.18, 6.4, 6.49, 15.61, 9.19, 18.29, 21.71, 8.52, 23.8, 5.48, 6.26, 10.62, 27.63, 8.35, 62.67], [0.0, 15.47, 0.0, 16.75, 15.44, 8.49, 10.88, 11.64, 11.23, 15.32, 11.39, 9.69, 12.47, 13.57, 10.07, 16.66, 12.63, 6.78, 20.28, 21.26, 13.45, 12.03, 13.84, 14.01, 10.37, 11.67, 20.12, 14.16, 7.68, 12.67, 12.78, 77.09], [0.0, 11.08, 16.75, 0.0, 6.63, 10.78, 23.6, 27.23, 14.73, 12.12, 13.5, 11.23, 14.63, 10.48, 8.67, 23.74, 24.57, 17.04, 15.65, 4.59, 16.87, 12.53, 16.65, 20.45, 7.77, 23.48, 7.57, 9.81, 10.49, 28.18, 6.6, 60.5], [0.0, 10.2, 15.44, 6.63, 0.0, 7.26, 24.7, 26.98, 17.96, 5.55, 16.93, 14.08, 18.31, 4.3, 11.45, 26.91, 26.05, 18.32, 9.09, 8.73, 15.6, 6.8, 20.46, 23.56, 10.51, 24.95, 4.73, 12.05, 12.06, 28.0, 10.87, 64.27], [0.0, 8.22, 8.49, 10.78, 7.26, 0.0, 18.69, 20.13, 14.48, 7.14, 13.85, 10.96, 15.29, 5.17, 9.15, 22.56, 20.26, 12.88, 14.26, 14.67, 8.66, 4.36, 17.32, 19.36, 8.6, 19.19, 11.98, 5.69, 8.19, 21.16, 10.47, 70.89], [0.0, 23.72, 10.88, 23.6, 24.7, 18.69, 0.0, 6.03, 10.38, 25.81, 11.55, 12.65, 11.37, 23.85, 14.97, 8.24, 13.14, 6.58, 26.61, 28.11, 10.7, 22.68, 10.89, 7.66, 15.83, 13.22, 29.04, 24.28, 13.19, 6.44, 17.49, 81.2], [0.0, 26.64, 11.64, 27.23, 26.98, 20.13, 6.03, 0.0, 15.72, 26.85, 16.74, 17.13, 16.86, 25.19, 19.01, 14.0, 7.11, 10.8, 30.53, 31.82, 11.47, 23.47, 16.7, 13.69, 19.72, 7.29, 31.6, 25.8, 16.83, 12.47, 21.75, 86.25], [0.0, 15.99, 11.23, 14.73, 17.96, 14.48, 10.38, 15.72, 0.0, 21.05, 11.71, 11.84, 11.66, 18.84, 6.53, 9.08, 10.73, 5.48, 17.19, 18.88, 11.18, 18.82, 10.03, 5.75, 7.49, 9.76, 21.45, 18.9, 6.34, 16.42, 8.14, 70.82], [0.0, 8.55, 15.32, 12.12, 5.55, 7.14, 25.81, 26.85, 21.05, 0.0, 20.23, 17.28, 21.68, 9.85, 14.97, 29.52, 27.39, 20.0, 14.62, 14.1, 15.5, 11.5, 23.8, 26.25, 14.16, 26.33, 8.45, 12.83, 14.73, 27.88, 15.23, 68.56], [0.0, 14.86, 11.39, 13.5, 16.93, 13.85, 11.55, 16.74, 11.71, 20.23, 0.0, 11.75, 12.34, 18.01, 5.47, 10.26, 11.96, 6.23, 15.91, 17.61, 11.35, 18.14, 11.25, 6.96, 6.42, 10.97, 20.31, 18.02, 5.66, 17.47, 6.9, 69.67], [0.0, 12.18, 9.69, 11.23, 14.08, 10.96, 12.65, 17.13, 11.84, 17.28, 11.75, 0.0, 4.4, 15.06, 11.27, 12.89, 13.44, 6.36, 14.02, 15.59, 9.7, 15.23, 6.52, 9.53, 12.19, 12.36, 17.66, 15.08, 10.06, 17.97, 4.85, 69.15], [0.0, 16.17, 12.47, 14.63, 18.31, 15.29, 11.37, 16.86, 11.66, 21.68, 12.34, 4.4, 0.0, 19.46, 6.87, 9.12, 11.56, 6.76, 16.87, 18.62, 12.42, 19.59, 10.2, 5.91, 7.8, 10.64, 21.59, 19.46, 7.1, 17.52, 8.05, 69.86], [0.0, 6.98, 13.57, 10.48, 4.3, 5.17, 23.85, 25.19, 18.84, 9.85, 18.01, 15.06, 19.46, 0.0, 12.75, 27.35, 25.39, 17.91, 13.3, 13.03, 13.75, 9.53, 21.58, 24.07, 11.95, 24.32, 8.24, 10.86, 12.52, 26.22, 13.09, 68.34], [0.0, 9.48, 10.07, 8.67, 11.45, 9.15, 14.97, 19.01, 6.53, 14.97, 5.47, 11.27, 6.87, 12.75, 0.0, 15.58, 15.91, 8.46, 11.66, 13.13, 10.13, 13.21, 9.02, 12.22, 11.89, 14.81, 14.96, 12.68, 11.14, 19.91, 12.37, 67.54], [0.0, 25.06, 16.66, 23.74, 26.91, 22.56, 8.24, 14.0, 9.08, 29.52, 10.26, 12.89, 9.12, 27.35, 15.58, 0.0, 6.89, 10.04, 25.96, 27.73, 16.53, 26.91, 7.25, 11.54, 16.54, 6.88, 30.52, 27.53, 14.94, 14.15, 17.14, 76.96], [0.0, 24.91, 12.63, 24.57, 26.05, 20.26, 13.14, 7.11, 10.73, 27.39, 11.96, 13.44, 11.56, 25.39, 15.91, 6.89, 0.0, 7.75, 27.46, 29.01, 12.46, 24.32, 10.74, 7.01, 16.81, 13.47, 30.29, 25.79, 14.31, 7.29, 18.28, 81.39], [0.0, 17.18, 6.78, 17.04, 18.32, 12.88, 6.58, 10.8, 5.48, 20.0, 6.23, 6.36, 6.76, 17.91, 8.46, 10.04, 7.75, 0.0, 20.12, 21.57, 6.67, 17.13, 7.54, 7.24, 9.29, 6.64, 22.54, 18.24, 6.62, 11.62, 11.09, 75.46], [0.0, 6.4, 20.28, 15.65, 9.09, 14.26, 26.61, 30.53, 17.19, 14.62, 15.91, 14.02, 16.87, 13.3, 11.66, 25.96, 27.46, 20.12, 0.0, 12.89, 20.39, 15.58, 18.73, 22.78, 10.86, 26.38, 8.08, 12.51, 13.71, 31.46, 9.18, 56.93], [0.0, 6.49, 21.26, 4.59, 8.73, 14.67, 28.11, 31.82, 18.88, 14.1, 17.61, 15.59, 18.62, 13.03, 13.13, 27.73, 29.01, 21.57, 12.89, 0.0, 21.39, 15.46, 20.52, 24.52, 12.28, 27.93, 6.8, 12.18, 15.05, 32.77, 10.79, 56.25], [0.0, 15.61, 13.45, 16.87, 15.6, 8.66, 10.7, 11.47, 11.18, 15.5, 11.35, 9.7, 12.42, 13.75, 10.13, 16.53, 12.46, 6.67, 20.39, 21.39, 0.0, 12.21, 13.77, 13.89, 10.44, 11.5, 20.28, 14.34, 7.73, 12.5, 12.85, 77.19], [0.0, 9.19, 12.03, 12.53, 6.8, 4.36, 22.68, 23.47, 18.82, 11.5, 18.14, 15.23, 19.59, 9.53, 13.21, 26.91, 24.32, 17.13, 15.58, 15.46, 12.21, 0.0, 21.64, 23.72, 12.54, 23.28, 10.88, 10.05, 12.5, 24.5, 14.07, 70.96], [0.0, 18.29, 13.84, 16.65, 20.46, 17.32, 10.89, 16.7, 10.03, 23.8, 11.25, 6.52, 10.2, 21.58, 9.02, 7.25, 10.74, 7.54, 18.73, 20.52, 13.77, 21.64, 0.0, 4.29, 9.94, 9.96, 23.7, 21.59, 9.15, 17.26, 10.1, 70.72], [0.0, 21.71, 14.01, 20.45, 23.56, 19.36, 7.66, 13.69, 5.75, 26.25, 6.96, 9.53, 5.91, 24.07, 12.22, 11.54, 7.01, 7.24, 22.78, 24.52, 13.89, 23.72, 4.29, 0.0, 13.19, 6.46, 27.18, 24.23, 11.62, 14.07, 13.86, 74.85], [0.0, 8.52, 10.37, 7.77, 10.51, 8.6, 15.83, 19.72, 7.49, 14.16, 6.42, 12.19, 7.8, 11.95, 11.89, 16.54, 16.81, 9.29, 10.86, 12.28, 10.44, 12.54, 9.94, 13.19, 0.0, 15.71, 13.99, 11.84, 12.08, 20.63, 13.32, 66.99], [0.0, 23.8, 11.67, 23.48, 24.95, 19.19, 13.22, 7.29, 9.76, 26.33, 10.97, 12.36, 10.64, 24.32, 14.81, 6.88, 13.47, 6.64, 26.38, 27.93, 11.5, 23.28, 9.96, 6.46, 15.71, 0.0, 29.18, 24.71, 13.2, 7.62, 17.21, 80.5], [0.0, 5.48, 20.12, 7.57, 4.73, 11.98, 29.04, 31.6, 21.45, 8.45, 20.31, 17.66, 21.59, 8.24, 14.96, 30.52, 30.29, 22.54, 8.08, 6.8, 20.28, 10.88, 23.7, 27.18, 13.99, 29.18, 0.0, 7.32, 16.04, 32.61, 13.64, 60.16], [0.0, 6.26, 14.16, 9.81, 12.05, 5.69, 24.28, 25.8, 18.9, 12.83, 18.02, 15.08, 19.46, 10.86, 12.68, 27.53, 25.79, 18.24, 12.51, 12.18, 14.34, 10.05, 21.59, 24.23, 11.84, 24.71, 7.32, 0.0, 12.63, 26.83, 12.82, 67.41], [0.0, 10.62, 7.68, 10.49, 12.06, 8.19, 13.19, 16.83, 6.34, 14.73, 5.66, 10.06, 7.1, 12.52, 11.14, 14.94, 14.31, 6.62, 13.71, 15.05, 7.73, 12.5, 9.15, 11.62, 12.08, 13.2, 16.04, 12.63, 0.0, 17.76, 5.21, 69.9], [0.0, 27.63, 12.67, 28.18, 28.0, 21.16, 6.44, 12.47, 16.42, 27.88, 17.47, 17.97, 17.52, 26.22, 19.91, 14.15, 7.29, 11.62, 31.46, 32.77, 12.5, 24.5, 17.26, 14.07, 20.63, 7.62, 32.61, 26.83, 17.76, 0.0, 22.63, 87.06], [0.0, 8.35, 12.78, 6.6, 10.87, 10.47, 17.49, 21.75, 8.14, 15.23, 6.9, 4.85, 8.05, 13.09, 12.37, 17.14, 18.28, 11.09, 9.18, 10.79, 12.85, 14.07, 10.1, 13.86, 13.32, 17.21, 13.64, 12.82, 5.21, 22.63, 0.0, 64.73], [0.0, 0.0, 0.0, 0.0, 0.0, 0.0, 0.0, 0.0, 0.0, 0.0, 0.0, 0.0, 0.0, 0.0, 0.0, 0.0, 0.0, 0.0, 0.0, 0.0, 0.0, 0.0, 0.0, 0.0, 0.0, 0.0, 0.0, 0.0, 0.0, 0.0, 0.0, 0.0]], "time_windows": [[0.0, 5000.0], [0.0, 109.0], [0.0, 129.0], [0.0, 149.0], [0.0, 156.0], [0.0, 168.0], [0.0, 209.0], [0.0, 221.0], [0.0, 274.0], [0.0, 332.0], [0.0, 372.0], [0.0, 393.0], [0.0, 400.0], [0.0, 431.0], [0.0, 450.0], [0.0, 484.0], [0.0, 504.0], [0.0, 524.0], [0.0, 587.0], [0.0, 616.0], [0.0, 655.0], [0.0, 675.0], [0.0, 706.0], [0.0, 712.0], [0.0, 731.0], [0.0, 752.0], [0.0, 796.0], [0.0, 807.0], [0.0, 828.0], [0.0, 867.0], [0.0, 911.0], [0.0, 5000.0]], "start_depot": 0, "end_depot": 31, "horizon": [0.0, 5000.0]}