{"digraph": {"vertex_count": 32, "arc_count": 930, "arcs": [[0, 1, 1, 1, 1, 1, 1, 1, 1, 1, 1, 1, 1, 1, 1, 1, 1, 1, 1, 1, 1, 1, 1, 1, 1, 1, 1, 1, 1, 1, 1, 1], [0, 0, 1, 1, 1, 1, 1, 1, 1, 1, 1, 1, 1, 1, 1, 1, 1, 1, 1, 1, 1, 1, 1, 1, 1, 1, 1, 1, 1, 1, 1, 1], [0, 1, 0, 1, 1, 1, 1, 1, 1, 1, 1, 1, 1, 1, 1, 1, 1, 1, 1, 1, 1, 1, 1, 1, 1, 1, 1, 1, 1, 1, 1, 1], [0, 1, 1, 0, 1, 1, 1, 1, 1, 1, 1, 1, 1, 1, 1, 1, 1, 1, 1, 1, 1, 1, 1, 1, 1, 1, 1, 1, 1, 1, 1, 1], [0, 1, 1, 1, 0, 1, 1, 1, 1, 1, 1, 1, 1, 1, 1, 1, 1, 1, 1, 1, 1, 1, 1, 1, 1, 1, 1, 1, 1, 1, 1, 1], [0, 1, 1, 1, 1, 0, 1, 1, 1, 1, 1, 1, 1, 1, 1, 1, 1, 1, 1, 1, 1, 1, 1, 1, 1, 1, 1, 1, 1, 1, 1, 1], [0, 1, 1, 1, 1, 1, 0, 1, 1, 1, 1, 1, 1, 1, 1, 1, 1, 1, 1, 1, 1, 1, 1, 1, 1, 1, 1, 1, 1, 1, 1, 1], [0, 1, 1, 1, 1, 1, 1, 0, 1, 1, 1, 1, 1, 1, 1, 1, 1, 1, 1, 1, 1, 1, 1, 1, 1, 1, 1, 1, 1, 1, 1, 1], [0, 1, 1, 1, 1, 1, 1, 1, 0, 1, 1, 1, 1, 1, 1, 1, 1, 1, 1, 1, 1, 1, 1, 1, 1, 1, 1, 1, 1, 1, 1, 1], [0, 1, 1, 1, 1, 1, 1, 1, 1, 0, 1, 1, 1, 1, 1, 1, 1, 1, 1, 1, 1, 1, 1, 1, 1, 1, 1, 1, 1, 1, 1, 1], [0, 1, 1, 1, 1, 1, 1, 1, 1, 1, 0, 1, 1, 1, 1, 1, 1, 1, 1, 1, 1, 1, 1, 1, 1, 1, 1, 1, 1, 1, 1, 1], [0, 1, 1, 1, 1, 1, 1, 1, 1, 1, 1, 0, 1, 1, 1, 1, 1, 1, 1, 1, 1, 1, 1, 1, 1, 1, 1, 1, 1, 1, 1, 1], [0, 1, 1, 1, 1, 1, 1, 1, 1, 1, 1, 1, 0, 1, 1, 1, 1, 1, 1, 1, 1, 1, 1, 1, 1, 1, 1, 1, 1, 1, 1, 1], [0, 1, 1, 1, 1, 1, 1, 1, 1, 1, 1, 1, 1, 0, 1, 1, 1, 1, 1, 1, 1, 1, 1, 1, 1, 1, 1, 1, 1, 1, 1, 1], [0, 1, 1, 1, 1, 1, 1, 1, 1, 1, 1, 1, 1, 1, 0, 1, 1, 1, 1, 1, 1, 1, 1, 1, 1, 1, 1, 1, 1, 1, 1, 1], [0, 1, 1, 1, 1, 1, 1, 1, 1, 1, 1, 1, 1, 1, 1, 0, 1, 1, 1, 1, 1, 1, 1, 1, 1, 1, 1, 1, 1, 1, 1, 1], [0, 1, 1, 1, 1, 1, 1, 1, 1, 1, 1, 1, 1, 1, 1, 1, 0, 1, 1, 1, 1, 1, 1, 1, 1, 1, 1, 1, 1, 1, 1, 1], [0, 1, 1, 1, 1, 1, 1, 1, 1, 1, 1, 1, 1, 1, 1, 1, 1, 0, 1, 1, 1, 1, 1, 1, 1, 1, 1, 1, 1, 1, 1, 1], [0, 1, 1, 1, 1, 1, 1, 1, 1, 1, 1, 1, 1, 1, 1, 1, 1, 1, 0, 1, 1, 1, 1, 1, 1, 1, 1, 1, 1, 1, 1, 1], [0, 1, 1, 1, 1, 1, 1, 1, 1, 1, 1, 1, 1, 1, 1, 1, 1, 1, 1, 0, 1, 1, 1, 1, 1, 1, 1, 1, 1, 1, 1, 1], [0, 1, 1, 1, 1, 1, 1, 1, 1, 1, 1, 1, 1, 1, 1, 1, 1, 1, 1, 1, 0, 1, 1, 1, 1, 1, 1, 1, 1, 1, 1, 1], [0, 1, 1, 1, 1, 1, 1, 1, 1, 1, 1, 1, 1, 1, 1, 1, 1, 1, 1, 1, 1, 0, 1, 1, 1, 1, 1, 1, 1, 1, 1, 1], [0, 1, 1, 1, 1, 1, 1, 1, 1, 1, 1, 1, 1, 1, 1, 1, 1, 1, 1, 1, 1, 1, 0, 1, 1, 1, 1, 1, 1, 1, 1, 1], [0, 1, 1, 1, 1, 1, 1, 1, 1, 1, 1, 1, 1, 1, 1, 1, 1, 1, 1, 1, 1, 1, 1, 0, 1, 1, 1, 1, 1, 1, 1, 1], [0, 1, 1, 1, 1, 1, 1, 1, 1, 1, 1, 1, 1, 1, 1, 1, 1, 1, 1, 1, 1, 1, 1, 1, 0, 1, 1, 1, 1, 1, 1, 1], [0, 1, 1, 1, 1, 1, 1, 1, 1, 1, 1, 1, 1, 1, 1, 1, 1, 1, 1, 1, 1, 1, 1, 1, 1, 0, 1, 1, 1, 1, 1, 1], [0, 1, 1, 1, 1, 1, 1, 1, 1, 1, 1, 1, 1, 1, 1, 1, 1, 1, 1, 1, 1, 1, 1, 1, 1, 1, 0, 1, 1, 1, 1, 1], [0, 1, 1, 1, 1, 1, 1, 1, 1, 1, 1, 1, 1, 1, 1, 1, 1, 1, 1, 1, 1, 1, 1, 1, 1, 1, 1, 0, 1, 1, 1, 1], [0, 1, 1, 1, 1, 1, 1, 1, 1, 1, 1, 1, 1, 1, 1, 1, 1, 1, 1, 1, 1, 1, 1, 1, 1, 1, 1, 1, 0, 1, 1, 1], [0, 1, 1, 1, 1, 1, 1, 1, 1, 1, 1, 1, 1, 1, 1, 1, 1, 1, 1, 1, 1, 1, 1, 1, 1, 1, 1, 1, 1, 0, 1, 1], [0, 1, 1, 1, 1, 1, 1, 1, 1, 1, 1, 1, 1, 1, 1, 1, 1, 1, 1, 1, 1, 1, 1, 1, 1, 1, 1, 1, 1, 1, 0, 1], [0, 0, 0, 0, 0, 0, 0, 0, 0, 0, 0, 0, 0, 0, 0, 0, 0, 0, 0, 0, 0, 0, 0, 0, 0, 0, 0, 0, 0, 0, 0, 0]]}, "cluster_count": 3, "cluster_speeds": [[0.925, 0.85, 0.925, 1.0, 0.8325, 0.765, 0.8325, 0.9, 0.4625, 0.425, 0.4625, 0.5, 0.30525, 0.2805, 0.30525, 0.33, 0.37, 0.34, 0.37, 0.4, 0.555, 0.51, 0.555, 0.6, 0.6475, 0.595, 0.6475, 0.7, 0.37, 0.34, 0.37, 0.4, 0.30525, 0.2805, 0.30525, 0.33, 0.4625, 0.425, 0.4625, 0.5, 0.6475, 0.595, 0.6475, 0.7, 0.74, 0.68, 0.74, 0.8, 0.6475, 0.595, 0.6475, 0.7, 0.4625, 0.425, 0.4625, 0.5, 0.555, 0.51, 0.555, 0.6, 0.6475, 0.595, 0.6475, 0.7, 0.8325, 0.765, 0.8325, 0.9, 0.925, 0.85, 0.925, 1.0, 1.0], [0.8325, 0.765, 0.8325, 0.9, 0.7492500000000001, 0.6885, 0.7492500000000001, 0.81, 0.41625, 0.3825, 0.41625, 0.45, 0.27472500000000005, 0.25245, 0.27472500000000005, 0.29700000000000004, 0.333, 0.30600000000000005, 0.333, 0.36000000000000004, 0.49950000000000006, 0.459, 0.49950000000000006, 0.54, 0.6475, 0.595, 0.6475, 0.7, 0.37, 0.34, 0.37, 0.4, 0.30525, 0.2805, 0.30525, 0.33, 0.4625, 0.425, 0.4625, 0.5, 0.6475, 0.595, 0.6475, 0.7, 0.74, 0.68, 0.74, 0.8, 0.58275, 0.5355, 0.58275, 0.63, 0.41625, 0.3825, 0.41625, 0.45, 0.49950000000000006, 0.459, 0.49950000000000006, 0.54, 0.58275, 0.5355, 0.58275, 0.63, 0.7492500000000001, 0.6885, 0.7492500000000001, 0.81, 0.8325, 0.765, 0.8325, 0.9, 0.9], [0.87875, 0.8075, 0.87875, 0.95, 0.790875, 0.72675, 0.790875, 0.855, 0.439375, 0.40375, 0.439375, 0.475, 0.2899875, 0.266475, 0.2899875, 0.3135, 0.3515, 0.323, 0.3515, 0.38, 0.52725, 0.4845, 0.52725, 0.57, 0.6475, 0.595, 0.6475, 0.7, 0.37, 0.34, 0.37, 0.4, 0.30525, 0.2805, 0.30525, 0.33, 0.4625, 0.425, 0.4625, 0.5, 0.6475, 0.595, 0.6475, 0.7, 0.74, 0.68, 0.74, 0.8, 0.6151249999999999, 0.5652499999999999, 0.6151249999999999, 0.6649999999999999, 0.439375, 0.40375, 0.439375, 0.475, 0.52725, 0.4845, 0.52725, 0.57, 0.6151249999999999, 0.5652499999999999, 0.6151249999999999, 0.6649999999999999, 0.790875, 0.72675, 0.790875, 0.855, 0.87875, 0.8075, 0.87875, 0.95, 0.95]], "clusters": [[-1, 2, 2, 2, 2, 2, 2, 2, 2, 2, 2, 2, 2, 2, 2, 2, 2, 2, 2, 2, 2, 2, 2, 2, 2, 2, 2, 2, 2, 2, 2, 2], [0, -1, 0, 0, 0, 0, 0, 0, 0, 0, 0, 0, 0, 0, 0, 0, 0, 0, 0, 0, 0, 0, 0, 0, 0, 0, 0, 0, 0, 0, 0, 0], [0, 0, -1, 0, 0, 0, 0, 0, 0, 0, 0, 0, 0, 0, 0, 0, 0, 0, 0, 0, 0, 0, 0, 0, 0, 0, 0, 0, 0, 0, 0, 0], [0, 0, 0, -1, 0, 0, 0, 0, 0, 0, 0, 0, 0, 0, 0, 0, 0, 0, 0, 0, 0, 0, 0, 0, 0, 0, 0, 0, 0, 0, 0, 0], [0, 0, 0, 0, -1, 0, 0, 0, 0, 0, 0, 0, 0, 0, 0, 0, 0, 0, 0, 0, 0, 0, 0, 0, 0, 0, 0, 0, 0, 0, 0, 0], [0, 0, 0, 0, 0, -1, 0, 0, 0, 0, 0, 0, 0, 0, 0, 0, 0, 0, 0, 0, 0, 0, 0, 0, 0, 0, 0, 0, 0, 0, 0, 0], [0, 0, 0, 0, 0, 0, -1, 0, 0, 0, 0, 0, 0, 0, 0, 0, 0, 0, 0, 0, 0, 0, 0, 0, 0, 0, 0, 0, 0, 0, 0, 0], [0, 0, 0, 0, 0, 0, 0, -1, 0, 0, 0, 0, 0, 0, 0, 0, 0, 0, 0, 0, 0, 0, 0, 0, 0, 0, 0, 0, 0, 0, 0, 0], [1, 1, 1, 1, 1, 1, 1, 1, -1, 1, 1, 1, 1, 1, 1, 1, 1, 1, 1, 1, 1, 1, 1, 1, 1, 1, 1, 1, 1, 1, 1, 1], [0, 0, 0, 0, 0, 0, 0, 0, 0, -1, 0, 0, 0, 0, 0, 0, 0, 0, 0, 0, 0, 0, 0, 0, 0, 0, 0, 0, 0, 0, 0, 0], [0, 0, 0, 0, 0, 0, 0, 0, 0, 0, -1, 0, 0, 0, 0, 0, 0, 0, 0, 0, 0, 0, 0, 0, 0, 0, 0, 0, 0, 0, 0, 0], [0, 0, 0, 0, 0, 0, 0, 0, 0, 0, 0, -1, 0, 0, 0, 0, 0, 0, 0, 0, 0, 0, 0, 0, 0, 0, 0, 0, 0, 0, 0, 0], [0, 0, 0, 0, 0, 0, 0, 0, 0, 0, 0, 0, -1, 0, 0, 0, 0, 0, 0, 0, 0, 0, 0, 0, 0, 0, 0, 0, 0, 0, 0, 0], [0, 0, 0, 0, 0, 0, 0, 0, 0, 0, 0, 0, 0, -1, 0, 0, 0, 0, 0, 0, 0, 0, 0, 0, 0, 0, 0, 0, 0, 0, 0, 0], [0, 0, 0, 0, 0, 0, 0, 0, 0, 0, 0, 0, 0, 0, -1, 0, 0, 0, 0, 0, 0, 0, 0, 0, 0, 0, 0, 0, 0, 0, 0, 0], [0, 0, 0, 0, 0, 0, 0, 0, 0, 0, 0, 0, 0, 0, 0, -1, 0, 0, 0, 0, 0, 0, 0, 0, 0, 0, 0, 0, 0, 0, 0, 0], [0, 0, 0, 0, 0, 0, 0, 0, 0, 0, 0, 0, 0, 0, 0, 0, -1, 0, 0, 0, 0, 0, 0, 0, 0, 0, 0, 0, 0, 0, 0, 0], [0, 0, 0, 0, 0, 0, 0, 0, 0, 0, 0, 0, 0, 0, 0, 0, 0, -1, 0, 0, 0, 0, 0, 0, 0, 0, 0, 0, 0, 0, 0, 0], [0, 0, 0, 0, 0, 0, 0, 0, 0, 0, 0, 0, 0, 0, 0, 0, 0, 0, -1, 0, 0, 0, 0, 0, 0, 0, 0, 0, 0, 0, 0, 0], [1, 1, 1, 1, 1, 1, 1, 1, 1, 1, 1, 1, 1, 1, 1, 1, 1, 1, 1, -1, 1, 1, 1, 1, 1, 1, 1, 1, 1, 1, 1, 1], [1, 1, 1, 1, 1, 1, 1, 1, 1, 1, 1, 1, 1, 1, 1, 1, 1, 1, 1, 1, -1, 1, 1, 1, 1, 1, 1, 1, 1, 1, 1, 1], [0, 0, 0, 0, 0, 0, 0, 0, 0, 0, 0, 0, 0, 0, 0, 0, 0, 0, 0, 0, 0, -1, 0, 0, 0, 0, 0, 0, 0, 0, 0, 0], [0, 0, 0, 0, 0, 0, 0, 0, 0, 0, 0, 0, 0, 0, 0, 0, 0, 0, 0, 0, 0, 0, -1, 0, 0, 0, 0, 0, 0, 0, 0, 0], [0, 0, 0, 0, 0, 0, 0, 0, 0, 0, 0, 0, 0, 0, 0, 0, 0, 0, 0, 0, 0, 0, 0, -1, 0, 0, 0, 0, 0, 0, 0, 0], [0, 0, 0, 0, 0, 0, 0, 0, 0, 0, 0, 0, 0, 0, 0, 0, 0, 0, 0, 0, 0, 0, 0, 0, -1, 0, 0, 0, 0, 0, 0, 0], [0, 0, 0, 0, 0, 0, 0, 0, 0, 0, 0, 0, 0, 0, 0, 0, 0, 0, 0, 0, 0, 0, 0, 0, 0, -1, 0, 0, 0, 0, 0, 0], [1, 1, 1, 1, 1, 1, 1, 1, 1, 1, 1, 1, 1, 1, 1, 1, 1, 1, 1, 1, 1, 1, 1, 1, 1, 1, -1, 1, 1, 1, 1, 1], [1, 1, 1, 1, 1, 1, 1, 1, 1, 1, 1, 1, 1, 1, 1, 1, 1, 1, 1, 1, 1, 1, 1, 1, 1, 1, 1, -1, 1, 1, 1, 1], [1, 1, 1, 1, 1, 1, 1, 1, 1, 1, 1, 1, 1, 1, 1, 1, 1, 1, 1, 1, 1, 1, 1, 1, 1, 1, 1, 1, -1, 1, 1, 1], [0, 0, 0, 0, 0, 0, 0, 0, 0, 0, 0, 0, 0, 0, 0, 0, 0, 0, 0, 0, 0, 0, 0, 0, 0, 0, 0, 0, 0, -1, 0, 0], [1, 1, 1, 1, 1, 1, 1, 1, 1, 1, 1, 1, 1, 1, 1, 1, 1, 1, 1, 1, 1, 1, 1, 1, 1, 1, 1, 1, 1, 1, -1, 1], [2, 2, 2, 2, 2, 2, 2, 2, 2, 2, 2, 2, 2, 2, 2, 2, 2, 2, 2, 2, 2, 2, 2, 2, 2, 2, 2, 2, 2, 2, 2, -1]], "speed_zone_count": 73, "speed_zones": [[0.0, 15.0], [15.0, 30.0], [30.0, 45.0], [45.0, 60.0], [60.0, 75.0], [75.0, 90.0], [90.0, 105.0], [105.0, 120.0], [120.0, 135.0], [135.0, 150.0], [150.0, 165.0], [165.0, 180.0], [180.0, 195.0], [195.0, 210.0], [210.0, 225.0], [225.0, 240.0], [240.0, 255.0], [255.0, 270.0], [270.0, 285.0], [285.0, 300.0], [300.0, 315.0], [315.0, 330.0], [330.0, 345.0], [345.0, 360.0], [360.0, 375.0], [375.0, 390.0], [390.0, 405.0], [405.0, 420.0], [420.0, 435.0], [435.0, 450.0], [450.0, 465.0], [465.0, 480.0], [480.0, 495.0], [495.0, 510.0], [510.0, 525.0], [525.0, 540.0], [540.0, 555.0], [555.0, 570.0], [570.0, 585.0], [585.0, 600.0], [600.0, 615.0], [615.0, 630.0], [630.0, 645.0], [645.0, 660.0], [660.0, 675.0], [675.0, 690.0], [690.0, 705.0], [705.0, 720.0], [720.0, 735.0], [735.0, 750.0], [750.0, 765.0], [765.0, 780.0], [780.0, 795.0], [795.0, 810.0], [810.0, 825.0], [825.0, 840.0], [840.0, 855.0], [855.0, 870.0], [870.0, 885.0], [885.0, 900.0], [900.0, 915.0], [915.0, 930.0], [930.0, 945.0], [945.0, 960.0], [960.0, 975.0], [975.0, 990.0], [990.0, 1005.0], [1005.0, 1020.0], [1020.0, 1035.0], [1035.0, 1050.0], [1050.0, 1065.0], [1065.0, 1080.0], [1080.0, 5000.0]], "distances": [[0.0, 75.45, 85.12, 68.46, 69.18, 69.09, 64.91, 64.43, 67.78, 63.95, 84.68, 64.43, 60.84, 73.66, 73.8, 78.09, 71.89, 62.78, 72.68, 71.88, 75.1, 73.34, 73.05, 60.99, 82.87, 76.24, 55.45, 60.6, 49.95, 79.96, 68.49, 0.0], [0.0, 0.0, 10.07, 10.57, 9.73, 14.27, 11.48, 14.1, 22.27, 14.67, 9.88, 11.79, 15.46, 6.16, 12.85, 9.78, 11.42, 15.98, 8.64, 14.53, 17.42, 5.54, 9.58, 15.11, 8.6, 4.47, 20.08, 17.97, 25.5, 7.98, 17.24, 75.45], [0.0, 10.07, 0.0, 17.62, 19.14, 19.38, 21.53, 23.89, 30.29, 24.46, 12.36, 20.77, 25.53, 14.6, 15.62, 7.81, 15.88, 25.8, 16.91, 22.1, 18.63, 14.36, 12.31, 24.22, 14.69, 9.07, 29.67, 27.88, 35.25, 6.58, 25.57, 85.12], [0.0, 10.57, 17.62, 0.0, 14.68, 4.64, 12.2, 16.21, 27.33, 16.57, 16.98, 5.24, 14.16, 14.4, 6.86, 12.87, 4.3, 17.44, 16.12, 21.38, 10.95, 13.59, 8.79, 8.04, 15.0, 8.65, 13.96, 18.48, 19.62, 11.65, 22.52, 68.46], [0.0, 9.73, 19.14, 14.68, 0.0, 19.32, 4.99, 5.0, 13.09, 5.56, 19.16, 11.87, 8.54, 4.79, 20.07, 11.38, 17.84, 6.88, 12.7, 6.8, 24.75, 4.82, 8.56, 13.62, 18.17, 13.65, 15.96, 9.1, 20.16, 17.63, 8.06, 69.18], [0.0, 14.27, 19.38, 4.64, 19.32, 0.0, 16.71, 20.72, 31.94, 21.06, 18.61, 9.1, 18.27, 18.8, 4.73, 16.21, 8.94, 21.85, 20.64, 26.0, 7.18, 17.99, 12.89, 10.91, 16.6, 11.22, 16.46, 22.72, 21.8, 12.86, 27.15, 69.09], [0.0, 11.48, 21.53, 12.2, 4.99, 16.71, 0.0, 9.98, 15.4, 4.38, 21.36, 8.09, 9.07, 8.81, 18.56, 13.82, 16.08, 5.34, 8.38, 11.11, 23.02, 8.44, 9.43, 9.03, 19.99, 14.25, 10.98, 6.85, 15.4, 18.51, 10.93, 64.91], [0.0, 14.1, 23.89, 16.21, 5.0, 20.72, 9.98, 0.0, 11.52, 9.53, 23.84, 12.0, 4.83, 9.79, 22.48, 16.08, 20.03, 9.4, 8.32, 8.67, 26.99, 9.75, 12.44, 12.45, 22.69, 17.49, 12.89, 9.4, 16.15, 21.68, 7.41, 64.43], [0.0, 22.27, 30.29, 27.33, 13.09, 31.94, 15.4, 11.52, 0.0, 11.33, 30.55, 23.48, 15.63, 16.22, 33.11, 23.2, 30.8, 11.08, 13.72, 8.2, 37.77, 16.75, 21.53, 23.88, 30.03, 26.51, 23.19, 11.66, 24.62, 30.23, 5.06, 67.78], [0.0, 14.67, 24.46, 16.57, 5.56, 21.06, 4.38, 9.53, 11.33, 0.0, 24.41, 12.27, 4.7, 10.35, 22.91, 16.65, 20.44, 9.26, 8.84, 8.92, 27.4, 10.31, 12.98, 12.56, 23.26, 18.02, 12.74, 9.26, 15.83, 22.22, 7.42, 63.95], [0.0, 9.88, 12.36, 16.98, 19.16, 18.61, 21.36, 23.84, 30.55, 24.41, 0.0, 20.28, 25.32, 14.7, 14.79, 7.78, 15.11, 25.74, 17.06, 22.37, 17.75, 14.42, 12.04, 23.73, 14.66, 8.51, 29.24, 27.79, 34.85, 5.77, 25.77, 84.68], [0.0, 11.79, 20.77, 5.24, 11.87, 9.1, 8.09, 12.0, 23.48, 12.27, 20.28, 0.0, 9.17, 13.3, 12.1, 14.46, 9.55, 12.91, 14.29, 18.64, 16.02, 12.57, 9.43, 13.28, 18.45, 11.81, 9.17, 13.64, 14.88, 15.64, 18.98, 64.43], [0.0, 15.46, 25.53, 14.16, 8.54, 18.27, 9.07, 4.83, 15.63, 4.7, 25.32, 9.17, 0.0, 12.82, 20.93, 17.88, 18.37, 4.57, 12.07, 13.47, 25.1, 12.51, 13.3, 8.49, 23.88, 17.85, 8.05, 4.57, 11.64, 22.12, 12.09, 60.84], [0.0, 6.16, 14.6, 14.4, 4.79, 18.8, 8.81, 9.79, 16.22, 10.35, 14.7, 13.3, 12.82, 0.0, 18.39, 7.06, 16.55, 11.68, 14.28, 8.37, 23.08, 9.61, 6.15, 15.91, 13.93, 10.58, 19.45, 13.89, 24.18, 14.05, 11.25, 73.66], [0.0, 12.85, 15.62, 6.86, 20.07, 4.73, 18.56, 22.48, 33.11, 22.91, 14.79, 12.1, 20.93, 18.39, 0.0, 14.13, 11.16, 23.89, 20.59, 26.34, 4.71, 17.61, 12.25, 14.67, 12.84, 8.82, 20.49, 25.12, 26.03, 9.05, 28.12, 73.8], [0.0, 9.78, 7.81, 12.87, 11.38, 16.21, 13.82, 16.08, 23.2, 16.65, 7.78, 14.46, 17.88, 7.06, 14.13, 0.0, 13.1, 17.98, 9.51, 15.17, 18.47, 6.69, 5.11, 17.79, 6.88, 5.32, 22.75, 20.07, 28.14, 7.46, 18.29, 78.09], [0.0, 11.42, 15.88, 4.3, 17.84, 8.94, 16.08, 20.03, 30.8, 20.44, 15.11, 9.55, 18.37, 16.55, 11.16, 13.1, 0.0, 21.4, 18.62, 24.26, 6.98, 15.75, 10.43, 12.2, 13.11, 7.93, 18.08, 22.58, 23.66, 9.37, 25.86, 71.89], [0.0, 15.98, 25.8, 17.44, 6.88, 21.85, 5.34, 9.4, 11.08, 9.26, 25.74, 12.91, 4.57, 11.68, 23.89, 17.98, 21.4, 0.0, 10.11, 9.69, 28.32, 11.66, 14.25, 12.87, 24.57, 19.26, 12.41, 9.13, 15.07, 23.48, 7.67, 62.78], [0.0, 8.64, 16.91, 16.12, 12.7, 20.64, 8.38, 8.32, 13.72, 8.84, 17.06, 14.29, 12.07, 14.28, 20.59, 9.51, 18.62, 10.11, 0.0, 5.91, 25.3, 13.75, 8.38, 16.5, 16.38, 13.03, 19.35, 12.35, 23.68, 16.56, 8.77, 72.68], [0.0, 14.53, 22.1, 21.38, 6.8, 26.0, 11.11, 8.67, 8.2, 8.92, 22.37, 18.64, 13.47, 8.37, 26.34, 15.17, 24.26, 9.69, 5.91, 0.0, 31.05, 9.02, 14.23, 20.12, 21.93, 18.94, 21.49, 11.61, 24.73, 22.39, 13.26, 71.88], [0.0, 17.42, 18.63, 10.95, 24.75, 7.18, 23.02, 26.99, 37.77, 27.4, 17.75, 16.02, 25.1, 23.08, 4.71, 18.47, 6.98, 28.32, 25.3, 31.05, 0.0, 22.31, 16.94, 18.08, 15.97, 13.19, 23.63, 29.42, 28.89, 12.39, 32.8, 75.1], [0.0, 5.54, 14.36, 13.59, 4.82, 17.99, 8.44, 9.75, 16.75, 10.31, 14.42, 12.57, 12.51, 9.61, 17.61, 6.69, 15.75, 11.66, 13.75, 9.02, 22.31, 0.0, 5.37, 15.24, 13.55, 9.91, 18.93, 13.83, 23.76, 13.49, 11.74, 73.34], [0.0, 9.58, 12.31, 8.79, 8.56, 12.89, 9.43, 12.44, 21.53, 12.98, 12.04, 9.43, 13.3, 6.15, 12.25, 5.11, 10.43, 14.25, 8.38, 14.23, 16.94, 5.37, 0.0, 12.71, 10.58, 5.12, 17.66, 16.12, 23.1, 9.25, 16.47, 73.05], [0.0, 15.11, 24.22, 8.04, 13.62, 10.91, 9.03, 12.45, 23.88, 12.56, 23.73, 13.28, 8.49, 15.91, 14.67, 17.79, 12.2, 12.87, 16.5, 20.12, 18.08, 15.24, 12.71, 0.0, 21.89, 15.25, 5.93, 13.02, 11.61, 19.02, 19.8, 60.99], [0.0, 8.6, 14.69, 15.0, 18.17, 16.6, 19.99, 22.69, 30.03, 23.26, 14.66, 18.45, 23.88, 13.93, 12.84, 6.88, 13.11, 24.57, 16.38, 21.93, 15.97, 13.55, 10.58, 21.89, 0.0, 6.64, 27.48, 26.56, 33.12, 10.91, 25.15, 82.87], [0.0, 4.47, 9.07, 8.65, 13.65, 11.22, 14.25, 17.49, 26.51, 18.02, 8.51, 11.81, 17.85, 10.58, 8.82, 5.32, 7.93, 19.26, 13.03, 18.94, 13.19, 9.91, 5.12, 15.25, 6.64, 0.0, 20.87, 21.06, 26.54, 4.27, 21.46, 76.24], [0.0, 20.08, 29.67, 13.96, 15.96, 16.46, 10.98, 12.89, 23.19, 12.74, 29.24, 9.17, 8.05, 19.45, 20.49, 22.75, 18.08, 12.41, 19.35, 21.49, 23.63, 18.93, 17.66, 5.93, 27.48, 20.87, 0.0, 11.53, 5.71, 24.8, 20.07, 55.45], [0.0, 17.97, 27.88, 18.48, 9.1, 22.72, 6.85, 9.4, 11.66, 9.26, 27.79, 13.64, 4.57, 13.89, 25.12, 20.07, 22.58, 9.13, 12.35, 11.61, 29.42, 13.83, 16.12, 13.02, 26.56, 21.06, 11.53, 0.0, 13.45, 25.3, 9.08, 60.6], [0.0, 25.5, 35.25, 19.62, 20.16, 21.8, 15.4, 16.15, 24.62, 15.83, 34.85, 14.88, 11.64, 24.18, 26.03, 28.14, 23.66, 15.07, 23.68, 24.73, 28.89, 23.76, 23.1, 11.61, 33.12, 26.54, 5.71, 13.45, 0.0, 30.49, 22.53, 49.95], [0.0, 7.98, 6.58, 11.65, 17.63, 12.86, 18.51, 21.68, 30.23, 22.22, 5.77, 15.64, 22.12, 14.05, 9.05, 7.46, 9.37, 23.48, 16.56, 22.39, 12.39, 13.49, 9.25, 19.02, 10.91, 4.27, 24.8, 25.3, 30.49, 0.0, 25.22, 79.96], [0.0, 17.24, 25.57, 22.52, 8.06, 27.15, 10.93, 7.41, 5.06, 7.42, 25.77, 18.98, 12.09, 11.25, 28.12, 18.29, 25.86, 7.67, 8.77, 13.26, 32.8, 11.74, 16.47, 19.8, 25.15, 21.46, 20.07, 9.08, 22.53, 25.22, 0.0, 68.49], [0.0, 0.0, 0.0, 0.0, 0.0, 0.0, 0.0, 0.0, 0.0, 0.0, 0.0, 0.0, 0.0, 0.0, 0.0, 0.0, 0.0, 0.0, 0.0, 0.0, 0.0, 0.0, 0.0, 0.0, 0.0, 0.0, 0.0, 0.0, 0.0, 0.0, 0.0, 0.0]], "time_windows": [[0.0, 5000.0], [0.0, 125.0], [0.0, 138.0], [0.0, 158.0], [0.0, 188.0], [0.0, 233.0], [0.0, 287.0], [0.0, 315.0], [0.0, 343.0], [0.0, 365.0], [0.0, 407.0], [0.0, 439.0], [0.0, 453.0], [0.0, 481.0], [0.0, 533.0], [0.0, 579.0], [0.0, 609.0], [0.0, 650.0], [0.0, 667.0], [0.0, 676.0], [0.0, 720.0], [0.0, 751.0], [0.0, 758.0], [0.0, 777.0], [0.0, 811.0], [0.0, 821.0], [0.0, 867.0], [0.0, 889.0], [0.0, 915.0], [0.0, 965.0], [0.0, 1003.0], [0.0, 5000.0]], "start_depot": 0, "end_depot": 31, "horizon": [0.0, 5000.0]}