{"digraph": {"vertex_count": 32, "arc_count": 930, "arcs": [[0, 1, 1, 1, 1, 1, 1, 1, 1, 1, 1, 1, 1, 1, 1, 1, 1, 1, 1, 1, 1, 1, 1, 1, 1, 1, 1, 1, 1, 1, 1, 1], [0, 0, 1, 1, 1, 1, 1, 1, 1, 1, 1, 1, 1, 1, 1, 1, 1, 1, 1, 1, 1, 1, 1, 1, 1, 1, 1, 1, 1, 1, 1, 1], [0, 1, 0, 1, 1, 1, 1, 1, 1, 1, 1, 1, 1, 1, 1, 1, 1, 1, 1, 1, 1, 1, 1, 1, 1, 1, 1, 1, 1, 1, 1, 1], [0, 1, 1, 0, 1, 1, 1, 1, 1, 1, 1, 1, 1, 1, 1, 1, 1, 1, 1, 1, 1, 1, 1, 1, 1, 1, 1, 1, 1, 1, 1, 1], [0, 1, 1, 1, 0, 1, 1, 1, 1, 1, 1, 1, 1, 1, 1, 1, 1, 1, 1, 1, 1, 1, 1, 1, 1, 1, 1, 1, 1, 1, 1, 1], [0, 1, 1, 1, 1, 0, 1, 1, 1, 1, 1, 1, 1, 1, 1, 1, 1, 1, 1, 1, 1, 1, 1, 1, 1, 1, 1, 1, 1, 1, 1, 1], [0, 1, 1, 1, 1, 1, 0, 1, 1, 1, 1, 1, 1, 1, 1, 1, 1, 1, 1, 1, 1, 1, 1, 1, 1, 1, 1, 1, 1, 1, 1, 1], [0, 1, 1, 1, 1, 1, 1, 0, 1, 1, 1, 1, 1, 1, 1, 1, 1, 1, 1, 1, 1, 1, 1, 1, 1, 1, 1, 1, 1, 1, 1, 1], [0, 1, 1, 1, 1, 1, 1, 1, 0, 1, 1, 1, 1, 1, 1, 1, 1, 1, 1, 1, 1, 1, 1, 1, 1, 1, 1, 1, 1, 1, 1, 1], [0, 1, 1, 1, 1, 1, 1, 1, 1, 0, 1, 1, 1, 1, 1, 1, 1, 1, 1, 1, 1, 1, 1, 1, 1, 1, 1, 1, 1, 1, 1, 1], [0, 1, 1, 1, 1, 1, 1, 1, 1, 1, 0, 1, 1, 1, 1, 1, 1, 1, 1, 1, 1, 1, 1, 1, 1, 1, 1, 1, 1, 1, 1, 1], [0, 1, 1, 1, 1, 1, 1, 1, 1, 1, 1, 0, 1, 1, 1, 1, 1, 1, 1, 1, 1, 1, 1, 1, 1, 1, 1, 1, 1, 1, 1, 1], [0, 1, 1, 1, 1, 1, 1, 1, 1, 1, 1, 1, 0, 1, 1, 1, 1, 1, 1, 1, 1, 1, 1, 1, 1, 1, 1, 1, 1, 1, 1, 1], [0, 1, 1, 1, 1, 1, 1, 1, 1, 1, 1, 1, 1, 0, 1, 1, 1, 1, 1, 1, 1, 1, 1, 1, 1, 1, 1, 1, 1, 1, 1, 1], [0, 1, 1, 1, 1, 1, 1, 1, 1, 1, 1, 1, 1, 1, 0, 1, 1, 1, 1, 1, 1, 1, 1, 1, 1, 1, 1, 1, 1, 1, 1, 1], [0, 1, 1, 1, 1, 1, 1, 1, 1, 1, 1, 1, 1, 1, 1, 0, 1, 1, 1, 1, 1, 1, 1, 1, 1, 1, 1, 1, 1, 1, 1, 1], [0, 1, 1, 1, 1, 1, 1, 1, 1, 1, 1, 1, 1, 1, 1, 1, 0, 1, 1, 1, 1, 1, 1, 1, 1, 1, 1, 1, 1, 1, 1, 1], [0, 1, 1, 1, 1, 1, 1, 1, 1, 1, 1, 1, 1, 1, 1, 1, 1, 0, 1, 1, 1, 1, 1, 1, 1, 1, 1, 1, 1, 1, 1, 1], [0, 1, 1, 1, 1, 1, 1, 1, 1, 1, 1, 1, 1, 1, 1, 1, 1, 1, 0, 1, 1, 1, 1, 1, 1, 1, 1, 1, 1, 1, 1, 1], [0, 1, 1, 1, 1, 1, 1, 1, 1, 1, 1, 1, 1, 1, 1, 1, 1, 1, 1, 0, 1, 1, 1, 1, 1, 1, 1, 1, 1, 1, 1, 1], [0, 1, 1, 1, 1, 1, 1, 1, 1, 1, 1, 1, 1, 1, 1, 1, 1, 1, 1, 1, 0, 1, 1, 1, 1, 1, 1, 1, 1, 1, 1, 1], [0, 1, 1, 1, 1, 1, 1, 1, 1, 1, 1, 1, 1, 1, 1, 1, 1, 1, 1, 1, 1, 0, 1, 1, 1, 1, 1, 1, 1, 1, 1, 1], [0, 1, 1, 1, 1, 1, 1, 1, 1, 1, 1, 1, 1, 1, 1, 1, 1, 1, 1, 1, 1, 1, 0, 1, 1, 1, 1, 1, 1, 1, 1, 1], [0, 1, 1, 1, 1, 1, 1, 1, 1, 1, 1, 1, 1, 1, 1, 1, 1, 1, 1, 1, 1, 1, 1, 0, 1, 1, 1, 1, 1, 1, 1, 1], [0, 1, 1, 1, 1, 1, 1, 1, 1, 1, 1, 1, 1, 1, 1, 1, 1, 1, 1, 1, 1, 1, 1, 1, 0, 1, 1, 1, 1, 1, 1, 1], [0, 1, 1, 1, 1, 1, 1, 1, 1, 1, 1, 1, 1, 1, 1, 1, 1, 1, 1, 1, 1, 1, 1, 1, 1, 0, 1, 1, 1, 1, 1, 1], [0, 1, 1, 1, 1, 1, 1, 1, 1, 1, 1, 1, 1, 1, 1, 1, 1, 1, 1, 1, 1, 1, 1, 1, 1, 1, 0, 1, 1, 1, 1, 1], [0, 1, 1, 1, 1, 1, 1, 1, 1, 1, 1, 1, 1, 1, 1, 1, 1, 1, 1, 1, 1, 1, 1, 1, 1, 1, 1, 0, 1, 1, 1, 1], [0, 1, 1, 1, 1, 1, 1, 1, 1, 1, 1, 1, 1, 1, 1, 1, 1, 1, 1, 1, 1, 1, 1, 1, 1, 1, 1, 1, 0, 1, 1, 1], [0, 1, 1, 1, 1, 1, 1, 1, 1, 1, 1, 1, 1, 1, 1, 1, 1, 1, 1, 1, 1, 1, 1, 1, 1, 1, 1, 1, 1, 0, 1, 1], [0, 1, 1, 1, 1, 1, 1, 1, 1, 1, 1, 1, 1, 1, 1, 1, 1, 1, 1, 1, 1, 1, 1, 1, 1, 1, 1, 1, 1, 1, 0, 1], [0, 0, 0, 0, 0, 0, 0, 0, 0, 0, 0, 0, 0, 0, 0, 0, 0, 0, 0, 0, 0, 0, 0, 0, 0, 0, 0, 0, 0, 0, 0, 0]]}, "cluster_count": 3, "cluster_speeds": [[0.925, 0.85, 0.925, 1.0, 0.8325, 0.765, 0.8325, 0.9, 0.4625, 0.425, 0.4625, 0.5, 0.30525, 0.2805, 0.30525, 0.33, 0.37, 0.34, 0.37, 0.4, 0.555, 0.51, 0.555, 0.6, 0.6475, 0.595, 0.6475, 0.7, 0.37, 0.34, 0.37, 0.4, 0.30525, 0.2805, 0.30525, 0.33, 0.4625, 0.425, 0.4625, 0.5, 0.6475, 0.595, 0.6475, 0.7, 0.74, 0.68, 0.74, 0.8, 0.6475, 0.595, 0.6475, 0.7, 0.4625, 0.425, 0.4625, 0.5, 0.555, 0.51, 0.555, 0.6, 0.6475, 0.595, 0.6475, 0.7, 0.8325, 0.765, 0.8325, 0.9, 0.925, 0.85, 0.925, 1.0, 1.0], [0.8325, 0.765, 0.8325, 0.9, 0.7492500000000001, 0.6885, 0.7492500000000001, 0.81, 0.41625, 0.3825, 0.41625, 0.45, 0.27472500000000005, 0.25245, 0.27472500000000005, 0.29700000000000004, 0.333, 0.30600000000000005, 0.333, 0.36000000000000004, 0.49950000000000006, 0.459, 0.49950000000000006, 0.54, 0.6475, 0.595, 0.6475, 0.7, 0.37, 0.34, 0.37, 0.4, 0.30525, 0.2805, 0.30525, 0.33, 0.4625, 0.425, 0.4625, 0.5, 0.6475, 0.595, 0.6475, 0.7, 0.74, 0.68, 0.74, 0.8, 0.58275, 0.5355, 0.58275, 0.63, 0.41625, 0.3825, 0.41625, 0.45, 0.49950000000000006, 0.459, 0.49950000000000006, 0.54, 0.58275, 0.5355, 0.58275, 0.63, 0.7492500000000001, 0.6885, 0.7492500000000001, 0.81, 0.8325, 0.765, 0.8325, 0.9, 0.9], [0.87875, 0.8075, 0.87875, 0.95, 0.790875, 0.72675, 0.790875, 0.855, 0.439375, 0.40375, 0.439375, 0.475, 0.2899875, 0.266475, 0.2899875, 0.3135, 0.3515, 0.323, 0.3515, 0.38, 0.52725, 0.4845, 0.52725, 0.57, 0.6475, 0.595, 0.6475, 0.7, 0.37, 0.34, 0.37, 0.4, 0.30525, 0.2805, 0.30525, 0.33, 0.4625, 0.425, 0.4625, 0.5, 0.6475, 0.595, 0.6475, 0.7, 0.74, 0.68, 0.74, 0.8, 0.6151249999999999, 0.5652499999999999, 0.6151249999999999, 0.6649999999999999, 0.439375, 0.40375, 0.439375, 0.475, 0.52725, 0.4845, 0.52725, 0.57, 0.6151249999999999, 0.5652499999999999, 0.6151249999999999, 0.6649999999999999, 0.790875, 0.72675, 0.790875, 0.855, 0.87875, 0.8075, 0.87875, 0.95, 0.95]], "clusters": [[-1, 2, 2, 2, 2, 2, 2, 2, 2, 2, 2, 2, 2, 2, 2, 2, 2, 2, 2, 2, 2, 2, 2, 2, 2, 2, 2, 2, 2, 2, 2, 2], [0, -1, 0, 0, 0, 0, 0, 0, 0, 0, 0, 0, 0, 0, 0, 0, 0, 0, 0, 0, 0, 0, 0, 0, 0, 0, 0, 0, 0, 0, 0, 0], [0, 0, -1, 0, 0, 0, 0, 0, 0, 0, 0, 0, 0, 0, 0, 0, 0, 0, 0, 0, 0, 0, 0, 0, 0, 0, 0, 0, 0, 0, 0, 0], [0, 0, 0, -1, 0, 0, 0, 0, 0, 0, 0, 0, 0, 0, 0, 0, 0, 0, 0, 0, 0, 0, 0, 0, 0, 0, 0, 0, 0, 0, 0, 0], [0, 0, 0, 0, -1, 0, 0, 0, 0, 0, 0, 0, 0, 0, 0, 0, 0, 0, 0, 0, 0, 0, 0, 0, 0, 0, 0, 0, 0, 0, 0, 0], [0, 0, 0, 0, 0, -1, 0, 0, 0, 0, 0, 0, 0, 0, 0, 0, 0, 0, 0, 0, 0, 0, 0, 0, 0, 0, 0, 0, 0, 0, 0, 0], [1, 1, 1, 1, 1, 1, -1, 1, 1, 1, 1, 1, 1, 1, 1, 1, 1, 1, 1, 1, 1, 1, 1, 1, 1, 1, 1, 1, 1, 1, 1, 1], [0, 0, 0, 0, 0, 0, 0, -1, 0, 0, 0, 0, 0, 0, 0, 0, 0, 0, 0, 0, 0, 0, 0, 0, 0, 0, 0, 0, 0, 0, 0, 0], [0, 0, 0, 0, 0, 0, 0, 0, -1, 0, 0, 0, 0, 0, 0, 0, 0, 0, 0, 0, 0, 0, 0, 0, 0, 0, 0, 0, 0, 0, 0, 0], [0, 0, 0, 0, 0, 0, 0, 0, 0, -1, 0, 0, 0, 0, 0, 0, 0, 0, 0, 0, 0, 0, 0, 0, 0, 0, 0, 0, 0, 0, 0, 0], [0, 0, 0, 0, 0, 0, 0, 0, 0, 0, -1, 0, 0, 0, 0, 0, 0, 0, 0, 0, 0, 0, 0, 0, 0, 0, 0, 0, 0, 0, 0, 0], [0, 0, 0, 0, 0, 0, 0, 0, 0, 0, 0, -1, 0, 0, 0, 0, 0, 0, 0, 0, 0, 0, 0, 0, 0, 0, 0, 0, 0, 0, 0, 0], [0, 0, 0, 0, 0, 0, 0, 0, 0, 0, 0, 0, -1, 0, 0, 0, 0, 0, 0, 0, 0, 0, 0, 0, 0, 0, 0, 0, 0, 0, 0, 0], [0, 0, 0, 0, 0, 0, 0, 0, 0, 0, 0, 0, 0, -1, 0, 0, 0, 0, 0, 0, 0, 0, 0, 0, 0, 0, 0, 0, 0, 0, 0, 0], [0, 0, 0, 0, 0, 0, 0, 0, 0, 0, 0, 0, 0, 0, -1, 0, 0, 0, 0, 0, 0, 0, 0, 0, 0, 0, 0, 0, 0, 0, 0, 0], [0, 0, 0, 0, 0, 0, 0, 0, 0, 0, 0, 0, 0, 0, 0, -1, 0, 0, 0, 0, 0, 0, 0, 0, 0, 0, 0, 0, 0, 0, 0, 0], [1, 1, 1, 1, 1, 1, 1, 1, 1, 1, 1, 1, 1, 1, 1, 1, -1, 1, 1, 1, 1, 1, 1, 1, 1, 1, 1, 1, 1, 1, 1, 1], [0, 0, 0, 0, 0, 0, 0, 0, 0, 0, 0, 0, 0, 0, 0, 0, 0, -1, 0, 0, 0, 0, 0, 0, 0, 0, 0, 0, 0, 0, 0, 0], [0, 0, 0, 0, 0, 0, 0, 0, 0, 0, 0, 0, 0, 0, 0, 0, 0, 0, -1, 0, 0, 0, 0, 0, 0, 0, 0, 0, 0, 0, 0, 0], [1, 1, 1, 1, 1, 1, 1, 1, 1, 1, 1, 1, 1, 1, 1, 1, 1, 1, 1, -1, 1, 1, 1, 1, 1, 1, 1, 1, 1, 1, 1, 1], [0, 0, 0, 0, 0, 0, 0, 0, 0, 0, 0, 0, 0, 0, 0, 0, 0, 0, 0, 0, -1, 0, 0, 0, 0, 0, 0, 0, 0, 0, 0, 0], [0, 0, 0, 0, 0, 0, 0, 0, 0, 0, 0, 0, 0, 0, 0, 0, 0, 0, 0, 0, 0, -1, 0, 0, 0, 0, 0, 0, 0, 0, 0, 0], [0, 0, 0, 0, 0, 0, 0, 0, 0, 0, 0, 0, 0, 0, 0, 0, 0, 0, 0, 0, 0, 0, -1, 0, 0, 0, 0, 0, 0, 0, 0, 0], [0, 0, 0, 0, 0, 0, 0, 0, 0, 0, 0, 0, 0, 0, 0, 0, 0, 0, 0, 0, 0, 0, 0, -1, 0, 0, 0, 0, 0, 0, 0, 0], [0, 0, 0, 0, 0, 0, 0, 0, 0, 0, 0, 0, 0, 0, 0, 0, 0, 0, 0, 0, 0, 0, 0, 0, -1, 0, 0, 0, 0, 0, 0, 0], [0, 0, 0, 0, 0, 0, 0, 0, 0, 0, 0, 0, 0, 0, 0, 0, 0, 0, 0, 0, 0, 0, 0, 0, 0, -1, 0, 0, 0, 0, 0, 0], [0, 0, 0, 0, 0, 0, 0, 0, 0, 0, 0, 0, 0, 0, 0, 0, 0, 0, 0, 0, 0, 0, 0, 0, 0, 0, -1, 0, 0, 0, 0, 0], [0, 0, 0, 0, 0, 0, 0, 0, 0, 0, 0, 0, 0, 0, 0, 0, 0, 0, 0, 0, 0, 0, 0, 0, 0, 0, 0, -1, 0, 0, 0, 0], [0, 0, 0, 0, 0, 0, 0, 0, 0, 0, 0, 0, 0, 0, 0, 0, 0, 0, 0, 0, 0, 0, 0, 0, 0, 0, 0, 0, -1, 0, 0, 0], [2, 2, 2, 2, 2, 2, 2, 2, 2, 2, 2, 2, 2, 2, 2, 2, 2, 2, 2, 2, 2, 2, 2, 2, 2, 2, 2, 2, 2, -1, 2, 2], [0, 0, 0, 0, 0, 0, 0, 0, 0, 0, 0, 0, 0, 0, 0, 0, 0, 0, 0, 0, 0, 0, 0, 0, 0, 0, 0, 0, 0, 0, -1, 0], [2, 2, 2, 2, 2, 2, 2, 2, 2, 2, 2, 2, 2, 2, 2, 2, 2, 2, 2, 2, 2, 2, 2, 2, 2, 2, 2, 2, 2, 2, 2, -1]], "speed_zone_count": 73, "speed_zones": [[0.0, 15.0], [15.0, 30.0], [30.0, 45.0], [45.0, 60.0], [60.0, 75.0], [75.0, 90.0], [90.0, 105.0], [105.0, 120.0], [120.0, 135.0], [135.0, 150.0], [150.0, 165.0], [165.0, 180.0], [180.0, 195.0], [195.0, 210.0], [210.0, 225.0], [225.0, 240.0], [240.0, 255.0], [255.0, 270.0], [270.0, 285.0], [285.0, 300.0], [300.0, 315.0], [315.0, 330.0], [330.0, 345.0], [345.0, 360.0], [360.0, 375.0], [375.0, 390.0], [390.0, 405.0], [405.0, 420.0], [420.0, 435.0], [435.0, 450.0], [450.0, 465.0], [465.0, 480.0], [480.0, 495.0], [495.0, 510.0], [510.0, 525.0], [525.0, 540.0], [540.0, 555.0], [555.0, 570.0], [570.0, 585.0], [585.0, 600.0], [600.0, 615.0], [615.0, 630.0], [630.0, 645.0], [645.0, 660.0], [660.0, 675.0], [675.0, 690.0], [690.0, 705.0], [705.0, 720.0], [720.0, 735.0], [735.0, 750.0], [750.0, 765.0], [765.0, 780.0], [780.0, 795.0], [795.0, 810.0], [810.0, 825.0], [825.0, 840.0], [840.0, 855.0], [855.0, 870.0], [870.0, 885.0], [885.0, 900.0], [900.0, 915.0], [915.0, 930.0], [930.0, 945.0], [945.0, 960.0], [960.0, 975.0], [975.0, 990.0], [990.0, 1005.0], [1005.0, 1020.0], [1020.0, 1035.0], [1035.0, 1050.0], [1050.0, 1065.0], [1065.0, 1080.0], [1080.0, 5000.0]], "distances": [[0.0, 69.94, 75.96, 67.71, 64.73, 77.67, 88.72, 78.81, 71.19, 64.29, 61.75, 76.35, 58.07, 70.04, 67.81, 63.67, 82.31, 76.01, 63.72, 79.42, 80.75, 64.45, 70.14, 72.3, 74.57, 69.56, 63.98, 65.36, 72.59, 62.96, 72.92, 0.0], [0.0, 0.0, 7.93, 5.47, 9.25, 7.74, 18.8, 8.99, 5.37, 6.42, 9.2, 8.61, 12.61, 12.05, 12.1, 7.05, 15.94, 6.98, 10.14, 13.61, 11.7, 6.45, 14.66, 7.97, 5.69, 10.78, 18.0, 14.67, 11.88, 30.4, 6.87, 69.94], [0.0, 7.93, 0.0, 13.18, 17.12, 5.74, 14.37, 7.54, 11.66, 14.23, 16.94, 11.37, 20.1, 10.88, 19.28, 14.82, 8.01, 13.17, 18.05, 5.82, 11.27, 14.31, 21.22, 13.67, 10.44, 8.22, 25.57, 22.18, 17.62, 37.89, 13.14, 75.96], [0.0, 5.47, 13.18, 0.0, 8.66, 11.25, 21.57, 11.76, 10.76, 9.86, 5.98, 8.66, 9.65, 9.56, 6.81, 4.34, 21.14, 11.95, 5.06, 18.97, 13.08, 9.56, 9.75, 5.19, 10.85, 5.31, 12.53, 9.2, 7.98, 24.93, 12.34, 67.71], [0.0, 9.25, 17.12, 8.66, 0.0, 15.22, 25.25, 15.6, 7.0, 4.41, 4.34, 11.88, 7.25, 6.64, 5.0, 4.32, 25.11, 15.95, 8.89, 22.85, 16.49, 12.24, 8.43, 7.58, 14.8, 9.02, 9.09, 6.07, 8.55, 21.42, 16.0, 64.73], [0.0, 7.74, 5.74, 11.25, 15.22, 0.0, 11.07, 11.24, 8.47, 13.76, 16.51, 6.15, 20.11, 8.6, 15.93, 14.4, 11.6, 12.37, 16.28, 10.49, 5.59, 13.69, 17.15, 9.62, 4.69, 8.11, 22.51, 19.14, 13.18, 34.45, 8.11, 77.67], [0.0, 18.8, 14.37, 21.57, 25.25, 11.07, 0.0, 9.95, 18.26, 24.58, 27.27, 13.6, 30.93, 19.01, 24.45, 25.22, 13.73, 13.55, 26.34, 15.04, 9.02, 24.46, 24.35, 18.18, 14.85, 19.17, 30.84, 27.74, 20.26, 41.57, 17.6, 88.72], [0.0, 8.99, 7.54, 11.76, 15.6, 11.24, 9.95, 0.0, 8.64, 14.64, 17.33, 5.2, 20.99, 9.14, 15.71, 15.27, 12.72, 5.88, 16.68, 11.92, 9.84, 14.53, 16.57, 9.28, 6.55, 9.36, 22.3, 18.99, 12.48, 33.99, 9.98, 78.81], [0.0, 5.37, 11.66, 10.76, 7.0, 8.47, 18.26, 8.64, 0.0, 7.17, 9.47, 5.17, 13.13, 11.72, 7.67, 7.72, 19.3, 10.13, 8.09, 17.46, 9.62, 6.92, 9.64, 9.75, 9.35, 5.45, 14.15, 10.75, 6.52, 26.33, 11.7, 71.19], [0.0, 6.42, 14.23, 9.86, 4.41, 13.76, 24.58, 14.64, 7.17, 0.0, 8.75, 12.28, 6.36, 5.78, 9.12, 8.74, 22.19, 13.4, 4.8, 19.7, 16.49, 9.31, 12.47, 9.04, 12.07, 6.08, 13.38, 10.47, 11.52, 25.57, 12.51, 64.29], [0.0, 9.2, 16.94, 5.98, 4.34, 16.51, 27.27, 17.33, 9.47, 8.75, 0.0, 14.64, 11.59, 8.32, 9.31, 8.66, 24.86, 16.16, 11.04, 22.32, 19.0, 13.91, 12.74, 10.94, 14.82, 8.86, 12.18, 9.75, 12.7, 23.94, 15.06, 61.75], [0.0, 8.61, 11.37, 8.66, 11.88, 6.15, 13.6, 5.2, 5.17, 12.28, 14.64, 0.0, 18.3, 6.55, 10.92, 12.85, 17.73, 9.59, 12.96, 16.59, 4.64, 12.06, 11.42, 4.58, 9.54, 8.88, 17.44, 14.23, 7.3, 28.88, 12.79, 76.35], [0.0, 12.61, 20.1, 9.65, 7.25, 20.11, 30.93, 20.99, 13.13, 6.36, 11.59, 18.3, 0.0, 12.0, 11.8, 5.72, 27.88, 19.48, 6.51, 25.22, 22.68, 6.46, 15.12, 14.47, 18.09, 12.25, 12.86, 11.26, 15.79, 23.51, 17.9, 58.07], [0.0, 12.05, 10.88, 9.56, 6.64, 8.6, 19.01, 9.14, 11.72, 5.78, 8.32, 6.55, 12.0, 0.0, 8.47, 6.39, 18.75, 9.52, 7.69, 16.7, 10.71, 5.6, 10.87, 4.38, 8.53, 11.72, 14.69, 11.3, 8.12, 27.02, 10.49, 70.04], [0.0, 12.1, 19.28, 6.81, 5.0, 15.93, 24.45, 15.71, 7.67, 9.12, 9.31, 10.92, 11.8, 8.47, 0.0, 9.18, 26.97, 17.79, 5.37, 25.09, 15.43, 8.76, 13.43, 6.44, 16.94, 12.0, 6.59, 11.07, 4.84, 18.65, 18.93, 67.81], [0.0, 7.05, 14.82, 4.34, 4.32, 14.4, 25.22, 15.27, 7.72, 8.74, 8.66, 12.85, 5.72, 6.39, 9.18, 0.0, 22.77, 14.02, 4.57, 20.26, 17.09, 9.08, 12.56, 9.5, 12.68, 6.71, 13.14, 10.33, 11.82, 25.25, 13.05, 63.67], [0.0, 15.94, 8.01, 21.14, 25.11, 11.6, 13.73, 12.72, 19.3, 22.19, 24.86, 17.73, 27.88, 18.75, 26.97, 22.77, 0.0, 9.23, 26.05, 13.83, 15.7, 22.28, 28.59, 20.98, 10.3, 16.22, 33.4, 30.0, 24.72, 45.63, 10.04, 82.31], [0.0, 6.98, 13.17, 11.95, 15.95, 12.37, 13.55, 5.88, 10.13, 13.4, 16.16, 9.59, 19.48, 9.52, 17.79, 14.02, 9.23, 0.0, 16.92, 7.35, 9.61, 13.44, 19.61, 12.02, 12.43, 7.31, 24.18, 20.78, 15.94, 36.44, 4.26, 76.01], [0.0, 10.14, 18.05, 5.06, 8.89, 16.28, 26.34, 16.68, 8.09, 4.8, 11.04, 12.96, 6.51, 7.69, 5.37, 4.57, 26.05, 16.92, 0.0, 23.75, 17.57, 4.51, 8.78, 8.62, 15.75, 9.89, 8.58, 5.81, 9.32, 20.8, 16.81, 63.72], [0.0, 13.61, 5.82, 18.97, 22.85, 10.49, 15.04, 11.92, 17.46, 19.7, 22.32, 16.59, 25.22, 16.7, 25.09, 20.26, 13.83, 7.35, 23.75, 0.0, 15.3, 19.82, 26.96, 19.37, 8.17, 13.86, 31.39, 28.0, 23.25, 43.72, 7.32, 79.42], [0.0, 11.7, 11.27, 13.08, 16.49, 5.59, 9.02, 9.84, 9.62, 16.49, 19.0, 4.64, 22.68, 10.71, 15.43, 17.09, 15.7, 9.61, 17.57, 15.3, 0.0, 16.31, 15.49, 9.2, 10.23, 12.04, 21.84, 18.73, 11.35, 32.87, 13.68, 80.75], [0.0, 6.45, 14.31, 9.56, 12.24, 13.69, 24.46, 14.53, 6.92, 9.31, 13.91, 12.06, 6.46, 5.6, 8.76, 9.08, 22.28, 13.44, 4.51, 19.82, 16.31, 0.0, 12.1, 8.74, 12.12, 6.13, 13.08, 10.14, 11.17, 25.29, 12.66, 64.45], [0.0, 14.66, 21.22, 9.75, 8.43, 17.15, 24.35, 16.57, 9.64, 12.47, 12.74, 11.42, 15.12, 10.87, 13.43, 12.56, 28.59, 19.61, 8.78, 26.96, 15.49, 12.1, 0.0, 7.61, 18.94, 14.62, 6.86, 4.79, 12.63, 17.46, 21.31, 70.14], [0.0, 7.97, 13.67, 5.19, 7.58, 9.62, 18.18, 9.28, 9.75, 9.04, 10.94, 4.58, 14.47, 4.38, 6.44, 9.5, 20.98, 12.02, 8.62, 19.37, 9.2, 8.74, 7.61, 0.0, 11.44, 8.06, 13.02, 9.74, 11.28, 24.82, 14.07, 72.3], [0.0, 5.69, 10.44, 10.85, 14.8, 4.69, 14.85, 6.55, 9.35, 12.07, 14.82, 9.54, 18.09, 8.53, 16.94, 12.68, 10.3, 12.43, 15.75, 8.17, 10.23, 12.12, 18.94, 11.44, 0.0, 6.0, 23.22, 19.83, 15.43, 35.55, 12.56, 74.57], [0.0, 10.78, 8.22, 5.31, 9.02, 8.11, 19.17, 9.36, 5.45, 6.08, 8.86, 8.88, 12.25, 11.72, 12.0, 6.71, 16.22, 7.31, 9.89, 13.86, 12.04, 6.13, 14.62, 8.06, 6.0, 0.0, 17.83, 14.51, 11.93, 30.23, 7.04, 69.56], [0.0, 18.0, 25.57, 12.53, 9.09, 22.51, 30.84, 22.3, 14.15, 13.38, 12.18, 17.44, 12.86, 14.69, 6.59, 13.14, 33.4, 24.18, 8.58, 31.39, 21.84, 13.08, 6.86, 13.02, 23.22, 17.83, 0.0, 11.65, 10.65, 12.41, 24.87, 63.98], [0.0, 14.67, 22.18, 9.2, 6.07, 19.14, 27.74, 18.99, 10.75, 10.47, 9.75, 14.23, 11.26, 11.3, 11.07, 10.33, 30.0, 20.78, 5.81, 28.0, 18.73, 10.14, 4.79, 9.74, 19.83, 14.51, 11.65, 0.0, 7.84, 15.75, 21.55, 65.36], [0.0, 11.88, 17.62, 7.98, 8.55, 13.18, 20.26, 12.48, 6.52, 11.52, 12.7, 7.3, 15.79, 8.12, 4.84, 11.82, 24.72, 15.94, 9.32, 23.25, 11.35, 11.17, 12.63, 11.28, 15.43, 11.93, 10.65, 7.84, 0.0, 21.6, 18.1, 72.59], [0.0, 30.4, 37.89, 24.93, 21.42, 34.45, 41.57, 33.99, 26.33, 25.57, 23.94, 28.88, 23.51, 27.02, 18.65, 25.25, 45.63, 36.44, 20.8, 43.72, 32.87, 25.29, 17.46, 24.82, 35.55, 30.23, 12.41, 15.75, 21.6, 0.0, 37.27, 62.96], [0.0, 6.87, 13.14, 12.34, 16.0, 8.11, 17.6, 9.98, 11.7, 12.51, 15.06, 12.79, 17.9, 10.49, 18.93, 13.05, 10.04, 4.26, 16.81, 7.32, 13.68, 12.66, 21.31, 14.07, 12.56, 7.04, 24.87, 21.55, 18.1, 37.27, 0.0, 72.92], [0.0, 0.0, 0.0, 0.0, 0.0, 0.0, 0.0, 0.0, 0.0, 0.0, 0.0, 0.0, 0.0, 0.0, 0.0, 0.0, 0.0, 0.0, 0.0, 0.0, 0.0, 0.0, 0.0, 0.0, 0.0, 0.0, 0.0, 0.0, 0.0, 0.0, 0.0, 0.0]], "time_windows": [[0.0, 5000.0], [0.0, 118.0], [0.0, 128.0], [0.0, 144.0], [0.0, 154.0], [0.0, 181.0], [0.0, 206.0], [0.0, 230.0], [0.0, 259.0], [0.0, 281.0], [0.0, 306.0], [0.0, 343.0], [0.0, 377.0], [0.0, 398.0], [0.0, 411.0], [0.0, 426.0], [0.0, 461.0], [0.0, 486.0], [0.0, 533.0], [0.0, 601.0], [0.0, 634.0], [0.0, 661.0], [0.0, 681.0], [0.0, 692.0], [0.0, 708.0], [0.0, 716.0], [0.0, 741.0], [0.0, 756.0], [0.0, 767.0], [0.0, 802.0], [0.0, 874.0], [0.0, 5000.0]], "start_depot": 0, "end_depot": 31, "horizon": [0.0, 5000.0]}