{"digraph": {"vertex_count": 32, "arc_count": 930, "arcs": [[0, 1, 1, 1, 1, 1, 1, 1, 1, 1, 1, 1, 1, 1, 1, 1, 1, 1, 1, 1, 1, 1, 1, 1, 1, 1, 1, 1, 1, 1, 1, 1], [0, 0, 1, 1, 1, 1, 1, 1, 1, 1, 1, 1, 1, 1, 1, 1, 1, 1, 1, 1, 1, 1, 1, 1, 1, 1, 1, 1, 1, 1, 1, 1], [0, 1, 0, 1, 1, 1, 1, 1, 1, 1, 1, 1, 1, 1, 1, 1, 1, 1, 1, 1, 1, 1, 1, 1, 1, 1, 1, 1, 1, 1, 1, 1], [0, 1, 1, 0, 1, 1, 1, 1, 1, 1, 1, 1, 1, 1, 1, 1, 1, 1, 1, 1, 1, 1, 1, 1, 1, 1, 1, 1, 1, 1, 1, 1], [0, 1, 1, 1, 0, 1, 1, 1, 1, 1, 1, 1, 1, 1, 1, 1, 1, 1, 1, 1, 1, 1, 1, 1, 1, 1, 1, 1, 1, 1, 1, 1], [0, 1, 1, 1, 1, 0, 1, 1, 1, 1, 1, 1, 1, 1, 1, 1, 1, 1, 1, 1, 1, 1, 1, 1, 1, 1, 1, 1, 1, 1, 1, 1], [0, 1, 1, 1, 1, 1, 0, 1, 1, 1, 1, 1, 1, 1, 1, 1, 1, 1, 1, 1, 1, 1, 1, 1, 1, 1, 1, 1, 1, 1, 1, 1], [0, 1, 1, 1, 1, 1, 1, 0, 1, 1, 1, 1, 1, 1, 1, 1, 1, 1, 1, 1, 1, 1, 1, 1, 1, 1, 1, 1, 1, 1, 1, 1], [0, 1, 1, 1, 1, 1, 1, 1, 0, 1, 1, 1, 1, 1, 1, 1, 1, 1, 1, 1, 1, 1, 1, 1, 1, 1, 1, 1, 1, 1, 1, 1], [0, 1, 1, 1, 1, 1, 1, 1, 1, 0, 1, 1, 1, 1, 1, 1, 1, 1, 1, 1, 1, 1, 1, 1, 1, 1, 1, 1, 1, 1, 1, 1], [0, 1, 1, 1, 1, 1, 1, 1, 1, 1, 0, 1, 1, 1, 1, 1, 1, 1, 1, 1, 1, 1, 1, 1, 1, 1, 1, 1, 1, 1, 1, 1], [0, 1, 1, 1, 1, 1, 1, 1, 1, 1, 1, 0, 1, 1, 1, 1, 1, 1, 1, 1, 1, 1, 1, 1, 1, 1, 1, 1, 1, 1, 1, 1], [0, 1, 1, 1, 1, 1, 1, 1, 1, 1, 1, 1, 0, 1, 1, 1, 1, 1, 1, 1, 1, 1, 1, 1, 1, 1, 1, 1, 1, 1, 1, 1], [0, 1, 1, 1, 1, 1, 1, 1, 1, 1, 1, 1, 1, 0, 1, 1, 1, 1, 1, 1, 1, 1, 1, 1, 1, 1, 1, 1, 1, 1, 1, 1], [0, 1, 1, 1, 1, 1, 1, 1, 1, 1, 1, 1, 1, 1, 0, 1, 1, 1, 1, 1, 1, 1, 1, 1, 1, 1, 1, 1, 1, 1, 1, 1], [0, 1, 1, 1, 1, 1, 1, 1, 1, 1, 1, 1, 1, 1, 1, 0, 1, 1, 1, 1, 1, 1, 1, 1, 1, 1, 1, 1, 1, 1, 1, 1], [0, 1, 1, 1, 1, 1, 1, 1, 1, 1, 1, 1, 1, 1, 1, 1, 0, 1, 1, 1, 1, 1, 1, 1, 1, 1, 1, 1, 1, 1, 1, 1], [0, 1, 1, 1, 1, 1, 1, 1, 1, 1, 1, 1, 1, 1, 1, 1, 1, 0, 1, 1, 1, 1, 1, 1, 1, 1, 1, 1, 1, 1, 1, 1], [0, 1, 1, 1, 1, 1, 1, 1, 1, 1, 1, 1, 1, 1, 1, 1, 1, 1, 0, 1, 1, 1, 1, 1, 1, 1, 1, 1, 1, 1, 1, 1], [0, 1, 1, 1, 1, 1, 1, 1, 1, 1, 1, 1, 1, 1, 1, 1, 1, 1, 1, 0, 1, 1, 1, 1, 1, 1, 1, 1, 1, 1, 1, 1], [0, 1, 1, 1, 1, 1, 1, 1, 1, 1, 1, 1, 1, 1, 1, 1, 1, 1, 1, 1, 0, 1, 1, 1, 1, 1, 1, 1, 1, 1, 1, 1], [0, 1, 1, 1, 1, 1, 1, 1, 1, 1, 1, 1, 1, 1, 1, 1, 1, 1, 1, 1, 1, 0, 1, 1, 1, 1, 1, 1, 1, 1, 1, 1], [0, 1, 1, 1, 1, 1, 1, 1, 1, 1, 1, 1, 1, 1, 1, 1, 1, 1, 1, 1, 1, 1, 0, 1, 1, 1, 1, 1, 1, 1, 1, 1], [0, 1, 1, 1, 1, 1, 1, 1, 1, 1, 1, 1, 1, 1, 1, 1, 1, 1, 1, 1, 1, 1, 1, 0, 1, 1, 1, 1, 1, 1, 1, 1], [0, 1, 1, 1, 1, 1, 1, 1, 1, 1, 1, 1, 1, 1, 1, 1, 1, 1, 1, 1, 1, 1, 1, 1, 0, 1, 1, 1, 1, 1, 1, 1], [0, 1, 1, 1, 1, 1, 1, 1, 1, 1, 1, 1, 1, 1, 1, 1, 1, 1, 1, 1, 1, 1, 1, 1, 1, 0, 1, 1, 1, 1, 1, 1], [0, 1, 1, 1, 1, 1, 1, 1, 1, 1, 1, 1, 1, 1, 1, 1, 1, 1, 1, 1, 1, 1, 1, 1, 1, 1, 0, 1, 1, 1, 1, 1], [0, 1, 1, 1, 1, 1, 1, 1, 1, 1, 1, 1, 1, 1, 1, 1, 1, 1, 1, 1, 1, 1, 1, 1, 1, 1, 1, 0, 1, 1, 1, 1], [0, 1, 1, 1, 1, 1, 1, 1, 1, 1, 1, 1, 1, 1, 1, 1, 1, 1, 1, 1, 1, 1, 1, 1, 1, 1, 1, 1, 0, 1, 1, 1], [0, 1, 1, 1, 1, 1, 1, 1, 1, 1, 1, 1, 1, 1, 1, 1, 1, 1, 1, 1, 1, 1, 1, 1, 1, 1, 1, 1, 1, 0, 1, 1], [0, 1, 1, 1, 1, 1, 1, 1, 1, 1, 1, 1, 1, 1, 1, 1, 1, 1, 1, 1, 1, 1, 1, 1, 1, 1, 1, 1, 1, 1, 0, 1], [0, 0, 0, 0, 0, 0, 0, 0, 0, 0, 0, 0, 0, 0, 0, 0, 0, 0, 0, 0, 0, 0, 0, 0, 0, 0, 0, 0, 0, 0, 0, 0]]}, "cluster_count": 3, "cluster_speeds": [[0.925, 0.85, 0.925, 1.0, 0.8325, 0.765, 0.8325, 0.9, 0.4625, 0.425, 0.4625, 0.5, 0.30525, 0.2805, 0.30525, 0.33, 0.37, 0.34, 0.37, 0.4, 0.555, 0.51, 0.555, 0.6, 0.6475, 0.595, 0.6475, 0.7, 0.37, 0.34, 0.37, 0.4, 0.30525, 0.2805, 0.30525, 0.33, 0.4625, 0.425, 0.4625, 0.5, 0.6475, 0.595, 0.6475, 0.7, 0.74, 0.68, 0.74, 0.8, 0.6475, 0.595, 0.6475, 0.7, 0.4625, 0.425, 0.4625, 0.5, 0.555, 0.51, 0.555, 0.6, 0.6475, 0.595, 0.6475, 0.7, 0.8325, 0.765, 0.8325, 0.9, 0.925, 0.85, 0.925, 1.0, 1.0], [0.8325, 0.765, 0.8325, 0.9, 0.7492500000000001, 0.6885, 0.7492500000000001, 0.81, 0.41625, 0.3825, 0.41625, 0.45, 0.27472500000000005, 0.25245, 0.27472500000000005, 0.29700000000000004, 0.333, 0.30600000000000005, 0.333, 0.36000000000000004, 0.49950000000000006, 0.459, 0.49950000000000006, 0.54, 0.6475, 0.595, 0.6475, 0.7, 0.37, 0.34, 0.37, 0.4, 0.30525, 0.2805, 0.30525, 0.33, 0.4625, 0.425, 0.4625, 0.5, 0.6475, 0.595, 0.6475, 0.7, 0.74, 0.68, 0.74, 0.8, 0.58275, 0.5355, 0.58275, 0.63, 0.41625, 0.3825, 0.41625, 0.45, 0.49950000000000006, 0.459, 0.49950000000000006, 0.54, 0.58275, 0.5355, 0.58275, 0.63, 0.7492500000000001, 0.6885, 0.7492500000000001, 0.81, 0.8325, 0.765, 0.8325, 0.9, 0.9], [0.87875, 0.8075, 0.87875, 0.95, 0.790875, 0.72675, 0.790875, 0.855, 0.439375, 0.40375, 0.439375, 0.475, 0.2899875, 0.266475, 0.2899875, 0.3135, 0.3515, 0.323, 0.3515, 0.38, 0.52725, 0.4845, 0.52725, 0.57, 0.6475, 0.595, 0.6475, 0.7, 0.37, 0.34, 0.37, 0.4, 0.30525, 0.2805, 0.30525, 0.33, 0.4625, 0.425, 0.4625, 0.5, 0.6475, 0.595, 0.6475, 0.7, 0.74, 0.68, 0.74, 0.8, 0.6151249999999999, 0.5652499999999999, 0.6151249999999999, 0.6649999999999999, 0.439375, 0.40375, 0.439375, 0.475, 0.52725, 0.4845, 0.52725, 0.57, 0.6151249999999999, 0.5652499999999999, 0.6151249999999999, 0.6649999999999999, 0.790875, 0.72675, 0.790875, 0.855, 0.87875, 0.8075, 0.87875, 0.95, 0.95]], "clusters": [[-1, 2, 2, 2, 2, 2, 2, 2, 2, 2, 2, 2, 2, 2, 2, 2, 2, 2, 2, 2, 2, 2, 2, 2, 2, 2, 2, 2, 2, 2, 2, 2], [2, -1, 2, 2, 2, 2, 2, 2, 2, 2, 2, 2, 2, 2, 2, 2, 2, 2, 2, 2, 2, 2, 2, 2, 2, 2, 2, 2, 2, 2, 2, 2], [1, 1, -1, 1, 1, 1, 1, 1, 1, 1, 1, 1, 1, 1, 1, 1, 1, 1, 1, 1, 1, 1, 1, 1, 1, 1, 1, 1, 1, 1, 1, 1], [1, 1, 1, -1, 1, 1, 1, 1, 1, 1, 1, 1, 1, 1, 1, 1, 1, 1, 1, 1, 1, 1, 1, 1, 1, 1, 1, 1, 1, 1, 1, 1], [0, 0, 0, 0, -1, 0, 0, 0, 0, 0, 0, 0, 0, 0, 0, 0, 0, 0, 0, 0, 0, 0, 0, 0, 0, 0, 0, 0, 0, 0, 0, 0], [0, 0, 0, 0, 0, -1, 0, 0, 0, 0, 0, 0, 0, 0, 0, 0, 0, 0, 0, 0, 0, 0, 0, 0, 0, 0, 0, 0, 0, 0, 0, 0], [1, 1, 1, 1, 1, 1, -1, 1, 1, 1, 1, 1, 1, 1, 1, 1, 1, 1, 1, 1, 1, 1, 1, 1, 1, 1, 1, 1, 1, 1, 1, 1], [0, 0, 0, 0, 0, 0, 0, -1, 0, 0, 0, 0, 0, 0, 0, 0, 0, 0, 0, 0, 0, 0, 0, 0, 0, 0, 0, 0, 0, 0, 0, 0], [1, 1, 1, 1, 1, 1, 1, 1, -1, 1, 1, 1, 1, 1, 1, 1, 1, 1, 1, 1, 1, 1, 1, 1, 1, 1, 1, 1, 1, 1, 1, 1], [1, 1, 1, 1, 1, 1, 1, 1, 1, -1, 1, 1, 1, 1, 1, 1, 1, 1, 1, 1, 1, 1, 1, 1, 1, 1, 1, 1, 1, 1, 1, 1], [1, 1, 1, 1, 1, 1, 1, 1, 1, 1, -1, 1, 1, 1, 1, 1, 1, 1, 1, 1, 1, 1, 1, 1, 1, 1, 1, 1, 1, 1, 1, 1], [1, 1, 1, 1, 1, 1, 1, 1, 1, 1, 1, -1, 1, 1, 1, 1, 1, 1, 1, 1, 1, 1, 1, 1, 1, 1, 1, 1, 1, 1, 1, 1], [0, 0, 0, 0, 0, 0, 0, 0, 0, 0, 0, 0, -1, 0, 0, 0, 0, 0, 0, 0, 0, 0, 0, 0, 0, 0, 0, 0, 0, 0, 0, 0], [1, 1, 1, 1, 1, 1, 1, 1, 1, 1, 1, 1, 1, -1, 1, 1, 1, 1, 1, 1, 1, 1, 1, 1, 1, 1, 1, 1, 1, 1, 1, 1], [0, 0, 0, 0, 0, 0, 0, 0, 0, 0, 0, 0, 0, 0, -1, 0, 0, 0, 0, 0, 0, 0, 0, 0, 0, 0, 0, 0, 0, 0, 0, 0], [1, 1, 1, 1, 1, 1, 1, 1, 1, 1, 1, 1, 1, 1, 1, -1, 1, 1, 1, 1, 1, 1, 1, 1, 1, 1, 1, 1, 1, 1, 1, 1], [2, 2, 2, 2, 2, 2, 2, 2, 2, 2, 2, 2, 2, 2, 2, 2, -1, 2, 2, 2, 2, 2, 2, 2, 2, 2, 2, 2, 2, 2, 2, 2], [0, 0, 0, 0, 0, 0, 0, 0, 0, 0, 0, 0, 0, 0, 0, 0, 0, -1, 0, 0, 0, 0, 0, 0, 0, 0, 0, 0, 0, 0, 0, 0], [1, 1, 1, 1, 1, 1, 1, 1, 1, 1, 1, 1, 1, 1, 1, 1, 1, 1, -1, 1, 1, 1, 1, 1, 1, 1, 1, 1, 1, 1, 1, 1], [1, 1, 1, 1, 1, 1, 1, 1, 1, 1, 1, 1, 1, 1, 1, 1, 1, 1, 1, -1, 1, 1, 1, 1, 1, 1, 1, 1, 1, 1, 1, 1], [1, 1, 1, 1, 1, 1, 1, 1, 1, 1, 1, 1, 1, 1, 1, 1, 1, 1, 1, 1, -1, 1, 1, 1, 1, 1, 1, 1, 1, 1, 1, 1], [2, 2, 2, 2, 2, 2, 2, 2, 2, 2, 2, 2, 2, 2, 2, 2, 2, 2, 2, 2, 2, -1, 2, 2, 2, 2, 2, 2, 2, 2, 2, 2], [0, 0, 0, 0, 0, 0, 0, 0, 0, 0, 0, 0, 0, 0, 0, 0, 0, 0, 0, 0, 0, 0, -1, 0, 0, 0, 0, 0, 0, 0, 0, 0], [1, 1, 1, 1, 1, 1, 1, 1, 1, 1, 1, 1, 1, 1, 1, 1, 1, 1, 1, 1, 1, 1, 1, -1, 1, 1, 1, 1, 1, 1, 1, 1], [0, 0, 0, 0, 0, 0, 0, 0, 0, 0, 0, 0, 0, 0, 0, 0, 0, 0, 0, 0, 0, 0, 0, 0, -1, 0, 0, 0, 0, 0, 0, 0], [2, 2, 2, 2, 2, 2, 2, 2, 2, 2, 2, 2, 2, 2, 2, 2, 2, 2, 2, 2, 2, 2, 2, 2, 2, -1, 2, 2, 2, 2, 2, 2], [2, 2, 2, 2, 2, 2, 2, 2, 2, 2, 2, 2, 2, 2, 2, 2, 2, 2, 2, 2, 2, 2, 2, 2, 2, 2, -1, 2, 2, 2, 2, 2], [1, 1, 1, 1, 1, 1, 1, 1, 1, 1, 1, 1, 1, 1, 1, 1, 1, 1, 1, 1, 1, 1, 1, 1, 1, 1, 1, -1, 1, 1, 1, 1], [0, 0, 0, 0, 0, 0, 0, 0, 0, 0, 0, 0, 0, 0, 0, 0, 0, 0, 0, 0, 0, 0, 0, 0, 0, 0, 0, 0, -1, 0, 0, 0], [2, 2, 2, 2, 2, 2, 2, 2, 2, 2, 2, 2, 2, 2, 2, 2, 2, 2, 2, 2, 2, 2, 2, 2, 2, 2, 2, 2, 2, -1, 2, 2], [1, 1, 1, 1, 1, 1, 1, 1, 1, 1, 1, 1, 1, 1, 1, 1, 1, 1, 1, 1, 1, 1, 1, 1, 1, 1, 1, 1, 1, 1, -1, 1], [2, 2, 2, 2, 2, 2, 2, 2, 2, 2, 2, 2, 2, 2, 2, 2, 2, 2, 2, 2, 2, 2, 2, 2, 2, 2, 2, 2, 2, 2, 2, -1]], "speed_zone_count": 73, "speed_zones": [[0.0, 15.0], [15.0, 30.0], [30.0, 45.0], [45.0, 60.0], [60.0, 75.0], [75.0, 90.0], [90.0, 105.0], [105.0, 120.0], [120.0, 135.0], [135.0, 150.0], [150.0, 165.0], [165.0, 180.0], [180.0, 195.0], [195.0, 210.0], [210.0, 225.0], [225.0, 240.0], [240.0, 255.0], [255.0, 270.0], [270.0, 285.0], [285.0, 300.0], [300.0, 315.0], [315.0, 330.0], [330.0, 345.0], [345.0, 360.0], [360.0, 375.0], [375.0, 390.0], [390.0, 405.0], [405.0, 420.0], [420.0, 435.0], [435.0, 450.0], [450.0, 465.0], [465.0, 480.0], [480.0, 495.0], [495.0, 510.0], [510.0, 525.0], [525.0, 540.0], [540.0, 555.0], [555.0, 570.0], [570.0, 585.0], [585.0, 600.0], [600.0, 615.0], [615.0, 630.0], [630.0, 645.0], [645.0, 660.0], [660.0, 675.0], [675.0, 690.0], [690.0, 705.0], [705.0, 720.0], [720.0, 735.0], [735.0, 750.0], [750.0, 765.0], [765.0, 780.0], [780.0, 795.0], [795.0, 810.0], [810.0, 825.0], [825.0, 840.0], [840.0, 855.0], [855.0, 870.0], [870.0, 885.0], [885.0, 900.0], [900.0, 915.0], [915.0, 930.0], [930.0, 945.0], [945.0, 960.0], [960.0, 975.0], [975.0, 990.0], [990.0, 1005.0], [1005.0, 1020.0], [1020.0, 1035.0], [1035.0, 1050.0], [1050.0, 1065.0], [1065.0, 1080.0], [1080.0, 5000.0]], "distances": [[0.0, 106.85, 52.1, 54.77, 73.34, 57.05, 92.86, 66.87, 86.37, 49.29, 87.32, 52.91, 68.85, 62.6, 64.79, 77.21, 86.53, 71.7, 53.3, 94.85, 53.34, 99.54, 73.2, 84.78, 57.66, 94.9, 60.29, 48.65, 57.12, 97.86, 73.74, 0.0], [0.0, 0.0, 59.92, 61.89, 42.39, 53.3, 19.02, 43.48, 32.03, 60.31, 30.35, 55.9, 41.71, 62.89, 52.23, 30.5, 20.52, 41.61, 59.91, 24.84, 56.26, 23.18, 42.27, 22.14, 51.46, 16.46, 69.42, 60.44, 51.75, 21.92, 53.86, 106.85], [0.0, 59.92, 0.0, 6.59, 21.34, 6.74, 43.02, 16.51, 34.59, 4.88, 35.7, 7.0, 18.39, 16.61, 12.97, 35.86, 41.87, 20.1, 11.3, 43.46, 5.28, 61.11, 21.23, 39.89, 9.25, 52.67, 19.92, 6.14, 9.33, 46.72, 23.68, 52.1], [0.0, 61.89, 6.59, 0.0, 20.75, 11.22, 44.04, 18.79, 34.02, 11.35, 35.35, 13.3, 20.35, 10.25, 10.77, 40.24, 45.1, 20.53, 4.71, 43.2, 11.43, 65.24, 20.74, 43.14, 14.18, 56.21, 13.38, 12.6, 14.54, 46.65, 19.16, 54.77], [0.0, 42.39, 21.34, 20.75, 0.0, 16.61, 23.78, 9.12, 13.36, 24.2, 14.61, 21.34, 8.01, 20.54, 10.17, 28.18, 28.83, 12.77, 20.43, 22.47, 20.39, 50.3, 15.7, 27.08, 17.0, 40.0, 27.08, 25.01, 17.74, 25.9, 13.88, 73.34], [0.0, 53.3, 6.74, 11.22, 16.61, 0.0, 36.76, 10.14, 29.33, 7.76, 30.27, 4.92, 12.1, 19.25, 11.08, 29.34, 35.12, 14.67, 7.32, 37.86, 12.02, 54.52, 16.43, 33.15, 9.68, 45.95, 24.06, 8.44, 9.18, 40.96, 22.77, 57.05], [0.0, 19.02, 43.02, 44.04, 23.78, 36.76, 0.0, 26.62, 13.13, 44.31, 11.47, 40.22, 24.67, 44.1, 33.86, 23.56, 15.54, 23.51, 42.68, 8.41, 40.15, 33.5, 23.7, 15.39, 35.5, 22.74, 50.61, 44.69, 35.96, 8.06, 34.84, 92.86], [0.0, 43.48, 16.51, 18.79, 9.12, 10.14, 26.62, 0.0, 19.93, 17.77, 20.67, 13.97, 10.82, 22.99, 11.48, 22.64, 26.36, 6.06, 16.43, 28.01, 13.63, 46.94, 8.82, 24.41, 9.22, 37.54, 29.12, 18.27, 9.82, 31.0, 20.82, 66.87], [0.0, 32.03, 34.59, 34.02, 13.36, 29.33, 13.13, 19.93, 0.0, 37.07, 17.1, 33.72, 18.04, 32.19, 23.29, 28.79, 24.63, 14.66, 33.76, 9.24, 33.08, 45.2, 13.43, 23.53, 29.06, 34.33, 38.55, 37.76, 29.7, 12.79, 22.01, 86.37], [0.0, 60.31, 4.88, 11.35, 24.2, 7.76, 44.31, 17.77, 37.07, 0.0, 38.03, 4.53, 19.76, 21.47, 17.03, 34.41, 41.39, 22.41, 6.87, 45.61, 10.16, 59.63, 24.04, 39.44, 8.88, 51.8, 24.5, 9.08, 8.56, 48.7, 28.22, 49.29], [0.0, 30.35, 35.7, 35.35, 14.61, 30.27, 11.47, 20.67, 17.1, 38.03, 0.0, 34.55, 18.73, 33.76, 24.65, 28.05, 23.42, 15.66, 34.94, 7.86, 33.99, 43.77, 14.65, 22.4, 29.85, 32.9, 40.14, 38.68, 30.48, 11.34, 23.67, 87.32], [0.0, 55.9, 7.0, 13.3, 21.34, 4.92, 40.22, 13.97, 33.72, 4.53, 34.55, 0.0, 15.95, 22.68, 15.83, 29.93, 36.87, 19.15, 8.63, 41.97, 8.84, 55.17, 21.14, 34.92, 4.76, 47.27, 26.68, 4.54, 4.26, 44.95, 27.48, 52.91], [0.0, 41.71, 18.39, 20.35, 8.01, 12.1, 24.67, 10.82, 18.04, 19.76, 18.73, 15.95, 0.0, 23.86, 12.26, 21.98, 25.01, 4.76, 18.22, 26.03, 15.62, 45.85, 7.69, 23.08, 11.2, 36.25, 30.13, 20.26, 11.79, 29.01, 20.64, 68.85], [0.0, 62.89, 16.61, 10.25, 20.54, 19.25, 44.1, 22.99, 32.19, 21.47, 33.76, 22.68, 23.86, 0.0, 11.6, 45.63, 48.56, 21.89, 14.63, 41.33, 20.77, 69.68, 20.69, 46.69, 22.1, 59.84, 6.54, 22.73, 22.67, 44.93, 12.11, 62.6], [0.0, 52.23, 12.97, 10.77, 10.17, 11.08, 33.86, 11.48, 23.29, 17.03, 24.65, 15.83, 12.26, 11.6, 0.0, 34.11, 37.04, 10.66, 11.53, 32.51, 14.23, 58.08, 10.21, 35.15, 13.16, 48.31, 17.94, 18.13, 13.9, 35.99, 11.69, 64.79], [0.0, 30.5, 35.86, 40.24, 28.18, 29.34, 23.56, 22.64, 28.79, 34.41, 28.05, 29.93, 21.98, 45.63, 34.11, 0.0, 10.17, 25.34, 36.65, 30.75, 30.99, 25.26, 27.88, 9.02, 26.62, 17.92, 51.68, 34.11, 26.55, 31.5, 42.0, 77.21], [0.0, 20.52, 41.87, 45.1, 28.83, 35.12, 15.54, 26.36, 24.63, 41.39, 23.42, 36.87, 25.01, 48.56, 37.04, 10.17, 0.0, 26.78, 42.25, 23.7, 37.55, 21.5, 28.59, 19.19, 32.83, 11.28, 54.98, 41.33, 32.97, 23.54, 42.44, 86.53], [0.0, 41.61, 20.1, 20.53, 12.77, 14.67, 23.51, 6.06, 14.66, 22.41, 15.66, 19.15, 4.76, 21.89, 10.66, 25.34, 26.78, 0.0, 19.46, 23.37, 18.43, 48.11, 12.45, 24.95, 14.6, 38.04, 28.39, 23.11, 15.29, 26.62, 16.67, 71.7], [0.0, 59.91, 11.3, 4.71, 20.43, 7.32, 42.68, 16.43, 33.76, 6.87, 34.94, 8.63, 18.22, 14.63, 11.53, 36.65, 42.25, 19.46, 0.0, 42.75, 6.79, 61.84, 20.34, 40.28, 10.12, 53.18, 18.09, 8.13, 10.34, 46.06, 21.9, 53.3], [0.0, 24.84, 43.46, 43.2, 22.47, 37.86, 8.41, 28.01, 9.24, 45.61, 7.86, 41.97, 26.03, 41.33, 32.51, 30.75, 23.7, 23.37, 42.75, 0.0, 41.53, 41.74, 22.5, 23.3, 37.23, 31.07, 47.62, 46.21, 37.82, 16.47, 30.67, 94.85], [0.0, 56.26, 5.28, 11.43, 20.39, 12.02, 40.15, 13.63, 33.08, 10.16, 33.99, 8.84, 15.62, 20.77, 14.23, 30.99, 37.55, 18.43, 6.79, 41.53, 0.0, 56.25, 20.21, 35.59, 4.8, 48.12, 24.79, 4.69, 4.58, 44.59, 25.81, 53.34], [0.0, 23.18, 61.11, 65.24, 50.3, 54.52, 33.5, 46.94, 45.2, 59.63, 43.77, 55.17, 45.85, 69.68, 58.08, 25.26, 21.5, 48.11, 61.84, 41.74, 56.25, 0.0, 50.05, 23.22, 51.86, 10.88, 75.99, 59.28, 51.81, 40.16, 63.94, 99.54], [0.0, 42.27, 21.23, 20.74, 15.7, 16.43, 23.7, 8.82, 13.43, 24.04, 14.65, 21.14, 7.69, 20.69, 10.21, 27.88, 28.59, 12.45, 20.34, 22.5, 20.21, 50.05, 0.0, 26.83, 16.78, 39.77, 27.23, 24.84, 17.5, 25.92, 14.17, 73.2], [0.0, 22.14, 39.89, 43.14, 27.08, 33.15, 15.39, 24.41, 23.53, 39.44, 22.4, 34.92, 23.08, 46.69, 35.15, 9.02, 19.19, 24.95, 40.28, 23.3, 35.59, 23.22, 26.83, 0.0, 30.86, 13.18, 53.09, 39.39, 31.01, 23.45, 40.76, 84.78], [0.0, 51.46, 9.25, 14.18, 17.0, 9.68, 35.5, 9.22, 29.06, 8.88, 29.85, 4.76, 11.2, 22.1, 13.16, 26.62, 32.83, 14.6, 10.12, 37.23, 4.8, 51.86, 16.78, 30.86, 0.0, 43.5, 27.03, 9.19, 9.02, 40.19, 24.78, 57.66], [0.0, 16.46, 52.67, 56.21, 40.0, 45.95, 22.74, 37.54, 34.33, 51.8, 32.9, 47.27, 36.25, 59.84, 48.31, 17.92, 11.28, 38.04, 53.18, 31.07, 48.12, 10.88, 39.77, 13.18, 43.5, 0.0, 66.26, 51.62, 43.57, 29.73, 53.46, 94.9], [0.0, 69.42, 19.92, 13.38, 27.08, 24.06, 50.61, 29.12, 38.55, 24.5, 40.14, 26.68, 30.13, 6.54, 17.94, 51.68, 54.98, 28.39, 18.09, 47.62, 24.79, 75.99, 27.23, 53.09, 27.03, 66.26, 0.0, 25.7, 27.5, 51.22, 17.57, 60.29], [0.0, 60.44, 6.14, 12.6, 25.01, 8.44, 44.69, 18.27, 37.76, 9.08, 38.68, 4.54, 20.26, 22.73, 18.13, 34.11, 41.33, 23.11, 8.13, 46.21, 4.69, 59.28, 24.84, 39.39, 9.19, 51.62, 25.7, 0.0, 8.77, 49.25, 29.39, 48.65], [0.0, 51.75, 9.33, 14.54, 17.74, 9.18, 35.96, 9.82, 29.7, 8.56, 30.48, 4.26, 11.79, 22.67, 13.9, 26.55, 32.97, 15.29, 10.34, 37.82, 4.58, 51.81, 17.5, 31.01, 9.02, 43.57, 27.5, 8.77, 0.0, 40.75, 25.53, 57.12], [0.0, 21.92, 46.72, 46.65, 25.9, 40.96, 8.06, 31.0, 12.79, 48.7, 11.34, 44.95, 29.01, 44.93, 35.99, 31.5, 23.54, 26.62, 46.06, 16.47, 44.59, 40.16, 25.92, 23.45, 40.19, 29.73, 51.22, 49.25, 40.75, 0.0, 34.27, 97.86], [0.0, 53.86, 23.68, 19.16, 13.88, 22.77, 34.84, 20.82, 22.01, 28.22, 23.67, 27.48, 20.64, 12.11, 11.69, 42.0, 42.44, 16.67, 21.9, 30.67, 25.81, 63.94, 14.17, 40.76, 24.78, 53.46, 17.57, 29.39, 25.53, 34.27, 0.0, 73.74], [0.0, 0.0, 0.0, 0.0, 0.0, 0.0, 0.0, 0.0, 0.0, 0.0, 0.0, 0.0, 0.0, 0.0, 0.0, 0.0, 0.0, 0.0, 0.0, 0.0, 0.0, 0.0, 0.0, 0.0, 0.0, 0.0, 0.0, 0.0, 0.0, 0.0, 0.0, 0.0]], "time_windows": [[0.0, 5000.0], [0.0, 164.0], [0.0, 323.0], [0.0, 340.0], [0.0, 378.0], [0.0, 406.0], [0.0, 465.0], [0.0, 541.0], [0.0, 597.0], [0.0, 668.0], [0.0, 723.0], [0.0, 770.0], [0.0, 796.0], [0.0, 836.0], [0.0, 862.0], [0.0, 927.0], [0.0, 944.0], [0.0, 986.0], [0.0, 1012.0], [0.0, 1063.0], [0.0, 1109.0], [0.0, 1165.0], [0.0, 1215.0], [0.0, 1242.0], [0.0, 1273.0], [0.0, 1316.0], [0.0, 1383.0], [0.0, 1408.0], [0.0, 1417.0], [0.0, 1458.0], [0.0, 1492.0], [0.0, 5000.0]], "start_depot": 0, "end_depot": 31, "horizon": [0.0, 5000.0]}