{"digraph": {"vertex_count": 32, "arc_count": 930, "arcs": [[0, 1, 1, 1, 1, 1, 1, 1, 1, 1, 1, 1, 1, 1, 1, 1, 1, 1, 1, 1, 1, 1, 1, 1, 1, 1, 1, 1, 1, 1, 1, 1], [0, 0, 1, 1, 1, 1, 1, 1, 1, 1, 1, 1, 1, 1, 1, 1, 1, 1, 1, 1, 1, 1, 1, 1, 1, 1, 1, 1, 1, 1, 1, 1], [0, 1, 0, 1, 1, 1, 1, 1, 1, 1, 1, 1, 1, 1, 1, 1, 1, 1, 1, 1, 1, 1, 1, 1, 1, 1, 1, 1, 1, 1, 1, 1], [0, 1, 1, 0, 1, 1, 1, 1, 1, 1, 1, 1, 1, 1, 1, 1, 1, 1, 1, 1, 1, 1, 1, 1, 1, 1, 1, 1, 1, 1, 1, 1], [0, 1, 1, 1, 0, 1, 1, 1, 1, 1, 1, 1, 1, 1, 1, 1, 1, 1, 1, 1, 1, 1, 1, 1, 1, 1, 1, 1, 1, 1, 1, 1], [0, 1, 1, 1, 1, 0, 1, 1, 1, 1, 1, 1, 1, 1, 1, 1, 1, 1, 1, 1, 1, 1, 1, 1, 1, 1, 1, 1, 1, 1, 1, 1], [0, 1, 1, 1, 1, 1, 0, 1, 1, 1, 1, 1, 1, 1, 1, 1, 1, 1, 1, 1, 1, 1, 1, 1, 1, 1, 1, 1, 1, 1, 1, 1], [0, 1, 1, 1, 1, 1, 1, 0, 1, 1, 1, 1, 1, 1, 1, 1, 1, 1, 1, 1, 1, 1, 1, 1, 1, 1, 1, 1, 1, 1, 1, 1], [0, 1, 1, 1, 1, 1, 1, 1, 0, 1, 1, 1, 1, 1, 1, 1, 1, 1, 1, 1, 1, 1, 1, 1, 1, 1, 1, 1, 1, 1, 1, 1], [0, 1, 1, 1, 1, 1, 1, 1, 1, 0, 1, 1, 1, 1, 1, 1, 1, 1, 1, 1, 1, 1, 1, 1, 1, 1, 1, 1, 1, 1, 1, 1], [0, 1, 1, 1, 1, 1, 1, 1, 1, 1, 0, 1, 1, 1, 1, 1, 1, 1, 1, 1, 1, 1, 1, 1, 1, 1, 1, 1, 1, 1, 1, 1], [0, 1, 1, 1, 1, 1, 1, 1, 1, 1, 1, 0, 1, 1, 1, 1, 1, 1, 1, 1, 1, 1, 1, 1, 1, 1, 1, 1, 1, 1, 1, 1], [0, 1, 1, 1, 1, 1, 1, 1, 1, 1, 1, 1, 0, 1, 1, 1, 1, 1, 1, 1, 1, 1, 1, 1, 1, 1, 1, 1, 1, 1, 1, 1], [0, 1, 1, 1, 1, 1, 1, 1, 1, 1, 1, 1, 1, 0, 1, 1, 1, 1, 1, 1, 1, 1, 1, 1, 1, 1, 1, 1, 1, 1, 1, 1], [0, 1, 1, 1, 1, 1, 1, 1, 1, 1, 1, 1, 1, 1, 0, 1, 1, 1, 1, 1, 1, 1, 1, 1, 1, 1, 1, 1, 1, 1, 1, 1], [0, 1, 1, 1, 1, 1, 1, 1, 1, 1, 1, 1, 1, 1, 1, 0, 1, 1, 1, 1, 1, 1, 1, 1, 1, 1, 1, 1, 1, 1, 1, 1], [0, 1, 1, 1, 1, 1, 1, 1, 1, 1, 1, 1, 1, 1, 1, 1, 0, 1, 1, 1, 1, 1, 1, 1, 1, 1, 1, 1, 1, 1, 1, 1], [0, 1, 1, 1, 1, 1, 1, 1, 1, 1, 1, 1, 1, 1, 1, 1, 1, 0, 1, 1, 1, 1, 1, 1, 1, 1, 1, 1, 1, 1, 1, 1], [0, 1, 1, 1, 1, 1, 1, 1, 1, 1, 1, 1, 1, 1, 1, 1, 1, 1, 0, 1, 1, 1, 1, 1, 1, 1, 1, 1, 1, 1, 1, 1], [0, 1, 1, 1, 1, 1, 1, 1, 1, 1, 1, 1, 1, 1, 1, 1, 1, 1, 1, 0, 1, 1, 1, 1, 1, 1, 1, 1, 1, 1, 1, 1], [0, 1, 1, 1, 1, 1, 1, 1, 1, 1, 1, 1, 1, 1, 1, 1, 1, 1, 1, 1, 0, 1, 1, 1, 1, 1, 1, 1, 1, 1, 1, 1], [0, 1, 1, 1, 1, 1, 1, 1, 1, 1, 1, 1, 1, 1, 1, 1, 1, 1, 1, 1, 1, 0, 1, 1, 1, 1, 1, 1, 1, 1, 1, 1], [0, 1, 1, 1, 1, 1, 1, 1, 1, 1, 1, 1, 1, 1, 1, 1, 1, 1, 1, 1, 1, 1, 0, 1, 1, 1, 1, 1, 1, 1, 1, 1], [0, 1, 1, 1, 1, 1, 1, 1, 1, 1, 1, 1, 1, 1, 1, 1, 1, 1, 1, 1, 1, 1, 1, 0, 1, 1, 1, 1, 1, 1, 1, 1], [0, 1, 1, 1, 1, 1, 1, 1, 1, 1, 1, 1, 1, 1, 1, 1, 1, 1, 1, 1, 1, 1, 1, 1, 0, 1, 1, 1, 1, 1, 1, 1], [0, 1, 1, 1, 1, 1, 1, 1, 1, 1, 1, 1, 1, 1, 1, 1, 1, 1, 1, 1, 1, 1, 1, 1, 1, 0, 1, 1, 1, 1, 1, 1], [0, 1, 1, 1, 1, 1, 1, 1, 1, 1, 1, 1, 1, 1, 1, 1, 1, 1, 1, 1, 1, 1, 1, 1, 1, 1, 0, 1, 1, 1, 1, 1], [0, 1, 1, 1, 1, 1, 1, 1, 1, 1, 1, 1, 1, 1, 1, 1, 1, 1, 1, 1, 1, 1, 1, 1, 1, 1, 1, 0, 1, 1, 1, 1], [0, 1, 1, 1, 1, 1, 1, 1, 1, 1, 1, 1, 1, 1, 1, 1, 1, 1, 1, 1, 1, 1, 1, 1, 1, 1, 1, 1, 0, 1, 1, 1], [0, 1, 1, 1, 1, 1, 1, 1, 1, 1, 1, 1, 1, 1, 1, 1, 1, 1, 1, 1, 1, 1, 1, 1, 1, 1, 1, 1, 1, 0, 1, 1], [0, 1, 1, 1, 1, 1, 1, 1, 1, 1, 1, 1, 1, 1, 1, 1, 1, 1, 1, 1, 1, 1, 1, 1, 1, 1, 1, 1, 1, 1, 0, 1], [0, 0, 0, 0, 0, 0, 0, 0, 0, 0, 0, 0, 0, 0, 0, 0, 0, 0, 0, 0, 0, 0, 0, 0, 0, 0, 0, 0, 0, 0, 0, 0]]}, "cluster_count": 3, "cluster_speeds": [[0.925, 0.85, 0.925, 1.0, 0.8325, 0.765, 0.8325, 0.9, 0.4625, 0.425, 0.4625, 0.5, 0.30525, 0.2805, 0.30525, 0.33, 0.37, 0.34, 0.37, 0.4, 0.555, 0.51, 0.555, 0.6, 0.6475, 0.595, 0.6475, 0.7, 0.37, 0.34, 0.37, 0.4, 0.30525, 0.2805, 0.30525, 0.33, 0.4625, 0.425, 0.4625, 0.5, 0.6475, 0.595, 0.6475, 0.7, 0.74, 0.68, 0.74, 0.8, 0.6475, 0.595, 0.6475, 0.7, 0.4625, 0.425, 0.4625, 0.5, 0.555, 0.51, 0.555, 0.6, 0.6475, 0.595, 0.6475, 0.7, 0.8325, 0.765, 0.8325, 0.9, 0.925, 0.85, 0.925, 1.0, 1.0], [0.8325, 0.765, 0.8325, 0.9, 0.7492500000000001, 0.6885, 0.7492500000000001, 0.81, 0.41625, 0.3825, 0.41625, 0.45, 0.27472500000000005, 0.25245, 0.27472500000000005, 0.29700000000000004, 0.333, 0.30600000000000005, 0.333, 0.36000000000000004, 0.49950000000000006, 0.459, 0.49950000000000006, 0.54, 0.6475, 0.595, 0.6475, 0.7, 0.37, 0.34, 0.37, 0.4, 0.30525, 0.2805, 0.30525, 0.33, 0.4625, 0.425, 0.4625, 0.5, 0.6475, 0.595, 0.6475, 0.7, 0.74, 0.68, 0.74, 0.8, 0.58275, 0.5355, 0.58275, 0.63, 0.41625, 0.3825, 0.41625, 0.45, 0.49950000000000006, 0.459, 0.49950000000000006, 0.54, 0.58275, 0.5355, 0.58275, 0.63, 0.7492500000000001, 0.6885, 0.7492500000000001, 0.81, 0.8325, 0.765, 0.8325, 0.9, 0.9], [0.87875, 0.8075, 0.87875, 0.95, 0.790875, 0.72675, 0.790875, 0.855, 0.439375, 0.40375, 0.439375, 0.475, 0.2899875, 0.266475, 0.2899875, 0.3135, 0.3515, 0.323, 0.3515, 0.38, 0.52725, 0.4845, 0.52725, 0.57, 0.6475, 0.595, 0.6475, 0.7, 0.37, 0.34, 0.37, 0.4, 0.30525, 0.2805, 0.30525, 0.33, 0.4625, 0.425, 0.4625, 0.5, 0.6475, 0.595, 0.6475, 0.7, 0.74, 0.68, 0.74, 0.8, 0.6151249999999999, 0.5652499999999999, 0.6151249999999999, 0.6649999999999999, 0.439375, 0.40375, 0.439375, 0.475, 0.52725, 0.4845, 0.52725, 0.57, 0.6151249999999999, 0.5652499999999999, 0.6151249999999999, 0.6649999999999999, 0.790875, 0.72675, 0.790875, 0.855, 0.87875, 0.8075, 0.87875, 0.95, 0.95]], "clusters": [[-1, 2, 2, 2, 2, 2, 2, 2, 2, 2, 2, 2, 2, 2, 2, 2, 2, 2, 2, 2, 2, 2, 2, 2, 2, 2, 2, 2, 2, 2, 2, 2], [0, -1, 0, 0, 0, 0, 0, 0, 0, 0, 0, 0, 0, 0, 0, 0, 0, 0, 0, 0, 0, 0, 0, 0, 0, 0, 0, 0, 0, 0, 0, 0], [1, 1, -1, 1, 1, 1, 1, 1, 1, 1, 1, 1, 1, 1, 1, 1, 1, 1, 1, 1, 1, 1, 1, 1, 1, 1, 1, 1, 1, 1, 1, 1], [0, 0, 0, -1, 0, 0, 0, 0, 0, 0, 0, 0, 0, 0, 0, 0, 0, 0, 0, 0, 0, 0, 0, 0, 0, 0, 0, 0, 0, 0, 0, 0], [1, 1, 1, 1, -1, 1, 1, 1, 1, 1, 1, 1, 1, 1, 1, 1, 1, 1, 1, 1, 1, 1, 1, 1, 1, 1, 1, 1, 1, 1, 1, 1], [0, 0, 0, 0, 0, -1, 0, 0, 0, 0, 0, 0, 0, 0, 0, 0, 0, 0, 0, 0, 0, 0, 0, 0, 0, 0, 0, 0, 0, 0, 0, 0], [1, 1, 1, 1, 1, 1, -1, 1, 1, 1, 1, 1, 1, 1, 1, 1, 1, 1, 1, 1, 1, 1, 1, 1, 1, 1, 1, 1, 1, 1, 1, 1], [2, 2, 2, 2, 2, 2, 2, -1, 2, 2, 2, 2, 2, 2, 2, 2, 2, 2, 2, 2, 2, 2, 2, 2, 2, 2, 2, 2, 2, 2, 2, 2], [0, 0, 0, 0, 0, 0, 0, 0, -1, 0, 0, 0, 0, 0, 0, 0, 0, 0, 0, 0, 0, 0, 0, 0, 0, 0, 0, 0, 0, 0, 0, 0], [1, 1, 1, 1, 1, 1, 1, 1, 1, -1, 1, 1, 1, 1, 1, 1, 1, 1, 1, 1, 1, 1, 1, 1, 1, 1, 1, 1, 1, 1, 1, 1], [1, 1, 1, 1, 1, 1, 1, 1, 1, 1, -1, 1, 1, 1, 1, 1, 1, 1, 1, 1, 1, 1, 1, 1, 1, 1, 1, 1, 1, 1, 1, 1], [1, 1, 1, 1, 1, 1, 1, 1, 1, 1, 1, -1, 1, 1, 1, 1, 1, 1, 1, 1, 1, 1, 1, 1, 1, 1, 1, 1, 1, 1, 1, 1], [1, 1, 1, 1, 1, 1, 1, 1, 1, 1, 1, 1, -1, 1, 1, 1, 1, 1, 1, 1, 1, 1, 1, 1, 1, 1, 1, 1, 1, 1, 1, 1], [0, 0, 0, 0, 0, 0, 0, 0, 0, 0, 0, 0, 0, -1, 0, 0, 0, 0, 0, 0, 0, 0, 0, 0, 0, 0, 0, 0, 0, 0, 0, 0], [1, 1, 1, 1, 1, 1, 1, 1, 1, 1, 1, 1, 1, 1, -1, 1, 1, 1, 1, 1, 1, 1, 1, 1, 1, 1, 1, 1, 1, 1, 1, 1], [0, 0, 0, 0, 0, 0, 0, 0, 0, 0, 0, 0, 0, 0, 0, -1, 0, 0, 0, 0, 0, 0, 0, 0, 0, 0, 0, 0, 0, 0, 0, 0], [1, 1, 1, 1, 1, 1, 1, 1, 1, 1, 1, 1, 1, 1, 1, 1, -1, 1, 1, 1, 1, 1, 1, 1, 1, 1, 1, 1, 1, 1, 1, 1], [0, 0, 0, 0, 0, 0, 0, 0, 0, 0, 0, 0, 0, 0, 0, 0, 0, -1, 0, 0, 0, 0, 0, 0, 0, 0, 0, 0, 0, 0, 0, 0], [2, 2, 2, 2, 2, 2, 2, 2, 2, 2, 2, 2, 2, 2, 2, 2, 2, 2, -1, 2, 2, 2, 2, 2, 2, 2, 2, 2, 2, 2, 2, 2], [1, 1, 1, 1, 1, 1, 1, 1, 1, 1, 1, 1, 1, 1, 1, 1, 1, 1, 1, -1, 1, 1, 1, 1, 1, 1, 1, 1, 1, 1, 1, 1], [1, 1, 1, 1, 1, 1, 1, 1, 1, 1, 1, 1, 1, 1, 1, 1, 1, 1, 1, 1, -1, 1, 1, 1, 1, 1, 1, 1, 1, 1, 1, 1], [0, 0, 0, 0, 0, 0, 0, 0, 0, 0, 0, 0, 0, 0, 0, 0, 0, 0, 0, 0, 0, -1, 0, 0, 0, 0, 0, 0, 0, 0, 0, 0], [2, 2, 2, 2, 2, 2, 2, 2, 2, 2, 2, 2, 2, 2, 2, 2, 2, 2, 2, 2, 2, 2, -1, 2, 2, 2, 2, 2, 2, 2, 2, 2], [0, 0, 0, 0, 0, 0, 0, 0, 0, 0, 0, 0, 0, 0, 0, 0, 0, 0, 0, 0, 0, 0, 0, -1, 0, 0, 0, 0, 0, 0, 0, 0], [2, 2, 2, 2, 2, 2, 2, 2, 2, 2, 2, 2, 2, 2, 2, 2, 2, 2, 2, 2, 2, 2, 2, 2, -1, 2, 2, 2, 2, 2, 2, 2], [0, 0, 0, 0, 0, 0, 0, 0, 0, 0, 0, 0, 0, 0, 0, 0, 0, 0, 0, 0, 0, 0, 0, 0, 0, -1, 0, 0, 0, 0, 0, 0], [1, 1, 1, 1, 1, 1, 1, 1, 1, 1, 1, 1, 1, 1, 1, 1, 1, 1, 1, 1, 1, 1, 1, 1, 1, 1, -1, 1, 1, 1, 1, 1], [0, 0, 0, 0, 0, 0, 0, 0, 0, 0, 0, 0, 0, 0, 0, 0, 0, 0, 0, 0, 0, 0, 0, 0, 0, 0, 0, -1, 0, 0, 0, 0], [1, 1, 1, 1, 1, 1, 1, 1, 1, 1, 1, 1, 1, 1, 1, 1, 1, 1, 1, 1, 1, 1, 1, 1, 1, 1, 1, 1, -1, 1, 1, 1], [2, 2, 2, 2, 2, 2, 2, 2, 2, 2, 2, 2, 2, 2, 2, 2, 2, 2, 2, 2, 2, 2, 2, 2, 2, 2, 2, 2, 2, -1, 2, 2], [0, 0, 0, 0, 0, 0, 0, 0, 0, 0, 0, 0, 0, 0, 0, 0, 0, 0, 0, 0, 0, 0, 0, 0, 0, 0, 0, 0, 0, 0, -1, 0], [2, 2, 2, 2, 2, 2, 2, 2, 2, 2, 2, 2, 2, 2, 2, 2, 2, 2, 2, 2, 2, 2, 2, 2, 2, 2, 2, 2, 2, 2, 2, -1]], "speed_zone_count": 73, "speed_zones": [[0.0, 15.0], [15.0, 30.0], [30.0, 45.0], [45.0, 60.0], [60.0, 75.0], [75.0, 90.0], [90.0, 105.0], [105.0, 120.0], [120.0, 135.0], [135.0, 150.0], [150.0, 165.0], [165.0, 180.0], [180.0, 195.0], [195.0, 210.0], [210.0, 225.0], [225.0, 240.0], [240.0, 255.0], [255.0, 270.0], [270.0, 285.0], [285.0, 300.0], [300.0, 315.0], [315.0, 330.0], [330.0, 345.0], [345.0, 360.0], [360.0, 375.0], [375.0, 390.0], [390.0, 405.0], [405.0, 420.0], [420.0, 435.0], [435.0, 450.0], [450.0, 465.0], [465.0, 480.0], [480.0, 495.0], [495.0, 510.0], [510.0, 525.0], [525.0, 540.0], [540.0, 555.0], [555.0, 570.0], [570.0, 585.0], [585.0, 600.0], [600.0, 615.0], [615.0, 630.0], [630.0, 645.0], [645.0, 660.0], [660.0, 675.0], [675.0, 690.0], [690.0, 705.0], [705.0, 720.0], [720.0, 735.0], [735.0, 750.0], [750.0, 765.0], [765.0, 780.0], [780.0, 795.0], [795.0, 810.0], [810.0, 825.0], [825.0, 840.0], [840.0, 855.0], [855.0, 870.0], [870.0, 885.0], [885.0, 900.0], [900.0, 915.0], [915.0, 930.0], [930.0, 945.0], [945.0, 960.0], [960.0, 975.0], [975.0, 990.0], [990.0, 1005.0], [1005.0, 1020.0], [1020.0, 1035.0], [1035.0, 1050.0], [1050.0, 1065.0], [1065.0, 1080.0], [1080.0, 5000.0]], "distances": [[0.0, 81.37, 49.85, 83.62, 49.67, 67.81, 66.18, 49.8, 69.71, 85.68, 89.94, 48.44, 93.84, 57.3, 72.32, 74.9, 79.99, 73.77, 48.23, 58.59, 49.9, 68.1, 80.26, 74.51, 110.85, 56.82, 92.26, 75.01, 91.37, 53.47, 72.92, 0.0], [0.0, 0.0, 31.53, 15.14, 32.6, 17.32, 22.55, 35.78, 15.87, 22.02, 8.78, 33.21, 14.11, 24.68, 23.86, 10.22, 22.97, 8.01, 36.91, 30.81, 31.73, 19.63, 29.02, 13.14, 34.0, 25.38, 14.64, 10.53, 12.21, 34.47, 14.61, 81.37], [0.0, 31.53, 0.0, 33.77, 6.26, 19.69, 21.13, 13.5, 21.73, 39.44, 40.11, 15.51, 44.25, 8.4, 28.11, 25.91, 34.87, 24.04, 13.12, 18.75, 19.01, 21.27, 37.7, 26.31, 62.33, 8.39, 43.02, 26.11, 41.82, 16.58, 25.03, 49.85], [0.0, 15.14, 33.77, 0.0, 35.03, 18.6, 25.05, 38.31, 18.39, 20.75, 6.36, 35.34, 11.56, 26.7, 24.06, 12.67, 22.34, 10.53, 39.43, 33.35, 34.09, 20.6, 28.4, 15.49, 31.46, 27.36, 12.2, 12.95, 9.68, 37.03, 17.02, 83.62], [0.0, 32.6, 6.26, 35.03, 0.0, 23.73, 17.63, 7.26, 20.09, 43.58, 41.37, 9.26, 46.13, 13.04, 33.2, 25.26, 39.5, 24.67, 7.03, 13.27, 15.85, 25.88, 42.86, 24.89, 65.02, 13.39, 45.39, 25.35, 43.82, 10.44, 23.35, 49.67], [0.0, 17.32, 19.69, 18.6, 23.73, 0.0, 24.87, 29.75, 19.83, 19.87, 24.11, 19.87, 26.61, 11.28, 11.01, 18.91, 15.95, 13.91, 30.21, 29.4, 21.6, 18.86, 20.18, 21.55, 43.14, 11.44, 24.58, 19.36, 24.08, 30.62, 21.63, 67.81], [0.0, 22.55, 21.13, 25.05, 17.63, 24.87, 0.0, 16.51, 6.74, 41.2, 30.57, 24.34, 36.49, 20.81, 35.85, 12.44, 39.39, 15.56, 18.04, 8.87, 18.82, 28.19, 44.54, 10.18, 56.47, 21.77, 37.17, 12.23, 34.74, 13.58, 8.42, 66.18], [0.0, 35.78, 13.5, 38.31, 7.26, 29.75, 16.51, 0.0, 21.17, 49.34, 44.49, 16.35, 49.77, 19.79, 39.8, 27.01, 45.69, 27.79, 10.08, 9.0, 10.08, 32.23, 49.43, 25.78, 69.25, 20.28, 49.52, 26.98, 47.63, 4.29, 24.05, 49.8], [0.0, 15.87, 21.73, 18.39, 20.09, 19.83, 6.74, 21.17, 0.0, 34.77, 24.09, 24.54, 29.9, 18.73, 30.53, 6.0, 33.35, 8.88, 22.53, 15.04, 20.37, 23.2, 38.75, 4.8, 49.84, 19.71, 30.45, 5.89, 28.07, 19.11, 10.42, 69.71], [0.0, 22.02, 39.44, 20.75, 43.58, 19.87, 41.2, 49.34, 34.77, 0.0, 21.18, 39.22, 18.36, 31.05, 13.57, 30.7, 6.08, 26.03, 49.92, 47.66, 41.47, 18.27, 10.01, 33.91, 26.37, 31.07, 14.57, 31.13, 16.72, 49.73, 34.92, 85.68], [0.0, 8.78, 40.11, 6.36, 41.37, 24.11, 30.57, 44.49, 24.09, 21.18, 0.0, 41.61, 6.26, 32.9, 27.74, 18.15, 24.35, 16.78, 45.64, 39.13, 40.45, 25.66, 30.21, 20.58, 26.07, 33.52, 8.57, 18.35, 5.53, 43.02, 22.26, 89.94], [0.0, 33.21, 15.51, 35.34, 9.26, 19.87, 24.34, 16.35, 24.54, 39.22, 41.61, 0.0, 45.41, 8.88, 27.2, 28.36, 34.31, 26.04, 15.78, 22.05, 6.59, 20.95, 36.65, 29.01, 62.93, 8.49, 43.92, 28.6, 42.93, 19.69, 27.82, 48.44], [0.0, 14.11, 44.25, 11.56, 46.13, 26.61, 36.49, 49.77, 29.9, 18.36, 6.26, 45.41, 0.0, 36.55, 27.76, 24.05, 22.81, 22.0, 50.85, 44.89, 44.95, 27.44, 28.16, 26.65, 19.98, 37.05, 14.82, 24.29, 11.79, 48.58, 28.28, 93.84], [0.0, 24.68, 8.4, 26.7, 13.04, 11.28, 20.81, 19.79, 18.73, 31.05, 32.9, 8.88, 36.55, 0.0, 20.16, 21.21, 26.61, 18.02, 19.93, 21.97, 10.6, 12.97, 29.82, 22.55, 54.13, 16.79, 35.05, 21.53, 34.07, 21.65, 21.73, 57.3], [0.0, 23.86, 28.11, 24.06, 33.2, 11.01, 35.85, 39.8, 30.53, 13.57, 27.74, 27.2, 27.76, 20.16, 0.0, 28.65, 7.68, 23.43, 40.05, 40.28, 30.72, 7.84, 9.65, 31.6, 39.78, 19.87, 24.57, 29.12, 25.42, 41.14, 31.96, 72.32], [0.0, 10.22, 25.91, 12.67, 25.26, 18.91, 12.44, 27.01, 6.0, 30.7, 18.15, 28.36, 24.05, 21.21, 28.65, 0.0, 30.17, 5.22, 28.32, 21.0, 25.12, 22.13, 35.92, 10.8, 44.03, 22.13, 24.85, 10.91, 22.34, 25.09, 4.42, 74.9], [0.0, 22.97, 34.87, 22.34, 39.5, 15.95, 39.39, 45.69, 33.35, 6.08, 24.35, 34.31, 22.81, 26.61, 7.68, 30.17, 0.0, 25.11, 46.12, 45.0, 37.2, 13.64, 6.06, 33.34, 32.45, 26.49, 19.21, 30.63, 20.79, 46.53, 34.08, 79.99], [0.0, 8.01, 24.04, 10.53, 24.67, 13.91, 15.56, 27.79, 8.88, 26.03, 16.78, 26.04, 22.0, 18.02, 23.43, 5.22, 25.11, 0.0, 28.9, 23.25, 23.94, 17.05, 30.78, 8.28, 41.7, 18.85, 22.05, 5.69, 19.93, 26.63, 8.99, 73.77], [0.0, 36.91, 13.12, 39.43, 7.03, 30.21, 18.04, 10.08, 22.53, 49.92, 45.64, 15.78, 50.85, 19.93, 40.05, 28.32, 46.12, 28.9, 0.0, 10.6, 9.8, 32.58, 49.7, 27.18, 70.24, 20.35, 50.5, 28.31, 48.67, 5.79, 25.46, 48.23], [0.0, 30.81, 18.75, 33.35, 13.27, 29.4, 8.87, 9.0, 15.04, 47.66, 39.13, 22.05, 44.89, 21.97, 40.28, 21.0, 45.0, 23.25, 10.6, 0.0, 15.54, 32.44, 49.57, 19.01, 64.8, 22.76, 45.27, 20.85, 43.0, 5.13, 17.23, 58.59], [0.0, 31.73, 19.01, 34.09, 15.85, 21.6, 18.82, 10.08, 20.37, 41.47, 40.45, 6.59, 44.95, 10.6, 30.72, 25.12, 37.2, 23.94, 9.8, 15.54, 0.0, 23.55, 40.37, 25.1, 63.53, 10.85, 44.0, 25.26, 42.59, 13.14, 23.68, 49.9], [0.0, 19.63, 21.27, 20.6, 25.88, 18.86, 28.19, 32.23, 23.2, 18.27, 25.66, 20.95, 27.44, 12.97, 7.84, 22.13, 13.64, 17.05, 32.58, 32.44, 23.55, 0.0, 17.28, 24.85, 42.78, 12.88, 25.02, 22.59, 24.92, 33.39, 24.97, 68.1], [0.0, 29.02, 37.7, 28.4, 42.86, 20.18, 44.54, 49.43, 38.75, 10.01, 30.21, 36.65, 28.16, 29.82, 9.65, 35.92, 6.06, 30.78, 49.7, 49.57, 40.37, 17.28, 0.0, 39.06, 35.08, 29.52, 24.43, 36.38, 26.31, 50.67, 39.7, 80.26], [0.0, 13.14, 26.31, 15.49, 24.89, 21.55, 10.18, 25.78, 4.8, 33.91, 20.58, 29.01, 26.65, 22.55, 31.6, 10.8, 33.34, 8.28, 27.18, 19.01, 25.1, 24.85, 39.06, 0.0, 46.62, 23.51, 27.69, 10.69, 25.07, 23.44, 15.22, 74.51], [0.0, 34.0, 62.33, 31.46, 65.02, 43.14, 56.47, 69.25, 49.84, 26.37, 26.07, 62.93, 19.98, 54.13, 39.78, 44.03, 32.45, 41.7, 70.24, 64.8, 63.53, 42.78, 35.08, 46.62, 0.0, 54.45, 19.74, 44.27, 21.8, 68.33, 48.26, 110.85], [0.0, 25.38, 8.39, 27.36, 13.39, 11.44, 21.77, 20.28, 19.71, 31.07, 33.52, 8.49, 37.05, 16.79, 19.87, 22.13, 26.49, 18.85, 20.35, 22.76, 10.85, 12.88, 29.52, 23.51, 54.45, 0.0, 35.47, 22.46, 34.56, 22.29, 22.7, 56.82], [0.0, 14.64, 43.02, 12.2, 45.39, 24.58, 37.17, 49.52, 30.45, 14.57, 8.57, 43.92, 14.82, 35.05, 24.57, 24.85, 19.21, 22.05, 50.5, 45.27, 44.0, 25.02, 24.43, 27.69, 19.74, 35.47, 0.0, 25.15, 14.1, 48.65, 29.22, 92.26], [0.0, 10.53, 26.11, 12.95, 25.35, 19.36, 12.23, 26.98, 5.89, 31.13, 18.35, 28.6, 24.29, 21.53, 29.12, 10.91, 30.63, 5.69, 28.31, 20.85, 25.26, 22.59, 36.38, 10.69, 44.27, 22.46, 25.15, 0.0, 22.61, 25.0, 14.68, 75.01], [0.0, 12.21, 41.82, 9.68, 43.82, 24.08, 34.74, 47.63, 28.07, 16.72, 5.53, 42.93, 11.79, 34.07, 25.42, 22.34, 20.79, 19.93, 48.67, 43.0, 42.59, 24.92, 26.31, 25.07, 21.8, 34.56, 14.1, 22.61, 0.0, 46.56, 26.65, 91.37], [0.0, 34.47, 16.58, 37.03, 10.44, 30.62, 13.58, 4.29, 19.11, 49.73, 43.02, 19.69, 48.58, 21.65, 41.14, 25.09, 46.53, 26.63, 5.79, 5.13, 13.14, 33.39, 50.67, 23.44, 68.33, 22.29, 48.65, 25.0, 46.56, 0.0, 21.67, 53.47], [0.0, 14.61, 25.03, 17.02, 23.35, 21.63, 8.42, 24.05, 10.42, 34.92, 22.26, 27.82, 28.28, 21.73, 31.96, 4.42, 34.08, 8.99, 25.46, 17.23, 23.68, 24.97, 39.7, 15.22, 48.26, 22.7, 29.22, 14.68, 26.65, 21.67, 0.0, 72.92], [0.0, 0.0, 0.0, 0.0, 0.0, 0.0, 0.0, 0.0, 0.0, 0.0, 0.0, 0.0, 0.0, 0.0, 0.0, 0.0, 0.0, 0.0, 0.0, 0.0, 0.0, 0.0, 0.0, 0.0, 0.0, 0.0, 0.0, 0.0, 0.0, 0.0, 0.0, 0.0]], "time_windows": [[0.0, 5000.0], [0.0, 133.0], [0.0, 177.0], [0.0, 266.0], [0.0, 355.0], [0.0, 398.0], [0.0, 438.0], [0.0, 463.0], [0.0, 520.0], [0.0, 617.0], [0.0, 656.0], [0.0, 718.0], [0.0, 782.0], [0.0, 846.0], [0.0, 887.0], [0.0, 939.0], [0.0, 987.0], [0.0, 1019.0], [0.0, 1054.0], [0.0, 1066.0], [0.0, 1083.0], [0.0, 1109.0], [0.0, 1126.0], [0.0, 1165.0], [0.0, 1212.0], [0.0, 1267.0], [0.0, 1302.0], [0.0, 1327.0], [0.0, 1350.0], [0.0, 1396.0], [0.0, 1418.0], [0.0, 5000.0]], "start_depot": 0, "end_depot": 31, "horizon": [0.0, 5000.0]}