{"digraph": {"vertex_count": 37, "arc_count": 1260, "arcs": [[0, 1, 1, 1, 1, 1, 1, 1, 1, 1, 1, 1, 1, 1, 1, 1, 1, 1, 1, 1, 1, 1, 1, 1, 1, 1, 1, 1, 1, 1, 1, 1, 1, 1, 1, 1, 1], [0, 0, 1, 1, 1, 1, 1, 1, 1, 1, 1, 1, 1, 1, 1, 1, 1, 1, 1, 1, 1, 1, 1, 1, 1, 1, 1, 1, 1, 1, 1, 1, 1, 1, 1, 1, 1], [0, 1, 0, 1, 1, 1, 1, 1, 1, 1, 1, 1, 1, 1, 1, 1, 1, 1, 1, 1, 1, 1, 1, 1, 1, 1, 1, 1, 1, 1, 1, 1, 1, 1, 1, 1, 1], [0, 1, 1, 0, 1, 1, 1, 1, 1, 1, 1, 1, 1, 1, 1, 1, 1, 1, 1, 1, 1, 1, 1, 1, 1, 1, 1, 1, 1, 1, 1, 1, 1, 1, 1, 1, 1], [0, 1, 1, 1, 0, 1, 1, 1, 1, 1, 1, 1, 1, 1, 1, 1, 1, 1, 1, 1, 1, 1, 1, 1, 1, 1, 1, 1, 1, 1, 1, 1, 1, 1, 1, 1, 1], [0, 1, 1, 1, 1, 0, 1, 1, 1, 1, 1, 1, 1, 1, 1, 1, 1, 1, 1, 1, 1, 1, 1, 1, 1, 1, 1, 1, 1, 1, 1, 1, 1, 1, 1, 1, 1], [0, 1, 1, 1, 1, 1, 0, 1, 1, 1, 1, 1, 1, 1, 1, 1, 1, 1, 1, 1, 1, 1, 1, 1, 1, 1, 1, 1, 1, 1, 1, 1, 1, 1, 1, 1, 1], [0, 1, 1, 1, 1, 1, 1, 0, 1, 1, 1, 1, 1, 1, 1, 1, 1, 1, 1, 1, 1, 1, 1, 1, 1, 1, 1, 1, 1, 1, 1, 1, 1, 1, 1, 1, 1], [0, 1, 1, 1, 1, 1, 1, 1, 0, 1, 1, 1, 1, 1, 1, 1, 1, 1, 1, 1, 1, 1, 1, 1, 1, 1, 1, 1, 1, 1, 1, 1, 1, 1, 1, 1, 1], [0, 1, 1, 1, 1, 1, 1, 1, 1, 0, 1, 1, 1, 1, 1, 1, 1, 1, 1, 1, 1, 1, 1, 1, 1, 1, 1, 1, 1, 1, 1, 1, 1, 1, 1, 1, 1], [0, 1, 1, 1, 1, 1, 1, 1, 1, 1, 0, 1, 1, 1, 1, 1, 1, 1, 1, 1, 1, 1, 1, 1, 1, 1, 1, 1, 1, 1, 1, 1, 1, 1, 1, 1, 1], [0, 1, 1, 1, 1, 1, 1, 1, 1, 1, 1, 0, 1, 1, 1, 1, 1, 1, 1, 1, 1, 1, 1, 1, 1, 1, 1, 1, 1, 1, 1, 1, 1, 1, 1, 1, 1], [0, 1, 1, 1, 1, 1, 1, 1, 1, 1, 1, 1, 0, 1, 1, 1, 1, 1, 1, 1, 1, 1, 1, 1, 1, 1, 1, 1, 1, 1, 1, 1, 1, 1, 1, 1, 1], [0, 1, 1, 1, 1, 1, 1, 1, 1, 1, 1, 1, 1, 0, 1, 1, 1, 1, 1, 1, 1, 1, 1, 1, 1, 1, 1, 1, 1, 1, 1, 1, 1, 1, 1, 1, 1], [0, 1, 1, 1, 1, 1, 1, 1, 1, 1, 1, 1, 1, 1, 0, 1, 1, 1, 1, 1, 1, 1, 1, 1, 1, 1, 1, 1, 1, 1, 1, 1, 1, 1, 1, 1, 1], [0, 1, 1, 1, 1, 1, 1, 1, 1, 1, 1, 1, 1, 1, 1, 0, 1, 1, 1, 1, 1, 1, 1, 1, 1, 1, 1, 1, 1, 1, 1, 1, 1, 1, 1, 1, 1], [0, 1, 1, 1, 1, 1, 1, 1, 1, 1, 1, 1, 1, 1, 1, 1, 0, 1, 1, 1, 1, 1, 1, 1, 1, 1, 1, 1, 1, 1, 1, 1, 1, 1, 1, 1, 1], [0, 1, 1, 1, 1, 1, 1, 1, 1, 1, 1, 1, 1, 1, 1, 1, 1, 0, 1, 1, 1, 1, 1, 1, 1, 1, 1, 1, 1, 1, 1, 1, 1, 1, 1, 1, 1], [0, 1, 1, 1, 1, 1, 1, 1, 1, 1, 1, 1, 1, 1, 1, 1, 1, 1, 0, 1, 1, 1, 1, 1, 1, 1, 1, 1, 1, 1, 1, 1, 1, 1, 1, 1, 1], [0, 1, 1, 1, 1, 1, 1, 1, 1, 1, 1, 1, 1, 1, 1, 1, 1, 1, 1, 0, 1, 1, 1, 1, 1, 1, 1, 1, 1, 1, 1, 1, 1, 1, 1, 1, 1], [0, 1, 1, 1, 1, 1, 1, 1, 1, 1, 1, 1, 1, 1, 1, 1, 1, 1, 1, 1, 0, 1, 1, 1, 1, 1, 1, 1, 1, 1, 1, 1, 1, 1, 1, 1, 1], [0, 1, 1, 1, 1, 1, 1, 1, 1, 1, 1, 1, 1, 1, 1, 1, 1, 1, 1, 1, 1, 0, 1, 1, 1, 1, 1, 1, 1, 1, 1, 1, 1, 1, 1, 1, 1], [0, 1, 1, 1, 1, 1, 1, 1, 1, 1, 1, 1, 1, 1, 1, 1, 1, 1, 1, 1, 1, 1, 0, 1, 1, 1, 1, 1, 1, 1, 1, 1, 1, 1, 1, 1, 1], [0, 1, 1, 1, 1, 1, 1, 1, 1, 1, 1, 1, 1, 1, 1, 1, 1, 1, 1, 1, 1, 1, 1, 0, 1, 1, 1, 1, 1, 1, 1, 1, 1, 1, 1, 1, 1], [0, 1, 1, 1, 1, 1, 1, 1, 1, 1, 1, 1, 1, 1, 1, 1, 1, 1, 1, 1, 1, 1, 1, 1, 0, 1, 1, 1, 1, 1, 1, 1, 1, 1, 1, 1, 1], [0, 1, 1, 1, 1, 1, 1, 1, 1, 1, 1, 1, 1, 1, 1, 1, 1, 1, 1, 1, 1, 1, 1, 1, 1, 0, 1, 1, 1, 1, 1, 1, 1, 1, 1, 1, 1], [0, 1, 1, 1, 1, 1, 1, 1, 1, 1, 1, 1, 1, 1, 1, 1, 1, 1, 1, 1, 1, 1, 1, 1, 1, 1, 0, 1, 1, 1, 1, 1, 1, 1, 1, 1, 1], [0, 1, 1, 1, 1, 1, 1, 1, 1, 1, 1, 1, 1, 1, 1, 1, 1, 1, 1, 1, 1, 1, 1, 1, 1, 1, 1, 0, 1, 1, 1, 1, 1, 1, 1, 1, 1], [0, 1, 1, 1, 1, 1, 1, 1, 1, 1, 1, 1, 1, 1, 1, 1, 1, 1, 1, 1, 1, 1, 1, 1, 1, 1, 1, 1, 0, 1, 1, 1, 1, 1, 1, 1, 1], [0, 1, 1, 1, 1, 1, 1, 1, 1, 1, 1, 1, 1, 1, 1, 1, 1, 1, 1, 1, 1, 1, 1, 1, 1, 1, 1, 1, 1, 0, 1, 1, 1, 1, 1, 1, 1], [0, 1, 1, 1, 1, 1, 1, 1, 1, 1, 1, 1, 1, 1, 1, 1, 1, 1, 1, 1, 1, 1, 1, 1, 1, 1, 1, 1, 1, 1, 0, 1, 1, 1, 1, 1, 1], [0, 1, 1, 1, 1, 1, 1, 1, 1, 1, 1, 1, 1, 1, 1, 1, 1, 1, 1, 1, 1, 1, 1, 1, 1, 1, 1, 1, 1, 1, 1, 0, 1, 1, 1, 1, 1], [0, 1, 1, 1, 1, 1, 1, 1, 1, 1, 1, 1, 1, 1, 1, 1, 1, 1, 1, 1, 1, 1, 1, 1, 1, 1, 1, 1, 1, 1, 1, 1, 0, 1, 1, 1, 1], [0, 1, 1, 1, 1, 1, 1, 1, 1, 1, 1, 1, 1, 1, 1, 1, 1, 1, 1, 1, 1, 1, 1, 1, 1, 1, 1, 1, 1, 1, 1, 1, 1, 0, 1, 1, 1], [0, 1, 1, 1, 1, 1, 1, 1, 1, 1, 1, 1, 1, 1, 1, 1, 1, 1, 1, 1, 1, 1, 1, 1, 1, 1, 1, 1, 1, 1, 1, 1, 1, 1, 0, 1, 1], [0, 1, 1, 1, 1, 1, 1, 1, 1, 1, 1, 1, 1, 1, 1, 1, 1, 1, 1, 1, 1, 1, 1, 1, 1, 1, 1, 1, 1, 1, 1, 1, 1, 1, 1, 0, 1], [0, 0, 0, 0, 0, 0, 0, 0, 0, 0, 0, 0, 0, 0, 0, 0, 0, 0, 0, 0, 0, 0, 0, 0, 0, 0, 0, 0, 0, 0, 0, 0, 0, 0, 0, 0, 0]]}, "cluster_count": 3, "cluster_speeds": [[0.6475, 0.595, 0.6475, 0.7, 0.58275, 0.5355, 0.58275, 0.63, 0.32375, 0.2975, 0.32375, 0.35, 0.213675, 0.19635, 0.213675, 0.23099999999999998, 0.259, 0.238, 0.259, 0.27999999999999997, 0.3885, 0.357, 0.3885, 0.42, 0.6475, 0.595, 0.6475, 0.7, 0.37, 0.34, 0.37, 0.4, 0.30525, 0.2805, 0.30525, 0.33, 0.4625, 0.425, 0.4625, 0.5, 0.6475, 0.595, 0.6475, 0.7, 0.74, 0.68, 0.74, 0.8, 0.45324999999999993, 0.4165, 0.45324999999999993, 0.48999999999999994, 0.32375, 0.2975, 0.32375, 0.35, 0.3885, 0.357, 0.3885, 0.42, 0.45324999999999993, 0.4165, 0.45324999999999993, 0.48999999999999994, 0.58275, 0.5355, 0.58275, 0.63, 0.6475, 0.595, 0.6475, 0.7, 0.7], [0.7400000000000001, 0.68, 0.7400000000000001, 0.8, 0.666, 0.6120000000000001, 0.666, 0.7200000000000001, 0.37000000000000005, 0.34, 0.37000000000000005, 0.4, 0.24420000000000003, 0.22440000000000004, 0.24420000000000003, 0.264, 0.296, 0.272, 0.296, 0.32000000000000006, 0.44400000000000006, 0.40800000000000003, 0.44400000000000006, 0.48, 0.6475, 0.595, 0.6475, 0.7, 0.37, 0.34, 0.37, 0.4, 0.30525, 0.2805, 0.30525, 0.33, 0.4625, 0.425, 0.4625, 0.5, 0.6475, 0.595, 0.6475, 0.7, 0.74, 0.68, 0.74, 0.8, 0.518, 0.476, 0.518, 0.5599999999999999, 0.37000000000000005, 0.34, 0.37000000000000005, 0.4, 0.44400000000000006, 0.40800000000000003, 0.44400000000000006, 0.48, 0.518, 0.476, 0.518, 0.5599999999999999, 0.666, 0.6120000000000001, 0.666, 0.7200000000000001, 0.7400000000000001, 0.68, 0.7400000000000001, 0.8, 0.8], [0.925, 0.85, 0.925, 1.0, 0.8325, 0.765, 0.8325, 0.9, 0.4625, 0.425, 0.4625, 0.5, 0.30525, 0.2805, 0.30525, 0.33, 0.37, 0.34, 0.37, 0.4, 0.555, 0.51, 0.555, 0.6, 0.6475, 0.595, 0.6475, 0.7, 0.37, 0.34, 0.37, 0.4, 0.30525, 0.2805, 0.30525, 0.33, 0.4625, 0.425, 0.4625, 0.5, 0.6475, 0.595, 0.6475, 0.7, 0.74, 0.68, 0.74, 0.8, 0.6475, 0.595, 0.6475, 0.7, 0.4625, 0.425, 0.4625, 0.5, 0.555, 0.51, 0.555, 0.6, 0.6475, 0.595, 0.6475, 0.7, 0.8325, 0.765, 0.8325, 0.9, 0.925, 0.85, 0.925, 1.0, 1.0]], "clusters": [[-1, 2, 2, 2, 2, 2, 2, 2, 2, 2, 2, 2, 2, 2, 2, 2, 2, 2, 2, 2, 2, 2, 2, 2, 2, 2, 2, 2, 2, 2, 2, 2, 2, 2, 2, 2, 2], [0, -1, 0, 0, 0, 0, 0, 0, 0, 0, 0, 0, 0, 0, 0, 0, 0, 0, 0, 0, 0, 0, 0, 0, 0, 0, 0, 0, 0, 0, 0, 0, 0, 0, 0, 0, 0], [0, 0, -1, 0, 0, 0, 0, 0, 0, 0, 0, 0, 0, 0, 0, 0, 0, 0, 0, 0, 0, 0, 0, 0, 0, 0, 0, 0, 0, 0, 0, 0, 0, 0, 0, 0, 0], [0, 0, 0, -1, 0, 0, 0, 0, 0, 0, 0, 0, 0, 0, 0, 0, 0, 0, 0, 0, 0, 0, 0, 0, 0, 0, 0, 0, 0, 0, 0, 0, 0, 0, 0, 0, 0], [1, 1, 1, 1, -1, 1, 1, 1, 1, 1, 1, 1, 1, 1, 1, 1, 1, 1, 1, 1, 1, 1, 1, 1, 1, 1, 1, 1, 1, 1, 1, 1, 1, 1, 1, 1, 1], [0, 0, 0, 0, 0, -1, 0, 0, 0, 0, 0, 0, 0, 0, 0, 0, 0, 0, 0, 0, 0, 0, 0, 0, 0, 0, 0, 0, 0, 0, 0, 0, 0, 0, 0, 0, 0], [2, 2, 2, 2, 2, 2, -1, 2, 2, 2, 2, 2, 2, 2, 2, 2, 2, 2, 2, 2, 2, 2, 2, 2, 2, 2, 2, 2, 2, 2, 2, 2, 2, 2, 2, 2, 2], [1, 1, 1, 1, 1, 1, 1, -1, 1, 1, 1, 1, 1, 1, 1, 1, 1, 1, 1, 1, 1, 1, 1, 1, 1, 1, 1, 1, 1, 1, 1, 1, 1, 1, 1, 1, 1], [0, 0, 0, 0, 0, 0, 0, 0, -1, 0, 0, 0, 0, 0, 0, 0, 0, 0, 0, 0, 0, 0, 0, 0, 0, 0, 0, 0, 0, 0, 0, 0, 0, 0, 0, 0, 0], [0, 0, 0, 0, 0, 0, 0, 0, 0, -1, 0, 0, 0, 0, 0, 0, 0, 0, 0, 0, 0, 0, 0, 0, 0, 0, 0, 0, 0, 0, 0, 0, 0, 0, 0, 0, 0], [0, 0, 0, 0, 0, 0, 0, 0, 0, 0, -1, 0, 0, 0, 0, 0, 0, 0, 0, 0, 0, 0, 0, 0, 0, 0, 0, 0, 0, 0, 0, 0, 0, 0, 0, 0, 0], [0, 0, 0, 0, 0, 0, 0, 0, 0, 0, 0, -1, 0, 0, 0, 0, 0, 0, 0, 0, 0, 0, 0, 0, 0, 0, 0, 0, 0, 0, 0, 0, 0, 0, 0, 0, 0], [0, 0, 0, 0, 0, 0, 0, 0, 0, 0, 0, 0, -1, 0, 0, 0, 0, 0, 0, 0, 0, 0, 0, 0, 0, 0, 0, 0, 0, 0, 0, 0, 0, 0, 0, 0, 0], [0, 0, 0, 0, 0, 0, 0, 0, 0, 0, 0, 0, 0, -1, 0, 0, 0, 0, 0, 0, 0, 0, 0, 0, 0, 0, 0, 0, 0, 0, 0, 0, 0, 0, 0, 0, 0], [1, 1, 1, 1, 1, 1, 1, 1, 1, 1, 1, 1, 1, 1, -1, 1, 1, 1, 1, 1, 1, 1, 1, 1, 1, 1, 1, 1, 1, 1, 1, 1, 1, 1, 1, 1, 1], [0, 0, 0, 0, 0, 0, 0, 0, 0, 0, 0, 0, 0, 0, 0, -1, 0, 0, 0, 0, 0, 0, 0, 0, 0, 0, 0, 0, 0, 0, 0, 0, 0, 0, 0, 0, 0], [0, 0, 0, 0, 0, 0, 0, 0, 0, 0, 0, 0, 0, 0, 0, 0, -1, 0, 0, 0, 0, 0, 0, 0, 0, 0, 0, 0, 0, 0, 0, 0, 0, 0, 0, 0, 0], [0, 0, 0, 0, 0, 0, 0, 0, 0, 0, 0, 0, 0, 0, 0, 0, 0, -1, 0, 0, 0, 0, 0, 0, 0, 0, 0, 0, 0, 0, 0, 0, 0, 0, 0, 0, 0], [0, 0, 0, 0, 0, 0, 0, 0, 0, 0, 0, 0, 0, 0, 0, 0, 0, 0, -1, 0, 0, 0, 0, 0, 0, 0, 0, 0, 0, 0, 0, 0, 0, 0, 0, 0, 0], [0, 0, 0, 0, 0, 0, 0, 0, 0, 0, 0, 0, 0, 0, 0, 0, 0, 0, 0, -1, 0, 0, 0, 0, 0, 0, 0, 0, 0, 0, 0, 0, 0, 0, 0, 0, 0], [0, 0, 0, 0, 0, 0, 0, 0, 0, 0, 0, 0, 0, 0, 0, 0, 0, 0, 0, 0, -1, 0, 0, 0, 0, 0, 0, 0, 0, 0, 0, 0, 0, 0, 0, 0, 0], [0, 0, 0, 0, 0, 0, 0, 0, 0, 0, 0, 0, 0, 0, 0, 0, 0, 0, 0, 0, 0, -1, 0, 0, 0, 0, 0, 0, 0, 0, 0, 0, 0, 0, 0, 0, 0], [0, 0, 0, 0, 0, 0, 0, 0, 0, 0, 0, 0, 0, 0, 0, 0, 0, 0, 0, 0, 0, 0, -1, 0, 0, 0, 0, 0, 0, 0, 0, 0, 0, 0, 0, 0, 0], [0, 0, 0, 0, 0, 0, 0, 0, 0, 0, 0, 0, 0, 0, 0, 0, 0, 0, 0, 0, 0, 0, 0, -1, 0, 0, 0, 0, 0, 0, 0, 0, 0, 0, 0, 0, 0], [1, 1, 1, 1, 1, 1, 1, 1, 1, 1, 1, 1, 1, 1, 1, 1, 1, 1, 1, 1, 1, 1, 1, 1, -1, 1, 1, 1, 1, 1, 1, 1, 1, 1, 1, 1, 1], [0, 0, 0, 0, 0, 0, 0, 0, 0, 0, 0, 0, 0, 0, 0, 0, 0, 0, 0, 0, 0, 0, 0, 0, 0, -1, 0, 0, 0, 0, 0, 0, 0, 0, 0, 0, 0], [0, 0, 0, 0, 0, 0, 0, 0, 0, 0, 0, 0, 0, 0, 0, 0, 0, 0, 0, 0, 0, 0, 0, 0, 0, 0, -1, 0, 0, 0, 0, 0, 0, 0, 0, 0, 0], [0, 0, 0, 0, 0, 0, 0, 0, 0, 0, 0, 0, 0, 0, 0, 0, 0, 0, 0, 0, 0, 0, 0, 0, 0, 0, 0, -1, 0, 0, 0, 0, 0, 0, 0, 0, 0], [0, 0, 0, 0, 0, 0, 0, 0, 0, 0, 0, 0, 0, 0, 0, 0, 0, 0, 0, 0, 0, 0, 0, 0, 0, 0, 0, 0, -1, 0, 0, 0, 0, 0, 0, 0, 0], [0, 0, 0, 0, 0, 0, 0, 0, 0, 0, 0, 0, 0, 0, 0, 0, 0, 0, 0, 0, 0, 0, 0, 0, 0, 0, 0, 0, 0, -1, 0, 0, 0, 0, 0, 0, 0], [0, 0, 0, 0, 0, 0, 0, 0, 0, 0, 0, 0, 0, 0, 0, 0, 0, 0, 0, 0, 0, 0, 0, 0, 0, 0, 0, 0, 0, 0, -1, 0, 0, 0, 0, 0, 0], [1, 1, 1, 1, 1, 1, 1, 1, 1, 1, 1, 1, 1, 1, 1, 1, 1, 1, 1, 1, 1, 1, 1, 1, 1, 1, 1, 1, 1, 1, 1, -1, 1, 1, 1, 1, 1], [0, 0, 0, 0, 0, 0, 0, 0, 0, 0, 0, 0, 0, 0, 0, 0, 0, 0, 0, 0, 0, 0, 0, 0, 0, 0, 0, 0, 0, 0, 0, 0, -1, 0, 0, 0, 0], [0, 0, 0, 0, 0, 0, 0, 0, 0, 0, 0, 0, 0, 0, 0, 0, 0, 0, 0, 0, 0, 0, 0, 0, 0, 0, 0, 0, 0, 0, 0, 0, 0, -1, 0, 0, 0], [0, 0, 0, 0, 0, 0, 0, 0, 0, 0, 0, 0, 0, 0, 0, 0, 0, 0, 0, 0, 0, 0, 0, 0, 0, 0, 0, 0, 0, 0, 0, 0, 0, 0, -1, 0, 0], [0, 0, 0, 0, 0, 0, 0, 0, 0, 0, 0, 0, 0, 0, 0, 0, 0, 0, 0, 0, 0, 0, 0, 0, 0, 0, 0, 0, 0, 0, 0, 0, 0, 0, 0, -1, 0], [2, 2, 2, 2, 2, 2, 2, 2, 2, 2, 2, 2, 2, 2, 2, 2, 2, 2, 2, 2, 2, 2, 2, 2, 2, 2, 2, 2, 2, 2, 2, 2, 2, 2, 2, 2, -1]], "speed_zone_count": 73, "speed_zones": [[0.0, 15.0], [15.0, 30.0], [30.0, 45.0], [45.0, 60.0], [60.0, 75.0], [75.0, 90.0], [90.0, 105.0], [105.0, 120.0], [120.0, 135.0], [135.0, 150.0], [150.0, 165.0], [165.0, 180.0], [180.0, 195.0], [195.0, 210.0], [210.0, 225.0], [225.0, 240.0], [240.0, 255.0], [255.0, 270.0], [270.0, 285.0], [285.0, 300.0], [300.0, 315.0], [315.0, 330.0], [330.0, 345.0], [345.0, 360.0], [360.0, 375.0], [375.0, 390.0], [390.0, 405.0], [405.0, 420.0], [420.0, 435.0], [435.0, 450.0], [450.0, 465.0], [465.0, 480.0], [480.0, 495.0], [495.0, 510.0], [510.0, 525.0], [525.0, 540.0], [540.0, 555.0], [555.0, 570.0], [570.0, 585.0], [585.0, 600.0], [600.0, 615.0], [615.0, 630.0], [630.0, 645.0], [645.0, 660.0], [660.0, 675.0], [675.0, 690.0], [690.0, 705.0], [705.0, 720.0], [720.0, 735.0], [735.0, 750.0], [750.0, 765.0], [765.0, 780.0], [780.0, 795.0], [795.0, 810.0], [810.0, 825.0], [825.0, 840.0], [840.0, 855.0], [855.0, 870.0], [870.0, 885.0], [885.0, 900.0], [900.0, 915.0], [915.0, 930.0], [930.0, 945.0], [945.0, 960.0], [960.0, 975.0], [975.0, 990.0], [990.0, 1005.0], [1005.0, 1020.0], [1020.0, 1035.0], [1035.0, 1050.0], [1050.0, 1065.0], [1065.0, 1080.0], [1080.0, 5000.0]], "distances": [[0.0, 84.01, 67.73, 60.09, 60.76, 77.45, 94.7, 83.72, 72.58, 72.01, 66.88, 84.67, 68.45, 69.42, 84.86, 64.1, 69.15, 70.78, 69.18, 76.62, 75.9, 56.17, 69.06, 72.2, 91.91, 72.12, 64.25, 66.6, 72.15, 66.91, 70.16, 69.92, 83.64, 69.82, 73.24, 66.87, 0.0], [0.0, 0.0, 16.32, 26.18, 30.4, 7.9, 17.1, 17.22, 13.8, 13.98, 17.16, 16.28, 21.49, 14.59, 13.81, 22.16, 15.05, 14.11, 14.87, 9.0, 9.05, 28.38, 15.01, 13.03, 13.2, 13.36, 19.84, 17.85, 12.44, 17.11, 14.48, 24.18, 15.07, 14.31, 11.01, 18.34, 84.01], [0.0, 16.32, 0.0, 11.48, 18.0, 10.12, 30.04, 23.08, 7.59, 6.85, 9.66, 16.97, 12.28, 9.04, 21.85, 8.51, 11.32, 4.49, 10.21, 10.58, 8.53, 12.24, 9.83, 5.9, 26.45, 6.21, 9.75, 8.73, 4.98, 9.85, 5.47, 16.72, 15.92, 10.13, 5.58, 4.91, 67.73], [0.0, 26.18, 11.48, 0.0, 7.58, 18.54, 41.3, 34.48, 12.93, 12.51, 10.96, 26.74, 8.86, 13.37, 33.33, 14.16, 14.78, 12.08, 13.99, 21.99, 17.18, 5.64, 12.34, 13.18, 37.6, 12.92, 8.79, 8.94, 13.79, 11.21, 16.7, 12.02, 25.56, 12.68, 15.4, 7.86, 60.09], [0.0, 30.4, 18.0, 7.58, 0.0, 22.5, 46.64, 41.0, 16.62, 16.51, 17.67, 30.86, 9.24, 19.72, 39.46, 9.49, 21.49, 17.1, 20.55, 27.97, 21.48, 12.24, 18.54, 17.7, 42.81, 17.26, 15.95, 15.25, 18.81, 17.97, 23.45, 9.23, 29.65, 18.64, 20.59, 13.42, 60.76], [0.0, 7.9, 10.12, 18.54, 22.5, 0.0, 24.56, 21.84, 5.89, 6.12, 10.97, 8.37, 13.65, 8.93, 19.15, 14.44, 10.42, 6.71, 9.72, 9.18, 9.93, 21.35, 8.8, 5.39, 20.66, 5.62, 13.36, 10.85, 5.32, 11.03, 10.91, 16.66, 7.17, 7.95, 4.64, 10.84, 77.45], [0.0, 17.1, 30.04, 41.3, 46.64, 24.56, 0.0, 12.06, 30.21, 30.2, 30.73, 16.9, 38.15, 28.09, 9.91, 37.65, 27.29, 29.59, 27.75, 19.5, 25.3, 42.02, 29.02, 28.94, 17.92, 29.39, 33.36, 32.38, 27.86, 30.54, 25.71, 41.17, 17.98, 28.62, 26.11, 33.6, 94.7], [0.0, 17.22, 23.08, 34.48, 41.0, 21.84, 12.06, 0.0, 26.16, 25.86, 23.53, 17.51, 33.84, 21.29, 19.1, 31.52, 19.7, 24.38, 20.53, 13.38, 21.8, 33.79, 22.46, 24.33, 11.09, 24.88, 25.79, 25.78, 22.86, 23.27, 17.79, 37.71, 18.0, 22.4, 21.13, 27.6, 83.72], [0.0, 13.8, 7.59, 12.93, 16.62, 5.89, 30.21, 26.16, 0.0, 9.88, 8.21, 14.27, 7.98, 7.6, 23.93, 8.79, 9.84, 10.0, 8.76, 12.8, 4.91, 16.45, 6.7, 11.22, 26.33, 9.22, 9.73, 6.78, 11.21, 8.42, 11.27, 11.56, 13.06, 5.98, 5.14, 5.76, 72.58], [0.0, 13.98, 6.85, 12.51, 16.51, 6.12, 30.2, 25.86, 9.88, 0.0, 7.46, 14.47, 8.1, 6.91, 23.72, 8.38, 9.17, 9.39, 8.08, 12.48, 4.97, 15.86, 5.98, 10.6, 26.34, 9.29, 9.0, 6.05, 11.08, 7.67, 10.65, 11.87, 13.27, 5.28, 4.75, 5.15, 72.01], [0.0, 17.16, 9.66, 10.96, 17.67, 10.97, 30.73, 23.53, 8.21, 7.46, 0.0, 17.82, 12.37, 9.71, 22.41, 8.23, 11.99, 5.16, 10.88, 11.24, 9.37, 11.45, 10.06, 6.62, 27.16, 6.89, 9.74, 9.4, 5.79, 10.1, 5.79, 16.84, 16.77, 10.11, 6.44, 4.89, 66.88], [0.0, 16.28, 16.97, 26.74, 30.86, 8.37, 16.9, 17.51, 14.27, 14.47, 17.82, 0.0, 21.9, 15.25, 14.04, 22.7, 15.73, 14.68, 15.55, 9.66, 9.58, 29.01, 15.66, 13.57, 13.02, 13.89, 20.49, 18.47, 13.03, 17.77, 15.18, 24.49, 15.54, 14.94, 11.63, 18.92, 84.67], [0.0, 21.49, 12.28, 8.86, 9.24, 13.65, 38.15, 33.84, 7.98, 8.1, 12.37, 21.9, 0.0, 13.41, 31.8, 6.05, 15.62, 9.5, 14.51, 20.47, 12.86, 14.21, 12.2, 9.55, 34.27, 9.02, 12.05, 9.81, 10.99, 12.68, 17.46, 4.48, 20.7, 11.92, 12.73, 7.5, 68.45], [0.0, 14.59, 9.04, 13.37, 19.72, 8.93, 28.09, 21.29, 7.6, 6.91, 9.71, 15.25, 13.41, 0.0, 19.96, 10.23, 10.22, 4.54, 9.42, 8.65, 7.38, 14.14, 8.54, 5.64, 24.51, 6.08, 5.41, 4.5, 4.31, 9.9, 11.08, 17.76, 14.24, 10.55, 4.29, 6.38, 69.42], [0.0, 13.81, 21.85, 33.33, 39.46, 19.15, 9.91, 19.1, 23.93, 23.72, 22.41, 14.04, 31.8, 19.96, 0.0, 30.07, 18.69, 22.5, 19.37, 11.49, 19.32, 33.25, 21.05, 22.25, 8.01, 22.78, 24.87, 24.45, 20.88, 22.18, 16.9, 35.46, 14.63, 20.85, 19.1, 26.06, 84.86], [0.0, 22.16, 8.51, 14.16, 9.49, 14.44, 37.65, 31.52, 8.79, 8.38, 8.23, 22.7, 6.05, 10.23, 30.07, 0.0, 12.01, 8.14, 11.06, 18.6, 13.12, 8.52, 9.06, 9.13, 33.89, 8.83, 6.88, 5.76, 9.88, 8.53, 13.98, 10.16, 21.51, 9.22, 11.57, 11.73, 64.1], [0.0, 15.05, 11.32, 14.78, 21.49, 10.42, 27.29, 19.7, 9.84, 9.17, 11.99, 15.73, 15.62, 10.22, 18.69, 12.01, 0.0, 6.82, 11.06, 7.84, 8.97, 14.73, 10.18, 7.83, 23.84, 8.3, 6.19, 6.27, 6.39, 12.18, 12.72, 20.0, 14.83, 11.76, 5.93, 8.39, 69.15], [0.0, 14.11, 4.49, 12.08, 17.1, 6.71, 29.59, 24.38, 10.0, 9.39, 5.16, 14.68, 9.5, 4.54, 22.5, 8.14, 6.82, 0.0, 5.72, 11.05, 5.21, 14.65, 9.41, 9.69, 25.8, 9.53, 7.01, 4.24, 8.85, 5.35, 8.4, 13.63, 13.51, 9.46, 8.84, 4.24, 70.78], [0.0, 14.87, 10.21, 13.99, 20.55, 9.72, 27.75, 20.53, 8.76, 8.08, 10.88, 15.55, 14.51, 9.42, 19.37, 11.06, 11.06, 5.72, 0.0, 8.25, 8.22, 14.31, 9.38, 6.78, 24.23, 7.23, 5.61, 5.3, 5.39, 11.07, 11.92, 18.88, 14.59, 11.19, 5.13, 7.34, 69.18], [0.0, 9.0, 10.58, 21.99, 27.97, 9.18, 19.5, 13.38, 12.8, 12.48, 11.24, 9.66, 20.47, 8.65, 11.49, 18.6, 7.84, 11.05, 8.25, 0.0, 8.74, 22.54, 9.66, 10.95, 16.0, 11.5, 13.87, 13.05, 9.49, 11.05, 6.49, 24.34, 9.18, 9.38, 7.75, 14.57, 76.62], [0.0, 9.05, 8.53, 17.18, 21.48, 9.93, 25.3, 21.8, 4.91, 4.97, 9.37, 9.58, 12.86, 7.38, 19.32, 13.12, 8.97, 5.21, 8.22, 8.74, 0.0, 19.83, 7.21, 12.06, 21.42, 4.31, 11.77, 9.3, 11.68, 9.44, 9.61, 16.19, 8.39, 6.36, 9.72, 9.41, 75.9], [0.0, 28.38, 12.24, 5.64, 12.24, 21.35, 42.02, 33.79, 16.45, 15.86, 11.45, 29.01, 14.21, 14.14, 33.25, 8.52, 14.73, 14.65, 14.31, 22.54, 19.83, 0.0, 13.46, 16.04, 38.54, 15.96, 8.74, 10.57, 16.11, 11.59, 16.39, 17.64, 27.9, 14.1, 17.38, 10.71, 56.17], [0.0, 15.01, 9.83, 12.34, 18.54, 8.8, 29.02, 22.46, 6.7, 5.98, 10.06, 15.66, 12.2, 8.54, 21.05, 9.06, 10.18, 9.41, 9.38, 9.66, 7.21, 13.46, 0.0, 4.85, 25.38, 5.23, 4.83, 10.58, 11.1, 10.38, 5.26, 16.56, 14.6, 9.7, 4.25, 5.17, 69.06], [0.0, 13.03, 5.9, 13.18, 17.7, 5.39, 28.94, 24.33, 11.22, 10.6, 6.62, 13.57, 9.55, 5.64, 22.25, 9.13, 7.83, 9.69, 6.78, 10.95, 12.06, 16.04, 4.85, 0.0, 25.1, 10.08, 8.53, 5.73, 9.94, 6.79, 9.21, 13.41, 12.38, 10.67, 9.1, 5.45, 72.2], [0.0, 13.2, 26.45, 37.6, 42.81, 20.66, 17.92, 11.09, 26.33, 26.34, 27.16, 13.02, 34.27, 24.51, 8.01, 33.89, 23.84, 25.8, 24.23, 16.0, 21.42, 38.54, 25.38, 25.1, 0.0, 25.55, 29.83, 28.71, 24.07, 26.99, 22.36, 37.26, 14.09, 24.94, 22.33, 29.86, 91.91], [0.0, 13.36, 6.21, 12.92, 17.26, 5.62, 29.39, 24.88, 9.22, 9.29, 6.89, 13.89, 9.02, 6.08, 22.78, 8.83, 8.3, 9.53, 7.23, 11.5, 4.31, 15.96, 5.23, 10.08, 25.55, 0.0, 8.67, 5.8, 10.38, 7.07, 9.72, 12.85, 12.69, 4.47, 9.47, 5.29, 72.12], [0.0, 19.84, 9.75, 8.79, 15.95, 13.36, 33.36, 25.79, 9.73, 9.0, 9.74, 20.49, 12.05, 5.41, 24.87, 6.88, 6.19, 7.01, 5.61, 13.87, 11.77, 8.74, 4.83, 8.53, 29.83, 8.67, 0.0, 9.91, 8.06, 10.05, 8.02, 16.5, 19.42, 5.57, 8.99, 4.84, 64.25], [0.0, 17.85, 8.73, 8.94, 15.25, 10.85, 32.38, 25.78, 6.78, 6.05, 9.4, 18.47, 9.81, 4.5, 24.45, 5.76, 6.27, 4.24, 5.3, 13.05, 9.3, 10.57, 10.58, 5.73, 28.71, 5.8, 9.91, 0.0, 5.56, 9.59, 8.23, 14.28, 17.35, 10.27, 6.85, 8.47, 66.6], [0.0, 12.44, 4.98, 13.79, 18.81, 5.32, 27.86, 22.86, 11.21, 11.08, 5.79, 13.03, 10.99, 4.31, 20.88, 9.88, 6.39, 8.85, 5.39, 9.49, 11.68, 16.11, 11.1, 9.94, 24.07, 10.38, 8.06, 5.56, 0.0, 5.9, 7.66, 14.95, 11.88, 11.15, 8.6, 5.93, 72.15], [0.0, 17.11, 9.85, 11.21, 17.97, 11.03, 30.54, 23.27, 8.42, 7.67, 10.1, 17.77, 12.68, 9.9, 22.18, 8.53, 12.18, 5.35, 11.07, 11.05, 9.44, 11.59, 10.38, 6.79, 26.99, 7.07, 10.05, 9.59, 5.9, 0.0, 5.52, 17.15, 16.73, 10.43, 6.47, 5.21, 66.91], [0.0, 14.48, 5.47, 16.7, 23.45, 10.91, 25.71, 17.79, 11.27, 10.65, 5.79, 15.18, 17.46, 11.08, 16.9, 13.98, 12.72, 8.4, 11.92, 6.49, 9.61, 16.39, 5.26, 9.21, 22.36, 9.72, 8.02, 8.23, 7.66, 5.52, 0.0, 21.8, 14.38, 5.6, 6.79, 10.32, 70.16], [0.0, 24.18, 16.72, 12.02, 9.23, 16.66, 41.17, 37.71, 11.56, 11.87, 16.84, 24.49, 4.48, 17.76, 35.46, 10.16, 20.0, 13.63, 18.88, 24.34, 16.19, 17.64, 16.56, 13.41, 37.26, 12.85, 16.5, 14.28, 14.95, 17.15, 21.8, 0.0, 23.33, 16.22, 16.62, 11.98, 69.92], [0.0, 15.07, 15.92, 25.56, 29.65, 7.17, 17.98, 18.0, 13.06, 13.27, 16.77, 15.54, 20.7, 14.24, 14.63, 21.51, 14.83, 13.51, 14.59, 9.18, 8.39, 27.9, 14.6, 12.38, 14.09, 12.69, 19.42, 17.35, 11.88, 16.73, 14.38, 23.33, 0.0, 13.86, 10.51, 17.75, 83.64], [0.0, 14.31, 10.13, 12.68, 18.64, 7.95, 28.62, 22.4, 5.98, 5.28, 10.11, 14.94, 11.92, 10.55, 20.85, 9.22, 11.76, 9.46, 11.19, 9.38, 6.36, 14.1, 9.7, 10.67, 24.94, 4.47, 5.57, 10.27, 11.15, 10.43, 5.6, 16.22, 13.86, 0.0, 10.03, 5.22, 69.82], [0.0, 11.01, 5.58, 15.4, 20.59, 4.64, 26.11, 21.13, 5.14, 4.75, 6.44, 11.63, 12.73, 4.29, 19.1, 11.57, 5.93, 8.84, 5.13, 7.75, 9.72, 17.38, 4.25, 9.1, 22.33, 9.47, 8.99, 6.85, 8.6, 6.47, 6.79, 16.62, 10.51, 10.03, 0.0, 7.56, 73.24], [0.0, 18.34, 4.91, 7.86, 13.42, 10.84, 33.6, 27.6, 5.76, 5.15, 4.89, 18.92, 7.5, 6.38, 26.06, 11.73, 8.39, 4.24, 7.34, 14.57, 9.41, 10.71, 5.17, 5.45, 29.86, 5.29, 4.84, 8.47, 5.93, 5.21, 10.32, 11.98, 17.75, 5.22, 7.56, 0.0, 66.87], [0.0, 0.0, 0.0, 0.0, 0.0, 0.0, 0.0, 0.0, 0.0, 0.0, 0.0, 0.0, 0.0, 0.0, 0.0, 0.0, 0.0, 0.0, 0.0, 0.0, 0.0, 0.0, 0.0, 0.0, 0.0, 0.0, 0.0, 0.0, 0.0, 0.0, 0.0, 0.0, 0.0, 0.0, 0.0, 0.0, 0.0]], "time_windows": [[0.0, 5000.0], [0.0, 136.0], [0.0, 155.0], [0.0, 174.0], [0.0, 192.0], [0.0, 250.0], [0.0, 322.0], [0.0, 349.0], [0.0, 397.0], [0.0, 412.0], [0.0, 424.0], [0.0, 452.0], [0.0, 505.0], [0.0, 544.0], [0.0, 600.0], [0.0, 658.0], [0.0, 677.0], [0.0, 688.0], [0.0, 696.0], [0.0, 707.0], [0.0, 719.0], [0.0, 747.0], [0.0, 765.0], [0.0, 772.0], [0.0, 812.0], [0.0, 863.0], [0.0, 881.0], [0.0, 899.0], [0.0, 910.0], [0.0, 921.0], [0.0, 930.0], [0.0, 965.0], [0.0, 1001.0], [0.0, 1017.0], [0.0, 1030.0], [0.0, 1040.0], [0.0, 5000.0]], "start_depot": 0, "end_depot": 36, "horizon": [0.0, 5000.0]}