{"digraph": {"vertex_count": 37, "arc_count": 1260, "arcs": [[0, 1, 1, 1, 1, 1, 1, 1, 1, 1, 1, 1, 1, 1, 1, 1, 1, 1, 1, 1, 1, 1, 1, 1, 1, 1, 1, 1, 1, 1, 1, 1, 1, 1, 1, 1, 1], [0, 0, 1, 1, 1, 1, 1, 1, 1, 1, 1, 1, 1, 1, 1, 1, 1, 1, 1, 1, 1, 1, 1, 1, 1, 1, 1, 1, 1, 1, 1, 1, 1, 1, 1, 1, 1], [0, 1, 0, 1, 1, 1, 1, 1, 1, 1, 1, 1, 1, 1, 1, 1, 1, 1, 1, 1, 1, 1, 1, 1, 1, 1, 1, 1, 1, 1, 1, 1, 1, 1, 1, 1, 1], [0, 1, 1, 0, 1, 1, 1, 1, 1, 1, 1, 1, 1, 1, 1, 1, 1, 1, 1, 1, 1, 1, 1, 1, 1, 1, 1, 1, 1, 1, 1, 1, 1, 1, 1, 1, 1], [0, 1, 1, 1, 0, 1, 1, 1, 1, 1, 1, 1, 1, 1, 1, 1, 1, 1, 1, 1, 1, 1, 1, 1, 1, 1, 1, 1, 1, 1, 1, 1, 1, 1, 1, 1, 1], [0, 1, 1, 1, 1, 0, 1, 1, 1, 1, 1, 1, 1, 1, 1, 1, 1, 1, 1, 1, 1, 1, 1, 1, 1, 1, 1, 1, 1, 1, 1, 1, 1, 1, 1, 1, 1], [0, 1, 1, 1, 1, 1, 0, 1, 1, 1, 1, 1, 1, 1, 1, 1, 1, 1, 1, 1, 1, 1, 1, 1, 1, 1, 1, 1, 1, 1, 1, 1, 1, 1, 1, 1, 1], [0, 1, 1, 1, 1, 1, 1, 0, 1, 1, 1, 1, 1, 1, 1, 1, 1, 1, 1, 1, 1, 1, 1, 1, 1, 1, 1, 1, 1, 1, 1, 1, 1, 1, 1, 1, 1], [0, 1, 1, 1, 1, 1, 1, 1, 0, 1, 1, 1, 1, 1, 1, 1, 1, 1, 1, 1, 1, 1, 1, 1, 1, 1, 1, 1, 1, 1, 1, 1, 1, 1, 1, 1, 1], [0, 1, 1, 1, 1, 1, 1, 1, 1, 0, 1, 1, 1, 1, 1, 1, 1, 1, 1, 1, 1, 1, 1, 1, 1, 1, 1, 1, 1, 1, 1, 1, 1, 1, 1, 1, 1], [0, 1, 1, 1, 1, 1, 1, 1, 1, 1, 0, 1, 1, 1, 1, 1, 1, 1, 1, 1, 1, 1, 1, 1, 1, 1, 1, 1, 1, 1, 1, 1, 1, 1, 1, 1, 1], [0, 1, 1, 1, 1, 1, 1, 1, 1, 1, 1, 0, 1, 1, 1, 1, 1, 1, 1, 1, 1, 1, 1, 1, 1, 1, 1, 1, 1, 1, 1, 1, 1, 1, 1, 1, 1], [0, 1, 1, 1, 1, 1, 1, 1, 1, 1, 1, 1, 0, 1, 1, 1, 1, 1, 1, 1, 1, 1, 1, 1, 1, 1, 1, 1, 1, 1, 1, 1, 1, 1, 1, 1, 1], [0, 1, 1, 1, 1, 1, 1, 1, 1, 1, 1, 1, 1, 0, 1, 1, 1, 1, 1, 1, 1, 1, 1, 1, 1, 1, 1, 1, 1, 1, 1, 1, 1, 1, 1, 1, 1], [0, 1, 1, 1, 1, 1, 1, 1, 1, 1, 1, 1, 1, 1, 0, 1, 1, 1, 1, 1, 1, 1, 1, 1, 1, 1, 1, 1, 1, 1, 1, 1, 1, 1, 1, 1, 1], [0, 1, 1, 1, 1, 1, 1, 1, 1, 1, 1, 1, 1, 1, 1, 0, 1, 1, 1, 1, 1, 1, 1, 1, 1, 1, 1, 1, 1, 1, 1, 1, 1, 1, 1, 1, 1], [0, 1, 1, 1, 1, 1, 1, 1, 1, 1, 1, 1, 1, 1, 1, 1, 0, 1, 1, 1, 1, 1, 1, 1, 1, 1, 1, 1, 1, 1, 1, 1, 1, 1, 1, 1, 1], [0, 1, 1, 1, 1, 1, 1, 1, 1, 1, 1, 1, 1, 1, 1, 1, 1, 0, 1, 1, 1, 1, 1, 1, 1, 1, 1, 1, 1, 1, 1, 1, 1, 1, 1, 1, 1], [0, 1, 1, 1, 1, 1, 1, 1, 1, 1, 1, 1, 1, 1, 1, 1, 1, 1, 0, 1, 1, 1, 1, 1, 1, 1, 1, 1, 1, 1, 1, 1, 1, 1, 1, 1, 1], [0, 1, 1, 1, 1, 1, 1, 1, 1, 1, 1, 1, 1, 1, 1, 1, 1, 1, 1, 0, 1, 1, 1, 1, 1, 1, 1, 1, 1, 1, 1, 1, 1, 1, 1, 1, 1], [0, 1, 1, 1, 1, 1, 1, 1, 1, 1, 1, 1, 1, 1, 1, 1, 1, 1, 1, 1, 0, 1, 1, 1, 1, 1, 1, 1, 1, 1, 1, 1, 1, 1, 1, 1, 1], [0, 1, 1, 1, 1, 1, 1, 1, 1, 1, 1, 1, 1, 1, 1, 1, 1, 1, 1, 1, 1, 0, 1, 1, 1, 1, 1, 1, 1, 1, 1, 1, 1, 1, 1, 1, 1], [0, 1, 1, 1, 1, 1, 1, 1, 1, 1, 1, 1, 1, 1, 1, 1, 1, 1, 1, 1, 1, 1, 0, 1, 1, 1, 1, 1, 1, 1, 1, 1, 1, 1, 1, 1, 1], [0, 1, 1, 1, 1, 1, 1, 1, 1, 1, 1, 1, 1, 1, 1, 1, 1, 1, 1, 1, 1, 1, 1, 0, 1, 1, 1, 1, 1, 1, 1, 1, 1, 1, 1, 1, 1], [0, 1, 1, 1, 1, 1, 1, 1, 1, 1, 1, 1, 1, 1, 1, 1, 1, 1, 1, 1, 1, 1, 1, 1, 0, 1, 1, 1, 1, 1, 1, 1, 1, 1, 1, 1, 1], [0, 1, 1, 1, 1, 1, 1, 1, 1, 1, 1, 1, 1, 1, 1, 1, 1, 1, 1, 1, 1, 1, 1, 1, 1, 0, 1, 1, 1, 1, 1, 1, 1, 1, 1, 1, 1], [0, 1, 1, 1, 1, 1, 1, 1, 1, 1, 1, 1, 1, 1, 1, 1, 1, 1, 1, 1, 1, 1, 1, 1, 1, 1, 0, 1, 1, 1, 1, 1, 1, 1, 1, 1, 1], [0, 1, 1, 1, 1, 1, 1, 1, 1, 1, 1, 1, 1, 1, 1, 1, 1, 1, 1, 1, 1, 1, 1, 1, 1, 1, 1, 0, 1, 1, 1, 1, 1, 1, 1, 1, 1], [0, 1, 1, 1, 1, 1, 1, 1, 1, 1, 1, 1, 1, 1, 1, 1, 1, 1, 1, 1, 1, 1, 1, 1, 1, 1, 1, 1, 0, 1, 1, 1, 1, 1, 1, 1, 1], [0, 1, 1, 1, 1, 1, 1, 1, 1, 1, 1, 1, 1, 1, 1, 1, 1, 1, 1, 1, 1, 1, 1, 1, 1, 1, 1, 1, 1, 0, 1, 1, 1, 1, 1, 1, 1], [0, 1, 1, 1, 1, 1, 1, 1, 1, 1, 1, 1, 1, 1, 1, 1, 1, 1, 1, 1, 1, 1, 1, 1, 1, 1, 1, 1, 1, 1, 0, 1, 1, 1, 1, 1, 1], [0, 1, 1, 1, 1, 1, 1, 1, 1, 1, 1, 1, 1, 1, 1, 1, 1, 1, 1, 1, 1, 1, 1, 1, 1, 1, 1, 1, 1, 1, 1, 0, 1, 1, 1, 1, 1], [0, 1, 1, 1, 1, 1, 1, 1, 1, 1, 1, 1, 1, 1, 1, 1, 1, 1, 1, 1, 1, 1, 1, 1, 1, 1, 1, 1, 1, 1, 1, 1, 0, 1, 1, 1, 1], [0, 1, 1, 1, 1, 1, 1, 1, 1, 1, 1, 1, 1, 1, 1, 1, 1, 1, 1, 1, 1, 1, 1, 1, 1, 1, 1, 1, 1, 1, 1, 1, 1, 0, 1, 1, 1], [0, 1, 1, 1, 1, 1, 1, 1, 1, 1, 1, 1, 1, 1, 1, 1, 1, 1, 1, 1, 1, 1, 1, 1, 1, 1, 1, 1, 1, 1, 1, 1, 1, 1, 0, 1, 1], [0, 1, 1, 1, 1, 1, 1, 1, 1, 1, 1, 1, 1, 1, 1, 1, 1, 1, 1, 1, 1, 1, 1, 1, 1, 1, 1, 1, 1, 1, 1, 1, 1, 1, 1, 0, 1], [0, 0, 0, 0, 0, 0, 0, 0, 0, 0, 0, 0, 0, 0, 0, 0, 0, 0, 0, 0, 0, 0, 0, 0, 0, 0, 0, 0, 0, 0, 0, 0, 0, 0, 0, 0, 0]]}, "cluster_count": 3, "cluster_speeds": [[0.925, 0.85, 0.925, 1.0, 0.8325, 0.765, 0.8325, 0.9, 0.4625, 0.425, 0.4625, 0.5, 0.30525, 0.2805, 0.30525, 0.33, 0.37, 0.34, 0.37, 0.4, 0.555, 0.51, 0.555, 0.6, 0.6475, 0.595, 0.6475, 0.7, 0.37, 0.34, 0.37, 0.4, 0.30525, 0.2805, 0.30525, 0.33, 0.4625, 0.425, 0.4625, 0.5, 0.6475, 0.595, 0.6475, 0.7, 0.74, 0.68, 0.74, 0.8, 0.6475, 0.595, 0.6475, 0.7, 0.4625, 0.425, 0.4625, 0.5, 0.555, 0.51, 0.555, 0.6, 0.6475, 0.595, 0.6475, 0.7, 0.8325, 0.765, 0.8325, 0.9, 0.925, 0.85, 0.925, 1.0, 1.0], [0.6475, 0.595, 0.6475, 0.7, 0.58275, 0.5355, 0.58275, 0.63, 0.32375, 0.2975, 0.32375, 0.35, 0.213675, 0.19635, 0.213675, 0.23099999999999998, 0.259, 0.238, 0.259, 0.27999999999999997, 0.3885, 0.357, 0.3885, 0.42, 0.6475, 0.595, 0.6475, 0.7, 0.37, 0.34, 0.37, 0.4, 0.30525, 0.2805, 0.30525, 0.33, 0.4625, 0.425, 0.4625, 0.5, 0.6475, 0.595, 0.6475, 0.7, 0.74, 0.68, 0.74, 0.8, 0.45324999999999993, 0.4165, 0.45324999999999993, 0.48999999999999994, 0.32375, 0.2975, 0.32375, 0.35, 0.3885, 0.357, 0.3885, 0.42, 0.45324999999999993, 0.4165, 0.45324999999999993, 0.48999999999999994, 0.58275, 0.5355, 0.58275, 0.63, 0.6475, 0.595, 0.6475, 0.7, 0.7], [0.87875, 0.8075, 0.87875, 0.95, 0.790875, 0.72675, 0.790875, 0.855, 0.439375, 0.40375, 0.439375, 0.475, 0.2899875, 0.266475, 0.2899875, 0.3135, 0.3515, 0.323, 0.3515, 0.38, 0.52725, 0.4845, 0.52725, 0.57, 0.6475, 0.595, 0.6475, 0.7, 0.37, 0.34, 0.37, 0.4, 0.30525, 0.2805, 0.30525, 0.33, 0.4625, 0.425, 0.4625, 0.5, 0.6475, 0.595, 0.6475, 0.7, 0.74, 0.68, 0.74, 0.8, 0.6151249999999999, 0.5652499999999999, 0.6151249999999999, 0.6649999999999999, 0.439375, 0.40375, 0.439375, 0.475, 0.52725, 0.4845, 0.52725, 0.57, 0.6151249999999999, 0.5652499999999999, 0.6151249999999999, 0.6649999999999999, 0.790875, 0.72675, 0.790875, 0.855, 0.87875, 0.8075, 0.87875, 0.95, 0.95]], "clusters": [[-1, 2, 2, 2, 2, 2, 2, 2, 2, 2, 2, 2, 2, 2, 2, 2, 2, 2, 2, 2, 2, 2, 2, 2, 2, 2, 2, 2, 2, 2, 2, 2, 2, 2, 2, 2, 2], [1, -1, 1, 1, 1, 1, 1, 1, 1, 1, 1, 1, 1, 1, 1, 1, 1, 1, 1, 1, 1, 1, 1, 1, 1, 1, 1, 1, 1, 1, 1, 1, 1, 1, 1, 1, 1], [0, 0, -1, 0, 0, 0, 0, 0, 0, 0, 0, 0, 0, 0, 0, 0, 0, 0, 0, 0, 0, 0, 0, 0, 0, 0, 0, 0, 0, 0, 0, 0, 0, 0, 0, 0, 0], [0, 0, 0, -1, 0, 0, 0, 0, 0, 0, 0, 0, 0, 0, 0, 0, 0, 0, 0, 0, 0, 0, 0, 0, 0, 0, 0, 0, 0, 0, 0, 0, 0, 0, 0, 0, 0], [0, 0, 0, 0, -1, 0, 0, 0, 0, 0, 0, 0, 0, 0, 0, 0, 0, 0, 0, 0, 0, 0, 0, 0, 0, 0, 0, 0, 0, 0, 0, 0, 0, 0, 0, 0, 0], [0, 0, 0, 0, 0, -1, 0, 0, 0, 0, 0, 0, 0, 0, 0, 0, 0, 0, 0, 0, 0, 0, 0, 0, 0, 0, 0, 0, 0, 0, 0, 0, 0, 0, 0, 0, 0], [0, 0, 0, 0, 0, 0, -1, 0, 0, 0, 0, 0, 0, 0, 0, 0, 0, 0, 0, 0, 0, 0, 0, 0, 0, 0, 0, 0, 0, 0, 0, 0, 0, 0, 0, 0, 0], [0, 0, 0, 0, 0, 0, 0, -1, 0, 0, 0, 0, 0, 0, 0, 0, 0, 0, 0, 0, 0, 0, 0, 0, 0, 0, 0, 0, 0, 0, 0, 0, 0, 0, 0, 0, 0], [0, 0, 0, 0, 0, 0, 0, 0, -1, 0, 0, 0, 0, 0, 0, 0, 0, 0, 0, 0, 0, 0, 0, 0, 0, 0, 0, 0, 0, 0, 0, 0, 0, 0, 0, 0, 0], [0, 0, 0, 0, 0, 0, 0, 0, 0, -1, 0, 0, 0, 0, 0, 0, 0, 0, 0, 0, 0, 0, 0, 0, 0, 0, 0, 0, 0, 0, 0, 0, 0, 0, 0, 0, 0], [0, 0, 0, 0, 0, 0, 0, 0, 0, 0, -1, 0, 0, 0, 0, 0, 0, 0, 0, 0, 0, 0, 0, 0, 0, 0, 0, 0, 0, 0, 0, 0, 0, 0, 0, 0, 0], [0, 0, 0, 0, 0, 0, 0, 0, 0, 0, 0, -1, 0, 0, 0, 0, 0, 0, 0, 0, 0, 0, 0, 0, 0, 0, 0, 0, 0, 0, 0, 0, 0, 0, 0, 0, 0], [0, 0, 0, 0, 0, 0, 0, 0, 0, 0, 0, 0, -1, 0, 0, 0, 0, 0, 0, 0, 0, 0, 0, 0, 0, 0, 0, 0, 0, 0, 0, 0, 0, 0, 0, 0, 0], [0, 0, 0, 0, 0, 0, 0, 0, 0, 0, 0, 0, 0, -1, 0, 0, 0, 0, 0, 0, 0, 0, 0, 0, 0, 0, 0, 0, 0, 0, 0, 0, 0, 0, 0, 0, 0], [0, 0, 0, 0, 0, 0, 0, 0, 0, 0, 0, 0, 0, 0, -1, 0, 0, 0, 0, 0, 0, 0, 0, 0, 0, 0, 0, 0, 0, 0, 0, 0, 0, 0, 0, 0, 0], [0, 0, 0, 0, 0, 0, 0, 0, 0, 0, 0, 0, 0, 0, 0, -1, 0, 0, 0, 0, 0, 0, 0, 0, 0, 0, 0, 0, 0, 0, 0, 0, 0, 0, 0, 0, 0], [0, 0, 0, 0, 0, 0, 0, 0, 0, 0, 0, 0, 0, 0, 0, 0, -1, 0, 0, 0, 0, 0, 0, 0, 0, 0, 0, 0, 0, 0, 0, 0, 0, 0, 0, 0, 0], [0, 0, 0, 0, 0, 0, 0, 0, 0, 0, 0, 0, 0, 0, 0, 0, 0, -1, 0, 0, 0, 0, 0, 0, 0, 0, 0, 0, 0, 0, 0, 0, 0, 0, 0, 0, 0], [0, 0, 0, 0, 0, 0, 0, 0, 0, 0, 0, 0, 0, 0, 0, 0, 0, 0, -1, 0, 0, 0, 0, 0, 0, 0, 0, 0, 0, 0, 0, 0, 0, 0, 0, 0, 0], [0, 0, 0, 0, 0, 0, 0, 0, 0, 0, 0, 0, 0, 0, 0, 0, 0, 0, 0, -1, 0, 0, 0, 0, 0, 0, 0, 0, 0, 0, 0, 0, 0, 0, 0, 0, 0], [0, 0, 0, 0, 0, 0, 0, 0, 0, 0, 0, 0, 0, 0, 0, 0, 0, 0, 0, 0, -1, 0, 0, 0, 0, 0, 0, 0, 0, 0, 0, 0, 0, 0, 0, 0, 0], [0, 0, 0, 0, 0, 0, 0, 0, 0, 0, 0, 0, 0, 0, 0, 0, 0, 0, 0, 0, 0, -1, 0, 0, 0, 0, 0, 0, 0, 0, 0, 0, 0, 0, 0, 0, 0], [2, 2, 2, 2, 2, 2, 2, 2, 2, 2, 2, 2, 2, 2, 2, 2, 2, 2, 2, 2, 2, 2, -1, 2, 2, 2, 2, 2, 2, 2, 2, 2, 2, 2, 2, 2, 2], [0, 0, 0, 0, 0, 0, 0, 0, 0, 0, 0, 0, 0, 0, 0, 0, 0, 0, 0, 0, 0, 0, 0, -1, 0, 0, 0, 0, 0, 0, 0, 0, 0, 0, 0, 0, 0], [0, 0, 0, 0, 0, 0, 0, 0, 0, 0, 0, 0, 0, 0, 0, 0, 0, 0, 0, 0, 0, 0, 0, 0, -1, 0, 0, 0, 0, 0, 0, 0, 0, 0, 0, 0, 0], [1, 1, 1, 1, 1, 1, 1, 1, 1, 1, 1, 1, 1, 1, 1, 1, 1, 1, 1, 1, 1, 1, 1, 1, 1, -1, 1, 1, 1, 1, 1, 1, 1, 1, 1, 1, 1], [0, 0, 0, 0, 0, 0, 0, 0, 0, 0, 0, 0, 0, 0, 0, 0, 0, 0, 0, 0, 0, 0, 0, 0, 0, 0, -1, 0, 0, 0, 0, 0, 0, 0, 0, 0, 0], [0, 0, 0, 0, 0, 0, 0, 0, 0, 0, 0, 0, 0, 0, 0, 0, 0, 0, 0, 0, 0, 0, 0, 0, 0, 0, 0, -1, 0, 0, 0, 0, 0, 0, 0, 0, 0], [0, 0, 0, 0, 0, 0, 0, 0, 0, 0, 0, 0, 0, 0, 0, 0, 0, 0, 0, 0, 0, 0, 0, 0, 0, 0, 0, 0, -1, 0, 0, 0, 0, 0, 0, 0, 0], [0, 0, 0, 0, 0, 0, 0, 0, 0, 0, 0, 0, 0, 0, 0, 0, 0, 0, 0, 0, 0, 0, 0, 0, 0, 0, 0, 0, 0, -1, 0, 0, 0, 0, 0, 0, 0], [0, 0, 0, 0, 0, 0, 0, 0, 0, 0, 0, 0, 0, 0, 0, 0, 0, 0, 0, 0, 0, 0, 0, 0, 0, 0, 0, 0, 0, 0, -1, 0, 0, 0, 0, 0, 0], [0, 0, 0, 0, 0, 0, 0, 0, 0, 0, 0, 0, 0, 0, 0, 0, 0, 0, 0, 0, 0, 0, 0, 0, 0, 0, 0, 0, 0, 0, 0, -1, 0, 0, 0, 0, 0], [1, 1, 1, 1, 1, 1, 1, 1, 1, 1, 1, 1, 1, 1, 1, 1, 1, 1, 1, 1, 1, 1, 1, 1, 1, 1, 1, 1, 1, 1, 1, 1, -1, 1, 1, 1, 1], [0, 0, 0, 0, 0, 0, 0, 0, 0, 0, 0, 0, 0, 0, 0, 0, 0, 0, 0, 0, 0, 0, 0, 0, 0, 0, 0, 0, 0, 0, 0, 0, 0, -1, 0, 0, 0], [0, 0, 0, 0, 0, 0, 0, 0, 0, 0, 0, 0, 0, 0, 0, 0, 0, 0, 0, 0, 0, 0, 0, 0, 0, 0, 0, 0, 0, 0, 0, 0, 0, 0, -1, 0, 0], [0, 0, 0, 0, 0, 0, 0, 0, 0, 0, 0, 0, 0, 0, 0, 0, 0, 0, 0, 0, 0, 0, 0, 0, 0, 0, 0, 0, 0, 0, 0, 0, 0, 0, 0, -1, 0], [2, 2, 2, 2, 2, 2, 2, 2, 2, 2, 2, 2, 2, 2, 2, 2, 2, 2, 2, 2, 2, 2, 2, 2, 2, 2, 2, 2, 2, 2, 2, 2, 2, 2, 2, 2, -1]], "speed_zone_count": 73, "speed_zones": [[0.0, 15.0], [15.0, 30.0], [30.0, 45.0], [45.0, 60.0], [60.0, 75.0], [75.0, 90.0], [90.0, 105.0], [105.0, 120.0], [120.0, 135.0], [135.0, 150.0], [150.0, 165.0], [165.0, 180.0], [180.0, 195.0], [195.0, 210.0], [210.0, 225.0], [225.0, 240.0], [240.0, 255.0], [255.0, 270.0], [270.0, 285.0], [285.0, 300.0], [300.0, 315.0], [315.0, 330.0], [330.0, 345.0], [345.0, 360.0], [360.0, 375.0], [375.0, 390.0], [390.0, 405.0], [405.0, 420.0], [420.0, 435.0], [435.0, 450.0], [450.0, 465.0], [465.0, 480.0], [480.0, 495.0], [495.0, 510.0], [510.0, 525.0], [525.0, 540.0], [540.0, 555.0], [555.0, 570.0], [570.0, 585.0], [585.0, 600.0], [600.0, 615.0], [615.0, 630.0], [630.0, 645.0], [645.0, 660.0], [660.0, 675.0], [675.0, 690.0], [690.0, 705.0], [705.0, 720.0], [720.0, 735.0], [735.0, 750.0], [750.0, 765.0], [765.0, 780.0], [780.0, 795.0], [795.0, 810.0], [810.0, 825.0], [825.0, 840.0], [840.0, 855.0], [855.0, 870.0], [870.0, 885.0], [885.0, 900.0], [900.0, 915.0], [915.0, 930.0], [930.0, 945.0], [945.0, 960.0], [960.0, 975.0], [975.0, 990.0], [990.0, 1005.0], [1005.0, 1020.0], [1020.0, 1035.0], [1035.0, 1050.0], [1050.0, 1065.0], [1065.0, 1080.0], [1080.0, 5000.0]], "distances": [[0.0, 85.99, 76.03, 60.28, 77.17, 60.0, 69.17, 67.84, 59.58, 69.92, 77.73, 80.32, 59.57, 82.27, 64.0, 70.96, 72.63, 74.79, 72.2, 58.83, 63.72, 60.23, 93.42, 74.53, 72.3, 90.57, 63.74, 81.43, 72.67, 81.02, 61.18, 71.48, 58.68, 68.2, 69.62, 70.19, 0.0], [0.0, 0.0, 12.87, 26.57, 11.63, 28.0, 16.96, 24.14, 30.21, 20.79, 8.91, 9.33, 26.86, 6.21, 22.47, 15.46, 17.97, 11.91, 16.57, 30.67, 28.19, 27.21, 12.3, 13.59, 19.36, 4.6, 22.62, 5.57, 18.11, 6.83, 29.85, 20.14, 33.65, 28.07, 16.42, 19.3, 85.99], [0.0, 12.87, 0.0, 15.76, 10.93, 16.31, 8.66, 11.27, 17.89, 7.94, 11.01, 4.39, 16.61, 7.06, 12.34, 11.94, 5.11, 11.49, 11.79, 18.45, 15.41, 15.87, 24.81, 14.51, 6.57, 16.99, 12.7, 7.31, 5.27, 6.1, 17.24, 7.3, 20.98, 15.35, 10.67, 6.6, 76.03], [0.0, 26.57, 15.76, 0.0, 16.89, 10.72, 9.84, 10.56, 6.75, 10.86, 19.71, 20.05, 8.43, 22.12, 4.2, 14.05, 12.95, 17.43, 12.01, 6.56, 9.37, 9.5, 36.46, 18.85, 13.15, 31.15, 4.19, 21.5, 13.05, 20.9, 8.3, 12.52, 11.07, 14.57, 11.73, 10.42, 60.28], [0.0, 11.63, 10.93, 16.89, 0.0, 17.53, 9.3, 12.53, 19.16, 9.21, 10.37, 10.37, 17.68, 5.78, 13.35, 12.03, 6.34, 11.17, 5.27, 19.72, 16.69, 17.05, 23.64, 14.2, 7.75, 15.72, 13.69, 6.09, 6.48, 4.83, 18.52, 8.51, 22.26, 16.51, 11.01, 7.88, 77.17], [0.0, 28.0, 16.31, 10.72, 17.53, 0.0, 11.87, 8.82, 11.14, 10.05, 21.8, 20.69, 4.63, 23.08, 6.52, 16.61, 12.64, 19.76, 12.34, 11.94, 6.64, 11.8, 38.45, 21.44, 12.45, 32.51, 6.7, 22.7, 12.68, 21.92, 5.23, 11.69, 7.97, 12.1, 14.18, 10.19, 60.0], [0.0, 16.96, 8.66, 9.84, 9.3, 11.87, 0.0, 12.43, 14.87, 9.91, 9.94, 12.05, 9.94, 13.31, 5.64, 5.51, 9.45, 7.98, 6.95, 15.1, 14.7, 10.8, 26.65, 10.09, 10.77, 21.56, 5.72, 12.28, 9.67, 12.04, 15.32, 10.81, 19.02, 17.59, 13.29, 8.06, 69.17], [0.0, 24.14, 11.27, 10.56, 12.53, 8.82, 12.43, 0.0, 8.26, 11.96, 20.6, 15.28, 12.17, 18.25, 10.4, 17.92, 6.22, 19.69, 7.78, 9.02, 4.45, 9.41, 35.92, 22.27, 5.09, 28.22, 10.89, 18.57, 6.11, 17.36, 6.79, 4.21, 10.14, 5.17, 15.53, 5.12, 67.84], [0.0, 30.21, 17.89, 6.75, 19.16, 11.14, 14.87, 8.26, 0.0, 10.58, 24.67, 22.24, 8.17, 24.89, 9.89, 19.9, 13.5, 22.84, 13.89, 8.89, 4.5, 5.03, 41.13, 24.71, 12.89, 34.62, 10.14, 24.75, 13.49, 23.81, 11.61, 12.03, 4.37, 9.98, 17.43, 11.35, 59.58], [0.0, 20.79, 7.94, 10.86, 9.21, 10.05, 9.91, 11.96, 10.58, 0.0, 17.39, 12.05, 12.27, 14.96, 9.36, 15.27, 13.05, 16.68, 4.44, 11.26, 7.52, 10.18, 32.56, 19.38, 14.51, 24.92, 9.86, 15.23, 13.2, 14.04, 9.55, 8.94, 13.17, 8.06, 13.01, 14.54, 69.92], [0.0, 8.91, 11.01, 19.71, 10.37, 21.8, 9.94, 20.6, 24.67, 17.39, 0.0, 10.59, 19.61, 9.18, 15.52, 6.78, 15.35, 14.04, 13.01, 24.95, 23.84, 20.74, 16.75, 5.0, 16.95, 13.18, 15.54, 7.29, 15.56, 8.37, 24.87, 17.46, 28.66, 25.43, 8.31, 15.5, 77.73], [0.0, 9.33, 4.39, 20.05, 10.37, 20.69, 12.05, 15.28, 22.24, 12.05, 10.59, 0.0, 20.81, 11.45, 16.45, 13.87, 9.07, 12.17, 8.39, 22.82, 19.57, 20.22, 21.61, 15.1, 10.29, 13.03, 16.77, 4.28, 9.17, 10.49, 21.51, 11.12, 25.21, 18.84, 13.3, 10.91, 80.32], [0.0, 26.86, 16.61, 8.43, 17.68, 4.63, 9.94, 12.17, 8.17, 12.27, 19.61, 20.81, 0.0, 22.71, 4.44, 13.6, 14.18, 17.16, 13.02, 7.89, 11.03, 9.67, 36.34, 18.33, 14.5, 31.46, 4.24, 21.96, 14.3, 21.47, 9.85, 13.92, 12.4, 16.24, 11.42, 11.66, 59.57], [0.0, 6.21, 7.06, 22.12, 5.78, 23.08, 13.31, 18.25, 24.89, 14.96, 9.18, 11.45, 22.71, 0.0, 18.27, 13.88, 12.03, 11.4, 11.01, 25.42, 22.46, 22.48, 18.5, 14.07, 13.33, 9.98, 18.53, 11.77, 12.15, 10.61, 24.3, 14.14, 28.04, 21.95, 13.88, 13.65, 82.27], [0.0, 22.47, 12.34, 4.2, 13.35, 6.52, 5.64, 10.4, 9.89, 9.36, 15.52, 16.45, 4.44, 18.27, 0.0, 10.09, 10.6, 13.31, 9.0, 9.96, 10.99, 5.3, 32.26, 14.91, 11.27, 27.06, 8.39, 17.52, 10.76, 17.03, 10.83, 10.86, 14.23, 15.26, 7.67, 8.23, 64.0], [0.0, 15.46, 11.94, 14.05, 12.03, 16.61, 5.51, 17.92, 19.9, 15.27, 6.78, 13.87, 13.6, 13.88, 10.09, 0.0, 14.33, 13.49, 11.72, 20.02, 20.15, 15.37, 23.04, 4.83, 15.81, 19.88, 9.94, 12.28, 14.56, 12.71, 20.58, 15.98, 24.17, 23.08, 12.11, 13.35, 70.96], [0.0, 17.97, 5.11, 12.95, 6.34, 12.64, 9.45, 6.22, 13.5, 13.05, 15.35, 9.07, 14.18, 12.03, 10.6, 14.33, 0.0, 15.08, 11.61, 14.16, 10.51, 12.56, 29.9, 17.96, 11.3, 22.01, 11.07, 12.42, 10.38, 11.16, 12.55, 10.43, 16.17, 10.3, 12.34, 11.33, 72.63], [0.0, 11.91, 11.49, 17.43, 11.17, 19.76, 7.98, 19.69, 22.84, 16.68, 14.04, 12.17, 17.16, 11.4, 13.31, 13.49, 15.08, 0.0, 12.55, 23.05, 22.5, 18.6, 19.27, 13.02, 16.67, 16.22, 13.25, 9.6, 15.31, 10.39, 23.27, 17.04, 26.99, 24.72, 5.73, 14.73, 74.79], [0.0, 16.57, 11.79, 12.01, 5.27, 12.34, 6.95, 7.78, 13.89, 4.44, 13.01, 8.39, 13.02, 11.01, 9.0, 11.72, 11.61, 12.55, 0.0, 14.45, 11.63, 11.97, 28.17, 15.39, 12.86, 20.84, 9.43, 11.02, 11.75, 9.96, 13.32, 4.49, 17.1, 12.42, 9.77, 12.89, 72.2], [0.0, 30.67, 18.45, 6.56, 19.72, 11.94, 15.1, 9.02, 8.89, 11.26, 24.95, 22.82, 7.89, 25.42, 9.96, 20.02, 14.16, 23.05, 14.45, 0.0, 5.3, 4.89, 41.49, 24.85, 13.59, 35.11, 10.17, 25.24, 14.15, 24.33, 11.47, 12.74, 4.52, 10.76, 17.57, 11.95, 58.83], [0.0, 28.19, 15.41, 9.37, 16.69, 6.64, 14.7, 4.45, 4.5, 7.52, 23.84, 19.57, 11.03, 22.46, 10.99, 20.15, 10.51, 22.5, 11.63, 5.3, 0.0, 7.77, 39.72, 24.8, 9.51, 32.4, 11.39, 22.63, 10.43, 21.5, 11.24, 8.63, 5.7, 5.57, 17.65, 8.89, 63.72], [0.0, 27.21, 15.87, 9.5, 17.05, 11.8, 10.8, 9.41, 5.03, 10.18, 20.74, 20.22, 9.67, 22.48, 5.3, 15.37, 12.56, 18.6, 11.97, 4.89, 7.77, 0.0, 37.44, 20.19, 12.55, 31.76, 5.42, 22.0, 12.63, 21.29, 6.58, 11.85, 9.38, 13.1, 12.97, 10.05, 60.23], [0.0, 12.3, 24.81, 36.46, 23.64, 38.45, 26.65, 35.92, 41.13, 32.56, 16.75, 21.61, 36.34, 18.5, 32.26, 23.04, 29.9, 19.27, 28.17, 41.49, 39.72, 37.44, 0.0, 18.96, 31.38, 10.0, 32.28, 17.59, 30.07, 19.0, 41.1, 32.1, 44.93, 40.15, 24.96, 30.9, 93.42], [0.0, 13.59, 14.51, 18.85, 14.2, 21.44, 10.09, 22.27, 24.71, 19.38, 5.0, 15.1, 18.33, 14.07, 14.91, 4.83, 17.96, 13.02, 15.39, 24.85, 24.8, 20.19, 18.96, 0.0, 19.53, 17.53, 14.76, 12.21, 18.19, 13.16, 25.34, 19.85, 28.97, 27.36, 7.29, 17.43, 74.53], [0.0, 19.36, 6.57, 13.15, 7.75, 12.45, 10.77, 5.09, 12.89, 14.51, 16.95, 10.29, 14.5, 13.33, 11.27, 15.81, 11.3, 16.67, 12.86, 13.59, 9.51, 12.55, 31.38, 19.53, 0.0, 23.3, 11.76, 13.84, 11.19, 12.53, 11.72, 9.3, 15.21, 8.78, 13.74, 10.2, 72.3], [0.0, 4.6, 16.99, 31.15, 15.72, 32.51, 21.56, 28.22, 34.62, 24.92, 13.18, 13.03, 31.46, 9.98, 27.06, 19.88, 22.01, 16.22, 20.84, 35.11, 32.4, 31.76, 10.0, 17.53, 23.3, 0.0, 27.22, 9.87, 22.13, 10.9, 34.16, 24.12, 37.94, 31.86, 20.97, 23.55, 90.57], [0.0, 22.62, 12.7, 4.19, 13.69, 6.7, 5.72, 10.89, 10.14, 9.86, 15.54, 16.77, 4.24, 18.53, 8.39, 9.94, 11.07, 13.25, 9.43, 10.17, 11.39, 5.42, 32.28, 14.76, 11.76, 27.22, 0.0, 17.74, 11.23, 17.29, 11.15, 11.36, 14.49, 15.73, 7.57, 8.71, 63.74], [0.0, 5.57, 7.31, 21.5, 6.09, 22.7, 12.28, 18.57, 24.75, 15.23, 7.29, 4.28, 21.96, 11.77, 17.52, 12.28, 12.42, 9.6, 11.02, 25.24, 22.63, 22.0, 17.59, 12.21, 13.84, 9.87, 17.74, 0.0, 12.57, 10.92, 24.32, 14.6, 28.11, 22.59, 12.51, 13.75, 81.43], [0.0, 18.11, 5.27, 13.05, 6.48, 12.68, 9.67, 6.11, 13.49, 13.2, 15.56, 9.17, 14.3, 12.15, 10.76, 14.56, 10.38, 15.31, 11.75, 14.15, 10.43, 12.63, 30.07, 18.19, 11.19, 22.13, 11.23, 12.57, 0.0, 11.3, 12.5, 10.32, 16.1, 10.12, 12.57, 11.22, 72.67], [0.0, 6.83, 6.1, 20.9, 4.83, 21.92, 12.04, 17.36, 23.81, 14.04, 8.37, 10.49, 21.47, 10.61, 17.03, 12.71, 11.16, 10.39, 9.96, 24.33, 21.5, 21.29, 19.0, 13.16, 12.53, 10.9, 17.29, 10.92, 11.3, 0.0, 23.28, 13.32, 27.05, 21.24, 12.64, 12.65, 81.02], [0.0, 29.85, 17.24, 8.3, 18.52, 5.23, 15.32, 6.79, 11.61, 9.55, 24.87, 21.51, 9.85, 24.3, 10.83, 20.58, 12.55, 23.27, 13.32, 11.47, 11.24, 6.58, 41.1, 25.34, 11.72, 34.16, 11.15, 24.32, 12.5, 23.28, 0.0, 10.84, 13.19, 7.87, 18.08, 10.64, 61.18], [0.0, 20.14, 7.3, 12.52, 8.51, 11.69, 10.81, 4.21, 12.03, 8.94, 17.46, 11.12, 13.92, 14.14, 10.86, 15.98, 10.43, 17.04, 4.49, 12.74, 8.63, 11.85, 32.1, 19.85, 9.3, 24.12, 11.36, 14.6, 10.32, 13.32, 10.84, 0.0, 14.33, 8.1, 13.84, 9.33, 71.48], [0.0, 33.65, 20.98, 11.07, 22.26, 7.97, 19.02, 10.14, 4.37, 13.17, 28.66, 25.21, 12.4, 28.04, 14.23, 24.17, 16.17, 26.99, 17.1, 4.52, 5.7, 9.38, 44.93, 28.97, 15.21, 37.94, 14.49, 28.11, 16.1, 27.05, 13.19, 14.33, 0.0, 9.53, 21.68, 14.4, 58.68], [0.0, 28.07, 15.35, 14.57, 16.51, 12.1, 17.59, 5.17, 9.98, 8.06, 25.43, 18.84, 16.24, 21.95, 15.26, 23.08, 10.3, 24.72, 12.42, 10.76, 5.57, 13.1, 40.15, 27.36, 8.78, 31.86, 15.73, 22.59, 10.12, 21.24, 7.87, 8.1, 9.53, 0.0, 20.7, 9.99, 68.2], [0.0, 16.42, 10.67, 11.73, 11.01, 14.18, 13.29, 15.53, 17.43, 13.01, 8.31, 13.3, 11.42, 13.88, 7.67, 12.11, 12.34, 5.73, 9.77, 17.57, 17.65, 12.97, 24.96, 7.29, 13.74, 20.97, 7.57, 12.51, 12.57, 12.64, 18.08, 13.84, 21.68, 20.7, 0.0, 11.13, 69.62], [0.0, 19.3, 6.6, 10.42, 7.88, 10.19, 8.06, 5.12, 11.35, 14.54, 15.5, 10.91, 11.66, 13.65, 8.23, 13.35, 11.33, 14.73, 12.89, 11.95, 8.89, 10.05, 30.9, 17.43, 10.2, 23.55, 8.71, 13.75, 11.22, 12.65, 10.64, 9.33, 14.4, 9.99, 11.13, 0.0, 70.19], [0.0, 0.0, 0.0, 0.0, 0.0, 0.0, 0.0, 0.0, 0.0, 0.0, 0.0, 0.0, 0.0, 0.0, 0.0, 0.0, 0.0, 0.0, 0.0, 0.0, 0.0, 0.0, 0.0, 0.0, 0.0, 0.0, 0.0, 0.0, 0.0, 0.0, 0.0, 0.0, 0.0, 0.0, 0.0, 0.0, 0.0]], "time_windows": [[0.0, 5000.0], [0.0, 138.0], [0.0, 153.0], [0.0, 181.0], [0.0, 217.0], [0.0, 273.0], [0.0, 307.0], [0.0, 340.0], [0.0, 355.0], [0.0, 375.0], [0.0, 404.0], [0.0, 421.0], [0.0, 454.0], [0.0, 510.0], [0.0, 567.0], [0.0, 593.0], [0.0, 625.0], [0.0, 652.0], [0.0, 672.0], [0.0, 694.0], [0.0, 702.0], [0.0, 712.0], [0.0, 763.0], [0.0, 793.0], [0.0, 823.0], [0.0, 874.0], [0.0, 925.0], [0.0, 954.0], [0.0, 974.0], [0.0, 991.0], [0.0, 1021.0], [0.0, 1035.0], [0.0, 1052.0], [0.0, 1062.0], [0.0, 1085.0], [0.0, 1098.0], [0.0, 5000.0]], "start_depot": 0, "end_depot": 36, "horizon": [0.0, 5000.0]}