{"digraph": {"vertex_count": 37, "arc_count": 1260, "arcs": [[0, 1, 1, 1, 1, 1, 1, 1, 1, 1, 1, 1, 1, 1, 1, 1, 1, 1, 1, 1, 1, 1, 1, 1, 1, 1, 1, 1, 1, 1, 1, 1, 1, 1, 1, 1, 1], [0, 0, 1, 1, 1, 1, 1, 1, 1, 1, 1, 1, 1, 1, 1, 1, 1, 1, 1, 1, 1, 1, 1, 1, 1, 1, 1, 1, 1, 1, 1, 1, 1, 1, 1, 1, 1], [0, 1, 0, 1, 1, 1, 1, 1, 1, 1, 1, 1, 1, 1, 1, 1, 1, 1, 1, 1, 1, 1, 1, 1, 1, 1, 1, 1, 1, 1, 1, 1, 1, 1, 1, 1, 1], [0, 1, 1, 0, 1, 1, 1, 1, 1, 1, 1, 1, 1, 1, 1, 1, 1, 1, 1, 1, 1, 1, 1, 1, 1, 1, 1, 1, 1, 1, 1, 1, 1, 1, 1, 1, 1], [0, 1, 1, 1, 0, 1, 1, 1, 1, 1, 1, 1, 1, 1, 1, 1, 1, 1, 1, 1, 1, 1, 1, 1, 1, 1, 1, 1, 1, 1, 1, 1, 1, 1, 1, 1, 1], [0, 1, 1, 1, 1, 0, 1, 1, 1, 1, 1, 1, 1, 1, 1, 1, 1, 1, 1, 1, 1, 1, 1, 1, 1, 1, 1, 1, 1, 1, 1, 1, 1, 1, 1, 1, 1], [0, 1, 1, 1, 1, 1, 0, 1, 1, 1, 1, 1, 1, 1, 1, 1, 1, 1, 1, 1, 1, 1, 1, 1, 1, 1, 1, 1, 1, 1, 1, 1, 1, 1, 1, 1, 1], [0, 1, 1, 1, 1, 1, 1, 0, 1, 1, 1, 1, 1, 1, 1, 1, 1, 1, 1, 1, 1, 1, 1, 1, 1, 1, 1, 1, 1, 1, 1, 1, 1, 1, 1, 1, 1], [0, 1, 1, 1, 1, 1, 1, 1, 0, 1, 1, 1, 1, 1, 1, 1, 1, 1, 1, 1, 1, 1, 1, 1, 1, 1, 1, 1, 1, 1, 1, 1, 1, 1, 1, 1, 1], [0, 1, 1, 1, 1, 1, 1, 1, 1, 0, 1, 1, 1, 1, 1, 1, 1, 1, 1, 1, 1, 1, 1, 1, 1, 1, 1, 1, 1, 1, 1, 1, 1, 1, 1, 1, 1], [0, 1, 1, 1, 1, 1, 1, 1, 1, 1, 0, 1, 1, 1, 1, 1, 1, 1, 1, 1, 1, 1, 1, 1, 1, 1, 1, 1, 1, 1, 1, 1, 1, 1, 1, 1, 1], [0, 1, 1, 1, 1, 1, 1, 1, 1, 1, 1, 0, 1, 1, 1, 1, 1, 1, 1, 1, 1, 1, 1, 1, 1, 1, 1, 1, 1, 1, 1, 1, 1, 1, 1, 1, 1], [0, 1, 1, 1, 1, 1, 1, 1, 1, 1, 1, 1, 0, 1, 1, 1, 1, 1, 1, 1, 1, 1, 1, 1, 1, 1, 1, 1, 1, 1, 1, 1, 1, 1, 1, 1, 1], [0, 1, 1, 1, 1, 1, 1, 1, 1, 1, 1, 1, 1, 0, 1, 1, 1, 1, 1, 1, 1, 1, 1, 1, 1, 1, 1, 1, 1, 1, 1, 1, 1, 1, 1, 1, 1], [0, 1, 1, 1, 1, 1, 1, 1, 1, 1, 1, 1, 1, 1, 0, 1, 1, 1, 1, 1, 1, 1, 1, 1, 1, 1, 1, 1, 1, 1, 1, 1, 1, 1, 1, 1, 1], [0, 1, 1, 1, 1, 1, 1, 1, 1, 1, 1, 1, 1, 1, 1, 0, 1, 1, 1, 1, 1, 1, 1, 1, 1, 1, 1, 1, 1, 1, 1, 1, 1, 1, 1, 1, 1], [0, 1, 1, 1, 1, 1, 1, 1, 1, 1, 1, 1, 1, 1, 1, 1, 0, 1, 1, 1, 1, 1, 1, 1, 1, 1, 1, 1, 1, 1, 1, 1, 1, 1, 1, 1, 1], [0, 1, 1, 1, 1, 1, 1, 1, 1, 1, 1, 1, 1, 1, 1, 1, 1, 0, 1, 1, 1, 1, 1, 1, 1, 1, 1, 1, 1, 1, 1, 1, 1, 1, 1, 1, 1], [0, 1, 1, 1, 1, 1, 1, 1, 1, 1, 1, 1, 1, 1, 1, 1, 1, 1, 0, 1, 1, 1, 1, 1, 1, 1, 1, 1, 1, 1, 1, 1, 1, 1, 1, 1, 1], [0, 1, 1, 1, 1, 1, 1, 1, 1, 1, 1, 1, 1, 1, 1, 1, 1, 1, 1, 0, 1, 1, 1, 1, 1, 1, 1, 1, 1, 1, 1, 1, 1, 1, 1, 1, 1], [0, 1, 1, 1, 1, 1, 1, 1, 1, 1, 1, 1, 1, 1, 1, 1, 1, 1, 1, 1, 0, 1, 1, 1, 1, 1, 1, 1, 1, 1, 1, 1, 1, 1, 1, 1, 1], [0, 1, 1, 1, 1, 1, 1, 1, 1, 1, 1, 1, 1, 1, 1, 1, 1, 1, 1, 1, 1, 0, 1, 1, 1, 1, 1, 1, 1, 1, 1, 1, 1, 1, 1, 1, 1], [0, 1, 1, 1, 1, 1, 1, 1, 1, 1, 1, 1, 1, 1, 1, 1, 1, 1, 1, 1, 1, 1, 0, 1, 1, 1, 1, 1, 1, 1, 1, 1, 1, 1, 1, 1, 1], [0, 1, 1, 1, 1, 1, 1, 1, 1, 1, 1, 1, 1, 1, 1, 1, 1, 1, 1, 1, 1, 1, 1, 0, 1, 1, 1, 1, 1, 1, 1, 1, 1, 1, 1, 1, 1], [0, 1, 1, 1, 1, 1, 1, 1, 1, 1, 1, 1, 1, 1, 1, 1, 1, 1, 1, 1, 1, 1, 1, 1, 0, 1, 1, 1, 1, 1, 1, 1, 1, 1, 1, 1, 1], [0, 1, 1, 1, 1, 1, 1, 1, 1, 1, 1, 1, 1, 1, 1, 1, 1, 1, 1, 1, 1, 1, 1, 1, 1, 0, 1, 1, 1, 1, 1, 1, 1, 1, 1, 1, 1], [0, 1, 1, 1, 1, 1, 1, 1, 1, 1, 1, 1, 1, 1, 1, 1, 1, 1, 1, 1, 1, 1, 1, 1, 1, 1, 0, 1, 1, 1, 1, 1, 1, 1, 1, 1, 1], [0, 1, 1, 1, 1, 1, 1, 1, 1, 1, 1, 1, 1, 1, 1, 1, 1, 1, 1, 1, 1, 1, 1, 1, 1, 1, 1, 0, 1, 1, 1, 1, 1, 1, 1, 1, 1], [0, 1, 1, 1, 1, 1, 1, 1, 1, 1, 1, 1, 1, 1, 1, 1, 1, 1, 1, 1, 1, 1, 1, 1, 1, 1, 1, 1, 0, 1, 1, 1, 1, 1, 1, 1, 1], [0, 1, 1, 1, 1, 1, 1, 1, 1, 1, 1, 1, 1, 1, 1, 1, 1, 1, 1, 1, 1, 1, 1, 1, 1, 1, 1, 1, 1, 0, 1, 1, 1, 1, 1, 1, 1], [0, 1, 1, 1, 1, 1, 1, 1, 1, 1, 1, 1, 1, 1, 1, 1, 1, 1, 1, 1, 1, 1, 1, 1, 1, 1, 1, 1, 1, 1, 0, 1, 1, 1, 1, 1, 1], [0, 1, 1, 1, 1, 1, 1, 1, 1, 1, 1, 1, 1, 1, 1, 1, 1, 1, 1, 1, 1, 1, 1, 1, 1, 1, 1, 1, 1, 1, 1, 0, 1, 1, 1, 1, 1], [0, 1, 1, 1, 1, 1, 1, 1, 1, 1, 1, 1, 1, 1, 1, 1, 1, 1, 1, 1, 1, 1, 1, 1, 1, 1, 1, 1, 1, 1, 1, 1, 0, 1, 1, 1, 1], [0, 1, 1, 1, 1, 1, 1, 1, 1, 1, 1, 1, 1, 1, 1, 1, 1, 1, 1, 1, 1, 1, 1, 1, 1, 1, 1, 1, 1, 1, 1, 1, 1, 0, 1, 1, 1], [0, 1, 1, 1, 1, 1, 1, 1, 1, 1, 1, 1, 1, 1, 1, 1, 1, 1, 1, 1, 1, 1, 1, 1, 1, 1, 1, 1, 1, 1, 1, 1, 1, 1, 0, 1, 1], [0, 1, 1, 1, 1, 1, 1, 1, 1, 1, 1, 1, 1, 1, 1, 1, 1, 1, 1, 1, 1, 1, 1, 1, 1, 1, 1, 1, 1, 1, 1, 1, 1, 1, 1, 0, 1], [0, 0, 0, 0, 0, 0, 0, 0, 0, 0, 0, 0, 0, 0, 0, 0, 0, 0, 0, 0, 0, 0, 0, 0, 0, 0, 0, 0, 0, 0, 0, 0, 0, 0, 0, 0, 0]]}, "cluster_count": 3, "cluster_speeds": [[0.925, 0.85, 0.925, 1.0, 0.8325, 0.765, 0.8325, 0.9, 0.4625, 0.425, 0.4625, 0.5, 0.30525, 0.2805, 0.30525, 0.33, 0.37, 0.34, 0.37, 0.4, 0.555, 0.51, 0.555, 0.6, 0.6475, 0.595, 0.6475, 0.7, 0.37, 0.34, 0.37, 0.4, 0.30525, 0.2805, 0.30525, 0.33, 0.4625, 0.425, 0.4625, 0.5, 0.6475, 0.595, 0.6475, 0.7, 0.74, 0.68, 0.74, 0.8, 0.6475, 0.595, 0.6475, 0.7, 0.4625, 0.425, 0.4625, 0.5, 0.555, 0.51, 0.555, 0.6, 0.6475, 0.595, 0.6475, 0.7, 0.8325, 0.765, 0.8325, 0.9, 0.925, 0.85, 0.925, 1.0, 1.0], [0.6475, 0.595, 0.6475, 0.7, 0.58275, 0.5355, 0.58275, 0.63, 0.32375, 0.2975, 0.32375, 0.35, 0.213675, 0.19635, 0.213675, 0.23099999999999998, 0.259, 0.238, 0.259, 0.27999999999999997, 0.3885, 0.357, 0.3885, 0.42, 0.6475, 0.595, 0.6475, 0.7, 0.37, 0.34, 0.37, 0.4, 0.30525, 0.2805, 0.30525, 0.33, 0.4625, 0.425, 0.4625, 0.5, 0.6475, 0.595, 0.6475, 0.7, 0.74, 0.68, 0.74, 0.8, 0.45324999999999993, 0.4165, 0.45324999999999993, 0.48999999999999994, 0.32375, 0.2975, 0.32375, 0.35, 0.3885, 0.357, 0.3885, 0.42, 0.45324999999999993, 0.4165, 0.45324999999999993, 0.48999999999999994, 0.58275, 0.5355, 0.58275, 0.63, 0.6475, 0.595, 0.6475, 0.7, 0.7], [0.87875, 0.8075, 0.87875, 0.95, 0.790875, 0.72675, 0.790875, 0.855, 0.439375, 0.40375, 0.439375, 0.475, 0.2899875, 0.266475, 0.2899875, 0.3135, 0.3515, 0.323, 0.3515, 0.38, 0.52725, 0.4845, 0.52725, 0.57, 0.6475, 0.595, 0.6475, 0.7, 0.37, 0.34, 0.37, 0.4, 0.30525, 0.2805, 0.30525, 0.33, 0.4625, 0.425, 0.4625, 0.5, 0.6475, 0.595, 0.6475, 0.7, 0.74, 0.68, 0.74, 0.8, 0.6151249999999999, 0.5652499999999999, 0.6151249999999999, 0.6649999999999999, 0.439375, 0.40375, 0.439375, 0.475, 0.52725, 0.4845, 0.52725, 0.57, 0.6151249999999999, 0.5652499999999999, 0.6151249999999999, 0.6649999999999999, 0.790875, 0.72675, 0.790875, 0.855, 0.87875, 0.8075, 0.87875, 0.95, 0.95]], "clusters": [[-1, 2, 2, 2, 2, 2, 2, 2, 2, 2, 2, 2, 2, 2, 2, 2, 2, 2, 2, 2, 2, 2, 2, 2, 2, 2, 2, 2, 2, 2, 2, 2, 2, 2, 2, 2, 2], [0, -1, 0, 0, 0, 0, 0, 0, 0, 0, 0, 0, 0, 0, 0, 0, 0, 0, 0, 0, 0, 0, 0, 0, 0, 0, 0, 0, 0, 0, 0, 0, 0, 0, 0, 0, 0], [0, 0, -1, 0, 0, 0, 0, 0, 0, 0, 0, 0, 0, 0, 0, 0, 0, 0, 0, 0, 0, 0, 0, 0, 0, 0, 0, 0, 0, 0, 0, 0, 0, 0, 0, 0, 0], [0, 0, 0, -1, 0, 0, 0, 0, 0, 0, 0, 0, 0, 0, 0, 0, 0, 0, 0, 0, 0, 0, 0, 0, 0, 0, 0, 0, 0, 0, 0, 0, 0, 0, 0, 0, 0], [0, 0, 0, 0, -1, 0, 0, 0, 0, 0, 0, 0, 0, 0, 0, 0, 0, 0, 0, 0, 0, 0, 0, 0, 0, 0, 0, 0, 0, 0, 0, 0, 0, 0, 0, 0, 0], [0, 0, 0, 0, 0, -1, 0, 0, 0, 0, 0, 0, 0, 0, 0, 0, 0, 0, 0, 0, 0, 0, 0, 0, 0, 0, 0, 0, 0, 0, 0, 0, 0, 0, 0, 0, 0], [1, 1, 1, 1, 1, 1, -1, 1, 1, 1, 1, 1, 1, 1, 1, 1, 1, 1, 1, 1, 1, 1, 1, 1, 1, 1, 1, 1, 1, 1, 1, 1, 1, 1, 1, 1, 1], [0, 0, 0, 0, 0, 0, 0, -1, 0, 0, 0, 0, 0, 0, 0, 0, 0, 0, 0, 0, 0, 0, 0, 0, 0, 0, 0, 0, 0, 0, 0, 0, 0, 0, 0, 0, 0], [0, 0, 0, 0, 0, 0, 0, 0, -1, 0, 0, 0, 0, 0, 0, 0, 0, 0, 0, 0, 0, 0, 0, 0, 0, 0, 0, 0, 0, 0, 0, 0, 0, 0, 0, 0, 0], [0, 0, 0, 0, 0, 0, 0, 0, 0, -1, 0, 0, 0, 0, 0, 0, 0, 0, 0, 0, 0, 0, 0, 0, 0, 0, 0, 0, 0, 0, 0, 0, 0, 0, 0, 0, 0], [0, 0, 0, 0, 0, 0, 0, 0, 0, 0, -1, 0, 0, 0, 0, 0, 0, 0, 0, 0, 0, 0, 0, 0, 0, 0, 0, 0, 0, 0, 0, 0, 0, 0, 0, 0, 0], [0, 0, 0, 0, 0, 0, 0, 0, 0, 0, 0, -1, 0, 0, 0, 0, 0, 0, 0, 0, 0, 0, 0, 0, 0, 0, 0, 0, 0, 0, 0, 0, 0, 0, 0, 0, 0], [1, 1, 1, 1, 1, 1, 1, 1, 1, 1, 1, 1, -1, 1, 1, 1, 1, 1, 1, 1, 1, 1, 1, 1, 1, 1, 1, 1, 1, 1, 1, 1, 1, 1, 1, 1, 1], [0, 0, 0, 0, 0, 0, 0, 0, 0, 0, 0, 0, 0, -1, 0, 0, 0, 0, 0, 0, 0, 0, 0, 0, 0, 0, 0, 0, 0, 0, 0, 0, 0, 0, 0, 0, 0], [0, 0, 0, 0, 0, 0, 0, 0, 0, 0, 0, 0, 0, 0, -1, 0, 0, 0, 0, 0, 0, 0, 0, 0, 0, 0, 0, 0, 0, 0, 0, 0, 0, 0, 0, 0, 0], [0, 0, 0, 0, 0, 0, 0, 0, 0, 0, 0, 0, 0, 0, 0, -1, 0, 0, 0, 0, 0, 0, 0, 0, 0, 0, 0, 0, 0, 0, 0, 0, 0, 0, 0, 0, 0], [1, 1, 1, 1, 1, 1, 1, 1, 1, 1, 1, 1, 1, 1, 1, 1, -1, 1, 1, 1, 1, 1, 1, 1, 1, 1, 1, 1, 1, 1, 1, 1, 1, 1, 1, 1, 1], [0, 0, 0, 0, 0, 0, 0, 0, 0, 0, 0, 0, 0, 0, 0, 0, 0, -1, 0, 0, 0, 0, 0, 0, 0, 0, 0, 0, 0, 0, 0, 0, 0, 0, 0, 0, 0], [0, 0, 0, 0, 0, 0, 0, 0, 0, 0, 0, 0, 0, 0, 0, 0, 0, 0, -1, 0, 0, 0, 0, 0, 0, 0, 0, 0, 0, 0, 0, 0, 0, 0, 0, 0, 0], [1, 1, 1, 1, 1, 1, 1, 1, 1, 1, 1, 1, 1, 1, 1, 1, 1, 1, 1, -1, 1, 1, 1, 1, 1, 1, 1, 1, 1, 1, 1, 1, 1, 1, 1, 1, 1], [1, 1, 1, 1, 1, 1, 1, 1, 1, 1, 1, 1, 1, 1, 1, 1, 1, 1, 1, 1, -1, 1, 1, 1, 1, 1, 1, 1, 1, 1, 1, 1, 1, 1, 1, 1, 1], [0, 0, 0, 0, 0, 0, 0, 0, 0, 0, 0, 0, 0, 0, 0, 0, 0, 0, 0, 0, 0, -1, 0, 0, 0, 0, 0, 0, 0, 0, 0, 0, 0, 0, 0, 0, 0], [1, 1, 1, 1, 1, 1, 1, 1, 1, 1, 1, 1, 1, 1, 1, 1, 1, 1, 1, 1, 1, 1, -1, 1, 1, 1, 1, 1, 1, 1, 1, 1, 1, 1, 1, 1, 1], [0, 0, 0, 0, 0, 0, 0, 0, 0, 0, 0, 0, 0, 0, 0, 0, 0, 0, 0, 0, 0, 0, 0, -1, 0, 0, 0, 0, 0, 0, 0, 0, 0, 0, 0, 0, 0], [0, 0, 0, 0, 0, 0, 0, 0, 0, 0, 0, 0, 0, 0, 0, 0, 0, 0, 0, 0, 0, 0, 0, 0, -1, 0, 0, 0, 0, 0, 0, 0, 0, 0, 0, 0, 0], [0, 0, 0, 0, 0, 0, 0, 0, 0, 0, 0, 0, 0, 0, 0, 0, 0, 0, 0, 0, 0, 0, 0, 0, 0, -1, 0, 0, 0, 0, 0, 0, 0, 0, 0, 0, 0], [1, 1, 1, 1, 1, 1, 1, 1, 1, 1, 1, 1, 1, 1, 1, 1, 1, 1, 1, 1, 1, 1, 1, 1, 1, 1, -1, 1, 1, 1, 1, 1, 1, 1, 1, 1, 1], [0, 0, 0, 0, 0, 0, 0, 0, 0, 0, 0, 0, 0, 0, 0, 0, 0, 0, 0, 0, 0, 0, 0, 0, 0, 0, 0, -1, 0, 0, 0, 0, 0, 0, 0, 0, 0], [0, 0, 0, 0, 0, 0, 0, 0, 0, 0, 0, 0, 0, 0, 0, 0, 0, 0, 0, 0, 0, 0, 0, 0, 0, 0, 0, 0, -1, 0, 0, 0, 0, 0, 0, 0, 0], [0, 0, 0, 0, 0, 0, 0, 0, 0, 0, 0, 0, 0, 0, 0, 0, 0, 0, 0, 0, 0, 0, 0, 0, 0, 0, 0, 0, 0, -1, 0, 0, 0, 0, 0, 0, 0], [1, 1, 1, 1, 1, 1, 1, 1, 1, 1, 1, 1, 1, 1, 1, 1, 1, 1, 1, 1, 1, 1, 1, 1, 1, 1, 1, 1, 1, 1, -1, 1, 1, 1, 1, 1, 1], [0, 0, 0, 0, 0, 0, 0, 0, 0, 0, 0, 0, 0, 0, 0, 0, 0, 0, 0, 0, 0, 0, 0, 0, 0, 0, 0, 0, 0, 0, 0, -1, 0, 0, 0, 0, 0], [0, 0, 0, 0, 0, 0, 0, 0, 0, 0, 0, 0, 0, 0, 0, 0, 0, 0, 0, 0, 0, 0, 0, 0, 0, 0, 0, 0, 0, 0, 0, 0, -1, 0, 0, 0, 0], [1, 1, 1, 1, 1, 1, 1, 1, 1, 1, 1, 1, 1, 1, 1, 1, 1, 1, 1, 1, 1, 1, 1, 1, 1, 1, 1, 1, 1, 1, 1, 1, 1, -1, 1, 1, 1], [0, 0, 0, 0, 0, 0, 0, 0, 0, 0, 0, 0, 0, 0, 0, 0, 0, 0, 0, 0, 0, 0, 0, 0, 0, 0, 0, 0, 0, 0, 0, 0, 0, 0, -1, 0, 0], [1, 1, 1, 1, 1, 1, 1, 1, 1, 1, 1, 1, 1, 1, 1, 1, 1, 1, 1, 1, 1, 1, 1, 1, 1, 1, 1, 1, 1, 1, 1, 1, 1, 1, 1, -1, 1], [2, 2, 2, 2, 2, 2, 2, 2, 2, 2, 2, 2, 2, 2, 2, 2, 2, 2, 2, 2, 2, 2, 2, 2, 2, 2, 2, 2, 2, 2, 2, 2, 2, 2, 2, 2, -1]], "speed_zone_count": 73, "speed_zones": [[0.0, 15.0], [15.0, 30.0], [30.0, 45.0], [45.0, 60.0], [60.0, 75.0], [75.0, 90.0], [90.0, 105.0], [105.0, 120.0], [120.0, 135.0], [135.0, 150.0], [150.0, 165.0], [165.0, 180.0], [180.0, 195.0], [195.0, 210.0], [210.0, 225.0], [225.0, 240.0], [240.0, 255.0], [255.0, 270.0], [270.0, 285.0], [285.0, 300.0], [300.0, 315.0], [315.0, 330.0], [330.0, 345.0], [345.0, 360.0], [360.0, 375.0], [375.0, 390.0], [390.0, 405.0], [405.0, 420.0], [420.0, 435.0], [435.0, 450.0], [450.0, 465.0], [465.0, 480.0], [480.0, 495.0], [495.0, 510.0], [510.0, 525.0], [525.0, 540.0], [540.0, 555.0], [555.0, 570.0], [570.0, 585.0], [585.0, 600.0], [600.0, 615.0], [615.0, 630.0], [630.0, 645.0], [645.0, 660.0], [660.0, 675.0], [675.0, 690.0], [690.0, 705.0], [705.0, 720.0], [720.0, 735.0], [735.0, 750.0], [750.0, 765.0], [765.0, 780.0], [780.0, 795.0], [795.0, 810.0], [810.0, 825.0], [825.0, 840.0], [840.0, 855.0], [855.0, 870.0], [870.0, 885.0], [885.0, 900.0], [900.0, 915.0], [915.0, 930.0], [930.0, 945.0], [945.0, 960.0], [960.0, 975.0], [975.0, 990.0], [990.0, 1005.0], [1005.0, 1020.0], [1020.0, 1035.0], [1035.0, 1050.0], [1050.0, 1065.0], [1065.0, 1080.0], [1080.0, 5000.0]], "distances": [[0.0, 72.38, 56.39, 60.8, 79.35, 79.02, 79.16, 63.92, 68.29, 68.58, 68.29, 68.7, 72.19, 82.45, 60.54, 68.59, 54.66, 79.26, 73.84, 92.06, 56.15, 74.71, 66.8, 71.09, 71.52, 67.12, 54.07, 83.36, 84.09, 66.19, 86.89, 67.45, 69.37, 72.37, 71.71, 66.02, 0.0], [0.0, 0.0, 16.13, 12.46, 7.48, 12.86, 24.19, 10.92, 4.28, 10.0, 12.44, 7.48, 17.88, 10.14, 12.03, 7.88, 22.44, 14.4, 12.14, 23.84, 16.69, 10.92, 20.77, 16.25, 9.01, 6.87, 19.71, 15.05, 11.79, 9.74, 17.17, 6.65, 6.38, 13.05, 14.84, 15.97, 72.38], [0.0, 16.13, 0.0, 7.45, 23.42, 25.58, 32.14, 8.57, 11.93, 15.91, 14.51, 14.58, 20.89, 26.26, 5.64, 14.68, 10.46, 26.49, 21.62, 38.41, 12.62, 18.49, 18.79, 22.02, 16.21, 12.26, 5.15, 29.26, 27.92, 10.83, 32.23, 12.57, 14.77, 18.54, 21.57, 14.55, 56.39], [0.0, 12.46, 7.45, 0.0, 18.7, 18.97, 24.7, 11.1, 9.36, 8.75, 16.96, 8.04, 23.83, 21.99, 13.09, 8.01, 17.69, 19.67, 14.53, 32.07, 8.92, 14.56, 23.48, 14.57, 16.69, 6.33, 12.59, 23.0, 23.57, 12.51, 26.31, 6.66, 8.6, 20.18, 14.16, 18.54, 60.8], [0.0, 7.48, 23.42, 18.7, 0.0, 8.72, 21.52, 18.27, 11.74, 12.88, 18.57, 11.45, 22.56, 12.96, 18.81, 11.7, 29.84, 10.42, 11.33, 16.84, 24.09, 5.18, 26.66, 16.51, 14.39, 12.4, 27.18, 8.84, 4.95, 16.81, 10.06, 12.08, 10.49, 17.78, 14.94, 22.32, 79.35], [0.0, 12.86, 25.58, 18.97, 8.72, 0.0, 12.82, 23.14, 16.1, 10.5, 25.3, 11.05, 30.32, 11.1, 20.08, 11.0, 34.1, 9.44, 5.38, 13.15, 26.69, 11.58, 33.62, 9.96, 21.62, 13.32, 30.25, 4.47, 11.57, 22.39, 8.25, 13.02, 10.83, 25.45, 8.6, 28.82, 79.02], [0.0, 24.19, 32.14, 24.7, 21.52, 12.82, 0.0, 32.71, 26.21, 16.76, 36.29, 19.01, 42.07, 23.83, 26.63, 18.71, 42.14, 11.15, 12.15, 17.76, 33.59, 23.58, 44.51, 10.13, 33.2, 21.48, 37.28, 14.83, 24.08, 32.64, 17.68, 21.3, 19.54, 37.24, 10.69, 39.45, 79.16], [0.0, 10.92, 8.57, 11.1, 18.27, 23.14, 32.71, 0.0, 7.05, 16.08, 6.16, 13.7, 12.92, 20.37, 8.97, 14.0, 11.58, 24.48, 20.79, 34.76, 8.15, 13.09, 12.54, 23.15, 7.76, 11.27, 9.89, 25.87, 21.99, 10.62, 28.1, 11.42, 13.22, 10.01, 22.17, 7.49, 63.92], [0.0, 4.28, 11.93, 9.36, 11.74, 16.1, 26.21, 7.05, 0.0, 10.2, 10.2, 7.55, 16.58, 14.37, 8.38, 7.93, 18.35, 17.47, 14.1, 27.84, 12.43, 6.64, 18.3, 17.2, 8.14, 5.62, 15.43, 18.86, 16.03, 6.46, 21.26, 5.6, 6.77, 12.13, 16.01, 13.23, 68.29], [0.0, 10.0, 15.91, 8.75, 12.88, 10.5, 16.76, 16.08, 10.2, 0.0, 20.37, 13.08, 26.77, 16.4, 10.27, 12.87, 25.5, 11.0, 5.78, 23.64, 17.22, 10.88, 28.28, 7.09, 18.13, 4.83, 20.91, 14.78, 17.73, 16.31, 18.35, 4.73, 13.37, 22.21, 6.11, 23.15, 68.58], [0.0, 12.44, 14.51, 16.96, 18.57, 25.3, 36.29, 6.16, 10.2, 20.37, 0.0, 17.74, 6.87, 19.67, 14.96, 18.11, 13.99, 26.84, 24.14, 35.4, 13.81, 13.92, 8.33, 27.4, 4.4, 15.64, 14.55, 27.12, 21.13, 4.46, 28.62, 15.68, 16.97, 4.19, 26.21, 10.91, 68.29], [0.0, 7.48, 14.58, 8.04, 11.45, 11.05, 19.01, 13.7, 7.55, 13.08, 17.74, 0.0, 24.1, 14.94, 9.04, 14.38, 23.64, 11.91, 7.29, 24.07, 15.75, 8.64, 25.73, 9.66, 15.45, 13.18, 19.38, 14.97, 16.39, 13.77, 18.28, 13.16, 13.86, 19.53, 8.53, 20.61, 68.7], [0.0, 17.88, 20.89, 23.83, 22.56, 30.32, 42.07, 12.92, 16.58, 26.77, 6.87, 24.1, 0.0, 22.67, 21.81, 24.49, 17.62, 31.97, 29.98, 38.89, 19.96, 18.75, 6.08, 33.68, 8.87, 22.17, 19.89, 31.4, 23.85, 11.33, 32.21, 22.18, 23.23, 4.87, 32.39, 6.64, 72.19], [0.0, 10.14, 26.26, 21.99, 12.96, 11.1, 23.83, 20.37, 14.37, 16.4, 19.67, 14.94, 22.67, 0.0, 21.94, 15.2, 31.91, 12.71, 14.53, 16.22, 26.81, 7.78, 27.36, 19.75, 15.3, 15.75, 29.71, 9.8, 17.2, 18.64, 9.64, 15.44, 13.96, 18.13, 18.19, 23.44, 82.45], [0.0, 12.03, 5.64, 13.09, 18.81, 20.08, 26.63, 8.97, 8.38, 10.27, 14.96, 9.04, 21.81, 21.94, 0.0, 9.1, 15.58, 20.92, 15.99, 33.04, 6.98, 14.28, 21.26, 16.53, 15.06, 6.87, 10.68, 23.91, 23.56, 10.54, 27.04, 7.2, 9.35, 18.36, 16.0, 16.35, 60.54], [0.0, 7.88, 14.68, 8.01, 11.7, 11.0, 18.71, 14.0, 7.93, 12.87, 18.11, 14.38, 24.49, 15.2, 9.1, 0.0, 23.85, 11.82, 7.09, 24.06, 15.88, 9.0, 26.08, 9.3, 15.85, 13.56, 19.52, 15.0, 16.64, 14.11, 18.35, 13.54, 14.25, 19.93, 8.19, 20.96, 68.59], [0.0, 22.44, 10.46, 17.69, 29.84, 34.1, 42.14, 11.58, 18.35, 25.5, 13.99, 23.64, 17.62, 31.91, 15.58, 23.85, 0.0, 35.27, 30.93, 46.19, 8.89, 24.66, 12.85, 32.08, 17.87, 21.14, 5.62, 37.18, 33.53, 13.31, 39.59, 21.39, 23.5, 17.88, 31.46, 11.37, 54.66], [0.0, 14.4, 26.49, 19.67, 10.42, 9.44, 11.15, 24.48, 17.47, 11.0, 26.84, 11.91, 31.97, 12.71, 20.92, 11.82, 35.27, 0.0, 5.42, 12.81, 27.66, 13.22, 35.17, 9.29, 23.23, 14.3, 31.26, 4.97, 13.08, 23.82, 8.74, 14.01, 11.83, 27.09, 8.09, 30.33, 79.26], [0.0, 12.14, 21.62, 14.53, 11.33, 5.38, 12.15, 20.79, 14.1, 5.78, 24.14, 7.29, 29.98, 14.53, 15.99, 7.09, 30.93, 5.42, 0.0, 18.22, 22.89, 11.85, 32.37, 5.22, 21.11, 9.81, 26.56, 9.85, 15.45, 20.55, 13.62, 9.58, 7.58, 25.18, 11.89, 27.33, 73.84], [0.0, 23.84, 38.41, 32.07, 16.84, 13.15, 17.76, 34.76, 27.84, 23.64, 35.4, 24.07, 38.89, 16.22, 33.04, 24.06, 46.19, 12.81, 18.22, 0.0, 39.41, 21.8, 43.39, 21.55, 31.16, 26.19, 42.84, 9.15, 15.18, 33.51, 6.78, 25.87, 23.7, 34.28, 20.62, 39.15, 92.06], [0.0, 16.69, 12.62, 8.92, 24.09, 26.69, 33.59, 8.15, 12.43, 17.22, 13.81, 15.75, 19.96, 26.81, 6.98, 15.88, 8.89, 27.66, 22.89, 39.41, 0.0, 19.06, 17.53, 23.47, 15.9, 13.37, 14.51, 30.26, 28.46, 10.46, 33.13, 13.67, 15.86, 17.92, 22.98, 13.5, 56.15], [0.0, 10.92, 18.49, 14.56, 5.18, 11.58, 23.58, 13.09, 6.64, 10.88, 13.92, 8.64, 18.75, 7.78, 14.28, 9.0, 24.66, 13.22, 11.85, 21.8, 19.06, 0.0, 22.18, 16.45, 10.05, 8.62, 22.05, 13.23, 9.43, 11.71, 15.07, 8.35, 7.52, 13.87, 14.95, 17.58, 74.71], [0.0, 20.77, 18.79, 23.48, 26.66, 33.62, 44.51, 12.54, 18.3, 28.28, 8.33, 25.73, 6.08, 27.36, 21.26, 26.08, 12.85, 35.17, 32.37, 43.39, 17.53, 22.18, 0.0, 35.37, 12.27, 23.47, 16.41, 35.33, 28.7, 11.97, 36.62, 23.56, 25.05, 9.36, 34.26, 5.14, 66.8], [0.0, 16.25, 22.02, 14.57, 16.51, 9.96, 10.13, 23.15, 17.2, 7.09, 27.4, 9.66, 33.68, 19.75, 16.53, 9.3, 32.08, 9.29, 5.22, 21.55, 23.47, 16.45, 35.37, 0.0, 24.91, 11.92, 27.15, 14.23, 20.67, 23.4, 18.02, 11.82, 10.46, 29.01, 13.2, 30.24, 71.09], [0.0, 9.01, 16.21, 16.69, 14.39, 21.62, 33.2, 7.76, 8.14, 18.13, 4.4, 15.45, 8.87, 15.3, 15.06, 15.85, 17.87, 23.23, 21.11, 31.16, 15.9, 10.05, 12.27, 24.91, 0.0, 13.75, 17.47, 23.08, 16.74, 5.45, 24.38, 13.7, 14.51, 8.59, 23.59, 8.15, 71.52], [0.0, 6.87, 12.26, 6.33, 12.4, 13.32, 21.48, 11.27, 5.62, 4.83, 15.64, 13.18, 22.17, 15.75, 6.87, 13.56, 21.14, 14.3, 9.81, 26.19, 13.37, 8.62, 23.47, 11.92, 13.75, 0.0, 16.96, 17.04, 17.31, 11.5, 20.17, 9.56, 12.4, 17.76, 10.9, 18.33, 67.12], [0.0, 19.71, 5.15, 12.59, 27.18, 30.25, 37.28, 9.89, 15.43, 20.91, 14.55, 19.38, 19.89, 29.71, 10.68, 19.52, 5.62, 31.26, 26.56, 42.84, 14.51, 22.05, 16.41, 27.15, 17.47, 16.96, 0.0, 33.71, 31.36, 12.13, 36.47, 17.25, 19.44, 18.74, 26.67, 13.26, 54.07], [0.0, 15.05, 29.26, 23.0, 8.84, 4.47, 14.83, 25.87, 18.86, 14.78, 27.12, 14.97, 31.4, 9.8, 23.91, 15.0, 37.18, 4.97, 9.85, 9.15, 30.26, 13.23, 35.33, 14.23, 23.08, 17.04, 33.71, 0.0, 9.61, 24.79, 12.71, 16.72, 14.56, 26.6, 12.96, 30.8, 83.36], [0.0, 11.79, 27.92, 23.57, 4.95, 11.57, 24.08, 21.99, 16.03, 17.73, 21.13, 16.39, 23.85, 17.2, 23.56, 16.64, 33.53, 13.08, 15.45, 15.18, 28.46, 9.43, 28.7, 20.67, 16.74, 17.31, 31.36, 9.61, 0.0, 20.24, 8.82, 16.99, 15.44, 19.41, 19.12, 24.89, 84.09], [0.0, 9.74, 10.83, 12.51, 16.81, 22.39, 32.64, 10.62, 6.46, 16.31, 4.46, 13.77, 11.33, 18.64, 10.54, 14.11, 13.31, 23.82, 20.55, 33.51, 10.46, 11.71, 11.97, 23.4, 5.45, 11.5, 12.13, 24.79, 20.24, 0.0, 26.79, 11.59, 13.12, 7.93, 22.3, 6.85, 66.19], [0.0, 17.17, 32.23, 26.31, 10.06, 8.25, 17.68, 28.1, 21.26, 18.35, 28.62, 18.28, 32.21, 9.64, 27.04, 18.35, 39.59, 8.74, 13.62, 6.78, 33.13, 15.07, 36.62, 18.02, 24.38, 20.17, 36.47, 12.71, 8.82, 26.79, 0.0, 19.84, 17.74, 27.56, 16.76, 32.37, 86.89], [0.0, 6.65, 12.57, 6.66, 12.08, 13.02, 21.3, 11.42, 5.6, 4.73, 15.68, 13.16, 22.18, 15.44, 7.2, 13.54, 21.39, 14.01, 9.58, 25.87, 13.67, 8.35, 23.56, 11.82, 13.7, 9.56, 17.25, 16.72, 16.99, 11.59, 19.84, 0.0, 12.38, 17.73, 10.77, 18.43, 67.45], [0.0, 6.38, 14.77, 8.6, 10.49, 10.83, 19.54, 13.22, 6.77, 13.37, 16.97, 13.86, 23.23, 13.96, 9.35, 14.25, 23.5, 11.83, 7.58, 23.7, 15.86, 7.52, 25.05, 10.46, 14.51, 12.4, 19.44, 14.56, 15.44, 13.12, 17.74, 12.38, 0.0, 18.61, 9.24, 19.95, 69.37], [0.0, 13.05, 18.54, 20.18, 17.78, 25.45, 37.24, 10.01, 12.13, 22.21, 4.19, 19.53, 4.87, 18.13, 18.36, 19.93, 17.88, 27.09, 25.18, 34.28, 17.92, 13.87, 9.36, 29.01, 8.59, 17.76, 18.74, 26.6, 19.41, 7.93, 27.56, 17.73, 18.61, 0.0, 27.69, 6.72, 72.37], [0.0, 14.84, 21.57, 14.16, 14.94, 8.6, 10.69, 22.17, 16.01, 6.11, 26.21, 8.53, 32.39, 18.19, 16.0, 8.19, 31.46, 8.09, 11.89, 20.62, 22.98, 14.95, 34.26, 13.2, 23.59, 10.9, 26.67, 12.96, 19.12, 22.3, 16.76, 10.77, 9.24, 27.69, 0.0, 29.14, 71.71], [0.0, 15.97, 14.55, 18.54, 22.32, 28.82, 39.45, 7.49, 13.23, 23.15, 10.91, 20.61, 6.64, 23.44, 16.35, 20.96, 11.37, 30.33, 27.33, 39.15, 13.5, 17.58, 5.14, 30.24, 8.15, 18.33, 13.26, 30.8, 24.89, 6.85, 32.37, 18.43, 19.95, 6.72, 29.14, 0.0, 66.02], [0.0, 0.0, 0.0, 0.0, 0.0, 0.0, 0.0, 0.0, 0.0, 0.0, 0.0, 0.0, 0.0, 0.0, 0.0, 0.0, 0.0, 0.0, 0.0, 0.0, 0.0, 0.0, 0.0, 0.0, 0.0, 0.0, 0.0, 0.0, 0.0, 0.0, 0.0, 0.0, 0.0, 0.0, 0.0, 0.0, 0.0]], "time_windows": [[0.0, 5000.0], [0.0, 121.0], [0.0, 141.0], [0.0, 150.0], [0.0, 181.0], [0.0, 200.0], [0.0, 230.0], [0.0, 328.0], [0.0, 345.0], [0.0, 364.0], [0.0, 400.0], [0.0, 428.0], [0.0, 467.0], [0.0, 530.0], [0.0, 595.0], [0.0, 616.0], [0.0, 659.0], [0.0, 712.0], [0.0, 719.0], [0.0, 745.0], [0.0, 803.0], [0.0, 836.0], [0.0, 883.0], [0.0, 946.0], [0.0, 986.0], [0.0, 1005.0], [0.0, 1026.0], [0.0, 1065.0], [0.0, 1075.0], [0.0, 1098.0], [0.0, 1126.0], [0.0, 1146.0], [0.0, 1158.0], [0.0, 1177.0], [0.0, 1204.0], [0.0, 1233.0], [0.0, 5000.0]], "start_depot": 0, "end_depot": 36, "horizon": [0.0, 5000.0]}