{"digraph": {"vertex_count": 37, "arc_count": 1260, "arcs": [[0, 1, 1, 1, 1, 1, 1, 1, 1, 1, 1, 1, 1, 1, 1, 1, 1, 1, 1, 1, 1, 1, 1, 1, 1, 1, 1, 1, 1, 1, 1, 1, 1, 1, 1, 1, 1], [0, 0, 1, 1, 1, 1, 1, 1, 1, 1, 1, 1, 1, 1, 1, 1, 1, 1, 1, 1, 1, 1, 1, 1, 1, 1, 1, 1, 1, 1, 1, 1, 1, 1, 1, 1, 1], [0, 1, 0, 1, 1, 1, 1, 1, 1, 1, 1, 1, 1, 1, 1, 1, 1, 1, 1, 1, 1, 1, 1, 1, 1, 1, 1, 1, 1, 1, 1, 1, 1, 1, 1, 1, 1], [0, 1, 1, 0, 1, 1, 1, 1, 1, 1, 1, 1, 1, 1, 1, 1, 1, 1, 1, 1, 1, 1, 1, 1, 1, 1, 1, 1, 1, 1, 1, 1, 1, 1, 1, 1, 1], [0, 1, 1, 1, 0, 1, 1, 1, 1, 1, 1, 1, 1, 1, 1, 1, 1, 1, 1, 1, 1, 1, 1, 1, 1, 1, 1, 1, 1, 1, 1, 1, 1, 1, 1, 1, 1], [0, 1, 1, 1, 1, 0, 1, 1, 1, 1, 1, 1, 1, 1, 1, 1, 1, 1, 1, 1, 1, 1, 1, 1, 1, 1, 1, 1, 1, 1, 1, 1, 1, 1, 1, 1, 1], [0, 1, 1, 1, 1, 1, 0, 1, 1, 1, 1, 1, 1, 1, 1, 1, 1, 1, 1, 1, 1, 1, 1, 1, 1, 1, 1, 1, 1, 1, 1, 1, 1, 1, 1, 1, 1], [0, 1, 1, 1, 1, 1, 1, 0, 1, 1, 1, 1, 1, 1, 1, 1, 1, 1, 1, 1, 1, 1, 1, 1, 1, 1, 1, 1, 1, 1, 1, 1, 1, 1, 1, 1, 1], [0, 1, 1, 1, 1, 1, 1, 1, 0, 1, 1, 1, 1, 1, 1, 1, 1, 1, 1, 1, 1, 1, 1, 1, 1, 1, 1, 1, 1, 1, 1, 1, 1, 1, 1, 1, 1], [0, 1, 1, 1, 1, 1, 1, 1, 1, 0, 1, 1, 1, 1, 1, 1, 1, 1, 1, 1, 1, 1, 1, 1, 1, 1, 1, 1, 1, 1, 1, 1, 1, 1, 1, 1, 1], [0, 1, 1, 1, 1, 1, 1, 1, 1, 1, 0, 1, 1, 1, 1, 1, 1, 1, 1, 1, 1, 1, 1, 1, 1, 1, 1, 1, 1, 1, 1, 1, 1, 1, 1, 1, 1], [0, 1, 1, 1, 1, 1, 1, 1, 1, 1, 1, 0, 1, 1, 1, 1, 1, 1, 1, 1, 1, 1, 1, 1, 1, 1, 1, 1, 1, 1, 1, 1, 1, 1, 1, 1, 1], [0, 1, 1, 1, 1, 1, 1, 1, 1, 1, 1, 1, 0, 1, 1, 1, 1, 1, 1, 1, 1, 1, 1, 1, 1, 1, 1, 1, 1, 1, 1, 1, 1, 1, 1, 1, 1], [0, 1, 1, 1, 1, 1, 1, 1, 1, 1, 1, 1, 1, 0, 1, 1, 1, 1, 1, 1, 1, 1, 1, 1, 1, 1, 1, 1, 1, 1, 1, 1, 1, 1, 1, 1, 1], [0, 1, 1, 1, 1, 1, 1, 1, 1, 1, 1, 1, 1, 1, 0, 1, 1, 1, 1, 1, 1, 1, 1, 1, 1, 1, 1, 1, 1, 1, 1, 1, 1, 1, 1, 1, 1], [0, 1, 1, 1, 1, 1, 1, 1, 1, 1, 1, 1, 1, 1, 1, 0, 1, 1, 1, 1, 1, 1, 1, 1, 1, 1, 1, 1, 1, 1, 1, 1, 1, 1, 1, 1, 1], [0, 1, 1, 1, 1, 1, 1, 1, 1, 1, 1, 1, 1, 1, 1, 1, 0, 1, 1, 1, 1, 1, 1, 1, 1, 1, 1, 1, 1, 1, 1, 1, 1, 1, 1, 1, 1], [0, 1, 1, 1, 1, 1, 1, 1, 1, 1, 1, 1, 1, 1, 1, 1, 1, 0, 1, 1, 1, 1, 1, 1, 1, 1, 1, 1, 1, 1, 1, 1, 1, 1, 1, 1, 1], [0, 1, 1, 1, 1, 1, 1, 1, 1, 1, 1, 1, 1, 1, 1, 1, 1, 1, 0, 1, 1, 1, 1, 1, 1, 1, 1, 1, 1, 1, 1, 1, 1, 1, 1, 1, 1], [0, 1, 1, 1, 1, 1, 1, 1, 1, 1, 1, 1, 1, 1, 1, 1, 1, 1, 1, 0, 1, 1, 1, 1, 1, 1, 1, 1, 1, 1, 1, 1, 1, 1, 1, 1, 1], [0, 1, 1, 1, 1, 1, 1, 1, 1, 1, 1, 1, 1, 1, 1, 1, 1, 1, 1, 1, 0, 1, 1, 1, 1, 1, 1, 1, 1, 1, 1, 1, 1, 1, 1, 1, 1], [0, 1, 1, 1, 1, 1, 1, 1, 1, 1, 1, 1, 1, 1, 1, 1, 1, 1, 1, 1, 1, 0, 1, 1, 1, 1, 1, 1, 1, 1, 1, 1, 1, 1, 1, 1, 1], [0, 1, 1, 1, 1, 1, 1, 1, 1, 1, 1, 1, 1, 1, 1, 1, 1, 1, 1, 1, 1, 1, 0, 1, 1, 1, 1, 1, 1, 1, 1, 1, 1, 1, 1, 1, 1], [0, 1, 1, 1, 1, 1, 1, 1, 1, 1, 1, 1, 1, 1, 1, 1, 1, 1, 1, 1, 1, 1, 1, 0, 1, 1, 1, 1, 1, 1, 1, 1, 1, 1, 1, 1, 1], [0, 1, 1, 1, 1, 1, 1, 1, 1, 1, 1, 1, 1, 1, 1, 1, 1, 1, 1, 1, 1, 1, 1, 1, 0, 1, 1, 1, 1, 1, 1, 1, 1, 1, 1, 1, 1], [0, 1, 1, 1, 1, 1, 1, 1, 1, 1, 1, 1, 1, 1, 1, 1, 1, 1, 1, 1, 1, 1, 1, 1, 1, 0, 1, 1, 1, 1, 1, 1, 1, 1, 1, 1, 1], [0, 1, 1, 1, 1, 1, 1, 1, 1, 1, 1, 1, 1, 1, 1, 1, 1, 1, 1, 1, 1, 1, 1, 1, 1, 1, 0, 1, 1, 1, 1, 1, 1, 1, 1, 1, 1], [0, 1, 1, 1, 1, 1, 1, 1, 1, 1, 1, 1, 1, 1, 1, 1, 1, 1, 1, 1, 1, 1, 1, 1, 1, 1, 1, 0, 1, 1, 1, 1, 1, 1, 1, 1, 1], [0, 1, 1, 1, 1, 1, 1, 1, 1, 1, 1, 1, 1, 1, 1, 1, 1, 1, 1, 1, 1, 1, 1, 1, 1, 1, 1, 1, 0, 1, 1, 1, 1, 1, 1, 1, 1], [0, 1, 1, 1, 1, 1, 1, 1, 1, 1, 1, 1, 1, 1, 1, 1, 1, 1, 1, 1, 1, 1, 1, 1, 1, 1, 1, 1, 1, 0, 1, 1, 1, 1, 1, 1, 1], [0, 1, 1, 1, 1, 1, 1, 1, 1, 1, 1, 1, 1, 1, 1, 1, 1, 1, 1, 1, 1, 1, 1, 1, 1, 1, 1, 1, 1, 1, 0, 1, 1, 1, 1, 1, 1], [0, 1, 1, 1, 1, 1, 1, 1, 1, 1, 1, 1, 1, 1, 1, 1, 1, 1, 1, 1, 1, 1, 1, 1, 1, 1, 1, 1, 1, 1, 1, 0, 1, 1, 1, 1, 1], [0, 1, 1, 1, 1, 1, 1, 1, 1, 1, 1, 1, 1, 1, 1, 1, 1, 1, 1, 1, 1, 1, 1, 1, 1, 1, 1, 1, 1, 1, 1, 1, 0, 1, 1, 1, 1], [0, 1, 1, 1, 1, 1, 1, 1, 1, 1, 1, 1, 1, 1, 1, 1, 1, 1, 1, 1, 1, 1, 1, 1, 1, 1, 1, 1, 1, 1, 1, 1, 1, 0, 1, 1, 1], [0, 1, 1, 1, 1, 1, 1, 1, 1, 1, 1, 1, 1, 1, 1, 1, 1, 1, 1, 1, 1, 1, 1, 1, 1, 1, 1, 1, 1, 1, 1, 1, 1, 1, 0, 1, 1], [0, 1, 1, 1, 1, 1, 1, 1, 1, 1, 1, 1, 1, 1, 1, 1, 1, 1, 1, 1, 1, 1, 1, 1, 1, 1, 1, 1, 1, 1, 1, 1, 1, 1, 1, 0, 1], [0, 0, 0, 0, 0, 0, 0, 0, 0, 0, 0, 0, 0, 0, 0, 0, 0, 0, 0, 0, 0, 0, 0, 0, 0, 0, 0, 0, 0, 0, 0, 0, 0, 0, 0, 0, 0]]}, "cluster_count": 3, "cluster_speeds": [[0.6475, 0.595, 0.6475, 0.7, 0.58275, 0.5355, 0.58275, 0.63, 0.32375, 0.2975, 0.32375, 0.35, 0.213675, 0.19635, 0.213675, 0.23099999999999998, 0.259, 0.238, 0.259, 0.27999999999999997, 0.3885, 0.357, 0.3885, 0.42, 0.6475, 0.595, 0.6475, 0.7, 0.37, 0.34, 0.37, 0.4, 0.30525, 0.2805, 0.30525, 0.33, 0.4625, 0.425, 0.4625, 0.5, 0.6475, 0.595, 0.6475, 0.7, 0.74, 0.68, 0.74, 0.8, 0.45324999999999993, 0.4165, 0.45324999999999993, 0.48999999999999994, 0.32375, 0.2975, 0.32375, 0.35, 0.3885, 0.357, 0.3885, 0.42, 0.45324999999999993, 0.4165, 0.45324999999999993, 0.48999999999999994, 0.58275, 0.5355, 0.58275, 0.63, 0.6475, 0.595, 0.6475, 0.7, 0.7], [0.7400000000000001, 0.68, 0.7400000000000001, 0.8, 0.666, 0.6120000000000001, 0.666, 0.7200000000000001, 0.37000000000000005, 0.34, 0.37000000000000005, 0.4, 0.24420000000000003, 0.22440000000000004, 0.24420000000000003, 0.264, 0.296, 0.272, 0.296, 0.32000000000000006, 0.44400000000000006, 0.40800000000000003, 0.44400000000000006, 0.48, 0.6475, 0.595, 0.6475, 0.7, 0.37, 0.34, 0.37, 0.4, 0.30525, 0.2805, 0.30525, 0.33, 0.4625, 0.425, 0.4625, 0.5, 0.6475, 0.595, 0.6475, 0.7, 0.74, 0.68, 0.74, 0.8, 0.518, 0.476, 0.518, 0.5599999999999999, 0.37000000000000005, 0.34, 0.37000000000000005, 0.4, 0.44400000000000006, 0.40800000000000003, 0.44400000000000006, 0.48, 0.518, 0.476, 0.518, 0.5599999999999999, 0.666, 0.6120000000000001, 0.666, 0.7200000000000001, 0.7400000000000001, 0.68, 0.7400000000000001, 0.8, 0.8], [0.925, 0.85, 0.925, 1.0, 0.8325, 0.765, 0.8325, 0.9, 0.4625, 0.425, 0.4625, 0.5, 0.30525, 0.2805, 0.30525, 0.33, 0.37, 0.34, 0.37, 0.4, 0.555, 0.51, 0.555, 0.6, 0.6475, 0.595, 0.6475, 0.7, 0.37, 0.34, 0.37, 0.4, 0.30525, 0.2805, 0.30525, 0.33, 0.4625, 0.425, 0.4625, 0.5, 0.6475, 0.595, 0.6475, 0.7, 0.74, 0.68, 0.74, 0.8, 0.6475, 0.595, 0.6475, 0.7, 0.4625, 0.425, 0.4625, 0.5, 0.555, 0.51, 0.555, 0.6, 0.6475, 0.595, 0.6475, 0.7, 0.8325, 0.765, 0.8325, 0.9, 0.925, 0.85, 0.925, 1.0, 1.0]], "clusters": [[-1, 2, 2, 2, 2, 2, 2, 2, 2, 2, 2, 2, 2, 2, 2, 2, 2, 2, 2, 2, 2, 2, 2, 2, 2, 2, 2, 2, 2, 2, 2, 2, 2, 2, 2, 2, 2], [0, -1, 0, 0, 0, 0, 0, 0, 0, 0, 0, 0, 0, 0, 0, 0, 0, 0, 0, 0, 0, 0, 0, 0, 0, 0, 0, 0, 0, 0, 0, 0, 0, 0, 0, 0, 0], [0, 0, -1, 0, 0, 0, 0, 0, 0, 0, 0, 0, 0, 0, 0, 0, 0, 0, 0, 0, 0, 0, 0, 0, 0, 0, 0, 0, 0, 0, 0, 0, 0, 0, 0, 0, 0], [1, 1, 1, -1, 1, 1, 1, 1, 1, 1, 1, 1, 1, 1, 1, 1, 1, 1, 1, 1, 1, 1, 1, 1, 1, 1, 1, 1, 1, 1, 1, 1, 1, 1, 1, 1, 1], [0, 0, 0, 0, -1, 0, 0, 0, 0, 0, 0, 0, 0, 0, 0, 0, 0, 0, 0, 0, 0, 0, 0, 0, 0, 0, 0, 0, 0, 0, 0, 0, 0, 0, 0, 0, 0], [0, 0, 0, 0, 0, -1, 0, 0, 0, 0, 0, 0, 0, 0, 0, 0, 0, 0, 0, 0, 0, 0, 0, 0, 0, 0, 0, 0, 0, 0, 0, 0, 0, 0, 0, 0, 0], [2, 2, 2, 2, 2, 2, -1, 2, 2, 2, 2, 2, 2, 2, 2, 2, 2, 2, 2, 2, 2, 2, 2, 2, 2, 2, 2, 2, 2, 2, 2, 2, 2, 2, 2, 2, 2], [1, 1, 1, 1, 1, 1, 1, -1, 1, 1, 1, 1, 1, 1, 1, 1, 1, 1, 1, 1, 1, 1, 1, 1, 1, 1, 1, 1, 1, 1, 1, 1, 1, 1, 1, 1, 1], [0, 0, 0, 0, 0, 0, 0, 0, -1, 0, 0, 0, 0, 0, 0, 0, 0, 0, 0, 0, 0, 0, 0, 0, 0, 0, 0, 0, 0, 0, 0, 0, 0, 0, 0, 0, 0], [0, 0, 0, 0, 0, 0, 0, 0, 0, -1, 0, 0, 0, 0, 0, 0, 0, 0, 0, 0, 0, 0, 0, 0, 0, 0, 0, 0, 0, 0, 0, 0, 0, 0, 0, 0, 0], [0, 0, 0, 0, 0, 0, 0, 0, 0, 0, -1, 0, 0, 0, 0, 0, 0, 0, 0, 0, 0, 0, 0, 0, 0, 0, 0, 0, 0, 0, 0, 0, 0, 0, 0, 0, 0], [0, 0, 0, 0, 0, 0, 0, 0, 0, 0, 0, -1, 0, 0, 0, 0, 0, 0, 0, 0, 0, 0, 0, 0, 0, 0, 0, 0, 0, 0, 0, 0, 0, 0, 0, 0, 0], [0, 0, 0, 0, 0, 0, 0, 0, 0, 0, 0, 0, -1, 0, 0, 0, 0, 0, 0, 0, 0, 0, 0, 0, 0, 0, 0, 0, 0, 0, 0, 0, 0, 0, 0, 0, 0], [1, 1, 1, 1, 1, 1, 1, 1, 1, 1, 1, 1, 1, -1, 1, 1, 1, 1, 1, 1, 1, 1, 1, 1, 1, 1, 1, 1, 1, 1, 1, 1, 1, 1, 1, 1, 1], [0, 0, 0, 0, 0, 0, 0, 0, 0, 0, 0, 0, 0, 0, -1, 0, 0, 0, 0, 0, 0, 0, 0, 0, 0, 0, 0, 0, 0, 0, 0, 0, 0, 0, 0, 0, 0], [0, 0, 0, 0, 0, 0, 0, 0, 0, 0, 0, 0, 0, 0, 0, -1, 0, 0, 0, 0, 0, 0, 0, 0, 0, 0, 0, 0, 0, 0, 0, 0, 0, 0, 0, 0, 0], [0, 0, 0, 0, 0, 0, 0, 0, 0, 0, 0, 0, 0, 0, 0, 0, -1, 0, 0, 0, 0, 0, 0, 0, 0, 0, 0, 0, 0, 0, 0, 0, 0, 0, 0, 0, 0], [0, 0, 0, 0, 0, 0, 0, 0, 0, 0, 0, 0, 0, 0, 0, 0, 0, -1, 0, 0, 0, 0, 0, 0, 0, 0, 0, 0, 0, 0, 0, 0, 0, 0, 0, 0, 0], [0, 0, 0, 0, 0, 0, 0, 0, 0, 0, 0, 0, 0, 0, 0, 0, 0, 0, -1, 0, 0, 0, 0, 0, 0, 0, 0, 0, 0, 0, 0, 0, 0, 0, 0, 0, 0], [0, 0, 0, 0, 0, 0, 0, 0, 0, 0, 0, 0, 0, 0, 0, 0, 0, 0, 0, -1, 0, 0, 0, 0, 0, 0, 0, 0, 0, 0, 0, 0, 0, 0, 0, 0, 0], [0, 0, 0, 0, 0, 0, 0, 0, 0, 0, 0, 0, 0, 0, 0, 0, 0, 0, 0, 0, -1, 0, 0, 0, 0, 0, 0, 0, 0, 0, 0, 0, 0, 0, 0, 0, 0], [0, 0, 0, 0, 0, 0, 0, 0, 0, 0, 0, 0, 0, 0, 0, 0, 0, 0, 0, 0, 0, -1, 0, 0, 0, 0, 0, 0, 0, 0, 0, 0, 0, 0, 0, 0, 0], [0, 0, 0, 0, 0, 0, 0, 0, 0, 0, 0, 0, 0, 0, 0, 0, 0, 0, 0, 0, 0, 0, -1, 0, 0, 0, 0, 0, 0, 0, 0, 0, 0, 0, 0, 0, 0], [2, 2, 2, 2, 2, 2, 2, 2, 2, 2, 2, 2, 2, 2, 2, 2, 2, 2, 2, 2, 2, 2, 2, -1, 2, 2, 2, 2, 2, 2, 2, 2, 2, 2, 2, 2, 2], [0, 0, 0, 0, 0, 0, 0, 0, 0, 0, 0, 0, 0, 0, 0, 0, 0, 0, 0, 0, 0, 0, 0, 0, -1, 0, 0, 0, 0, 0, 0, 0, 0, 0, 0, 0, 0], [0, 0, 0, 0, 0, 0, 0, 0, 0, 0, 0, 0, 0, 0, 0, 0, 0, 0, 0, 0, 0, 0, 0, 0, 0, -1, 0, 0, 0, 0, 0, 0, 0, 0, 0, 0, 0], [0, 0, 0, 0, 0, 0, 0, 0, 0, 0, 0, 0, 0, 0, 0, 0, 0, 0, 0, 0, 0, 0, 0, 0, 0, 0, -1, 0, 0, 0, 0, 0, 0, 0, 0, 0, 0], [0, 0, 0, 0, 0, 0, 0, 0, 0, 0, 0, 0, 0, 0, 0, 0, 0, 0, 0, 0, 0, 0, 0, 0, 0, 0, 0, -1, 0, 0, 0, 0, 0, 0, 0, 0, 0], [0, 0, 0, 0, 0, 0, 0, 0, 0, 0, 0, 0, 0, 0, 0, 0, 0, 0, 0, 0, 0, 0, 0, 0, 0, 0, 0, 0, -1, 0, 0, 0, 0, 0, 0, 0, 0], [0, 0, 0, 0, 0, 0, 0, 0, 0, 0, 0, 0, 0, 0, 0, 0, 0, 0, 0, 0, 0, 0, 0, 0, 0, 0, 0, 0, 0, -1, 0, 0, 0, 0, 0, 0, 0], [0, 0, 0, 0, 0, 0, 0, 0, 0, 0, 0, 0, 0, 0, 0, 0, 0, 0, 0, 0, 0, 0, 0, 0, 0, 0, 0, 0, 0, 0, -1, 0, 0, 0, 0, 0, 0], [1, 1, 1, 1, 1, 1, 1, 1, 1, 1, 1, 1, 1, 1, 1, 1, 1, 1, 1, 1, 1, 1, 1, 1, 1, 1, 1, 1, 1, 1, 1, -1, 1, 1, 1, 1, 1], [0, 0, 0, 0, 0, 0, 0, 0, 0, 0, 0, 0, 0, 0, 0, 0, 0, 0, 0, 0, 0, 0, 0, 0, 0, 0, 0, 0, 0, 0, 0, 0, -1, 0, 0, 0, 0], [0, 0, 0, 0, 0, 0, 0, 0, 0, 0, 0, 0, 0, 0, 0, 0, 0, 0, 0, 0, 0, 0, 0, 0, 0, 0, 0, 0, 0, 0, 0, 0, 0, -1, 0, 0, 0], [0, 0, 0, 0, 0, 0, 0, 0, 0, 0, 0, 0, 0, 0, 0, 0, 0, 0, 0, 0, 0, 0, 0, 0, 0, 0, 0, 0, 0, 0, 0, 0, 0, 0, -1, 0, 0], [0, 0, 0, 0, 0, 0, 0, 0, 0, 0, 0, 0, 0, 0, 0, 0, 0, 0, 0, 0, 0, 0, 0, 0, 0, 0, 0, 0, 0, 0, 0, 0, 0, 0, 0, -1, 0], [2, 2, 2, 2, 2, 2, 2, 2, 2, 2, 2, 2, 2, 2, 2, 2, 2, 2, 2, 2, 2, 2, 2, 2, 2, 2, 2, 2, 2, 2, 2, 2, 2, 2, 2, 2, -1]], "speed_zone_count": 73, "speed_zones": [[0.0, 15.0], [15.0, 30.0], [30.0, 45.0], [45.0, 60.0], [60.0, 75.0], [75.0, 90.0], [90.0, 105.0], [105.0, 120.0], [120.0, 135.0], [135.0, 150.0], [150.0, 165.0], [165.0, 180.0], [180.0, 195.0], [195.0, 210.0], [210.0, 225.0], [225.0, 240.0], [240.0, 255.0], [255.0, 270.0], [270.0, 285.0], [285.0, 300.0], [300.0, 315.0], [315.0, 330.0], [330.0, 345.0], [345.0, 360.0], [360.0, 375.0], [375.0, 390.0], [390.0, 405.0], [405.0, 420.0], [420.0, 435.0], [435.0, 450.0], [450.0, 465.0], [465.0, 480.0], [480.0, 495.0], [495.0, 510.0], [510.0, 525.0], [525.0, 540.0], [540.0, 555.0], [555.0, 570.0], [570.0, 585.0], [585.0, 600.0], [600.0, 615.0], [615.0, 630.0], [630.0, 645.0], [645.0, 660.0], [660.0, 675.0], [675.0, 690.0], [690.0, 705.0], [705.0, 720.0], [720.0, 735.0], [735.0, 750.0], [750.0, 765.0], [765.0, 780.0], [780.0, 795.0], [795.0, 810.0], [810.0, 825.0], [825.0, 840.0], [840.0, 855.0], [855.0, 870.0], [870.0, 885.0], [885.0, 900.0], [900.0, 915.0], [915.0, 930.0], [930.0, 945.0], [945.0, 960.0], [960.0, 975.0], [975.0, 990.0], [990.0, 1005.0], [1005.0, 1020.0], [1020.0, 1035.0], [1035.0, 1050.0], [1050.0, 1065.0], [1065.0, 1080.0], [1080.0, 5000.0]], "distances": [[0.0, 69.33, 72.4, 78.13, 76.53, 75.11, 55.3, 80.17, 63.3, 71.35, 72.57, 74.33, 65.31, 89.2, 60.99, 74.42, 72.51, 73.78, 68.7, 69.65, 69.37, 67.88, 77.21, 47.88, 71.38, 69.15, 73.37, 82.79, 67.11, 63.67, 76.07, 85.14, 70.28, 71.77, 72.39, 71.31, 0.0], [0.0, 0.0, 10.46, 13.12, 7.23, 9.63, 31.82, 12.27, 9.23, 10.9, 13.45, 8.84, 5.65, 19.91, 9.87, 6.41, 4.47, 8.54, 12.94, 11.85, 9.09, 19.93, 10.61, 26.09, 8.64, 8.58, 4.35, 14.47, 11.95, 9.64, 10.13, 17.31, 9.03, 10.15, 11.57, 16.92, 69.33], [0.0, 10.46, 0.0, 21.29, 10.69, 18.43, 26.64, 18.31, 9.41, 9.53, 11.24, 17.87, 9.07, 19.65, 12.09, 6.69, 7.02, 11.42, 4.94, 12.27, 11.35, 11.41, 5.83, 25.48, 9.39, 8.77, 8.7, 11.74, 5.72, 8.88, 4.58, 22.26, 12.13, 9.48, 8.31, 7.15, 72.4], [0.0, 13.12, 21.29, 0.0, 11.0, 10.42, 44.94, 4.84, 22.33, 12.55, 24.38, 4.46, 18.72, 16.49, 22.59, 14.68, 14.42, 18.27, 25.17, 23.83, 12.38, 32.25, 17.8, 38.47, 19.92, 14.69, 12.64, 16.92, 24.59, 22.76, 18.31, 7.74, 11.09, 21.29, 13.23, 28.42, 78.13], [0.0, 7.23, 10.69, 11.0, 0.0, 8.85, 36.31, 7.62, 14.85, 5.18, 13.66, 8.6, 11.77, 12.69, 16.31, 9.67, 4.82, 7.53, 15.14, 13.68, 7.33, 22.03, 6.83, 32.38, 9.66, 7.49, 11.44, 7.95, 15.04, 14.94, 7.31, 11.82, 6.76, 10.82, 4.34, 17.8, 76.53], [0.0, 9.63, 18.43, 10.42, 8.85, 0.0, 41.42, 5.57, 18.79, 9.28, 21.56, 11.72, 15.18, 17.22, 18.99, 12.04, 11.43, 15.56, 22.02, 20.74, 8.85, 29.1, 15.63, 34.87, 16.93, 11.27, 9.74, 15.91, 21.31, 19.24, 15.94, 10.1, 7.57, 18.36, 10.17, 25.5, 75.11], [0.0, 31.82, 26.64, 44.94, 36.31, 41.42, 0.0, 43.48, 22.64, 32.62, 24.77, 40.6, 26.24, 46.22, 22.9, 32.43, 31.57, 29.57, 21.7, 23.19, 32.57, 16.51, 32.45, 12.96, 26.96, 30.3, 33.31, 38.22, 21.35, 22.18, 31.21, 48.11, 33.85, 26.23, 32.43, 21.37, 55.3], [0.0, 12.27, 18.31, 4.84, 7.62, 5.57, 43.48, 0.0, 21.28, 10.97, 21.26, 6.15, 17.81, 11.87, 22.13, 11.63, 12.0, 15.15, 22.68, 21.24, 11.79, 29.63, 13.98, 38.35, 17.23, 13.42, 10.21, 12.25, 22.43, 21.55, 14.7, 5.11, 10.59, 18.43, 11.06, 25.41, 80.17], [0.0, 9.23, 9.41, 22.33, 14.85, 18.79, 22.64, 21.28, 0.0, 10.33, 10.69, 17.97, 12.29, 26.79, 14.25, 11.66, 10.1, 10.48, 7.64, 7.67, 9.95, 12.95, 13.92, 17.57, 8.13, 7.86, 11.55, 19.65, 5.78, 10.76, 12.76, 26.19, 11.23, 8.77, 10.55, 12.04, 63.3], [0.0, 10.9, 9.53, 12.55, 5.18, 9.28, 32.62, 10.97, 10.33, 0.0, 12.64, 8.6, 6.93, 17.86, 11.39, 4.49, 10.0, 7.15, 12.75, 11.5, 11.49, 19.83, 8.76, 27.61, 7.85, 10.14, 13.02, 12.36, 12.05, 10.59, 8.44, 15.88, 11.65, 9.35, 9.52, 16.39, 71.35], [0.0, 13.45, 11.24, 24.38, 13.66, 21.56, 24.77, 21.26, 10.69, 12.64, 0.0, 21.0, 11.27, 21.52, 13.46, 9.73, 10.14, 6.14, 8.64, 9.29, 14.36, 8.82, 8.01, 25.08, 4.82, 11.71, 11.82, 13.5, 5.52, 9.99, 6.9, 25.02, 15.2, 10.69, 11.43, 4.17, 72.57], [0.0, 8.84, 17.87, 4.46, 8.6, 11.72, 40.6, 6.15, 17.97, 8.6, 21.0, 0.0, 14.36, 17.61, 18.14, 11.58, 10.86, 15.06, 21.35, 20.09, 8.04, 28.43, 15.3, 34.01, 16.33, 10.51, 9.21, 15.9, 20.6, 18.44, 15.55, 10.84, 6.77, 17.78, 9.58, 24.9, 74.33], [0.0, 5.65, 9.07, 18.72, 11.77, 15.18, 26.24, 17.81, 12.29, 6.93, 11.27, 14.36, 0.0, 24.14, 4.54, 9.12, 7.27, 8.98, 9.25, 8.69, 6.34, 15.61, 12.2, 20.69, 7.34, 4.43, 8.45, 17.5, 7.72, 12.61, 11.22, 22.79, 7.63, 8.5, 7.43, 13.69, 65.31], [0.0, 19.91, 19.65, 16.49, 12.69, 17.22, 46.22, 11.87, 26.79, 17.86, 21.52, 17.61, 24.14, 0.0, 28.64, 15.14, 16.87, 16.98, 24.58, 23.12, 19.95, 30.24, 13.82, 44.29, 19.69, 20.08, 15.85, 8.02, 25.25, 26.69, 15.08, 10.1, 19.2, 20.12, 16.84, 25.33, 89.2], [0.0, 9.87, 12.09, 22.59, 16.31, 18.99, 22.9, 22.13, 14.25, 11.39, 13.46, 18.14, 4.54, 28.64, 0.0, 13.56, 11.78, 12.87, 10.34, 10.44, 10.4, 15.12, 16.26, 16.24, 10.7, 8.91, 12.99, 21.81, 8.46, 13.44, 15.16, 27.17, 11.66, 11.46, 11.97, 14.68, 60.99], [0.0, 6.41, 6.69, 14.68, 9.67, 12.04, 32.43, 11.63, 11.66, 4.49, 9.73, 11.58, 9.12, 15.14, 13.56, 0.0, 10.42, 11.64, 11.12, 9.65, 7.0, 18.0, 4.28, 29.21, 5.63, 5.65, 9.88, 8.46, 11.1, 11.6, 10.45, 15.8, 7.16, 6.8, 11.43, 13.83, 74.42], [0.0, 4.47, 7.02, 14.42, 4.82, 11.43, 31.57, 12.0, 10.1, 10.0, 10.14, 10.86, 7.27, 16.87, 11.78, 10.42, 0.0, 4.41, 10.8, 9.42, 5.15, 17.85, 6.14, 27.67, 5.51, 11.54, 8.82, 10.47, 10.43, 10.14, 5.7, 16.55, 5.52, 6.93, 9.16, 14.06, 72.51], [0.0, 8.54, 11.42, 18.27, 7.53, 15.56, 29.57, 15.15, 10.48, 7.15, 6.14, 15.06, 8.98, 16.98, 12.87, 11.64, 4.41, 0.0, 7.93, 6.43, 9.35, 14.58, 10.55, 27.52, 9.92, 7.13, 5.86, 9.34, 8.31, 10.17, 10.11, 19.08, 9.89, 11.33, 5.7, 10.27, 73.78], [0.0, 12.94, 4.94, 25.17, 15.14, 22.02, 21.7, 22.68, 7.64, 12.75, 8.64, 21.35, 9.25, 24.58, 10.34, 11.12, 10.8, 7.93, 0.0, 9.6, 13.87, 7.09, 10.77, 21.22, 5.48, 11.13, 12.61, 16.63, 9.72, 6.84, 9.52, 26.9, 14.93, 4.54, 11.94, 4.47, 68.7], [0.0, 11.85, 12.27, 23.83, 13.68, 20.74, 23.19, 21.24, 7.67, 11.5, 9.29, 20.09, 8.69, 23.12, 10.44, 9.65, 9.42, 6.43, 9.6, 0.0, 12.78, 8.43, 9.3, 22.35, 12.86, 10.05, 11.23, 15.19, 11.38, 6.95, 8.04, 25.43, 13.79, 12.26, 10.6, 5.12, 69.65], [0.0, 9.09, 11.35, 12.38, 7.33, 8.85, 32.57, 11.79, 9.95, 11.49, 14.36, 8.04, 6.34, 19.95, 10.4, 7.0, 5.15, 9.35, 13.87, 12.78, 0.0, 20.84, 11.25, 26.58, 9.54, 8.97, 4.74, 14.83, 12.86, 10.4, 10.85, 16.88, 9.42, 11.06, 11.67, 17.84, 69.37], [0.0, 19.93, 11.41, 32.25, 22.03, 29.1, 16.51, 29.63, 12.95, 19.83, 8.82, 28.43, 15.61, 30.24, 15.12, 18.0, 17.85, 14.58, 7.09, 8.43, 20.84, 0.0, 16.83, 20.08, 12.42, 18.13, 19.66, 22.23, 8.02, 12.13, 15.69, 33.66, 21.95, 11.22, 19.02, 4.95, 67.88], [0.0, 10.61, 5.83, 17.8, 6.83, 15.63, 32.45, 13.98, 13.92, 8.76, 8.01, 15.3, 12.2, 13.82, 16.26, 4.28, 6.14, 10.55, 10.77, 9.3, 11.25, 16.83, 0.0, 30.93, 6.06, 9.59, 6.8, 5.97, 11.46, 13.62, 10.41, 17.22, 11.44, 6.31, 7.15, 12.1, 77.21], [0.0, 26.09, 25.48, 38.47, 32.38, 34.87, 12.96, 38.35, 17.57, 27.61, 25.08, 34.01, 20.69, 44.29, 16.24, 29.21, 27.67, 27.52, 21.22, 22.35, 26.58, 20.08, 30.93, 0.0, 24.87, 25.11, 29.07, 36.86, 19.85, 17.6, 29.69, 43.4, 27.81, 24.88, 28.05, 23.46, 47.88], [0.0, 8.64, 9.39, 19.92, 9.66, 16.93, 26.96, 17.23, 8.13, 7.85, 4.82, 16.33, 7.34, 19.69, 10.7, 5.63, 5.51, 9.92, 5.48, 12.86, 9.54, 12.42, 6.06, 24.87, 0.0, 6.92, 7.28, 12.01, 5.63, 7.72, 4.81, 21.43, 10.38, 9.86, 6.76, 8.57, 71.38], [0.0, 8.58, 8.77, 14.69, 7.49, 11.27, 30.3, 13.42, 7.86, 10.14, 11.71, 10.51, 4.43, 20.08, 8.91, 5.65, 11.54, 7.13, 11.13, 10.05, 8.97, 18.13, 9.59, 25.11, 6.92, 0.0, 4.23, 14.04, 10.17, 8.18, 8.95, 18.37, 8.91, 8.43, 11.83, 15.12, 69.15], [0.0, 4.35, 8.7, 12.64, 11.44, 9.74, 33.31, 10.21, 11.55, 13.02, 11.82, 9.21, 8.45, 15.85, 12.99, 9.88, 8.82, 5.86, 12.61, 11.23, 4.74, 19.66, 6.8, 29.07, 7.28, 4.23, 0.0, 10.13, 12.23, 11.67, 6.68, 14.83, 4.68, 8.66, 9.0, 15.8, 73.37], [0.0, 14.47, 11.74, 16.92, 7.95, 15.91, 38.22, 12.25, 19.65, 12.36, 13.5, 15.9, 17.5, 8.02, 21.81, 8.46, 10.47, 9.34, 16.63, 15.19, 14.83, 22.23, 5.97, 36.86, 12.01, 14.04, 10.13, 0.0, 17.42, 19.42, 7.24, 13.8, 14.52, 12.25, 10.94, 17.33, 82.79], [0.0, 11.95, 5.72, 24.59, 15.04, 21.31, 21.35, 22.43, 5.78, 12.05, 5.52, 20.6, 7.72, 25.25, 8.46, 11.1, 10.43, 8.31, 9.72, 11.38, 12.86, 8.02, 11.46, 19.85, 5.63, 10.17, 12.23, 17.42, 0.0, 4.98, 10.19, 26.86, 14.0, 5.17, 11.46, 6.26, 67.11], [0.0, 9.64, 8.88, 22.76, 14.94, 19.24, 22.18, 21.55, 10.76, 10.59, 9.99, 18.44, 12.61, 26.69, 13.44, 11.6, 10.14, 10.17, 6.84, 6.95, 10.4, 12.13, 13.62, 17.6, 7.72, 8.18, 11.67, 19.42, 4.98, 0.0, 12.44, 26.41, 11.67, 8.24, 10.69, 11.22, 63.67], [0.0, 10.13, 4.58, 18.31, 7.31, 15.94, 31.21, 14.7, 12.76, 8.44, 6.9, 15.55, 11.22, 15.08, 15.16, 10.45, 5.7, 10.11, 9.52, 8.04, 10.85, 15.69, 10.41, 29.69, 4.81, 8.95, 6.68, 7.24, 10.19, 12.44, 0.0, 18.18, 11.17, 5.04, 6.85, 11.03, 76.07], [0.0, 17.31, 22.26, 7.74, 11.82, 10.1, 48.11, 5.11, 26.19, 15.88, 25.02, 10.84, 22.79, 10.1, 27.17, 15.8, 16.55, 19.08, 26.9, 25.43, 16.88, 33.66, 17.22, 43.4, 21.43, 18.37, 14.83, 13.8, 26.86, 26.41, 18.18, 0.0, 15.69, 22.48, 15.76, 29.18, 85.14], [0.0, 9.03, 12.13, 11.09, 6.76, 7.57, 33.85, 10.59, 11.23, 11.65, 15.2, 6.77, 7.63, 19.2, 11.66, 7.16, 5.52, 9.89, 14.93, 13.79, 9.42, 21.95, 11.44, 27.81, 10.38, 8.91, 4.68, 14.52, 14.0, 11.67, 11.17, 15.69, 0.0, 11.89, 4.32, 18.8, 70.28], [0.0, 10.15, 9.48, 21.29, 10.82, 18.36, 26.23, 18.43, 8.77, 9.35, 10.69, 17.78, 8.5, 20.12, 11.46, 6.8, 6.93, 11.33, 4.54, 12.26, 11.06, 11.22, 6.31, 24.88, 9.86, 8.43, 8.66, 12.25, 5.17, 8.24, 5.04, 22.48, 11.89, 0.0, 8.2, 7.14, 71.77], [0.0, 11.57, 8.31, 13.23, 4.34, 10.17, 32.43, 11.06, 10.55, 9.52, 11.43, 9.58, 7.43, 16.84, 11.97, 11.43, 9.16, 5.7, 11.94, 10.6, 11.67, 19.02, 7.15, 28.05, 6.76, 11.83, 9.0, 10.94, 11.46, 10.69, 6.85, 15.76, 4.32, 8.2, 0.0, 15.32, 72.39], [0.0, 16.92, 7.15, 28.42, 17.8, 25.5, 21.37, 25.41, 12.04, 16.39, 4.17, 24.9, 13.69, 25.33, 14.68, 13.83, 14.06, 10.27, 4.47, 5.12, 17.84, 4.95, 12.1, 23.46, 8.57, 15.12, 15.8, 17.33, 6.26, 11.22, 11.03, 29.18, 18.8, 7.14, 15.32, 0.0, 71.31], [0.0, 0.0, 0.0, 0.0, 0.0, 0.0, 0.0, 0.0, 0.0, 0.0, 0.0, 0.0, 0.0, 0.0, 0.0, 0.0, 0.0, 0.0, 0.0, 0.0, 0.0, 0.0, 0.0, 0.0, 0.0, 0.0, 0.0, 0.0, 0.0, 0.0, 0.0, 0.0, 0.0, 0.0, 0.0, 0.0, 0.0]], "time_windows": [[0.0, 5000.0], [0.0, 117.0], [0.0, 131.0], [0.0, 156.0], [0.0, 175.0], [0.0, 195.0], [0.0, 311.0], [0.0, 399.0], [0.0, 433.0], [0.0, 448.0], [0.0, 472.0], [0.0, 530.0], [0.0, 578.0], [0.0, 631.0], [0.0, 679.0], [0.0, 699.0], [0.0, 713.0], [0.0, 719.0], [0.0, 731.0], [0.0, 744.0], [0.0, 760.0], [0.0, 793.0], [0.0, 818.0], [0.0, 883.0], [0.0, 929.0], [0.0, 941.0], [0.0, 947.0], [0.0, 963.0], [0.0, 990.0], [0.0, 998.0], [0.0, 1013.0], [0.0, 1036.0], [0.0, 1054.0], [0.0, 1067.0], [0.0, 1076.0], [0.0, 1094.0], [0.0, 5000.0]], "start_depot": 0, "end_depot": 36, "horizon": [0.0, 5000.0]}