{"digraph": {"vertex_count": 37, "arc_count": 1260, "arcs": [[0, 1, 1, 1, 1, 1, 1, 1, 1, 1, 1, 1, 1, 1, 1, 1, 1, 1, 1, 1, 1, 1, 1, 1, 1, 1, 1, 1, 1, 1, 1, 1, 1, 1, 1, 1, 1], [0, 0, 1, 1, 1, 1, 1, 1, 1, 1, 1, 1, 1, 1, 1, 1, 1, 1, 1, 1, 1, 1, 1, 1, 1, 1, 1, 1, 1, 1, 1, 1, 1, 1, 1, 1, 1], [0, 1, 0, 1, 1, 1, 1, 1, 1, 1, 1, 1, 1, 1, 1, 1, 1, 1, 1, 1, 1, 1, 1, 1, 1, 1, 1, 1, 1, 1, 1, 1, 1, 1, 1, 1, 1], [0, 1, 1, 0, 1, 1, 1, 1, 1, 1, 1, 1, 1, 1, 1, 1, 1, 1, 1, 1, 1, 1, 1, 1, 1, 1, 1, 1, 1, 1, 1, 1, 1, 1, 1, 1, 1], [0, 1, 1, 1, 0, 1, 1, 1, 1, 1, 1, 1, 1, 1, 1, 1, 1, 1, 1, 1, 1, 1, 1, 1, 1, 1, 1, 1, 1, 1, 1, 1, 1, 1, 1, 1, 1], [0, 1, 1, 1, 1, 0, 1, 1, 1, 1, 1, 1, 1, 1, 1, 1, 1, 1, 1, 1, 1, 1, 1, 1, 1, 1, 1, 1, 1, 1, 1, 1, 1, 1, 1, 1, 1], [0, 1, 1, 1, 1, 1, 0, 1, 1, 1, 1, 1, 1, 1, 1, 1, 1, 1, 1, 1, 1, 1, 1, 1, 1, 1, 1, 1, 1, 1, 1, 1, 1, 1, 1, 1, 1], [0, 1, 1, 1, 1, 1, 1, 0, 1, 1, 1, 1, 1, 1, 1, 1, 1, 1, 1, 1, 1, 1, 1, 1, 1, 1, 1, 1, 1, 1, 1, 1, 1, 1, 1, 1, 1], [0, 1, 1, 1, 1, 1, 1, 1, 0, 1, 1, 1, 1, 1, 1, 1, 1, 1, 1, 1, 1, 1, 1, 1, 1, 1, 1, 1, 1, 1, 1, 1, 1, 1, 1, 1, 1], [0, 1, 1, 1, 1, 1, 1, 1, 1, 0, 1, 1, 1, 1, 1, 1, 1, 1, 1, 1, 1, 1, 1, 1, 1, 1, 1, 1, 1, 1, 1, 1, 1, 1, 1, 1, 1], [0, 1, 1, 1, 1, 1, 1, 1, 1, 1, 0, 1, 1, 1, 1, 1, 1, 1, 1, 1, 1, 1, 1, 1, 1, 1, 1, 1, 1, 1, 1, 1, 1, 1, 1, 1, 1], [0, 1, 1, 1, 1, 1, 1, 1, 1, 1, 1, 0, 1, 1, 1, 1, 1, 1, 1, 1, 1, 1, 1, 1, 1, 1, 1, 1, 1, 1, 1, 1, 1, 1, 1, 1, 1], [0, 1, 1, 1, 1, 1, 1, 1, 1, 1, 1, 1, 0, 1, 1, 1, 1, 1, 1, 1, 1, 1, 1, 1, 1, 1, 1, 1, 1, 1, 1, 1, 1, 1, 1, 1, 1], [0, 1, 1, 1, 1, 1, 1, 1, 1, 1, 1, 1, 1, 0, 1, 1, 1, 1, 1, 1, 1, 1, 1, 1, 1, 1, 1, 1, 1, 1, 1, 1, 1, 1, 1, 1, 1], [0, 1, 1, 1, 1, 1, 1, 1, 1, 1, 1, 1, 1, 1, 0, 1, 1, 1, 1, 1, 1, 1, 1, 1, 1, 1, 1, 1, 1, 1, 1, 1, 1, 1, 1, 1, 1], [0, 1, 1, 1, 1, 1, 1, 1, 1, 1, 1, 1, 1, 1, 1, 0, 1, 1, 1, 1, 1, 1, 1, 1, 1, 1, 1, 1, 1, 1, 1, 1, 1, 1, 1, 1, 1], [0, 1, 1, 1, 1, 1, 1, 1, 1, 1, 1, 1, 1, 1, 1, 1, 0, 1, 1, 1, 1, 1, 1, 1, 1, 1, 1, 1, 1, 1, 1, 1, 1, 1, 1, 1, 1], [0, 1, 1, 1, 1, 1, 1, 1, 1, 1, 1, 1, 1, 1, 1, 1, 1, 0, 1, 1, 1, 1, 1, 1, 1, 1, 1, 1, 1, 1, 1, 1, 1, 1, 1, 1, 1], [0, 1, 1, 1, 1, 1, 1, 1, 1, 1, 1, 1, 1, 1, 1, 1, 1, 1, 0, 1, 1, 1, 1, 1, 1, 1, 1, 1, 1, 1, 1, 1, 1, 1, 1, 1, 1], [0, 1, 1, 1, 1, 1, 1, 1, 1, 1, 1, 1, 1, 1, 1, 1, 1, 1, 1, 0, 1, 1, 1, 1, 1, 1, 1, 1, 1, 1, 1, 1, 1, 1, 1, 1, 1], [0, 1, 1, 1, 1, 1, 1, 1, 1, 1, 1, 1, 1, 1, 1, 1, 1, 1, 1, 1, 0, 1, 1, 1, 1, 1, 1, 1, 1, 1, 1, 1, 1, 1, 1, 1, 1], [0, 1, 1, 1, 1, 1, 1, 1, 1, 1, 1, 1, 1, 1, 1, 1, 1, 1, 1, 1, 1, 0, 1, 1, 1, 1, 1, 1, 1, 1, 1, 1, 1, 1, 1, 1, 1], [0, 1, 1, 1, 1, 1, 1, 1, 1, 1, 1, 1, 1, 1, 1, 1, 1, 1, 1, 1, 1, 1, 0, 1, 1, 1, 1, 1, 1, 1, 1, 1, 1, 1, 1, 1, 1], [0, 1, 1, 1, 1, 1, 1, 1, 1, 1, 1, 1, 1, 1, 1, 1, 1, 1, 1, 1, 1, 1, 1, 0, 1, 1, 1, 1, 1, 1, 1, 1, 1, 1, 1, 1, 1], [0, 1, 1, 1, 1, 1, 1, 1, 1, 1, 1, 1, 1, 1, 1, 1, 1, 1, 1, 1, 1, 1, 1, 1, 0, 1, 1, 1, 1, 1, 1, 1, 1, 1, 1, 1, 1], [0, 1, 1, 1, 1, 1, 1, 1, 1, 1, 1, 1, 1, 1, 1, 1, 1, 1, 1, 1, 1, 1, 1, 1, 1, 0, 1, 1, 1, 1, 1, 1, 1, 1, 1, 1, 1], [0, 1, 1, 1, 1, 1, 1, 1, 1, 1, 1, 1, 1, 1, 1, 1, 1, 1, 1, 1, 1, 1, 1, 1, 1, 1, 0, 1, 1, 1, 1, 1, 1, 1, 1, 1, 1], [0, 1, 1, 1, 1, 1, 1, 1, 1, 1, 1, 1, 1, 1, 1, 1, 1, 1, 1, 1, 1, 1, 1, 1, 1, 1, 1, 0, 1, 1, 1, 1, 1, 1, 1, 1, 1], [0, 1, 1, 1, 1, 1, 1, 1, 1, 1, 1, 1, 1, 1, 1, 1, 1, 1, 1, 1, 1, 1, 1, 1, 1, 1, 1, 1, 0, 1, 1, 1, 1, 1, 1, 1, 1], [0, 1, 1, 1, 1, 1, 1, 1, 1, 1, 1, 1, 1, 1, 1, 1, 1, 1, 1, 1, 1, 1, 1, 1, 1, 1, 1, 1, 1, 0, 1, 1, 1, 1, 1, 1, 1], [0, 1, 1, 1, 1, 1, 1, 1, 1, 1, 1, 1, 1, 1, 1, 1, 1, 1, 1, 1, 1, 1, 1, 1, 1, 1, 1, 1, 1, 1, 0, 1, 1, 1, 1, 1, 1], [0, 1, 1, 1, 1, 1, 1, 1, 1, 1, 1, 1, 1, 1, 1, 1, 1, 1, 1, 1, 1, 1, 1, 1, 1, 1, 1, 1, 1, 1, 1, 0, 1, 1, 1, 1, 1], [0, 1, 1, 1, 1, 1, 1, 1, 1, 1, 1, 1, 1, 1, 1, 1, 1, 1, 1, 1, 1, 1, 1, 1, 1, 1, 1, 1, 1, 1, 1, 1, 0, 1, 1, 1, 1], [0, 1, 1, 1, 1, 1, 1, 1, 1, 1, 1, 1, 1, 1, 1, 1, 1, 1, 1, 1, 1, 1, 1, 1, 1, 1, 1, 1, 1, 1, 1, 1, 1, 0, 1, 1, 1], [0, 1, 1, 1, 1, 1, 1, 1, 1, 1, 1, 1, 1, 1, 1, 1, 1, 1, 1, 1, 1, 1, 1, 1, 1, 1, 1, 1, 1, 1, 1, 1, 1, 1, 0, 1, 1], [0, 1, 1, 1, 1, 1, 1, 1, 1, 1, 1, 1, 1, 1, 1, 1, 1, 1, 1, 1, 1, 1, 1, 1, 1, 1, 1, 1, 1, 1, 1, 1, 1, 1, 1, 0, 1], [0, 0, 0, 0, 0, 0, 0, 0, 0, 0, 0, 0, 0, 0, 0, 0, 0, 0, 0, 0, 0, 0, 0, 0, 0, 0, 0, 0, 0, 0, 0, 0, 0, 0, 0, 0, 0]]}, "cluster_count": 3, "cluster_speeds": [[0.925, 0.85, 0.925, 1.0, 0.8325, 0.765, 0.8325, 0.9, 0.4625, 0.425, 0.4625, 0.5, 0.30525, 0.2805, 0.30525, 0.33, 0.37, 0.34, 0.37, 0.4, 0.555, 0.51, 0.555, 0.6, 0.6475, 0.595, 0.6475, 0.7, 0.37, 0.34, 0.37, 0.4, 0.30525, 0.2805, 0.30525, 0.33, 0.4625, 0.425, 0.4625, 0.5, 0.6475, 0.595, 0.6475, 0.7, 0.74, 0.68, 0.74, 0.8, 0.6475, 0.595, 0.6475, 0.7, 0.4625, 0.425, 0.4625, 0.5, 0.555, 0.51, 0.555, 0.6, 0.6475, 0.595, 0.6475, 0.7, 0.8325, 0.765, 0.8325, 0.9, 0.925, 0.85, 0.925, 1.0, 1.0], [0.6475, 0.595, 0.6475, 0.7, 0.58275, 0.5355, 0.58275, 0.63, 0.32375, 0.2975, 0.32375, 0.35, 0.213675, 0.19635, 0.213675, 0.23099999999999998, 0.259, 0.238, 0.259, 0.27999999999999997, 0.3885, 0.357, 0.3885, 0.42, 0.6475, 0.595, 0.6475, 0.7, 0.37, 0.34, 0.37, 0.4, 0.30525, 0.2805, 0.30525, 0.33, 0.4625, 0.425, 0.4625, 0.5, 0.6475, 0.595, 0.6475, 0.7, 0.74, 0.68, 0.74, 0.8, 0.45324999999999993, 0.4165, 0.45324999999999993, 0.48999999999999994, 0.32375, 0.2975, 0.32375, 0.35, 0.3885, 0.357, 0.3885, 0.42, 0.45324999999999993, 0.4165, 0.45324999999999993, 0.48999999999999994, 0.58275, 0.5355, 0.58275, 0.63, 0.6475, 0.595, 0.6475, 0.7, 0.7], [0.87875, 0.8075, 0.87875, 0.95, 0.790875, 0.72675, 0.790875, 0.855, 0.439375, 0.40375, 0.439375, 0.475, 0.2899875, 0.266475, 0.2899875, 0.3135, 0.3515, 0.323, 0.3515, 0.38, 0.52725, 0.4845, 0.52725, 0.57, 0.6475, 0.595, 0.6475, 0.7, 0.37, 0.34, 0.37, 0.4, 0.30525, 0.2805, 0.30525, 0.33, 0.4625, 0.425, 0.4625, 0.5, 0.6475, 0.595, 0.6475, 0.7, 0.74, 0.68, 0.74, 0.8, 0.6151249999999999, 0.5652499999999999, 0.6151249999999999, 0.6649999999999999, 0.439375, 0.40375, 0.439375, 0.475, 0.52725, 0.4845, 0.52725, 0.57, 0.6151249999999999, 0.5652499999999999, 0.6151249999999999, 0.6649999999999999, 0.790875, 0.72675, 0.790875, 0.855, 0.87875, 0.8075, 0.87875, 0.95, 0.95]], "clusters": [[-1, 2, 2, 2, 2, 2, 2, 2, 2, 2, 2, 2, 2, 2, 2, 2, 2, 2, 2, 2, 2, 2, 2, 2, 2, 2, 2, 2, 2, 2, 2, 2, 2, 2, 2, 2, 2], [2, -1, 2, 2, 2, 2, 2, 2, 2, 2, 2, 2, 2, 2, 2, 2, 2, 2, 2, 2, 2, 2, 2, 2, 2, 2, 2, 2, 2, 2, 2, 2, 2, 2, 2, 2, 2], [0, 0, -1, 0, 0, 0, 0, 0, 0, 0, 0, 0, 0, 0, 0, 0, 0, 0, 0, 0, 0, 0, 0, 0, 0, 0, 0, 0, 0, 0, 0, 0, 0, 0, 0, 0, 0], [0, 0, 0, -1, 0, 0, 0, 0, 0, 0, 0, 0, 0, 0, 0, 0, 0, 0, 0, 0, 0, 0, 0, 0, 0, 0, 0, 0, 0, 0, 0, 0, 0, 0, 0, 0, 0], [2, 2, 2, 2, -1, 2, 2, 2, 2, 2, 2, 2, 2, 2, 2, 2, 2, 2, 2, 2, 2, 2, 2, 2, 2, 2, 2, 2, 2, 2, 2, 2, 2, 2, 2, 2, 2], [0, 0, 0, 0, 0, -1, 0, 0, 0, 0, 0, 0, 0, 0, 0, 0, 0, 0, 0, 0, 0, 0, 0, 0, 0, 0, 0, 0, 0, 0, 0, 0, 0, 0, 0, 0, 0], [0, 0, 0, 0, 0, 0, -1, 0, 0, 0, 0, 0, 0, 0, 0, 0, 0, 0, 0, 0, 0, 0, 0, 0, 0, 0, 0, 0, 0, 0, 0, 0, 0, 0, 0, 0, 0], [0, 0, 0, 0, 0, 0, 0, -1, 0, 0, 0, 0, 0, 0, 0, 0, 0, 0, 0, 0, 0, 0, 0, 0, 0, 0, 0, 0, 0, 0, 0, 0, 0, 0, 0, 0, 0], [0, 0, 0, 0, 0, 0, 0, 0, -1, 0, 0, 0, 0, 0, 0, 0, 0, 0, 0, 0, 0, 0, 0, 0, 0, 0, 0, 0, 0, 0, 0, 0, 0, 0, 0, 0, 0], [0, 0, 0, 0, 0, 0, 0, 0, 0, -1, 0, 0, 0, 0, 0, 0, 0, 0, 0, 0, 0, 0, 0, 0, 0, 0, 0, 0, 0, 0, 0, 0, 0, 0, 0, 0, 0], [0, 0, 0, 0, 0, 0, 0, 0, 0, 0, -1, 0, 0, 0, 0, 0, 0, 0, 0, 0, 0, 0, 0, 0, 0, 0, 0, 0, 0, 0, 0, 0, 0, 0, 0, 0, 0], [2, 2, 2, 2, 2, 2, 2, 2, 2, 2, 2, -1, 2, 2, 2, 2, 2, 2, 2, 2, 2, 2, 2, 2, 2, 2, 2, 2, 2, 2, 2, 2, 2, 2, 2, 2, 2], [2, 2, 2, 2, 2, 2, 2, 2, 2, 2, 2, 2, -1, 2, 2, 2, 2, 2, 2, 2, 2, 2, 2, 2, 2, 2, 2, 2, 2, 2, 2, 2, 2, 2, 2, 2, 2], [0, 0, 0, 0, 0, 0, 0, 0, 0, 0, 0, 0, 0, -1, 0, 0, 0, 0, 0, 0, 0, 0, 0, 0, 0, 0, 0, 0, 0, 0, 0, 0, 0, 0, 0, 0, 0], [0, 0, 0, 0, 0, 0, 0, 0, 0, 0, 0, 0, 0, 0, -1, 0, 0, 0, 0, 0, 0, 0, 0, 0, 0, 0, 0, 0, 0, 0, 0, 0, 0, 0, 0, 0, 0], [0, 0, 0, 0, 0, 0, 0, 0, 0, 0, 0, 0, 0, 0, 0, -1, 0, 0, 0, 0, 0, 0, 0, 0, 0, 0, 0, 0, 0, 0, 0, 0, 0, 0, 0, 0, 0], [2, 2, 2, 2, 2, 2, 2, 2, 2, 2, 2, 2, 2, 2, 2, 2, -1, 2, 2, 2, 2, 2, 2, 2, 2, 2, 2, 2, 2, 2, 2, 2, 2, 2, 2, 2, 2], [0, 0, 0, 0, 0, 0, 0, 0, 0, 0, 0, 0, 0, 0, 0, 0, 0, -1, 0, 0, 0, 0, 0, 0, 0, 0, 0, 0, 0, 0, 0, 0, 0, 0, 0, 0, 0], [1, 1, 1, 1, 1, 1, 1, 1, 1, 1, 1, 1, 1, 1, 1, 1, 1, 1, -1, 1, 1, 1, 1, 1, 1, 1, 1, 1, 1, 1, 1, 1, 1, 1, 1, 1, 1], [0, 0, 0, 0, 0, 0, 0, 0, 0, 0, 0, 0, 0, 0, 0, 0, 0, 0, 0, -1, 0, 0, 0, 0, 0, 0, 0, 0, 0, 0, 0, 0, 0, 0, 0, 0, 0], [0, 0, 0, 0, 0, 0, 0, 0, 0, 0, 0, 0, 0, 0, 0, 0, 0, 0, 0, 0, -1, 0, 0, 0, 0, 0, 0, 0, 0, 0, 0, 0, 0, 0, 0, 0, 0], [2, 2, 2, 2, 2, 2, 2, 2, 2, 2, 2, 2, 2, 2, 2, 2, 2, 2, 2, 2, 2, -1, 2, 2, 2, 2, 2, 2, 2, 2, 2, 2, 2, 2, 2, 2, 2], [2, 2, 2, 2, 2, 2, 2, 2, 2, 2, 2, 2, 2, 2, 2, 2, 2, 2, 2, 2, 2, 2, -1, 2, 2, 2, 2, 2, 2, 2, 2, 2, 2, 2, 2, 2, 2], [0, 0, 0, 0, 0, 0, 0, 0, 0, 0, 0, 0, 0, 0, 0, 0, 0, 0, 0, 0, 0, 0, 0, -1, 0, 0, 0, 0, 0, 0, 0, 0, 0, 0, 0, 0, 0], [0, 0, 0, 0, 0, 0, 0, 0, 0, 0, 0, 0, 0, 0, 0, 0, 0, 0, 0, 0, 0, 0, 0, 0, -1, 0, 0, 0, 0, 0, 0, 0, 0, 0, 0, 0, 0], [1, 1, 1, 1, 1, 1, 1, 1, 1, 1, 1, 1, 1, 1, 1, 1, 1, 1, 1, 1, 1, 1, 1, 1, 1, -1, 1, 1, 1, 1, 1, 1, 1, 1, 1, 1, 1], [0, 0, 0, 0, 0, 0, 0, 0, 0, 0, 0, 0, 0, 0, 0, 0, 0, 0, 0, 0, 0, 0, 0, 0, 0, 0, -1, 0, 0, 0, 0, 0, 0, 0, 0, 0, 0], [0, 0, 0, 0, 0, 0, 0, 0, 0, 0, 0, 0, 0, 0, 0, 0, 0, 0, 0, 0, 0, 0, 0, 0, 0, 0, 0, -1, 0, 0, 0, 0, 0, 0, 0, 0, 0], [0, 0, 0, 0, 0, 0, 0, 0, 0, 0, 0, 0, 0, 0, 0, 0, 0, 0, 0, 0, 0, 0, 0, 0, 0, 0, 0, 0, -1, 0, 0, 0, 0, 0, 0, 0, 0], [0, 0, 0, 0, 0, 0, 0, 0, 0, 0, 0, 0, 0, 0, 0, 0, 0, 0, 0, 0, 0, 0, 0, 0, 0, 0, 0, 0, 0, -1, 0, 0, 0, 0, 0, 0, 0], [1, 1, 1, 1, 1, 1, 1, 1, 1, 1, 1, 1, 1, 1, 1, 1, 1, 1, 1, 1, 1, 1, 1, 1, 1, 1, 1, 1, 1, 1, -1, 1, 1, 1, 1, 1, 1], [0, 0, 0, 0, 0, 0, 0, 0, 0, 0, 0, 0, 0, 0, 0, 0, 0, 0, 0, 0, 0, 0, 0, 0, 0, 0, 0, 0, 0, 0, 0, -1, 0, 0, 0, 0, 0], [1, 1, 1, 1, 1, 1, 1, 1, 1, 1, 1, 1, 1, 1, 1, 1, 1, 1, 1, 1, 1, 1, 1, 1, 1, 1, 1, 1, 1, 1, 1, 1, -1, 1, 1, 1, 1], [0, 0, 0, 0, 0, 0, 0, 0, 0, 0, 0, 0, 0, 0, 0, 0, 0, 0, 0, 0, 0, 0, 0, 0, 0, 0, 0, 0, 0, 0, 0, 0, 0, -1, 0, 0, 0], [0, 0, 0, 0, 0, 0, 0, 0, 0, 0, 0, 0, 0, 0, 0, 0, 0, 0, 0, 0, 0, 0, 0, 0, 0, 0, 0, 0, 0, 0, 0, 0, 0, 0, -1, 0, 0], [0, 0, 0, 0, 0, 0, 0, 0, 0, 0, 0, 0, 0, 0, 0, 0, 0, 0, 0, 0, 0, 0, 0, 0, 0, 0, 0, 0, 0, 0, 0, 0, 0, 0, 0, -1, 0], [2, 2, 2, 2, 2, 2, 2, 2, 2, 2, 2, 2, 2, 2, 2, 2, 2, 2, 2, 2, 2, 2, 2, 2, 2, 2, 2, 2, 2, 2, 2, 2, 2, 2, 2, 2, -1]], "speed_zone_count": 73, "speed_zones": [[0.0, 15.0], [15.0, 30.0], [30.0, 45.0], [45.0, 60.0], [60.0, 75.0], [75.0, 90.0], [90.0, 105.0], [105.0, 120.0], [120.0, 135.0], [135.0, 150.0], [150.0, 165.0], [165.0, 180.0], [180.0, 195.0], [195.0, 210.0], [210.0, 225.0], [225.0, 240.0], [240.0, 255.0], [255.0, 270.0], [270.0, 285.0], [285.0, 300.0], [300.0, 315.0], [315.0, 330.0], [330.0, 345.0], [345.0, 360.0], [360.0, 375.0], [375.0, 390.0], [390.0, 405.0], [405.0, 420.0], [420.0, 435.0], [435.0, 450.0], [450.0, 465.0], [465.0, 480.0], [480.0, 495.0], [495.0, 510.0], [510.0, 525.0], [525.0, 540.0], [540.0, 555.0], [555.0, 570.0], [570.0, 585.0], [585.0, 600.0], [600.0, 615.0], [615.0, 630.0], [630.0, 645.0], [645.0, 660.0], [660.0, 675.0], [675.0, 690.0], [690.0, 705.0], [705.0, 720.0], [720.0, 735.0], [735.0, 750.0], [750.0, 765.0], [765.0, 780.0], [780.0, 795.0], [795.0, 810.0], [810.0, 825.0], [825.0, 840.0], [840.0, 855.0], [855.0, 870.0], [870.0, 885.0], [885.0, 900.0], [900.0, 915.0], [915.0, 930.0], [930.0, 945.0], [945.0, 960.0], [960.0, 975.0], [975.0, 990.0], [990.0, 1005.0], [1005.0, 1020.0], [1020.0, 1035.0], [1035.0, 1050.0], [1050.0, 1065.0], [1065.0, 1080.0], [1080.0, 5000.0]], "distances": [[0.0, 41.83, 67.42, 73.79, 114.47, 73.67, 57.8, 62.51, 73.61, 63.16, 70.19, 72.56, 96.62, 68.94, 75.75, 63.25, 80.31, 81.22, 82.09, 57.2, 72.89, 83.74, 93.05, 75.76, 61.63, 46.37, 85.07, 78.67, 72.05, 64.64, 54.03, 77.03, 89.92, 67.83, 68.94, 68.91, 0.0], [0.0, 0.0, 26.9, 32.09, 77.06, 31.91, 17.46, 21.12, 32.22, 23.17, 32.77, 35.27, 55.79, 28.19, 34.75, 21.43, 46.33, 40.8, 45.05, 17.73, 31.37, 52.6, 62.15, 34.28, 20.3, 5.19, 43.58, 40.06, 30.72, 24.49, 13.33, 35.57, 48.79, 28.89, 27.24, 32.2, 41.83], [0.0, 26.9, 0.0, 9.71, 50.77, 10.48, 9.65, 6.8, 7.52, 4.46, 10.53, 33.12, 29.21, 10.41, 8.48, 10.35, 25.01, 13.94, 20.36, 10.33, 17.4, 33.2, 41.53, 9.74, 7.27, 21.77, 18.33, 14.19, 6.05, 10.84, 13.64, 10.77, 22.57, 5.46, 14.14, 11.63, 67.42], [0.0, 32.09, 9.71, 0.0, 50.2, 9.44, 17.07, 11.47, 13.77, 13.58, 18.42, 26.82, 24.76, 8.13, 6.4, 10.91, 31.0, 12.49, 24.26, 18.56, 9.74, 39.49, 46.71, 13.66, 12.39, 27.42, 11.7, 17.62, 9.32, 12.29, 20.13, 4.27, 17.46, 14.33, 8.78, 20.04, 73.79], [0.0, 77.06, 50.77, 50.2, 0.0, 51.11, 59.67, 57.42, 48.13, 53.98, 44.71, 74.51, 28.18, 49.88, 44.67, 59.71, 34.91, 38.02, 32.49, 59.36, 58.45, 34.92, 29.58, 47.02, 58.0, 71.87, 40.44, 37.0, 49.1, 52.77, 63.81, 45.95, 34.49, 48.17, 58.91, 45.76, 114.47], [0.0, 31.91, 10.48, 9.44, 51.11, 0.0, 17.34, 11.6, 4.33, 14.17, 19.46, 25.68, 25.4, 8.97, 7.53, 10.57, 32.14, 13.52, 25.4, 18.93, 8.6, 40.63, 47.85, 4.22, 12.52, 27.33, 12.19, 18.76, 4.91, 12.94, 20.22, 5.17, 18.08, 15.27, 7.81, 21.05, 73.67], [0.0, 17.46, 9.65, 17.07, 59.67, 17.34, 0.0, 5.94, 16.12, 5.71, 16.05, 32.99, 38.85, 11.14, 17.96, 9.7, 30.57, 23.57, 28.0, 11.67, 20.92, 37.89, 47.04, 18.37, 5.08, 12.28, 27.52, 22.67, 14.52, 7.05, 12.82, 19.58, 32.13, 11.6, 16.54, 15.97, 57.8], [0.0, 21.12, 6.8, 11.47, 57.42, 11.6, 5.94, 0.0, 11.12, 5.85, 16.47, 28.55, 34.7, 7.54, 13.68, 4.62, 31.27, 19.98, 27.12, 7.86, 15.14, 39.22, 47.86, 13.25, 9.69, 16.21, 22.56, 20.99, 9.6, 5.96, 8.66, 14.52, 27.67, 11.29, 10.88, 17.09, 62.51], [0.0, 32.22, 7.52, 13.77, 48.13, 4.33, 16.12, 11.12, 0.0, 11.81, 15.33, 29.89, 23.76, 5.79, 11.86, 11.86, 27.81, 10.12, 21.19, 17.31, 12.87, 36.3, 43.6, 8.55, 11.99, 27.34, 11.47, 14.53, 9.24, 10.37, 19.61, 9.5, 16.61, 11.51, 11.39, 17.01, 73.61], [0.0, 23.17, 4.46, 13.58, 53.98, 14.17, 5.71, 5.85, 11.81, 0.0, 11.04, 34.29, 33.47, 6.16, 12.93, 10.42, 25.85, 18.07, 22.54, 5.96, 19.88, 33.6, 42.44, 14.07, 5.71, 17.98, 22.78, 17.01, 10.26, 10.83, 9.85, 15.15, 26.95, 6.13, 15.99, 11.41, 63.16], [0.0, 32.77, 10.53, 18.42, 44.71, 19.46, 16.05, 16.47, 15.33, 11.04, 0.0, 43.6, 28.76, 11.2, 13.58, 20.65, 14.83, 14.37, 12.32, 15.16, 27.43, 22.78, 31.43, 16.82, 16.56, 27.66, 22.14, 8.75, 14.56, 10.52, 19.98, 17.2, 23.88, 5.21, 24.55, 11.38, 70.19], [0.0, 35.27, 33.12, 26.82, 74.51, 25.68, 32.99, 28.55, 29.89, 34.29, 43.6, 0.0, 46.64, 32.43, 33.21, 23.93, 57.47, 38.81, 51.07, 35.18, 17.12, 65.89, 73.47, 29.76, 28.96, 33.89, 34.15, 44.42, 29.89, 33.97, 32.46, 30.4, 40.02, 38.57, 19.07, 44.74, 72.56], [0.0, 55.79, 29.21, 24.76, 28.18, 25.4, 38.85, 34.7, 23.76, 33.47, 28.76, 46.64, 0.0, 27.74, 21.05, 35.49, 29.69, 15.46, 21.63, 39.43, 31.42, 36.11, 38.37, 21.95, 35.5, 50.77, 13.38, 20.3, 25.16, 31.98, 42.76, 20.68, 7.32, 29.35, 32.81, 30.61, 96.62], [0.0, 28.19, 10.41, 8.13, 49.88, 8.97, 11.14, 7.54, 5.79, 6.16, 11.2, 32.43, 27.74, 0.0, 6.85, 10.44, 25.29, 12.62, 20.1, 11.96, 16.32, 33.6, 41.69, 8.0, 8.16, 23.09, 16.63, 13.71, 4.36, 4.67, 15.03, 9.03, 21.0, 6.45, 13.36, 12.52, 68.94], [0.0, 34.75, 8.48, 6.4, 44.67, 7.53, 17.96, 13.68, 11.86, 12.93, 13.58, 33.21, 21.05, 6.85, 0.0, 15.11, 24.87, 6.65, 17.88, 18.8, 16.11, 33.36, 40.36, 11.75, 14.46, 29.73, 9.93, 11.27, 4.44, 11.41, 21.76, 9.5, 14.17, 10.82, 14.93, 15.44, 75.75], [0.0, 21.43, 10.35, 10.91, 59.71, 10.57, 9.7, 4.62, 11.86, 10.42, 20.65, 23.93, 35.49, 10.44, 15.11, 0.0, 35.33, 21.74, 30.54, 11.85, 11.45, 43.42, 51.86, 13.54, 5.07, 17.07, 22.6, 24.13, 10.67, 10.33, 10.98, 14.82, 28.24, 15.45, 6.98, 21.45, 63.25], [0.0, 46.33, 25.01, 31.0, 34.91, 32.14, 30.57, 31.27, 27.81, 25.85, 14.83, 57.47, 29.69, 25.29, 24.87, 35.33, 0.0, 21.49, 8.5, 29.36, 40.66, 8.49, 16.6, 28.5, 31.39, 41.42, 29.76, 13.88, 27.61, 25.34, 34.28, 28.32, 28.28, 19.98, 38.46, 14.61, 80.31], [0.0, 40.8, 13.94, 12.49, 38.02, 13.52, 23.57, 19.98, 10.12, 18.07, 14.37, 38.81, 15.46, 12.62, 6.65, 21.74, 21.49, 0.0, 13.42, 24.02, 21.76, 29.75, 35.68, 9.3, 20.69, 35.69, 8.46, 7.85, 11.09, 16.6, 27.58, 8.46, 9.6, 14.0, 21.25, 16.34, 81.22], [0.0, 45.05, 20.36, 24.26, 32.49, 25.4, 28.0, 27.12, 21.19, 22.54, 12.32, 51.07, 21.63, 20.1, 17.88, 30.54, 8.5, 13.42, 0.0, 27.35, 33.99, 16.4, 22.51, 21.43, 27.46, 39.9, 21.45, 6.67, 21.36, 21.6, 32.06, 21.01, 19.78, 16.43, 32.42, 13.27, 82.09], [0.0, 17.73, 10.33, 18.56, 59.36, 18.93, 11.67, 7.86, 17.31, 5.96, 15.16, 35.18, 39.43, 11.96, 18.8, 11.85, 29.36, 24.02, 27.35, 0.0, 22.97, 36.44, 45.71, 19.58, 7.06, 12.56, 28.56, 22.38, 15.72, 7.46, 4.92, 20.74, 32.89, 11.19, 18.63, 14.83, 57.2], [0.0, 31.37, 17.4, 9.74, 58.45, 8.6, 20.92, 15.14, 12.87, 19.88, 27.43, 17.12, 31.42, 16.32, 16.11, 11.45, 40.66, 21.76, 33.99, 22.97, 0.0, 49.13, 56.45, 12.65, 15.91, 27.69, 18.17, 27.36, 13.09, 19.07, 22.41, 13.31, 24.29, 22.75, 4.48, 28.83, 72.89], [0.0, 52.6, 33.2, 39.49, 34.92, 40.63, 37.89, 39.22, 36.3, 33.6, 22.78, 65.89, 36.11, 33.6, 33.36, 43.42, 8.49, 29.75, 16.4, 36.44, 49.13, 0.0, 9.64, 36.99, 39.25, 47.93, 37.85, 22.31, 36.07, 33.26, 41.33, 36.79, 35.78, 27.98, 46.85, 22.19, 83.74], [0.0, 62.15, 41.53, 46.71, 29.58, 47.85, 47.04, 47.86, 43.6, 42.44, 31.43, 73.47, 38.37, 41.69, 40.36, 51.86, 16.6, 35.68, 22.51, 45.71, 56.45, 9.64, 0.0, 43.93, 47.99, 57.42, 43.07, 29.1, 43.61, 41.94, 50.62, 43.52, 39.81, 36.57, 54.63, 31.13, 93.05], [0.0, 34.28, 9.74, 13.66, 47.02, 4.22, 18.37, 13.25, 8.55, 14.07, 16.82, 29.76, 21.95, 8.0, 11.75, 13.54, 28.5, 9.3, 21.43, 19.58, 12.65, 36.99, 43.93, 0.0, 14.13, 29.44, 9.32, 14.86, 9.13, 12.62, 21.81, 9.39, 14.71, 13.4, 11.97, 18.59, 75.76], [0.0, 20.3, 7.27, 12.39, 58.0, 12.52, 5.08, 9.69, 11.99, 5.71, 16.56, 28.96, 35.5, 8.16, 14.46, 5.07, 31.39, 20.69, 27.46, 7.06, 15.91, 39.25, 47.99, 14.13, 0.0, 15.36, 23.44, 21.43, 10.45, 6.05, 7.74, 15.4, 28.5, 11.44, 11.6, 17.08, 61.63], [0.0, 5.19, 21.77, 27.42, 71.87, 27.33, 12.28, 16.21, 27.34, 17.98, 27.66, 33.89, 50.77, 23.09, 29.73, 17.07, 41.42, 35.69, 39.9, 12.56, 27.69, 47.93, 57.42, 29.44, 15.36, 0.0, 38.77, 34.87, 25.81, 19.31, 8.15, 30.73, 43.84, 23.71, 23.37, 27.15, 46.37], [0.0, 43.58, 18.33, 11.7, 40.44, 12.19, 27.52, 22.56, 11.47, 22.78, 22.14, 34.15, 13.38, 16.63, 9.93, 22.6, 29.76, 8.46, 21.45, 28.56, 18.17, 37.85, 43.07, 9.32, 23.44, 38.77, 0.0, 16.31, 13.04, 21.27, 31.08, 8.04, 6.14, 20.47, 19.44, 24.12, 85.07], [0.0, 40.06, 14.19, 17.62, 37.0, 18.76, 22.67, 20.99, 14.53, 17.01, 8.75, 44.42, 20.3, 13.71, 11.27, 24.13, 13.88, 7.85, 6.67, 22.38, 27.36, 22.31, 29.1, 14.86, 21.43, 34.87, 16.31, 0.0, 14.69, 15.86, 26.81, 14.54, 16.31, 11.19, 25.76, 10.45, 78.67], [0.0, 30.72, 6.05, 9.32, 49.1, 4.91, 14.52, 9.6, 9.24, 10.26, 14.56, 29.89, 25.16, 4.36, 4.44, 10.67, 27.61, 11.09, 21.36, 15.72, 13.09, 36.07, 43.61, 9.13, 10.45, 25.81, 13.04, 14.69, 0.0, 8.84, 18.04, 5.06, 18.08, 10.41, 11.07, 16.14, 72.05], [0.0, 24.49, 10.84, 12.29, 52.77, 12.94, 7.05, 5.96, 10.37, 10.83, 10.52, 33.97, 31.98, 4.67, 11.41, 10.33, 25.34, 16.6, 21.6, 7.46, 19.07, 33.26, 41.94, 12.62, 6.05, 19.31, 21.27, 15.86, 8.84, 0.0, 11.16, 13.68, 25.44, 5.38, 15.37, 11.15, 64.64], [0.0, 13.33, 13.64, 20.13, 63.81, 20.22, 12.82, 8.66, 19.61, 9.85, 19.98, 32.46, 42.76, 15.03, 21.76, 10.98, 34.28, 27.58, 32.06, 4.92, 22.41, 41.33, 50.62, 21.81, 7.74, 8.15, 31.08, 26.81, 18.04, 11.16, 0.0, 23.06, 35.93, 15.71, 17.93, 19.73, 54.03], [0.0, 35.57, 10.77, 4.27, 45.95, 5.17, 19.58, 14.52, 9.5, 15.15, 17.2, 30.4, 20.68, 9.03, 9.5, 14.82, 28.32, 8.46, 21.01, 20.74, 13.31, 36.79, 43.52, 9.39, 15.4, 30.73, 8.04, 14.54, 5.06, 13.68, 23.06, 0.0, 13.43, 14.09, 12.98, 19.03, 77.03], [0.0, 48.79, 22.57, 17.46, 34.49, 18.08, 32.13, 27.67, 16.61, 26.95, 23.88, 40.02, 7.32, 21.0, 14.17, 28.24, 28.28, 9.6, 19.78, 32.89, 24.29, 35.78, 39.81, 14.71, 28.5, 43.84, 6.14, 16.31, 18.08, 25.44, 35.93, 13.43, 0.0, 23.49, 25.52, 25.84, 89.92], [0.0, 28.89, 5.46, 14.33, 48.17, 15.27, 11.6, 11.29, 11.51, 6.13, 5.21, 38.57, 29.35, 6.45, 10.82, 15.45, 19.98, 14.0, 16.43, 11.19, 22.75, 27.98, 36.57, 13.4, 11.44, 23.71, 20.47, 11.19, 10.41, 5.38, 15.71, 14.09, 23.49, 0.0, 19.59, 6.17, 67.83], [0.0, 27.24, 14.14, 8.78, 58.91, 7.81, 16.54, 10.88, 11.39, 15.99, 24.55, 19.07, 32.81, 13.36, 14.93, 6.98, 38.46, 21.25, 32.42, 18.63, 4.48, 46.85, 54.63, 11.97, 11.6, 23.37, 19.44, 25.76, 11.07, 15.37, 17.93, 12.98, 25.52, 19.59, 0.0, 25.76, 68.94], [0.0, 32.2, 11.63, 20.04, 45.76, 21.05, 15.97, 17.09, 17.01, 11.41, 11.38, 44.74, 30.61, 12.52, 15.44, 21.45, 14.61, 16.34, 13.27, 14.83, 28.83, 22.19, 31.13, 18.59, 17.08, 27.15, 24.12, 10.45, 16.14, 11.15, 19.73, 19.03, 25.84, 6.17, 25.76, 0.0, 68.91], [0.0, 0.0, 0.0, 0.0, 0.0, 0.0, 0.0, 0.0, 0.0, 0.0, 0.0, 0.0, 0.0, 0.0, 0.0, 0.0, 0.0, 0.0, 0.0, 0.0, 0.0, 0.0, 0.0, 0.0, 0.0, 0.0, 0.0, 0.0, 0.0, 0.0, 0.0, 0.0, 0.0, 0.0, 0.0, 0.0, 0.0]], "time_windows": [[0.0, 5000.0], [0.0, 87.0], [0.0, 116.0], [0.0, 129.0], [0.0, 211.0], [0.0, 351.0], [0.0, 384.0], [0.0, 394.0], [0.0, 412.0], [0.0, 431.0], [0.0, 448.0], [0.0, 563.0], [0.0, 661.0], [0.0, 703.0], [0.0, 712.0], [0.0, 734.0], [0.0, 784.0], [0.0, 817.0], [0.0, 845.0], [0.0, 900.0], [0.0, 941.0], [0.0, 1013.0], [0.0, 1026.0], [0.0, 1076.0], [0.0, 1092.0], [0.0, 1109.0], [0.0, 1147.0], [0.0, 1164.0], [0.0, 1178.0], [0.0, 1187.0], [0.0, 1198.0], [0.0, 1221.0], [0.0, 1235.0], [0.0, 1258.0], [0.0, 1278.0], [0.0, 1304.0], [0.0, 5000.0]], "start_depot": 0, "end_depot": 36, "horizon": [0.0, 5000.0]}