{"digraph": {"vertex_count": 37, "arc_count": 1260, "arcs": [[0, 1, 1, 1, 1, 1, 1, 1, 1, 1, 1, 1, 1, 1, 1, 1, 1, 1, 1, 1, 1, 1, 1, 1, 1, 1, 1, 1, 1, 1, 1, 1, 1, 1, 1, 1, 1], [0, 0, 1, 1, 1, 1, 1, 1, 1, 1, 1, 1, 1, 1, 1, 1, 1, 1, 1, 1, 1, 1, 1, 1, 1, 1, 1, 1, 1, 1, 1, 1, 1, 1, 1, 1, 1], [0, 1, 0, 1, 1, 1, 1, 1, 1, 1, 1, 1, 1, 1, 1, 1, 1, 1, 1, 1, 1, 1, 1, 1, 1, 1, 1, 1, 1, 1, 1, 1, 1, 1, 1, 1, 1], [0, 1, 1, 0, 1, 1, 1, 1, 1, 1, 1, 1, 1, 1, 1, 1, 1, 1, 1, 1, 1, 1, 1, 1, 1, 1, 1, 1, 1, 1, 1, 1, 1, 1, 1, 1, 1], [0, 1, 1, 1, 0, 1, 1, 1, 1, 1, 1, 1, 1, 1, 1, 1, 1, 1, 1, 1, 1, 1, 1, 1, 1, 1, 1, 1, 1, 1, 1, 1, 1, 1, 1, 1, 1], [0, 1, 1, 1, 1, 0, 1, 1, 1, 1, 1, 1, 1, 1, 1, 1, 1, 1, 1, 1, 1, 1, 1, 1, 1, 1, 1, 1, 1, 1, 1, 1, 1, 1, 1, 1, 1], [0, 1, 1, 1, 1, 1, 0, 1, 1, 1, 1, 1, 1, 1, 1, 1, 1, 1, 1, 1, 1, 1, 1, 1, 1, 1, 1, 1, 1, 1, 1, 1, 1, 1, 1, 1, 1], [0, 1, 1, 1, 1, 1, 1, 0, 1, 1, 1, 1, 1, 1, 1, 1, 1, 1, 1, 1, 1, 1, 1, 1, 1, 1, 1, 1, 1, 1, 1, 1, 1, 1, 1, 1, 1], [0, 1, 1, 1, 1, 1, 1, 1, 0, 1, 1, 1, 1, 1, 1, 1, 1, 1, 1, 1, 1, 1, 1, 1, 1, 1, 1, 1, 1, 1, 1, 1, 1, 1, 1, 1, 1], [0, 1, 1, 1, 1, 1, 1, 1, 1, 0, 1, 1, 1, 1, 1, 1, 1, 1, 1, 1, 1, 1, 1, 1, 1, 1, 1, 1, 1, 1, 1, 1, 1, 1, 1, 1, 1], [0, 1, 1, 1, 1, 1, 1, 1, 1, 1, 0, 1, 1, 1, 1, 1, 1, 1, 1, 1, 1, 1, 1, 1, 1, 1, 1, 1, 1, 1, 1, 1, 1, 1, 1, 1, 1], [0, 1, 1, 1, 1, 1, 1, 1, 1, 1, 1, 0, 1, 1, 1, 1, 1, 1, 1, 1, 1, 1, 1, 1, 1, 1, 1, 1, 1, 1, 1, 1, 1, 1, 1, 1, 1], [0, 1, 1, 1, 1, 1, 1, 1, 1, 1, 1, 1, 0, 1, 1, 1, 1, 1, 1, 1, 1, 1, 1, 1, 1, 1, 1, 1, 1, 1, 1, 1, 1, 1, 1, 1, 1], [0, 1, 1, 1, 1, 1, 1, 1, 1, 1, 1, 1, 1, 0, 1, 1, 1, 1, 1, 1, 1, 1, 1, 1, 1, 1, 1, 1, 1, 1, 1, 1, 1, 1, 1, 1, 1], [0, 1, 1, 1, 1, 1, 1, 1, 1, 1, 1, 1, 1, 1, 0, 1, 1, 1, 1, 1, 1, 1, 1, 1, 1, 1, 1, 1, 1, 1, 1, 1, 1, 1, 1, 1, 1], [0, 1, 1, 1, 1, 1, 1, 1, 1, 1, 1, 1, 1, 1, 1, 0, 1, 1, 1, 1, 1, 1, 1, 1, 1, 1, 1, 1, 1, 1, 1, 1, 1, 1, 1, 1, 1], [0, 1, 1, 1, 1, 1, 1, 1, 1, 1, 1, 1, 1, 1, 1, 1, 0, 1, 1, 1, 1, 1, 1, 1, 1, 1, 1, 1, 1, 1, 1, 1, 1, 1, 1, 1, 1], [0, 1, 1, 1, 1, 1, 1, 1, 1, 1, 1, 1, 1, 1, 1, 1, 1, 0, 1, 1, 1, 1, 1, 1, 1, 1, 1, 1, 1, 1, 1, 1, 1, 1, 1, 1, 1], [0, 1, 1, 1, 1, 1, 1, 1, 1, 1, 1, 1, 1, 1, 1, 1, 1, 1, 0, 1, 1, 1, 1, 1, 1, 1, 1, 1, 1, 1, 1, 1, 1, 1, 1, 1, 1], [0, 1, 1, 1, 1, 1, 1, 1, 1, 1, 1, 1, 1, 1, 1, 1, 1, 1, 1, 0, 1, 1, 1, 1, 1, 1, 1, 1, 1, 1, 1, 1, 1, 1, 1, 1, 1], [0, 1, 1, 1, 1, 1, 1, 1, 1, 1, 1, 1, 1, 1, 1, 1, 1, 1, 1, 1, 0, 1, 1, 1, 1, 1, 1, 1, 1, 1, 1, 1, 1, 1, 1, 1, 1], [0, 1, 1, 1, 1, 1, 1, 1, 1, 1, 1, 1, 1, 1, 1, 1, 1, 1, 1, 1, 1, 0, 1, 1, 1, 1, 1, 1, 1, 1, 1, 1, 1, 1, 1, 1, 1], [0, 1, 1, 1, 1, 1, 1, 1, 1, 1, 1, 1, 1, 1, 1, 1, 1, 1, 1, 1, 1, 1, 0, 1, 1, 1, 1, 1, 1, 1, 1, 1, 1, 1, 1, 1, 1], [0, 1, 1, 1, 1, 1, 1, 1, 1, 1, 1, 1, 1, 1, 1, 1, 1, 1, 1, 1, 1, 1, 1, 0, 1, 1, 1, 1, 1, 1, 1, 1, 1, 1, 1, 1, 1], [0, 1, 1, 1, 1, 1, 1, 1, 1, 1, 1, 1, 1, 1, 1, 1, 1, 1, 1, 1, 1, 1, 1, 1, 0, 1, 1, 1, 1, 1, 1, 1, 1, 1, 1, 1, 1], [0, 1, 1, 1, 1, 1, 1, 1, 1, 1, 1, 1, 1, 1, 1, 1, 1, 1, 1, 1, 1, 1, 1, 1, 1, 0, 1, 1, 1, 1, 1, 1, 1, 1, 1, 1, 1], [0, 1, 1, 1, 1, 1, 1, 1, 1, 1, 1, 1, 1, 1, 1, 1, 1, 1, 1, 1, 1, 1, 1, 1, 1, 1, 0, 1, 1, 1, 1, 1, 1, 1, 1, 1, 1], [0, 1, 1, 1, 1, 1, 1, 1, 1, 1, 1, 1, 1, 1, 1, 1, 1, 1, 1, 1, 1, 1, 1, 1, 1, 1, 1, 0, 1, 1, 1, 1, 1, 1, 1, 1, 1], [0, 1, 1, 1, 1, 1, 1, 1, 1, 1, 1, 1, 1, 1, 1, 1, 1, 1, 1, 1, 1, 1, 1, 1, 1, 1, 1, 1, 0, 1, 1, 1, 1, 1, 1, 1, 1], [0, 1, 1, 1, 1, 1, 1, 1, 1, 1, 1, 1, 1, 1, 1, 1, 1, 1, 1, 1, 1, 1, 1, 1, 1, 1, 1, 1, 1, 0, 1, 1, 1, 1, 1, 1, 1], [0, 1, 1, 1, 1, 1, 1, 1, 1, 1, 1, 1, 1, 1, 1, 1, 1, 1, 1, 1, 1, 1, 1, 1, 1, 1, 1, 1, 1, 1, 0, 1, 1, 1, 1, 1, 1], [0, 1, 1, 1, 1, 1, 1, 1, 1, 1, 1, 1, 1, 1, 1, 1, 1, 1, 1, 1, 1, 1, 1, 1, 1, 1, 1, 1, 1, 1, 1, 0, 1, 1, 1, 1, 1], [0, 1, 1, 1, 1, 1, 1, 1, 1, 1, 1, 1, 1, 1, 1, 1, 1, 1, 1, 1, 1, 1, 1, 1, 1, 1, 1, 1, 1, 1, 1, 1, 0, 1, 1, 1, 1], [0, 1, 1, 1, 1, 1, 1, 1, 1, 1, 1, 1, 1, 1, 1, 1, 1, 1, 1, 1, 1, 1, 1, 1, 1, 1, 1, 1, 1, 1, 1, 1, 1, 0, 1, 1, 1], [0, 1, 1, 1, 1, 1, 1, 1, 1, 1, 1, 1, 1, 1, 1, 1, 1, 1, 1, 1, 1, 1, 1, 1, 1, 1, 1, 1, 1, 1, 1, 1, 1, 1, 0, 1, 1], [0, 1, 1, 1, 1, 1, 1, 1, 1, 1, 1, 1, 1, 1, 1, 1, 1, 1, 1, 1, 1, 1, 1, 1, 1, 1, 1, 1, 1, 1, 1, 1, 1, 1, 1, 0, 1], [0, 0, 0, 0, 0, 0, 0, 0, 0, 0, 0, 0, 0, 0, 0, 0, 0, 0, 0, 0, 0, 0, 0, 0, 0, 0, 0, 0, 0, 0, 0, 0, 0, 0, 0, 0, 0]]}, "cluster_count": 3, "cluster_speeds": [[0.925, 0.85, 0.925, 1.0, 0.8325, 0.765, 0.8325, 0.9, 0.4625, 0.425, 0.4625, 0.5, 0.30525, 0.2805, 0.30525, 0.33, 0.37, 0.34, 0.37, 0.4, 0.555, 0.51, 0.555, 0.6, 0.6475, 0.595, 0.6475, 0.7, 0.37, 0.34, 0.37, 0.4, 0.30525, 0.2805, 0.30525, 0.33, 0.4625, 0.425, 0.4625, 0.5, 0.6475, 0.595, 0.6475, 0.7, 0.74, 0.68, 0.74, 0.8, 0.6475, 0.595, 0.6475, 0.7, 0.4625, 0.425, 0.4625, 0.5, 0.555, 0.51, 0.555, 0.6, 0.6475, 0.595, 0.6475, 0.7, 0.8325, 0.765, 0.8325, 0.9, 0.925, 0.85, 0.925, 1.0, 1.0], [0.7400000000000001, 0.68, 0.7400000000000001, 0.8, 0.666, 0.6120000000000001, 0.666, 0.7200000000000001, 0.37000000000000005, 0.34, 0.37000000000000005, 0.4, 0.24420000000000003, 0.22440000000000004, 0.24420000000000003, 0.264, 0.296, 0.272, 0.296, 0.32000000000000006, 0.44400000000000006, 0.40800000000000003, 0.44400000000000006, 0.48, 0.6475, 0.595, 0.6475, 0.7, 0.37, 0.34, 0.37, 0.4, 0.30525, 0.2805, 0.30525, 0.33, 0.4625, 0.425, 0.4625, 0.5, 0.6475, 0.595, 0.6475, 0.7, 0.74, 0.68, 0.74, 0.8, 0.518, 0.476, 0.518, 0.5599999999999999, 0.37000000000000005, 0.34, 0.37000000000000005, 0.4, 0.44400000000000006, 0.40800000000000003, 0.44400000000000006, 0.48, 0.518, 0.476, 0.518, 0.5599999999999999, 0.666, 0.6120000000000001, 0.666, 0.7200000000000001, 0.7400000000000001, 0.68, 0.7400000000000001, 0.8, 0.8], [0.87875, 0.8075, 0.87875, 0.95, 0.790875, 0.72675, 0.790875, 0.855, 0.439375, 0.40375, 0.439375, 0.475, 0.2899875, 0.266475, 0.2899875, 0.3135, 0.3515, 0.323, 0.3515, 0.38, 0.52725, 0.4845, 0.52725, 0.57, 0.6475, 0.595, 0.6475, 0.7, 0.37, 0.34, 0.37, 0.4, 0.30525, 0.2805, 0.30525, 0.33, 0.4625, 0.425, 0.4625, 0.5, 0.6475, 0.595, 0.6475, 0.7, 0.74, 0.68, 0.74, 0.8, 0.6151249999999999, 0.5652499999999999, 0.6151249999999999, 0.6649999999999999, 0.439375, 0.40375, 0.439375, 0.475, 0.52725, 0.4845, 0.52725, 0.57, 0.6151249999999999, 0.5652499999999999, 0.6151249999999999, 0.6649999999999999, 0.790875, 0.72675, 0.790875, 0.855, 0.87875, 0.8075, 0.87875, 0.95, 0.95]], "clusters": [[-1, 2, 2, 2, 2, 2, 2, 2, 2, 2, 2, 2, 2, 2, 2, 2, 2, 2, 2, 2, 2, 2, 2, 2, 2, 2, 2, 2, 2, 2, 2, 2, 2, 2, 2, 2, 2], [1, -1, 1, 1, 1, 1, 1, 1, 1, 1, 1, 1, 1, 1, 1, 1, 1, 1, 1, 1, 1, 1, 1, 1, 1, 1, 1, 1, 1, 1, 1, 1, 1, 1, 1, 1, 1], [2, 2, -1, 2, 2, 2, 2, 2, 2, 2, 2, 2, 2, 2, 2, 2, 2, 2, 2, 2, 2, 2, 2, 2, 2, 2, 2, 2, 2, 2, 2, 2, 2, 2, 2, 2, 2], [0, 0, 0, -1, 0, 0, 0, 0, 0, 0, 0, 0, 0, 0, 0, 0, 0, 0, 0, 0, 0, 0, 0, 0, 0, 0, 0, 0, 0, 0, 0, 0, 0, 0, 0, 0, 0], [2, 2, 2, 2, -1, 2, 2, 2, 2, 2, 2, 2, 2, 2, 2, 2, 2, 2, 2, 2, 2, 2, 2, 2, 2, 2, 2, 2, 2, 2, 2, 2, 2, 2, 2, 2, 2], [1, 1, 1, 1, 1, -1, 1, 1, 1, 1, 1, 1, 1, 1, 1, 1, 1, 1, 1, 1, 1, 1, 1, 1, 1, 1, 1, 1, 1, 1, 1, 1, 1, 1, 1, 1, 1], [0, 0, 0, 0, 0, 0, -1, 0, 0, 0, 0, 0, 0, 0, 0, 0, 0, 0, 0, 0, 0, 0, 0, 0, 0, 0, 0, 0, 0, 0, 0, 0, 0, 0, 0, 0, 0], [2, 2, 2, 2, 2, 2, 2, -1, 2, 2, 2, 2, 2, 2, 2, 2, 2, 2, 2, 2, 2, 2, 2, 2, 2, 2, 2, 2, 2, 2, 2, 2, 2, 2, 2, 2, 2], [1, 1, 1, 1, 1, 1, 1, 1, -1, 1, 1, 1, 1, 1, 1, 1, 1, 1, 1, 1, 1, 1, 1, 1, 1, 1, 1, 1, 1, 1, 1, 1, 1, 1, 1, 1, 1], [2, 2, 2, 2, 2, 2, 2, 2, 2, -1, 2, 2, 2, 2, 2, 2, 2, 2, 2, 2, 2, 2, 2, 2, 2, 2, 2, 2, 2, 2, 2, 2, 2, 2, 2, 2, 2], [0, 0, 0, 0, 0, 0, 0, 0, 0, 0, -1, 0, 0, 0, 0, 0, 0, 0, 0, 0, 0, 0, 0, 0, 0, 0, 0, 0, 0, 0, 0, 0, 0, 0, 0, 0, 0], [1, 1, 1, 1, 1, 1, 1, 1, 1, 1, 1, -1, 1, 1, 1, 1, 1, 1, 1, 1, 1, 1, 1, 1, 1, 1, 1, 1, 1, 1, 1, 1, 1, 1, 1, 1, 1], [1, 1, 1, 1, 1, 1, 1, 1, 1, 1, 1, 1, -1, 1, 1, 1, 1, 1, 1, 1, 1, 1, 1, 1, 1, 1, 1, 1, 1, 1, 1, 1, 1, 1, 1, 1, 1], [0, 0, 0, 0, 0, 0, 0, 0, 0, 0, 0, 0, 0, -1, 0, 0, 0, 0, 0, 0, 0, 0, 0, 0, 0, 0, 0, 0, 0, 0, 0, 0, 0, 0, 0, 0, 0], [2, 2, 2, 2, 2, 2, 2, 2, 2, 2, 2, 2, 2, 2, -1, 2, 2, 2, 2, 2, 2, 2, 2, 2, 2, 2, 2, 2, 2, 2, 2, 2, 2, 2, 2, 2, 2], [0, 0, 0, 0, 0, 0, 0, 0, 0, 0, 0, 0, 0, 0, 0, -1, 0, 0, 0, 0, 0, 0, 0, 0, 0, 0, 0, 0, 0, 0, 0, 0, 0, 0, 0, 0, 0], [2, 2, 2, 2, 2, 2, 2, 2, 2, 2, 2, 2, 2, 2, 2, 2, -1, 2, 2, 2, 2, 2, 2, 2, 2, 2, 2, 2, 2, 2, 2, 2, 2, 2, 2, 2, 2], [0, 0, 0, 0, 0, 0, 0, 0, 0, 0, 0, 0, 0, 0, 0, 0, 0, -1, 0, 0, 0, 0, 0, 0, 0, 0, 0, 0, 0, 0, 0, 0, 0, 0, 0, 0, 0], [1, 1, 1, 1, 1, 1, 1, 1, 1, 1, 1, 1, 1, 1, 1, 1, 1, 1, -1, 1, 1, 1, 1, 1, 1, 1, 1, 1, 1, 1, 1, 1, 1, 1, 1, 1, 1], [0, 0, 0, 0, 0, 0, 0, 0, 0, 0, 0, 0, 0, 0, 0, 0, 0, 0, 0, -1, 0, 0, 0, 0, 0, 0, 0, 0, 0, 0, 0, 0, 0, 0, 0, 0, 0], [0, 0, 0, 0, 0, 0, 0, 0, 0, 0, 0, 0, 0, 0, 0, 0, 0, 0, 0, 0, -1, 0, 0, 0, 0, 0, 0, 0, 0, 0, 0, 0, 0, 0, 0, 0, 0], [1, 1, 1, 1, 1, 1, 1, 1, 1, 1, 1, 1, 1, 1, 1, 1, 1, 1, 1, 1, 1, -1, 1, 1, 1, 1, 1, 1, 1, 1, 1, 1, 1, 1, 1, 1, 1], [0, 0, 0, 0, 0, 0, 0, 0, 0, 0, 0, 0, 0, 0, 0, 0, 0, 0, 0, 0, 0, 0, -1, 0, 0, 0, 0, 0, 0, 0, 0, 0, 0, 0, 0, 0, 0], [0, 0, 0, 0, 0, 0, 0, 0, 0, 0, 0, 0, 0, 0, 0, 0, 0, 0, 0, 0, 0, 0, 0, -1, 0, 0, 0, 0, 0, 0, 0, 0, 0, 0, 0, 0, 0], [2, 2, 2, 2, 2, 2, 2, 2, 2, 2, 2, 2, 2, 2, 2, 2, 2, 2, 2, 2, 2, 2, 2, 2, -1, 2, 2, 2, 2, 2, 2, 2, 2, 2, 2, 2, 2], [2, 2, 2, 2, 2, 2, 2, 2, 2, 2, 2, 2, 2, 2, 2, 2, 2, 2, 2, 2, 2, 2, 2, 2, 2, -1, 2, 2, 2, 2, 2, 2, 2, 2, 2, 2, 2], [0, 0, 0, 0, 0, 0, 0, 0, 0, 0, 0, 0, 0, 0, 0, 0, 0, 0, 0, 0, 0, 0, 0, 0, 0, 0, -1, 0, 0, 0, 0, 0, 0, 0, 0, 0, 0], [0, 0, 0, 0, 0, 0, 0, 0, 0, 0, 0, 0, 0, 0, 0, 0, 0, 0, 0, 0, 0, 0, 0, 0, 0, 0, 0, -1, 0, 0, 0, 0, 0, 0, 0, 0, 0], [1, 1, 1, 1, 1, 1, 1, 1, 1, 1, 1, 1, 1, 1, 1, 1, 1, 1, 1, 1, 1, 1, 1, 1, 1, 1, 1, 1, -1, 1, 1, 1, 1, 1, 1, 1, 1], [1, 1, 1, 1, 1, 1, 1, 1, 1, 1, 1, 1, 1, 1, 1, 1, 1, 1, 1, 1, 1, 1, 1, 1, 1, 1, 1, 1, 1, -1, 1, 1, 1, 1, 1, 1, 1], [0, 0, 0, 0, 0, 0, 0, 0, 0, 0, 0, 0, 0, 0, 0, 0, 0, 0, 0, 0, 0, 0, 0, 0, 0, 0, 0, 0, 0, 0, -1, 0, 0, 0, 0, 0, 0], [1, 1, 1, 1, 1, 1, 1, 1, 1, 1, 1, 1, 1, 1, 1, 1, 1, 1, 1, 1, 1, 1, 1, 1, 1, 1, 1, 1, 1, 1, 1, -1, 1, 1, 1, 1, 1], [1, 1, 1, 1, 1, 1, 1, 1, 1, 1, 1, 1, 1, 1, 1, 1, 1, 1, 1, 1, 1, 1, 1, 1, 1, 1, 1, 1, 1, 1, 1, 1, -1, 1, 1, 1, 1], [0, 0, 0, 0, 0, 0, 0, 0, 0, 0, 0, 0, 0, 0, 0, 0, 0, 0, 0, 0, 0, 0, 0, 0, 0, 0, 0, 0, 0, 0, 0, 0, 0, -1, 0, 0, 0], [0, 0, 0, 0, 0, 0, 0, 0, 0, 0, 0, 0, 0, 0, 0, 0, 0, 0, 0, 0, 0, 0, 0, 0, 0, 0, 0, 0, 0, 0, 0, 0, 0, 0, -1, 0, 0], [2, 2, 2, 2, 2, 2, 2, 2, 2, 2, 2, 2, 2, 2, 2, 2, 2, 2, 2, 2, 2, 2, 2, 2, 2, 2, 2, 2, 2, 2, 2, 2, 2, 2, 2, -1, 2], [2, 2, 2, 2, 2, 2, 2, 2, 2, 2, 2, 2, 2, 2, 2, 2, 2, 2, 2, 2, 2, 2, 2, 2, 2, 2, 2, 2, 2, 2, 2, 2, 2, 2, 2, 2, -1]], "speed_zone_count": 73, "speed_zones": [[0.0, 15.0], [15.0, 30.0], [30.0, 45.0], [45.0, 60.0], [60.0, 75.0], [75.0, 90.0], [90.0, 105.0], [105.0, 120.0], [120.0, 135.0], [135.0, 150.0], [150.0, 165.0], [165.0, 180.0], [180.0, 195.0], [195.0, 210.0], [210.0, 225.0], [225.0, 240.0], [240.0, 255.0], [255.0, 270.0], [270.0, 285.0], [285.0, 300.0], [300.0, 315.0], [315.0, 330.0], [330.0, 345.0], [345.0, 360.0], [360.0, 375.0], [375.0, 390.0], [390.0, 405.0], [405.0, 420.0], [420.0, 435.0], [435.0, 450.0], [450.0, 465.0], [465.0, 480.0], [480.0, 495.0], [495.0, 510.0], [510.0, 525.0], [525.0, 540.0], [540.0, 555.0], [555.0, 570.0], [570.0, 585.0], [585.0, 600.0], [600.0, 615.0], [615.0, 630.0], [630.0, 645.0], [645.0, 660.0], [660.0, 675.0], [675.0, 690.0], [690.0, 705.0], [705.0, 720.0], [720.0, 735.0], [735.0, 750.0], [750.0, 765.0], [765.0, 780.0], [780.0, 795.0], [795.0, 810.0], [810.0, 825.0], [825.0, 840.0], [840.0, 855.0], [855.0, 870.0], [870.0, 885.0], [885.0, 900.0], [900.0, 915.0], [915.0, 930.0], [930.0, 945.0], [945.0, 960.0], [960.0, 975.0], [975.0, 990.0], [990.0, 1005.0], [1005.0, 1020.0], [1020.0, 1035.0], [1035.0, 1050.0], [1050.0, 1065.0], [1065.0, 1080.0], [1080.0, 5000.0]], "distances": [[0.0, 73.29, 39.96, 67.84, 43.1, 91.29, 74.22, 111.93, 56.03, 60.95, 72.96, 75.0, 87.42, 75.83, 40.08, 68.16, 86.91, 71.64, 74.77, 56.51, 59.41, 93.97, 72.76, 67.87, 64.7, 94.73, 62.96, 66.41, 72.72, 85.04, 84.23, 47.46, 53.6, 74.62, 70.14, 110.0, 0.0], [0.0, 0.0, 35.63, 25.07, 30.68, 43.45, 16.86, 64.03, 22.87, 18.2, 14.76, 46.2, 27.76, 21.07, 34.25, 30.77, 49.86, 25.51, 4.99, 24.25, 25.82, 33.58, 32.16, 30.27, 26.2, 41.11, 26.93, 16.97, 41.27, 42.74, 27.69, 32.13, 21.22, 14.24, 28.41, 69.79, 73.29], [0.0, 35.63, 0.0, 28.52, 14.03, 53.58, 34.26, 75.4, 16.07, 29.87, 33.04, 41.24, 47.62, 35.96, 15.45, 30.05, 51.88, 32.31, 36.02, 16.66, 20.02, 54.27, 34.7, 29.64, 38.74, 56.01, 23.97, 26.46, 37.48, 48.19, 44.59, 8.49, 14.5, 34.73, 31.39, 75.79, 39.96], [0.0, 25.07, 28.52, 0.0, 34.42, 25.89, 10.64, 48.15, 13.74, 35.55, 11.5, 21.45, 19.94, 9.33, 38.03, 5.71, 27.66, 11.49, 21.35, 12.26, 8.5, 26.23, 8.3, 5.2, 46.18, 27.56, 5.05, 8.56, 16.46, 21.86, 16.49, 20.43, 19.54, 13.04, 12.47, 50.58, 67.84], [0.0, 30.68, 14.03, 34.42, 0.0, 60.29, 36.14, 82.57, 20.77, 18.61, 34.23, 51.66, 50.5, 39.18, 29.49, 37.87, 60.99, 37.83, 32.97, 22.59, 27.02, 57.31, 42.15, 37.36, 25.68, 61.25, 31.19, 28.89, 47.27, 56.05, 48.28, 19.48, 15.02, 35.51, 38.13, 84.61, 43.1], [0.0, 43.45, 53.58, 25.89, 60.29, 0.0, 27.3, 22.28, 39.63, 58.8, 29.62, 20.22, 17.27, 23.12, 63.92, 23.55, 11.72, 22.48, 38.49, 38.05, 33.91, 15.79, 18.88, 23.94, 68.72, 6.88, 29.76, 32.3, 19.82, 7.11, 15.94, 45.13, 45.33, 29.52, 22.39, 26.35, 91.29], [0.0, 16.86, 34.26, 10.64, 36.14, 27.3, 0.0, 48.87, 18.2, 31.57, 10.82, 29.99, 14.38, 4.27, 39.98, 15.69, 33.01, 9.43, 12.25, 17.94, 16.31, 21.18, 15.86, 15.32, 41.42, 26.24, 14.76, 7.82, 25.22, 25.95, 12.58, 27.38, 21.61, 11.1, 12.76, 53.58, 74.22], [0.0, 64.03, 75.4, 48.15, 82.57, 22.28, 48.87, 0.0, 61.88, 80.41, 51.18, 37.36, 36.32, 44.86, 86.18, 45.42, 25.31, 44.77, 59.05, 60.25, 56.03, 31.36, 40.82, 45.86, 89.94, 22.92, 51.85, 54.46, 39.22, 27.24, 36.55, 66.91, 67.61, 50.8, 44.56, 11.51, 111.93], [0.0, 22.87, 16.07, 13.74, 20.77, 39.63, 18.2, 61.88, 0.0, 25.71, 17.06, 31.91, 31.72, 20.03, 24.32, 17.2, 40.4, 17.31, 21.75, 10.98, 6.52, 38.44, 21.39, 16.67, 36.42, 41.08, 10.52, 10.41, 27.2, 35.28, 28.88, 9.76, 6.41, 18.79, 17.37, 63.89, 56.03], [0.0, 18.2, 29.87, 35.55, 18.61, 58.8, 31.57, 80.41, 25.71, 0.0, 29.25, 56.53, 44.79, 35.7, 20.99, 40.77, 63.01, 37.67, 22.56, 27.88, 31.67, 51.07, 43.8, 40.2, 10.77, 57.64, 34.82, 27.29, 51.58, 56.59, 43.91, 31.04, 20.01, 29.64, 39.54, 84.93, 60.95], [0.0, 14.76, 33.04, 11.5, 34.23, 29.62, 10.82, 51.18, 17.06, 29.25, 0.0, 31.71, 16.42, 6.55, 38.08, 16.91, 35.17, 10.99, 10.34, 17.06, 16.0, 23.17, 17.57, 16.48, 39.1, 28.52, 15.05, 6.7, 26.86, 28.17, 14.83, 26.51, 19.93, 13.39, 14.16, 55.89, 72.96], [0.0, 46.2, 41.24, 21.45, 51.66, 20.22, 29.99, 37.36, 31.91, 56.53, 31.71, 0.0, 29.62, 26.41, 54.71, 15.87, 12.05, 20.73, 42.04, 29.77, 25.41, 32.33, 14.14, 16.43, 67.27, 26.43, 21.78, 30.01, 5.0, 13.16, 26.08, 33.07, 38.32, 32.74, 17.81, 35.19, 75.0], [0.0, 27.76, 47.62, 19.94, 50.5, 17.27, 14.38, 36.32, 31.72, 44.79, 16.42, 29.62, 0.0, 11.69, 54.34, 21.82, 26.99, 16.34, 22.81, 30.96, 28.11, 6.81, 18.64, 21.82, 53.85, 13.48, 24.99, 21.81, 26.24, 19.68, 16.56, 40.0, 35.83, 15.47, 18.87, 42.9, 87.42], [0.0, 21.07, 35.96, 9.33, 39.18, 23.12, 4.27, 44.86, 20.03, 35.7, 6.55, 26.41, 11.69, 0.0, 42.98, 13.29, 28.8, 6.75, 16.35, 19.32, 16.76, 18.44, 12.44, 13.03, 45.64, 22.44, 14.2, 10.29, 21.8, 21.69, 9.1, 28.49, 24.32, 6.83, 10.13, 49.35, 75.83], [0.0, 34.25, 15.45, 38.03, 29.49, 63.92, 39.98, 86.18, 24.32, 20.99, 38.08, 54.71, 54.34, 42.98, 0.0, 41.29, 64.31, 41.49, 36.7, 26.05, 30.43, 61.15, 45.64, 40.78, 26.76, 65.0, 34.62, 32.69, 50.43, 59.54, 52.08, 22.02, 18.76, 39.36, 41.68, 88.02, 40.08], [0.0, 30.77, 30.05, 5.71, 37.87, 23.55, 15.69, 45.42, 17.2, 40.77, 16.91, 15.87, 21.82, 13.29, 41.29, 0.0, 23.2, 6.55, 26.97, 15.28, 10.86, 27.34, 4.67, 9.72, 51.48, 26.58, 6.69, 14.19, 10.88, 18.34, 18.01, 21.58, 23.49, 18.29, 8.95, 46.74, 68.16], [0.0, 49.86, 51.88, 27.66, 60.99, 11.72, 33.01, 25.31, 40.4, 63.01, 35.17, 12.05, 26.99, 28.8, 64.31, 23.2, 0.0, 25.35, 45.14, 38.44, 33.99, 27.08, 19.37, 23.74, 73.48, 18.6, 29.88, 35.72, 14.5, 7.44, 24.47, 43.47, 46.68, 35.64, 23.64, 23.91, 86.91], [0.0, 25.51, 32.31, 11.49, 37.83, 22.48, 9.43, 44.77, 17.31, 37.67, 10.99, 20.73, 16.34, 6.75, 41.49, 6.55, 25.35, 0.0, 21.3, 15.96, 12.31, 22.5, 6.65, 6.29, 48.13, 23.82, 8.74, 10.39, 15.87, 19.04, 12.78, 24.24, 22.85, 12.15, 10.93, 47.69, 71.64], [0.0, 4.99, 36.02, 21.35, 32.97, 38.49, 12.25, 59.05, 21.75, 22.56, 10.34, 42.04, 22.81, 16.35, 36.7, 26.97, 45.14, 21.3, 0.0, 22.73, 23.48, 28.74, 27.91, 26.5, 31.07, 36.14, 23.9, 13.95, 37.17, 37.96, 22.71, 31.42, 21.54, 9.54, 24.39, 64.83, 74.77], [0.0, 24.25, 16.66, 12.26, 22.59, 38.05, 17.94, 60.25, 10.98, 27.88, 17.06, 29.77, 30.96, 19.32, 26.05, 15.28, 38.44, 15.96, 22.73, 0.0, 4.46, 37.62, 19.59, 14.77, 38.6, 39.78, 8.6, 10.36, 25.1, 33.49, 27.95, 9.46, 8.56, 18.85, 15.69, 62.02, 56.51], [0.0, 25.82, 20.02, 8.5, 27.02, 33.91, 16.31, 56.03, 6.52, 31.67, 16.0, 25.41, 28.11, 16.76, 30.43, 10.86, 33.99, 12.31, 23.48, 4.46, 0.0, 34.58, 15.26, 10.35, 42.44, 36.0, 4.2, 9.77, 20.69, 29.14, 24.83, 11.96, 12.93, 17.82, 11.53, 57.6, 59.41], [0.0, 33.58, 54.27, 26.23, 57.31, 15.79, 21.18, 31.36, 38.44, 51.07, 23.17, 32.33, 6.81, 18.44, 61.15, 27.34, 27.08, 22.5, 28.74, 37.62, 34.58, 0.0, 23.56, 27.42, 59.78, 9.84, 31.24, 28.61, 29.78, 20.48, 9.75, 46.52, 42.64, 22.13, 24.62, 39.19, 93.97], [0.0, 32.16, 34.7, 8.3, 42.15, 18.88, 15.86, 40.82, 21.39, 43.8, 17.57, 14.14, 18.64, 12.44, 45.64, 4.67, 19.37, 6.65, 27.91, 19.59, 15.26, 23.56, 0.0, 5.06, 54.38, 22.04, 11.05, 16.6, 9.38, 13.9, 14.77, 26.24, 27.51, 18.61, 4.28, 42.52, 72.76], [0.0, 30.27, 29.64, 5.2, 37.36, 23.94, 15.32, 45.86, 16.67, 40.2, 16.48, 16.43, 21.82, 13.03, 40.78, 9.72, 23.74, 6.29, 26.5, 14.77, 10.35, 27.42, 5.06, 0.0, 50.91, 26.86, 6.17, 13.65, 11.44, 18.81, 18.03, 21.19, 22.94, 17.89, 9.34, 47.25, 67.87], [0.0, 26.2, 38.74, 46.18, 25.68, 68.72, 41.42, 89.94, 36.42, 10.77, 39.1, 67.27, 53.85, 45.64, 26.76, 51.48, 73.48, 48.13, 31.07, 38.6, 42.44, 59.78, 54.38, 50.91, 0.0, 67.04, 45.58, 37.8, 62.31, 66.9, 53.4, 41.11, 30.54, 39.24, 50.14, 94.99, 64.7], [0.0, 41.11, 56.01, 27.56, 61.25, 6.88, 26.24, 22.92, 41.08, 57.64, 28.52, 26.43, 13.48, 22.44, 65.0, 26.58, 18.6, 23.82, 36.14, 39.78, 36.0, 9.84, 22.04, 26.86, 67.04, 0.0, 32.06, 32.5, 25.24, 13.36, 13.73, 47.74, 46.25, 28.0, 24.69, 29.65, 94.73], [0.0, 26.93, 23.97, 5.05, 31.19, 29.76, 14.76, 51.85, 10.52, 34.82, 15.05, 21.78, 24.99, 14.2, 34.62, 6.69, 29.88, 8.74, 23.9, 8.6, 4.2, 31.24, 11.05, 6.17, 45.58, 32.06, 0.0, 10.01, 16.92, 24.93, 21.5, 15.68, 16.85, 16.78, 7.42, 53.42, 62.96], [0.0, 16.97, 26.46, 8.56, 28.89, 32.3, 7.82, 54.46, 10.41, 27.29, 6.7, 30.01, 21.81, 10.29, 32.69, 14.19, 35.72, 10.39, 13.95, 10.36, 9.77, 28.61, 16.6, 13.65, 37.8, 32.5, 10.01, 0.0, 25.02, 29.4, 19.39, 19.81, 14.05, 8.49, 12.41, 57.97, 66.41], [0.0, 41.27, 37.48, 16.46, 47.27, 19.82, 25.22, 39.22, 27.2, 51.58, 26.86, 5.0, 26.24, 21.8, 50.43, 10.88, 14.5, 15.87, 37.17, 25.1, 20.69, 29.78, 9.38, 11.44, 62.31, 25.24, 16.92, 25.02, 0.0, 12.86, 22.52, 29.13, 33.61, 27.96, 12.86, 38.36, 72.72], [0.0, 42.74, 48.19, 21.86, 56.05, 7.11, 25.95, 27.24, 35.28, 56.59, 28.17, 13.16, 19.68, 21.69, 59.54, 18.34, 7.44, 19.04, 37.96, 33.49, 29.14, 20.48, 13.9, 18.81, 66.9, 13.36, 24.93, 29.4, 12.86, 0.0, 17.04, 39.69, 41.34, 28.51, 17.97, 28.72, 85.04], [0.0, 27.69, 44.59, 16.49, 48.28, 15.94, 12.58, 36.55, 28.88, 43.91, 14.83, 26.08, 16.56, 9.1, 52.08, 18.01, 24.47, 12.78, 22.71, 27.95, 24.83, 9.75, 14.77, 18.03, 53.4, 13.73, 21.5, 19.39, 22.52, 17.04, 0.0, 36.78, 33.41, 14.27, 15.12, 42.18, 84.23], [0.0, 32.13, 8.49, 20.43, 19.48, 45.13, 27.38, 66.91, 9.76, 31.04, 26.51, 33.07, 40.0, 28.49, 22.02, 21.58, 43.47, 24.24, 31.42, 9.46, 11.96, 46.52, 26.24, 21.19, 41.11, 47.74, 15.68, 19.81, 29.13, 39.69, 36.78, 0.0, 11.75, 28.3, 23.06, 67.37, 47.46], [0.0, 21.22, 14.5, 19.54, 15.02, 45.33, 21.61, 67.61, 6.41, 20.01, 19.93, 38.32, 35.83, 24.32, 18.76, 23.49, 46.68, 22.85, 21.54, 8.56, 12.93, 42.64, 27.51, 22.94, 30.54, 46.25, 16.85, 14.05, 33.61, 41.34, 33.41, 11.75, 0.0, 21.43, 23.37, 70.03, 53.6], [0.0, 14.24, 34.73, 13.04, 35.51, 29.52, 11.1, 50.8, 18.79, 29.64, 13.39, 32.74, 15.47, 6.83, 39.36, 18.29, 35.64, 12.15, 9.54, 18.85, 17.82, 22.13, 18.61, 17.89, 39.24, 28.0, 16.78, 8.49, 27.96, 28.51, 14.27, 28.3, 21.43, 0.0, 15.43, 55.86, 74.62], [0.0, 28.41, 31.39, 12.47, 38.13, 22.39, 12.76, 44.56, 17.37, 39.54, 14.16, 17.81, 18.87, 10.13, 41.68, 8.95, 23.64, 10.93, 24.39, 15.69, 11.53, 24.62, 4.28, 9.34, 50.14, 24.69, 7.42, 12.41, 12.86, 17.97, 15.12, 23.06, 23.37, 15.43, 0.0, 46.67, 70.14], [0.0, 69.79, 75.79, 50.58, 84.61, 26.35, 53.58, 11.51, 63.89, 84.93, 55.89, 35.19, 42.9, 49.35, 88.02, 46.74, 23.91, 47.69, 64.83, 62.02, 57.6, 39.19, 42.52, 47.25, 94.99, 29.65, 53.42, 57.97, 38.36, 28.72, 42.18, 67.37, 70.03, 55.86, 46.67, 0.0, 110.0], [0.0, 0.0, 0.0, 0.0, 0.0, 0.0, 0.0, 0.0, 0.0, 0.0, 0.0, 0.0, 0.0, 0.0, 0.0, 0.0, 0.0, 0.0, 0.0, 0.0, 0.0, 0.0, 0.0, 0.0, 0.0, 0.0, 0.0, 0.0, 0.0, 0.0, 0.0, 0.0, 0.0, 0.0, 0.0, 0.0, 0.0]], "time_windows": [[0.0, 5000.0], [0.0, 122.0], [0.0, 168.0], [0.0, 234.0], [0.0, 336.0], [0.0, 441.0], [0.0, 498.0], [0.0, 629.0], [0.0, 724.0], [0.0, 759.0], [0.0, 805.0], [0.0, 866.0], [0.0, 922.0], [0.0, 942.0], [0.0, 1007.0], [0.0, 1056.0], [0.0, 1082.0], [0.0, 1110.0], [0.0, 1131.0], [0.0, 1154.0], [0.0, 1158.0], [0.0, 1193.0], [0.0, 1217.0], [0.0, 1222.0], [0.0, 1273.0], [0.0, 1340.0], [0.0, 1372.0], [0.0, 1382.0], [0.0, 1407.0], [0.0, 1420.0], [0.0, 1437.0], [0.0, 1473.0], [0.0, 1485.0], [0.0, 1507.0], [0.0, 1522.0], [0.0, 1569.0], [0.0, 5000.0]], "start_depot": 0, "end_depot": 36, "horizon": [0.0, 5000.0]}