{"digraph": {"vertex_count": 37, "arc_count": 1260, "arcs": [[0, 1, 1, 1, 1, 1, 1, 1, 1, 1, 1, 1, 1, 1, 1, 1, 1, 1, 1, 1, 1, 1, 1, 1, 1, 1, 1, 1, 1, 1, 1, 1, 1, 1, 1, 1, 1], [0, 0, 1, 1, 1, 1, 1, 1, 1, 1, 1, 1, 1, 1, 1, 1, 1, 1, 1, 1, 1, 1, 1, 1, 1, 1, 1, 1, 1, 1, 1, 1, 1, 1, 1, 1, 1], [0, 1, 0, 1, 1, 1, 1, 1, 1, 1, 1, 1, 1, 1, 1, 1, 1, 1, 1, 1, 1, 1, 1, 1, 1, 1, 1, 1, 1, 1, 1, 1, 1, 1, 1, 1, 1], [0, 1, 1, 0, 1, 1, 1, 1, 1, 1, 1, 1, 1, 1, 1, 1, 1, 1, 1, 1, 1, 1, 1, 1, 1, 1, 1, 1, 1, 1, 1, 1, 1, 1, 1, 1, 1], [0, 1, 1, 1, 0, 1, 1, 1, 1, 1, 1, 1, 1, 1, 1, 1, 1, 1, 1, 1, 1, 1, 1, 1, 1, 1, 1, 1, 1, 1, 1, 1, 1, 1, 1, 1, 1], [0, 1, 1, 1, 1, 0, 1, 1, 1, 1, 1, 1, 1, 1, 1, 1, 1, 1, 1, 1, 1, 1, 1, 1, 1, 1, 1, 1, 1, 1, 1, 1, 1, 1, 1, 1, 1], [0, 1, 1, 1, 1, 1, 0, 1, 1, 1, 1, 1, 1, 1, 1, 1, 1, 1, 1, 1, 1, 1, 1, 1, 1, 1, 1, 1, 1, 1, 1, 1, 1, 1, 1, 1, 1], [0, 1, 1, 1, 1, 1, 1, 0, 1, 1, 1, 1, 1, 1, 1, 1, 1, 1, 1, 1, 1, 1, 1, 1, 1, 1, 1, 1, 1, 1, 1, 1, 1, 1, 1, 1, 1], [0, 1, 1, 1, 1, 1, 1, 1, 0, 1, 1, 1, 1, 1, 1, 1, 1, 1, 1, 1, 1, 1, 1, 1, 1, 1, 1, 1, 1, 1, 1, 1, 1, 1, 1, 1, 1], [0, 1, 1, 1, 1, 1, 1, 1, 1, 0, 1, 1, 1, 1, 1, 1, 1, 1, 1, 1, 1, 1, 1, 1, 1, 1, 1, 1, 1, 1, 1, 1, 1, 1, 1, 1, 1], [0, 1, 1, 1, 1, 1, 1, 1, 1, 1, 0, 1, 1, 1, 1, 1, 1, 1, 1, 1, 1, 1, 1, 1, 1, 1, 1, 1, 1, 1, 1, 1, 1, 1, 1, 1, 1], [0, 1, 1, 1, 1, 1, 1, 1, 1, 1, 1, 0, 1, 1, 1, 1, 1, 1, 1, 1, 1, 1, 1, 1, 1, 1, 1, 1, 1, 1, 1, 1, 1, 1, 1, 1, 1], [0, 1, 1, 1, 1, 1, 1, 1, 1, 1, 1, 1, 0, 1, 1, 1, 1, 1, 1, 1, 1, 1, 1, 1, 1, 1, 1, 1, 1, 1, 1, 1, 1, 1, 1, 1, 1], [0, 1, 1, 1, 1, 1, 1, 1, 1, 1, 1, 1, 1, 0, 1, 1, 1, 1, 1, 1, 1, 1, 1, 1, 1, 1, 1, 1, 1, 1, 1, 1, 1, 1, 1, 1, 1], [0, 1, 1, 1, 1, 1, 1, 1, 1, 1, 1, 1, 1, 1, 0, 1, 1, 1, 1, 1, 1, 1, 1, 1, 1, 1, 1, 1, 1, 1, 1, 1, 1, 1, 1, 1, 1], [0, 1, 1, 1, 1, 1, 1, 1, 1, 1, 1, 1, 1, 1, 1, 0, 1, 1, 1, 1, 1, 1, 1, 1, 1, 1, 1, 1, 1, 1, 1, 1, 1, 1, 1, 1, 1], [0, 1, 1, 1, 1, 1, 1, 1, 1, 1, 1, 1, 1, 1, 1, 1, 0, 1, 1, 1, 1, 1, 1, 1, 1, 1, 1, 1, 1, 1, 1, 1, 1, 1, 1, 1, 1], [0, 1, 1, 1, 1, 1, 1, 1, 1, 1, 1, 1, 1, 1, 1, 1, 1, 0, 1, 1, 1, 1, 1, 1, 1, 1, 1, 1, 1, 1, 1, 1, 1, 1, 1, 1, 1], [0, 1, 1, 1, 1, 1, 1, 1, 1, 1, 1, 1, 1, 1, 1, 1, 1, 1, 0, 1, 1, 1, 1, 1, 1, 1, 1, 1, 1, 1, 1, 1, 1, 1, 1, 1, 1], [0, 1, 1, 1, 1, 1, 1, 1, 1, 1, 1, 1, 1, 1, 1, 1, 1, 1, 1, 0, 1, 1, 1, 1, 1, 1, 1, 1, 1, 1, 1, 1, 1, 1, 1, 1, 1], [0, 1, 1, 1, 1, 1, 1, 1, 1, 1, 1, 1, 1, 1, 1, 1, 1, 1, 1, 1, 0, 1, 1, 1, 1, 1, 1, 1, 1, 1, 1, 1, 1, 1, 1, 1, 1], [0, 1, 1, 1, 1, 1, 1, 1, 1, 1, 1, 1, 1, 1, 1, 1, 1, 1, 1, 1, 1, 0, 1, 1, 1, 1, 1, 1, 1, 1, 1, 1, 1, 1, 1, 1, 1], [0, 1, 1, 1, 1, 1, 1, 1, 1, 1, 1, 1, 1, 1, 1, 1, 1, 1, 1, 1, 1, 1, 0, 1, 1, 1, 1, 1, 1, 1, 1, 1, 1, 1, 1, 1, 1], [0, 1, 1, 1, 1, 1, 1, 1, 1, 1, 1, 1, 1, 1, 1, 1, 1, 1, 1, 1, 1, 1, 1, 0, 1, 1, 1, 1, 1, 1, 1, 1, 1, 1, 1, 1, 1], [0, 1, 1, 1, 1, 1, 1, 1, 1, 1, 1, 1, 1, 1, 1, 1, 1, 1, 1, 1, 1, 1, 1, 1, 0, 1, 1, 1, 1, 1, 1, 1, 1, 1, 1, 1, 1], [0, 1, 1, 1, 1, 1, 1, 1, 1, 1, 1, 1, 1, 1, 1, 1, 1, 1, 1, 1, 1, 1, 1, 1, 1, 0, 1, 1, 1, 1, 1, 1, 1, 1, 1, 1, 1], [0, 1, 1, 1, 1, 1, 1, 1, 1, 1, 1, 1, 1, 1, 1, 1, 1, 1, 1, 1, 1, 1, 1, 1, 1, 1, 0, 1, 1, 1, 1, 1, 1, 1, 1, 1, 1], [0, 1, 1, 1, 1, 1, 1, 1, 1, 1, 1, 1, 1, 1, 1, 1, 1, 1, 1, 1, 1, 1, 1, 1, 1, 1, 1, 0, 1, 1, 1, 1, 1, 1, 1, 1, 1], [0, 1, 1, 1, 1, 1, 1, 1, 1, 1, 1, 1, 1, 1, 1, 1, 1, 1, 1, 1, 1, 1, 1, 1, 1, 1, 1, 1, 0, 1, 1, 1, 1, 1, 1, 1, 1], [0, 1, 1, 1, 1, 1, 1, 1, 1, 1, 1, 1, 1, 1, 1, 1, 1, 1, 1, 1, 1, 1, 1, 1, 1, 1, 1, 1, 1, 0, 1, 1, 1, 1, 1, 1, 1], [0, 1, 1, 1, 1, 1, 1, 1, 1, 1, 1, 1, 1, 1, 1, 1, 1, 1, 1, 1, 1, 1, 1, 1, 1, 1, 1, 1, 1, 1, 0, 1, 1, 1, 1, 1, 1], [0, 1, 1, 1, 1, 1, 1, 1, 1, 1, 1, 1, 1, 1, 1, 1, 1, 1, 1, 1, 1, 1, 1, 1, 1, 1, 1, 1, 1, 1, 1, 0, 1, 1, 1, 1, 1], [0, 1, 1, 1, 1, 1, 1, 1, 1, 1, 1, 1, 1, 1, 1, 1, 1, 1, 1, 1, 1, 1, 1, 1, 1, 1, 1, 1, 1, 1, 1, 1, 0, 1, 1, 1, 1], [0, 1, 1, 1, 1, 1, 1, 1, 1, 1, 1, 1, 1, 1, 1, 1, 1, 1, 1, 1, 1, 1, 1, 1, 1, 1, 1, 1, 1, 1, 1, 1, 1, 0, 1, 1, 1], [0, 1, 1, 1, 1, 1, 1, 1, 1, 1, 1, 1, 1, 1, 1, 1, 1, 1, 1, 1, 1, 1, 1, 1, 1, 1, 1, 1, 1, 1, 1, 1, 1, 1, 0, 1, 1], [0, 1, 1, 1, 1, 1, 1, 1, 1, 1, 1, 1, 1, 1, 1, 1, 1, 1, 1, 1, 1, 1, 1, 1, 1, 1, 1, 1, 1, 1, 1, 1, 1, 1, 1, 0, 1], [0, 0, 0, 0, 0, 0, 0, 0, 0, 0, 0, 0, 0, 0, 0, 0, 0, 0, 0, 0, 0, 0, 0, 0, 0, 0, 0, 0, 0, 0, 0, 0, 0, 0, 0, 0, 0]]}, "cluster_count": 3, "cluster_speeds": [[0.7400000000000001, 0.68, 0.7400000000000001, 0.8, 0.666, 0.6120000000000001, 0.666, 0.7200000000000001, 0.37000000000000005, 0.34, 0.37000000000000005, 0.4, 0.24420000000000003, 0.22440000000000004, 0.24420000000000003, 0.264, 0.296, 0.272, 0.296, 0.32000000000000006, 0.44400000000000006, 0.40800000000000003, 0.44400000000000006, 0.48, 0.6475, 0.595, 0.6475, 0.7, 0.37, 0.34, 0.37, 0.4, 0.30525, 0.2805, 0.30525, 0.33, 0.4625, 0.425, 0.4625, 0.5, 0.6475, 0.595, 0.6475, 0.7, 0.74, 0.68, 0.74, 0.8, 0.518, 0.476, 0.518, 0.5599999999999999, 0.37000000000000005, 0.34, 0.37000000000000005, 0.4, 0.44400000000000006, 0.40800000000000003, 0.44400000000000006, 0.48, 0.518, 0.476, 0.518, 0.5599999999999999, 0.666, 0.6120000000000001, 0.666, 0.7200000000000001, 0.7400000000000001, 0.68, 0.7400000000000001, 0.8, 0.8], [0.8325, 0.765, 0.8325, 0.9, 0.7492500000000001, 0.6885, 0.7492500000000001, 0.81, 0.41625, 0.3825, 0.41625, 0.45, 0.27472500000000005, 0.25245, 0.27472500000000005, 0.29700000000000004, 0.333, 0.30600000000000005, 0.333, 0.36000000000000004, 0.49950000000000006, 0.459, 0.49950000000000006, 0.54, 0.6475, 0.595, 0.6475, 0.7, 0.37, 0.34, 0.37, 0.4, 0.30525, 0.2805, 0.30525, 0.33, 0.4625, 0.425, 0.4625, 0.5, 0.6475, 0.595, 0.6475, 0.7, 0.74, 0.68, 0.74, 0.8, 0.58275, 0.5355, 0.58275, 0.63, 0.41625, 0.3825, 0.41625, 0.45, 0.49950000000000006, 0.459, 0.49950000000000006, 0.54, 0.58275, 0.5355, 0.58275, 0.63, 0.7492500000000001, 0.6885, 0.7492500000000001, 0.81, 0.8325, 0.765, 0.8325, 0.9, 0.9], [0.925, 0.85, 0.925, 1.0, 0.8325, 0.765, 0.8325, 0.9, 0.4625, 0.425, 0.4625, 0.5, 0.30525, 0.2805, 0.30525, 0.33, 0.37, 0.34, 0.37, 0.4, 0.555, 0.51, 0.555, 0.6, 0.6475, 0.595, 0.6475, 0.7, 0.37, 0.34, 0.37, 0.4, 0.30525, 0.2805, 0.30525, 0.33, 0.4625, 0.425, 0.4625, 0.5, 0.6475, 0.595, 0.6475, 0.7, 0.74, 0.68, 0.74, 0.8, 0.6475, 0.595, 0.6475, 0.7, 0.4625, 0.425, 0.4625, 0.5, 0.555, 0.51, 0.555, 0.6, 0.6475, 0.595, 0.6475, 0.7, 0.8325, 0.765, 0.8325, 0.9, 0.925, 0.85, 0.925, 1.0, 1.0]], "clusters": [[-1, 2, 2, 2, 2, 2, 2, 2, 2, 2, 2, 2, 2, 2, 2, 2, 2, 2, 2, 2, 2, 2, 2, 2, 2, 2, 2, 2, 2, 2, 2, 2, 2, 2, 2, 2, 2], [0, -1, 0, 0, 0, 0, 0, 0, 0, 0, 0, 0, 0, 0, 0, 0, 0, 0, 0, 0, 0, 0, 0, 0, 0, 0, 0, 0, 0, 0, 0, 0, 0, 0, 0, 0, 0], [0, 0, -1, 0, 0, 0, 0, 0, 0, 0, 0, 0, 0, 0, 0, 0, 0, 0, 0, 0, 0, 0, 0, 0, 0, 0, 0, 0, 0, 0, 0, 0, 0, 0, 0, 0, 0], [0, 0, 0, -1, 0, 0, 0, 0, 0, 0, 0, 0, 0, 0, 0, 0, 0, 0, 0, 0, 0, 0, 0, 0, 0, 0, 0, 0, 0, 0, 0, 0, 0, 0, 0, 0, 0], [0, 0, 0, 0, -1, 0, 0, 0, 0, 0, 0, 0, 0, 0, 0, 0, 0, 0, 0, 0, 0, 0, 0, 0, 0, 0, 0, 0, 0, 0, 0, 0, 0, 0, 0, 0, 0], [0, 0, 0, 0, 0, -1, 0, 0, 0, 0, 0, 0, 0, 0, 0, 0, 0, 0, 0, 0, 0, 0, 0, 0, 0, 0, 0, 0, 0, 0, 0, 0, 0, 0, 0, 0, 0], [0, 0, 0, 0, 0, 0, -1, 0, 0, 0, 0, 0, 0, 0, 0, 0, 0, 0, 0, 0, 0, 0, 0, 0, 0, 0, 0, 0, 0, 0, 0, 0, 0, 0, 0, 0, 0], [0, 0, 0, 0, 0, 0, 0, -1, 0, 0, 0, 0, 0, 0, 0, 0, 0, 0, 0, 0, 0, 0, 0, 0, 0, 0, 0, 0, 0, 0, 0, 0, 0, 0, 0, 0, 0], [0, 0, 0, 0, 0, 0, 0, 0, -1, 0, 0, 0, 0, 0, 0, 0, 0, 0, 0, 0, 0, 0, 0, 0, 0, 0, 0, 0, 0, 0, 0, 0, 0, 0, 0, 0, 0], [0, 0, 0, 0, 0, 0, 0, 0, 0, -1, 0, 0, 0, 0, 0, 0, 0, 0, 0, 0, 0, 0, 0, 0, 0, 0, 0, 0, 0, 0, 0, 0, 0, 0, 0, 0, 0], [0, 0, 0, 0, 0, 0, 0, 0, 0, 0, -1, 0, 0, 0, 0, 0, 0, 0, 0, 0, 0, 0, 0, 0, 0, 0, 0, 0, 0, 0, 0, 0, 0, 0, 0, 0, 0], [0, 0, 0, 0, 0, 0, 0, 0, 0, 0, 0, -1, 0, 0, 0, 0, 0, 0, 0, 0, 0, 0, 0, 0, 0, 0, 0, 0, 0, 0, 0, 0, 0, 0, 0, 0, 0], [0, 0, 0, 0, 0, 0, 0, 0, 0, 0, 0, 0, -1, 0, 0, 0, 0, 0, 0, 0, 0, 0, 0, 0, 0, 0, 0, 0, 0, 0, 0, 0, 0, 0, 0, 0, 0], [0, 0, 0, 0, 0, 0, 0, 0, 0, 0, 0, 0, 0, -1, 0, 0, 0, 0, 0, 0, 0, 0, 0, 0, 0, 0, 0, 0, 0, 0, 0, 0, 0, 0, 0, 0, 0], [0, 0, 0, 0, 0, 0, 0, 0, 0, 0, 0, 0, 0, 0, -1, 0, 0, 0, 0, 0, 0, 0, 0, 0, 0, 0, 0, 0, 0, 0, 0, 0, 0, 0, 0, 0, 0], [0, 0, 0, 0, 0, 0, 0, 0, 0, 0, 0, 0, 0, 0, 0, -1, 0, 0, 0, 0, 0, 0, 0, 0, 0, 0, 0, 0, 0, 0, 0, 0, 0, 0, 0, 0, 0], [0, 0, 0, 0, 0, 0, 0, 0, 0, 0, 0, 0, 0, 0, 0, 0, -1, 0, 0, 0, 0, 0, 0, 0, 0, 0, 0, 0, 0, 0, 0, 0, 0, 0, 0, 0, 0], [1, 1, 1, 1, 1, 1, 1, 1, 1, 1, 1, 1, 1, 1, 1, 1, 1, -1, 1, 1, 1, 1, 1, 1, 1, 1, 1, 1, 1, 1, 1, 1, 1, 1, 1, 1, 1], [0, 0, 0, 0, 0, 0, 0, 0, 0, 0, 0, 0, 0, 0, 0, 0, 0, 0, -1, 0, 0, 0, 0, 0, 0, 0, 0, 0, 0, 0, 0, 0, 0, 0, 0, 0, 0], [0, 0, 0, 0, 0, 0, 0, 0, 0, 0, 0, 0, 0, 0, 0, 0, 0, 0, 0, -1, 0, 0, 0, 0, 0, 0, 0, 0, 0, 0, 0, 0, 0, 0, 0, 0, 0], [0, 0, 0, 0, 0, 0, 0, 0, 0, 0, 0, 0, 0, 0, 0, 0, 0, 0, 0, 0, -1, 0, 0, 0, 0, 0, 0, 0, 0, 0, 0, 0, 0, 0, 0, 0, 0], [0, 0, 0, 0, 0, 0, 0, 0, 0, 0, 0, 0, 0, 0, 0, 0, 0, 0, 0, 0, 0, -1, 0, 0, 0, 0, 0, 0, 0, 0, 0, 0, 0, 0, 0, 0, 0], [1, 1, 1, 1, 1, 1, 1, 1, 1, 1, 1, 1, 1, 1, 1, 1, 1, 1, 1, 1, 1, 1, -1, 1, 1, 1, 1, 1, 1, 1, 1, 1, 1, 1, 1, 1, 1], [0, 0, 0, 0, 0, 0, 0, 0, 0, 0, 0, 0, 0, 0, 0, 0, 0, 0, 0, 0, 0, 0, 0, -1, 0, 0, 0, 0, 0, 0, 0, 0, 0, 0, 0, 0, 0], [0, 0, 0, 0, 0, 0, 0, 0, 0, 0, 0, 0, 0, 0, 0, 0, 0, 0, 0, 0, 0, 0, 0, 0, -1, 0, 0, 0, 0, 0, 0, 0, 0, 0, 0, 0, 0], [0, 0, 0, 0, 0, 0, 0, 0, 0, 0, 0, 0, 0, 0, 0, 0, 0, 0, 0, 0, 0, 0, 0, 0, 0, -1, 0, 0, 0, 0, 0, 0, 0, 0, 0, 0, 0], [0, 0, 0, 0, 0, 0, 0, 0, 0, 0, 0, 0, 0, 0, 0, 0, 0, 0, 0, 0, 0, 0, 0, 0, 0, 0, -1, 0, 0, 0, 0, 0, 0, 0, 0, 0, 0], [1, 1, 1, 1, 1, 1, 1, 1, 1, 1, 1, 1, 1, 1, 1, 1, 1, 1, 1, 1, 1, 1, 1, 1, 1, 1, 1, -1, 1, 1, 1, 1, 1, 1, 1, 1, 1], [0, 0, 0, 0, 0, 0, 0, 0, 0, 0, 0, 0, 0, 0, 0, 0, 0, 0, 0, 0, 0, 0, 0, 0, 0, 0, 0, 0, -1, 0, 0, 0, 0, 0, 0, 0, 0], [0, 0, 0, 0, 0, 0, 0, 0, 0, 0, 0, 0, 0, 0, 0, 0, 0, 0, 0, 0, 0, 0, 0, 0, 0, 0, 0, 0, 0, -1, 0, 0, 0, 0, 0, 0, 0], [1, 1, 1, 1, 1, 1, 1, 1, 1, 1, 1, 1, 1, 1, 1, 1, 1, 1, 1, 1, 1, 1, 1, 1, 1, 1, 1, 1, 1, 1, -1, 1, 1, 1, 1, 1, 1], [0, 0, 0, 0, 0, 0, 0, 0, 0, 0, 0, 0, 0, 0, 0, 0, 0, 0, 0, 0, 0, 0, 0, 0, 0, 0, 0, 0, 0, 0, 0, -1, 0, 0, 0, 0, 0], [0, 0, 0, 0, 0, 0, 0, 0, 0, 0, 0, 0, 0, 0, 0, 0, 0, 0, 0, 0, 0, 0, 0, 0, 0, 0, 0, 0, 0, 0, 0, 0, -1, 0, 0, 0, 0], [0, 0, 0, 0, 0, 0, 0, 0, 0, 0, 0, 0, 0, 0, 0, 0, 0, 0, 0, 0, 0, 0, 0, 0, 0, 0, 0, 0, 0, 0, 0, 0, 0, -1, 0, 0, 0], [0, 0, 0, 0, 0, 0, 0, 0, 0, 0, 0, 0, 0, 0, 0, 0, 0, 0, 0, 0, 0, 0, 0, 0, 0, 0, 0, 0, 0, 0, 0, 0, 0, 0, -1, 0, 0], [0, 0, 0, 0, 0, 0, 0, 0, 0, 0, 0, 0, 0, 0, 0, 0, 0, 0, 0, 0, 0, 0, 0, 0, 0, 0, 0, 0, 0, 0, 0, 0, 0, 0, 0, -1, 0], [2, 2, 2, 2, 2, 2, 2, 2, 2, 2, 2, 2, 2, 2, 2, 2, 2, 2, 2, 2, 2, 2, 2, 2, 2, 2, 2, 2, 2, 2, 2, 2, 2, 2, 2, 2, -1]], "speed_zone_count": 73, "speed_zones": [[0.0, 15.0], [15.0, 30.0], [30.0, 45.0], [45.0, 60.0], [60.0, 75.0], [75.0, 90.0], [90.0, 105.0], [105.0, 120.0], [120.0, 135.0], [135.0, 150.0], [150.0, 165.0], [165.0, 180.0], [180.0, 195.0], [195.0, 210.0], [210.0, 225.0], [225.0, 240.0], [240.0, 255.0], [255.0, 270.0], [270.0, 285.0], [285.0, 300.0], [300.0, 315.0], [315.0, 330.0], [330.0, 345.0], [345.0, 360.0], [360.0, 375.0], [375.0, 390.0], [390.0, 405.0], [405.0, 420.0], [420.0, 435.0], [435.0, 450.0], [450.0, 465.0], [465.0, 480.0], [480.0, 495.0], [495.0, 510.0], [510.0, 525.0], [525.0, 540.0], [540.0, 555.0], [555.0, 570.0], [570.0, 585.0], [585.0, 600.0], [600.0, 615.0], [615.0, 630.0], [630.0, 645.0], [645.0, 660.0], [660.0, 675.0], [675.0, 690.0], [690.0, 705.0], [705.0, 720.0], [720.0, 735.0], [735.0, 750.0], [750.0, 765.0], [765.0, 780.0], [780.0, 795.0], [795.0, 810.0], [810.0, 825.0], [825.0, 840.0], [840.0, 855.0], [855.0, 870.0], [870.0, 885.0], [885.0, 900.0], [900.0, 915.0], [915.0, 930.0], [930.0, 945.0], [945.0, 960.0], [960.0, 975.0], [975.0, 990.0], [990.0, 1005.0], [1005.0, 1020.0], [1020.0, 1035.0], [1035.0, 1050.0], [1050.0, 1065.0], [1065.0, 1080.0], [1080.0, 5000.0]], "distances": [[0.0, 79.3, 68.67, 70.14, 65.9, 65.26, 64.88, 78.92, 78.76, 63.29, 83.78, 61.84, 69.53, 72.44, 77.24, 66.27, 76.03, 63.19, 72.28, 64.12, 85.41, 71.83, 76.89, 64.64, 83.57, 72.48, 64.58, 58.33, 72.01, 73.34, 77.1, 72.03, 80.75, 71.78, 57.21, 62.94, 0.0], [0.0, 0.0, 12.57, 9.2, 17.55, 14.15, 14.49, 12.17, 9.89, 16.12, 4.87, 17.47, 11.38, 7.74, 12.11, 13.32, 14.03, 21.36, 9.74, 20.45, 6.84, 11.92, 18.82, 14.81, 7.11, 7.84, 14.74, 24.2, 9.24, 6.11, 17.24, 11.74, 11.68, 7.55, 23.02, 20.61, 79.3], [0.0, 12.57, 0.0, 7.29, 5.24, 8.44, 8.3, 20.7, 13.22, 9.39, 17.42, 9.38, 11.71, 4.86, 19.65, 4.3, 20.59, 8.95, 13.17, 8.13, 19.41, 10.0, 25.28, 8.92, 19.24, 4.75, 6.74, 11.71, 10.58, 7.0, 23.99, 9.9, 14.7, 6.53, 11.46, 8.08, 68.67], [0.0, 9.2, 7.29, 0.0, 12.24, 4.95, 5.29, 13.73, 8.67, 6.91, 13.67, 8.3, 4.67, 4.82, 12.54, 5.16, 13.33, 15.62, 5.89, 14.95, 15.4, 9.73, 17.99, 5.62, 14.14, 5.06, 5.77, 16.93, 6.47, 10.86, 16.72, 9.7, 10.64, 11.01, 14.63, 14.49, 70.14], [0.0, 17.55, 5.24, 12.24, 0.0, 11.9, 11.6, 25.86, 18.37, 12.08, 22.33, 11.28, 16.31, 10.0, 24.75, 7.87, 25.56, 12.69, 18.1, 13.37, 24.35, 6.37, 30.12, 12.17, 24.38, 9.85, 9.64, 7.68, 8.31, 12.22, 28.91, 6.59, 19.75, 11.74, 9.46, 12.28, 65.9], [0.0, 14.15, 8.44, 4.95, 11.9, 0.0, 10.24, 16.52, 13.5, 9.33, 18.52, 9.55, 5.6, 8.71, 15.04, 4.23, 15.16, 14.43, 8.3, 14.05, 20.18, 12.04, 19.15, 8.89, 18.62, 8.89, 10.72, 14.26, 9.6, 8.58, 18.17, 12.1, 15.49, 6.91, 10.91, 13.13, 65.26], [0.0, 14.49, 8.3, 5.29, 11.6, 10.24, 0.0, 17.0, 13.88, 12.2, 18.9, 13.59, 6.08, 8.86, 15.52, 10.44, 15.63, 14.05, 8.79, 13.69, 20.58, 11.97, 19.6, 10.9, 19.05, 9.02, 11.05, 13.8, 9.64, 8.84, 18.63, 12.04, 15.87, 7.18, 10.42, 12.74, 64.88], [0.0, 12.17, 20.7, 13.73, 25.86, 16.52, 17.0, 0.0, 10.14, 18.06, 11.67, 19.89, 10.94, 16.52, 10.53, 18.76, 11.91, 29.33, 8.25, 28.64, 11.56, 21.97, 6.97, 16.85, 8.27, 16.75, 18.53, 30.44, 18.57, 14.17, 5.4, 21.85, 10.71, 14.19, 27.42, 28.22, 78.92], [0.0, 9.89, 13.22, 8.67, 18.37, 13.5, 13.88, 10.14, 0.0, 15.47, 5.03, 16.96, 10.03, 8.37, 10.03, 13.29, 11.96, 22.15, 8.07, 21.28, 6.73, 13.13, 16.75, 14.12, 6.02, 8.51, 14.41, 24.62, 10.13, 6.32, 15.17, 12.97, 10.87, 7.44, 23.03, 21.3, 78.76], [0.0, 16.12, 9.39, 6.91, 12.08, 9.33, 12.2, 18.06, 15.47, 0.0, 20.49, 10.42, 7.14, 10.41, 16.52, 5.1, 16.45, 14.16, 9.95, 13.91, 22.14, 13.18, 20.16, 9.77, 20.53, 10.56, 12.68, 13.32, 11.07, 10.48, 19.29, 13.26, 17.47, 8.82, 9.53, 12.82, 63.29], [0.0, 4.87, 17.42, 13.67, 22.33, 18.52, 18.9, 11.67, 5.03, 20.49, 0.0, 21.97, 14.86, 12.61, 12.28, 18.09, 14.43, 26.14, 12.59, 25.22, 11.71, 16.49, 18.65, 19.15, 11.05, 12.69, 19.36, 29.07, 14.04, 10.92, 17.07, 16.29, 15.9, 12.26, 27.82, 25.43, 83.78], [0.0, 17.47, 9.38, 8.3, 11.28, 9.55, 13.59, 19.89, 16.96, 10.42, 21.97, 0.0, 8.96, 11.22, 18.35, 5.32, 18.27, 12.95, 11.76, 12.8, 23.67, 13.26, 21.92, 9.98, 22.18, 11.34, 14.07, 11.69, 11.58, 11.62, 21.08, 13.37, 18.93, 10.0, 7.73, 11.6, 61.84], [0.0, 11.38, 11.71, 4.67, 16.31, 5.6, 6.08, 10.94, 10.03, 7.14, 14.86, 8.96, 0.0, 9.38, 9.44, 8.54, 9.63, 19.35, 10.56, 18.82, 16.2, 14.4, 13.89, 5.91, 14.06, 9.63, 7.74, 19.75, 11.13, 7.83, 12.78, 14.37, 12.0, 6.58, 16.5, 18.12, 69.53], [0.0, 7.74, 4.86, 4.82, 10.0, 8.71, 8.86, 16.52, 8.37, 10.41, 12.61, 11.22, 9.38, 0.0, 15.68, 6.2, 16.93, 13.78, 9.87, 12.92, 14.58, 5.5, 21.8, 9.38, 14.39, 9.61, 8.26, 16.46, 11.28, 11.86, 20.39, 5.4, 9.85, 11.39, 15.55, 12.94, 72.44], [0.0, 12.11, 19.65, 12.54, 24.75, 15.04, 15.52, 10.53, 10.03, 16.52, 12.28, 18.35, 9.44, 15.68, 0.0, 17.48, 11.65, 28.15, 6.86, 27.49, 12.42, 21.17, 6.71, 15.34, 9.18, 15.92, 17.11, 29.07, 17.73, 13.36, 5.13, 21.07, 10.91, 13.2, 25.94, 27.01, 77.24], [0.0, 13.32, 4.3, 5.16, 7.87, 4.23, 10.44, 18.76, 13.29, 5.1, 18.09, 5.32, 8.54, 6.2, 17.48, 0.0, 18.03, 10.82, 10.65, 10.29, 19.96, 8.08, 22.43, 4.66, 19.07, 6.27, 10.92, 11.77, 6.28, 7.21, 21.28, 8.17, 15.12, 5.86, 9.74, 9.6, 66.27], [0.0, 14.03, 20.59, 13.33, 25.56, 15.16, 15.63, 11.91, 11.96, 16.45, 14.43, 18.27, 9.63, 16.93, 11.65, 18.03, 0.0, 28.82, 7.45, 28.22, 14.58, 22.42, 4.94, 15.37, 11.33, 17.18, 17.36, 29.38, 18.96, 14.67, 16.79, 22.33, 12.97, 14.3, 25.97, 27.63, 76.03], [0.0, 21.36, 8.95, 15.62, 12.69, 14.43, 14.05, 29.33, 22.15, 14.16, 26.14, 12.95, 19.35, 13.78, 28.15, 10.82, 28.82, 0.0, 21.39, 10.86, 28.15, 10.02, 33.24, 14.56, 28.16, 13.63, 12.07, 5.01, 12.12, 15.95, 32.1, 10.23, 23.55, 15.36, 8.58, 9.62, 63.19], [0.0, 9.74, 13.17, 5.89, 18.1, 8.3, 8.79, 8.25, 8.07, 9.95, 12.59, 11.76, 10.56, 9.87, 6.86, 10.65, 7.45, 21.39, 0.0, 20.77, 13.75, 15.27, 12.12, 8.68, 11.39, 10.13, 10.27, 22.21, 11.84, 7.83, 10.83, 15.2, 9.92, 7.09, 19.19, 20.22, 72.28], [0.0, 20.45, 8.13, 14.95, 13.37, 14.05, 13.69, 28.64, 21.28, 13.91, 25.22, 12.8, 18.82, 12.92, 27.49, 10.29, 28.22, 10.86, 20.77, 0.0, 27.23, 9.03, 32.7, 14.22, 27.29, 12.77, 11.7, 5.85, 11.21, 15.12, 31.53, 9.25, 22.66, 14.6, 9.04, 10.45, 64.12], [0.0, 6.84, 19.41, 15.4, 24.35, 20.18, 20.58, 11.56, 6.73, 22.14, 11.71, 23.67, 16.2, 14.58, 12.42, 19.96, 14.58, 28.15, 13.75, 27.23, 0.0, 18.5, 18.45, 20.79, 9.7, 14.68, 21.14, 31.04, 16.05, 12.83, 16.91, 18.3, 4.84, 14.11, 29.7, 27.43, 85.41], [0.0, 11.92, 10.0, 9.73, 6.37, 12.04, 11.97, 21.97, 13.13, 13.18, 16.49, 13.26, 14.4, 5.5, 21.17, 8.08, 22.42, 10.02, 15.27, 9.03, 18.5, 0.0, 27.28, 12.59, 18.99, 5.25, 10.55, 13.95, 12.21, 7.82, 25.88, 10.41, 14.18, 8.18, 14.72, 9.61, 71.83], [0.0, 18.82, 25.28, 17.99, 30.12, 19.15, 19.6, 6.97, 16.75, 20.16, 18.65, 21.92, 13.89, 21.8, 6.71, 22.43, 4.94, 33.24, 12.12, 32.7, 18.45, 27.28, 0.0, 19.24, 15.15, 22.05, 21.46, 33.39, 23.83, 19.57, 11.85, 27.2, 17.57, 19.12, 29.63, 32.01, 76.89], [0.0, 14.81, 8.92, 5.62, 12.17, 8.89, 10.9, 16.85, 14.12, 9.77, 19.15, 9.98, 5.91, 9.38, 15.34, 4.66, 15.37, 14.56, 8.68, 14.22, 20.79, 12.59, 19.24, 0.0, 19.17, 9.55, 11.38, 14.15, 10.22, 9.26, 18.31, 12.65, 16.12, 7.59, 10.61, 13.24, 64.64], [0.0, 7.11, 19.24, 14.14, 24.38, 18.62, 19.05, 8.27, 6.02, 20.53, 11.05, 22.18, 14.06, 14.39, 9.18, 19.07, 11.33, 28.16, 11.39, 27.29, 9.7, 18.99, 15.15, 19.17, 0.0, 14.53, 19.89, 30.57, 16.12, 12.3, 13.61, 18.81, 4.86, 13.28, 28.74, 27.31, 83.57], [0.0, 7.84, 4.75, 5.06, 9.85, 8.89, 9.02, 16.75, 8.51, 10.56, 12.69, 11.34, 9.63, 9.61, 15.92, 6.27, 17.18, 13.63, 10.13, 12.77, 14.68, 5.25, 22.05, 9.55, 14.53, 0.0, 8.37, 16.38, 11.52, 11.75, 20.64, 5.16, 9.96, 11.28, 15.54, 12.81, 72.48], [0.0, 14.74, 6.74, 5.77, 9.64, 10.72, 11.05, 18.53, 14.41, 12.68, 19.36, 14.07, 7.74, 8.26, 17.11, 10.92, 17.36, 12.07, 10.27, 11.7, 21.14, 10.55, 21.46, 11.38, 19.89, 8.37, 0.0, 12.02, 8.64, 8.78, 20.44, 10.64, 16.34, 7.21, 9.02, 10.76, 64.58], [0.0, 24.2, 11.71, 16.93, 7.68, 14.26, 13.8, 30.44, 24.62, 13.32, 29.07, 11.69, 19.75, 16.46, 29.07, 11.77, 29.38, 5.01, 22.21, 5.85, 31.04, 13.95, 33.39, 14.15, 30.57, 16.38, 12.02, 0.0, 15.21, 18.31, 32.43, 14.17, 26.26, 17.32, 4.86, 4.6, 58.33], [0.0, 9.24, 10.58, 6.47, 8.31, 9.6, 9.64, 18.57, 10.13, 11.07, 14.04, 11.58, 11.13, 11.28, 17.73, 6.28, 18.96, 12.12, 11.84, 11.21, 16.05, 12.21, 23.83, 10.22, 16.12, 11.52, 8.64, 15.21, 0.0, 4.4, 22.43, 12.11, 11.44, 4.75, 14.86, 11.39, 72.01], [0.0, 6.11, 7.0, 10.86, 12.22, 8.58, 8.84, 14.17, 6.32, 10.48, 10.92, 11.62, 7.83, 11.86, 13.36, 7.21, 14.67, 15.95, 7.83, 15.12, 12.83, 7.82, 19.57, 9.26, 12.3, 11.75, 8.78, 18.31, 4.4, 0.0, 18.14, 7.71, 8.0, 9.15, 16.91, 15.04, 73.34], [0.0, 17.24, 23.99, 16.72, 28.91, 18.17, 18.63, 5.4, 15.17, 19.29, 17.07, 21.08, 12.78, 20.39, 5.13, 21.28, 16.79, 32.1, 10.83, 31.53, 16.91, 25.88, 11.85, 18.31, 13.61, 20.64, 20.44, 32.43, 22.43, 18.14, 0.0, 25.8, 15.98, 17.75, 28.81, 30.88, 77.1], [0.0, 11.74, 9.9, 9.7, 6.59, 12.1, 12.04, 21.85, 12.97, 13.26, 16.29, 13.37, 14.37, 5.4, 21.07, 8.17, 22.33, 10.23, 15.2, 9.25, 18.3, 10.41, 27.2, 12.65, 18.81, 5.16, 10.64, 14.17, 12.11, 7.71, 25.8, 0.0, 14.0, 8.12, 14.91, 9.83, 72.03], [0.0, 11.68, 14.7, 10.64, 19.75, 15.49, 15.87, 10.71, 10.87, 17.47, 15.9, 18.93, 12.0, 9.85, 10.91, 15.12, 12.97, 23.55, 9.92, 22.66, 4.84, 14.18, 17.57, 16.12, 4.86, 9.96, 16.34, 26.26, 11.44, 8.0, 15.98, 14.0, 0.0, 9.27, 24.86, 22.77, 80.75], [0.0, 7.55, 6.53, 11.01, 11.74, 6.91, 7.18, 14.19, 7.44, 8.82, 12.26, 10.0, 6.58, 11.39, 13.2, 5.86, 14.3, 15.36, 7.09, 14.6, 14.11, 8.18, 19.12, 7.59, 13.28, 11.28, 7.21, 17.32, 4.75, 9.15, 17.75, 8.12, 9.27, 0.0, 15.6, 14.36, 71.78], [0.0, 23.02, 11.46, 14.63, 9.46, 10.91, 10.42, 27.42, 23.03, 9.53, 27.82, 7.73, 16.5, 15.55, 25.94, 9.74, 25.97, 8.58, 19.19, 9.04, 29.7, 14.72, 29.63, 10.61, 28.74, 15.54, 9.02, 4.86, 14.86, 16.91, 28.81, 14.91, 24.86, 15.6, 0.0, 7.52, 57.21], [0.0, 20.61, 8.08, 14.49, 12.28, 13.13, 12.74, 28.22, 21.3, 12.82, 25.43, 11.6, 18.12, 12.94, 27.01, 9.6, 27.63, 9.62, 20.22, 10.45, 27.43, 9.61, 32.01, 13.24, 27.31, 12.81, 10.76, 4.6, 11.39, 15.04, 30.88, 9.83, 22.77, 14.36, 7.52, 0.0, 62.94], [0.0, 0.0, 0.0, 0.0, 0.0, 0.0, 0.0, 0.0, 0.0, 0.0, 0.0, 0.0, 0.0, 0.0, 0.0, 0.0, 0.0, 0.0, 0.0, 0.0, 0.0, 0.0, 0.0, 0.0, 0.0, 0.0, 0.0, 0.0, 0.0, 0.0, 0.0, 0.0, 0.0, 0.0, 0.0, 0.0, 0.0]], "time_windows": [[0.0, 5000.0], [0.0, 130.0], [0.0, 145.0], [0.0, 154.0], [0.0, 173.0], [0.0, 200.0], [0.0, 222.0], [0.0, 278.0], [0.0, 306.0], [0.0, 345.0], [0.0, 383.0], [0.0, 419.0], [0.0, 433.0], [0.0, 448.0], [0.0, 479.0], [0.0, 527.0], [0.0, 584.0], [0.0, 645.0], [0.0, 679.0], [0.0, 709.0], [0.0, 747.0], [0.0, 772.0], [0.0, 815.0], [0.0, 854.0], [0.0, 892.0], [0.0, 920.0], [0.0, 934.0], [0.0, 953.0], [0.0, 978.0], [0.0, 985.0], [0.0, 1009.0], [0.0, 1041.0], [0.0, 1057.0], [0.0, 1067.0], [0.0, 1085.0], [0.0, 1093.0], [0.0, 5000.0]], "start_depot": 0, "end_depot": 36, "horizon": [0.0, 5000.0]}