{"digraph": {"vertex_count": 37, "arc_count": 1260, "arcs": [[0, 1, 1, 1, 1, 1, 1, 1, 1, 1, 1, 1, 1, 1, 1, 1, 1, 1, 1, 1, 1, 1, 1, 1, 1, 1, 1, 1, 1, 1, 1, 1, 1, 1, 1, 1, 1], [0, 0, 1, 1, 1, 1, 1, 1, 1, 1, 1, 1, 1, 1, 1, 1, 1, 1, 1, 1, 1, 1, 1, 1, 1, 1, 1, 1, 1, 1, 1, 1, 1, 1, 1, 1, 1], [0, 1, 0, 1, 1, 1, 1, 1, 1, 1, 1, 1, 1, 1, 1, 1, 1, 1, 1, 1, 1, 1, 1, 1, 1, 1, 1, 1, 1, 1, 1, 1, 1, 1, 1, 1, 1], [0, 1, 1, 0, 1, 1, 1, 1, 1, 1, 1, 1, 1, 1, 1, 1, 1, 1, 1, 1, 1, 1, 1, 1, 1, 1, 1, 1, 1, 1, 1, 1, 1, 1, 1, 1, 1], [0, 1, 1, 1, 0, 1, 1, 1, 1, 1, 1, 1, 1, 1, 1, 1, 1, 1, 1, 1, 1, 1, 1, 1, 1, 1, 1, 1, 1, 1, 1, 1, 1, 1, 1, 1, 1], [0, 1, 1, 1, 1, 0, 1, 1, 1, 1, 1, 1, 1, 1, 1, 1, 1, 1, 1, 1, 1, 1, 1, 1, 1, 1, 1, 1, 1, 1, 1, 1, 1, 1, 1, 1, 1], [0, 1, 1, 1, 1, 1, 0, 1, 1, 1, 1, 1, 1, 1, 1, 1, 1, 1, 1, 1, 1, 1, 1, 1, 1, 1, 1, 1, 1, 1, 1, 1, 1, 1, 1, 1, 1], [0, 1, 1, 1, 1, 1, 1, 0, 1, 1, 1, 1, 1, 1, 1, 1, 1, 1, 1, 1, 1, 1, 1, 1, 1, 1, 1, 1, 1, 1, 1, 1, 1, 1, 1, 1, 1], [0, 1, 1, 1, 1, 1, 1, 1, 0, 1, 1, 1, 1, 1, 1, 1, 1, 1, 1, 1, 1, 1, 1, 1, 1, 1, 1, 1, 1, 1, 1, 1, 1, 1, 1, 1, 1], [0, 1, 1, 1, 1, 1, 1, 1, 1, 0, 1, 1, 1, 1, 1, 1, 1, 1, 1, 1, 1, 1, 1, 1, 1, 1, 1, 1, 1, 1, 1, 1, 1, 1, 1, 1, 1], [0, 1, 1, 1, 1, 1, 1, 1, 1, 1, 0, 1, 1, 1, 1, 1, 1, 1, 1, 1, 1, 1, 1, 1, 1, 1, 1, 1, 1, 1, 1, 1, 1, 1, 1, 1, 1], [0, 1, 1, 1, 1, 1, 1, 1, 1, 1, 1, 0, 1, 1, 1, 1, 1, 1, 1, 1, 1, 1, 1, 1, 1, 1, 1, 1, 1, 1, 1, 1, 1, 1, 1, 1, 1], [0, 1, 1, 1, 1, 1, 1, 1, 1, 1, 1, 1, 0, 1, 1, 1, 1, 1, 1, 1, 1, 1, 1, 1, 1, 1, 1, 1, 1, 1, 1, 1, 1, 1, 1, 1, 1], [0, 1, 1, 1, 1, 1, 1, 1, 1, 1, 1, 1, 1, 0, 1, 1, 1, 1, 1, 1, 1, 1, 1, 1, 1, 1, 1, 1, 1, 1, 1, 1, 1, 1, 1, 1, 1], [0, 1, 1, 1, 1, 1, 1, 1, 1, 1, 1, 1, 1, 1, 0, 1, 1, 1, 1, 1, 1, 1, 1, 1, 1, 1, 1, 1, 1, 1, 1, 1, 1, 1, 1, 1, 1], [0, 1, 1, 1, 1, 1, 1, 1, 1, 1, 1, 1, 1, 1, 1, 0, 1, 1, 1, 1, 1, 1, 1, 1, 1, 1, 1, 1, 1, 1, 1, 1, 1, 1, 1, 1, 1], [0, 1, 1, 1, 1, 1, 1, 1, 1, 1, 1, 1, 1, 1, 1, 1, 0, 1, 1, 1, 1, 1, 1, 1, 1, 1, 1, 1, 1, 1, 1, 1, 1, 1, 1, 1, 1], [0, 1, 1, 1, 1, 1, 1, 1, 1, 1, 1, 1, 1, 1, 1, 1, 1, 0, 1, 1, 1, 1, 1, 1, 1, 1, 1, 1, 1, 1, 1, 1, 1, 1, 1, 1, 1], [0, 1, 1, 1, 1, 1, 1, 1, 1, 1, 1, 1, 1, 1, 1, 1, 1, 1, 0, 1, 1, 1, 1, 1, 1, 1, 1, 1, 1, 1, 1, 1, 1, 1, 1, 1, 1], [0, 1, 1, 1, 1, 1, 1, 1, 1, 1, 1, 1, 1, 1, 1, 1, 1, 1, 1, 0, 1, 1, 1, 1, 1, 1, 1, 1, 1, 1, 1, 1, 1, 1, 1, 1, 1], [0, 1, 1, 1, 1, 1, 1, 1, 1, 1, 1, 1, 1, 1, 1, 1, 1, 1, 1, 1, 0, 1, 1, 1, 1, 1, 1, 1, 1, 1, 1, 1, 1, 1, 1, 1, 1], [0, 1, 1, 1, 1, 1, 1, 1, 1, 1, 1, 1, 1, 1, 1, 1, 1, 1, 1, 1, 1, 0, 1, 1, 1, 1, 1, 1, 1, 1, 1, 1, 1, 1, 1, 1, 1], [0, 1, 1, 1, 1, 1, 1, 1, 1, 1, 1, 1, 1, 1, 1, 1, 1, 1, 1, 1, 1, 1, 0, 1, 1, 1, 1, 1, 1, 1, 1, 1, 1, 1, 1, 1, 1], [0, 1, 1, 1, 1, 1, 1, 1, 1, 1, 1, 1, 1, 1, 1, 1, 1, 1, 1, 1, 1, 1, 1, 0, 1, 1, 1, 1, 1, 1, 1, 1, 1, 1, 1, 1, 1], [0, 1, 1, 1, 1, 1, 1, 1, 1, 1, 1, 1, 1, 1, 1, 1, 1, 1, 1, 1, 1, 1, 1, 1, 0, 1, 1, 1, 1, 1, 1, 1, 1, 1, 1, 1, 1], [0, 1, 1, 1, 1, 1, 1, 1, 1, 1, 1, 1, 1, 1, 1, 1, 1, 1, 1, 1, 1, 1, 1, 1, 1, 0, 1, 1, 1, 1, 1, 1, 1, 1, 1, 1, 1], [0, 1, 1, 1, 1, 1, 1, 1, 1, 1, 1, 1, 1, 1, 1, 1, 1, 1, 1, 1, 1, 1, 1, 1, 1, 1, 0, 1, 1, 1, 1, 1, 1, 1, 1, 1, 1], [0, 1, 1, 1, 1, 1, 1, 1, 1, 1, 1, 1, 1, 1, 1, 1, 1, 1, 1, 1, 1, 1, 1, 1, 1, 1, 1, 0, 1, 1, 1, 1, 1, 1, 1, 1, 1], [0, 1, 1, 1, 1, 1, 1, 1, 1, 1, 1, 1, 1, 1, 1, 1, 1, 1, 1, 1, 1, 1, 1, 1, 1, 1, 1, 1, 0, 1, 1, 1, 1, 1, 1, 1, 1], [0, 1, 1, 1, 1, 1, 1, 1, 1, 1, 1, 1, 1, 1, 1, 1, 1, 1, 1, 1, 1, 1, 1, 1, 1, 1, 1, 1, 1, 0, 1, 1, 1, 1, 1, 1, 1], [0, 1, 1, 1, 1, 1, 1, 1, 1, 1, 1, 1, 1, 1, 1, 1, 1, 1, 1, 1, 1, 1, 1, 1, 1, 1, 1, 1, 1, 1, 0, 1, 1, 1, 1, 1, 1], [0, 1, 1, 1, 1, 1, 1, 1, 1, 1, 1, 1, 1, 1, 1, 1, 1, 1, 1, 1, 1, 1, 1, 1, 1, 1, 1, 1, 1, 1, 1, 0, 1, 1, 1, 1, 1], [0, 1, 1, 1, 1, 1, 1, 1, 1, 1, 1, 1, 1, 1, 1, 1, 1, 1, 1, 1, 1, 1, 1, 1, 1, 1, 1, 1, 1, 1, 1, 1, 0, 1, 1, 1, 1], [0, 1, 1, 1, 1, 1, 1, 1, 1, 1, 1, 1, 1, 1, 1, 1, 1, 1, 1, 1, 1, 1, 1, 1, 1, 1, 1, 1, 1, 1, 1, 1, 1, 0, 1, 1, 1], [0, 1, 1, 1, 1, 1, 1, 1, 1, 1, 1, 1, 1, 1, 1, 1, 1, 1, 1, 1, 1, 1, 1, 1, 1, 1, 1, 1, 1, 1, 1, 1, 1, 1, 0, 1, 1], [0, 1, 1, 1, 1, 1, 1, 1, 1, 1, 1, 1, 1, 1, 1, 1, 1, 1, 1, 1, 1, 1, 1, 1, 1, 1, 1, 1, 1, 1, 1, 1, 1, 1, 1, 0, 1], [0, 0, 0, 0, 0, 0, 0, 0, 0, 0, 0, 0, 0, 0, 0, 0, 0, 0, 0, 0, 0, 0, 0, 0, 0, 0, 0, 0, 0, 0, 0, 0, 0, 0, 0, 0, 0]]}, "cluster_count": 3, "cluster_speeds": [[0.925, 0.85, 0.925, 1.0, 0.8325, 0.765, 0.8325, 0.9, 0.4625, 0.425, 0.4625, 0.5, 0.30525, 0.2805, 0.30525, 0.33, 0.37, 0.34, 0.37, 0.4, 0.555, 0.51, 0.555, 0.6, 0.6475, 0.595, 0.6475, 0.7, 0.37, 0.34, 0.37, 0.4, 0.30525, 0.2805, 0.30525, 0.33, 0.4625, 0.425, 0.4625, 0.5, 0.6475, 0.595, 0.6475, 0.7, 0.74, 0.68, 0.74, 0.8, 0.6475, 0.595, 0.6475, 0.7, 0.4625, 0.425, 0.4625, 0.5, 0.555, 0.51, 0.555, 0.6, 0.6475, 0.595, 0.6475, 0.7, 0.8325, 0.765, 0.8325, 0.9, 0.925, 0.85, 0.925, 1.0, 1.0], [0.7400000000000001, 0.68, 0.7400000000000001, 0.8, 0.666, 0.6120000000000001, 0.666, 0.7200000000000001, 0.37000000000000005, 0.34, 0.37000000000000005, 0.4, 0.24420000000000003, 0.22440000000000004, 0.24420000000000003, 0.264, 0.296, 0.272, 0.296, 0.32000000000000006, 0.44400000000000006, 0.40800000000000003, 0.44400000000000006, 0.48, 0.6475, 0.595, 0.6475, 0.7, 0.37, 0.34, 0.37, 0.4, 0.30525, 0.2805, 0.30525, 0.33, 0.4625, 0.425, 0.4625, 0.5, 0.6475, 0.595, 0.6475, 0.7, 0.74, 0.68, 0.74, 0.8, 0.518, 0.476, 0.518, 0.5599999999999999, 0.37000000000000005, 0.34, 0.37000000000000005, 0.4, 0.44400000000000006, 0.40800000000000003, 0.44400000000000006, 0.48, 0.518, 0.476, 0.518, 0.5599999999999999, 0.666, 0.6120000000000001, 0.666, 0.7200000000000001, 0.7400000000000001, 0.68, 0.7400000000000001, 0.8, 0.8], [0.87875, 0.8075, 0.87875, 0.95, 0.790875, 0.72675, 0.790875, 0.855, 0.439375, 0.40375, 0.439375, 0.475, 0.2899875, 0.266475, 0.2899875, 0.3135, 0.3515, 0.323, 0.3515, 0.38, 0.52725, 0.4845, 0.52725, 0.57, 0.6475, 0.595, 0.6475, 0.7, 0.37, 0.34, 0.37, 0.4, 0.30525, 0.2805, 0.30525, 0.33, 0.4625, 0.425, 0.4625, 0.5, 0.6475, 0.595, 0.6475, 0.7, 0.74, 0.68, 0.74, 0.8, 0.6151249999999999, 0.5652499999999999, 0.6151249999999999, 0.6649999999999999, 0.439375, 0.40375, 0.439375, 0.475, 0.52725, 0.4845, 0.52725, 0.57, 0.6151249999999999, 0.5652499999999999, 0.6151249999999999, 0.6649999999999999, 0.790875, 0.72675, 0.790875, 0.855, 0.87875, 0.8075, 0.87875, 0.95, 0.95]], "clusters": [[-1, 2, 2, 2, 2, 2, 2, 2, 2, 2, 2, 2, 2, 2, 2, 2, 2, 2, 2, 2, 2, 2, 2, 2, 2, 2, 2, 2, 2, 2, 2, 2, 2, 2, 2, 2, 2], [0, -1, 0, 0, 0, 0, 0, 0, 0, 0, 0, 0, 0, 0, 0, 0, 0, 0, 0, 0, 0, 0, 0, 0, 0, 0, 0, 0, 0, 0, 0, 0, 0, 0, 0, 0, 0], [2, 2, -1, 2, 2, 2, 2, 2, 2, 2, 2, 2, 2, 2, 2, 2, 2, 2, 2, 2, 2, 2, 2, 2, 2, 2, 2, 2, 2, 2, 2, 2, 2, 2, 2, 2, 2], [1, 1, 1, -1, 1, 1, 1, 1, 1, 1, 1, 1, 1, 1, 1, 1, 1, 1, 1, 1, 1, 1, 1, 1, 1, 1, 1, 1, 1, 1, 1, 1, 1, 1, 1, 1, 1], [0, 0, 0, 0, -1, 0, 0, 0, 0, 0, 0, 0, 0, 0, 0, 0, 0, 0, 0, 0, 0, 0, 0, 0, 0, 0, 0, 0, 0, 0, 0, 0, 0, 0, 0, 0, 0], [0, 0, 0, 0, 0, -1, 0, 0, 0, 0, 0, 0, 0, 0, 0, 0, 0, 0, 0, 0, 0, 0, 0, 0, 0, 0, 0, 0, 0, 0, 0, 0, 0, 0, 0, 0, 0], [0, 0, 0, 0, 0, 0, -1, 0, 0, 0, 0, 0, 0, 0, 0, 0, 0, 0, 0, 0, 0, 0, 0, 0, 0, 0, 0, 0, 0, 0, 0, 0, 0, 0, 0, 0, 0], [1, 1, 1, 1, 1, 1, 1, -1, 1, 1, 1, 1, 1, 1, 1, 1, 1, 1, 1, 1, 1, 1, 1, 1, 1, 1, 1, 1, 1, 1, 1, 1, 1, 1, 1, 1, 1], [0, 0, 0, 0, 0, 0, 0, 0, -1, 0, 0, 0, 0, 0, 0, 0, 0, 0, 0, 0, 0, 0, 0, 0, 0, 0, 0, 0, 0, 0, 0, 0, 0, 0, 0, 0, 0], [1, 1, 1, 1, 1, 1, 1, 1, 1, -1, 1, 1, 1, 1, 1, 1, 1, 1, 1, 1, 1, 1, 1, 1, 1, 1, 1, 1, 1, 1, 1, 1, 1, 1, 1, 1, 1], [1, 1, 1, 1, 1, 1, 1, 1, 1, 1, -1, 1, 1, 1, 1, 1, 1, 1, 1, 1, 1, 1, 1, 1, 1, 1, 1, 1, 1, 1, 1, 1, 1, 1, 1, 1, 1], [1, 1, 1, 1, 1, 1, 1, 1, 1, 1, 1, -1, 1, 1, 1, 1, 1, 1, 1, 1, 1, 1, 1, 1, 1, 1, 1, 1, 1, 1, 1, 1, 1, 1, 1, 1, 1], [0, 0, 0, 0, 0, 0, 0, 0, 0, 0, 0, 0, -1, 0, 0, 0, 0, 0, 0, 0, 0, 0, 0, 0, 0, 0, 0, 0, 0, 0, 0, 0, 0, 0, 0, 0, 0], [1, 1, 1, 1, 1, 1, 1, 1, 1, 1, 1, 1, 1, -1, 1, 1, 1, 1, 1, 1, 1, 1, 1, 1, 1, 1, 1, 1, 1, 1, 1, 1, 1, 1, 1, 1, 1], [0, 0, 0, 0, 0, 0, 0, 0, 0, 0, 0, 0, 0, 0, -1, 0, 0, 0, 0, 0, 0, 0, 0, 0, 0, 0, 0, 0, 0, 0, 0, 0, 0, 0, 0, 0, 0], [0, 0, 0, 0, 0, 0, 0, 0, 0, 0, 0, 0, 0, 0, 0, -1, 0, 0, 0, 0, 0, 0, 0, 0, 0, 0, 0, 0, 0, 0, 0, 0, 0, 0, 0, 0, 0], [0, 0, 0, 0, 0, 0, 0, 0, 0, 0, 0, 0, 0, 0, 0, 0, -1, 0, 0, 0, 0, 0, 0, 0, 0, 0, 0, 0, 0, 0, 0, 0, 0, 0, 0, 0, 0], [1, 1, 1, 1, 1, 1, 1, 1, 1, 1, 1, 1, 1, 1, 1, 1, 1, -1, 1, 1, 1, 1, 1, 1, 1, 1, 1, 1, 1, 1, 1, 1, 1, 1, 1, 1, 1], [1, 1, 1, 1, 1, 1, 1, 1, 1, 1, 1, 1, 1, 1, 1, 1, 1, 1, -1, 1, 1, 1, 1, 1, 1, 1, 1, 1, 1, 1, 1, 1, 1, 1, 1, 1, 1], [0, 0, 0, 0, 0, 0, 0, 0, 0, 0, 0, 0, 0, 0, 0, 0, 0, 0, 0, -1, 0, 0, 0, 0, 0, 0, 0, 0, 0, 0, 0, 0, 0, 0, 0, 0, 0], [1, 1, 1, 1, 1, 1, 1, 1, 1, 1, 1, 1, 1, 1, 1, 1, 1, 1, 1, 1, -1, 1, 1, 1, 1, 1, 1, 1, 1, 1, 1, 1, 1, 1, 1, 1, 1], [0, 0, 0, 0, 0, 0, 0, 0, 0, 0, 0, 0, 0, 0, 0, 0, 0, 0, 0, 0, 0, -1, 0, 0, 0, 0, 0, 0, 0, 0, 0, 0, 0, 0, 0, 0, 0], [0, 0, 0, 0, 0, 0, 0, 0, 0, 0, 0, 0, 0, 0, 0, 0, 0, 0, 0, 0, 0, 0, -1, 0, 0, 0, 0, 0, 0, 0, 0, 0, 0, 0, 0, 0, 0], [1, 1, 1, 1, 1, 1, 1, 1, 1, 1, 1, 1, 1, 1, 1, 1, 1, 1, 1, 1, 1, 1, 1, -1, 1, 1, 1, 1, 1, 1, 1, 1, 1, 1, 1, 1, 1], [0, 0, 0, 0, 0, 0, 0, 0, 0, 0, 0, 0, 0, 0, 0, 0, 0, 0, 0, 0, 0, 0, 0, 0, -1, 0, 0, 0, 0, 0, 0, 0, 0, 0, 0, 0, 0], [1, 1, 1, 1, 1, 1, 1, 1, 1, 1, 1, 1, 1, 1, 1, 1, 1, 1, 1, 1, 1, 1, 1, 1, 1, -1, 1, 1, 1, 1, 1, 1, 1, 1, 1, 1, 1], [0, 0, 0, 0, 0, 0, 0, 0, 0, 0, 0, 0, 0, 0, 0, 0, 0, 0, 0, 0, 0, 0, 0, 0, 0, 0, -1, 0, 0, 0, 0, 0, 0, 0, 0, 0, 0], [1, 1, 1, 1, 1, 1, 1, 1, 1, 1, 1, 1, 1, 1, 1, 1, 1, 1, 1, 1, 1, 1, 1, 1, 1, 1, 1, -1, 1, 1, 1, 1, 1, 1, 1, 1, 1], [0, 0, 0, 0, 0, 0, 0, 0, 0, 0, 0, 0, 0, 0, 0, 0, 0, 0, 0, 0, 0, 0, 0, 0, 0, 0, 0, 0, -1, 0, 0, 0, 0, 0, 0, 0, 0], [2, 2, 2, 2, 2, 2, 2, 2, 2, 2, 2, 2, 2, 2, 2, 2, 2, 2, 2, 2, 2, 2, 2, 2, 2, 2, 2, 2, 2, -1, 2, 2, 2, 2, 2, 2, 2], [1, 1, 1, 1, 1, 1, 1, 1, 1, 1, 1, 1, 1, 1, 1, 1, 1, 1, 1, 1, 1, 1, 1, 1, 1, 1, 1, 1, 1, 1, -1, 1, 1, 1, 1, 1, 1], [0, 0, 0, 0, 0, 0, 0, 0, 0, 0, 0, 0, 0, 0, 0, 0, 0, 0, 0, 0, 0, 0, 0, 0, 0, 0, 0, 0, 0, 0, 0, -1, 0, 0, 0, 0, 0], [0, 0, 0, 0, 0, 0, 0, 0, 0, 0, 0, 0, 0, 0, 0, 0, 0, 0, 0, 0, 0, 0, 0, 0, 0, 0, 0, 0, 0, 0, 0, 0, -1, 0, 0, 0, 0], [2, 2, 2, 2, 2, 2, 2, 2, 2, 2, 2, 2, 2, 2, 2, 2, 2, 2, 2, 2, 2, 2, 2, 2, 2, 2, 2, 2, 2, 2, 2, 2, 2, -1, 2, 2, 2], [0, 0, 0, 0, 0, 0, 0, 0, 0, 0, 0, 0, 0, 0, 0, 0, 0, 0, 0, 0, 0, 0, 0, 0, 0, 0, 0, 0, 0, 0, 0, 0, 0, 0, -1, 0, 0], [1, 1, 1, 1, 1, 1, 1, 1, 1, 1, 1, 1, 1, 1, 1, 1, 1, 1, 1, 1, 1, 1, 1, 1, 1, 1, 1, 1, 1, 1, 1, 1, 1, 1, 1, -1, 1], [2, 2, 2, 2, 2, 2, 2, 2, 2, 2, 2, 2, 2, 2, 2, 2, 2, 2, 2, 2, 2, 2, 2, 2, 2, 2, 2, 2, 2, 2, 2, 2, 2, 2, 2, 2, -1]], "speed_zone_count": 73, "speed_zones": [[0.0, 15.0], [15.0, 30.0], [30.0, 45.0], [45.0, 60.0], [60.0, 75.0], [75.0, 90.0], [90.0, 105.0], [105.0, 120.0], [120.0, 135.0], [135.0, 150.0], [150.0, 165.0], [165.0, 180.0], [180.0, 195.0], [195.0, 210.0], [210.0, 225.0], [225.0, 240.0], [240.0, 255.0], [255.0, 270.0], [270.0, 285.0], [285.0, 300.0], [300.0, 315.0], [315.0, 330.0], [330.0, 345.0], [345.0, 360.0], [360.0, 375.0], [375.0, 390.0], [390.0, 405.0], [405.0, 420.0], [420.0, 435.0], [435.0, 450.0], [450.0, 465.0], [465.0, 480.0], [480.0, 495.0], [495.0, 510.0], [510.0, 525.0], [525.0, 540.0], [540.0, 555.0], [555.0, 570.0], [570.0, 585.0], [585.0, 600.0], [600.0, 615.0], [615.0, 630.0], [630.0, 645.0], [645.0, 660.0], [660.0, 675.0], [675.0, 690.0], [690.0, 705.0], [705.0, 720.0], [720.0, 735.0], [735.0, 750.0], [750.0, 765.0], [765.0, 780.0], [780.0, 795.0], [795.0, 810.0], [810.0, 825.0], [825.0, 840.0], [840.0, 855.0], [855.0, 870.0], [870.0, 885.0], [885.0, 900.0], [900.0, 915.0], [915.0, 930.0], [930.0, 945.0], [945.0, 960.0], [960.0, 975.0], [975.0, 990.0], [990.0, 1005.0], [1005.0, 1020.0], [1020.0, 1035.0], [1035.0, 1050.0], [1050.0, 1065.0], [1065.0, 1080.0], [1080.0, 5000.0]], "distances": [[0.0, 59.39, 58.93, 75.84, 73.2, 72.98, 62.05, 85.89, 75.15, 79.98, 57.16, 72.38, 57.84, 77.84, 69.48, 70.85, 82.09, 54.56, 88.04, 63.77, 87.39, 73.48, 68.5, 67.63, 69.23, 56.77, 70.73, 68.19, 73.6, 51.07, 88.75, 70.46, 69.1, 48.08, 80.02, 71.96, 0.0], [0.0, 0.0, 19.9, 24.45, 15.46, 16.86, 5.23, 27.31, 15.76, 27.84, 10.86, 18.56, 9.7, 26.81, 15.32, 12.85, 22.7, 5.88, 30.43, 5.97, 31.41, 14.44, 11.35, 20.0, 14.97, 4.73, 19.06, 16.96, 14.72, 25.55, 33.25, 14.53, 14.0, 13.92, 20.63, 21.35, 59.39], [0.0, 19.9, 0.0, 43.47, 20.86, 18.59, 24.95, 40.64, 27.84, 46.34, 9.17, 16.09, 22.49, 45.74, 34.42, 19.94, 33.24, 16.37, 44.95, 25.07, 47.47, 23.95, 29.58, 9.23, 34.08, 15.73, 38.46, 11.57, 23.49, 9.72, 49.51, 32.95, 32.92, 14.69, 31.45, 40.79, 58.93], [0.0, 24.45, 43.47, 0.0, 27.99, 31.32, 19.26, 17.49, 20.09, 15.3, 34.99, 34.89, 23.19, 13.69, 9.15, 26.74, 21.68, 29.96, 16.08, 18.63, 12.97, 23.78, 13.92, 40.36, 9.5, 29.18, 5.67, 36.32, 24.57, 49.99, 13.66, 10.58, 10.59, 37.57, 21.15, 15.64, 75.84], [0.0, 15.46, 20.86, 27.99, 0.0, 11.89, 16.46, 20.21, 8.35, 29.58, 16.79, 7.09, 18.37, 29.83, 20.64, 15.3, 12.44, 18.88, 24.78, 15.05, 28.05, 4.25, 15.71, 14.0, 20.4, 16.61, 24.66, 10.0, 13.23, 30.14, 30.12, 18.22, 19.12, 25.27, 10.79, 26.76, 73.2], [0.0, 16.86, 18.59, 31.32, 11.89, 0.0, 18.71, 23.25, 11.72, 32.96, 15.94, 11.77, 19.98, 33.18, 23.78, 4.94, 15.27, 19.33, 27.9, 17.47, 31.31, 7.63, 18.75, 10.98, 23.53, 17.08, 27.86, 7.21, 6.88, 28.13, 33.38, 21.42, 22.24, 24.9, 13.8, 29.99, 72.98], [0.0, 5.23, 24.95, 19.26, 16.46, 18.71, 0.0, 23.88, 13.95, 22.73, 16.03, 21.18, 4.47, 21.62, 10.16, 13.98, 20.61, 10.77, 26.47, 10.48, 26.92, 14.09, 6.77, 24.03, 9.81, 9.94, 13.83, 20.55, 14.62, 30.78, 28.68, 9.64, 8.92, 18.63, 18.65, 16.11, 62.05], [0.0, 27.31, 40.64, 17.49, 20.21, 23.25, 23.88, 0.0, 12.91, 16.02, 34.58, 26.86, 28.22, 17.78, 17.73, 20.71, 8.18, 33.01, 4.78, 22.21, 9.22, 16.7, 17.42, 34.19, 17.86, 31.2, 18.86, 30.21, 17.19, 49.38, 11.09, 15.97, 17.51, 40.94, 9.45, 19.39, 85.89], [0.0, 15.76, 27.84, 20.09, 8.35, 11.72, 13.95, 12.91, 0.0, 21.35, 21.74, 15.44, 17.56, 21.77, 13.92, 8.07, 6.94, 20.98, 17.11, 12.17, 19.92, 4.18, 9.91, 22.09, 13.77, 18.96, 17.53, 17.98, 4.88, 36.47, 21.99, 11.34, 12.62, 28.64, 4.87, 19.4, 75.15], [0.0, 27.84, 46.34, 15.3, 29.58, 32.96, 22.73, 16.02, 21.35, 0.0, 38.12, 36.62, 26.84, 14.16, 12.58, 28.64, 21.61, 33.49, 13.6, 21.91, 9.69, 25.33, 16.84, 42.58, 12.93, 32.56, 9.63, 38.48, 26.09, 53.26, 10.0, 13.47, 13.84, 41.24, 21.48, 8.05, 79.98], [0.0, 10.86, 9.17, 34.99, 16.79, 15.94, 16.03, 34.58, 21.74, 38.12, 0.0, 15.27, 13.32, 37.31, 25.85, 14.91, 28.09, 7.39, 38.47, 16.38, 40.36, 18.51, 21.29, 12.36, 25.5, 6.55, 29.76, 11.4, 18.31, 15.25, 42.34, 24.65, 24.41, 9.23, 26.09, 32.08, 57.16], [0.0, 18.56, 16.09, 34.89, 7.09, 11.77, 21.18, 26.86, 15.44, 36.62, 15.27, 0.0, 21.8, 36.79, 27.11, 8.21, 18.79, 19.98, 31.54, 20.14, 35.02, 11.32, 22.0, 7.67, 26.84, 17.83, 31.24, 4.56, 10.58, 25.79, 37.09, 24.82, 25.55, 24.49, 17.42, 33.42, 72.38], [0.0, 9.7, 22.49, 23.19, 18.37, 19.98, 4.47, 28.22, 17.56, 26.84, 13.32, 21.8, 0.0, 25.56, 14.28, 15.76, 24.42, 6.9, 30.92, 6.01, 31.38, 16.87, 11.24, 23.19, 13.93, 6.79, 17.6, 20.23, 17.25, 27.29, 33.12, 14.04, 13.18, 14.4, 22.4, 19.79, 57.84], [0.0, 26.81, 45.74, 13.69, 29.83, 33.18, 21.62, 17.78, 21.77, 14.16, 37.31, 36.79, 25.56, 0.0, 11.49, 28.69, 22.75, 32.33, 15.75, 20.96, 12.05, 25.59, 16.16, 42.44, 11.84, 31.54, 8.02, 38.37, 26.37, 52.33, 12.42, 12.8, 12.9, 39.94, 22.41, 6.11, 77.84], [0.0, 15.32, 34.42, 9.15, 20.64, 23.78, 10.16, 17.73, 13.92, 12.58, 25.85, 27.11, 14.28, 11.49, 0.0, 18.92, 18.16, 20.92, 18.8, 9.48, 17.97, 16.73, 5.17, 31.87, 8.7, 20.06, 4.19, 27.94, 17.5, 40.84, 19.47, 10.63, 9.97, 28.67, 16.84, 6.49, 69.48], [0.0, 12.85, 19.94, 26.74, 15.3, 4.94, 13.98, 20.71, 8.07, 28.64, 14.91, 8.21, 15.76, 28.69, 18.92, 0.0, 13.43, 16.41, 25.09, 12.65, 27.98, 12.25, 13.84, 14.11, 18.66, 14.15, 23.03, 9.98, 11.82, 28.91, 30.05, 16.61, 17.36, 23.06, 11.56, 25.21, 70.85], [0.0, 22.7, 33.24, 21.68, 12.44, 15.27, 20.61, 8.18, 6.94, 21.61, 28.09, 18.79, 24.42, 22.75, 18.16, 13.43, 0.0, 27.88, 12.96, 18.82, 17.03, 9.59, 15.51, 26.26, 18.13, 25.82, 20.88, 22.38, 9.88, 42.34, 19.02, 15.72, 17.26, 35.44, 11.82, 22.23, 82.09], [0.0, 5.88, 16.37, 29.96, 18.88, 19.33, 10.77, 33.01, 20.98, 33.49, 7.39, 19.98, 6.9, 32.33, 20.92, 16.41, 27.88, 0.0, 36.25, 11.79, 37.29, 18.94, 17.2, 19.1, 20.57, 10.61, 24.43, 17.11, 19.04, 20.41, 39.13, 20.32, 19.69, 8.04, 25.8, 26.65, 54.56], [0.0, 30.43, 44.95, 16.08, 24.78, 27.9, 26.47, 4.78, 17.11, 13.6, 38.47, 31.54, 30.92, 15.75, 18.8, 25.09, 12.96, 36.25, 0.0, 24.93, 4.94, 21.09, 19.74, 38.78, 19.0, 34.6, 18.86, 34.76, 21.64, 53.46, 6.55, 17.59, 18.98, 44.27, 14.12, 18.81, 88.04], [0.0, 5.97, 25.07, 18.63, 15.05, 17.47, 10.48, 22.21, 12.17, 21.91, 16.38, 20.14, 6.01, 20.96, 9.48, 12.65, 18.82, 11.79, 24.93, 0.0, 25.59, 12.46, 5.42, 23.49, 9.13, 10.67, 13.41, 19.85, 13.02, 31.38, 27.39, 8.56, 8.08, 19.78, 16.86, 15.73, 63.77], [0.0, 31.41, 47.47, 12.97, 28.05, 31.31, 26.92, 9.22, 19.92, 9.69, 40.36, 35.02, 31.38, 12.05, 17.97, 27.98, 17.03, 37.29, 4.94, 25.59, 0.0, 24.07, 20.18, 41.98, 18.24, 35.86, 16.94, 37.88, 24.71, 55.55, 11.49, 17.42, 18.55, 45.32, 17.83, 16.31, 87.39], [0.0, 14.44, 23.95, 23.78, 4.25, 7.63, 14.09, 16.7, 4.18, 25.33, 18.51, 11.32, 16.87, 25.59, 16.73, 12.25, 9.59, 18.94, 21.09, 12.46, 24.07, 0.0, 12.01, 17.91, 16.51, 16.76, 20.65, 13.81, 9.06, 32.84, 26.14, 14.24, 15.26, 26.15, 7.64, 22.69, 73.48], [0.0, 11.35, 29.58, 13.92, 15.71, 18.75, 6.77, 17.42, 9.91, 16.84, 21.29, 22.0, 11.24, 16.16, 5.17, 13.84, 15.51, 17.2, 19.74, 5.42, 20.18, 12.01, 0.0, 26.71, 4.88, 15.97, 9.36, 22.77, 12.75, 36.47, 21.97, 13.98, 13.51, 25.2, 13.81, 11.64, 68.5], [0.0, 20.0, 9.23, 40.36, 14.0, 10.98, 24.03, 34.19, 22.09, 42.58, 12.36, 7.67, 23.19, 42.44, 31.87, 14.11, 26.26, 19.1, 38.78, 23.49, 41.98, 17.91, 26.71, 0.0, 31.56, 17.44, 36.07, 12.23, 17.27, 18.85, 44.05, 29.88, 30.29, 21.05, 24.74, 38.35, 67.63], [0.0, 14.97, 34.08, 9.5, 20.4, 23.53, 9.81, 17.86, 13.77, 12.93, 25.5, 26.84, 13.93, 11.84, 8.7, 18.66, 18.13, 20.57, 19.0, 9.13, 18.24, 16.51, 4.88, 31.56, 0.0, 19.7, 4.5, 27.63, 17.28, 40.49, 19.76, 10.95, 10.28, 28.33, 16.78, 6.81, 69.23], [0.0, 4.73, 15.73, 29.18, 16.61, 17.08, 9.94, 31.2, 18.96, 32.56, 6.55, 17.83, 6.79, 31.54, 20.06, 14.15, 25.82, 10.61, 34.6, 10.67, 35.86, 16.76, 15.97, 17.44, 19.7, 0.0, 23.77, 15.16, 16.84, 20.84, 37.74, 19.21, 18.73, 9.74, 23.74, 26.04, 56.77], [0.0, 19.06, 38.46, 5.67, 24.66, 27.86, 13.83, 18.86, 17.53, 9.63, 29.76, 31.24, 17.6, 8.02, 4.19, 23.03, 20.88, 24.43, 18.86, 13.41, 16.94, 20.65, 9.36, 36.07, 4.5, 23.77, 0.0, 32.13, 21.43, 44.61, 18.09, 6.44, 5.78, 31.95, 19.83, 10.68, 70.73], [0.0, 16.96, 11.57, 36.32, 10.0, 7.21, 20.55, 30.21, 17.98, 38.48, 11.4, 4.56, 20.23, 38.37, 27.94, 9.98, 22.38, 17.11, 34.76, 19.85, 37.88, 13.81, 22.77, 12.23, 27.63, 15.16, 32.13, 0.0, 13.18, 21.25, 39.96, 25.88, 26.35, 20.59, 20.79, 34.4, 68.19], [0.0, 14.72, 23.49, 24.57, 13.23, 6.88, 14.62, 17.19, 4.88, 26.09, 18.31, 10.58, 17.25, 26.37, 17.5, 11.82, 9.88, 19.04, 21.64, 13.02, 24.71, 9.06, 12.75, 17.27, 17.28, 16.84, 21.43, 13.18, 0.0, 32.47, 26.78, 15.01, 16.03, 26.12, 7.99, 23.48, 73.6], [0.0, 25.55, 9.72, 49.99, 30.14, 28.13, 30.78, 49.38, 36.47, 53.26, 15.25, 25.79, 27.29, 52.33, 40.84, 28.91, 42.34, 20.41, 53.46, 31.38, 55.55, 32.84, 36.47, 18.85, 40.49, 20.84, 44.61, 21.25, 32.47, 0.0, 57.54, 39.8, 39.46, 14.65, 40.46, 46.88, 51.07], [0.0, 33.25, 49.51, 13.66, 30.12, 33.38, 28.68, 11.09, 21.99, 10.0, 42.34, 37.09, 33.12, 12.42, 19.47, 30.05, 19.02, 39.13, 6.55, 27.39, 11.49, 26.14, 21.97, 44.05, 19.76, 37.74, 18.09, 39.96, 26.78, 57.54, 0.0, 19.11, 20.16, 47.16, 19.87, 17.24, 88.75], [0.0, 14.53, 32.95, 10.58, 18.22, 21.42, 9.64, 15.97, 11.34, 13.47, 24.65, 24.82, 14.04, 12.8, 10.63, 16.61, 15.72, 20.32, 17.59, 8.56, 17.42, 14.24, 13.98, 29.88, 10.95, 19.21, 6.44, 25.88, 15.01, 39.8, 19.11, 0.0, 12.22, 28.26, 14.33, 8.6, 70.46], [0.0, 14.0, 32.92, 10.59, 19.12, 22.24, 8.92, 17.51, 12.62, 13.84, 24.41, 25.55, 13.18, 12.9, 9.97, 17.36, 17.26, 19.69, 18.98, 8.08, 18.55, 15.26, 13.51, 30.29, 10.28, 18.73, 5.78, 26.35, 16.03, 39.46, 20.16, 12.22, 0.0, 27.53, 15.82, 8.07, 69.1], [0.0, 13.92, 14.69, 37.57, 25.27, 24.9, 18.63, 40.94, 28.64, 41.24, 9.23, 24.49, 14.4, 39.94, 28.67, 23.06, 35.44, 8.04, 44.27, 19.78, 45.32, 26.15, 25.2, 21.05, 28.33, 9.74, 31.95, 20.59, 26.12, 14.65, 47.16, 28.26, 27.53, 0.0, 33.37, 34.09, 48.08], [0.0, 20.63, 31.45, 21.15, 10.79, 13.8, 18.65, 9.45, 4.87, 21.48, 26.09, 17.42, 22.4, 22.41, 16.84, 11.56, 11.82, 25.8, 14.12, 16.86, 17.83, 7.64, 13.81, 24.74, 16.78, 23.74, 19.83, 20.79, 7.99, 40.46, 19.87, 14.33, 15.82, 33.37, 0.0, 21.35, 80.02], [0.0, 21.35, 40.79, 15.64, 26.76, 29.99, 16.11, 19.39, 19.4, 8.05, 32.08, 33.42, 19.79, 6.11, 6.49, 25.21, 22.23, 26.65, 18.81, 15.73, 16.31, 22.69, 11.64, 38.35, 6.81, 26.04, 10.68, 34.4, 23.48, 46.88, 17.24, 8.6, 8.07, 34.09, 21.35, 0.0, 71.96], [0.0, 0.0, 0.0, 0.0, 0.0, 0.0, 0.0, 0.0, 0.0, 0.0, 0.0, 0.0, 0.0, 0.0, 0.0, 0.0, 0.0, 0.0, 0.0, 0.0, 0.0, 0.0, 0.0, 0.0, 0.0, 0.0, 0.0, 0.0, 0.0, 0.0, 0.0, 0.0, 0.0, 0.0, 0.0, 0.0, 0.0]], "time_windows": [[0.0, 5000.0], [0.0, 105.0], [0.0, 130.0], [0.0, 199.0], [0.0, 278.0], [0.0, 312.0], [0.0, 354.0], [0.0, 398.0], [0.0, 418.0], [0.0, 451.0], [0.0, 553.0], [0.0, 595.0], [0.0, 641.0], [0.0, 682.0], [0.0, 699.0], [0.0, 725.0], [0.0, 744.0], [0.0, 784.0], [0.0, 847.0], [0.0, 897.0], [0.0, 943.0], [0.0, 981.0], [0.0, 999.0], [0.0, 1032.0], [0.0, 1068.0], [0.0, 1091.0], [0.0, 1115.0], [0.0, 1148.0], [0.0, 1161.0], [0.0, 1193.0], [0.0, 1251.0], [0.0, 1270.0], [0.0, 1282.0], [0.0, 1310.0], [0.0, 1343.0], [0.0, 1364.0], [0.0, 5000.0]], "start_depot": 0, "end_depot": 36, "horizon": [0.0, 5000.0]}