{"digraph": {"vertex_count": 37, "arc_count": 1260, "arcs": [[0, 1, 1, 1, 1, 1, 1, 1, 1, 1, 1, 1, 1, 1, 1, 1, 1, 1, 1, 1, 1, 1, 1, 1, 1, 1, 1, 1, 1, 1, 1, 1, 1, 1, 1, 1, 1], [0, 0, 1, 1, 1, 1, 1, 1, 1, 1, 1, 1, 1, 1, 1, 1, 1, 1, 1, 1, 1, 1, 1, 1, 1, 1, 1, 1, 1, 1, 1, 1, 1, 1, 1, 1, 1], [0, 1, 0, 1, 1, 1, 1, 1, 1, 1, 1, 1, 1, 1, 1, 1, 1, 1, 1, 1, 1, 1, 1, 1, 1, 1, 1, 1, 1, 1, 1, 1, 1, 1, 1, 1, 1], [0, 1, 1, 0, 1, 1, 1, 1, 1, 1, 1, 1, 1, 1, 1, 1, 1, 1, 1, 1, 1, 1, 1, 1, 1, 1, 1, 1, 1, 1, 1, 1, 1, 1, 1, 1, 1], [0, 1, 1, 1, 0, 1, 1, 1, 1, 1, 1, 1, 1, 1, 1, 1, 1, 1, 1, 1, 1, 1, 1, 1, 1, 1, 1, 1, 1, 1, 1, 1, 1, 1, 1, 1, 1], [0, 1, 1, 1, 1, 0, 1, 1, 1, 1, 1, 1, 1, 1, 1, 1, 1, 1, 1, 1, 1, 1, 1, 1, 1, 1, 1, 1, 1, 1, 1, 1, 1, 1, 1, 1, 1], [0, 1, 1, 1, 1, 1, 0, 1, 1, 1, 1, 1, 1, 1, 1, 1, 1, 1, 1, 1, 1, 1, 1, 1, 1, 1, 1, 1, 1, 1, 1, 1, 1, 1, 1, 1, 1], [0, 1, 1, 1, 1, 1, 1, 0, 1, 1, 1, 1, 1, 1, 1, 1, 1, 1, 1, 1, 1, 1, 1, 1, 1, 1, 1, 1, 1, 1, 1, 1, 1, 1, 1, 1, 1], [0, 1, 1, 1, 1, 1, 1, 1, 0, 1, 1, 1, 1, 1, 1, 1, 1, 1, 1, 1, 1, 1, 1, 1, 1, 1, 1, 1, 1, 1, 1, 1, 1, 1, 1, 1, 1], [0, 1, 1, 1, 1, 1, 1, 1, 1, 0, 1, 1, 1, 1, 1, 1, 1, 1, 1, 1, 1, 1, 1, 1, 1, 1, 1, 1, 1, 1, 1, 1, 1, 1, 1, 1, 1], [0, 1, 1, 1, 1, 1, 1, 1, 1, 1, 0, 1, 1, 1, 1, 1, 1, 1, 1, 1, 1, 1, 1, 1, 1, 1, 1, 1, 1, 1, 1, 1, 1, 1, 1, 1, 1], [0, 1, 1, 1, 1, 1, 1, 1, 1, 1, 1, 0, 1, 1, 1, 1, 1, 1, 1, 1, 1, 1, 1, 1, 1, 1, 1, 1, 1, 1, 1, 1, 1, 1, 1, 1, 1], [0, 1, 1, 1, 1, 1, 1, 1, 1, 1, 1, 1, 0, 1, 1, 1, 1, 1, 1, 1, 1, 1, 1, 1, 1, 1, 1, 1, 1, 1, 1, 1, 1, 1, 1, 1, 1], [0, 1, 1, 1, 1, 1, 1, 1, 1, 1, 1, 1, 1, 0, 1, 1, 1, 1, 1, 1, 1, 1, 1, 1, 1, 1, 1, 1, 1, 1, 1, 1, 1, 1, 1, 1, 1], [0, 1, 1, 1, 1, 1, 1, 1, 1, 1, 1, 1, 1, 1, 0, 1, 1, 1, 1, 1, 1, 1, 1, 1, 1, 1, 1, 1, 1, 1, 1, 1, 1, 1, 1, 1, 1], [0, 1, 1, 1, 1, 1, 1, 1, 1, 1, 1, 1, 1, 1, 1, 0, 1, 1, 1, 1, 1, 1, 1, 1, 1, 1, 1, 1, 1, 1, 1, 1, 1, 1, 1, 1, 1], [0, 1, 1, 1, 1, 1, 1, 1, 1, 1, 1, 1, 1, 1, 1, 1, 0, 1, 1, 1, 1, 1, 1, 1, 1, 1, 1, 1, 1, 1, 1, 1, 1, 1, 1, 1, 1], [0, 1, 1, 1, 1, 1, 1, 1, 1, 1, 1, 1, 1, 1, 1, 1, 1, 0, 1, 1, 1, 1, 1, 1, 1, 1, 1, 1, 1, 1, 1, 1, 1, 1, 1, 1, 1], [0, 1, 1, 1, 1, 1, 1, 1, 1, 1, 1, 1, 1, 1, 1, 1, 1, 1, 0, 1, 1, 1, 1, 1, 1, 1, 1, 1, 1, 1, 1, 1, 1, 1, 1, 1, 1], [0, 1, 1, 1, 1, 1, 1, 1, 1, 1, 1, 1, 1, 1, 1, 1, 1, 1, 1, 0, 1, 1, 1, 1, 1, 1, 1, 1, 1, 1, 1, 1, 1, 1, 1, 1, 1], [0, 1, 1, 1, 1, 1, 1, 1, 1, 1, 1, 1, 1, 1, 1, 1, 1, 1, 1, 1, 0, 1, 1, 1, 1, 1, 1, 1, 1, 1, 1, 1, 1, 1, 1, 1, 1], [0, 1, 1, 1, 1, 1, 1, 1, 1, 1, 1, 1, 1, 1, 1, 1, 1, 1, 1, 1, 1, 0, 1, 1, 1, 1, 1, 1, 1, 1, 1, 1, 1, 1, 1, 1, 1], [0, 1, 1, 1, 1, 1, 1, 1, 1, 1, 1, 1, 1, 1, 1, 1, 1, 1, 1, 1, 1, 1, 0, 1, 1, 1, 1, 1, 1, 1, 1, 1, 1, 1, 1, 1, 1], [0, 1, 1, 1, 1, 1, 1, 1, 1, 1, 1, 1, 1, 1, 1, 1, 1, 1, 1, 1, 1, 1, 1, 0, 1, 1, 1, 1, 1, 1, 1, 1, 1, 1, 1, 1, 1], [0, 1, 1, 1, 1, 1, 1, 1, 1, 1, 1, 1, 1, 1, 1, 1, 1, 1, 1, 1, 1, 1, 1, 1, 0, 1, 1, 1, 1, 1, 1, 1, 1, 1, 1, 1, 1], [0, 1, 1, 1, 1, 1, 1, 1, 1, 1, 1, 1, 1, 1, 1, 1, 1, 1, 1, 1, 1, 1, 1, 1, 1, 0, 1, 1, 1, 1, 1, 1, 1, 1, 1, 1, 1], [0, 1, 1, 1, 1, 1, 1, 1, 1, 1, 1, 1, 1, 1, 1, 1, 1, 1, 1, 1, 1, 1, 1, 1, 1, 1, 0, 1, 1, 1, 1, 1, 1, 1, 1, 1, 1], [0, 1, 1, 1, 1, 1, 1, 1, 1, 1, 1, 1, 1, 1, 1, 1, 1, 1, 1, 1, 1, 1, 1, 1, 1, 1, 1, 0, 1, 1, 1, 1, 1, 1, 1, 1, 1], [0, 1, 1, 1, 1, 1, 1, 1, 1, 1, 1, 1, 1, 1, 1, 1, 1, 1, 1, 1, 1, 1, 1, 1, 1, 1, 1, 1, 0, 1, 1, 1, 1, 1, 1, 1, 1], [0, 1, 1, 1, 1, 1, 1, 1, 1, 1, 1, 1, 1, 1, 1, 1, 1, 1, 1, 1, 1, 1, 1, 1, 1, 1, 1, 1, 1, 0, 1, 1, 1, 1, 1, 1, 1], [0, 1, 1, 1, 1, 1, 1, 1, 1, 1, 1, 1, 1, 1, 1, 1, 1, 1, 1, 1, 1, 1, 1, 1, 1, 1, 1, 1, 1, 1, 0, 1, 1, 1, 1, 1, 1], [0, 1, 1, 1, 1, 1, 1, 1, 1, 1, 1, 1, 1, 1, 1, 1, 1, 1, 1, 1, 1, 1, 1, 1, 1, 1, 1, 1, 1, 1, 1, 0, 1, 1, 1, 1, 1], [0, 1, 1, 1, 1, 1, 1, 1, 1, 1, 1, 1, 1, 1, 1, 1, 1, 1, 1, 1, 1, 1, 1, 1, 1, 1, 1, 1, 1, 1, 1, 1, 0, 1, 1, 1, 1], [0, 1, 1, 1, 1, 1, 1, 1, 1, 1, 1, 1, 1, 1, 1, 1, 1, 1, 1, 1, 1, 1, 1, 1, 1, 1, 1, 1, 1, 1, 1, 1, 1, 0, 1, 1, 1], [0, 1, 1, 1, 1, 1, 1, 1, 1, 1, 1, 1, 1, 1, 1, 1, 1, 1, 1, 1, 1, 1, 1, 1, 1, 1, 1, 1, 1, 1, 1, 1, 1, 1, 0, 1, 1], [0, 1, 1, 1, 1, 1, 1, 1, 1, 1, 1, 1, 1, 1, 1, 1, 1, 1, 1, 1, 1, 1, 1, 1, 1, 1, 1, 1, 1, 1, 1, 1, 1, 1, 1, 0, 1], [0, 0, 0, 0, 0, 0, 0, 0, 0, 0, 0, 0, 0, 0, 0, 0, 0, 0, 0, 0, 0, 0, 0, 0, 0, 0, 0, 0, 0, 0, 0, 0, 0, 0, 0, 0, 0]]}, "cluster_count": 3, "cluster_speeds": [[0.925, 0.85, 0.925, 1.0, 0.8325, 0.765, 0.8325, 0.9, 0.4625, 0.425, 0.4625, 0.5, 0.30525, 0.2805, 0.30525, 0.33, 0.37, 0.34, 0.37, 0.4, 0.555, 0.51, 0.555, 0.6, 0.6475, 0.595, 0.6475, 0.7, 0.37, 0.34, 0.37, 0.4, 0.30525, 0.2805, 0.30525, 0.33, 0.4625, 0.425, 0.4625, 0.5, 0.6475, 0.595, 0.6475, 0.7, 0.74, 0.68, 0.74, 0.8, 0.6475, 0.595, 0.6475, 0.7, 0.4625, 0.425, 0.4625, 0.5, 0.555, 0.51, 0.555, 0.6, 0.6475, 0.595, 0.6475, 0.7, 0.8325, 0.765, 0.8325, 0.9, 0.925, 0.85, 0.925, 1.0, 1.0], [0.7400000000000001, 0.68, 0.7400000000000001, 0.8, 0.666, 0.6120000000000001, 0.666, 0.7200000000000001, 0.37000000000000005, 0.34, 0.37000000000000005, 0.4, 0.24420000000000003, 0.22440000000000004, 0.24420000000000003, 0.264, 0.296, 0.272, 0.296, 0.32000000000000006, 0.44400000000000006, 0.40800000000000003, 0.44400000000000006, 0.48, 0.6475, 0.595, 0.6475, 0.7, 0.37, 0.34, 0.37, 0.4, 0.30525, 0.2805, 0.30525, 0.33, 0.4625, 0.425, 0.4625, 0.5, 0.6475, 0.595, 0.6475, 0.7, 0.74, 0.68, 0.74, 0.8, 0.518, 0.476, 0.518, 0.5599999999999999, 0.37000000000000005, 0.34, 0.37000000000000005, 0.4, 0.44400000000000006, 0.40800000000000003, 0.44400000000000006, 0.48, 0.518, 0.476, 0.518, 0.5599999999999999, 0.666, 0.6120000000000001, 0.666, 0.7200000000000001, 0.7400000000000001, 0.68, 0.7400000000000001, 0.8, 0.8], [0.87875, 0.8075, 0.87875, 0.95, 0.790875, 0.72675, 0.790875, 0.855, 0.439375, 0.40375, 0.439375, 0.475, 0.2899875, 0.266475, 0.2899875, 0.3135, 0.3515, 0.323, 0.3515, 0.38, 0.52725, 0.4845, 0.52725, 0.57, 0.6475, 0.595, 0.6475, 0.7, 0.37, 0.34, 0.37, 0.4, 0.30525, 0.2805, 0.30525, 0.33, 0.4625, 0.425, 0.4625, 0.5, 0.6475, 0.595, 0.6475, 0.7, 0.74, 0.68, 0.74, 0.8, 0.6151249999999999, 0.5652499999999999, 0.6151249999999999, 0.6649999999999999, 0.439375, 0.40375, 0.439375, 0.475, 0.52725, 0.4845, 0.52725, 0.57, 0.6151249999999999, 0.5652499999999999, 0.6151249999999999, 0.6649999999999999, 0.790875, 0.72675, 0.790875, 0.855, 0.87875, 0.8075, 0.87875, 0.95, 0.95]], "clusters": [[-1, 2, 2, 2, 2, 2, 2, 2, 2, 2, 2, 2, 2, 2, 2, 2, 2, 2, 2, 2, 2, 2, 2, 2, 2, 2, 2, 2, 2, 2, 2, 2, 2, 2, 2, 2, 2], [0, -1, 0, 0, 0, 0, 0, 0, 0, 0, 0, 0, 0, 0, 0, 0, 0, 0, 0, 0, 0, 0, 0, 0, 0, 0, 0, 0, 0, 0, 0, 0, 0, 0, 0, 0, 0], [1, 1, -1, 1, 1, 1, 1, 1, 1, 1, 1, 1, 1, 1, 1, 1, 1, 1, 1, 1, 1, 1, 1, 1, 1, 1, 1, 1, 1, 1, 1, 1, 1, 1, 1, 1, 1], [0, 0, 0, -1, 0, 0, 0, 0, 0, 0, 0, 0, 0, 0, 0, 0, 0, 0, 0, 0, 0, 0, 0, 0, 0, 0, 0, 0, 0, 0, 0, 0, 0, 0, 0, 0, 0], [2, 2, 2, 2, -1, 2, 2, 2, 2, 2, 2, 2, 2, 2, 2, 2, 2, 2, 2, 2, 2, 2, 2, 2, 2, 2, 2, 2, 2, 2, 2, 2, 2, 2, 2, 2, 2], [1, 1, 1, 1, 1, -1, 1, 1, 1, 1, 1, 1, 1, 1, 1, 1, 1, 1, 1, 1, 1, 1, 1, 1, 1, 1, 1, 1, 1, 1, 1, 1, 1, 1, 1, 1, 1], [0, 0, 0, 0, 0, 0, -1, 0, 0, 0, 0, 0, 0, 0, 0, 0, 0, 0, 0, 0, 0, 0, 0, 0, 0, 0, 0, 0, 0, 0, 0, 0, 0, 0, 0, 0, 0], [1, 1, 1, 1, 1, 1, 1, -1, 1, 1, 1, 1, 1, 1, 1, 1, 1, 1, 1, 1, 1, 1, 1, 1, 1, 1, 1, 1, 1, 1, 1, 1, 1, 1, 1, 1, 1], [0, 0, 0, 0, 0, 0, 0, 0, -1, 0, 0, 0, 0, 0, 0, 0, 0, 0, 0, 0, 0, 0, 0, 0, 0, 0, 0, 0, 0, 0, 0, 0, 0, 0, 0, 0, 0], [0, 0, 0, 0, 0, 0, 0, 0, 0, -1, 0, 0, 0, 0, 0, 0, 0, 0, 0, 0, 0, 0, 0, 0, 0, 0, 0, 0, 0, 0, 0, 0, 0, 0, 0, 0, 0], [0, 0, 0, 0, 0, 0, 0, 0, 0, 0, -1, 0, 0, 0, 0, 0, 0, 0, 0, 0, 0, 0, 0, 0, 0, 0, 0, 0, 0, 0, 0, 0, 0, 0, 0, 0, 0], [0, 0, 0, 0, 0, 0, 0, 0, 0, 0, 0, -1, 0, 0, 0, 0, 0, 0, 0, 0, 0, 0, 0, 0, 0, 0, 0, 0, 0, 0, 0, 0, 0, 0, 0, 0, 0], [1, 1, 1, 1, 1, 1, 1, 1, 1, 1, 1, 1, -1, 1, 1, 1, 1, 1, 1, 1, 1, 1, 1, 1, 1, 1, 1, 1, 1, 1, 1, 1, 1, 1, 1, 1, 1], [0, 0, 0, 0, 0, 0, 0, 0, 0, 0, 0, 0, 0, -1, 0, 0, 0, 0, 0, 0, 0, 0, 0, 0, 0, 0, 0, 0, 0, 0, 0, 0, 0, 0, 0, 0, 0], [0, 0, 0, 0, 0, 0, 0, 0, 0, 0, 0, 0, 0, 0, -1, 0, 0, 0, 0, 0, 0, 0, 0, 0, 0, 0, 0, 0, 0, 0, 0, 0, 0, 0, 0, 0, 0], [1, 1, 1, 1, 1, 1, 1, 1, 1, 1, 1, 1, 1, 1, 1, -1, 1, 1, 1, 1, 1, 1, 1, 1, 1, 1, 1, 1, 1, 1, 1, 1, 1, 1, 1, 1, 1], [0, 0, 0, 0, 0, 0, 0, 0, 0, 0, 0, 0, 0, 0, 0, 0, -1, 0, 0, 0, 0, 0, 0, 0, 0, 0, 0, 0, 0, 0, 0, 0, 0, 0, 0, 0, 0], [0, 0, 0, 0, 0, 0, 0, 0, 0, 0, 0, 0, 0, 0, 0, 0, 0, -1, 0, 0, 0, 0, 0, 0, 0, 0, 0, 0, 0, 0, 0, 0, 0, 0, 0, 0, 0], [0, 0, 0, 0, 0, 0, 0, 0, 0, 0, 0, 0, 0, 0, 0, 0, 0, 0, -1, 0, 0, 0, 0, 0, 0, 0, 0, 0, 0, 0, 0, 0, 0, 0, 0, 0, 0], [1, 1, 1, 1, 1, 1, 1, 1, 1, 1, 1, 1, 1, 1, 1, 1, 1, 1, 1, -1, 1, 1, 1, 1, 1, 1, 1, 1, 1, 1, 1, 1, 1, 1, 1, 1, 1], [2, 2, 2, 2, 2, 2, 2, 2, 2, 2, 2, 2, 2, 2, 2, 2, 2, 2, 2, 2, -1, 2, 2, 2, 2, 2, 2, 2, 2, 2, 2, 2, 2, 2, 2, 2, 2], [0, 0, 0, 0, 0, 0, 0, 0, 0, 0, 0, 0, 0, 0, 0, 0, 0, 0, 0, 0, 0, -1, 0, 0, 0, 0, 0, 0, 0, 0, 0, 0, 0, 0, 0, 0, 0], [1, 1, 1, 1, 1, 1, 1, 1, 1, 1, 1, 1, 1, 1, 1, 1, 1, 1, 1, 1, 1, 1, -1, 1, 1, 1, 1, 1, 1, 1, 1, 1, 1, 1, 1, 1, 1], [1, 1, 1, 1, 1, 1, 1, 1, 1, 1, 1, 1, 1, 1, 1, 1, 1, 1, 1, 1, 1, 1, 1, -1, 1, 1, 1, 1, 1, 1, 1, 1, 1, 1, 1, 1, 1], [0, 0, 0, 0, 0, 0, 0, 0, 0, 0, 0, 0, 0, 0, 0, 0, 0, 0, 0, 0, 0, 0, 0, 0, -1, 0, 0, 0, 0, 0, 0, 0, 0, 0, 0, 0, 0], [2, 2, 2, 2, 2, 2, 2, 2, 2, 2, 2, 2, 2, 2, 2, 2, 2, 2, 2, 2, 2, 2, 2, 2, 2, -1, 2, 2, 2, 2, 2, 2, 2, 2, 2, 2, 2], [0, 0, 0, 0, 0, 0, 0, 0, 0, 0, 0, 0, 0, 0, 0, 0, 0, 0, 0, 0, 0, 0, 0, 0, 0, 0, -1, 0, 0, 0, 0, 0, 0, 0, 0, 0, 0], [0, 0, 0, 0, 0, 0, 0, 0, 0, 0, 0, 0, 0, 0, 0, 0, 0, 0, 0, 0, 0, 0, 0, 0, 0, 0, 0, -1, 0, 0, 0, 0, 0, 0, 0, 0, 0], [0, 0, 0, 0, 0, 0, 0, 0, 0, 0, 0, 0, 0, 0, 0, 0, 0, 0, 0, 0, 0, 0, 0, 0, 0, 0, 0, 0, -1, 0, 0, 0, 0, 0, 0, 0, 0], [1, 1, 1, 1, 1, 1, 1, 1, 1, 1, 1, 1, 1, 1, 1, 1, 1, 1, 1, 1, 1, 1, 1, 1, 1, 1, 1, 1, 1, -1, 1, 1, 1, 1, 1, 1, 1], [0, 0, 0, 0, 0, 0, 0, 0, 0, 0, 0, 0, 0, 0, 0, 0, 0, 0, 0, 0, 0, 0, 0, 0, 0, 0, 0, 0, 0, 0, -1, 0, 0, 0, 0, 0, 0], [0, 0, 0, 0, 0, 0, 0, 0, 0, 0, 0, 0, 0, 0, 0, 0, 0, 0, 0, 0, 0, 0, 0, 0, 0, 0, 0, 0, 0, 0, 0, -1, 0, 0, 0, 0, 0], [1, 1, 1, 1, 1, 1, 1, 1, 1, 1, 1, 1, 1, 1, 1, 1, 1, 1, 1, 1, 1, 1, 1, 1, 1, 1, 1, 1, 1, 1, 1, 1, -1, 1, 1, 1, 1], [0, 0, 0, 0, 0, 0, 0, 0, 0, 0, 0, 0, 0, 0, 0, 0, 0, 0, 0, 0, 0, 0, 0, 0, 0, 0, 0, 0, 0, 0, 0, 0, 0, -1, 0, 0, 0], [0, 0, 0, 0, 0, 0, 0, 0, 0, 0, 0, 0, 0, 0, 0, 0, 0, 0, 0, 0, 0, 0, 0, 0, 0, 0, 0, 0, 0, 0, 0, 0, 0, 0, -1, 0, 0], [0, 0, 0, 0, 0, 0, 0, 0, 0, 0, 0, 0, 0, 0, 0, 0, 0, 0, 0, 0, 0, 0, 0, 0, 0, 0, 0, 0, 0, 0, 0, 0, 0, 0, 0, -1, 0], [2, 2, 2, 2, 2, 2, 2, 2, 2, 2, 2, 2, 2, 2, 2, 2, 2, 2, 2, 2, 2, 2, 2, 2, 2, 2, 2, 2, 2, 2, 2, 2, 2, 2, 2, 2, -1]], "speed_zone_count": 73, "speed_zones": [[0.0, 15.0], [15.0, 30.0], [30.0, 45.0], [45.0, 60.0], [60.0, 75.0], [75.0, 90.0], [90.0, 105.0], [105.0, 120.0], [120.0, 135.0], [135.0, 150.0], [150.0, 165.0], [165.0, 180.0], [180.0, 195.0], [195.0, 210.0], [210.0, 225.0], [225.0, 240.0], [240.0, 255.0], [255.0, 270.0], [270.0, 285.0], [285.0, 300.0], [300.0, 315.0], [315.0, 330.0], [330.0, 345.0], [345.0, 360.0], [360.0, 375.0], [375.0, 390.0], [390.0, 405.0], [405.0, 420.0], [420.0, 435.0], [435.0, 450.0], [450.0, 465.0], [465.0, 480.0], [480.0, 495.0], [495.0, 510.0], [510.0, 525.0], [525.0, 540.0], [540.0, 555.0], [555.0, 570.0], [570.0, 585.0], [585.0, 600.0], [600.0, 615.0], [615.0, 630.0], [630.0, 645.0], [645.0, 660.0], [660.0, 675.0], [675.0, 690.0], [690.0, 705.0], [705.0, 720.0], [720.0, 735.0], [735.0, 750.0], [750.0, 765.0], [765.0, 780.0], [780.0, 795.0], [795.0, 810.0], [810.0, 825.0], [825.0, 840.0], [840.0, 855.0], [855.0, 870.0], [870.0, 885.0], [885.0, 900.0], [900.0, 915.0], [915.0, 930.0], [930.0, 945.0], [945.0, 960.0], [960.0, 975.0], [975.0, 990.0], [990.0, 1005.0], [1005.0, 1020.0], [1020.0, 1035.0], [1035.0, 1050.0], [1050.0, 1065.0], [1065.0, 1080.0], [1080.0, 5000.0]], "distances": [[0.0, 66.91, 84.3, 67.42, 90.38, 68.61, 70.59, 55.99, 78.92, 66.47, 72.23, 81.27, 83.47, 70.78, 74.89, 52.89, 79.5, 72.55, 69.42, 66.73, 88.66, 68.95, 58.84, 82.84, 63.34, 95.09, 62.27, 60.61, 72.34, 77.86, 59.49, 73.43, 56.74, 76.57, 66.63, 70.71, 0.0], [0.0, 0.0, 18.7, 12.24, 30.05, 17.46, 7.91, 21.6, 12.41, 15.12, 13.41, 14.41, 19.63, 7.86, 13.98, 16.23, 12.86, 8.34, 11.88, 16.22, 26.66, 11.34, 19.25, 17.7, 12.69, 28.96, 4.66, 7.36, 7.49, 16.82, 8.48, 6.73, 22.35, 9.85, 9.05, 4.43, 66.91], [0.0, 18.7, 0.0, 26.63, 14.45, 30.7, 13.74, 39.21, 12.23, 29.7, 24.16, 6.88, 4.24, 13.54, 10.97, 34.92, 11.53, 18.32, 16.18, 30.57, 10.37, 17.13, 36.38, 14.16, 22.56, 10.81, 23.15, 26.04, 17.62, 9.46, 27.18, 12.11, 39.7, 12.28, 18.94, 14.32, 84.3], [0.0, 12.24, 26.63, 0.0, 40.1, 5.22, 19.81, 13.71, 15.34, 11.53, 4.82, 20.22, 29.01, 19.69, 25.5, 14.78, 16.11, 8.34, 13.2, 11.97, 36.29, 11.97, 10.54, 26.3, 11.19, 34.89, 12.48, 10.39, 9.01, 27.94, 10.85, 15.68, 13.83, 14.41, 12.28, 15.22, 67.42], [0.0, 30.05, 14.45, 40.1, 0.0, 44.57, 22.73, 51.6, 26.59, 43.23, 38.21, 21.28, 11.15, 22.67, 16.82, 45.66, 25.92, 32.04, 27.91, 44.18, 18.43, 29.1, 49.07, 14.13, 33.61, 15.38, 33.71, 37.16, 31.2, 13.64, 38.17, 24.53, 52.28, 26.25, 30.21, 25.78, 90.38], [0.0, 17.46, 30.7, 5.22, 44.57, 0.0, 24.94, 12.98, 18.8, 13.39, 6.68, 24.02, 33.43, 24.81, 30.51, 17.31, 19.57, 12.54, 18.31, 13.84, 40.67, 17.09, 9.88, 30.57, 16.3, 38.11, 17.52, 15.02, 13.4, 32.83, 15.27, 20.45, 12.59, 18.44, 17.5, 20.26, 68.61], [0.0, 7.91, 13.74, 19.81, 22.73, 24.94, 0.0, 29.34, 13.66, 22.81, 19.95, 12.47, 13.23, 9.55, 6.15, 22.93, 13.67, 13.74, 6.63, 23.9, 19.68, 7.85, 27.11, 12.25, 11.04, 24.55, 11.0, 14.53, 12.7, 9.17, 15.5, 6.31, 30.15, 11.22, 7.99, 4.86, 70.59], [0.0, 21.6, 39.21, 13.71, 51.6, 12.98, 29.34, 0.0, 28.79, 11.53, 18.17, 33.3, 40.9, 29.33, 35.49, 9.67, 29.55, 21.57, 23.69, 11.4, 48.09, 22.53, 19.58, 38.57, 18.34, 48.23, 18.68, 15.02, 21.99, 38.41, 14.28, 27.32, 20.61, 27.46, 21.47, 25.83, 55.99], [0.0, 12.41, 12.23, 15.34, 26.59, 18.8, 13.66, 28.79, 0.0, 18.22, 12.13, 5.36, 15.62, 13.4, 16.28, 26.73, 10.02, 7.23, 10.24, 18.95, 22.54, 10.3, 25.72, 12.5, 15.64, 19.55, 16.84, 18.35, 6.99, 17.27, 19.48, 7.49, 29.05, 11.22, 12.69, 9.99, 78.92], [0.0, 15.12, 29.7, 11.53, 43.23, 13.39, 22.81, 11.53, 18.22, 0.0, 6.71, 23.22, 32.14, 22.71, 28.57, 14.59, 19.0, 11.39, 16.25, 13.87, 39.41, 15.0, 8.31, 29.41, 13.6, 37.75, 14.76, 12.12, 12.11, 31.05, 12.33, 18.81, 11.42, 17.45, 15.13, 18.29, 66.47], [0.0, 13.41, 24.16, 4.82, 38.21, 6.68, 19.95, 18.17, 12.13, 6.71, 0.0, 17.4, 27.07, 19.78, 25.01, 19.5, 12.9, 6.45, 13.44, 7.16, 34.25, 12.37, 14.95, 24.13, 13.71, 31.44, 15.16, 13.98, 7.45, 27.04, 14.7, 14.67, 18.12, 11.97, 13.54, 15.09, 72.23], [0.0, 14.41, 6.88, 20.22, 21.28, 24.02, 12.47, 33.3, 5.36, 23.22, 17.4, 0.0, 10.45, 12.21, 13.0, 30.13, 4.66, 11.89, 11.87, 24.02, 17.21, 12.47, 30.34, 7.28, 18.15, 15.01, 19.07, 21.35, 11.35, 13.17, 22.51, 7.86, 33.68, 5.86, 14.69, 10.63, 81.27], [0.0, 19.63, 4.24, 29.01, 11.15, 33.43, 13.23, 40.9, 15.62, 32.14, 27.07, 10.45, 0.0, 13.09, 8.75, 35.71, 14.99, 20.9, 17.29, 33.07, 7.28, 18.41, 38.25, 14.03, 23.38, 12.69, 23.72, 26.95, 20.07, 6.32, 28.03, 13.61, 41.51, 15.11, 19.83, 15.22, 83.47], [0.0, 7.86, 13.54, 19.69, 22.67, 24.81, 9.55, 29.33, 13.4, 22.71, 19.78, 12.21, 13.09, 0.0, 6.16, 23.0, 13.41, 13.55, 6.5, 23.79, 19.59, 7.72, 27.08, 12.06, 11.05, 24.35, 11.04, 14.56, 12.51, 9.14, 15.53, 6.06, 30.13, 10.97, 7.94, 4.69, 70.78], [0.0, 13.98, 10.97, 25.5, 16.82, 30.51, 6.15, 35.49, 16.28, 28.57, 25.01, 13.0, 8.75, 6.16, 0.0, 28.93, 16.0, 18.58, 12.35, 29.64, 14.12, 13.6, 33.23, 9.2, 17.19, 21.26, 17.09, 20.66, 17.56, 15.07, 21.61, 10.38, 36.29, 14.43, 14.08, 10.29, 74.89], [0.0, 16.23, 34.92, 14.78, 45.66, 17.31, 22.93, 9.67, 26.73, 14.59, 19.5, 30.13, 35.71, 23.0, 28.93, 0.0, 27.4, 19.89, 18.75, 15.21, 42.54, 17.85, 9.91, 33.92, 12.38, 45.01, 12.01, 8.88, 19.84, 32.06, 7.74, 22.86, 10.94, 24.69, 16.0, 20.64, 52.89], [0.0, 12.86, 11.53, 16.11, 25.92, 19.57, 13.67, 29.55, 10.02, 19.0, 12.9, 4.66, 14.99, 13.41, 16.0, 27.4, 0.0, 7.99, 10.62, 19.73, 21.86, 10.76, 26.49, 11.86, 16.19, 18.77, 17.35, 18.96, 7.71, 16.86, 20.1, 7.62, 29.82, 10.51, 13.15, 10.22, 79.5], [0.0, 8.34, 18.32, 8.34, 32.04, 12.54, 13.74, 21.57, 7.23, 11.39, 6.45, 11.89, 20.9, 13.55, 18.58, 19.89, 7.99, 0.0, 7.55, 12.25, 28.15, 6.72, 18.53, 18.08, 10.22, 26.68, 11.65, 12.09, 11.56, 20.59, 13.14, 8.22, 21.87, 6.07, 8.56, 8.88, 72.55], [0.0, 11.88, 16.18, 13.2, 27.91, 18.31, 6.63, 23.69, 10.24, 16.25, 13.44, 11.87, 17.29, 6.5, 12.35, 18.75, 10.62, 7.55, 0.0, 17.32, 24.41, 12.11, 21.18, 15.23, 6.42, 26.38, 7.22, 9.87, 6.56, 14.98, 11.0, 12.55, 24.37, 7.61, 11.61, 11.19, 69.42], [0.0, 16.22, 30.57, 11.97, 44.18, 13.84, 23.9, 11.4, 18.95, 13.87, 7.16, 24.02, 33.07, 23.79, 29.64, 15.21, 19.73, 12.25, 17.32, 0.0, 40.34, 16.08, 8.21, 30.31, 14.71, 38.44, 15.86, 13.17, 13.01, 32.09, 13.34, 19.81, 11.17, 18.29, 16.24, 19.35, 66.73], [0.0, 26.66, 10.37, 36.29, 18.43, 40.67, 19.68, 48.09, 22.54, 39.41, 34.25, 17.21, 7.28, 19.59, 14.12, 42.54, 21.86, 28.15, 24.41, 40.34, 0.0, 25.56, 45.48, 10.13, 30.33, 12.49, 30.54, 33.89, 27.34, 10.97, 34.94, 20.85, 48.72, 22.28, 26.84, 22.3, 88.66], [0.0, 11.34, 17.13, 11.97, 29.1, 17.09, 7.85, 22.53, 10.3, 15.0, 12.37, 12.47, 18.41, 7.72, 13.6, 17.85, 10.76, 6.72, 12.11, 16.08, 25.56, 0.0, 19.98, 16.26, 5.69, 27.18, 6.68, 8.98, 5.78, 16.22, 10.14, 5.02, 23.18, 7.75, 11.06, 12.41, 68.95], [0.0, 19.25, 36.38, 10.54, 49.07, 9.88, 27.11, 19.58, 25.72, 8.31, 14.95, 30.34, 38.25, 27.08, 33.23, 9.91, 26.49, 18.53, 21.18, 8.21, 45.48, 19.98, 0.0, 35.82, 16.27, 45.21, 16.82, 13.21, 19.0, 36.07, 12.67, 24.64, 19.38, 24.48, 19.14, 23.33, 58.84], [0.0, 17.7, 14.16, 26.3, 14.13, 30.57, 12.25, 38.57, 12.5, 29.41, 24.13, 7.28, 14.03, 12.06, 9.2, 33.92, 11.86, 18.08, 15.23, 30.31, 10.13, 16.26, 35.82, 0.0, 21.54, 12.38, 22.04, 25.06, 17.31, 7.71, 26.18, 11.29, 39.11, 12.16, 17.92, 13.28, 82.84], [0.0, 12.69, 22.56, 11.19, 33.61, 16.3, 11.04, 18.34, 15.64, 13.6, 13.71, 18.15, 23.38, 11.05, 17.19, 12.38, 16.19, 10.22, 6.42, 14.71, 30.33, 5.69, 16.27, 21.54, 0.0, 32.8, 9.17, 14.67, 9.65, 20.18, 4.65, 10.57, 19.19, 13.23, 12.91, 8.26, 63.34], [0.0, 28.96, 10.81, 34.89, 15.38, 38.11, 24.55, 48.23, 19.55, 37.75, 31.44, 15.01, 12.69, 24.35, 21.26, 45.01, 18.77, 26.68, 26.38, 38.44, 12.49, 27.18, 45.21, 12.38, 32.8, 0.0, 33.55, 36.16, 26.25, 19.01, 37.31, 22.23, 48.55, 20.8, 29.21, 24.73, 95.09], [0.0, 4.66, 23.15, 12.48, 33.71, 17.52, 11.0, 18.68, 16.84, 14.76, 15.16, 19.07, 23.72, 11.04, 17.09, 12.01, 17.35, 11.65, 7.22, 15.86, 30.54, 6.68, 16.82, 22.04, 9.17, 33.55, 0.0, 11.53, 11.04, 20.16, 4.52, 11.35, 19.6, 14.36, 4.39, 8.84, 62.27], [0.0, 7.36, 26.04, 10.39, 37.16, 15.02, 14.53, 15.02, 18.35, 12.12, 13.98, 21.35, 26.95, 14.56, 20.66, 8.88, 18.96, 12.09, 9.87, 13.17, 33.89, 8.98, 13.21, 25.06, 14.67, 36.16, 11.53, 0.0, 11.77, 23.69, 15.4, 13.98, 15.95, 16.11, 7.14, 11.79, 60.61], [0.0, 7.49, 17.62, 9.01, 31.2, 13.4, 12.7, 21.99, 6.99, 12.11, 7.45, 11.35, 20.07, 12.51, 17.56, 19.84, 7.71, 11.56, 6.56, 13.01, 27.34, 5.78, 19.0, 17.31, 9.65, 26.25, 11.04, 11.77, 0.0, 19.62, 12.86, 7.22, 22.34, 5.49, 7.72, 7.85, 72.34], [0.0, 16.82, 9.46, 27.94, 13.64, 32.83, 9.17, 38.41, 17.27, 31.05, 27.04, 13.17, 6.32, 9.14, 15.07, 32.06, 16.86, 20.59, 14.98, 32.09, 10.97, 16.22, 36.07, 7.71, 20.18, 19.01, 20.16, 23.69, 19.62, 0.0, 24.66, 12.41, 39.17, 15.81, 16.95, 12.85, 77.86], [0.0, 8.48, 27.18, 10.85, 38.17, 15.27, 15.5, 14.28, 19.48, 12.33, 14.7, 22.51, 28.03, 15.53, 21.61, 7.74, 20.1, 13.14, 11.0, 13.34, 34.94, 10.14, 12.67, 26.18, 4.65, 37.31, 4.52, 15.4, 12.86, 24.66, 0.0, 15.12, 15.26, 17.26, 8.26, 12.9, 59.49], [0.0, 6.73, 12.11, 15.68, 24.53, 20.45, 6.31, 27.32, 7.49, 18.81, 14.67, 7.86, 13.61, 6.06, 10.38, 22.86, 7.62, 8.22, 12.55, 19.81, 20.85, 5.02, 24.64, 11.29, 10.57, 22.23, 11.35, 13.98, 7.22, 12.41, 15.12, 0.0, 27.9, 4.94, 6.99, 10.75, 73.43], [0.0, 22.35, 39.7, 13.83, 52.28, 12.59, 30.15, 20.61, 29.05, 11.42, 18.12, 33.68, 41.51, 30.13, 36.29, 10.94, 29.82, 21.87, 24.37, 11.17, 48.72, 23.18, 19.38, 39.11, 19.19, 48.55, 19.6, 15.95, 22.34, 39.17, 15.26, 27.9, 0.0, 27.82, 22.23, 26.51, 56.74], [0.0, 9.85, 12.28, 14.41, 26.25, 18.44, 11.22, 27.46, 11.22, 17.45, 11.97, 5.86, 15.11, 10.97, 14.43, 24.69, 10.51, 6.07, 7.61, 18.29, 22.28, 7.75, 24.48, 12.16, 13.23, 20.8, 14.36, 16.11, 5.49, 15.81, 17.26, 4.94, 27.82, 0.0, 10.13, 7.35, 76.57], [0.0, 9.05, 18.94, 12.28, 30.21, 17.5, 7.99, 21.47, 12.69, 15.13, 13.54, 14.69, 19.83, 7.94, 14.08, 16.0, 13.15, 8.56, 11.61, 16.24, 26.84, 11.06, 19.14, 17.92, 12.91, 29.21, 4.39, 7.14, 7.72, 16.95, 8.26, 6.99, 22.23, 10.13, 0.0, 4.65, 66.63], [0.0, 4.43, 14.32, 15.22, 25.78, 20.26, 4.86, 25.83, 9.99, 18.29, 15.09, 10.63, 15.22, 4.69, 10.29, 20.64, 10.22, 8.88, 11.19, 19.35, 22.3, 12.41, 23.33, 13.28, 8.26, 24.73, 8.84, 11.79, 7.85, 12.85, 12.9, 10.75, 26.51, 7.35, 4.65, 0.0, 70.71], [0.0, 0.0, 0.0, 0.0, 0.0, 0.0, 0.0, 0.0, 0.0, 0.0, 0.0, 0.0, 0.0, 0.0, 0.0, 0.0, 0.0, 0.0, 0.0, 0.0, 0.0, 0.0, 0.0, 0.0, 0.0, 0.0, 0.0, 0.0, 0.0, 0.0, 0.0, 0.0, 0.0, 0.0, 0.0, 0.0, 0.0]], "time_windows": [[0.0, 5000.0], [0.0, 114.0], [0.0, 138.0], [0.0, 175.0], [0.0, 283.0], [0.0, 384.0], [0.0, 424.0], [0.0, 475.0], [0.0, 561.0], [0.0, 607.0], [0.0, 622.0], [0.0, 653.0], [0.0, 670.0], [0.0, 690.0], [0.0, 699.0], [0.0, 739.0], [0.0, 778.0], [0.0, 791.0], [0.0, 803.0], [0.0, 831.0], [0.0, 913.0], [0.0, 956.0], [0.0, 988.0], [0.0, 1034.0], [0.0, 1059.0], [0.0, 1095.0], [0.0, 1130.0], [0.0, 1141.0], [0.0, 1153.0], [0.0, 1173.0], [0.0, 1197.0], [0.0, 1212.0], [0.0, 1240.0], [0.0, 1268.0], [0.0, 1278.0], [0.0, 1283.0], [0.0, 5000.0]], "start_depot": 0, "end_depot": 36, "horizon": [0.0, 5000.0]}