{"digraph": {"vertex_count": 37, "arc_count": 1260, "arcs": [[0, 1, 1, 1, 1, 1, 1, 1, 1, 1, 1, 1, 1, 1, 1, 1, 1, 1, 1, 1, 1, 1, 1, 1, 1, 1, 1, 1, 1, 1, 1, 1, 1, 1, 1, 1, 1], [0, 0, 1, 1, 1, 1, 1, 1, 1, 1, 1, 1, 1, 1, 1, 1, 1, 1, 1, 1, 1, 1, 1, 1, 1, 1, 1, 1, 1, 1, 1, 1, 1, 1, 1, 1, 1], [0, 1, 0, 1, 1, 1, 1, 1, 1, 1, 1, 1, 1, 1, 1, 1, 1, 1, 1, 1, 1, 1, 1, 1, 1, 1, 1, 1, 1, 1, 1, 1, 1, 1, 1, 1, 1], [0, 1, 1, 0, 1, 1, 1, 1, 1, 1, 1, 1, 1, 1, 1, 1, 1, 1, 1, 1, 1, 1, 1, 1, 1, 1, 1, 1, 1, 1, 1, 1, 1, 1, 1, 1, 1], [0, 1, 1, 1, 0, 1, 1, 1, 1, 1, 1, 1, 1, 1, 1, 1, 1, 1, 1, 1, 1, 1, 1, 1, 1, 1, 1, 1, 1, 1, 1, 1, 1, 1, 1, 1, 1], [0, 1, 1, 1, 1, 0, 1, 1, 1, 1, 1, 1, 1, 1, 1, 1, 1, 1, 1, 1, 1, 1, 1, 1, 1, 1, 1, 1, 1, 1, 1, 1, 1, 1, 1, 1, 1], [0, 1, 1, 1, 1, 1, 0, 1, 1, 1, 1, 1, 1, 1, 1, 1, 1, 1, 1, 1, 1, 1, 1, 1, 1, 1, 1, 1, 1, 1, 1, 1, 1, 1, 1, 1, 1], [0, 1, 1, 1, 1, 1, 1, 0, 1, 1, 1, 1, 1, 1, 1, 1, 1, 1, 1, 1, 1, 1, 1, 1, 1, 1, 1, 1, 1, 1, 1, 1, 1, 1, 1, 1, 1], [0, 1, 1, 1, 1, 1, 1, 1, 0, 1, 1, 1, 1, 1, 1, 1, 1, 1, 1, 1, 1, 1, 1, 1, 1, 1, 1, 1, 1, 1, 1, 1, 1, 1, 1, 1, 1], [0, 1, 1, 1, 1, 1, 1, 1, 1, 0, 1, 1, 1, 1, 1, 1, 1, 1, 1, 1, 1, 1, 1, 1, 1, 1, 1, 1, 1, 1, 1, 1, 1, 1, 1, 1, 1], [0, 1, 1, 1, 1, 1, 1, 1, 1, 1, 0, 1, 1, 1, 1, 1, 1, 1, 1, 1, 1, 1, 1, 1, 1, 1, 1, 1, 1, 1, 1, 1, 1, 1, 1, 1, 1], [0, 1, 1, 1, 1, 1, 1, 1, 1, 1, 1, 0, 1, 1, 1, 1, 1, 1, 1, 1, 1, 1, 1, 1, 1, 1, 1, 1, 1, 1, 1, 1, 1, 1, 1, 1, 1], [0, 1, 1, 1, 1, 1, 1, 1, 1, 1, 1, 1, 0, 1, 1, 1, 1, 1, 1, 1, 1, 1, 1, 1, 1, 1, 1, 1, 1, 1, 1, 1, 1, 1, 1, 1, 1], [0, 1, 1, 1, 1, 1, 1, 1, 1, 1, 1, 1, 1, 0, 1, 1, 1, 1, 1, 1, 1, 1, 1, 1, 1, 1, 1, 1, 1, 1, 1, 1, 1, 1, 1, 1, 1], [0, 1, 1, 1, 1, 1, 1, 1, 1, 1, 1, 1, 1, 1, 0, 1, 1, 1, 1, 1, 1, 1, 1, 1, 1, 1, 1, 1, 1, 1, 1, 1, 1, 1, 1, 1, 1], [0, 1, 1, 1, 1, 1, 1, 1, 1, 1, 1, 1, 1, 1, 1, 0, 1, 1, 1, 1, 1, 1, 1, 1, 1, 1, 1, 1, 1, 1, 1, 1, 1, 1, 1, 1, 1], [0, 1, 1, 1, 1, 1, 1, 1, 1, 1, 1, 1, 1, 1, 1, 1, 0, 1, 1, 1, 1, 1, 1, 1, 1, 1, 1, 1, 1, 1, 1, 1, 1, 1, 1, 1, 1], [0, 1, 1, 1, 1, 1, 1, 1, 1, 1, 1, 1, 1, 1, 1, 1, 1, 0, 1, 1, 1, 1, 1, 1, 1, 1, 1, 1, 1, 1, 1, 1, 1, 1, 1, 1, 1], [0, 1, 1, 1, 1, 1, 1, 1, 1, 1, 1, 1, 1, 1, 1, 1, 1, 1, 0, 1, 1, 1, 1, 1, 1, 1, 1, 1, 1, 1, 1, 1, 1, 1, 1, 1, 1], [0, 1, 1, 1, 1, 1, 1, 1, 1, 1, 1, 1, 1, 1, 1, 1, 1, 1, 1, 0, 1, 1, 1, 1, 1, 1, 1, 1, 1, 1, 1, 1, 1, 1, 1, 1, 1], [0, 1, 1, 1, 1, 1, 1, 1, 1, 1, 1, 1, 1, 1, 1, 1, 1, 1, 1, 1, 0, 1, 1, 1, 1, 1, 1, 1, 1, 1, 1, 1, 1, 1, 1, 1, 1], [0, 1, 1, 1, 1, 1, 1, 1, 1, 1, 1, 1, 1, 1, 1, 1, 1, 1, 1, 1, 1, 0, 1, 1, 1, 1, 1, 1, 1, 1, 1, 1, 1, 1, 1, 1, 1], [0, 1, 1, 1, 1, 1, 1, 1, 1, 1, 1, 1, 1, 1, 1, 1, 1, 1, 1, 1, 1, 1, 0, 1, 1, 1, 1, 1, 1, 1, 1, 1, 1, 1, 1, 1, 1], [0, 1, 1, 1, 1, 1, 1, 1, 1, 1, 1, 1, 1, 1, 1, 1, 1, 1, 1, 1, 1, 1, 1, 0, 1, 1, 1, 1, 1, 1, 1, 1, 1, 1, 1, 1, 1], [0, 1, 1, 1, 1, 1, 1, 1, 1, 1, 1, 1, 1, 1, 1, 1, 1, 1, 1, 1, 1, 1, 1, 1, 0, 1, 1, 1, 1, 1, 1, 1, 1, 1, 1, 1, 1], [0, 1, 1, 1, 1, 1, 1, 1, 1, 1, 1, 1, 1, 1, 1, 1, 1, 1, 1, 1, 1, 1, 1, 1, 1, 0, 1, 1, 1, 1, 1, 1, 1, 1, 1, 1, 1], [0, 1, 1, 1, 1, 1, 1, 1, 1, 1, 1, 1, 1, 1, 1, 1, 1, 1, 1, 1, 1, 1, 1, 1, 1, 1, 0, 1, 1, 1, 1, 1, 1, 1, 1, 1, 1], [0, 1, 1, 1, 1, 1, 1, 1, 1, 1, 1, 1, 1, 1, 1, 1, 1, 1, 1, 1, 1, 1, 1, 1, 1, 1, 1, 0, 1, 1, 1, 1, 1, 1, 1, 1, 1], [0, 1, 1, 1, 1, 1, 1, 1, 1, 1, 1, 1, 1, 1, 1, 1, 1, 1, 1, 1, 1, 1, 1, 1, 1, 1, 1, 1, 0, 1, 1, 1, 1, 1, 1, 1, 1], [0, 1, 1, 1, 1, 1, 1, 1, 1, 1, 1, 1, 1, 1, 1, 1, 1, 1, 1, 1, 1, 1, 1, 1, 1, 1, 1, 1, 1, 0, 1, 1, 1, 1, 1, 1, 1], [0, 1, 1, 1, 1, 1, 1, 1, 1, 1, 1, 1, 1, 1, 1, 1, 1, 1, 1, 1, 1, 1, 1, 1, 1, 1, 1, 1, 1, 1, 0, 1, 1, 1, 1, 1, 1], [0, 1, 1, 1, 1, 1, 1, 1, 1, 1, 1, 1, 1, 1, 1, 1, 1, 1, 1, 1, 1, 1, 1, 1, 1, 1, 1, 1, 1, 1, 1, 0, 1, 1, 1, 1, 1], [0, 1, 1, 1, 1, 1, 1, 1, 1, 1, 1, 1, 1, 1, 1, 1, 1, 1, 1, 1, 1, 1, 1, 1, 1, 1, 1, 1, 1, 1, 1, 1, 0, 1, 1, 1, 1], [0, 1, 1, 1, 1, 1, 1, 1, 1, 1, 1, 1, 1, 1, 1, 1, 1, 1, 1, 1, 1, 1, 1, 1, 1, 1, 1, 1, 1, 1, 1, 1, 1, 0, 1, 1, 1], [0, 1, 1, 1, 1, 1, 1, 1, 1, 1, 1, 1, 1, 1, 1, 1, 1, 1, 1, 1, 1, 1, 1, 1, 1, 1, 1, 1, 1, 1, 1, 1, 1, 1, 0, 1, 1], [0, 1, 1, 1, 1, 1, 1, 1, 1, 1, 1, 1, 1, 1, 1, 1, 1, 1, 1, 1, 1, 1, 1, 1, 1, 1, 1, 1, 1, 1, 1, 1, 1, 1, 1, 0, 1], [0, 0, 0, 0, 0, 0, 0, 0, 0, 0, 0, 0, 0, 0, 0, 0, 0, 0, 0, 0, 0, 0, 0, 0, 0, 0, 0, 0, 0, 0, 0, 0, 0, 0, 0, 0, 0]]}, "cluster_count": 3, "cluster_speeds": [[0.7400000000000001, 0.68, 0.7400000000000001, 0.8, 0.666, 0.6120000000000001, 0.666, 0.7200000000000001, 0.37000000000000005, 0.34, 0.37000000000000005, 0.4, 0.24420000000000003, 0.22440000000000004, 0.24420000000000003, 0.264, 0.296, 0.272, 0.296, 0.32000000000000006, 0.44400000000000006, 0.40800000000000003, 0.44400000000000006, 0.48, 0.6475, 0.595, 0.6475, 0.7, 0.37, 0.34, 0.37, 0.4, 0.30525, 0.2805, 0.30525, 0.33, 0.4625, 0.425, 0.4625, 0.5, 0.6475, 0.595, 0.6475, 0.7, 0.74, 0.68, 0.74, 0.8, 0.518, 0.476, 0.518, 0.5599999999999999, 0.37000000000000005, 0.34, 0.37000000000000005, 0.4, 0.44400000000000006, 0.40800000000000003, 0.44400000000000006, 0.48, 0.518, 0.476, 0.518, 0.5599999999999999, 0.666, 0.6120000000000001, 0.666, 0.7200000000000001, 0.7400000000000001, 0.68, 0.7400000000000001, 0.8, 0.8], [0.8325, 0.765, 0.8325, 0.9, 0.7492500000000001, 0.6885, 0.7492500000000001, 0.81, 0.41625, 0.3825, 0.41625, 0.45, 0.27472500000000005, 0.25245, 0.27472500000000005, 0.29700000000000004, 0.333, 0.30600000000000005, 0.333, 0.36000000000000004, 0.49950000000000006, 0.459, 0.49950000000000006, 0.54, 0.6475, 0.595, 0.6475, 0.7, 0.37, 0.34, 0.37, 0.4, 0.30525, 0.2805, 0.30525, 0.33, 0.4625, 0.425, 0.4625, 0.5, 0.6475, 0.595, 0.6475, 0.7, 0.74, 0.68, 0.74, 0.8, 0.58275, 0.5355, 0.58275, 0.63, 0.41625, 0.3825, 0.41625, 0.45, 0.49950000000000006, 0.459, 0.49950000000000006, 0.54, 0.58275, 0.5355, 0.58275, 0.63, 0.7492500000000001, 0.6885, 0.7492500000000001, 0.81, 0.8325, 0.765, 0.8325, 0.9, 0.9], [0.925, 0.85, 0.925, 1.0, 0.8325, 0.765, 0.8325, 0.9, 0.4625, 0.425, 0.4625, 0.5, 0.30525, 0.2805, 0.30525, 0.33, 0.37, 0.34, 0.37, 0.4, 0.555, 0.51, 0.555, 0.6, 0.6475, 0.595, 0.6475, 0.7, 0.37, 0.34, 0.37, 0.4, 0.30525, 0.2805, 0.30525, 0.33, 0.4625, 0.425, 0.4625, 0.5, 0.6475, 0.595, 0.6475, 0.7, 0.74, 0.68, 0.74, 0.8, 0.6475, 0.595, 0.6475, 0.7, 0.4625, 0.425, 0.4625, 0.5, 0.555, 0.51, 0.555, 0.6, 0.6475, 0.595, 0.6475, 0.7, 0.8325, 0.765, 0.8325, 0.9, 0.925, 0.85, 0.925, 1.0, 1.0]], "clusters": [[-1, 2, 2, 2, 2, 2, 2, 2, 2, 2, 2, 2, 2, 2, 2, 2, 2, 2, 2, 2, 2, 2, 2, 2, 2, 2, 2, 2, 2, 2, 2, 2, 2, 2, 2, 2, 2], [0, -1, 0, 0, 0, 0, 0, 0, 0, 0, 0, 0, 0, 0, 0, 0, 0, 0, 0, 0, 0, 0, 0, 0, 0, 0, 0, 0, 0, 0, 0, 0, 0, 0, 0, 0, 0], [0, 0, -1, 0, 0, 0, 0, 0, 0, 0, 0, 0, 0, 0, 0, 0, 0, 0, 0, 0, 0, 0, 0, 0, 0, 0, 0, 0, 0, 0, 0, 0, 0, 0, 0, 0, 0], [0, 0, 0, -1, 0, 0, 0, 0, 0, 0, 0, 0, 0, 0, 0, 0, 0, 0, 0, 0, 0, 0, 0, 0, 0, 0, 0, 0, 0, 0, 0, 0, 0, 0, 0, 0, 0], [0, 0, 0, 0, -1, 0, 0, 0, 0, 0, 0, 0, 0, 0, 0, 0, 0, 0, 0, 0, 0, 0, 0, 0, 0, 0, 0, 0, 0, 0, 0, 0, 0, 0, 0, 0, 0], [0, 0, 0, 0, 0, -1, 0, 0, 0, 0, 0, 0, 0, 0, 0, 0, 0, 0, 0, 0, 0, 0, 0, 0, 0, 0, 0, 0, 0, 0, 0, 0, 0, 0, 0, 0, 0], [0, 0, 0, 0, 0, 0, -1, 0, 0, 0, 0, 0, 0, 0, 0, 0, 0, 0, 0, 0, 0, 0, 0, 0, 0, 0, 0, 0, 0, 0, 0, 0, 0, 0, 0, 0, 0], [1, 1, 1, 1, 1, 1, 1, -1, 1, 1, 1, 1, 1, 1, 1, 1, 1, 1, 1, 1, 1, 1, 1, 1, 1, 1, 1, 1, 1, 1, 1, 1, 1, 1, 1, 1, 1], [0, 0, 0, 0, 0, 0, 0, 0, -1, 0, 0, 0, 0, 0, 0, 0, 0, 0, 0, 0, 0, 0, 0, 0, 0, 0, 0, 0, 0, 0, 0, 0, 0, 0, 0, 0, 0], [1, 1, 1, 1, 1, 1, 1, 1, 1, -1, 1, 1, 1, 1, 1, 1, 1, 1, 1, 1, 1, 1, 1, 1, 1, 1, 1, 1, 1, 1, 1, 1, 1, 1, 1, 1, 1], [1, 1, 1, 1, 1, 1, 1, 1, 1, 1, -1, 1, 1, 1, 1, 1, 1, 1, 1, 1, 1, 1, 1, 1, 1, 1, 1, 1, 1, 1, 1, 1, 1, 1, 1, 1, 1], [0, 0, 0, 0, 0, 0, 0, 0, 0, 0, 0, -1, 0, 0, 0, 0, 0, 0, 0, 0, 0, 0, 0, 0, 0, 0, 0, 0, 0, 0, 0, 0, 0, 0, 0, 0, 0], [1, 1, 1, 1, 1, 1, 1, 1, 1, 1, 1, 1, -1, 1, 1, 1, 1, 1, 1, 1, 1, 1, 1, 1, 1, 1, 1, 1, 1, 1, 1, 1, 1, 1, 1, 1, 1], [1, 1, 1, 1, 1, 1, 1, 1, 1, 1, 1, 1, 1, -1, 1, 1, 1, 1, 1, 1, 1, 1, 1, 1, 1, 1, 1, 1, 1, 1, 1, 1, 1, 1, 1, 1, 1], [0, 0, 0, 0, 0, 0, 0, 0, 0, 0, 0, 0, 0, 0, -1, 0, 0, 0, 0, 0, 0, 0, 0, 0, 0, 0, 0, 0, 0, 0, 0, 0, 0, 0, 0, 0, 0], [0, 0, 0, 0, 0, 0, 0, 0, 0, 0, 0, 0, 0, 0, 0, -1, 0, 0, 0, 0, 0, 0, 0, 0, 0, 0, 0, 0, 0, 0, 0, 0, 0, 0, 0, 0, 0], [0, 0, 0, 0, 0, 0, 0, 0, 0, 0, 0, 0, 0, 0, 0, 0, -1, 0, 0, 0, 0, 0, 0, 0, 0, 0, 0, 0, 0, 0, 0, 0, 0, 0, 0, 0, 0], [1, 1, 1, 1, 1, 1, 1, 1, 1, 1, 1, 1, 1, 1, 1, 1, 1, -1, 1, 1, 1, 1, 1, 1, 1, 1, 1, 1, 1, 1, 1, 1, 1, 1, 1, 1, 1], [0, 0, 0, 0, 0, 0, 0, 0, 0, 0, 0, 0, 0, 0, 0, 0, 0, 0, -1, 0, 0, 0, 0, 0, 0, 0, 0, 0, 0, 0, 0, 0, 0, 0, 0, 0, 0], [2, 2, 2, 2, 2, 2, 2, 2, 2, 2, 2, 2, 2, 2, 2, 2, 2, 2, 2, -1, 2, 2, 2, 2, 2, 2, 2, 2, 2, 2, 2, 2, 2, 2, 2, 2, 2], [1, 1, 1, 1, 1, 1, 1, 1, 1, 1, 1, 1, 1, 1, 1, 1, 1, 1, 1, 1, -1, 1, 1, 1, 1, 1, 1, 1, 1, 1, 1, 1, 1, 1, 1, 1, 1], [0, 0, 0, 0, 0, 0, 0, 0, 0, 0, 0, 0, 0, 0, 0, 0, 0, 0, 0, 0, 0, -1, 0, 0, 0, 0, 0, 0, 0, 0, 0, 0, 0, 0, 0, 0, 0], [0, 0, 0, 0, 0, 0, 0, 0, 0, 0, 0, 0, 0, 0, 0, 0, 0, 0, 0, 0, 0, 0, -1, 0, 0, 0, 0, 0, 0, 0, 0, 0, 0, 0, 0, 0, 0], [0, 0, 0, 0, 0, 0, 0, 0, 0, 0, 0, 0, 0, 0, 0, 0, 0, 0, 0, 0, 0, 0, 0, -1, 0, 0, 0, 0, 0, 0, 0, 0, 0, 0, 0, 0, 0], [0, 0, 0, 0, 0, 0, 0, 0, 0, 0, 0, 0, 0, 0, 0, 0, 0, 0, 0, 0, 0, 0, 0, 0, -1, 0, 0, 0, 0, 0, 0, 0, 0, 0, 0, 0, 0], [0, 0, 0, 0, 0, 0, 0, 0, 0, 0, 0, 0, 0, 0, 0, 0, 0, 0, 0, 0, 0, 0, 0, 0, 0, -1, 0, 0, 0, 0, 0, 0, 0, 0, 0, 0, 0], [0, 0, 0, 0, 0, 0, 0, 0, 0, 0, 0, 0, 0, 0, 0, 0, 0, 0, 0, 0, 0, 0, 0, 0, 0, 0, -1, 0, 0, 0, 0, 0, 0, 0, 0, 0, 0], [1, 1, 1, 1, 1, 1, 1, 1, 1, 1, 1, 1, 1, 1, 1, 1, 1, 1, 1, 1, 1, 1, 1, 1, 1, 1, 1, -1, 1, 1, 1, 1, 1, 1, 1, 1, 1], [0, 0, 0, 0, 0, 0, 0, 0, 0, 0, 0, 0, 0, 0, 0, 0, 0, 0, 0, 0, 0, 0, 0, 0, 0, 0, 0, 0, -1, 0, 0, 0, 0, 0, 0, 0, 0], [0, 0, 0, 0, 0, 0, 0, 0, 0, 0, 0, 0, 0, 0, 0, 0, 0, 0, 0, 0, 0, 0, 0, 0, 0, 0, 0, 0, 0, -1, 0, 0, 0, 0, 0, 0, 0], [0, 0, 0, 0, 0, 0, 0, 0, 0, 0, 0, 0, 0, 0, 0, 0, 0, 0, 0, 0, 0, 0, 0, 0, 0, 0, 0, 0, 0, 0, -1, 0, 0, 0, 0, 0, 0], [0, 0, 0, 0, 0, 0, 0, 0, 0, 0, 0, 0, 0, 0, 0, 0, 0, 0, 0, 0, 0, 0, 0, 0, 0, 0, 0, 0, 0, 0, 0, -1, 0, 0, 0, 0, 0], [0, 0, 0, 0, 0, 0, 0, 0, 0, 0, 0, 0, 0, 0, 0, 0, 0, 0, 0, 0, 0, 0, 0, 0, 0, 0, 0, 0, 0, 0, 0, 0, -1, 0, 0, 0, 0], [0, 0, 0, 0, 0, 0, 0, 0, 0, 0, 0, 0, 0, 0, 0, 0, 0, 0, 0, 0, 0, 0, 0, 0, 0, 0, 0, 0, 0, 0, 0, 0, 0, -1, 0, 0, 0], [0, 0, 0, 0, 0, 0, 0, 0, 0, 0, 0, 0, 0, 0, 0, 0, 0, 0, 0, 0, 0, 0, 0, 0, 0, 0, 0, 0, 0, 0, 0, 0, 0, 0, -1, 0, 0], [0, 0, 0, 0, 0, 0, 0, 0, 0, 0, 0, 0, 0, 0, 0, 0, 0, 0, 0, 0, 0, 0, 0, 0, 0, 0, 0, 0, 0, 0, 0, 0, 0, 0, 0, -1, 0], [2, 2, 2, 2, 2, 2, 2, 2, 2, 2, 2, 2, 2, 2, 2, 2, 2, 2, 2, 2, 2, 2, 2, 2, 2, 2, 2, 2, 2, 2, 2, 2, 2, 2, 2, 2, -1]], "speed_zone_count": 73, "speed_zones": [[0.0, 15.0], [15.0, 30.0], [30.0, 45.0], [45.0, 60.0], [60.0, 75.0], [75.0, 90.0], [90.0, 105.0], [105.0, 120.0], [120.0, 135.0], [135.0, 150.0], [150.0, 165.0], [165.0, 180.0], [180.0, 195.0], [195.0, 210.0], [210.0, 225.0], [225.0, 240.0], [240.0, 255.0], [255.0, 270.0], [270.0, 285.0], [285.0, 300.0], [300.0, 315.0], [315.0, 330.0], [330.0, 345.0], [345.0, 360.0], [360.0, 375.0], [375.0, 390.0], [390.0, 405.0], [405.0, 420.0], [420.0, 435.0], [435.0, 450.0], [450.0, 465.0], [465.0, 480.0], [480.0, 495.0], [495.0, 510.0], [510.0, 525.0], [525.0, 540.0], [540.0, 555.0], [555.0, 570.0], [570.0, 585.0], [585.0, 600.0], [600.0, 615.0], [615.0, 630.0], [630.0, 645.0], [645.0, 660.0], [660.0, 675.0], [675.0, 690.0], [690.0, 705.0], [705.0, 720.0], [720.0, 735.0], [735.0, 750.0], [750.0, 765.0], [765.0, 780.0], [780.0, 795.0], [795.0, 810.0], [810.0, 825.0], [825.0, 840.0], [840.0, 855.0], [855.0, 870.0], [870.0, 885.0], [885.0, 900.0], [900.0, 915.0], [915.0, 930.0], [930.0, 945.0], [945.0, 960.0], [960.0, 975.0], [975.0, 990.0], [990.0, 1005.0], [1005.0, 1020.0], [1020.0, 1035.0], [1035.0, 1050.0], [1050.0, 1065.0], [1065.0, 1080.0], [1080.0, 5000.0]], "distances": [[0.0, 76.91, 71.12, 71.82, 74.84, 78.07, 65.77, 59.12, 73.61, 56.87, 88.39, 65.17, 58.56, 69.96, 84.01, 67.73, 60.09, 60.76, 77.45, 94.7, 83.72, 72.58, 72.01, 66.88, 84.67, 68.45, 69.42, 84.86, 64.1, 69.15, 70.78, 69.18, 76.62, 75.9, 56.17, 69.06, 0.0], [0.0, 0.0, 14.23, 12.07, 14.45, 6.04, 11.37, 21.14, 8.44, 20.93, 14.59, 12.18, 21.07, 22.08, 8.37, 9.61, 18.01, 22.04, 11.32, 24.92, 21.96, 5.43, 5.62, 10.45, 8.86, 13.25, 8.45, 19.34, 13.92, 10.0, 6.16, 9.27, 9.15, 10.34, 20.81, 8.29, 76.91], [0.0, 14.23, 0.0, 23.02, 12.28, 10.16, 11.2, 25.32, 5.82, 22.16, 18.06, 10.64, 24.67, 32.37, 15.91, 10.06, 20.82, 27.86, 14.47, 23.7, 14.2, 15.83, 15.25, 10.23, 16.58, 22.17, 8.76, 14.13, 18.46, 6.58, 13.06, 7.67, 6.91, 13.43, 19.62, 9.97, 71.12], [0.0, 12.07, 23.02, 0.0, 24.72, 17.86, 13.72, 12.78, 18.27, 15.37, 26.27, 14.81, 13.27, 10.04, 19.88, 13.64, 12.22, 12.06, 12.37, 36.86, 33.62, 7.51, 7.93, 13.93, 20.2, 15.11, 14.37, 31.26, 9.07, 16.66, 9.96, 15.53, 20.29, 11.95, 17.46, 13.23, 71.82], [0.0, 14.45, 12.28, 24.72, 0.0, 9.17, 14.24, 28.44, 6.46, 25.6, 15.02, 13.86, 27.87, 34.43, 14.01, 12.78, 24.02, 30.78, 14.56, 19.91, 10.56, 17.26, 16.79, 13.14, 14.62, 24.33, 11.14, 10.3, 21.29, 9.3, 14.89, 10.24, 5.56, 13.88, 23.25, 12.36, 74.84], [0.0, 6.04, 10.16, 17.86, 9.17, 0.0, 12.7, 25.24, 4.9, 23.97, 10.68, 13.07, 24.97, 27.89, 6.18, 10.68, 21.46, 26.71, 5.95, 19.96, 15.92, 10.59, 10.45, 11.48, 6.88, 18.54, 8.81, 13.41, 17.71, 8.95, 9.64, 8.9, 14.66, 5.92, 22.91, 9.47, 78.07], [0.0, 11.37, 11.2, 13.72, 14.24, 12.7, 0.0, 14.21, 9.27, 11.68, 23.37, 8.57, 13.63, 21.93, 18.31, 10.21, 9.8, 16.66, 11.9, 31.97, 24.68, 8.59, 7.85, 10.87, 18.96, 11.89, 10.26, 23.62, 7.3, 4.99, 5.71, 4.26, 12.49, 10.3, 10.22, 13.83, 65.77], [0.0, 21.14, 25.32, 12.78, 28.44, 25.24, 14.21, 0.0, 23.06, 5.05, 35.5, 14.69, 14.82, 13.19, 29.48, 15.76, 4.55, 12.12, 21.63, 45.19, 38.84, 15.78, 15.52, 15.32, 29.99, 9.51, 17.59, 37.54, 7.54, 19.16, 15.63, 18.3, 26.1, 20.44, 8.81, 16.49, 59.12], [0.0, 8.44, 5.82, 18.27, 6.46, 4.9, 9.27, 23.06, 0.0, 20.94, 14.79, 9.31, 22.61, 28.04, 11.06, 7.4, 18.87, 25.07, 8.66, 22.73, 15.97, 10.79, 10.34, 8.03, 11.76, 18.03, 5.49, 14.48, 15.62, 4.62, 8.53, 5.02, 12.03, 7.7, 19.3, 6.58, 73.61], [0.0, 20.93, 22.16, 15.37, 25.6, 23.97, 11.68, 5.05, 20.94, 0.0, 34.58, 11.81, 12.96, 17.95, 28.97, 13.57, 9.6, 8.49, 21.47, 43.6, 36.15, 16.01, 15.54, 12.91, 29.55, 11.98, 15.51, 35.27, 7.28, 16.59, 14.88, 15.94, 24.14, 20.05, 13.86, 14.6, 56.87], [0.0, 14.59, 18.06, 26.27, 15.02, 10.68, 23.37, 35.5, 14.79, 34.58, 0.0, 23.7, 35.33, 36.01, 6.4, 21.35, 31.96, 36.61, 14.17, 10.78, 13.84, 20.0, 20.11, 22.14, 6.14, 27.81, 19.46, 10.1, 28.05, 19.32, 19.91, 19.45, 11.8, 15.13, 33.59, 20.15, 88.39], [0.0, 12.18, 10.64, 14.81, 13.86, 13.07, 8.57, 14.69, 9.31, 11.81, 23.7, 0.0, 14.05, 22.89, 18.84, 11.22, 10.2, 17.29, 12.7, 32.04, 24.37, 9.66, 8.91, 11.88, 19.5, 12.91, 4.27, 23.48, 8.07, 4.8, 6.72, 4.31, 12.55, 11.11, 10.0, 14.89, 65.17], [0.0, 21.07, 24.67, 13.27, 27.87, 24.97, 13.63, 14.82, 22.61, 12.96, 35.33, 14.05, 0.0, 14.19, 29.38, 15.26, 12.05, 4.48, 21.58, 44.89, 38.3, 15.77, 15.46, 14.77, 29.9, 9.93, 17.13, 37.09, 7.28, 18.61, 15.42, 17.79, 25.7, 20.33, 7.78, 16.05, 58.56], [0.0, 22.08, 32.37, 10.04, 34.43, 27.89, 21.93, 13.19, 28.04, 17.95, 36.01, 22.89, 14.19, 0.0, 29.62, 22.46, 15.85, 10.17, 22.35, 46.7, 43.61, 17.46, 17.79, 22.52, 29.88, 10.2, 23.6, 41.3, 15.16, 25.81, 19.54, 24.7, 30.25, 21.99, 21.37, 22.39, 69.96], [0.0, 8.37, 15.91, 19.88, 14.01, 6.18, 18.31, 29.48, 11.06, 28.97, 6.4, 18.84, 29.38, 29.62, 0.0, 16.32, 26.18, 30.4, 7.9, 17.1, 17.22, 13.8, 13.98, 17.16, 12.53, 21.49, 14.59, 13.81, 22.16, 15.05, 14.11, 14.87, 9.0, 9.05, 28.38, 15.01, 84.01], [0.0, 9.61, 10.06, 13.64, 12.78, 10.68, 10.21, 15.76, 7.4, 13.57, 21.35, 11.22, 15.26, 22.46, 16.32, 0.0, 11.48, 18.0, 10.12, 30.04, 23.08, 7.59, 6.85, 9.66, 16.97, 12.28, 9.04, 21.85, 8.51, 11.32, 4.49, 10.21, 10.58, 8.53, 12.24, 12.83, 67.73], [0.0, 18.01, 20.82, 12.22, 24.02, 21.46, 9.8, 4.55, 18.87, 9.6, 31.96, 10.2, 12.05, 15.85, 26.18, 11.48, 0.0, 7.58, 18.54, 41.3, 34.48, 12.93, 12.51, 10.96, 26.74, 8.86, 13.37, 33.33, 12.09, 14.78, 12.08, 13.99, 21.99, 17.18, 5.64, 12.34, 60.09], [0.0, 22.04, 27.86, 12.06, 30.78, 26.71, 16.66, 12.12, 25.07, 8.49, 36.61, 17.29, 4.48, 10.17, 30.4, 18.0, 7.58, 0.0, 22.5, 46.64, 41.0, 16.62, 16.51, 17.67, 30.86, 9.24, 19.72, 39.46, 9.49, 21.49, 17.1, 20.55, 27.97, 21.48, 12.24, 18.54, 60.76], [0.0, 11.32, 14.47, 12.37, 14.56, 5.95, 11.9, 21.63, 8.66, 21.47, 14.17, 12.7, 21.58, 22.35, 7.9, 10.12, 18.54, 22.5, 0.0, 24.56, 21.84, 5.89, 6.12, 10.97, 8.37, 13.65, 8.93, 19.15, 14.44, 10.42, 6.71, 9.72, 9.18, 10.8, 21.35, 8.8, 77.45], [0.0, 24.92, 23.7, 36.86, 19.91, 19.96, 31.97, 45.19, 22.73, 43.6, 10.78, 32.04, 44.89, 46.7, 17.1, 30.04, 41.3, 46.64, 24.56, 0.0, 12.06, 30.21, 30.2, 30.73, 16.9, 38.15, 28.09, 9.91, 37.65, 27.29, 29.59, 27.75, 19.5, 25.3, 42.02, 29.02, 94.7], [0.0, 21.96, 14.2, 33.62, 10.56, 15.92, 24.68, 38.84, 15.97, 36.15, 13.84, 24.37, 38.3, 43.61, 17.22, 23.08, 34.48, 41.0, 21.84, 12.06, 0.0, 26.16, 25.86, 23.53, 17.51, 33.84, 21.29, 20.87, 31.52, 19.7, 24.38, 20.53, 13.38, 21.8, 33.79, 22.46, 83.72], [0.0, 5.43, 15.83, 7.51, 17.26, 10.59, 8.59, 15.78, 10.79, 16.01, 20.0, 9.66, 15.77, 17.46, 13.8, 7.59, 12.93, 16.62, 5.89, 30.21, 26.16, 0.0, 9.88, 8.21, 14.27, 7.98, 7.6, 23.93, 8.79, 9.84, 10.12, 8.76, 12.8, 4.91, 16.45, 6.7, 72.58], [0.0, 5.62, 15.25, 7.93, 16.79, 10.45, 7.85, 15.52, 10.34, 15.54, 20.11, 8.91, 15.46, 17.79, 13.98, 6.85, 12.51, 16.51, 6.12, 30.2, 25.86, 9.88, 0.0, 7.46, 14.47, 8.1, 6.91, 23.72, 8.38, 9.17, 10.19, 8.08, 12.48, 4.97, 15.86, 5.98, 72.01], [0.0, 10.45, 10.23, 13.93, 13.14, 11.48, 10.87, 15.32, 8.03, 12.91, 22.14, 11.88, 14.77, 22.52, 17.16, 9.66, 10.96, 17.67, 10.97, 30.73, 23.53, 8.21, 7.46, 0.0, 17.82, 12.37, 9.71, 22.41, 8.23, 11.99, 5.16, 10.88, 11.24, 9.37, 11.45, 13.44, 66.88], [0.0, 8.86, 16.58, 20.2, 14.62, 6.88, 18.96, 29.99, 11.76, 29.55, 6.14, 19.5, 29.9, 29.88, 12.53, 16.97, 26.74, 30.86, 8.37, 16.9, 17.51, 14.27, 14.47, 17.82, 0.0, 21.9, 15.25, 14.04, 22.7, 15.73, 14.68, 15.55, 9.66, 9.58, 29.01, 15.66, 84.67], [0.0, 13.25, 22.17, 15.11, 24.33, 18.54, 11.89, 9.51, 18.03, 11.98, 27.81, 12.91, 9.93, 10.2, 21.49, 12.28, 8.86, 9.24, 13.65, 38.15, 33.84, 7.98, 8.1, 12.37, 21.9, 0.0, 13.41, 31.8, 6.05, 15.62, 9.5, 14.51, 20.47, 12.86, 14.21, 12.2, 68.45], [0.0, 8.45, 8.76, 14.37, 11.14, 8.81, 10.26, 17.59, 5.49, 15.51, 19.46, 4.27, 17.13, 23.6, 14.59, 9.04, 13.37, 19.72, 8.93, 28.09, 21.29, 7.6, 6.91, 9.71, 15.25, 13.41, 0.0, 19.96, 10.23, 9.07, 4.54, 8.58, 8.65, 7.38, 14.14, 12.07, 69.42], [0.0, 19.34, 14.13, 31.26, 10.3, 13.41, 23.62, 37.54, 14.48, 35.27, 10.1, 23.48, 37.09, 41.3, 13.81, 21.85, 33.33, 39.46, 19.15, 9.91, 20.87, 23.93, 23.72, 22.41, 14.04, 31.8, 19.96, 0.0, 30.07, 18.69, 22.5, 19.37, 11.49, 19.32, 33.25, 21.05, 84.86], [0.0, 13.92, 18.46, 9.07, 21.29, 17.71, 7.3, 7.54, 15.62, 7.28, 28.05, 8.07, 7.28, 15.16, 22.16, 8.51, 12.09, 9.49, 14.44, 37.65, 31.52, 8.79, 8.38, 8.23, 22.7, 6.05, 10.23, 30.07, 0.0, 12.01, 8.14, 11.06, 18.6, 13.12, 8.52, 9.06, 64.1], [0.0, 10.0, 6.58, 16.66, 9.3, 8.95, 4.99, 19.16, 4.62, 16.59, 19.32, 4.8, 18.61, 25.81, 15.05, 11.32, 14.78, 21.49, 10.42, 27.29, 19.7, 9.84, 9.17, 11.99, 15.73, 15.62, 9.07, 18.69, 12.01, 0.0, 6.82, 9.11, 7.84, 8.97, 14.73, 11.19, 69.15], [0.0, 6.16, 13.06, 9.96, 14.89, 9.64, 5.71, 15.63, 8.53, 14.88, 19.91, 6.72, 15.42, 19.54, 14.11, 4.49, 12.08, 17.1, 6.71, 29.59, 24.38, 10.12, 10.19, 5.16, 14.68, 9.5, 4.54, 22.5, 8.14, 6.82, 0.0, 5.72, 11.05, 5.21, 14.65, 12.42, 70.78], [0.0, 9.27, 7.67, 15.53, 10.24, 8.9, 4.26, 18.3, 5.02, 15.94, 19.45, 4.31, 17.79, 24.7, 14.87, 10.21, 13.99, 20.55, 9.72, 27.75, 20.53, 8.76, 8.08, 10.88, 15.55, 14.51, 8.58, 19.37, 11.06, 9.11, 5.72, 0.0, 8.25, 8.22, 14.31, 11.6, 69.18], [0.0, 9.15, 6.91, 20.29, 5.56, 14.66, 12.49, 26.1, 12.03, 24.14, 11.8, 12.55, 25.7, 30.25, 9.0, 10.58, 21.99, 27.97, 9.18, 19.5, 13.38, 12.8, 12.48, 11.24, 9.66, 20.47, 8.65, 11.49, 18.6, 7.84, 11.05, 8.25, 0.0, 8.74, 22.54, 9.66, 76.62], [0.0, 10.34, 13.43, 11.95, 13.88, 5.92, 10.3, 20.44, 7.7, 20.05, 15.13, 11.11, 20.33, 21.99, 9.05, 8.53, 17.18, 21.48, 10.8, 25.3, 21.8, 4.91, 4.97, 9.37, 9.58, 12.86, 7.38, 19.32, 13.12, 8.97, 5.21, 8.22, 8.74, 0.0, 19.83, 7.21, 75.9], [0.0, 20.81, 19.62, 17.46, 23.25, 22.91, 10.22, 8.81, 19.3, 13.86, 33.59, 10.0, 7.78, 21.37, 28.38, 12.24, 5.64, 12.24, 21.35, 42.02, 33.79, 16.45, 15.86, 11.45, 29.01, 14.21, 14.14, 33.25, 8.52, 14.73, 14.65, 14.31, 22.54, 19.83, 0.0, 13.46, 56.17], [0.0, 8.29, 9.97, 13.23, 12.36, 9.47, 13.83, 16.49, 6.58, 14.6, 20.15, 14.89, 16.05, 22.39, 15.01, 12.83, 12.34, 18.54, 8.8, 29.02, 22.46, 6.7, 5.98, 13.44, 15.66, 12.2, 12.07, 21.05, 9.06, 11.19, 12.42, 11.6, 9.66, 7.21, 13.46, 0.0, 69.06], [0.0, 0.0, 0.0, 0.0, 0.0, 0.0, 0.0, 0.0, 0.0, 0.0, 0.0, 0.0, 0.0, 0.0, 0.0, 0.0, 0.0, 0.0, 0.0, 0.0, 0.0, 0.0, 0.0, 0.0, 0.0, 0.0, 0.0, 0.0, 0.0, 0.0, 0.0, 0.0, 0.0, 0.0, 0.0, 0.0, 0.0]], "time_windows": [[0.0, 5000.0], [0.0, 127.0], [0.0, 145.0], [0.0, 180.0], [0.0, 239.0], [0.0, 270.0], [0.0, 306.0], [0.0, 343.0], [0.0, 386.0], [0.0, 419.0], [0.0, 482.0], [0.0, 552.0], [0.0, 591.0], [0.0, 623.0], [0.0, 674.0], [0.0, 698.0], [0.0, 714.0], [0.0, 725.0], [0.0, 755.0], [0.0, 793.0], [0.0, 811.0], [0.0, 864.0], [0.0, 883.0], [0.0, 897.0], [0.0, 930.0], [0.0, 965.0], [0.0, 986.0], [0.0, 1013.0], [0.0, 1050.0], [0.0, 1063.0], [0.0, 1070.0], [0.0, 1077.0], [0.0, 1086.0], [0.0, 1096.0], [0.0, 1117.0], [0.0, 1130.0], [0.0, 5000.0]], "start_depot": 0, "end_depot": 36, "horizon": [0.0, 5000.0]}