{"digraph": {"vertex_count": 37, "arc_count": 1260, "arcs": [[0, 1, 1, 1, 1, 1, 1, 1, 1, 1, 1, 1, 1, 1, 1, 1, 1, 1, 1, 1, 1, 1, 1, 1, 1, 1, 1, 1, 1, 1, 1, 1, 1, 1, 1, 1, 1], [0, 0, 1, 1, 1, 1, 1, 1, 1, 1, 1, 1, 1, 1, 1, 1, 1, 1, 1, 1, 1, 1, 1, 1, 1, 1, 1, 1, 1, 1, 1, 1, 1, 1, 1, 1, 1], [0, 1, 0, 1, 1, 1, 1, 1, 1, 1, 1, 1, 1, 1, 1, 1, 1, 1, 1, 1, 1, 1, 1, 1, 1, 1, 1, 1, 1, 1, 1, 1, 1, 1, 1, 1, 1], [0, 1, 1, 0, 1, 1, 1, 1, 1, 1, 1, 1, 1, 1, 1, 1, 1, 1, 1, 1, 1, 1, 1, 1, 1, 1, 1, 1, 1, 1, 1, 1, 1, 1, 1, 1, 1], [0, 1, 1, 1, 0, 1, 1, 1, 1, 1, 1, 1, 1, 1, 1, 1, 1, 1, 1, 1, 1, 1, 1, 1, 1, 1, 1, 1, 1, 1, 1, 1, 1, 1, 1, 1, 1], [0, 1, 1, 1, 1, 0, 1, 1, 1, 1, 1, 1, 1, 1, 1, 1, 1, 1, 1, 1, 1, 1, 1, 1, 1, 1, 1, 1, 1, 1, 1, 1, 1, 1, 1, 1, 1], [0, 1, 1, 1, 1, 1, 0, 1, 1, 1, 1, 1, 1, 1, 1, 1, 1, 1, 1, 1, 1, 1, 1, 1, 1, 1, 1, 1, 1, 1, 1, 1, 1, 1, 1, 1, 1], [0, 1, 1, 1, 1, 1, 1, 0, 1, 1, 1, 1, 1, 1, 1, 1, 1, 1, 1, 1, 1, 1, 1, 1, 1, 1, 1, 1, 1, 1, 1, 1, 1, 1, 1, 1, 1], [0, 1, 1, 1, 1, 1, 1, 1, 0, 1, 1, 1, 1, 1, 1, 1, 1, 1, 1, 1, 1, 1, 1, 1, 1, 1, 1, 1, 1, 1, 1, 1, 1, 1, 1, 1, 1], [0, 1, 1, 1, 1, 1, 1, 1, 1, 0, 1, 1, 1, 1, 1, 1, 1, 1, 1, 1, 1, 1, 1, 1, 1, 1, 1, 1, 1, 1, 1, 1, 1, 1, 1, 1, 1], [0, 1, 1, 1, 1, 1, 1, 1, 1, 1, 0, 1, 1, 1, 1, 1, 1, 1, 1, 1, 1, 1, 1, 1, 1, 1, 1, 1, 1, 1, 1, 1, 1, 1, 1, 1, 1], [0, 1, 1, 1, 1, 1, 1, 1, 1, 1, 1, 0, 1, 1, 1, 1, 1, 1, 1, 1, 1, 1, 1, 1, 1, 1, 1, 1, 1, 1, 1, 1, 1, 1, 1, 1, 1], [0, 1, 1, 1, 1, 1, 1, 1, 1, 1, 1, 1, 0, 1, 1, 1, 1, 1, 1, 1, 1, 1, 1, 1, 1, 1, 1, 1, 1, 1, 1, 1, 1, 1, 1, 1, 1], [0, 1, 1, 1, 1, 1, 1, 1, 1, 1, 1, 1, 1, 0, 1, 1, 1, 1, 1, 1, 1, 1, 1, 1, 1, 1, 1, 1, 1, 1, 1, 1, 1, 1, 1, 1, 1], [0, 1, 1, 1, 1, 1, 1, 1, 1, 1, 1, 1, 1, 1, 0, 1, 1, 1, 1, 1, 1, 1, 1, 1, 1, 1, 1, 1, 1, 1, 1, 1, 1, 1, 1, 1, 1], [0, 1, 1, 1, 1, 1, 1, 1, 1, 1, 1, 1, 1, 1, 1, 0, 1, 1, 1, 1, 1, 1, 1, 1, 1, 1, 1, 1, 1, 1, 1, 1, 1, 1, 1, 1, 1], [0, 1, 1, 1, 1, 1, 1, 1, 1, 1, 1, 1, 1, 1, 1, 1, 0, 1, 1, 1, 1, 1, 1, 1, 1, 1, 1, 1, 1, 1, 1, 1, 1, 1, 1, 1, 1], [0, 1, 1, 1, 1, 1, 1, 1, 1, 1, 1, 1, 1, 1, 1, 1, 1, 0, 1, 1, 1, 1, 1, 1, 1, 1, 1, 1, 1, 1, 1, 1, 1, 1, 1, 1, 1], [0, 1, 1, 1, 1, 1, 1, 1, 1, 1, 1, 1, 1, 1, 1, 1, 1, 1, 0, 1, 1, 1, 1, 1, 1, 1, 1, 1, 1, 1, 1, 1, 1, 1, 1, 1, 1], [0, 1, 1, 1, 1, 1, 1, 1, 1, 1, 1, 1, 1, 1, 1, 1, 1, 1, 1, 0, 1, 1, 1, 1, 1, 1, 1, 1, 1, 1, 1, 1, 1, 1, 1, 1, 1], [0, 1, 1, 1, 1, 1, 1, 1, 1, 1, 1, 1, 1, 1, 1, 1, 1, 1, 1, 1, 0, 1, 1, 1, 1, 1, 1, 1, 1, 1, 1, 1, 1, 1, 1, 1, 1], [0, 1, 1, 1, 1, 1, 1, 1, 1, 1, 1, 1, 1, 1, 1, 1, 1, 1, 1, 1, 1, 0, 1, 1, 1, 1, 1, 1, 1, 1, 1, 1, 1, 1, 1, 1, 1], [0, 1, 1, 1, 1, 1, 1, 1, 1, 1, 1, 1, 1, 1, 1, 1, 1, 1, 1, 1, 1, 1, 0, 1, 1, 1, 1, 1, 1, 1, 1, 1, 1, 1, 1, 1, 1], [0, 1, 1, 1, 1, 1, 1, 1, 1, 1, 1, 1, 1, 1, 1, 1, 1, 1, 1, 1, 1, 1, 1, 0, 1, 1, 1, 1, 1, 1, 1, 1, 1, 1, 1, 1, 1], [0, 1, 1, 1, 1, 1, 1, 1, 1, 1, 1, 1, 1, 1, 1, 1, 1, 1, 1, 1, 1, 1, 1, 1, 0, 1, 1, 1, 1, 1, 1, 1, 1, 1, 1, 1, 1], [0, 1, 1, 1, 1, 1, 1, 1, 1, 1, 1, 1, 1, 1, 1, 1, 1, 1, 1, 1, 1, 1, 1, 1, 1, 0, 1, 1, 1, 1, 1, 1, 1, 1, 1, 1, 1], [0, 1, 1, 1, 1, 1, 1, 1, 1, 1, 1, 1, 1, 1, 1, 1, 1, 1, 1, 1, 1, 1, 1, 1, 1, 1, 0, 1, 1, 1, 1, 1, 1, 1, 1, 1, 1], [0, 1, 1, 1, 1, 1, 1, 1, 1, 1, 1, 1, 1, 1, 1, 1, 1, 1, 1, 1, 1, 1, 1, 1, 1, 1, 1, 0, 1, 1, 1, 1, 1, 1, 1, 1, 1], [0, 1, 1, 1, 1, 1, 1, 1, 1, 1, 1, 1, 1, 1, 1, 1, 1, 1, 1, 1, 1, 1, 1, 1, 1, 1, 1, 1, 0, 1, 1, 1, 1, 1, 1, 1, 1], [0, 1, 1, 1, 1, 1, 1, 1, 1, 1, 1, 1, 1, 1, 1, 1, 1, 1, 1, 1, 1, 1, 1, 1, 1, 1, 1, 1, 1, 0, 1, 1, 1, 1, 1, 1, 1], [0, 1, 1, 1, 1, 1, 1, 1, 1, 1, 1, 1, 1, 1, 1, 1, 1, 1, 1, 1, 1, 1, 1, 1, 1, 1, 1, 1, 1, 1, 0, 1, 1, 1, 1, 1, 1], [0, 1, 1, 1, 1, 1, 1, 1, 1, 1, 1, 1, 1, 1, 1, 1, 1, 1, 1, 1, 1, 1, 1, 1, 1, 1, 1, 1, 1, 1, 1, 0, 1, 1, 1, 1, 1], [0, 1, 1, 1, 1, 1, 1, 1, 1, 1, 1, 1, 1, 1, 1, 1, 1, 1, 1, 1, 1, 1, 1, 1, 1, 1, 1, 1, 1, 1, 1, 1, 0, 1, 1, 1, 1], [0, 1, 1, 1, 1, 1, 1, 1, 1, 1, 1, 1, 1, 1, 1, 1, 1, 1, 1, 1, 1, 1, 1, 1, 1, 1, 1, 1, 1, 1, 1, 1, 1, 0, 1, 1, 1], [0, 1, 1, 1, 1, 1, 1, 1, 1, 1, 1, 1, 1, 1, 1, 1, 1, 1, 1, 1, 1, 1, 1, 1, 1, 1, 1, 1, 1, 1, 1, 1, 1, 1, 0, 1, 1], [0, 1, 1, 1, 1, 1, 1, 1, 1, 1, 1, 1, 1, 1, 1, 1, 1, 1, 1, 1, 1, 1, 1, 1, 1, 1, 1, 1, 1, 1, 1, 1, 1, 1, 1, 0, 1], [0, 0, 0, 0, 0, 0, 0, 0, 0, 0, 0, 0, 0, 0, 0, 0, 0, 0, 0, 0, 0, 0, 0, 0, 0, 0, 0, 0, 0, 0, 0, 0, 0, 0, 0, 0, 0]]}, "cluster_count": 3, "cluster_speeds": [[0.8325, 0.765, 0.8325, 0.9, 0.7492500000000001, 0.6885, 0.7492500000000001, 0.81, 0.41625, 0.3825, 0.41625, 0.45, 0.27472500000000005, 0.25245, 0.27472500000000005, 0.29700000000000004, 0.333, 0.30600000000000005, 0.333, 0.36000000000000004, 0.49950000000000006, 0.459, 0.49950000000000006, 0.54, 0.6475, 0.595, 0.6475, 0.7, 0.37, 0.34, 0.37, 0.4, 0.30525, 0.2805, 0.30525, 0.33, 0.4625, 0.425, 0.4625, 0.5, 0.6475, 0.595, 0.6475, 0.7, 0.74, 0.68, 0.74, 0.8, 0.58275, 0.5355, 0.58275, 0.63, 0.41625, 0.3825, 0.41625, 0.45, 0.49950000000000006, 0.459, 0.49950000000000006, 0.54, 0.58275, 0.5355, 0.58275, 0.63, 0.7492500000000001, 0.6885, 0.7492500000000001, 0.81, 0.8325, 0.765, 0.8325, 0.9, 0.9], [0.87875, 0.8075, 0.87875, 0.95, 0.790875, 0.72675, 0.790875, 0.855, 0.439375, 0.40375, 0.439375, 0.475, 0.2899875, 0.266475, 0.2899875, 0.3135, 0.3515, 0.323, 0.3515, 0.38, 0.52725, 0.4845, 0.52725, 0.57, 0.6475, 0.595, 0.6475, 0.7, 0.37, 0.34, 0.37, 0.4, 0.30525, 0.2805, 0.30525, 0.33, 0.4625, 0.425, 0.4625, 0.5, 0.6475, 0.595, 0.6475, 0.7, 0.74, 0.68, 0.74, 0.8, 0.6151249999999999, 0.5652499999999999, 0.6151249999999999, 0.6649999999999999, 0.439375, 0.40375, 0.439375, 0.475, 0.52725, 0.4845, 0.52725, 0.57, 0.6151249999999999, 0.5652499999999999, 0.6151249999999999, 0.6649999999999999, 0.790875, 0.72675, 0.790875, 0.855, 0.87875, 0.8075, 0.87875, 0.95, 0.95], [0.925, 0.85, 0.925, 1.0, 0.8325, 0.765, 0.8325, 0.9, 0.4625, 0.425, 0.4625, 0.5, 0.30525, 0.2805, 0.30525, 0.33, 0.37, 0.34, 0.37, 0.4, 0.555, 0.51, 0.555, 0.6, 0.6475, 0.595, 0.6475, 0.7, 0.37, 0.34, 0.37, 0.4, 0.30525, 0.2805, 0.30525, 0.33, 0.4625, 0.425, 0.4625, 0.5, 0.6475, 0.595, 0.6475, 0.7, 0.74, 0.68, 0.74, 0.8, 0.6475, 0.595, 0.6475, 0.7, 0.4625, 0.425, 0.4625, 0.5, 0.555, 0.51, 0.555, 0.6, 0.6475, 0.595, 0.6475, 0.7, 0.8325, 0.765, 0.8325, 0.9, 0.925, 0.85, 0.925, 1.0, 1.0]], "clusters": [[-1, 2, 2, 2, 2, 2, 2, 2, 2, 2, 2, 2, 2, 2, 2, 2, 2, 2, 2, 2, 2, 2, 2, 2, 2, 2, 2, 2, 2, 2, 2, 2, 2, 2, 2, 2, 2], [1, -1, 1, 1, 1, 1, 1, 1, 1, 1, 1, 1, 1, 1, 1, 1, 1, 1, 1, 1, 1, 1, 1, 1, 1, 1, 1, 1, 1, 1, 1, 1, 1, 1, 1, 1, 1], [0, 0, -1, 0, 0, 0, 0, 0, 0, 0, 0, 0, 0, 0, 0, 0, 0, 0, 0, 0, 0, 0, 0, 0, 0, 0, 0, 0, 0, 0, 0, 0, 0, 0, 0, 0, 0], [0, 0, 0, -1, 0, 0, 0, 0, 0, 0, 0, 0, 0, 0, 0, 0, 0, 0, 0, 0, 0, 0, 0, 0, 0, 0, 0, 0, 0, 0, 0, 0, 0, 0, 0, 0, 0], [0, 0, 0, 0, -1, 0, 0, 0, 0, 0, 0, 0, 0, 0, 0, 0, 0, 0, 0, 0, 0, 0, 0, 0, 0, 0, 0, 0, 0, 0, 0, 0, 0, 0, 0, 0, 0], [2, 2, 2, 2, 2, -1, 2, 2, 2, 2, 2, 2, 2, 2, 2, 2, 2, 2, 2, 2, 2, 2, 2, 2, 2, 2, 2, 2, 2, 2, 2, 2, 2, 2, 2, 2, 2], [1, 1, 1, 1, 1, 1, -1, 1, 1, 1, 1, 1, 1, 1, 1, 1, 1, 1, 1, 1, 1, 1, 1, 1, 1, 1, 1, 1, 1, 1, 1, 1, 1, 1, 1, 1, 1], [0, 0, 0, 0, 0, 0, 0, -1, 0, 0, 0, 0, 0, 0, 0, 0, 0, 0, 0, 0, 0, 0, 0, 0, 0, 0, 0, 0, 0, 0, 0, 0, 0, 0, 0, 0, 0], [2, 2, 2, 2, 2, 2, 2, 2, -1, 2, 2, 2, 2, 2, 2, 2, 2, 2, 2, 2, 2, 2, 2, 2, 2, 2, 2, 2, 2, 2, 2, 2, 2, 2, 2, 2, 2], [1, 1, 1, 1, 1, 1, 1, 1, 1, -1, 1, 1, 1, 1, 1, 1, 1, 1, 1, 1, 1, 1, 1, 1, 1, 1, 1, 1, 1, 1, 1, 1, 1, 1, 1, 1, 1], [0, 0, 0, 0, 0, 0, 0, 0, 0, 0, -1, 0, 0, 0, 0, 0, 0, 0, 0, 0, 0, 0, 0, 0, 0, 0, 0, 0, 0, 0, 0, 0, 0, 0, 0, 0, 0], [1, 1, 1, 1, 1, 1, 1, 1, 1, 1, 1, -1, 1, 1, 1, 1, 1, 1, 1, 1, 1, 1, 1, 1, 1, 1, 1, 1, 1, 1, 1, 1, 1, 1, 1, 1, 1], [1, 1, 1, 1, 1, 1, 1, 1, 1, 1, 1, 1, -1, 1, 1, 1, 1, 1, 1, 1, 1, 1, 1, 1, 1, 1, 1, 1, 1, 1, 1, 1, 1, 1, 1, 1, 1], [0, 0, 0, 0, 0, 0, 0, 0, 0, 0, 0, 0, 0, -1, 0, 0, 0, 0, 0, 0, 0, 0, 0, 0, 0, 0, 0, 0, 0, 0, 0, 0, 0, 0, 0, 0, 0], [1, 1, 1, 1, 1, 1, 1, 1, 1, 1, 1, 1, 1, 1, -1, 1, 1, 1, 1, 1, 1, 1, 1, 1, 1, 1, 1, 1, 1, 1, 1, 1, 1, 1, 1, 1, 1], [0, 0, 0, 0, 0, 0, 0, 0, 0, 0, 0, 0, 0, 0, 0, -1, 0, 0, 0, 0, 0, 0, 0, 0, 0, 0, 0, 0, 0, 0, 0, 0, 0, 0, 0, 0, 0], [1, 1, 1, 1, 1, 1, 1, 1, 1, 1, 1, 1, 1, 1, 1, 1, -1, 1, 1, 1, 1, 1, 1, 1, 1, 1, 1, 1, 1, 1, 1, 1, 1, 1, 1, 1, 1], [1, 1, 1, 1, 1, 1, 1, 1, 1, 1, 1, 1, 1, 1, 1, 1, 1, -1, 1, 1, 1, 1, 1, 1, 1, 1, 1, 1, 1, 1, 1, 1, 1, 1, 1, 1, 1], [0, 0, 0, 0, 0, 0, 0, 0, 0, 0, 0, 0, 0, 0, 0, 0, 0, 0, -1, 0, 0, 0, 0, 0, 0, 0, 0, 0, 0, 0, 0, 0, 0, 0, 0, 0, 0], [1, 1, 1, 1, 1, 1, 1, 1, 1, 1, 1, 1, 1, 1, 1, 1, 1, 1, 1, -1, 1, 1, 1, 1, 1, 1, 1, 1, 1, 1, 1, 1, 1, 1, 1, 1, 1], [0, 0, 0, 0, 0, 0, 0, 0, 0, 0, 0, 0, 0, 0, 0, 0, 0, 0, 0, 0, -1, 0, 0, 0, 0, 0, 0, 0, 0, 0, 0, 0, 0, 0, 0, 0, 0], [1, 1, 1, 1, 1, 1, 1, 1, 1, 1, 1, 1, 1, 1, 1, 1, 1, 1, 1, 1, 1, -1, 1, 1, 1, 1, 1, 1, 1, 1, 1, 1, 1, 1, 1, 1, 1], [1, 1, 1, 1, 1, 1, 1, 1, 1, 1, 1, 1, 1, 1, 1, 1, 1, 1, 1, 1, 1, 1, -1, 1, 1, 1, 1, 1, 1, 1, 1, 1, 1, 1, 1, 1, 1], [1, 1, 1, 1, 1, 1, 1, 1, 1, 1, 1, 1, 1, 1, 1, 1, 1, 1, 1, 1, 1, 1, 1, -1, 1, 1, 1, 1, 1, 1, 1, 1, 1, 1, 1, 1, 1], [2, 2, 2, 2, 2, 2, 2, 2, 2, 2, 2, 2, 2, 2, 2, 2, 2, 2, 2, 2, 2, 2, 2, 2, -1, 2, 2, 2, 2, 2, 2, 2, 2, 2, 2, 2, 2], [1, 1, 1, 1, 1, 1, 1, 1, 1, 1, 1, 1, 1, 1, 1, 1, 1, 1, 1, 1, 1, 1, 1, 1, 1, -1, 1, 1, 1, 1, 1, 1, 1, 1, 1, 1, 1], [1, 1, 1, 1, 1, 1, 1, 1, 1, 1, 1, 1, 1, 1, 1, 1, 1, 1, 1, 1, 1, 1, 1, 1, 1, 1, -1, 1, 1, 1, 1, 1, 1, 1, 1, 1, 1], [0, 0, 0, 0, 0, 0, 0, 0, 0, 0, 0, 0, 0, 0, 0, 0, 0, 0, 0, 0, 0, 0, 0, 0, 0, 0, 0, -1, 0, 0, 0, 0, 0, 0, 0, 0, 0], [0, 0, 0, 0, 0, 0, 0, 0, 0, 0, 0, 0, 0, 0, 0, 0, 0, 0, 0, 0, 0, 0, 0, 0, 0, 0, 0, 0, -1, 0, 0, 0, 0, 0, 0, 0, 0], [1, 1, 1, 1, 1, 1, 1, 1, 1, 1, 1, 1, 1, 1, 1, 1, 1, 1, 1, 1, 1, 1, 1, 1, 1, 1, 1, 1, 1, -1, 1, 1, 1, 1, 1, 1, 1], [0, 0, 0, 0, 0, 0, 0, 0, 0, 0, 0, 0, 0, 0, 0, 0, 0, 0, 0, 0, 0, 0, 0, 0, 0, 0, 0, 0, 0, 0, -1, 0, 0, 0, 0, 0, 0], [1, 1, 1, 1, 1, 1, 1, 1, 1, 1, 1, 1, 1, 1, 1, 1, 1, 1, 1, 1, 1, 1, 1, 1, 1, 1, 1, 1, 1, 1, 1, -1, 1, 1, 1, 1, 1], [1, 1, 1, 1, 1, 1, 1, 1, 1, 1, 1, 1, 1, 1, 1, 1, 1, 1, 1, 1, 1, 1, 1, 1, 1, 1, 1, 1, 1, 1, 1, 1, -1, 1, 1, 1, 1], [1, 1, 1, 1, 1, 1, 1, 1, 1, 1, 1, 1, 1, 1, 1, 1, 1, 1, 1, 1, 1, 1, 1, 1, 1, 1, 1, 1, 1, 1, 1, 1, 1, -1, 1, 1, 1], [1, 1, 1, 1, 1, 1, 1, 1, 1, 1, 1, 1, 1, 1, 1, 1, 1, 1, 1, 1, 1, 1, 1, 1, 1, 1, 1, 1, 1, 1, 1, 1, 1, 1, -1, 1, 1], [0, 0, 0, 0, 0, 0, 0, 0, 0, 0, 0, 0, 0, 0, 0, 0, 0, 0, 0, 0, 0, 0, 0, 0, 0, 0, 0, 0, 0, 0, 0, 0, 0, 0, 0, -1, 0], [2, 2, 2, 2, 2, 2, 2, 2, 2, 2, 2, 2, 2, 2, 2, 2, 2, 2, 2, 2, 2, 2, 2, 2, 2, 2, 2, 2, 2, 2, 2, 2, 2, 2, 2, 2, -1]], "speed_zone_count": 73, "speed_zones": [[0.0, 15.0], [15.0, 30.0], [30.0, 45.0], [45.0, 60.0], [60.0, 75.0], [75.0, 90.0], [90.0, 105.0], [105.0, 120.0], [120.0, 135.0], [135.0, 150.0], [150.0, 165.0], [165.0, 180.0], [180.0, 195.0], [195.0, 210.0], [210.0, 225.0], [225.0, 240.0], [240.0, 255.0], [255.0, 270.0], [270.0, 285.0], [285.0, 300.0], [300.0, 315.0], [315.0, 330.0], [330.0, 345.0], [345.0, 360.0], [360.0, 375.0], [375.0, 390.0], [390.0, 405.0], [405.0, 420.0], [420.0, 435.0], [435.0, 450.0], [450.0, 465.0], [465.0, 480.0], [480.0, 495.0], [495.0, 510.0], [510.0, 525.0], [525.0, 540.0], [540.0, 555.0], [555.0, 570.0], [570.0, 585.0], [585.0, 600.0], [600.0, 615.0], [615.0, 630.0], [630.0, 645.0], [645.0, 660.0], [660.0, 675.0], [675.0, 690.0], [690.0, 705.0], [705.0, 720.0], [720.0, 735.0], [735.0, 750.0], [750.0, 765.0], [765.0, 780.0], [780.0, 795.0], [795.0, 810.0], [810.0, 825.0], [825.0, 840.0], [840.0, 855.0], [855.0, 870.0], [870.0, 885.0], [885.0, 900.0], [900.0, 915.0], [915.0, 930.0], [930.0, 945.0], [945.0, 960.0], [960.0, 975.0], [975.0, 990.0], [990.0, 1005.0], [1005.0, 1020.0], [1020.0, 1035.0], [1035.0, 1050.0], [1050.0, 1065.0], [1065.0, 1080.0], [1080.0, 5000.0]], "distances": [[0.0, 90.03, 84.76, 58.51, 63.89, 92.7, 81.69, 78.45, 106.14, 52.29, 76.15, 55.57, 70.74, 71.92, 70.38, 69.12, 86.08, 89.91, 75.11, 51.11, 65.69, 85.08, 74.01, 72.46, 106.85, 52.1, 54.77, 73.34, 57.05, 92.86, 66.87, 86.37, 49.29, 87.32, 52.91, 68.85, 0.0], [0.0, 0.0, 7.06, 31.58, 26.16, 14.74, 13.84, 12.81, 32.71, 38.81, 14.76, 35.37, 25.59, 25.29, 33.12, 20.92, 9.69, 11.43, 21.3, 40.72, 24.39, 12.87, 27.86, 23.49, 27.06, 38.69, 38.6, 17.85, 33.04, 8.45, 23.19, 5.11, 40.79, 16.08, 37.15, 21.21, 90.03], [0.0, 7.06, 0.0, 26.33, 21.42, 20.42, 15.49, 6.38, 39.04, 32.88, 8.63, 29.47, 24.8, 18.23, 26.09, 16.33, 13.24, 8.18, 14.24, 34.6, 19.85, 16.08, 20.87, 22.89, 33.86, 32.88, 32.15, 11.57, 27.77, 14.89, 18.61, 12.17, 35.49, 12.83, 32.25, 16.77, 84.76], [0.0, 31.58, 26.33, 0.0, 5.84, 36.78, 25.51, 20.13, 53.76, 8.57, 17.8, 5.76, 19.5, 18.4, 23.16, 10.83, 28.98, 31.57, 19.69, 11.09, 7.73, 28.9, 22.81, 19.91, 51.98, 7.97, 11.83, 15.22, 10.77, 35.34, 8.72, 27.88, 9.22, 28.81, 6.17, 10.67, 58.51], [0.0, 26.16, 21.42, 5.84, 0.0, 30.96, 19.71, 15.55, 48.12, 14.26, 13.25, 11.12, 15.04, 17.59, 24.12, 5.24, 23.15, 26.03, 17.64, 16.69, 13.57, 23.08, 22.42, 15.02, 46.17, 13.75, 16.63, 11.25, 7.23, 29.55, 14.56, 22.81, 14.8, 23.59, 11.0, 4.97, 63.89], [0.0, 14.74, 20.42, 36.78, 30.96, 0.0, 11.32, 23.81, 18.85, 45.17, 24.75, 41.9, 22.37, 37.1, 45.47, 26.49, 8.42, 13.06, 33.55, 47.52, 29.09, 7.9, 40.63, 20.44, 15.27, 44.71, 46.63, 27.45, 38.13, 6.66, 28.24, 18.89, 45.29, 17.34, 40.94, 26.45, 92.7], [0.0, 13.84, 15.49, 25.51, 19.71, 11.32, 0.0, 15.85, 28.79, 33.96, 15.91, 30.74, 12.61, 28.33, 36.75, 15.5, 4.99, 12.49, 25.36, 36.35, 17.86, 19.22, 32.51, 10.47, 26.47, 33.46, 35.72, 18.01, 26.84, 11.75, 17.07, 14.95, 33.97, 14.12, 29.64, 15.38, 81.69], [0.0, 12.81, 6.38, 20.13, 15.55, 23.81, 15.85, 0.0, 42.66, 26.51, 15.01, 23.09, 21.93, 13.31, 21.65, 10.78, 15.61, 13.47, 9.78, 28.23, 14.16, 17.69, 16.94, 20.34, 38.32, 26.52, 25.86, 5.2, 21.56, 19.4, 12.94, 8.17, 29.23, 9.49, 26.15, 11.3, 78.45], [0.0, 32.71, 39.04, 53.76, 48.12, 18.85, 28.79, 42.66, 0.0, 62.32, 43.53, 59.24, 36.09, 55.94, 64.32, 44.27, 27.15, 31.18, 52.4, 64.8, 46.35, 25.77, 59.48, 34.78, 8.1, 61.71, 64.46, 46.14, 54.98, 24.29, 45.69, 37.37, 61.46, 35.74, 56.95, 44.11, 106.14], [0.0, 38.81, 32.88, 8.57, 14.26, 45.17, 33.96, 26.51, 62.32, 0.0, 24.28, 11.72, 27.78, 20.35, 21.92, 18.81, 37.2, 39.01, 23.06, 9.94, 16.1, 37.31, 23.59, 28.35, 60.41, 10.76, 5.51, 21.31, 7.44, 43.33, 16.94, 34.63, 5.88, 35.77, 8.08, 18.78, 52.29], [0.0, 14.76, 8.63, 17.8, 13.25, 24.75, 15.91, 15.01, 43.53, 24.28, 0.0, 20.85, 20.6, 12.51, 20.95, 8.6, 16.38, 15.25, 9.48, 26.06, 11.91, 18.13, 16.6, 19.15, 39.54, 24.26, 23.84, 16.01, 19.22, 20.81, 10.7, 10.35, 26.91, 11.55, 23.81, 9.15, 76.15], [0.0, 35.37, 29.47, 5.76, 11.12, 41.9, 30.74, 23.09, 59.24, 11.72, 20.85, 0.0, 25.25, 17.71, 20.38, 15.46, 33.86, 35.57, 20.1, 5.62, 12.91, 34.06, 21.35, 25.65, 57.15, 11.76, 6.21, 17.91, 5.01, 39.94, 13.67, 31.2, 7.54, 32.33, 7.71, 15.46, 55.57], [0.0, 25.59, 24.8, 19.5, 15.04, 22.37, 12.61, 21.93, 36.09, 27.78, 20.6, 25.25, 0.0, 30.52, 38.17, 14.28, 17.6, 24.53, 29.03, 30.37, 13.93, 15.48, 35.35, 23.08, 36.12, 26.96, 31.26, 20.89, 20.38, 24.29, 14.07, 25.07, 25.8, 24.83, 21.27, 13.75, 70.74], [0.0, 25.29, 18.23, 18.4, 17.59, 37.1, 28.33, 13.31, 55.94, 20.35, 12.51, 17.71, 30.52, 0.0, 8.44, 16.26, 28.82, 26.28, 12.05, 20.97, 17.61, 30.64, 4.88, 29.61, 51.58, 20.91, 17.15, 10.41, 19.31, 32.6, 16.96, 20.2, 25.22, 21.81, 24.12, 16.82, 71.92], [0.0, 33.12, 26.09, 23.16, 24.12, 45.47, 36.75, 21.65, 64.32, 21.92, 20.95, 20.38, 38.17, 8.44, 0.0, 23.94, 37.23, 34.25, 11.97, 21.52, 24.59, 39.08, 5.45, 37.45, 59.78, 22.8, 17.1, 18.78, 23.64, 40.75, 24.19, 28.02, 27.63, 29.67, 27.88, 24.44, 70.38], [0.0, 20.92, 16.33, 10.83, 5.24, 26.49, 15.5, 10.78, 44.27, 18.81, 8.6, 15.46, 14.28, 16.26, 23.94, 0.0, 18.4, 20.8, 15.12, 21.08, 17.64, 18.72, 21.11, 13.51, 41.76, 18.46, 20.22, 7.41, 12.27, 24.57, 16.53, 17.64, 19.97, 18.37, 16.24, 10.21, 69.12], [0.0, 9.69, 13.24, 28.98, 23.15, 8.42, 4.99, 15.61, 27.15, 37.2, 16.38, 33.86, 17.6, 28.82, 37.23, 18.4, 0.0, 8.13, 25.39, 39.48, 21.26, 15.79, 32.53, 15.46, 23.56, 36.81, 38.38, 19.04, 30.38, 6.89, 20.3, 12.15, 37.79, 10.91, 33.6, 18.42, 86.08], [0.0, 11.43, 8.18, 31.57, 26.03, 13.06, 12.49, 13.47, 31.18, 39.01, 15.25, 35.57, 24.53, 26.28, 34.25, 20.8, 8.13, 0.0, 22.35, 40.99, 24.21, 11.29, 29.05, 22.4, 25.71, 38.84, 39.04, 18.33, 33.02, 6.89, 23.05, 6.32, 40.76, 4.65, 37.0, 21.06, 89.91], [0.0, 21.3, 14.24, 19.69, 17.64, 33.55, 25.36, 9.78, 52.4, 23.06, 9.48, 20.1, 29.03, 12.05, 11.97, 15.12, 25.39, 22.35, 0.0, 24.0, 17.21, 27.42, 7.17, 27.87, 47.81, 23.47, 20.49, 8.17, 20.8, 28.79, 16.33, 16.2, 27.43, 17.83, 25.72, 15.72, 75.11], [0.0, 40.72, 34.6, 11.09, 16.69, 47.52, 36.35, 28.23, 64.8, 9.94, 26.06, 5.62, 30.37, 20.97, 21.52, 21.08, 39.48, 40.99, 24.0, 0.0, 18.51, 39.68, 23.77, 30.93, 62.78, 11.02, 4.43, 23.04, 10.02, 45.51, 19.29, 36.4, 7.47, 37.6, 10.44, 21.09, 51.11], [0.0, 24.39, 19.85, 7.73, 13.57, 29.09, 17.86, 14.16, 46.35, 16.1, 11.91, 12.91, 13.93, 17.61, 24.59, 17.64, 21.26, 24.21, 17.21, 18.51, 0.0, 21.22, 22.48, 13.69, 44.31, 15.62, 18.25, 10.23, 9.12, 27.66, 16.44, 21.17, 16.67, 21.89, 12.79, 18.24, 65.69], [0.0, 12.87, 16.08, 28.9, 23.08, 7.9, 19.22, 17.69, 25.77, 37.31, 18.13, 34.06, 15.48, 30.64, 39.08, 18.72, 15.79, 11.29, 27.42, 39.68, 21.22, 0.0, 34.59, 13.4, 23.1, 36.83, 38.93, 20.52, 30.24, 8.9, 20.39, 15.14, 37.4, 13.99, 33.07, 18.64, 85.08], [0.0, 27.86, 20.87, 22.81, 22.42, 40.63, 32.51, 16.94, 59.48, 23.59, 16.6, 21.35, 35.35, 4.88, 5.45, 21.11, 32.53, 29.05, 7.17, 23.77, 22.48, 34.59, 0.0, 34.38, 54.69, 24.3, 19.58, 14.91, 23.6, 35.67, 21.84, 22.77, 28.88, 24.44, 28.26, 21.67, 74.01], [0.0, 23.49, 22.89, 19.91, 15.02, 20.44, 10.47, 20.34, 34.78, 28.35, 19.15, 25.65, 23.08, 29.61, 37.45, 13.51, 15.46, 22.4, 27.87, 30.93, 13.69, 13.4, 34.38, 0.0, 34.46, 27.59, 31.52, 19.7, 20.91, 22.18, 13.65, 23.09, 26.78, 22.8, 22.25, 13.03, 72.46], [0.0, 27.06, 33.86, 51.98, 46.17, 15.27, 26.47, 38.32, 8.1, 60.41, 39.54, 57.15, 36.12, 51.58, 59.78, 41.76, 23.56, 25.71, 47.81, 62.78, 44.31, 23.1, 54.69, 34.46, 0.0, 59.92, 61.89, 42.39, 53.3, 19.02, 43.48, 32.03, 60.31, 30.35, 55.9, 41.71, 106.85], [0.0, 38.69, 32.88, 7.97, 13.75, 44.71, 33.46, 26.52, 61.71, 10.76, 24.26, 11.76, 26.96, 20.91, 22.8, 18.46, 36.81, 38.84, 23.47, 11.02, 15.62, 36.83, 24.3, 27.59, 59.92, 0.0, 6.59, 21.34, 6.74, 43.02, 16.51, 34.59, 4.88, 35.7, 7.0, 18.39, 52.1], [0.0, 38.6, 32.15, 11.83, 16.63, 46.63, 35.72, 25.86, 64.46, 5.51, 23.84, 6.21, 31.26, 17.15, 17.1, 20.22, 38.38, 39.04, 20.49, 4.43, 18.25, 38.93, 19.58, 31.52, 61.89, 6.59, 0.0, 20.75, 11.22, 44.04, 18.79, 34.02, 11.35, 35.35, 13.3, 20.35, 54.77], [0.0, 17.85, 11.57, 15.22, 11.25, 27.45, 18.01, 5.2, 46.14, 21.31, 16.01, 17.91, 20.89, 10.41, 18.78, 7.41, 19.04, 18.33, 8.17, 23.04, 10.23, 20.52, 14.91, 19.7, 42.39, 21.34, 20.75, 0.0, 16.61, 23.78, 9.12, 13.36, 24.2, 14.61, 21.34, 8.01, 73.34], [0.0, 33.04, 27.77, 10.77, 7.23, 38.13, 26.84, 21.56, 54.98, 7.44, 19.22, 5.01, 20.38, 19.31, 23.64, 12.27, 30.38, 33.02, 20.8, 10.02, 9.12, 30.24, 23.6, 20.91, 53.3, 6.74, 11.22, 16.61, 0.0, 36.76, 10.14, 29.33, 7.76, 30.27, 4.92, 12.1, 57.05], [0.0, 8.45, 14.89, 35.34, 29.55, 6.66, 11.75, 19.4, 24.29, 43.33, 20.81, 39.94, 24.29, 32.6, 40.75, 24.57, 6.89, 6.89, 28.79, 45.51, 27.66, 8.9, 35.67, 22.18, 19.02, 43.02, 44.04, 23.78, 36.76, 0.0, 26.62, 13.13, 44.31, 11.47, 40.22, 24.67, 92.86], [0.0, 23.19, 18.61, 8.72, 14.56, 28.24, 17.07, 12.94, 45.69, 16.94, 10.7, 13.67, 14.07, 16.96, 24.19, 16.53, 20.3, 23.05, 16.33, 19.29, 16.44, 20.39, 21.84, 13.65, 43.48, 16.51, 18.79, 9.12, 10.14, 26.62, 0.0, 19.93, 17.77, 20.67, 13.97, 17.13, 66.87], [0.0, 5.11, 12.17, 27.88, 22.81, 18.89, 14.95, 8.17, 37.37, 34.63, 10.35, 31.2, 25.07, 20.2, 28.02, 17.64, 12.15, 6.32, 16.2, 36.4, 21.17, 15.14, 22.77, 23.09, 32.03, 34.59, 34.02, 13.36, 29.33, 13.13, 19.93, 0.0, 37.07, 10.97, 33.72, 18.04, 86.37], [0.0, 40.79, 35.49, 9.22, 14.8, 45.29, 33.97, 29.23, 61.46, 5.88, 26.91, 7.54, 25.8, 25.22, 27.63, 19.97, 37.79, 40.76, 27.43, 7.47, 16.67, 37.4, 28.88, 26.78, 60.31, 4.88, 11.35, 24.2, 7.76, 44.31, 17.77, 37.07, 0.0, 38.03, 4.53, 19.76, 49.29], [0.0, 16.08, 12.83, 28.81, 23.59, 17.34, 14.12, 9.49, 35.74, 35.77, 11.55, 32.33, 24.83, 21.81, 29.67, 18.37, 10.91, 4.65, 17.83, 37.6, 21.89, 13.99, 24.44, 22.8, 30.35, 35.7, 35.35, 14.61, 30.27, 11.47, 20.67, 10.97, 38.03, 0.0, 34.55, 18.73, 87.32], [0.0, 37.15, 32.25, 6.17, 11.0, 40.94, 29.64, 26.15, 56.95, 8.08, 23.81, 7.71, 21.27, 24.12, 27.88, 16.24, 33.6, 37.0, 25.72, 10.44, 12.79, 33.07, 28.26, 22.25, 55.9, 7.0, 13.3, 21.34, 4.92, 40.22, 13.97, 33.72, 4.53, 34.55, 0.0, 15.95, 52.91], [0.0, 21.21, 16.77, 10.67, 4.97, 26.45, 15.38, 11.3, 44.11, 18.78, 9.15, 15.46, 13.75, 16.82, 24.44, 10.21, 18.42, 21.06, 15.72, 21.09, 18.24, 18.64, 21.67, 13.03, 41.71, 18.39, 20.35, 8.01, 12.1, 24.67, 17.13, 18.04, 19.76, 18.73, 15.95, 0.0, 68.85], [0.0, 0.0, 0.0, 0.0, 0.0, 0.0, 0.0, 0.0, 0.0, 0.0, 0.0, 0.0, 0.0, 0.0, 0.0, 0.0, 0.0, 0.0, 0.0, 0.0, 0.0, 0.0, 0.0, 0.0, 0.0, 0.0, 0.0, 0.0, 0.0, 0.0, 0.0, 0.0, 0.0, 0.0, 0.0, 0.0, 0.0]], "time_windows": [[0.0, 5000.0], [0.0, 143.0], [0.0, 151.0], [0.0, 201.0], [0.0, 213.0], [0.0, 305.0], [0.0, 335.0], [0.0, 366.0], [0.0, 437.0], [0.0, 593.0], [0.0, 644.0], [0.0, 678.0], [0.0, 714.0], [0.0, 755.0], [0.0, 767.0], [0.0, 805.0], [0.0, 838.0], [0.0, 856.0], [0.0, 900.0], [0.0, 942.0], [0.0, 972.0], [0.0, 1003.0], [0.0, 1046.0], [0.0, 1084.0], [0.0, 1121.0], [0.0, 1181.0], [0.0, 1187.0], [0.0, 1208.0], [0.0, 1224.0], [0.0, 1261.0], [0.0, 1288.0], [0.0, 1308.0], [0.0, 1345.0], [0.0, 1383.0], [0.0, 1417.0], [0.0, 1433.0], [0.0, 5000.0]], "start_depot": 0, "end_depot": 36, "horizon": [0.0, 5000.0]}