{"digraph": {"vertex_count": 37, "arc_count": 1260, "arcs": [[0, 1, 1, 1, 1, 1, 1, 1, 1, 1, 1, 1, 1, 1, 1, 1, 1, 1, 1, 1, 1, 1, 1, 1, 1, 1, 1, 1, 1, 1, 1, 1, 1, 1, 1, 1, 1], [0, 0, 1, 1, 1, 1, 1, 1, 1, 1, 1, 1, 1, 1, 1, 1, 1, 1, 1, 1, 1, 1, 1, 1, 1, 1, 1, 1, 1, 1, 1, 1, 1, 1, 1, 1, 1], [0, 1, 0, 1, 1, 1, 1, 1, 1, 1, 1, 1, 1, 1, 1, 1, 1, 1, 1, 1, 1, 1, 1, 1, 1, 1, 1, 1, 1, 1, 1, 1, 1, 1, 1, 1, 1], [0, 1, 1, 0, 1, 1, 1, 1, 1, 1, 1, 1, 1, 1, 1, 1, 1, 1, 1, 1, 1, 1, 1, 1, 1, 1, 1, 1, 1, 1, 1, 1, 1, 1, 1, 1, 1], [0, 1, 1, 1, 0, 1, 1, 1, 1, 1, 1, 1, 1, 1, 1, 1, 1, 1, 1, 1, 1, 1, 1, 1, 1, 1, 1, 1, 1, 1, 1, 1, 1, 1, 1, 1, 1], [0, 1, 1, 1, 1, 0, 1, 1, 1, 1, 1, 1, 1, 1, 1, 1, 1, 1, 1, 1, 1, 1, 1, 1, 1, 1, 1, 1, 1, 1, 1, 1, 1, 1, 1, 1, 1], [0, 1, 1, 1, 1, 1, 0, 1, 1, 1, 1, 1, 1, 1, 1, 1, 1, 1, 1, 1, 1, 1, 1, 1, 1, 1, 1, 1, 1, 1, 1, 1, 1, 1, 1, 1, 1], [0, 1, 1, 1, 1, 1, 1, 0, 1, 1, 1, 1, 1, 1, 1, 1, 1, 1, 1, 1, 1, 1, 1, 1, 1, 1, 1, 1, 1, 1, 1, 1, 1, 1, 1, 1, 1], [0, 1, 1, 1, 1, 1, 1, 1, 0, 1, 1, 1, 1, 1, 1, 1, 1, 1, 1, 1, 1, 1, 1, 1, 1, 1, 1, 1, 1, 1, 1, 1, 1, 1, 1, 1, 1], [0, 1, 1, 1, 1, 1, 1, 1, 1, 0, 1, 1, 1, 1, 1, 1, 1, 1, 1, 1, 1, 1, 1, 1, 1, 1, 1, 1, 1, 1, 1, 1, 1, 1, 1, 1, 1], [0, 1, 1, 1, 1, 1, 1, 1, 1, 1, 0, 1, 1, 1, 1, 1, 1, 1, 1, 1, 1, 1, 1, 1, 1, 1, 1, 1, 1, 1, 1, 1, 1, 1, 1, 1, 1], [0, 1, 1, 1, 1, 1, 1, 1, 1, 1, 1, 0, 1, 1, 1, 1, 1, 1, 1, 1, 1, 1, 1, 1, 1, 1, 1, 1, 1, 1, 1, 1, 1, 1, 1, 1, 1], [0, 1, 1, 1, 1, 1, 1, 1, 1, 1, 1, 1, 0, 1, 1, 1, 1, 1, 1, 1, 1, 1, 1, 1, 1, 1, 1, 1, 1, 1, 1, 1, 1, 1, 1, 1, 1], [0, 1, 1, 1, 1, 1, 1, 1, 1, 1, 1, 1, 1, 0, 1, 1, 1, 1, 1, 1, 1, 1, 1, 1, 1, 1, 1, 1, 1, 1, 1, 1, 1, 1, 1, 1, 1], [0, 1, 1, 1, 1, 1, 1, 1, 1, 1, 1, 1, 1, 1, 0, 1, 1, 1, 1, 1, 1, 1, 1, 1, 1, 1, 1, 1, 1, 1, 1, 1, 1, 1, 1, 1, 1], [0, 1, 1, 1, 1, 1, 1, 1, 1, 1, 1, 1, 1, 1, 1, 0, 1, 1, 1, 1, 1, 1, 1, 1, 1, 1, 1, 1, 1, 1, 1, 1, 1, 1, 1, 1, 1], [0, 1, 1, 1, 1, 1, 1, 1, 1, 1, 1, 1, 1, 1, 1, 1, 0, 1, 1, 1, 1, 1, 1, 1, 1, 1, 1, 1, 1, 1, 1, 1, 1, 1, 1, 1, 1], [0, 1, 1, 1, 1, 1, 1, 1, 1, 1, 1, 1, 1, 1, 1, 1, 1, 0, 1, 1, 1, 1, 1, 1, 1, 1, 1, 1, 1, 1, 1, 1, 1, 1, 1, 1, 1], [0, 1, 1, 1, 1, 1, 1, 1, 1, 1, 1, 1, 1, 1, 1, 1, 1, 1, 0, 1, 1, 1, 1, 1, 1, 1, 1, 1, 1, 1, 1, 1, 1, 1, 1, 1, 1], [0, 1, 1, 1, 1, 1, 1, 1, 1, 1, 1, 1, 1, 1, 1, 1, 1, 1, 1, 0, 1, 1, 1, 1, 1, 1, 1, 1, 1, 1, 1, 1, 1, 1, 1, 1, 1], [0, 1, 1, 1, 1, 1, 1, 1, 1, 1, 1, 1, 1, 1, 1, 1, 1, 1, 1, 1, 0, 1, 1, 1, 1, 1, 1, 1, 1, 1, 1, 1, 1, 1, 1, 1, 1], [0, 1, 1, 1, 1, 1, 1, 1, 1, 1, 1, 1, 1, 1, 1, 1, 1, 1, 1, 1, 1, 0, 1, 1, 1, 1, 1, 1, 1, 1, 1, 1, 1, 1, 1, 1, 1], [0, 1, 1, 1, 1, 1, 1, 1, 1, 1, 1, 1, 1, 1, 1, 1, 1, 1, 1, 1, 1, 1, 0, 1, 1, 1, 1, 1, 1, 1, 1, 1, 1, 1, 1, 1, 1], [0, 1, 1, 1, 1, 1, 1, 1, 1, 1, 1, 1, 1, 1, 1, 1, 1, 1, 1, 1, 1, 1, 1, 0, 1, 1, 1, 1, 1, 1, 1, 1, 1, 1, 1, 1, 1], [0, 1, 1, 1, 1, 1, 1, 1, 1, 1, 1, 1, 1, 1, 1, 1, 1, 1, 1, 1, 1, 1, 1, 1, 0, 1, 1, 1, 1, 1, 1, 1, 1, 1, 1, 1, 1], [0, 1, 1, 1, 1, 1, 1, 1, 1, 1, 1, 1, 1, 1, 1, 1, 1, 1, 1, 1, 1, 1, 1, 1, 1, 0, 1, 1, 1, 1, 1, 1, 1, 1, 1, 1, 1], [0, 1, 1, 1, 1, 1, 1, 1, 1, 1, 1, 1, 1, 1, 1, 1, 1, 1, 1, 1, 1, 1, 1, 1, 1, 1, 0, 1, 1, 1, 1, 1, 1, 1, 1, 1, 1], [0, 1, 1, 1, 1, 1, 1, 1, 1, 1, 1, 1, 1, 1, 1, 1, 1, 1, 1, 1, 1, 1, 1, 1, 1, 1, 1, 0, 1, 1, 1, 1, 1, 1, 1, 1, 1], [0, 1, 1, 1, 1, 1, 1, 1, 1, 1, 1, 1, 1, 1, 1, 1, 1, 1, 1, 1, 1, 1, 1, 1, 1, 1, 1, 1, 0, 1, 1, 1, 1, 1, 1, 1, 1], [0, 1, 1, 1, 1, 1, 1, 1, 1, 1, 1, 1, 1, 1, 1, 1, 1, 1, 1, 1, 1, 1, 1, 1, 1, 1, 1, 1, 1, 0, 1, 1, 1, 1, 1, 1, 1], [0, 1, 1, 1, 1, 1, 1, 1, 1, 1, 1, 1, 1, 1, 1, 1, 1, 1, 1, 1, 1, 1, 1, 1, 1, 1, 1, 1, 1, 1, 0, 1, 1, 1, 1, 1, 1], [0, 1, 1, 1, 1, 1, 1, 1, 1, 1, 1, 1, 1, 1, 1, 1, 1, 1, 1, 1, 1, 1, 1, 1, 1, 1, 1, 1, 1, 1, 1, 0, 1, 1, 1, 1, 1], [0, 1, 1, 1, 1, 1, 1, 1, 1, 1, 1, 1, 1, 1, 1, 1, 1, 1, 1, 1, 1, 1, 1, 1, 1, 1, 1, 1, 1, 1, 1, 1, 0, 1, 1, 1, 1], [0, 1, 1, 1, 1, 1, 1, 1, 1, 1, 1, 1, 1, 1, 1, 1, 1, 1, 1, 1, 1, 1, 1, 1, 1, 1, 1, 1, 1, 1, 1, 1, 1, 0, 1, 1, 1], [0, 1, 1, 1, 1, 1, 1, 1, 1, 1, 1, 1, 1, 1, 1, 1, 1, 1, 1, 1, 1, 1, 1, 1, 1, 1, 1, 1, 1, 1, 1, 1, 1, 1, 0, 1, 1], [0, 1, 1, 1, 1, 1, 1, 1, 1, 1, 1, 1, 1, 1, 1, 1, 1, 1, 1, 1, 1, 1, 1, 1, 1, 1, 1, 1, 1, 1, 1, 1, 1, 1, 1, 0, 1], [0, 0, 0, 0, 0, 0, 0, 0, 0, 0, 0, 0, 0, 0, 0, 0, 0, 0, 0, 0, 0, 0, 0, 0, 0, 0, 0, 0, 0, 0, 0, 0, 0, 0, 0, 0, 0]]}, "cluster_count": 3, "cluster_speeds": [[0.925, 0.85, 0.925, 1.0, 0.8325, 0.765, 0.8325, 0.9, 0.4625, 0.425, 0.4625, 0.5, 0.30525, 0.2805, 0.30525, 0.33, 0.37, 0.34, 0.37, 0.4, 0.555, 0.51, 0.555, 0.6, 0.6475, 0.595, 0.6475, 0.7, 0.37, 0.34, 0.37, 0.4, 0.30525, 0.2805, 0.30525, 0.33, 0.4625, 0.425, 0.4625, 0.5, 0.6475, 0.595, 0.6475, 0.7, 0.74, 0.68, 0.74, 0.8, 0.6475, 0.595, 0.6475, 0.7, 0.4625, 0.425, 0.4625, 0.5, 0.555, 0.51, 0.555, 0.6, 0.6475, 0.595, 0.6475, 0.7, 0.8325, 0.765, 0.8325, 0.9, 0.925, 0.85, 0.925, 1.0, 1.0], [0.8325, 0.765, 0.8325, 0.9, 0.7492500000000001, 0.6885, 0.7492500000000001, 0.81, 0.41625, 0.3825, 0.41625, 0.45, 0.27472500000000005, 0.25245, 0.27472500000000005, 0.29700000000000004, 0.333, 0.30600000000000005, 0.333, 0.36000000000000004, 0.49950000000000006, 0.459, 0.49950000000000006, 0.54, 0.6475, 0.595, 0.6475, 0.7, 0.37, 0.34, 0.37, 0.4, 0.30525, 0.2805, 0.30525, 0.33, 0.4625, 0.425, 0.4625, 0.5, 0.6475, 0.595, 0.6475, 0.7, 0.74, 0.68, 0.74, 0.8, 0.58275, 0.5355, 0.58275, 0.63, 0.41625, 0.3825, 0.41625, 0.45, 0.49950000000000006, 0.459, 0.49950000000000006, 0.54, 0.58275, 0.5355, 0.58275, 0.63, 0.7492500000000001, 0.6885, 0.7492500000000001, 0.81, 0.8325, 0.765, 0.8325, 0.9, 0.9], [0.87875, 0.8075, 0.87875, 0.95, 0.790875, 0.72675, 0.790875, 0.855, 0.439375, 0.40375, 0.439375, 0.475, 0.2899875, 0.266475, 0.2899875, 0.3135, 0.3515, 0.323, 0.3515, 0.38, 0.52725, 0.4845, 0.52725, 0.57, 0.6475, 0.595, 0.6475, 0.7, 0.37, 0.34, 0.37, 0.4, 0.30525, 0.2805, 0.30525, 0.33, 0.4625, 0.425, 0.4625, 0.5, 0.6475, 0.595, 0.6475, 0.7, 0.74, 0.68, 0.74, 0.8, 0.6151249999999999, 0.5652499999999999, 0.6151249999999999, 0.6649999999999999, 0.439375, 0.40375, 0.439375, 0.475, 0.52725, 0.4845, 0.52725, 0.57, 0.6151249999999999, 0.5652499999999999, 0.6151249999999999, 0.6649999999999999, 0.790875, 0.72675, 0.790875, 0.855, 0.87875, 0.8075, 0.87875, 0.95, 0.95]], "clusters": [[-1, 2, 2, 2, 2, 2, 2, 2, 2, 2, 2, 2, 2, 2, 2, 2, 2, 2, 2, 2, 2, 2, 2, 2, 2, 2, 2, 2, 2, 2, 2, 2, 2, 2, 2, 2, 2], [0, -1, 0, 0, 0, 0, 0, 0, 0, 0, 0, 0, 0, 0, 0, 0, 0, 0, 0, 0, 0, 0, 0, 0, 0, 0, 0, 0, 0, 0, 0, 0, 0, 0, 0, 0, 0], [0, 0, -1, 0, 0, 0, 0, 0, 0, 0, 0, 0, 0, 0, 0, 0, 0, 0, 0, 0, 0, 0, 0, 0, 0, 0, 0, 0, 0, 0, 0, 0, 0, 0, 0, 0, 0], [2, 2, 2, -1, 2, 2, 2, 2, 2, 2, 2, 2, 2, 2, 2, 2, 2, 2, 2, 2, 2, 2, 2, 2, 2, 2, 2, 2, 2, 2, 2, 2, 2, 2, 2, 2, 2], [1, 1, 1, 1, -1, 1, 1, 1, 1, 1, 1, 1, 1, 1, 1, 1, 1, 1, 1, 1, 1, 1, 1, 1, 1, 1, 1, 1, 1, 1, 1, 1, 1, 1, 1, 1, 1], [0, 0, 0, 0, 0, -1, 0, 0, 0, 0, 0, 0, 0, 0, 0, 0, 0, 0, 0, 0, 0, 0, 0, 0, 0, 0, 0, 0, 0, 0, 0, 0, 0, 0, 0, 0, 0], [2, 2, 2, 2, 2, 2, -1, 2, 2, 2, 2, 2, 2, 2, 2, 2, 2, 2, 2, 2, 2, 2, 2, 2, 2, 2, 2, 2, 2, 2, 2, 2, 2, 2, 2, 2, 2], [0, 0, 0, 0, 0, 0, 0, -1, 0, 0, 0, 0, 0, 0, 0, 0, 0, 0, 0, 0, 0, 0, 0, 0, 0, 0, 0, 0, 0, 0, 0, 0, 0, 0, 0, 0, 0], [2, 2, 2, 2, 2, 2, 2, 2, -1, 2, 2, 2, 2, 2, 2, 2, 2, 2, 2, 2, 2, 2, 2, 2, 2, 2, 2, 2, 2, 2, 2, 2, 2, 2, 2, 2, 2], [0, 0, 0, 0, 0, 0, 0, 0, 0, -1, 0, 0, 0, 0, 0, 0, 0, 0, 0, 0, 0, 0, 0, 0, 0, 0, 0, 0, 0, 0, 0, 0, 0, 0, 0, 0, 0], [2, 2, 2, 2, 2, 2, 2, 2, 2, 2, -1, 2, 2, 2, 2, 2, 2, 2, 2, 2, 2, 2, 2, 2, 2, 2, 2, 2, 2, 2, 2, 2, 2, 2, 2, 2, 2], [0, 0, 0, 0, 0, 0, 0, 0, 0, 0, 0, -1, 0, 0, 0, 0, 0, 0, 0, 0, 0, 0, 0, 0, 0, 0, 0, 0, 0, 0, 0, 0, 0, 0, 0, 0, 0], [1, 1, 1, 1, 1, 1, 1, 1, 1, 1, 1, 1, -1, 1, 1, 1, 1, 1, 1, 1, 1, 1, 1, 1, 1, 1, 1, 1, 1, 1, 1, 1, 1, 1, 1, 1, 1], [2, 2, 2, 2, 2, 2, 2, 2, 2, 2, 2, 2, 2, -1, 2, 2, 2, 2, 2, 2, 2, 2, 2, 2, 2, 2, 2, 2, 2, 2, 2, 2, 2, 2, 2, 2, 2], [0, 0, 0, 0, 0, 0, 0, 0, 0, 0, 0, 0, 0, 0, -1, 0, 0, 0, 0, 0, 0, 0, 0, 0, 0, 0, 0, 0, 0, 0, 0, 0, 0, 0, 0, 0, 0], [2, 2, 2, 2, 2, 2, 2, 2, 2, 2, 2, 2, 2, 2, 2, -1, 2, 2, 2, 2, 2, 2, 2, 2, 2, 2, 2, 2, 2, 2, 2, 2, 2, 2, 2, 2, 2], [0, 0, 0, 0, 0, 0, 0, 0, 0, 0, 0, 0, 0, 0, 0, 0, -1, 0, 0, 0, 0, 0, 0, 0, 0, 0, 0, 0, 0, 0, 0, 0, 0, 0, 0, 0, 0], [0, 0, 0, 0, 0, 0, 0, 0, 0, 0, 0, 0, 0, 0, 0, 0, 0, -1, 0, 0, 0, 0, 0, 0, 0, 0, 0, 0, 0, 0, 0, 0, 0, 0, 0, 0, 0], [1, 1, 1, 1, 1, 1, 1, 1, 1, 1, 1, 1, 1, 1, 1, 1, 1, 1, -1, 1, 1, 1, 1, 1, 1, 1, 1, 1, 1, 1, 1, 1, 1, 1, 1, 1, 1], [0, 0, 0, 0, 0, 0, 0, 0, 0, 0, 0, 0, 0, 0, 0, 0, 0, 0, 0, -1, 0, 0, 0, 0, 0, 0, 0, 0, 0, 0, 0, 0, 0, 0, 0, 0, 0], [2, 2, 2, 2, 2, 2, 2, 2, 2, 2, 2, 2, 2, 2, 2, 2, 2, 2, 2, 2, -1, 2, 2, 2, 2, 2, 2, 2, 2, 2, 2, 2, 2, 2, 2, 2, 2], [0, 0, 0, 0, 0, 0, 0, 0, 0, 0, 0, 0, 0, 0, 0, 0, 0, 0, 0, 0, 0, -1, 0, 0, 0, 0, 0, 0, 0, 0, 0, 0, 0, 0, 0, 0, 0], [1, 1, 1, 1, 1, 1, 1, 1, 1, 1, 1, 1, 1, 1, 1, 1, 1, 1, 1, 1, 1, 1, -1, 1, 1, 1, 1, 1, 1, 1, 1, 1, 1, 1, 1, 1, 1], [2, 2, 2, 2, 2, 2, 2, 2, 2, 2, 2, 2, 2, 2, 2, 2, 2, 2, 2, 2, 2, 2, 2, -1, 2, 2, 2, 2, 2, 2, 2, 2, 2, 2, 2, 2, 2], [1, 1, 1, 1, 1, 1, 1, 1, 1, 1, 1, 1, 1, 1, 1, 1, 1, 1, 1, 1, 1, 1, 1, 1, -1, 1, 1, 1, 1, 1, 1, 1, 1, 1, 1, 1, 1], [0, 0, 0, 0, 0, 0, 0, 0, 0, 0, 0, 0, 0, 0, 0, 0, 0, 0, 0, 0, 0, 0, 0, 0, 0, -1, 0, 0, 0, 0, 0, 0, 0, 0, 0, 0, 0], [0, 0, 0, 0, 0, 0, 0, 0, 0, 0, 0, 0, 0, 0, 0, 0, 0, 0, 0, 0, 0, 0, 0, 0, 0, 0, -1, 0, 0, 0, 0, 0, 0, 0, 0, 0, 0], [0, 0, 0, 0, 0, 0, 0, 0, 0, 0, 0, 0, 0, 0, 0, 0, 0, 0, 0, 0, 0, 0, 0, 0, 0, 0, 0, -1, 0, 0, 0, 0, 0, 0, 0, 0, 0], [0, 0, 0, 0, 0, 0, 0, 0, 0, 0, 0, 0, 0, 0, 0, 0, 0, 0, 0, 0, 0, 0, 0, 0, 0, 0, 0, 0, -1, 0, 0, 0, 0, 0, 0, 0, 0], [0, 0, 0, 0, 0, 0, 0, 0, 0, 0, 0, 0, 0, 0, 0, 0, 0, 0, 0, 0, 0, 0, 0, 0, 0, 0, 0, 0, 0, -1, 0, 0, 0, 0, 0, 0, 0], [2, 2, 2, 2, 2, 2, 2, 2, 2, 2, 2, 2, 2, 2, 2, 2, 2, 2, 2, 2, 2, 2, 2, 2, 2, 2, 2, 2, 2, 2, -1, 2, 2, 2, 2, 2, 2], [1, 1, 1, 1, 1, 1, 1, 1, 1, 1, 1, 1, 1, 1, 1, 1, 1, 1, 1, 1, 1, 1, 1, 1, 1, 1, 1, 1, 1, 1, 1, -1, 1, 1, 1, 1, 1], [0, 0, 0, 0, 0, 0, 0, 0, 0, 0, 0, 0, 0, 0, 0, 0, 0, 0, 0, 0, 0, 0, 0, 0, 0, 0, 0, 0, 0, 0, 0, 0, -1, 0, 0, 0, 0], [0, 0, 0, 0, 0, 0, 0, 0, 0, 0, 0, 0, 0, 0, 0, 0, 0, 0, 0, 0, 0, 0, 0, 0, 0, 0, 0, 0, 0, 0, 0, 0, 0, -1, 0, 0, 0], [1, 1, 1, 1, 1, 1, 1, 1, 1, 1, 1, 1, 1, 1, 1, 1, 1, 1, 1, 1, 1, 1, 1, 1, 1, 1, 1, 1, 1, 1, 1, 1, 1, 1, -1, 1, 1], [1, 1, 1, 1, 1, 1, 1, 1, 1, 1, 1, 1, 1, 1, 1, 1, 1, 1, 1, 1, 1, 1, 1, 1, 1, 1, 1, 1, 1, 1, 1, 1, 1, 1, 1, -1, 1], [2, 2, 2, 2, 2, 2, 2, 2, 2, 2, 2, 2, 2, 2, 2, 2, 2, 2, 2, 2, 2, 2, 2, 2, 2, 2, 2, 2, 2, 2, 2, 2, 2, 2, 2, 2, -1]], "speed_zone_count": 73, "speed_zones": [[0.0, 15.0], [15.0, 30.0], [30.0, 45.0], [45.0, 60.0], [60.0, 75.0], [75.0, 90.0], [90.0, 105.0], [105.0, 120.0], [120.0, 135.0], [135.0, 150.0], [150.0, 165.0], [165.0, 180.0], [180.0, 195.0], [195.0, 210.0], [210.0, 225.0], [225.0, 240.0], [240.0, 255.0], [255.0, 270.0], [270.0, 285.0], [285.0, 300.0], [300.0, 315.0], [315.0, 330.0], [330.0, 345.0], [345.0, 360.0], [360.0, 375.0], [375.0, 390.0], [390.0, 405.0], [405.0, 420.0], [420.0, 435.0], [435.0, 450.0], [450.0, 465.0], [465.0, 480.0], [480.0, 495.0], [495.0, 510.0], [510.0, 525.0], [525.0, 540.0], [540.0, 555.0], [555.0, 570.0], [570.0, 585.0], [585.0, 600.0], [600.0, 615.0], [615.0, 630.0], [630.0, 645.0], [645.0, 660.0], [660.0, 675.0], [675.0, 690.0], [690.0, 705.0], [705.0, 720.0], [720.0, 735.0], [735.0, 750.0], [750.0, 765.0], [765.0, 780.0], [780.0, 795.0], [795.0, 810.0], [810.0, 825.0], [825.0, 840.0], [840.0, 855.0], [855.0, 870.0], [870.0, 885.0], [885.0, 900.0], [900.0, 915.0], [915.0, 930.0], [930.0, 945.0], [945.0, 960.0], [960.0, 975.0], [975.0, 990.0], [990.0, 1005.0], [1005.0, 1020.0], [1020.0, 1035.0], [1035.0, 1050.0], [1050.0, 1065.0], [1065.0, 1080.0], [1080.0, 5000.0]], "distances": [[0.0, 82.27, 68.34, 48.76, 53.32, 68.0, 110.29, 60.8, 72.33, 73.74, 98.31, 68.58, 71.36, 56.19, 83.76, 98.26, 56.58, 74.48, 73.23, 61.17, 99.64, 73.03, 48.03, 104.67, 91.87, 74.18, 69.36, 68.19, 84.53, 82.68, 40.72, 62.61, 68.32, 73.08, 72.57, 53.63, 0.0], [0.0, 0.0, 18.56, 45.41, 28.96, 15.6, 32.79, 21.91, 34.33, 10.87, 16.96, 14.25, 21.0, 47.87, 17.85, 23.98, 25.78, 11.06, 24.04, 21.35, 18.12, 9.82, 35.68, 40.96, 9.61, 8.35, 15.03, 15.04, 17.41, 16.86, 42.13, 30.57, 16.06, 9.2, 25.9, 31.16, 82.27], [0.0, 18.56, 0.0, 41.86, 17.57, 5.43, 41.98, 10.04, 41.28, 18.51, 31.13, 7.63, 5.8, 47.71, 18.76, 30.06, 14.34, 19.77, 32.06, 10.46, 32.51, 15.3, 27.45, 40.35, 26.67, 14.72, 18.28, 6.39, 21.62, 19.83, 31.4, 32.33, 15.27, 12.3, 33.47, 25.65, 68.34], [0.0, 45.41, 41.86, 0.0, 25.7, 37.81, 78.08, 31.91, 23.83, 34.61, 62.21, 36.71, 47.48, 9.41, 47.65, 68.04, 28.14, 34.68, 27.25, 31.4, 63.26, 35.86, 15.86, 81.71, 54.12, 37.5, 30.4, 37.27, 46.37, 44.99, 18.2, 16.46, 39.08, 37.89, 26.03, 16.21, 48.76], [0.0, 28.96, 17.57, 25.7, 0.0, 15.3, 58.38, 7.96, 33.19, 21.33, 45.13, 15.44, 22.64, 33.08, 30.45, 46.91, 12.51, 22.31, 27.32, 8.08, 46.43, 20.0, 10.2, 57.87, 38.55, 21.0, 17.48, 15.26, 31.31, 29.42, 14.04, 21.64, 16.03, 19.76, 27.83, 10.56, 53.32], [0.0, 15.6, 5.43, 37.81, 15.3, 0.0, 43.08, 7.36, 35.89, 13.37, 30.37, 13.05, 10.99, 43.08, 16.44, 31.68, 11.87, 14.63, 26.64, 7.26, 31.71, 10.26, 24.35, 43.91, 24.67, 10.0, 12.85, 11.81, 18.49, 16.59, 29.32, 27.22, 15.41, 7.66, 28.04, 21.67, 68.0], [0.0, 32.79, 41.98, 78.08, 58.38, 43.08, 0.0, 50.43, 65.59, 43.65, 17.13, 43.14, 39.24, 80.59, 30.48, 12.22, 54.95, 43.81, 55.7, 50.32, 16.62, 42.23, 66.93, 21.43, 25.39, 40.59, 47.7, 43.15, 32.41, 33.44, 72.39, 63.31, 42.45, 40.42, 57.57, 63.14, 110.29], [0.0, 21.91, 10.04, 31.91, 7.96, 7.36, 50.43, 0.0, 34.19, 16.27, 37.52, 7.8, 15.57, 38.16, 23.13, 38.95, 4.55, 17.46, 26.29, 9.21, 38.84, 14.04, 17.46, 50.34, 31.35, 14.61, 13.61, 7.41, 24.52, 22.6, 22.0, 23.88, 8.07, 12.88, 27.31, 15.74, 60.8], [0.0, 34.33, 41.28, 23.83, 33.19, 35.89, 65.59, 34.19, 0.0, 24.96, 48.5, 33.8, 46.84, 19.43, 36.7, 58.2, 33.2, 24.13, 10.31, 33.23, 49.18, 27.93, 29.0, 75.15, 40.2, 29.38, 23.26, 34.96, 33.68, 33.17, 35.75, 11.89, 37.41, 31.19, 8.49, 24.07, 72.33], [0.0, 10.87, 18.51, 34.61, 21.33, 13.37, 43.65, 16.27, 24.96, 0.0, 27.6, 11.12, 23.31, 37.07, 13.18, 34.46, 18.77, 9.63, 14.8, 15.38, 28.67, 10.1, 26.08, 50.47, 19.63, 4.46, 4.51, 12.4, 11.83, 10.38, 33.07, 19.77, 14.68, 6.59, 16.52, 21.04, 73.74], [0.0, 16.96, 31.13, 62.21, 45.13, 30.37, 17.13, 37.52, 48.5, 27.6, 0.0, 29.75, 30.6, 64.02, 14.97, 13.53, 41.79, 27.55, 38.71, 37.16, 17.6, 26.78, 52.52, 31.99, 8.37, 25.26, 31.93, 30.14, 15.87, 17.22, 58.72, 46.84, 30.22, 25.71, 40.57, 48.11, 98.31], [0.0, 14.25, 7.63, 36.71, 15.44, 13.05, 43.14, 7.8, 33.8, 11.12, 29.75, 0.0, 13.04, 41.62, 15.35, 32.03, 12.06, 12.4, 24.45, 7.41, 31.06, 8.06, 23.87, 45.03, 23.59, 7.93, 10.67, 12.52, 17.0, 15.08, 29.31, 25.45, 14.41, 5.7, 25.88, 20.73, 68.58], [0.0, 21.0, 5.8, 47.48, 22.64, 10.99, 39.24, 15.57, 46.84, 23.31, 30.6, 13.04, 0.0, 53.49, 20.53, 27.06, 19.6, 24.51, 37.4, 16.1, 31.98, 20.03, 32.73, 35.34, 27.65, 19.15, 23.67, 11.9, 24.04, 22.47, 36.08, 38.11, 9.47, 16.79, 38.88, 31.29, 71.36], [0.0, 47.87, 47.71, 9.41, 33.08, 43.08, 80.59, 38.16, 19.43, 37.07, 64.02, 41.62, 53.49, 0.0, 50.22, 71.45, 34.99, 36.8, 26.19, 37.49, 64.92, 39.01, 24.06, 86.44, 55.69, 40.68, 33.42, 42.4, 48.24, 47.15, 27.46, 17.3, 44.49, 41.59, 24.54, 22.71, 56.19], [0.0, 17.85, 18.76, 47.65, 30.45, 16.44, 30.48, 23.13, 36.7, 13.18, 14.97, 15.35, 20.53, 50.22, 0.0, 21.58, 27.19, 13.43, 26.42, 22.65, 16.19, 11.89, 37.56, 38.66, 8.25, 10.33, 17.25, 15.99, 16.05, 17.67, 43.84, 32.92, 16.69, 10.79, 28.28, 33.18, 83.76], [0.0, 23.98, 30.06, 68.04, 46.91, 31.68, 12.22, 38.95, 58.2, 34.46, 13.53, 32.03, 27.06, 71.45, 21.58, 0.0, 43.5, 34.88, 47.96, 38.94, 14.09, 32.47, 55.9, 18.61, 19.48, 30.8, 38.06, 31.87, 24.57, 25.04, 60.95, 54.2, 30.89, 30.16, 49.83, 52.54, 98.26], [0.0, 25.78, 14.34, 28.14, 12.51, 11.87, 54.95, 4.55, 33.2, 18.77, 41.79, 12.06, 19.6, 34.99, 27.19, 43.5, 0.0, 19.84, 26.4, 4.67, 43.1, 17.13, 13.14, 54.68, 35.34, 18.0, 15.28, 11.85, 28.22, 26.32, 17.46, 22.11, 12.62, 16.6, 27.14, 12.28, 56.58], [0.0, 11.06, 19.77, 34.68, 22.31, 14.63, 43.81, 17.46, 24.13, 9.63, 27.55, 12.4, 24.51, 36.8, 13.43, 34.88, 19.84, 0.0, 13.89, 16.55, 28.58, 4.49, 26.69, 51.15, 19.45, 5.51, 5.12, 13.67, 11.69, 10.4, 33.78, 19.51, 15.94, 7.74, 15.65, 21.52, 74.48], [0.0, 24.04, 32.06, 27.25, 27.32, 26.64, 55.7, 26.29, 10.31, 14.8, 38.71, 24.45, 37.4, 26.19, 26.42, 47.96, 26.4, 13.89, 0.0, 25.29, 39.48, 17.89, 26.32, 64.84, 30.35, 19.26, 13.79, 25.68, 23.52, 22.92, 33.77, 10.95, 28.13, 21.21, 18.8, 20.63, 73.23], [0.0, 21.35, 10.46, 31.4, 8.08, 7.26, 50.32, 9.21, 33.23, 15.38, 37.16, 7.41, 16.1, 37.49, 22.65, 38.94, 4.67, 16.55, 25.29, 0.0, 38.47, 13.24, 17.22, 50.65, 30.84, 13.88, 12.63, 7.19, 23.9, 21.99, 22.07, 23.01, 8.14, 12.24, 26.31, 15.2, 61.17], [0.0, 18.12, 32.51, 63.26, 46.43, 31.71, 16.62, 38.84, 49.18, 28.67, 17.6, 31.06, 31.98, 64.92, 16.19, 14.09, 43.1, 28.58, 39.48, 38.47, 0.0, 27.94, 53.74, 32.37, 9.23, 26.45, 33.04, 31.47, 16.89, 18.31, 59.99, 47.78, 31.57, 26.96, 41.32, 49.28, 99.64], [0.0, 9.82, 15.3, 35.86, 20.0, 10.26, 42.23, 14.04, 27.93, 10.1, 26.78, 8.06, 20.03, 39.01, 11.89, 32.47, 17.13, 4.49, 17.89, 13.24, 27.94, 0.0, 25.94, 47.9, 19.24, 10.0, 5.59, 9.32, 11.59, 9.83, 32.58, 21.84, 11.51, 12.23, 19.56, 21.34, 73.03], [0.0, 35.68, 27.45, 15.86, 10.2, 24.35, 66.93, 17.46, 29.0, 26.08, 52.52, 23.87, 32.73, 24.06, 37.56, 55.9, 13.14, 26.69, 26.32, 17.22, 53.74, 25.94, 0.0, 67.79, 45.18, 27.34, 21.59, 24.06, 37.5, 35.77, 7.52, 17.23, 25.35, 26.84, 26.13, 5.75, 48.03], [0.0, 40.96, 40.35, 81.71, 57.87, 43.91, 21.43, 50.34, 75.15, 50.47, 31.99, 45.03, 35.34, 86.44, 38.66, 18.61, 54.68, 51.15, 64.84, 50.65, 32.37, 47.9, 67.79, 0.0, 37.96, 46.29, 53.34, 44.44, 42.18, 42.26, 71.41, 69.6, 42.68, 45.01, 66.67, 65.58, 104.67], [0.0, 9.61, 26.67, 54.12, 38.55, 24.67, 25.39, 31.35, 40.2, 19.63, 8.37, 23.59, 27.65, 55.69, 8.25, 19.48, 35.34, 19.45, 30.35, 30.84, 9.23, 19.24, 45.18, 37.96, 0.0, 17.87, 24.07, 24.23, 7.8, 9.43, 51.72, 38.56, 24.87, 18.79, 32.21, 40.49, 91.87], [0.0, 8.35, 14.72, 37.5, 21.0, 10.0, 40.59, 14.61, 29.38, 4.46, 25.26, 7.93, 19.15, 40.68, 10.33, 30.8, 18.0, 5.51, 19.26, 13.88, 26.45, 10.0, 27.34, 46.29, 17.87, 0.0, 7.26, 9.11, 10.35, 8.51, 33.86, 23.5, 11.1, 11.05, 20.96, 22.86, 74.18], [0.0, 15.03, 18.28, 30.4, 17.48, 12.85, 47.7, 13.61, 23.26, 4.51, 31.93, 10.67, 23.67, 33.42, 17.25, 38.06, 15.28, 5.12, 13.79, 12.63, 33.04, 5.59, 21.59, 53.34, 24.07, 7.26, 0.0, 11.89, 16.27, 14.73, 28.66, 16.29, 14.35, 8.34, 15.22, 16.53, 69.36], [0.0, 15.04, 6.39, 37.27, 15.26, 11.81, 43.15, 7.41, 34.96, 12.4, 30.14, 12.52, 11.9, 42.4, 15.99, 31.87, 11.85, 13.67, 25.68, 7.19, 31.47, 9.32, 24.06, 44.44, 24.23, 9.11, 11.89, 0.0, 17.87, 15.96, 29.24, 26.41, 15.33, 6.82, 27.08, 21.19, 68.19], [0.0, 17.41, 21.62, 46.37, 31.31, 18.49, 32.41, 24.52, 33.68, 11.83, 15.87, 17.0, 24.04, 48.24, 16.05, 24.57, 28.22, 11.69, 23.52, 23.9, 16.89, 11.59, 37.5, 42.18, 7.8, 10.35, 16.27, 17.87, 0.0, 17.23, 44.16, 31.0, 19.02, 11.66, 25.4, 32.72, 84.53], [0.0, 16.86, 19.83, 44.99, 29.42, 16.59, 33.44, 22.6, 33.17, 10.38, 17.22, 15.08, 22.47, 47.15, 17.67, 25.04, 26.32, 10.4, 22.92, 21.99, 18.31, 9.83, 35.77, 42.26, 9.43, 8.51, 14.73, 15.96, 17.23, 0.0, 42.37, 29.87, 17.15, 9.74, 24.79, 31.08, 82.68], [0.0, 42.13, 31.4, 18.2, 14.04, 29.32, 72.39, 22.0, 35.75, 33.07, 58.72, 29.31, 36.08, 27.46, 43.84, 60.95, 17.46, 33.78, 33.77, 22.07, 59.99, 32.58, 7.52, 71.41, 51.72, 33.86, 28.66, 29.24, 44.16, 42.37, 0.0, 24.25, 30.06, 33.05, 33.51, 13.26, 40.72], [0.0, 30.57, 32.33, 16.46, 21.64, 27.22, 63.31, 23.88, 11.89, 19.77, 46.84, 25.45, 38.11, 17.3, 32.92, 54.2, 22.11, 19.51, 10.95, 23.01, 47.78, 21.84, 17.23, 69.6, 38.56, 23.5, 16.29, 26.41, 31.0, 29.87, 24.25, 0.0, 28.72, 24.59, 10.02, 12.19, 62.61], [0.0, 16.06, 15.27, 39.08, 16.03, 15.41, 42.45, 8.07, 37.41, 14.68, 30.22, 14.41, 9.47, 44.49, 16.69, 30.89, 12.62, 15.94, 28.13, 8.14, 31.57, 11.51, 25.35, 42.68, 24.87, 11.1, 14.35, 15.33, 19.02, 17.15, 30.06, 28.72, 0.0, 8.71, 29.55, 22.9, 68.32], [0.0, 9.2, 12.3, 37.89, 19.76, 7.66, 40.42, 12.88, 31.19, 6.59, 25.71, 5.7, 16.79, 41.59, 10.79, 30.16, 16.6, 7.74, 21.21, 12.24, 26.96, 12.23, 26.84, 45.01, 18.79, 11.05, 8.34, 6.82, 11.66, 9.74, 33.05, 24.59, 8.71, 0.0, 22.85, 22.72, 73.08], [0.0, 25.9, 33.47, 26.03, 27.83, 28.04, 57.57, 27.31, 8.49, 16.52, 40.57, 25.88, 38.88, 24.54, 28.28, 49.83, 27.14, 15.65, 18.8, 26.31, 41.32, 19.56, 26.13, 66.67, 32.21, 20.96, 15.22, 27.08, 25.4, 24.79, 33.51, 10.02, 29.55, 22.85, 0.0, 20.53, 72.57], [0.0, 31.16, 25.65, 16.21, 10.56, 21.67, 63.14, 15.74, 24.07, 21.04, 48.11, 20.73, 31.29, 22.71, 33.18, 52.54, 12.28, 21.52, 20.63, 15.2, 49.28, 21.34, 5.75, 65.58, 40.49, 22.86, 16.53, 21.19, 32.72, 31.08, 13.26, 12.19, 22.9, 22.72, 20.53, 0.0, 53.63], [0.0, 0.0, 0.0, 0.0, 0.0, 0.0, 0.0, 0.0, 0.0, 0.0, 0.0, 0.0, 0.0, 0.0, 0.0, 0.0, 0.0, 0.0, 0.0, 0.0, 0.0, 0.0, 0.0, 0.0, 0.0, 0.0, 0.0, 0.0, 0.0, 0.0, 0.0, 0.0, 0.0, 0.0, 0.0, 0.0, 0.0]], "time_windows": [[0.0, 5000.0], [0.0, 134.0], [0.0, 155.0], [0.0, 253.0], [0.0, 327.0], [0.0, 359.0], [0.0, 432.0], [0.0, 552.0], [0.0, 635.0], [0.0, 676.0], [0.0, 715.0], [0.0, 756.0], [0.0, 775.0], [0.0, 873.0], [0.0, 961.0], [0.0, 995.0], [0.0, 1049.0], [0.0, 1071.0], [0.0, 1086.0], [0.0, 1113.0], [0.0, 1152.0], [0.0, 1180.0], [0.0, 1206.0], [0.0, 1274.0], [0.0, 1312.0], [0.0, 1329.0], [0.0, 1337.0], [0.0, 1349.0], [0.0, 1366.0], [0.0, 1384.0], [0.0, 1426.0], [0.0, 1450.0], [0.0, 1479.0], [0.0, 1488.0], [0.0, 1511.0], [0.0, 1531.0], [0.0, 5000.0]], "start_depot": 0, "end_depot": 36, "horizon": [0.0, 5000.0]}