{"digraph": {"vertex_count": 42, "arc_count": 1640, "arcs": [[0, 1, 1, 1, 1, 1, 1, 1, 1, 1, 1, 1, 1, 1, 1, 1, 1, 1, 1, 1, 1, 1, 1, 1, 1, 1, 1, 1, 1, 1, 1, 1, 1, 1, 1, 1, 1, 1, 1, 1, 1, 1], [0, 0, 1, 1, 1, 1, 1, 1, 1, 1, 1, 1, 1, 1, 1, 1, 1, 1, 1, 1, 1, 1, 1, 1, 1, 1, 1, 1, 1, 1, 1, 1, 1, 1, 1, 1, 1, 1, 1, 1, 1, 1], [0, 1, 0, 1, 1, 1, 1, 1, 1, 1, 1, 1, 1, 1, 1, 1, 1, 1, 1, 1, 1, 1, 1, 1, 1, 1, 1, 1, 1, 1, 1, 1, 1, 1, 1, 1, 1, 1, 1, 1, 1, 1], [0, 1, 1, 0, 1, 1, 1, 1, 1, 1, 1, 1, 1, 1, 1, 1, 1, 1, 1, 1, 1, 1, 1, 1, 1, 1, 1, 1, 1, 1, 1, 1, 1, 1, 1, 1, 1, 1, 1, 1, 1, 1], [0, 1, 1, 1, 0, 1, 1, 1, 1, 1, 1, 1, 1, 1, 1, 1, 1, 1, 1, 1, 1, 1, 1, 1, 1, 1, 1, 1, 1, 1, 1, 1, 1, 1, 1, 1, 1, 1, 1, 1, 1, 1], [0, 1, 1, 1, 1, 0, 1, 1, 1, 1, 1, 1, 1, 1, 1, 1, 1, 1, 1, 1, 1, 1, 1, 1, 1, 1, 1, 1, 1, 1, 1, 1, 1, 1, 1, 1, 1, 1, 1, 1, 1, 1], [0, 1, 1, 1, 1, 1, 0, 1, 1, 1, 1, 1, 1, 1, 1, 1, 1, 1, 1, 1, 1, 1, 1, 1, 1, 1, 1, 1, 1, 1, 1, 1, 1, 1, 1, 1, 1, 1, 1, 1, 1, 1], [0, 1, 1, 1, 1, 1, 1, 0, 1, 1, 1, 1, 1, 1, 1, 1, 1, 1, 1, 1, 1, 1, 1, 1, 1, 1, 1, 1, 1, 1, 1, 1, 1, 1, 1, 1, 1, 1, 1, 1, 1, 1], [0, 1, 1, 1, 1, 1, 1, 1, 0, 1, 1, 1, 1, 1, 1, 1, 1, 1, 1, 1, 1, 1, 1, 1, 1, 1, 1, 1, 1, 1, 1, 1, 1, 1, 1, 1, 1, 1, 1, 1, 1, 1], [0, 1, 1, 1, 1, 1, 1, 1, 1, 0, 1, 1, 1, 1, 1, 1, 1, 1, 1, 1, 1, 1, 1, 1, 1, 1, 1, 1, 1, 1, 1, 1, 1, 1, 1, 1, 1, 1, 1, 1, 1, 1], [0, 1, 1, 1, 1, 1, 1, 1, 1, 1, 0, 1, 1, 1, 1, 1, 1, 1, 1, 1, 1, 1, 1, 1, 1, 1, 1, 1, 1, 1, 1, 1, 1, 1, 1, 1, 1, 1, 1, 1, 1, 1], [0, 1, 1, 1, 1, 1, 1, 1, 1, 1, 1, 0, 1, 1, 1, 1, 1, 1, 1, 1, 1, 1, 1, 1, 1, 1, 1, 1, 1, 1, 1, 1, 1, 1, 1, 1, 1, 1, 1, 1, 1, 1], [0, 1, 1, 1, 1, 1, 1, 1, 1, 1, 1, 1, 0, 1, 1, 1, 1, 1, 1, 1, 1, 1, 1, 1, 1, 1, 1, 1, 1, 1, 1, 1, 1, 1, 1, 1, 1, 1, 1, 1, 1, 1], [0, 1, 1, 1, 1, 1, 1, 1, 1, 1, 1, 1, 1, 0, 1, 1, 1, 1, 1, 1, 1, 1, 1, 1, 1, 1, 1, 1, 1, 1, 1, 1, 1, 1, 1, 1, 1, 1, 1, 1, 1, 1], [0, 1, 1, 1, 1, 1, 1, 1, 1, 1, 1, 1, 1, 1, 0, 1, 1, 1, 1, 1, 1, 1, 1, 1, 1, 1, 1, 1, 1, 1, 1, 1, 1, 1, 1, 1, 1, 1, 1, 1, 1, 1], [0, 1, 1, 1, 1, 1, 1, 1, 1, 1, 1, 1, 1, 1, 1, 0, 1, 1, 1, 1, 1, 1, 1, 1, 1, 1, 1, 1, 1, 1, 1, 1, 1, 1, 1, 1, 1, 1, 1, 1, 1, 1], [0, 1, 1, 1, 1, 1, 1, 1, 1, 1, 1, 1, 1, 1, 1, 1, 0, 1, 1, 1, 1, 1, 1, 1, 1, 1, 1, 1, 1, 1, 1, 1, 1, 1, 1, 1, 1, 1, 1, 1, 1, 1], [0, 1, 1, 1, 1, 1, 1, 1, 1, 1, 1, 1, 1, 1, 1, 1, 1, 0, 1, 1, 1, 1, 1, 1, 1, 1, 1, 1, 1, 1, 1, 1, 1, 1, 1, 1, 1, 1, 1, 1, 1, 1], [0, 1, 1, 1, 1, 1, 1, 1, 1, 1, 1, 1, 1, 1, 1, 1, 1, 1, 0, 1, 1, 1, 1, 1, 1, 1, 1, 1, 1, 1, 1, 1, 1, 1, 1, 1, 1, 1, 1, 1, 1, 1], [0, 1, 1, 1, 1, 1, 1, 1, 1, 1, 1, 1, 1, 1, 1, 1, 1, 1, 1, 0, 1, 1, 1, 1, 1, 1, 1, 1, 1, 1, 1, 1, 1, 1, 1, 1, 1, 1, 1, 1, 1, 1], [0, 1, 1, 1, 1, 1, 1, 1, 1, 1, 1, 1, 1, 1, 1, 1, 1, 1, 1, 1, 0, 1, 1, 1, 1, 1, 1, 1, 1, 1, 1, 1, 1, 1, 1, 1, 1, 1, 1, 1, 1, 1], [0, 1, 1, 1, 1, 1, 1, 1, 1, 1, 1, 1, 1, 1, 1, 1, 1, 1, 1, 1, 1, 0, 1, 1, 1, 1, 1, 1, 1, 1, 1, 1, 1, 1, 1, 1, 1, 1, 1, 1, 1, 1], [0, 1, 1, 1, 1, 1, 1, 1, 1, 1, 1, 1, 1, 1, 1, 1, 1, 1, 1, 1, 1, 1, 0, 1, 1, 1, 1, 1, 1, 1, 1, 1, 1, 1, 1, 1, 1, 1, 1, 1, 1, 1], [0, 1, 1, 1, 1, 1, 1, 1, 1, 1, 1, 1, 1, 1, 1, 1, 1, 1, 1, 1, 1, 1, 1, 0, 1, 1, 1, 1, 1, 1, 1, 1, 1, 1, 1, 1, 1, 1, 1, 1, 1, 1], [0, 1, 1, 1, 1, 1, 1, 1, 1, 1, 1, 1, 1, 1, 1, 1, 1, 1, 1, 1, 1, 1, 1, 1, 0, 1, 1, 1, 1, 1, 1, 1, 1, 1, 1, 1, 1, 1, 1, 1, 1, 1], [0, 1, 1, 1, 1, 1, 1, 1, 1, 1, 1, 1, 1, 1, 1, 1, 1, 1, 1, 1, 1, 1, 1, 1, 1, 0, 1, 1, 1, 1, 1, 1, 1, 1, 1, 1, 1, 1, 1, 1, 1, 1], [0, 1, 1, 1, 1, 1, 1, 1, 1, 1, 1, 1, 1, 1, 1, 1, 1, 1, 1, 1, 1, 1, 1, 1, 1, 1, 0, 1, 1, 1, 1, 1, 1, 1, 1, 1, 1, 1, 1, 1, 1, 1], [0, 1, 1, 1, 1, 1, 1, 1, 1, 1, 1, 1, 1, 1, 1, 1, 1, 1, 1, 1, 1, 1, 1, 1, 1, 1, 1, 0, 1, 1, 1, 1, 1, 1, 1, 1, 1, 1, 1, 1, 1, 1], [0, 1, 1, 1, 1, 1, 1, 1, 1, 1, 1, 1, 1, 1, 1, 1, 1, 1, 1, 1, 1, 1, 1, 1, 1, 1, 1, 1, 0, 1, 1, 1, 1, 1, 1, 1, 1, 1, 1, 1, 1, 1], [0, 1, 1, 1, 1, 1, 1, 1, 1, 1, 1, 1, 1, 1, 1, 1, 1, 1, 1, 1, 1, 1, 1, 1, 1, 1, 1, 1, 1, 0, 1, 1, 1, 1, 1, 1, 1, 1, 1, 1, 1, 1], [0, 1, 1, 1, 1, 1, 1, 1, 1, 1, 1, 1, 1, 1, 1, 1, 1, 1, 1, 1, 1, 1, 1, 1, 1, 1, 1, 1, 1, 1, 0, 1, 1, 1, 1, 1, 1, 1, 1, 1, 1, 1], [0, 1, 1, 1, 1, 1, 1, 1, 1, 1, 1, 1, 1, 1, 1, 1, 1, 1, 1, 1, 1, 1, 1, 1, 1, 1, 1, 1, 1, 1, 1, 0, 1, 1, 1, 1, 1, 1, 1, 1, 1, 1], [0, 1, 1, 1, 1, 1, 1, 1, 1, 1, 1, 1, 1, 1, 1, 1, 1, 1, 1, 1, 1, 1, 1, 1, 1, 1, 1, 1, 1, 1, 1, 1, 0, 1, 1, 1, 1, 1, 1, 1, 1, 1], [0, 1, 1, 1, 1, 1, 1, 1, 1, 1, 1, 1, 1, 1, 1, 1, 1, 1, 1, 1, 1, 1, 1, 1, 1, 1, 1, 1, 1, 1, 1, 1, 1, 0, 1, 1, 1, 1, 1, 1, 1, 1], [0, 1, 1, 1, 1, 1, 1, 1, 1, 1, 1, 1, 1, 1, 1, 1, 1, 1, 1, 1, 1, 1, 1, 1, 1, 1, 1, 1, 1, 1, 1, 1, 1, 1, 0, 1, 1, 1, 1, 1, 1, 1], [0, 1, 1, 1, 1, 1, 1, 1, 1, 1, 1, 1, 1, 1, 1, 1, 1, 1, 1, 1, 1, 1, 1, 1, 1, 1, 1, 1, 1, 1, 1, 1, 1, 1, 1, 0, 1, 1, 1, 1, 1, 1], [0, 1, 1, 1, 1, 1, 1, 1, 1, 1, 1, 1, 1, 1, 1, 1, 1, 1, 1, 1, 1, 1, 1, 1, 1, 1, 1, 1, 1, 1, 1, 1, 1, 1, 1, 1, 0, 1, 1, 1, 1, 1], [0, 1, 1, 1, 1, 1, 1, 1, 1, 1, 1, 1, 1, 1, 1, 1, 1, 1, 1, 1, 1, 1, 1, 1, 1, 1, 1, 1, 1, 1, 1, 1, 1, 1, 1, 1, 1, 0, 1, 1, 1, 1], [0, 1, 1, 1, 1, 1, 1, 1, 1, 1, 1, 1, 1, 1, 1, 1, 1, 1, 1, 1, 1, 1, 1, 1, 1, 1, 1, 1, 1, 1, 1, 1, 1, 1, 1, 1, 1, 1, 0, 1, 1, 1], [0, 1, 1, 1, 1, 1, 1, 1, 1, 1, 1, 1, 1, 1, 1, 1, 1, 1, 1, 1, 1, 1, 1, 1, 1, 1, 1, 1, 1, 1, 1, 1, 1, 1, 1, 1, 1, 1, 1, 0, 1, 1], [0, 1, 1, 1, 1, 1, 1, 1, 1, 1, 1, 1, 1, 1, 1, 1, 1, 1, 1, 1, 1, 1, 1, 1, 1, 1, 1, 1, 1, 1, 1, 1, 1, 1, 1, 1, 1, 1, 1, 1, 0, 1], [0, 0, 0, 0, 0, 0, 0, 0, 0, 0, 0, 0, 0, 0, 0, 0, 0, 0, 0, 0, 0, 0, 0, 0, 0, 0, 0, 0, 0, 0, 0, 0, 0, 0, 0, 0, 0, 0, 0, 0, 0, 0]]}, "cluster_count": 3, "cluster_speeds": [[0.925, 0.85, 0.925, 1.0, 0.8325, 0.765, 0.8325, 0.9, 0.4625, 0.425, 0.4625, 0.5, 0.30525, 0.2805, 0.30525, 0.33, 0.37, 0.34, 0.37, 0.4, 0.555, 0.51, 0.555, 0.6, 0.6475, 0.595, 0.6475, 0.7, 0.37, 0.34, 0.37, 0.4, 0.30525, 0.2805, 0.30525, 0.33, 0.4625, 0.425, 0.4625, 0.5, 0.6475, 0.595, 0.6475, 0.7, 0.74, 0.68, 0.74, 0.8, 0.6475, 0.595, 0.6475, 0.7, 0.4625, 0.425, 0.4625, 0.5, 0.555, 0.51, 0.555, 0.6, 0.6475, 0.595, 0.6475, 0.7, 0.8325, 0.765, 0.8325, 0.9, 0.925, 0.85, 0.925, 1.0, 1.0], [0.6475, 0.595, 0.6475, 0.7, 0.58275, 0.5355, 0.58275, 0.63, 0.32375, 0.2975, 0.32375, 0.35, 0.213675, 0.19635, 0.213675, 0.23099999999999998, 0.259, 0.238, 0.259, 0.27999999999999997, 0.3885, 0.357, 0.3885, 0.42, 0.6475, 0.595, 0.6475, 0.7, 0.37, 0.34, 0.37, 0.4, 0.30525, 0.2805, 0.30525, 0.33, 0.4625, 0.425, 0.4625, 0.5, 0.6475, 0.595, 0.6475, 0.7, 0.74, 0.68, 0.74, 0.8, 0.45324999999999993, 0.4165, 0.45324999999999993, 0.48999999999999994, 0.32375, 0.2975, 0.32375, 0.35, 0.3885, 0.357, 0.3885, 0.42, 0.45324999999999993, 0.4165, 0.45324999999999993, 0.48999999999999994, 0.58275, 0.5355, 0.58275, 0.63, 0.6475, 0.595, 0.6475, 0.7, 0.7], [0.87875, 0.8075, 0.87875, 0.95, 0.790875, 0.72675, 0.790875, 0.855, 0.439375, 0.40375, 0.439375, 0.475, 0.2899875, 0.266475, 0.2899875, 0.3135, 0.3515, 0.323, 0.3515, 0.38, 0.52725, 0.4845, 0.52725, 0.57, 0.6475, 0.595, 0.6475, 0.7, 0.37, 0.34, 0.37, 0.4, 0.30525, 0.2805, 0.30525, 0.33, 0.4625, 0.425, 0.4625, 0.5, 0.6475, 0.595, 0.6475, 0.7, 0.74, 0.68, 0.74, 0.8, 0.6151249999999999, 0.5652499999999999, 0.6151249999999999, 0.6649999999999999, 0.439375, 0.40375, 0.439375, 0.475, 0.52725, 0.4845, 0.52725, 0.57, 0.6151249999999999, 0.5652499999999999, 0.6151249999999999, 0.6649999999999999, 0.790875, 0.72675, 0.790875, 0.855, 0.87875, 0.8075, 0.87875, 0.95, 0.95]], "clusters": [[-1, 2, 2, 2, 2, 2, 2, 2, 2, 2, 2, 2, 2, 2, 2, 2, 2, 2, 2, 2, 2, 2, 2, 2, 2, 2, 2, 2, 2, 2, 2, 2, 2, 2, 2, 2, 2, 2, 2, 2, 2, 2], [0, -1, 0, 0, 0, 0, 0, 0, 0, 0, 0, 0, 0, 0, 0, 0, 0, 0, 0, 0, 0, 0, 0, 0, 0, 0, 0, 0, 0, 0, 0, 0, 0, 0, 0, 0, 0, 0, 0, 0, 0, 0], [0, 0, -1, 0, 0, 0, 0, 0, 0, 0, 0, 0, 0, 0, 0, 0, 0, 0, 0, 0, 0, 0, 0, 0, 0, 0, 0, 0, 0, 0, 0, 0, 0, 0, 0, 0, 0, 0, 0, 0, 0, 0], [2, 2, 2, -1, 2, 2, 2, 2, 2, 2, 2, 2, 2, 2, 2, 2, 2, 2, 2, 2, 2, 2, 2, 2, 2, 2, 2, 2, 2, 2, 2, 2, 2, 2, 2, 2, 2, 2, 2, 2, 2, 2], [1, 1, 1, 1, -1, 1, 1, 1, 1, 1, 1, 1, 1, 1, 1, 1, 1, 1, 1, 1, 1, 1, 1, 1, 1, 1, 1, 1, 1, 1, 1, 1, 1, 1, 1, 1, 1, 1, 1, 1, 1, 1], [0, 0, 0, 0, 0, -1, 0, 0, 0, 0, 0, 0, 0, 0, 0, 0, 0, 0, 0, 0, 0, 0, 0, 0, 0, 0, 0, 0, 0, 0, 0, 0, 0, 0, 0, 0, 0, 0, 0, 0, 0, 0], [2, 2, 2, 2, 2, 2, -1, 2, 2, 2, 2, 2, 2, 2, 2, 2, 2, 2, 2, 2, 2, 2, 2, 2, 2, 2, 2, 2, 2, 2, 2, 2, 2, 2, 2, 2, 2, 2, 2, 2, 2, 2], [0, 0, 0, 0, 0, 0, 0, -1, 0, 0, 0, 0, 0, 0, 0, 0, 0, 0, 0, 0, 0, 0, 0, 0, 0, 0, 0, 0, 0, 0, 0, 0, 0, 0, 0, 0, 0, 0, 0, 0, 0, 0], [2, 2, 2, 2, 2, 2, 2, 2, -1, 2, 2, 2, 2, 2, 2, 2, 2, 2, 2, 2, 2, 2, 2, 2, 2, 2, 2, 2, 2, 2, 2, 2, 2, 2, 2, 2, 2, 2, 2, 2, 2, 2], [0, 0, 0, 0, 0, 0, 0, 0, 0, -1, 0, 0, 0, 0, 0, 0, 0, 0, 0, 0, 0, 0, 0, 0, 0, 0, 0, 0, 0, 0, 0, 0, 0, 0, 0, 0, 0, 0, 0, 0, 0, 0], [1, 1, 1, 1, 1, 1, 1, 1, 1, 1, -1, 1, 1, 1, 1, 1, 1, 1, 1, 1, 1, 1, 1, 1, 1, 1, 1, 1, 1, 1, 1, 1, 1, 1, 1, 1, 1, 1, 1, 1, 1, 1], [0, 0, 0, 0, 0, 0, 0, 0, 0, 0, 0, -1, 0, 0, 0, 0, 0, 0, 0, 0, 0, 0, 0, 0, 0, 0, 0, 0, 0, 0, 0, 0, 0, 0, 0, 0, 0, 0, 0, 0, 0, 0], [1, 1, 1, 1, 1, 1, 1, 1, 1, 1, 1, 1, -1, 1, 1, 1, 1, 1, 1, 1, 1, 1, 1, 1, 1, 1, 1, 1, 1, 1, 1, 1, 1, 1, 1, 1, 1, 1, 1, 1, 1, 1], [2, 2, 2, 2, 2, 2, 2, 2, 2, 2, 2, 2, 2, -1, 2, 2, 2, 2, 2, 2, 2, 2, 2, 2, 2, 2, 2, 2, 2, 2, 2, 2, 2, 2, 2, 2, 2, 2, 2, 2, 2, 2], [1, 1, 1, 1, 1, 1, 1, 1, 1, 1, 1, 1, 1, 1, -1, 1, 1, 1, 1, 1, 1, 1, 1, 1, 1, 1, 1, 1, 1, 1, 1, 1, 1, 1, 1, 1, 1, 1, 1, 1, 1, 1], [1, 1, 1, 1, 1, 1, 1, 1, 1, 1, 1, 1, 1, 1, 1, -1, 1, 1, 1, 1, 1, 1, 1, 1, 1, 1, 1, 1, 1, 1, 1, 1, 1, 1, 1, 1, 1, 1, 1, 1, 1, 1], [0, 0, 0, 0, 0, 0, 0, 0, 0, 0, 0, 0, 0, 0, 0, 0, -1, 0, 0, 0, 0, 0, 0, 0, 0, 0, 0, 0, 0, 0, 0, 0, 0, 0, 0, 0, 0, 0, 0, 0, 0, 0], [0, 0, 0, 0, 0, 0, 0, 0, 0, 0, 0, 0, 0, 0, 0, 0, 0, -1, 0, 0, 0, 0, 0, 0, 0, 0, 0, 0, 0, 0, 0, 0, 0, 0, 0, 0, 0, 0, 0, 0, 0, 0], [0, 0, 0, 0, 0, 0, 0, 0, 0, 0, 0, 0, 0, 0, 0, 0, 0, 0, -1, 0, 0, 0, 0, 0, 0, 0, 0, 0, 0, 0, 0, 0, 0, 0, 0, 0, 0, 0, 0, 0, 0, 0], [0, 0, 0, 0, 0, 0, 0, 0, 0, 0, 0, 0, 0, 0, 0, 0, 0, 0, 0, -1, 0, 0, 0, 0, 0, 0, 0, 0, 0, 0, 0, 0, 0, 0, 0, 0, 0, 0, 0, 0, 0, 0], [2, 2, 2, 2, 2, 2, 2, 2, 2, 2, 2, 2, 2, 2, 2, 2, 2, 2, 2, 2, -1, 2, 2, 2, 2, 2, 2, 2, 2, 2, 2, 2, 2, 2, 2, 2, 2, 2, 2, 2, 2, 2], [0, 0, 0, 0, 0, 0, 0, 0, 0, 0, 0, 0, 0, 0, 0, 0, 0, 0, 0, 0, 0, -1, 0, 0, 0, 0, 0, 0, 0, 0, 0, 0, 0, 0, 0, 0, 0, 0, 0, 0, 0, 0], [1, 1, 1, 1, 1, 1, 1, 1, 1, 1, 1, 1, 1, 1, 1, 1, 1, 1, 1, 1, 1, 1, -1, 1, 1, 1, 1, 1, 1, 1, 1, 1, 1, 1, 1, 1, 1, 1, 1, 1, 1, 1], [2, 2, 2, 2, 2, 2, 2, 2, 2, 2, 2, 2, 2, 2, 2, 2, 2, 2, 2, 2, 2, 2, 2, -1, 2, 2, 2, 2, 2, 2, 2, 2, 2, 2, 2, 2, 2, 2, 2, 2, 2, 2], [1, 1, 1, 1, 1, 1, 1, 1, 1, 1, 1, 1, 1, 1, 1, 1, 1, 1, 1, 1, 1, 1, 1, 1, -1, 1, 1, 1, 1, 1, 1, 1, 1, 1, 1, 1, 1, 1, 1, 1, 1, 1], [0, 0, 0, 0, 0, 0, 0, 0, 0, 0, 0, 0, 0, 0, 0, 0, 0, 0, 0, 0, 0, 0, 0, 0, 0, -1, 0, 0, 0, 0, 0, 0, 0, 0, 0, 0, 0, 0, 0, 0, 0, 0], [0, 0, 0, 0, 0, 0, 0, 0, 0, 0, 0, 0, 0, 0, 0, 0, 0, 0, 0, 0, 0, 0, 0, 0, 0, 0, -1, 0, 0, 0, 0, 0, 0, 0, 0, 0, 0, 0, 0, 0, 0, 0], [0, 0, 0, 0, 0, 0, 0, 0, 0, 0, 0, 0, 0, 0, 0, 0, 0, 0, 0, 0, 0, 0, 0, 0, 0, 0, 0, -1, 0, 0, 0, 0, 0, 0, 0, 0, 0, 0, 0, 0, 0, 0], [1, 1, 1, 1, 1, 1, 1, 1, 1, 1, 1, 1, 1, 1, 1, 1, 1, 1, 1, 1, 1, 1, 1, 1, 1, 1, 1, 1, -1, 1, 1, 1, 1, 1, 1, 1, 1, 1, 1, 1, 1, 1], [0, 0, 0, 0, 0, 0, 0, 0, 0, 0, 0, 0, 0, 0, 0, 0, 0, 0, 0, 0, 0, 0, 0, 0, 0, 0, 0, 0, 0, -1, 0, 0, 0, 0, 0, 0, 0, 0, 0, 0, 0, 0], [2, 2, 2, 2, 2, 2, 2, 2, 2, 2, 2, 2, 2, 2, 2, 2, 2, 2, 2, 2, 2, 2, 2, 2, 2, 2, 2, 2, 2, 2, -1, 2, 2, 2, 2, 2, 2, 2, 2, 2, 2, 2], [0, 0, 0, 0, 0, 0, 0, 0, 0, 0, 0, 0, 0, 0, 0, 0, 0, 0, 0, 0, 0, 0, 0, 0, 0, 0, 0, 0, 0, 0, 0, -1, 0, 0, 0, 0, 0, 0, 0, 0, 0, 0], [0, 0, 0, 0, 0, 0, 0, 0, 0, 0, 0, 0, 0, 0, 0, 0, 0, 0, 0, 0, 0, 0, 0, 0, 0, 0, 0, 0, 0, 0, 0, 0, -1, 0, 0, 0, 0, 0, 0, 0, 0, 0], [0, 0, 0, 0, 0, 0, 0, 0, 0, 0, 0, 0, 0, 0, 0, 0, 0, 0, 0, 0, 0, 0, 0, 0, 0, 0, 0, 0, 0, 0, 0, 0, 0, -1, 0, 0, 0, 0, 0, 0, 0, 0], [0, 0, 0, 0, 0, 0, 0, 0, 0, 0, 0, 0, 0, 0, 0, 0, 0, 0, 0, 0, 0, 0, 0, 0, 0, 0, 0, 0, 0, 0, 0, 0, 0, 0, -1, 0, 0, 0, 0, 0, 0, 0], [0, 0, 0, 0, 0, 0, 0, 0, 0, 0, 0, 0, 0, 0, 0, 0, 0, 0, 0, 0, 0, 0, 0, 0, 0, 0, 0, 0, 0, 0, 0, 0, 0, 0, 0, -1, 0, 0, 0, 0, 0, 0], [0, 0, 0, 0, 0, 0, 0, 0, 0, 0, 0, 0, 0, 0, 0, 0, 0, 0, 0, 0, 0, 0, 0, 0, 0, 0, 0, 0, 0, 0, 0, 0, 0, 0, 0, 0, -1, 0, 0, 0, 0, 0], [0, 0, 0, 0, 0, 0, 0, 0, 0, 0, 0, 0, 0, 0, 0, 0, 0, 0, 0, 0, 0, 0, 0, 0, 0, 0, 0, 0, 0, 0, 0, 0, 0, 0, 0, 0, 0, -1, 0, 0, 0, 0], [1, 1, 1, 1, 1, 1, 1, 1, 1, 1, 1, 1, 1, 1, 1, 1, 1, 1, 1, 1, 1, 1, 1, 1, 1, 1, 1, 1, 1, 1, 1, 1, 1, 1, 1, 1, 1, 1, -1, 1, 1, 1], [0, 0, 0, 0, 0, 0, 0, 0, 0, 0, 0, 0, 0, 0, 0, 0, 0, 0, 0, 0, 0, 0, 0, 0, 0, 0, 0, 0, 0, 0, 0, 0, 0, 0, 0, 0, 0, 0, 0, -1, 0, 0], [2, 2, 2, 2, 2, 2, 2, 2, 2, 2, 2, 2, 2, 2, 2, 2, 2, 2, 2, 2, 2, 2, 2, 2, 2, 2, 2, 2, 2, 2, 2, 2, 2, 2, 2, 2, 2, 2, 2, 2, -1, 2], [2, 2, 2, 2, 2, 2, 2, 2, 2, 2, 2, 2, 2, 2, 2, 2, 2, 2, 2, 2, 2, 2, 2, 2, 2, 2, 2, 2, 2, 2, 2, 2, 2, 2, 2, 2, 2, 2, 2, 2, 2, -1]], "speed_zone_count": 73, "speed_zones": [[0.0, 15.0], [15.0, 30.0], [30.0, 45.0], [45.0, 60.0], [60.0, 75.0], [75.0, 90.0], [90.0, 105.0], [105.0, 120.0], [120.0, 135.0], [135.0, 150.0], [150.0, 165.0], [165.0, 180.0], [180.0, 195.0], [195.0, 210.0], [210.0, 225.0], [225.0, 240.0], [240.0, 255.0], [255.0, 270.0], [270.0, 285.0], [285.0, 300.0], [300.0, 315.0], [315.0, 330.0], [330.0, 345.0], [345.0, 360.0], [360.0, 375.0], [375.0, 390.0], [390.0, 405.0], [405.0, 420.0], [420.0, 435.0], [435.0, 450.0], [450.0, 465.0], [465.0, 480.0], [480.0, 495.0], [495.0, 510.0], [510.0, 525.0], [525.0, 540.0], [540.0, 555.0], [555.0, 570.0], [570.0, 585.0], [585.0, 600.0], [600.0, 615.0], [615.0, 630.0], [630.0, 645.0], [645.0, 660.0], [660.0, 675.0], [675.0, 690.0], [690.0, 705.0], [705.0, 720.0], [720.0, 735.0], [735.0, 750.0], [750.0, 765.0], [765.0, 780.0], [780.0, 795.0], [795.0, 810.0], [810.0, 825.0], [825.0, 840.0], [840.0, 855.0], [855.0, 870.0], [870.0, 885.0], [885.0, 900.0], [900.0, 915.0], [915.0, 930.0], [930.0, 945.0], [945.0, 960.0], [960.0, 975.0], [975.0, 990.0], [990.0, 1005.0], [1005.0, 1020.0], [1020.0, 1035.0], [1035.0, 1050.0], [1050.0, 1065.0], [1065.0, 1080.0], [1080.0, 5000.0]], "distances": [[0.0, 77.08, 57.82, 92.85, 93.75, 61.1, 41.11, 83.6, 46.4, 68.62, 66.42, 67.22, 79.93, 52.87, 50.09, 72.56, 75.97, 58.55, 68.82, 73.34, 82.98, 79.56, 78.21, 51.9, 85.54, 59.63, 71.8, 73.78, 76.99, 62.62, 98.56, 56.13, 76.31, 73.44, 75.33, 67.99, 69.33, 68.94, 67.65, 80.47, 37.54, 0.0], [0.0, 0.0, 19.26, 24.14, 17.46, 18.73, 40.26, 7.23, 38.5, 9.22, 28.51, 9.89, 20.52, 39.13, 27.6, 16.32, 9.41, 18.54, 11.17, 8.96, 23.42, 7.12, 19.61, 48.21, 18.54, 17.89, 8.4, 13.35, 18.97, 14.49, 22.37, 20.98, 9.59, 4.49, 4.19, 15.93, 13.69, 12.13, 26.05, 4.75, 44.06, 77.08], [0.0, 19.26, 0.0, 38.27, 36.16, 9.42, 23.09, 25.97, 23.42, 11.16, 24.79, 9.41, 28.02, 27.39, 9.39, 19.79, 18.28, 8.53, 12.61, 17.21, 31.67, 22.4, 26.28, 36.4, 31.0, 4.18, 14.94, 19.73, 25.0, 4.84, 41.05, 11.65, 18.51, 15.74, 17.89, 15.5, 15.35, 13.37, 23.54, 22.89, 26.54, 57.82], [0.0, 24.14, 38.27, 0.0, 14.54, 41.62, 61.32, 24.25, 60.85, 27.61, 52.64, 30.33, 13.45, 62.65, 47.66, 20.3, 26.46, 37.42, 25.67, 33.06, 11.53, 17.42, 14.96, 71.86, 7.4, 38.98, 23.52, 37.19, 16.07, 33.88, 14.98, 40.46, 23.37, 24.51, 28.3, 40.02, 37.81, 25.04, 50.17, 25.5, 64.81, 92.85], [0.0, 17.46, 36.16, 14.54, 0.0, 36.09, 57.71, 13.43, 55.83, 25.15, 43.51, 26.83, 22.06, 55.85, 44.92, 24.51, 19.26, 35.38, 25.17, 24.75, 22.44, 14.35, 22.61, 64.7, 15.19, 35.27, 22.07, 27.77, 23.03, 31.32, 4.92, 38.07, 17.78, 20.43, 20.64, 32.16, 29.94, 25.32, 40.94, 16.01, 61.52, 93.75], [0.0, 18.73, 9.42, 41.62, 36.09, 0.0, 21.93, 23.7, 19.77, 14.58, 15.49, 11.59, 33.69, 21.11, 11.34, 26.03, 16.83, 9.67, 17.7, 12.45, 37.28, 24.34, 32.11, 30.35, 34.9, 5.31, 18.62, 12.83, 30.95, 9.89, 40.97, 8.77, 18.83, 17.14, 15.55, 7.32, 8.26, 18.93, 14.13, 20.61, 25.82, 61.1], [0.0, 40.26, 23.09, 61.32, 57.71, 21.93, 0.0, 45.62, 6.09, 33.84, 25.44, 31.41, 50.89, 14.02, 13.72, 42.61, 38.55, 23.94, 35.69, 34.3, 54.52, 44.89, 49.12, 18.97, 54.08, 22.65, 37.84, 33.71, 47.82, 27.46, 62.63, 20.89, 40.04, 37.78, 37.41, 27.91, 29.61, 36.46, 26.55, 42.51, 15.02, 41.11], [0.0, 7.23, 25.97, 24.25, 13.43, 23.7, 45.62, 0.0, 43.15, 16.44, 30.09, 16.8, 24.57, 42.61, 33.7, 22.25, 7.69, 25.31, 18.29, 11.62, 26.8, 10.88, 24.1, 51.36, 20.52, 24.02, 15.34, 14.34, 23.77, 21.34, 17.99, 27.5, 8.67, 11.69, 8.32, 18.94, 16.78, 19.13, 27.52, 11.98, 49.5, 83.6], [0.0, 38.5, 23.42, 60.85, 55.83, 19.77, 6.09, 43.15, 0.0, 33.25, 20.05, 30.53, 51.41, 8.0, 14.79, 43.21, 36.58, 24.23, 35.63, 31.58, 55.06, 43.86, 49.68, 14.33, 53.82, 21.9, 37.37, 30.24, 48.41, 27.16, 60.7, 21.25, 38.55, 36.63, 35.22, 24.61, 26.57, 36.58, 21.46, 40.15, 8.93, 46.4], [0.0, 9.22, 11.16, 27.61, 25.15, 14.58, 33.84, 16.44, 33.25, 0.0, 28.38, 11.03, 19.16, 35.62, 20.35, 11.92, 9.23, 10.34, 11.65, 12.21, 22.72, 11.24, 17.64, 44.86, 20.58, 11.37, 14.75, 16.61, 16.53, 6.42, 30.0, 13.22, 8.0, 4.94, 9.86, 15.79, 14.14, 5.02, 26.32, 13.71, 37.44, 68.62], [0.0, 28.51, 24.79, 52.64, 43.51, 15.49, 25.44, 30.09, 20.05, 28.38, 0.0, 25.42, 47.21, 15.16, 22.85, 40.29, 26.18, 25.12, 31.91, 19.59, 50.62, 35.45, 45.83, 22.35, 46.84, 20.78, 31.91, 15.79, 44.8, 25.09, 47.94, 23.75, 29.41, 29.07, 24.34, 12.89, 14.98, 33.26, 23.53, 27.79, 28.88, 66.42], [0.0, 9.89, 9.41, 30.33, 26.83, 11.59, 31.41, 16.8, 30.53, 11.03, 25.42, 0.0, 22.19, 32.66, 18.17, 14.88, 9.15, 8.67, 6.49, 10.37, 25.75, 13.49, 20.67, 41.91, 23.41, 8.77, 7.04, 14.43, 19.56, 4.61, 31.73, 11.25, 9.11, 6.44, 9.19, 12.98, 11.48, 7.85, 23.41, 13.81, 35.09, 67.22], [0.0, 20.52, 28.02, 13.45, 22.06, 33.69, 50.89, 24.57, 51.41, 19.16, 47.21, 22.19, 0.0, 54.57, 37.21, 8.28, 22.59, 27.2, 16.04, 28.78, 14.55, 13.89, 14.79, 63.78, 7.28, 29.83, 15.33, 33.45, 13.5, 24.43, 25.0, 30.22, 19.02, 18.36, 24.37, 34.36, 32.4, 14.93, 45.0, 24.12, 54.09, 79.93], [0.0, 39.13, 27.39, 62.65, 55.85, 21.11, 14.02, 42.61, 8.0, 35.62, 15.16, 32.66, 54.57, 0.0, 20.28, 46.63, 36.98, 28.09, 38.53, 31.09, 58.2, 45.28, 52.93, 9.24, 56.0, 24.79, 39.7, 28.64, 51.72, 30.19, 60.57, 25.42, 39.52, 38.15, 35.37, 23.7, 25.9, 39.65, 17.24, 39.84, 16.27, 52.87], [0.0, 27.6, 9.39, 47.66, 44.92, 11.34, 13.72, 33.7, 14.79, 20.35, 22.85, 18.17, 37.21, 20.28, 0.0, 28.93, 26.2, 10.24, 22.0, 23.26, 40.84, 31.55, 35.44, 28.66, 40.39, 9.72, 24.27, 24.16, 34.15, 13.93, 49.83, 7.2, 27.13, 24.61, 25.37, 18.61, 19.57, 22.74, 22.57, 30.55, 17.15, 50.09], [0.0, 16.32, 19.79, 20.3, 24.51, 26.03, 42.61, 22.25, 43.21, 11.92, 40.29, 14.88, 8.28, 46.63, 28.93, 0.0, 17.87, 18.98, 8.4, 23.14, 11.91, 11.78, 6.51, 55.81, 12.99, 21.84, 8.85, 27.8, 5.22, 16.45, 28.52, 21.98, 14.61, 12.78, 19.37, 27.67, 25.93, 7.11, 38.23, 20.79, 45.82, 72.56], [0.0, 9.41, 18.28, 26.46, 19.26, 16.83, 38.55, 7.69, 36.58, 9.23, 26.18, 9.15, 22.59, 36.98, 26.2, 17.87, 0.0, 17.62, 11.82, 6.63, 25.59, 9.42, 21.6, 46.02, 20.85, 16.48, 9.43, 11.07, 20.89, 13.65, 24.14, 19.84, 11.07, 5.27, 9.84, 13.64, 11.4, 12.94, 23.72, 4.66, 42.39, 75.97], [0.0, 18.54, 8.53, 37.42, 35.38, 9.67, 23.94, 25.31, 24.23, 10.34, 25.12, 8.67, 27.2, 28.09, 10.24, 18.98, 17.62, 0.0, 11.76, 16.8, 30.85, 21.58, 25.46, 37.13, 30.15, 4.36, 14.1, 19.48, 24.19, 9.76, 40.26, 16.57, 17.76, 14.95, 17.29, 15.46, 15.18, 12.53, 23.79, 22.24, 27.39, 58.55], [0.0, 11.17, 12.61, 25.67, 25.17, 17.7, 35.69, 18.29, 35.63, 11.65, 31.91, 6.49, 16.04, 38.53, 22.0, 8.4, 11.82, 11.76, 0.0, 15.69, 19.67, 10.83, 14.43, 47.75, 18.39, 13.85, 13.53, 20.18, 13.25, 8.48, 29.86, 14.81, 9.63, 6.7, 12.82, 19.41, 17.79, 14.34, 29.9, 15.91, 39.15, 68.82], [0.0, 8.96, 17.21, 33.06, 24.75, 12.45, 34.3, 11.62, 31.58, 12.21, 19.59, 10.37, 28.78, 31.09, 23.26, 23.14, 6.63, 16.8, 15.69, 0.0, 31.93, 16.02, 27.64, 39.97, 27.46, 14.11, 14.3, 4.69, 26.81, 13.6, 29.49, 18.13, 10.04, 10.52, 4.77, 7.41, 5.19, 17.02, 17.11, 8.75, 38.21, 73.34], [0.0, 23.42, 31.67, 11.53, 22.44, 37.28, 54.52, 26.8, 55.06, 22.72, 50.62, 25.75, 14.55, 58.2, 40.84, 11.91, 25.59, 30.85, 19.67, 31.93, 0.0, 16.51, 5.4, 67.42, 7.28, 33.48, 18.83, 36.56, 6.69, 28.08, 24.74, 33.87, 22.02, 21.63, 27.41, 37.75, 35.74, 18.57, 48.37, 26.69, 57.69, 82.98], [0.0, 7.12, 22.4, 17.42, 14.35, 24.34, 44.89, 10.88, 43.86, 11.24, 35.45, 13.49, 13.89, 45.28, 31.55, 11.78, 9.42, 21.58, 10.83, 16.02, 16.51, 0.0, 13.28, 54.47, 11.44, 22.25, 7.77, 20.48, 12.9, 17.64, 19.04, 24.45, 6.04, 7.23, 11.29, 22.7, 20.51, 10.99, 33.04, 10.23, 48.56, 79.56], [0.0, 19.61, 26.28, 14.96, 22.61, 32.11, 49.12, 24.1, 49.68, 17.64, 45.83, 20.67, 14.79, 52.93, 35.44, 6.51, 21.6, 25.46, 14.43, 27.64, 5.4, 13.28, 0.0, 62.13, 8.36, 28.17, 13.92, 32.33, 11.73, 22.77, 25.82, 28.48, 18.05, 17.15, 23.34, 33.01, 31.1, 13.28, 43.65, 23.43, 52.31, 78.21], [0.0, 48.21, 36.4, 71.86, 64.7, 30.35, 18.97, 51.36, 14.33, 44.86, 22.35, 41.91, 63.78, 9.24, 28.66, 55.81, 46.02, 37.13, 47.75, 39.97, 67.42, 54.47, 62.13, 0.0, 65.24, 33.97, 48.94, 37.17, 60.92, 39.37, 69.35, 34.36, 48.66, 47.36, 44.37, 32.56, 34.8, 48.86, 24.77, 48.69, 19.44, 51.9], [0.0, 18.54, 31.0, 7.4, 15.19, 34.9, 54.08, 20.52, 53.82, 20.58, 46.84, 23.41, 7.28, 56.0, 40.39, 12.99, 20.85, 30.15, 18.39, 27.46, 7.28, 11.44, 8.36, 65.24, 0.0, 31.92, 16.46, 31.89, 9.24, 26.73, 17.78, 33.2, 17.45, 18.01, 22.72, 34.02, 31.86, 17.7, 44.45, 20.96, 57.53, 85.54], [0.0, 17.89, 4.18, 38.98, 35.27, 5.31, 22.65, 24.02, 21.9, 11.37, 20.78, 8.77, 29.83, 24.79, 9.72, 21.84, 16.48, 4.36, 13.85, 14.11, 33.48, 22.25, 28.17, 33.97, 31.92, 0.0, 15.47, 16.03, 26.94, 5.4, 40.19, 12.21, 17.5, 15.13, 15.71, 11.45, 11.52, 14.9, 19.43, 20.87, 26.36, 59.63], [0.0, 8.4, 14.94, 23.52, 22.07, 18.62, 37.84, 15.34, 37.37, 14.75, 31.91, 7.04, 15.33, 39.7, 24.27, 8.85, 9.43, 14.1, 13.53, 14.3, 18.83, 7.77, 13.92, 48.94, 16.46, 15.47, 0.0, 18.95, 12.91, 10.38, 26.8, 17.08, 6.75, 12.89, 10.73, 19.11, 17.24, 14.88, 29.74, 13.14, 41.4, 71.8], [0.0, 13.35, 19.73, 37.19, 27.77, 12.83, 33.71, 14.34, 30.24, 16.61, 15.79, 14.43, 33.45, 28.64, 24.16, 27.8, 11.07, 19.48, 20.18, 4.69, 36.56, 20.48, 32.33, 37.17, 31.89, 16.03, 18.95, 0.0, 31.49, 16.91, 32.29, 20.19, 14.59, 15.21, 9.2, 5.83, 4.62, 21.53, 13.23, 12.01, 37.62, 73.78], [0.0, 18.97, 25.0, 16.07, 23.03, 30.95, 47.82, 23.77, 48.41, 16.53, 44.8, 19.56, 13.5, 51.72, 34.15, 5.22, 20.89, 24.19, 13.25, 26.81, 6.69, 12.9, 11.73, 60.92, 9.24, 26.94, 12.91, 31.49, 0.0, 21.54, 26.42, 27.2, 17.37, 16.29, 22.59, 32.02, 30.13, 12.07, 42.65, 22.94, 51.01, 76.99], [0.0, 14.49, 4.84, 33.88, 31.32, 9.89, 27.46, 21.34, 27.16, 6.42, 25.09, 4.61, 24.43, 30.19, 13.93, 16.45, 13.65, 9.76, 8.48, 13.6, 28.08, 17.64, 22.77, 39.37, 26.73, 5.4, 10.38, 16.91, 21.54, 0.0, 36.21, 6.81, 13.69, 10.9, 13.47, 13.87, 13.04, 9.51, 23.41, 18.3, 31.03, 62.62], [0.0, 22.37, 41.05, 14.98, 4.92, 40.97, 62.63, 17.99, 60.7, 30.0, 47.94, 31.73, 25.0, 60.57, 49.83, 28.52, 24.14, 40.26, 29.86, 29.49, 24.74, 19.04, 25.82, 69.35, 17.78, 40.19, 26.8, 32.29, 26.42, 36.21, 0.0, 42.97, 22.7, 25.32, 25.49, 36.87, 34.68, 29.93, 45.37, 20.73, 66.44, 98.56], [0.0, 20.98, 11.65, 40.46, 38.07, 8.77, 20.89, 27.5, 21.25, 13.22, 23.75, 11.25, 30.22, 25.42, 7.2, 21.98, 19.84, 16.57, 14.81, 18.13, 33.87, 24.45, 28.48, 34.36, 33.2, 12.21, 17.08, 20.19, 27.2, 6.81, 42.97, 0.0, 20.34, 17.66, 19.3, 15.5, 15.67, 15.58, 22.69, 24.39, 24.35, 56.13], [0.0, 9.59, 18.51, 23.37, 17.78, 18.83, 40.04, 8.67, 38.55, 8.0, 29.41, 9.11, 19.02, 39.52, 27.13, 14.61, 11.07, 17.76, 9.63, 10.04, 22.02, 6.04, 18.05, 48.66, 17.45, 17.5, 6.75, 14.59, 17.37, 13.69, 22.7, 20.34, 0.0, 12.0, 5.4, 16.67, 14.47, 10.51, 27.0, 6.41, 43.81, 76.31], [0.0, 4.49, 15.74, 24.51, 20.43, 17.14, 37.78, 11.69, 36.63, 4.94, 29.07, 6.44, 18.36, 38.15, 24.61, 12.78, 5.27, 14.95, 6.7, 10.52, 21.63, 7.23, 17.15, 47.36, 18.01, 15.13, 12.89, 15.21, 16.29, 10.9, 25.32, 17.66, 12.0, 0.0, 6.61, 16.18, 14.13, 7.73, 26.77, 9.21, 41.49, 73.44], [0.0, 4.19, 17.89, 28.3, 20.64, 15.55, 37.41, 8.32, 35.22, 9.86, 24.34, 9.19, 24.37, 35.37, 25.37, 19.37, 9.84, 17.29, 12.82, 4.77, 27.41, 11.29, 23.34, 44.37, 22.72, 15.71, 10.73, 9.2, 22.59, 13.47, 25.49, 19.3, 5.4, 6.61, 0.0, 11.89, 9.65, 14.02, 21.87, 5.18, 41.28, 75.33], [0.0, 15.93, 15.5, 40.02, 32.16, 7.32, 27.91, 18.94, 24.61, 15.79, 12.89, 12.98, 34.36, 23.7, 18.61, 27.67, 13.64, 15.46, 19.41, 7.41, 37.75, 22.7, 33.01, 32.56, 34.02, 11.45, 19.11, 5.83, 32.02, 13.87, 36.87, 15.5, 16.67, 16.18, 11.89, 0.0, 10.44, 20.78, 10.64, 16.15, 31.82, 67.99], [0.0, 13.69, 15.35, 37.81, 29.94, 8.26, 29.61, 16.78, 26.57, 14.14, 14.98, 11.48, 32.4, 25.9, 19.57, 25.93, 11.4, 15.18, 17.79, 5.19, 35.74, 20.51, 31.1, 34.8, 31.86, 11.52, 17.24, 4.62, 30.13, 13.04, 34.68, 15.67, 14.47, 14.13, 9.65, 10.44, 0.0, 19.17, 12.65, 13.94, 33.53, 69.33], [0.0, 12.13, 13.37, 25.04, 25.32, 18.93, 36.46, 19.13, 36.58, 5.02, 33.26, 7.85, 14.93, 39.65, 22.74, 7.11, 12.94, 12.53, 14.34, 17.02, 18.57, 10.99, 13.28, 48.86, 17.7, 14.9, 14.88, 21.53, 12.07, 9.51, 29.93, 15.58, 10.51, 7.73, 14.02, 20.78, 19.17, 0.0, 31.26, 16.87, 39.85, 68.94], [0.0, 26.05, 23.54, 50.17, 40.94, 14.13, 26.55, 27.52, 21.46, 26.32, 23.53, 23.41, 45.0, 17.24, 22.57, 38.23, 23.72, 23.79, 29.9, 17.11, 48.37, 33.04, 43.65, 24.77, 44.45, 19.43, 29.74, 13.23, 42.65, 23.41, 45.37, 22.69, 27.0, 26.77, 21.87, 10.64, 12.65, 31.26, 0.0, 25.24, 30.13, 67.65], [0.0, 4.75, 22.89, 25.5, 16.01, 20.61, 42.51, 11.98, 40.15, 13.71, 27.79, 13.81, 24.12, 39.84, 30.55, 20.79, 4.66, 22.24, 15.91, 8.75, 26.69, 10.23, 23.43, 48.69, 20.96, 20.87, 13.14, 12.01, 22.94, 18.3, 20.73, 24.39, 6.41, 9.21, 5.18, 16.15, 13.94, 16.87, 25.24, 0.0, 46.39, 80.47], [0.0, 44.06, 26.54, 64.81, 61.52, 25.82, 15.02, 49.5, 8.93, 37.44, 28.88, 35.09, 54.09, 16.27, 17.15, 45.82, 42.39, 27.39, 39.15, 38.21, 57.69, 48.56, 52.31, 19.44, 57.53, 26.36, 41.4, 37.62, 51.01, 31.03, 66.44, 24.35, 43.81, 41.49, 41.28, 31.82, 33.53, 39.85, 30.13, 46.39, 0.0, 37.54], [0.0, 0.0, 0.0, 0.0, 0.0, 0.0, 0.0, 0.0, 0.0, 0.0, 0.0, 0.0, 0.0, 0.0, 0.0, 0.0, 0.0, 0.0, 0.0, 0.0, 0.0, 0.0, 0.0, 0.0, 0.0, 0.0, 0.0, 0.0, 0.0, 0.0, 0.0, 0.0, 0.0, 0.0, 0.0, 0.0, 0.0, 0.0, 0.0, 0.0, 0.0, 0.0]], "time_windows": [[0.0, 5000.0], [0.0, 127.0], [0.0, 150.0], [0.0, 225.0], [0.0, 273.0], [0.0, 362.0], [0.0, 401.0], [0.0, 480.0], [0.0, 602.0], [0.0, 664.0], [0.0, 707.0], [0.0, 742.0], [0.0, 773.0], [0.0, 872.0], [0.0, 911.0], [0.0, 959.0], [0.0, 987.0], [0.0, 1010.0], [0.0, 1025.0], [0.0, 1045.0], [0.0, 1080.0], [0.0, 1099.0], [0.0, 1113.0], [0.0, 1175.0], [0.0, 1240.0], [0.0, 1272.0], [0.0, 1287.0], [0.0, 1306.0], [0.0, 1338.0], [0.0, 1359.0], [0.0, 1395.0], [0.0, 1438.0], [0.0, 1459.0], [0.0, 1471.0], [0.0, 1477.0], [0.0, 1489.0], [0.0, 1500.0], [0.0, 1519.0], [0.0, 1550.0], [0.0, 1575.0], [0.0, 1622.0], [0.0, 5000.0]], "start_depot": 0, "end_depot": 41, "horizon": [0.0, 5000.0]}