{"digraph": {"vertex_count": 42, "arc_count": 1640, "arcs": [[0, 1, 1, 1, 1, 1, 1, 1, 1, 1, 1, 1, 1, 1, 1, 1, 1, 1, 1, 1, 1, 1, 1, 1, 1, 1, 1, 1, 1, 1, 1, 1, 1, 1, 1, 1, 1, 1, 1, 1, 1, 1], [0, 0, 1, 1, 1, 1, 1, 1, 1, 1, 1, 1, 1, 1, 1, 1, 1, 1, 1, 1, 1, 1, 1, 1, 1, 1, 1, 1, 1, 1, 1, 1, 1, 1, 1, 1, 1, 1, 1, 1, 1, 1], [0, 1, 0, 1, 1, 1, 1, 1, 1, 1, 1, 1, 1, 1, 1, 1, 1, 1, 1, 1, 1, 1, 1, 1, 1, 1, 1, 1, 1, 1, 1, 1, 1, 1, 1, 1, 1, 1, 1, 1, 1, 1], [0, 1, 1, 0, 1, 1, 1, 1, 1, 1, 1, 1, 1, 1, 1, 1, 1, 1, 1, 1, 1, 1, 1, 1, 1, 1, 1, 1, 1, 1, 1, 1, 1, 1, 1, 1, 1, 1, 1, 1, 1, 1], [0, 1, 1, 1, 0, 1, 1, 1, 1, 1, 1, 1, 1, 1, 1, 1, 1, 1, 1, 1, 1, 1, 1, 1, 1, 1, 1, 1, 1, 1, 1, 1, 1, 1, 1, 1, 1, 1, 1, 1, 1, 1], [0, 1, 1, 1, 1, 0, 1, 1, 1, 1, 1, 1, 1, 1, 1, 1, 1, 1, 1, 1, 1, 1, 1, 1, 1, 1, 1, 1, 1, 1, 1, 1, 1, 1, 1, 1, 1, 1, 1, 1, 1, 1], [0, 1, 1, 1, 1, 1, 0, 1, 1, 1, 1, 1, 1, 1, 1, 1, 1, 1, 1, 1, 1, 1, 1, 1, 1, 1, 1, 1, 1, 1, 1, 1, 1, 1, 1, 1, 1, 1, 1, 1, 1, 1], [0, 1, 1, 1, 1, 1, 1, 0, 1, 1, 1, 1, 1, 1, 1, 1, 1, 1, 1, 1, 1, 1, 1, 1, 1, 1, 1, 1, 1, 1, 1, 1, 1, 1, 1, 1, 1, 1, 1, 1, 1, 1], [0, 1, 1, 1, 1, 1, 1, 1, 0, 1, 1, 1, 1, 1, 1, 1, 1, 1, 1, 1, 1, 1, 1, 1, 1, 1, 1, 1, 1, 1, 1, 1, 1, 1, 1, 1, 1, 1, 1, 1, 1, 1], [0, 1, 1, 1, 1, 1, 1, 1, 1, 0, 1, 1, 1, 1, 1, 1, 1, 1, 1, 1, 1, 1, 1, 1, 1, 1, 1, 1, 1, 1, 1, 1, 1, 1, 1, 1, 1, 1, 1, 1, 1, 1], [0, 1, 1, 1, 1, 1, 1, 1, 1, 1, 0, 1, 1, 1, 1, 1, 1, 1, 1, 1, 1, 1, 1, 1, 1, 1, 1, 1, 1, 1, 1, 1, 1, 1, 1, 1, 1, 1, 1, 1, 1, 1], [0, 1, 1, 1, 1, 1, 1, 1, 1, 1, 1, 0, 1, 1, 1, 1, 1, 1, 1, 1, 1, 1, 1, 1, 1, 1, 1, 1, 1, 1, 1, 1, 1, 1, 1, 1, 1, 1, 1, 1, 1, 1], [0, 1, 1, 1, 1, 1, 1, 1, 1, 1, 1, 1, 0, 1, 1, 1, 1, 1, 1, 1, 1, 1, 1, 1, 1, 1, 1, 1, 1, 1, 1, 1, 1, 1, 1, 1, 1, 1, 1, 1, 1, 1], [0, 1, 1, 1, 1, 1, 1, 1, 1, 1, 1, 1, 1, 0, 1, 1, 1, 1, 1, 1, 1, 1, 1, 1, 1, 1, 1, 1, 1, 1, 1, 1, 1, 1, 1, 1, 1, 1, 1, 1, 1, 1], [0, 1, 1, 1, 1, 1, 1, 1, 1, 1, 1, 1, 1, 1, 0, 1, 1, 1, 1, 1, 1, 1, 1, 1, 1, 1, 1, 1, 1, 1, 1, 1, 1, 1, 1, 1, 1, 1, 1, 1, 1, 1], [0, 1, 1, 1, 1, 1, 1, 1, 1, 1, 1, 1, 1, 1, 1, 0, 1, 1, 1, 1, 1, 1, 1, 1, 1, 1, 1, 1, 1, 1, 1, 1, 1, 1, 1, 1, 1, 1, 1, 1, 1, 1], [0, 1, 1, 1, 1, 1, 1, 1, 1, 1, 1, 1, 1, 1, 1, 1, 0, 1, 1, 1, 1, 1, 1, 1, 1, 1, 1, 1, 1, 1, 1, 1, 1, 1, 1, 1, 1, 1, 1, 1, 1, 1], [0, 1, 1, 1, 1, 1, 1, 1, 1, 1, 1, 1, 1, 1, 1, 1, 1, 0, 1, 1, 1, 1, 1, 1, 1, 1, 1, 1, 1, 1, 1, 1, 1, 1, 1, 1, 1, 1, 1, 1, 1, 1], [0, 1, 1, 1, 1, 1, 1, 1, 1, 1, 1, 1, 1, 1, 1, 1, 1, 1, 0, 1, 1, 1, 1, 1, 1, 1, 1, 1, 1, 1, 1, 1, 1, 1, 1, 1, 1, 1, 1, 1, 1, 1], [0, 1, 1, 1, 1, 1, 1, 1, 1, 1, 1, 1, 1, 1, 1, 1, 1, 1, 1, 0, 1, 1, 1, 1, 1, 1, 1, 1, 1, 1, 1, 1, 1, 1, 1, 1, 1, 1, 1, 1, 1, 1], [0, 1, 1, 1, 1, 1, 1, 1, 1, 1, 1, 1, 1, 1, 1, 1, 1, 1, 1, 1, 0, 1, 1, 1, 1, 1, 1, 1, 1, 1, 1, 1, 1, 1, 1, 1, 1, 1, 1, 1, 1, 1], [0, 1, 1, 1, 1, 1, 1, 1, 1, 1, 1, 1, 1, 1, 1, 1, 1, 1, 1, 1, 1, 0, 1, 1, 1, 1, 1, 1, 1, 1, 1, 1, 1, 1, 1, 1, 1, 1, 1, 1, 1, 1], [0, 1, 1, 1, 1, 1, 1, 1, 1, 1, 1, 1, 1, 1, 1, 1, 1, 1, 1, 1, 1, 1, 0, 1, 1, 1, 1, 1, 1, 1, 1, 1, 1, 1, 1, 1, 1, 1, 1, 1, 1, 1], [0, 1, 1, 1, 1, 1, 1, 1, 1, 1, 1, 1, 1, 1, 1, 1, 1, 1, 1, 1, 1, 1, 1, 0, 1, 1, 1, 1, 1, 1, 1, 1, 1, 1, 1, 1, 1, 1, 1, 1, 1, 1], [0, 1, 1, 1, 1, 1, 1, 1, 1, 1, 1, 1, 1, 1, 1, 1, 1, 1, 1, 1, 1, 1, 1, 1, 0, 1, 1, 1, 1, 1, 1, 1, 1, 1, 1, 1, 1, 1, 1, 1, 1, 1], [0, 1, 1, 1, 1, 1, 1, 1, 1, 1, 1, 1, 1, 1, 1, 1, 1, 1, 1, 1, 1, 1, 1, 1, 1, 0, 1, 1, 1, 1, 1, 1, 1, 1, 1, 1, 1, 1, 1, 1, 1, 1], [0, 1, 1, 1, 1, 1, 1, 1, 1, 1, 1, 1, 1, 1, 1, 1, 1, 1, 1, 1, 1, 1, 1, 1, 1, 1, 0, 1, 1, 1, 1, 1, 1, 1, 1, 1, 1, 1, 1, 1, 1, 1], [0, 1, 1, 1, 1, 1, 1, 1, 1, 1, 1, 1, 1, 1, 1, 1, 1, 1, 1, 1, 1, 1, 1, 1, 1, 1, 1, 0, 1, 1, 1, 1, 1, 1, 1, 1, 1, 1, 1, 1, 1, 1], [0, 1, 1, 1, 1, 1, 1, 1, 1, 1, 1, 1, 1, 1, 1, 1, 1, 1, 1, 1, 1, 1, 1, 1, 1, 1, 1, 1, 0, 1, 1, 1, 1, 1, 1, 1, 1, 1, 1, 1, 1, 1], [0, 1, 1, 1, 1, 1, 1, 1, 1, 1, 1, 1, 1, 1, 1, 1, 1, 1, 1, 1, 1, 1, 1, 1, 1, 1, 1, 1, 1, 0, 1, 1, 1, 1, 1, 1, 1, 1, 1, 1, 1, 1], [0, 1, 1, 1, 1, 1, 1, 1, 1, 1, 1, 1, 1, 1, 1, 1, 1, 1, 1, 1, 1, 1, 1, 1, 1, 1, 1, 1, 1, 1, 0, 1, 1, 1, 1, 1, 1, 1, 1, 1, 1, 1], [0, 1, 1, 1, 1, 1, 1, 1, 1, 1, 1, 1, 1, 1, 1, 1, 1, 1, 1, 1, 1, 1, 1, 1, 1, 1, 1, 1, 1, 1, 1, 0, 1, 1, 1, 1, 1, 1, 1, 1, 1, 1], [0, 1, 1, 1, 1, 1, 1, 1, 1, 1, 1, 1, 1, 1, 1, 1, 1, 1, 1, 1, 1, 1, 1, 1, 1, 1, 1, 1, 1, 1, 1, 1, 0, 1, 1, 1, 1, 1, 1, 1, 1, 1], [0, 1, 1, 1, 1, 1, 1, 1, 1, 1, 1, 1, 1, 1, 1, 1, 1, 1, 1, 1, 1, 1, 1, 1, 1, 1, 1, 1, 1, 1, 1, 1, 1, 0, 1, 1, 1, 1, 1, 1, 1, 1], [0, 1, 1, 1, 1, 1, 1, 1, 1, 1, 1, 1, 1, 1, 1, 1, 1, 1, 1, 1, 1, 1, 1, 1, 1, 1, 1, 1, 1, 1, 1, 1, 1, 1, 0, 1, 1, 1, 1, 1, 1, 1], [0, 1, 1, 1, 1, 1, 1, 1, 1, 1, 1, 1, 1, 1, 1, 1, 1, 1, 1, 1, 1, 1, 1, 1, 1, 1, 1, 1, 1, 1, 1, 1, 1, 1, 1, 0, 1, 1, 1, 1, 1, 1], [0, 1, 1, 1, 1, 1, 1, 1, 1, 1, 1, 1, 1, 1, 1, 1, 1, 1, 1, 1, 1, 1, 1, 1, 1, 1, 1, 1, 1, 1, 1, 1, 1, 1, 1, 1, 0, 1, 1, 1, 1, 1], [0, 1, 1, 1, 1, 1, 1, 1, 1, 1, 1, 1, 1, 1, 1, 1, 1, 1, 1, 1, 1, 1, 1, 1, 1, 1, 1, 1, 1, 1, 1, 1, 1, 1, 1, 1, 1, 0, 1, 1, 1, 1], [0, 1, 1, 1, 1, 1, 1, 1, 1, 1, 1, 1, 1, 1, 1, 1, 1, 1, 1, 1, 1, 1, 1, 1, 1, 1, 1, 1, 1, 1, 1, 1, 1, 1, 1, 1, 1, 1, 0, 1, 1, 1], [0, 1, 1, 1, 1, 1, 1, 1, 1, 1, 1, 1, 1, 1, 1, 1, 1, 1, 1, 1, 1, 1, 1, 1, 1, 1, 1, 1, 1, 1, 1, 1, 1, 1, 1, 1, 1, 1, 1, 0, 1, 1], [0, 1, 1, 1, 1, 1, 1, 1, 1, 1, 1, 1, 1, 1, 1, 1, 1, 1, 1, 1, 1, 1, 1, 1, 1, 1, 1, 1, 1, 1, 1, 1, 1, 1, 1, 1, 1, 1, 1, 1, 0, 1], [0, 0, 0, 0, 0, 0, 0, 0, 0, 0, 0, 0, 0, 0, 0, 0, 0, 0, 0, 0, 0, 0, 0, 0, 0, 0, 0, 0, 0, 0, 0, 0, 0, 0, 0, 0, 0, 0, 0, 0, 0, 0]]}, "cluster_count": 3, "cluster_speeds": [[0.925, 0.85, 0.925, 1.0, 0.8325, 0.765, 0.8325, 0.9, 0.4625, 0.425, 0.4625, 0.5, 0.30525, 0.2805, 0.30525, 0.33, 0.37, 0.34, 0.37, 0.4, 0.555, 0.51, 0.555, 0.6, 0.6475, 0.595, 0.6475, 0.7, 0.37, 0.34, 0.37, 0.4, 0.30525, 0.2805, 0.30525, 0.33, 0.4625, 0.425, 0.4625, 0.5, 0.6475, 0.595, 0.6475, 0.7, 0.74, 0.68, 0.74, 0.8, 0.6475, 0.595, 0.6475, 0.7, 0.4625, 0.425, 0.4625, 0.5, 0.555, 0.51, 0.555, 0.6, 0.6475, 0.595, 0.6475, 0.7, 0.8325, 0.765, 0.8325, 0.9, 0.925, 0.85, 0.925, 1.0, 1.0], [0.6475, 0.595, 0.6475, 0.7, 0.58275, 0.5355, 0.58275, 0.63, 0.32375, 0.2975, 0.32375, 0.35, 0.213675, 0.19635, 0.213675, 0.23099999999999998, 0.259, 0.238, 0.259, 0.27999999999999997, 0.3885, 0.357, 0.3885, 0.42, 0.6475, 0.595, 0.6475, 0.7, 0.37, 0.34, 0.37, 0.4, 0.30525, 0.2805, 0.30525, 0.33, 0.4625, 0.425, 0.4625, 0.5, 0.6475, 0.595, 0.6475, 0.7, 0.74, 0.68, 0.74, 0.8, 0.45324999999999993, 0.4165, 0.45324999999999993, 0.48999999999999994, 0.32375, 0.2975, 0.32375, 0.35, 0.3885, 0.357, 0.3885, 0.42, 0.45324999999999993, 0.4165, 0.45324999999999993, 0.48999999999999994, 0.58275, 0.5355, 0.58275, 0.63, 0.6475, 0.595, 0.6475, 0.7, 0.7], [0.87875, 0.8075, 0.87875, 0.95, 0.790875, 0.72675, 0.790875, 0.855, 0.439375, 0.40375, 0.439375, 0.475, 0.2899875, 0.266475, 0.2899875, 0.3135, 0.3515, 0.323, 0.3515, 0.38, 0.52725, 0.4845, 0.52725, 0.57, 0.6475, 0.595, 0.6475, 0.7, 0.37, 0.34, 0.37, 0.4, 0.30525, 0.2805, 0.30525, 0.33, 0.4625, 0.425, 0.4625, 0.5, 0.6475, 0.595, 0.6475, 0.7, 0.74, 0.68, 0.74, 0.8, 0.6151249999999999, 0.5652499999999999, 0.6151249999999999, 0.6649999999999999, 0.439375, 0.40375, 0.439375, 0.475, 0.52725, 0.4845, 0.52725, 0.57, 0.6151249999999999, 0.5652499999999999, 0.6151249999999999, 0.6649999999999999, 0.790875, 0.72675, 0.790875, 0.855, 0.87875, 0.8075, 0.87875, 0.95, 0.95]], "clusters": [[-1, 2, 2, 2, 2, 2, 2, 2, 2, 2, 2, 2, 2, 2, 2, 2, 2, 2, 2, 2, 2, 2, 2, 2, 2, 2, 2, 2, 2, 2, 2, 2, 2, 2, 2, 2, 2, 2, 2, 2, 2, 2], [0, -1, 0, 0, 0, 0, 0, 0, 0, 0, 0, 0, 0, 0, 0, 0, 0, 0, 0, 0, 0, 0, 0, 0, 0, 0, 0, 0, 0, 0, 0, 0, 0, 0, 0, 0, 0, 0, 0, 0, 0, 0], [0, 0, -1, 0, 0, 0, 0, 0, 0, 0, 0, 0, 0, 0, 0, 0, 0, 0, 0, 0, 0, 0, 0, 0, 0, 0, 0, 0, 0, 0, 0, 0, 0, 0, 0, 0, 0, 0, 0, 0, 0, 0], [0, 0, 0, -1, 0, 0, 0, 0, 0, 0, 0, 0, 0, 0, 0, 0, 0, 0, 0, 0, 0, 0, 0, 0, 0, 0, 0, 0, 0, 0, 0, 0, 0, 0, 0, 0, 0, 0, 0, 0, 0, 0], [1, 1, 1, 1, -1, 1, 1, 1, 1, 1, 1, 1, 1, 1, 1, 1, 1, 1, 1, 1, 1, 1, 1, 1, 1, 1, 1, 1, 1, 1, 1, 1, 1, 1, 1, 1, 1, 1, 1, 1, 1, 1], [0, 0, 0, 0, 0, -1, 0, 0, 0, 0, 0, 0, 0, 0, 0, 0, 0, 0, 0, 0, 0, 0, 0, 0, 0, 0, 0, 0, 0, 0, 0, 0, 0, 0, 0, 0, 0, 0, 0, 0, 0, 0], [1, 1, 1, 1, 1, 1, -1, 1, 1, 1, 1, 1, 1, 1, 1, 1, 1, 1, 1, 1, 1, 1, 1, 1, 1, 1, 1, 1, 1, 1, 1, 1, 1, 1, 1, 1, 1, 1, 1, 1, 1, 1], [1, 1, 1, 1, 1, 1, 1, -1, 1, 1, 1, 1, 1, 1, 1, 1, 1, 1, 1, 1, 1, 1, 1, 1, 1, 1, 1, 1, 1, 1, 1, 1, 1, 1, 1, 1, 1, 1, 1, 1, 1, 1], [0, 0, 0, 0, 0, 0, 0, 0, -1, 0, 0, 0, 0, 0, 0, 0, 0, 0, 0, 0, 0, 0, 0, 0, 0, 0, 0, 0, 0, 0, 0, 0, 0, 0, 0, 0, 0, 0, 0, 0, 0, 0], [1, 1, 1, 1, 1, 1, 1, 1, 1, -1, 1, 1, 1, 1, 1, 1, 1, 1, 1, 1, 1, 1, 1, 1, 1, 1, 1, 1, 1, 1, 1, 1, 1, 1, 1, 1, 1, 1, 1, 1, 1, 1], [0, 0, 0, 0, 0, 0, 0, 0, 0, 0, -1, 0, 0, 0, 0, 0, 0, 0, 0, 0, 0, 0, 0, 0, 0, 0, 0, 0, 0, 0, 0, 0, 0, 0, 0, 0, 0, 0, 0, 0, 0, 0], [0, 0, 0, 0, 0, 0, 0, 0, 0, 0, 0, -1, 0, 0, 0, 0, 0, 0, 0, 0, 0, 0, 0, 0, 0, 0, 0, 0, 0, 0, 0, 0, 0, 0, 0, 0, 0, 0, 0, 0, 0, 0], [1, 1, 1, 1, 1, 1, 1, 1, 1, 1, 1, 1, -1, 1, 1, 1, 1, 1, 1, 1, 1, 1, 1, 1, 1, 1, 1, 1, 1, 1, 1, 1, 1, 1, 1, 1, 1, 1, 1, 1, 1, 1], [1, 1, 1, 1, 1, 1, 1, 1, 1, 1, 1, 1, 1, -1, 1, 1, 1, 1, 1, 1, 1, 1, 1, 1, 1, 1, 1, 1, 1, 1, 1, 1, 1, 1, 1, 1, 1, 1, 1, 1, 1, 1], [0, 0, 0, 0, 0, 0, 0, 0, 0, 0, 0, 0, 0, 0, -1, 0, 0, 0, 0, 0, 0, 0, 0, 0, 0, 0, 0, 0, 0, 0, 0, 0, 0, 0, 0, 0, 0, 0, 0, 0, 0, 0], [0, 0, 0, 0, 0, 0, 0, 0, 0, 0, 0, 0, 0, 0, 0, -1, 0, 0, 0, 0, 0, 0, 0, 0, 0, 0, 0, 0, 0, 0, 0, 0, 0, 0, 0, 0, 0, 0, 0, 0, 0, 0], [1, 1, 1, 1, 1, 1, 1, 1, 1, 1, 1, 1, 1, 1, 1, 1, -1, 1, 1, 1, 1, 1, 1, 1, 1, 1, 1, 1, 1, 1, 1, 1, 1, 1, 1, 1, 1, 1, 1, 1, 1, 1], [0, 0, 0, 0, 0, 0, 0, 0, 0, 0, 0, 0, 0, 0, 0, 0, 0, -1, 0, 0, 0, 0, 0, 0, 0, 0, 0, 0, 0, 0, 0, 0, 0, 0, 0, 0, 0, 0, 0, 0, 0, 0], [0, 0, 0, 0, 0, 0, 0, 0, 0, 0, 0, 0, 0, 0, 0, 0, 0, 0, -1, 0, 0, 0, 0, 0, 0, 0, 0, 0, 0, 0, 0, 0, 0, 0, 0, 0, 0, 0, 0, 0, 0, 0], [1, 1, 1, 1, 1, 1, 1, 1, 1, 1, 1, 1, 1, 1, 1, 1, 1, 1, 1, -1, 1, 1, 1, 1, 1, 1, 1, 1, 1, 1, 1, 1, 1, 1, 1, 1, 1, 1, 1, 1, 1, 1], [0, 0, 0, 0, 0, 0, 0, 0, 0, 0, 0, 0, 0, 0, 0, 0, 0, 0, 0, 0, -1, 0, 0, 0, 0, 0, 0, 0, 0, 0, 0, 0, 0, 0, 0, 0, 0, 0, 0, 0, 0, 0], [0, 0, 0, 0, 0, 0, 0, 0, 0, 0, 0, 0, 0, 0, 0, 0, 0, 0, 0, 0, 0, -1, 0, 0, 0, 0, 0, 0, 0, 0, 0, 0, 0, 0, 0, 0, 0, 0, 0, 0, 0, 0], [1, 1, 1, 1, 1, 1, 1, 1, 1, 1, 1, 1, 1, 1, 1, 1, 1, 1, 1, 1, 1, 1, -1, 1, 1, 1, 1, 1, 1, 1, 1, 1, 1, 1, 1, 1, 1, 1, 1, 1, 1, 1], [1, 1, 1, 1, 1, 1, 1, 1, 1, 1, 1, 1, 1, 1, 1, 1, 1, 1, 1, 1, 1, 1, 1, -1, 1, 1, 1, 1, 1, 1, 1, 1, 1, 1, 1, 1, 1, 1, 1, 1, 1, 1], [0, 0, 0, 0, 0, 0, 0, 0, 0, 0, 0, 0, 0, 0, 0, 0, 0, 0, 0, 0, 0, 0, 0, 0, -1, 0, 0, 0, 0, 0, 0, 0, 0, 0, 0, 0, 0, 0, 0, 0, 0, 0], [0, 0, 0, 0, 0, 0, 0, 0, 0, 0, 0, 0, 0, 0, 0, 0, 0, 0, 0, 0, 0, 0, 0, 0, 0, -1, 0, 0, 0, 0, 0, 0, 0, 0, 0, 0, 0, 0, 0, 0, 0, 0], [1, 1, 1, 1, 1, 1, 1, 1, 1, 1, 1, 1, 1, 1, 1, 1, 1, 1, 1, 1, 1, 1, 1, 1, 1, 1, -1, 1, 1, 1, 1, 1, 1, 1, 1, 1, 1, 1, 1, 1, 1, 1], [0, 0, 0, 0, 0, 0, 0, 0, 0, 0, 0, 0, 0, 0, 0, 0, 0, 0, 0, 0, 0, 0, 0, 0, 0, 0, 0, -1, 0, 0, 0, 0, 0, 0, 0, 0, 0, 0, 0, 0, 0, 0], [0, 0, 0, 0, 0, 0, 0, 0, 0, 0, 0, 0, 0, 0, 0, 0, 0, 0, 0, 0, 0, 0, 0, 0, 0, 0, 0, 0, -1, 0, 0, 0, 0, 0, 0, 0, 0, 0, 0, 0, 0, 0], [2, 2, 2, 2, 2, 2, 2, 2, 2, 2, 2, 2, 2, 2, 2, 2, 2, 2, 2, 2, 2, 2, 2, 2, 2, 2, 2, 2, 2, -1, 2, 2, 2, 2, 2, 2, 2, 2, 2, 2, 2, 2], [0, 0, 0, 0, 0, 0, 0, 0, 0, 0, 0, 0, 0, 0, 0, 0, 0, 0, 0, 0, 0, 0, 0, 0, 0, 0, 0, 0, 0, 0, -1, 0, 0, 0, 0, 0, 0, 0, 0, 0, 0, 0], [2, 2, 2, 2, 2, 2, 2, 2, 2, 2, 2, 2, 2, 2, 2, 2, 2, 2, 2, 2, 2, 2, 2, 2, 2, 2, 2, 2, 2, 2, 2, -1, 2, 2, 2, 2, 2, 2, 2, 2, 2, 2], [1, 1, 1, 1, 1, 1, 1, 1, 1, 1, 1, 1, 1, 1, 1, 1, 1, 1, 1, 1, 1, 1, 1, 1, 1, 1, 1, 1, 1, 1, 1, 1, -1, 1, 1, 1, 1, 1, 1, 1, 1, 1], [1, 1, 1, 1, 1, 1, 1, 1, 1, 1, 1, 1, 1, 1, 1, 1, 1, 1, 1, 1, 1, 1, 1, 1, 1, 1, 1, 1, 1, 1, 1, 1, 1, -1, 1, 1, 1, 1, 1, 1, 1, 1], [1, 1, 1, 1, 1, 1, 1, 1, 1, 1, 1, 1, 1, 1, 1, 1, 1, 1, 1, 1, 1, 1, 1, 1, 1, 1, 1, 1, 1, 1, 1, 1, 1, 1, -1, 1, 1, 1, 1, 1, 1, 1], [0, 0, 0, 0, 0, 0, 0, 0, 0, 0, 0, 0, 0, 0, 0, 0, 0, 0, 0, 0, 0, 0, 0, 0, 0, 0, 0, 0, 0, 0, 0, 0, 0, 0, 0, -1, 0, 0, 0, 0, 0, 0], [1, 1, 1, 1, 1, 1, 1, 1, 1, 1, 1, 1, 1, 1, 1, 1, 1, 1, 1, 1, 1, 1, 1, 1, 1, 1, 1, 1, 1, 1, 1, 1, 1, 1, 1, 1, -1, 1, 1, 1, 1, 1], [0, 0, 0, 0, 0, 0, 0, 0, 0, 0, 0, 0, 0, 0, 0, 0, 0, 0, 0, 0, 0, 0, 0, 0, 0, 0, 0, 0, 0, 0, 0, 0, 0, 0, 0, 0, 0, -1, 0, 0, 0, 0], [1, 1, 1, 1, 1, 1, 1, 1, 1, 1, 1, 1, 1, 1, 1, 1, 1, 1, 1, 1, 1, 1, 1, 1, 1, 1, 1, 1, 1, 1, 1, 1, 1, 1, 1, 1, 1, 1, -1, 1, 1, 1], [2, 2, 2, 2, 2, 2, 2, 2, 2, 2, 2, 2, 2, 2, 2, 2, 2, 2, 2, 2, 2, 2, 2, 2, 2, 2, 2, 2, 2, 2, 2, 2, 2, 2, 2, 2, 2, 2, 2, -1, 2, 2], [1, 1, 1, 1, 1, 1, 1, 1, 1, 1, 1, 1, 1, 1, 1, 1, 1, 1, 1, 1, 1, 1, 1, 1, 1, 1, 1, 1, 1, 1, 1, 1, 1, 1, 1, 1, 1, 1, 1, 1, -1, 1], [2, 2, 2, 2, 2, 2, 2, 2, 2, 2, 2, 2, 2, 2, 2, 2, 2, 2, 2, 2, 2, 2, 2, 2, 2, 2, 2, 2, 2, 2, 2, 2, 2, 2, 2, 2, 2, 2, 2, 2, 2, -1]], "speed_zone_count": 73, "speed_zones": [[0.0, 15.0], [15.0, 30.0], [30.0, 45.0], [45.0, 60.0], [60.0, 75.0], [75.0, 90.0], [90.0, 105.0], [105.0, 120.0], [120.0, 135.0], [135.0, 150.0], [150.0, 165.0], [165.0, 180.0], [180.0, 195.0], [195.0, 210.0], [210.0, 225.0], [225.0, 240.0], [240.0, 255.0], [255.0, 270.0], [270.0, 285.0], [285.0, 300.0], [300.0, 315.0], [315.0, 330.0], [330.0, 345.0], [345.0, 360.0], [360.0, 375.0], [375.0, 390.0], [390.0, 405.0], [405.0, 420.0], [420.0, 435.0], [435.0, 450.0], [450.0, 465.0], [465.0, 480.0], [480.0, 495.0], [495.0, 510.0], [510.0, 525.0], [525.0, 540.0], [540.0, 555.0], [555.0, 570.0], [570.0, 585.0], [585.0, 600.0], [600.0, 615.0], [615.0, 630.0], [630.0, 645.0], [645.0, 660.0], [660.0, 675.0], [675.0, 690.0], [690.0, 705.0], [705.0, 720.0], [720.0, 735.0], [735.0, 750.0], [750.0, 765.0], [765.0, 780.0], [780.0, 795.0], [795.0, 810.0], [810.0, 825.0], [825.0, 840.0], [840.0, 855.0], [855.0, 870.0], [870.0, 885.0], [885.0, 900.0], [900.0, 915.0], [915.0, 930.0], [930.0, 945.0], [945.0, 960.0], [960.0, 975.0], [975.0, 990.0], [990.0, 1005.0], [1005.0, 1020.0], [1020.0, 1035.0], [1035.0, 1050.0], [1050.0, 1065.0], [1065.0, 1080.0], [1080.0, 5000.0]], "distances": [[0.0, 73.29, 70.94, 70.07, 93.97, 73.57, 85.91, 83.29, 81.36, 51.9, 76.89, 69.05, 72.78, 74.26, 58.18, 64.68, 55.73, 77.2, 73.85, 92.08, 65.71, 80.74, 51.5, 86.9, 71.3, 68.97, 61.13, 72.6, 85.16, 86.13, 72.78, 90.77, 48.21, 53.98, 55.72, 61.15, 85.83, 68.62, 53.23, 60.39, 93.58, 0.0], [0.0, 0.0, 24.93, 5.52, 25.53, 4.21, 25.77, 31.51, 16.82, 21.4, 9.23, 4.5, 6.06, 26.08, 18.71, 11.81, 18.18, 9.49, 8.93, 28.07, 14.74, 18.35, 23.06, 18.92, 7.47, 20.51, 16.13, 7.78, 15.86, 34.74, 7.32, 37.29, 25.54, 20.77, 20.57, 16.69, 32.92, 15.69, 21.49, 21.98, 27.69, 73.29], [0.0, 24.93, 0.0, 28.61, 26.67, 20.94, 15.72, 12.7, 15.68, 28.52, 18.14, 25.6, 30.62, 12.21, 17.08, 16.67, 30.28, 18.15, 25.55, 22.39, 12.32, 13.74, 23.65, 21.35, 17.47, 4.82, 34.3, 17.24, 21.77, 15.97, 17.72, 20.42, 27.5, 21.91, 18.9, 15.1, 15.21, 9.65, 22.36, 40.95, 24.58, 70.94], [0.0, 5.52, 28.61, 0.0, 30.97, 9.28, 31.1, 36.38, 22.21, 18.49, 14.59, 10.02, 11.2, 30.2, 18.96, 13.25, 14.36, 14.87, 5.52, 33.59, 17.14, 23.62, 21.64, 24.43, 11.52, 23.93, 10.92, 12.29, 21.35, 39.7, 11.91, 42.46, 23.39, 19.67, 20.29, 17.69, 37.94, 19.01, 20.3, 16.49, 33.21, 70.07], [0.0, 25.53, 26.67, 30.97, 0.0, 22.84, 12.3, 20.95, 12.64, 44.04, 18.01, 29.73, 30.35, 24.49, 35.8, 29.7, 42.42, 17.68, 25.45, 7.12, 28.26, 13.63, 42.66, 7.21, 23.62, 26.31, 41.63, 22.24, 9.78, 21.95, 22.21, 21.06, 46.25, 40.22, 38.26, 32.83, 20.14, 25.47, 40.94, 47.46, 4.46, 93.97], [0.0, 4.21, 20.94, 9.28, 22.84, 0.0, 21.83, 27.32, 12.98, 22.02, 5.37, 7.17, 10.27, 21.94, 17.04, 9.81, 19.71, 5.67, 4.72, 24.61, 11.72, 14.33, 22.43, 15.86, 11.05, 16.69, 19.06, 9.69, 13.06, 30.56, 9.6, 33.21, 25.4, 20.0, 19.19, 14.58, 28.77, 12.02, 20.75, 25.3, 24.51, 73.57], [0.0, 25.77, 15.72, 31.1, 12.3, 21.83, 0.0, 8.9, 8.99, 39.1, 16.54, 28.85, 31.7, 12.95, 28.9, 24.6, 38.95, 16.28, 26.04, 6.72, 21.59, 7.53, 36.04, 10.35, 20.53, 16.93, 40.33, 19.34, 12.92, 10.74, 19.59, 11.85, 39.9, 33.8, 31.25, 26.08, 8.76, 18.17, 34.44, 46.85, 9.17, 85.91], [0.0, 31.51, 12.7, 36.38, 20.95, 27.32, 8.9, 0.0, 16.01, 40.46, 22.59, 33.71, 37.58, 9.33, 29.25, 27.01, 41.45, 22.41, 31.94, 14.4, 23.08, 13.86, 36.11, 19.02, 24.97, 16.26, 44.25, 24.1, 21.21, 12.36, 24.47, 7.72, 39.99, 34.2, 31.28, 26.86, 12.98, 19.66, 34.71, 50.94, 17.23, 83.29], [0.0, 16.82, 15.68, 22.21, 12.64, 12.98, 8.99, 16.01, 0.0, 32.12, 7.62, 20.1, 22.72, 14.55, 23.23, 17.53, 31.2, 7.34, 17.07, 12.04, 15.66, 13.6, 30.19, 5.97, 12.25, 14.15, 31.82, 10.94, 6.15, 18.8, 11.09, 20.72, 33.87, 27.77, 25.69, 20.26, 16.85, 12.83, 28.48, 38.21, 12.63, 81.36], [0.0, 21.4, 28.52, 18.49, 44.04, 22.02, 39.1, 40.46, 32.12, 0.0, 26.1, 17.17, 21.41, 31.57, 11.47, 14.63, 5.29, 26.43, 21.96, 44.01, 17.64, 32.28, 6.65, 36.83, 20.43, 24.25, 12.62, 21.81, 34.52, 43.93, 21.87, 47.97, 5.68, 7.04, 10.06, 13.59, 42.74, 21.15, 6.91, 16.94, 44.74, 51.9], [0.0, 9.23, 18.14, 14.59, 18.01, 5.37, 16.54, 22.59, 7.62, 26.1, 0.0, 12.53, 15.21, 18.41, 19.08, 12.22, 24.44, 8.78, 9.53, 19.28, 12.21, 9.13, 25.4, 10.86, 5.68, 14.66, 24.36, 4.32, 8.42, 25.7, 4.23, 28.08, 28.75, 22.92, 21.46, 16.23, 23.84, 10.92, 23.67, 30.66, 19.32, 76.89], [0.0, 4.5, 25.6, 10.02, 29.73, 7.17, 28.85, 33.71, 20.1, 17.17, 12.53, 0.0, 5.76, 27.27, 16.21, 10.21, 13.71, 12.84, 4.91, 31.78, 14.07, 21.32, 19.52, 22.92, 8.75, 20.89, 11.94, 9.67, 19.98, 37.07, 9.35, 40.0, 21.64, 17.39, 17.71, 14.75, 35.36, 15.97, 18.07, 18.13, 31.63, 69.05], [0.0, 6.06, 30.62, 11.2, 30.35, 10.27, 31.7, 37.58, 22.72, 21.41, 15.21, 5.76, 0.0, 31.97, 21.92, 15.92, 17.06, 15.45, 5.68, 33.58, 19.6, 24.34, 24.71, 24.19, 13.21, 26.05, 12.7, 13.72, 21.01, 40.8, 13.28, 43.29, 26.41, 22.73, 23.32, 20.51, 38.97, 21.14, 23.37, 17.44, 32.94, 72.78], [0.0, 26.08, 12.21, 30.2, 24.49, 21.94, 12.95, 9.33, 14.55, 31.57, 18.41, 27.27, 31.97, 0.0, 20.19, 19.03, 33.05, 18.36, 26.65, 19.67, 14.77, 12.4, 26.9, 19.81, 18.77, 7.39, 36.66, 18.3, 20.7, 12.63, 18.76, 17.04, 30.77, 25.09, 22.11, 18.03, 11.83, 11.69, 25.57, 43.35, 22.02, 74.26], [0.0, 18.71, 17.08, 18.96, 35.8, 17.04, 28.9, 29.25, 23.23, 11.47, 19.08, 16.21, 21.92, 20.19, 0.0, 7.24, 14.0, 19.36, 19.45, 34.48, 7.58, 22.81, 7.14, 28.72, 13.86, 12.98, 19.68, 14.99, 27.1, 32.69, 15.28, 36.86, 11.01, 4.98, 12.0, 12.13, 31.61, 10.78, 5.56, 25.81, 35.67, 58.18], [0.0, 11.81, 16.67, 13.25, 29.7, 9.81, 24.6, 27.01, 17.53, 14.63, 12.22, 10.21, 15.92, 19.03, 7.24, 0.0, 14.53, 12.52, 12.55, 29.38, 4.36, 17.64, 13.18, 22.5, 6.73, 11.86, 17.66, 7.96, 20.51, 30.51, 8.19, 34.19, 16.6, 10.7, 9.45, 4.89, 29.09, 7.41, 11.45, 24.33, 30.16, 64.68], [0.0, 18.18, 30.28, 14.36, 42.42, 19.71, 38.95, 41.45, 31.2, 5.29, 24.44, 13.71, 17.06, 33.05, 14.0, 14.53, 0.0, 24.77, 18.63, 43.24, 18.39, 31.73, 11.32, 35.29, 19.01, 25.67, 7.34, 20.38, 32.69, 44.96, 20.32, 48.71, 10.97, 10.82, 13.4, 15.25, 43.58, 21.8, 10.99, 12.2, 43.63, 55.73], [0.0, 9.49, 18.15, 14.87, 17.68, 5.67, 16.28, 22.41, 7.34, 26.43, 8.78, 12.84, 15.45, 18.36, 19.36, 12.52, 24.77, 0.0, 9.78, 18.96, 12.44, 8.89, 25.7, 10.52, 6.01, 14.74, 24.68, 4.64, 8.1, 25.5, 4.56, 27.85, 29.07, 23.22, 21.75, 16.5, 23.63, 11.08, 23.97, 30.97, 18.99, 77.2], [0.0, 8.93, 25.55, 5.52, 25.45, 4.72, 26.04, 31.94, 17.07, 21.96, 9.53, 4.91, 5.68, 26.65, 19.45, 12.55, 18.63, 9.78, 0.0, 28.17, 15.46, 18.66, 23.73, 18.93, 8.12, 21.17, 16.3, 8.36, 15.83, 35.13, 7.89, 37.61, 26.17, 21.46, 21.29, 17.43, 33.3, 16.36, 22.17, 22.01, 27.72, 73.85], [0.0, 28.07, 22.39, 33.59, 7.12, 24.61, 6.72, 14.4, 12.04, 44.01, 19.28, 31.78, 33.58, 19.67, 34.48, 29.38, 43.24, 18.96, 28.17, 0.0, 26.96, 11.77, 41.59, 9.55, 24.28, 23.22, 43.65, 22.94, 12.77, 14.99, 23.07, 13.95, 45.38, 39.25, 36.9, 31.56, 13.27, 23.71, 39.92, 49.9, 11.58, 92.08], [0.0, 14.74, 12.32, 17.14, 28.26, 11.72, 21.59, 23.08, 15.66, 17.64, 12.21, 14.07, 19.6, 14.77, 7.58, 4.36, 18.39, 12.44, 15.46, 26.96, 0.0, 15.25, 14.63, 21.23, 7.95, 7.51, 21.99, 8.66, 19.79, 26.58, 9.08, 30.44, 18.42, 12.29, 10.03, 4.62, 25.26, 11.77, 12.96, 28.65, 28.09, 65.71], [0.0, 18.35, 13.74, 23.62, 13.63, 14.33, 7.53, 13.86, 13.6, 32.28, 9.13, 21.32, 24.34, 12.4, 22.81, 17.64, 31.73, 8.89, 18.66, 11.77, 15.25, 0.0, 29.88, 7.62, 13.05, 12.71, 32.83, 11.83, 8.33, 16.76, 12.07, 18.95, 33.65, 27.52, 25.25, 19.87, 14.85, 12.13, 28.21, 39.32, 12.87, 80.74], [0.0, 23.06, 23.65, 21.64, 42.66, 22.43, 36.04, 36.11, 30.19, 6.65, 25.4, 19.52, 24.71, 26.9, 7.14, 13.18, 11.32, 25.7, 23.73, 41.59, 14.63, 29.88, 0.0, 35.51, 19.85, 19.91, 18.45, 21.12, 33.67, 39.5, 21.33, 43.78, 12.33, 12.12, 4.85, 10.03, 38.52, 17.92, 12.71, 23.42, 42.71, 51.5], [0.0, 18.92, 21.35, 24.43, 7.21, 15.86, 10.35, 19.02, 5.97, 36.83, 10.86, 22.92, 24.19, 19.81, 28.72, 22.5, 35.29, 10.52, 18.93, 9.55, 21.23, 7.62, 35.51, 0.0, 16.42, 20.12, 34.85, 15.04, 12.13, 21.09, 15.03, 21.77, 39.07, 33.06, 31.18, 25.75, 19.11, 18.63, 33.79, 40.89, 8.78, 86.9], [0.0, 7.47, 17.47, 11.52, 23.62, 11.05, 20.53, 24.97, 12.25, 20.43, 5.68, 8.75, 13.21, 18.77, 13.86, 6.73, 19.01, 6.01, 8.12, 24.28, 7.95, 13.05, 19.85, 16.42, 0.0, 13.05, 19.81, 10.01, 14.11, 28.34, 9.91, 31.37, 23.12, 17.37, 16.15, 11.19, 26.65, 8.27, 18.12, 26.37, 24.62, 71.3], [0.0, 20.51, 4.82, 23.93, 26.31, 16.69, 16.93, 16.26, 14.15, 24.25, 14.66, 20.89, 26.05, 7.39, 12.98, 11.86, 25.67, 14.74, 21.17, 23.22, 7.51, 12.71, 19.91, 20.12, 13.05, 0.0, 29.5, 13.01, 19.83, 19.71, 13.49, 23.89, 23.81, 17.94, 15.06, 10.67, 18.63, 4.92, 18.47, 36.16, 24.99, 68.97], [0.0, 16.13, 34.3, 10.92, 41.63, 19.06, 40.33, 44.25, 31.82, 12.62, 24.36, 11.94, 12.7, 36.66, 19.68, 17.66, 7.34, 24.68, 16.3, 43.65, 21.99, 32.83, 18.45, 34.85, 19.81, 29.5, 0.0, 21.0, 31.9, 47.71, 20.77, 51.03, 18.3, 17.56, 19.7, 20.07, 46.14, 24.99, 17.87, 6.7, 43.56, 61.13], [0.0, 7.78, 17.24, 12.29, 22.24, 9.69, 19.34, 24.1, 10.94, 21.81, 4.32, 9.67, 13.72, 18.3, 14.99, 7.96, 20.38, 4.64, 8.36, 22.94, 8.66, 11.83, 21.12, 15.04, 10.01, 13.01, 21.0, 0.0, 12.74, 27.43, 8.55, 30.34, 24.44, 18.65, 17.32, 12.24, 25.69, 8.43, 19.4, 27.51, 23.26, 72.6], [0.0, 15.86, 21.77, 21.35, 9.78, 13.06, 12.92, 21.21, 6.15, 34.52, 8.42, 19.98, 21.01, 20.7, 27.1, 20.51, 32.69, 8.1, 15.83, 12.77, 19.79, 8.33, 33.67, 12.13, 14.11, 19.83, 31.9, 12.74, 0.0, 23.57, 12.65, 24.61, 37.1, 31.19, 29.53, 24.16, 21.58, 17.59, 31.93, 37.83, 11.94, 85.16], [0.0, 34.74, 15.97, 39.7, 21.95, 30.56, 10.74, 12.36, 18.8, 43.93, 25.7, 37.07, 40.8, 12.63, 32.69, 30.51, 44.96, 25.5, 35.13, 14.99, 26.58, 16.76, 39.5, 21.09, 28.34, 19.71, 47.71, 27.43, 23.57, 0.0, 27.79, 4.65, 43.38, 37.63, 34.69, 30.34, 9.91, 23.16, 38.13, 54.4, 17.85, 86.13], [0.0, 7.32, 17.72, 11.91, 22.21, 9.6, 19.59, 24.47, 11.09, 21.87, 4.23, 9.35, 13.28, 18.76, 15.28, 8.19, 20.32, 4.56, 7.89, 23.07, 9.08, 12.07, 21.33, 15.03, 9.91, 13.49, 20.77, 8.55, 12.65, 27.79, 0.0, 30.66, 24.6, 18.85, 17.59, 12.56, 26.05, 8.91, 19.6, 27.26, 23.33, 72.78], [0.0, 37.29, 20.42, 42.46, 21.06, 33.21, 11.85, 7.72, 20.72, 47.97, 28.08, 40.0, 43.29, 17.04, 36.86, 34.19, 48.71, 27.85, 37.61, 13.95, 30.44, 18.95, 43.78, 21.77, 31.37, 23.89, 51.03, 30.34, 24.61, 4.65, 30.66, 0.0, 47.67, 41.83, 38.94, 34.4, 5.26, 26.96, 42.36, 57.67, 16.67, 90.77], [0.0, 25.54, 27.5, 23.39, 46.25, 25.4, 39.9, 39.99, 33.87, 5.68, 28.75, 21.64, 26.41, 30.77, 11.01, 16.6, 10.97, 29.07, 26.17, 45.38, 18.42, 33.65, 12.33, 39.07, 23.12, 23.81, 18.3, 24.44, 37.1, 43.38, 24.6, 47.67, 0.0, 6.13, 8.76, 13.85, 42.41, 21.75, 5.47, 22.34, 46.44, 48.21], [0.0, 20.77, 21.91, 19.67, 40.22, 20.0, 33.8, 34.2, 27.77, 7.04, 22.92, 17.39, 22.73, 25.09, 4.98, 10.7, 10.82, 23.22, 21.46, 39.25, 12.29, 27.52, 12.12, 33.06, 17.37, 17.94, 17.56, 18.65, 31.19, 37.63, 18.85, 41.83, 6.13, 0.0, 13.16, 7.72, 36.57, 15.64, 10.54, 23.02, 40.32, 53.98], [0.0, 20.57, 18.9, 20.29, 38.26, 19.19, 31.25, 31.28, 25.69, 10.06, 21.46, 17.71, 23.32, 22.11, 12.0, 9.45, 13.4, 21.75, 21.29, 36.9, 10.03, 25.25, 4.85, 31.18, 16.15, 15.06, 19.7, 17.32, 29.53, 34.69, 17.59, 38.94, 8.76, 13.16, 0.0, 5.43, 33.68, 13.18, 13.81, 25.51, 38.11, 55.72], [0.0, 16.69, 15.1, 17.69, 32.83, 14.58, 26.08, 26.86, 20.26, 13.59, 16.23, 14.75, 20.51, 18.03, 12.13, 4.89, 15.25, 16.5, 17.43, 31.56, 4.62, 19.87, 10.03, 25.75, 11.19, 10.67, 20.07, 12.24, 24.16, 30.34, 12.56, 34.4, 13.85, 7.72, 5.43, 0.0, 29.17, 7.91, 8.38, 26.5, 32.71, 61.15], [0.0, 32.92, 15.21, 37.94, 20.14, 28.77, 8.76, 12.98, 16.85, 42.74, 23.84, 35.36, 38.97, 11.83, 31.61, 29.09, 43.58, 23.63, 33.3, 13.27, 25.26, 14.85, 38.52, 19.11, 26.65, 18.63, 46.14, 25.69, 21.58, 9.91, 26.05, 5.26, 42.41, 36.57, 33.68, 29.17, 0.0, 21.8, 37.1, 52.81, 16.14, 85.83], [0.0, 15.69, 9.65, 19.01, 25.47, 12.02, 18.17, 19.66, 12.83, 21.15, 10.92, 15.97, 21.14, 11.69, 10.78, 7.41, 21.8, 11.08, 16.36, 23.71, 11.77, 12.13, 17.92, 18.63, 8.27, 4.92, 24.99, 8.43, 17.59, 23.16, 8.91, 26.96, 21.75, 15.64, 13.18, 7.91, 21.8, 0.0, 16.28, 31.68, 24.99, 68.62], [0.0, 21.49, 22.36, 20.3, 40.94, 20.75, 34.44, 34.71, 28.48, 6.91, 23.67, 18.07, 23.37, 25.57, 5.56, 11.45, 10.99, 23.97, 22.17, 39.92, 12.96, 28.21, 12.71, 33.79, 18.12, 18.47, 17.87, 19.4, 31.93, 38.13, 19.6, 42.36, 5.47, 10.54, 13.81, 8.38, 37.1, 16.28, 0.0, 23.19, 41.02, 53.23], [0.0, 21.98, 40.95, 16.49, 47.46, 25.3, 46.85, 50.94, 38.21, 16.94, 30.66, 18.13, 17.44, 43.35, 25.81, 24.33, 12.2, 30.97, 22.01, 49.9, 28.65, 39.32, 23.42, 40.89, 26.37, 36.16, 6.7, 27.51, 37.83, 54.4, 27.26, 57.67, 22.34, 23.02, 25.51, 26.5, 52.81, 31.68, 23.19, 0.0, 49.65, 60.39], [0.0, 27.69, 24.58, 33.21, 4.46, 24.51, 9.17, 17.23, 12.63, 44.74, 19.32, 31.63, 32.94, 22.02, 35.67, 30.16, 43.63, 18.99, 27.72, 11.58, 28.09, 12.87, 42.71, 8.78, 24.62, 24.99, 43.56, 23.26, 11.94, 17.85, 23.33, 16.67, 46.44, 40.32, 38.11, 32.71, 16.14, 24.99, 41.02, 49.65, 0.0, 93.58], [0.0, 0.0, 0.0, 0.0, 0.0, 0.0, 0.0, 0.0, 0.0, 0.0, 0.0, 0.0, 0.0, 0.0, 0.0, 0.0, 0.0, 0.0, 0.0, 0.0, 0.0, 0.0, 0.0, 0.0, 0.0, 0.0, 0.0, 0.0, 0.0, 0.0, 0.0, 0.0, 0.0, 0.0, 0.0, 0.0, 0.0, 0.0, 0.0, 0.0, 0.0, 0.0]], "time_windows": [[0.0, 5000.0], [0.0, 122.0], [0.0, 152.0], [0.0, 208.0], [0.0, 298.0], [0.0, 353.0], [0.0, 393.0], [0.0, 407.0], [0.0, 433.0], [0.0, 499.0], [0.0, 578.0], [0.0, 607.0], [0.0, 620.0], [0.0, 675.0], [0.0, 705.0], [0.0, 714.0], [0.0, 735.0], [0.0, 769.0], [0.0, 784.0], [0.0, 830.0], [0.0, 887.0], [0.0, 916.0], [0.0, 965.0], [0.0, 1015.0], [0.0, 1036.0], [0.0, 1051.0], [0.0, 1084.0], [0.0, 1107.0], [0.0, 1120.0], [0.0, 1143.0], [0.0, 1171.0], [0.0, 1202.0], [0.0, 1249.0], [0.0, 1256.0], [0.0, 1269.0], [0.0, 1274.0], [0.0, 1303.0], [0.0, 1325.0], [0.0, 1341.0], [0.0, 1365.0], [0.0, 1414.0], [0.0, 5000.0]], "start_depot": 0, "end_depot": 41, "horizon": [0.0, 5000.0]}