{"digraph": {"vertex_count": 42, "arc_count": 1640, "arcs": [[0, 1, 1, 1, 1, 1, 1, 1, 1, 1, 1, 1, 1, 1, 1, 1, 1, 1, 1, 1, 1, 1, 1, 1, 1, 1, 1, 1, 1, 1, 1, 1, 1, 1, 1, 1, 1, 1, 1, 1, 1, 1], [0, 0, 1, 1, 1, 1, 1, 1, 1, 1, 1, 1, 1, 1, 1, 1, 1, 1, 1, 1, 1, 1, 1, 1, 1, 1, 1, 1, 1, 1, 1, 1, 1, 1, 1, 1, 1, 1, 1, 1, 1, 1], [0, 1, 0, 1, 1, 1, 1, 1, 1, 1, 1, 1, 1, 1, 1, 1, 1, 1, 1, 1, 1, 1, 1, 1, 1, 1, 1, 1, 1, 1, 1, 1, 1, 1, 1, 1, 1, 1, 1, 1, 1, 1], [0, 1, 1, 0, 1, 1, 1, 1, 1, 1, 1, 1, 1, 1, 1, 1, 1, 1, 1, 1, 1, 1, 1, 1, 1, 1, 1, 1, 1, 1, 1, 1, 1, 1, 1, 1, 1, 1, 1, 1, 1, 1], [0, 1, 1, 1, 0, 1, 1, 1, 1, 1, 1, 1, 1, 1, 1, 1, 1, 1, 1, 1, 1, 1, 1, 1, 1, 1, 1, 1, 1, 1, 1, 1, 1, 1, 1, 1, 1, 1, 1, 1, 1, 1], [0, 1, 1, 1, 1, 0, 1, 1, 1, 1, 1, 1, 1, 1, 1, 1, 1, 1, 1, 1, 1, 1, 1, 1, 1, 1, 1, 1, 1, 1, 1, 1, 1, 1, 1, 1, 1, 1, 1, 1, 1, 1], [0, 1, 1, 1, 1, 1, 0, 1, 1, 1, 1, 1, 1, 1, 1, 1, 1, 1, 1, 1, 1, 1, 1, 1, 1, 1, 1, 1, 1, 1, 1, 1, 1, 1, 1, 1, 1, 1, 1, 1, 1, 1], [0, 1, 1, 1, 1, 1, 1, 0, 1, 1, 1, 1, 1, 1, 1, 1, 1, 1, 1, 1, 1, 1, 1, 1, 1, 1, 1, 1, 1, 1, 1, 1, 1, 1, 1, 1, 1, 1, 1, 1, 1, 1], [0, 1, 1, 1, 1, 1, 1, 1, 0, 1, 1, 1, 1, 1, 1, 1, 1, 1, 1, 1, 1, 1, 1, 1, 1, 1, 1, 1, 1, 1, 1, 1, 1, 1, 1, 1, 1, 1, 1, 1, 1, 1], [0, 1, 1, 1, 1, 1, 1, 1, 1, 0, 1, 1, 1, 1, 1, 1, 1, 1, 1, 1, 1, 1, 1, 1, 1, 1, 1, 1, 1, 1, 1, 1, 1, 1, 1, 1, 1, 1, 1, 1, 1, 1], [0, 1, 1, 1, 1, 1, 1, 1, 1, 1, 0, 1, 1, 1, 1, 1, 1, 1, 1, 1, 1, 1, 1, 1, 1, 1, 1, 1, 1, 1, 1, 1, 1, 1, 1, 1, 1, 1, 1, 1, 1, 1], [0, 1, 1, 1, 1, 1, 1, 1, 1, 1, 1, 0, 1, 1, 1, 1, 1, 1, 1, 1, 1, 1, 1, 1, 1, 1, 1, 1, 1, 1, 1, 1, 1, 1, 1, 1, 1, 1, 1, 1, 1, 1], [0, 1, 1, 1, 1, 1, 1, 1, 1, 1, 1, 1, 0, 1, 1, 1, 1, 1, 1, 1, 1, 1, 1, 1, 1, 1, 1, 1, 1, 1, 1, 1, 1, 1, 1, 1, 1, 1, 1, 1, 1, 1], [0, 1, 1, 1, 1, 1, 1, 1, 1, 1, 1, 1, 1, 0, 1, 1, 1, 1, 1, 1, 1, 1, 1, 1, 1, 1, 1, 1, 1, 1, 1, 1, 1, 1, 1, 1, 1, 1, 1, 1, 1, 1], [0, 1, 1, 1, 1, 1, 1, 1, 1, 1, 1, 1, 1, 1, 0, 1, 1, 1, 1, 1, 1, 1, 1, 1, 1, 1, 1, 1, 1, 1, 1, 1, 1, 1, 1, 1, 1, 1, 1, 1, 1, 1], [0, 1, 1, 1, 1, 1, 1, 1, 1, 1, 1, 1, 1, 1, 1, 0, 1, 1, 1, 1, 1, 1, 1, 1, 1, 1, 1, 1, 1, 1, 1, 1, 1, 1, 1, 1, 1, 1, 1, 1, 1, 1], [0, 1, 1, 1, 1, 1, 1, 1, 1, 1, 1, 1, 1, 1, 1, 1, 0, 1, 1, 1, 1, 1, 1, 1, 1, 1, 1, 1, 1, 1, 1, 1, 1, 1, 1, 1, 1, 1, 1, 1, 1, 1], [0, 1, 1, 1, 1, 1, 1, 1, 1, 1, 1, 1, 1, 1, 1, 1, 1, 0, 1, 1, 1, 1, 1, 1, 1, 1, 1, 1, 1, 1, 1, 1, 1, 1, 1, 1, 1, 1, 1, 1, 1, 1], [0, 1, 1, 1, 1, 1, 1, 1, 1, 1, 1, 1, 1, 1, 1, 1, 1, 1, 0, 1, 1, 1, 1, 1, 1, 1, 1, 1, 1, 1, 1, 1, 1, 1, 1, 1, 1, 1, 1, 1, 1, 1], [0, 1, 1, 1, 1, 1, 1, 1, 1, 1, 1, 1, 1, 1, 1, 1, 1, 1, 1, 0, 1, 1, 1, 1, 1, 1, 1, 1, 1, 1, 1, 1, 1, 1, 1, 1, 1, 1, 1, 1, 1, 1], [0, 1, 1, 1, 1, 1, 1, 1, 1, 1, 1, 1, 1, 1, 1, 1, 1, 1, 1, 1, 0, 1, 1, 1, 1, 1, 1, 1, 1, 1, 1, 1, 1, 1, 1, 1, 1, 1, 1, 1, 1, 1], [0, 1, 1, 1, 1, 1, 1, 1, 1, 1, 1, 1, 1, 1, 1, 1, 1, 1, 1, 1, 1, 0, 1, 1, 1, 1, 1, 1, 1, 1, 1, 1, 1, 1, 1, 1, 1, 1, 1, 1, 1, 1], [0, 1, 1, 1, 1, 1, 1, 1, 1, 1, 1, 1, 1, 1, 1, 1, 1, 1, 1, 1, 1, 1, 0, 1, 1, 1, 1, 1, 1, 1, 1, 1, 1, 1, 1, 1, 1, 1, 1, 1, 1, 1], [0, 1, 1, 1, 1, 1, 1, 1, 1, 1, 1, 1, 1, 1, 1, 1, 1, 1, 1, 1, 1, 1, 1, 0, 1, 1, 1, 1, 1, 1, 1, 1, 1, 1, 1, 1, 1, 1, 1, 1, 1, 1], [0, 1, 1, 1, 1, 1, 1, 1, 1, 1, 1, 1, 1, 1, 1, 1, 1, 1, 1, 1, 1, 1, 1, 1, 0, 1, 1, 1, 1, 1, 1, 1, 1, 1, 1, 1, 1, 1, 1, 1, 1, 1], [0, 1, 1, 1, 1, 1, 1, 1, 1, 1, 1, 1, 1, 1, 1, 1, 1, 1, 1, 1, 1, 1, 1, 1, 1, 0, 1, 1, 1, 1, 1, 1, 1, 1, 1, 1, 1, 1, 1, 1, 1, 1], [0, 1, 1, 1, 1, 1, 1, 1, 1, 1, 1, 1, 1, 1, 1, 1, 1, 1, 1, 1, 1, 1, 1, 1, 1, 1, 0, 1, 1, 1, 1, 1, 1, 1, 1, 1, 1, 1, 1, 1, 1, 1], [0, 1, 1, 1, 1, 1, 1, 1, 1, 1, 1, 1, 1, 1, 1, 1, 1, 1, 1, 1, 1, 1, 1, 1, 1, 1, 1, 0, 1, 1, 1, 1, 1, 1, 1, 1, 1, 1, 1, 1, 1, 1], [0, 1, 1, 1, 1, 1, 1, 1, 1, 1, 1, 1, 1, 1, 1, 1, 1, 1, 1, 1, 1, 1, 1, 1, 1, 1, 1, 1, 0, 1, 1, 1, 1, 1, 1, 1, 1, 1, 1, 1, 1, 1], [0, 1, 1, 1, 1, 1, 1, 1, 1, 1, 1, 1, 1, 1, 1, 1, 1, 1, 1, 1, 1, 1, 1, 1, 1, 1, 1, 1, 1, 0, 1, 1, 1, 1, 1, 1, 1, 1, 1, 1, 1, 1], [0, 1, 1, 1, 1, 1, 1, 1, 1, 1, 1, 1, 1, 1, 1, 1, 1, 1, 1, 1, 1, 1, 1, 1, 1, 1, 1, 1, 1, 1, 0, 1, 1, 1, 1, 1, 1, 1, 1, 1, 1, 1], [0, 1, 1, 1, 1, 1, 1, 1, 1, 1, 1, 1, 1, 1, 1, 1, 1, 1, 1, 1, 1, 1, 1, 1, 1, 1, 1, 1, 1, 1, 1, 0, 1, 1, 1, 1, 1, 1, 1, 1, 1, 1], [0, 1, 1, 1, 1, 1, 1, 1, 1, 1, 1, 1, 1, 1, 1, 1, 1, 1, 1, 1, 1, 1, 1, 1, 1, 1, 1, 1, 1, 1, 1, 1, 0, 1, 1, 1, 1, 1, 1, 1, 1, 1], [0, 1, 1, 1, 1, 1, 1, 1, 1, 1, 1, 1, 1, 1, 1, 1, 1, 1, 1, 1, 1, 1, 1, 1, 1, 1, 1, 1, 1, 1, 1, 1, 1, 0, 1, 1, 1, 1, 1, 1, 1, 1], [0, 1, 1, 1, 1, 1, 1, 1, 1, 1, 1, 1, 1, 1, 1, 1, 1, 1, 1, 1, 1, 1, 1, 1, 1, 1, 1, 1, 1, 1, 1, 1, 1, 1, 0, 1, 1, 1, 1, 1, 1, 1], [0, 1, 1, 1, 1, 1, 1, 1, 1, 1, 1, 1, 1, 1, 1, 1, 1, 1, 1, 1, 1, 1, 1, 1, 1, 1, 1, 1, 1, 1, 1, 1, 1, 1, 1, 0, 1, 1, 1, 1, 1, 1], [0, 1, 1, 1, 1, 1, 1, 1, 1, 1, 1, 1, 1, 1, 1, 1, 1, 1, 1, 1, 1, 1, 1, 1, 1, 1, 1, 1, 1, 1, 1, 1, 1, 1, 1, 1, 0, 1, 1, 1, 1, 1], [0, 1, 1, 1, 1, 1, 1, 1, 1, 1, 1, 1, 1, 1, 1, 1, 1, 1, 1, 1, 1, 1, 1, 1, 1, 1, 1, 1, 1, 1, 1, 1, 1, 1, 1, 1, 1, 0, 1, 1, 1, 1], [0, 1, 1, 1, 1, 1, 1, 1, 1, 1, 1, 1, 1, 1, 1, 1, 1, 1, 1, 1, 1, 1, 1, 1, 1, 1, 1, 1, 1, 1, 1, 1, 1, 1, 1, 1, 1, 1, 0, 1, 1, 1], [0, 1, 1, 1, 1, 1, 1, 1, 1, 1, 1, 1, 1, 1, 1, 1, 1, 1, 1, 1, 1, 1, 1, 1, 1, 1, 1, 1, 1, 1, 1, 1, 1, 1, 1, 1, 1, 1, 1, 0, 1, 1], [0, 1, 1, 1, 1, 1, 1, 1, 1, 1, 1, 1, 1, 1, 1, 1, 1, 1, 1, 1, 1, 1, 1, 1, 1, 1, 1, 1, 1, 1, 1, 1, 1, 1, 1, 1, 1, 1, 1, 1, 0, 1], [0, 0, 0, 0, 0, 0, 0, 0, 0, 0, 0, 0, 0, 0, 0, 0, 0, 0, 0, 0, 0, 0, 0, 0, 0, 0, 0, 0, 0, 0, 0, 0, 0, 0, 0, 0, 0, 0, 0, 0, 0, 0]]}, "cluster_count": 3, "cluster_speeds": [[0.925, 0.85, 0.925, 1.0, 0.8325, 0.765, 0.8325, 0.9, 0.4625, 0.425, 0.4625, 0.5, 0.30525, 0.2805, 0.30525, 0.33, 0.37, 0.34, 0.37, 0.4, 0.555, 0.51, 0.555, 0.6, 0.6475, 0.595, 0.6475, 0.7, 0.37, 0.34, 0.37, 0.4, 0.30525, 0.2805, 0.30525, 0.33, 0.4625, 0.425, 0.4625, 0.5, 0.6475, 0.595, 0.6475, 0.7, 0.74, 0.68, 0.74, 0.8, 0.6475, 0.595, 0.6475, 0.7, 0.4625, 0.425, 0.4625, 0.5, 0.555, 0.51, 0.555, 0.6, 0.6475, 0.595, 0.6475, 0.7, 0.8325, 0.765, 0.8325, 0.9, 0.925, 0.85, 0.925, 1.0, 1.0], [0.6475, 0.595, 0.6475, 0.7, 0.58275, 0.5355, 0.58275, 0.63, 0.32375, 0.2975, 0.32375, 0.35, 0.213675, 0.19635, 0.213675, 0.23099999999999998, 0.259, 0.238, 0.259, 0.27999999999999997, 0.3885, 0.357, 0.3885, 0.42, 0.6475, 0.595, 0.6475, 0.7, 0.37, 0.34, 0.37, 0.4, 0.30525, 0.2805, 0.30525, 0.33, 0.4625, 0.425, 0.4625, 0.5, 0.6475, 0.595, 0.6475, 0.7, 0.74, 0.68, 0.74, 0.8, 0.45324999999999993, 0.4165, 0.45324999999999993, 0.48999999999999994, 0.32375, 0.2975, 0.32375, 0.35, 0.3885, 0.357, 0.3885, 0.42, 0.45324999999999993, 0.4165, 0.45324999999999993, 0.48999999999999994, 0.58275, 0.5355, 0.58275, 0.63, 0.6475, 0.595, 0.6475, 0.7, 0.7], [0.87875, 0.8075, 0.87875, 0.95, 0.790875, 0.72675, 0.790875, 0.855, 0.439375, 0.40375, 0.439375, 0.475, 0.2899875, 0.266475, 0.2899875, 0.3135, 0.3515, 0.323, 0.3515, 0.38, 0.52725, 0.4845, 0.52725, 0.57, 0.6475, 0.595, 0.6475, 0.7, 0.37, 0.34, 0.37, 0.4, 0.30525, 0.2805, 0.30525, 0.33, 0.4625, 0.425, 0.4625, 0.5, 0.6475, 0.595, 0.6475, 0.7, 0.74, 0.68, 0.74, 0.8, 0.6151249999999999, 0.5652499999999999, 0.6151249999999999, 0.6649999999999999, 0.439375, 0.40375, 0.439375, 0.475, 0.52725, 0.4845, 0.52725, 0.57, 0.6151249999999999, 0.5652499999999999, 0.6151249999999999, 0.6649999999999999, 0.790875, 0.72675, 0.790875, 0.855, 0.87875, 0.8075, 0.87875, 0.95, 0.95]], "clusters": [[-1, 2, 2, 2, 2, 2, 2, 2, 2, 2, 2, 2, 2, 2, 2, 2, 2, 2, 2, 2, 2, 2, 2, 2, 2, 2, 2, 2, 2, 2, 2, 2, 2, 2, 2, 2, 2, 2, 2, 2, 2, 2], [0, -1, 0, 0, 0, 0, 0, 0, 0, 0, 0, 0, 0, 0, 0, 0, 0, 0, 0, 0, 0, 0, 0, 0, 0, 0, 0, 0, 0, 0, 0, 0, 0, 0, 0, 0, 0, 0, 0, 0, 0, 0], [0, 0, -1, 0, 0, 0, 0, 0, 0, 0, 0, 0, 0, 0, 0, 0, 0, 0, 0, 0, 0, 0, 0, 0, 0, 0, 0, 0, 0, 0, 0, 0, 0, 0, 0, 0, 0, 0, 0, 0, 0, 0], [0, 0, 0, -1, 0, 0, 0, 0, 0, 0, 0, 0, 0, 0, 0, 0, 0, 0, 0, 0, 0, 0, 0, 0, 0, 0, 0, 0, 0, 0, 0, 0, 0, 0, 0, 0, 0, 0, 0, 0, 0, 0], [0, 0, 0, 0, -1, 0, 0, 0, 0, 0, 0, 0, 0, 0, 0, 0, 0, 0, 0, 0, 0, 0, 0, 0, 0, 0, 0, 0, 0, 0, 0, 0, 0, 0, 0, 0, 0, 0, 0, 0, 0, 0], [0, 0, 0, 0, 0, -1, 0, 0, 0, 0, 0, 0, 0, 0, 0, 0, 0, 0, 0, 0, 0, 0, 0, 0, 0, 0, 0, 0, 0, 0, 0, 0, 0, 0, 0, 0, 0, 0, 0, 0, 0, 0], [0, 0, 0, 0, 0, 0, -1, 0, 0, 0, 0, 0, 0, 0, 0, 0, 0, 0, 0, 0, 0, 0, 0, 0, 0, 0, 0, 0, 0, 0, 0, 0, 0, 0, 0, 0, 0, 0, 0, 0, 0, 0], [1, 1, 1, 1, 1, 1, 1, -1, 1, 1, 1, 1, 1, 1, 1, 1, 1, 1, 1, 1, 1, 1, 1, 1, 1, 1, 1, 1, 1, 1, 1, 1, 1, 1, 1, 1, 1, 1, 1, 1, 1, 1], [0, 0, 0, 0, 0, 0, 0, 0, -1, 0, 0, 0, 0, 0, 0, 0, 0, 0, 0, 0, 0, 0, 0, 0, 0, 0, 0, 0, 0, 0, 0, 0, 0, 0, 0, 0, 0, 0, 0, 0, 0, 0], [0, 0, 0, 0, 0, 0, 0, 0, 0, -1, 0, 0, 0, 0, 0, 0, 0, 0, 0, 0, 0, 0, 0, 0, 0, 0, 0, 0, 0, 0, 0, 0, 0, 0, 0, 0, 0, 0, 0, 0, 0, 0], [0, 0, 0, 0, 0, 0, 0, 0, 0, 0, -1, 0, 0, 0, 0, 0, 0, 0, 0, 0, 0, 0, 0, 0, 0, 0, 0, 0, 0, 0, 0, 0, 0, 0, 0, 0, 0, 0, 0, 0, 0, 0], [0, 0, 0, 0, 0, 0, 0, 0, 0, 0, 0, -1, 0, 0, 0, 0, 0, 0, 0, 0, 0, 0, 0, 0, 0, 0, 0, 0, 0, 0, 0, 0, 0, 0, 0, 0, 0, 0, 0, 0, 0, 0], [0, 0, 0, 0, 0, 0, 0, 0, 0, 0, 0, 0, -1, 0, 0, 0, 0, 0, 0, 0, 0, 0, 0, 0, 0, 0, 0, 0, 0, 0, 0, 0, 0, 0, 0, 0, 0, 0, 0, 0, 0, 0], [0, 0, 0, 0, 0, 0, 0, 0, 0, 0, 0, 0, 0, -1, 0, 0, 0, 0, 0, 0, 0, 0, 0, 0, 0, 0, 0, 0, 0, 0, 0, 0, 0, 0, 0, 0, 0, 0, 0, 0, 0, 0], [0, 0, 0, 0, 0, 0, 0, 0, 0, 0, 0, 0, 0, 0, -1, 0, 0, 0, 0, 0, 0, 0, 0, 0, 0, 0, 0, 0, 0, 0, 0, 0, 0, 0, 0, 0, 0, 0, 0, 0, 0, 0], [0, 0, 0, 0, 0, 0, 0, 0, 0, 0, 0, 0, 0, 0, 0, -1, 0, 0, 0, 0, 0, 0, 0, 0, 0, 0, 0, 0, 0, 0, 0, 0, 0, 0, 0, 0, 0, 0, 0, 0, 0, 0], [0, 0, 0, 0, 0, 0, 0, 0, 0, 0, 0, 0, 0, 0, 0, 0, -1, 0, 0, 0, 0, 0, 0, 0, 0, 0, 0, 0, 0, 0, 0, 0, 0, 0, 0, 0, 0, 0, 0, 0, 0, 0], [1, 1, 1, 1, 1, 1, 1, 1, 1, 1, 1, 1, 1, 1, 1, 1, 1, -1, 1, 1, 1, 1, 1, 1, 1, 1, 1, 1, 1, 1, 1, 1, 1, 1, 1, 1, 1, 1, 1, 1, 1, 1], [0, 0, 0, 0, 0, 0, 0, 0, 0, 0, 0, 0, 0, 0, 0, 0, 0, 0, -1, 0, 0, 0, 0, 0, 0, 0, 0, 0, 0, 0, 0, 0, 0, 0, 0, 0, 0, 0, 0, 0, 0, 0], [0, 0, 0, 0, 0, 0, 0, 0, 0, 0, 0, 0, 0, 0, 0, 0, 0, 0, 0, -1, 0, 0, 0, 0, 0, 0, 0, 0, 0, 0, 0, 0, 0, 0, 0, 0, 0, 0, 0, 0, 0, 0], [0, 0, 0, 0, 0, 0, 0, 0, 0, 0, 0, 0, 0, 0, 0, 0, 0, 0, 0, 0, -1, 0, 0, 0, 0, 0, 0, 0, 0, 0, 0, 0, 0, 0, 0, 0, 0, 0, 0, 0, 0, 0], [0, 0, 0, 0, 0, 0, 0, 0, 0, 0, 0, 0, 0, 0, 0, 0, 0, 0, 0, 0, 0, -1, 0, 0, 0, 0, 0, 0, 0, 0, 0, 0, 0, 0, 0, 0, 0, 0, 0, 0, 0, 0], [0, 0, 0, 0, 0, 0, 0, 0, 0, 0, 0, 0, 0, 0, 0, 0, 0, 0, 0, 0, 0, 0, -1, 0, 0, 0, 0, 0, 0, 0, 0, 0, 0, 0, 0, 0, 0, 0, 0, 0, 0, 0], [0, 0, 0, 0, 0, 0, 0, 0, 0, 0, 0, 0, 0, 0, 0, 0, 0, 0, 0, 0, 0, 0, 0, -1, 0, 0, 0, 0, 0, 0, 0, 0, 0, 0, 0, 0, 0, 0, 0, 0, 0, 0], [0, 0, 0, 0, 0, 0, 0, 0, 0, 0, 0, 0, 0, 0, 0, 0, 0, 0, 0, 0, 0, 0, 0, 0, -1, 0, 0, 0, 0, 0, 0, 0, 0, 0, 0, 0, 0, 0, 0, 0, 0, 0], [0, 0, 0, 0, 0, 0, 0, 0, 0, 0, 0, 0, 0, 0, 0, 0, 0, 0, 0, 0, 0, 0, 0, 0, 0, -1, 0, 0, 0, 0, 0, 0, 0, 0, 0, 0, 0, 0, 0, 0, 0, 0], [0, 0, 0, 0, 0, 0, 0, 0, 0, 0, 0, 0, 0, 0, 0, 0, 0, 0, 0, 0, 0, 0, 0, 0, 0, 0, -1, 0, 0, 0, 0, 0, 0, 0, 0, 0, 0, 0, 0, 0, 0, 0], [0, 0, 0, 0, 0, 0, 0, 0, 0, 0, 0, 0, 0, 0, 0, 0, 0, 0, 0, 0, 0, 0, 0, 0, 0, 0, 0, -1, 0, 0, 0, 0, 0, 0, 0, 0, 0, 0, 0, 0, 0, 0], [0, 0, 0, 0, 0, 0, 0, 0, 0, 0, 0, 0, 0, 0, 0, 0, 0, 0, 0, 0, 0, 0, 0, 0, 0, 0, 0, 0, -1, 0, 0, 0, 0, 0, 0, 0, 0, 0, 0, 0, 0, 0], [0, 0, 0, 0, 0, 0, 0, 0, 0, 0, 0, 0, 0, 0, 0, 0, 0, 0, 0, 0, 0, 0, 0, 0, 0, 0, 0, 0, 0, -1, 0, 0, 0, 0, 0, 0, 0, 0, 0, 0, 0, 0], [0, 0, 0, 0, 0, 0, 0, 0, 0, 0, 0, 0, 0, 0, 0, 0, 0, 0, 0, 0, 0, 0, 0, 0, 0, 0, 0, 0, 0, 0, -1, 0, 0, 0, 0, 0, 0, 0, 0, 0, 0, 0], [0, 0, 0, 0, 0, 0, 0, 0, 0, 0, 0, 0, 0, 0, 0, 0, 0, 0, 0, 0, 0, 0, 0, 0, 0, 0, 0, 0, 0, 0, 0, -1, 0, 0, 0, 0, 0, 0, 0, 0, 0, 0], [0, 0, 0, 0, 0, 0, 0, 0, 0, 0, 0, 0, 0, 0, 0, 0, 0, 0, 0, 0, 0, 0, 0, 0, 0, 0, 0, 0, 0, 0, 0, 0, -1, 0, 0, 0, 0, 0, 0, 0, 0, 0], [0, 0, 0, 0, 0, 0, 0, 0, 0, 0, 0, 0, 0, 0, 0, 0, 0, 0, 0, 0, 0, 0, 0, 0, 0, 0, 0, 0, 0, 0, 0, 0, 0, -1, 0, 0, 0, 0, 0, 0, 0, 0], [0, 0, 0, 0, 0, 0, 0, 0, 0, 0, 0, 0, 0, 0, 0, 0, 0, 0, 0, 0, 0, 0, 0, 0, 0, 0, 0, 0, 0, 0, 0, 0, 0, 0, -1, 0, 0, 0, 0, 0, 0, 0], [0, 0, 0, 0, 0, 0, 0, 0, 0, 0, 0, 0, 0, 0, 0, 0, 0, 0, 0, 0, 0, 0, 0, 0, 0, 0, 0, 0, 0, 0, 0, 0, 0, 0, 0, -1, 0, 0, 0, 0, 0, 0], [0, 0, 0, 0, 0, 0, 0, 0, 0, 0, 0, 0, 0, 0, 0, 0, 0, 0, 0, 0, 0, 0, 0, 0, 0, 0, 0, 0, 0, 0, 0, 0, 0, 0, 0, 0, -1, 0, 0, 0, 0, 0], [0, 0, 0, 0, 0, 0, 0, 0, 0, 0, 0, 0, 0, 0, 0, 0, 0, 0, 0, 0, 0, 0, 0, 0, 0, 0, 0, 0, 0, 0, 0, 0, 0, 0, 0, 0, 0, -1, 0, 0, 0, 0], [1, 1, 1, 1, 1, 1, 1, 1, 1, 1, 1, 1, 1, 1, 1, 1, 1, 1, 1, 1, 1, 1, 1, 1, 1, 1, 1, 1, 1, 1, 1, 1, 1, 1, 1, 1, 1, 1, -1, 1, 1, 1], [0, 0, 0, 0, 0, 0, 0, 0, 0, 0, 0, 0, 0, 0, 0, 0, 0, 0, 0, 0, 0, 0, 0, 0, 0, 0, 0, 0, 0, 0, 0, 0, 0, 0, 0, 0, 0, 0, 0, -1, 0, 0], [0, 0, 0, 0, 0, 0, 0, 0, 0, 0, 0, 0, 0, 0, 0, 0, 0, 0, 0, 0, 0, 0, 0, 0, 0, 0, 0, 0, 0, 0, 0, 0, 0, 0, 0, 0, 0, 0, 0, 0, -1, 0], [2, 2, 2, 2, 2, 2, 2, 2, 2, 2, 2, 2, 2, 2, 2, 2, 2, 2, 2, 2, 2, 2, 2, 2, 2, 2, 2, 2, 2, 2, 2, 2, 2, 2, 2, 2, 2, 2, 2, 2, 2, -1]], "speed_zone_count": 73, "speed_zones": [[0.0, 15.0], [15.0, 30.0], [30.0, 45.0], [45.0, 60.0], [60.0, 75.0], [75.0, 90.0], [90.0, 105.0], [105.0, 120.0], [120.0, 135.0], [135.0, 150.0], [150.0, 165.0], [165.0, 180.0], [180.0, 195.0], [195.0, 210.0], [210.0, 225.0], [225.0, 240.0], [240.0, 255.0], [255.0, 270.0], [270.0, 285.0], [285.0, 300.0], [300.0, 315.0], [315.0, 330.0], [330.0, 345.0], [345.0, 360.0], [360.0, 375.0], [375.0, 390.0], [390.0, 405.0], [405.0, 420.0], [420.0, 435.0], [435.0, 450.0], [450.0, 465.0], [465.0, 480.0], [480.0, 495.0], [495.0, 510.0], [510.0, 525.0], [525.0, 540.0], [540.0, 555.0], [555.0, 570.0], [570.0, 585.0], [585.0, 600.0], [600.0, 615.0], [615.0, 630.0], [630.0, 645.0], [645.0, 660.0], [660.0, 675.0], [675.0, 690.0], [690.0, 705.0], [705.0, 720.0], [720.0, 735.0], [735.0, 750.0], [750.0, 765.0], [765.0, 780.0], [780.0, 795.0], [795.0, 810.0], [810.0, 825.0], [825.0, 840.0], [840.0, 855.0], [855.0, 870.0], [870.0, 885.0], [885.0, 900.0], [900.0, 915.0], [915.0, 930.0], [930.0, 945.0], [945.0, 960.0], [960.0, 975.0], [975.0, 990.0], [990.0, 1005.0], [1005.0, 1020.0], [1020.0, 1035.0], [1035.0, 1050.0], [1050.0, 1065.0], [1065.0, 1080.0], [1080.0, 5000.0]], "distances": [[0.0, 81.29, 72.44, 69.94, 69.41, 77.61, 76.68, 55.62, 65.74, 69.43, 71.9, 70.75, 61.9, 65.83, 80.06, 74.35, 70.55, 69.98, 83.58, 68.69, 66.68, 65.31, 65.77, 76.52, 78.43, 80.9, 71.1, 69.56, 68.97, 74.14, 65.17, 65.81, 66.29, 75.3, 58.72, 63.98, 61.71, 74.71, 74.16, 69.18, 69.52, 0.0], [0.0, 0.0, 8.94, 12.03, 12.12, 10.32, 4.72, 25.86, 19.28, 12.43, 9.39, 16.1, 20.24, 15.63, 11.23, 11.34, 13.12, 21.09, 12.68, 12.67, 14.65, 16.08, 15.6, 5.77, 12.37, 8.94, 13.35, 12.02, 15.17, 7.35, 16.19, 15.61, 20.87, 8.91, 24.29, 17.4, 19.6, 6.75, 17.76, 13.15, 13.88, 81.29], [0.0, 8.94, 0.0, 9.53, 4.56, 5.17, 4.25, 16.93, 11.75, 5.55, 9.12, 10.48, 11.43, 6.69, 7.63, 9.83, 8.48, 15.86, 11.88, 4.45, 5.76, 7.65, 7.17, 5.89, 7.14, 8.48, 7.13, 4.61, 8.01, 10.61, 7.27, 6.67, 14.01, 7.95, 15.6, 8.9, 10.73, 10.81, 16.62, 6.8, 6.49, 72.44], [0.0, 12.03, 9.53, 0.0, 5.94, 8.13, 7.36, 14.33, 8.15, 7.17, 4.17, 7.61, 8.26, 4.37, 10.58, 12.91, 10.73, 12.82, 15.28, 5.08, 4.19, 6.98, 6.6, 9.52, 10.73, 11.46, 4.43, 6.13, 4.63, 4.76, 5.24, 4.47, 10.51, 11.32, 12.26, 7.9, 8.65, 5.35, 19.35, 8.46, 10.2, 69.94], [0.0, 12.12, 4.56, 5.94, 0.0, 8.93, 7.98, 14.62, 13.21, 9.33, 9.47, 13.54, 10.59, 5.57, 11.15, 7.76, 4.87, 18.67, 14.18, 9.01, 4.17, 12.2, 11.73, 7.14, 9.03, 11.88, 10.36, 8.59, 10.4, 6.11, 5.53, 5.4, 15.87, 7.0, 14.87, 5.46, 8.24, 6.46, 13.61, 10.32, 9.01, 69.41], [0.0, 10.32, 5.17, 8.13, 8.93, 0.0, 9.42, 22.08, 15.5, 9.5, 5.82, 12.69, 16.35, 11.83, 10.02, 10.52, 11.11, 17.9, 7.35, 9.27, 10.93, 12.64, 12.16, 4.56, 12.31, 10.42, 9.72, 8.88, 11.41, 9.87, 12.44, 11.82, 17.24, 8.04, 20.39, 13.93, 15.9, 9.47, 17.47, 10.46, 10.06, 77.61], [0.0, 4.72, 4.25, 7.36, 7.98, 9.42, 0.0, 21.18, 14.93, 8.57, 4.86, 12.39, 15.53, 10.93, 11.89, 9.96, 10.3, 17.67, 7.96, 8.31, 10.01, 11.68, 11.2, 10.08, 8.5, 4.23, 9.3, 7.93, 10.87, 11.06, 11.52, 10.92, 16.78, 7.52, 19.61, 12.97, 14.98, 10.47, 16.96, 9.55, 9.48, 76.68], [0.0, 25.86, 16.93, 14.33, 14.62, 22.08, 21.18, 0.0, 12.12, 15.04, 16.53, 16.75, 6.63, 10.25, 24.55, 21.41, 17.5, 18.63, 28.53, 13.66, 11.23, 10.58, 10.96, 21.66, 23.44, 25.41, 16.06, 14.82, 14.09, 18.59, 9.68, 10.26, 14.11, 21.42, 5.72, 9.36, 6.4, 19.17, 24.75, 15.3, 14.27, 55.62], [0.0, 19.28, 11.75, 8.15, 13.21, 15.5, 14.93, 12.12, 0.0, 14.37, 12.3, 5.01, 6.09, 8.22, 17.73, 20.79, 18.03, 6.9, 22.85, 12.05, 9.42, 11.81, 11.72, 17.64, 18.7, 18.59, 6.1, 13.44, 12.79, 12.58, 8.87, 8.45, 10.15, 19.4, 7.21, 11.84, 9.98, 13.12, 26.78, 15.48, 5.46, 65.74], [0.0, 12.43, 5.55, 7.17, 9.33, 9.5, 8.57, 15.04, 14.37, 0.0, 4.36, 14.77, 11.46, 6.55, 11.58, 6.81, 11.26, 19.89, 14.18, 10.0, 5.16, 4.47, 10.69, 7.11, 9.06, 12.26, 11.58, 8.78, 11.62, 6.97, 6.38, 6.36, 17.05, 6.38, 15.69, 5.71, 8.74, 7.25, 12.42, 9.34, 10.24, 69.43], [0.0, 9.39, 9.12, 4.17, 9.47, 5.82, 4.86, 16.53, 12.3, 4.36, 0.0, 11.42, 11.36, 6.41, 8.21, 8.86, 7.3, 16.77, 12.05, 9.25, 5.3, 6.82, 6.34, 5.58, 7.09, 9.01, 8.08, 9.72, 8.75, 8.93, 6.86, 6.35, 14.68, 7.15, 15.62, 8.11, 10.22, 9.52, 15.55, 5.6, 7.24, 71.9], [0.0, 16.1, 10.48, 7.61, 13.54, 12.69, 12.39, 16.75, 5.01, 14.77, 11.42, 0.0, 10.26, 10.11, 14.55, 20.28, 18.34, 5.39, 19.87, 12.61, 10.83, 13.68, 13.42, 15.9, 16.49, 15.34, 11.11, 13.74, 11.15, 10.59, 11.0, 10.32, 5.14, 18.41, 12.19, 14.16, 13.31, 11.0, 26.91, 16.05, 4.57, 70.75], [0.0, 20.24, 11.43, 8.26, 10.59, 16.35, 15.53, 6.63, 6.09, 11.46, 11.36, 10.26, 0.0, 5.1, 18.82, 18.27, 14.79, 12.98, 23.31, 9.41, 6.46, 7.57, 7.7, 16.89, 18.45, 19.7, 9.44, 10.83, 7.45, 12.9, 5.08, 5.23, 8.62, 17.56, 4.3, 7.02, 4.29, 13.5, 23.22, 12.23, 7.69, 61.9], [0.0, 15.63, 6.69, 4.37, 5.57, 11.83, 10.93, 10.25, 8.22, 6.55, 6.41, 10.11, 5.1, 0.0, 14.3, 13.32, 10.09, 14.52, 18.46, 4.37, 8.56, 8.58, 8.92, 11.86, 13.48, 15.16, 7.72, 5.81, 6.66, 8.34, 8.74, 8.5, 11.02, 12.48, 9.4, 9.1, 4.29, 8.92, 18.76, 7.49, 5.83, 65.83], [0.0, 11.23, 7.63, 10.58, 11.15, 10.02, 11.89, 24.55, 17.73, 11.58, 8.21, 14.55, 18.82, 14.3, 0.0, 11.36, 12.68, 19.57, 5.33, 11.59, 13.39, 14.99, 14.51, 5.46, 10.48, 9.92, 11.79, 11.07, 13.62, 5.97, 14.9, 14.3, 19.3, 8.87, 22.83, 16.3, 18.36, 5.39, 18.06, 12.42, 12.33, 80.06], [0.0, 11.34, 9.83, 12.91, 7.76, 10.52, 9.96, 21.41, 20.79, 6.81, 8.86, 20.28, 18.27, 13.32, 11.36, 0.0, 12.17, 25.63, 11.11, 8.97, 11.93, 11.05, 10.76, 6.01, 7.34, 11.61, 16.93, 7.52, 17.54, 10.19, 13.19, 13.14, 23.34, 12.24, 22.49, 12.11, 15.33, 10.04, 7.02, 6.18, 16.04, 74.35], [0.0, 13.12, 8.48, 10.73, 4.87, 11.11, 10.3, 17.5, 18.03, 11.26, 7.3, 18.34, 14.79, 10.09, 12.68, 12.17, 0.0, 23.52, 13.89, 5.98, 8.73, 7.33, 7.11, 7.35, 9.21, 13.17, 15.09, 4.65, 15.26, 9.5, 9.78, 9.88, 20.72, 4.88, 18.91, 8.29, 11.54, 9.58, 8.75, 11.11, 13.85, 70.55], [0.0, 21.09, 15.86, 12.82, 18.67, 17.9, 17.67, 18.63, 6.9, 19.89, 16.77, 5.39, 12.98, 14.52, 19.57, 25.63, 23.52, 0.0, 24.89, 17.65, 15.5, 18.19, 18.01, 21.28, 21.8, 20.31, 8.74, 18.87, 8.27, 15.98, 15.31, 14.75, 4.53, 23.8, 13.17, 18.42, 16.85, 16.37, 32.17, 21.14, 9.68, 69.98], [0.0, 12.68, 11.88, 15.28, 14.18, 7.35, 7.96, 28.53, 22.85, 14.18, 12.05, 19.87, 23.31, 18.46, 5.33, 11.11, 13.89, 24.89, 0.0, 14.96, 17.33, 18.3, 17.84, 7.07, 5.15, 4.59, 17.03, 14.02, 18.76, 10.51, 18.89, 18.4, 24.56, 9.1, 27.47, 19.62, 22.16, 9.93, 16.55, 14.6, 17.41, 83.58], [0.0, 12.67, 4.45, 5.08, 9.01, 9.27, 8.31, 13.66, 12.05, 10.0, 9.25, 12.61, 9.41, 4.37, 11.59, 8.97, 5.98, 17.65, 14.96, 0.0, 9.27, 11.56, 11.63, 8.01, 9.83, 12.37, 9.51, 9.07, 9.38, 6.16, 4.37, 4.2, 14.74, 8.16, 13.7, 4.73, 7.26, 6.59, 14.73, 10.68, 8.04, 68.69], [0.0, 14.65, 5.76, 4.19, 4.17, 10.93, 10.01, 11.23, 9.42, 5.16, 5.3, 10.83, 6.46, 8.56, 13.39, 11.93, 8.73, 15.5, 17.33, 9.27, 0.0, 8.73, 9.61, 10.61, 12.29, 14.22, 8.14, 4.42, 7.4, 7.48, 9.43, 8.66, 12.19, 11.1, 10.76, 9.63, 4.97, 8.03, 17.43, 6.14, 6.35, 66.68], [0.0, 16.08, 7.65, 6.98, 12.2, 12.64, 11.68, 10.58, 11.81, 4.47, 6.82, 13.68, 7.57, 8.58, 14.99, 11.05, 7.33, 18.19, 18.3, 11.56, 8.73, 0.0, 8.93, 11.27, 13.15, 15.77, 11.03, 4.31, 10.24, 9.4, 10.07, 8.51, 14.63, 10.85, 11.6, 9.93, 4.3, 9.88, 15.65, 4.87, 9.24, 65.31], [0.0, 15.6, 7.17, 6.6, 11.73, 12.16, 11.2, 10.96, 11.72, 10.69, 6.34, 13.42, 7.7, 8.92, 14.51, 10.76, 7.11, 18.01, 17.84, 11.63, 9.61, 8.93, 0.0, 10.83, 12.7, 15.29, 10.71, 11.77, 9.99, 8.93, 11.79, 8.85, 14.53, 10.48, 11.8, 10.56, 4.64, 9.4, 15.54, 4.6, 8.95, 65.77], [0.0, 5.77, 5.89, 9.52, 7.14, 4.56, 10.08, 21.66, 17.64, 7.11, 5.58, 15.9, 16.89, 11.86, 5.46, 6.01, 7.35, 21.28, 7.07, 8.01, 10.61, 11.27, 10.83, 0.0, 10.13, 5.86, 12.62, 6.97, 13.81, 5.31, 12.16, 11.76, 19.83, 12.23, 21.17, 12.59, 15.27, 4.92, 12.92, 7.6, 12.31, 76.52], [0.0, 12.37, 7.14, 10.73, 9.03, 12.31, 8.5, 23.44, 18.7, 9.06, 7.09, 16.49, 18.45, 13.48, 10.48, 7.34, 9.21, 21.8, 5.15, 9.83, 12.29, 13.15, 12.7, 10.13, 0.0, 4.27, 13.32, 8.87, 14.74, 6.13, 13.86, 13.41, 20.72, 4.89, 22.68, 14.48, 17.06, 5.61, 13.96, 9.57, 13.27, 78.43], [0.0, 8.94, 8.48, 11.46, 11.88, 10.42, 4.23, 25.41, 18.59, 12.26, 9.01, 15.34, 19.7, 15.16, 9.92, 11.61, 13.17, 20.31, 4.59, 12.37, 14.22, 15.77, 15.29, 5.86, 4.27, 0.0, 12.63, 11.79, 14.48, 6.83, 15.75, 15.15, 20.13, 9.15, 23.71, 17.08, 19.19, 6.25, 18.17, 13.04, 13.2, 80.9], [0.0, 13.35, 7.13, 4.43, 10.36, 9.72, 9.3, 16.06, 6.1, 11.58, 8.08, 11.11, 9.44, 7.72, 11.79, 16.93, 15.09, 8.74, 17.03, 9.51, 8.14, 11.03, 10.71, 12.62, 13.32, 12.63, 0.0, 10.54, 9.06, 7.31, 8.66, 7.91, 7.52, 15.06, 12.43, 11.73, 11.53, 7.76, 23.59, 12.88, 11.56, 71.1], [0.0, 12.02, 4.61, 6.13, 8.59, 8.88, 7.93, 14.82, 13.44, 8.78, 9.72, 13.74, 10.83, 5.81, 11.07, 7.52, 4.65, 18.87, 14.02, 9.07, 4.42, 4.31, 11.77, 6.97, 8.87, 11.79, 10.54, 0.0, 10.61, 6.13, 5.76, 5.64, 16.1, 6.77, 15.11, 5.62, 8.44, 6.46, 13.38, 9.18, 9.21, 69.56], [0.0, 15.17, 8.01, 4.63, 10.4, 11.41, 10.87, 14.09, 12.79, 11.62, 8.75, 11.15, 7.45, 6.66, 13.62, 17.54, 15.26, 8.27, 18.76, 9.38, 7.4, 10.24, 9.99, 13.81, 14.74, 14.48, 9.06, 10.61, 0.0, 8.61, 7.55, 6.87, 6.01, 15.9, 10.28, 10.71, 10.01, 9.13, 23.94, 12.87, 12.49, 68.97], [0.0, 7.35, 10.61, 4.76, 6.11, 9.87, 11.06, 18.59, 12.58, 6.97, 8.93, 10.59, 12.9, 8.34, 5.97, 10.19, 9.5, 15.98, 10.51, 6.16, 7.48, 9.4, 8.93, 5.31, 6.13, 6.83, 7.31, 6.13, 8.61, 0.0, 8.97, 8.34, 14.61, 8.03, 16.99, 10.66, 12.45, 10.12, 17.16, 8.15, 7.14, 74.14], [0.0, 16.19, 7.27, 5.24, 5.53, 12.44, 11.52, 9.68, 8.87, 6.38, 6.86, 11.0, 5.08, 8.74, 14.9, 13.19, 9.78, 15.31, 18.89, 4.37, 9.43, 10.07, 11.79, 12.16, 13.86, 15.75, 8.66, 5.76, 7.55, 8.97, 0.0, 8.57, 11.68, 12.52, 9.34, 9.1, 9.38, 9.53, 18.36, 7.19, 6.76, 65.17], [0.0, 15.61, 6.67, 4.47, 5.4, 11.82, 10.92, 10.26, 8.45, 6.36, 6.35, 10.32, 5.23, 8.5, 14.3, 13.14, 9.88, 14.75, 18.4, 4.2, 8.66, 8.51, 8.85, 11.76, 13.41, 15.15, 7.91, 5.64, 6.87, 8.34, 8.57, 0.0, 11.25, 12.33, 9.53, 8.93, 4.22, 8.91, 18.54, 7.29, 6.02, 65.81], [0.0, 20.87, 14.01, 10.51, 15.87, 17.24, 16.78, 14.11, 10.15, 17.05, 14.68, 5.14, 8.62, 11.02, 19.3, 23.34, 20.72, 4.53, 24.56, 14.74, 12.19, 14.63, 14.53, 19.83, 20.72, 20.13, 7.52, 16.1, 6.01, 14.61, 11.68, 11.25, 0.0, 21.83, 8.68, 14.65, 12.69, 15.11, 29.47, 18.2, 7.52, 66.29], [0.0, 8.91, 7.95, 11.32, 7.0, 8.04, 7.52, 21.42, 19.4, 6.38, 7.15, 18.41, 17.56, 12.48, 8.87, 12.24, 4.88, 23.8, 9.1, 8.16, 11.1, 10.85, 10.48, 12.23, 4.89, 9.15, 15.06, 6.77, 15.9, 8.03, 12.52, 12.33, 21.83, 0.0, 21.85, 12.06, 15.12, 7.8, 9.45, 6.24, 14.38, 75.3], [0.0, 24.29, 15.6, 12.26, 14.87, 20.39, 19.61, 5.72, 7.21, 15.69, 15.62, 12.19, 4.3, 9.4, 22.83, 22.49, 18.91, 13.17, 27.47, 13.7, 10.76, 11.6, 11.8, 21.17, 22.68, 23.71, 12.43, 15.11, 10.28, 16.99, 9.34, 9.53, 8.68, 21.85, 0.0, 10.83, 7.67, 17.59, 27.15, 16.39, 11.0, 58.72], [0.0, 17.4, 8.9, 7.9, 5.46, 13.93, 12.97, 9.36, 11.84, 5.71, 8.11, 14.16, 7.02, 9.1, 16.3, 12.11, 8.29, 18.42, 19.62, 4.73, 9.63, 9.93, 10.56, 12.59, 14.48, 17.08, 11.73, 5.62, 10.71, 10.66, 9.1, 8.93, 14.65, 12.06, 10.83, 0.0, 11.31, 11.15, 16.32, 5.96, 9.86, 63.98], [0.0, 19.6, 10.73, 8.65, 8.24, 15.9, 14.98, 6.4, 9.98, 8.74, 10.22, 13.31, 4.29, 4.29, 18.36, 15.33, 11.54, 16.85, 22.16, 7.26, 4.97, 4.3, 4.64, 15.27, 17.06, 19.19, 11.53, 8.44, 10.01, 12.45, 9.38, 4.22, 12.69, 15.12, 7.67, 11.31, 0.0, 13.01, 19.52, 9.15, 9.6, 61.71], [0.0, 6.75, 10.81, 5.35, 6.46, 9.47, 10.47, 19.17, 13.12, 7.25, 9.52, 11.0, 13.5, 8.92, 5.39, 10.04, 9.58, 16.37, 9.93, 6.59, 8.03, 9.88, 9.4, 4.92, 5.61, 6.25, 7.76, 6.46, 9.13, 10.12, 9.53, 8.91, 15.11, 7.8, 17.59, 11.15, 13.01, 0.0, 17.04, 8.38, 7.67, 74.71], [0.0, 17.76, 16.62, 19.35, 13.61, 17.47, 16.96, 24.75, 26.78, 12.42, 15.55, 26.91, 23.22, 18.76, 18.06, 7.02, 8.75, 32.17, 16.55, 14.73, 17.43, 15.65, 15.54, 12.92, 13.96, 18.17, 23.59, 13.38, 23.94, 17.16, 18.36, 18.54, 29.47, 9.45, 27.15, 16.32, 19.52, 17.04, 0.0, 11.3, 22.49, 74.16], [0.0, 13.15, 6.8, 8.46, 10.32, 10.46, 9.55, 15.3, 15.48, 9.34, 5.6, 16.05, 12.23, 7.49, 12.42, 6.18, 11.11, 21.14, 14.6, 10.68, 6.14, 4.87, 4.6, 7.6, 9.57, 13.04, 12.88, 9.18, 12.87, 8.15, 7.19, 7.29, 18.2, 6.24, 16.39, 5.96, 9.15, 8.38, 11.3, 0.0, 11.51, 69.18], [0.0, 13.88, 6.49, 10.2, 9.01, 10.06, 9.48, 14.27, 5.46, 10.24, 7.24, 4.57, 7.69, 5.83, 12.33, 16.04, 13.85, 9.68, 17.41, 8.04, 6.35, 9.24, 8.95, 12.31, 13.27, 13.2, 11.56, 9.21, 12.49, 7.14, 6.76, 6.02, 7.52, 14.38, 11.0, 9.86, 9.6, 7.67, 22.49, 11.51, 0.0, 69.52], [0.0, 0.0, 0.0, 0.0, 0.0, 0.0, 0.0, 0.0, 0.0, 0.0, 0.0, 0.0, 0.0, 0.0, 0.0, 0.0, 0.0, 0.0, 0.0, 0.0, 0.0, 0.0, 0.0, 0.0, 0.0, 0.0, 0.0, 0.0, 0.0, 0.0, 0.0, 0.0, 0.0, 0.0, 0.0, 0.0, 0.0, 0.0, 0.0, 0.0, 0.0, 0.0]], "time_windows": [[0.0, 5000.0], [0.0, 133.0], [0.0, 143.0], [0.0, 154.0], [0.0, 161.0], [0.0, 181.0], [0.0, 202.0], [0.0, 261.0], [0.0, 296.0], [0.0, 336.0], [0.0, 345.0], [0.0, 366.0], [0.0, 385.0], [0.0, 394.0], [0.0, 416.0], [0.0, 435.0], [0.0, 453.0], [0.0, 511.0], [0.0, 586.0], [0.0, 620.0], [0.0, 639.0], [0.0, 653.0], [0.0, 668.0], [0.0, 684.0], [0.0, 699.0], [0.0, 705.0], [0.0, 723.0], [0.0, 737.0], [0.0, 751.0], [0.0, 762.0], [0.0, 776.0], [0.0, 791.0], [0.0, 808.0], [0.0, 850.0], [0.0, 893.0], [0.0, 914.0], [0.0, 934.0], [0.0, 954.0], [0.0, 982.0], [0.0, 998.0], [0.0, 1012.0], [0.0, 5000.0]], "start_depot": 0, "end_depot": 41, "horizon": [0.0, 5000.0]}