{"digraph": {"vertex_count": 42, "arc_count": 1640, "arcs": [[0, 1, 1, 1, 1, 1, 1, 1, 1, 1, 1, 1, 1, 1, 1, 1, 1, 1, 1, 1, 1, 1, 1, 1, 1, 1, 1, 1, 1, 1, 1, 1, 1, 1, 1, 1, 1, 1, 1, 1, 1, 1], [0, 0, 1, 1, 1, 1, 1, 1, 1, 1, 1, 1, 1, 1, 1, 1, 1, 1, 1, 1, 1, 1, 1, 1, 1, 1, 1, 1, 1, 1, 1, 1, 1, 1, 1, 1, 1, 1, 1, 1, 1, 1], [0, 1, 0, 1, 1, 1, 1, 1, 1, 1, 1, 1, 1, 1, 1, 1, 1, 1, 1, 1, 1, 1, 1, 1, 1, 1, 1, 1, 1, 1, 1, 1, 1, 1, 1, 1, 1, 1, 1, 1, 1, 1], [0, 1, 1, 0, 1, 1, 1, 1, 1, 1, 1, 1, 1, 1, 1, 1, 1, 1, 1, 1, 1, 1, 1, 1, 1, 1, 1, 1, 1, 1, 1, 1, 1, 1, 1, 1, 1, 1, 1, 1, 1, 1], [0, 1, 1, 1, 0, 1, 1, 1, 1, 1, 1, 1, 1, 1, 1, 1, 1, 1, 1, 1, 1, 1, 1, 1, 1, 1, 1, 1, 1, 1, 1, 1, 1, 1, 1, 1, 1, 1, 1, 1, 1, 1], [0, 1, 1, 1, 1, 0, 1, 1, 1, 1, 1, 1, 1, 1, 1, 1, 1, 1, 1, 1, 1, 1, 1, 1, 1, 1, 1, 1, 1, 1, 1, 1, 1, 1, 1, 1, 1, 1, 1, 1, 1, 1], [0, 1, 1, 1, 1, 1, 0, 1, 1, 1, 1, 1, 1, 1, 1, 1, 1, 1, 1, 1, 1, 1, 1, 1, 1, 1, 1, 1, 1, 1, 1, 1, 1, 1, 1, 1, 1, 1, 1, 1, 1, 1], [0, 1, 1, 1, 1, 1, 1, 0, 1, 1, 1, 1, 1, 1, 1, 1, 1, 1, 1, 1, 1, 1, 1, 1, 1, 1, 1, 1, 1, 1, 1, 1, 1, 1, 1, 1, 1, 1, 1, 1, 1, 1], [0, 1, 1, 1, 1, 1, 1, 1, 0, 1, 1, 1, 1, 1, 1, 1, 1, 1, 1, 1, 1, 1, 1, 1, 1, 1, 1, 1, 1, 1, 1, 1, 1, 1, 1, 1, 1, 1, 1, 1, 1, 1], [0, 1, 1, 1, 1, 1, 1, 1, 1, 0, 1, 1, 1, 1, 1, 1, 1, 1, 1, 1, 1, 1, 1, 1, 1, 1, 1, 1, 1, 1, 1, 1, 1, 1, 1, 1, 1, 1, 1, 1, 1, 1], [0, 1, 1, 1, 1, 1, 1, 1, 1, 1, 0, 1, 1, 1, 1, 1, 1, 1, 1, 1, 1, 1, 1, 1, 1, 1, 1, 1, 1, 1, 1, 1, 1, 1, 1, 1, 1, 1, 1, 1, 1, 1], [0, 1, 1, 1, 1, 1, 1, 1, 1, 1, 1, 0, 1, 1, 1, 1, 1, 1, 1, 1, 1, 1, 1, 1, 1, 1, 1, 1, 1, 1, 1, 1, 1, 1, 1, 1, 1, 1, 1, 1, 1, 1], [0, 1, 1, 1, 1, 1, 1, 1, 1, 1, 1, 1, 0, 1, 1, 1, 1, 1, 1, 1, 1, 1, 1, 1, 1, 1, 1, 1, 1, 1, 1, 1, 1, 1, 1, 1, 1, 1, 1, 1, 1, 1], [0, 1, 1, 1, 1, 1, 1, 1, 1, 1, 1, 1, 1, 0, 1, 1, 1, 1, 1, 1, 1, 1, 1, 1, 1, 1, 1, 1, 1, 1, 1, 1, 1, 1, 1, 1, 1, 1, 1, 1, 1, 1], [0, 1, 1, 1, 1, 1, 1, 1, 1, 1, 1, 1, 1, 1, 0, 1, 1, 1, 1, 1, 1, 1, 1, 1, 1, 1, 1, 1, 1, 1, 1, 1, 1, 1, 1, 1, 1, 1, 1, 1, 1, 1], [0, 1, 1, 1, 1, 1, 1, 1, 1, 1, 1, 1, 1, 1, 1, 0, 1, 1, 1, 1, 1, 1, 1, 1, 1, 1, 1, 1, 1, 1, 1, 1, 1, 1, 1, 1, 1, 1, 1, 1, 1, 1], [0, 1, 1, 1, 1, 1, 1, 1, 1, 1, 1, 1, 1, 1, 1, 1, 0, 1, 1, 1, 1, 1, 1, 1, 1, 1, 1, 1, 1, 1, 1, 1, 1, 1, 1, 1, 1, 1, 1, 1, 1, 1], [0, 1, 1, 1, 1, 1, 1, 1, 1, 1, 1, 1, 1, 1, 1, 1, 1, 0, 1, 1, 1, 1, 1, 1, 1, 1, 1, 1, 1, 1, 1, 1, 1, 1, 1, 1, 1, 1, 1, 1, 1, 1], [0, 1, 1, 1, 1, 1, 1, 1, 1, 1, 1, 1, 1, 1, 1, 1, 1, 1, 0, 1, 1, 1, 1, 1, 1, 1, 1, 1, 1, 1, 1, 1, 1, 1, 1, 1, 1, 1, 1, 1, 1, 1], [0, 1, 1, 1, 1, 1, 1, 1, 1, 1, 1, 1, 1, 1, 1, 1, 1, 1, 1, 0, 1, 1, 1, 1, 1, 1, 1, 1, 1, 1, 1, 1, 1, 1, 1, 1, 1, 1, 1, 1, 1, 1], [0, 1, 1, 1, 1, 1, 1, 1, 1, 1, 1, 1, 1, 1, 1, 1, 1, 1, 1, 1, 0, 1, 1, 1, 1, 1, 1, 1, 1, 1, 1, 1, 1, 1, 1, 1, 1, 1, 1, 1, 1, 1], [0, 1, 1, 1, 1, 1, 1, 1, 1, 1, 1, 1, 1, 1, 1, 1, 1, 1, 1, 1, 1, 0, 1, 1, 1, 1, 1, 1, 1, 1, 1, 1, 1, 1, 1, 1, 1, 1, 1, 1, 1, 1], [0, 1, 1, 1, 1, 1, 1, 1, 1, 1, 1, 1, 1, 1, 1, 1, 1, 1, 1, 1, 1, 1, 0, 1, 1, 1, 1, 1, 1, 1, 1, 1, 1, 1, 1, 1, 1, 1, 1, 1, 1, 1], [0, 1, 1, 1, 1, 1, 1, 1, 1, 1, 1, 1, 1, 1, 1, 1, 1, 1, 1, 1, 1, 1, 1, 0, 1, 1, 1, 1, 1, 1, 1, 1, 1, 1, 1, 1, 1, 1, 1, 1, 1, 1], [0, 1, 1, 1, 1, 1, 1, 1, 1, 1, 1, 1, 1, 1, 1, 1, 1, 1, 1, 1, 1, 1, 1, 1, 0, 1, 1, 1, 1, 1, 1, 1, 1, 1, 1, 1, 1, 1, 1, 1, 1, 1], [0, 1, 1, 1, 1, 1, 1, 1, 1, 1, 1, 1, 1, 1, 1, 1, 1, 1, 1, 1, 1, 1, 1, 1, 1, 0, 1, 1, 1, 1, 1, 1, 1, 1, 1, 1, 1, 1, 1, 1, 1, 1], [0, 1, 1, 1, 1, 1, 1, 1, 1, 1, 1, 1, 1, 1, 1, 1, 1, 1, 1, 1, 1, 1, 1, 1, 1, 1, 0, 1, 1, 1, 1, 1, 1, 1, 1, 1, 1, 1, 1, 1, 1, 1], [0, 1, 1, 1, 1, 1, 1, 1, 1, 1, 1, 1, 1, 1, 1, 1, 1, 1, 1, 1, 1, 1, 1, 1, 1, 1, 1, 0, 1, 1, 1, 1, 1, 1, 1, 1, 1, 1, 1, 1, 1, 1], [0, 1, 1, 1, 1, 1, 1, 1, 1, 1, 1, 1, 1, 1, 1, 1, 1, 1, 1, 1, 1, 1, 1, 1, 1, 1, 1, 1, 0, 1, 1, 1, 1, 1, 1, 1, 1, 1, 1, 1, 1, 1], [0, 1, 1, 1, 1, 1, 1, 1, 1, 1, 1, 1, 1, 1, 1, 1, 1, 1, 1, 1, 1, 1, 1, 1, 1, 1, 1, 1, 1, 0, 1, 1, 1, 1, 1, 1, 1, 1, 1, 1, 1, 1], [0, 1, 1, 1, 1, 1, 1, 1, 1, 1, 1, 1, 1, 1, 1, 1, 1, 1, 1, 1, 1, 1, 1, 1, 1, 1, 1, 1, 1, 1, 0, 1, 1, 1, 1, 1, 1, 1, 1, 1, 1, 1], [0, 1, 1, 1, 1, 1, 1, 1, 1, 1, 1, 1, 1, 1, 1, 1, 1, 1, 1, 1, 1, 1, 1, 1, 1, 1, 1, 1, 1, 1, 1, 0, 1, 1, 1, 1, 1, 1, 1, 1, 1, 1], [0, 1, 1, 1, 1, 1, 1, 1, 1, 1, 1, 1, 1, 1, 1, 1, 1, 1, 1, 1, 1, 1, 1, 1, 1, 1, 1, 1, 1, 1, 1, 1, 0, 1, 1, 1, 1, 1, 1, 1, 1, 1], [0, 1, 1, 1, 1, 1, 1, 1, 1, 1, 1, 1, 1, 1, 1, 1, 1, 1, 1, 1, 1, 1, 1, 1, 1, 1, 1, 1, 1, 1, 1, 1, 1, 0, 1, 1, 1, 1, 1, 1, 1, 1], [0, 1, 1, 1, 1, 1, 1, 1, 1, 1, 1, 1, 1, 1, 1, 1, 1, 1, 1, 1, 1, 1, 1, 1, 1, 1, 1, 1, 1, 1, 1, 1, 1, 1, 0, 1, 1, 1, 1, 1, 1, 1], [0, 1, 1, 1, 1, 1, 1, 1, 1, 1, 1, 1, 1, 1, 1, 1, 1, 1, 1, 1, 1, 1, 1, 1, 1, 1, 1, 1, 1, 1, 1, 1, 1, 1, 1, 0, 1, 1, 1, 1, 1, 1], [0, 1, 1, 1, 1, 1, 1, 1, 1, 1, 1, 1, 1, 1, 1, 1, 1, 1, 1, 1, 1, 1, 1, 1, 1, 1, 1, 1, 1, 1, 1, 1, 1, 1, 1, 1, 0, 1, 1, 1, 1, 1], [0, 1, 1, 1, 1, 1, 1, 1, 1, 1, 1, 1, 1, 1, 1, 1, 1, 1, 1, 1, 1, 1, 1, 1, 1, 1, 1, 1, 1, 1, 1, 1, 1, 1, 1, 1, 1, 0, 1, 1, 1, 1], [0, 1, 1, 1, 1, 1, 1, 1, 1, 1, 1, 1, 1, 1, 1, 1, 1, 1, 1, 1, 1, 1, 1, 1, 1, 1, 1, 1, 1, 1, 1, 1, 1, 1, 1, 1, 1, 1, 0, 1, 1, 1], [0, 1, 1, 1, 1, 1, 1, 1, 1, 1, 1, 1, 1, 1, 1, 1, 1, 1, 1, 1, 1, 1, 1, 1, 1, 1, 1, 1, 1, 1, 1, 1, 1, 1, 1, 1, 1, 1, 1, 0, 1, 1], [0, 1, 1, 1, 1, 1, 1, 1, 1, 1, 1, 1, 1, 1, 1, 1, 1, 1, 1, 1, 1, 1, 1, 1, 1, 1, 1, 1, 1, 1, 1, 1, 1, 1, 1, 1, 1, 1, 1, 1, 0, 1], [0, 0, 0, 0, 0, 0, 0, 0, 0, 0, 0, 0, 0, 0, 0, 0, 0, 0, 0, 0, 0, 0, 0, 0, 0, 0, 0, 0, 0, 0, 0, 0, 0, 0, 0, 0, 0, 0, 0, 0, 0, 0]]}, "cluster_count": 3, "cluster_speeds": [[0.6475, 0.595, 0.6475, 0.7, 0.58275, 0.5355, 0.58275, 0.63, 0.32375, 0.2975, 0.32375, 0.35, 0.213675, 0.19635, 0.213675, 0.23099999999999998, 0.259, 0.238, 0.259, 0.27999999999999997, 0.3885, 0.357, 0.3885, 0.42, 0.6475, 0.595, 0.6475, 0.7, 0.37, 0.34, 0.37, 0.4, 0.30525, 0.2805, 0.30525, 0.33, 0.4625, 0.425, 0.4625, 0.5, 0.6475, 0.595, 0.6475, 0.7, 0.74, 0.68, 0.74, 0.8, 0.45324999999999993, 0.4165, 0.45324999999999993, 0.48999999999999994, 0.32375, 0.2975, 0.32375, 0.35, 0.3885, 0.357, 0.3885, 0.42, 0.45324999999999993, 0.4165, 0.45324999999999993, 0.48999999999999994, 0.58275, 0.5355, 0.58275, 0.63, 0.6475, 0.595, 0.6475, 0.7, 0.7], [0.7400000000000001, 0.68, 0.7400000000000001, 0.8, 0.666, 0.6120000000000001, 0.666, 0.7200000000000001, 0.37000000000000005, 0.34, 0.37000000000000005, 0.4, 0.24420000000000003, 0.22440000000000004, 0.24420000000000003, 0.264, 0.296, 0.272, 0.296, 0.32000000000000006, 0.44400000000000006, 0.40800000000000003, 0.44400000000000006, 0.48, 0.6475, 0.595, 0.6475, 0.7, 0.37, 0.34, 0.37, 0.4, 0.30525, 0.2805, 0.30525, 0.33, 0.4625, 0.425, 0.4625, 0.5, 0.6475, 0.595, 0.6475, 0.7, 0.74, 0.68, 0.74, 0.8, 0.518, 0.476, 0.518, 0.5599999999999999, 0.37000000000000005, 0.34, 0.37000000000000005, 0.4, 0.44400000000000006, 0.40800000000000003, 0.44400000000000006, 0.48, 0.518, 0.476, 0.518, 0.5599999999999999, 0.666, 0.6120000000000001, 0.666, 0.7200000000000001, 0.7400000000000001, 0.68, 0.7400000000000001, 0.8, 0.8], [0.925, 0.85, 0.925, 1.0, 0.8325, 0.765, 0.8325, 0.9, 0.4625, 0.425, 0.4625, 0.5, 0.30525, 0.2805, 0.30525, 0.33, 0.37, 0.34, 0.37, 0.4, 0.555, 0.51, 0.555, 0.6, 0.6475, 0.595, 0.6475, 0.7, 0.37, 0.34, 0.37, 0.4, 0.30525, 0.2805, 0.30525, 0.33, 0.4625, 0.425, 0.4625, 0.5, 0.6475, 0.595, 0.6475, 0.7, 0.74, 0.68, 0.74, 0.8, 0.6475, 0.595, 0.6475, 0.7, 0.4625, 0.425, 0.4625, 0.5, 0.555, 0.51, 0.555, 0.6, 0.6475, 0.595, 0.6475, 0.7, 0.8325, 0.765, 0.8325, 0.9, 0.925, 0.85, 0.925, 1.0, 1.0]], "clusters": [[-1, 2, 2, 2, 2, 2, 2, 2, 2, 2, 2, 2, 2, 2, 2, 2, 2, 2, 2, 2, 2, 2, 2, 2, 2, 2, 2, 2, 2, 2, 2, 2, 2, 2, 2, 2, 2, 2, 2, 2, 2, 2], [2, -1, 2, 2, 2, 2, 2, 2, 2, 2, 2, 2, 2, 2, 2, 2, 2, 2, 2, 2, 2, 2, 2, 2, 2, 2, 2, 2, 2, 2, 2, 2, 2, 2, 2, 2, 2, 2, 2, 2, 2, 2], [0, 0, -1, 0, 0, 0, 0, 0, 0, 0, 0, 0, 0, 0, 0, 0, 0, 0, 0, 0, 0, 0, 0, 0, 0, 0, 0, 0, 0, 0, 0, 0, 0, 0, 0, 0, 0, 0, 0, 0, 0, 0], [2, 2, 2, -1, 2, 2, 2, 2, 2, 2, 2, 2, 2, 2, 2, 2, 2, 2, 2, 2, 2, 2, 2, 2, 2, 2, 2, 2, 2, 2, 2, 2, 2, 2, 2, 2, 2, 2, 2, 2, 2, 2], [0, 0, 0, 0, -1, 0, 0, 0, 0, 0, 0, 0, 0, 0, 0, 0, 0, 0, 0, 0, 0, 0, 0, 0, 0, 0, 0, 0, 0, 0, 0, 0, 0, 0, 0, 0, 0, 0, 0, 0, 0, 0], [0, 0, 0, 0, 0, -1, 0, 0, 0, 0, 0, 0, 0, 0, 0, 0, 0, 0, 0, 0, 0, 0, 0, 0, 0, 0, 0, 0, 0, 0, 0, 0, 0, 0, 0, 0, 0, 0, 0, 0, 0, 0], [1, 1, 1, 1, 1, 1, -1, 1, 1, 1, 1, 1, 1, 1, 1, 1, 1, 1, 1, 1, 1, 1, 1, 1, 1, 1, 1, 1, 1, 1, 1, 1, 1, 1, 1, 1, 1, 1, 1, 1, 1, 1], [0, 0, 0, 0, 0, 0, 0, -1, 0, 0, 0, 0, 0, 0, 0, 0, 0, 0, 0, 0, 0, 0, 0, 0, 0, 0, 0, 0, 0, 0, 0, 0, 0, 0, 0, 0, 0, 0, 0, 0, 0, 0], [2, 2, 2, 2, 2, 2, 2, 2, -1, 2, 2, 2, 2, 2, 2, 2, 2, 2, 2, 2, 2, 2, 2, 2, 2, 2, 2, 2, 2, 2, 2, 2, 2, 2, 2, 2, 2, 2, 2, 2, 2, 2], [0, 0, 0, 0, 0, 0, 0, 0, 0, -1, 0, 0, 0, 0, 0, 0, 0, 0, 0, 0, 0, 0, 0, 0, 0, 0, 0, 0, 0, 0, 0, 0, 0, 0, 0, 0, 0, 0, 0, 0, 0, 0], [1, 1, 1, 1, 1, 1, 1, 1, 1, 1, -1, 1, 1, 1, 1, 1, 1, 1, 1, 1, 1, 1, 1, 1, 1, 1, 1, 1, 1, 1, 1, 1, 1, 1, 1, 1, 1, 1, 1, 1, 1, 1], [2, 2, 2, 2, 2, 2, 2, 2, 2, 2, 2, -1, 2, 2, 2, 2, 2, 2, 2, 2, 2, 2, 2, 2, 2, 2, 2, 2, 2, 2, 2, 2, 2, 2, 2, 2, 2, 2, 2, 2, 2, 2], [1, 1, 1, 1, 1, 1, 1, 1, 1, 1, 1, 1, -1, 1, 1, 1, 1, 1, 1, 1, 1, 1, 1, 1, 1, 1, 1, 1, 1, 1, 1, 1, 1, 1, 1, 1, 1, 1, 1, 1, 1, 1], [0, 0, 0, 0, 0, 0, 0, 0, 0, 0, 0, 0, 0, -1, 0, 0, 0, 0, 0, 0, 0, 0, 0, 0, 0, 0, 0, 0, 0, 0, 0, 0, 0, 0, 0, 0, 0, 0, 0, 0, 0, 0], [0, 0, 0, 0, 0, 0, 0, 0, 0, 0, 0, 0, 0, 0, -1, 0, 0, 0, 0, 0, 0, 0, 0, 0, 0, 0, 0, 0, 0, 0, 0, 0, 0, 0, 0, 0, 0, 0, 0, 0, 0, 0], [0, 0, 0, 0, 0, 0, 0, 0, 0, 0, 0, 0, 0, 0, 0, -1, 0, 0, 0, 0, 0, 0, 0, 0, 0, 0, 0, 0, 0, 0, 0, 0, 0, 0, 0, 0, 0, 0, 0, 0, 0, 0], [0, 0, 0, 0, 0, 0, 0, 0, 0, 0, 0, 0, 0, 0, 0, 0, -1, 0, 0, 0, 0, 0, 0, 0, 0, 0, 0, 0, 0, 0, 0, 0, 0, 0, 0, 0, 0, 0, 0, 0, 0, 0], [0, 0, 0, 0, 0, 0, 0, 0, 0, 0, 0, 0, 0, 0, 0, 0, 0, -1, 0, 0, 0, 0, 0, 0, 0, 0, 0, 0, 0, 0, 0, 0, 0, 0, 0, 0, 0, 0, 0, 0, 0, 0], [2, 2, 2, 2, 2, 2, 2, 2, 2, 2, 2, 2, 2, 2, 2, 2, 2, 2, -1, 2, 2, 2, 2, 2, 2, 2, 2, 2, 2, 2, 2, 2, 2, 2, 2, 2, 2, 2, 2, 2, 2, 2], [1, 1, 1, 1, 1, 1, 1, 1, 1, 1, 1, 1, 1, 1, 1, 1, 1, 1, 1, -1, 1, 1, 1, 1, 1, 1, 1, 1, 1, 1, 1, 1, 1, 1, 1, 1, 1, 1, 1, 1, 1, 1], [0, 0, 0, 0, 0, 0, 0, 0, 0, 0, 0, 0, 0, 0, 0, 0, 0, 0, 0, 0, -1, 0, 0, 0, 0, 0, 0, 0, 0, 0, 0, 0, 0, 0, 0, 0, 0, 0, 0, 0, 0, 0], [0, 0, 0, 0, 0, 0, 0, 0, 0, 0, 0, 0, 0, 0, 0, 0, 0, 0, 0, 0, 0, -1, 0, 0, 0, 0, 0, 0, 0, 0, 0, 0, 0, 0, 0, 0, 0, 0, 0, 0, 0, 0], [1, 1, 1, 1, 1, 1, 1, 1, 1, 1, 1, 1, 1, 1, 1, 1, 1, 1, 1, 1, 1, 1, -1, 1, 1, 1, 1, 1, 1, 1, 1, 1, 1, 1, 1, 1, 1, 1, 1, 1, 1, 1], [1, 1, 1, 1, 1, 1, 1, 1, 1, 1, 1, 1, 1, 1, 1, 1, 1, 1, 1, 1, 1, 1, 1, -1, 1, 1, 1, 1, 1, 1, 1, 1, 1, 1, 1, 1, 1, 1, 1, 1, 1, 1], [0, 0, 0, 0, 0, 0, 0, 0, 0, 0, 0, 0, 0, 0, 0, 0, 0, 0, 0, 0, 0, 0, 0, 0, -1, 0, 0, 0, 0, 0, 0, 0, 0, 0, 0, 0, 0, 0, 0, 0, 0, 0], [1, 1, 1, 1, 1, 1, 1, 1, 1, 1, 1, 1, 1, 1, 1, 1, 1, 1, 1, 1, 1, 1, 1, 1, 1, -1, 1, 1, 1, 1, 1, 1, 1, 1, 1, 1, 1, 1, 1, 1, 1, 1], [1, 1, 1, 1, 1, 1, 1, 1, 1, 1, 1, 1, 1, 1, 1, 1, 1, 1, 1, 1, 1, 1, 1, 1, 1, 1, -1, 1, 1, 1, 1, 1, 1, 1, 1, 1, 1, 1, 1, 1, 1, 1], [0, 0, 0, 0, 0, 0, 0, 0, 0, 0, 0, 0, 0, 0, 0, 0, 0, 0, 0, 0, 0, 0, 0, 0, 0, 0, 0, -1, 0, 0, 0, 0, 0, 0, 0, 0, 0, 0, 0, 0, 0, 0], [2, 2, 2, 2, 2, 2, 2, 2, 2, 2, 2, 2, 2, 2, 2, 2, 2, 2, 2, 2, 2, 2, 2, 2, 2, 2, 2, 2, -1, 2, 2, 2, 2, 2, 2, 2, 2, 2, 2, 2, 2, 2], [2, 2, 2, 2, 2, 2, 2, 2, 2, 2, 2, 2, 2, 2, 2, 2, 2, 2, 2, 2, 2, 2, 2, 2, 2, 2, 2, 2, 2, -1, 2, 2, 2, 2, 2, 2, 2, 2, 2, 2, 2, 2], [0, 0, 0, 0, 0, 0, 0, 0, 0, 0, 0, 0, 0, 0, 0, 0, 0, 0, 0, 0, 0, 0, 0, 0, 0, 0, 0, 0, 0, 0, -1, 0, 0, 0, 0, 0, 0, 0, 0, 0, 0, 0], [0, 0, 0, 0, 0, 0, 0, 0, 0, 0, 0, 0, 0, 0, 0, 0, 0, 0, 0, 0, 0, 0, 0, 0, 0, 0, 0, 0, 0, 0, 0, -1, 0, 0, 0, 0, 0, 0, 0, 0, 0, 0], [0, 0, 0, 0, 0, 0, 0, 0, 0, 0, 0, 0, 0, 0, 0, 0, 0, 0, 0, 0, 0, 0, 0, 0, 0, 0, 0, 0, 0, 0, 0, 0, -1, 0, 0, 0, 0, 0, 0, 0, 0, 0], [0, 0, 0, 0, 0, 0, 0, 0, 0, 0, 0, 0, 0, 0, 0, 0, 0, 0, 0, 0, 0, 0, 0, 0, 0, 0, 0, 0, 0, 0, 0, 0, 0, -1, 0, 0, 0, 0, 0, 0, 0, 0], [0, 0, 0, 0, 0, 0, 0, 0, 0, 0, 0, 0, 0, 0, 0, 0, 0, 0, 0, 0, 0, 0, 0, 0, 0, 0, 0, 0, 0, 0, 0, 0, 0, 0, -1, 0, 0, 0, 0, 0, 0, 0], [1, 1, 1, 1, 1, 1, 1, 1, 1, 1, 1, 1, 1, 1, 1, 1, 1, 1, 1, 1, 1, 1, 1, 1, 1, 1, 1, 1, 1, 1, 1, 1, 1, 1, 1, -1, 1, 1, 1, 1, 1, 1], [1, 1, 1, 1, 1, 1, 1, 1, 1, 1, 1, 1, 1, 1, 1, 1, 1, 1, 1, 1, 1, 1, 1, 1, 1, 1, 1, 1, 1, 1, 1, 1, 1, 1, 1, 1, -1, 1, 1, 1, 1, 1], [1, 1, 1, 1, 1, 1, 1, 1, 1, 1, 1, 1, 1, 1, 1, 1, 1, 1, 1, 1, 1, 1, 1, 1, 1, 1, 1, 1, 1, 1, 1, 1, 1, 1, 1, 1, 1, -1, 1, 1, 1, 1], [0, 0, 0, 0, 0, 0, 0, 0, 0, 0, 0, 0, 0, 0, 0, 0, 0, 0, 0, 0, 0, 0, 0, 0, 0, 0, 0, 0, 0, 0, 0, 0, 0, 0, 0, 0, 0, 0, -1, 0, 0, 0], [1, 1, 1, 1, 1, 1, 1, 1, 1, 1, 1, 1, 1, 1, 1, 1, 1, 1, 1, 1, 1, 1, 1, 1, 1, 1, 1, 1, 1, 1, 1, 1, 1, 1, 1, 1, 1, 1, 1, -1, 1, 1], [0, 0, 0, 0, 0, 0, 0, 0, 0, 0, 0, 0, 0, 0, 0, 0, 0, 0, 0, 0, 0, 0, 0, 0, 0, 0, 0, 0, 0, 0, 0, 0, 0, 0, 0, 0, 0, 0, 0, 0, -1, 0], [2, 2, 2, 2, 2, 2, 2, 2, 2, 2, 2, 2, 2, 2, 2, 2, 2, 2, 2, 2, 2, 2, 2, 2, 2, 2, 2, 2, 2, 2, 2, 2, 2, 2, 2, 2, 2, 2, 2, 2, 2, -1]], "speed_zone_count": 73, "speed_zones": [[0.0, 15.0], [15.0, 30.0], [30.0, 45.0], [45.0, 60.0], [60.0, 75.0], [75.0, 90.0], [90.0, 105.0], [105.0, 120.0], [120.0, 135.0], [135.0, 150.0], [150.0, 165.0], [165.0, 180.0], [180.0, 195.0], [195.0, 210.0], [210.0, 225.0], [225.0, 240.0], [240.0, 255.0], [255.0, 270.0], [270.0, 285.0], [285.0, 300.0], [300.0, 315.0], [315.0, 330.0], [330.0, 345.0], [345.0, 360.0], [360.0, 375.0], [375.0, 390.0], [390.0, 405.0], [405.0, 420.0], [420.0, 435.0], [435.0, 450.0], [450.0, 465.0], [465.0, 480.0], [480.0, 495.0], [495.0, 510.0], [510.0, 525.0], [525.0, 540.0], [540.0, 555.0], [555.0, 570.0], [570.0, 585.0], [585.0, 600.0], [600.0, 615.0], [615.0, 630.0], [630.0, 645.0], [645.0, 660.0], [660.0, 675.0], [675.0, 690.0], [690.0, 705.0], [705.0, 720.0], [720.0, 735.0], [735.0, 750.0], [750.0, 765.0], [765.0, 780.0], [780.0, 795.0], [795.0, 810.0], [810.0, 825.0], [825.0, 840.0], [840.0, 855.0], [855.0, 870.0], [870.0, 885.0], [885.0, 900.0], [900.0, 915.0], [915.0, 930.0], [930.0, 945.0], [945.0, 960.0], [960.0, 975.0], [975.0, 990.0], [990.0, 1005.0], [1005.0, 1020.0], [1020.0, 1035.0], [1035.0, 1050.0], [1050.0, 1065.0], [1065.0, 1080.0], [1080.0, 5000.0]], "distances": [[0.0, 56.19, 83.76, 98.26, 56.58, 74.48, 73.23, 61.17, 99.64, 73.03, 48.03, 104.67, 91.87, 74.18, 69.36, 68.19, 84.53, 82.68, 40.72, 62.61, 68.32, 73.08, 72.57, 53.63, 61.02, 89.41, 78.87, 71.09, 73.11, 96.54, 66.69, 62.66, 59.96, 60.88, 82.45, 86.23, 91.08, 72.39, 68.49, 68.22, 77.61, 0.0], [0.0, 0.0, 50.22, 71.45, 34.99, 36.8, 26.19, 37.49, 64.92, 39.01, 24.06, 86.44, 55.69, 40.68, 33.42, 42.4, 48.24, 47.15, 27.46, 17.3, 44.49, 41.59, 24.54, 22.71, 31.44, 52.55, 57.88, 51.59, 19.12, 62.94, 40.0, 34.18, 37.64, 37.79, 52.48, 54.68, 54.25, 29.0, 42.87, 25.4, 42.44, 56.19], [0.0, 50.22, 0.0, 21.58, 27.19, 13.43, 26.42, 22.65, 16.19, 11.89, 37.56, 38.66, 8.25, 10.33, 17.25, 15.99, 11.52, 12.96, 43.84, 32.92, 16.69, 10.79, 28.28, 33.18, 23.54, 6.58, 17.05, 18.85, 38.89, 13.44, 17.14, 21.4, 23.94, 22.99, 5.06, 4.7, 7.85, 22.0, 15.79, 24.93, 7.81, 83.76], [0.0, 71.45, 21.58, 0.0, 43.5, 34.88, 47.96, 38.94, 14.09, 32.47, 55.9, 18.61, 19.48, 30.8, 38.06, 31.87, 24.57, 25.04, 60.95, 54.2, 30.89, 30.16, 49.83, 52.54, 42.35, 22.03, 19.51, 27.17, 60.35, 12.78, 34.02, 39.72, 39.8, 39.04, 19.03, 16.93, 21.01, 43.58, 31.45, 46.38, 29.15, 98.26], [0.0, 34.99, 27.19, 43.5, 0.0, 19.84, 26.4, 4.67, 43.1, 17.13, 13.14, 54.68, 35.34, 18.0, 15.28, 11.85, 28.22, 26.32, 17.46, 22.11, 12.62, 16.6, 27.14, 12.28, 7.09, 33.01, 25.7, 18.14, 35.4, 40.05, 10.12, 6.97, 12.76, 4.48, 26.08, 29.77, 34.62, 22.53, 12.21, 20.26, 21.51, 56.58], [0.0, 36.8, 13.43, 34.88, 19.84, 0.0, 13.89, 16.55, 28.58, 4.49, 26.69, 51.15, 19.45, 5.51, 5.12, 13.67, 11.69, 10.4, 33.78, 19.51, 15.94, 7.74, 15.65, 21.52, 13.7, 16.43, 25.12, 22.3, 26.43, 26.31, 12.71, 12.87, 17.95, 17.09, 16.3, 17.98, 18.19, 9.01, 13.9, 11.51, 5.74, 74.48], [0.0, 26.19, 26.42, 47.96, 26.4, 13.89, 0.0, 25.29, 39.48, 17.89, 26.32, 64.84, 30.35, 19.26, 13.79, 25.68, 23.52, 22.92, 33.77, 10.95, 28.13, 21.21, 11.73, 20.63, 19.38, 27.23, 38.88, 35.19, 12.57, 37.88, 23.89, 20.63, 26.38, 25.84, 29.99, 31.11, 28.82, 5.04, 26.04, 6.21, 19.37, 73.23], [0.0, 37.49, 22.65, 38.94, 4.67, 16.55, 25.29, 0.0, 38.47, 13.24, 17.22, 50.65, 30.84, 13.88, 12.63, 7.19, 23.9, 21.99, 22.07, 23.01, 8.14, 12.24, 26.31, 15.2, 6.6, 28.61, 21.58, 14.38, 35.52, 35.41, 5.52, 4.67, 10.46, 9.15, 21.42, 25.12, 30.19, 20.88, 7.56, 19.46, 17.39, 61.17], [0.0, 64.92, 16.19, 14.09, 43.1, 28.58, 39.48, 38.47, 0.0, 27.94, 53.74, 32.37, 9.23, 26.45, 33.04, 31.47, 16.89, 18.31, 59.99, 47.78, 31.57, 26.96, 41.32, 49.28, 39.72, 12.37, 25.47, 31.09, 51.08, 16.85, 32.97, 37.56, 39.68, 38.76, 17.33, 13.45, 10.69, 35.95, 31.19, 39.59, 23.54, 99.64], [0.0, 39.01, 11.89, 32.47, 17.13, 4.49, 17.89, 13.24, 27.94, 0.0, 25.94, 47.9, 19.24, 10.0, 5.59, 9.32, 11.59, 9.83, 32.58, 21.84, 11.51, 10.04, 19.56, 21.34, 12.07, 16.52, 21.0, 17.82, 30.27, 25.31, 8.68, 10.43, 14.66, 13.74, 13.47, 15.93, 18.25, 12.87, 9.51, 14.44, 4.6, 73.03], [0.0, 24.06, 37.56, 55.9, 13.14, 26.69, 26.32, 17.22, 53.74, 25.94, 0.0, 67.79, 45.18, 27.34, 21.59, 24.06, 37.5, 35.77, 7.52, 17.23, 25.35, 26.84, 26.13, 5.75, 14.03, 42.43, 38.75, 31.28, 30.7, 50.94, 21.88, 16.37, 16.68, 17.26, 37.6, 40.95, 44.17, 24.61, 24.5, 20.66, 30.51, 48.03], [0.0, 86.44, 38.66, 18.61, 54.68, 51.15, 64.84, 50.65, 32.37, 47.9, 67.79, 0.0, 37.96, 46.29, 53.34, 44.44, 42.18, 42.26, 71.41, 69.6, 42.68, 45.01, 66.67, 65.58, 55.58, 40.31, 29.08, 36.56, 77.39, 31.38, 46.83, 52.79, 51.11, 50.57, 34.87, 34.01, 39.45, 60.13, 43.96, 62.33, 45.5, 104.67], [0.0, 55.69, 8.25, 19.48, 35.34, 19.45, 30.35, 30.84, 9.23, 19.24, 45.18, 37.96, 0.0, 17.87, 24.07, 24.23, 7.8, 9.43, 51.72, 38.56, 24.87, 18.79, 32.21, 40.49, 31.25, 12.74, 22.67, 26.23, 42.18, 7.62, 25.35, 29.3, 32.15, 31.2, 11.52, 8.04, 14.48, 26.73, 24.04, 30.36, 14.7, 91.87], [0.0, 40.68, 10.33, 30.8, 18.0, 5.51, 19.26, 13.88, 26.45, 10.0, 27.34, 46.29, 17.87, 0.0, 7.26, 9.11, 10.35, 8.51, 33.86, 23.5, 11.1, 13.25, 20.96, 22.86, 13.38, 15.25, 19.65, 16.95, 31.7, 23.77, 8.92, 11.53, 15.29, 14.35, 11.8, 14.28, 16.95, 14.26, 9.23, 16.04, 11.25, 74.18], [0.0, 33.42, 17.25, 38.06, 15.28, 5.12, 13.79, 12.63, 33.04, 5.59, 21.59, 53.34, 24.07, 7.26, 0.0, 11.89, 16.27, 14.73, 28.66, 16.29, 14.35, 8.34, 15.22, 16.53, 8.73, 21.15, 25.81, 21.46, 25.63, 30.56, 10.17, 8.38, 13.95, 13.19, 19.05, 21.46, 22.91, 8.87, 12.26, 9.28, 9.53, 69.36], [0.0, 42.4, 15.99, 31.87, 11.85, 13.67, 25.68, 7.19, 31.47, 9.32, 24.06, 44.44, 24.23, 9.11, 11.89, 0.0, 17.87, 15.96, 29.24, 26.41, 15.33, 6.82, 27.08, 21.19, 11.14, 22.28, 15.52, 9.74, 37.32, 28.35, 12.7, 8.36, 8.27, 7.39, 14.28, 18.05, 23.75, 20.73, 13.71, 20.8, 12.23, 68.19], [0.0, 48.24, 11.52, 24.57, 28.22, 11.69, 23.52, 23.9, 16.89, 11.59, 37.5, 42.18, 7.8, 10.35, 16.27, 17.87, 0.0, 11.68, 44.16, 31.0, 19.02, 11.66, 25.4, 32.72, 23.66, 4.94, 21.04, 22.21, 35.8, 14.71, 18.54, 21.87, 25.27, 24.31, 9.12, 8.25, 6.68, 19.46, 17.77, 22.84, 6.99, 84.53], [0.0, 47.15, 12.96, 25.04, 26.32, 10.4, 22.92, 21.99, 18.31, 9.83, 35.77, 42.26, 9.43, 8.51, 14.73, 15.96, 11.68, 0.0, 42.37, 29.87, 17.15, 9.74, 24.79, 31.08, 21.87, 6.74, 19.91, 20.59, 35.34, 15.93, 16.62, 20.03, 23.35, 22.39, 8.27, 8.27, 8.44, 18.62, 15.87, 21.77, 5.27, 82.68], [0.0, 27.46, 43.84, 60.95, 17.46, 33.78, 33.77, 22.07, 59.99, 32.58, 7.52, 71.41, 51.72, 33.86, 28.66, 29.24, 44.16, 42.37, 0.0, 24.25, 30.06, 33.05, 33.51, 13.26, 20.51, 49.09, 42.8, 34.98, 37.27, 57.06, 27.31, 22.45, 21.15, 21.93, 43.33, 46.88, 50.8, 32.12, 29.63, 28.17, 37.18, 40.72], [0.0, 17.3, 32.92, 54.2, 22.11, 19.51, 10.95, 23.01, 47.78, 21.84, 17.23, 69.6, 38.56, 23.5, 16.29, 26.41, 31.0, 29.87, 24.25, 0.0, 28.72, 24.59, 10.02, 12.19, 16.42, 35.43, 41.57, 36.04, 13.8, 45.71, 24.11, 18.83, 23.61, 23.45, 35.28, 37.39, 37.16, 12.17, 26.87, 8.2, 25.14, 62.61], [0.0, 44.49, 16.69, 30.89, 12.62, 15.94, 28.13, 8.14, 31.57, 11.51, 25.35, 42.68, 24.87, 11.1, 14.35, 15.33, 19.02, 17.15, 30.06, 28.72, 0.0, 8.71, 29.55, 22.9, 13.09, 23.17, 13.63, 7.34, 39.77, 28.38, 4.61, 10.32, 8.92, 8.18, 14.25, 18.13, 24.53, 23.18, 15.6, 23.25, 13.96, 68.32], [0.0, 41.59, 10.79, 30.16, 16.6, 7.74, 21.21, 12.24, 26.96, 10.04, 26.84, 45.01, 18.79, 13.25, 8.34, 6.82, 11.66, 9.74, 33.05, 24.59, 8.71, 0.0, 22.85, 22.72, 12.82, 16.41, 17.71, 14.58, 33.53, 24.11, 6.96, 10.6, 13.62, 12.66, 11.17, 14.18, 18.03, 16.18, 6.89, 17.52, 5.44, 73.08], [0.0, 24.54, 28.28, 49.83, 27.14, 15.65, 11.73, 26.31, 41.32, 19.56, 26.13, 66.67, 32.21, 20.96, 15.22, 27.08, 25.4, 24.79, 33.51, 10.02, 29.55, 22.85, 0.0, 20.53, 20.21, 29.09, 40.55, 36.67, 10.78, 39.74, 25.22, 21.65, 27.35, 26.85, 31.81, 32.97, 30.68, 6.69, 27.46, 6.9, 21.19, 72.57], [0.0, 22.71, 33.18, 52.54, 12.28, 21.52, 20.63, 15.2, 49.28, 21.34, 5.75, 65.58, 40.49, 22.86, 16.53, 21.19, 32.72, 31.08, 13.26, 12.19, 22.9, 22.72, 20.53, 0.0, 10.2, 37.63, 36.53, 29.57, 25.95, 46.62, 18.83, 12.91, 15.13, 15.41, 33.8, 36.89, 39.39, 18.88, 21.66, 14.91, 25.81, 53.63], [0.0, 31.44, 23.54, 42.35, 7.09, 13.7, 19.38, 6.6, 39.72, 12.07, 14.03, 55.58, 31.25, 13.38, 8.73, 11.14, 23.66, 21.87, 20.51, 16.42, 13.09, 12.82, 20.21, 10.2, 0.0, 28.59, 26.64, 20.16, 29.02, 36.91, 8.75, 11.27, 7.34, 7.06, 23.72, 26.96, 30.31, 15.44, 11.62, 13.31, 16.67, 61.02], [0.0, 52.55, 6.58, 22.03, 33.01, 16.43, 27.23, 28.61, 12.37, 16.52, 42.43, 40.31, 12.74, 15.25, 21.15, 22.28, 4.94, 6.74, 49.09, 35.43, 23.17, 16.41, 29.09, 37.63, 28.59, 0.0, 22.73, 25.35, 39.12, 10.67, 23.18, 26.76, 29.95, 29.0, 10.91, 8.2, 11.62, 23.58, 22.13, 27.23, 11.93, 89.41], [0.0, 57.88, 17.05, 19.51, 25.7, 25.12, 38.88, 21.58, 25.47, 21.0, 38.75, 29.08, 22.67, 19.65, 25.81, 15.52, 21.04, 19.91, 42.8, 41.57, 13.63, 17.71, 40.55, 36.53, 26.64, 22.73, 0.0, 7.92, 51.24, 22.23, 17.92, 23.85, 22.08, 21.51, 12.02, 14.68, 23.24, 33.87, 15.04, 35.09, 20.39, 78.87], [0.0, 51.59, 18.85, 27.17, 18.14, 22.3, 35.19, 14.38, 31.09, 17.82, 31.28, 36.56, 26.23, 16.95, 21.46, 9.74, 22.21, 20.59, 34.98, 36.04, 7.34, 14.58, 36.67, 29.57, 20.16, 25.35, 7.92, 0.0, 47.02, 27.78, 11.94, 17.46, 14.65, 14.21, 14.71, 18.42, 26.34, 30.18, 9.31, 30.51, 18.99, 71.09], [0.0, 19.12, 38.89, 60.35, 35.4, 26.43, 12.57, 35.52, 51.08, 30.27, 30.7, 77.39, 42.18, 31.7, 25.63, 37.32, 35.8, 35.34, 37.27, 13.8, 39.77, 33.53, 10.78, 25.95, 29.02, 39.12, 51.24, 47.02, 0.0, 49.78, 35.29, 30.97, 36.36, 36.02, 42.55, 43.58, 40.6, 17.45, 37.73, 16.52, 31.94, 73.11], [0.0, 62.94, 13.44, 12.78, 40.05, 26.31, 37.88, 35.41, 16.85, 25.31, 50.94, 31.38, 7.62, 23.77, 30.56, 28.35, 14.71, 15.93, 57.06, 45.71, 28.38, 24.11, 39.74, 46.62, 36.91, 10.67, 22.23, 27.78, 49.78, 0.0, 29.93, 34.67, 36.59, 35.68, 14.14, 10.31, 9.2, 34.09, 28.06, 37.55, 21.04, 96.54], [0.0, 40.0, 17.14, 34.02, 10.12, 12.71, 23.89, 5.52, 32.97, 8.68, 21.88, 46.83, 25.35, 8.92, 10.17, 12.7, 18.54, 16.62, 27.31, 24.11, 4.61, 6.96, 25.22, 18.83, 8.75, 23.18, 17.92, 11.94, 35.29, 29.93, 0.0, 5.97, 6.8, 5.85, 16.02, 19.65, 24.73, 19.03, 13.08, 18.78, 12.32, 66.69], [0.0, 34.18, 21.4, 39.72, 6.97, 12.87, 20.63, 4.67, 37.56, 10.43, 16.37, 52.79, 29.3, 11.53, 8.38, 8.36, 21.87, 20.03, 22.45, 18.83, 10.32, 10.6, 21.65, 12.91, 11.27, 26.76, 23.85, 17.46, 30.97, 34.67, 5.97, 0.0, 5.79, 5.21, 21.23, 24.59, 28.45, 16.27, 8.83, 14.81, 14.97, 62.66], [0.0, 37.64, 23.94, 39.8, 12.76, 17.95, 26.38, 10.46, 39.68, 14.66, 16.68, 51.11, 32.15, 15.29, 13.95, 8.27, 25.27, 23.35, 21.15, 23.61, 8.92, 13.62, 27.35, 15.13, 7.34, 29.95, 22.08, 14.65, 36.36, 36.59, 6.8, 5.79, 0.0, 11.0, 22.55, 26.29, 31.52, 22.06, 8.61, 20.47, 18.8, 59.96], [0.0, 37.79, 22.99, 39.04, 4.48, 17.09, 25.84, 9.15, 38.76, 13.74, 17.26, 50.57, 31.2, 14.35, 13.19, 7.39, 24.31, 22.39, 21.93, 23.45, 8.18, 12.66, 26.85, 15.41, 7.06, 29.0, 21.51, 14.21, 36.02, 35.68, 5.85, 5.21, 11.0, 0.0, 21.66, 25.38, 30.57, 21.43, 7.74, 19.99, 17.85, 60.88], [0.0, 52.48, 5.06, 19.03, 26.08, 16.3, 29.99, 21.42, 17.33, 13.47, 37.6, 34.87, 11.52, 11.8, 19.05, 14.28, 9.12, 8.27, 43.33, 35.28, 14.25, 11.17, 31.81, 33.8, 23.72, 10.91, 12.02, 14.71, 42.55, 14.14, 16.02, 21.23, 22.55, 21.66, 0.0, 9.75, 11.71, 25.26, 13.97, 27.64, 10.63, 82.45], [0.0, 54.68, 4.7, 16.93, 29.77, 17.98, 31.11, 25.12, 13.45, 15.93, 40.95, 34.01, 8.04, 14.28, 21.46, 18.05, 8.25, 8.27, 46.88, 37.39, 18.13, 14.18, 32.97, 36.89, 26.96, 8.2, 14.68, 18.42, 43.58, 10.31, 19.65, 24.59, 26.29, 25.38, 9.75, 0.0, 8.56, 26.66, 17.75, 29.49, 12.26, 86.23], [0.0, 54.25, 7.85, 21.01, 34.62, 18.19, 28.82, 30.19, 10.69, 18.25, 44.17, 39.45, 14.48, 16.95, 22.91, 23.75, 6.68, 8.44, 50.8, 37.16, 24.53, 18.03, 30.68, 39.39, 30.31, 11.62, 23.24, 26.34, 40.6, 9.2, 24.73, 28.45, 31.52, 30.57, 11.71, 8.56, 0.0, 25.27, 23.58, 28.95, 13.66, 91.08], [0.0, 29.0, 22.0, 43.58, 22.53, 9.01, 5.04, 20.88, 35.95, 12.87, 24.61, 60.13, 26.73, 14.26, 8.87, 20.73, 19.46, 18.62, 32.12, 12.17, 23.18, 16.18, 6.69, 18.88, 15.44, 23.58, 33.87, 30.18, 17.45, 34.09, 19.03, 16.27, 22.06, 21.43, 25.26, 26.66, 25.27, 0.0, 21.08, 4.32, 14.64, 72.39], [0.0, 42.87, 15.79, 31.45, 12.21, 13.9, 26.04, 7.56, 31.19, 9.51, 24.5, 43.96, 24.04, 9.23, 12.26, 13.71, 17.77, 15.87, 29.63, 26.87, 15.6, 6.89, 27.46, 21.66, 11.62, 22.13, 15.04, 9.31, 37.73, 28.06, 13.08, 8.83, 8.61, 7.74, 13.97, 17.75, 23.58, 21.08, 0.0, 21.21, 12.27, 68.49], [0.0, 25.4, 24.93, 46.38, 20.26, 11.51, 6.21, 19.46, 39.59, 14.44, 20.66, 62.33, 30.36, 16.04, 9.28, 20.8, 22.84, 21.77, 28.17, 8.2, 23.25, 17.52, 6.9, 14.91, 13.31, 27.23, 35.09, 30.51, 16.52, 37.55, 18.78, 14.81, 20.47, 19.99, 27.64, 29.49, 28.95, 4.32, 21.21, 0.0, 17.23, 68.22], [0.0, 42.44, 7.81, 29.15, 21.51, 5.74, 19.37, 17.39, 23.54, 4.6, 30.51, 45.5, 14.7, 11.25, 9.53, 12.23, 6.99, 5.27, 37.18, 25.14, 13.96, 5.44, 21.19, 25.81, 16.67, 11.93, 20.39, 18.99, 31.94, 21.04, 12.32, 14.97, 18.8, 17.85, 10.63, 12.26, 13.66, 14.64, 12.27, 17.23, 0.0, 77.61], [0.0, 0.0, 0.0, 0.0, 0.0, 0.0, 0.0, 0.0, 0.0, 0.0, 0.0, 0.0, 0.0, 0.0, 0.0, 0.0, 0.0, 0.0, 0.0, 0.0, 0.0, 0.0, 0.0, 0.0, 0.0, 0.0, 0.0, 0.0, 0.0, 0.0, 0.0, 0.0, 0.0, 0.0, 0.0, 0.0, 0.0, 0.0, 0.0, 0.0, 0.0, 0.0]], "time_windows": [[0.0, 5000.0], [0.0, 101.0], [0.0, 163.0], [0.0, 210.0], [0.0, 335.0], [0.0, 373.0], [0.0, 398.0], [0.0, 438.0], [0.0, 523.0], [0.0, 604.0], [0.0, 654.0], [0.0, 752.0], [0.0, 810.0], [0.0, 843.0], [0.0, 860.0], [0.0, 883.0], [0.0, 917.0], [0.0, 937.0], [0.0, 1002.0], [0.0, 1033.0], [0.0, 1065.0], [0.0, 1075.0], [0.0, 1101.0], [0.0, 1122.0], [0.0, 1132.0], [0.0, 1160.0], [0.0, 1183.0], [0.0, 1191.0], [0.0, 1238.0], [0.0, 1288.0], [0.0, 1318.0], [0.0, 1324.0], [0.0, 1329.0], [0.0, 1340.0], [0.0, 1362.0], [0.0, 1372.0], [0.0, 1380.0], [0.0, 1406.0], [0.0, 1427.0], [0.0, 1448.0], [0.0, 1465.0], [0.0, 5000.0]], "start_depot": 0, "end_depot": 41, "horizon": [0.0, 5000.0]}