{"digraph": {"vertex_count": 42, "arc_count": 1640, "arcs": [[0, 1, 1, 1, 1, 1, 1, 1, 1, 1, 1, 1, 1, 1, 1, 1, 1, 1, 1, 1, 1, 1, 1, 1, 1, 1, 1, 1, 1, 1, 1, 1, 1, 1, 1, 1, 1, 1, 1, 1, 1, 1], [0, 0, 1, 1, 1, 1, 1, 1, 1, 1, 1, 1, 1, 1, 1, 1, 1, 1, 1, 1, 1, 1, 1, 1, 1, 1, 1, 1, 1, 1, 1, 1, 1, 1, 1, 1, 1, 1, 1, 1, 1, 1], [0, 1, 0, 1, 1, 1, 1, 1, 1, 1, 1, 1, 1, 1, 1, 1, 1, 1, 1, 1, 1, 1, 1, 1, 1, 1, 1, 1, 1, 1, 1, 1, 1, 1, 1, 1, 1, 1, 1, 1, 1, 1], [0, 1, 1, 0, 1, 1, 1, 1, 1, 1, 1, 1, 1, 1, 1, 1, 1, 1, 1, 1, 1, 1, 1, 1, 1, 1, 1, 1, 1, 1, 1, 1, 1, 1, 1, 1, 1, 1, 1, 1, 1, 1], [0, 1, 1, 1, 0, 1, 1, 1, 1, 1, 1, 1, 1, 1, 1, 1, 1, 1, 1, 1, 1, 1, 1, 1, 1, 1, 1, 1, 1, 1, 1, 1, 1, 1, 1, 1, 1, 1, 1, 1, 1, 1], [0, 1, 1, 1, 1, 0, 1, 1, 1, 1, 1, 1, 1, 1, 1, 1, 1, 1, 1, 1, 1, 1, 1, 1, 1, 1, 1, 1, 1, 1, 1, 1, 1, 1, 1, 1, 1, 1, 1, 1, 1, 1], [0, 1, 1, 1, 1, 1, 0, 1, 1, 1, 1, 1, 1, 1, 1, 1, 1, 1, 1, 1, 1, 1, 1, 1, 1, 1, 1, 1, 1, 1, 1, 1, 1, 1, 1, 1, 1, 1, 1, 1, 1, 1], [0, 1, 1, 1, 1, 1, 1, 0, 1, 1, 1, 1, 1, 1, 1, 1, 1, 1, 1, 1, 1, 1, 1, 1, 1, 1, 1, 1, 1, 1, 1, 1, 1, 1, 1, 1, 1, 1, 1, 1, 1, 1], [0, 1, 1, 1, 1, 1, 1, 1, 0, 1, 1, 1, 1, 1, 1, 1, 1, 1, 1, 1, 1, 1, 1, 1, 1, 1, 1, 1, 1, 1, 1, 1, 1, 1, 1, 1, 1, 1, 1, 1, 1, 1], [0, 1, 1, 1, 1, 1, 1, 1, 1, 0, 1, 1, 1, 1, 1, 1, 1, 1, 1, 1, 1, 1, 1, 1, 1, 1, 1, 1, 1, 1, 1, 1, 1, 1, 1, 1, 1, 1, 1, 1, 1, 1], [0, 1, 1, 1, 1, 1, 1, 1, 1, 1, 0, 1, 1, 1, 1, 1, 1, 1, 1, 1, 1, 1, 1, 1, 1, 1, 1, 1, 1, 1, 1, 1, 1, 1, 1, 1, 1, 1, 1, 1, 1, 1], [0, 1, 1, 1, 1, 1, 1, 1, 1, 1, 1, 0, 1, 1, 1, 1, 1, 1, 1, 1, 1, 1, 1, 1, 1, 1, 1, 1, 1, 1, 1, 1, 1, 1, 1, 1, 1, 1, 1, 1, 1, 1], [0, 1, 1, 1, 1, 1, 1, 1, 1, 1, 1, 1, 0, 1, 1, 1, 1, 1, 1, 1, 1, 1, 1, 1, 1, 1, 1, 1, 1, 1, 1, 1, 1, 1, 1, 1, 1, 1, 1, 1, 1, 1], [0, 1, 1, 1, 1, 1, 1, 1, 1, 1, 1, 1, 1, 0, 1, 1, 1, 1, 1, 1, 1, 1, 1, 1, 1, 1, 1, 1, 1, 1, 1, 1, 1, 1, 1, 1, 1, 1, 1, 1, 1, 1], [0, 1, 1, 1, 1, 1, 1, 1, 1, 1, 1, 1, 1, 1, 0, 1, 1, 1, 1, 1, 1, 1, 1, 1, 1, 1, 1, 1, 1, 1, 1, 1, 1, 1, 1, 1, 1, 1, 1, 1, 1, 1], [0, 1, 1, 1, 1, 1, 1, 1, 1, 1, 1, 1, 1, 1, 1, 0, 1, 1, 1, 1, 1, 1, 1, 1, 1, 1, 1, 1, 1, 1, 1, 1, 1, 1, 1, 1, 1, 1, 1, 1, 1, 1], [0, 1, 1, 1, 1, 1, 1, 1, 1, 1, 1, 1, 1, 1, 1, 1, 0, 1, 1, 1, 1, 1, 1, 1, 1, 1, 1, 1, 1, 1, 1, 1, 1, 1, 1, 1, 1, 1, 1, 1, 1, 1], [0, 1, 1, 1, 1, 1, 1, 1, 1, 1, 1, 1, 1, 1, 1, 1, 1, 0, 1, 1, 1, 1, 1, 1, 1, 1, 1, 1, 1, 1, 1, 1, 1, 1, 1, 1, 1, 1, 1, 1, 1, 1], [0, 1, 1, 1, 1, 1, 1, 1, 1, 1, 1, 1, 1, 1, 1, 1, 1, 1, 0, 1, 1, 1, 1, 1, 1, 1, 1, 1, 1, 1, 1, 1, 1, 1, 1, 1, 1, 1, 1, 1, 1, 1], [0, 1, 1, 1, 1, 1, 1, 1, 1, 1, 1, 1, 1, 1, 1, 1, 1, 1, 1, 0, 1, 1, 1, 1, 1, 1, 1, 1, 1, 1, 1, 1, 1, 1, 1, 1, 1, 1, 1, 1, 1, 1], [0, 1, 1, 1, 1, 1, 1, 1, 1, 1, 1, 1, 1, 1, 1, 1, 1, 1, 1, 1, 0, 1, 1, 1, 1, 1, 1, 1, 1, 1, 1, 1, 1, 1, 1, 1, 1, 1, 1, 1, 1, 1], [0, 1, 1, 1, 1, 1, 1, 1, 1, 1, 1, 1, 1, 1, 1, 1, 1, 1, 1, 1, 1, 0, 1, 1, 1, 1, 1, 1, 1, 1, 1, 1, 1, 1, 1, 1, 1, 1, 1, 1, 1, 1], [0, 1, 1, 1, 1, 1, 1, 1, 1, 1, 1, 1, 1, 1, 1, 1, 1, 1, 1, 1, 1, 1, 0, 1, 1, 1, 1, 1, 1, 1, 1, 1, 1, 1, 1, 1, 1, 1, 1, 1, 1, 1], [0, 1, 1, 1, 1, 1, 1, 1, 1, 1, 1, 1, 1, 1, 1, 1, 1, 1, 1, 1, 1, 1, 1, 0, 1, 1, 1, 1, 1, 1, 1, 1, 1, 1, 1, 1, 1, 1, 1, 1, 1, 1], [0, 1, 1, 1, 1, 1, 1, 1, 1, 1, 1, 1, 1, 1, 1, 1, 1, 1, 1, 1, 1, 1, 1, 1, 0, 1, 1, 1, 1, 1, 1, 1, 1, 1, 1, 1, 1, 1, 1, 1, 1, 1], [0, 1, 1, 1, 1, 1, 1, 1, 1, 1, 1, 1, 1, 1, 1, 1, 1, 1, 1, 1, 1, 1, 1, 1, 1, 0, 1, 1, 1, 1, 1, 1, 1, 1, 1, 1, 1, 1, 1, 1, 1, 1], [0, 1, 1, 1, 1, 1, 1, 1, 1, 1, 1, 1, 1, 1, 1, 1, 1, 1, 1, 1, 1, 1, 1, 1, 1, 1, 0, 1, 1, 1, 1, 1, 1, 1, 1, 1, 1, 1, 1, 1, 1, 1], [0, 1, 1, 1, 1, 1, 1, 1, 1, 1, 1, 1, 1, 1, 1, 1, 1, 1, 1, 1, 1, 1, 1, 1, 1, 1, 1, 0, 1, 1, 1, 1, 1, 1, 1, 1, 1, 1, 1, 1, 1, 1], [0, 1, 1, 1, 1, 1, 1, 1, 1, 1, 1, 1, 1, 1, 1, 1, 1, 1, 1, 1, 1, 1, 1, 1, 1, 1, 1, 1, 0, 1, 1, 1, 1, 1, 1, 1, 1, 1, 1, 1, 1, 1], [0, 1, 1, 1, 1, 1, 1, 1, 1, 1, 1, 1, 1, 1, 1, 1, 1, 1, 1, 1, 1, 1, 1, 1, 1, 1, 1, 1, 1, 0, 1, 1, 1, 1, 1, 1, 1, 1, 1, 1, 1, 1], [0, 1, 1, 1, 1, 1, 1, 1, 1, 1, 1, 1, 1, 1, 1, 1, 1, 1, 1, 1, 1, 1, 1, 1, 1, 1, 1, 1, 1, 1, 0, 1, 1, 1, 1, 1, 1, 1, 1, 1, 1, 1], [0, 1, 1, 1, 1, 1, 1, 1, 1, 1, 1, 1, 1, 1, 1, 1, 1, 1, 1, 1, 1, 1, 1, 1, 1, 1, 1, 1, 1, 1, 1, 0, 1, 1, 1, 1, 1, 1, 1, 1, 1, 1], [0, 1, 1, 1, 1, 1, 1, 1, 1, 1, 1, 1, 1, 1, 1, 1, 1, 1, 1, 1, 1, 1, 1, 1, 1, 1, 1, 1, 1, 1, 1, 1, 0, 1, 1, 1, 1, 1, 1, 1, 1, 1], [0, 1, 1, 1, 1, 1, 1, 1, 1, 1, 1, 1, 1, 1, 1, 1, 1, 1, 1, 1, 1, 1, 1, 1, 1, 1, 1, 1, 1, 1, 1, 1, 1, 0, 1, 1, 1, 1, 1, 1, 1, 1], [0, 1, 1, 1, 1, 1, 1, 1, 1, 1, 1, 1, 1, 1, 1, 1, 1, 1, 1, 1, 1, 1, 1, 1, 1, 1, 1, 1, 1, 1, 1, 1, 1, 1, 0, 1, 1, 1, 1, 1, 1, 1], [0, 1, 1, 1, 1, 1, 1, 1, 1, 1, 1, 1, 1, 1, 1, 1, 1, 1, 1, 1, 1, 1, 1, 1, 1, 1, 1, 1, 1, 1, 1, 1, 1, 1, 1, 0, 1, 1, 1, 1, 1, 1], [0, 1, 1, 1, 1, 1, 1, 1, 1, 1, 1, 1, 1, 1, 1, 1, 1, 1, 1, 1, 1, 1, 1, 1, 1, 1, 1, 1, 1, 1, 1, 1, 1, 1, 1, 1, 0, 1, 1, 1, 1, 1], [0, 1, 1, 1, 1, 1, 1, 1, 1, 1, 1, 1, 1, 1, 1, 1, 1, 1, 1, 1, 1, 1, 1, 1, 1, 1, 1, 1, 1, 1, 1, 1, 1, 1, 1, 1, 1, 0, 1, 1, 1, 1], [0, 1, 1, 1, 1, 1, 1, 1, 1, 1, 1, 1, 1, 1, 1, 1, 1, 1, 1, 1, 1, 1, 1, 1, 1, 1, 1, 1, 1, 1, 1, 1, 1, 1, 1, 1, 1, 1, 0, 1, 1, 1], [0, 1, 1, 1, 1, 1, 1, 1, 1, 1, 1, 1, 1, 1, 1, 1, 1, 1, 1, 1, 1, 1, 1, 1, 1, 1, 1, 1, 1, 1, 1, 1, 1, 1, 1, 1, 1, 1, 1, 0, 1, 1], [0, 1, 1, 1, 1, 1, 1, 1, 1, 1, 1, 1, 1, 1, 1, 1, 1, 1, 1, 1, 1, 1, 1, 1, 1, 1, 1, 1, 1, 1, 1, 1, 1, 1, 1, 1, 1, 1, 1, 1, 0, 1], [0, 0, 0, 0, 0, 0, 0, 0, 0, 0, 0, 0, 0, 0, 0, 0, 0, 0, 0, 0, 0, 0, 0, 0, 0, 0, 0, 0, 0, 0, 0, 0, 0, 0, 0, 0, 0, 0, 0, 0, 0, 0]]}, "cluster_count": 3, "cluster_speeds": [[0.7400000000000001, 0.68, 0.7400000000000001, 0.8, 0.666, 0.6120000000000001, 0.666, 0.7200000000000001, 0.37000000000000005, 0.34, 0.37000000000000005, 0.4, 0.24420000000000003, 0.22440000000000004, 0.24420000000000003, 0.264, 0.296, 0.272, 0.296, 0.32000000000000006, 0.44400000000000006, 0.40800000000000003, 0.44400000000000006, 0.48, 0.6475, 0.595, 0.6475, 0.7, 0.37, 0.34, 0.37, 0.4, 0.30525, 0.2805, 0.30525, 0.33, 0.4625, 0.425, 0.4625, 0.5, 0.6475, 0.595, 0.6475, 0.7, 0.74, 0.68, 0.74, 0.8, 0.518, 0.476, 0.518, 0.5599999999999999, 0.37000000000000005, 0.34, 0.37000000000000005, 0.4, 0.44400000000000006, 0.40800000000000003, 0.44400000000000006, 0.48, 0.518, 0.476, 0.518, 0.5599999999999999, 0.666, 0.6120000000000001, 0.666, 0.7200000000000001, 0.7400000000000001, 0.68, 0.7400000000000001, 0.8, 0.8], [0.8325, 0.765, 0.8325, 0.9, 0.7492500000000001, 0.6885, 0.7492500000000001, 0.81, 0.41625, 0.3825, 0.41625, 0.45, 0.27472500000000005, 0.25245, 0.27472500000000005, 0.29700000000000004, 0.333, 0.30600000000000005, 0.333, 0.36000000000000004, 0.49950000000000006, 0.459, 0.49950000000000006, 0.54, 0.6475, 0.595, 0.6475, 0.7, 0.37, 0.34, 0.37, 0.4, 0.30525, 0.2805, 0.30525, 0.33, 0.4625, 0.425, 0.4625, 0.5, 0.6475, 0.595, 0.6475, 0.7, 0.74, 0.68, 0.74, 0.8, 0.58275, 0.5355, 0.58275, 0.63, 0.41625, 0.3825, 0.41625, 0.45, 0.49950000000000006, 0.459, 0.49950000000000006, 0.54, 0.58275, 0.5355, 0.58275, 0.63, 0.7492500000000001, 0.6885, 0.7492500000000001, 0.81, 0.8325, 0.765, 0.8325, 0.9, 0.9], [0.925, 0.85, 0.925, 1.0, 0.8325, 0.765, 0.8325, 0.9, 0.4625, 0.425, 0.4625, 0.5, 0.30525, 0.2805, 0.30525, 0.33, 0.37, 0.34, 0.37, 0.4, 0.555, 0.51, 0.555, 0.6, 0.6475, 0.595, 0.6475, 0.7, 0.37, 0.34, 0.37, 0.4, 0.30525, 0.2805, 0.30525, 0.33, 0.4625, 0.425, 0.4625, 0.5, 0.6475, 0.595, 0.6475, 0.7, 0.74, 0.68, 0.74, 0.8, 0.6475, 0.595, 0.6475, 0.7, 0.4625, 0.425, 0.4625, 0.5, 0.555, 0.51, 0.555, 0.6, 0.6475, 0.595, 0.6475, 0.7, 0.8325, 0.765, 0.8325, 0.9, 0.925, 0.85, 0.925, 1.0, 1.0]], "clusters": [[-1, 2, 2, 2, 2, 2, 2, 2, 2, 2, 2, 2, 2, 2, 2, 2, 2, 2, 2, 2, 2, 2, 2, 2, 2, 2, 2, 2, 2, 2, 2, 2, 2, 2, 2, 2, 2, 2, 2, 2, 2, 2], [2, -1, 2, 2, 2, 2, 2, 2, 2, 2, 2, 2, 2, 2, 2, 2, 2, 2, 2, 2, 2, 2, 2, 2, 2, 2, 2, 2, 2, 2, 2, 2, 2, 2, 2, 2, 2, 2, 2, 2, 2, 2], [1, 1, -1, 1, 1, 1, 1, 1, 1, 1, 1, 1, 1, 1, 1, 1, 1, 1, 1, 1, 1, 1, 1, 1, 1, 1, 1, 1, 1, 1, 1, 1, 1, 1, 1, 1, 1, 1, 1, 1, 1, 1], [0, 0, 0, -1, 0, 0, 0, 0, 0, 0, 0, 0, 0, 0, 0, 0, 0, 0, 0, 0, 0, 0, 0, 0, 0, 0, 0, 0, 0, 0, 0, 0, 0, 0, 0, 0, 0, 0, 0, 0, 0, 0], [0, 0, 0, 0, -1, 0, 0, 0, 0, 0, 0, 0, 0, 0, 0, 0, 0, 0, 0, 0, 0, 0, 0, 0, 0, 0, 0, 0, 0, 0, 0, 0, 0, 0, 0, 0, 0, 0, 0, 0, 0, 0], [1, 1, 1, 1, 1, -1, 1, 1, 1, 1, 1, 1, 1, 1, 1, 1, 1, 1, 1, 1, 1, 1, 1, 1, 1, 1, 1, 1, 1, 1, 1, 1, 1, 1, 1, 1, 1, 1, 1, 1, 1, 1], [0, 0, 0, 0, 0, 0, -1, 0, 0, 0, 0, 0, 0, 0, 0, 0, 0, 0, 0, 0, 0, 0, 0, 0, 0, 0, 0, 0, 0, 0, 0, 0, 0, 0, 0, 0, 0, 0, 0, 0, 0, 0], [2, 2, 2, 2, 2, 2, 2, -1, 2, 2, 2, 2, 2, 2, 2, 2, 2, 2, 2, 2, 2, 2, 2, 2, 2, 2, 2, 2, 2, 2, 2, 2, 2, 2, 2, 2, 2, 2, 2, 2, 2, 2], [0, 0, 0, 0, 0, 0, 0, 0, -1, 0, 0, 0, 0, 0, 0, 0, 0, 0, 0, 0, 0, 0, 0, 0, 0, 0, 0, 0, 0, 0, 0, 0, 0, 0, 0, 0, 0, 0, 0, 0, 0, 0], [1, 1, 1, 1, 1, 1, 1, 1, 1, -1, 1, 1, 1, 1, 1, 1, 1, 1, 1, 1, 1, 1, 1, 1, 1, 1, 1, 1, 1, 1, 1, 1, 1, 1, 1, 1, 1, 1, 1, 1, 1, 1], [1, 1, 1, 1, 1, 1, 1, 1, 1, 1, -1, 1, 1, 1, 1, 1, 1, 1, 1, 1, 1, 1, 1, 1, 1, 1, 1, 1, 1, 1, 1, 1, 1, 1, 1, 1, 1, 1, 1, 1, 1, 1], [0, 0, 0, 0, 0, 0, 0, 0, 0, 0, 0, -1, 0, 0, 0, 0, 0, 0, 0, 0, 0, 0, 0, 0, 0, 0, 0, 0, 0, 0, 0, 0, 0, 0, 0, 0, 0, 0, 0, 0, 0, 0], [1, 1, 1, 1, 1, 1, 1, 1, 1, 1, 1, 1, -1, 1, 1, 1, 1, 1, 1, 1, 1, 1, 1, 1, 1, 1, 1, 1, 1, 1, 1, 1, 1, 1, 1, 1, 1, 1, 1, 1, 1, 1], [1, 1, 1, 1, 1, 1, 1, 1, 1, 1, 1, 1, 1, -1, 1, 1, 1, 1, 1, 1, 1, 1, 1, 1, 1, 1, 1, 1, 1, 1, 1, 1, 1, 1, 1, 1, 1, 1, 1, 1, 1, 1], [0, 0, 0, 0, 0, 0, 0, 0, 0, 0, 0, 0, 0, 0, -1, 0, 0, 0, 0, 0, 0, 0, 0, 0, 0, 0, 0, 0, 0, 0, 0, 0, 0, 0, 0, 0, 0, 0, 0, 0, 0, 0], [1, 1, 1, 1, 1, 1, 1, 1, 1, 1, 1, 1, 1, 1, 1, -1, 1, 1, 1, 1, 1, 1, 1, 1, 1, 1, 1, 1, 1, 1, 1, 1, 1, 1, 1, 1, 1, 1, 1, 1, 1, 1], [0, 0, 0, 0, 0, 0, 0, 0, 0, 0, 0, 0, 0, 0, 0, 0, -1, 0, 0, 0, 0, 0, 0, 0, 0, 0, 0, 0, 0, 0, 0, 0, 0, 0, 0, 0, 0, 0, 0, 0, 0, 0], [1, 1, 1, 1, 1, 1, 1, 1, 1, 1, 1, 1, 1, 1, 1, 1, 1, -1, 1, 1, 1, 1, 1, 1, 1, 1, 1, 1, 1, 1, 1, 1, 1, 1, 1, 1, 1, 1, 1, 1, 1, 1], [0, 0, 0, 0, 0, 0, 0, 0, 0, 0, 0, 0, 0, 0, 0, 0, 0, 0, -1, 0, 0, 0, 0, 0, 0, 0, 0, 0, 0, 0, 0, 0, 0, 0, 0, 0, 0, 0, 0, 0, 0, 0], [1, 1, 1, 1, 1, 1, 1, 1, 1, 1, 1, 1, 1, 1, 1, 1, 1, 1, 1, -1, 1, 1, 1, 1, 1, 1, 1, 1, 1, 1, 1, 1, 1, 1, 1, 1, 1, 1, 1, 1, 1, 1], [1, 1, 1, 1, 1, 1, 1, 1, 1, 1, 1, 1, 1, 1, 1, 1, 1, 1, 1, 1, -1, 1, 1, 1, 1, 1, 1, 1, 1, 1, 1, 1, 1, 1, 1, 1, 1, 1, 1, 1, 1, 1], [0, 0, 0, 0, 0, 0, 0, 0, 0, 0, 0, 0, 0, 0, 0, 0, 0, 0, 0, 0, 0, -1, 0, 0, 0, 0, 0, 0, 0, 0, 0, 0, 0, 0, 0, 0, 0, 0, 0, 0, 0, 0], [2, 2, 2, 2, 2, 2, 2, 2, 2, 2, 2, 2, 2, 2, 2, 2, 2, 2, 2, 2, 2, 2, -1, 2, 2, 2, 2, 2, 2, 2, 2, 2, 2, 2, 2, 2, 2, 2, 2, 2, 2, 2], [2, 2, 2, 2, 2, 2, 2, 2, 2, 2, 2, 2, 2, 2, 2, 2, 2, 2, 2, 2, 2, 2, 2, -1, 2, 2, 2, 2, 2, 2, 2, 2, 2, 2, 2, 2, 2, 2, 2, 2, 2, 2], [0, 0, 0, 0, 0, 0, 0, 0, 0, 0, 0, 0, 0, 0, 0, 0, 0, 0, 0, 0, 0, 0, 0, 0, -1, 0, 0, 0, 0, 0, 0, 0, 0, 0, 0, 0, 0, 0, 0, 0, 0, 0], [2, 2, 2, 2, 2, 2, 2, 2, 2, 2, 2, 2, 2, 2, 2, 2, 2, 2, 2, 2, 2, 2, 2, 2, 2, -1, 2, 2, 2, 2, 2, 2, 2, 2, 2, 2, 2, 2, 2, 2, 2, 2], [0, 0, 0, 0, 0, 0, 0, 0, 0, 0, 0, 0, 0, 0, 0, 0, 0, 0, 0, 0, 0, 0, 0, 0, 0, 0, -1, 0, 0, 0, 0, 0, 0, 0, 0, 0, 0, 0, 0, 0, 0, 0], [0, 0, 0, 0, 0, 0, 0, 0, 0, 0, 0, 0, 0, 0, 0, 0, 0, 0, 0, 0, 0, 0, 0, 0, 0, 0, 0, -1, 0, 0, 0, 0, 0, 0, 0, 0, 0, 0, 0, 0, 0, 0], [1, 1, 1, 1, 1, 1, 1, 1, 1, 1, 1, 1, 1, 1, 1, 1, 1, 1, 1, 1, 1, 1, 1, 1, 1, 1, 1, 1, -1, 1, 1, 1, 1, 1, 1, 1, 1, 1, 1, 1, 1, 1], [1, 1, 1, 1, 1, 1, 1, 1, 1, 1, 1, 1, 1, 1, 1, 1, 1, 1, 1, 1, 1, 1, 1, 1, 1, 1, 1, 1, 1, -1, 1, 1, 1, 1, 1, 1, 1, 1, 1, 1, 1, 1], [0, 0, 0, 0, 0, 0, 0, 0, 0, 0, 0, 0, 0, 0, 0, 0, 0, 0, 0, 0, 0, 0, 0, 0, 0, 0, 0, 0, 0, 0, -1, 0, 0, 0, 0, 0, 0, 0, 0, 0, 0, 0], [2, 2, 2, 2, 2, 2, 2, 2, 2, 2, 2, 2, 2, 2, 2, 2, 2, 2, 2, 2, 2, 2, 2, 2, 2, 2, 2, 2, 2, 2, 2, -1, 2, 2, 2, 2, 2, 2, 2, 2, 2, 2], [2, 2, 2, 2, 2, 2, 2, 2, 2, 2, 2, 2, 2, 2, 2, 2, 2, 2, 2, 2, 2, 2, 2, 2, 2, 2, 2, 2, 2, 2, 2, 2, -1, 2, 2, 2, 2, 2, 2, 2, 2, 2], [0, 0, 0, 0, 0, 0, 0, 0, 0, 0, 0, 0, 0, 0, 0, 0, 0, 0, 0, 0, 0, 0, 0, 0, 0, 0, 0, 0, 0, 0, 0, 0, 0, -1, 0, 0, 0, 0, 0, 0, 0, 0], [2, 2, 2, 2, 2, 2, 2, 2, 2, 2, 2, 2, 2, 2, 2, 2, 2, 2, 2, 2, 2, 2, 2, 2, 2, 2, 2, 2, 2, 2, 2, 2, 2, 2, -1, 2, 2, 2, 2, 2, 2, 2], [2, 2, 2, 2, 2, 2, 2, 2, 2, 2, 2, 2, 2, 2, 2, 2, 2, 2, 2, 2, 2, 2, 2, 2, 2, 2, 2, 2, 2, 2, 2, 2, 2, 2, 2, -1, 2, 2, 2, 2, 2, 2], [0, 0, 0, 0, 0, 0, 0, 0, 0, 0, 0, 0, 0, 0, 0, 0, 0, 0, 0, 0, 0, 0, 0, 0, 0, 0, 0, 0, 0, 0, 0, 0, 0, 0, 0, 0, -1, 0, 0, 0, 0, 0], [1, 1, 1, 1, 1, 1, 1, 1, 1, 1, 1, 1, 1, 1, 1, 1, 1, 1, 1, 1, 1, 1, 1, 1, 1, 1, 1, 1, 1, 1, 1, 1, 1, 1, 1, 1, 1, -1, 1, 1, 1, 1], [1, 1, 1, 1, 1, 1, 1, 1, 1, 1, 1, 1, 1, 1, 1, 1, 1, 1, 1, 1, 1, 1, 1, 1, 1, 1, 1, 1, 1, 1, 1, 1, 1, 1, 1, 1, 1, 1, -1, 1, 1, 1], [1, 1, 1, 1, 1, 1, 1, 1, 1, 1, 1, 1, 1, 1, 1, 1, 1, 1, 1, 1, 1, 1, 1, 1, 1, 1, 1, 1, 1, 1, 1, 1, 1, 1, 1, 1, 1, 1, 1, -1, 1, 1], [0, 0, 0, 0, 0, 0, 0, 0, 0, 0, 0, 0, 0, 0, 0, 0, 0, 0, 0, 0, 0, 0, 0, 0, 0, 0, 0, 0, 0, 0, 0, 0, 0, 0, 0, 0, 0, 0, 0, 0, -1, 0], [2, 2, 2, 2, 2, 2, 2, 2, 2, 2, 2, 2, 2, 2, 2, 2, 2, 2, 2, 2, 2, 2, 2, 2, 2, 2, 2, 2, 2, 2, 2, 2, 2, 2, 2, 2, 2, 2, 2, 2, 2, -1]], "speed_zone_count": 73, "speed_zones": [[0.0, 15.0], [15.0, 30.0], [30.0, 45.0], [45.0, 60.0], [60.0, 75.0], [75.0, 90.0], [90.0, 105.0], [105.0, 120.0], [120.0, 135.0], [135.0, 150.0], [150.0, 165.0], [165.0, 180.0], [180.0, 195.0], [195.0, 210.0], [210.0, 225.0], [225.0, 240.0], [240.0, 255.0], [255.0, 270.0], [270.0, 285.0], [285.0, 300.0], [300.0, 315.0], [315.0, 330.0], [330.0, 345.0], [345.0, 360.0], [360.0, 375.0], [375.0, 390.0], [390.0, 405.0], [405.0, 420.0], [420.0, 435.0], [435.0, 450.0], [450.0, 465.0], [465.0, 480.0], [480.0, 495.0], [495.0, 510.0], [510.0, 525.0], [525.0, 540.0], [540.0, 555.0], [555.0, 570.0], [570.0, 585.0], [585.0, 600.0], [600.0, 615.0], [615.0, 630.0], [630.0, 645.0], [645.0, 660.0], [660.0, 675.0], [675.0, 690.0], [690.0, 705.0], [705.0, 720.0], [720.0, 735.0], [735.0, 750.0], [750.0, 765.0], [765.0, 780.0], [780.0, 795.0], [795.0, 810.0], [810.0, 825.0], [825.0, 840.0], [840.0, 855.0], [855.0, 870.0], [870.0, 885.0], [885.0, 900.0], [900.0, 915.0], [915.0, 930.0], [930.0, 945.0], [945.0, 960.0], [960.0, 975.0], [975.0, 990.0], [990.0, 1005.0], [1005.0, 1020.0], [1020.0, 1035.0], [1035.0, 1050.0], [1050.0, 1065.0], [1065.0, 1080.0], [1080.0, 5000.0]], "distances": [[0.0, 59.97, 61.49, 75.11, 75.11, 76.72, 74.12, 103.77, 61.49, 89.68, 94.85, 65.12, 53.5, 88.64, 80.6, 79.24, 69.58, 55.47, 83.5, 50.56, 59.43, 71.79, 92.4, 102.06, 71.68, 69.18, 69.29, 67.79, 69.98, 67.9, 64.42, 85.66, 93.1, 80.49, 43.44, 42.49, 83.7, 73.02, 72.2, 80.7, 63.28, 0.0], [0.0, 0.0, 6.8, 21.31, 22.21, 49.76, 20.9, 61.9, 28.15, 46.21, 50.36, 28.74, 10.06, 42.85, 32.87, 52.55, 39.79, 11.24, 35.17, 17.87, 5.76, 18.27, 54.55, 58.42, 41.64, 9.24, 39.6, 33.88, 42.37, 9.27, 28.65, 59.5, 57.36, 41.96, 21.4, 19.75, 35.51, 14.43, 46.68, 52.8, 26.79, 59.97], [0.0, 6.8, 0.0, 15.69, 16.36, 43.11, 15.07, 55.43, 21.89, 39.68, 43.96, 22.16, 8.14, 36.46, 26.47, 45.88, 33.23, 7.26, 28.91, 14.37, 12.57, 12.39, 47.82, 52.05, 35.01, 9.92, 33.05, 27.26, 35.85, 6.77, 22.12, 52.78, 50.59, 35.17, 19.8, 19.36, 29.24, 11.58, 40.17, 46.08, 20.31, 61.49], [0.0, 21.31, 15.69, 0.0, 21.17, 36.21, 20.11, 41.26, 21.39, 26.02, 29.62, 19.05, 22.32, 22.22, 12.62, 38.47, 28.07, 19.86, 14.38, 24.76, 17.86, 18.64, 35.48, 37.55, 29.02, 16.29, 28.02, 22.48, 30.84, 12.82, 19.53, 44.33, 38.75, 24.53, 31.77, 32.7, 14.73, 9.9, 34.75, 38.1, 18.73, 75.11], [0.0, 22.21, 16.36, 21.17, 0.0, 34.82, 21.47, 40.1, 20.42, 24.77, 28.47, 17.94, 22.64, 21.02, 11.32, 37.07, 26.76, 20.07, 13.2, 24.63, 18.49, 20.0, 34.14, 36.43, 27.67, 17.55, 26.71, 21.22, 29.52, 13.95, 18.45, 42.92, 37.39, 23.12, 31.7, 32.79, 13.55, 11.27, 33.41, 36.69, 17.74, 75.11], [0.0, 49.76, 43.11, 36.21, 34.82, 0.0, 35.51, 29.91, 22.32, 22.19, 25.98, 21.03, 42.81, 24.82, 26.5, 11.87, 10.12, 40.05, 27.42, 37.23, 44.03, 36.51, 18.09, 29.98, 8.12, 49.99, 10.35, 15.87, 7.99, 45.57, 21.18, 10.27, 17.36, 14.02, 41.69, 45.2, 27.24, 45.25, 4.55, 13.12, 23.09, 76.72], [0.0, 20.9, 15.07, 20.11, 21.47, 35.51, 0.0, 41.38, 20.3, 26.01, 29.75, 18.02, 21.47, 22.3, 12.54, 37.81, 27.21, 18.95, 14.48, 23.72, 17.21, 18.94, 35.3, 37.73, 28.22, 16.35, 27.16, 21.56, 29.99, 12.67, 18.49, 43.77, 38.52, 24.09, 30.75, 31.74, 14.83, 10.2, 33.94, 37.48, 17.65, 74.12], [0.0, 61.9, 55.43, 41.26, 40.1, 29.91, 41.38, 0.0, 42.95, 15.81, 11.64, 39.61, 59.31, 19.09, 29.04, 28.63, 34.4, 56.28, 26.9, 57.05, 57.27, 43.83, 11.9, 4.27, 32.47, 57.49, 34.68, 36.12, 34.54, 54.05, 40.23, 26.49, 12.99, 23.43, 63.48, 66.2, 26.55, 50.79, 33.71, 26.89, 41.78, 103.77], [0.0, 28.15, 21.89, 21.39, 20.42, 22.32, 20.3, 42.95, 0.0, 28.23, 33.39, 12.42, 20.52, 27.22, 20.29, 25.25, 12.21, 17.83, 23.05, 15.23, 22.4, 19.76, 32.45, 40.81, 14.34, 30.35, 11.97, 7.26, 14.5, 25.96, 12.64, 32.49, 34.13, 19.56, 20.8, 23.91, 23.17, 27.45, 18.75, 25.83, 14.58, 61.49], [0.0, 46.21, 39.68, 26.02, 24.77, 22.19, 26.01, 15.81, 28.23, 0.0, 5.17, 24.67, 43.53, 4.33, 13.48, 22.53, 22.2, 40.5, 11.77, 41.6, 41.48, 28.33, 10.42, 12.86, 20.86, 42.31, 22.43, 22.06, 23.37, 38.65, 25.35, 24.78, 14.1, 9.97, 48.24, 50.78, 11.42, 35.81, 24.35, 21.14, 26.7, 89.68], [0.0, 50.36, 43.96, 29.62, 28.47, 25.98, 29.75, 11.64, 33.39, 5.17, 0.0, 29.82, 48.23, 7.51, 17.5, 25.86, 27.09, 45.22, 15.27, 46.6, 45.85, 32.23, 10.72, 8.09, 25.62, 45.84, 27.34, 27.21, 28.07, 42.42, 30.5, 26.86, 14.27, 14.92, 53.3, 55.77, 14.92, 39.16, 28.64, 24.31, 31.82, 94.85], [0.0, 28.74, 22.16, 19.05, 17.94, 21.03, 18.02, 39.61, 12.42, 24.67, 29.82, 0.0, 22.12, 23.55, 16.69, 23.86, 11.06, 19.23, 19.41, 17.84, 23.01, 17.91, 29.41, 37.34, 12.91, 29.79, 10.89, 5.16, 13.71, 25.34, 10.55, 30.94, 31.32, 16.34, 23.91, 26.81, 19.52, 26.13, 18.02, 24.22, 12.49, 65.12], [0.0, 10.06, 8.14, 22.32, 22.64, 42.81, 21.47, 59.31, 20.52, 43.53, 48.23, 22.12, 0.0, 40.87, 31.14, 45.73, 32.69, 12.52, 33.86, 7.87, 6.34, 18.9, 50.5, 56.29, 34.76, 17.37, 32.46, 27.21, 35.02, 14.86, 21.82, 52.93, 52.86, 37.39, 11.87, 11.22, 34.15, 19.7, 39.25, 46.23, 19.89, 53.5], [0.0, 42.85, 36.46, 22.22, 21.02, 24.82, 22.3, 19.09, 27.22, 4.33, 7.51, 23.55, 40.87, 0.0, 9.99, 25.56, 23.11, 37.88, 7.84, 39.62, 38.36, 24.74, 14.74, 15.59, 22.15, 38.49, 23.3, 21.81, 24.71, 34.97, 24.27, 28.53, 18.42, 11.3, 46.47, 48.77, 7.48, 31.88, 26.36, 24.32, 25.37, 88.64], [0.0, 32.87, 26.47, 12.62, 11.32, 26.5, 12.54, 29.04, 20.29, 13.48, 17.5, 16.69, 31.14, 9.99, 0.0, 28.24, 20.84, 28.19, 17.83, 30.63, 28.39, 14.86, 22.9, 25.58, 20.88, 28.88, 20.92, 17.07, 23.25, 25.17, 17.41, 33.18, 26.24, 13.1, 37.66, 39.66, 17.47, 22.5, 26.32, 27.51, 17.93, 80.6], [0.0, 52.55, 45.88, 38.47, 37.07, 11.87, 37.81, 28.63, 25.25, 22.53, 25.86, 23.86, 45.73, 25.56, 28.24, 0.0, 13.04, 42.95, 28.91, 40.18, 46.85, 38.94, 17.06, 29.09, 10.98, 52.57, 13.28, 18.7, 10.95, 48.17, 24.04, 7.31, 15.77, 15.35, 44.64, 48.15, 28.7, 47.67, 7.32, 14.03, 25.96, 79.24], [0.0, 39.79, 33.23, 28.07, 26.76, 10.12, 27.21, 34.4, 12.21, 22.2, 27.09, 11.06, 32.69, 23.11, 20.84, 13.04, 0.0, 29.94, 22.67, 27.24, 34.04, 27.77, 22.83, 33.22, 12.74, 40.6, 11.94, 6.04, 11.32, 36.15, 11.14, 20.29, 23.65, 12.23, 32.09, 35.49, 22.6, 36.38, 7.01, 13.66, 13.03, 69.58], [0.0, 11.24, 7.26, 19.86, 20.07, 40.05, 18.95, 56.28, 17.83, 40.5, 45.22, 19.23, 12.52, 37.88, 28.19, 42.95, 29.94, 0.0, 30.94, 7.14, 6.18, 16.46, 47.46, 53.27, 31.97, 17.11, 29.71, 24.35, 32.33, 13.96, 18.97, 50.11, 49.84, 34.36, 12.79, 12.98, 31.23, 18.37, 36.59, 43.41, 17.03, 55.47], [0.0, 35.17, 28.91, 14.38, 13.2, 27.42, 14.48, 26.9, 23.05, 11.77, 15.27, 19.41, 33.86, 7.84, 17.83, 28.91, 22.67, 30.94, 0.0, 33.51, 30.88, 16.97, 21.75, 23.27, 22.47, 30.65, 22.78, 19.39, 24.93, 27.15, 20.14, 33.33, 25.26, 13.56, 40.55, 42.52, 15.32, 24.07, 27.69, 28.02, 20.74, 83.5], [0.0, 17.87, 14.37, 24.76, 24.63, 37.23, 23.72, 57.05, 15.23, 41.6, 46.6, 17.84, 7.87, 39.62, 30.63, 40.18, 27.24, 7.14, 33.51, 0.0, 13.28, 21.58, 47.22, 54.45, 29.45, 24.25, 26.98, 22.44, 29.26, 20.96, 17.33, 47.48, 49.15, 34.08, 7.14, 9.18, 33.75, 25.06, 33.3, 40.9, 15.55, 50.56], [0.0, 5.76, 12.57, 17.86, 18.49, 44.03, 17.21, 57.27, 22.4, 41.48, 45.85, 23.01, 6.34, 38.36, 28.39, 46.85, 34.04, 6.18, 30.88, 13.28, 0.0, 14.52, 49.42, 53.94, 35.91, 11.11, 33.85, 28.16, 36.61, 8.58, 22.91, 53.83, 52.11, 36.64, 18.19, 17.48, 31.2, 13.59, 40.92, 47.12, 21.03, 59.43], [0.0, 18.27, 12.39, 18.64, 20.0, 36.51, 18.94, 43.83, 19.76, 28.33, 32.23, 17.91, 18.9, 24.74, 14.86, 38.94, 27.77, 16.46, 16.97, 21.58, 14.52, 0.0, 37.39, 40.24, 28.96, 14.29, 27.69, 21.92, 30.57, 10.34, 18.29, 45.13, 40.51, 25.76, 28.52, 29.35, 17.32, 8.74, 34.65, 38.72, 17.2, 71.79], [0.0, 54.55, 47.82, 35.48, 34.14, 18.09, 35.3, 11.9, 32.45, 10.42, 10.72, 29.41, 50.5, 14.74, 22.9, 17.06, 22.83, 47.46, 21.75, 47.22, 49.42, 37.39, 0.0, 12.04, 20.8, 51.62, 23.12, 25.32, 22.76, 47.71, 29.96, 16.49, 24.53, 13.17, 53.24, 56.22, 21.42, 45.38, 21.81, 15.34, 31.68, 92.4], [0.0, 58.42, 52.05, 37.55, 36.43, 29.98, 37.73, 4.27, 40.81, 12.86, 8.09, 37.34, 56.29, 15.59, 25.58, 29.09, 33.22, 53.27, 23.27, 54.45, 53.94, 40.24, 12.04, 0.0, 31.45, 53.69, 33.49, 34.26, 33.7, 50.37, 38.0, 28.02, 14.23, 21.58, 61.05, 63.63, 22.93, 46.95, 33.41, 27.38, 39.43, 102.06], [0.0, 41.64, 35.01, 29.02, 27.67, 8.12, 28.22, 32.47, 14.34, 20.86, 25.62, 12.91, 34.76, 22.15, 20.88, 10.98, 12.74, 31.97, 22.47, 29.45, 35.91, 28.96, 20.8, 31.45, 0.0, 42.11, 12.89, 7.76, 10.05, 37.67, 13.06, 18.17, 21.47, 10.97, 34.36, 37.74, 22.37, 37.65, 5.73, 11.49, 14.98, 71.68], [0.0, 9.24, 9.92, 16.29, 17.55, 49.99, 16.35, 57.49, 30.35, 42.31, 45.84, 29.79, 17.37, 38.49, 28.88, 52.57, 40.6, 17.11, 30.65, 24.25, 11.11, 14.29, 51.62, 53.69, 42.11, 0.0, 40.47, 34.57, 43.35, 4.45, 29.93, 59.05, 54.79, 40.0, 29.24, 28.21, 31.0, 6.86, 47.61, 52.51, 28.32, 69.18], [0.0, 39.6, 33.05, 28.02, 26.71, 10.35, 27.16, 34.68, 11.97, 22.43, 27.34, 10.89, 32.46, 23.3, 20.92, 13.28, 11.94, 29.71, 22.78, 26.98, 33.85, 27.69, 23.12, 33.49, 12.89, 40.47, 0.0, 5.9, 11.47, 36.02, 10.94, 20.54, 23.94, 12.46, 31.81, 35.21, 22.72, 36.29, 7.15, 13.92, 12.83, 69.29], [0.0, 33.88, 27.26, 22.48, 21.22, 15.87, 21.56, 36.12, 7.26, 22.06, 27.21, 5.16, 27.21, 21.81, 17.07, 18.7, 6.04, 24.35, 19.39, 22.44, 28.16, 21.92, 25.32, 34.26, 7.76, 34.57, 5.9, 0.0, 8.79, 30.12, 5.39, 25.78, 26.89, 12.72, 28.02, 31.16, 19.41, 30.46, 13.05, 19.07, 7.32, 67.79], [0.0, 42.37, 35.85, 30.84, 29.52, 7.99, 29.99, 34.54, 14.5, 23.37, 28.07, 13.71, 35.02, 24.71, 23.25, 10.95, 11.32, 32.33, 24.93, 29.26, 36.61, 30.57, 22.76, 33.7, 10.05, 43.35, 11.47, 8.79, 0.0, 38.9, 13.73, 18.25, 23.13, 13.52, 33.74, 37.22, 24.84, 39.17, 4.32, 11.82, 15.58, 69.98], [0.0, 9.27, 6.77, 12.82, 13.95, 45.57, 12.67, 54.05, 25.96, 38.65, 42.42, 25.34, 14.86, 34.97, 25.17, 48.17, 36.15, 13.96, 27.15, 20.96, 8.58, 10.34, 47.71, 50.37, 37.67, 4.45, 36.02, 30.12, 38.9, 0.0, 25.49, 54.7, 50.79, 35.83, 26.58, 26.05, 27.5, 5.27, 43.16, 48.13, 23.89, 67.9], [0.0, 28.65, 22.12, 19.53, 18.45, 21.18, 18.49, 40.23, 12.64, 25.35, 30.5, 10.55, 21.82, 24.27, 17.41, 24.04, 11.14, 18.97, 20.14, 17.33, 22.91, 18.29, 29.96, 38.0, 13.06, 29.93, 10.94, 5.39, 13.73, 25.49, 0.0, 31.16, 31.82, 16.92, 23.32, 26.26, 20.25, 26.42, 18.04, 24.44, 12.71, 64.42], [0.0, 59.5, 52.78, 44.33, 42.92, 10.27, 43.77, 26.49, 32.49, 24.78, 26.86, 30.94, 52.93, 28.53, 33.18, 7.31, 20.29, 50.11, 33.33, 47.48, 53.83, 45.13, 16.49, 28.02, 18.17, 59.05, 20.54, 25.78, 18.25, 54.7, 31.16, 0.0, 13.79, 20.09, 51.93, 55.45, 33.07, 53.83, 14.51, 6.72, 33.09, 85.66], [0.0, 57.36, 50.59, 38.75, 37.39, 17.36, 38.52, 12.99, 34.13, 14.1, 14.27, 31.32, 52.86, 18.42, 26.24, 15.77, 23.65, 49.84, 25.26, 49.15, 52.11, 40.51, 24.53, 14.23, 21.47, 54.79, 23.94, 26.89, 23.13, 50.79, 31.82, 13.79, 0.0, 15.51, 54.92, 58.02, 24.93, 48.66, 21.5, 14.03, 33.62, 93.1], [0.0, 41.96, 35.17, 24.53, 23.12, 14.02, 24.09, 23.43, 19.56, 9.97, 14.92, 16.34, 37.39, 11.3, 13.1, 15.35, 12.23, 34.36, 13.56, 34.08, 36.64, 25.76, 13.17, 21.58, 10.97, 40.0, 12.46, 12.72, 13.52, 35.83, 16.92, 20.09, 15.51, 0.0, 40.24, 43.13, 13.34, 34.28, 15.09, 14.48, 18.58, 80.49], [0.0, 21.4, 19.8, 31.77, 31.7, 41.69, 30.75, 63.48, 20.8, 48.24, 53.3, 23.91, 11.87, 46.47, 37.66, 44.64, 32.09, 12.79, 40.55, 7.14, 18.19, 28.52, 53.24, 61.05, 34.36, 29.24, 31.81, 28.02, 33.74, 26.58, 23.32, 51.93, 54.92, 40.24, 0.0, 16.32, 40.79, 31.15, 37.46, 45.55, 21.71, 43.44], [0.0, 19.75, 19.36, 32.7, 32.79, 45.2, 31.74, 66.2, 23.91, 50.78, 55.77, 26.81, 11.22, 48.77, 39.66, 48.15, 35.49, 12.98, 42.52, 9.18, 17.48, 29.35, 56.22, 63.63, 37.74, 28.21, 35.21, 31.16, 37.22, 26.05, 26.26, 55.45, 58.02, 43.13, 16.32, 0.0, 42.77, 30.92, 41.02, 49.02, 24.55, 42.49], [0.0, 35.51, 29.24, 14.73, 13.55, 27.24, 14.83, 26.55, 23.17, 11.42, 14.92, 19.52, 34.15, 7.48, 17.47, 28.7, 22.6, 31.23, 15.32, 33.75, 31.2, 17.32, 21.42, 22.93, 22.37, 31.0, 22.72, 19.41, 24.84, 27.5, 20.25, 33.07, 24.93, 13.34, 40.79, 42.77, 0.0, 24.42, 27.56, 27.8, 20.88, 83.7], [0.0, 14.43, 11.58, 9.9, 11.27, 45.25, 10.2, 50.79, 27.45, 35.81, 39.16, 26.13, 19.7, 31.88, 22.5, 47.67, 36.38, 18.37, 24.07, 25.06, 13.59, 8.74, 45.38, 46.95, 37.65, 6.86, 36.29, 30.46, 39.17, 5.27, 26.42, 53.83, 48.66, 34.28, 31.15, 30.92, 24.42, 0.0, 43.3, 47.44, 25.09, 73.02], [0.0, 46.68, 40.17, 34.75, 33.41, 4.55, 33.94, 33.71, 18.75, 24.35, 28.64, 18.02, 39.25, 26.36, 26.32, 7.32, 7.01, 36.59, 27.69, 33.3, 40.92, 34.65, 21.81, 33.41, 5.73, 47.61, 7.15, 13.05, 4.32, 43.16, 18.04, 14.51, 21.5, 15.09, 37.46, 41.02, 27.56, 43.3, 0.0, 8.57, 19.89, 72.2], [0.0, 52.8, 46.08, 38.1, 36.69, 13.12, 37.48, 26.89, 25.83, 21.14, 24.31, 24.22, 46.23, 24.32, 27.51, 14.03, 13.66, 43.41, 28.02, 40.9, 47.12, 38.72, 15.34, 27.38, 11.49, 52.51, 13.92, 19.07, 11.82, 48.13, 24.44, 6.72, 14.03, 14.48, 45.55, 49.02, 27.8, 47.44, 8.57, 0.0, 26.38, 80.7], [0.0, 26.79, 20.31, 18.73, 17.74, 23.09, 17.65, 41.78, 14.58, 26.7, 31.82, 12.49, 19.89, 25.37, 17.93, 25.96, 13.03, 17.03, 20.74, 15.55, 21.03, 17.2, 31.68, 39.43, 14.98, 28.32, 12.83, 7.32, 15.58, 23.89, 12.71, 33.09, 33.62, 18.58, 21.71, 24.55, 20.88, 25.09, 19.89, 26.38, 0.0, 63.28], [0.0, 0.0, 0.0, 0.0, 0.0, 0.0, 0.0, 0.0, 0.0, 0.0, 0.0, 0.0, 0.0, 0.0, 0.0, 0.0, 0.0, 0.0, 0.0, 0.0, 0.0, 0.0, 0.0, 0.0, 0.0, 0.0, 0.0, 0.0, 0.0, 0.0, 0.0, 0.0, 0.0, 0.0, 0.0, 0.0, 0.0, 0.0, 0.0, 0.0, 0.0, 0.0]], "time_windows": [[0.0, 5000.0], [0.0, 106.0], [0.0, 114.0], [0.0, 134.0], [0.0, 158.0], [0.0, 238.0], [0.0, 341.0], [0.0, 413.0], [0.0, 495.0], [0.0, 581.0], [0.0, 592.0], [0.0, 652.0], [0.0, 687.0], [0.0, 744.0], [0.0, 757.0], [0.0, 801.0], [0.0, 820.0], [0.0, 884.0], [0.0, 939.0], [0.0, 992.0], [0.0, 1009.0], [0.0, 1028.0], [0.0, 1071.0], [0.0, 1084.0], [0.0, 1118.0], [0.0, 1160.0], [0.0, 1200.0], [0.0, 1206.0], [0.0, 1215.0], [0.0, 1254.0], [0.0, 1279.0], [0.0, 1311.0], [0.0, 1324.0], [0.0, 1340.0], [0.0, 1380.0], [0.0, 1396.0], [0.0, 1439.0], [0.0, 1464.0], [0.0, 1507.0], [0.0, 1515.0], [0.0, 1542.0], [0.0, 5000.0]], "start_depot": 0, "end_depot": 41, "horizon": [0.0, 5000.0]}