{"digraph": {"vertex_count": 42, "arc_count": 1640, "arcs": [[0, 1, 1, 1, 1, 1, 1, 1, 1, 1, 1, 1, 1, 1, 1, 1, 1, 1, 1, 1, 1, 1, 1, 1, 1, 1, 1, 1, 1, 1, 1, 1, 1, 1, 1, 1, 1, 1, 1, 1, 1, 1], [0, 0, 1, 1, 1, 1, 1, 1, 1, 1, 1, 1, 1, 1, 1, 1, 1, 1, 1, 1, 1, 1, 1, 1, 1, 1, 1, 1, 1, 1, 1, 1, 1, 1, 1, 1, 1, 1, 1, 1, 1, 1], [0, 1, 0, 1, 1, 1, 1, 1, 1, 1, 1, 1, 1, 1, 1, 1, 1, 1, 1, 1, 1, 1, 1, 1, 1, 1, 1, 1, 1, 1, 1, 1, 1, 1, 1, 1, 1, 1, 1, 1, 1, 1], [0, 1, 1, 0, 1, 1, 1, 1, 1, 1, 1, 1, 1, 1, 1, 1, 1, 1, 1, 1, 1, 1, 1, 1, 1, 1, 1, 1, 1, 1, 1, 1, 1, 1, 1, 1, 1, 1, 1, 1, 1, 1], [0, 1, 1, 1, 0, 1, 1, 1, 1, 1, 1, 1, 1, 1, 1, 1, 1, 1, 1, 1, 1, 1, 1, 1, 1, 1, 1, 1, 1, 1, 1, 1, 1, 1, 1, 1, 1, 1, 1, 1, 1, 1], [0, 1, 1, 1, 1, 0, 1, 1, 1, 1, 1, 1, 1, 1, 1, 1, 1, 1, 1, 1, 1, 1, 1, 1, 1, 1, 1, 1, 1, 1, 1, 1, 1, 1, 1, 1, 1, 1, 1, 1, 1, 1], [0, 1, 1, 1, 1, 1, 0, 1, 1, 1, 1, 1, 1, 1, 1, 1, 1, 1, 1, 1, 1, 1, 1, 1, 1, 1, 1, 1, 1, 1, 1, 1, 1, 1, 1, 1, 1, 1, 1, 1, 1, 1], [0, 1, 1, 1, 1, 1, 1, 0, 1, 1, 1, 1, 1, 1, 1, 1, 1, 1, 1, 1, 1, 1, 1, 1, 1, 1, 1, 1, 1, 1, 1, 1, 1, 1, 1, 1, 1, 1, 1, 1, 1, 1], [0, 1, 1, 1, 1, 1, 1, 1, 0, 1, 1, 1, 1, 1, 1, 1, 1, 1, 1, 1, 1, 1, 1, 1, 1, 1, 1, 1, 1, 1, 1, 1, 1, 1, 1, 1, 1, 1, 1, 1, 1, 1], [0, 1, 1, 1, 1, 1, 1, 1, 1, 0, 1, 1, 1, 1, 1, 1, 1, 1, 1, 1, 1, 1, 1, 1, 1, 1, 1, 1, 1, 1, 1, 1, 1, 1, 1, 1, 1, 1, 1, 1, 1, 1], [0, 1, 1, 1, 1, 1, 1, 1, 1, 1, 0, 1, 1, 1, 1, 1, 1, 1, 1, 1, 1, 1, 1, 1, 1, 1, 1, 1, 1, 1, 1, 1, 1, 1, 1, 1, 1, 1, 1, 1, 1, 1], [0, 1, 1, 1, 1, 1, 1, 1, 1, 1, 1, 0, 1, 1, 1, 1, 1, 1, 1, 1, 1, 1, 1, 1, 1, 1, 1, 1, 1, 1, 1, 1, 1, 1, 1, 1, 1, 1, 1, 1, 1, 1], [0, 1, 1, 1, 1, 1, 1, 1, 1, 1, 1, 1, 0, 1, 1, 1, 1, 1, 1, 1, 1, 1, 1, 1, 1, 1, 1, 1, 1, 1, 1, 1, 1, 1, 1, 1, 1, 1, 1, 1, 1, 1], [0, 1, 1, 1, 1, 1, 1, 1, 1, 1, 1, 1, 1, 0, 1, 1, 1, 1, 1, 1, 1, 1, 1, 1, 1, 1, 1, 1, 1, 1, 1, 1, 1, 1, 1, 1, 1, 1, 1, 1, 1, 1], [0, 1, 1, 1, 1, 1, 1, 1, 1, 1, 1, 1, 1, 1, 0, 1, 1, 1, 1, 1, 1, 1, 1, 1, 1, 1, 1, 1, 1, 1, 1, 1, 1, 1, 1, 1, 1, 1, 1, 1, 1, 1], [0, 1, 1, 1, 1, 1, 1, 1, 1, 1, 1, 1, 1, 1, 1, 0, 1, 1, 1, 1, 1, 1, 1, 1, 1, 1, 1, 1, 1, 1, 1, 1, 1, 1, 1, 1, 1, 1, 1, 1, 1, 1], [0, 1, 1, 1, 1, 1, 1, 1, 1, 1, 1, 1, 1, 1, 1, 1, 0, 1, 1, 1, 1, 1, 1, 1, 1, 1, 1, 1, 1, 1, 1, 1, 1, 1, 1, 1, 1, 1, 1, 1, 1, 1], [0, 1, 1, 1, 1, 1, 1, 1, 1, 1, 1, 1, 1, 1, 1, 1, 1, 0, 1, 1, 1, 1, 1, 1, 1, 1, 1, 1, 1, 1, 1, 1, 1, 1, 1, 1, 1, 1, 1, 1, 1, 1], [0, 1, 1, 1, 1, 1, 1, 1, 1, 1, 1, 1, 1, 1, 1, 1, 1, 1, 0, 1, 1, 1, 1, 1, 1, 1, 1, 1, 1, 1, 1, 1, 1, 1, 1, 1, 1, 1, 1, 1, 1, 1], [0, 1, 1, 1, 1, 1, 1, 1, 1, 1, 1, 1, 1, 1, 1, 1, 1, 1, 1, 0, 1, 1, 1, 1, 1, 1, 1, 1, 1, 1, 1, 1, 1, 1, 1, 1, 1, 1, 1, 1, 1, 1], [0, 1, 1, 1, 1, 1, 1, 1, 1, 1, 1, 1, 1, 1, 1, 1, 1, 1, 1, 1, 0, 1, 1, 1, 1, 1, 1, 1, 1, 1, 1, 1, 1, 1, 1, 1, 1, 1, 1, 1, 1, 1], [0, 1, 1, 1, 1, 1, 1, 1, 1, 1, 1, 1, 1, 1, 1, 1, 1, 1, 1, 1, 1, 0, 1, 1, 1, 1, 1, 1, 1, 1, 1, 1, 1, 1, 1, 1, 1, 1, 1, 1, 1, 1], [0, 1, 1, 1, 1, 1, 1, 1, 1, 1, 1, 1, 1, 1, 1, 1, 1, 1, 1, 1, 1, 1, 0, 1, 1, 1, 1, 1, 1, 1, 1, 1, 1, 1, 1, 1, 1, 1, 1, 1, 1, 1], [0, 1, 1, 1, 1, 1, 1, 1, 1, 1, 1, 1, 1, 1, 1, 1, 1, 1, 1, 1, 1, 1, 1, 0, 1, 1, 1, 1, 1, 1, 1, 1, 1, 1, 1, 1, 1, 1, 1, 1, 1, 1], [0, 1, 1, 1, 1, 1, 1, 1, 1, 1, 1, 1, 1, 1, 1, 1, 1, 1, 1, 1, 1, 1, 1, 1, 0, 1, 1, 1, 1, 1, 1, 1, 1, 1, 1, 1, 1, 1, 1, 1, 1, 1], [0, 1, 1, 1, 1, 1, 1, 1, 1, 1, 1, 1, 1, 1, 1, 1, 1, 1, 1, 1, 1, 1, 1, 1, 1, 0, 1, 1, 1, 1, 1, 1, 1, 1, 1, 1, 1, 1, 1, 1, 1, 1], [0, 1, 1, 1, 1, 1, 1, 1, 1, 1, 1, 1, 1, 1, 1, 1, 1, 1, 1, 1, 1, 1, 1, 1, 1, 1, 0, 1, 1, 1, 1, 1, 1, 1, 1, 1, 1, 1, 1, 1, 1, 1], [0, 1, 1, 1, 1, 1, 1, 1, 1, 1, 1, 1, 1, 1, 1, 1, 1, 1, 1, 1, 1, 1, 1, 1, 1, 1, 1, 0, 1, 1, 1, 1, 1, 1, 1, 1, 1, 1, 1, 1, 1, 1], [0, 1, 1, 1, 1, 1, 1, 1, 1, 1, 1, 1, 1, 1, 1, 1, 1, 1, 1, 1, 1, 1, 1, 1, 1, 1, 1, 1, 0, 1, 1, 1, 1, 1, 1, 1, 1, 1, 1, 1, 1, 1], [0, 1, 1, 1, 1, 1, 1, 1, 1, 1, 1, 1, 1, 1, 1, 1, 1, 1, 1, 1, 1, 1, 1, 1, 1, 1, 1, 1, 1, 0, 1, 1, 1, 1, 1, 1, 1, 1, 1, 1, 1, 1], [0, 1, 1, 1, 1, 1, 1, 1, 1, 1, 1, 1, 1, 1, 1, 1, 1, 1, 1, 1, 1, 1, 1, 1, 1, 1, 1, 1, 1, 1, 0, 1, 1, 1, 1, 1, 1, 1, 1, 1, 1, 1], [0, 1, 1, 1, 1, 1, 1, 1, 1, 1, 1, 1, 1, 1, 1, 1, 1, 1, 1, 1, 1, 1, 1, 1, 1, 1, 1, 1, 1, 1, 1, 0, 1, 1, 1, 1, 1, 1, 1, 1, 1, 1], [0, 1, 1, 1, 1, 1, 1, 1, 1, 1, 1, 1, 1, 1, 1, 1, 1, 1, 1, 1, 1, 1, 1, 1, 1, 1, 1, 1, 1, 1, 1, 1, 0, 1, 1, 1, 1, 1, 1, 1, 1, 1], [0, 1, 1, 1, 1, 1, 1, 1, 1, 1, 1, 1, 1, 1, 1, 1, 1, 1, 1, 1, 1, 1, 1, 1, 1, 1, 1, 1, 1, 1, 1, 1, 1, 0, 1, 1, 1, 1, 1, 1, 1, 1], [0, 1, 1, 1, 1, 1, 1, 1, 1, 1, 1, 1, 1, 1, 1, 1, 1, 1, 1, 1, 1, 1, 1, 1, 1, 1, 1, 1, 1, 1, 1, 1, 1, 1, 0, 1, 1, 1, 1, 1, 1, 1], [0, 1, 1, 1, 1, 1, 1, 1, 1, 1, 1, 1, 1, 1, 1, 1, 1, 1, 1, 1, 1, 1, 1, 1, 1, 1, 1, 1, 1, 1, 1, 1, 1, 1, 1, 0, 1, 1, 1, 1, 1, 1], [0, 1, 1, 1, 1, 1, 1, 1, 1, 1, 1, 1, 1, 1, 1, 1, 1, 1, 1, 1, 1, 1, 1, 1, 1, 1, 1, 1, 1, 1, 1, 1, 1, 1, 1, 1, 0, 1, 1, 1, 1, 1], [0, 1, 1, 1, 1, 1, 1, 1, 1, 1, 1, 1, 1, 1, 1, 1, 1, 1, 1, 1, 1, 1, 1, 1, 1, 1, 1, 1, 1, 1, 1, 1, 1, 1, 1, 1, 1, 0, 1, 1, 1, 1], [0, 1, 1, 1, 1, 1, 1, 1, 1, 1, 1, 1, 1, 1, 1, 1, 1, 1, 1, 1, 1, 1, 1, 1, 1, 1, 1, 1, 1, 1, 1, 1, 1, 1, 1, 1, 1, 1, 0, 1, 1, 1], [0, 1, 1, 1, 1, 1, 1, 1, 1, 1, 1, 1, 1, 1, 1, 1, 1, 1, 1, 1, 1, 1, 1, 1, 1, 1, 1, 1, 1, 1, 1, 1, 1, 1, 1, 1, 1, 1, 1, 0, 1, 1], [0, 1, 1, 1, 1, 1, 1, 1, 1, 1, 1, 1, 1, 1, 1, 1, 1, 1, 1, 1, 1, 1, 1, 1, 1, 1, 1, 1, 1, 1, 1, 1, 1, 1, 1, 1, 1, 1, 1, 1, 0, 1], [0, 0, 0, 0, 0, 0, 0, 0, 0, 0, 0, 0, 0, 0, 0, 0, 0, 0, 0, 0, 0, 0, 0, 0, 0, 0, 0, 0, 0, 0, 0, 0, 0, 0, 0, 0, 0, 0, 0, 0, 0, 0]]}, "cluster_count": 3, "cluster_speeds": [[0.925, 0.85, 0.925, 1.0, 0.8325, 0.765, 0.8325, 0.9, 0.4625, 0.425, 0.4625, 0.5, 0.30525, 0.2805, 0.30525, 0.33, 0.37, 0.34, 0.37, 0.4, 0.555, 0.51, 0.555, 0.6, 0.6475, 0.595, 0.6475, 0.7, 0.37, 0.34, 0.37, 0.4, 0.30525, 0.2805, 0.30525, 0.33, 0.4625, 0.425, 0.4625, 0.5, 0.6475, 0.595, 0.6475, 0.7, 0.74, 0.68, 0.74, 0.8, 0.6475, 0.595, 0.6475, 0.7, 0.4625, 0.425, 0.4625, 0.5, 0.555, 0.51, 0.555, 0.6, 0.6475, 0.595, 0.6475, 0.7, 0.8325, 0.765, 0.8325, 0.9, 0.925, 0.85, 0.925, 1.0, 1.0], [0.7400000000000001, 0.68, 0.7400000000000001, 0.8, 0.666, 0.6120000000000001, 0.666, 0.7200000000000001, 0.37000000000000005, 0.34, 0.37000000000000005, 0.4, 0.24420000000000003, 0.22440000000000004, 0.24420000000000003, 0.264, 0.296, 0.272, 0.296, 0.32000000000000006, 0.44400000000000006, 0.40800000000000003, 0.44400000000000006, 0.48, 0.6475, 0.595, 0.6475, 0.7, 0.37, 0.34, 0.37, 0.4, 0.30525, 0.2805, 0.30525, 0.33, 0.4625, 0.425, 0.4625, 0.5, 0.6475, 0.595, 0.6475, 0.7, 0.74, 0.68, 0.74, 0.8, 0.518, 0.476, 0.518, 0.5599999999999999, 0.37000000000000005, 0.34, 0.37000000000000005, 0.4, 0.44400000000000006, 0.40800000000000003, 0.44400000000000006, 0.48, 0.518, 0.476, 0.518, 0.5599999999999999, 0.666, 0.6120000000000001, 0.666, 0.7200000000000001, 0.7400000000000001, 0.68, 0.7400000000000001, 0.8, 0.8], [0.87875, 0.8075, 0.87875, 0.95, 0.790875, 0.72675, 0.790875, 0.855, 0.439375, 0.40375, 0.439375, 0.475, 0.2899875, 0.266475, 0.2899875, 0.3135, 0.3515, 0.323, 0.3515, 0.38, 0.52725, 0.4845, 0.52725, 0.57, 0.6475, 0.595, 0.6475, 0.7, 0.37, 0.34, 0.37, 0.4, 0.30525, 0.2805, 0.30525, 0.33, 0.4625, 0.425, 0.4625, 0.5, 0.6475, 0.595, 0.6475, 0.7, 0.74, 0.68, 0.74, 0.8, 0.6151249999999999, 0.5652499999999999, 0.6151249999999999, 0.6649999999999999, 0.439375, 0.40375, 0.439375, 0.475, 0.52725, 0.4845, 0.52725, 0.57, 0.6151249999999999, 0.5652499999999999, 0.6151249999999999, 0.6649999999999999, 0.790875, 0.72675, 0.790875, 0.855, 0.87875, 0.8075, 0.87875, 0.95, 0.95]], "clusters": [[-1, 2, 2, 2, 2, 2, 2, 2, 2, 2, 2, 2, 2, 2, 2, 2, 2, 2, 2, 2, 2, 2, 2, 2, 2, 2, 2, 2, 2, 2, 2, 2, 2, 2, 2, 2, 2, 2, 2, 2, 2, 2], [1, -1, 1, 1, 1, 1, 1, 1, 1, 1, 1, 1, 1, 1, 1, 1, 1, 1, 1, 1, 1, 1, 1, 1, 1, 1, 1, 1, 1, 1, 1, 1, 1, 1, 1, 1, 1, 1, 1, 1, 1, 1], [0, 0, -1, 0, 0, 0, 0, 0, 0, 0, 0, 0, 0, 0, 0, 0, 0, 0, 0, 0, 0, 0, 0, 0, 0, 0, 0, 0, 0, 0, 0, 0, 0, 0, 0, 0, 0, 0, 0, 0, 0, 0], [2, 2, 2, -1, 2, 2, 2, 2, 2, 2, 2, 2, 2, 2, 2, 2, 2, 2, 2, 2, 2, 2, 2, 2, 2, 2, 2, 2, 2, 2, 2, 2, 2, 2, 2, 2, 2, 2, 2, 2, 2, 2], [0, 0, 0, 0, -1, 0, 0, 0, 0, 0, 0, 0, 0, 0, 0, 0, 0, 0, 0, 0, 0, 0, 0, 0, 0, 0, 0, 0, 0, 0, 0, 0, 0, 0, 0, 0, 0, 0, 0, 0, 0, 0], [1, 1, 1, 1, 1, -1, 1, 1, 1, 1, 1, 1, 1, 1, 1, 1, 1, 1, 1, 1, 1, 1, 1, 1, 1, 1, 1, 1, 1, 1, 1, 1, 1, 1, 1, 1, 1, 1, 1, 1, 1, 1], [2, 2, 2, 2, 2, 2, -1, 2, 2, 2, 2, 2, 2, 2, 2, 2, 2, 2, 2, 2, 2, 2, 2, 2, 2, 2, 2, 2, 2, 2, 2, 2, 2, 2, 2, 2, 2, 2, 2, 2, 2, 2], [1, 1, 1, 1, 1, 1, 1, -1, 1, 1, 1, 1, 1, 1, 1, 1, 1, 1, 1, 1, 1, 1, 1, 1, 1, 1, 1, 1, 1, 1, 1, 1, 1, 1, 1, 1, 1, 1, 1, 1, 1, 1], [0, 0, 0, 0, 0, 0, 0, 0, -1, 0, 0, 0, 0, 0, 0, 0, 0, 0, 0, 0, 0, 0, 0, 0, 0, 0, 0, 0, 0, 0, 0, 0, 0, 0, 0, 0, 0, 0, 0, 0, 0, 0], [0, 0, 0, 0, 0, 0, 0, 0, 0, -1, 0, 0, 0, 0, 0, 0, 0, 0, 0, 0, 0, 0, 0, 0, 0, 0, 0, 0, 0, 0, 0, 0, 0, 0, 0, 0, 0, 0, 0, 0, 0, 0], [0, 0, 0, 0, 0, 0, 0, 0, 0, 0, -1, 0, 0, 0, 0, 0, 0, 0, 0, 0, 0, 0, 0, 0, 0, 0, 0, 0, 0, 0, 0, 0, 0, 0, 0, 0, 0, 0, 0, 0, 0, 0], [0, 0, 0, 0, 0, 0, 0, 0, 0, 0, 0, -1, 0, 0, 0, 0, 0, 0, 0, 0, 0, 0, 0, 0, 0, 0, 0, 0, 0, 0, 0, 0, 0, 0, 0, 0, 0, 0, 0, 0, 0, 0], [0, 0, 0, 0, 0, 0, 0, 0, 0, 0, 0, 0, -1, 0, 0, 0, 0, 0, 0, 0, 0, 0, 0, 0, 0, 0, 0, 0, 0, 0, 0, 0, 0, 0, 0, 0, 0, 0, 0, 0, 0, 0], [2, 2, 2, 2, 2, 2, 2, 2, 2, 2, 2, 2, 2, -1, 2, 2, 2, 2, 2, 2, 2, 2, 2, 2, 2, 2, 2, 2, 2, 2, 2, 2, 2, 2, 2, 2, 2, 2, 2, 2, 2, 2], [1, 1, 1, 1, 1, 1, 1, 1, 1, 1, 1, 1, 1, 1, -1, 1, 1, 1, 1, 1, 1, 1, 1, 1, 1, 1, 1, 1, 1, 1, 1, 1, 1, 1, 1, 1, 1, 1, 1, 1, 1, 1], [0, 0, 0, 0, 0, 0, 0, 0, 0, 0, 0, 0, 0, 0, 0, -1, 0, 0, 0, 0, 0, 0, 0, 0, 0, 0, 0, 0, 0, 0, 0, 0, 0, 0, 0, 0, 0, 0, 0, 0, 0, 0], [0, 0, 0, 0, 0, 0, 0, 0, 0, 0, 0, 0, 0, 0, 0, 0, -1, 0, 0, 0, 0, 0, 0, 0, 0, 0, 0, 0, 0, 0, 0, 0, 0, 0, 0, 0, 0, 0, 0, 0, 0, 0], [1, 1, 1, 1, 1, 1, 1, 1, 1, 1, 1, 1, 1, 1, 1, 1, 1, -1, 1, 1, 1, 1, 1, 1, 1, 1, 1, 1, 1, 1, 1, 1, 1, 1, 1, 1, 1, 1, 1, 1, 1, 1], [1, 1, 1, 1, 1, 1, 1, 1, 1, 1, 1, 1, 1, 1, 1, 1, 1, 1, -1, 1, 1, 1, 1, 1, 1, 1, 1, 1, 1, 1, 1, 1, 1, 1, 1, 1, 1, 1, 1, 1, 1, 1], [0, 0, 0, 0, 0, 0, 0, 0, 0, 0, 0, 0, 0, 0, 0, 0, 0, 0, 0, -1, 0, 0, 0, 0, 0, 0, 0, 0, 0, 0, 0, 0, 0, 0, 0, 0, 0, 0, 0, 0, 0, 0], [1, 1, 1, 1, 1, 1, 1, 1, 1, 1, 1, 1, 1, 1, 1, 1, 1, 1, 1, 1, -1, 1, 1, 1, 1, 1, 1, 1, 1, 1, 1, 1, 1, 1, 1, 1, 1, 1, 1, 1, 1, 1], [1, 1, 1, 1, 1, 1, 1, 1, 1, 1, 1, 1, 1, 1, 1, 1, 1, 1, 1, 1, 1, -1, 1, 1, 1, 1, 1, 1, 1, 1, 1, 1, 1, 1, 1, 1, 1, 1, 1, 1, 1, 1], [0, 0, 0, 0, 0, 0, 0, 0, 0, 0, 0, 0, 0, 0, 0, 0, 0, 0, 0, 0, 0, 0, -1, 0, 0, 0, 0, 0, 0, 0, 0, 0, 0, 0, 0, 0, 0, 0, 0, 0, 0, 0], [2, 2, 2, 2, 2, 2, 2, 2, 2, 2, 2, 2, 2, 2, 2, 2, 2, 2, 2, 2, 2, 2, 2, -1, 2, 2, 2, 2, 2, 2, 2, 2, 2, 2, 2, 2, 2, 2, 2, 2, 2, 2], [2, 2, 2, 2, 2, 2, 2, 2, 2, 2, 2, 2, 2, 2, 2, 2, 2, 2, 2, 2, 2, 2, 2, 2, -1, 2, 2, 2, 2, 2, 2, 2, 2, 2, 2, 2, 2, 2, 2, 2, 2, 2], [0, 0, 0, 0, 0, 0, 0, 0, 0, 0, 0, 0, 0, 0, 0, 0, 0, 0, 0, 0, 0, 0, 0, 0, 0, -1, 0, 0, 0, 0, 0, 0, 0, 0, 0, 0, 0, 0, 0, 0, 0, 0], [0, 0, 0, 0, 0, 0, 0, 0, 0, 0, 0, 0, 0, 0, 0, 0, 0, 0, 0, 0, 0, 0, 0, 0, 0, 0, -1, 0, 0, 0, 0, 0, 0, 0, 0, 0, 0, 0, 0, 0, 0, 0], [0, 0, 0, 0, 0, 0, 0, 0, 0, 0, 0, 0, 0, 0, 0, 0, 0, 0, 0, 0, 0, 0, 0, 0, 0, 0, 0, -1, 0, 0, 0, 0, 0, 0, 0, 0, 0, 0, 0, 0, 0, 0], [0, 0, 0, 0, 0, 0, 0, 0, 0, 0, 0, 0, 0, 0, 0, 0, 0, 0, 0, 0, 0, 0, 0, 0, 0, 0, 0, 0, -1, 0, 0, 0, 0, 0, 0, 0, 0, 0, 0, 0, 0, 0], [0, 0, 0, 0, 0, 0, 0, 0, 0, 0, 0, 0, 0, 0, 0, 0, 0, 0, 0, 0, 0, 0, 0, 0, 0, 0, 0, 0, 0, -1, 0, 0, 0, 0, 0, 0, 0, 0, 0, 0, 0, 0], [1, 1, 1, 1, 1, 1, 1, 1, 1, 1, 1, 1, 1, 1, 1, 1, 1, 1, 1, 1, 1, 1, 1, 1, 1, 1, 1, 1, 1, 1, -1, 1, 1, 1, 1, 1, 1, 1, 1, 1, 1, 1], [1, 1, 1, 1, 1, 1, 1, 1, 1, 1, 1, 1, 1, 1, 1, 1, 1, 1, 1, 1, 1, 1, 1, 1, 1, 1, 1, 1, 1, 1, 1, -1, 1, 1, 1, 1, 1, 1, 1, 1, 1, 1], [1, 1, 1, 1, 1, 1, 1, 1, 1, 1, 1, 1, 1, 1, 1, 1, 1, 1, 1, 1, 1, 1, 1, 1, 1, 1, 1, 1, 1, 1, 1, 1, -1, 1, 1, 1, 1, 1, 1, 1, 1, 1], [0, 0, 0, 0, 0, 0, 0, 0, 0, 0, 0, 0, 0, 0, 0, 0, 0, 0, 0, 0, 0, 0, 0, 0, 0, 0, 0, 0, 0, 0, 0, 0, 0, -1, 0, 0, 0, 0, 0, 0, 0, 0], [1, 1, 1, 1, 1, 1, 1, 1, 1, 1, 1, 1, 1, 1, 1, 1, 1, 1, 1, 1, 1, 1, 1, 1, 1, 1, 1, 1, 1, 1, 1, 1, 1, 1, -1, 1, 1, 1, 1, 1, 1, 1], [0, 0, 0, 0, 0, 0, 0, 0, 0, 0, 0, 0, 0, 0, 0, 0, 0, 0, 0, 0, 0, 0, 0, 0, 0, 0, 0, 0, 0, 0, 0, 0, 0, 0, 0, -1, 0, 0, 0, 0, 0, 0], [0, 0, 0, 0, 0, 0, 0, 0, 0, 0, 0, 0, 0, 0, 0, 0, 0, 0, 0, 0, 0, 0, 0, 0, 0, 0, 0, 0, 0, 0, 0, 0, 0, 0, 0, 0, -1, 0, 0, 0, 0, 0], [0, 0, 0, 0, 0, 0, 0, 0, 0, 0, 0, 0, 0, 0, 0, 0, 0, 0, 0, 0, 0, 0, 0, 0, 0, 0, 0, 0, 0, 0, 0, 0, 0, 0, 0, 0, 0, -1, 0, 0, 0, 0], [2, 2, 2, 2, 2, 2, 2, 2, 2, 2, 2, 2, 2, 2, 2, 2, 2, 2, 2, 2, 2, 2, 2, 2, 2, 2, 2, 2, 2, 2, 2, 2, 2, 2, 2, 2, 2, 2, -1, 2, 2, 2], [1, 1, 1, 1, 1, 1, 1, 1, 1, 1, 1, 1, 1, 1, 1, 1, 1, 1, 1, 1, 1, 1, 1, 1, 1, 1, 1, 1, 1, 1, 1, 1, 1, 1, 1, 1, 1, 1, 1, -1, 1, 1], [2, 2, 2, 2, 2, 2, 2, 2, 2, 2, 2, 2, 2, 2, 2, 2, 2, 2, 2, 2, 2, 2, 2, 2, 2, 2, 2, 2, 2, 2, 2, 2, 2, 2, 2, 2, 2, 2, 2, 2, -1, 2], [2, 2, 2, 2, 2, 2, 2, 2, 2, 2, 2, 2, 2, 2, 2, 2, 2, 2, 2, 2, 2, 2, 2, 2, 2, 2, 2, 2, 2, 2, 2, 2, 2, 2, 2, 2, 2, 2, 2, 2, 2, -1]], "speed_zone_count": 73, "speed_zones": [[0.0, 15.0], [15.0, 30.0], [30.0, 45.0], [45.0, 60.0], [60.0, 75.0], [75.0, 90.0], [90.0, 105.0], [105.0, 120.0], [120.0, 135.0], [135.0, 150.0], [150.0, 165.0], [165.0, 180.0], [180.0, 195.0], [195.0, 210.0], [210.0, 225.0], [225.0, 240.0], [240.0, 255.0], [255.0, 270.0], [270.0, 285.0], [285.0, 300.0], [300.0, 315.0], [315.0, 330.0], [330.0, 345.0], [345.0, 360.0], [360.0, 375.0], [375.0, 390.0], [390.0, 405.0], [405.0, 420.0], [420.0, 435.0], [435.0, 450.0], [450.0, 465.0], [465.0, 480.0], [480.0, 495.0], [495.0, 510.0], [510.0, 525.0], [525.0, 540.0], [540.0, 555.0], [555.0, 570.0], [570.0, 585.0], [585.0, 600.0], [600.0, 615.0], [615.0, 630.0], [630.0, 645.0], [645.0, 660.0], [660.0, 675.0], [675.0, 690.0], [690.0, 705.0], [705.0, 720.0], [720.0, 735.0], [735.0, 750.0], [750.0, 765.0], [765.0, 780.0], [780.0, 795.0], [795.0, 810.0], [810.0, 825.0], [825.0, 840.0], [840.0, 855.0], [855.0, 870.0], [870.0, 885.0], [885.0, 900.0], [900.0, 915.0], [915.0, 930.0], [930.0, 945.0], [945.0, 960.0], [960.0, 975.0], [975.0, 990.0], [990.0, 1005.0], [1005.0, 1020.0], [1020.0, 1035.0], [1035.0, 1050.0], [1050.0, 1065.0], [1065.0, 1080.0], [1080.0, 5000.0]], "distances": [[0.0, 73.23, 61.17, 99.64, 73.03, 48.03, 104.67, 91.87, 74.18, 69.36, 68.19, 84.53, 82.68, 40.72, 62.61, 68.32, 73.08, 72.57, 53.63, 61.02, 89.41, 78.87, 71.09, 73.11, 96.54, 66.69, 62.66, 59.96, 60.88, 82.45, 86.23, 91.08, 72.39, 68.49, 68.22, 77.61, 59.66, 60.97, 64.76, 80.38, 48.2, 0.0], [0.0, 0.0, 25.29, 39.48, 17.89, 26.32, 64.84, 30.35, 19.26, 13.79, 25.68, 23.52, 22.92, 33.77, 10.95, 28.13, 21.21, 11.73, 20.63, 19.38, 27.23, 38.88, 35.19, 12.57, 37.88, 23.89, 20.63, 26.38, 25.84, 29.99, 31.11, 28.82, 5.04, 26.04, 6.21, 19.37, 21.23, 19.81, 11.89, 35.09, 25.09, 73.23], [0.0, 25.29, 0.0, 38.47, 13.24, 17.22, 50.65, 30.84, 13.88, 12.63, 7.19, 23.9, 21.99, 22.07, 23.01, 8.14, 12.24, 26.31, 15.2, 6.6, 28.61, 21.58, 14.38, 35.52, 35.41, 5.52, 4.67, 10.46, 9.88, 21.42, 25.12, 30.19, 20.88, 7.56, 19.46, 17.39, 5.42, 6.13, 28.63, 20.9, 23.48, 61.17], [0.0, 39.48, 38.47, 0.0, 27.94, 53.74, 32.37, 9.23, 26.45, 33.04, 31.47, 16.89, 18.31, 59.99, 47.78, 31.57, 26.96, 41.32, 49.28, 39.72, 12.37, 25.47, 31.09, 51.08, 16.85, 32.97, 37.56, 39.68, 38.76, 17.33, 13.45, 10.69, 35.95, 31.19, 39.59, 23.54, 40.68, 39.63, 50.95, 21.48, 57.53, 99.64], [0.0, 17.89, 13.24, 27.94, 0.0, 25.94, 47.9, 19.24, 12.85, 5.59, 9.32, 11.59, 9.83, 32.58, 21.84, 11.51, 10.04, 19.56, 21.34, 12.07, 16.52, 21.0, 17.82, 30.27, 25.31, 8.68, 10.43, 14.66, 13.74, 13.47, 15.93, 18.25, 12.87, 9.51, 14.44, 4.6, 13.37, 12.08, 26.4, 17.41, 29.64, 73.03], [0.0, 26.32, 17.22, 53.74, 25.94, 0.0, 67.79, 45.18, 27.34, 21.59, 24.06, 37.5, 35.77, 7.52, 17.23, 25.35, 26.84, 26.13, 5.75, 14.03, 42.43, 38.75, 31.28, 30.7, 50.94, 21.88, 16.37, 16.68, 17.26, 37.6, 40.95, 44.17, 24.61, 24.5, 20.66, 30.51, 13.28, 14.14, 21.74, 38.04, 7.53, 48.03], [0.0, 64.84, 50.65, 32.37, 47.9, 67.79, 0.0, 37.96, 46.29, 53.34, 44.44, 42.18, 42.26, 71.41, 69.6, 42.68, 45.01, 66.67, 65.58, 55.58, 40.31, 29.08, 36.56, 77.39, 31.38, 46.83, 52.79, 51.11, 50.57, 34.87, 34.01, 39.45, 60.13, 43.96, 62.33, 45.5, 55.41, 55.24, 74.3, 30.86, 74.06, 104.67], [0.0, 30.35, 30.84, 9.23, 19.24, 45.18, 37.96, 0.0, 17.87, 24.07, 24.23, 7.8, 9.43, 51.72, 38.56, 24.87, 18.79, 32.21, 40.49, 31.25, 12.74, 22.67, 26.23, 42.18, 7.62, 25.35, 29.3, 32.15, 31.2, 11.52, 8.04, 14.48, 26.73, 24.04, 30.36, 14.7, 32.38, 31.22, 41.74, 17.81, 48.59, 91.87], [0.0, 19.26, 13.88, 26.45, 12.85, 27.34, 46.29, 17.87, 0.0, 7.26, 9.11, 10.35, 8.51, 33.86, 23.5, 11.1, 15.6, 20.96, 22.86, 13.38, 15.25, 19.65, 16.95, 31.7, 23.77, 8.92, 11.53, 15.29, 14.35, 11.8, 14.28, 16.95, 14.26, 9.23, 16.04, 13.79, 14.55, 13.34, 28.02, 15.9, 31.21, 74.18], [0.0, 13.79, 12.63, 33.04, 5.59, 21.59, 53.34, 24.07, 7.26, 0.0, 11.89, 16.27, 14.73, 28.66, 16.29, 14.35, 8.34, 15.22, 16.53, 8.73, 21.15, 25.81, 21.46, 25.63, 30.56, 10.17, 8.38, 13.95, 13.19, 19.05, 21.46, 22.91, 8.87, 12.26, 9.28, 9.53, 10.48, 8.94, 21.03, 22.64, 24.52, 69.36], [0.0, 25.68, 7.19, 31.47, 9.32, 24.06, 44.44, 24.23, 9.11, 11.89, 0.0, 17.87, 15.96, 29.24, 26.41, 15.33, 6.82, 27.08, 21.19, 11.14, 22.28, 15.52, 9.74, 37.32, 28.35, 12.7, 8.36, 8.27, 7.39, 14.28, 18.05, 23.75, 20.73, 13.71, 20.8, 12.23, 11.06, 10.8, 31.75, 14.02, 29.75, 68.19], [0.0, 23.52, 23.9, 16.89, 11.59, 37.5, 42.18, 7.8, 10.35, 16.27, 17.87, 0.0, 11.68, 44.16, 31.0, 19.02, 11.66, 25.4, 32.72, 23.66, 4.94, 21.04, 22.21, 35.8, 14.71, 18.54, 21.87, 25.27, 24.31, 9.12, 8.25, 6.68, 19.46, 17.77, 22.84, 6.99, 24.89, 23.65, 34.49, 16.07, 40.79, 84.53], [0.0, 22.92, 21.99, 18.31, 9.83, 35.77, 42.26, 9.43, 8.51, 14.73, 15.96, 11.68, 0.0, 42.37, 29.87, 17.15, 9.74, 24.79, 31.08, 21.87, 6.74, 19.91, 20.59, 35.34, 15.93, 16.62, 20.03, 23.35, 22.39, 8.27, 8.27, 8.44, 18.62, 15.87, 21.77, 5.27, 23.06, 21.85, 33.57, 15.03, 39.24, 82.68], [0.0, 33.77, 22.07, 59.99, 32.58, 7.52, 71.41, 51.72, 33.86, 28.66, 29.24, 44.16, 42.37, 0.0, 24.25, 30.06, 33.05, 33.51, 13.26, 20.51, 49.09, 42.8, 34.98, 37.27, 57.06, 27.31, 22.45, 21.15, 21.93, 43.33, 46.88, 50.8, 32.12, 29.63, 28.17, 37.18, 19.35, 20.52, 28.23, 42.83, 11.46, 40.72], [0.0, 10.95, 23.01, 47.78, 21.84, 17.23, 69.6, 38.56, 23.5, 16.29, 26.41, 31.0, 29.87, 24.25, 0.0, 28.72, 24.59, 10.02, 12.19, 16.42, 35.43, 41.57, 36.04, 13.8, 45.71, 24.11, 18.83, 23.61, 23.45, 35.28, 37.39, 37.16, 12.17, 26.87, 8.2, 25.14, 17.74, 16.89, 5.64, 38.8, 14.43, 62.61], [0.0, 28.13, 8.14, 31.57, 11.51, 25.35, 42.68, 24.87, 11.1, 14.35, 15.33, 19.02, 17.15, 30.06, 28.72, 0.0, 8.71, 29.55, 22.9, 13.09, 23.17, 13.63, 7.34, 39.77, 28.38, 4.61, 10.32, 8.92, 8.18, 14.25, 18.13, 24.53, 23.18, 15.6, 23.25, 13.96, 12.74, 12.7, 34.1, 12.79, 31.38, 68.32], [0.0, 21.21, 12.24, 26.96, 10.04, 26.84, 45.01, 18.79, 15.6, 8.34, 6.82, 11.66, 9.74, 33.05, 24.59, 8.71, 0.0, 22.85, 22.72, 12.82, 16.41, 17.71, 14.58, 33.53, 24.11, 6.96, 10.6, 13.62, 12.66, 11.17, 14.18, 18.03, 16.18, 6.89, 17.52, 5.44, 13.72, 12.7, 29.36, 14.31, 31.23, 73.08], [0.0, 11.73, 26.31, 41.32, 19.56, 26.13, 66.67, 32.21, 20.96, 15.22, 27.08, 25.4, 24.79, 33.51, 10.02, 29.55, 22.85, 0.0, 20.53, 20.21, 29.09, 40.55, 36.67, 10.78, 39.74, 25.22, 21.65, 27.35, 26.85, 31.81, 32.97, 30.68, 6.69, 27.46, 6.9, 21.19, 22.01, 20.65, 10.27, 36.83, 24.38, 72.57], [0.0, 20.63, 15.2, 49.28, 21.34, 5.75, 65.58, 40.49, 22.86, 16.53, 21.19, 32.72, 31.08, 13.26, 12.19, 22.9, 22.72, 20.53, 0.0, 10.2, 37.63, 36.53, 29.57, 25.95, 46.62, 18.83, 12.91, 15.13, 15.41, 33.8, 36.89, 39.39, 18.88, 21.66, 14.91, 25.81, 10.17, 10.47, 17.25, 35.13, 8.61, 53.63], [0.0, 19.38, 6.6, 39.72, 12.07, 14.03, 55.58, 31.25, 13.38, 8.73, 11.14, 23.66, 21.87, 20.51, 16.42, 13.09, 12.82, 20.21, 10.2, 0.0, 28.59, 26.64, 20.16, 29.02, 36.91, 8.75, 11.27, 7.34, 7.06, 23.72, 26.96, 30.31, 15.44, 11.62, 13.31, 16.67, 12.02, 12.73, 22.03, 24.98, 18.81, 61.02], [0.0, 27.23, 28.61, 12.37, 16.52, 42.43, 40.31, 12.74, 15.25, 21.15, 22.28, 4.94, 6.74, 49.09, 35.43, 23.17, 16.41, 29.09, 37.63, 28.59, 0.0, 22.73, 25.35, 39.12, 10.67, 23.18, 26.76, 29.95, 29.0, 10.91, 8.2, 11.62, 23.58, 22.13, 27.23, 11.93, 29.8, 28.58, 38.6, 17.73, 45.65, 89.41], [0.0, 38.88, 21.58, 25.47, 21.0, 38.75, 29.08, 22.67, 19.65, 25.81, 15.52, 21.04, 19.91, 42.8, 41.57, 13.63, 17.71, 40.55, 36.53, 26.64, 22.73, 0.0, 7.92, 51.24, 22.23, 17.92, 23.85, 22.08, 21.51, 12.02, 14.68, 23.24, 33.87, 15.04, 35.09, 20.39, 26.37, 26.28, 46.68, 5.02, 44.99, 78.87], [0.0, 35.19, 14.38, 31.09, 17.82, 31.28, 36.56, 26.23, 16.95, 21.46, 9.74, 22.21, 20.59, 34.98, 36.04, 7.34, 14.58, 36.67, 29.57, 20.16, 25.35, 7.92, 0.0, 47.02, 27.78, 11.94, 17.46, 14.65, 14.21, 14.71, 18.42, 26.34, 30.18, 9.31, 30.51, 18.99, 19.55, 19.75, 41.44, 9.76, 37.83, 71.09], [0.0, 12.57, 35.52, 51.08, 30.27, 30.7, 77.39, 42.18, 31.7, 25.63, 37.32, 35.8, 35.34, 37.27, 13.8, 39.77, 33.53, 10.78, 25.95, 29.02, 39.12, 51.24, 47.02, 0.0, 49.78, 35.29, 30.97, 36.36, 36.02, 42.55, 43.58, 40.6, 17.45, 37.73, 16.52, 31.94, 30.62, 29.49, 9.04, 47.59, 26.32, 73.11], [0.0, 37.88, 35.41, 16.85, 25.31, 50.94, 31.38, 7.62, 23.77, 30.56, 28.35, 14.71, 15.93, 57.06, 45.71, 28.38, 24.11, 39.74, 46.62, 36.91, 10.67, 22.23, 27.78, 49.78, 0.0, 29.93, 34.67, 36.59, 35.68, 14.14, 10.31, 9.2, 34.09, 28.06, 37.55, 21.04, 37.8, 36.81, 49.13, 18.18, 54.96, 96.54], [0.0, 23.89, 5.52, 32.97, 8.68, 21.88, 46.83, 25.35, 8.92, 10.17, 12.7, 18.54, 16.62, 27.31, 24.11, 4.61, 6.96, 25.22, 18.83, 8.75, 23.18, 17.92, 11.94, 35.29, 29.93, 0.0, 5.97, 6.8, 5.85, 16.02, 19.65, 24.73, 19.03, 13.08, 18.78, 12.32, 8.75, 8.41, 29.49, 16.32, 27.41, 66.69], [0.0, 20.63, 4.67, 37.56, 10.43, 16.37, 52.79, 29.3, 11.53, 8.38, 8.36, 21.87, 20.03, 22.45, 18.83, 10.32, 10.6, 21.65, 12.91, 11.27, 26.76, 23.85, 17.46, 30.97, 34.67, 5.97, 0.0, 5.79, 5.21, 21.23, 24.59, 28.45, 16.27, 8.83, 14.81, 14.97, 10.08, 10.8, 24.38, 22.23, 21.51, 62.66], [0.0, 26.38, 10.46, 39.68, 14.66, 16.68, 51.11, 32.15, 15.29, 13.95, 8.27, 25.27, 23.35, 21.15, 23.61, 8.92, 13.62, 27.35, 15.13, 7.34, 29.95, 22.08, 14.65, 36.36, 36.59, 6.8, 5.79, 0.0, 11.0, 22.55, 26.29, 31.52, 22.06, 8.61, 20.47, 18.8, 5.88, 6.87, 29.24, 21.7, 23.21, 59.96], [0.0, 25.84, 9.88, 38.76, 13.74, 17.26, 50.57, 31.2, 14.35, 13.19, 7.39, 24.31, 22.39, 21.93, 23.45, 8.18, 12.66, 26.85, 15.41, 7.06, 29.0, 21.51, 14.21, 36.02, 35.68, 5.85, 5.21, 11.0, 0.0, 21.66, 25.38, 30.57, 21.43, 7.74, 19.99, 17.85, 5.78, 6.58, 29.07, 20.96, 23.62, 60.88], [0.0, 29.99, 21.42, 17.33, 13.47, 37.6, 34.87, 11.52, 11.8, 19.05, 14.28, 9.12, 8.27, 43.33, 35.28, 14.25, 11.17, 31.81, 33.8, 23.72, 10.91, 12.02, 14.71, 42.55, 14.14, 16.02, 21.23, 22.55, 21.66, 0.0, 16.54, 11.71, 25.26, 13.97, 27.64, 10.63, 24.33, 23.53, 39.66, 7.01, 42.35, 82.45], [0.0, 31.11, 25.12, 13.45, 15.93, 40.95, 34.01, 8.04, 14.28, 21.46, 18.05, 8.25, 8.27, 46.88, 37.39, 18.13, 14.18, 32.97, 36.89, 26.96, 8.2, 14.68, 18.42, 43.58, 10.31, 19.65, 24.59, 26.29, 25.38, 16.54, 0.0, 8.56, 26.66, 17.75, 29.49, 12.26, 27.71, 26.81, 41.45, 9.77, 45.37, 86.23], [0.0, 28.82, 30.19, 10.69, 18.25, 44.17, 39.45, 14.48, 16.95, 22.91, 23.75, 6.68, 8.44, 50.8, 37.16, 24.53, 18.03, 30.68, 39.39, 30.31, 11.62, 23.24, 26.34, 40.6, 9.2, 24.73, 28.45, 31.52, 30.57, 11.71, 8.56, 0.0, 25.27, 23.58, 28.95, 13.66, 31.5, 30.29, 40.26, 18.3, 47.41, 91.08], [0.0, 5.04, 20.88, 35.95, 12.87, 24.61, 60.13, 26.73, 14.26, 8.87, 20.73, 19.46, 18.62, 32.12, 12.17, 23.18, 16.18, 6.69, 18.88, 15.44, 23.58, 33.87, 30.18, 17.45, 34.09, 19.03, 16.27, 22.06, 21.43, 25.26, 26.66, 25.27, 0.0, 21.08, 4.32, 14.64, 17.34, 15.82, 15.04, 30.14, 24.86, 72.39], [0.0, 26.04, 7.56, 31.19, 9.51, 24.5, 43.96, 24.04, 9.23, 12.26, 13.71, 17.77, 15.87, 29.63, 26.87, 15.6, 6.89, 27.46, 21.66, 11.62, 22.13, 15.04, 9.31, 37.73, 28.06, 13.08, 8.83, 8.61, 7.74, 13.97, 17.75, 23.58, 21.08, 0.0, 21.21, 12.27, 11.52, 11.27, 32.2, 13.57, 30.21, 68.49], [0.0, 6.21, 19.46, 39.59, 14.44, 20.66, 62.33, 30.36, 16.04, 9.28, 20.8, 22.84, 21.77, 28.17, 8.2, 23.25, 17.52, 6.9, 14.91, 13.31, 27.23, 35.09, 30.51, 16.52, 37.55, 18.78, 14.81, 20.47, 19.99, 27.64, 29.49, 28.95, 4.32, 21.21, 0.0, 17.23, 15.12, 13.75, 12.02, 31.81, 20.55, 68.22], [0.0, 19.37, 17.39, 23.54, 4.6, 30.51, 45.5, 14.7, 13.79, 9.53, 12.23, 6.99, 5.27, 37.18, 25.14, 13.96, 5.44, 21.19, 25.81, 16.67, 11.93, 20.39, 18.99, 31.94, 21.04, 12.32, 14.97, 18.8, 17.85, 10.63, 12.26, 13.66, 14.64, 12.27, 17.23, 0.0, 17.95, 16.68, 29.22, 16.06, 33.99, 77.61], [0.0, 21.23, 5.42, 40.68, 13.37, 13.28, 55.41, 32.38, 14.55, 10.48, 11.06, 24.89, 23.06, 19.35, 17.74, 12.74, 13.72, 22.01, 10.17, 12.02, 29.8, 26.37, 19.55, 30.62, 37.8, 8.75, 10.08, 5.88, 5.78, 24.33, 27.71, 31.5, 17.34, 11.52, 15.12, 17.95, 0.0, 11.54, 23.37, 25.06, 18.69, 59.66], [0.0, 19.81, 6.13, 39.63, 12.08, 14.14, 55.24, 31.22, 13.34, 8.94, 10.8, 23.65, 21.85, 20.52, 16.89, 12.7, 12.7, 20.65, 10.47, 12.73, 28.58, 26.28, 19.75, 29.49, 36.81, 8.41, 10.8, 6.87, 6.58, 23.53, 26.81, 30.29, 15.82, 11.27, 13.75, 16.68, 11.54, 0.0, 22.5, 24.68, 19.07, 60.97], [0.0, 11.89, 28.63, 50.95, 26.4, 21.74, 74.3, 41.74, 28.02, 21.03, 31.75, 34.49, 33.57, 28.23, 5.64, 34.1, 29.36, 10.27, 17.25, 22.03, 38.6, 46.68, 41.44, 9.04, 49.13, 29.49, 24.38, 29.24, 29.07, 39.66, 41.45, 40.26, 15.04, 32.2, 12.02, 29.22, 23.37, 22.5, 0.0, 43.67, 17.36, 64.76], [0.0, 35.09, 20.9, 21.48, 17.41, 38.04, 30.86, 17.81, 15.9, 22.64, 14.02, 16.07, 15.03, 42.83, 38.8, 12.79, 14.31, 36.83, 35.13, 24.98, 17.73, 5.02, 9.76, 47.59, 18.18, 16.32, 22.23, 21.7, 20.96, 7.01, 9.77, 18.3, 30.14, 13.57, 31.81, 16.06, 25.06, 24.68, 43.67, 0.0, 43.72, 80.38], [0.0, 25.09, 23.48, 57.53, 29.64, 7.53, 74.06, 48.59, 31.21, 24.52, 29.75, 40.79, 39.24, 11.46, 14.43, 31.38, 31.23, 24.38, 8.61, 18.81, 45.65, 44.99, 37.83, 26.32, 54.96, 27.41, 21.51, 23.21, 23.62, 42.35, 45.37, 47.41, 24.86, 30.21, 20.55, 33.99, 18.69, 19.07, 17.36, 43.72, 0.0, 48.2], [0.0, 0.0, 0.0, 0.0, 0.0, 0.0, 0.0, 0.0, 0.0, 0.0, 0.0, 0.0, 0.0, 0.0, 0.0, 0.0, 0.0, 0.0, 0.0, 0.0, 0.0, 0.0, 0.0, 0.0, 0.0, 0.0, 0.0, 0.0, 0.0, 0.0, 0.0, 0.0, 0.0, 0.0, 0.0, 0.0, 0.0, 0.0, 0.0, 0.0, 0.0, 0.0]], "time_windows": [[0.0, 5000.0], [0.0, 122.0], [0.0, 153.0], [0.0, 233.0], [0.0, 318.0], [0.0, 373.0], [0.0, 496.0], [0.0, 603.0], [0.0, 641.0], [0.0, 652.0], [0.0, 672.0], [0.0, 698.0], [0.0, 714.0], [0.0, 773.0], [0.0, 811.0], [0.0, 870.0], [0.0, 886.0], [0.0, 929.0], [0.0, 962.0], [0.0, 978.0], [0.0, 1017.0], [0.0, 1045.0], [0.0, 1054.0], [0.0, 1106.0], [0.0, 1156.0], [0.0, 1186.0], [0.0, 1192.0], [0.0, 1197.0], [0.0, 1208.0], [0.0, 1230.0], [0.0, 1247.0], [0.0, 1255.0], [0.0, 1280.0], [0.0, 1302.0], [0.0, 1323.0], [0.0, 1340.0], [0.0, 1358.0], [0.0, 1370.0], [0.0, 1392.0], [0.0, 1436.0], [0.0, 1479.0], [0.0, 5000.0]], "start_depot": 0, "end_depot": 41, "horizon": [0.0, 5000.0]}