{"digraph": {"vertex_count": 42, "arc_count": 1640, "arcs": [[0, 1, 1, 1, 1, 1, 1, 1, 1, 1, 1, 1, 1, 1, 1, 1, 1, 1, 1, 1, 1, 1, 1, 1, 1, 1, 1, 1, 1, 1, 1, 1, 1, 1, 1, 1, 1, 1, 1, 1, 1, 1], [0, 0, 1, 1, 1, 1, 1, 1, 1, 1, 1, 1, 1, 1, 1, 1, 1, 1, 1, 1, 1, 1, 1, 1, 1, 1, 1, 1, 1, 1, 1, 1, 1, 1, 1, 1, 1, 1, 1, 1, 1, 1], [0, 1, 0, 1, 1, 1, 1, 1, 1, 1, 1, 1, 1, 1, 1, 1, 1, 1, 1, 1, 1, 1, 1, 1, 1, 1, 1, 1, 1, 1, 1, 1, 1, 1, 1, 1, 1, 1, 1, 1, 1, 1], [0, 1, 1, 0, 1, 1, 1, 1, 1, 1, 1, 1, 1, 1, 1, 1, 1, 1, 1, 1, 1, 1, 1, 1, 1, 1, 1, 1, 1, 1, 1, 1, 1, 1, 1, 1, 1, 1, 1, 1, 1, 1], [0, 1, 1, 1, 0, 1, 1, 1, 1, 1, 1, 1, 1, 1, 1, 1, 1, 1, 1, 1, 1, 1, 1, 1, 1, 1, 1, 1, 1, 1, 1, 1, 1, 1, 1, 1, 1, 1, 1, 1, 1, 1], [0, 1, 1, 1, 1, 0, 1, 1, 1, 1, 1, 1, 1, 1, 1, 1, 1, 1, 1, 1, 1, 1, 1, 1, 1, 1, 1, 1, 1, 1, 1, 1, 1, 1, 1, 1, 1, 1, 1, 1, 1, 1], [0, 1, 1, 1, 1, 1, 0, 1, 1, 1, 1, 1, 1, 1, 1, 1, 1, 1, 1, 1, 1, 1, 1, 1, 1, 1, 1, 1, 1, 1, 1, 1, 1, 1, 1, 1, 1, 1, 1, 1, 1, 1], [0, 1, 1, 1, 1, 1, 1, 0, 1, 1, 1, 1, 1, 1, 1, 1, 1, 1, 1, 1, 1, 1, 1, 1, 1, 1, 1, 1, 1, 1, 1, 1, 1, 1, 1, 1, 1, 1, 1, 1, 1, 1], [0, 1, 1, 1, 1, 1, 1, 1, 0, 1, 1, 1, 1, 1, 1, 1, 1, 1, 1, 1, 1, 1, 1, 1, 1, 1, 1, 1, 1, 1, 1, 1, 1, 1, 1, 1, 1, 1, 1, 1, 1, 1], [0, 1, 1, 1, 1, 1, 1, 1, 1, 0, 1, 1, 1, 1, 1, 1, 1, 1, 1, 1, 1, 1, 1, 1, 1, 1, 1, 1, 1, 1, 1, 1, 1, 1, 1, 1, 1, 1, 1, 1, 1, 1], [0, 1, 1, 1, 1, 1, 1, 1, 1, 1, 0, 1, 1, 1, 1, 1, 1, 1, 1, 1, 1, 1, 1, 1, 1, 1, 1, 1, 1, 1, 1, 1, 1, 1, 1, 1, 1, 1, 1, 1, 1, 1], [0, 1, 1, 1, 1, 1, 1, 1, 1, 1, 1, 0, 1, 1, 1, 1, 1, 1, 1, 1, 1, 1, 1, 1, 1, 1, 1, 1, 1, 1, 1, 1, 1, 1, 1, 1, 1, 1, 1, 1, 1, 1], [0, 1, 1, 1, 1, 1, 1, 1, 1, 1, 1, 1, 0, 1, 1, 1, 1, 1, 1, 1, 1, 1, 1, 1, 1, 1, 1, 1, 1, 1, 1, 1, 1, 1, 1, 1, 1, 1, 1, 1, 1, 1], [0, 1, 1, 1, 1, 1, 1, 1, 1, 1, 1, 1, 1, 0, 1, 1, 1, 1, 1, 1, 1, 1, 1, 1, 1, 1, 1, 1, 1, 1, 1, 1, 1, 1, 1, 1, 1, 1, 1, 1, 1, 1], [0, 1, 1, 1, 1, 1, 1, 1, 1, 1, 1, 1, 1, 1, 0, 1, 1, 1, 1, 1, 1, 1, 1, 1, 1, 1, 1, 1, 1, 1, 1, 1, 1, 1, 1, 1, 1, 1, 1, 1, 1, 1], [0, 1, 1, 1, 1, 1, 1, 1, 1, 1, 1, 1, 1, 1, 1, 0, 1, 1, 1, 1, 1, 1, 1, 1, 1, 1, 1, 1, 1, 1, 1, 1, 1, 1, 1, 1, 1, 1, 1, 1, 1, 1], [0, 1, 1, 1, 1, 1, 1, 1, 1, 1, 1, 1, 1, 1, 1, 1, 0, 1, 1, 1, 1, 1, 1, 1, 1, 1, 1, 1, 1, 1, 1, 1, 1, 1, 1, 1, 1, 1, 1, 1, 1, 1], [0, 1, 1, 1, 1, 1, 1, 1, 1, 1, 1, 1, 1, 1, 1, 1, 1, 0, 1, 1, 1, 1, 1, 1, 1, 1, 1, 1, 1, 1, 1, 1, 1, 1, 1, 1, 1, 1, 1, 1, 1, 1], [0, 1, 1, 1, 1, 1, 1, 1, 1, 1, 1, 1, 1, 1, 1, 1, 1, 1, 0, 1, 1, 1, 1, 1, 1, 1, 1, 1, 1, 1, 1, 1, 1, 1, 1, 1, 1, 1, 1, 1, 1, 1], [0, 1, 1, 1, 1, 1, 1, 1, 1, 1, 1, 1, 1, 1, 1, 1, 1, 1, 1, 0, 1, 1, 1, 1, 1, 1, 1, 1, 1, 1, 1, 1, 1, 1, 1, 1, 1, 1, 1, 1, 1, 1], [0, 1, 1, 1, 1, 1, 1, 1, 1, 1, 1, 1, 1, 1, 1, 1, 1, 1, 1, 1, 0, 1, 1, 1, 1, 1, 1, 1, 1, 1, 1, 1, 1, 1, 1, 1, 1, 1, 1, 1, 1, 1], [0, 1, 1, 1, 1, 1, 1, 1, 1, 1, 1, 1, 1, 1, 1, 1, 1, 1, 1, 1, 1, 0, 1, 1, 1, 1, 1, 1, 1, 1, 1, 1, 1, 1, 1, 1, 1, 1, 1, 1, 1, 1], [0, 1, 1, 1, 1, 1, 1, 1, 1, 1, 1, 1, 1, 1, 1, 1, 1, 1, 1, 1, 1, 1, 0, 1, 1, 1, 1, 1, 1, 1, 1, 1, 1, 1, 1, 1, 1, 1, 1, 1, 1, 1], [0, 1, 1, 1, 1, 1, 1, 1, 1, 1, 1, 1, 1, 1, 1, 1, 1, 1, 1, 1, 1, 1, 1, 0, 1, 1, 1, 1, 1, 1, 1, 1, 1, 1, 1, 1, 1, 1, 1, 1, 1, 1], [0, 1, 1, 1, 1, 1, 1, 1, 1, 1, 1, 1, 1, 1, 1, 1, 1, 1, 1, 1, 1, 1, 1, 1, 0, 1, 1, 1, 1, 1, 1, 1, 1, 1, 1, 1, 1, 1, 1, 1, 1, 1], [0, 1, 1, 1, 1, 1, 1, 1, 1, 1, 1, 1, 1, 1, 1, 1, 1, 1, 1, 1, 1, 1, 1, 1, 1, 0, 1, 1, 1, 1, 1, 1, 1, 1, 1, 1, 1, 1, 1, 1, 1, 1], [0, 1, 1, 1, 1, 1, 1, 1, 1, 1, 1, 1, 1, 1, 1, 1, 1, 1, 1, 1, 1, 1, 1, 1, 1, 1, 0, 1, 1, 1, 1, 1, 1, 1, 1, 1, 1, 1, 1, 1, 1, 1], [0, 1, 1, 1, 1, 1, 1, 1, 1, 1, 1, 1, 1, 1, 1, 1, 1, 1, 1, 1, 1, 1, 1, 1, 1, 1, 1, 0, 1, 1, 1, 1, 1, 1, 1, 1, 1, 1, 1, 1, 1, 1], [0, 1, 1, 1, 1, 1, 1, 1, 1, 1, 1, 1, 1, 1, 1, 1, 1, 1, 1, 1, 1, 1, 1, 1, 1, 1, 1, 1, 0, 1, 1, 1, 1, 1, 1, 1, 1, 1, 1, 1, 1, 1], [0, 1, 1, 1, 1, 1, 1, 1, 1, 1, 1, 1, 1, 1, 1, 1, 1, 1, 1, 1, 1, 1, 1, 1, 1, 1, 1, 1, 1, 0, 1, 1, 1, 1, 1, 1, 1, 1, 1, 1, 1, 1], [0, 1, 1, 1, 1, 1, 1, 1, 1, 1, 1, 1, 1, 1, 1, 1, 1, 1, 1, 1, 1, 1, 1, 1, 1, 1, 1, 1, 1, 1, 0, 1, 1, 1, 1, 1, 1, 1, 1, 1, 1, 1], [0, 1, 1, 1, 1, 1, 1, 1, 1, 1, 1, 1, 1, 1, 1, 1, 1, 1, 1, 1, 1, 1, 1, 1, 1, 1, 1, 1, 1, 1, 1, 0, 1, 1, 1, 1, 1, 1, 1, 1, 1, 1], [0, 1, 1, 1, 1, 1, 1, 1, 1, 1, 1, 1, 1, 1, 1, 1, 1, 1, 1, 1, 1, 1, 1, 1, 1, 1, 1, 1, 1, 1, 1, 1, 0, 1, 1, 1, 1, 1, 1, 1, 1, 1], [0, 1, 1, 1, 1, 1, 1, 1, 1, 1, 1, 1, 1, 1, 1, 1, 1, 1, 1, 1, 1, 1, 1, 1, 1, 1, 1, 1, 1, 1, 1, 1, 1, 0, 1, 1, 1, 1, 1, 1, 1, 1], [0, 1, 1, 1, 1, 1, 1, 1, 1, 1, 1, 1, 1, 1, 1, 1, 1, 1, 1, 1, 1, 1, 1, 1, 1, 1, 1, 1, 1, 1, 1, 1, 1, 1, 0, 1, 1, 1, 1, 1, 1, 1], [0, 1, 1, 1, 1, 1, 1, 1, 1, 1, 1, 1, 1, 1, 1, 1, 1, 1, 1, 1, 1, 1, 1, 1, 1, 1, 1, 1, 1, 1, 1, 1, 1, 1, 1, 0, 1, 1, 1, 1, 1, 1], [0, 1, 1, 1, 1, 1, 1, 1, 1, 1, 1, 1, 1, 1, 1, 1, 1, 1, 1, 1, 1, 1, 1, 1, 1, 1, 1, 1, 1, 1, 1, 1, 1, 1, 1, 1, 0, 1, 1, 1, 1, 1], [0, 1, 1, 1, 1, 1, 1, 1, 1, 1, 1, 1, 1, 1, 1, 1, 1, 1, 1, 1, 1, 1, 1, 1, 1, 1, 1, 1, 1, 1, 1, 1, 1, 1, 1, 1, 1, 0, 1, 1, 1, 1], [0, 1, 1, 1, 1, 1, 1, 1, 1, 1, 1, 1, 1, 1, 1, 1, 1, 1, 1, 1, 1, 1, 1, 1, 1, 1, 1, 1, 1, 1, 1, 1, 1, 1, 1, 1, 1, 1, 0, 1, 1, 1], [0, 1, 1, 1, 1, 1, 1, 1, 1, 1, 1, 1, 1, 1, 1, 1, 1, 1, 1, 1, 1, 1, 1, 1, 1, 1, 1, 1, 1, 1, 1, 1, 1, 1, 1, 1, 1, 1, 1, 0, 1, 1], [0, 1, 1, 1, 1, 1, 1, 1, 1, 1, 1, 1, 1, 1, 1, 1, 1, 1, 1, 1, 1, 1, 1, 1, 1, 1, 1, 1, 1, 1, 1, 1, 1, 1, 1, 1, 1, 1, 1, 1, 0, 1], [0, 0, 0, 0, 0, 0, 0, 0, 0, 0, 0, 0, 0, 0, 0, 0, 0, 0, 0, 0, 0, 0, 0, 0, 0, 0, 0, 0, 0, 0, 0, 0, 0, 0, 0, 0, 0, 0, 0, 0, 0, 0]]}, "cluster_count": 3, "cluster_speeds": [[0.925, 0.85, 0.925, 1.0, 0.8325, 0.765, 0.8325, 0.9, 0.4625, 0.425, 0.4625, 0.5, 0.30525, 0.2805, 0.30525, 0.33, 0.37, 0.34, 0.37, 0.4, 0.555, 0.51, 0.555, 0.6, 0.6475, 0.595, 0.6475, 0.7, 0.37, 0.34, 0.37, 0.4, 0.30525, 0.2805, 0.30525, 0.33, 0.4625, 0.425, 0.4625, 0.5, 0.6475, 0.595, 0.6475, 0.7, 0.74, 0.68, 0.74, 0.8, 0.6475, 0.595, 0.6475, 0.7, 0.4625, 0.425, 0.4625, 0.5, 0.555, 0.51, 0.555, 0.6, 0.6475, 0.595, 0.6475, 0.7, 0.8325, 0.765, 0.8325, 0.9, 0.925, 0.85, 0.925, 1.0, 1.0], [0.7400000000000001, 0.68, 0.7400000000000001, 0.8, 0.666, 0.6120000000000001, 0.666, 0.7200000000000001, 0.37000000000000005, 0.34, 0.37000000000000005, 0.4, 0.24420000000000003, 0.22440000000000004, 0.24420000000000003, 0.264, 0.296, 0.272, 0.296, 0.32000000000000006, 0.44400000000000006, 0.40800000000000003, 0.44400000000000006, 0.48, 0.6475, 0.595, 0.6475, 0.7, 0.37, 0.34, 0.37, 0.4, 0.30525, 0.2805, 0.30525, 0.33, 0.4625, 0.425, 0.4625, 0.5, 0.6475, 0.595, 0.6475, 0.7, 0.74, 0.68, 0.74, 0.8, 0.518, 0.476, 0.518, 0.5599999999999999, 0.37000000000000005, 0.34, 0.37000000000000005, 0.4, 0.44400000000000006, 0.40800000000000003, 0.44400000000000006, 0.48, 0.518, 0.476, 0.518, 0.5599999999999999, 0.666, 0.6120000000000001, 0.666, 0.7200000000000001, 0.7400000000000001, 0.68, 0.7400000000000001, 0.8, 0.8], [0.87875, 0.8075, 0.87875, 0.95, 0.790875, 0.72675, 0.790875, 0.855, 0.439375, 0.40375, 0.439375, 0.475, 0.2899875, 0.266475, 0.2899875, 0.3135, 0.3515, 0.323, 0.3515, 0.38, 0.52725, 0.4845, 0.52725, 0.57, 0.6475, 0.595, 0.6475, 0.7, 0.37, 0.34, 0.37, 0.4, 0.30525, 0.2805, 0.30525, 0.33, 0.4625, 0.425, 0.4625, 0.5, 0.6475, 0.595, 0.6475, 0.7, 0.74, 0.68, 0.74, 0.8, 0.6151249999999999, 0.5652499999999999, 0.6151249999999999, 0.6649999999999999, 0.439375, 0.40375, 0.439375, 0.475, 0.52725, 0.4845, 0.52725, 0.57, 0.6151249999999999, 0.5652499999999999, 0.6151249999999999, 0.6649999999999999, 0.790875, 0.72675, 0.790875, 0.855, 0.87875, 0.8075, 0.87875, 0.95, 0.95]], "clusters": [[-1, 2, 2, 2, 2, 2, 2, 2, 2, 2, 2, 2, 2, 2, 2, 2, 2, 2, 2, 2, 2, 2, 2, 2, 2, 2, 2, 2, 2, 2, 2, 2, 2, 2, 2, 2, 2, 2, 2, 2, 2, 2], [0, -1, 0, 0, 0, 0, 0, 0, 0, 0, 0, 0, 0, 0, 0, 0, 0, 0, 0, 0, 0, 0, 0, 0, 0, 0, 0, 0, 0, 0, 0, 0, 0, 0, 0, 0, 0, 0, 0, 0, 0, 0], [1, 1, -1, 1, 1, 1, 1, 1, 1, 1, 1, 1, 1, 1, 1, 1, 1, 1, 1, 1, 1, 1, 1, 1, 1, 1, 1, 1, 1, 1, 1, 1, 1, 1, 1, 1, 1, 1, 1, 1, 1, 1], [1, 1, 1, -1, 1, 1, 1, 1, 1, 1, 1, 1, 1, 1, 1, 1, 1, 1, 1, 1, 1, 1, 1, 1, 1, 1, 1, 1, 1, 1, 1, 1, 1, 1, 1, 1, 1, 1, 1, 1, 1, 1], [0, 0, 0, 0, -1, 0, 0, 0, 0, 0, 0, 0, 0, 0, 0, 0, 0, 0, 0, 0, 0, 0, 0, 0, 0, 0, 0, 0, 0, 0, 0, 0, 0, 0, 0, 0, 0, 0, 0, 0, 0, 0], [1, 1, 1, 1, 1, -1, 1, 1, 1, 1, 1, 1, 1, 1, 1, 1, 1, 1, 1, 1, 1, 1, 1, 1, 1, 1, 1, 1, 1, 1, 1, 1, 1, 1, 1, 1, 1, 1, 1, 1, 1, 1], [0, 0, 0, 0, 0, 0, -1, 0, 0, 0, 0, 0, 0, 0, 0, 0, 0, 0, 0, 0, 0, 0, 0, 0, 0, 0, 0, 0, 0, 0, 0, 0, 0, 0, 0, 0, 0, 0, 0, 0, 0, 0], [1, 1, 1, 1, 1, 1, 1, -1, 1, 1, 1, 1, 1, 1, 1, 1, 1, 1, 1, 1, 1, 1, 1, 1, 1, 1, 1, 1, 1, 1, 1, 1, 1, 1, 1, 1, 1, 1, 1, 1, 1, 1], [0, 0, 0, 0, 0, 0, 0, 0, -1, 0, 0, 0, 0, 0, 0, 0, 0, 0, 0, 0, 0, 0, 0, 0, 0, 0, 0, 0, 0, 0, 0, 0, 0, 0, 0, 0, 0, 0, 0, 0, 0, 0], [1, 1, 1, 1, 1, 1, 1, 1, 1, -1, 1, 1, 1, 1, 1, 1, 1, 1, 1, 1, 1, 1, 1, 1, 1, 1, 1, 1, 1, 1, 1, 1, 1, 1, 1, 1, 1, 1, 1, 1, 1, 1], [1, 1, 1, 1, 1, 1, 1, 1, 1, 1, -1, 1, 1, 1, 1, 1, 1, 1, 1, 1, 1, 1, 1, 1, 1, 1, 1, 1, 1, 1, 1, 1, 1, 1, 1, 1, 1, 1, 1, 1, 1, 1], [0, 0, 0, 0, 0, 0, 0, 0, 0, 0, 0, -1, 0, 0, 0, 0, 0, 0, 0, 0, 0, 0, 0, 0, 0, 0, 0, 0, 0, 0, 0, 0, 0, 0, 0, 0, 0, 0, 0, 0, 0, 0], [2, 2, 2, 2, 2, 2, 2, 2, 2, 2, 2, 2, -1, 2, 2, 2, 2, 2, 2, 2, 2, 2, 2, 2, 2, 2, 2, 2, 2, 2, 2, 2, 2, 2, 2, 2, 2, 2, 2, 2, 2, 2], [2, 2, 2, 2, 2, 2, 2, 2, 2, 2, 2, 2, 2, -1, 2, 2, 2, 2, 2, 2, 2, 2, 2, 2, 2, 2, 2, 2, 2, 2, 2, 2, 2, 2, 2, 2, 2, 2, 2, 2, 2, 2], [0, 0, 0, 0, 0, 0, 0, 0, 0, 0, 0, 0, 0, 0, -1, 0, 0, 0, 0, 0, 0, 0, 0, 0, 0, 0, 0, 0, 0, 0, 0, 0, 0, 0, 0, 0, 0, 0, 0, 0, 0, 0], [2, 2, 2, 2, 2, 2, 2, 2, 2, 2, 2, 2, 2, 2, 2, -1, 2, 2, 2, 2, 2, 2, 2, 2, 2, 2, 2, 2, 2, 2, 2, 2, 2, 2, 2, 2, 2, 2, 2, 2, 2, 2], [0, 0, 0, 0, 0, 0, 0, 0, 0, 0, 0, 0, 0, 0, 0, 0, -1, 0, 0, 0, 0, 0, 0, 0, 0, 0, 0, 0, 0, 0, 0, 0, 0, 0, 0, 0, 0, 0, 0, 0, 0, 0], [0, 0, 0, 0, 0, 0, 0, 0, 0, 0, 0, 0, 0, 0, 0, 0, 0, -1, 0, 0, 0, 0, 0, 0, 0, 0, 0, 0, 0, 0, 0, 0, 0, 0, 0, 0, 0, 0, 0, 0, 0, 0], [1, 1, 1, 1, 1, 1, 1, 1, 1, 1, 1, 1, 1, 1, 1, 1, 1, 1, -1, 1, 1, 1, 1, 1, 1, 1, 1, 1, 1, 1, 1, 1, 1, 1, 1, 1, 1, 1, 1, 1, 1, 1], [1, 1, 1, 1, 1, 1, 1, 1, 1, 1, 1, 1, 1, 1, 1, 1, 1, 1, 1, -1, 1, 1, 1, 1, 1, 1, 1, 1, 1, 1, 1, 1, 1, 1, 1, 1, 1, 1, 1, 1, 1, 1], [0, 0, 0, 0, 0, 0, 0, 0, 0, 0, 0, 0, 0, 0, 0, 0, 0, 0, 0, 0, -1, 0, 0, 0, 0, 0, 0, 0, 0, 0, 0, 0, 0, 0, 0, 0, 0, 0, 0, 0, 0, 0], [2, 2, 2, 2, 2, 2, 2, 2, 2, 2, 2, 2, 2, 2, 2, 2, 2, 2, 2, 2, 2, -1, 2, 2, 2, 2, 2, 2, 2, 2, 2, 2, 2, 2, 2, 2, 2, 2, 2, 2, 2, 2], [2, 2, 2, 2, 2, 2, 2, 2, 2, 2, 2, 2, 2, 2, 2, 2, 2, 2, 2, 2, 2, 2, -1, 2, 2, 2, 2, 2, 2, 2, 2, 2, 2, 2, 2, 2, 2, 2, 2, 2, 2, 2], [0, 0, 0, 0, 0, 0, 0, 0, 0, 0, 0, 0, 0, 0, 0, 0, 0, 0, 0, 0, 0, 0, 0, -1, 0, 0, 0, 0, 0, 0, 0, 0, 0, 0, 0, 0, 0, 0, 0, 0, 0, 0], [2, 2, 2, 2, 2, 2, 2, 2, 2, 2, 2, 2, 2, 2, 2, 2, 2, 2, 2, 2, 2, 2, 2, 2, -1, 2, 2, 2, 2, 2, 2, 2, 2, 2, 2, 2, 2, 2, 2, 2, 2, 2], [2, 2, 2, 2, 2, 2, 2, 2, 2, 2, 2, 2, 2, 2, 2, 2, 2, 2, 2, 2, 2, 2, 2, 2, 2, -1, 2, 2, 2, 2, 2, 2, 2, 2, 2, 2, 2, 2, 2, 2, 2, 2], [0, 0, 0, 0, 0, 0, 0, 0, 0, 0, 0, 0, 0, 0, 0, 0, 0, 0, 0, 0, 0, 0, 0, 0, 0, 0, -1, 0, 0, 0, 0, 0, 0, 0, 0, 0, 0, 0, 0, 0, 0, 0], [1, 1, 1, 1, 1, 1, 1, 1, 1, 1, 1, 1, 1, 1, 1, 1, 1, 1, 1, 1, 1, 1, 1, 1, 1, 1, 1, -1, 1, 1, 1, 1, 1, 1, 1, 1, 1, 1, 1, 1, 1, 1], [1, 1, 1, 1, 1, 1, 1, 1, 1, 1, 1, 1, 1, 1, 1, 1, 1, 1, 1, 1, 1, 1, 1, 1, 1, 1, 1, 1, -1, 1, 1, 1, 1, 1, 1, 1, 1, 1, 1, 1, 1, 1], [1, 1, 1, 1, 1, 1, 1, 1, 1, 1, 1, 1, 1, 1, 1, 1, 1, 1, 1, 1, 1, 1, 1, 1, 1, 1, 1, 1, 1, -1, 1, 1, 1, 1, 1, 1, 1, 1, 1, 1, 1, 1], [0, 0, 0, 0, 0, 0, 0, 0, 0, 0, 0, 0, 0, 0, 0, 0, 0, 0, 0, 0, 0, 0, 0, 0, 0, 0, 0, 0, 0, 0, -1, 0, 0, 0, 0, 0, 0, 0, 0, 0, 0, 0], [2, 2, 2, 2, 2, 2, 2, 2, 2, 2, 2, 2, 2, 2, 2, 2, 2, 2, 2, 2, 2, 2, 2, 2, 2, 2, 2, 2, 2, 2, 2, -1, 2, 2, 2, 2, 2, 2, 2, 2, 2, 2], [2, 2, 2, 2, 2, 2, 2, 2, 2, 2, 2, 2, 2, 2, 2, 2, 2, 2, 2, 2, 2, 2, 2, 2, 2, 2, 2, 2, 2, 2, 2, 2, -1, 2, 2, 2, 2, 2, 2, 2, 2, 2], [1, 1, 1, 1, 1, 1, 1, 1, 1, 1, 1, 1, 1, 1, 1, 1, 1, 1, 1, 1, 1, 1, 1, 1, 1, 1, 1, 1, 1, 1, 1, 1, 1, -1, 1, 1, 1, 1, 1, 1, 1, 1], [0, 0, 0, 0, 0, 0, 0, 0, 0, 0, 0, 0, 0, 0, 0, 0, 0, 0, 0, 0, 0, 0, 0, 0, 0, 0, 0, 0, 0, 0, 0, 0, 0, 0, -1, 0, 0, 0, 0, 0, 0, 0], [2, 2, 2, 2, 2, 2, 2, 2, 2, 2, 2, 2, 2, 2, 2, 2, 2, 2, 2, 2, 2, 2, 2, 2, 2, 2, 2, 2, 2, 2, 2, 2, 2, 2, 2, -1, 2, 2, 2, 2, 2, 2], [0, 0, 0, 0, 0, 0, 0, 0, 0, 0, 0, 0, 0, 0, 0, 0, 0, 0, 0, 0, 0, 0, 0, 0, 0, 0, 0, 0, 0, 0, 0, 0, 0, 0, 0, 0, -1, 0, 0, 0, 0, 0], [0, 0, 0, 0, 0, 0, 0, 0, 0, 0, 0, 0, 0, 0, 0, 0, 0, 0, 0, 0, 0, 0, 0, 0, 0, 0, 0, 0, 0, 0, 0, 0, 0, 0, 0, 0, 0, -1, 0, 0, 0, 0], [2, 2, 2, 2, 2, 2, 2, 2, 2, 2, 2, 2, 2, 2, 2, 2, 2, 2, 2, 2, 2, 2, 2, 2, 2, 2, 2, 2, 2, 2, 2, 2, 2, 2, 2, 2, 2, 2, -1, 2, 2, 2], [2, 2, 2, 2, 2, 2, 2, 2, 2, 2, 2, 2, 2, 2, 2, 2, 2, 2, 2, 2, 2, 2, 2, 2, 2, 2, 2, 2, 2, 2, 2, 2, 2, 2, 2, 2, 2, 2, 2, -1, 2, 2], [1, 1, 1, 1, 1, 1, 1, 1, 1, 1, 1, 1, 1, 1, 1, 1, 1, 1, 1, 1, 1, 1, 1, 1, 1, 1, 1, 1, 1, 1, 1, 1, 1, 1, 1, 1, 1, 1, 1, 1, -1, 1], [2, 2, 2, 2, 2, 2, 2, 2, 2, 2, 2, 2, 2, 2, 2, 2, 2, 2, 2, 2, 2, 2, 2, 2, 2, 2, 2, 2, 2, 2, 2, 2, 2, 2, 2, 2, 2, 2, 2, 2, 2, -1]], "speed_zone_count": 73, "speed_zones": [[0.0, 15.0], [15.0, 30.0], [30.0, 45.0], [45.0, 60.0], [60.0, 75.0], [75.0, 90.0], [90.0, 105.0], [105.0, 120.0], [120.0, 135.0], [135.0, 150.0], [150.0, 165.0], [165.0, 180.0], [180.0, 195.0], [195.0, 210.0], [210.0, 225.0], [225.0, 240.0], [240.0, 255.0], [255.0, 270.0], [270.0, 285.0], [285.0, 300.0], [300.0, 315.0], [315.0, 330.0], [330.0, 345.0], [345.0, 360.0], [360.0, 375.0], [375.0, 390.0], [390.0, 405.0], [405.0, 420.0], [420.0, 435.0], [435.0, 450.0], [450.0, 465.0], [465.0, 480.0], [480.0, 495.0], [495.0, 510.0], [510.0, 525.0], [525.0, 540.0], [540.0, 555.0], [555.0, 570.0], [570.0, 585.0], [585.0, 600.0], [600.0, 615.0], [615.0, 630.0], [630.0, 645.0], [645.0, 660.0], [660.0, 675.0], [675.0, 690.0], [690.0, 705.0], [705.0, 720.0], [720.0, 735.0], [735.0, 750.0], [750.0, 765.0], [765.0, 780.0], [780.0, 795.0], [795.0, 810.0], [810.0, 825.0], [825.0, 840.0], [840.0, 855.0], [855.0, 870.0], [870.0, 885.0], [885.0, 900.0], [900.0, 915.0], [915.0, 930.0], [930.0, 945.0], [945.0, 960.0], [960.0, 975.0], [975.0, 990.0], [990.0, 1005.0], [1005.0, 1020.0], [1020.0, 1035.0], [1035.0, 1050.0], [1050.0, 1065.0], [1065.0, 1080.0], [1080.0, 5000.0]], "distances": [[0.0, 65.12, 53.5, 88.64, 80.6, 79.24, 69.58, 55.47, 83.5, 50.56, 59.43, 71.79, 92.4, 102.06, 71.68, 69.18, 69.29, 67.79, 69.98, 67.9, 64.42, 85.66, 93.1, 80.49, 43.44, 42.49, 83.7, 73.02, 72.2, 80.7, 63.28, 91.19, 52.36, 66.11, 69.1, 103.74, 58.8, 67.8, 74.76, 80.86, 72.28, 0.0], [0.0, 0.0, 22.12, 23.55, 16.69, 23.86, 11.06, 19.23, 19.41, 17.84, 23.01, 17.91, 29.41, 37.34, 12.91, 29.79, 10.89, 5.16, 13.71, 25.34, 10.32, 30.94, 31.32, 16.34, 23.91, 26.81, 19.52, 26.13, 18.02, 24.22, 11.21, 29.11, 30.18, 25.26, 10.55, 39.16, 6.35, 5.04, 29.46, 25.39, 24.01, 65.12], [0.0, 22.12, 0.0, 40.87, 31.14, 45.73, 32.69, 12.52, 33.86, 7.87, 6.34, 18.9, 50.5, 56.29, 34.76, 17.37, 32.46, 27.21, 35.02, 14.86, 21.82, 52.93, 52.86, 37.39, 11.87, 11.22, 34.15, 19.7, 39.25, 46.23, 19.89, 50.62, 8.14, 13.22, 24.25, 58.3, 19.18, 27.1, 21.87, 47.32, 18.81, 53.5], [0.0, 23.55, 40.87, 0.0, 9.99, 25.56, 23.11, 37.88, 7.84, 39.62, 38.36, 24.74, 14.74, 15.59, 22.15, 38.49, 23.3, 21.81, 24.71, 34.97, 24.27, 28.53, 18.42, 11.3, 46.47, 48.77, 7.48, 31.88, 26.36, 24.32, 25.37, 16.75, 47.62, 36.13, 19.53, 17.65, 29.9, 21.75, 34.14, 25.79, 30.27, 88.64], [0.0, 16.69, 31.14, 9.99, 0.0, 28.24, 20.84, 28.19, 17.83, 30.63, 28.39, 14.86, 22.9, 25.58, 20.88, 28.88, 20.92, 17.07, 23.25, 25.17, 17.41, 33.18, 26.24, 13.1, 37.66, 39.66, 17.47, 22.5, 26.32, 27.51, 17.93, 24.21, 37.69, 26.24, 12.7, 27.64, 22.78, 16.96, 25.07, 29.04, 20.73, 80.6], [0.0, 23.86, 45.73, 25.56, 28.24, 0.0, 13.04, 42.95, 28.91, 40.18, 46.85, 38.94, 17.06, 29.09, 10.98, 52.57, 13.28, 18.7, 10.95, 48.17, 24.04, 7.31, 15.77, 15.35, 44.64, 48.15, 28.7, 47.67, 7.32, 14.03, 25.96, 14.66, 53.86, 48.43, 23.17, 29.89, 26.98, 18.82, 50.82, 12.95, 45.57, 79.24], [0.0, 11.06, 32.69, 23.11, 20.84, 13.04, 0.0, 29.94, 22.67, 27.24, 34.04, 27.77, 22.83, 33.22, 12.74, 40.6, 11.94, 6.04, 11.32, 36.15, 11.14, 20.29, 23.65, 12.23, 32.09, 35.49, 22.6, 36.38, 7.01, 13.66, 13.03, 21.65, 40.83, 36.2, 11.4, 34.69, 14.04, 6.18, 39.66, 14.66, 34.25, 69.58], [0.0, 19.23, 12.52, 37.88, 28.19, 42.95, 29.94, 0.0, 30.94, 7.14, 6.18, 16.46, 47.46, 53.27, 31.97, 17.11, 29.71, 24.35, 32.33, 13.96, 18.97, 50.11, 49.84, 34.36, 12.79, 12.98, 31.23, 18.37, 36.59, 43.41, 17.03, 47.6, 10.95, 12.53, 21.24, 55.28, 16.7, 24.24, 20.87, 44.52, 17.21, 55.47], [0.0, 19.41, 33.86, 7.84, 17.83, 28.91, 22.67, 30.94, 0.0, 33.51, 30.88, 16.97, 21.75, 23.27, 22.47, 30.65, 22.78, 19.39, 24.93, 27.15, 20.14, 33.33, 25.26, 13.56, 40.55, 42.52, 15.32, 24.07, 27.69, 28.02, 20.74, 23.34, 40.24, 28.34, 15.37, 25.35, 25.57, 19.29, 26.41, 29.55, 22.44, 83.5], [0.0, 17.84, 7.87, 39.62, 30.63, 40.18, 27.24, 7.14, 33.51, 0.0, 13.28, 21.58, 47.22, 54.45, 29.45, 24.25, 26.98, 22.44, 29.26, 20.96, 17.33, 47.48, 49.15, 34.08, 7.14, 9.18, 33.75, 25.06, 33.3, 40.9, 15.55, 46.94, 15.13, 19.62, 20.97, 56.37, 13.21, 22.37, 27.76, 41.84, 23.67, 50.56], [0.0, 23.01, 6.34, 38.36, 28.39, 46.85, 34.04, 6.18, 30.88, 13.28, 0.0, 14.52, 49.42, 53.94, 35.91, 11.11, 33.85, 28.16, 36.61, 8.58, 22.91, 53.83, 52.11, 36.64, 18.19, 17.48, 31.2, 13.59, 40.92, 47.12, 21.03, 49.88, 9.45, 6.89, 24.12, 56.0, 21.76, 28.03, 15.58, 48.34, 12.96, 59.43], [0.0, 17.91, 18.9, 24.74, 14.86, 38.94, 27.77, 16.46, 16.97, 21.58, 14.52, 0.0, 37.39, 40.24, 28.96, 14.29, 27.69, 21.92, 30.57, 10.34, 18.29, 45.13, 40.51, 25.76, 28.52, 29.35, 17.32, 8.74, 34.65, 38.72, 17.2, 38.37, 23.96, 11.39, 16.37, 42.32, 20.94, 21.77, 11.93, 40.15, 6.64, 71.79], [0.0, 29.41, 50.5, 14.74, 22.9, 17.06, 22.83, 47.46, 21.75, 47.22, 49.42, 37.39, 0.0, 12.04, 20.8, 51.62, 23.12, 25.32, 22.76, 47.71, 29.96, 16.49, 26.27, 13.17, 53.24, 56.22, 21.42, 45.38, 21.81, 15.34, 31.68, 26.44, 58.08, 48.58, 26.4, 12.87, 34.98, 25.36, 47.96, 16.33, 43.56, 92.4], [0.0, 37.34, 56.29, 15.59, 25.58, 29.09, 33.22, 53.27, 23.27, 54.45, 53.94, 40.24, 12.04, 0.0, 31.45, 53.69, 33.49, 34.26, 33.7, 50.37, 38.0, 28.02, 14.23, 21.58, 61.05, 63.63, 22.93, 46.95, 33.41, 27.38, 39.43, 14.59, 63.18, 51.6, 33.65, 24.92, 43.48, 34.26, 48.92, 28.37, 45.48, 102.06], [0.0, 12.91, 34.76, 22.15, 20.88, 10.98, 12.74, 31.97, 22.47, 29.45, 35.91, 28.96, 20.8, 31.45, 0.0, 42.11, 12.89, 7.76, 10.05, 37.67, 13.06, 18.17, 21.47, 10.97, 34.36, 37.74, 22.37, 37.65, 5.73, 11.49, 14.98, 19.51, 42.89, 37.8, 12.69, 32.86, 16.26, 7.89, 40.89, 12.55, 35.51, 71.68], [0.0, 29.79, 17.37, 38.49, 28.88, 52.57, 40.6, 17.11, 30.65, 24.25, 11.11, 14.29, 51.62, 53.69, 42.11, 0.0, 40.47, 34.57, 43.35, 4.45, 29.93, 59.05, 54.79, 40.0, 29.24, 28.21, 31.0, 6.86, 47.61, 52.51, 28.32, 52.65, 16.91, 4.88, 29.46, 55.77, 30.48, 34.42, 6.34, 53.89, 8.22, 69.18], [0.0, 10.89, 32.46, 23.3, 20.92, 13.28, 11.94, 29.71, 22.78, 26.98, 33.85, 27.69, 23.12, 33.49, 12.89, 40.47, 0.0, 5.9, 11.47, 36.02, 10.94, 20.54, 23.94, 12.46, 31.81, 35.21, 22.72, 36.29, 7.15, 13.92, 12.83, 21.94, 40.6, 36.05, 11.32, 34.96, 13.78, 6.05, 39.57, 14.9, 34.15, 69.29], [0.0, 5.16, 27.21, 21.81, 17.07, 18.7, 6.04, 24.35, 19.39, 22.44, 28.16, 21.92, 25.32, 34.26, 7.76, 34.57, 5.9, 0.0, 8.79, 30.12, 5.39, 25.78, 26.89, 12.72, 28.02, 31.16, 19.41, 30.46, 13.05, 19.07, 7.32, 24.73, 35.29, 30.16, 5.66, 35.96, 9.68, 10.21, 33.75, 20.23, 28.32, 67.79], [0.0, 13.71, 35.02, 24.71, 23.25, 10.95, 11.32, 32.33, 24.93, 29.26, 36.61, 30.57, 22.76, 33.7, 10.05, 43.35, 11.47, 8.79, 0.0, 38.9, 13.73, 18.25, 23.13, 13.52, 33.74, 37.22, 24.84, 39.17, 4.32, 11.82, 15.58, 21.27, 43.16, 38.92, 14.19, 35.05, 16.08, 8.93, 42.45, 12.62, 37.04, 69.98], [0.0, 25.34, 14.86, 34.97, 25.17, 48.17, 36.15, 13.96, 27.15, 20.96, 8.58, 10.34, 47.71, 50.37, 37.67, 4.45, 36.02, 30.12, 38.9, 0.0, 25.49, 54.7, 50.79, 35.83, 26.58, 26.05, 27.5, 5.27, 43.16, 48.13, 23.89, 48.63, 16.47, 9.34, 25.04, 52.45, 26.17, 29.97, 7.01, 49.5, 5.42, 67.9], [0.0, 10.32, 21.82, 24.27, 17.41, 24.04, 11.14, 18.97, 20.14, 17.33, 22.91, 18.29, 29.96, 38.0, 13.06, 29.93, 10.94, 5.39, 13.73, 25.49, 0.0, 31.16, 31.82, 16.92, 23.32, 26.26, 20.25, 26.42, 18.04, 24.44, 10.5, 29.61, 29.91, 25.36, 4.82, 39.82, 5.63, 5.28, 29.75, 25.58, 24.3, 64.42], [0.0, 30.94, 52.93, 28.53, 33.18, 7.31, 20.29, 50.11, 33.33, 47.48, 53.83, 45.13, 16.49, 28.02, 18.17, 59.05, 20.54, 25.78, 18.25, 54.7, 31.16, 0.0, 13.79, 20.09, 51.93, 55.45, 33.07, 53.83, 14.51, 6.72, 33.09, 13.75, 61.04, 55.06, 29.89, 28.32, 34.28, 25.9, 56.88, 5.64, 51.76, 85.66], [0.0, 31.32, 52.86, 18.42, 26.24, 15.77, 23.65, 49.84, 25.26, 49.15, 52.11, 40.51, 26.27, 14.23, 21.47, 54.79, 23.94, 26.89, 23.13, 50.79, 31.82, 13.79, 0.0, 15.51, 54.92, 58.02, 24.93, 48.66, 21.5, 14.03, 33.62, 26.96, 60.58, 51.59, 28.63, 14.59, 36.56, 26.95, 51.31, 14.73, 46.79, 93.1], [0.0, 16.34, 37.39, 11.3, 13.1, 15.35, 12.23, 34.36, 13.56, 34.08, 36.64, 25.76, 13.17, 21.58, 10.97, 40.0, 12.46, 12.72, 13.52, 35.83, 16.92, 20.09, 15.51, 0.0, 40.24, 43.13, 13.34, 34.28, 15.09, 14.48, 18.58, 13.27, 45.07, 36.48, 13.23, 23.25, 22.17, 12.73, 37.19, 16.01, 32.28, 80.49], [0.0, 23.91, 11.87, 46.47, 37.66, 44.64, 32.09, 12.79, 40.55, 7.14, 18.19, 28.52, 53.24, 61.05, 34.36, 29.24, 31.81, 28.02, 33.74, 26.58, 23.32, 51.93, 54.92, 40.24, 0.0, 16.32, 40.79, 31.15, 37.46, 45.55, 21.71, 52.75, 16.15, 25.02, 27.41, 62.93, 18.37, 27.97, 33.56, 46.33, 29.98, 43.44], [0.0, 26.81, 11.22, 48.77, 39.66, 48.15, 35.49, 12.98, 42.52, 9.18, 17.48, 29.35, 56.22, 63.63, 37.74, 28.21, 35.21, 31.16, 37.22, 26.05, 26.26, 55.45, 58.02, 43.13, 16.32, 0.0, 42.77, 30.92, 41.02, 49.02, 24.55, 55.83, 13.59, 24.36, 30.1, 65.55, 21.59, 31.1, 33.05, 49.84, 29.98, 42.49], [0.0, 19.52, 34.15, 7.48, 17.47, 28.7, 22.6, 31.23, 15.32, 33.75, 31.2, 17.32, 21.42, 22.93, 22.37, 31.0, 22.72, 19.41, 24.84, 27.5, 20.25, 33.07, 24.93, 13.34, 40.79, 42.77, 0.0, 24.42, 27.56, 27.8, 20.88, 23.01, 40.56, 28.68, 15.47, 25.0, 25.7, 19.31, 26.76, 29.33, 22.79, 83.7], [0.0, 26.13, 19.7, 31.88, 22.5, 47.67, 36.38, 18.37, 24.07, 25.06, 13.59, 8.74, 45.38, 46.95, 37.65, 6.86, 36.29, 30.46, 39.17, 5.27, 26.42, 53.83, 48.66, 34.28, 31.15, 30.92, 24.42, 0.0, 43.3, 47.44, 25.09, 46.56, 21.74, 7.1, 25.0, 49.02, 28.16, 30.31, 12.28, 48.88, 10.68, 73.02], [0.0, 18.02, 39.25, 26.36, 26.32, 7.32, 7.01, 36.59, 27.69, 33.3, 40.92, 34.65, 21.81, 33.41, 5.73, 47.61, 7.15, 13.05, 4.32, 43.16, 18.04, 14.51, 21.5, 15.09, 37.46, 41.02, 27.56, 43.3, 0.0, 8.57, 19.89, 19.91, 47.39, 43.2, 18.31, 34.54, 20.2, 13.19, 46.56, 9.02, 41.17, 72.2], [0.0, 24.22, 46.23, 24.32, 27.51, 14.03, 13.66, 43.41, 28.02, 40.9, 47.12, 38.72, 15.34, 27.38, 11.49, 52.51, 13.92, 19.07, 11.82, 48.13, 24.44, 6.72, 14.03, 14.48, 45.55, 49.02, 27.8, 47.44, 8.57, 0.0, 26.38, 12.93, 54.34, 48.45, 23.23, 28.16, 27.69, 19.18, 50.55, 12.36, 45.36, 80.7], [0.0, 11.21, 19.89, 25.37, 17.93, 25.96, 13.03, 17.03, 20.74, 15.55, 21.03, 17.2, 31.68, 39.43, 14.98, 28.32, 12.83, 7.32, 15.58, 23.89, 10.5, 33.09, 33.62, 18.58, 21.71, 24.55, 20.88, 25.09, 19.89, 26.38, 0.0, 31.41, 27.97, 23.69, 5.85, 41.28, 4.87, 7.21, 28.41, 27.51, 22.99, 63.28], [0.0, 29.11, 50.62, 16.75, 24.21, 14.66, 21.65, 47.6, 23.34, 46.94, 49.88, 38.37, 26.44, 14.59, 19.51, 52.65, 21.94, 24.73, 21.27, 48.63, 29.61, 13.75, 26.96, 13.27, 52.75, 55.83, 23.01, 46.56, 19.91, 12.93, 31.41, 0.0, 58.34, 49.41, 26.39, 15.25, 34.4, 24.78, 49.25, 13.82, 44.68, 91.19], [0.0, 30.18, 8.14, 47.62, 37.69, 53.86, 40.83, 10.95, 40.24, 15.13, 9.45, 23.96, 58.08, 63.18, 42.89, 16.91, 40.6, 35.29, 43.16, 16.47, 29.91, 61.04, 60.58, 45.07, 16.15, 13.59, 40.56, 21.74, 47.39, 54.34, 27.97, 58.34, 0.0, 14.64, 32.08, 65.22, 27.29, 35.18, 22.84, 55.44, 21.63, 52.36], [0.0, 25.26, 13.22, 36.13, 26.24, 48.43, 36.2, 12.53, 28.34, 19.62, 6.89, 11.39, 48.58, 51.6, 37.8, 4.88, 36.05, 30.16, 38.92, 9.34, 25.36, 55.06, 51.59, 36.48, 25.02, 24.36, 28.68, 7.1, 43.2, 48.45, 23.69, 49.41, 14.64, 0.0, 25.26, 53.68, 25.65, 30.01, 8.71, 49.79, 7.13, 66.11], [0.0, 10.55, 24.25, 19.53, 12.7, 23.17, 11.4, 21.24, 15.37, 20.97, 24.12, 16.37, 26.4, 33.65, 12.69, 29.46, 11.32, 5.66, 14.19, 25.04, 4.82, 29.89, 28.63, 13.23, 27.41, 30.1, 15.47, 25.0, 18.31, 23.23, 5.85, 26.39, 32.08, 25.26, 0.0, 35.52, 10.41, 5.51, 28.27, 24.55, 22.86, 69.1], [0.0, 39.16, 58.3, 17.65, 27.64, 29.89, 34.69, 55.28, 25.35, 56.37, 56.0, 42.32, 12.87, 24.92, 32.86, 55.77, 34.96, 35.96, 35.05, 52.45, 39.82, 28.32, 14.59, 23.25, 62.93, 65.55, 25.0, 49.02, 34.54, 28.16, 41.28, 15.25, 65.22, 53.68, 35.52, 0.0, 45.27, 35.97, 50.98, 29.07, 47.56, 103.74], [0.0, 6.35, 19.18, 29.9, 22.78, 26.98, 14.04, 16.7, 25.57, 13.21, 21.76, 20.94, 34.98, 43.48, 16.26, 30.48, 13.78, 9.68, 16.08, 26.17, 5.63, 34.28, 36.56, 22.17, 18.37, 21.59, 25.7, 28.16, 20.2, 27.69, 4.87, 34.4, 27.29, 25.65, 10.41, 45.27, 0.0, 9.63, 31.44, 28.64, 26.15, 58.8], [0.0, 5.04, 27.1, 21.75, 16.96, 18.82, 6.18, 24.24, 19.29, 22.37, 28.03, 21.77, 25.36, 34.26, 7.89, 34.42, 6.05, 10.21, 8.93, 29.97, 5.28, 25.9, 26.95, 12.73, 27.97, 31.1, 19.31, 30.31, 13.19, 19.18, 7.21, 24.78, 35.18, 30.01, 5.51, 35.97, 9.63, 0.0, 33.6, 20.35, 28.17, 67.8], [0.0, 29.46, 21.87, 34.14, 25.07, 50.82, 39.66, 20.87, 26.41, 27.76, 15.58, 11.93, 47.96, 48.92, 40.89, 6.34, 39.57, 33.75, 42.45, 7.01, 29.75, 56.88, 51.31, 37.19, 33.56, 33.05, 26.76, 12.28, 46.56, 50.55, 28.41, 49.25, 22.84, 8.71, 28.27, 50.98, 31.44, 33.6, 0.0, 52.0, 5.45, 74.76], [0.0, 25.39, 47.32, 25.79, 29.04, 12.95, 14.66, 44.52, 29.55, 41.84, 48.34, 40.15, 16.33, 28.37, 12.55, 53.89, 14.9, 20.23, 12.62, 49.5, 25.58, 5.64, 14.73, 16.01, 46.33, 49.84, 29.33, 48.88, 9.02, 12.36, 27.51, 13.82, 55.44, 49.79, 24.55, 29.07, 28.64, 20.35, 52.0, 0.0, 46.78, 80.86], [0.0, 24.01, 18.81, 30.27, 20.73, 45.57, 34.25, 17.21, 22.44, 23.67, 12.96, 6.64, 43.56, 45.48, 35.51, 8.22, 34.15, 28.32, 37.04, 5.42, 24.3, 51.76, 46.79, 32.28, 29.98, 29.98, 22.79, 10.68, 41.17, 45.36, 22.99, 44.68, 21.63, 7.13, 22.86, 47.56, 26.15, 28.17, 5.45, 46.78, 0.0, 72.28], [0.0, 0.0, 0.0, 0.0, 0.0, 0.0, 0.0, 0.0, 0.0, 0.0, 0.0, 0.0, 0.0, 0.0, 0.0, 0.0, 0.0, 0.0, 0.0, 0.0, 0.0, 0.0, 0.0, 0.0, 0.0, 0.0, 0.0, 0.0, 0.0, 0.0, 0.0, 0.0, 0.0, 0.0, 0.0, 0.0, 0.0, 0.0, 0.0, 0.0, 0.0, 0.0]], "time_windows": [[0.0, 5000.0], [0.0, 112.0], [0.0, 140.0], [0.0, 210.0], [0.0, 237.0], [0.0, 322.0], [0.0, 351.0], [0.0, 404.0], [0.0, 452.0], [0.0, 540.0], [0.0, 582.0], [0.0, 615.0], [0.0, 680.0], [0.0, 698.0], [0.0, 742.0], [0.0, 804.0], [0.0, 882.0], [0.0, 893.0], [0.0, 910.0], [0.0, 975.0], [0.0, 1010.0], [0.0, 1048.0], [0.0, 1064.0], [0.0, 1081.0], [0.0, 1124.0], [0.0, 1140.0], [0.0, 1183.0], [0.0, 1207.0], [0.0, 1251.0], [0.0, 1259.0], [0.0, 1285.0], [0.0, 1317.0], [0.0, 1375.0], [0.0, 1390.0], [0.0, 1415.0], [0.0, 1451.0], [0.0, 1496.0], [0.0, 1506.0], [0.0, 1539.0], [0.0, 1591.0], [0.0, 1638.0], [0.0, 5000.0]], "start_depot": 0, "end_depot": 41, "horizon": [0.0, 5000.0]}