{"digraph": {"vertex_count": 42, "arc_count": 1640, "arcs": [[0, 1, 1, 1, 1, 1, 1, 1, 1, 1, 1, 1, 1, 1, 1, 1, 1, 1, 1, 1, 1, 1, 1, 1, 1, 1, 1, 1, 1, 1, 1, 1, 1, 1, 1, 1, 1, 1, 1, 1, 1, 1], [0, 0, 1, 1, 1, 1, 1, 1, 1, 1, 1, 1, 1, 1, 1, 1, 1, 1, 1, 1, 1, 1, 1, 1, 1, 1, 1, 1, 1, 1, 1, 1, 1, 1, 1, 1, 1, 1, 1, 1, 1, 1], [0, 1, 0, 1, 1, 1, 1, 1, 1, 1, 1, 1, 1, 1, 1, 1, 1, 1, 1, 1, 1, 1, 1, 1, 1, 1, 1, 1, 1, 1, 1, 1, 1, 1, 1, 1, 1, 1, 1, 1, 1, 1], [0, 1, 1, 0, 1, 1, 1, 1, 1, 1, 1, 1, 1, 1, 1, 1, 1, 1, 1, 1, 1, 1, 1, 1, 1, 1, 1, 1, 1, 1, 1, 1, 1, 1, 1, 1, 1, 1, 1, 1, 1, 1], [0, 1, 1, 1, 0, 1, 1, 1, 1, 1, 1, 1, 1, 1, 1, 1, 1, 1, 1, 1, 1, 1, 1, 1, 1, 1, 1, 1, 1, 1, 1, 1, 1, 1, 1, 1, 1, 1, 1, 1, 1, 1], [0, 1, 1, 1, 1, 0, 1, 1, 1, 1, 1, 1, 1, 1, 1, 1, 1, 1, 1, 1, 1, 1, 1, 1, 1, 1, 1, 1, 1, 1, 1, 1, 1, 1, 1, 1, 1, 1, 1, 1, 1, 1], [0, 1, 1, 1, 1, 1, 0, 1, 1, 1, 1, 1, 1, 1, 1, 1, 1, 1, 1, 1, 1, 1, 1, 1, 1, 1, 1, 1, 1, 1, 1, 1, 1, 1, 1, 1, 1, 1, 1, 1, 1, 1], [0, 1, 1, 1, 1, 1, 1, 0, 1, 1, 1, 1, 1, 1, 1, 1, 1, 1, 1, 1, 1, 1, 1, 1, 1, 1, 1, 1, 1, 1, 1, 1, 1, 1, 1, 1, 1, 1, 1, 1, 1, 1], [0, 1, 1, 1, 1, 1, 1, 1, 0, 1, 1, 1, 1, 1, 1, 1, 1, 1, 1, 1, 1, 1, 1, 1, 1, 1, 1, 1, 1, 1, 1, 1, 1, 1, 1, 1, 1, 1, 1, 1, 1, 1], [0, 1, 1, 1, 1, 1, 1, 1, 1, 0, 1, 1, 1, 1, 1, 1, 1, 1, 1, 1, 1, 1, 1, 1, 1, 1, 1, 1, 1, 1, 1, 1, 1, 1, 1, 1, 1, 1, 1, 1, 1, 1], [0, 1, 1, 1, 1, 1, 1, 1, 1, 1, 0, 1, 1, 1, 1, 1, 1, 1, 1, 1, 1, 1, 1, 1, 1, 1, 1, 1, 1, 1, 1, 1, 1, 1, 1, 1, 1, 1, 1, 1, 1, 1], [0, 1, 1, 1, 1, 1, 1, 1, 1, 1, 1, 0, 1, 1, 1, 1, 1, 1, 1, 1, 1, 1, 1, 1, 1, 1, 1, 1, 1, 1, 1, 1, 1, 1, 1, 1, 1, 1, 1, 1, 1, 1], [0, 1, 1, 1, 1, 1, 1, 1, 1, 1, 1, 1, 0, 1, 1, 1, 1, 1, 1, 1, 1, 1, 1, 1, 1, 1, 1, 1, 1, 1, 1, 1, 1, 1, 1, 1, 1, 1, 1, 1, 1, 1], [0, 1, 1, 1, 1, 1, 1, 1, 1, 1, 1, 1, 1, 0, 1, 1, 1, 1, 1, 1, 1, 1, 1, 1, 1, 1, 1, 1, 1, 1, 1, 1, 1, 1, 1, 1, 1, 1, 1, 1, 1, 1], [0, 1, 1, 1, 1, 1, 1, 1, 1, 1, 1, 1, 1, 1, 0, 1, 1, 1, 1, 1, 1, 1, 1, 1, 1, 1, 1, 1, 1, 1, 1, 1, 1, 1, 1, 1, 1, 1, 1, 1, 1, 1], [0, 1, 1, 1, 1, 1, 1, 1, 1, 1, 1, 1, 1, 1, 1, 0, 1, 1, 1, 1, 1, 1, 1, 1, 1, 1, 1, 1, 1, 1, 1, 1, 1, 1, 1, 1, 1, 1, 1, 1, 1, 1], [0, 1, 1, 1, 1, 1, 1, 1, 1, 1, 1, 1, 1, 1, 1, 1, 0, 1, 1, 1, 1, 1, 1, 1, 1, 1, 1, 1, 1, 1, 1, 1, 1, 1, 1, 1, 1, 1, 1, 1, 1, 1], [0, 1, 1, 1, 1, 1, 1, 1, 1, 1, 1, 1, 1, 1, 1, 1, 1, 0, 1, 1, 1, 1, 1, 1, 1, 1, 1, 1, 1, 1, 1, 1, 1, 1, 1, 1, 1, 1, 1, 1, 1, 1], [0, 1, 1, 1, 1, 1, 1, 1, 1, 1, 1, 1, 1, 1, 1, 1, 1, 1, 0, 1, 1, 1, 1, 1, 1, 1, 1, 1, 1, 1, 1, 1, 1, 1, 1, 1, 1, 1, 1, 1, 1, 1], [0, 1, 1, 1, 1, 1, 1, 1, 1, 1, 1, 1, 1, 1, 1, 1, 1, 1, 1, 0, 1, 1, 1, 1, 1, 1, 1, 1, 1, 1, 1, 1, 1, 1, 1, 1, 1, 1, 1, 1, 1, 1], [0, 1, 1, 1, 1, 1, 1, 1, 1, 1, 1, 1, 1, 1, 1, 1, 1, 1, 1, 1, 0, 1, 1, 1, 1, 1, 1, 1, 1, 1, 1, 1, 1, 1, 1, 1, 1, 1, 1, 1, 1, 1], [0, 1, 1, 1, 1, 1, 1, 1, 1, 1, 1, 1, 1, 1, 1, 1, 1, 1, 1, 1, 1, 0, 1, 1, 1, 1, 1, 1, 1, 1, 1, 1, 1, 1, 1, 1, 1, 1, 1, 1, 1, 1], [0, 1, 1, 1, 1, 1, 1, 1, 1, 1, 1, 1, 1, 1, 1, 1, 1, 1, 1, 1, 1, 1, 0, 1, 1, 1, 1, 1, 1, 1, 1, 1, 1, 1, 1, 1, 1, 1, 1, 1, 1, 1], [0, 1, 1, 1, 1, 1, 1, 1, 1, 1, 1, 1, 1, 1, 1, 1, 1, 1, 1, 1, 1, 1, 1, 0, 1, 1, 1, 1, 1, 1, 1, 1, 1, 1, 1, 1, 1, 1, 1, 1, 1, 1], [0, 1, 1, 1, 1, 1, 1, 1, 1, 1, 1, 1, 1, 1, 1, 1, 1, 1, 1, 1, 1, 1, 1, 1, 0, 1, 1, 1, 1, 1, 1, 1, 1, 1, 1, 1, 1, 1, 1, 1, 1, 1], [0, 1, 1, 1, 1, 1, 1, 1, 1, 1, 1, 1, 1, 1, 1, 1, 1, 1, 1, 1, 1, 1, 1, 1, 1, 0, 1, 1, 1, 1, 1, 1, 1, 1, 1, 1, 1, 1, 1, 1, 1, 1], [0, 1, 1, 1, 1, 1, 1, 1, 1, 1, 1, 1, 1, 1, 1, 1, 1, 1, 1, 1, 1, 1, 1, 1, 1, 1, 0, 1, 1, 1, 1, 1, 1, 1, 1, 1, 1, 1, 1, 1, 1, 1], [0, 1, 1, 1, 1, 1, 1, 1, 1, 1, 1, 1, 1, 1, 1, 1, 1, 1, 1, 1, 1, 1, 1, 1, 1, 1, 1, 0, 1, 1, 1, 1, 1, 1, 1, 1, 1, 1, 1, 1, 1, 1], [0, 1, 1, 1, 1, 1, 1, 1, 1, 1, 1, 1, 1, 1, 1, 1, 1, 1, 1, 1, 1, 1, 1, 1, 1, 1, 1, 1, 0, 1, 1, 1, 1, 1, 1, 1, 1, 1, 1, 1, 1, 1], [0, 1, 1, 1, 1, 1, 1, 1, 1, 1, 1, 1, 1, 1, 1, 1, 1, 1, 1, 1, 1, 1, 1, 1, 1, 1, 1, 1, 1, 0, 1, 1, 1, 1, 1, 1, 1, 1, 1, 1, 1, 1], [0, 1, 1, 1, 1, 1, 1, 1, 1, 1, 1, 1, 1, 1, 1, 1, 1, 1, 1, 1, 1, 1, 1, 1, 1, 1, 1, 1, 1, 1, 0, 1, 1, 1, 1, 1, 1, 1, 1, 1, 1, 1], [0, 1, 1, 1, 1, 1, 1, 1, 1, 1, 1, 1, 1, 1, 1, 1, 1, 1, 1, 1, 1, 1, 1, 1, 1, 1, 1, 1, 1, 1, 1, 0, 1, 1, 1, 1, 1, 1, 1, 1, 1, 1], [0, 1, 1, 1, 1, 1, 1, 1, 1, 1, 1, 1, 1, 1, 1, 1, 1, 1, 1, 1, 1, 1, 1, 1, 1, 1, 1, 1, 1, 1, 1, 1, 0, 1, 1, 1, 1, 1, 1, 1, 1, 1], [0, 1, 1, 1, 1, 1, 1, 1, 1, 1, 1, 1, 1, 1, 1, 1, 1, 1, 1, 1, 1, 1, 1, 1, 1, 1, 1, 1, 1, 1, 1, 1, 1, 0, 1, 1, 1, 1, 1, 1, 1, 1], [0, 1, 1, 1, 1, 1, 1, 1, 1, 1, 1, 1, 1, 1, 1, 1, 1, 1, 1, 1, 1, 1, 1, 1, 1, 1, 1, 1, 1, 1, 1, 1, 1, 1, 0, 1, 1, 1, 1, 1, 1, 1], [0, 1, 1, 1, 1, 1, 1, 1, 1, 1, 1, 1, 1, 1, 1, 1, 1, 1, 1, 1, 1, 1, 1, 1, 1, 1, 1, 1, 1, 1, 1, 1, 1, 1, 1, 0, 1, 1, 1, 1, 1, 1], [0, 1, 1, 1, 1, 1, 1, 1, 1, 1, 1, 1, 1, 1, 1, 1, 1, 1, 1, 1, 1, 1, 1, 1, 1, 1, 1, 1, 1, 1, 1, 1, 1, 1, 1, 1, 0, 1, 1, 1, 1, 1], [0, 1, 1, 1, 1, 1, 1, 1, 1, 1, 1, 1, 1, 1, 1, 1, 1, 1, 1, 1, 1, 1, 1, 1, 1, 1, 1, 1, 1, 1, 1, 1, 1, 1, 1, 1, 1, 0, 1, 1, 1, 1], [0, 1, 1, 1, 1, 1, 1, 1, 1, 1, 1, 1, 1, 1, 1, 1, 1, 1, 1, 1, 1, 1, 1, 1, 1, 1, 1, 1, 1, 1, 1, 1, 1, 1, 1, 1, 1, 1, 0, 1, 1, 1], [0, 1, 1, 1, 1, 1, 1, 1, 1, 1, 1, 1, 1, 1, 1, 1, 1, 1, 1, 1, 1, 1, 1, 1, 1, 1, 1, 1, 1, 1, 1, 1, 1, 1, 1, 1, 1, 1, 1, 0, 1, 1], [0, 1, 1, 1, 1, 1, 1, 1, 1, 1, 1, 1, 1, 1, 1, 1, 1, 1, 1, 1, 1, 1, 1, 1, 1, 1, 1, 1, 1, 1, 1, 1, 1, 1, 1, 1, 1, 1, 1, 1, 0, 1], [0, 0, 0, 0, 0, 0, 0, 0, 0, 0, 0, 0, 0, 0, 0, 0, 0, 0, 0, 0, 0, 0, 0, 0, 0, 0, 0, 0, 0, 0, 0, 0, 0, 0, 0, 0, 0, 0, 0, 0, 0, 0]]}, "cluster_count": 3, "cluster_speeds": [[0.925, 0.85, 0.925, 1.0, 0.8325, 0.765, 0.8325, 0.9, 0.4625, 0.425, 0.4625, 0.5, 0.30525, 0.2805, 0.30525, 0.33, 0.37, 0.34, 0.37, 0.4, 0.555, 0.51, 0.555, 0.6, 0.6475, 0.595, 0.6475, 0.7, 0.37, 0.34, 0.37, 0.4, 0.30525, 0.2805, 0.30525, 0.33, 0.4625, 0.425, 0.4625, 0.5, 0.6475, 0.595, 0.6475, 0.7, 0.74, 0.68, 0.74, 0.8, 0.6475, 0.595, 0.6475, 0.7, 0.4625, 0.425, 0.4625, 0.5, 0.555, 0.51, 0.555, 0.6, 0.6475, 0.595, 0.6475, 0.7, 0.8325, 0.765, 0.8325, 0.9, 0.925, 0.85, 0.925, 1.0, 1.0], [0.7400000000000001, 0.68, 0.7400000000000001, 0.8, 0.666, 0.6120000000000001, 0.666, 0.7200000000000001, 0.37000000000000005, 0.34, 0.37000000000000005, 0.4, 0.24420000000000003, 0.22440000000000004, 0.24420000000000003, 0.264, 0.296, 0.272, 0.296, 0.32000000000000006, 0.44400000000000006, 0.40800000000000003, 0.44400000000000006, 0.48, 0.6475, 0.595, 0.6475, 0.7, 0.37, 0.34, 0.37, 0.4, 0.30525, 0.2805, 0.30525, 0.33, 0.4625, 0.425, 0.4625, 0.5, 0.6475, 0.595, 0.6475, 0.7, 0.74, 0.68, 0.74, 0.8, 0.518, 0.476, 0.518, 0.5599999999999999, 0.37000000000000005, 0.34, 0.37000000000000005, 0.4, 0.44400000000000006, 0.40800000000000003, 0.44400000000000006, 0.48, 0.518, 0.476, 0.518, 0.5599999999999999, 0.666, 0.6120000000000001, 0.666, 0.7200000000000001, 0.7400000000000001, 0.68, 0.7400000000000001, 0.8, 0.8], [0.87875, 0.8075, 0.87875, 0.95, 0.790875, 0.72675, 0.790875, 0.855, 0.439375, 0.40375, 0.439375, 0.475, 0.2899875, 0.266475, 0.2899875, 0.3135, 0.3515, 0.323, 0.3515, 0.38, 0.52725, 0.4845, 0.52725, 0.57, 0.6475, 0.595, 0.6475, 0.7, 0.37, 0.34, 0.37, 0.4, 0.30525, 0.2805, 0.30525, 0.33, 0.4625, 0.425, 0.4625, 0.5, 0.6475, 0.595, 0.6475, 0.7, 0.74, 0.68, 0.74, 0.8, 0.6151249999999999, 0.5652499999999999, 0.6151249999999999, 0.6649999999999999, 0.439375, 0.40375, 0.439375, 0.475, 0.52725, 0.4845, 0.52725, 0.57, 0.6151249999999999, 0.5652499999999999, 0.6151249999999999, 0.6649999999999999, 0.790875, 0.72675, 0.790875, 0.855, 0.87875, 0.8075, 0.87875, 0.95, 0.95]], "clusters": [[-1, 2, 2, 2, 2, 2, 2, 2, 2, 2, 2, 2, 2, 2, 2, 2, 2, 2, 2, 2, 2, 2, 2, 2, 2, 2, 2, 2, 2, 2, 2, 2, 2, 2, 2, 2, 2, 2, 2, 2, 2, 2], [0, -1, 0, 0, 0, 0, 0, 0, 0, 0, 0, 0, 0, 0, 0, 0, 0, 0, 0, 0, 0, 0, 0, 0, 0, 0, 0, 0, 0, 0, 0, 0, 0, 0, 0, 0, 0, 0, 0, 0, 0, 0], [0, 0, -1, 0, 0, 0, 0, 0, 0, 0, 0, 0, 0, 0, 0, 0, 0, 0, 0, 0, 0, 0, 0, 0, 0, 0, 0, 0, 0, 0, 0, 0, 0, 0, 0, 0, 0, 0, 0, 0, 0, 0], [0, 0, 0, -1, 0, 0, 0, 0, 0, 0, 0, 0, 0, 0, 0, 0, 0, 0, 0, 0, 0, 0, 0, 0, 0, 0, 0, 0, 0, 0, 0, 0, 0, 0, 0, 0, 0, 0, 0, 0, 0, 0], [0, 0, 0, 0, -1, 0, 0, 0, 0, 0, 0, 0, 0, 0, 0, 0, 0, 0, 0, 0, 0, 0, 0, 0, 0, 0, 0, 0, 0, 0, 0, 0, 0, 0, 0, 0, 0, 0, 0, 0, 0, 0], [1, 1, 1, 1, 1, -1, 1, 1, 1, 1, 1, 1, 1, 1, 1, 1, 1, 1, 1, 1, 1, 1, 1, 1, 1, 1, 1, 1, 1, 1, 1, 1, 1, 1, 1, 1, 1, 1, 1, 1, 1, 1], [0, 0, 0, 0, 0, 0, -1, 0, 0, 0, 0, 0, 0, 0, 0, 0, 0, 0, 0, 0, 0, 0, 0, 0, 0, 0, 0, 0, 0, 0, 0, 0, 0, 0, 0, 0, 0, 0, 0, 0, 0, 0], [0, 0, 0, 0, 0, 0, 0, -1, 0, 0, 0, 0, 0, 0, 0, 0, 0, 0, 0, 0, 0, 0, 0, 0, 0, 0, 0, 0, 0, 0, 0, 0, 0, 0, 0, 0, 0, 0, 0, 0, 0, 0], [2, 2, 2, 2, 2, 2, 2, 2, -1, 2, 2, 2, 2, 2, 2, 2, 2, 2, 2, 2, 2, 2, 2, 2, 2, 2, 2, 2, 2, 2, 2, 2, 2, 2, 2, 2, 2, 2, 2, 2, 2, 2], [0, 0, 0, 0, 0, 0, 0, 0, 0, -1, 0, 0, 0, 0, 0, 0, 0, 0, 0, 0, 0, 0, 0, 0, 0, 0, 0, 0, 0, 0, 0, 0, 0, 0, 0, 0, 0, 0, 0, 0, 0, 0], [0, 0, 0, 0, 0, 0, 0, 0, 0, 0, -1, 0, 0, 0, 0, 0, 0, 0, 0, 0, 0, 0, 0, 0, 0, 0, 0, 0, 0, 0, 0, 0, 0, 0, 0, 0, 0, 0, 0, 0, 0, 0], [0, 0, 0, 0, 0, 0, 0, 0, 0, 0, 0, -1, 0, 0, 0, 0, 0, 0, 0, 0, 0, 0, 0, 0, 0, 0, 0, 0, 0, 0, 0, 0, 0, 0, 0, 0, 0, 0, 0, 0, 0, 0], [0, 0, 0, 0, 0, 0, 0, 0, 0, 0, 0, 0, -1, 0, 0, 0, 0, 0, 0, 0, 0, 0, 0, 0, 0, 0, 0, 0, 0, 0, 0, 0, 0, 0, 0, 0, 0, 0, 0, 0, 0, 0], [0, 0, 0, 0, 0, 0, 0, 0, 0, 0, 0, 0, 0, -1, 0, 0, 0, 0, 0, 0, 0, 0, 0, 0, 0, 0, 0, 0, 0, 0, 0, 0, 0, 0, 0, 0, 0, 0, 0, 0, 0, 0], [1, 1, 1, 1, 1, 1, 1, 1, 1, 1, 1, 1, 1, 1, -1, 1, 1, 1, 1, 1, 1, 1, 1, 1, 1, 1, 1, 1, 1, 1, 1, 1, 1, 1, 1, 1, 1, 1, 1, 1, 1, 1], [0, 0, 0, 0, 0, 0, 0, 0, 0, 0, 0, 0, 0, 0, 0, -1, 0, 0, 0, 0, 0, 0, 0, 0, 0, 0, 0, 0, 0, 0, 0, 0, 0, 0, 0, 0, 0, 0, 0, 0, 0, 0], [0, 0, 0, 0, 0, 0, 0, 0, 0, 0, 0, 0, 0, 0, 0, 0, -1, 0, 0, 0, 0, 0, 0, 0, 0, 0, 0, 0, 0, 0, 0, 0, 0, 0, 0, 0, 0, 0, 0, 0, 0, 0], [0, 0, 0, 0, 0, 0, 0, 0, 0, 0, 0, 0, 0, 0, 0, 0, 0, -1, 0, 0, 0, 0, 0, 0, 0, 0, 0, 0, 0, 0, 0, 0, 0, 0, 0, 0, 0, 0, 0, 0, 0, 0], [0, 0, 0, 0, 0, 0, 0, 0, 0, 0, 0, 0, 0, 0, 0, 0, 0, 0, -1, 0, 0, 0, 0, 0, 0, 0, 0, 0, 0, 0, 0, 0, 0, 0, 0, 0, 0, 0, 0, 0, 0, 0], [1, 1, 1, 1, 1, 1, 1, 1, 1, 1, 1, 1, 1, 1, 1, 1, 1, 1, 1, -1, 1, 1, 1, 1, 1, 1, 1, 1, 1, 1, 1, 1, 1, 1, 1, 1, 1, 1, 1, 1, 1, 1], [0, 0, 0, 0, 0, 0, 0, 0, 0, 0, 0, 0, 0, 0, 0, 0, 0, 0, 0, 0, -1, 0, 0, 0, 0, 0, 0, 0, 0, 0, 0, 0, 0, 0, 0, 0, 0, 0, 0, 0, 0, 0], [0, 0, 0, 0, 0, 0, 0, 0, 0, 0, 0, 0, 0, 0, 0, 0, 0, 0, 0, 0, 0, -1, 0, 0, 0, 0, 0, 0, 0, 0, 0, 0, 0, 0, 0, 0, 0, 0, 0, 0, 0, 0], [0, 0, 0, 0, 0, 0, 0, 0, 0, 0, 0, 0, 0, 0, 0, 0, 0, 0, 0, 0, 0, 0, -1, 0, 0, 0, 0, 0, 0, 0, 0, 0, 0, 0, 0, 0, 0, 0, 0, 0, 0, 0], [0, 0, 0, 0, 0, 0, 0, 0, 0, 0, 0, 0, 0, 0, 0, 0, 0, 0, 0, 0, 0, 0, 0, -1, 0, 0, 0, 0, 0, 0, 0, 0, 0, 0, 0, 0, 0, 0, 0, 0, 0, 0], [2, 2, 2, 2, 2, 2, 2, 2, 2, 2, 2, 2, 2, 2, 2, 2, 2, 2, 2, 2, 2, 2, 2, 2, -1, 2, 2, 2, 2, 2, 2, 2, 2, 2, 2, 2, 2, 2, 2, 2, 2, 2], [0, 0, 0, 0, 0, 0, 0, 0, 0, 0, 0, 0, 0, 0, 0, 0, 0, 0, 0, 0, 0, 0, 0, 0, 0, -1, 0, 0, 0, 0, 0, 0, 0, 0, 0, 0, 0, 0, 0, 0, 0, 0], [1, 1, 1, 1, 1, 1, 1, 1, 1, 1, 1, 1, 1, 1, 1, 1, 1, 1, 1, 1, 1, 1, 1, 1, 1, 1, -1, 1, 1, 1, 1, 1, 1, 1, 1, 1, 1, 1, 1, 1, 1, 1], [0, 0, 0, 0, 0, 0, 0, 0, 0, 0, 0, 0, 0, 0, 0, 0, 0, 0, 0, 0, 0, 0, 0, 0, 0, 0, 0, -1, 0, 0, 0, 0, 0, 0, 0, 0, 0, 0, 0, 0, 0, 0], [0, 0, 0, 0, 0, 0, 0, 0, 0, 0, 0, 0, 0, 0, 0, 0, 0, 0, 0, 0, 0, 0, 0, 0, 0, 0, 0, 0, -1, 0, 0, 0, 0, 0, 0, 0, 0, 0, 0, 0, 0, 0], [1, 1, 1, 1, 1, 1, 1, 1, 1, 1, 1, 1, 1, 1, 1, 1, 1, 1, 1, 1, 1, 1, 1, 1, 1, 1, 1, 1, 1, -1, 1, 1, 1, 1, 1, 1, 1, 1, 1, 1, 1, 1], [0, 0, 0, 0, 0, 0, 0, 0, 0, 0, 0, 0, 0, 0, 0, 0, 0, 0, 0, 0, 0, 0, 0, 0, 0, 0, 0, 0, 0, 0, -1, 0, 0, 0, 0, 0, 0, 0, 0, 0, 0, 0], [0, 0, 0, 0, 0, 0, 0, 0, 0, 0, 0, 0, 0, 0, 0, 0, 0, 0, 0, 0, 0, 0, 0, 0, 0, 0, 0, 0, 0, 0, 0, -1, 0, 0, 0, 0, 0, 0, 0, 0, 0, 0], [1, 1, 1, 1, 1, 1, 1, 1, 1, 1, 1, 1, 1, 1, 1, 1, 1, 1, 1, 1, 1, 1, 1, 1, 1, 1, 1, 1, 1, 1, 1, 1, -1, 1, 1, 1, 1, 1, 1, 1, 1, 1], [0, 0, 0, 0, 0, 0, 0, 0, 0, 0, 0, 0, 0, 0, 0, 0, 0, 0, 0, 0, 0, 0, 0, 0, 0, 0, 0, 0, 0, 0, 0, 0, 0, -1, 0, 0, 0, 0, 0, 0, 0, 0], [0, 0, 0, 0, 0, 0, 0, 0, 0, 0, 0, 0, 0, 0, 0, 0, 0, 0, 0, 0, 0, 0, 0, 0, 0, 0, 0, 0, 0, 0, 0, 0, 0, 0, -1, 0, 0, 0, 0, 0, 0, 0], [0, 0, 0, 0, 0, 0, 0, 0, 0, 0, 0, 0, 0, 0, 0, 0, 0, 0, 0, 0, 0, 0, 0, 0, 0, 0, 0, 0, 0, 0, 0, 0, 0, 0, 0, -1, 0, 0, 0, 0, 0, 0], [1, 1, 1, 1, 1, 1, 1, 1, 1, 1, 1, 1, 1, 1, 1, 1, 1, 1, 1, 1, 1, 1, 1, 1, 1, 1, 1, 1, 1, 1, 1, 1, 1, 1, 1, 1, -1, 1, 1, 1, 1, 1], [0, 0, 0, 0, 0, 0, 0, 0, 0, 0, 0, 0, 0, 0, 0, 0, 0, 0, 0, 0, 0, 0, 0, 0, 0, 0, 0, 0, 0, 0, 0, 0, 0, 0, 0, 0, 0, -1, 0, 0, 0, 0], [1, 1, 1, 1, 1, 1, 1, 1, 1, 1, 1, 1, 1, 1, 1, 1, 1, 1, 1, 1, 1, 1, 1, 1, 1, 1, 1, 1, 1, 1, 1, 1, 1, 1, 1, 1, 1, 1, -1, 1, 1, 1], [1, 1, 1, 1, 1, 1, 1, 1, 1, 1, 1, 1, 1, 1, 1, 1, 1, 1, 1, 1, 1, 1, 1, 1, 1, 1, 1, 1, 1, 1, 1, 1, 1, 1, 1, 1, 1, 1, 1, -1, 1, 1], [0, 0, 0, 0, 0, 0, 0, 0, 0, 0, 0, 0, 0, 0, 0, 0, 0, 0, 0, 0, 0, 0, 0, 0, 0, 0, 0, 0, 0, 0, 0, 0, 0, 0, 0, 0, 0, 0, 0, 0, -1, 0], [2, 2, 2, 2, 2, 2, 2, 2, 2, 2, 2, 2, 2, 2, 2, 2, 2, 2, 2, 2, 2, 2, 2, 2, 2, 2, 2, 2, 2, 2, 2, 2, 2, 2, 2, 2, 2, 2, 2, 2, 2, -1]], "speed_zone_count": 73, "speed_zones": [[0.0, 15.0], [15.0, 30.0], [30.0, 45.0], [45.0, 60.0], [60.0, 75.0], [75.0, 90.0], [90.0, 105.0], [105.0, 120.0], [120.0, 135.0], [135.0, 150.0], [150.0, 165.0], [165.0, 180.0], [180.0, 195.0], [195.0, 210.0], [210.0, 225.0], [225.0, 240.0], [240.0, 255.0], [255.0, 270.0], [270.0, 285.0], [285.0, 300.0], [300.0, 315.0], [315.0, 330.0], [330.0, 345.0], [345.0, 360.0], [360.0, 375.0], [375.0, 390.0], [390.0, 405.0], [405.0, 420.0], [420.0, 435.0], [435.0, 450.0], [450.0, 465.0], [465.0, 480.0], [480.0, 495.0], [495.0, 510.0], [510.0, 525.0], [525.0, 540.0], [540.0, 555.0], [555.0, 570.0], [570.0, 585.0], [585.0, 600.0], [600.0, 615.0], [615.0, 630.0], [630.0, 645.0], [645.0, 660.0], [660.0, 675.0], [675.0, 690.0], [690.0, 705.0], [705.0, 720.0], [720.0, 735.0], [735.0, 750.0], [750.0, 765.0], [765.0, 780.0], [780.0, 795.0], [795.0, 810.0], [810.0, 825.0], [825.0, 840.0], [840.0, 855.0], [855.0, 870.0], [870.0, 885.0], [885.0, 900.0], [900.0, 915.0], [915.0, 930.0], [930.0, 945.0], [945.0, 960.0], [960.0, 975.0], [975.0, 990.0], [990.0, 1005.0], [1005.0, 1020.0], [1020.0, 1035.0], [1035.0, 1050.0], [1050.0, 1065.0], [1065.0, 1080.0], [1080.0, 5000.0]], "distances": [[0.0, 85.2, 81.24, 61.56, 65.58, 86.97, 78.78, 76.51, 96.57, 56.83, 74.78, 59.29, 70.37, 71.36, 69.81, 69.51, 82.13, 85.1, 73.83, 55.87, 66.94, 81.31, 72.75, 71.71, 97.41, 56.71, 58.51, 72.65, 60.47, 87.24, 67.82, 82.45, 54.65, 83.17, 57.35, 69.31, 64.0, 66.16, 74.89, 82.08, 71.46, 0.0], [0.0, 0.0, 5.3, 23.68, 19.62, 11.05, 10.38, 9.61, 24.53, 29.11, 11.07, 26.53, 19.2, 18.97, 24.84, 15.69, 7.27, 11.44, 15.98, 30.54, 18.29, 9.65, 20.9, 17.62, 20.3, 29.01, 28.95, 13.39, 24.78, 6.33, 17.4, 15.73, 30.59, 14.95, 27.86, 15.91, 27.92, 20.97, 20.77, 16.42, 13.94, 85.2], [0.0, 5.3, 0.0, 19.75, 16.07, 15.32, 11.62, 4.78, 29.28, 24.66, 6.47, 22.11, 18.6, 13.68, 19.56, 12.25, 9.93, 6.14, 10.68, 25.96, 14.89, 12.06, 15.66, 17.18, 25.4, 24.66, 24.11, 8.69, 20.83, 11.17, 13.96, 10.88, 26.62, 11.89, 24.18, 12.58, 22.66, 16.05, 21.83, 19.2, 9.83, 81.24], [0.0, 23.68, 19.75, 0.0, 4.37, 27.58, 19.12, 15.1, 40.32, 6.43, 13.34, 4.33, 14.62, 13.8, 17.37, 8.11, 21.74, 23.68, 14.77, 8.32, 5.79, 21.66, 17.11, 14.93, 38.98, 5.98, 8.88, 11.41, 9.79, 26.51, 6.53, 20.91, 6.91, 21.61, 4.63, 8.0, 14.42, 7.71, 21.34, 25.48, 9.92, 61.56], [0.0, 19.62, 16.07, 4.37, 0.0, 23.22, 14.78, 11.66, 36.1, 10.69, 9.94, 8.34, 11.29, 13.19, 18.08, 12.48, 17.37, 19.53, 13.23, 12.51, 10.16, 17.31, 16.81, 11.27, 34.64, 10.31, 12.47, 8.44, 5.42, 22.17, 10.9, 17.11, 11.09, 17.7, 8.24, 12.37, 16.47, 8.18, 17.94, 21.4, 6.4, 65.58], [0.0, 11.05, 15.32, 27.58, 23.22, 0.0, 8.5, 17.85, 14.14, 33.87, 18.56, 31.43, 16.77, 27.83, 34.09, 19.87, 6.31, 9.8, 25.15, 35.64, 21.81, 5.93, 30.47, 15.33, 11.46, 33.53, 34.97, 20.59, 28.59, 4.99, 21.18, 14.17, 33.96, 13.0, 30.7, 19.83, 35.99, 27.81, 14.5, 7.44, 19.83, 86.97], [0.0, 10.38, 11.62, 19.12, 14.78, 8.5, 0.0, 11.88, 21.6, 25.46, 11.93, 23.05, 9.45, 21.24, 27.56, 11.62, 14.0, 9.38, 19.02, 27.26, 13.38, 14.42, 24.38, 7.85, 19.86, 25.09, 26.79, 13.51, 20.12, 8.83, 12.8, 11.22, 25.46, 10.6, 22.21, 11.53, 28.59, 20.07, 10.46, 8.2, 12.17, 78.78], [0.0, 9.61, 4.78, 15.1, 11.66, 17.85, 11.88, 0.0, 31.99, 19.88, 11.25, 17.33, 16.45, 9.99, 16.24, 8.08, 11.7, 10.1, 7.34, 21.18, 10.62, 13.26, 12.71, 15.26, 28.74, 19.89, 19.4, 13.46, 16.17, 14.55, 9.71, 6.13, 21.92, 7.11, 19.61, 8.47, 18.54, 11.37, 20.96, 20.06, 5.28, 76.51], [0.0, 24.53, 29.28, 40.32, 36.1, 14.14, 21.6, 31.99, 0.0, 46.74, 32.65, 44.44, 27.07, 41.96, 48.24, 33.2, 20.36, 23.38, 39.3, 48.6, 34.76, 19.34, 44.61, 26.09, 6.07, 46.29, 48.34, 34.62, 41.23, 18.22, 34.28, 28.03, 46.1, 26.81, 42.71, 33.08, 49.97, 41.61, 21.71, 15.09, 33.64, 96.57], [0.0, 29.11, 24.66, 6.43, 10.69, 33.87, 25.46, 19.88, 46.74, 0.0, 18.21, 10.05, 20.84, 15.25, 16.43, 14.11, 27.9, 29.26, 17.29, 10.0, 12.08, 27.98, 17.69, 21.27, 45.31, 10.64, 12.92, 15.97, 5.58, 32.51, 12.7, 25.96, 4.41, 26.83, 6.07, 14.08, 11.69, 9.44, 27.52, 31.9, 15.18, 56.83], [0.0, 11.07, 6.47, 13.34, 9.94, 18.56, 11.93, 11.25, 32.65, 18.21, 0.0, 15.65, 15.45, 9.39, 15.71, 6.45, 12.29, 11.44, 7.11, 19.55, 8.93, 13.59, 12.45, 14.37, 29.66, 18.19, 17.88, 12.0, 14.42, 15.61, 8.03, 7.76, 20.18, 8.66, 17.85, 6.85, 17.51, 9.93, 20.37, 20.12, 12.58, 74.78], [0.0, 26.53, 22.11, 4.33, 8.34, 31.43, 23.05, 17.33, 44.44, 10.05, 15.65, 0.0, 18.95, 13.29, 15.29, 11.6, 25.41, 26.69, 15.09, 4.21, 9.69, 25.55, 16.03, 19.25, 42.88, 9.6, 4.66, 13.43, 11.45, 29.97, 10.26, 23.41, 5.64, 24.26, 5.78, 11.6, 11.24, 7.22, 25.67, 29.7, 12.61, 59.29], [0.0, 19.2, 18.6, 14.62, 11.29, 16.77, 9.45, 16.45, 27.07, 20.84, 15.45, 18.95, 0.0, 22.9, 28.62, 10.71, 13.2, 18.4, 21.77, 22.78, 10.45, 11.61, 26.52, 13.46, 27.09, 20.23, 23.45, 15.67, 15.29, 18.23, 10.56, 18.81, 19.35, 18.63, 15.95, 10.32, 27.69, 19.15, 6.72, 12.01, 13.33, 70.37], [0.0, 18.97, 13.68, 13.8, 13.19, 27.83, 21.24, 9.99, 41.96, 15.25, 9.39, 13.29, 22.9, 0.0, 6.33, 12.2, 21.62, 19.72, 13.92, 15.73, 13.2, 22.98, 15.63, 22.21, 38.7, 15.67, 12.86, 7.8, 14.48, 24.46, 12.72, 15.15, 18.91, 16.36, 18.08, 12.61, 9.13, 6.22, 28.75, 29.4, 9.75, 71.36], [0.0, 24.84, 19.56, 17.37, 18.08, 34.09, 27.56, 16.24, 48.24, 16.43, 15.71, 15.29, 28.62, 6.33, 0.0, 17.95, 27.92, 25.69, 8.98, 16.14, 18.44, 29.3, 14.36, 28.09, 44.84, 17.09, 12.82, 14.08, 17.73, 30.57, 18.14, 21.0, 20.71, 22.25, 20.9, 18.33, 5.82, 9.97, 34.73, 35.7, 15.84, 69.81], [0.0, 15.69, 12.25, 8.11, 12.48, 19.87, 11.62, 8.08, 33.2, 14.11, 6.45, 11.6, 10.71, 12.2, 17.95, 0.0, 13.8, 15.61, 11.34, 15.81, 13.22, 14.04, 15.84, 10.14, 31.33, 13.84, 15.16, 5.55, 9.2, 18.44, 12.39, 13.23, 14.97, 13.78, 12.17, 11.56, 17.61, 8.91, 16.83, 18.96, 13.36, 69.51], [0.0, 7.27, 9.93, 21.74, 17.37, 6.31, 14.0, 11.7, 20.36, 27.9, 12.29, 25.41, 13.2, 21.62, 27.92, 13.8, 0.0, 6.11, 19.04, 29.61, 15.94, 11.86, 24.4, 11.6, 17.68, 27.61, 28.78, 14.29, 22.78, 5.17, 15.23, 9.12, 28.34, 8.19, 25.2, 13.82, 29.68, 21.51, 13.63, 9.38, 13.54, 82.13], [0.0, 11.44, 6.14, 23.68, 19.53, 9.8, 9.38, 10.1, 23.38, 29.26, 11.44, 26.69, 18.4, 19.72, 25.69, 15.61, 6.11, 0.0, 16.76, 30.75, 18.16, 8.48, 21.79, 16.81, 19.29, 29.14, 29.29, 13.76, 24.78, 5.17, 17.29, 4.75, 30.57, 13.78, 27.75, 15.8, 28.57, 21.38, 19.69, 15.17, 14.09, 85.1], [0.0, 15.98, 10.68, 14.77, 13.23, 25.15, 19.02, 7.34, 39.3, 17.29, 7.11, 15.09, 21.77, 13.92, 8.98, 11.34, 19.04, 16.76, 0.0, 18.01, 12.91, 20.56, 5.38, 20.9, 35.86, 17.6, 15.37, 6.12, 15.6, 21.59, 12.25, 12.14, 20.57, 13.37, 19.29, 11.78, 12.19, 7.87, 27.22, 27.22, 8.45, 73.83], [0.0, 30.54, 25.96, 8.32, 12.51, 35.64, 27.26, 21.18, 48.6, 10.0, 19.55, 4.21, 22.78, 15.73, 16.14, 15.81, 29.61, 30.75, 18.01, 0.0, 13.88, 29.76, 17.84, 23.2, 47.09, 12.57, 8.87, 17.27, 7.51, 34.14, 14.47, 27.3, 5.59, 28.2, 7.82, 15.81, 10.98, 10.3, 29.46, 33.8, 16.67, 55.87], [0.0, 18.29, 14.89, 5.79, 10.16, 21.81, 13.38, 10.62, 34.76, 12.08, 8.93, 9.69, 10.45, 13.2, 18.44, 13.22, 15.94, 18.16, 12.91, 13.88, 0.0, 15.9, 16.86, 10.27, 33.24, 11.72, 13.69, 7.67, 6.84, 20.75, 9.99, 15.88, 12.5, 16.42, 9.59, 13.67, 17.25, 8.72, 16.99, 20.14, 5.43, 66.94], [0.0, 9.65, 12.06, 21.66, 17.31, 5.93, 14.42, 13.26, 19.34, 27.98, 13.59, 25.55, 11.61, 22.98, 29.3, 14.04, 11.86, 8.48, 20.56, 29.76, 15.9, 0.0, 25.94, 10.05, 17.33, 27.62, 29.19, 15.39, 22.67, 6.69, 15.29, 11.36, 28.04, 10.5, 24.79, 13.98, 30.67, 22.27, 11.35, 7.14, 14.3, 81.31], [0.0, 20.9, 15.66, 17.11, 16.81, 30.47, 24.38, 12.71, 44.61, 17.69, 12.45, 16.03, 26.52, 15.63, 14.36, 15.84, 24.4, 21.79, 5.38, 17.84, 16.86, 25.94, 0.0, 25.8, 41.02, 18.22, 14.68, 11.18, 17.7, 26.75, 16.38, 17.07, 21.66, 18.33, 21.2, 16.26, 9.03, 9.41, 32.28, 32.58, 13.29, 72.75], [0.0, 17.62, 17.18, 14.93, 11.27, 15.33, 7.85, 15.26, 26.09, 21.27, 14.37, 19.25, 13.46, 22.21, 28.09, 10.14, 11.6, 16.81, 20.9, 23.2, 10.27, 10.05, 25.8, 0.0, 25.85, 20.7, 23.65, 14.79, 15.69, 16.64, 10.24, 17.33, 20.09, 17.11, 16.69, 9.78, 27.48, 18.84, 6.74, 11.0, 12.52, 71.71], [0.0, 20.3, 25.4, 38.98, 34.64, 11.46, 19.86, 28.74, 6.07, 45.31, 29.66, 42.88, 27.09, 38.7, 44.84, 31.33, 17.68, 19.29, 35.86, 47.09, 33.24, 17.33, 41.02, 25.85, 0.0, 44.95, 46.43, 31.81, 39.98, 14.27, 32.62, 24.03, 45.24, 22.78, 41.93, 31.29, 47.17, 39.17, 22.89, 15.39, 31.21, 97.41], [0.0, 29.01, 24.66, 5.98, 10.31, 33.53, 25.09, 19.89, 46.29, 10.64, 18.19, 9.6, 20.23, 15.67, 17.09, 13.84, 27.61, 29.14, 17.6, 12.57, 11.72, 27.62, 18.22, 20.7, 44.95, 0.0, 4.94, 15.99, 5.06, 32.27, 12.38, 25.94, 10.87, 26.77, 5.25, 13.8, 12.45, 9.73, 26.89, 31.4, 15.08, 56.71], [0.0, 28.95, 24.11, 8.88, 12.47, 34.97, 26.79, 19.4, 48.34, 12.92, 17.88, 4.66, 23.45, 12.86, 12.82, 15.16, 28.78, 29.29, 15.37, 8.87, 13.69, 29.19, 14.68, 23.65, 46.43, 4.94, 0.0, 15.56, 8.42, 33.03, 14.09, 25.51, 8.51, 26.51, 9.98, 15.26, 7.69, 8.08, 30.17, 33.83, 15.4, 58.51], [0.0, 13.39, 8.69, 11.41, 8.44, 20.59, 13.51, 13.46, 34.62, 15.97, 12.0, 13.43, 15.67, 7.8, 14.08, 5.55, 14.29, 13.76, 6.12, 17.27, 7.67, 15.39, 11.18, 14.79, 31.81, 15.99, 15.56, 0.0, 12.45, 17.85, 6.84, 10.03, 18.14, 10.97, 16.0, 6.0, 15.39, 7.62, 21.14, 21.63, 11.39, 72.65], [0.0, 24.78, 20.83, 9.79, 5.42, 28.59, 20.12, 16.17, 41.23, 5.58, 14.42, 11.45, 15.29, 14.48, 17.73, 9.2, 22.78, 24.78, 15.6, 7.51, 6.84, 22.67, 17.7, 15.69, 39.98, 5.06, 8.42, 12.45, 0.0, 27.58, 7.6, 22.0, 5.81, 22.71, 10.31, 9.08, 14.44, 8.31, 22.0, 26.34, 11.01, 60.47], [0.0, 6.33, 11.17, 26.51, 22.17, 4.99, 8.83, 14.55, 18.22, 32.51, 15.61, 29.97, 18.23, 24.46, 30.57, 18.44, 5.17, 5.17, 21.59, 34.14, 20.75, 6.69, 26.75, 16.64, 14.27, 32.27, 33.03, 17.85, 27.58, 0.0, 19.98, 9.85, 33.23, 8.61, 30.16, 18.51, 33.07, 25.4, 17.68, 11.65, 17.63, 87.24], [0.0, 17.4, 13.96, 6.53, 10.9, 21.18, 12.8, 9.71, 34.28, 12.7, 8.03, 10.26, 10.56, 12.72, 18.14, 12.39, 15.23, 17.29, 12.25, 14.47, 9.99, 15.29, 16.38, 10.24, 32.62, 12.38, 14.09, 6.84, 7.6, 19.98, 0.0, 14.95, 13.32, 15.51, 10.47, 12.84, 17.24, 8.61, 16.98, 19.78, 4.55, 67.82], [0.0, 15.73, 10.88, 20.91, 17.11, 14.17, 11.22, 6.13, 28.03, 25.96, 7.76, 23.41, 18.81, 15.15, 21.0, 13.23, 9.12, 4.75, 12.14, 27.3, 15.88, 11.36, 17.07, 17.33, 24.03, 25.94, 25.51, 10.03, 22.0, 9.85, 14.95, 0.0, 27.8, 13.24, 25.28, 13.53, 24.14, 17.46, 21.6, 18.48, 10.99, 82.45], [0.0, 30.59, 26.62, 6.91, 11.09, 33.96, 25.46, 21.92, 46.1, 4.41, 20.18, 5.64, 19.35, 18.91, 20.71, 14.97, 28.34, 30.57, 20.57, 5.59, 12.5, 28.04, 21.66, 20.09, 45.24, 10.87, 8.51, 18.14, 5.81, 33.23, 13.32, 27.8, 0.0, 28.52, 10.48, 14.82, 16.1, 12.77, 25.8, 31.05, 16.81, 54.65], [0.0, 14.95, 11.89, 21.61, 17.7, 13.0, 10.6, 7.11, 26.81, 26.83, 8.66, 24.26, 18.63, 16.36, 22.25, 13.78, 8.19, 13.78, 13.37, 28.2, 16.42, 10.5, 18.33, 17.11, 22.78, 26.77, 26.51, 10.97, 22.71, 8.61, 15.51, 13.24, 28.52, 0.0, 25.91, 14.05, 25.31, 18.48, 21.04, 17.57, 11.74, 83.17], [0.0, 27.86, 24.18, 4.63, 8.24, 30.7, 22.21, 19.61, 42.71, 6.07, 17.85, 5.78, 15.95, 18.08, 20.9, 12.17, 25.2, 27.75, 19.29, 7.82, 9.59, 24.79, 21.2, 16.69, 41.93, 5.25, 9.98, 16.0, 10.31, 30.16, 10.47, 25.28, 10.48, 25.91, 0.0, 11.96, 17.01, 11.87, 22.43, 27.65, 14.37, 57.35], [0.0, 15.91, 12.58, 8.0, 12.37, 19.83, 11.53, 8.47, 33.08, 14.08, 6.85, 11.6, 10.32, 12.61, 18.33, 11.56, 13.82, 15.8, 11.78, 15.81, 13.67, 13.98, 16.26, 9.78, 31.29, 13.8, 15.26, 6.0, 9.08, 18.51, 12.84, 13.53, 14.82, 14.05, 11.96, 0.0, 17.89, 9.19, 16.48, 18.76, 13.75, 69.31], [0.0, 27.92, 22.66, 14.42, 16.47, 35.99, 28.59, 18.54, 49.97, 11.69, 17.51, 11.24, 27.69, 9.13, 5.82, 17.61, 29.68, 28.57, 12.19, 10.98, 17.25, 30.67, 9.03, 27.48, 47.17, 12.45, 7.69, 15.39, 14.44, 33.07, 17.24, 24.14, 16.1, 25.31, 17.01, 17.89, 0.0, 8.71, 34.22, 36.42, 16.42, 64.0], [0.0, 20.97, 16.05, 7.71, 8.18, 27.81, 20.07, 11.37, 41.61, 9.44, 9.93, 7.22, 19.15, 6.22, 9.97, 8.91, 21.51, 21.38, 7.87, 10.3, 8.72, 22.27, 9.41, 18.84, 39.17, 9.73, 8.08, 7.62, 8.31, 25.4, 8.61, 17.46, 12.77, 18.48, 11.87, 9.19, 8.71, 0.0, 25.57, 27.77, 7.99, 66.16], [0.0, 20.77, 21.83, 21.34, 17.94, 14.5, 10.46, 20.96, 21.71, 27.52, 20.37, 25.67, 6.72, 28.75, 34.73, 16.83, 13.63, 19.69, 27.22, 29.46, 16.99, 11.35, 32.28, 6.74, 22.89, 26.89, 30.17, 21.14, 22.0, 17.68, 16.98, 21.6, 25.8, 21.04, 22.43, 16.48, 34.22, 25.57, 0.0, 7.64, 19.0, 74.89], [0.0, 16.42, 19.2, 25.48, 21.4, 7.44, 8.2, 20.06, 15.09, 31.9, 20.12, 29.7, 12.01, 29.4, 35.7, 18.96, 9.38, 15.17, 27.22, 33.8, 20.14, 7.14, 32.58, 11.0, 15.39, 31.4, 33.83, 21.63, 26.34, 11.65, 19.78, 18.48, 31.05, 17.57, 27.65, 18.76, 36.42, 27.77, 7.64, 0.0, 20.08, 82.08], [0.0, 13.94, 9.83, 9.92, 6.4, 19.83, 12.17, 5.28, 33.64, 15.18, 12.58, 12.61, 13.33, 9.75, 15.84, 13.36, 13.54, 14.09, 8.45, 16.67, 5.43, 14.3, 13.29, 12.52, 31.21, 15.08, 15.4, 11.39, 11.01, 17.63, 4.55, 10.99, 16.81, 11.74, 14.37, 13.75, 16.42, 7.99, 19.0, 20.08, 0.0, 71.46], [0.0, 0.0, 0.0, 0.0, 0.0, 0.0, 0.0, 0.0, 0.0, 0.0, 0.0, 0.0, 0.0, 0.0, 0.0, 0.0, 0.0, 0.0, 0.0, 0.0, 0.0, 0.0, 0.0, 0.0, 0.0, 0.0, 0.0, 0.0, 0.0, 0.0, 0.0, 0.0, 0.0, 0.0, 0.0, 0.0, 0.0, 0.0, 0.0, 0.0, 0.0, 0.0]], "time_windows": [[0.0, 5000.0], [0.0, 137.0], [0.0, 144.0], [0.0, 171.0], [0.0, 181.0], [0.0, 236.0], [0.0, 265.0], [0.0, 299.0], [0.0, 371.0], [0.0, 448.0], [0.0, 487.0], [0.0, 529.0], [0.0, 588.0], [0.0, 638.0], [0.0, 648.0], [0.0, 677.0], [0.0, 697.0], [0.0, 706.0], [0.0, 730.0], [0.0, 753.0], [0.0, 773.0], [0.0, 799.0], [0.0, 845.0], [0.0, 897.0], [0.0, 943.0], [0.0, 1010.0], [0.0, 1016.0], [0.0, 1036.0], [0.0, 1050.0], [0.0, 1081.0], [0.0, 1103.0], [0.0, 1118.0], [0.0, 1146.0], [0.0, 1175.0], [0.0, 1201.0], [0.0, 1213.0], [0.0, 1230.0], [0.0, 1239.0], [0.0, 1265.0], [0.0, 1272.0], [0.0, 1292.0], [0.0, 5000.0]], "start_depot": 0, "end_depot": 41, "horizon": [0.0, 5000.0]}