{"digraph": {"vertex_count": 42, "arc_count": 1640, "arcs": [[0, 1, 1, 1, 1, 1, 1, 1, 1, 1, 1, 1, 1, 1, 1, 1, 1, 1, 1, 1, 1, 1, 1, 1, 1, 1, 1, 1, 1, 1, 1, 1, 1, 1, 1, 1, 1, 1, 1, 1, 1, 1], [0, 0, 1, 1, 1, 1, 1, 1, 1, 1, 1, 1, 1, 1, 1, 1, 1, 1, 1, 1, 1, 1, 1, 1, 1, 1, 1, 1, 1, 1, 1, 1, 1, 1, 1, 1, 1, 1, 1, 1, 1, 1], [0, 1, 0, 1, 1, 1, 1, 1, 1, 1, 1, 1, 1, 1, 1, 1, 1, 1, 1, 1, 1, 1, 1, 1, 1, 1, 1, 1, 1, 1, 1, 1, 1, 1, 1, 1, 1, 1, 1, 1, 1, 1], [0, 1, 1, 0, 1, 1, 1, 1, 1, 1, 1, 1, 1, 1, 1, 1, 1, 1, 1, 1, 1, 1, 1, 1, 1, 1, 1, 1, 1, 1, 1, 1, 1, 1, 1, 1, 1, 1, 1, 1, 1, 1], [0, 1, 1, 1, 0, 1, 1, 1, 1, 1, 1, 1, 1, 1, 1, 1, 1, 1, 1, 1, 1, 1, 1, 1, 1, 1, 1, 1, 1, 1, 1, 1, 1, 1, 1, 1, 1, 1, 1, 1, 1, 1], [0, 1, 1, 1, 1, 0, 1, 1, 1, 1, 1, 1, 1, 1, 1, 1, 1, 1, 1, 1, 1, 1, 1, 1, 1, 1, 1, 1, 1, 1, 1, 1, 1, 1, 1, 1, 1, 1, 1, 1, 1, 1], [0, 1, 1, 1, 1, 1, 0, 1, 1, 1, 1, 1, 1, 1, 1, 1, 1, 1, 1, 1, 1, 1, 1, 1, 1, 1, 1, 1, 1, 1, 1, 1, 1, 1, 1, 1, 1, 1, 1, 1, 1, 1], [0, 1, 1, 1, 1, 1, 1, 0, 1, 1, 1, 1, 1, 1, 1, 1, 1, 1, 1, 1, 1, 1, 1, 1, 1, 1, 1, 1, 1, 1, 1, 1, 1, 1, 1, 1, 1, 1, 1, 1, 1, 1], [0, 1, 1, 1, 1, 1, 1, 1, 0, 1, 1, 1, 1, 1, 1, 1, 1, 1, 1, 1, 1, 1, 1, 1, 1, 1, 1, 1, 1, 1, 1, 1, 1, 1, 1, 1, 1, 1, 1, 1, 1, 1], [0, 1, 1, 1, 1, 1, 1, 1, 1, 0, 1, 1, 1, 1, 1, 1, 1, 1, 1, 1, 1, 1, 1, 1, 1, 1, 1, 1, 1, 1, 1, 1, 1, 1, 1, 1, 1, 1, 1, 1, 1, 1], [0, 1, 1, 1, 1, 1, 1, 1, 1, 1, 0, 1, 1, 1, 1, 1, 1, 1, 1, 1, 1, 1, 1, 1, 1, 1, 1, 1, 1, 1, 1, 1, 1, 1, 1, 1, 1, 1, 1, 1, 1, 1], [0, 1, 1, 1, 1, 1, 1, 1, 1, 1, 1, 0, 1, 1, 1, 1, 1, 1, 1, 1, 1, 1, 1, 1, 1, 1, 1, 1, 1, 1, 1, 1, 1, 1, 1, 1, 1, 1, 1, 1, 1, 1], [0, 1, 1, 1, 1, 1, 1, 1, 1, 1, 1, 1, 0, 1, 1, 1, 1, 1, 1, 1, 1, 1, 1, 1, 1, 1, 1, 1, 1, 1, 1, 1, 1, 1, 1, 1, 1, 1, 1, 1, 1, 1], [0, 1, 1, 1, 1, 1, 1, 1, 1, 1, 1, 1, 1, 0, 1, 1, 1, 1, 1, 1, 1, 1, 1, 1, 1, 1, 1, 1, 1, 1, 1, 1, 1, 1, 1, 1, 1, 1, 1, 1, 1, 1], [0, 1, 1, 1, 1, 1, 1, 1, 1, 1, 1, 1, 1, 1, 0, 1, 1, 1, 1, 1, 1, 1, 1, 1, 1, 1, 1, 1, 1, 1, 1, 1, 1, 1, 1, 1, 1, 1, 1, 1, 1, 1], [0, 1, 1, 1, 1, 1, 1, 1, 1, 1, 1, 1, 1, 1, 1, 0, 1, 1, 1, 1, 1, 1, 1, 1, 1, 1, 1, 1, 1, 1, 1, 1, 1, 1, 1, 1, 1, 1, 1, 1, 1, 1], [0, 1, 1, 1, 1, 1, 1, 1, 1, 1, 1, 1, 1, 1, 1, 1, 0, 1, 1, 1, 1, 1, 1, 1, 1, 1, 1, 1, 1, 1, 1, 1, 1, 1, 1, 1, 1, 1, 1, 1, 1, 1], [0, 1, 1, 1, 1, 1, 1, 1, 1, 1, 1, 1, 1, 1, 1, 1, 1, 0, 1, 1, 1, 1, 1, 1, 1, 1, 1, 1, 1, 1, 1, 1, 1, 1, 1, 1, 1, 1, 1, 1, 1, 1], [0, 1, 1, 1, 1, 1, 1, 1, 1, 1, 1, 1, 1, 1, 1, 1, 1, 1, 0, 1, 1, 1, 1, 1, 1, 1, 1, 1, 1, 1, 1, 1, 1, 1, 1, 1, 1, 1, 1, 1, 1, 1], [0, 1, 1, 1, 1, 1, 1, 1, 1, 1, 1, 1, 1, 1, 1, 1, 1, 1, 1, 0, 1, 1, 1, 1, 1, 1, 1, 1, 1, 1, 1, 1, 1, 1, 1, 1, 1, 1, 1, 1, 1, 1], [0, 1, 1, 1, 1, 1, 1, 1, 1, 1, 1, 1, 1, 1, 1, 1, 1, 1, 1, 1, 0, 1, 1, 1, 1, 1, 1, 1, 1, 1, 1, 1, 1, 1, 1, 1, 1, 1, 1, 1, 1, 1], [0, 1, 1, 1, 1, 1, 1, 1, 1, 1, 1, 1, 1, 1, 1, 1, 1, 1, 1, 1, 1, 0, 1, 1, 1, 1, 1, 1, 1, 1, 1, 1, 1, 1, 1, 1, 1, 1, 1, 1, 1, 1], [0, 1, 1, 1, 1, 1, 1, 1, 1, 1, 1, 1, 1, 1, 1, 1, 1, 1, 1, 1, 1, 1, 0, 1, 1, 1, 1, 1, 1, 1, 1, 1, 1, 1, 1, 1, 1, 1, 1, 1, 1, 1], [0, 1, 1, 1, 1, 1, 1, 1, 1, 1, 1, 1, 1, 1, 1, 1, 1, 1, 1, 1, 1, 1, 1, 0, 1, 1, 1, 1, 1, 1, 1, 1, 1, 1, 1, 1, 1, 1, 1, 1, 1, 1], [0, 1, 1, 1, 1, 1, 1, 1, 1, 1, 1, 1, 1, 1, 1, 1, 1, 1, 1, 1, 1, 1, 1, 1, 0, 1, 1, 1, 1, 1, 1, 1, 1, 1, 1, 1, 1, 1, 1, 1, 1, 1], [0, 1, 1, 1, 1, 1, 1, 1, 1, 1, 1, 1, 1, 1, 1, 1, 1, 1, 1, 1, 1, 1, 1, 1, 1, 0, 1, 1, 1, 1, 1, 1, 1, 1, 1, 1, 1, 1, 1, 1, 1, 1], [0, 1, 1, 1, 1, 1, 1, 1, 1, 1, 1, 1, 1, 1, 1, 1, 1, 1, 1, 1, 1, 1, 1, 1, 1, 1, 0, 1, 1, 1, 1, 1, 1, 1, 1, 1, 1, 1, 1, 1, 1, 1], [0, 1, 1, 1, 1, 1, 1, 1, 1, 1, 1, 1, 1, 1, 1, 1, 1, 1, 1, 1, 1, 1, 1, 1, 1, 1, 1, 0, 1, 1, 1, 1, 1, 1, 1, 1, 1, 1, 1, 1, 1, 1], [0, 1, 1, 1, 1, 1, 1, 1, 1, 1, 1, 1, 1, 1, 1, 1, 1, 1, 1, 1, 1, 1, 1, 1, 1, 1, 1, 1, 0, 1, 1, 1, 1, 1, 1, 1, 1, 1, 1, 1, 1, 1], [0, 1, 1, 1, 1, 1, 1, 1, 1, 1, 1, 1, 1, 1, 1, 1, 1, 1, 1, 1, 1, 1, 1, 1, 1, 1, 1, 1, 1, 0, 1, 1, 1, 1, 1, 1, 1, 1, 1, 1, 1, 1], [0, 1, 1, 1, 1, 1, 1, 1, 1, 1, 1, 1, 1, 1, 1, 1, 1, 1, 1, 1, 1, 1, 1, 1, 1, 1, 1, 1, 1, 1, 0, 1, 1, 1, 1, 1, 1, 1, 1, 1, 1, 1], [0, 1, 1, 1, 1, 1, 1, 1, 1, 1, 1, 1, 1, 1, 1, 1, 1, 1, 1, 1, 1, 1, 1, 1, 1, 1, 1, 1, 1, 1, 1, 0, 1, 1, 1, 1, 1, 1, 1, 1, 1, 1], [0, 1, 1, 1, 1, 1, 1, 1, 1, 1, 1, 1, 1, 1, 1, 1, 1, 1, 1, 1, 1, 1, 1, 1, 1, 1, 1, 1, 1, 1, 1, 1, 0, 1, 1, 1, 1, 1, 1, 1, 1, 1], [0, 1, 1, 1, 1, 1, 1, 1, 1, 1, 1, 1, 1, 1, 1, 1, 1, 1, 1, 1, 1, 1, 1, 1, 1, 1, 1, 1, 1, 1, 1, 1, 1, 0, 1, 1, 1, 1, 1, 1, 1, 1], [0, 1, 1, 1, 1, 1, 1, 1, 1, 1, 1, 1, 1, 1, 1, 1, 1, 1, 1, 1, 1, 1, 1, 1, 1, 1, 1, 1, 1, 1, 1, 1, 1, 1, 0, 1, 1, 1, 1, 1, 1, 1], [0, 1, 1, 1, 1, 1, 1, 1, 1, 1, 1, 1, 1, 1, 1, 1, 1, 1, 1, 1, 1, 1, 1, 1, 1, 1, 1, 1, 1, 1, 1, 1, 1, 1, 1, 0, 1, 1, 1, 1, 1, 1], [0, 1, 1, 1, 1, 1, 1, 1, 1, 1, 1, 1, 1, 1, 1, 1, 1, 1, 1, 1, 1, 1, 1, 1, 1, 1, 1, 1, 1, 1, 1, 1, 1, 1, 1, 1, 0, 1, 1, 1, 1, 1], [0, 1, 1, 1, 1, 1, 1, 1, 1, 1, 1, 1, 1, 1, 1, 1, 1, 1, 1, 1, 1, 1, 1, 1, 1, 1, 1, 1, 1, 1, 1, 1, 1, 1, 1, 1, 1, 0, 1, 1, 1, 1], [0, 1, 1, 1, 1, 1, 1, 1, 1, 1, 1, 1, 1, 1, 1, 1, 1, 1, 1, 1, 1, 1, 1, 1, 1, 1, 1, 1, 1, 1, 1, 1, 1, 1, 1, 1, 1, 1, 0, 1, 1, 1], [0, 1, 1, 1, 1, 1, 1, 1, 1, 1, 1, 1, 1, 1, 1, 1, 1, 1, 1, 1, 1, 1, 1, 1, 1, 1, 1, 1, 1, 1, 1, 1, 1, 1, 1, 1, 1, 1, 1, 0, 1, 1], [0, 1, 1, 1, 1, 1, 1, 1, 1, 1, 1, 1, 1, 1, 1, 1, 1, 1, 1, 1, 1, 1, 1, 1, 1, 1, 1, 1, 1, 1, 1, 1, 1, 1, 1, 1, 1, 1, 1, 1, 0, 1], [0, 0, 0, 0, 0, 0, 0, 0, 0, 0, 0, 0, 0, 0, 0, 0, 0, 0, 0, 0, 0, 0, 0, 0, 0, 0, 0, 0, 0, 0, 0, 0, 0, 0, 0, 0, 0, 0, 0, 0, 0, 0]]}, "cluster_count": 3, "cluster_speeds": [[0.925, 0.85, 0.925, 1.0, 0.8325, 0.765, 0.8325, 0.9, 0.4625, 0.425, 0.4625, 0.5, 0.30525, 0.2805, 0.30525, 0.33, 0.37, 0.34, 0.37, 0.4, 0.555, 0.51, 0.555, 0.6, 0.6475, 0.595, 0.6475, 0.7, 0.37, 0.34, 0.37, 0.4, 0.30525, 0.2805, 0.30525, 0.33, 0.4625, 0.425, 0.4625, 0.5, 0.6475, 0.595, 0.6475, 0.7, 0.74, 0.68, 0.74, 0.8, 0.6475, 0.595, 0.6475, 0.7, 0.4625, 0.425, 0.4625, 0.5, 0.555, 0.51, 0.555, 0.6, 0.6475, 0.595, 0.6475, 0.7, 0.8325, 0.765, 0.8325, 0.9, 0.925, 0.85, 0.925, 1.0, 1.0], [0.8325, 0.765, 0.8325, 0.9, 0.7492500000000001, 0.6885, 0.7492500000000001, 0.81, 0.41625, 0.3825, 0.41625, 0.45, 0.27472500000000005, 0.25245, 0.27472500000000005, 0.29700000000000004, 0.333, 0.30600000000000005, 0.333, 0.36000000000000004, 0.49950000000000006, 0.459, 0.49950000000000006, 0.54, 0.6475, 0.595, 0.6475, 0.7, 0.37, 0.34, 0.37, 0.4, 0.30525, 0.2805, 0.30525, 0.33, 0.4625, 0.425, 0.4625, 0.5, 0.6475, 0.595, 0.6475, 0.7, 0.74, 0.68, 0.74, 0.8, 0.58275, 0.5355, 0.58275, 0.63, 0.41625, 0.3825, 0.41625, 0.45, 0.49950000000000006, 0.459, 0.49950000000000006, 0.54, 0.58275, 0.5355, 0.58275, 0.63, 0.7492500000000001, 0.6885, 0.7492500000000001, 0.81, 0.8325, 0.765, 0.8325, 0.9, 0.9], [0.87875, 0.8075, 0.87875, 0.95, 0.790875, 0.72675, 0.790875, 0.855, 0.439375, 0.40375, 0.439375, 0.475, 0.2899875, 0.266475, 0.2899875, 0.3135, 0.3515, 0.323, 0.3515, 0.38, 0.52725, 0.4845, 0.52725, 0.57, 0.6475, 0.595, 0.6475, 0.7, 0.37, 0.34, 0.37, 0.4, 0.30525, 0.2805, 0.30525, 0.33, 0.4625, 0.425, 0.4625, 0.5, 0.6475, 0.595, 0.6475, 0.7, 0.74, 0.68, 0.74, 0.8, 0.6151249999999999, 0.5652499999999999, 0.6151249999999999, 0.6649999999999999, 0.439375, 0.40375, 0.439375, 0.475, 0.52725, 0.4845, 0.52725, 0.57, 0.6151249999999999, 0.5652499999999999, 0.6151249999999999, 0.6649999999999999, 0.790875, 0.72675, 0.790875, 0.855, 0.87875, 0.8075, 0.87875, 0.95, 0.95]], "clusters": [[-1, 2, 2, 2, 2, 2, 2, 2, 2, 2, 2, 2, 2, 2, 2, 2, 2, 2, 2, 2, 2, 2, 2, 2, 2, 2, 2, 2, 2, 2, 2, 2, 2, 2, 2, 2, 2, 2, 2, 2, 2, 2], [0, -1, 0, 0, 0, 0, 0, 0, 0, 0, 0, 0, 0, 0, 0, 0, 0, 0, 0, 0, 0, 0, 0, 0, 0, 0, 0, 0, 0, 0, 0, 0, 0, 0, 0, 0, 0, 0, 0, 0, 0, 0], [1, 1, -1, 1, 1, 1, 1, 1, 1, 1, 1, 1, 1, 1, 1, 1, 1, 1, 1, 1, 1, 1, 1, 1, 1, 1, 1, 1, 1, 1, 1, 1, 1, 1, 1, 1, 1, 1, 1, 1, 1, 1], [0, 0, 0, -1, 0, 0, 0, 0, 0, 0, 0, 0, 0, 0, 0, 0, 0, 0, 0, 0, 0, 0, 0, 0, 0, 0, 0, 0, 0, 0, 0, 0, 0, 0, 0, 0, 0, 0, 0, 0, 0, 0], [0, 0, 0, 0, -1, 0, 0, 0, 0, 0, 0, 0, 0, 0, 0, 0, 0, 0, 0, 0, 0, 0, 0, 0, 0, 0, 0, 0, 0, 0, 0, 0, 0, 0, 0, 0, 0, 0, 0, 0, 0, 0], [0, 0, 0, 0, 0, -1, 0, 0, 0, 0, 0, 0, 0, 0, 0, 0, 0, 0, 0, 0, 0, 0, 0, 0, 0, 0, 0, 0, 0, 0, 0, 0, 0, 0, 0, 0, 0, 0, 0, 0, 0, 0], [0, 0, 0, 0, 0, 0, -1, 0, 0, 0, 0, 0, 0, 0, 0, 0, 0, 0, 0, 0, 0, 0, 0, 0, 0, 0, 0, 0, 0, 0, 0, 0, 0, 0, 0, 0, 0, 0, 0, 0, 0, 0], [0, 0, 0, 0, 0, 0, 0, -1, 0, 0, 0, 0, 0, 0, 0, 0, 0, 0, 0, 0, 0, 0, 0, 0, 0, 0, 0, 0, 0, 0, 0, 0, 0, 0, 0, 0, 0, 0, 0, 0, 0, 0], [0, 0, 0, 0, 0, 0, 0, 0, -1, 0, 0, 0, 0, 0, 0, 0, 0, 0, 0, 0, 0, 0, 0, 0, 0, 0, 0, 0, 0, 0, 0, 0, 0, 0, 0, 0, 0, 0, 0, 0, 0, 0], [0, 0, 0, 0, 0, 0, 0, 0, 0, -1, 0, 0, 0, 0, 0, 0, 0, 0, 0, 0, 0, 0, 0, 0, 0, 0, 0, 0, 0, 0, 0, 0, 0, 0, 0, 0, 0, 0, 0, 0, 0, 0], [0, 0, 0, 0, 0, 0, 0, 0, 0, 0, -1, 0, 0, 0, 0, 0, 0, 0, 0, 0, 0, 0, 0, 0, 0, 0, 0, 0, 0, 0, 0, 0, 0, 0, 0, 0, 0, 0, 0, 0, 0, 0], [0, 0, 0, 0, 0, 0, 0, 0, 0, 0, 0, -1, 0, 0, 0, 0, 0, 0, 0, 0, 0, 0, 0, 0, 0, 0, 0, 0, 0, 0, 0, 0, 0, 0, 0, 0, 0, 0, 0, 0, 0, 0], [1, 1, 1, 1, 1, 1, 1, 1, 1, 1, 1, 1, -1, 1, 1, 1, 1, 1, 1, 1, 1, 1, 1, 1, 1, 1, 1, 1, 1, 1, 1, 1, 1, 1, 1, 1, 1, 1, 1, 1, 1, 1], [0, 0, 0, 0, 0, 0, 0, 0, 0, 0, 0, 0, 0, -1, 0, 0, 0, 0, 0, 0, 0, 0, 0, 0, 0, 0, 0, 0, 0, 0, 0, 0, 0, 0, 0, 0, 0, 0, 0, 0, 0, 0], [0, 0, 0, 0, 0, 0, 0, 0, 0, 0, 0, 0, 0, 0, -1, 0, 0, 0, 0, 0, 0, 0, 0, 0, 0, 0, 0, 0, 0, 0, 0, 0, 0, 0, 0, 0, 0, 0, 0, 0, 0, 0], [1, 1, 1, 1, 1, 1, 1, 1, 1, 1, 1, 1, 1, 1, 1, -1, 1, 1, 1, 1, 1, 1, 1, 1, 1, 1, 1, 1, 1, 1, 1, 1, 1, 1, 1, 1, 1, 1, 1, 1, 1, 1], [0, 0, 0, 0, 0, 0, 0, 0, 0, 0, 0, 0, 0, 0, 0, 0, -1, 0, 0, 0, 0, 0, 0, 0, 0, 0, 0, 0, 0, 0, 0, 0, 0, 0, 0, 0, 0, 0, 0, 0, 0, 0], [0, 0, 0, 0, 0, 0, 0, 0, 0, 0, 0, 0, 0, 0, 0, 0, 0, -1, 0, 0, 0, 0, 0, 0, 0, 0, 0, 0, 0, 0, 0, 0, 0, 0, 0, 0, 0, 0, 0, 0, 0, 0], [0, 0, 0, 0, 0, 0, 0, 0, 0, 0, 0, 0, 0, 0, 0, 0, 0, 0, -1, 0, 0, 0, 0, 0, 0, 0, 0, 0, 0, 0, 0, 0, 0, 0, 0, 0, 0, 0, 0, 0, 0, 0], [0, 0, 0, 0, 0, 0, 0, 0, 0, 0, 0, 0, 0, 0, 0, 0, 0, 0, 0, -1, 0, 0, 0, 0, 0, 0, 0, 0, 0, 0, 0, 0, 0, 0, 0, 0, 0, 0, 0, 0, 0, 0], [0, 0, 0, 0, 0, 0, 0, 0, 0, 0, 0, 0, 0, 0, 0, 0, 0, 0, 0, 0, -1, 0, 0, 0, 0, 0, 0, 0, 0, 0, 0, 0, 0, 0, 0, 0, 0, 0, 0, 0, 0, 0], [0, 0, 0, 0, 0, 0, 0, 0, 0, 0, 0, 0, 0, 0, 0, 0, 0, 0, 0, 0, 0, -1, 0, 0, 0, 0, 0, 0, 0, 0, 0, 0, 0, 0, 0, 0, 0, 0, 0, 0, 0, 0], [0, 0, 0, 0, 0, 0, 0, 0, 0, 0, 0, 0, 0, 0, 0, 0, 0, 0, 0, 0, 0, 0, -1, 0, 0, 0, 0, 0, 0, 0, 0, 0, 0, 0, 0, 0, 0, 0, 0, 0, 0, 0], [0, 0, 0, 0, 0, 0, 0, 0, 0, 0, 0, 0, 0, 0, 0, 0, 0, 0, 0, 0, 0, 0, 0, -1, 0, 0, 0, 0, 0, 0, 0, 0, 0, 0, 0, 0, 0, 0, 0, 0, 0, 0], [0, 0, 0, 0, 0, 0, 0, 0, 0, 0, 0, 0, 0, 0, 0, 0, 0, 0, 0, 0, 0, 0, 0, 0, -1, 0, 0, 0, 0, 0, 0, 0, 0, 0, 0, 0, 0, 0, 0, 0, 0, 0], [2, 2, 2, 2, 2, 2, 2, 2, 2, 2, 2, 2, 2, 2, 2, 2, 2, 2, 2, 2, 2, 2, 2, 2, 2, -1, 2, 2, 2, 2, 2, 2, 2, 2, 2, 2, 2, 2, 2, 2, 2, 2], [0, 0, 0, 0, 0, 0, 0, 0, 0, 0, 0, 0, 0, 0, 0, 0, 0, 0, 0, 0, 0, 0, 0, 0, 0, 0, -1, 0, 0, 0, 0, 0, 0, 0, 0, 0, 0, 0, 0, 0, 0, 0], [0, 0, 0, 0, 0, 0, 0, 0, 0, 0, 0, 0, 0, 0, 0, 0, 0, 0, 0, 0, 0, 0, 0, 0, 0, 0, 0, -1, 0, 0, 0, 0, 0, 0, 0, 0, 0, 0, 0, 0, 0, 0], [1, 1, 1, 1, 1, 1, 1, 1, 1, 1, 1, 1, 1, 1, 1, 1, 1, 1, 1, 1, 1, 1, 1, 1, 1, 1, 1, 1, -1, 1, 1, 1, 1, 1, 1, 1, 1, 1, 1, 1, 1, 1], [0, 0, 0, 0, 0, 0, 0, 0, 0, 0, 0, 0, 0, 0, 0, 0, 0, 0, 0, 0, 0, 0, 0, 0, 0, 0, 0, 0, 0, -1, 0, 0, 0, 0, 0, 0, 0, 0, 0, 0, 0, 0], [0, 0, 0, 0, 0, 0, 0, 0, 0, 0, 0, 0, 0, 0, 0, 0, 0, 0, 0, 0, 0, 0, 0, 0, 0, 0, 0, 0, 0, 0, -1, 0, 0, 0, 0, 0, 0, 0, 0, 0, 0, 0], [0, 0, 0, 0, 0, 0, 0, 0, 0, 0, 0, 0, 0, 0, 0, 0, 0, 0, 0, 0, 0, 0, 0, 0, 0, 0, 0, 0, 0, 0, 0, -1, 0, 0, 0, 0, 0, 0, 0, 0, 0, 0], [0, 0, 0, 0, 0, 0, 0, 0, 0, 0, 0, 0, 0, 0, 0, 0, 0, 0, 0, 0, 0, 0, 0, 0, 0, 0, 0, 0, 0, 0, 0, 0, -1, 0, 0, 0, 0, 0, 0, 0, 0, 0], [0, 0, 0, 0, 0, 0, 0, 0, 0, 0, 0, 0, 0, 0, 0, 0, 0, 0, 0, 0, 0, 0, 0, 0, 0, 0, 0, 0, 0, 0, 0, 0, 0, -1, 0, 0, 0, 0, 0, 0, 0, 0], [0, 0, 0, 0, 0, 0, 0, 0, 0, 0, 0, 0, 0, 0, 0, 0, 0, 0, 0, 0, 0, 0, 0, 0, 0, 0, 0, 0, 0, 0, 0, 0, 0, 0, -1, 0, 0, 0, 0, 0, 0, 0], [0, 0, 0, 0, 0, 0, 0, 0, 0, 0, 0, 0, 0, 0, 0, 0, 0, 0, 0, 0, 0, 0, 0, 0, 0, 0, 0, 0, 0, 0, 0, 0, 0, 0, 0, -1, 0, 0, 0, 0, 0, 0], [0, 0, 0, 0, 0, 0, 0, 0, 0, 0, 0, 0, 0, 0, 0, 0, 0, 0, 0, 0, 0, 0, 0, 0, 0, 0, 0, 0, 0, 0, 0, 0, 0, 0, 0, 0, -1, 0, 0, 0, 0, 0], [0, 0, 0, 0, 0, 0, 0, 0, 0, 0, 0, 0, 0, 0, 0, 0, 0, 0, 0, 0, 0, 0, 0, 0, 0, 0, 0, 0, 0, 0, 0, 0, 0, 0, 0, 0, 0, -1, 0, 0, 0, 0], [0, 0, 0, 0, 0, 0, 0, 0, 0, 0, 0, 0, 0, 0, 0, 0, 0, 0, 0, 0, 0, 0, 0, 0, 0, 0, 0, 0, 0, 0, 0, 0, 0, 0, 0, 0, 0, 0, -1, 0, 0, 0], [0, 0, 0, 0, 0, 0, 0, 0, 0, 0, 0, 0, 0, 0, 0, 0, 0, 0, 0, 0, 0, 0, 0, 0, 0, 0, 0, 0, 0, 0, 0, 0, 0, 0, 0, 0, 0, 0, 0, -1, 0, 0], [0, 0, 0, 0, 0, 0, 0, 0, 0, 0, 0, 0, 0, 0, 0, 0, 0, 0, 0, 0, 0, 0, 0, 0, 0, 0, 0, 0, 0, 0, 0, 0, 0, 0, 0, 0, 0, 0, 0, 0, -1, 0], [2, 2, 2, 2, 2, 2, 2, 2, 2, 2, 2, 2, 2, 2, 2, 2, 2, 2, 2, 2, 2, 2, 2, 2, 2, 2, 2, 2, 2, 2, 2, 2, 2, 2, 2, 2, 2, 2, 2, 2, 2, -1]], "speed_zone_count": 73, "speed_zones": [[0.0, 15.0], [15.0, 30.0], [30.0, 45.0], [45.0, 60.0], [60.0, 75.0], [75.0, 90.0], [90.0, 105.0], [105.0, 120.0], [120.0, 135.0], [135.0, 150.0], [150.0, 165.0], [165.0, 180.0], [180.0, 195.0], [195.0, 210.0], [210.0, 225.0], [225.0, 240.0], [240.0, 255.0], [255.0, 270.0], [270.0, 285.0], [285.0, 300.0], [300.0, 315.0], [315.0, 330.0], [330.0, 345.0], [345.0, 360.0], [360.0, 375.0], [375.0, 390.0], [390.0, 405.0], [405.0, 420.0], [420.0, 435.0], [435.0, 450.0], [450.0, 465.0], [465.0, 480.0], [480.0, 495.0], [495.0, 510.0], [510.0, 525.0], [525.0, 540.0], [540.0, 555.0], [555.0, 570.0], [570.0, 585.0], [585.0, 600.0], [600.0, 615.0], [615.0, 630.0], [630.0, 645.0], [645.0, 660.0], [660.0, 675.0], [675.0, 690.0], [690.0, 705.0], [705.0, 720.0], [720.0, 735.0], [735.0, 750.0], [750.0, 765.0], [765.0, 780.0], [780.0, 795.0], [795.0, 810.0], [810.0, 825.0], [825.0, 840.0], [840.0, 855.0], [855.0, 870.0], [870.0, 885.0], [885.0, 900.0], [900.0, 915.0], [915.0, 930.0], [930.0, 945.0], [945.0, 960.0], [960.0, 975.0], [975.0, 990.0], [990.0, 1005.0], [1005.0, 1020.0], [1020.0, 1035.0], [1035.0, 1050.0], [1050.0, 1065.0], [1065.0, 1080.0], [1080.0, 5000.0]], "distances": [[0.0, 77.67, 88.72, 78.81, 71.19, 64.29, 61.75, 76.35, 58.07, 70.04, 67.81, 63.67, 82.31, 76.01, 63.72, 79.42, 80.75, 64.45, 70.14, 72.3, 74.57, 69.56, 63.98, 65.36, 72.59, 62.96, 72.92, 72.13, 87.0, 66.07, 80.14, 82.72, 67.9, 61.53, 79.66, 75.64, 74.06, 69.81, 62.67, 77.09, 60.5, 0.0], [0.0, 0.0, 11.07, 11.24, 8.47, 13.76, 16.51, 6.15, 20.11, 8.6, 15.93, 14.4, 11.6, 12.37, 16.28, 10.49, 5.59, 13.69, 17.15, 9.62, 4.69, 8.11, 22.51, 19.14, 13.18, 34.45, 8.11, 13.03, 9.53, 11.94, 11.89, 5.36, 10.28, 20.54, 4.36, 7.0, 8.42, 8.2, 19.02, 6.76, 19.09, 77.67], [0.0, 11.07, 0.0, 9.95, 18.26, 24.58, 27.27, 13.6, 30.93, 19.01, 24.45, 25.22, 13.73, 13.55, 26.34, 15.04, 9.02, 24.46, 24.35, 18.18, 14.85, 19.17, 30.84, 27.74, 20.26, 41.57, 17.6, 20.4, 11.93, 22.77, 8.66, 6.11, 21.0, 30.1, 9.67, 14.57, 17.14, 19.18, 28.6, 13.3, 29.4, 88.72], [0.0, 11.24, 9.95, 0.0, 8.64, 14.64, 17.33, 5.2, 20.99, 9.14, 15.71, 15.27, 12.72, 5.88, 16.68, 11.92, 9.84, 14.53, 16.57, 9.28, 6.55, 9.36, 22.3, 18.99, 12.48, 33.99, 9.98, 12.41, 8.93, 12.82, 10.94, 12.94, 11.06, 20.74, 11.15, 6.16, 10.27, 9.74, 19.22, 5.58, 19.63, 78.81], [0.0, 8.47, 18.26, 8.64, 0.0, 7.17, 9.47, 5.17, 13.13, 10.66, 7.67, 7.72, 19.3, 10.13, 8.09, 17.46, 9.62, 6.92, 9.64, 9.75, 9.35, 5.45, 14.15, 10.75, 6.52, 26.33, 11.7, 6.11, 17.57, 5.62, 9.73, 12.17, 11.95, 12.12, 8.66, 4.56, 12.92, 7.52, 10.6, 5.98, 11.15, 71.19], [0.0, 13.76, 24.58, 14.64, 7.17, 0.0, 14.1, 12.28, 6.36, 5.78, 9.12, 9.37, 22.19, 13.4, 4.8, 19.7, 16.49, 9.31, 12.47, 9.04, 12.07, 6.08, 13.38, 10.47, 11.52, 25.57, 12.51, 10.96, 23.29, 10.49, 15.93, 18.5, 11.29, 9.16, 15.37, 11.72, 13.99, 7.53, 7.95, 13.13, 6.1, 64.29], [0.0, 16.51, 27.27, 17.33, 9.47, 14.1, 0.0, 14.64, 12.75, 8.32, 9.31, 10.51, 24.86, 16.16, 10.26, 22.32, 19.0, 13.91, 12.74, 10.94, 14.82, 8.86, 12.18, 9.75, 12.7, 23.94, 15.06, 12.14, 26.04, 4.58, 18.61, 21.17, 6.27, 7.44, 17.93, 13.98, 16.54, 10.18, 6.56, 15.42, 12.19, 61.75], [0.0, 6.15, 13.6, 5.2, 5.17, 12.28, 14.64, 0.0, 18.3, 6.55, 10.92, 12.85, 17.73, 9.59, 12.96, 16.59, 4.64, 12.06, 11.42, 4.58, 9.54, 8.88, 17.44, 14.23, 7.3, 28.88, 12.79, 7.27, 13.51, 10.63, 5.74, 7.74, 8.8, 16.5, 10.51, 9.73, 13.59, 10.33, 15.02, 8.92, 16.12, 76.35], [0.0, 20.11, 30.93, 20.99, 13.13, 6.36, 12.75, 18.3, 0.0, 12.0, 11.8, 5.72, 27.88, 19.48, 6.51, 25.22, 22.68, 6.46, 15.12, 14.47, 18.09, 12.25, 12.86, 11.26, 15.79, 23.51, 17.9, 15.25, 29.64, 8.18, 22.27, 24.84, 9.93, 7.83, 21.62, 17.62, 19.36, 13.29, 7.65, 19.07, 11.29, 58.07], [0.0, 8.6, 19.01, 9.14, 10.66, 5.78, 8.32, 6.55, 12.0, 0.0, 8.47, 6.39, 18.75, 9.52, 7.69, 16.7, 10.71, 5.6, 10.87, 4.38, 8.53, 11.72, 14.69, 11.3, 8.12, 27.02, 10.49, 7.66, 18.01, 12.08, 10.36, 12.9, 10.59, 12.05, 9.62, 6.1, 11.8, 5.97, 10.55, 7.45, 10.51, 70.04], [0.0, 15.93, 24.45, 15.71, 7.67, 9.12, 9.31, 10.92, 11.8, 8.47, 0.0, 9.18, 26.97, 17.79, 5.37, 25.09, 15.43, 8.76, 13.11, 6.44, 16.94, 12.0, 6.59, 11.18, 4.84, 18.65, 18.93, 4.44, 24.4, 9.06, 16.54, 18.66, 8.72, 6.32, 14.91, 9.92, 20.27, 14.16, 5.15, 11.15, 8.0, 67.81], [0.0, 14.4, 25.22, 15.27, 7.72, 9.37, 10.51, 12.85, 5.72, 6.39, 9.18, 0.0, 22.77, 14.02, 4.57, 20.26, 17.09, 9.08, 12.56, 9.5, 12.68, 6.71, 13.14, 10.33, 11.82, 25.25, 13.05, 11.26, 23.93, 10.26, 16.56, 19.13, 4.23, 8.78, 15.99, 12.28, 14.53, 8.1, 7.64, 13.69, 5.57, 63.67], [0.0, 11.6, 13.73, 12.72, 19.3, 22.19, 24.86, 17.73, 27.88, 18.75, 26.97, 22.77, 0.0, 9.23, 26.05, 14.52, 15.7, 22.28, 28.59, 20.98, 10.3, 16.22, 33.4, 30.0, 24.72, 45.63, 10.04, 24.54, 10.34, 20.63, 12.84, 12.83, 19.56, 30.61, 14.98, 18.6, 8.64, 14.68, 29.14, 18.26, 28.23, 82.31], [0.0, 12.37, 13.55, 5.88, 10.13, 13.4, 16.16, 9.59, 19.48, 9.52, 17.79, 14.02, 9.23, 0.0, 16.92, 7.35, 9.61, 13.44, 19.61, 12.02, 11.19, 7.31, 24.18, 20.78, 15.94, 36.44, 4.26, 15.68, 11.16, 11.71, 6.89, 8.72, 10.46, 21.44, 8.4, 10.25, 4.4, 6.31, 19.96, 10.38, 19.3, 76.01], [0.0, 16.28, 26.34, 16.68, 8.09, 4.8, 10.26, 12.96, 6.51, 7.69, 5.37, 4.57, 26.05, 16.92, 0.0, 23.75, 17.57, 4.51, 8.78, 8.62, 15.75, 9.89, 8.58, 5.81, 9.32, 20.8, 16.81, 8.79, 25.61, 5.69, 17.81, 20.26, 6.49, 4.59, 16.7, 12.12, 18.28, 11.76, 10.52, 13.55, 10.14, 63.72], [0.0, 10.49, 15.04, 11.92, 17.46, 19.7, 22.32, 16.59, 25.22, 16.7, 25.09, 20.26, 14.52, 7.35, 23.75, 0.0, 15.3, 19.82, 26.96, 19.37, 8.17, 13.86, 31.39, 28.0, 23.25, 43.72, 7.32, 23.01, 11.73, 18.22, 12.34, 12.92, 17.29, 28.34, 14.39, 17.37, 5.88, 12.16, 26.9, 17.24, 25.78, 79.42], [0.0, 5.59, 9.02, 9.84, 9.62, 16.49, 19.0, 4.64, 22.68, 10.71, 15.43, 17.09, 15.7, 9.61, 17.57, 15.3, 0.0, 16.31, 15.49, 9.2, 10.23, 12.04, 21.84, 18.73, 11.35, 32.87, 13.68, 11.45, 9.35, 14.74, 10.18, 10.94, 12.9, 21.14, 9.95, 5.57, 14.01, 12.87, 19.66, 4.28, 20.71, 80.75], [0.0, 13.69, 24.46, 14.53, 6.92, 9.31, 13.91, 12.06, 6.46, 5.6, 8.76, 9.08, 22.28, 13.44, 4.51, 19.82, 16.31, 0.0, 12.1, 8.74, 12.12, 6.13, 13.08, 10.14, 11.17, 25.29, 12.66, 10.61, 23.22, 10.19, 15.81, 18.37, 10.99, 8.92, 15.21, 11.48, 14.14, 7.66, 7.68, 12.9, 5.97, 64.45], [0.0, 17.15, 24.35, 16.57, 9.64, 12.47, 12.74, 11.42, 15.12, 10.87, 13.11, 12.56, 28.59, 19.61, 8.78, 26.96, 15.49, 12.1, 0.0, 7.61, 18.94, 14.62, 6.86, 4.79, 12.63, 17.46, 21.31, 12.33, 24.78, 12.22, 17.16, 18.96, 11.6, 8.77, 15.26, 10.43, 22.56, 16.8, 7.96, 11.34, 11.2, 70.14], [0.0, 9.62, 18.18, 9.28, 9.75, 9.04, 10.94, 4.58, 14.47, 4.38, 6.44, 9.5, 20.98, 12.02, 8.62, 19.37, 9.2, 8.74, 7.61, 0.0, 11.44, 8.06, 13.02, 9.74, 11.28, 24.82, 14.07, 10.88, 17.98, 7.75, 10.1, 12.28, 6.21, 11.94, 8.55, 10.48, 15.22, 10.11, 10.47, 5.0, 11.84, 72.3], [0.0, 4.69, 14.85, 6.55, 9.35, 12.07, 14.82, 9.54, 18.09, 8.53, 16.94, 12.68, 10.3, 11.19, 15.75, 8.17, 10.23, 12.12, 18.94, 11.44, 0.0, 6.0, 23.22, 19.83, 15.43, 35.55, 9.93, 15.13, 12.56, 10.42, 7.72, 9.77, 9.26, 20.3, 8.95, 10.08, 11.4, 4.88, 18.84, 10.41, 18.02, 74.57], [0.0, 8.11, 19.17, 9.36, 5.45, 6.08, 8.86, 8.88, 12.25, 11.72, 12.0, 6.71, 16.22, 7.31, 9.89, 13.86, 12.04, 6.13, 14.62, 8.06, 6.0, 0.0, 17.83, 14.51, 11.93, 30.23, 7.04, 11.48, 17.53, 4.42, 10.72, 13.27, 10.94, 14.48, 10.76, 8.8, 8.46, 10.53, 13.06, 9.88, 12.03, 69.56], [0.0, 22.51, 30.84, 22.3, 14.15, 13.38, 12.18, 17.44, 12.86, 14.69, 6.59, 13.14, 33.4, 24.18, 8.58, 31.39, 21.84, 13.08, 6.86, 13.02, 23.22, 17.83, 0.0, 11.65, 10.65, 12.41, 24.87, 10.45, 30.94, 14.07, 23.11, 25.17, 14.36, 5.03, 21.42, 16.43, 26.27, 19.89, 5.62, 17.58, 8.93, 63.98], [0.0, 19.14, 27.74, 18.99, 10.75, 10.47, 9.75, 14.23, 11.26, 11.3, 11.18, 10.33, 30.0, 20.78, 5.81, 28.0, 18.73, 10.14, 4.79, 9.74, 19.83, 14.51, 11.65, 0.0, 7.84, 15.75, 21.55, 7.54, 27.71, 10.94, 19.84, 21.97, 11.07, 10.4, 18.22, 13.23, 22.94, 16.61, 12.75, 14.45, 7.18, 65.36], [0.0, 13.18, 20.26, 12.48, 6.52, 11.52, 12.7, 7.3, 15.79, 8.12, 4.84, 11.82, 24.72, 15.94, 9.32, 23.25, 11.35, 11.17, 12.63, 11.28, 15.43, 11.93, 10.65, 7.84, 0.0, 21.6, 18.1, 9.28, 20.63, 10.69, 13.02, 14.81, 9.52, 11.15, 11.11, 6.32, 19.24, 14.04, 9.92, 7.19, 12.38, 72.59], [0.0, 34.45, 41.57, 33.99, 26.33, 25.57, 23.94, 28.88, 23.51, 27.02, 18.65, 25.25, 45.63, 36.44, 20.8, 43.72, 32.87, 25.29, 17.46, 24.82, 35.55, 30.23, 12.41, 15.75, 21.6, 0.0, 37.27, 21.61, 42.21, 26.41, 34.61, 36.39, 26.77, 16.52, 32.71, 27.88, 38.68, 32.29, 17.62, 28.79, 20.27, 62.96], [0.0, 8.11, 17.6, 9.98, 11.7, 12.51, 15.06, 12.79, 17.9, 10.49, 18.93, 13.05, 10.04, 4.26, 16.81, 7.32, 13.68, 12.66, 21.31, 14.07, 9.93, 7.04, 24.87, 21.55, 18.1, 37.27, 0.0, 17.74, 14.95, 11.16, 11.09, 12.99, 10.51, 21.4, 12.4, 13.24, 8.66, 5.05, 20.02, 13.71, 18.61, 72.92], [0.0, 13.03, 20.4, 12.41, 6.11, 10.96, 12.14, 7.27, 15.25, 7.66, 4.44, 11.26, 24.54, 15.68, 8.79, 23.01, 11.45, 10.61, 12.33, 10.88, 15.13, 11.48, 10.45, 7.54, 9.28, 21.61, 17.74, 0.0, 20.68, 10.14, 13.0, 14.87, 9.0, 10.74, 11.14, 6.27, 18.9, 13.6, 9.48, 7.23, 11.86, 72.13], [0.0, 9.53, 11.93, 8.93, 17.57, 23.29, 26.04, 13.51, 29.64, 18.01, 24.4, 23.93, 10.34, 11.16, 25.61, 11.73, 9.35, 23.22, 24.78, 17.98, 12.56, 17.53, 30.94, 27.71, 20.63, 42.21, 14.95, 20.68, 0.0, 21.47, 7.9, 5.82, 19.8, 29.65, 9.55, 14.51, 14.32, 17.2, 28.14, 13.45, 28.52, 87.0], [0.0, 11.94, 22.77, 12.82, 5.62, 10.49, 4.58, 10.63, 8.18, 12.08, 9.06, 10.26, 20.63, 11.71, 5.69, 18.22, 14.74, 10.19, 12.22, 7.75, 10.42, 4.42, 14.07, 10.94, 10.69, 26.41, 11.16, 10.14, 21.47, 0.0, 14.12, 16.69, 10.85, 10.25, 13.6, 10.14, 12.63, 6.11, 8.91, 11.52, 7.61, 66.07], [0.0, 11.89, 8.66, 10.94, 9.73, 15.93, 18.61, 5.74, 22.27, 10.36, 16.54, 16.56, 12.84, 6.89, 17.81, 12.34, 10.18, 15.81, 17.16, 10.1, 7.72, 10.72, 23.11, 19.84, 13.02, 34.61, 11.09, 13.0, 7.9, 14.12, 0.0, 13.48, 12.34, 21.77, 11.73, 6.74, 11.27, 11.1, 20.26, 5.9, 20.81, 80.14], [0.0, 5.36, 6.11, 12.94, 12.17, 18.5, 21.17, 7.74, 24.84, 12.9, 18.66, 19.13, 12.83, 8.72, 20.26, 12.92, 10.94, 18.37, 18.96, 12.28, 9.77, 13.27, 25.17, 21.97, 14.81, 36.39, 12.99, 14.87, 5.82, 16.69, 13.48, 0.0, 14.91, 24.11, 9.72, 8.74, 12.94, 13.54, 22.6, 7.63, 23.29, 82.72], [0.0, 10.28, 21.0, 11.06, 11.95, 11.29, 6.27, 8.8, 9.93, 10.59, 8.72, 4.23, 19.56, 10.46, 6.49, 17.29, 12.9, 10.99, 11.6, 6.21, 9.26, 10.94, 14.36, 11.07, 9.52, 26.77, 10.51, 9.0, 19.8, 10.85, 12.34, 14.91, 0.0, 11.06, 11.77, 8.34, 11.94, 5.54, 9.61, 9.7, 8.91, 67.9], [0.0, 20.54, 30.1, 20.74, 12.12, 9.16, 7.44, 16.5, 7.83, 12.05, 6.32, 8.78, 30.61, 21.44, 4.59, 28.34, 21.14, 8.92, 8.77, 11.94, 20.3, 14.48, 5.03, 10.4, 11.15, 16.52, 21.4, 10.74, 29.65, 10.25, 21.77, 24.11, 11.06, 0.0, 20.43, 15.57, 22.86, 16.35, 10.65, 16.92, 13.96, 61.53], [0.0, 4.36, 9.67, 11.15, 8.66, 15.37, 17.93, 10.51, 21.62, 9.62, 14.91, 15.99, 14.98, 8.4, 16.7, 14.39, 9.95, 15.21, 15.26, 8.55, 8.95, 10.76, 21.42, 18.22, 11.11, 32.71, 12.4, 11.14, 9.55, 13.6, 11.73, 9.72, 11.77, 20.43, 0.0, 4.99, 12.78, 11.55, 18.93, 11.12, 19.8, 79.66], [0.0, 7.0, 14.57, 6.16, 4.56, 11.72, 13.98, 9.73, 17.62, 6.1, 9.92, 12.28, 18.6, 10.25, 12.12, 17.37, 5.57, 11.48, 10.43, 10.48, 10.08, 8.8, 16.43, 13.23, 6.32, 27.88, 13.24, 6.27, 14.51, 10.14, 6.74, 8.74, 8.34, 15.57, 4.99, 0.0, 14.12, 10.42, 14.09, 9.85, 15.31, 75.64], [0.0, 8.42, 17.14, 10.27, 12.92, 13.99, 16.54, 13.59, 19.36, 11.8, 20.27, 14.53, 8.64, 4.4, 18.28, 5.88, 14.01, 14.14, 22.56, 15.22, 11.4, 8.46, 26.27, 22.94, 19.24, 38.68, 8.66, 18.9, 14.32, 12.63, 11.27, 12.94, 11.94, 22.86, 12.78, 14.12, 0.0, 6.52, 21.48, 14.46, 20.09, 74.06], [0.0, 8.2, 19.18, 9.74, 7.52, 7.53, 10.18, 10.33, 13.29, 5.97, 14.16, 8.1, 14.68, 6.31, 11.76, 12.16, 12.87, 7.66, 16.8, 10.11, 4.88, 10.53, 19.89, 16.61, 14.04, 32.29, 5.05, 13.6, 17.2, 6.11, 11.1, 13.54, 5.54, 16.35, 11.55, 10.42, 6.52, 0.0, 14.97, 11.34, 13.62, 69.81], [0.0, 19.02, 28.6, 19.22, 10.6, 7.95, 6.56, 15.02, 7.65, 10.55, 5.15, 7.64, 29.14, 19.96, 10.52, 26.9, 19.66, 7.68, 7.96, 10.47, 18.84, 13.06, 5.62, 12.75, 9.92, 17.62, 20.02, 9.48, 28.14, 8.91, 20.26, 22.6, 9.61, 10.65, 18.93, 14.09, 21.48, 14.97, 0.0, 15.47, 13.15, 62.67], [0.0, 6.76, 13.3, 5.58, 5.98, 13.13, 15.42, 8.92, 19.07, 7.45, 11.15, 13.69, 18.26, 10.38, 13.55, 17.24, 4.28, 12.9, 11.34, 5.0, 10.41, 9.88, 17.58, 14.45, 7.19, 28.79, 13.71, 7.23, 13.45, 11.52, 5.9, 7.63, 9.7, 16.92, 11.12, 9.85, 14.46, 11.34, 15.47, 0.0, 16.75, 77.09], [0.0, 19.09, 29.4, 19.63, 11.15, 6.1, 12.19, 16.12, 11.29, 10.51, 8.0, 5.57, 28.23, 19.3, 10.14, 25.78, 20.71, 5.97, 11.2, 11.84, 18.02, 12.03, 8.93, 7.18, 12.38, 20.27, 18.61, 11.86, 28.52, 7.61, 20.81, 23.29, 8.91, 13.96, 19.8, 15.31, 20.09, 13.62, 13.15, 16.75, 0.0, 60.5], [0.0, 0.0, 0.0, 0.0, 0.0, 0.0, 0.0, 0.0, 0.0, 0.0, 0.0, 0.0, 0.0, 0.0, 0.0, 0.0, 0.0, 0.0, 0.0, 0.0, 0.0, 0.0, 0.0, 0.0, 0.0, 0.0, 0.0, 0.0, 0.0, 0.0, 0.0, 0.0, 0.0, 0.0, 0.0, 0.0, 0.0, 0.0, 0.0, 0.0, 0.0, 0.0]], "time_windows": [[0.0, 5000.0], [0.0, 128.0], [0.0, 142.0], [0.0, 153.0], [0.0, 165.0], [0.0, 180.0], [0.0, 211.0], [0.0, 255.0], [0.0, 309.0], [0.0, 340.0], [0.0, 355.0], [0.0, 373.0], [0.0, 411.0], [0.0, 426.0], [0.0, 452.0], [0.0, 510.0], [0.0, 558.0], [0.0, 601.0], [0.0, 627.0], [0.0, 642.0], [0.0, 660.0], [0.0, 670.0], [0.0, 697.0], [0.0, 713.0], [0.0, 724.0], [0.0, 753.0], [0.0, 810.0], [0.0, 843.0], [0.0, 886.0], [0.0, 926.0], [0.0, 949.0], [0.0, 971.0], [0.0, 993.0], [0.0, 1008.0], [0.0, 1034.0], [0.0, 1040.0], [0.0, 1056.0], [0.0, 1063.0], [0.0, 1079.0], [0.0, 1097.0], [0.0, 1114.0], [0.0, 5000.0]], "start_depot": 0, "end_depot": 41, "horizon": [0.0, 5000.0]}