{"digraph": {"vertex_count": 42, "arc_count": 1640, "arcs": [[0, 1, 1, 1, 1, 1, 1, 1, 1, 1, 1, 1, 1, 1, 1, 1, 1, 1, 1, 1, 1, 1, 1, 1, 1, 1, 1, 1, 1, 1, 1, 1, 1, 1, 1, 1, 1, 1, 1, 1, 1, 1], [0, 0, 1, 1, 1, 1, 1, 1, 1, 1, 1, 1, 1, 1, 1, 1, 1, 1, 1, 1, 1, 1, 1, 1, 1, 1, 1, 1, 1, 1, 1, 1, 1, 1, 1, 1, 1, 1, 1, 1, 1, 1], [0, 1, 0, 1, 1, 1, 1, 1, 1, 1, 1, 1, 1, 1, 1, 1, 1, 1, 1, 1, 1, 1, 1, 1, 1, 1, 1, 1, 1, 1, 1, 1, 1, 1, 1, 1, 1, 1, 1, 1, 1, 1], [0, 1, 1, 0, 1, 1, 1, 1, 1, 1, 1, 1, 1, 1, 1, 1, 1, 1, 1, 1, 1, 1, 1, 1, 1, 1, 1, 1, 1, 1, 1, 1, 1, 1, 1, 1, 1, 1, 1, 1, 1, 1], [0, 1, 1, 1, 0, 1, 1, 1, 1, 1, 1, 1, 1, 1, 1, 1, 1, 1, 1, 1, 1, 1, 1, 1, 1, 1, 1, 1, 1, 1, 1, 1, 1, 1, 1, 1, 1, 1, 1, 1, 1, 1], [0, 1, 1, 1, 1, 0, 1, 1, 1, 1, 1, 1, 1, 1, 1, 1, 1, 1, 1, 1, 1, 1, 1, 1, 1, 1, 1, 1, 1, 1, 1, 1, 1, 1, 1, 1, 1, 1, 1, 1, 1, 1], [0, 1, 1, 1, 1, 1, 0, 1, 1, 1, 1, 1, 1, 1, 1, 1, 1, 1, 1, 1, 1, 1, 1, 1, 1, 1, 1, 1, 1, 1, 1, 1, 1, 1, 1, 1, 1, 1, 1, 1, 1, 1], [0, 1, 1, 1, 1, 1, 1, 0, 1, 1, 1, 1, 1, 1, 1, 1, 1, 1, 1, 1, 1, 1, 1, 1, 1, 1, 1, 1, 1, 1, 1, 1, 1, 1, 1, 1, 1, 1, 1, 1, 1, 1], [0, 1, 1, 1, 1, 1, 1, 1, 0, 1, 1, 1, 1, 1, 1, 1, 1, 1, 1, 1, 1, 1, 1, 1, 1, 1, 1, 1, 1, 1, 1, 1, 1, 1, 1, 1, 1, 1, 1, 1, 1, 1], [0, 1, 1, 1, 1, 1, 1, 1, 1, 0, 1, 1, 1, 1, 1, 1, 1, 1, 1, 1, 1, 1, 1, 1, 1, 1, 1, 1, 1, 1, 1, 1, 1, 1, 1, 1, 1, 1, 1, 1, 1, 1], [0, 1, 1, 1, 1, 1, 1, 1, 1, 1, 0, 1, 1, 1, 1, 1, 1, 1, 1, 1, 1, 1, 1, 1, 1, 1, 1, 1, 1, 1, 1, 1, 1, 1, 1, 1, 1, 1, 1, 1, 1, 1], [0, 1, 1, 1, 1, 1, 1, 1, 1, 1, 1, 0, 1, 1, 1, 1, 1, 1, 1, 1, 1, 1, 1, 1, 1, 1, 1, 1, 1, 1, 1, 1, 1, 1, 1, 1, 1, 1, 1, 1, 1, 1], [0, 1, 1, 1, 1, 1, 1, 1, 1, 1, 1, 1, 0, 1, 1, 1, 1, 1, 1, 1, 1, 1, 1, 1, 1, 1, 1, 1, 1, 1, 1, 1, 1, 1, 1, 1, 1, 1, 1, 1, 1, 1], [0, 1, 1, 1, 1, 1, 1, 1, 1, 1, 1, 1, 1, 0, 1, 1, 1, 1, 1, 1, 1, 1, 1, 1, 1, 1, 1, 1, 1, 1, 1, 1, 1, 1, 1, 1, 1, 1, 1, 1, 1, 1], [0, 1, 1, 1, 1, 1, 1, 1, 1, 1, 1, 1, 1, 1, 0, 1, 1, 1, 1, 1, 1, 1, 1, 1, 1, 1, 1, 1, 1, 1, 1, 1, 1, 1, 1, 1, 1, 1, 1, 1, 1, 1], [0, 1, 1, 1, 1, 1, 1, 1, 1, 1, 1, 1, 1, 1, 1, 0, 1, 1, 1, 1, 1, 1, 1, 1, 1, 1, 1, 1, 1, 1, 1, 1, 1, 1, 1, 1, 1, 1, 1, 1, 1, 1], [0, 1, 1, 1, 1, 1, 1, 1, 1, 1, 1, 1, 1, 1, 1, 1, 0, 1, 1, 1, 1, 1, 1, 1, 1, 1, 1, 1, 1, 1, 1, 1, 1, 1, 1, 1, 1, 1, 1, 1, 1, 1], [0, 1, 1, 1, 1, 1, 1, 1, 1, 1, 1, 1, 1, 1, 1, 1, 1, 0, 1, 1, 1, 1, 1, 1, 1, 1, 1, 1, 1, 1, 1, 1, 1, 1, 1, 1, 1, 1, 1, 1, 1, 1], [0, 1, 1, 1, 1, 1, 1, 1, 1, 1, 1, 1, 1, 1, 1, 1, 1, 1, 0, 1, 1, 1, 1, 1, 1, 1, 1, 1, 1, 1, 1, 1, 1, 1, 1, 1, 1, 1, 1, 1, 1, 1], [0, 1, 1, 1, 1, 1, 1, 1, 1, 1, 1, 1, 1, 1, 1, 1, 1, 1, 1, 0, 1, 1, 1, 1, 1, 1, 1, 1, 1, 1, 1, 1, 1, 1, 1, 1, 1, 1, 1, 1, 1, 1], [0, 1, 1, 1, 1, 1, 1, 1, 1, 1, 1, 1, 1, 1, 1, 1, 1, 1, 1, 1, 0, 1, 1, 1, 1, 1, 1, 1, 1, 1, 1, 1, 1, 1, 1, 1, 1, 1, 1, 1, 1, 1], [0, 1, 1, 1, 1, 1, 1, 1, 1, 1, 1, 1, 1, 1, 1, 1, 1, 1, 1, 1, 1, 0, 1, 1, 1, 1, 1, 1, 1, 1, 1, 1, 1, 1, 1, 1, 1, 1, 1, 1, 1, 1], [0, 1, 1, 1, 1, 1, 1, 1, 1, 1, 1, 1, 1, 1, 1, 1, 1, 1, 1, 1, 1, 1, 0, 1, 1, 1, 1, 1, 1, 1, 1, 1, 1, 1, 1, 1, 1, 1, 1, 1, 1, 1], [0, 1, 1, 1, 1, 1, 1, 1, 1, 1, 1, 1, 1, 1, 1, 1, 1, 1, 1, 1, 1, 1, 1, 0, 1, 1, 1, 1, 1, 1, 1, 1, 1, 1, 1, 1, 1, 1, 1, 1, 1, 1], [0, 1, 1, 1, 1, 1, 1, 1, 1, 1, 1, 1, 1, 1, 1, 1, 1, 1, 1, 1, 1, 1, 1, 1, 0, 1, 1, 1, 1, 1, 1, 1, 1, 1, 1, 1, 1, 1, 1, 1, 1, 1], [0, 1, 1, 1, 1, 1, 1, 1, 1, 1, 1, 1, 1, 1, 1, 1, 1, 1, 1, 1, 1, 1, 1, 1, 1, 0, 1, 1, 1, 1, 1, 1, 1, 1, 1, 1, 1, 1, 1, 1, 1, 1], [0, 1, 1, 1, 1, 1, 1, 1, 1, 1, 1, 1, 1, 1, 1, 1, 1, 1, 1, 1, 1, 1, 1, 1, 1, 1, 0, 1, 1, 1, 1, 1, 1, 1, 1, 1, 1, 1, 1, 1, 1, 1], [0, 1, 1, 1, 1, 1, 1, 1, 1, 1, 1, 1, 1, 1, 1, 1, 1, 1, 1, 1, 1, 1, 1, 1, 1, 1, 1, 0, 1, 1, 1, 1, 1, 1, 1, 1, 1, 1, 1, 1, 1, 1], [0, 1, 1, 1, 1, 1, 1, 1, 1, 1, 1, 1, 1, 1, 1, 1, 1, 1, 1, 1, 1, 1, 1, 1, 1, 1, 1, 1, 0, 1, 1, 1, 1, 1, 1, 1, 1, 1, 1, 1, 1, 1], [0, 1, 1, 1, 1, 1, 1, 1, 1, 1, 1, 1, 1, 1, 1, 1, 1, 1, 1, 1, 1, 1, 1, 1, 1, 1, 1, 1, 1, 0, 1, 1, 1, 1, 1, 1, 1, 1, 1, 1, 1, 1], [0, 1, 1, 1, 1, 1, 1, 1, 1, 1, 1, 1, 1, 1, 1, 1, 1, 1, 1, 1, 1, 1, 1, 1, 1, 1, 1, 1, 1, 1, 0, 1, 1, 1, 1, 1, 1, 1, 1, 1, 1, 1], [0, 1, 1, 1, 1, 1, 1, 1, 1, 1, 1, 1, 1, 1, 1, 1, 1, 1, 1, 1, 1, 1, 1, 1, 1, 1, 1, 1, 1, 1, 1, 0, 1, 1, 1, 1, 1, 1, 1, 1, 1, 1], [0, 1, 1, 1, 1, 1, 1, 1, 1, 1, 1, 1, 1, 1, 1, 1, 1, 1, 1, 1, 1, 1, 1, 1, 1, 1, 1, 1, 1, 1, 1, 1, 0, 1, 1, 1, 1, 1, 1, 1, 1, 1], [0, 1, 1, 1, 1, 1, 1, 1, 1, 1, 1, 1, 1, 1, 1, 1, 1, 1, 1, 1, 1, 1, 1, 1, 1, 1, 1, 1, 1, 1, 1, 1, 1, 0, 1, 1, 1, 1, 1, 1, 1, 1], [0, 1, 1, 1, 1, 1, 1, 1, 1, 1, 1, 1, 1, 1, 1, 1, 1, 1, 1, 1, 1, 1, 1, 1, 1, 1, 1, 1, 1, 1, 1, 1, 1, 1, 0, 1, 1, 1, 1, 1, 1, 1], [0, 1, 1, 1, 1, 1, 1, 1, 1, 1, 1, 1, 1, 1, 1, 1, 1, 1, 1, 1, 1, 1, 1, 1, 1, 1, 1, 1, 1, 1, 1, 1, 1, 1, 1, 0, 1, 1, 1, 1, 1, 1], [0, 1, 1, 1, 1, 1, 1, 1, 1, 1, 1, 1, 1, 1, 1, 1, 1, 1, 1, 1, 1, 1, 1, 1, 1, 1, 1, 1, 1, 1, 1, 1, 1, 1, 1, 1, 0, 1, 1, 1, 1, 1], [0, 1, 1, 1, 1, 1, 1, 1, 1, 1, 1, 1, 1, 1, 1, 1, 1, 1, 1, 1, 1, 1, 1, 1, 1, 1, 1, 1, 1, 1, 1, 1, 1, 1, 1, 1, 1, 0, 1, 1, 1, 1], [0, 1, 1, 1, 1, 1, 1, 1, 1, 1, 1, 1, 1, 1, 1, 1, 1, 1, 1, 1, 1, 1, 1, 1, 1, 1, 1, 1, 1, 1, 1, 1, 1, 1, 1, 1, 1, 1, 0, 1, 1, 1], [0, 1, 1, 1, 1, 1, 1, 1, 1, 1, 1, 1, 1, 1, 1, 1, 1, 1, 1, 1, 1, 1, 1, 1, 1, 1, 1, 1, 1, 1, 1, 1, 1, 1, 1, 1, 1, 1, 1, 0, 1, 1], [0, 1, 1, 1, 1, 1, 1, 1, 1, 1, 1, 1, 1, 1, 1, 1, 1, 1, 1, 1, 1, 1, 1, 1, 1, 1, 1, 1, 1, 1, 1, 1, 1, 1, 1, 1, 1, 1, 1, 1, 0, 1], [0, 0, 0, 0, 0, 0, 0, 0, 0, 0, 0, 0, 0, 0, 0, 0, 0, 0, 0, 0, 0, 0, 0, 0, 0, 0, 0, 0, 0, 0, 0, 0, 0, 0, 0, 0, 0, 0, 0, 0, 0, 0]]}, "cluster_count": 3, "cluster_speeds": [[0.8325, 0.765, 0.8325, 0.9, 0.7492500000000001, 0.6885, 0.7492500000000001, 0.81, 0.41625, 0.3825, 0.41625, 0.45, 0.27472500000000005, 0.25245, 0.27472500000000005, 0.29700000000000004, 0.333, 0.30600000000000005, 0.333, 0.36000000000000004, 0.49950000000000006, 0.459, 0.49950000000000006, 0.54, 0.6475, 0.595, 0.6475, 0.7, 0.37, 0.34, 0.37, 0.4, 0.30525, 0.2805, 0.30525, 0.33, 0.4625, 0.425, 0.4625, 0.5, 0.6475, 0.595, 0.6475, 0.7, 0.74, 0.68, 0.74, 0.8, 0.58275, 0.5355, 0.58275, 0.63, 0.41625, 0.3825, 0.41625, 0.45, 0.49950000000000006, 0.459, 0.49950000000000006, 0.54, 0.58275, 0.5355, 0.58275, 0.63, 0.7492500000000001, 0.6885, 0.7492500000000001, 0.81, 0.8325, 0.765, 0.8325, 0.9, 0.9], [0.87875, 0.8075, 0.87875, 0.95, 0.790875, 0.72675, 0.790875, 0.855, 0.439375, 0.40375, 0.439375, 0.475, 0.2899875, 0.266475, 0.2899875, 0.3135, 0.3515, 0.323, 0.3515, 0.38, 0.52725, 0.4845, 0.52725, 0.57, 0.6475, 0.595, 0.6475, 0.7, 0.37, 0.34, 0.37, 0.4, 0.30525, 0.2805, 0.30525, 0.33, 0.4625, 0.425, 0.4625, 0.5, 0.6475, 0.595, 0.6475, 0.7, 0.74, 0.68, 0.74, 0.8, 0.6151249999999999, 0.5652499999999999, 0.6151249999999999, 0.6649999999999999, 0.439375, 0.40375, 0.439375, 0.475, 0.52725, 0.4845, 0.52725, 0.57, 0.6151249999999999, 0.5652499999999999, 0.6151249999999999, 0.6649999999999999, 0.790875, 0.72675, 0.790875, 0.855, 0.87875, 0.8075, 0.87875, 0.95, 0.95], [0.925, 0.85, 0.925, 1.0, 0.8325, 0.765, 0.8325, 0.9, 0.4625, 0.425, 0.4625, 0.5, 0.30525, 0.2805, 0.30525, 0.33, 0.37, 0.34, 0.37, 0.4, 0.555, 0.51, 0.555, 0.6, 0.6475, 0.595, 0.6475, 0.7, 0.37, 0.34, 0.37, 0.4, 0.30525, 0.2805, 0.30525, 0.33, 0.4625, 0.425, 0.4625, 0.5, 0.6475, 0.595, 0.6475, 0.7, 0.74, 0.68, 0.74, 0.8, 0.6475, 0.595, 0.6475, 0.7, 0.4625, 0.425, 0.4625, 0.5, 0.555, 0.51, 0.555, 0.6, 0.6475, 0.595, 0.6475, 0.7, 0.8325, 0.765, 0.8325, 0.9, 0.925, 0.85, 0.925, 1.0, 1.0]], "clusters": [[-1, 2, 2, 2, 2, 2, 2, 2, 2, 2, 2, 2, 2, 2, 2, 2, 2, 2, 2, 2, 2, 2, 2, 2, 2, 2, 2, 2, 2, 2, 2, 2, 2, 2, 2, 2, 2, 2, 2, 2, 2, 2], [1, -1, 1, 1, 1, 1, 1, 1, 1, 1, 1, 1, 1, 1, 1, 1, 1, 1, 1, 1, 1, 1, 1, 1, 1, 1, 1, 1, 1, 1, 1, 1, 1, 1, 1, 1, 1, 1, 1, 1, 1, 1], [0, 0, -1, 0, 0, 0, 0, 0, 0, 0, 0, 0, 0, 0, 0, 0, 0, 0, 0, 0, 0, 0, 0, 0, 0, 0, 0, 0, 0, 0, 0, 0, 0, 0, 0, 0, 0, 0, 0, 0, 0, 0], [0, 0, 0, -1, 0, 0, 0, 0, 0, 0, 0, 0, 0, 0, 0, 0, 0, 0, 0, 0, 0, 0, 0, 0, 0, 0, 0, 0, 0, 0, 0, 0, 0, 0, 0, 0, 0, 0, 0, 0, 0, 0], [2, 2, 2, 2, -1, 2, 2, 2, 2, 2, 2, 2, 2, 2, 2, 2, 2, 2, 2, 2, 2, 2, 2, 2, 2, 2, 2, 2, 2, 2, 2, 2, 2, 2, 2, 2, 2, 2, 2, 2, 2, 2], [0, 0, 0, 0, 0, -1, 0, 0, 0, 0, 0, 0, 0, 0, 0, 0, 0, 0, 0, 0, 0, 0, 0, 0, 0, 0, 0, 0, 0, 0, 0, 0, 0, 0, 0, 0, 0, 0, 0, 0, 0, 0], [0, 0, 0, 0, 0, 0, -1, 0, 0, 0, 0, 0, 0, 0, 0, 0, 0, 0, 0, 0, 0, 0, 0, 0, 0, 0, 0, 0, 0, 0, 0, 0, 0, 0, 0, 0, 0, 0, 0, 0, 0, 0], [0, 0, 0, 0, 0, 0, 0, -1, 0, 0, 0, 0, 0, 0, 0, 0, 0, 0, 0, 0, 0, 0, 0, 0, 0, 0, 0, 0, 0, 0, 0, 0, 0, 0, 0, 0, 0, 0, 0, 0, 0, 0], [0, 0, 0, 0, 0, 0, 0, 0, -1, 0, 0, 0, 0, 0, 0, 0, 0, 0, 0, 0, 0, 0, 0, 0, 0, 0, 0, 0, 0, 0, 0, 0, 0, 0, 0, 0, 0, 0, 0, 0, 0, 0], [0, 0, 0, 0, 0, 0, 0, 0, 0, -1, 0, 0, 0, 0, 0, 0, 0, 0, 0, 0, 0, 0, 0, 0, 0, 0, 0, 0, 0, 0, 0, 0, 0, 0, 0, 0, 0, 0, 0, 0, 0, 0], [0, 0, 0, 0, 0, 0, 0, 0, 0, 0, -1, 0, 0, 0, 0, 0, 0, 0, 0, 0, 0, 0, 0, 0, 0, 0, 0, 0, 0, 0, 0, 0, 0, 0, 0, 0, 0, 0, 0, 0, 0, 0], [1, 1, 1, 1, 1, 1, 1, 1, 1, 1, 1, -1, 1, 1, 1, 1, 1, 1, 1, 1, 1, 1, 1, 1, 1, 1, 1, 1, 1, 1, 1, 1, 1, 1, 1, 1, 1, 1, 1, 1, 1, 1], [1, 1, 1, 1, 1, 1, 1, 1, 1, 1, 1, 1, -1, 1, 1, 1, 1, 1, 1, 1, 1, 1, 1, 1, 1, 1, 1, 1, 1, 1, 1, 1, 1, 1, 1, 1, 1, 1, 1, 1, 1, 1], [1, 1, 1, 1, 1, 1, 1, 1, 1, 1, 1, 1, 1, -1, 1, 1, 1, 1, 1, 1, 1, 1, 1, 1, 1, 1, 1, 1, 1, 1, 1, 1, 1, 1, 1, 1, 1, 1, 1, 1, 1, 1], [0, 0, 0, 0, 0, 0, 0, 0, 0, 0, 0, 0, 0, 0, -1, 0, 0, 0, 0, 0, 0, 0, 0, 0, 0, 0, 0, 0, 0, 0, 0, 0, 0, 0, 0, 0, 0, 0, 0, 0, 0, 0], [1, 1, 1, 1, 1, 1, 1, 1, 1, 1, 1, 1, 1, 1, 1, -1, 1, 1, 1, 1, 1, 1, 1, 1, 1, 1, 1, 1, 1, 1, 1, 1, 1, 1, 1, 1, 1, 1, 1, 1, 1, 1], [0, 0, 0, 0, 0, 0, 0, 0, 0, 0, 0, 0, 0, 0, 0, 0, -1, 0, 0, 0, 0, 0, 0, 0, 0, 0, 0, 0, 0, 0, 0, 0, 0, 0, 0, 0, 0, 0, 0, 0, 0, 0], [1, 1, 1, 1, 1, 1, 1, 1, 1, 1, 1, 1, 1, 1, 1, 1, 1, -1, 1, 1, 1, 1, 1, 1, 1, 1, 1, 1, 1, 1, 1, 1, 1, 1, 1, 1, 1, 1, 1, 1, 1, 1], [0, 0, 0, 0, 0, 0, 0, 0, 0, 0, 0, 0, 0, 0, 0, 0, 0, 0, -1, 0, 0, 0, 0, 0, 0, 0, 0, 0, 0, 0, 0, 0, 0, 0, 0, 0, 0, 0, 0, 0, 0, 0], [0, 0, 0, 0, 0, 0, 0, 0, 0, 0, 0, 0, 0, 0, 0, 0, 0, 0, 0, -1, 0, 0, 0, 0, 0, 0, 0, 0, 0, 0, 0, 0, 0, 0, 0, 0, 0, 0, 0, 0, 0, 0], [1, 1, 1, 1, 1, 1, 1, 1, 1, 1, 1, 1, 1, 1, 1, 1, 1, 1, 1, 1, -1, 1, 1, 1, 1, 1, 1, 1, 1, 1, 1, 1, 1, 1, 1, 1, 1, 1, 1, 1, 1, 1], [0, 0, 0, 0, 0, 0, 0, 0, 0, 0, 0, 0, 0, 0, 0, 0, 0, 0, 0, 0, 0, -1, 0, 0, 0, 0, 0, 0, 0, 0, 0, 0, 0, 0, 0, 0, 0, 0, 0, 0, 0, 0], [1, 1, 1, 1, 1, 1, 1, 1, 1, 1, 1, 1, 1, 1, 1, 1, 1, 1, 1, 1, 1, 1, -1, 1, 1, 1, 1, 1, 1, 1, 1, 1, 1, 1, 1, 1, 1, 1, 1, 1, 1, 1], [0, 0, 0, 0, 0, 0, 0, 0, 0, 0, 0, 0, 0, 0, 0, 0, 0, 0, 0, 0, 0, 0, 0, -1, 0, 0, 0, 0, 0, 0, 0, 0, 0, 0, 0, 0, 0, 0, 0, 0, 0, 0], [1, 1, 1, 1, 1, 1, 1, 1, 1, 1, 1, 1, 1, 1, 1, 1, 1, 1, 1, 1, 1, 1, 1, 1, -1, 1, 1, 1, 1, 1, 1, 1, 1, 1, 1, 1, 1, 1, 1, 1, 1, 1], [1, 1, 1, 1, 1, 1, 1, 1, 1, 1, 1, 1, 1, 1, 1, 1, 1, 1, 1, 1, 1, 1, 1, 1, 1, -1, 1, 1, 1, 1, 1, 1, 1, 1, 1, 1, 1, 1, 1, 1, 1, 1], [0, 0, 0, 0, 0, 0, 0, 0, 0, 0, 0, 0, 0, 0, 0, 0, 0, 0, 0, 0, 0, 0, 0, 0, 0, 0, -1, 0, 0, 0, 0, 0, 0, 0, 0, 0, 0, 0, 0, 0, 0, 0], [0, 0, 0, 0, 0, 0, 0, 0, 0, 0, 0, 0, 0, 0, 0, 0, 0, 0, 0, 0, 0, 0, 0, 0, 0, 0, 0, -1, 0, 0, 0, 0, 0, 0, 0, 0, 0, 0, 0, 0, 0, 0], [0, 0, 0, 0, 0, 0, 0, 0, 0, 0, 0, 0, 0, 0, 0, 0, 0, 0, 0, 0, 0, 0, 0, 0, 0, 0, 0, 0, -1, 0, 0, 0, 0, 0, 0, 0, 0, 0, 0, 0, 0, 0], [1, 1, 1, 1, 1, 1, 1, 1, 1, 1, 1, 1, 1, 1, 1, 1, 1, 1, 1, 1, 1, 1, 1, 1, 1, 1, 1, 1, 1, -1, 1, 1, 1, 1, 1, 1, 1, 1, 1, 1, 1, 1], [0, 0, 0, 0, 0, 0, 0, 0, 0, 0, 0, 0, 0, 0, 0, 0, 0, 0, 0, 0, 0, 0, 0, 0, 0, 0, 0, 0, 0, 0, -1, 0, 0, 0, 0, 0, 0, 0, 0, 0, 0, 0], [1, 1, 1, 1, 1, 1, 1, 1, 1, 1, 1, 1, 1, 1, 1, 1, 1, 1, 1, 1, 1, 1, 1, 1, 1, 1, 1, 1, 1, 1, 1, -1, 1, 1, 1, 1, 1, 1, 1, 1, 1, 1], [1, 1, 1, 1, 1, 1, 1, 1, 1, 1, 1, 1, 1, 1, 1, 1, 1, 1, 1, 1, 1, 1, 1, 1, 1, 1, 1, 1, 1, 1, 1, 1, -1, 1, 1, 1, 1, 1, 1, 1, 1, 1], [1, 1, 1, 1, 1, 1, 1, 1, 1, 1, 1, 1, 1, 1, 1, 1, 1, 1, 1, 1, 1, 1, 1, 1, 1, 1, 1, 1, 1, 1, 1, 1, 1, -1, 1, 1, 1, 1, 1, 1, 1, 1], [2, 2, 2, 2, 2, 2, 2, 2, 2, 2, 2, 2, 2, 2, 2, 2, 2, 2, 2, 2, 2, 2, 2, 2, 2, 2, 2, 2, 2, 2, 2, 2, 2, 2, -1, 2, 2, 2, 2, 2, 2, 2], [1, 1, 1, 1, 1, 1, 1, 1, 1, 1, 1, 1, 1, 1, 1, 1, 1, 1, 1, 1, 1, 1, 1, 1, 1, 1, 1, 1, 1, 1, 1, 1, 1, 1, 1, -1, 1, 1, 1, 1, 1, 1], [0, 0, 0, 0, 0, 0, 0, 0, 0, 0, 0, 0, 0, 0, 0, 0, 0, 0, 0, 0, 0, 0, 0, 0, 0, 0, 0, 0, 0, 0, 0, 0, 0, 0, 0, 0, -1, 0, 0, 0, 0, 0], [2, 2, 2, 2, 2, 2, 2, 2, 2, 2, 2, 2, 2, 2, 2, 2, 2, 2, 2, 2, 2, 2, 2, 2, 2, 2, 2, 2, 2, 2, 2, 2, 2, 2, 2, 2, 2, -1, 2, 2, 2, 2], [0, 0, 0, 0, 0, 0, 0, 0, 0, 0, 0, 0, 0, 0, 0, 0, 0, 0, 0, 0, 0, 0, 0, 0, 0, 0, 0, 0, 0, 0, 0, 0, 0, 0, 0, 0, 0, 0, -1, 0, 0, 0], [1, 1, 1, 1, 1, 1, 1, 1, 1, 1, 1, 1, 1, 1, 1, 1, 1, 1, 1, 1, 1, 1, 1, 1, 1, 1, 1, 1, 1, 1, 1, 1, 1, 1, 1, 1, 1, 1, 1, -1, 1, 1], [0, 0, 0, 0, 0, 0, 0, 0, 0, 0, 0, 0, 0, 0, 0, 0, 0, 0, 0, 0, 0, 0, 0, 0, 0, 0, 0, 0, 0, 0, 0, 0, 0, 0, 0, 0, 0, 0, 0, 0, -1, 0], [2, 2, 2, 2, 2, 2, 2, 2, 2, 2, 2, 2, 2, 2, 2, 2, 2, 2, 2, 2, 2, 2, 2, 2, 2, 2, 2, 2, 2, 2, 2, 2, 2, 2, 2, 2, 2, 2, 2, 2, 2, -1]], "speed_zone_count": 73, "speed_zones": [[0.0, 15.0], [15.0, 30.0], [30.0, 45.0], [45.0, 60.0], [60.0, 75.0], [75.0, 90.0], [90.0, 105.0], [105.0, 120.0], [120.0, 135.0], [135.0, 150.0], [150.0, 165.0], [165.0, 180.0], [180.0, 195.0], [195.0, 210.0], [210.0, 225.0], [225.0, 240.0], [240.0, 255.0], [255.0, 270.0], [270.0, 285.0], [285.0, 300.0], [300.0, 315.0], [315.0, 330.0], [330.0, 345.0], [345.0, 360.0], [360.0, 375.0], [375.0, 390.0], [390.0, 405.0], [405.0, 420.0], [420.0, 435.0], [435.0, 450.0], [450.0, 465.0], [465.0, 480.0], [480.0, 495.0], [495.0, 510.0], [510.0, 525.0], [525.0, 540.0], [540.0, 555.0], [555.0, 570.0], [570.0, 585.0], [585.0, 600.0], [600.0, 615.0], [615.0, 630.0], [630.0, 645.0], [645.0, 660.0], [660.0, 675.0], [675.0, 690.0], [690.0, 705.0], [705.0, 720.0], [720.0, 735.0], [735.0, 750.0], [750.0, 765.0], [765.0, 780.0], [780.0, 795.0], [795.0, 810.0], [810.0, 825.0], [825.0, 840.0], [840.0, 855.0], [855.0, 870.0], [870.0, 885.0], [885.0, 900.0], [900.0, 915.0], [915.0, 930.0], [930.0, 945.0], [945.0, 960.0], [960.0, 975.0], [975.0, 990.0], [990.0, 1005.0], [1005.0, 1020.0], [1020.0, 1035.0], [1035.0, 1050.0], [1050.0, 1065.0], [1065.0, 1080.0], [1080.0, 5000.0]], "distances": [[0.0, 87.41, 83.33, 70.53, 88.14, 71.96, 69.86, 73.33, 73.32, 59.43, 71.19, 55.59, 79.68, 93.77, 78.7, 55.07, 80.39, 54.77, 68.46, 66.84, 54.47, 69.74, 81.61, 85.13, 54.01, 88.06, 60.64, 71.51, 73.72, 77.26, 72.97, 53.32, 60.89, 55.05, 105.61, 77.17, 73.33, 100.67, 60.27, 86.84, 73.8, 0.0], [0.0, 0.0, 4.4, 18.31, 16.28, 27.58, 17.77, 21.16, 16.88, 30.76, 16.6, 32.34, 9.91, 6.54, 13.45, 33.31, 11.72, 35.46, 18.99, 30.18, 38.86, 25.12, 8.89, 9.45, 33.78, 5.64, 27.18, 17.6, 21.08, 12.92, 18.64, 39.53, 36.06, 34.26, 23.77, 16.4, 23.29, 13.41, 27.42, 14.88, 21.32, 87.41], [0.0, 4.4, 0.0, 13.91, 18.16, 23.74, 14.09, 17.15, 12.56, 26.37, 12.3, 28.08, 8.44, 10.92, 9.64, 29.0, 8.15, 31.07, 14.88, 26.04, 34.47, 20.98, 8.34, 7.56, 29.55, 6.08, 22.91, 14.76, 17.11, 11.13, 14.41, 35.14, 31.79, 29.9, 27.85, 15.32, 19.4, 17.74, 23.19, 13.99, 17.38, 83.33], [0.0, 18.31, 13.91, 0.0, 27.93, 14.21, 8.8, 8.2, 13.94, 12.46, 12.43, 14.95, 15.35, 24.82, 8.53, 15.54, 9.99, 17.19, 5.66, 14.18, 20.65, 9.77, 16.99, 14.65, 16.55, 17.65, 10.03, 13.2, 8.53, 15.37, 4.78, 21.26, 18.77, 16.12, 41.13, 19.31, 10.58, 31.58, 10.53, 16.88, 8.87, 70.53], [0.0, 16.28, 18.16, 27.93, 0.0, 40.79, 21.77, 34.01, 28.34, 38.83, 24.86, 37.55, 12.58, 16.31, 27.32, 39.11, 26.13, 42.71, 25.06, 41.96, 47.36, 37.16, 11.09, 25.37, 38.5, 21.91, 32.99, 18.11, 34.09, 13.09, 30.62, 47.68, 46.61, 40.94, 17.64, 11.23, 36.48, 19.84, 32.86, 19.23, 34.4, 88.14], [0.0, 27.58, 23.74, 14.21, 40.79, 0.0, 22.96, 6.78, 12.62, 14.49, 17.48, 20.92, 28.44, 33.21, 14.15, 20.12, 15.87, 18.06, 19.53, 5.11, 17.5, 4.79, 29.72, 19.43, 22.41, 24.07, 18.64, 27.42, 6.72, 29.12, 10.29, 18.64, 11.5, 18.7, 51.33, 33.31, 4.35, 38.98, 19.37, 25.0, 6.42, 71.96], [0.0, 17.77, 14.09, 8.8, 21.77, 22.96, 0.0, 16.95, 11.33, 17.19, 5.75, 16.04, 10.26, 23.96, 14.68, 17.46, 15.23, 20.94, 12.85, 22.3, 25.68, 18.37, 12.23, 18.75, 17.18, 19.78, 11.25, 4.59, 17.25, 8.71, 13.38, 25.94, 25.7, 19.19, 37.31, 11.52, 19.37, 30.83, 11.18, 17.81, 17.6, 69.86], [0.0, 21.16, 17.15, 8.2, 34.01, 6.78, 16.95, 0.0, 5.97, 13.95, 11.26, 19.19, 21.67, 27.08, 7.78, 18.99, 9.65, 18.56, 13.84, 9.15, 19.93, 4.24, 22.94, 13.83, 20.83, 18.23, 15.48, 21.22, 8.74, 22.46, 10.89, 20.9, 15.51, 18.42, 44.92, 26.74, 11.13, 33.19, 16.17, 18.76, 8.66, 73.33], [0.0, 16.88, 12.56, 13.94, 28.34, 12.62, 11.33, 5.97, 0.0, 14.47, 5.6, 17.86, 15.87, 23.24, 5.41, 18.25, 7.08, 19.3, 8.69, 13.77, 22.13, 8.84, 17.25, 11.84, 19.49, 15.33, 13.13, 15.4, 6.18, 16.51, 10.79, 22.88, 19.25, 18.51, 40.33, 20.77, 8.51, 29.8, 13.69, 15.01, 6.53, 73.32], [0.0, 30.76, 26.37, 12.46, 38.83, 14.49, 17.19, 13.95, 14.47, 0.0, 14.6, 6.68, 26.63, 37.28, 19.61, 5.65, 21.44, 4.84, 13.77, 10.24, 8.54, 10.82, 28.49, 26.19, 8.01, 29.78, 6.9, 21.47, 14.36, 25.75, 13.68, 8.96, 9.66, 4.48, 53.27, 28.65, 14.36, 44.02, 7.45, 29.28, 14.47, 59.43], [0.0, 16.6, 12.3, 12.43, 24.86, 17.48, 5.75, 11.26, 5.6, 14.6, 0.0, 15.79, 12.33, 23.14, 9.56, 16.72, 10.53, 19.09, 14.28, 17.44, 23.05, 13.08, 14.08, 14.75, 17.27, 16.94, 10.63, 9.98, 11.54, 12.13, 7.64, 23.55, 21.76, 17.74, 38.67, 16.0, 13.72, 30.01, 10.94, 15.67, 11.88, 71.19], [0.0, 32.34, 28.08, 14.95, 37.55, 20.92, 16.04, 19.19, 17.86, 6.68, 15.79, 0.0, 26.26, 38.86, 23.26, 11.25, 24.88, 6.55, 13.54, 16.9, 11.98, 16.83, 28.23, 29.59, 9.37, 32.5, 5.17, 19.47, 19.63, 24.67, 17.87, 11.71, 15.66, 4.43, 53.33, 26.64, 20.15, 45.75, 4.97, 31.43, 19.81, 55.59], [0.0, 9.91, 8.44, 15.35, 12.58, 28.44, 10.26, 21.67, 15.87, 26.63, 12.33, 26.26, 0.0, 14.94, 15.67, 27.62, 14.91, 30.79, 12.99, 29.39, 35.16, 24.63, 14.39, 15.83, 27.44, 14.28, 21.34, 8.33, 21.79, 11.43, 18.17, 35.57, 34.07, 29.17, 27.07, 6.88, 24.19, 21.5, 21.35, 11.52, 22.12, 79.68], [0.0, 6.54, 10.92, 24.82, 16.31, 33.21, 23.96, 27.08, 23.24, 37.28, 23.14, 38.86, 14.94, 0.0, 19.31, 39.85, 17.44, 41.99, 25.44, 36.21, 45.31, 31.17, 13.35, 14.0, 40.28, 9.3, 33.69, 23.18, 26.95, 17.87, 24.85, 46.01, 42.28, 40.81, 18.45, 20.38, 29.03, 6.91, 33.93, 8.33, 27.16, 93.77], [0.0, 13.45, 9.64, 8.53, 27.32, 14.15, 14.68, 7.78, 5.41, 19.61, 9.56, 23.26, 15.67, 19.31, 0.0, 23.63, 11.34, 24.45, 12.99, 16.91, 26.83, 11.89, 16.52, 6.58, 24.9, 10.6, 18.51, 17.9, 7.66, 17.24, 6.01, 27.67, 23.1, 23.79, 37.21, 21.77, 9.85, 25.49, 19.04, 10.99, 7.89, 78.7], [0.0, 33.31, 29.0, 15.54, 39.11, 20.12, 17.46, 18.99, 18.25, 5.65, 16.72, 11.25, 27.62, 39.85, 23.63, 0.0, 25.32, 4.7, 14.75, 15.84, 10.13, 16.28, 29.57, 30.07, 11.64, 33.18, 6.3, 21.07, 19.42, 26.15, 18.02, 9.84, 14.06, 10.12, 54.67, 28.27, 19.72, 46.72, 6.28, 32.26, 19.58, 55.07], [0.0, 11.72, 8.15, 9.99, 26.13, 15.87, 15.23, 9.65, 7.08, 21.44, 10.53, 24.88, 14.91, 17.44, 11.34, 25.32, 0.0, 26.28, 13.96, 18.79, 28.74, 13.8, 15.56, 4.76, 26.5, 8.67, 20.02, 18.04, 9.5, 16.76, 7.91, 29.58, 25.02, 25.56, 35.45, 21.3, 11.62, 23.58, 20.52, 9.15, 9.71, 80.39], [0.0, 35.46, 31.07, 17.19, 42.71, 18.06, 20.94, 18.56, 19.3, 4.84, 19.09, 6.55, 30.79, 41.99, 24.45, 4.7, 26.28, 0.0, 17.8, 13.23, 5.44, 15.07, 32.7, 31.03, 6.94, 34.61, 9.79, 24.91, 18.95, 29.64, 18.5, 5.26, 9.96, 9.32, 57.66, 32.15, 18.67, 48.77, 10.05, 34.05, 19.03, 54.77], [0.0, 18.99, 14.88, 5.66, 25.06, 19.53, 12.85, 13.84, 8.69, 13.77, 14.28, 13.54, 12.99, 25.44, 12.99, 14.75, 13.96, 17.8, 0.0, 18.65, 22.31, 14.87, 14.92, 18.09, 14.89, 19.97, 8.45, 8.26, 14.18, 11.97, 10.44, 22.65, 22.05, 16.19, 39.97, 15.14, 16.16, 32.35, 8.57, 18.44, 14.52, 68.46], [0.0, 30.18, 26.04, 14.18, 41.96, 5.11, 22.3, 9.15, 13.77, 10.24, 17.44, 16.9, 29.39, 36.21, 16.91, 15.84, 18.79, 13.23, 18.65, 0.0, 12.38, 5.06, 30.91, 22.93, 18.25, 27.38, 15.61, 26.89, 9.34, 29.55, 11.67, 13.53, 6.65, 14.11, 53.88, 33.41, 7.64, 42.35, 16.33, 27.88, 9.18, 66.84], [0.0, 38.86, 34.47, 20.65, 47.36, 17.5, 25.68, 19.93, 22.13, 8.54, 23.05, 11.98, 35.16, 45.31, 26.83, 10.13, 28.74, 5.44, 22.31, 12.38, 0.0, 15.88, 37.01, 33.36, 12.27, 37.34, 14.85, 29.85, 20.26, 34.28, 20.84, 10.7, 6.76, 7.56, 61.7, 37.08, 19.34, 51.93, 15.21, 37.14, 20.24, 54.47], [0.0, 25.12, 20.98, 9.77, 37.16, 4.79, 18.37, 4.24, 8.84, 10.82, 13.08, 16.83, 24.63, 31.17, 11.89, 16.28, 13.8, 15.07, 14.87, 5.06, 15.88, 0.0, 26.08, 18.06, 18.4, 22.43, 14.04, 22.89, 4.5, 25.01, 6.65, 16.89, 11.28, 15.27, 48.83, 29.06, 9.14, 37.37, 14.78, 22.84, 4.42, 69.74], [0.0, 8.89, 8.34, 16.99, 11.09, 29.72, 12.23, 22.94, 17.25, 28.49, 14.08, 28.23, 14.39, 13.35, 16.52, 29.57, 15.56, 32.7, 14.92, 30.91, 37.01, 26.08, 0.0, 15.89, 29.41, 13.77, 23.29, 10.17, 23.03, 4.56, 19.53, 37.44, 35.76, 31.1, 25.1, 7.5, 25.43, 19.77, 23.31, 10.93, 23.35, 81.61], [0.0, 9.45, 7.56, 14.65, 25.37, 19.43, 18.75, 13.83, 11.84, 26.19, 14.75, 29.59, 15.83, 14.0, 6.58, 30.07, 4.76, 31.03, 18.09, 22.93, 33.36, 18.06, 15.89, 0.0, 31.2, 4.7, 24.67, 20.8, 13.6, 18.27, 12.59, 34.23, 29.34, 30.32, 32.41, 22.66, 15.43, 19.55, 25.14, 6.43, 13.75, 85.13], [0.0, 33.78, 29.55, 16.55, 38.5, 22.41, 17.18, 20.83, 19.49, 8.01, 17.27, 9.37, 27.44, 40.28, 24.9, 11.64, 26.5, 6.94, 14.89, 18.25, 12.27, 18.4, 29.41, 31.2, 0.0, 34.05, 6.65, 20.4, 21.26, 25.73, 19.52, 11.83, 16.54, 4.94, 54.5, 27.48, 21.75, 47.18, 6.36, 32.94, 21.44, 54.01], [0.0, 5.64, 6.08, 17.65, 21.91, 24.07, 19.78, 18.23, 15.33, 29.78, 16.94, 32.5, 14.28, 9.3, 10.6, 33.18, 8.67, 34.61, 19.97, 27.38, 37.34, 22.43, 13.77, 4.7, 34.05, 0.0, 27.41, 20.82, 18.05, 17.11, 16.51, 38.14, 33.68, 33.71, 27.73, 21.11, 19.99, 14.97, 27.8, 11.14, 18.22, 88.06], [0.0, 27.18, 22.91, 10.03, 32.99, 18.64, 11.25, 15.48, 13.13, 6.9, 10.63, 5.17, 21.34, 33.69, 18.51, 6.3, 20.02, 9.79, 8.45, 15.61, 14.85, 14.04, 23.29, 24.67, 6.65, 27.41, 0.0, 15.12, 15.91, 19.96, 13.51, 14.95, 16.49, 7.95, 48.38, 22.36, 16.91, 40.59, 10.14, 26.29, 16.15, 60.64], [0.0, 17.6, 14.76, 13.2, 18.11, 27.42, 4.59, 21.22, 15.4, 21.47, 9.98, 19.47, 8.33, 23.18, 17.9, 21.07, 18.04, 24.91, 8.26, 26.89, 29.85, 22.89, 10.17, 20.8, 20.4, 20.82, 15.12, 0.0, 21.49, 5.76, 17.58, 30.04, 30.21, 23.04, 34.55, 7.24, 23.69, 29.82, 14.91, 18.42, 21.84, 71.51], [0.0, 21.08, 17.11, 8.53, 34.09, 6.72, 17.25, 8.74, 6.18, 14.36, 11.54, 19.63, 21.79, 26.95, 7.66, 19.42, 9.5, 18.95, 14.18, 9.34, 20.26, 4.5, 23.03, 13.6, 21.26, 18.05, 15.91, 21.49, 0.0, 22.63, 11.15, 21.24, 15.75, 18.83, 44.84, 26.94, 11.07, 33.02, 16.6, 18.64, 8.92, 73.72], [0.0, 12.92, 11.13, 15.37, 13.09, 29.12, 8.71, 22.46, 16.51, 25.75, 12.13, 24.67, 11.43, 17.87, 17.24, 26.15, 16.76, 29.64, 11.97, 29.55, 34.28, 25.01, 4.56, 18.27, 25.73, 17.11, 19.96, 5.76, 22.63, 0.0, 18.84, 34.59, 33.76, 27.9, 28.89, 4.54, 25.0, 24.33, 19.88, 14.41, 22.97, 77.26], [0.0, 18.64, 14.41, 4.78, 30.62, 10.29, 13.38, 10.89, 10.79, 13.68, 7.64, 17.87, 18.17, 24.85, 6.01, 18.02, 7.91, 18.5, 10.44, 11.67, 20.84, 6.65, 19.53, 12.59, 19.52, 16.51, 13.51, 17.58, 11.15, 18.84, 0.0, 21.67, 17.44, 17.95, 42.26, 23.09, 6.2, 31.27, 14.14, 16.54, 4.26, 72.97], [0.0, 39.53, 35.14, 21.26, 47.68, 18.64, 25.94, 20.9, 22.88, 8.96, 23.55, 11.71, 35.57, 46.01, 27.67, 9.84, 29.58, 5.26, 22.65, 13.53, 10.7, 16.89, 37.44, 34.23, 11.83, 38.14, 14.95, 30.04, 21.24, 34.59, 21.67, 0.0, 7.95, 7.35, 62.23, 37.27, 20.38, 52.66, 15.26, 37.88, 21.23, 53.32], [0.0, 36.06, 31.79, 18.77, 46.61, 11.5, 25.7, 15.51, 19.25, 9.66, 21.76, 15.66, 34.07, 42.28, 23.1, 14.06, 25.02, 9.96, 22.05, 6.65, 6.76, 11.28, 35.76, 29.34, 16.54, 33.68, 16.49, 30.21, 15.75, 33.76, 17.44, 7.95, 0.0, 11.66, 59.57, 37.19, 14.26, 48.59, 17.08, 33.95, 15.64, 60.89], [0.0, 34.26, 29.9, 16.12, 40.94, 18.7, 19.19, 18.42, 18.51, 4.48, 17.74, 4.43, 29.17, 40.81, 23.79, 10.12, 25.56, 9.32, 16.19, 14.11, 7.56, 15.27, 31.1, 30.32, 4.94, 33.71, 7.95, 23.04, 18.83, 27.9, 17.95, 7.35, 11.66, 0.0, 56.14, 30.27, 18.82, 47.63, 8.13, 33.0, 18.94, 55.05], [0.0, 23.77, 27.85, 41.13, 17.64, 51.33, 37.31, 44.92, 40.33, 53.27, 38.67, 53.33, 27.07, 18.45, 37.21, 54.67, 35.45, 57.66, 39.97, 53.88, 61.7, 48.83, 25.1, 32.41, 54.5, 27.73, 48.38, 34.55, 44.84, 28.89, 42.26, 62.23, 59.57, 56.14, 0.0, 28.43, 47.05, 14.99, 48.41, 26.36, 45.09, 105.61], [0.0, 16.4, 15.32, 19.31, 11.23, 33.31, 11.52, 26.74, 20.77, 28.65, 16.0, 26.64, 6.88, 20.38, 21.77, 28.27, 21.3, 32.15, 15.14, 33.41, 37.08, 29.06, 7.5, 22.66, 27.48, 21.11, 22.36, 7.24, 26.94, 4.54, 23.09, 37.27, 37.19, 30.27, 28.43, 0.0, 29.28, 26.3, 22.14, 18.32, 27.28, 77.17], [0.0, 23.29, 19.4, 10.58, 36.48, 4.35, 19.37, 11.13, 8.51, 14.36, 13.72, 20.15, 24.19, 29.03, 9.85, 19.72, 11.62, 18.67, 16.16, 7.64, 19.34, 9.14, 25.43, 15.43, 21.75, 19.99, 16.91, 23.69, 11.07, 25.0, 6.2, 20.38, 14.26, 18.82, 47.05, 29.28, 0.0, 34.95, 17.63, 20.77, 10.46, 73.33], [0.0, 13.41, 17.74, 31.58, 19.84, 38.98, 30.83, 33.19, 29.8, 44.02, 30.01, 45.75, 21.5, 6.91, 25.49, 46.72, 23.58, 48.77, 32.35, 42.35, 51.93, 37.37, 19.77, 19.55, 47.18, 14.97, 40.59, 29.82, 33.02, 24.33, 31.27, 52.66, 48.59, 47.63, 14.99, 26.3, 34.95, 0.0, 40.83, 14.79, 33.19, 100.67], [0.0, 27.42, 23.19, 10.53, 32.86, 19.37, 11.18, 16.17, 13.69, 7.45, 10.94, 4.97, 21.35, 33.93, 19.04, 6.28, 20.52, 10.05, 8.57, 16.33, 15.21, 14.78, 23.31, 25.14, 6.36, 27.8, 10.14, 14.91, 16.6, 19.88, 14.14, 15.26, 17.08, 8.13, 48.41, 22.14, 17.63, 40.83, 0.0, 26.61, 16.85, 60.27], [0.0, 14.88, 13.99, 16.88, 19.23, 25.0, 17.81, 18.76, 15.01, 29.28, 15.67, 31.43, 11.52, 8.33, 10.99, 32.26, 9.15, 34.05, 18.44, 27.88, 37.14, 22.84, 10.93, 6.43, 32.94, 11.14, 26.29, 18.42, 18.64, 14.41, 16.54, 37.88, 33.95, 33.0, 26.36, 18.32, 20.77, 14.79, 26.61, 0.0, 18.86, 86.84], [0.0, 21.32, 17.38, 8.87, 34.4, 6.42, 17.6, 8.66, 6.53, 14.47, 11.88, 19.81, 22.12, 27.16, 7.89, 19.58, 9.71, 19.03, 14.52, 9.18, 20.24, 4.42, 23.35, 13.75, 21.44, 18.22, 16.15, 21.84, 8.92, 22.97, 4.26, 21.23, 15.64, 18.94, 45.09, 27.28, 10.46, 33.19, 16.85, 18.86, 0.0, 73.8], [0.0, 0.0, 0.0, 0.0, 0.0, 0.0, 0.0, 0.0, 0.0, 0.0, 0.0, 0.0, 0.0, 0.0, 0.0, 0.0, 0.0, 0.0, 0.0, 0.0, 0.0, 0.0, 0.0, 0.0, 0.0, 0.0, 0.0, 0.0, 0.0, 0.0, 0.0, 0.0, 0.0, 0.0, 0.0, 0.0, 0.0, 0.0, 0.0, 0.0, 0.0, 0.0]], "time_windows": [[0.0, 5000.0], [0.0, 140.0], [0.0, 145.0], [0.0, 161.0], [0.0, 222.0], [0.0, 342.0], [0.0, 384.0], [0.0, 412.0], [0.0, 422.0], [0.0, 445.0], [0.0, 470.0], [0.0, 513.0], [0.0, 591.0], [0.0, 625.0], [0.0, 659.0], [0.0, 695.0], [0.0, 731.0], [0.0, 766.0], [0.0, 795.0], [0.0, 823.0], [0.0, 851.0], [0.0, 883.0], [0.0, 931.0], [0.0, 957.0], [0.0, 1004.0], [0.0, 1046.0], [0.0, 1076.0], [0.0, 1093.0], [0.0, 1116.0], [0.0, 1138.0], [0.0, 1157.0], [0.0, 1179.0], [0.0, 1187.0], [0.0, 1199.0], [0.0, 1255.0], [0.0, 1283.0], [0.0, 1312.0], [0.0, 1347.0], [0.0, 1388.0], [0.0, 1415.0], [0.0, 1434.0], [0.0, 5000.0]], "start_depot": 0, "end_depot": 41, "horizon": [0.0, 5000.0]}