{"digraph": {"vertex_count": 42, "arc_count": 1640, "arcs": [[0, 1, 1, 1, 1, 1, 1, 1, 1, 1, 1, 1, 1, 1, 1, 1, 1, 1, 1, 1, 1, 1, 1, 1, 1, 1, 1, 1, 1, 1, 1, 1, 1, 1, 1, 1, 1, 1, 1, 1, 1, 1], [0, 0, 1, 1, 1, 1, 1, 1, 1, 1, 1, 1, 1, 1, 1, 1, 1, 1, 1, 1, 1, 1, 1, 1, 1, 1, 1, 1, 1, 1, 1, 1, 1, 1, 1, 1, 1, 1, 1, 1, 1, 1], [0, 1, 0, 1, 1, 1, 1, 1, 1, 1, 1, 1, 1, 1, 1, 1, 1, 1, 1, 1, 1, 1, 1, 1, 1, 1, 1, 1, 1, 1, 1, 1, 1, 1, 1, 1, 1, 1, 1, 1, 1, 1], [0, 1, 1, 0, 1, 1, 1, 1, 1, 1, 1, 1, 1, 1, 1, 1, 1, 1, 1, 1, 1, 1, 1, 1, 1, 1, 1, 1, 1, 1, 1, 1, 1, 1, 1, 1, 1, 1, 1, 1, 1, 1], [0, 1, 1, 1, 0, 1, 1, 1, 1, 1, 1, 1, 1, 1, 1, 1, 1, 1, 1, 1, 1, 1, 1, 1, 1, 1, 1, 1, 1, 1, 1, 1, 1, 1, 1, 1, 1, 1, 1, 1, 1, 1], [0, 1, 1, 1, 1, 0, 1, 1, 1, 1, 1, 1, 1, 1, 1, 1, 1, 1, 1, 1, 1, 1, 1, 1, 1, 1, 1, 1, 1, 1, 1, 1, 1, 1, 1, 1, 1, 1, 1, 1, 1, 1], [0, 1, 1, 1, 1, 1, 0, 1, 1, 1, 1, 1, 1, 1, 1, 1, 1, 1, 1, 1, 1, 1, 1, 1, 1, 1, 1, 1, 1, 1, 1, 1, 1, 1, 1, 1, 1, 1, 1, 1, 1, 1], [0, 1, 1, 1, 1, 1, 1, 0, 1, 1, 1, 1, 1, 1, 1, 1, 1, 1, 1, 1, 1, 1, 1, 1, 1, 1, 1, 1, 1, 1, 1, 1, 1, 1, 1, 1, 1, 1, 1, 1, 1, 1], [0, 1, 1, 1, 1, 1, 1, 1, 0, 1, 1, 1, 1, 1, 1, 1, 1, 1, 1, 1, 1, 1, 1, 1, 1, 1, 1, 1, 1, 1, 1, 1, 1, 1, 1, 1, 1, 1, 1, 1, 1, 1], [0, 1, 1, 1, 1, 1, 1, 1, 1, 0, 1, 1, 1, 1, 1, 1, 1, 1, 1, 1, 1, 1, 1, 1, 1, 1, 1, 1, 1, 1, 1, 1, 1, 1, 1, 1, 1, 1, 1, 1, 1, 1], [0, 1, 1, 1, 1, 1, 1, 1, 1, 1, 0, 1, 1, 1, 1, 1, 1, 1, 1, 1, 1, 1, 1, 1, 1, 1, 1, 1, 1, 1, 1, 1, 1, 1, 1, 1, 1, 1, 1, 1, 1, 1], [0, 1, 1, 1, 1, 1, 1, 1, 1, 1, 1, 0, 1, 1, 1, 1, 1, 1, 1, 1, 1, 1, 1, 1, 1, 1, 1, 1, 1, 1, 1, 1, 1, 1, 1, 1, 1, 1, 1, 1, 1, 1], [0, 1, 1, 1, 1, 1, 1, 1, 1, 1, 1, 1, 0, 1, 1, 1, 1, 1, 1, 1, 1, 1, 1, 1, 1, 1, 1, 1, 1, 1, 1, 1, 1, 1, 1, 1, 1, 1, 1, 1, 1, 1], [0, 1, 1, 1, 1, 1, 1, 1, 1, 1, 1, 1, 1, 0, 1, 1, 1, 1, 1, 1, 1, 1, 1, 1, 1, 1, 1, 1, 1, 1, 1, 1, 1, 1, 1, 1, 1, 1, 1, 1, 1, 1], [0, 1, 1, 1, 1, 1, 1, 1, 1, 1, 1, 1, 1, 1, 0, 1, 1, 1, 1, 1, 1, 1, 1, 1, 1, 1, 1, 1, 1, 1, 1, 1, 1, 1, 1, 1, 1, 1, 1, 1, 1, 1], [0, 1, 1, 1, 1, 1, 1, 1, 1, 1, 1, 1, 1, 1, 1, 0, 1, 1, 1, 1, 1, 1, 1, 1, 1, 1, 1, 1, 1, 1, 1, 1, 1, 1, 1, 1, 1, 1, 1, 1, 1, 1], [0, 1, 1, 1, 1, 1, 1, 1, 1, 1, 1, 1, 1, 1, 1, 1, 0, 1, 1, 1, 1, 1, 1, 1, 1, 1, 1, 1, 1, 1, 1, 1, 1, 1, 1, 1, 1, 1, 1, 1, 1, 1], [0, 1, 1, 1, 1, 1, 1, 1, 1, 1, 1, 1, 1, 1, 1, 1, 1, 0, 1, 1, 1, 1, 1, 1, 1, 1, 1, 1, 1, 1, 1, 1, 1, 1, 1, 1, 1, 1, 1, 1, 1, 1], [0, 1, 1, 1, 1, 1, 1, 1, 1, 1, 1, 1, 1, 1, 1, 1, 1, 1, 0, 1, 1, 1, 1, 1, 1, 1, 1, 1, 1, 1, 1, 1, 1, 1, 1, 1, 1, 1, 1, 1, 1, 1], [0, 1, 1, 1, 1, 1, 1, 1, 1, 1, 1, 1, 1, 1, 1, 1, 1, 1, 1, 0, 1, 1, 1, 1, 1, 1, 1, 1, 1, 1, 1, 1, 1, 1, 1, 1, 1, 1, 1, 1, 1, 1], [0, 1, 1, 1, 1, 1, 1, 1, 1, 1, 1, 1, 1, 1, 1, 1, 1, 1, 1, 1, 0, 1, 1, 1, 1, 1, 1, 1, 1, 1, 1, 1, 1, 1, 1, 1, 1, 1, 1, 1, 1, 1], [0, 1, 1, 1, 1, 1, 1, 1, 1, 1, 1, 1, 1, 1, 1, 1, 1, 1, 1, 1, 1, 0, 1, 1, 1, 1, 1, 1, 1, 1, 1, 1, 1, 1, 1, 1, 1, 1, 1, 1, 1, 1], [0, 1, 1, 1, 1, 1, 1, 1, 1, 1, 1, 1, 1, 1, 1, 1, 1, 1, 1, 1, 1, 1, 0, 1, 1, 1, 1, 1, 1, 1, 1, 1, 1, 1, 1, 1, 1, 1, 1, 1, 1, 1], [0, 1, 1, 1, 1, 1, 1, 1, 1, 1, 1, 1, 1, 1, 1, 1, 1, 1, 1, 1, 1, 1, 1, 0, 1, 1, 1, 1, 1, 1, 1, 1, 1, 1, 1, 1, 1, 1, 1, 1, 1, 1], [0, 1, 1, 1, 1, 1, 1, 1, 1, 1, 1, 1, 1, 1, 1, 1, 1, 1, 1, 1, 1, 1, 1, 1, 0, 1, 1, 1, 1, 1, 1, 1, 1, 1, 1, 1, 1, 1, 1, 1, 1, 1], [0, 1, 1, 1, 1, 1, 1, 1, 1, 1, 1, 1, 1, 1, 1, 1, 1, 1, 1, 1, 1, 1, 1, 1, 1, 0, 1, 1, 1, 1, 1, 1, 1, 1, 1, 1, 1, 1, 1, 1, 1, 1], [0, 1, 1, 1, 1, 1, 1, 1, 1, 1, 1, 1, 1, 1, 1, 1, 1, 1, 1, 1, 1, 1, 1, 1, 1, 1, 0, 1, 1, 1, 1, 1, 1, 1, 1, 1, 1, 1, 1, 1, 1, 1], [0, 1, 1, 1, 1, 1, 1, 1, 1, 1, 1, 1, 1, 1, 1, 1, 1, 1, 1, 1, 1, 1, 1, 1, 1, 1, 1, 0, 1, 1, 1, 1, 1, 1, 1, 1, 1, 1, 1, 1, 1, 1], [0, 1, 1, 1, 1, 1, 1, 1, 1, 1, 1, 1, 1, 1, 1, 1, 1, 1, 1, 1, 1, 1, 1, 1, 1, 1, 1, 1, 0, 1, 1, 1, 1, 1, 1, 1, 1, 1, 1, 1, 1, 1], [0, 1, 1, 1, 1, 1, 1, 1, 1, 1, 1, 1, 1, 1, 1, 1, 1, 1, 1, 1, 1, 1, 1, 1, 1, 1, 1, 1, 1, 0, 1, 1, 1, 1, 1, 1, 1, 1, 1, 1, 1, 1], [0, 1, 1, 1, 1, 1, 1, 1, 1, 1, 1, 1, 1, 1, 1, 1, 1, 1, 1, 1, 1, 1, 1, 1, 1, 1, 1, 1, 1, 1, 0, 1, 1, 1, 1, 1, 1, 1, 1, 1, 1, 1], [0, 1, 1, 1, 1, 1, 1, 1, 1, 1, 1, 1, 1, 1, 1, 1, 1, 1, 1, 1, 1, 1, 1, 1, 1, 1, 1, 1, 1, 1, 1, 0, 1, 1, 1, 1, 1, 1, 1, 1, 1, 1], [0, 1, 1, 1, 1, 1, 1, 1, 1, 1, 1, 1, 1, 1, 1, 1, 1, 1, 1, 1, 1, 1, 1, 1, 1, 1, 1, 1, 1, 1, 1, 1, 0, 1, 1, 1, 1, 1, 1, 1, 1, 1], [0, 1, 1, 1, 1, 1, 1, 1, 1, 1, 1, 1, 1, 1, 1, 1, 1, 1, 1, 1, 1, 1, 1, 1, 1, 1, 1, 1, 1, 1, 1, 1, 1, 0, 1, 1, 1, 1, 1, 1, 1, 1], [0, 1, 1, 1, 1, 1, 1, 1, 1, 1, 1, 1, 1, 1, 1, 1, 1, 1, 1, 1, 1, 1, 1, 1, 1, 1, 1, 1, 1, 1, 1, 1, 1, 1, 0, 1, 1, 1, 1, 1, 1, 1], [0, 1, 1, 1, 1, 1, 1, 1, 1, 1, 1, 1, 1, 1, 1, 1, 1, 1, 1, 1, 1, 1, 1, 1, 1, 1, 1, 1, 1, 1, 1, 1, 1, 1, 1, 0, 1, 1, 1, 1, 1, 1], [0, 1, 1, 1, 1, 1, 1, 1, 1, 1, 1, 1, 1, 1, 1, 1, 1, 1, 1, 1, 1, 1, 1, 1, 1, 1, 1, 1, 1, 1, 1, 1, 1, 1, 1, 1, 0, 1, 1, 1, 1, 1], [0, 1, 1, 1, 1, 1, 1, 1, 1, 1, 1, 1, 1, 1, 1, 1, 1, 1, 1, 1, 1, 1, 1, 1, 1, 1, 1, 1, 1, 1, 1, 1, 1, 1, 1, 1, 1, 0, 1, 1, 1, 1], [0, 1, 1, 1, 1, 1, 1, 1, 1, 1, 1, 1, 1, 1, 1, 1, 1, 1, 1, 1, 1, 1, 1, 1, 1, 1, 1, 1, 1, 1, 1, 1, 1, 1, 1, 1, 1, 1, 0, 1, 1, 1], [0, 1, 1, 1, 1, 1, 1, 1, 1, 1, 1, 1, 1, 1, 1, 1, 1, 1, 1, 1, 1, 1, 1, 1, 1, 1, 1, 1, 1, 1, 1, 1, 1, 1, 1, 1, 1, 1, 1, 0, 1, 1], [0, 1, 1, 1, 1, 1, 1, 1, 1, 1, 1, 1, 1, 1, 1, 1, 1, 1, 1, 1, 1, 1, 1, 1, 1, 1, 1, 1, 1, 1, 1, 1, 1, 1, 1, 1, 1, 1, 1, 1, 0, 1], [0, 0, 0, 0, 0, 0, 0, 0, 0, 0, 0, 0, 0, 0, 0, 0, 0, 0, 0, 0, 0, 0, 0, 0, 0, 0, 0, 0, 0, 0, 0, 0, 0, 0, 0, 0, 0, 0, 0, 0, 0, 0]]}, "cluster_count": 3, "cluster_speeds": [[0.8325, 0.765, 0.8325, 0.9, 0.7492500000000001, 0.6885, 0.7492500000000001, 0.81, 0.41625, 0.3825, 0.41625, 0.45, 0.27472500000000005, 0.25245, 0.27472500000000005, 0.29700000000000004, 0.333, 0.30600000000000005, 0.333, 0.36000000000000004, 0.49950000000000006, 0.459, 0.49950000000000006, 0.54, 0.6475, 0.595, 0.6475, 0.7, 0.37, 0.34, 0.37, 0.4, 0.30525, 0.2805, 0.30525, 0.33, 0.4625, 0.425, 0.4625, 0.5, 0.6475, 0.595, 0.6475, 0.7, 0.74, 0.68, 0.74, 0.8, 0.58275, 0.5355, 0.58275, 0.63, 0.41625, 0.3825, 0.41625, 0.45, 0.49950000000000006, 0.459, 0.49950000000000006, 0.54, 0.58275, 0.5355, 0.58275, 0.63, 0.7492500000000001, 0.6885, 0.7492500000000001, 0.81, 0.8325, 0.765, 0.8325, 0.9, 0.9], [0.87875, 0.8075, 0.87875, 0.95, 0.790875, 0.72675, 0.790875, 0.855, 0.439375, 0.40375, 0.439375, 0.475, 0.2899875, 0.266475, 0.2899875, 0.3135, 0.3515, 0.323, 0.3515, 0.38, 0.52725, 0.4845, 0.52725, 0.57, 0.6475, 0.595, 0.6475, 0.7, 0.37, 0.34, 0.37, 0.4, 0.30525, 0.2805, 0.30525, 0.33, 0.4625, 0.425, 0.4625, 0.5, 0.6475, 0.595, 0.6475, 0.7, 0.74, 0.68, 0.74, 0.8, 0.6151249999999999, 0.5652499999999999, 0.6151249999999999, 0.6649999999999999, 0.439375, 0.40375, 0.439375, 0.475, 0.52725, 0.4845, 0.52725, 0.57, 0.6151249999999999, 0.5652499999999999, 0.6151249999999999, 0.6649999999999999, 0.790875, 0.72675, 0.790875, 0.855, 0.87875, 0.8075, 0.87875, 0.95, 0.95], [0.925, 0.85, 0.925, 1.0, 0.8325, 0.765, 0.8325, 0.9, 0.4625, 0.425, 0.4625, 0.5, 0.30525, 0.2805, 0.30525, 0.33, 0.37, 0.34, 0.37, 0.4, 0.555, 0.51, 0.555, 0.6, 0.6475, 0.595, 0.6475, 0.7, 0.37, 0.34, 0.37, 0.4, 0.30525, 0.2805, 0.30525, 0.33, 0.4625, 0.425, 0.4625, 0.5, 0.6475, 0.595, 0.6475, 0.7, 0.74, 0.68, 0.74, 0.8, 0.6475, 0.595, 0.6475, 0.7, 0.4625, 0.425, 0.4625, 0.5, 0.555, 0.51, 0.555, 0.6, 0.6475, 0.595, 0.6475, 0.7, 0.8325, 0.765, 0.8325, 0.9, 0.925, 0.85, 0.925, 1.0, 1.0]], "clusters": [[-1, 2, 2, 2, 2, 2, 2, 2, 2, 2, 2, 2, 2, 2, 2, 2, 2, 2, 2, 2, 2, 2, 2, 2, 2, 2, 2, 2, 2, 2, 2, 2, 2, 2, 2, 2, 2, 2, 2, 2, 2, 2], [0, -1, 0, 0, 0, 0, 0, 0, 0, 0, 0, 0, 0, 0, 0, 0, 0, 0, 0, 0, 0, 0, 0, 0, 0, 0, 0, 0, 0, 0, 0, 0, 0, 0, 0, 0, 0, 0, 0, 0, 0, 0], [0, 0, -1, 0, 0, 0, 0, 0, 0, 0, 0, 0, 0, 0, 0, 0, 0, 0, 0, 0, 0, 0, 0, 0, 0, 0, 0, 0, 0, 0, 0, 0, 0, 0, 0, 0, 0, 0, 0, 0, 0, 0], [1, 1, 1, -1, 1, 1, 1, 1, 1, 1, 1, 1, 1, 1, 1, 1, 1, 1, 1, 1, 1, 1, 1, 1, 1, 1, 1, 1, 1, 1, 1, 1, 1, 1, 1, 1, 1, 1, 1, 1, 1, 1], [0, 0, 0, 0, -1, 0, 0, 0, 0, 0, 0, 0, 0, 0, 0, 0, 0, 0, 0, 0, 0, 0, 0, 0, 0, 0, 0, 0, 0, 0, 0, 0, 0, 0, 0, 0, 0, 0, 0, 0, 0, 0], [1, 1, 1, 1, 1, -1, 1, 1, 1, 1, 1, 1, 1, 1, 1, 1, 1, 1, 1, 1, 1, 1, 1, 1, 1, 1, 1, 1, 1, 1, 1, 1, 1, 1, 1, 1, 1, 1, 1, 1, 1, 1], [0, 0, 0, 0, 0, 0, -1, 0, 0, 0, 0, 0, 0, 0, 0, 0, 0, 0, 0, 0, 0, 0, 0, 0, 0, 0, 0, 0, 0, 0, 0, 0, 0, 0, 0, 0, 0, 0, 0, 0, 0, 0], [0, 0, 0, 0, 0, 0, 0, -1, 0, 0, 0, 0, 0, 0, 0, 0, 0, 0, 0, 0, 0, 0, 0, 0, 0, 0, 0, 0, 0, 0, 0, 0, 0, 0, 0, 0, 0, 0, 0, 0, 0, 0], [1, 1, 1, 1, 1, 1, 1, 1, -1, 1, 1, 1, 1, 1, 1, 1, 1, 1, 1, 1, 1, 1, 1, 1, 1, 1, 1, 1, 1, 1, 1, 1, 1, 1, 1, 1, 1, 1, 1, 1, 1, 1], [0, 0, 0, 0, 0, 0, 0, 0, 0, -1, 0, 0, 0, 0, 0, 0, 0, 0, 0, 0, 0, 0, 0, 0, 0, 0, 0, 0, 0, 0, 0, 0, 0, 0, 0, 0, 0, 0, 0, 0, 0, 0], [1, 1, 1, 1, 1, 1, 1, 1, 1, 1, -1, 1, 1, 1, 1, 1, 1, 1, 1, 1, 1, 1, 1, 1, 1, 1, 1, 1, 1, 1, 1, 1, 1, 1, 1, 1, 1, 1, 1, 1, 1, 1], [0, 0, 0, 0, 0, 0, 0, 0, 0, 0, 0, -1, 0, 0, 0, 0, 0, 0, 0, 0, 0, 0, 0, 0, 0, 0, 0, 0, 0, 0, 0, 0, 0, 0, 0, 0, 0, 0, 0, 0, 0, 0], [1, 1, 1, 1, 1, 1, 1, 1, 1, 1, 1, 1, -1, 1, 1, 1, 1, 1, 1, 1, 1, 1, 1, 1, 1, 1, 1, 1, 1, 1, 1, 1, 1, 1, 1, 1, 1, 1, 1, 1, 1, 1], [1, 1, 1, 1, 1, 1, 1, 1, 1, 1, 1, 1, 1, -1, 1, 1, 1, 1, 1, 1, 1, 1, 1, 1, 1, 1, 1, 1, 1, 1, 1, 1, 1, 1, 1, 1, 1, 1, 1, 1, 1, 1], [0, 0, 0, 0, 0, 0, 0, 0, 0, 0, 0, 0, 0, 0, -1, 0, 0, 0, 0, 0, 0, 0, 0, 0, 0, 0, 0, 0, 0, 0, 0, 0, 0, 0, 0, 0, 0, 0, 0, 0, 0, 0], [1, 1, 1, 1, 1, 1, 1, 1, 1, 1, 1, 1, 1, 1, 1, -1, 1, 1, 1, 1, 1, 1, 1, 1, 1, 1, 1, 1, 1, 1, 1, 1, 1, 1, 1, 1, 1, 1, 1, 1, 1, 1], [1, 1, 1, 1, 1, 1, 1, 1, 1, 1, 1, 1, 1, 1, 1, 1, -1, 1, 1, 1, 1, 1, 1, 1, 1, 1, 1, 1, 1, 1, 1, 1, 1, 1, 1, 1, 1, 1, 1, 1, 1, 1], [0, 0, 0, 0, 0, 0, 0, 0, 0, 0, 0, 0, 0, 0, 0, 0, 0, -1, 0, 0, 0, 0, 0, 0, 0, 0, 0, 0, 0, 0, 0, 0, 0, 0, 0, 0, 0, 0, 0, 0, 0, 0], [1, 1, 1, 1, 1, 1, 1, 1, 1, 1, 1, 1, 1, 1, 1, 1, 1, 1, -1, 1, 1, 1, 1, 1, 1, 1, 1, 1, 1, 1, 1, 1, 1, 1, 1, 1, 1, 1, 1, 1, 1, 1], [0, 0, 0, 0, 0, 0, 0, 0, 0, 0, 0, 0, 0, 0, 0, 0, 0, 0, 0, -1, 0, 0, 0, 0, 0, 0, 0, 0, 0, 0, 0, 0, 0, 0, 0, 0, 0, 0, 0, 0, 0, 0], [0, 0, 0, 0, 0, 0, 0, 0, 0, 0, 0, 0, 0, 0, 0, 0, 0, 0, 0, 0, -1, 0, 0, 0, 0, 0, 0, 0, 0, 0, 0, 0, 0, 0, 0, 0, 0, 0, 0, 0, 0, 0], [0, 0, 0, 0, 0, 0, 0, 0, 0, 0, 0, 0, 0, 0, 0, 0, 0, 0, 0, 0, 0, -1, 0, 0, 0, 0, 0, 0, 0, 0, 0, 0, 0, 0, 0, 0, 0, 0, 0, 0, 0, 0], [1, 1, 1, 1, 1, 1, 1, 1, 1, 1, 1, 1, 1, 1, 1, 1, 1, 1, 1, 1, 1, 1, -1, 1, 1, 1, 1, 1, 1, 1, 1, 1, 1, 1, 1, 1, 1, 1, 1, 1, 1, 1], [0, 0, 0, 0, 0, 0, 0, 0, 0, 0, 0, 0, 0, 0, 0, 0, 0, 0, 0, 0, 0, 0, 0, -1, 0, 0, 0, 0, 0, 0, 0, 0, 0, 0, 0, 0, 0, 0, 0, 0, 0, 0], [1, 1, 1, 1, 1, 1, 1, 1, 1, 1, 1, 1, 1, 1, 1, 1, 1, 1, 1, 1, 1, 1, 1, 1, -1, 1, 1, 1, 1, 1, 1, 1, 1, 1, 1, 1, 1, 1, 1, 1, 1, 1], [1, 1, 1, 1, 1, 1, 1, 1, 1, 1, 1, 1, 1, 1, 1, 1, 1, 1, 1, 1, 1, 1, 1, 1, 1, -1, 1, 1, 1, 1, 1, 1, 1, 1, 1, 1, 1, 1, 1, 1, 1, 1], [0, 0, 0, 0, 0, 0, 0, 0, 0, 0, 0, 0, 0, 0, 0, 0, 0, 0, 0, 0, 0, 0, 0, 0, 0, 0, -1, 0, 0, 0, 0, 0, 0, 0, 0, 0, 0, 0, 0, 0, 0, 0], [1, 1, 1, 1, 1, 1, 1, 1, 1, 1, 1, 1, 1, 1, 1, 1, 1, 1, 1, 1, 1, 1, 1, 1, 1, 1, 1, -1, 1, 1, 1, 1, 1, 1, 1, 1, 1, 1, 1, 1, 1, 1], [1, 1, 1, 1, 1, 1, 1, 1, 1, 1, 1, 1, 1, 1, 1, 1, 1, 1, 1, 1, 1, 1, 1, 1, 1, 1, 1, 1, -1, 1, 1, 1, 1, 1, 1, 1, 1, 1, 1, 1, 1, 1], [0, 0, 0, 0, 0, 0, 0, 0, 0, 0, 0, 0, 0, 0, 0, 0, 0, 0, 0, 0, 0, 0, 0, 0, 0, 0, 0, 0, 0, -1, 0, 0, 0, 0, 0, 0, 0, 0, 0, 0, 0, 0], [1, 1, 1, 1, 1, 1, 1, 1, 1, 1, 1, 1, 1, 1, 1, 1, 1, 1, 1, 1, 1, 1, 1, 1, 1, 1, 1, 1, 1, 1, -1, 1, 1, 1, 1, 1, 1, 1, 1, 1, 1, 1], [1, 1, 1, 1, 1, 1, 1, 1, 1, 1, 1, 1, 1, 1, 1, 1, 1, 1, 1, 1, 1, 1, 1, 1, 1, 1, 1, 1, 1, 1, 1, -1, 1, 1, 1, 1, 1, 1, 1, 1, 1, 1], [1, 1, 1, 1, 1, 1, 1, 1, 1, 1, 1, 1, 1, 1, 1, 1, 1, 1, 1, 1, 1, 1, 1, 1, 1, 1, 1, 1, 1, 1, 1, 1, -1, 1, 1, 1, 1, 1, 1, 1, 1, 1], [0, 0, 0, 0, 0, 0, 0, 0, 0, 0, 0, 0, 0, 0, 0, 0, 0, 0, 0, 0, 0, 0, 0, 0, 0, 0, 0, 0, 0, 0, 0, 0, 0, -1, 0, 0, 0, 0, 0, 0, 0, 0], [1, 1, 1, 1, 1, 1, 1, 1, 1, 1, 1, 1, 1, 1, 1, 1, 1, 1, 1, 1, 1, 1, 1, 1, 1, 1, 1, 1, 1, 1, 1, 1, 1, 1, -1, 1, 1, 1, 1, 1, 1, 1], [1, 1, 1, 1, 1, 1, 1, 1, 1, 1, 1, 1, 1, 1, 1, 1, 1, 1, 1, 1, 1, 1, 1, 1, 1, 1, 1, 1, 1, 1, 1, 1, 1, 1, 1, -1, 1, 1, 1, 1, 1, 1], [1, 1, 1, 1, 1, 1, 1, 1, 1, 1, 1, 1, 1, 1, 1, 1, 1, 1, 1, 1, 1, 1, 1, 1, 1, 1, 1, 1, 1, 1, 1, 1, 1, 1, 1, 1, -1, 1, 1, 1, 1, 1], [0, 0, 0, 0, 0, 0, 0, 0, 0, 0, 0, 0, 0, 0, 0, 0, 0, 0, 0, 0, 0, 0, 0, 0, 0, 0, 0, 0, 0, 0, 0, 0, 0, 0, 0, 0, 0, -1, 0, 0, 0, 0], [2, 2, 2, 2, 2, 2, 2, 2, 2, 2, 2, 2, 2, 2, 2, 2, 2, 2, 2, 2, 2, 2, 2, 2, 2, 2, 2, 2, 2, 2, 2, 2, 2, 2, 2, 2, 2, 2, -1, 2, 2, 2], [0, 0, 0, 0, 0, 0, 0, 0, 0, 0, 0, 0, 0, 0, 0, 0, 0, 0, 0, 0, 0, 0, 0, 0, 0, 0, 0, 0, 0, 0, 0, 0, 0, 0, 0, 0, 0, 0, 0, -1, 0, 0], [0, 0, 0, 0, 0, 0, 0, 0, 0, 0, 0, 0, 0, 0, 0, 0, 0, 0, 0, 0, 0, 0, 0, 0, 0, 0, 0, 0, 0, 0, 0, 0, 0, 0, 0, 0, 0, 0, 0, 0, -1, 0], [2, 2, 2, 2, 2, 2, 2, 2, 2, 2, 2, 2, 2, 2, 2, 2, 2, 2, 2, 2, 2, 2, 2, 2, 2, 2, 2, 2, 2, 2, 2, 2, 2, 2, 2, 2, 2, 2, 2, 2, 2, -1]], "speed_zone_count": 73, "speed_zones": [[0.0, 15.0], [15.0, 30.0], [30.0, 45.0], [45.0, 60.0], [60.0, 75.0], [75.0, 90.0], [90.0, 105.0], [105.0, 120.0], [120.0, 135.0], [135.0, 150.0], [150.0, 165.0], [165.0, 180.0], [180.0, 195.0], [195.0, 210.0], [210.0, 225.0], [225.0, 240.0], [240.0, 255.0], [255.0, 270.0], [270.0, 285.0], [285.0, 300.0], [300.0, 315.0], [315.0, 330.0], [330.0, 345.0], [345.0, 360.0], [360.0, 375.0], [375.0, 390.0], [390.0, 405.0], [405.0, 420.0], [420.0, 435.0], [435.0, 450.0], [450.0, 465.0], [465.0, 480.0], [480.0, 495.0], [495.0, 510.0], [510.0, 525.0], [525.0, 540.0], [540.0, 555.0], [555.0, 570.0], [570.0, 585.0], [585.0, 600.0], [600.0, 615.0], [615.0, 630.0], [630.0, 645.0], [645.0, 660.0], [660.0, 675.0], [675.0, 690.0], [690.0, 705.0], [705.0, 720.0], [720.0, 735.0], [735.0, 750.0], [750.0, 765.0], [765.0, 780.0], [780.0, 795.0], [795.0, 810.0], [810.0, 825.0], [825.0, 840.0], [840.0, 855.0], [855.0, 870.0], [870.0, 885.0], [885.0, 900.0], [900.0, 915.0], [915.0, 930.0], [930.0, 945.0], [945.0, 960.0], [960.0, 975.0], [975.0, 990.0], [990.0, 1005.0], [1005.0, 1020.0], [1020.0, 1035.0], [1035.0, 1050.0], [1050.0, 1065.0], [1065.0, 1080.0], [1080.0, 5000.0]], "distances": [[0.0, 63.78, 84.89, 88.77, 66.51, 57.34, 84.15, 78.11, 76.44, 69.61, 58.94, 80.29, 55.49, 61.62, 71.26, 86.73, 94.13, 71.15, 68.52, 69.4, 68.44, 69.8, 67.87, 65.98, 81.05, 87.14, 77.95, 50.14, 49.25, 80.44, 71.78, 71.28, 77.58, 65.13, 85.75, 55.84, 66.5, 69.49, 95.37, 61.76, 68.45, 0.0], [0.0, 0.0, 21.16, 25.04, 17.14, 15.39, 20.41, 15.21, 18.93, 9.15, 13.38, 17.28, 11.42, 16.8, 14.82, 24.33, 30.61, 10.75, 22.77, 8.97, 5.44, 10.87, 19.48, 16.85, 24.37, 25.59, 14.67, 15.6, 17.93, 17.37, 20.59, 14.06, 19.38, 10.21, 23.96, 21.5, 19.22, 5.83, 31.95, 12.62, 5.4, 63.78], [0.0, 21.16, 0.0, 15.73, 18.49, 32.64, 14.16, 10.11, 16.9, 16.64, 30.38, 8.83, 31.2, 31.11, 21.25, 7.82, 9.65, 15.65, 31.74, 16.82, 16.54, 17.52, 28.99, 19.0, 18.59, 10.57, 7.47, 36.17, 38.08, 8.56, 26.85, 18.26, 15.85, 20.01, 9.37, 37.94, 29.79, 15.66, 11.11, 23.18, 16.52, 84.89], [0.0, 25.04, 15.73, 0.0, 22.36, 36.17, 5.64, 13.13, 19.4, 20.32, 33.92, 11.46, 34.95, 34.4, 24.17, 8.04, 6.08, 19.22, 34.39, 20.5, 20.41, 21.05, 31.81, 22.87, 20.14, 10.69, 11.19, 39.97, 41.83, 11.19, 29.37, 21.48, 18.23, 23.86, 10.02, 41.32, 32.71, 19.5, 7.61, 27.06, 20.39, 88.77], [0.0, 17.14, 18.49, 22.36, 0.0, 16.59, 17.65, 12.51, 17.9, 8.3, 14.43, 14.55, 13.38, 17.26, 13.43, 22.05, 28.0, 9.68, 22.34, 8.17, 12.03, 10.28, 19.01, 9.0, 23.21, 23.48, 12.25, 17.93, 20.11, 14.63, 19.59, 13.52, 18.17, 16.95, 21.83, 22.64, 18.95, 12.58, 29.36, 4.77, 12.0, 66.51], [0.0, 15.39, 32.64, 36.17, 16.59, 0.0, 30.64, 23.34, 34.29, 24.52, 9.39, 25.39, 5.9, 4.76, 14.17, 37.86, 42.22, 26.07, 13.03, 24.34, 20.4, 26.26, 11.15, 16.37, 39.7, 39.63, 28.04, 8.9, 8.42, 25.61, 14.78, 29.43, 34.67, 14.91, 37.96, 6.11, 9.91, 18.18, 43.71, 14.38, 20.33, 57.34], [0.0, 20.41, 14.16, 5.64, 17.65, 30.64, 0.0, 7.49, 19.18, 17.33, 28.41, 5.87, 29.71, 28.77, 18.55, 11.07, 11.7, 16.61, 28.86, 17.48, 16.36, 18.53, 26.22, 18.19, 21.41, 13.81, 8.48, 34.84, 36.57, 5.6, 23.9, 19.78, 18.25, 19.02, 12.57, 35.71, 27.09, 14.65, 13.24, 22.42, 16.31, 84.15], [0.0, 15.21, 10.11, 13.13, 12.51, 23.34, 7.49, 0.0, 21.18, 15.63, 21.14, 13.36, 22.96, 21.29, 11.14, 17.18, 19.19, 15.66, 21.66, 15.69, 12.8, 17.44, 18.87, 13.05, 24.89, 19.68, 9.83, 28.24, 29.74, 13.09, 16.86, 19.74, 20.64, 13.44, 18.16, 28.26, 19.68, 9.53, 20.73, 17.08, 12.71, 78.11], [0.0, 18.93, 16.9, 19.4, 17.9, 34.29, 19.18, 21.18, 0.0, 9.78, 32.22, 21.68, 30.14, 35.14, 29.2, 12.79, 21.82, 8.24, 39.44, 9.96, 14.03, 8.21, 36.13, 18.02, 5.49, 11.83, 11.51, 33.47, 36.11, 21.52, 35.75, 5.49, 10.53, 19.47, 11.0, 40.39, 36.32, 17.38, 22.42, 20.24, 14.11, 76.44], [0.0, 9.15, 16.64, 20.32, 8.3, 24.52, 17.33, 15.63, 9.78, 0.0, 22.46, 17.0, 20.43, 25.54, 20.83, 17.12, 24.92, 9.56, 30.46, 8.96, 4.53, 11.12, 27.12, 8.35, 15.22, 17.73, 9.17, 24.07, 26.61, 16.95, 27.29, 5.26, 10.25, 9.77, 16.24, 30.62, 27.15, 8.55, 26.01, 10.53, 4.63, 69.61], [0.0, 13.38, 30.38, 33.92, 14.43, 9.39, 28.41, 21.14, 32.22, 22.46, 0.0, 23.21, 5.35, 4.63, 12.35, 35.6, 39.96, 23.98, 12.84, 22.29, 18.27, 24.25, 10.47, 14.23, 37.6, 37.38, 25.78, 9.59, 9.73, 23.43, 13.79, 27.45, 32.56, 12.78, 35.71, 8.21, 9.4, 15.93, 41.46, 12.53, 18.19, 58.94], [0.0, 17.28, 8.83, 11.46, 14.55, 25.39, 5.87, 13.36, 21.68, 17.0, 23.21, 0.0, 25.13, 23.16, 12.72, 16.32, 17.46, 16.85, 22.99, 17.08, 14.54, 18.7, 20.36, 15.1, 25.0, 18.94, 10.17, 30.41, 31.89, 11.47, 18.04, 20.77, 21.02, 15.55, 17.5, 30.18, 21.25, 11.53, 19.01, 19.18, 14.47, 80.29], [0.0, 11.42, 31.2, 34.95, 13.38, 5.9, 29.71, 22.96, 30.14, 20.43, 5.35, 25.13, 0.0, 9.96, 16.18, 35.41, 40.84, 22.09, 18.19, 20.24, 16.83, 21.94, 15.72, 13.0, 35.62, 36.86, 25.57, 5.35, 6.88, 25.31, 18.8, 24.98, 30.68, 11.66, 35.21, 11.34, 14.71, 15.72, 42.27, 9.91, 16.78, 55.49], [0.0, 16.8, 31.11, 34.4, 17.26, 4.76, 28.77, 21.29, 35.14, 25.54, 4.63, 23.16, 9.96, 0.0, 10.9, 37.07, 40.47, 26.94, 8.33, 25.4, 21.12, 27.46, 6.44, 17.19, 40.38, 39.08, 27.49, 13.64, 13.11, 23.41, 10.2, 30.7, 35.35, 15.78, 37.42, 7.08, 5.16, 18.09, 42.0, 16.33, 21.03, 61.62], [0.0, 14.82, 21.25, 24.17, 13.43, 14.17, 18.55, 11.14, 29.2, 20.83, 12.35, 12.72, 16.18, 10.9, 0.0, 28.04, 30.18, 21.72, 10.72, 20.77, 16.44, 22.92, 7.76, 13.72, 33.85, 30.38, 19.32, 21.39, 22.01, 12.99, 6.55, 25.99, 29.04, 12.9, 28.78, 17.97, 8.55, 12.28, 31.73, 15.71, 16.33, 71.26], [0.0, 24.33, 7.82, 8.04, 22.05, 37.86, 11.07, 17.18, 12.79, 17.12, 35.6, 16.32, 35.41, 37.07, 28.04, 0.0, 9.04, 15.59, 38.72, 17.33, 18.99, 17.06, 35.78, 22.46, 12.37, 18.39, 9.87, 39.92, 42.16, 16.06, 34.03, 16.35, 11.5, 23.76, 17.19, 43.56, 36.44, 19.8, 9.66, 26.23, 19.01, 86.73], [0.0, 30.61, 9.65, 6.08, 28.0, 42.22, 11.7, 19.19, 21.82, 24.92, 39.96, 17.46, 40.84, 40.47, 30.18, 9.04, 0.0, 23.59, 40.28, 25.12, 25.7, 25.28, 37.78, 28.5, 21.01, 10.66, 16.19, 45.79, 47.72, 17.2, 35.21, 25.06, 20.54, 29.58, 10.94, 47.39, 38.71, 25.25, 13.68, 32.62, 25.69, 94.13], [0.0, 10.75, 15.65, 19.22, 9.68, 26.07, 16.61, 15.66, 8.24, 9.56, 23.98, 16.85, 22.09, 26.94, 21.72, 15.59, 23.59, 0.0, 31.59, 9.67, 5.82, 12.41, 28.26, 9.79, 13.63, 16.11, 8.24, 25.76, 28.3, 16.78, 28.23, 4.3, 8.62, 11.23, 14.64, 32.16, 28.35, 9.52, 24.64, 12.19, 5.91, 71.15], [0.0, 22.77, 31.74, 34.39, 22.34, 13.03, 28.86, 21.66, 39.44, 30.46, 12.84, 22.99, 18.19, 8.33, 10.72, 38.72, 40.28, 31.59, 0.0, 30.36, 25.93, 32.52, 14.77, 22.45, 44.3, 41.09, 30.01, 21.93, 21.16, 23.26, 5.16, 35.71, 39.39, 21.24, 39.49, 12.68, 10.5, 22.1, 41.83, 22.87, 25.83, 68.52], [0.0, 8.97, 16.82, 20.5, 8.17, 24.34, 17.48, 15.69, 9.96, 8.96, 22.29, 17.08, 20.24, 25.4, 20.77, 17.33, 25.12, 9.67, 30.36, 0.0, 4.43, 11.02, 27.02, 8.21, 15.41, 17.95, 9.35, 23.86, 26.41, 17.03, 27.22, 5.37, 10.44, 9.62, 16.46, 30.45, 27.04, 8.49, 26.22, 10.33, 4.53, 69.4], [0.0, 5.44, 16.54, 20.41, 12.03, 20.4, 16.36, 12.8, 14.03, 4.53, 18.27, 14.54, 16.83, 21.12, 16.44, 18.99, 25.7, 5.82, 25.93, 4.43, 0.0, 6.59, 22.59, 11.48, 19.34, 20.17, 9.55, 21.01, 23.37, 14.56, 22.84, 9.79, 14.31, 5.49, 18.55, 26.47, 22.62, 4.24, 26.97, 7.25, 8.96, 68.44], [0.0, 10.87, 17.52, 21.05, 10.28, 26.26, 18.53, 17.44, 8.21, 11.12, 24.25, 18.7, 21.94, 27.46, 22.92, 17.06, 25.28, 12.41, 32.52, 11.02, 6.59, 0.0, 29.18, 10.29, 13.7, 17.35, 10.14, 25.29, 27.91, 18.63, 29.38, 13.7, 8.87, 11.68, 15.96, 32.37, 29.19, 10.64, 26.28, 12.05, 6.69, 69.8], [0.0, 19.48, 28.99, 31.81, 19.01, 11.15, 26.22, 18.87, 36.13, 27.12, 10.47, 20.36, 15.72, 6.44, 7.76, 35.78, 37.78, 28.26, 14.77, 27.02, 22.59, 29.18, 0.0, 19.12, 41.03, 38.09, 26.88, 19.94, 19.54, 20.63, 14.31, 32.37, 36.11, 17.92, 36.47, 12.36, 11.6, 18.78, 39.33, 19.64, 22.49, 67.87], [0.0, 16.85, 19.0, 22.87, 9.0, 16.37, 18.19, 13.05, 18.02, 8.35, 14.23, 15.1, 13.0, 17.19, 13.72, 22.46, 28.5, 9.79, 22.45, 8.21, 11.48, 10.29, 19.12, 0.0, 23.37, 23.85, 12.69, 17.49, 19.7, 15.18, 19.81, 13.53, 18.33, 16.41, 22.21, 22.44, 19.02, 12.04, 29.85, 4.23, 11.46, 65.98], [0.0, 24.37, 18.59, 20.14, 23.21, 39.7, 21.41, 24.89, 5.49, 15.22, 37.6, 25.0, 35.62, 40.38, 33.85, 12.37, 21.01, 13.63, 44.3, 15.41, 19.34, 13.7, 41.03, 23.37, 0.0, 10.35, 15.07, 38.94, 41.59, 24.8, 40.37, 10.88, 5.04, 24.82, 10.32, 45.79, 41.31, 22.43, 21.23, 25.71, 19.43, 81.05], [0.0, 25.59, 10.57, 10.69, 23.48, 39.63, 13.81, 19.68, 11.83, 17.73, 37.38, 18.94, 36.86, 39.08, 30.38, 18.39, 10.66, 16.11, 41.09, 17.95, 20.17, 17.35, 38.09, 23.85, 10.35, 0.0, 11.62, 41.18, 43.51, 18.68, 36.48, 16.12, 10.52, 25.21, 19.94, 45.43, 38.69, 21.47, 10.93, 27.41, 20.2, 87.14], [0.0, 14.67, 7.47, 11.19, 12.25, 28.04, 8.48, 9.83, 11.51, 9.17, 25.78, 10.17, 25.57, 27.49, 19.32, 9.87, 16.19, 8.24, 30.01, 9.35, 9.55, 10.14, 26.88, 12.69, 15.07, 11.62, 0.0, 30.18, 32.35, 10.01, 25.71, 11.32, 10.86, 13.94, 9.95, 33.81, 27.37, 9.94, 17.43, 16.63, 9.54, 77.95], [0.0, 15.6, 36.17, 39.97, 17.93, 8.9, 34.84, 28.24, 33.47, 24.07, 9.59, 30.41, 5.35, 13.64, 21.39, 39.92, 45.79, 25.76, 21.93, 23.86, 21.01, 25.29, 19.94, 17.49, 38.94, 41.18, 30.18, 0.0, 12.24, 30.59, 23.37, 28.09, 34.16, 16.28, 39.56, 12.11, 18.76, 20.55, 47.19, 13.77, 20.98, 50.14], [0.0, 17.93, 38.08, 41.83, 20.11, 8.42, 36.57, 29.74, 36.11, 26.61, 9.73, 31.89, 6.88, 13.11, 22.01, 42.16, 47.72, 28.3, 21.16, 26.41, 23.37, 27.91, 19.54, 19.7, 41.59, 43.51, 32.35, 12.24, 0.0, 32.08, 23.2, 30.76, 36.77, 18.41, 41.88, 10.2, 18.27, 22.57, 49.15, 16.19, 23.33, 49.25], [0.0, 17.37, 8.56, 11.19, 14.63, 25.61, 5.6, 13.09, 21.52, 16.95, 23.43, 11.47, 25.31, 23.41, 12.99, 16.06, 17.2, 16.78, 23.26, 17.03, 14.56, 18.63, 20.63, 15.18, 24.8, 18.68, 10.01, 30.59, 32.08, 0.0, 18.32, 20.67, 20.85, 15.66, 17.25, 30.42, 21.52, 11.61, 18.75, 19.28, 14.48, 80.44], [0.0, 20.59, 26.85, 29.37, 19.59, 14.78, 23.9, 16.86, 35.75, 27.29, 13.79, 18.04, 18.8, 10.2, 6.55, 34.03, 35.21, 28.23, 5.16, 27.22, 22.84, 29.38, 14.31, 19.81, 40.37, 36.48, 25.71, 23.37, 23.2, 18.32, 0.0, 32.48, 35.58, 18.81, 34.92, 16.31, 5.34, 18.75, 36.76, 21.12, 22.73, 71.78], [0.0, 14.06, 18.26, 21.48, 13.52, 29.43, 19.78, 19.74, 5.49, 5.26, 27.45, 20.77, 24.98, 30.7, 25.99, 16.35, 25.06, 4.3, 35.71, 5.37, 9.79, 13.7, 32.37, 13.53, 10.88, 16.12, 11.32, 28.09, 30.76, 20.67, 32.48, 0.0, 6.43, 14.92, 14.94, 35.54, 32.4, 13.73, 25.9, 15.14, 9.89, 71.28], [0.0, 19.38, 15.85, 18.23, 18.17, 34.67, 18.25, 20.64, 10.53, 10.25, 32.56, 21.02, 30.68, 35.35, 29.04, 11.5, 20.54, 8.62, 39.39, 10.44, 14.31, 8.87, 36.11, 18.33, 5.04, 10.52, 10.86, 34.16, 36.77, 20.85, 35.58, 6.43, 0.0, 19.79, 9.7, 40.76, 36.35, 17.43, 21.12, 20.77, 14.39, 77.58], [0.0, 10.21, 20.01, 23.86, 16.95, 14.91, 19.02, 13.44, 19.47, 9.77, 12.78, 15.55, 11.66, 15.78, 12.9, 23.76, 29.58, 11.23, 21.24, 9.62, 5.49, 11.68, 17.92, 16.41, 24.82, 25.21, 13.94, 16.28, 18.41, 15.66, 18.81, 14.92, 19.79, 0.0, 23.56, 20.98, 17.76, 4.38, 30.95, 12.18, 5.41, 65.13], [0.0, 23.96, 9.37, 10.02, 21.83, 37.96, 12.57, 18.16, 11.0, 16.24, 35.71, 17.5, 35.21, 37.42, 28.78, 17.19, 10.94, 14.64, 39.49, 16.46, 18.55, 15.96, 36.47, 22.21, 10.32, 19.94, 9.95, 39.56, 41.88, 17.25, 34.92, 14.94, 9.7, 23.56, 0.0, 43.76, 37.07, 19.8, 11.43, 25.8, 18.58, 85.75], [0.0, 21.5, 37.94, 41.32, 22.64, 6.11, 35.71, 28.26, 40.39, 30.62, 8.21, 30.18, 11.34, 7.08, 17.97, 43.56, 47.39, 32.16, 12.68, 30.45, 26.47, 32.37, 12.36, 22.44, 45.79, 45.43, 33.81, 12.11, 10.2, 30.42, 16.31, 35.54, 40.76, 20.98, 43.76, 0.0, 10.98, 24.06, 48.91, 20.47, 26.39, 55.84], [0.0, 19.22, 29.79, 32.71, 18.95, 9.91, 27.09, 19.68, 36.32, 27.15, 9.4, 21.25, 14.71, 5.16, 8.55, 36.44, 38.71, 28.35, 10.5, 27.04, 22.62, 29.19, 11.6, 19.02, 41.31, 38.69, 27.37, 18.76, 18.27, 21.52, 5.34, 32.4, 36.35, 17.76, 37.07, 10.98, 0.0, 18.95, 40.26, 19.24, 22.52, 66.5], [0.0, 5.83, 15.66, 19.5, 12.58, 18.18, 14.65, 9.53, 17.38, 8.55, 15.93, 11.53, 15.72, 18.09, 12.28, 19.8, 25.25, 9.52, 22.1, 8.49, 4.24, 10.64, 18.78, 12.04, 22.43, 21.47, 9.94, 20.55, 22.57, 11.61, 18.75, 13.73, 17.43, 4.38, 19.8, 24.06, 18.95, 0.0, 26.64, 7.81, 9.79, 69.49], [0.0, 31.95, 11.11, 7.61, 29.36, 43.71, 13.24, 20.73, 22.42, 26.01, 41.46, 19.01, 42.27, 42.0, 31.73, 9.66, 13.68, 24.64, 41.83, 26.22, 26.97, 26.28, 39.33, 29.85, 21.23, 10.93, 17.43, 47.19, 49.15, 18.75, 36.76, 25.9, 21.12, 30.95, 11.43, 48.91, 40.26, 26.64, 0.0, 33.94, 26.97, 95.37], [0.0, 12.62, 23.18, 27.06, 4.77, 14.38, 22.42, 17.08, 20.24, 10.53, 12.53, 19.18, 9.91, 16.33, 15.71, 26.23, 32.62, 12.19, 22.87, 10.33, 7.25, 12.05, 19.64, 4.23, 25.71, 27.41, 16.63, 13.77, 16.19, 19.28, 21.12, 15.14, 20.77, 12.18, 25.8, 20.47, 19.24, 7.81, 33.94, 0.0, 7.23, 61.76], [0.0, 5.4, 16.52, 20.39, 12.0, 20.33, 16.31, 12.71, 14.11, 4.63, 18.19, 14.47, 16.78, 21.03, 16.33, 19.01, 25.69, 5.91, 25.83, 4.53, 8.96, 6.69, 22.49, 11.46, 19.43, 20.2, 9.54, 20.98, 23.33, 14.48, 22.73, 9.89, 14.39, 5.41, 18.58, 26.39, 22.52, 9.79, 26.97, 7.23, 0.0, 68.45], [0.0, 0.0, 0.0, 0.0, 0.0, 0.0, 0.0, 0.0, 0.0, 0.0, 0.0, 0.0, 0.0, 0.0, 0.0, 0.0, 0.0, 0.0, 0.0, 0.0, 0.0, 0.0, 0.0, 0.0, 0.0, 0.0, 0.0, 0.0, 0.0, 0.0, 0.0, 0.0, 0.0, 0.0, 0.0, 0.0, 0.0, 0.0, 0.0, 0.0, 0.0, 0.0]], "time_windows": [[0.0, 5000.0], [0.0, 110.0], [0.0, 137.0], [0.0, 155.0], [0.0, 200.0], [0.0, 242.0], [0.0, 332.0], [0.0, 348.0], [0.0, 387.0], [0.0, 403.0], [0.0, 439.0], [0.0, 484.0], [0.0, 559.0], [0.0, 587.0], [0.0, 612.0], [0.0, 663.0], [0.0, 678.0], [0.0, 711.0], [0.0, 755.0], [0.0, 801.0], [0.0, 808.0], [0.0, 817.0], [0.0, 879.0], [0.0, 915.0], [0.0, 953.0], [0.0, 971.0], [0.0, 988.0], [0.0, 1028.0], [0.0, 1042.0], [0.0, 1078.0], [0.0, 1099.0], [0.0, 1132.0], [0.0, 1138.0], [0.0, 1158.0], [0.0, 1182.0], [0.0, 1225.0], [0.0, 1236.0], [0.0, 1255.0], [0.0, 1282.0], [0.0, 1316.0], [0.0, 1323.0], [0.0, 5000.0]], "start_depot": 0, "end_depot": 41, "horizon": [0.0, 5000.0]}