{"digraph": {"vertex_count": 47, "arc_count": 2070, "arcs": [[0, 1, 1, 1, 1, 1, 1, 1, 1, 1, 1, 1, 1, 1, 1, 1, 1, 1, 1, 1, 1, 1, 1, 1, 1, 1, 1, 1, 1, 1, 1, 1, 1, 1, 1, 1, 1, 1, 1, 1, 1, 1, 1, 1, 1, 1, 1], [0, 0, 1, 1, 1, 1, 1, 1, 1, 1, 1, 1, 1, 1, 1, 1, 1, 1, 1, 1, 1, 1, 1, 1, 1, 1, 1, 1, 1, 1, 1, 1, 1, 1, 1, 1, 1, 1, 1, 1, 1, 1, 1, 1, 1, 1, 1], [0, 1, 0, 1, 1, 1, 1, 1, 1, 1, 1, 1, 1, 1, 1, 1, 1, 1, 1, 1, 1, 1, 1, 1, 1, 1, 1, 1, 1, 1, 1, 1, 1, 1, 1, 1, 1, 1, 1, 1, 1, 1, 1, 1, 1, 1, 1], [0, 1, 1, 0, 1, 1, 1, 1, 1, 1, 1, 1, 1, 1, 1, 1, 1, 1, 1, 1, 1, 1, 1, 1, 1, 1, 1, 1, 1, 1, 1, 1, 1, 1, 1, 1, 1, 1, 1, 1, 1, 1, 1, 1, 1, 1, 1], [0, 1, 1, 1, 0, 1, 1, 1, 1, 1, 1, 1, 1, 1, 1, 1, 1, 1, 1, 1, 1, 1, 1, 1, 1, 1, 1, 1, 1, 1, 1, 1, 1, 1, 1, 1, 1, 1, 1, 1, 1, 1, 1, 1, 1, 1, 1], [0, 1, 1, 1, 1, 0, 1, 1, 1, 1, 1, 1, 1, 1, 1, 1, 1, 1, 1, 1, 1, 1, 1, 1, 1, 1, 1, 1, 1, 1, 1, 1, 1, 1, 1, 1, 1, 1, 1, 1, 1, 1, 1, 1, 1, 1, 1], [0, 1, 1, 1, 1, 1, 0, 1, 1, 1, 1, 1, 1, 1, 1, 1, 1, 1, 1, 1, 1, 1, 1, 1, 1, 1, 1, 1, 1, 1, 1, 1, 1, 1, 1, 1, 1, 1, 1, 1, 1, 1, 1, 1, 1, 1, 1], [0, 1, 1, 1, 1, 1, 1, 0, 1, 1, 1, 1, 1, 1, 1, 1, 1, 1, 1, 1, 1, 1, 1, 1, 1, 1, 1, 1, 1, 1, 1, 1, 1, 1, 1, 1, 1, 1, 1, 1, 1, 1, 1, 1, 1, 1, 1], [0, 1, 1, 1, 1, 1, 1, 1, 0, 1, 1, 1, 1, 1, 1, 1, 1, 1, 1, 1, 1, 1, 1, 1, 1, 1, 1, 1, 1, 1, 1, 1, 1, 1, 1, 1, 1, 1, 1, 1, 1, 1, 1, 1, 1, 1, 1], [0, 1, 1, 1, 1, 1, 1, 1, 1, 0, 1, 1, 1, 1, 1, 1, 1, 1, 1, 1, 1, 1, 1, 1, 1, 1, 1, 1, 1, 1, 1, 1, 1, 1, 1, 1, 1, 1, 1, 1, 1, 1, 1, 1, 1, 1, 1], [0, 1, 1, 1, 1, 1, 1, 1, 1, 1, 0, 1, 1, 1, 1, 1, 1, 1, 1, 1, 1, 1, 1, 1, 1, 1, 1, 1, 1, 1, 1, 1, 1, 1, 1, 1, 1, 1, 1, 1, 1, 1, 1, 1, 1, 1, 1], [0, 1, 1, 1, 1, 1, 1, 1, 1, 1, 1, 0, 1, 1, 1, 1, 1, 1, 1, 1, 1, 1, 1, 1, 1, 1, 1, 1, 1, 1, 1, 1, 1, 1, 1, 1, 1, 1, 1, 1, 1, 1, 1, 1, 1, 1, 1], [0, 1, 1, 1, 1, 1, 1, 1, 1, 1, 1, 1, 0, 1, 1, 1, 1, 1, 1, 1, 1, 1, 1, 1, 1, 1, 1, 1, 1, 1, 1, 1, 1, 1, 1, 1, 1, 1, 1, 1, 1, 1, 1, 1, 1, 1, 1], [0, 1, 1, 1, 1, 1, 1, 1, 1, 1, 1, 1, 1, 0, 1, 1, 1, 1, 1, 1, 1, 1, 1, 1, 1, 1, 1, 1, 1, 1, 1, 1, 1, 1, 1, 1, 1, 1, 1, 1, 1, 1, 1, 1, 1, 1, 1], [0, 1, 1, 1, 1, 1, 1, 1, 1, 1, 1, 1, 1, 1, 0, 1, 1, 1, 1, 1, 1, 1, 1, 1, 1, 1, 1, 1, 1, 1, 1, 1, 1, 1, 1, 1, 1, 1, 1, 1, 1, 1, 1, 1, 1, 1, 1], [0, 1, 1, 1, 1, 1, 1, 1, 1, 1, 1, 1, 1, 1, 1, 0, 1, 1, 1, 1, 1, 1, 1, 1, 1, 1, 1, 1, 1, 1, 1, 1, 1, 1, 1, 1, 1, 1, 1, 1, 1, 1, 1, 1, 1, 1, 1], [0, 1, 1, 1, 1, 1, 1, 1, 1, 1, 1, 1, 1, 1, 1, 1, 0, 1, 1, 1, 1, 1, 1, 1, 1, 1, 1, 1, 1, 1, 1, 1, 1, 1, 1, 1, 1, 1, 1, 1, 1, 1, 1, 1, 1, 1, 1], [0, 1, 1, 1, 1, 1, 1, 1, 1, 1, 1, 1, 1, 1, 1, 1, 1, 0, 1, 1, 1, 1, 1, 1, 1, 1, 1, 1, 1, 1, 1, 1, 1, 1, 1, 1, 1, 1, 1, 1, 1, 1, 1, 1, 1, 1, 1], [0, 1, 1, 1, 1, 1, 1, 1, 1, 1, 1, 1, 1, 1, 1, 1, 1, 1, 0, 1, 1, 1, 1, 1, 1, 1, 1, 1, 1, 1, 1, 1, 1, 1, 1, 1, 1, 1, 1, 1, 1, 1, 1, 1, 1, 1, 1], [0, 1, 1, 1, 1, 1, 1, 1, 1, 1, 1, 1, 1, 1, 1, 1, 1, 1, 1, 0, 1, 1, 1, 1, 1, 1, 1, 1, 1, 1, 1, 1, 1, 1, 1, 1, 1, 1, 1, 1, 1, 1, 1, 1, 1, 1, 1], [0, 1, 1, 1, 1, 1, 1, 1, 1, 1, 1, 1, 1, 1, 1, 1, 1, 1, 1, 1, 0, 1, 1, 1, 1, 1, 1, 1, 1, 1, 1, 1, 1, 1, 1, 1, 1, 1, 1, 1, 1, 1, 1, 1, 1, 1, 1], [0, 1, 1, 1, 1, 1, 1, 1, 1, 1, 1, 1, 1, 1, 1, 1, 1, 1, 1, 1, 1, 0, 1, 1, 1, 1, 1, 1, 1, 1, 1, 1, 1, 1, 1, 1, 1, 1, 1, 1, 1, 1, 1, 1, 1, 1, 1], [0, 1, 1, 1, 1, 1, 1, 1, 1, 1, 1, 1, 1, 1, 1, 1, 1, 1, 1, 1, 1, 1, 0, 1, 1, 1, 1, 1, 1, 1, 1, 1, 1, 1, 1, 1, 1, 1, 1, 1, 1, 1, 1, 1, 1, 1, 1], [0, 1, 1, 1, 1, 1, 1, 1, 1, 1, 1, 1, 1, 1, 1, 1, 1, 1, 1, 1, 1, 1, 1, 0, 1, 1, 1, 1, 1, 1, 1, 1, 1, 1, 1, 1, 1, 1, 1, 1, 1, 1, 1, 1, 1, 1, 1], [0, 1, 1, 1, 1, 1, 1, 1, 1, 1, 1, 1, 1, 1, 1, 1, 1, 1, 1, 1, 1, 1, 1, 1, 0, 1, 1, 1, 1, 1, 1, 1, 1, 1, 1, 1, 1, 1, 1, 1, 1, 1, 1, 1, 1, 1, 1], [0, 1, 1, 1, 1, 1, 1, 1, 1, 1, 1, 1, 1, 1, 1, 1, 1, 1, 1, 1, 1, 1, 1, 1, 1, 0, 1, 1, 1, 1, 1, 1, 1, 1, 1, 1, 1, 1, 1, 1, 1, 1, 1, 1, 1, 1, 1], [0, 1, 1, 1, 1, 1, 1, 1, 1, 1, 1, 1, 1, 1, 1, 1, 1, 1, 1, 1, 1, 1, 1, 1, 1, 1, 0, 1, 1, 1, 1, 1, 1, 1, 1, 1, 1, 1, 1, 1, 1, 1, 1, 1, 1, 1, 1], [0, 1, 1, 1, 1, 1, 1, 1, 1, 1, 1, 1, 1, 1, 1, 1, 1, 1, 1, 1, 1, 1, 1, 1, 1, 1, 1, 0, 1, 1, 1, 1, 1, 1, 1, 1, 1, 1, 1, 1, 1, 1, 1, 1, 1, 1, 1], [0, 1, 1, 1, 1, 1, 1, 1, 1, 1, 1, 1, 1, 1, 1, 1, 1, 1, 1, 1, 1, 1, 1, 1, 1, 1, 1, 1, 0, 1, 1, 1, 1, 1, 1, 1, 1, 1, 1, 1, 1, 1, 1, 1, 1, 1, 1], [0, 1, 1, 1, 1, 1, 1, 1, 1, 1, 1, 1, 1, 1, 1, 1, 1, 1, 1, 1, 1, 1, 1, 1, 1, 1, 1, 1, 1, 0, 1, 1, 1, 1, 1, 1, 1, 1, 1, 1, 1, 1, 1, 1, 1, 1, 1], [0, 1, 1, 1, 1, 1, 1, 1, 1, 1, 1, 1, 1, 1, 1, 1, 1, 1, 1, 1, 1, 1, 1, 1, 1, 1, 1, 1, 1, 1, 0, 1, 1, 1, 1, 1, 1, 1, 1, 1, 1, 1, 1, 1, 1, 1, 1], [0, 1, 1, 1, 1, 1, 1, 1, 1, 1, 1, 1, 1, 1, 1, 1, 1, 1, 1, 1, 1, 1, 1, 1, 1, 1, 1, 1, 1, 1, 1, 0, 1, 1, 1, 1, 1, 1, 1, 1, 1, 1, 1, 1, 1, 1, 1], [0, 1, 1, 1, 1, 1, 1, 1, 1, 1, 1, 1, 1, 1, 1, 1, 1, 1, 1, 1, 1, 1, 1, 1, 1, 1, 1, 1, 1, 1, 1, 1, 0, 1, 1, 1, 1, 1, 1, 1, 1, 1, 1, 1, 1, 1, 1], [0, 1, 1, 1, 1, 1, 1, 1, 1, 1, 1, 1, 1, 1, 1, 1, 1, 1, 1, 1, 1, 1, 1, 1, 1, 1, 1, 1, 1, 1, 1, 1, 1, 0, 1, 1, 1, 1, 1, 1, 1, 1, 1, 1, 1, 1, 1], [0, 1, 1, 1, 1, 1, 1, 1, 1, 1, 1, 1, 1, 1, 1, 1, 1, 1, 1, 1, 1, 1, 1, 1, 1, 1, 1, 1, 1, 1, 1, 1, 1, 1, 0, 1, 1, 1, 1, 1, 1, 1, 1, 1, 1, 1, 1], [0, 1, 1, 1, 1, 1, 1, 1, 1, 1, 1, 1, 1, 1, 1, 1, 1, 1, 1, 1, 1, 1, 1, 1, 1, 1, 1, 1, 1, 1, 1, 1, 1, 1, 1, 0, 1, 1, 1, 1, 1, 1, 1, 1, 1, 1, 1], [0, 1, 1, 1, 1, 1, 1, 1, 1, 1, 1, 1, 1, 1, 1, 1, 1, 1, 1, 1, 1, 1, 1, 1, 1, 1, 1, 1, 1, 1, 1, 1, 1, 1, 1, 1, 0, 1, 1, 1, 1, 1, 1, 1, 1, 1, 1], [0, 1, 1, 1, 1, 1, 1, 1, 1, 1, 1, 1, 1, 1, 1, 1, 1, 1, 1, 1, 1, 1, 1, 1, 1, 1, 1, 1, 1, 1, 1, 1, 1, 1, 1, 1, 1, 0, 1, 1, 1, 1, 1, 1, 1, 1, 1], [0, 1, 1, 1, 1, 1, 1, 1, 1, 1, 1, 1, 1, 1, 1, 1, 1, 1, 1, 1, 1, 1, 1, 1, 1, 1, 1, 1, 1, 1, 1, 1, 1, 1, 1, 1, 1, 1, 0, 1, 1, 1, 1, 1, 1, 1, 1], [0, 1, 1, 1, 1, 1, 1, 1, 1, 1, 1, 1, 1, 1, 1, 1, 1, 1, 1, 1, 1, 1, 1, 1, 1, 1, 1, 1, 1, 1, 1, 1, 1, 1, 1, 1, 1, 1, 1, 0, 1, 1, 1, 1, 1, 1, 1], [0, 1, 1, 1, 1, 1, 1, 1, 1, 1, 1, 1, 1, 1, 1, 1, 1, 1, 1, 1, 1, 1, 1, 1, 1, 1, 1, 1, 1, 1, 1, 1, 1, 1, 1, 1, 1, 1, 1, 1, 0, 1, 1, 1, 1, 1, 1], [0, 1, 1, 1, 1, 1, 1, 1, 1, 1, 1, 1, 1, 1, 1, 1, 1, 1, 1, 1, 1, 1, 1, 1, 1, 1, 1, 1, 1, 1, 1, 1, 1, 1, 1, 1, 1, 1, 1, 1, 1, 0, 1, 1, 1, 1, 1], [0, 1, 1, 1, 1, 1, 1, 1, 1, 1, 1, 1, 1, 1, 1, 1, 1, 1, 1, 1, 1, 1, 1, 1, 1, 1, 1, 1, 1, 1, 1, 1, 1, 1, 1, 1, 1, 1, 1, 1, 1, 1, 0, 1, 1, 1, 1], [0, 1, 1, 1, 1, 1, 1, 1, 1, 1, 1, 1, 1, 1, 1, 1, 1, 1, 1, 1, 1, 1, 1, 1, 1, 1, 1, 1, 1, 1, 1, 1, 1, 1, 1, 1, 1, 1, 1, 1, 1, 1, 1, 0, 1, 1, 1], [0, 1, 1, 1, 1, 1, 1, 1, 1, 1, 1, 1, 1, 1, 1, 1, 1, 1, 1, 1, 1, 1, 1, 1, 1, 1, 1, 1, 1, 1, 1, 1, 1, 1, 1, 1, 1, 1, 1, 1, 1, 1, 1, 1, 0, 1, 1], [0, 1, 1, 1, 1, 1, 1, 1, 1, 1, 1, 1, 1, 1, 1, 1, 1, 1, 1, 1, 1, 1, 1, 1, 1, 1, 1, 1, 1, 1, 1, 1, 1, 1, 1, 1, 1, 1, 1, 1, 1, 1, 1, 1, 1, 0, 1], [0, 0, 0, 0, 0, 0, 0, 0, 0, 0, 0, 0, 0, 0, 0, 0, 0, 0, 0, 0, 0, 0, 0, 0, 0, 0, 0, 0, 0, 0, 0, 0, 0, 0, 0, 0, 0, 0, 0, 0, 0, 0, 0, 0, 0, 0, 0]]}, "cluster_count": 3, "cluster_speeds": [[0.925, 0.85, 0.925, 1.0, 0.8325, 0.765, 0.8325, 0.9, 0.4625, 0.425, 0.4625, 0.5, 0.30525, 0.2805, 0.30525, 0.33, 0.37, 0.34, 0.37, 0.4, 0.555, 0.51, 0.555, 0.6, 0.6475, 0.595, 0.6475, 0.7, 0.37, 0.34, 0.37, 0.4, 0.30525, 0.2805, 0.30525, 0.33, 0.4625, 0.425, 0.4625, 0.5, 0.6475, 0.595, 0.6475, 0.7, 0.74, 0.68, 0.74, 0.8, 0.6475, 0.595, 0.6475, 0.7, 0.4625, 0.425, 0.4625, 0.5, 0.555, 0.51, 0.555, 0.6, 0.6475, 0.595, 0.6475, 0.7, 0.8325, 0.765, 0.8325, 0.9, 0.925, 0.85, 0.925, 1.0, 1.0], [0.6475, 0.595, 0.6475, 0.7, 0.58275, 0.5355, 0.58275, 0.63, 0.32375, 0.2975, 0.32375, 0.35, 0.213675, 0.19635, 0.213675, 0.23099999999999998, 0.259, 0.238, 0.259, 0.27999999999999997, 0.3885, 0.357, 0.3885, 0.42, 0.6475, 0.595, 0.6475, 0.7, 0.37, 0.34, 0.37, 0.4, 0.30525, 0.2805, 0.30525, 0.33, 0.4625, 0.425, 0.4625, 0.5, 0.6475, 0.595, 0.6475, 0.7, 0.74, 0.68, 0.74, 0.8, 0.45324999999999993, 0.4165, 0.45324999999999993, 0.48999999999999994, 0.32375, 0.2975, 0.32375, 0.35, 0.3885, 0.357, 0.3885, 0.42, 0.45324999999999993, 0.4165, 0.45324999999999993, 0.48999999999999994, 0.58275, 0.5355, 0.58275, 0.63, 0.6475, 0.595, 0.6475, 0.7, 0.7], [0.87875, 0.8075, 0.87875, 0.95, 0.790875, 0.72675, 0.790875, 0.855, 0.439375, 0.40375, 0.439375, 0.475, 0.2899875, 0.266475, 0.2899875, 0.3135, 0.3515, 0.323, 0.3515, 0.38, 0.52725, 0.4845, 0.52725, 0.57, 0.6475, 0.595, 0.6475, 0.7, 0.37, 0.34, 0.37, 0.4, 0.30525, 0.2805, 0.30525, 0.33, 0.4625, 0.425, 0.4625, 0.5, 0.6475, 0.595, 0.6475, 0.7, 0.74, 0.68, 0.74, 0.8, 0.6151249999999999, 0.5652499999999999, 0.6151249999999999, 0.6649999999999999, 0.439375, 0.40375, 0.439375, 0.475, 0.52725, 0.4845, 0.52725, 0.57, 0.6151249999999999, 0.5652499999999999, 0.6151249999999999, 0.6649999999999999, 0.790875, 0.72675, 0.790875, 0.855, 0.87875, 0.8075, 0.87875, 0.95, 0.95]], "clusters": [[-1, 2, 2, 2, 2, 2, 2, 2, 2, 2, 2, 2, 2, 2, 2, 2, 2, 2, 2, 2, 2, 2, 2, 2, 2, 2, 2, 2, 2, 2, 2, 2, 2, 2, 2, 2, 2, 2, 2, 2, 2, 2, 2, 2, 2, 2, 2], [0, -1, 0, 0, 0, 0, 0, 0, 0, 0, 0, 0, 0, 0, 0, 0, 0, 0, 0, 0, 0, 0, 0, 0, 0, 0, 0, 0, 0, 0, 0, 0, 0, 0, 0, 0, 0, 0, 0, 0, 0, 0, 0, 0, 0, 0, 0], [0, 0, -1, 0, 0, 0, 0, 0, 0, 0, 0, 0, 0, 0, 0, 0, 0, 0, 0, 0, 0, 0, 0, 0, 0, 0, 0, 0, 0, 0, 0, 0, 0, 0, 0, 0, 0, 0, 0, 0, 0, 0, 0, 0, 0, 0, 0], [0, 0, 0, -1, 0, 0, 0, 0, 0, 0, 0, 0, 0, 0, 0, 0, 0, 0, 0, 0, 0, 0, 0, 0, 0, 0, 0, 0, 0, 0, 0, 0, 0, 0, 0, 0, 0, 0, 0, 0, 0, 0, 0, 0, 0, 0, 0], [0, 0, 0, 0, -1, 0, 0, 0, 0, 0, 0, 0, 0, 0, 0, 0, 0, 0, 0, 0, 0, 0, 0, 0, 0, 0, 0, 0, 0, 0, 0, 0, 0, 0, 0, 0, 0, 0, 0, 0, 0, 0, 0, 0, 0, 0, 0], [0, 0, 0, 0, 0, -1, 0, 0, 0, 0, 0, 0, 0, 0, 0, 0, 0, 0, 0, 0, 0, 0, 0, 0, 0, 0, 0, 0, 0, 0, 0, 0, 0, 0, 0, 0, 0, 0, 0, 0, 0, 0, 0, 0, 0, 0, 0], [0, 0, 0, 0, 0, 0, -1, 0, 0, 0, 0, 0, 0, 0, 0, 0, 0, 0, 0, 0, 0, 0, 0, 0, 0, 0, 0, 0, 0, 0, 0, 0, 0, 0, 0, 0, 0, 0, 0, 0, 0, 0, 0, 0, 0, 0, 0], [1, 1, 1, 1, 1, 1, 1, -1, 1, 1, 1, 1, 1, 1, 1, 1, 1, 1, 1, 1, 1, 1, 1, 1, 1, 1, 1, 1, 1, 1, 1, 1, 1, 1, 1, 1, 1, 1, 1, 1, 1, 1, 1, 1, 1, 1, 1], [1, 1, 1, 1, 1, 1, 1, 1, -1, 1, 1, 1, 1, 1, 1, 1, 1, 1, 1, 1, 1, 1, 1, 1, 1, 1, 1, 1, 1, 1, 1, 1, 1, 1, 1, 1, 1, 1, 1, 1, 1, 1, 1, 1, 1, 1, 1], [0, 0, 0, 0, 0, 0, 0, 0, 0, -1, 0, 0, 0, 0, 0, 0, 0, 0, 0, 0, 0, 0, 0, 0, 0, 0, 0, 0, 0, 0, 0, 0, 0, 0, 0, 0, 0, 0, 0, 0, 0, 0, 0, 0, 0, 0, 0], [1, 1, 1, 1, 1, 1, 1, 1, 1, 1, -1, 1, 1, 1, 1, 1, 1, 1, 1, 1, 1, 1, 1, 1, 1, 1, 1, 1, 1, 1, 1, 1, 1, 1, 1, 1, 1, 1, 1, 1, 1, 1, 1, 1, 1, 1, 1], [0, 0, 0, 0, 0, 0, 0, 0, 0, 0, 0, -1, 0, 0, 0, 0, 0, 0, 0, 0, 0, 0, 0, 0, 0, 0, 0, 0, 0, 0, 0, 0, 0, 0, 0, 0, 0, 0, 0, 0, 0, 0, 0, 0, 0, 0, 0], [1, 1, 1, 1, 1, 1, 1, 1, 1, 1, 1, 1, -1, 1, 1, 1, 1, 1, 1, 1, 1, 1, 1, 1, 1, 1, 1, 1, 1, 1, 1, 1, 1, 1, 1, 1, 1, 1, 1, 1, 1, 1, 1, 1, 1, 1, 1], [0, 0, 0, 0, 0, 0, 0, 0, 0, 0, 0, 0, 0, -1, 0, 0, 0, 0, 0, 0, 0, 0, 0, 0, 0, 0, 0, 0, 0, 0, 0, 0, 0, 0, 0, 0, 0, 0, 0, 0, 0, 0, 0, 0, 0, 0, 0], [0, 0, 0, 0, 0, 0, 0, 0, 0, 0, 0, 0, 0, 0, -1, 0, 0, 0, 0, 0, 0, 0, 0, 0, 0, 0, 0, 0, 0, 0, 0, 0, 0, 0, 0, 0, 0, 0, 0, 0, 0, 0, 0, 0, 0, 0, 0], [0, 0, 0, 0, 0, 0, 0, 0, 0, 0, 0, 0, 0, 0, 0, -1, 0, 0, 0, 0, 0, 0, 0, 0, 0, 0, 0, 0, 0, 0, 0, 0, 0, 0, 0, 0, 0, 0, 0, 0, 0, 0, 0, 0, 0, 0, 0], [0, 0, 0, 0, 0, 0, 0, 0, 0, 0, 0, 0, 0, 0, 0, 0, -1, 0, 0, 0, 0, 0, 0, 0, 0, 0, 0, 0, 0, 0, 0, 0, 0, 0, 0, 0, 0, 0, 0, 0, 0, 0, 0, 0, 0, 0, 0], [1, 1, 1, 1, 1, 1, 1, 1, 1, 1, 1, 1, 1, 1, 1, 1, 1, -1, 1, 1, 1, 1, 1, 1, 1, 1, 1, 1, 1, 1, 1, 1, 1, 1, 1, 1, 1, 1, 1, 1, 1, 1, 1, 1, 1, 1, 1], [0, 0, 0, 0, 0, 0, 0, 0, 0, 0, 0, 0, 0, 0, 0, 0, 0, 0, -1, 0, 0, 0, 0, 0, 0, 0, 0, 0, 0, 0, 0, 0, 0, 0, 0, 0, 0, 0, 0, 0, 0, 0, 0, 0, 0, 0, 0], [0, 0, 0, 0, 0, 0, 0, 0, 0, 0, 0, 0, 0, 0, 0, 0, 0, 0, 0, -1, 0, 0, 0, 0, 0, 0, 0, 0, 0, 0, 0, 0, 0, 0, 0, 0, 0, 0, 0, 0, 0, 0, 0, 0, 0, 0, 0], [1, 1, 1, 1, 1, 1, 1, 1, 1, 1, 1, 1, 1, 1, 1, 1, 1, 1, 1, 1, -1, 1, 1, 1, 1, 1, 1, 1, 1, 1, 1, 1, 1, 1, 1, 1, 1, 1, 1, 1, 1, 1, 1, 1, 1, 1, 1], [0, 0, 0, 0, 0, 0, 0, 0, 0, 0, 0, 0, 0, 0, 0, 0, 0, 0, 0, 0, 0, -1, 0, 0, 0, 0, 0, 0, 0, 0, 0, 0, 0, 0, 0, 0, 0, 0, 0, 0, 0, 0, 0, 0, 0, 0, 0], [0, 0, 0, 0, 0, 0, 0, 0, 0, 0, 0, 0, 0, 0, 0, 0, 0, 0, 0, 0, 0, 0, -1, 0, 0, 0, 0, 0, 0, 0, 0, 0, 0, 0, 0, 0, 0, 0, 0, 0, 0, 0, 0, 0, 0, 0, 0], [0, 0, 0, 0, 0, 0, 0, 0, 0, 0, 0, 0, 0, 0, 0, 0, 0, 0, 0, 0, 0, 0, 0, -1, 0, 0, 0, 0, 0, 0, 0, 0, 0, 0, 0, 0, 0, 0, 0, 0, 0, 0, 0, 0, 0, 0, 0], [1, 1, 1, 1, 1, 1, 1, 1, 1, 1, 1, 1, 1, 1, 1, 1, 1, 1, 1, 1, 1, 1, 1, 1, -1, 1, 1, 1, 1, 1, 1, 1, 1, 1, 1, 1, 1, 1, 1, 1, 1, 1, 1, 1, 1, 1, 1], [0, 0, 0, 0, 0, 0, 0, 0, 0, 0, 0, 0, 0, 0, 0, 0, 0, 0, 0, 0, 0, 0, 0, 0, 0, -1, 0, 0, 0, 0, 0, 0, 0, 0, 0, 0, 0, 0, 0, 0, 0, 0, 0, 0, 0, 0, 0], [0, 0, 0, 0, 0, 0, 0, 0, 0, 0, 0, 0, 0, 0, 0, 0, 0, 0, 0, 0, 0, 0, 0, 0, 0, 0, -1, 0, 0, 0, 0, 0, 0, 0, 0, 0, 0, 0, 0, 0, 0, 0, 0, 0, 0, 0, 0], [1, 1, 1, 1, 1, 1, 1, 1, 1, 1, 1, 1, 1, 1, 1, 1, 1, 1, 1, 1, 1, 1, 1, 1, 1, 1, 1, -1, 1, 1, 1, 1, 1, 1, 1, 1, 1, 1, 1, 1, 1, 1, 1, 1, 1, 1, 1], [1, 1, 1, 1, 1, 1, 1, 1, 1, 1, 1, 1, 1, 1, 1, 1, 1, 1, 1, 1, 1, 1, 1, 1, 1, 1, 1, 1, -1, 1, 1, 1, 1, 1, 1, 1, 1, 1, 1, 1, 1, 1, 1, 1, 1, 1, 1], [0, 0, 0, 0, 0, 0, 0, 0, 0, 0, 0, 0, 0, 0, 0, 0, 0, 0, 0, 0, 0, 0, 0, 0, 0, 0, 0, 0, 0, -1, 0, 0, 0, 0, 0, 0, 0, 0, 0, 0, 0, 0, 0, 0, 0, 0, 0], [1, 1, 1, 1, 1, 1, 1, 1, 1, 1, 1, 1, 1, 1, 1, 1, 1, 1, 1, 1, 1, 1, 1, 1, 1, 1, 1, 1, 1, 1, -1, 1, 1, 1, 1, 1, 1, 1, 1, 1, 1, 1, 1, 1, 1, 1, 1], [0, 0, 0, 0, 0, 0, 0, 0, 0, 0, 0, 0, 0, 0, 0, 0, 0, 0, 0, 0, 0, 0, 0, 0, 0, 0, 0, 0, 0, 0, 0, -1, 0, 0, 0, 0, 0, 0, 0, 0, 0, 0, 0, 0, 0, 0, 0], [1, 1, 1, 1, 1, 1, 1, 1, 1, 1, 1, 1, 1, 1, 1, 1, 1, 1, 1, 1, 1, 1, 1, 1, 1, 1, 1, 1, 1, 1, 1, 1, -1, 1, 1, 1, 1, 1, 1, 1, 1, 1, 1, 1, 1, 1, 1], [0, 0, 0, 0, 0, 0, 0, 0, 0, 0, 0, 0, 0, 0, 0, 0, 0, 0, 0, 0, 0, 0, 0, 0, 0, 0, 0, 0, 0, 0, 0, 0, 0, -1, 0, 0, 0, 0, 0, 0, 0, 0, 0, 0, 0, 0, 0], [1, 1, 1, 1, 1, 1, 1, 1, 1, 1, 1, 1, 1, 1, 1, 1, 1, 1, 1, 1, 1, 1, 1, 1, 1, 1, 1, 1, 1, 1, 1, 1, 1, 1, -1, 1, 1, 1, 1, 1, 1, 1, 1, 1, 1, 1, 1], [0, 0, 0, 0, 0, 0, 0, 0, 0, 0, 0, 0, 0, 0, 0, 0, 0, 0, 0, 0, 0, 0, 0, 0, 0, 0, 0, 0, 0, 0, 0, 0, 0, 0, 0, -1, 0, 0, 0, 0, 0, 0, 0, 0, 0, 0, 0], [1, 1, 1, 1, 1, 1, 1, 1, 1, 1, 1, 1, 1, 1, 1, 1, 1, 1, 1, 1, 1, 1, 1, 1, 1, 1, 1, 1, 1, 1, 1, 1, 1, 1, 1, 1, -1, 1, 1, 1, 1, 1, 1, 1, 1, 1, 1], [1, 1, 1, 1, 1, 1, 1, 1, 1, 1, 1, 1, 1, 1, 1, 1, 1, 1, 1, 1, 1, 1, 1, 1, 1, 1, 1, 1, 1, 1, 1, 1, 1, 1, 1, 1, 1, -1, 1, 1, 1, 1, 1, 1, 1, 1, 1], [0, 0, 0, 0, 0, 0, 0, 0, 0, 0, 0, 0, 0, 0, 0, 0, 0, 0, 0, 0, 0, 0, 0, 0, 0, 0, 0, 0, 0, 0, 0, 0, 0, 0, 0, 0, 0, 0, -1, 0, 0, 0, 0, 0, 0, 0, 0], [0, 0, 0, 0, 0, 0, 0, 0, 0, 0, 0, 0, 0, 0, 0, 0, 0, 0, 0, 0, 0, 0, 0, 0, 0, 0, 0, 0, 0, 0, 0, 0, 0, 0, 0, 0, 0, 0, 0, -1, 0, 0, 0, 0, 0, 0, 0], [0, 0, 0, 0, 0, 0, 0, 0, 0, 0, 0, 0, 0, 0, 0, 0, 0, 0, 0, 0, 0, 0, 0, 0, 0, 0, 0, 0, 0, 0, 0, 0, 0, 0, 0, 0, 0, 0, 0, 0, -1, 0, 0, 0, 0, 0, 0], [0, 0, 0, 0, 0, 0, 0, 0, 0, 0, 0, 0, 0, 0, 0, 0, 0, 0, 0, 0, 0, 0, 0, 0, 0, 0, 0, 0, 0, 0, 0, 0, 0, 0, 0, 0, 0, 0, 0, 0, 0, -1, 0, 0, 0, 0, 0], [0, 0, 0, 0, 0, 0, 0, 0, 0, 0, 0, 0, 0, 0, 0, 0, 0, 0, 0, 0, 0, 0, 0, 0, 0, 0, 0, 0, 0, 0, 0, 0, 0, 0, 0, 0, 0, 0, 0, 0, 0, 0, -1, 0, 0, 0, 0], [0, 0, 0, 0, 0, 0, 0, 0, 0, 0, 0, 0, 0, 0, 0, 0, 0, 0, 0, 0, 0, 0, 0, 0, 0, 0, 0, 0, 0, 0, 0, 0, 0, 0, 0, 0, 0, 0, 0, 0, 0, 0, 0, -1, 0, 0, 0], [1, 1, 1, 1, 1, 1, 1, 1, 1, 1, 1, 1, 1, 1, 1, 1, 1, 1, 1, 1, 1, 1, 1, 1, 1, 1, 1, 1, 1, 1, 1, 1, 1, 1, 1, 1, 1, 1, 1, 1, 1, 1, 1, 1, -1, 1, 1], [0, 0, 0, 0, 0, 0, 0, 0, 0, 0, 0, 0, 0, 0, 0, 0, 0, 0, 0, 0, 0, 0, 0, 0, 0, 0, 0, 0, 0, 0, 0, 0, 0, 0, 0, 0, 0, 0, 0, 0, 0, 0, 0, 0, 0, -1, 0], [2, 2, 2, 2, 2, 2, 2, 2, 2, 2, 2, 2, 2, 2, 2, 2, 2, 2, 2, 2, 2, 2, 2, 2, 2, 2, 2, 2, 2, 2, 2, 2, 2, 2, 2, 2, 2, 2, 2, 2, 2, 2, 2, 2, 2, 2, -1]], "speed_zone_count": 73, "speed_zones": [[0.0, 15.0], [15.0, 30.0], [30.0, 45.0], [45.0, 60.0], [60.0, 75.0], [75.0, 90.0], [90.0, 105.0], [105.0, 120.0], [120.0, 135.0], [135.0, 150.0], [150.0, 165.0], [165.0, 180.0], [180.0, 195.0], [195.0, 210.0], [210.0, 225.0], [225.0, 240.0], [240.0, 255.0], [255.0, 270.0], [270.0, 285.0], [285.0, 300.0], [300.0, 315.0], [315.0, 330.0], [330.0, 345.0], [345.0, 360.0], [360.0, 375.0], [375.0, 390.0], [390.0, 405.0], [405.0, 420.0], [420.0, 435.0], [435.0, 450.0], [450.0, 465.0], [465.0, 480.0], [480.0, 495.0], [495.0, 510.0], [510.0, 525.0], [525.0, 540.0], [540.0, 555.0], [555.0, 570.0], [570.0, 585.0], [585.0, 600.0], [600.0, 615.0], [615.0, 630.0], [630.0, 645.0], [645.0, 660.0], [660.0, 675.0], [675.0, 690.0], [690.0, 705.0], [705.0, 720.0], [720.0, 735.0], [735.0, 750.0], [750.0, 765.0], [765.0, 780.0], [780.0, 795.0], [795.0, 810.0], [810.0, 825.0], [825.0, 840.0], [840.0, 855.0], [855.0, 870.0], [870.0, 885.0], [885.0, 900.0], [900.0, 915.0], [915.0, 930.0], [930.0, 945.0], [945.0, 960.0], [960.0, 975.0], [975.0, 990.0], [990.0, 1005.0], [1005.0, 1020.0], [1020.0, 1035.0], [1035.0, 1050.0], [1050.0, 1065.0], [1065.0, 1080.0], [1080.0, 5000.0]], "distances": [[0.0, 71.68, 79.5, 66.36, 82.81, 78.96, 71.5, 58.65, 56.55, 67.09, 75.7, 71.89, 86.89, 77.76, 57.97, 69.68, 72.19, 84.98, 72.29, 74.99, 67.75, 70.43, 70.65, 69.57, 66.64, 74.95, 62.11, 84.99, 86.02, 64.2, 50.4, 79.3, 53.58, 69.28, 66.9, 68.38, 76.22, 57.29, 56.93, 71.53, 74.21, 62.6, 69.33, 72.4, 78.13, 76.53, 0.0], [0.0, 0.0, 11.92, 11.66, 18.54, 15.0, 10.5, 13.22, 15.17, 4.68, 24.3, 9.08, 22.21, 9.84, 13.82, 16.25, 14.62, 23.86, 10.28, 8.19, 10.12, 17.81, 4.53, 10.86, 7.95, 10.62, 13.38, 26.57, 20.28, 8.13, 21.41, 11.32, 18.88, 12.26, 8.74, 10.64, 23.87, 17.52, 15.64, 19.92, 9.08, 13.29, 14.67, 4.71, 25.99, 15.37, 71.68], [0.0, 11.92, 0.0, 13.33, 6.82, 4.42, 14.54, 23.34, 23.94, 14.64, 16.51, 11.82, 10.29, 10.1, 22.41, 12.76, 9.7, 12.38, 9.24, 4.7, 21.95, 13.37, 16.19, 10.21, 19.86, 4.77, 17.45, 15.49, 8.38, 16.16, 30.76, 9.07, 29.19, 10.91, 20.66, 11.28, 15.82, 28.92, 22.72, 14.44, 5.29, 17.0, 12.03, 8.22, 17.27, 6.77, 79.5], [0.0, 11.66, 13.33, 0.0, 16.74, 12.72, 14.2, 13.87, 12.74, 9.21, 15.58, 11.8, 20.95, 11.89, 11.34, 6.27, 6.88, 20.18, 9.5, 9.27, 19.06, 7.96, 15.14, 11.42, 15.89, 8.64, 4.3, 21.58, 19.81, 7.12, 19.34, 13.25, 19.04, 11.74, 17.03, 9.1, 15.47, 20.9, 10.36, 10.25, 8.14, 12.61, 4.78, 8.48, 17.9, 10.69, 66.36], [0.0, 18.54, 6.82, 16.74, 0.0, 11.23, 21.27, 28.87, 28.85, 20.65, 12.76, 18.46, 4.22, 8.74, 27.34, 13.41, 10.66, 5.62, 15.63, 10.58, 28.64, 13.15, 22.92, 13.61, 26.39, 8.96, 21.04, 8.91, 11.83, 21.44, 35.67, 7.48, 34.62, 13.63, 27.26, 14.88, 11.96, 34.96, 26.99, 13.09, 10.33, 20.5, 13.52, 14.37, 12.59, 6.29, 82.81], [0.0, 15.0, 4.42, 12.72, 11.23, 0.0, 17.87, 24.79, 24.74, 16.71, 12.19, 14.95, 8.33, 5.68, 23.23, 10.11, 7.12, 8.89, 11.96, 6.84, 25.12, 10.25, 19.49, 9.55, 22.7, 4.9, 17.02, 11.61, 7.09, 17.35, 31.56, 5.03, 30.52, 9.69, 23.62, 10.81, 11.48, 30.98, 22.91, 10.81, 6.34, 16.5, 9.91, 10.59, 12.86, 9.65, 78.96], [0.0, 10.5, 14.54, 14.2, 21.27, 17.87, 0.0, 12.86, 15.43, 5.82, 27.3, 10.72, 24.81, 12.53, 14.25, 19.14, 17.6, 26.68, 6.17, 11.11, 7.42, 20.72, 10.26, 13.73, 5.84, 13.6, 15.34, 29.47, 22.82, 9.45, 21.1, 13.91, 18.13, 15.11, 6.37, 13.4, 26.88, 15.98, 16.56, 22.86, 12.07, 15.34, 17.54, 7.72, 29.01, 18.35, 71.5], [0.0, 13.22, 23.34, 13.87, 28.87, 24.79, 12.86, 0.0, 12.33, 8.95, 29.39, 13.42, 33.01, 21.27, 13.59, 20.08, 20.54, 33.27, 14.54, 18.68, 11.04, 21.74, 12.12, 16.1, 8.68, 19.91, 11.1, 35.11, 31.41, 7.45, 8.26, 22.91, 5.85, 16.84, 9.37, 14.93, 29.32, 7.17, 6.9, 23.98, 18.59, 11.56, 18.65, 15.19, 31.76, 23.65, 58.65], [0.0, 15.17, 23.94, 12.74, 28.85, 24.74, 15.43, 12.33, 0.0, 10.54, 27.79, 15.39, 33.06, 21.96, 14.17, 18.63, 19.62, 32.8, 15.82, 19.24, 14.61, 20.19, 14.97, 15.47, 12.02, 20.0, 9.15, 34.32, 31.63, 7.84, 6.85, 23.59, 6.47, 15.92, 12.83, 14.21, 27.81, 9.91, 15.4, 22.34, 18.85, 9.68, 17.36, 16.13, 30.25, 23.19, 56.55], [0.0, 4.68, 14.64, 9.21, 20.65, 16.71, 5.82, 8.95, 10.54, 0.0, 23.88, 4.89, 24.65, 12.53, 9.16, 14.96, 14.19, 25.52, 5.61, 10.12, 9.91, 16.64, 6.26, 9.75, 6.82, 11.85, 9.61, 27.81, 22.91, 12.8, 16.96, 14.16, 14.77, 10.97, 7.94, 9.01, 23.6, 14.33, 11.01, 18.91, 10.36, 9.66, 13.33, 6.42, 25.91, 16.22, 67.09], [0.0, 24.3, 16.51, 15.58, 12.76, 12.19, 27.3, 29.39, 27.79, 23.88, 0.0, 24.33, 14.89, 17.2, 26.54, 9.32, 9.76, 10.93, 21.18, 16.89, 33.65, 7.66, 28.69, 14.13, 30.68, 14.21, 18.64, 9.62, 15.52, 22.61, 33.82, 17.05, 34.25, 12.98, 31.78, 15.0, 10.97, 36.47, 24.72, 5.45, 15.56, 18.11, 10.83, 19.63, 13.39, 9.88, 75.7], [0.0, 9.08, 11.82, 11.8, 18.46, 14.95, 10.72, 13.42, 15.39, 4.89, 24.33, 0.0, 22.12, 9.75, 14.04, 16.34, 14.67, 23.8, 10.5, 8.15, 10.19, 17.89, 4.55, 10.96, 8.06, 10.61, 13.57, 26.53, 20.17, 8.34, 21.62, 11.22, 19.08, 12.35, 8.84, 10.76, 23.9, 17.68, 15.85, 19.99, 9.07, 13.47, 14.76, 4.73, 26.02, 15.36, 71.89], [0.0, 22.21, 10.29, 20.95, 4.22, 8.33, 24.81, 33.01, 33.06, 24.65, 14.89, 22.12, 0.0, 12.38, 31.55, 17.3, 14.71, 4.63, 19.46, 14.53, 32.22, 16.84, 26.46, 17.83, 30.14, 13.12, 25.24, 7.98, 10.84, 25.61, 39.89, 10.9, 38.79, 17.82, 30.96, 19.1, 14.08, 38.98, 31.21, 16.42, 14.43, 24.7, 17.56, 18.29, 14.0, 10.39, 86.89], [0.0, 9.84, 10.1, 11.89, 8.74, 5.68, 12.53, 21.27, 21.96, 12.53, 17.2, 9.75, 12.38, 0.0, 20.44, 12.24, 9.32, 14.22, 7.11, 12.24, 19.91, 13.11, 14.18, 8.9, 17.76, 10.58, 15.86, 17.18, 10.49, 14.16, 28.77, 10.71, 27.12, 9.81, 18.58, 9.85, 16.57, 26.8, 20.89, 14.47, 10.53, 15.44, 11.28, 6.11, 18.23, 7.32, 77.76], [0.0, 13.82, 22.41, 11.34, 27.34, 23.23, 14.25, 13.59, 14.17, 9.16, 26.54, 14.04, 31.55, 20.44, 0.0, 17.32, 18.2, 31.34, 14.35, 17.71, 14.06, 18.91, 13.91, 14.0, 11.29, 18.48, 7.93, 32.9, 30.11, 6.33, 8.37, 22.07, 7.73, 14.5, 12.18, 12.75, 26.54, 10.58, 13.89, 21.09, 17.33, 8.45, 16.01, 14.63, 28.98, 21.72, 57.97], [0.0, 16.25, 12.76, 6.27, 13.41, 10.11, 19.14, 20.08, 18.63, 14.96, 9.32, 16.34, 17.3, 12.24, 17.32, 0.0, 9.95, 15.42, 13.41, 10.56, 24.86, 12.43, 20.34, 5.41, 21.77, 8.41, 9.54, 16.16, 16.72, 13.35, 24.92, 12.99, 25.05, 14.56, 22.9, 5.95, 9.24, 27.15, 15.78, 14.64, 9.05, 8.99, 10.27, 11.96, 11.68, 7.22, 69.68], [0.0, 14.62, 9.7, 6.88, 10.66, 7.12, 17.6, 20.54, 19.62, 14.19, 9.76, 14.67, 14.71, 9.32, 18.2, 9.95, 0.0, 13.4, 11.57, 7.95, 23.9, 11.57, 18.96, 4.54, 20.95, 5.55, 10.92, 14.7, 13.93, 13.33, 26.21, 9.97, 25.88, 11.7, 22.04, 5.62, 9.43, 27.4, 17.15, 5.47, 6.46, 10.36, 9.94, 10.03, 11.72, 4.36, 72.19], [0.0, 23.86, 12.38, 20.18, 5.62, 8.89, 26.68, 33.27, 32.8, 25.52, 10.93, 23.8, 4.63, 14.22, 31.34, 15.42, 13.4, 0.0, 20.84, 15.72, 33.98, 14.55, 28.31, 17.34, 31.59, 13.67, 24.32, 12.61, 6.21, 25.82, 39.51, 13.06, 38.87, 16.96, 32.51, 18.59, 10.15, 39.69, 30.53, 13.58, 15.18, 23.76, 16.09, 19.48, 9.66, 9.63, 84.98], [0.0, 10.28, 9.24, 9.5, 15.63, 11.96, 6.17, 14.54, 15.82, 5.61, 21.18, 10.5, 19.46, 7.11, 14.35, 13.41, 11.57, 20.84, 0.0, 5.12, 13.18, 14.9, 7.68, 8.12, 10.76, 7.47, 12.08, 23.48, 17.6, 8.09, 22.44, 8.7, 20.38, 9.51, 11.66, 8.13, 20.74, 19.71, 15.55, 16.94, 5.92, 11.86, 11.88, 10.35, 22.85, 12.21, 72.29], [0.0, 8.19, 4.7, 9.27, 10.58, 6.84, 11.11, 18.68, 19.24, 10.12, 16.89, 8.15, 14.53, 12.24, 17.71, 10.56, 7.95, 15.72, 5.12, 0.0, 18.29, 11.7, 12.7, 6.46, 15.87, 9.19, 13.13, 18.38, 12.79, 11.46, 26.06, 4.37, 24.52, 7.55, 16.78, 7.27, 16.36, 24.46, 18.11, 13.39, 9.5, 12.73, 9.36, 12.12, 18.28, 7.35, 74.99], [0.0, 10.12, 21.95, 19.06, 28.64, 25.12, 7.42, 11.04, 14.61, 9.91, 33.65, 10.19, 32.22, 19.91, 14.06, 24.86, 23.9, 33.98, 13.18, 18.29, 0.0, 26.54, 5.76, 19.58, 10.18, 20.62, 18.61, 36.66, 30.23, 12.41, 18.22, 21.32, 14.45, 20.85, 10.57, 18.91, 33.33, 10.55, 17.17, 28.8, 19.06, 18.82, 23.23, 14.64, 35.57, 25.31, 67.75], [0.0, 17.81, 13.37, 7.96, 13.15, 10.25, 20.72, 21.74, 20.19, 16.64, 7.66, 17.89, 16.84, 13.11, 18.91, 12.43, 11.57, 14.55, 14.9, 11.7, 26.54, 0.0, 21.96, 7.02, 23.46, 9.35, 11.06, 14.98, 16.46, 15.05, 26.38, 13.68, 26.63, 5.7, 24.59, 7.64, 7.63, 28.82, 17.24, 13.11, 10.19, 10.51, 11.96, 13.41, 10.07, 7.25, 70.43], [0.0, 4.53, 16.19, 15.14, 22.92, 19.49, 10.26, 12.12, 14.97, 6.26, 28.69, 4.55, 26.46, 14.18, 13.91, 20.34, 18.96, 28.31, 7.68, 12.7, 5.76, 21.96, 0.0, 14.94, 4.42, 15.15, 15.87, 31.08, 24.47, 9.75, 20.3, 15.57, 17.14, 16.3, 4.81, 14.51, 28.3, 14.64, 16.45, 24.14, 13.61, 15.92, 18.73, 9.21, 30.45, 19.89, 70.65], [0.0, 10.86, 10.21, 11.42, 13.61, 9.55, 13.73, 16.1, 15.47, 9.75, 14.13, 10.96, 17.83, 8.9, 14.0, 5.41, 4.54, 17.34, 8.12, 6.46, 19.58, 7.02, 14.94, 0.0, 16.56, 5.47, 7.49, 19.01, 16.63, 8.81, 22.21, 10.17, 21.57, 11.31, 17.67, 10.17, 13.87, 22.88, 13.39, 9.23, 5.16, 6.98, 12.92, 6.76, 16.21, 7.73, 69.57], [0.0, 7.95, 19.86, 15.89, 26.39, 22.7, 5.84, 8.68, 12.02, 6.82, 30.68, 8.06, 30.14, 17.76, 11.29, 21.77, 20.95, 31.59, 10.76, 15.87, 10.18, 23.46, 4.42, 16.56, 0.0, 18.03, 15.4, 34.13, 28.22, 9.18, 16.5, 19.27, 13.06, 17.79, 9.23, 15.82, 30.38, 10.23, 14.27, 25.73, 16.48, 15.6, 20.14, 12.11, 32.66, 22.64, 66.64], [0.0, 10.62, 4.77, 8.64, 8.96, 4.9, 13.6, 19.91, 20.0, 11.85, 14.21, 10.61, 13.12, 10.58, 18.48, 8.41, 5.55, 13.67, 7.47, 9.19, 20.62, 9.35, 15.15, 5.47, 18.03, 0.0, 12.84, 16.09, 11.64, 12.49, 26.84, 4.82, 25.67, 6.15, 19.01, 6.59, 13.68, 26.09, 18.41, 10.87, 9.95, 12.36, 7.45, 5.98, 15.61, 4.75, 74.95], [0.0, 13.38, 17.45, 4.3, 21.04, 17.02, 15.34, 11.1, 9.15, 9.61, 18.64, 13.57, 25.24, 15.86, 7.93, 9.54, 10.92, 24.32, 12.08, 13.13, 18.61, 11.06, 15.87, 7.49, 15.4, 12.84, 0.0, 25.51, 24.11, 6.28, 15.4, 17.31, 15.61, 7.44, 16.53, 6.27, 18.67, 18.26, 6.27, 13.19, 12.18, 12.05, 8.4, 11.47, 21.11, 14.94, 62.11], [0.0, 26.57, 15.49, 21.58, 8.91, 11.61, 29.47, 35.11, 34.32, 27.81, 9.62, 26.53, 7.98, 17.18, 32.9, 16.16, 14.7, 12.61, 23.48, 18.38, 36.66, 14.98, 31.08, 19.01, 34.13, 16.09, 25.51, 0.0, 9.7, 27.74, 40.88, 16.17, 40.56, 18.41, 35.09, 20.21, 8.96, 41.77, 31.78, 13.53, 17.64, 24.94, 17.12, 22.04, 7.68, 11.61, 84.99], [0.0, 20.28, 8.38, 19.81, 11.83, 7.09, 22.82, 31.41, 31.63, 22.91, 15.52, 20.17, 10.84, 10.49, 30.11, 16.72, 13.93, 6.21, 17.6, 12.79, 30.23, 16.46, 24.47, 16.63, 28.22, 11.64, 24.11, 9.7, 0.0, 24.06, 38.48, 8.96, 37.22, 16.77, 29.01, 17.88, 14.7, 37.23, 29.95, 16.33, 12.84, 23.58, 16.78, 16.5, 14.96, 9.56, 86.02], [0.0, 8.13, 16.16, 7.12, 21.44, 17.35, 9.45, 7.45, 7.84, 12.8, 22.61, 8.34, 25.61, 14.16, 6.33, 13.35, 13.33, 25.82, 8.09, 11.46, 12.41, 15.05, 9.75, 8.81, 9.18, 12.49, 6.28, 27.74, 24.06, 0.0, 14.62, 15.79, 13.18, 9.71, 10.33, 7.72, 22.45, 14.07, 7.56, 17.34, 11.21, 6.44, 11.79, 8.3, 24.85, 16.23, 64.2], [0.0, 21.41, 30.76, 19.34, 35.67, 31.56, 21.1, 8.26, 6.85, 16.96, 33.82, 21.62, 39.89, 28.77, 8.37, 24.92, 26.21, 39.51, 22.44, 26.06, 18.22, 26.38, 20.3, 22.21, 16.5, 26.84, 15.4, 40.88, 38.48, 14.62, 0.0, 30.41, 13.32, 22.56, 16.95, 20.94, 33.93, 9.34, 9.15, 28.41, 25.7, 15.96, 23.79, 22.87, 36.34, 29.93, 50.4], [0.0, 11.32, 9.07, 13.25, 7.48, 5.03, 13.91, 22.91, 23.59, 14.16, 17.05, 11.22, 10.9, 10.71, 22.07, 12.99, 9.97, 13.06, 8.7, 4.37, 21.32, 13.68, 15.57, 10.17, 19.27, 4.82, 17.31, 16.17, 8.96, 15.79, 30.41, 0.0, 28.77, 10.95, 20.06, 11.2, 16.38, 28.41, 22.47, 14.83, 5.13, 16.87, 12.19, 7.75, 17.86, 7.25, 79.3], [0.0, 18.88, 29.19, 19.04, 34.62, 30.52, 18.13, 5.85, 6.47, 14.77, 34.25, 19.08, 38.79, 27.12, 7.73, 25.05, 25.88, 38.87, 20.38, 24.52, 14.45, 26.63, 17.14, 21.57, 13.06, 25.67, 15.61, 40.56, 37.22, 13.18, 13.32, 28.77, 0.0, 22.16, 13.36, 20.35, 34.26, 5.33, 9.85, 28.8, 24.38, 16.14, 23.74, 21.05, 36.7, 29.24, 53.58], [0.0, 12.26, 10.91, 11.74, 13.63, 9.69, 15.11, 16.84, 15.92, 10.97, 12.98, 12.35, 17.82, 9.81, 14.5, 14.56, 11.7, 16.96, 9.51, 7.55, 20.85, 5.7, 16.3, 11.31, 17.79, 6.15, 7.44, 18.41, 16.77, 9.71, 22.56, 10.95, 22.16, 0.0, 18.91, 12.24, 12.77, 23.74, 13.57, 7.94, 6.15, 6.89, 13.55, 8.14, 15.15, 7.5, 69.28], [0.0, 8.74, 20.66, 17.03, 27.26, 23.62, 6.37, 9.37, 12.83, 7.94, 31.78, 8.84, 30.96, 18.58, 12.18, 22.9, 22.04, 32.51, 11.66, 16.78, 10.57, 24.59, 4.81, 17.67, 9.23, 19.01, 16.53, 35.09, 29.01, 10.33, 16.95, 20.06, 13.36, 18.91, 0.0, 16.95, 31.47, 10.1, 15.23, 26.85, 17.45, 16.74, 21.27, 13.06, 33.75, 23.64, 66.9], [0.0, 10.64, 11.28, 9.1, 14.88, 10.81, 13.4, 14.93, 14.21, 9.01, 15.0, 10.76, 19.1, 9.85, 12.75, 5.95, 5.62, 18.59, 8.13, 7.27, 18.91, 7.64, 14.51, 10.17, 15.82, 6.59, 6.27, 20.21, 17.88, 7.72, 20.94, 11.2, 20.35, 12.24, 16.95, 0.0, 14.79, 21.78, 12.12, 9.91, 6.1, 5.78, 4.32, 6.92, 17.16, 9.0, 68.38], [0.0, 23.87, 15.82, 15.47, 11.96, 11.48, 26.88, 29.32, 27.81, 23.6, 10.97, 23.9, 14.08, 16.57, 26.54, 9.24, 9.43, 10.15, 20.74, 16.36, 33.33, 7.63, 28.3, 13.87, 30.38, 13.68, 18.67, 8.96, 14.7, 22.45, 33.93, 16.38, 34.26, 12.77, 31.47, 14.79, 0.0, 36.37, 24.81, 5.52, 15.06, 18.13, 10.7, 19.19, 13.46, 9.26, 76.22], [0.0, 17.52, 28.92, 20.9, 34.96, 30.98, 15.98, 7.17, 9.91, 14.33, 36.47, 17.68, 38.98, 26.8, 10.58, 27.15, 27.4, 39.69, 19.71, 24.46, 10.55, 28.82, 14.64, 22.88, 10.23, 26.09, 18.26, 41.77, 37.23, 14.07, 9.34, 28.41, 5.33, 23.74, 10.1, 21.78, 36.37, 0.0, 13.52, 31.08, 24.65, 18.72, 25.67, 20.73, 38.79, 30.19, 57.29], [0.0, 15.64, 22.72, 10.36, 26.99, 22.91, 16.56, 6.9, 15.4, 11.01, 24.72, 15.85, 31.21, 20.89, 13.89, 15.78, 17.15, 30.53, 15.55, 18.11, 17.17, 17.24, 16.45, 13.39, 14.27, 18.41, 6.27, 31.78, 29.95, 7.56, 9.15, 22.47, 9.85, 13.57, 15.23, 12.12, 24.81, 13.52, 0.0, 19.29, 17.47, 6.83, 14.66, 15.51, 27.23, 21.04, 56.93], [0.0, 19.92, 14.44, 10.25, 13.09, 10.81, 22.86, 23.98, 22.34, 18.91, 5.45, 19.99, 16.42, 14.47, 21.09, 14.64, 5.47, 13.58, 16.94, 13.39, 28.8, 13.11, 24.14, 9.23, 25.73, 10.87, 13.19, 13.53, 16.33, 17.34, 28.41, 14.83, 28.8, 7.94, 26.85, 9.91, 5.52, 31.08, 19.29, 0.0, 11.91, 12.65, 5.61, 15.43, 7.94, 7.85, 71.53], [0.0, 9.08, 5.29, 8.14, 10.33, 6.34, 12.07, 18.59, 18.85, 10.36, 15.56, 9.07, 14.43, 10.53, 17.33, 9.05, 6.46, 15.18, 5.92, 9.5, 19.06, 10.19, 13.61, 5.16, 16.48, 9.95, 12.18, 17.64, 12.84, 11.21, 25.7, 5.13, 24.38, 6.15, 17.45, 6.1, 15.06, 24.65, 17.47, 11.91, 0.0, 11.74, 7.87, 4.42, 17.06, 6.28, 74.21], [0.0, 13.29, 17.0, 12.61, 20.5, 16.5, 15.34, 11.56, 9.68, 9.66, 18.11, 13.47, 24.7, 15.44, 8.45, 8.99, 10.36, 23.76, 11.86, 12.73, 18.82, 10.51, 15.92, 6.98, 15.6, 12.36, 12.05, 24.94, 23.58, 6.44, 15.96, 16.87, 16.14, 6.89, 16.74, 5.78, 18.13, 18.72, 6.83, 12.65, 11.74, 0.0, 7.83, 11.2, 20.57, 14.39, 62.6], [0.0, 14.67, 12.03, 4.78, 13.52, 9.91, 17.54, 18.65, 17.36, 13.33, 10.83, 14.76, 17.56, 11.28, 16.01, 10.27, 9.94, 16.09, 11.88, 9.36, 23.23, 11.96, 18.73, 12.92, 20.14, 7.45, 8.4, 17.12, 16.78, 11.79, 23.79, 12.19, 23.74, 13.55, 21.27, 4.32, 10.7, 25.67, 14.66, 5.61, 7.87, 7.83, 0.0, 10.46, 13.12, 7.23, 69.33], [0.0, 4.71, 8.22, 8.48, 14.37, 10.59, 7.72, 15.19, 16.13, 6.42, 19.63, 4.73, 18.29, 6.11, 14.63, 11.96, 10.03, 19.48, 10.35, 12.12, 14.64, 13.41, 9.21, 6.76, 12.11, 5.98, 11.47, 22.04, 16.5, 8.3, 22.87, 7.75, 21.05, 8.14, 13.06, 6.92, 19.19, 20.73, 15.51, 15.43, 4.42, 11.2, 10.46, 0.0, 21.29, 10.69, 72.4], [0.0, 25.99, 17.27, 17.9, 12.59, 12.86, 29.01, 31.76, 30.25, 25.91, 13.39, 26.02, 14.0, 18.23, 28.98, 11.68, 11.72, 9.66, 22.85, 18.28, 35.57, 10.07, 30.45, 16.21, 32.66, 15.61, 21.11, 7.68, 14.96, 24.85, 36.34, 17.86, 36.7, 15.15, 33.75, 17.16, 13.46, 38.79, 27.23, 7.94, 17.06, 20.57, 13.12, 21.29, 0.0, 11.0, 78.13], [0.0, 15.37, 6.77, 10.69, 6.29, 9.65, 18.35, 23.65, 23.19, 16.22, 9.88, 15.36, 10.39, 7.32, 21.72, 7.22, 4.36, 9.63, 12.21, 7.35, 25.31, 7.25, 19.89, 7.73, 22.64, 4.75, 14.94, 11.61, 9.56, 16.23, 29.93, 7.25, 29.24, 7.5, 23.64, 9.0, 9.26, 30.19, 21.04, 7.85, 6.28, 14.39, 7.23, 10.69, 11.0, 0.0, 76.53], [0.0, 0.0, 0.0, 0.0, 0.0, 0.0, 0.0, 0.0, 0.0, 0.0, 0.0, 0.0, 0.0, 0.0, 0.0, 0.0, 0.0, 0.0, 0.0, 0.0, 0.0, 0.0, 0.0, 0.0, 0.0, 0.0, 0.0, 0.0, 0.0, 0.0, 0.0, 0.0, 0.0, 0.0, 0.0, 0.0, 0.0, 0.0, 0.0, 0.0, 0.0, 0.0, 0.0, 0.0, 0.0, 0.0, 0.0]], "time_windows": [[0.0, 5000.0], [0.0, 120.0], [0.0, 135.0], [0.0, 151.0], [0.0, 179.0], [0.0, 204.0], [0.0, 253.0], [0.0, 292.0], [0.0, 326.0], [0.0, 349.0], [0.0, 393.0], [0.0, 432.0], [0.0, 469.0], [0.0, 503.0], [0.0, 566.0], [0.0, 609.0], [0.0, 630.0], [0.0, 653.0], [0.0, 686.0], [0.0, 694.0], [0.0, 719.0], [0.0, 755.0], [0.0, 789.0], [0.0, 812.0], [0.0, 844.0], [0.0, 882.0], [0.0, 906.0], [0.0, 949.0], [0.0, 965.0], [0.0, 1001.0], [0.0, 1019.0], [0.0, 1056.0], [0.0, 1088.0], [0.0, 1112.0], [0.0, 1131.0], [0.0, 1147.0], [0.0, 1162.0], [0.0, 1199.0], [0.0, 1212.0], [0.0, 1231.0], [0.0, 1243.0], [0.0, 1255.0], [0.0, 1263.0], [0.0, 1273.0], [0.0, 1295.0], [0.0, 1306.0], [0.0, 5000.0]], "start_depot": 0, "end_depot": 46, "horizon": [0.0, 5000.0]}