{"digraph": {"vertex_count": 47, "arc_count": 2070, "arcs": [[0, 1, 1, 1, 1, 1, 1, 1, 1, 1, 1, 1, 1, 1, 1, 1, 1, 1, 1, 1, 1, 1, 1, 1, 1, 1, 1, 1, 1, 1, 1, 1, 1, 1, 1, 1, 1, 1, 1, 1, 1, 1, 1, 1, 1, 1, 1], [0, 0, 1, 1, 1, 1, 1, 1, 1, 1, 1, 1, 1, 1, 1, 1, 1, 1, 1, 1, 1, 1, 1, 1, 1, 1, 1, 1, 1, 1, 1, 1, 1, 1, 1, 1, 1, 1, 1, 1, 1, 1, 1, 1, 1, 1, 1], [0, 1, 0, 1, 1, 1, 1, 1, 1, 1, 1, 1, 1, 1, 1, 1, 1, 1, 1, 1, 1, 1, 1, 1, 1, 1, 1, 1, 1, 1, 1, 1, 1, 1, 1, 1, 1, 1, 1, 1, 1, 1, 1, 1, 1, 1, 1], [0, 1, 1, 0, 1, 1, 1, 1, 1, 1, 1, 1, 1, 1, 1, 1, 1, 1, 1, 1, 1, 1, 1, 1, 1, 1, 1, 1, 1, 1, 1, 1, 1, 1, 1, 1, 1, 1, 1, 1, 1, 1, 1, 1, 1, 1, 1], [0, 1, 1, 1, 0, 1, 1, 1, 1, 1, 1, 1, 1, 1, 1, 1, 1, 1, 1, 1, 1, 1, 1, 1, 1, 1, 1, 1, 1, 1, 1, 1, 1, 1, 1, 1, 1, 1, 1, 1, 1, 1, 1, 1, 1, 1, 1], [0, 1, 1, 1, 1, 0, 1, 1, 1, 1, 1, 1, 1, 1, 1, 1, 1, 1, 1, 1, 1, 1, 1, 1, 1, 1, 1, 1, 1, 1, 1, 1, 1, 1, 1, 1, 1, 1, 1, 1, 1, 1, 1, 1, 1, 1, 1], [0, 1, 1, 1, 1, 1, 0, 1, 1, 1, 1, 1, 1, 1, 1, 1, 1, 1, 1, 1, 1, 1, 1, 1, 1, 1, 1, 1, 1, 1, 1, 1, 1, 1, 1, 1, 1, 1, 1, 1, 1, 1, 1, 1, 1, 1, 1], [0, 1, 1, 1, 1, 1, 1, 0, 1, 1, 1, 1, 1, 1, 1, 1, 1, 1, 1, 1, 1, 1, 1, 1, 1, 1, 1, 1, 1, 1, 1, 1, 1, 1, 1, 1, 1, 1, 1, 1, 1, 1, 1, 1, 1, 1, 1], [0, 1, 1, 1, 1, 1, 1, 1, 0, 1, 1, 1, 1, 1, 1, 1, 1, 1, 1, 1, 1, 1, 1, 1, 1, 1, 1, 1, 1, 1, 1, 1, 1, 1, 1, 1, 1, 1, 1, 1, 1, 1, 1, 1, 1, 1, 1], [0, 1, 1, 1, 1, 1, 1, 1, 1, 0, 1, 1, 1, 1, 1, 1, 1, 1, 1, 1, 1, 1, 1, 1, 1, 1, 1, 1, 1, 1, 1, 1, 1, 1, 1, 1, 1, 1, 1, 1, 1, 1, 1, 1, 1, 1, 1], [0, 1, 1, 1, 1, 1, 1, 1, 1, 1, 0, 1, 1, 1, 1, 1, 1, 1, 1, 1, 1, 1, 1, 1, 1, 1, 1, 1, 1, 1, 1, 1, 1, 1, 1, 1, 1, 1, 1, 1, 1, 1, 1, 1, 1, 1, 1], [0, 1, 1, 1, 1, 1, 1, 1, 1, 1, 1, 0, 1, 1, 1, 1, 1, 1, 1, 1, 1, 1, 1, 1, 1, 1, 1, 1, 1, 1, 1, 1, 1, 1, 1, 1, 1, 1, 1, 1, 1, 1, 1, 1, 1, 1, 1], [0, 1, 1, 1, 1, 1, 1, 1, 1, 1, 1, 1, 0, 1, 1, 1, 1, 1, 1, 1, 1, 1, 1, 1, 1, 1, 1, 1, 1, 1, 1, 1, 1, 1, 1, 1, 1, 1, 1, 1, 1, 1, 1, 1, 1, 1, 1], [0, 1, 1, 1, 1, 1, 1, 1, 1, 1, 1, 1, 1, 0, 1, 1, 1, 1, 1, 1, 1, 1, 1, 1, 1, 1, 1, 1, 1, 1, 1, 1, 1, 1, 1, 1, 1, 1, 1, 1, 1, 1, 1, 1, 1, 1, 1], [0, 1, 1, 1, 1, 1, 1, 1, 1, 1, 1, 1, 1, 1, 0, 1, 1, 1, 1, 1, 1, 1, 1, 1, 1, 1, 1, 1, 1, 1, 1, 1, 1, 1, 1, 1, 1, 1, 1, 1, 1, 1, 1, 1, 1, 1, 1], [0, 1, 1, 1, 1, 1, 1, 1, 1, 1, 1, 1, 1, 1, 1, 0, 1, 1, 1, 1, 1, 1, 1, 1, 1, 1, 1, 1, 1, 1, 1, 1, 1, 1, 1, 1, 1, 1, 1, 1, 1, 1, 1, 1, 1, 1, 1], [0, 1, 1, 1, 1, 1, 1, 1, 1, 1, 1, 1, 1, 1, 1, 1, 0, 1, 1, 1, 1, 1, 1, 1, 1, 1, 1, 1, 1, 1, 1, 1, 1, 1, 1, 1, 1, 1, 1, 1, 1, 1, 1, 1, 1, 1, 1], [0, 1, 1, 1, 1, 1, 1, 1, 1, 1, 1, 1, 1, 1, 1, 1, 1, 0, 1, 1, 1, 1, 1, 1, 1, 1, 1, 1, 1, 1, 1, 1, 1, 1, 1, 1, 1, 1, 1, 1, 1, 1, 1, 1, 1, 1, 1], [0, 1, 1, 1, 1, 1, 1, 1, 1, 1, 1, 1, 1, 1, 1, 1, 1, 1, 0, 1, 1, 1, 1, 1, 1, 1, 1, 1, 1, 1, 1, 1, 1, 1, 1, 1, 1, 1, 1, 1, 1, 1, 1, 1, 1, 1, 1], [0, 1, 1, 1, 1, 1, 1, 1, 1, 1, 1, 1, 1, 1, 1, 1, 1, 1, 1, 0, 1, 1, 1, 1, 1, 1, 1, 1, 1, 1, 1, 1, 1, 1, 1, 1, 1, 1, 1, 1, 1, 1, 1, 1, 1, 1, 1], [0, 1, 1, 1, 1, 1, 1, 1, 1, 1, 1, 1, 1, 1, 1, 1, 1, 1, 1, 1, 0, 1, 1, 1, 1, 1, 1, 1, 1, 1, 1, 1, 1, 1, 1, 1, 1, 1, 1, 1, 1, 1, 1, 1, 1, 1, 1], [0, 1, 1, 1, 1, 1, 1, 1, 1, 1, 1, 1, 1, 1, 1, 1, 1, 1, 1, 1, 1, 0, 1, 1, 1, 1, 1, 1, 1, 1, 1, 1, 1, 1, 1, 1, 1, 1, 1, 1, 1, 1, 1, 1, 1, 1, 1], [0, 1, 1, 1, 1, 1, 1, 1, 1, 1, 1, 1, 1, 1, 1, 1, 1, 1, 1, 1, 1, 1, 0, 1, 1, 1, 1, 1, 1, 1, 1, 1, 1, 1, 1, 1, 1, 1, 1, 1, 1, 1, 1, 1, 1, 1, 1], [0, 1, 1, 1, 1, 1, 1, 1, 1, 1, 1, 1, 1, 1, 1, 1, 1, 1, 1, 1, 1, 1, 1, 0, 1, 1, 1, 1, 1, 1, 1, 1, 1, 1, 1, 1, 1, 1, 1, 1, 1, 1, 1, 1, 1, 1, 1], [0, 1, 1, 1, 1, 1, 1, 1, 1, 1, 1, 1, 1, 1, 1, 1, 1, 1, 1, 1, 1, 1, 1, 1, 0, 1, 1, 1, 1, 1, 1, 1, 1, 1, 1, 1, 1, 1, 1, 1, 1, 1, 1, 1, 1, 1, 1], [0, 1, 1, 1, 1, 1, 1, 1, 1, 1, 1, 1, 1, 1, 1, 1, 1, 1, 1, 1, 1, 1, 1, 1, 1, 0, 1, 1, 1, 1, 1, 1, 1, 1, 1, 1, 1, 1, 1, 1, 1, 1, 1, 1, 1, 1, 1], [0, 1, 1, 1, 1, 1, 1, 1, 1, 1, 1, 1, 1, 1, 1, 1, 1, 1, 1, 1, 1, 1, 1, 1, 1, 1, 0, 1, 1, 1, 1, 1, 1, 1, 1, 1, 1, 1, 1, 1, 1, 1, 1, 1, 1, 1, 1], [0, 1, 1, 1, 1, 1, 1, 1, 1, 1, 1, 1, 1, 1, 1, 1, 1, 1, 1, 1, 1, 1, 1, 1, 1, 1, 1, 0, 1, 1, 1, 1, 1, 1, 1, 1, 1, 1, 1, 1, 1, 1, 1, 1, 1, 1, 1], [0, 1, 1, 1, 1, 1, 1, 1, 1, 1, 1, 1, 1, 1, 1, 1, 1, 1, 1, 1, 1, 1, 1, 1, 1, 1, 1, 1, 0, 1, 1, 1, 1, 1, 1, 1, 1, 1, 1, 1, 1, 1, 1, 1, 1, 1, 1], [0, 1, 1, 1, 1, 1, 1, 1, 1, 1, 1, 1, 1, 1, 1, 1, 1, 1, 1, 1, 1, 1, 1, 1, 1, 1, 1, 1, 1, 0, 1, 1, 1, 1, 1, 1, 1, 1, 1, 1, 1, 1, 1, 1, 1, 1, 1], [0, 1, 1, 1, 1, 1, 1, 1, 1, 1, 1, 1, 1, 1, 1, 1, 1, 1, 1, 1, 1, 1, 1, 1, 1, 1, 1, 1, 1, 1, 0, 1, 1, 1, 1, 1, 1, 1, 1, 1, 1, 1, 1, 1, 1, 1, 1], [0, 1, 1, 1, 1, 1, 1, 1, 1, 1, 1, 1, 1, 1, 1, 1, 1, 1, 1, 1, 1, 1, 1, 1, 1, 1, 1, 1, 1, 1, 1, 0, 1, 1, 1, 1, 1, 1, 1, 1, 1, 1, 1, 1, 1, 1, 1], [0, 1, 1, 1, 1, 1, 1, 1, 1, 1, 1, 1, 1, 1, 1, 1, 1, 1, 1, 1, 1, 1, 1, 1, 1, 1, 1, 1, 1, 1, 1, 1, 0, 1, 1, 1, 1, 1, 1, 1, 1, 1, 1, 1, 1, 1, 1], [0, 1, 1, 1, 1, 1, 1, 1, 1, 1, 1, 1, 1, 1, 1, 1, 1, 1, 1, 1, 1, 1, 1, 1, 1, 1, 1, 1, 1, 1, 1, 1, 1, 0, 1, 1, 1, 1, 1, 1, 1, 1, 1, 1, 1, 1, 1], [0, 1, 1, 1, 1, 1, 1, 1, 1, 1, 1, 1, 1, 1, 1, 1, 1, 1, 1, 1, 1, 1, 1, 1, 1, 1, 1, 1, 1, 1, 1, 1, 1, 1, 0, 1, 1, 1, 1, 1, 1, 1, 1, 1, 1, 1, 1], [0, 1, 1, 1, 1, 1, 1, 1, 1, 1, 1, 1, 1, 1, 1, 1, 1, 1, 1, 1, 1, 1, 1, 1, 1, 1, 1, 1, 1, 1, 1, 1, 1, 1, 1, 0, 1, 1, 1, 1, 1, 1, 1, 1, 1, 1, 1], [0, 1, 1, 1, 1, 1, 1, 1, 1, 1, 1, 1, 1, 1, 1, 1, 1, 1, 1, 1, 1, 1, 1, 1, 1, 1, 1, 1, 1, 1, 1, 1, 1, 1, 1, 1, 0, 1, 1, 1, 1, 1, 1, 1, 1, 1, 1], [0, 1, 1, 1, 1, 1, 1, 1, 1, 1, 1, 1, 1, 1, 1, 1, 1, 1, 1, 1, 1, 1, 1, 1, 1, 1, 1, 1, 1, 1, 1, 1, 1, 1, 1, 1, 1, 0, 1, 1, 1, 1, 1, 1, 1, 1, 1], [0, 1, 1, 1, 1, 1, 1, 1, 1, 1, 1, 1, 1, 1, 1, 1, 1, 1, 1, 1, 1, 1, 1, 1, 1, 1, 1, 1, 1, 1, 1, 1, 1, 1, 1, 1, 1, 1, 0, 1, 1, 1, 1, 1, 1, 1, 1], [0, 1, 1, 1, 1, 1, 1, 1, 1, 1, 1, 1, 1, 1, 1, 1, 1, 1, 1, 1, 1, 1, 1, 1, 1, 1, 1, 1, 1, 1, 1, 1, 1, 1, 1, 1, 1, 1, 1, 0, 1, 1, 1, 1, 1, 1, 1], [0, 1, 1, 1, 1, 1, 1, 1, 1, 1, 1, 1, 1, 1, 1, 1, 1, 1, 1, 1, 1, 1, 1, 1, 1, 1, 1, 1, 1, 1, 1, 1, 1, 1, 1, 1, 1, 1, 1, 1, 0, 1, 1, 1, 1, 1, 1], [0, 1, 1, 1, 1, 1, 1, 1, 1, 1, 1, 1, 1, 1, 1, 1, 1, 1, 1, 1, 1, 1, 1, 1, 1, 1, 1, 1, 1, 1, 1, 1, 1, 1, 1, 1, 1, 1, 1, 1, 1, 0, 1, 1, 1, 1, 1], [0, 1, 1, 1, 1, 1, 1, 1, 1, 1, 1, 1, 1, 1, 1, 1, 1, 1, 1, 1, 1, 1, 1, 1, 1, 1, 1, 1, 1, 1, 1, 1, 1, 1, 1, 1, 1, 1, 1, 1, 1, 1, 0, 1, 1, 1, 1], [0, 1, 1, 1, 1, 1, 1, 1, 1, 1, 1, 1, 1, 1, 1, 1, 1, 1, 1, 1, 1, 1, 1, 1, 1, 1, 1, 1, 1, 1, 1, 1, 1, 1, 1, 1, 1, 1, 1, 1, 1, 1, 1, 0, 1, 1, 1], [0, 1, 1, 1, 1, 1, 1, 1, 1, 1, 1, 1, 1, 1, 1, 1, 1, 1, 1, 1, 1, 1, 1, 1, 1, 1, 1, 1, 1, 1, 1, 1, 1, 1, 1, 1, 1, 1, 1, 1, 1, 1, 1, 1, 0, 1, 1], [0, 1, 1, 1, 1, 1, 1, 1, 1, 1, 1, 1, 1, 1, 1, 1, 1, 1, 1, 1, 1, 1, 1, 1, 1, 1, 1, 1, 1, 1, 1, 1, 1, 1, 1, 1, 1, 1, 1, 1, 1, 1, 1, 1, 1, 0, 1], [0, 0, 0, 0, 0, 0, 0, 0, 0, 0, 0, 0, 0, 0, 0, 0, 0, 0, 0, 0, 0, 0, 0, 0, 0, 0, 0, 0, 0, 0, 0, 0, 0, 0, 0, 0, 0, 0, 0, 0, 0, 0, 0, 0, 0, 0, 0]]}, "cluster_count": 3, "cluster_speeds": [[0.925, 0.85, 0.925, 1.0, 0.8325, 0.765, 0.8325, 0.9, 0.4625, 0.425, 0.4625, 0.5, 0.30525, 0.2805, 0.30525, 0.33, 0.37, 0.34, 0.37, 0.4, 0.555, 0.51, 0.555, 0.6, 0.6475, 0.595, 0.6475, 0.7, 0.37, 0.34, 0.37, 0.4, 0.30525, 0.2805, 0.30525, 0.33, 0.4625, 0.425, 0.4625, 0.5, 0.6475, 0.595, 0.6475, 0.7, 0.74, 0.68, 0.74, 0.8, 0.6475, 0.595, 0.6475, 0.7, 0.4625, 0.425, 0.4625, 0.5, 0.555, 0.51, 0.555, 0.6, 0.6475, 0.595, 0.6475, 0.7, 0.8325, 0.765, 0.8325, 0.9, 0.925, 0.85, 0.925, 1.0, 1.0], [0.6475, 0.595, 0.6475, 0.7, 0.58275, 0.5355, 0.58275, 0.63, 0.32375, 0.2975, 0.32375, 0.35, 0.213675, 0.19635, 0.213675, 0.23099999999999998, 0.259, 0.238, 0.259, 0.27999999999999997, 0.3885, 0.357, 0.3885, 0.42, 0.6475, 0.595, 0.6475, 0.7, 0.37, 0.34, 0.37, 0.4, 0.30525, 0.2805, 0.30525, 0.33, 0.4625, 0.425, 0.4625, 0.5, 0.6475, 0.595, 0.6475, 0.7, 0.74, 0.68, 0.74, 0.8, 0.45324999999999993, 0.4165, 0.45324999999999993, 0.48999999999999994, 0.32375, 0.2975, 0.32375, 0.35, 0.3885, 0.357, 0.3885, 0.42, 0.45324999999999993, 0.4165, 0.45324999999999993, 0.48999999999999994, 0.58275, 0.5355, 0.58275, 0.63, 0.6475, 0.595, 0.6475, 0.7, 0.7], [0.87875, 0.8075, 0.87875, 0.95, 0.790875, 0.72675, 0.790875, 0.855, 0.439375, 0.40375, 0.439375, 0.475, 0.2899875, 0.266475, 0.2899875, 0.3135, 0.3515, 0.323, 0.3515, 0.38, 0.52725, 0.4845, 0.52725, 0.57, 0.6475, 0.595, 0.6475, 0.7, 0.37, 0.34, 0.37, 0.4, 0.30525, 0.2805, 0.30525, 0.33, 0.4625, 0.425, 0.4625, 0.5, 0.6475, 0.595, 0.6475, 0.7, 0.74, 0.68, 0.74, 0.8, 0.6151249999999999, 0.5652499999999999, 0.6151249999999999, 0.6649999999999999, 0.439375, 0.40375, 0.439375, 0.475, 0.52725, 0.4845, 0.52725, 0.57, 0.6151249999999999, 0.5652499999999999, 0.6151249999999999, 0.6649999999999999, 0.790875, 0.72675, 0.790875, 0.855, 0.87875, 0.8075, 0.87875, 0.95, 0.95]], "clusters": [[-1, 2, 2, 2, 2, 2, 2, 2, 2, 2, 2, 2, 2, 2, 2, 2, 2, 2, 2, 2, 2, 2, 2, 2, 2, 2, 2, 2, 2, 2, 2, 2, 2, 2, 2, 2, 2, 2, 2, 2, 2, 2, 2, 2, 2, 2, 2], [0, -1, 0, 0, 0, 0, 0, 0, 0, 0, 0, 0, 0, 0, 0, 0, 0, 0, 0, 0, 0, 0, 0, 0, 0, 0, 0, 0, 0, 0, 0, 0, 0, 0, 0, 0, 0, 0, 0, 0, 0, 0, 0, 0, 0, 0, 0], [0, 0, -1, 0, 0, 0, 0, 0, 0, 0, 0, 0, 0, 0, 0, 0, 0, 0, 0, 0, 0, 0, 0, 0, 0, 0, 0, 0, 0, 0, 0, 0, 0, 0, 0, 0, 0, 0, 0, 0, 0, 0, 0, 0, 0, 0, 0], [0, 0, 0, -1, 0, 0, 0, 0, 0, 0, 0, 0, 0, 0, 0, 0, 0, 0, 0, 0, 0, 0, 0, 0, 0, 0, 0, 0, 0, 0, 0, 0, 0, 0, 0, 0, 0, 0, 0, 0, 0, 0, 0, 0, 0, 0, 0], [0, 0, 0, 0, -1, 0, 0, 0, 0, 0, 0, 0, 0, 0, 0, 0, 0, 0, 0, 0, 0, 0, 0, 0, 0, 0, 0, 0, 0, 0, 0, 0, 0, 0, 0, 0, 0, 0, 0, 0, 0, 0, 0, 0, 0, 0, 0], [0, 0, 0, 0, 0, -1, 0, 0, 0, 0, 0, 0, 0, 0, 0, 0, 0, 0, 0, 0, 0, 0, 0, 0, 0, 0, 0, 0, 0, 0, 0, 0, 0, 0, 0, 0, 0, 0, 0, 0, 0, 0, 0, 0, 0, 0, 0], [0, 0, 0, 0, 0, 0, -1, 0, 0, 0, 0, 0, 0, 0, 0, 0, 0, 0, 0, 0, 0, 0, 0, 0, 0, 0, 0, 0, 0, 0, 0, 0, 0, 0, 0, 0, 0, 0, 0, 0, 0, 0, 0, 0, 0, 0, 0], [0, 0, 0, 0, 0, 0, 0, -1, 0, 0, 0, 0, 0, 0, 0, 0, 0, 0, 0, 0, 0, 0, 0, 0, 0, 0, 0, 0, 0, 0, 0, 0, 0, 0, 0, 0, 0, 0, 0, 0, 0, 0, 0, 0, 0, 0, 0], [0, 0, 0, 0, 0, 0, 0, 0, -1, 0, 0, 0, 0, 0, 0, 0, 0, 0, 0, 0, 0, 0, 0, 0, 0, 0, 0, 0, 0, 0, 0, 0, 0, 0, 0, 0, 0, 0, 0, 0, 0, 0, 0, 0, 0, 0, 0], [0, 0, 0, 0, 0, 0, 0, 0, 0, -1, 0, 0, 0, 0, 0, 0, 0, 0, 0, 0, 0, 0, 0, 0, 0, 0, 0, 0, 0, 0, 0, 0, 0, 0, 0, 0, 0, 0, 0, 0, 0, 0, 0, 0, 0, 0, 0], [0, 0, 0, 0, 0, 0, 0, 0, 0, 0, -1, 0, 0, 0, 0, 0, 0, 0, 0, 0, 0, 0, 0, 0, 0, 0, 0, 0, 0, 0, 0, 0, 0, 0, 0, 0, 0, 0, 0, 0, 0, 0, 0, 0, 0, 0, 0], [0, 0, 0, 0, 0, 0, 0, 0, 0, 0, 0, -1, 0, 0, 0, 0, 0, 0, 0, 0, 0, 0, 0, 0, 0, 0, 0, 0, 0, 0, 0, 0, 0, 0, 0, 0, 0, 0, 0, 0, 0, 0, 0, 0, 0, 0, 0], [0, 0, 0, 0, 0, 0, 0, 0, 0, 0, 0, 0, -1, 0, 0, 0, 0, 0, 0, 0, 0, 0, 0, 0, 0, 0, 0, 0, 0, 0, 0, 0, 0, 0, 0, 0, 0, 0, 0, 0, 0, 0, 0, 0, 0, 0, 0], [0, 0, 0, 0, 0, 0, 0, 0, 0, 0, 0, 0, 0, -1, 0, 0, 0, 0, 0, 0, 0, 0, 0, 0, 0, 0, 0, 0, 0, 0, 0, 0, 0, 0, 0, 0, 0, 0, 0, 0, 0, 0, 0, 0, 0, 0, 0], [0, 0, 0, 0, 0, 0, 0, 0, 0, 0, 0, 0, 0, 0, -1, 0, 0, 0, 0, 0, 0, 0, 0, 0, 0, 0, 0, 0, 0, 0, 0, 0, 0, 0, 0, 0, 0, 0, 0, 0, 0, 0, 0, 0, 0, 0, 0], [0, 0, 0, 0, 0, 0, 0, 0, 0, 0, 0, 0, 0, 0, 0, -1, 0, 0, 0, 0, 0, 0, 0, 0, 0, 0, 0, 0, 0, 0, 0, 0, 0, 0, 0, 0, 0, 0, 0, 0, 0, 0, 0, 0, 0, 0, 0], [0, 0, 0, 0, 0, 0, 0, 0, 0, 0, 0, 0, 0, 0, 0, 0, -1, 0, 0, 0, 0, 0, 0, 0, 0, 0, 0, 0, 0, 0, 0, 0, 0, 0, 0, 0, 0, 0, 0, 0, 0, 0, 0, 0, 0, 0, 0], [0, 0, 0, 0, 0, 0, 0, 0, 0, 0, 0, 0, 0, 0, 0, 0, 0, -1, 0, 0, 0, 0, 0, 0, 0, 0, 0, 0, 0, 0, 0, 0, 0, 0, 0, 0, 0, 0, 0, 0, 0, 0, 0, 0, 0, 0, 0], [0, 0, 0, 0, 0, 0, 0, 0, 0, 0, 0, 0, 0, 0, 0, 0, 0, 0, -1, 0, 0, 0, 0, 0, 0, 0, 0, 0, 0, 0, 0, 0, 0, 0, 0, 0, 0, 0, 0, 0, 0, 0, 0, 0, 0, 0, 0], [0, 0, 0, 0, 0, 0, 0, 0, 0, 0, 0, 0, 0, 0, 0, 0, 0, 0, 0, -1, 0, 0, 0, 0, 0, 0, 0, 0, 0, 0, 0, 0, 0, 0, 0, 0, 0, 0, 0, 0, 0, 0, 0, 0, 0, 0, 0], [0, 0, 0, 0, 0, 0, 0, 0, 0, 0, 0, 0, 0, 0, 0, 0, 0, 0, 0, 0, -1, 0, 0, 0, 0, 0, 0, 0, 0, 0, 0, 0, 0, 0, 0, 0, 0, 0, 0, 0, 0, 0, 0, 0, 0, 0, 0], [0, 0, 0, 0, 0, 0, 0, 0, 0, 0, 0, 0, 0, 0, 0, 0, 0, 0, 0, 0, 0, -1, 0, 0, 0, 0, 0, 0, 0, 0, 0, 0, 0, 0, 0, 0, 0, 0, 0, 0, 0, 0, 0, 0, 0, 0, 0], [0, 0, 0, 0, 0, 0, 0, 0, 0, 0, 0, 0, 0, 0, 0, 0, 0, 0, 0, 0, 0, 0, -1, 0, 0, 0, 0, 0, 0, 0, 0, 0, 0, 0, 0, 0, 0, 0, 0, 0, 0, 0, 0, 0, 0, 0, 0], [0, 0, 0, 0, 0, 0, 0, 0, 0, 0, 0, 0, 0, 0, 0, 0, 0, 0, 0, 0, 0, 0, 0, -1, 0, 0, 0, 0, 0, 0, 0, 0, 0, 0, 0, 0, 0, 0, 0, 0, 0, 0, 0, 0, 0, 0, 0], [0, 0, 0, 0, 0, 0, 0, 0, 0, 0, 0, 0, 0, 0, 0, 0, 0, 0, 0, 0, 0, 0, 0, 0, -1, 0, 0, 0, 0, 0, 0, 0, 0, 0, 0, 0, 0, 0, 0, 0, 0, 0, 0, 0, 0, 0, 0], [1, 1, 1, 1, 1, 1, 1, 1, 1, 1, 1, 1, 1, 1, 1, 1, 1, 1, 1, 1, 1, 1, 1, 1, 1, -1, 1, 1, 1, 1, 1, 1, 1, 1, 1, 1, 1, 1, 1, 1, 1, 1, 1, 1, 1, 1, 1], [0, 0, 0, 0, 0, 0, 0, 0, 0, 0, 0, 0, 0, 0, 0, 0, 0, 0, 0, 0, 0, 0, 0, 0, 0, 0, -1, 0, 0, 0, 0, 0, 0, 0, 0, 0, 0, 0, 0, 0, 0, 0, 0, 0, 0, 0, 0], [0, 0, 0, 0, 0, 0, 0, 0, 0, 0, 0, 0, 0, 0, 0, 0, 0, 0, 0, 0, 0, 0, 0, 0, 0, 0, 0, -1, 0, 0, 0, 0, 0, 0, 0, 0, 0, 0, 0, 0, 0, 0, 0, 0, 0, 0, 0], [0, 0, 0, 0, 0, 0, 0, 0, 0, 0, 0, 0, 0, 0, 0, 0, 0, 0, 0, 0, 0, 0, 0, 0, 0, 0, 0, 0, -1, 0, 0, 0, 0, 0, 0, 0, 0, 0, 0, 0, 0, 0, 0, 0, 0, 0, 0], [0, 0, 0, 0, 0, 0, 0, 0, 0, 0, 0, 0, 0, 0, 0, 0, 0, 0, 0, 0, 0, 0, 0, 0, 0, 0, 0, 0, 0, -1, 0, 0, 0, 0, 0, 0, 0, 0, 0, 0, 0, 0, 0, 0, 0, 0, 0], [0, 0, 0, 0, 0, 0, 0, 0, 0, 0, 0, 0, 0, 0, 0, 0, 0, 0, 0, 0, 0, 0, 0, 0, 0, 0, 0, 0, 0, 0, -1, 0, 0, 0, 0, 0, 0, 0, 0, 0, 0, 0, 0, 0, 0, 0, 0], [0, 0, 0, 0, 0, 0, 0, 0, 0, 0, 0, 0, 0, 0, 0, 0, 0, 0, 0, 0, 0, 0, 0, 0, 0, 0, 0, 0, 0, 0, 0, -1, 0, 0, 0, 0, 0, 0, 0, 0, 0, 0, 0, 0, 0, 0, 0], [0, 0, 0, 0, 0, 0, 0, 0, 0, 0, 0, 0, 0, 0, 0, 0, 0, 0, 0, 0, 0, 0, 0, 0, 0, 0, 0, 0, 0, 0, 0, 0, -1, 0, 0, 0, 0, 0, 0, 0, 0, 0, 0, 0, 0, 0, 0], [0, 0, 0, 0, 0, 0, 0, 0, 0, 0, 0, 0, 0, 0, 0, 0, 0, 0, 0, 0, 0, 0, 0, 0, 0, 0, 0, 0, 0, 0, 0, 0, 0, -1, 0, 0, 0, 0, 0, 0, 0, 0, 0, 0, 0, 0, 0], [1, 1, 1, 1, 1, 1, 1, 1, 1, 1, 1, 1, 1, 1, 1, 1, 1, 1, 1, 1, 1, 1, 1, 1, 1, 1, 1, 1, 1, 1, 1, 1, 1, 1, -1, 1, 1, 1, 1, 1, 1, 1, 1, 1, 1, 1, 1], [0, 0, 0, 0, 0, 0, 0, 0, 0, 0, 0, 0, 0, 0, 0, 0, 0, 0, 0, 0, 0, 0, 0, 0, 0, 0, 0, 0, 0, 0, 0, 0, 0, 0, 0, -1, 0, 0, 0, 0, 0, 0, 0, 0, 0, 0, 0], [0, 0, 0, 0, 0, 0, 0, 0, 0, 0, 0, 0, 0, 0, 0, 0, 0, 0, 0, 0, 0, 0, 0, 0, 0, 0, 0, 0, 0, 0, 0, 0, 0, 0, 0, 0, -1, 0, 0, 0, 0, 0, 0, 0, 0, 0, 0], [0, 0, 0, 0, 0, 0, 0, 0, 0, 0, 0, 0, 0, 0, 0, 0, 0, 0, 0, 0, 0, 0, 0, 0, 0, 0, 0, 0, 0, 0, 0, 0, 0, 0, 0, 0, 0, -1, 0, 0, 0, 0, 0, 0, 0, 0, 0], [0, 0, 0, 0, 0, 0, 0, 0, 0, 0, 0, 0, 0, 0, 0, 0, 0, 0, 0, 0, 0, 0, 0, 0, 0, 0, 0, 0, 0, 0, 0, 0, 0, 0, 0, 0, 0, 0, -1, 0, 0, 0, 0, 0, 0, 0, 0], [0, 0, 0, 0, 0, 0, 0, 0, 0, 0, 0, 0, 0, 0, 0, 0, 0, 0, 0, 0, 0, 0, 0, 0, 0, 0, 0, 0, 0, 0, 0, 0, 0, 0, 0, 0, 0, 0, 0, -1, 0, 0, 0, 0, 0, 0, 0], [0, 0, 0, 0, 0, 0, 0, 0, 0, 0, 0, 0, 0, 0, 0, 0, 0, 0, 0, 0, 0, 0, 0, 0, 0, 0, 0, 0, 0, 0, 0, 0, 0, 0, 0, 0, 0, 0, 0, 0, -1, 0, 0, 0, 0, 0, 0], [0, 0, 0, 0, 0, 0, 0, 0, 0, 0, 0, 0, 0, 0, 0, 0, 0, 0, 0, 0, 0, 0, 0, 0, 0, 0, 0, 0, 0, 0, 0, 0, 0, 0, 0, 0, 0, 0, 0, 0, 0, -1, 0, 0, 0, 0, 0], [0, 0, 0, 0, 0, 0, 0, 0, 0, 0, 0, 0, 0, 0, 0, 0, 0, 0, 0, 0, 0, 0, 0, 0, 0, 0, 0, 0, 0, 0, 0, 0, 0, 0, 0, 0, 0, 0, 0, 0, 0, 0, -1, 0, 0, 0, 0], [0, 0, 0, 0, 0, 0, 0, 0, 0, 0, 0, 0, 0, 0, 0, 0, 0, 0, 0, 0, 0, 0, 0, 0, 0, 0, 0, 0, 0, 0, 0, 0, 0, 0, 0, 0, 0, 0, 0, 0, 0, 0, 0, -1, 0, 0, 0], [0, 0, 0, 0, 0, 0, 0, 0, 0, 0, 0, 0, 0, 0, 0, 0, 0, 0, 0, 0, 0, 0, 0, 0, 0, 0, 0, 0, 0, 0, 0, 0, 0, 0, 0, 0, 0, 0, 0, 0, 0, 0, 0, 0, -1, 0, 0], [0, 0, 0, 0, 0, 0, 0, 0, 0, 0, 0, 0, 0, 0, 0, 0, 0, 0, 0, 0, 0, 0, 0, 0, 0, 0, 0, 0, 0, 0, 0, 0, 0, 0, 0, 0, 0, 0, 0, 0, 0, 0, 0, 0, 0, -1, 0], [2, 2, 2, 2, 2, 2, 2, 2, 2, 2, 2, 2, 2, 2, 2, 2, 2, 2, 2, 2, 2, 2, 2, 2, 2, 2, 2, 2, 2, 2, 2, 2, 2, 2, 2, 2, 2, 2, 2, 2, 2, 2, 2, 2, 2, 2, -1]], "speed_zone_count": 73, "speed_zones": [[0.0, 15.0], [15.0, 30.0], [30.0, 45.0], [45.0, 60.0], [60.0, 75.0], [75.0, 90.0], [90.0, 105.0], [105.0, 120.0], [120.0, 135.0], [135.0, 150.0], [150.0, 165.0], [165.0, 180.0], [180.0, 195.0], [195.0, 210.0], [210.0, 225.0], [225.0, 240.0], [240.0, 255.0], [255.0, 270.0], [270.0, 285.0], [285.0, 300.0], [300.0, 315.0], [315.0, 330.0], [330.0, 345.0], [345.0, 360.0], [360.0, 375.0], [375.0, 390.0], [390.0, 405.0], [405.0, 420.0], [420.0, 435.0], [435.0, 450.0], [450.0, 465.0], [465.0, 480.0], [480.0, 495.0], [495.0, 510.0], [510.0, 525.0], [525.0, 540.0], [540.0, 555.0], [555.0, 570.0], [570.0, 585.0], [585.0, 600.0], [600.0, 615.0], [615.0, 630.0], [630.0, 645.0], [645.0, 660.0], [660.0, 675.0], [675.0, 690.0], [690.0, 705.0], [705.0, 720.0], [720.0, 735.0], [735.0, 750.0], [750.0, 765.0], [765.0, 780.0], [780.0, 795.0], [795.0, 810.0], [810.0, 825.0], [825.0, 840.0], [840.0, 855.0], [855.0, 870.0], [870.0, 885.0], [885.0, 900.0], [900.0, 915.0], [915.0, 930.0], [930.0, 945.0], [945.0, 960.0], [960.0, 975.0], [975.0, 990.0], [990.0, 1005.0], [1005.0, 1020.0], [1020.0, 1035.0], [1035.0, 1050.0], [1050.0, 1065.0], [1065.0, 1080.0], [1080.0, 5000.0]], "distances": [[0.0, 84.17, 77.24, 69.06, 69.23, 72.1, 77.94, 67.06, 72.52, 66.47, 76.03, 75.9, 69.26, 63.17, 75.12, 71.04, 70.69, 71.81, 70.85, 70.13, 77.29, 72.13, 81.77, 79.08, 70.6, 81.68, 71.24, 70.01, 72.37, 72.45, 63.14, 71.02, 60.64, 76.46, 85.99, 76.03, 60.28, 77.17, 60.0, 69.17, 67.84, 59.58, 69.92, 77.73, 80.32, 59.57, 0.0], [0.0, 0.0, 7.06, 19.42, 15.04, 15.06, 8.61, 17.47, 16.64, 18.42, 8.35, 10.41, 14.94, 22.44, 11.24, 13.15, 14.17, 16.05, 14.74, 14.67, 7.06, 14.4, 11.91, 5.15, 14.32, 11.69, 19.73, 14.27, 15.64, 13.17, 22.61, 13.34, 23.85, 8.87, 12.44, 10.46, 24.47, 9.21, 25.78, 15.01, 21.73, 27.9, 18.39, 8.04, 6.96, 24.84, 84.17], [0.0, 7.06, 0.0, 13.28, 8.52, 8.98, 4.44, 10.41, 11.17, 11.39, 8.75, 4.96, 8.27, 15.46, 5.53, 6.22, 8.51, 10.14, 8.0, 8.89, 8.65, 8.12, 4.85, 9.6, 7.35, 13.06, 14.34, 7.82, 9.86, 6.56, 15.65, 6.29, 16.81, 5.57, 9.22, 5.14, 17.41, 4.43, 18.78, 8.09, 15.65, 21.07, 12.31, 5.94, 5.23, 17.81, 77.24], [0.0, 19.42, 13.28, 0.0, 12.63, 4.38, 10.93, 7.96, 11.09, 6.74, 12.13, 9.01, 11.91, 6.8, 8.18, 10.67, 15.2, 12.51, 5.77, 15.03, 13.15, 5.17, 17.77, 14.99, 7.21, 25.63, 9.97, 12.81, 12.64, 6.81, 6.65, 9.41, 10.84, 17.27, 21.83, 8.98, 10.37, 10.25, 9.32, 10.42, 11.1, 9.62, 9.36, 18.26, 13.1, 11.85, 69.06], [0.0, 15.04, 8.52, 12.63, 0.0, 10.18, 11.21, 5.21, 12.81, 6.76, 7.57, 9.95, 9.8, 10.58, 9.69, 9.93, 13.21, 11.19, 7.49, 12.88, 8.64, 9.23, 12.61, 10.13, 5.9, 15.17, 15.23, 10.89, 11.36, 7.74, 10.9, 12.07, 9.95, 7.6, 16.76, 10.2, 10.93, 10.64, 13.32, 11.6, 14.61, 16.52, 12.13, 8.92, 13.09, 10.71, 69.23], [0.0, 15.06, 8.98, 4.38, 10.18, 0.0, 6.64, 6.94, 10.93, 6.51, 7.89, 4.66, 9.46, 8.94, 9.15, 7.6, 12.36, 9.59, 9.71, 12.31, 8.84, 9.54, 13.39, 10.64, 4.28, 21.64, 5.59, 10.11, 9.75, 10.65, 8.96, 6.31, 12.15, 13.37, 17.45, 4.65, 12.12, 5.93, 12.12, 8.05, 6.72, 13.35, 10.8, 14.25, 8.91, 13.26, 72.1], [0.0, 8.61, 4.44, 10.93, 11.21, 6.64, 0.0, 11.04, 8.03, 11.47, 4.31, 8.57, 10.72, 14.97, 9.0, 8.34, 12.06, 7.53, 7.12, 12.31, 4.22, 6.18, 7.34, 5.16, 7.41, 17.24, 11.13, 10.69, 7.08, 5.5, 15.07, 7.68, 17.35, 10.0, 11.03, 8.79, 17.66, 8.44, 18.3, 9.95, 13.18, 19.91, 9.88, 10.34, 9.24, 18.44, 77.94], [0.0, 17.47, 10.41, 7.96, 5.21, 6.94, 11.04, 0.0, 9.15, 8.96, 9.12, 9.13, 4.59, 5.59, 8.48, 4.71, 7.99, 7.57, 4.48, 7.67, 10.41, 6.32, 15.21, 12.32, 9.77, 20.01, 10.9, 5.67, 7.94, 5.77, 5.87, 11.64, 6.45, 11.89, 19.57, 9.32, 7.01, 10.3, 8.68, 9.83, 9.67, 11.56, 7.71, 13.15, 13.38, 7.49, 67.06], [0.0, 16.64, 11.17, 11.09, 12.81, 10.93, 8.03, 9.15, 0.0, 8.39, 10.2, 6.39, 12.09, 9.8, 5.67, 10.28, 15.03, 10.5, 5.32, 14.98, 11.01, 12.88, 15.23, 12.65, 6.92, 24.07, 13.2, 12.77, 10.13, 5.47, 9.72, 8.99, 13.53, 15.89, 19.06, 6.28, 13.27, 7.45, 12.64, 10.66, 5.38, 13.13, 10.31, 16.7, 9.99, 14.61, 72.52], [0.0, 18.42, 11.39, 6.74, 6.76, 6.51, 11.47, 8.96, 8.39, 0.0, 10.08, 9.46, 6.14, 4.2, 8.72, 6.07, 9.54, 6.91, 4.47, 9.22, 11.37, 6.1, 16.23, 13.31, 4.17, 21.49, 9.79, 7.22, 7.35, 6.0, 4.46, 5.3, 5.9, 13.3, 20.6, 9.61, 6.2, 10.7, 7.44, 4.83, 8.27, 10.13, 6.63, 14.53, 13.85, 7.0, 66.47], [0.0, 8.35, 8.75, 12.13, 7.57, 7.89, 4.31, 9.12, 10.2, 10.08, 0.0, 4.26, 7.24, 14.15, 4.68, 5.07, 7.91, 9.07, 6.73, 8.23, 8.53, 6.98, 6.16, 9.47, 6.04, 13.88, 13.35, 6.92, 8.83, 5.35, 14.34, 5.03, 15.54, 5.96, 10.52, 4.48, 16.13, 10.08, 17.48, 6.93, 14.5, 19.77, 11.17, 6.58, 5.67, 16.55, 76.03], [0.0, 10.41, 4.96, 9.01, 9.95, 4.66, 8.57, 9.13, 6.39, 9.46, 4.26, 0.0, 9.38, 12.89, 8.94, 7.01, 11.22, 5.64, 5.06, 11.39, 4.77, 11.24, 8.86, 6.28, 5.5, 18.02, 9.55, 9.54, 5.25, 9.61, 12.98, 6.13, 15.35, 10.22, 12.82, 8.74, 15.62, 8.99, 16.22, 8.42, 11.32, 17.84, 7.97, 10.8, 4.48, 16.45, 75.9], [0.0, 14.94, 8.27, 11.91, 9.8, 9.46, 10.72, 4.59, 12.09, 6.14, 7.24, 9.38, 0.0, 10.04, 9.09, 9.3, 12.58, 10.47, 6.77, 12.26, 8.37, 8.52, 12.53, 9.95, 5.18, 15.61, 14.51, 10.26, 10.64, 7.06, 10.35, 11.44, 9.65, 7.84, 16.74, 9.63, 10.58, 10.13, 12.86, 10.97, 13.91, 16.0, 11.41, 9.16, 12.67, 10.46, 69.26], [0.0, 22.44, 15.46, 6.8, 10.58, 8.94, 14.97, 5.59, 9.8, 4.2, 14.15, 12.89, 10.04, 0.0, 12.07, 10.26, 13.34, 8.78, 7.88, 12.95, 15.42, 8.97, 20.31, 17.38, 8.12, 25.59, 9.85, 11.15, 9.33, 9.52, 8.64, 9.5, 4.19, 17.47, 24.67, 12.99, 10.41, 14.2, 8.56, 8.89, 7.07, 5.98, 7.32, 18.72, 17.36, 5.12, 63.17], [0.0, 11.24, 5.53, 8.18, 9.69, 9.15, 9.0, 8.48, 5.67, 8.72, 4.68, 8.94, 9.09, 12.07, 0.0, 6.75, 11.15, 4.83, 4.28, 11.29, 5.36, 11.08, 9.64, 6.99, 4.87, 18.55, 8.85, 9.34, 4.46, 10.04, 12.16, 5.76, 14.62, 10.6, 13.65, 9.17, 14.86, 9.58, 15.39, 8.03, 10.5, 16.99, 7.15, 11.26, 5.31, 15.72, 75.12], [0.0, 13.15, 6.22, 10.67, 9.93, 7.6, 8.34, 4.71, 10.28, 6.07, 5.07, 7.01, 9.3, 10.26, 6.75, 0.0, 4.75, 8.71, 5.07, 4.74, 6.28, 6.6, 10.79, 8.03, 10.24, 15.51, 12.96, 10.39, 8.79, 4.96, 10.52, 10.1, 10.81, 7.24, 15.12, 7.26, 11.55, 7.74, 13.39, 9.36, 12.85, 16.2, 10.01, 8.47, 10.34, 11.75, 71.04], [0.0, 14.17, 8.51, 15.2, 13.21, 12.36, 12.06, 7.99, 15.03, 9.54, 7.91, 11.22, 12.58, 13.34, 11.15, 4.75, 0.0, 13.45, 9.79, 9.47, 8.68, 11.36, 11.75, 9.72, 8.18, 12.61, 17.65, 12.61, 13.55, 9.69, 13.67, 6.05, 12.42, 5.77, 15.58, 11.48, 13.47, 11.63, 16.0, 4.85, 17.26, 19.26, 14.63, 7.04, 13.58, 13.07, 70.69], [0.0, 16.05, 10.14, 12.51, 11.19, 9.59, 7.53, 7.57, 10.5, 6.91, 9.07, 5.64, 10.47, 8.78, 4.83, 8.71, 13.45, 0.0, 9.11, 13.39, 9.99, 11.0, 14.46, 11.75, 5.31, 22.84, 4.39, 11.17, 8.92, 11.58, 8.75, 7.41, 12.28, 14.58, 18.46, 5.6, 12.13, 6.86, 11.82, 9.03, 5.67, 12.74, 11.82, 15.46, 9.71, 13.38, 71.81], [0.0, 14.74, 8.0, 5.77, 7.49, 9.71, 7.12, 4.48, 5.32, 4.47, 6.73, 5.06, 6.77, 7.88, 4.28, 5.07, 9.79, 9.11, 0.0, 9.7, 7.91, 9.19, 12.77, 9.86, 8.65, 19.89, 7.89, 7.48, 8.74, 10.04, 8.0, 9.77, 10.36, 11.51, 17.05, 5.18, 10.58, 6.34, 11.23, 5.34, 8.07, 13.16, 5.0, 12.54, 9.52, 11.47, 70.85], [0.0, 14.67, 8.89, 15.03, 12.88, 12.31, 12.31, 7.67, 14.98, 9.22, 8.23, 11.39, 12.26, 12.95, 11.29, 4.74, 9.47, 13.39, 9.7, 0.0, 9.05, 11.33, 12.25, 10.16, 8.09, 13.12, 17.54, 13.17, 13.5, 9.7, 13.27, 6.01, 11.91, 6.33, 16.11, 11.65, 12.98, 11.86, 15.54, 4.62, 17.05, 18.85, 14.48, 7.6, 13.9, 12.55, 70.13], [0.0, 7.06, 8.65, 13.15, 8.64, 8.84, 4.22, 10.41, 11.01, 11.37, 8.53, 4.77, 8.37, 15.42, 5.36, 6.28, 8.68, 9.99, 7.91, 9.05, 0.0, 7.99, 4.9, 9.38, 7.3, 13.26, 14.18, 7.95, 9.71, 6.46, 15.61, 6.31, 16.83, 5.78, 9.25, 4.95, 17.42, 4.22, 18.75, 8.15, 15.52, 21.01, 12.18, 6.15, 5.03, 17.83, 77.29], [0.0, 14.4, 8.12, 5.17, 9.23, 9.54, 6.18, 6.32, 12.88, 6.1, 6.98, 11.24, 8.52, 8.97, 11.08, 6.6, 11.36, 11.0, 9.19, 11.33, 7.99, 0.0, 12.64, 9.83, 10.27, 20.66, 6.61, 9.13, 11.14, 10.09, 9.03, 5.32, 11.9, 12.37, 16.78, 11.46, 11.98, 5.43, 12.24, 7.14, 7.53, 13.73, 4.2, 13.27, 8.53, 13.01, 72.13], [0.0, 11.91, 4.85, 17.77, 12.61, 13.39, 7.34, 15.21, 15.23, 16.23, 6.16, 8.86, 12.53, 20.31, 9.64, 10.79, 11.75, 14.46, 12.77, 12.25, 4.9, 12.64, 0.0, 11.34, 12.2, 10.85, 18.39, 11.84, 14.1, 11.25, 20.5, 11.06, 21.55, 6.61, 4.37, 8.96, 22.21, 7.81, 23.64, 12.65, 20.11, 25.9, 16.75, 5.93, 6.3, 22.52, 81.77], [0.0, 5.15, 9.6, 14.99, 10.13, 10.64, 5.16, 12.32, 12.65, 13.31, 9.47, 6.28, 9.95, 17.38, 6.99, 8.03, 9.72, 11.75, 9.86, 10.16, 9.38, 9.83, 11.34, 0.0, 9.27, 12.1, 15.83, 9.39, 11.43, 8.37, 17.57, 8.19, 18.71, 5.62, 7.29, 6.42, 19.33, 5.43, 20.71, 9.91, 17.35, 22.97, 13.99, 5.55, 5.04, 19.7, 79.08], [0.0, 14.32, 7.35, 7.21, 5.9, 4.28, 7.41, 9.77, 6.92, 4.17, 6.04, 5.5, 5.18, 8.12, 4.87, 10.24, 8.18, 5.31, 8.65, 8.09, 7.3, 10.27, 12.2, 9.27, 0.0, 18.61, 9.48, 5.87, 5.46, 10.18, 8.31, 9.48, 9.97, 10.23, 16.55, 5.68, 10.37, 6.66, 11.46, 9.01, 9.44, 13.76, 6.51, 11.33, 9.76, 11.05, 70.6], [0.0, 11.69, 13.06, 25.63, 15.17, 21.64, 17.24, 20.01, 24.07, 21.49, 13.88, 18.02, 15.61, 25.59, 18.55, 15.51, 12.61, 22.84, 19.89, 13.12, 13.26, 20.66, 10.85, 12.1, 18.61, 0.0, 27.19, 14.51, 22.66, 18.89, 25.88, 16.56, 25.03, 8.39, 10.87, 18.21, 26.07, 17.41, 28.47, 16.7, 27.96, 31.57, 24.77, 7.39, 16.91, 25.67, 81.68], [0.0, 19.73, 14.34, 9.97, 15.23, 5.59, 11.13, 10.9, 13.2, 9.79, 13.35, 9.55, 14.51, 9.85, 8.85, 12.96, 17.65, 4.39, 7.89, 17.54, 14.18, 6.61, 18.39, 15.83, 9.48, 27.19, 0.0, 15.31, 4.53, 8.41, 9.66, 11.66, 13.95, 18.96, 22.14, 9.44, 13.42, 10.59, 12.05, 13.03, 10.06, 11.67, 10.81, 19.81, 12.95, 14.95, 71.24], [0.0, 14.27, 7.82, 12.81, 10.89, 10.11, 10.69, 5.67, 12.77, 7.22, 6.92, 9.54, 10.26, 11.15, 9.34, 10.39, 12.61, 11.17, 7.48, 13.17, 7.95, 9.13, 11.84, 9.39, 5.87, 14.51, 15.31, 0.0, 11.3, 7.56, 11.46, 11.94, 10.68, 6.84, 15.98, 9.79, 11.64, 10.15, 13.96, 12.05, 14.86, 17.11, 12.25, 8.15, 12.5, 11.46, 70.01], [0.0, 15.64, 9.86, 12.64, 11.36, 9.75, 7.08, 7.94, 10.13, 7.35, 8.83, 5.25, 10.64, 9.33, 4.46, 8.79, 13.55, 8.92, 8.74, 13.5, 9.71, 11.14, 14.1, 11.43, 5.46, 22.66, 4.53, 11.3, 0.0, 11.16, 9.3, 7.5, 12.79, 14.44, 18.05, 5.19, 12.66, 6.43, 12.37, 9.22, 6.1, 13.28, 11.61, 15.29, 9.22, 13.89, 72.37], [0.0, 13.17, 6.56, 6.81, 7.74, 10.65, 5.5, 5.77, 5.47, 6.0, 5.35, 9.61, 7.06, 9.52, 10.04, 4.96, 9.69, 11.58, 10.04, 9.7, 6.46, 10.09, 11.25, 8.37, 10.18, 18.89, 8.41, 7.56, 11.16, 0.0, 9.64, 10.38, 11.9, 10.58, 15.5, 9.83, 12.17, 4.72, 12.87, 5.79, 9.17, 14.75, 5.89, 11.5, 7.89, 13.0, 72.45], [0.0, 22.61, 15.65, 6.65, 10.9, 8.96, 15.07, 5.87, 9.72, 4.46, 14.34, 12.98, 10.35, 8.64, 12.16, 10.52, 13.67, 8.75, 8.0, 13.27, 15.61, 9.03, 20.5, 17.57, 8.31, 25.88, 9.66, 11.46, 9.3, 9.64, 0.0, 9.73, 4.45, 17.75, 24.85, 13.08, 10.66, 14.3, 8.81, 9.18, 6.83, 5.69, 7.22, 18.99, 17.46, 5.34, 63.14], [0.0, 13.34, 6.29, 9.41, 12.07, 6.31, 7.68, 11.64, 8.99, 5.3, 5.03, 6.13, 11.44, 9.5, 5.76, 10.1, 6.05, 7.41, 9.77, 6.01, 6.31, 5.32, 11.06, 8.19, 9.48, 16.56, 11.66, 11.94, 7.5, 10.38, 9.73, 0.0, 10.52, 8.22, 15.42, 6.37, 11.15, 7.02, 12.73, 10.13, 11.62, 15.36, 8.72, 9.38, 9.83, 11.52, 71.02], [0.0, 23.85, 16.81, 10.84, 9.95, 12.15, 17.35, 6.45, 13.53, 5.9, 15.54, 15.35, 9.65, 4.19, 14.62, 10.81, 12.42, 12.28, 10.36, 11.91, 16.83, 11.9, 21.55, 18.71, 9.97, 25.03, 13.95, 10.68, 12.79, 11.9, 4.45, 10.52, 0.0, 17.5, 25.9, 15.51, 12.1, 16.58, 4.37, 9.03, 11.27, 7.99, 11.22, 18.81, 19.72, 8.99, 60.64], [0.0, 8.87, 5.57, 17.27, 7.6, 13.37, 10.0, 11.89, 15.89, 13.3, 5.96, 10.22, 7.84, 17.47, 10.6, 7.24, 5.77, 14.58, 11.51, 6.33, 5.78, 12.37, 6.61, 5.62, 10.23, 8.39, 18.96, 6.84, 14.44, 10.58, 17.75, 8.22, 17.5, 0.0, 9.97, 10.44, 18.41, 9.94, 20.52, 8.66, 19.58, 23.43, 16.43, 11.18, 10.55, 18.29, 76.46], [0.0, 12.44, 9.22, 21.83, 16.76, 17.45, 11.03, 19.57, 19.06, 20.6, 10.52, 12.82, 16.74, 24.67, 13.65, 15.12, 15.58, 18.46, 17.05, 16.11, 9.25, 16.78, 4.37, 7.29, 16.55, 10.87, 22.14, 15.98, 18.05, 15.5, 24.85, 15.42, 25.9, 9.97, 0.0, 12.87, 26.57, 11.63, 28.0, 16.96, 24.14, 30.21, 20.79, 8.91, 9.33, 26.86, 85.99], [0.0, 10.46, 5.14, 8.98, 10.2, 4.65, 8.79, 9.32, 6.28, 9.61, 4.48, 8.74, 9.63, 12.99, 9.17, 7.26, 11.48, 5.6, 5.18, 11.65, 4.95, 11.46, 8.96, 6.42, 5.68, 18.21, 9.44, 9.79, 5.19, 9.83, 13.08, 6.37, 15.51, 10.44, 12.87, 0.0, 15.76, 9.17, 16.31, 8.66, 11.27, 17.89, 7.94, 11.01, 4.39, 16.61, 76.03], [0.0, 24.47, 17.41, 10.37, 10.93, 12.12, 17.66, 7.01, 13.27, 6.2, 16.13, 15.62, 10.58, 10.41, 14.86, 11.55, 13.47, 12.13, 10.58, 12.98, 17.42, 11.98, 22.21, 19.33, 10.37, 26.07, 13.42, 11.64, 12.66, 12.17, 10.66, 11.15, 12.1, 18.41, 26.57, 15.76, 0.0, 16.89, 13.64, 9.84, 10.56, 6.75, 10.86, 19.71, 20.05, 13.21, 60.28], [0.0, 9.21, 4.43, 10.25, 10.64, 5.93, 8.44, 10.3, 7.45, 10.7, 10.08, 8.99, 10.13, 14.2, 9.58, 7.74, 11.63, 6.86, 6.34, 11.86, 4.22, 5.43, 7.81, 5.43, 6.66, 17.41, 10.59, 10.15, 6.43, 4.72, 14.3, 7.02, 16.58, 9.94, 11.63, 9.17, 16.89, 0.0, 17.53, 9.3, 12.53, 19.16, 9.21, 10.37, 9.25, 17.68, 77.17], [0.0, 25.78, 18.78, 9.32, 13.32, 12.12, 18.3, 8.68, 12.64, 7.44, 17.48, 16.22, 12.86, 8.56, 15.39, 13.39, 16.0, 11.82, 11.23, 15.54, 18.75, 12.24, 23.64, 20.71, 11.46, 28.47, 12.05, 13.96, 12.37, 12.87, 8.81, 12.73, 4.37, 20.52, 28.0, 16.31, 13.64, 17.53, 0.0, 11.87, 8.82, 12.35, 10.05, 21.8, 20.69, 4.63, 60.0], [0.0, 15.01, 8.09, 10.42, 11.6, 8.05, 9.95, 9.83, 10.66, 4.83, 6.93, 8.42, 10.97, 8.89, 8.03, 9.36, 4.85, 9.03, 5.34, 4.62, 8.15, 7.14, 12.65, 9.91, 9.01, 16.7, 13.03, 12.05, 9.22, 5.79, 9.18, 10.13, 9.03, 8.66, 16.96, 8.66, 9.84, 9.3, 11.87, 0.0, 12.43, 14.87, 9.91, 9.94, 12.05, 9.94, 69.17], [0.0, 21.73, 15.65, 11.1, 14.61, 6.72, 13.18, 9.67, 5.38, 8.27, 14.5, 11.32, 13.91, 7.07, 10.5, 12.85, 17.26, 5.67, 8.07, 17.05, 15.52, 7.53, 20.11, 17.35, 9.44, 27.96, 10.06, 14.86, 6.1, 9.17, 6.83, 11.62, 11.27, 19.58, 24.14, 11.27, 10.56, 12.53, 8.82, 12.43, 0.0, 8.26, 11.73, 20.6, 15.28, 12.17, 67.84], [0.0, 27.9, 21.07, 9.62, 16.52, 13.35, 19.91, 11.56, 13.13, 10.13, 19.77, 17.84, 16.0, 5.98, 16.99, 16.2, 19.26, 12.74, 13.16, 18.85, 21.01, 13.73, 25.9, 22.97, 13.76, 31.57, 11.67, 17.11, 13.28, 14.75, 5.69, 15.36, 7.99, 23.43, 30.21, 17.89, 6.75, 19.16, 12.35, 14.87, 8.26, 0.0, 10.58, 24.67, 22.24, 8.17, 59.58], [0.0, 18.39, 12.31, 9.36, 12.13, 10.8, 9.88, 7.71, 10.31, 6.63, 11.17, 7.97, 11.41, 7.32, 7.15, 10.01, 14.63, 11.82, 5.0, 14.48, 12.18, 4.2, 16.75, 13.99, 6.51, 24.77, 10.81, 12.25, 11.61, 5.89, 7.22, 8.72, 11.22, 16.43, 20.79, 7.94, 10.86, 9.21, 10.05, 9.91, 11.73, 10.58, 0.0, 17.39, 12.05, 12.27, 69.92], [0.0, 8.04, 5.94, 18.26, 8.92, 14.25, 10.34, 13.15, 16.7, 14.53, 6.58, 10.8, 9.16, 18.72, 11.26, 8.47, 7.04, 15.46, 12.54, 7.6, 6.15, 13.27, 5.93, 5.55, 11.33, 7.39, 19.81, 8.15, 15.29, 11.5, 18.99, 9.38, 18.81, 11.18, 8.91, 11.01, 19.71, 10.37, 21.8, 9.94, 20.6, 24.67, 17.39, 0.0, 10.59, 19.61, 77.73], [0.0, 6.96, 5.23, 13.1, 13.09, 8.91, 9.24, 13.38, 9.99, 13.85, 5.67, 4.48, 12.67, 17.36, 5.31, 10.34, 13.58, 9.71, 9.52, 13.9, 5.03, 8.53, 6.3, 5.04, 9.76, 16.91, 12.95, 12.5, 9.22, 7.89, 17.46, 9.83, 19.72, 10.55, 9.33, 4.39, 20.05, 9.25, 20.69, 12.05, 15.28, 22.24, 12.05, 10.59, 0.0, 20.81, 80.32], [0.0, 24.84, 17.81, 11.85, 10.71, 13.26, 18.44, 7.49, 14.61, 7.0, 16.55, 16.45, 10.46, 5.12, 15.72, 11.75, 13.07, 13.38, 11.47, 12.55, 17.83, 13.01, 22.52, 19.7, 11.05, 25.67, 14.95, 11.46, 13.89, 13.0, 5.34, 11.52, 8.99, 18.29, 26.86, 16.61, 13.21, 17.68, 4.63, 9.94, 12.17, 8.17, 12.27, 19.61, 20.81, 0.0, 59.57], [0.0, 0.0, 0.0, 0.0, 0.0, 0.0, 0.0, 0.0, 0.0, 0.0, 0.0, 0.0, 0.0, 0.0, 0.0, 0.0, 0.0, 0.0, 0.0, 0.0, 0.0, 0.0, 0.0, 0.0, 0.0, 0.0, 0.0, 0.0, 0.0, 0.0, 0.0, 0.0, 0.0, 0.0, 0.0, 0.0, 0.0, 0.0, 0.0, 0.0, 0.0, 0.0, 0.0, 0.0, 0.0, 0.0, 0.0]], "time_windows": [[0.0, 5000.0], [0.0, 136.0], [0.0, 145.0], [0.0, 159.0], [0.0, 187.0], [0.0, 209.0], [0.0, 223.0], [0.0, 260.0], [0.0, 288.0], [0.0, 312.0], [0.0, 338.0], [0.0, 346.0], [0.0, 364.0], [0.0, 382.0], [0.0, 403.0], [0.0, 413.0], [0.0, 421.0], [0.0, 442.0], [0.0, 456.0], [0.0, 478.0], [0.0, 503.0], [0.0, 524.0], [0.0, 567.0], [0.0, 595.0], [0.0, 616.0], [0.0, 651.0], [0.0, 694.0], [0.0, 715.0], [0.0, 731.0], [0.0, 746.0], [0.0, 758.0], [0.0, 773.0], [0.0, 790.0], [0.0, 816.0], [0.0, 836.0], [0.0, 865.0], [0.0, 895.0], [0.0, 926.0], [0.0, 955.0], [0.0, 974.0], [0.0, 993.0], [0.0, 1004.0], [0.0, 1017.0], [0.0, 1039.0], [0.0, 1051.0], [0.0, 1074.0], [0.0, 5000.0]], "start_depot": 0, "end_depot": 46, "horizon": [0.0, 5000.0]}