{"digraph": {"vertex_count": 47, "arc_count": 2070, "arcs": [[0, 1, 1, 1, 1, 1, 1, 1, 1, 1, 1, 1, 1, 1, 1, 1, 1, 1, 1, 1, 1, 1, 1, 1, 1, 1, 1, 1, 1, 1, 1, 1, 1, 1, 1, 1, 1, 1, 1, 1, 1, 1, 1, 1, 1, 1, 1], [0, 0, 1, 1, 1, 1, 1, 1, 1, 1, 1, 1, 1, 1, 1, 1, 1, 1, 1, 1, 1, 1, 1, 1, 1, 1, 1, 1, 1, 1, 1, 1, 1, 1, 1, 1, 1, 1, 1, 1, 1, 1, 1, 1, 1, 1, 1], [0, 1, 0, 1, 1, 1, 1, 1, 1, 1, 1, 1, 1, 1, 1, 1, 1, 1, 1, 1, 1, 1, 1, 1, 1, 1, 1, 1, 1, 1, 1, 1, 1, 1, 1, 1, 1, 1, 1, 1, 1, 1, 1, 1, 1, 1, 1], [0, 1, 1, 0, 1, 1, 1, 1, 1, 1, 1, 1, 1, 1, 1, 1, 1, 1, 1, 1, 1, 1, 1, 1, 1, 1, 1, 1, 1, 1, 1, 1, 1, 1, 1, 1, 1, 1, 1, 1, 1, 1, 1, 1, 1, 1, 1], [0, 1, 1, 1, 0, 1, 1, 1, 1, 1, 1, 1, 1, 1, 1, 1, 1, 1, 1, 1, 1, 1, 1, 1, 1, 1, 1, 1, 1, 1, 1, 1, 1, 1, 1, 1, 1, 1, 1, 1, 1, 1, 1, 1, 1, 1, 1], [0, 1, 1, 1, 1, 0, 1, 1, 1, 1, 1, 1, 1, 1, 1, 1, 1, 1, 1, 1, 1, 1, 1, 1, 1, 1, 1, 1, 1, 1, 1, 1, 1, 1, 1, 1, 1, 1, 1, 1, 1, 1, 1, 1, 1, 1, 1], [0, 1, 1, 1, 1, 1, 0, 1, 1, 1, 1, 1, 1, 1, 1, 1, 1, 1, 1, 1, 1, 1, 1, 1, 1, 1, 1, 1, 1, 1, 1, 1, 1, 1, 1, 1, 1, 1, 1, 1, 1, 1, 1, 1, 1, 1, 1], [0, 1, 1, 1, 1, 1, 1, 0, 1, 1, 1, 1, 1, 1, 1, 1, 1, 1, 1, 1, 1, 1, 1, 1, 1, 1, 1, 1, 1, 1, 1, 1, 1, 1, 1, 1, 1, 1, 1, 1, 1, 1, 1, 1, 1, 1, 1], [0, 1, 1, 1, 1, 1, 1, 1, 0, 1, 1, 1, 1, 1, 1, 1, 1, 1, 1, 1, 1, 1, 1, 1, 1, 1, 1, 1, 1, 1, 1, 1, 1, 1, 1, 1, 1, 1, 1, 1, 1, 1, 1, 1, 1, 1, 1], [0, 1, 1, 1, 1, 1, 1, 1, 1, 0, 1, 1, 1, 1, 1, 1, 1, 1, 1, 1, 1, 1, 1, 1, 1, 1, 1, 1, 1, 1, 1, 1, 1, 1, 1, 1, 1, 1, 1, 1, 1, 1, 1, 1, 1, 1, 1], [0, 1, 1, 1, 1, 1, 1, 1, 1, 1, 0, 1, 1, 1, 1, 1, 1, 1, 1, 1, 1, 1, 1, 1, 1, 1, 1, 1, 1, 1, 1, 1, 1, 1, 1, 1, 1, 1, 1, 1, 1, 1, 1, 1, 1, 1, 1], [0, 1, 1, 1, 1, 1, 1, 1, 1, 1, 1, 0, 1, 1, 1, 1, 1, 1, 1, 1, 1, 1, 1, 1, 1, 1, 1, 1, 1, 1, 1, 1, 1, 1, 1, 1, 1, 1, 1, 1, 1, 1, 1, 1, 1, 1, 1], [0, 1, 1, 1, 1, 1, 1, 1, 1, 1, 1, 1, 0, 1, 1, 1, 1, 1, 1, 1, 1, 1, 1, 1, 1, 1, 1, 1, 1, 1, 1, 1, 1, 1, 1, 1, 1, 1, 1, 1, 1, 1, 1, 1, 1, 1, 1], [0, 1, 1, 1, 1, 1, 1, 1, 1, 1, 1, 1, 1, 0, 1, 1, 1, 1, 1, 1, 1, 1, 1, 1, 1, 1, 1, 1, 1, 1, 1, 1, 1, 1, 1, 1, 1, 1, 1, 1, 1, 1, 1, 1, 1, 1, 1], [0, 1, 1, 1, 1, 1, 1, 1, 1, 1, 1, 1, 1, 1, 0, 1, 1, 1, 1, 1, 1, 1, 1, 1, 1, 1, 1, 1, 1, 1, 1, 1, 1, 1, 1, 1, 1, 1, 1, 1, 1, 1, 1, 1, 1, 1, 1], [0, 1, 1, 1, 1, 1, 1, 1, 1, 1, 1, 1, 1, 1, 1, 0, 1, 1, 1, 1, 1, 1, 1, 1, 1, 1, 1, 1, 1, 1, 1, 1, 1, 1, 1, 1, 1, 1, 1, 1, 1, 1, 1, 1, 1, 1, 1], [0, 1, 1, 1, 1, 1, 1, 1, 1, 1, 1, 1, 1, 1, 1, 1, 0, 1, 1, 1, 1, 1, 1, 1, 1, 1, 1, 1, 1, 1, 1, 1, 1, 1, 1, 1, 1, 1, 1, 1, 1, 1, 1, 1, 1, 1, 1], [0, 1, 1, 1, 1, 1, 1, 1, 1, 1, 1, 1, 1, 1, 1, 1, 1, 0, 1, 1, 1, 1, 1, 1, 1, 1, 1, 1, 1, 1, 1, 1, 1, 1, 1, 1, 1, 1, 1, 1, 1, 1, 1, 1, 1, 1, 1], [0, 1, 1, 1, 1, 1, 1, 1, 1, 1, 1, 1, 1, 1, 1, 1, 1, 1, 0, 1, 1, 1, 1, 1, 1, 1, 1, 1, 1, 1, 1, 1, 1, 1, 1, 1, 1, 1, 1, 1, 1, 1, 1, 1, 1, 1, 1], [0, 1, 1, 1, 1, 1, 1, 1, 1, 1, 1, 1, 1, 1, 1, 1, 1, 1, 1, 0, 1, 1, 1, 1, 1, 1, 1, 1, 1, 1, 1, 1, 1, 1, 1, 1, 1, 1, 1, 1, 1, 1, 1, 1, 1, 1, 1], [0, 1, 1, 1, 1, 1, 1, 1, 1, 1, 1, 1, 1, 1, 1, 1, 1, 1, 1, 1, 0, 1, 1, 1, 1, 1, 1, 1, 1, 1, 1, 1, 1, 1, 1, 1, 1, 1, 1, 1, 1, 1, 1, 1, 1, 1, 1], [0, 1, 1, 1, 1, 1, 1, 1, 1, 1, 1, 1, 1, 1, 1, 1, 1, 1, 1, 1, 1, 0, 1, 1, 1, 1, 1, 1, 1, 1, 1, 1, 1, 1, 1, 1, 1, 1, 1, 1, 1, 1, 1, 1, 1, 1, 1], [0, 1, 1, 1, 1, 1, 1, 1, 1, 1, 1, 1, 1, 1, 1, 1, 1, 1, 1, 1, 1, 1, 0, 1, 1, 1, 1, 1, 1, 1, 1, 1, 1, 1, 1, 1, 1, 1, 1, 1, 1, 1, 1, 1, 1, 1, 1], [0, 1, 1, 1, 1, 1, 1, 1, 1, 1, 1, 1, 1, 1, 1, 1, 1, 1, 1, 1, 1, 1, 1, 0, 1, 1, 1, 1, 1, 1, 1, 1, 1, 1, 1, 1, 1, 1, 1, 1, 1, 1, 1, 1, 1, 1, 1], [0, 1, 1, 1, 1, 1, 1, 1, 1, 1, 1, 1, 1, 1, 1, 1, 1, 1, 1, 1, 1, 1, 1, 1, 0, 1, 1, 1, 1, 1, 1, 1, 1, 1, 1, 1, 1, 1, 1, 1, 1, 1, 1, 1, 1, 1, 1], [0, 1, 1, 1, 1, 1, 1, 1, 1, 1, 1, 1, 1, 1, 1, 1, 1, 1, 1, 1, 1, 1, 1, 1, 1, 0, 1, 1, 1, 1, 1, 1, 1, 1, 1, 1, 1, 1, 1, 1, 1, 1, 1, 1, 1, 1, 1], [0, 1, 1, 1, 1, 1, 1, 1, 1, 1, 1, 1, 1, 1, 1, 1, 1, 1, 1, 1, 1, 1, 1, 1, 1, 1, 0, 1, 1, 1, 1, 1, 1, 1, 1, 1, 1, 1, 1, 1, 1, 1, 1, 1, 1, 1, 1], [0, 1, 1, 1, 1, 1, 1, 1, 1, 1, 1, 1, 1, 1, 1, 1, 1, 1, 1, 1, 1, 1, 1, 1, 1, 1, 1, 0, 1, 1, 1, 1, 1, 1, 1, 1, 1, 1, 1, 1, 1, 1, 1, 1, 1, 1, 1], [0, 1, 1, 1, 1, 1, 1, 1, 1, 1, 1, 1, 1, 1, 1, 1, 1, 1, 1, 1, 1, 1, 1, 1, 1, 1, 1, 1, 0, 1, 1, 1, 1, 1, 1, 1, 1, 1, 1, 1, 1, 1, 1, 1, 1, 1, 1], [0, 1, 1, 1, 1, 1, 1, 1, 1, 1, 1, 1, 1, 1, 1, 1, 1, 1, 1, 1, 1, 1, 1, 1, 1, 1, 1, 1, 1, 0, 1, 1, 1, 1, 1, 1, 1, 1, 1, 1, 1, 1, 1, 1, 1, 1, 1], [0, 1, 1, 1, 1, 1, 1, 1, 1, 1, 1, 1, 1, 1, 1, 1, 1, 1, 1, 1, 1, 1, 1, 1, 1, 1, 1, 1, 1, 1, 0, 1, 1, 1, 1, 1, 1, 1, 1, 1, 1, 1, 1, 1, 1, 1, 1], [0, 1, 1, 1, 1, 1, 1, 1, 1, 1, 1, 1, 1, 1, 1, 1, 1, 1, 1, 1, 1, 1, 1, 1, 1, 1, 1, 1, 1, 1, 1, 0, 1, 1, 1, 1, 1, 1, 1, 1, 1, 1, 1, 1, 1, 1, 1], [0, 1, 1, 1, 1, 1, 1, 1, 1, 1, 1, 1, 1, 1, 1, 1, 1, 1, 1, 1, 1, 1, 1, 1, 1, 1, 1, 1, 1, 1, 1, 1, 0, 1, 1, 1, 1, 1, 1, 1, 1, 1, 1, 1, 1, 1, 1], [0, 1, 1, 1, 1, 1, 1, 1, 1, 1, 1, 1, 1, 1, 1, 1, 1, 1, 1, 1, 1, 1, 1, 1, 1, 1, 1, 1, 1, 1, 1, 1, 1, 0, 1, 1, 1, 1, 1, 1, 1, 1, 1, 1, 1, 1, 1], [0, 1, 1, 1, 1, 1, 1, 1, 1, 1, 1, 1, 1, 1, 1, 1, 1, 1, 1, 1, 1, 1, 1, 1, 1, 1, 1, 1, 1, 1, 1, 1, 1, 1, 0, 1, 1, 1, 1, 1, 1, 1, 1, 1, 1, 1, 1], [0, 1, 1, 1, 1, 1, 1, 1, 1, 1, 1, 1, 1, 1, 1, 1, 1, 1, 1, 1, 1, 1, 1, 1, 1, 1, 1, 1, 1, 1, 1, 1, 1, 1, 1, 0, 1, 1, 1, 1, 1, 1, 1, 1, 1, 1, 1], [0, 1, 1, 1, 1, 1, 1, 1, 1, 1, 1, 1, 1, 1, 1, 1, 1, 1, 1, 1, 1, 1, 1, 1, 1, 1, 1, 1, 1, 1, 1, 1, 1, 1, 1, 1, 0, 1, 1, 1, 1, 1, 1, 1, 1, 1, 1], [0, 1, 1, 1, 1, 1, 1, 1, 1, 1, 1, 1, 1, 1, 1, 1, 1, 1, 1, 1, 1, 1, 1, 1, 1, 1, 1, 1, 1, 1, 1, 1, 1, 1, 1, 1, 1, 0, 1, 1, 1, 1, 1, 1, 1, 1, 1], [0, 1, 1, 1, 1, 1, 1, 1, 1, 1, 1, 1, 1, 1, 1, 1, 1, 1, 1, 1, 1, 1, 1, 1, 1, 1, 1, 1, 1, 1, 1, 1, 1, 1, 1, 1, 1, 1, 0, 1, 1, 1, 1, 1, 1, 1, 1], [0, 1, 1, 1, 1, 1, 1, 1, 1, 1, 1, 1, 1, 1, 1, 1, 1, 1, 1, 1, 1, 1, 1, 1, 1, 1, 1, 1, 1, 1, 1, 1, 1, 1, 1, 1, 1, 1, 1, 0, 1, 1, 1, 1, 1, 1, 1], [0, 1, 1, 1, 1, 1, 1, 1, 1, 1, 1, 1, 1, 1, 1, 1, 1, 1, 1, 1, 1, 1, 1, 1, 1, 1, 1, 1, 1, 1, 1, 1, 1, 1, 1, 1, 1, 1, 1, 1, 0, 1, 1, 1, 1, 1, 1], [0, 1, 1, 1, 1, 1, 1, 1, 1, 1, 1, 1, 1, 1, 1, 1, 1, 1, 1, 1, 1, 1, 1, 1, 1, 1, 1, 1, 1, 1, 1, 1, 1, 1, 1, 1, 1, 1, 1, 1, 1, 0, 1, 1, 1, 1, 1], [0, 1, 1, 1, 1, 1, 1, 1, 1, 1, 1, 1, 1, 1, 1, 1, 1, 1, 1, 1, 1, 1, 1, 1, 1, 1, 1, 1, 1, 1, 1, 1, 1, 1, 1, 1, 1, 1, 1, 1, 1, 1, 0, 1, 1, 1, 1], [0, 1, 1, 1, 1, 1, 1, 1, 1, 1, 1, 1, 1, 1, 1, 1, 1, 1, 1, 1, 1, 1, 1, 1, 1, 1, 1, 1, 1, 1, 1, 1, 1, 1, 1, 1, 1, 1, 1, 1, 1, 1, 1, 0, 1, 1, 1], [0, 1, 1, 1, 1, 1, 1, 1, 1, 1, 1, 1, 1, 1, 1, 1, 1, 1, 1, 1, 1, 1, 1, 1, 1, 1, 1, 1, 1, 1, 1, 1, 1, 1, 1, 1, 1, 1, 1, 1, 1, 1, 1, 1, 0, 1, 1], [0, 1, 1, 1, 1, 1, 1, 1, 1, 1, 1, 1, 1, 1, 1, 1, 1, 1, 1, 1, 1, 1, 1, 1, 1, 1, 1, 1, 1, 1, 1, 1, 1, 1, 1, 1, 1, 1, 1, 1, 1, 1, 1, 1, 1, 0, 1], [0, 0, 0, 0, 0, 0, 0, 0, 0, 0, 0, 0, 0, 0, 0, 0, 0, 0, 0, 0, 0, 0, 0, 0, 0, 0, 0, 0, 0, 0, 0, 0, 0, 0, 0, 0, 0, 0, 0, 0, 0, 0, 0, 0, 0, 0, 0]]}, "cluster_count": 3, "cluster_speeds": [[0.6475, 0.595, 0.6475, 0.7, 0.58275, 0.5355, 0.58275, 0.63, 0.32375, 0.2975, 0.32375, 0.35, 0.213675, 0.19635, 0.213675, 0.23099999999999998, 0.259, 0.238, 0.259, 0.27999999999999997, 0.3885, 0.357, 0.3885, 0.42, 0.6475, 0.595, 0.6475, 0.7, 0.37, 0.34, 0.37, 0.4, 0.30525, 0.2805, 0.30525, 0.33, 0.4625, 0.425, 0.4625, 0.5, 0.6475, 0.595, 0.6475, 0.7, 0.74, 0.68, 0.74, 0.8, 0.45324999999999993, 0.4165, 0.45324999999999993, 0.48999999999999994, 0.32375, 0.2975, 0.32375, 0.35, 0.3885, 0.357, 0.3885, 0.42, 0.45324999999999993, 0.4165, 0.45324999999999993, 0.48999999999999994, 0.58275, 0.5355, 0.58275, 0.63, 0.6475, 0.595, 0.6475, 0.7, 0.7], [0.7400000000000001, 0.68, 0.7400000000000001, 0.8, 0.666, 0.6120000000000001, 0.666, 0.7200000000000001, 0.37000000000000005, 0.34, 0.37000000000000005, 0.4, 0.24420000000000003, 0.22440000000000004, 0.24420000000000003, 0.264, 0.296, 0.272, 0.296, 0.32000000000000006, 0.44400000000000006, 0.40800000000000003, 0.44400000000000006, 0.48, 0.6475, 0.595, 0.6475, 0.7, 0.37, 0.34, 0.37, 0.4, 0.30525, 0.2805, 0.30525, 0.33, 0.4625, 0.425, 0.4625, 0.5, 0.6475, 0.595, 0.6475, 0.7, 0.74, 0.68, 0.74, 0.8, 0.518, 0.476, 0.518, 0.5599999999999999, 0.37000000000000005, 0.34, 0.37000000000000005, 0.4, 0.44400000000000006, 0.40800000000000003, 0.44400000000000006, 0.48, 0.518, 0.476, 0.518, 0.5599999999999999, 0.666, 0.6120000000000001, 0.666, 0.7200000000000001, 0.7400000000000001, 0.68, 0.7400000000000001, 0.8, 0.8], [0.925, 0.85, 0.925, 1.0, 0.8325, 0.765, 0.8325, 0.9, 0.4625, 0.425, 0.4625, 0.5, 0.30525, 0.2805, 0.30525, 0.33, 0.37, 0.34, 0.37, 0.4, 0.555, 0.51, 0.555, 0.6, 0.6475, 0.595, 0.6475, 0.7, 0.37, 0.34, 0.37, 0.4, 0.30525, 0.2805, 0.30525, 0.33, 0.4625, 0.425, 0.4625, 0.5, 0.6475, 0.595, 0.6475, 0.7, 0.74, 0.68, 0.74, 0.8, 0.6475, 0.595, 0.6475, 0.7, 0.4625, 0.425, 0.4625, 0.5, 0.555, 0.51, 0.555, 0.6, 0.6475, 0.595, 0.6475, 0.7, 0.8325, 0.765, 0.8325, 0.9, 0.925, 0.85, 0.925, 1.0, 1.0]], "clusters": [[-1, 2, 2, 2, 2, 2, 2, 2, 2, 2, 2, 2, 2, 2, 2, 2, 2, 2, 2, 2, 2, 2, 2, 2, 2, 2, 2, 2, 2, 2, 2, 2, 2, 2, 2, 2, 2, 2, 2, 2, 2, 2, 2, 2, 2, 2, 2], [0, -1, 0, 0, 0, 0, 0, 0, 0, 0, 0, 0, 0, 0, 0, 0, 0, 0, 0, 0, 0, 0, 0, 0, 0, 0, 0, 0, 0, 0, 0, 0, 0, 0, 0, 0, 0, 0, 0, 0, 0, 0, 0, 0, 0, 0, 0], [0, 0, -1, 0, 0, 0, 0, 0, 0, 0, 0, 0, 0, 0, 0, 0, 0, 0, 0, 0, 0, 0, 0, 0, 0, 0, 0, 0, 0, 0, 0, 0, 0, 0, 0, 0, 0, 0, 0, 0, 0, 0, 0, 0, 0, 0, 0], [1, 1, 1, -1, 1, 1, 1, 1, 1, 1, 1, 1, 1, 1, 1, 1, 1, 1, 1, 1, 1, 1, 1, 1, 1, 1, 1, 1, 1, 1, 1, 1, 1, 1, 1, 1, 1, 1, 1, 1, 1, 1, 1, 1, 1, 1, 1], [0, 0, 0, 0, -1, 0, 0, 0, 0, 0, 0, 0, 0, 0, 0, 0, 0, 0, 0, 0, 0, 0, 0, 0, 0, 0, 0, 0, 0, 0, 0, 0, 0, 0, 0, 0, 0, 0, 0, 0, 0, 0, 0, 0, 0, 0, 0], [0, 0, 0, 0, 0, -1, 0, 0, 0, 0, 0, 0, 0, 0, 0, 0, 0, 0, 0, 0, 0, 0, 0, 0, 0, 0, 0, 0, 0, 0, 0, 0, 0, 0, 0, 0, 0, 0, 0, 0, 0, 0, 0, 0, 0, 0, 0], [0, 0, 0, 0, 0, 0, -1, 0, 0, 0, 0, 0, 0, 0, 0, 0, 0, 0, 0, 0, 0, 0, 0, 0, 0, 0, 0, 0, 0, 0, 0, 0, 0, 0, 0, 0, 0, 0, 0, 0, 0, 0, 0, 0, 0, 0, 0], [0, 0, 0, 0, 0, 0, 0, -1, 0, 0, 0, 0, 0, 0, 0, 0, 0, 0, 0, 0, 0, 0, 0, 0, 0, 0, 0, 0, 0, 0, 0, 0, 0, 0, 0, 0, 0, 0, 0, 0, 0, 0, 0, 0, 0, 0, 0], [0, 0, 0, 0, 0, 0, 0, 0, -1, 0, 0, 0, 0, 0, 0, 0, 0, 0, 0, 0, 0, 0, 0, 0, 0, 0, 0, 0, 0, 0, 0, 0, 0, 0, 0, 0, 0, 0, 0, 0, 0, 0, 0, 0, 0, 0, 0], [0, 0, 0, 0, 0, 0, 0, 0, 0, -1, 0, 0, 0, 0, 0, 0, 0, 0, 0, 0, 0, 0, 0, 0, 0, 0, 0, 0, 0, 0, 0, 0, 0, 0, 0, 0, 0, 0, 0, 0, 0, 0, 0, 0, 0, 0, 0], [0, 0, 0, 0, 0, 0, 0, 0, 0, 0, -1, 0, 0, 0, 0, 0, 0, 0, 0, 0, 0, 0, 0, 0, 0, 0, 0, 0, 0, 0, 0, 0, 0, 0, 0, 0, 0, 0, 0, 0, 0, 0, 0, 0, 0, 0, 0], [1, 1, 1, 1, 1, 1, 1, 1, 1, 1, 1, -1, 1, 1, 1, 1, 1, 1, 1, 1, 1, 1, 1, 1, 1, 1, 1, 1, 1, 1, 1, 1, 1, 1, 1, 1, 1, 1, 1, 1, 1, 1, 1, 1, 1, 1, 1], [0, 0, 0, 0, 0, 0, 0, 0, 0, 0, 0, 0, -1, 0, 0, 0, 0, 0, 0, 0, 0, 0, 0, 0, 0, 0, 0, 0, 0, 0, 0, 0, 0, 0, 0, 0, 0, 0, 0, 0, 0, 0, 0, 0, 0, 0, 0], [0, 0, 0, 0, 0, 0, 0, 0, 0, 0, 0, 0, 0, -1, 0, 0, 0, 0, 0, 0, 0, 0, 0, 0, 0, 0, 0, 0, 0, 0, 0, 0, 0, 0, 0, 0, 0, 0, 0, 0, 0, 0, 0, 0, 0, 0, 0], [0, 0, 0, 0, 0, 0, 0, 0, 0, 0, 0, 0, 0, 0, -1, 0, 0, 0, 0, 0, 0, 0, 0, 0, 0, 0, 0, 0, 0, 0, 0, 0, 0, 0, 0, 0, 0, 0, 0, 0, 0, 0, 0, 0, 0, 0, 0], [0, 0, 0, 0, 0, 0, 0, 0, 0, 0, 0, 0, 0, 0, 0, -1, 0, 0, 0, 0, 0, 0, 0, 0, 0, 0, 0, 0, 0, 0, 0, 0, 0, 0, 0, 0, 0, 0, 0, 0, 0, 0, 0, 0, 0, 0, 0], [1, 1, 1, 1, 1, 1, 1, 1, 1, 1, 1, 1, 1, 1, 1, 1, -1, 1, 1, 1, 1, 1, 1, 1, 1, 1, 1, 1, 1, 1, 1, 1, 1, 1, 1, 1, 1, 1, 1, 1, 1, 1, 1, 1, 1, 1, 1], [0, 0, 0, 0, 0, 0, 0, 0, 0, 0, 0, 0, 0, 0, 0, 0, 0, -1, 0, 0, 0, 0, 0, 0, 0, 0, 0, 0, 0, 0, 0, 0, 0, 0, 0, 0, 0, 0, 0, 0, 0, 0, 0, 0, 0, 0, 0], [0, 0, 0, 0, 0, 0, 0, 0, 0, 0, 0, 0, 0, 0, 0, 0, 0, 0, -1, 0, 0, 0, 0, 0, 0, 0, 0, 0, 0, 0, 0, 0, 0, 0, 0, 0, 0, 0, 0, 0, 0, 0, 0, 0, 0, 0, 0], [0, 0, 0, 0, 0, 0, 0, 0, 0, 0, 0, 0, 0, 0, 0, 0, 0, 0, 0, -1, 0, 0, 0, 0, 0, 0, 0, 0, 0, 0, 0, 0, 0, 0, 0, 0, 0, 0, 0, 0, 0, 0, 0, 0, 0, 0, 0], [0, 0, 0, 0, 0, 0, 0, 0, 0, 0, 0, 0, 0, 0, 0, 0, 0, 0, 0, 0, -1, 0, 0, 0, 0, 0, 0, 0, 0, 0, 0, 0, 0, 0, 0, 0, 0, 0, 0, 0, 0, 0, 0, 0, 0, 0, 0], [2, 2, 2, 2, 2, 2, 2, 2, 2, 2, 2, 2, 2, 2, 2, 2, 2, 2, 2, 2, 2, -1, 2, 2, 2, 2, 2, 2, 2, 2, 2, 2, 2, 2, 2, 2, 2, 2, 2, 2, 2, 2, 2, 2, 2, 2, 2], [0, 0, 0, 0, 0, 0, 0, 0, 0, 0, 0, 0, 0, 0, 0, 0, 0, 0, 0, 0, 0, 0, -1, 0, 0, 0, 0, 0, 0, 0, 0, 0, 0, 0, 0, 0, 0, 0, 0, 0, 0, 0, 0, 0, 0, 0, 0], [1, 1, 1, 1, 1, 1, 1, 1, 1, 1, 1, 1, 1, 1, 1, 1, 1, 1, 1, 1, 1, 1, 1, -1, 1, 1, 1, 1, 1, 1, 1, 1, 1, 1, 1, 1, 1, 1, 1, 1, 1, 1, 1, 1, 1, 1, 1], [0, 0, 0, 0, 0, 0, 0, 0, 0, 0, 0, 0, 0, 0, 0, 0, 0, 0, 0, 0, 0, 0, 0, 0, -1, 0, 0, 0, 0, 0, 0, 0, 0, 0, 0, 0, 0, 0, 0, 0, 0, 0, 0, 0, 0, 0, 0], [0, 0, 0, 0, 0, 0, 0, 0, 0, 0, 0, 0, 0, 0, 0, 0, 0, 0, 0, 0, 0, 0, 0, 0, 0, -1, 0, 0, 0, 0, 0, 0, 0, 0, 0, 0, 0, 0, 0, 0, 0, 0, 0, 0, 0, 0, 0], [1, 1, 1, 1, 1, 1, 1, 1, 1, 1, 1, 1, 1, 1, 1, 1, 1, 1, 1, 1, 1, 1, 1, 1, 1, 1, -1, 1, 1, 1, 1, 1, 1, 1, 1, 1, 1, 1, 1, 1, 1, 1, 1, 1, 1, 1, 1], [0, 0, 0, 0, 0, 0, 0, 0, 0, 0, 0, 0, 0, 0, 0, 0, 0, 0, 0, 0, 0, 0, 0, 0, 0, 0, 0, -1, 0, 0, 0, 0, 0, 0, 0, 0, 0, 0, 0, 0, 0, 0, 0, 0, 0, 0, 0], [0, 0, 0, 0, 0, 0, 0, 0, 0, 0, 0, 0, 0, 0, 0, 0, 0, 0, 0, 0, 0, 0, 0, 0, 0, 0, 0, 0, -1, 0, 0, 0, 0, 0, 0, 0, 0, 0, 0, 0, 0, 0, 0, 0, 0, 0, 0], [1, 1, 1, 1, 1, 1, 1, 1, 1, 1, 1, 1, 1, 1, 1, 1, 1, 1, 1, 1, 1, 1, 1, 1, 1, 1, 1, 1, 1, -1, 1, 1, 1, 1, 1, 1, 1, 1, 1, 1, 1, 1, 1, 1, 1, 1, 1], [0, 0, 0, 0, 0, 0, 0, 0, 0, 0, 0, 0, 0, 0, 0, 0, 0, 0, 0, 0, 0, 0, 0, 0, 0, 0, 0, 0, 0, 0, -1, 0, 0, 0, 0, 0, 0, 0, 0, 0, 0, 0, 0, 0, 0, 0, 0], [0, 0, 0, 0, 0, 0, 0, 0, 0, 0, 0, 0, 0, 0, 0, 0, 0, 0, 0, 0, 0, 0, 0, 0, 0, 0, 0, 0, 0, 0, 0, -1, 0, 0, 0, 0, 0, 0, 0, 0, 0, 0, 0, 0, 0, 0, 0], [0, 0, 0, 0, 0, 0, 0, 0, 0, 0, 0, 0, 0, 0, 0, 0, 0, 0, 0, 0, 0, 0, 0, 0, 0, 0, 0, 0, 0, 0, 0, 0, -1, 0, 0, 0, 0, 0, 0, 0, 0, 0, 0, 0, 0, 0, 0], [1, 1, 1, 1, 1, 1, 1, 1, 1, 1, 1, 1, 1, 1, 1, 1, 1, 1, 1, 1, 1, 1, 1, 1, 1, 1, 1, 1, 1, 1, 1, 1, 1, -1, 1, 1, 1, 1, 1, 1, 1, 1, 1, 1, 1, 1, 1], [0, 0, 0, 0, 0, 0, 0, 0, 0, 0, 0, 0, 0, 0, 0, 0, 0, 0, 0, 0, 0, 0, 0, 0, 0, 0, 0, 0, 0, 0, 0, 0, 0, 0, -1, 0, 0, 0, 0, 0, 0, 0, 0, 0, 0, 0, 0], [1, 1, 1, 1, 1, 1, 1, 1, 1, 1, 1, 1, 1, 1, 1, 1, 1, 1, 1, 1, 1, 1, 1, 1, 1, 1, 1, 1, 1, 1, 1, 1, 1, 1, 1, -1, 1, 1, 1, 1, 1, 1, 1, 1, 1, 1, 1], [1, 1, 1, 1, 1, 1, 1, 1, 1, 1, 1, 1, 1, 1, 1, 1, 1, 1, 1, 1, 1, 1, 1, 1, 1, 1, 1, 1, 1, 1, 1, 1, 1, 1, 1, 1, -1, 1, 1, 1, 1, 1, 1, 1, 1, 1, 1], [0, 0, 0, 0, 0, 0, 0, 0, 0, 0, 0, 0, 0, 0, 0, 0, 0, 0, 0, 0, 0, 0, 0, 0, 0, 0, 0, 0, 0, 0, 0, 0, 0, 0, 0, 0, 0, -1, 0, 0, 0, 0, 0, 0, 0, 0, 0], [0, 0, 0, 0, 0, 0, 0, 0, 0, 0, 0, 0, 0, 0, 0, 0, 0, 0, 0, 0, 0, 0, 0, 0, 0, 0, 0, 0, 0, 0, 0, 0, 0, 0, 0, 0, 0, 0, -1, 0, 0, 0, 0, 0, 0, 0, 0], [1, 1, 1, 1, 1, 1, 1, 1, 1, 1, 1, 1, 1, 1, 1, 1, 1, 1, 1, 1, 1, 1, 1, 1, 1, 1, 1, 1, 1, 1, 1, 1, 1, 1, 1, 1, 1, 1, 1, -1, 1, 1, 1, 1, 1, 1, 1], [0, 0, 0, 0, 0, 0, 0, 0, 0, 0, 0, 0, 0, 0, 0, 0, 0, 0, 0, 0, 0, 0, 0, 0, 0, 0, 0, 0, 0, 0, 0, 0, 0, 0, 0, 0, 0, 0, 0, 0, -1, 0, 0, 0, 0, 0, 0], [2, 2, 2, 2, 2, 2, 2, 2, 2, 2, 2, 2, 2, 2, 2, 2, 2, 2, 2, 2, 2, 2, 2, 2, 2, 2, 2, 2, 2, 2, 2, 2, 2, 2, 2, 2, 2, 2, 2, 2, 2, -1, 2, 2, 2, 2, 2], [0, 0, 0, 0, 0, 0, 0, 0, 0, 0, 0, 0, 0, 0, 0, 0, 0, 0, 0, 0, 0, 0, 0, 0, 0, 0, 0, 0, 0, 0, 0, 0, 0, 0, 0, 0, 0, 0, 0, 0, 0, 0, -1, 0, 0, 0, 0], [1, 1, 1, 1, 1, 1, 1, 1, 1, 1, 1, 1, 1, 1, 1, 1, 1, 1, 1, 1, 1, 1, 1, 1, 1, 1, 1, 1, 1, 1, 1, 1, 1, 1, 1, 1, 1, 1, 1, 1, 1, 1, 1, -1, 1, 1, 1], [0, 0, 0, 0, 0, 0, 0, 0, 0, 0, 0, 0, 0, 0, 0, 0, 0, 0, 0, 0, 0, 0, 0, 0, 0, 0, 0, 0, 0, 0, 0, 0, 0, 0, 0, 0, 0, 0, 0, 0, 0, 0, 0, 0, -1, 0, 0], [2, 2, 2, 2, 2, 2, 2, 2, 2, 2, 2, 2, 2, 2, 2, 2, 2, 2, 2, 2, 2, 2, 2, 2, 2, 2, 2, 2, 2, 2, 2, 2, 2, 2, 2, 2, 2, 2, 2, 2, 2, 2, 2, 2, 2, -1, 2], [2, 2, 2, 2, 2, 2, 2, 2, 2, 2, 2, 2, 2, 2, 2, 2, 2, 2, 2, 2, 2, 2, 2, 2, 2, 2, 2, 2, 2, 2, 2, 2, 2, 2, 2, 2, 2, 2, 2, 2, 2, 2, 2, 2, 2, 2, -1]], "speed_zone_count": 73, "speed_zones": [[0.0, 15.0], [15.0, 30.0], [30.0, 45.0], [45.0, 60.0], [60.0, 75.0], [75.0, 90.0], [90.0, 105.0], [105.0, 120.0], [120.0, 135.0], [135.0, 150.0], [150.0, 165.0], [165.0, 180.0], [180.0, 195.0], [195.0, 210.0], [210.0, 225.0], [225.0, 240.0], [240.0, 255.0], [255.0, 270.0], [270.0, 285.0], [285.0, 300.0], [300.0, 315.0], [315.0, 330.0], [330.0, 345.0], [345.0, 360.0], [360.0, 375.0], [375.0, 390.0], [390.0, 405.0], [405.0, 420.0], [420.0, 435.0], [435.0, 450.0], [450.0, 465.0], [465.0, 480.0], [480.0, 495.0], [495.0, 510.0], [510.0, 525.0], [525.0, 540.0], [540.0, 555.0], [555.0, 570.0], [570.0, 585.0], [585.0, 600.0], [600.0, 615.0], [615.0, 630.0], [630.0, 645.0], [645.0, 660.0], [660.0, 675.0], [675.0, 690.0], [690.0, 705.0], [705.0, 720.0], [720.0, 735.0], [735.0, 750.0], [750.0, 765.0], [765.0, 780.0], [780.0, 795.0], [795.0, 810.0], [810.0, 825.0], [825.0, 840.0], [840.0, 855.0], [855.0, 870.0], [870.0, 885.0], [885.0, 900.0], [900.0, 915.0], [915.0, 930.0], [930.0, 945.0], [945.0, 960.0], [960.0, 975.0], [975.0, 990.0], [990.0, 1005.0], [1005.0, 1020.0], [1020.0, 1035.0], [1035.0, 1050.0], [1050.0, 1065.0], [1065.0, 1080.0], [1080.0, 5000.0]], "distances": [[0.0, 69.99, 73.17, 73.3, 69.56, 61.99, 77.97, 74.87, 61.25, 64.2, 76.61, 69.81, 69.51, 82.13, 85.1, 73.83, 55.87, 66.94, 81.31, 72.75, 71.71, 97.41, 56.71, 58.51, 72.65, 60.47, 87.24, 67.82, 82.45, 54.65, 83.17, 57.35, 69.31, 64.0, 66.16, 74.89, 82.08, 71.46, 57.57, 88.82, 57.69, 90.88, 72.57, 80.8, 60.91, 87.99, 0.0], [0.0, 0.0, 12.16, 28.03, 15.47, 10.64, 13.37, 13.43, 20.73, 18.32, 7.1, 26.39, 8.48, 12.67, 17.38, 19.58, 21.02, 8.28, 11.42, 24.3, 13.42, 27.75, 18.52, 21.51, 13.51, 13.51, 17.82, 8.35, 17.31, 17.95, 17.24, 14.55, 8.08, 25.53, 16.95, 8.74, 13.11, 11.14, 18.97, 21.29, 15.11, 27.44, 13.26, 11.65, 11.63, 21.01, 69.99], [0.0, 12.16, 0.0, 29.5, 13.43, 13.84, 12.98, 13.96, 23.44, 20.79, 5.05, 28.2, 10.36, 10.17, 15.52, 20.7, 24.15, 10.85, 8.56, 25.73, 11.37, 24.44, 21.69, 24.43, 14.6, 16.65, 15.18, 10.7, 16.3, 21.26, 16.0, 17.87, 10.04, 27.9, 19.21, 6.55, 9.79, 12.45, 22.06, 19.31, 18.38, 24.55, 14.36, 8.32, 14.87, 17.83, 73.17], [0.0, 28.03, 29.5, 0.0, 29.86, 22.2, 19.11, 16.2, 13.88, 12.78, 26.75, 15.2, 19.55, 27.96, 24.99, 9.07, 19.64, 20.46, 29.58, 14.45, 29.55, 44.27, 20.45, 16.33, 14.95, 20.65, 30.04, 20.02, 20.24, 24.03, 21.5, 23.99, 19.96, 9.38, 12.52, 36.05, 36.28, 17.05, 19.01, 26.37, 22.64, 52.4, 15.18, 35.05, 22.37, 44.5, 73.3], [0.0, 15.47, 13.43, 29.86, 0.0, 11.58, 15.2, 15.35, 22.11, 19.85, 8.37, 28.15, 10.31, 13.77, 18.83, 21.48, 21.98, 9.87, 12.26, 26.15, 14.23, 27.92, 19.42, 22.7, 15.42, 14.5, 18.84, 10.03, 19.03, 18.5, 18.9, 15.1, 9.9, 27.08, 18.58, 7.49, 12.87, 13.03, 19.99, 22.7, 15.82, 26.42, 15.17, 11.47, 12.49, 20.37, 69.56], [0.0, 10.64, 13.84, 22.2, 11.58, 0.0, 16.21, 13.65, 11.19, 9.92, 15.44, 19.55, 7.59, 20.58, 23.12, 16.1, 10.4, 4.97, 20.27, 18.98, 12.82, 37.5, 7.88, 11.29, 11.92, 11.81, 25.52, 5.87, 20.79, 7.77, 21.37, 4.65, 7.35, 16.85, 9.68, 19.08, 23.59, 10.03, 8.41, 26.87, 4.69, 37.99, 11.75, 22.11, 11.0, 31.64, 61.99], [0.0, 13.37, 12.98, 19.11, 15.2, 16.21, 0.0, 12.26, 19.42, 15.98, 8.63, 19.1, 8.64, 8.86, 7.65, 10.18, 23.15, 11.28, 10.5, 15.54, 13.76, 25.93, 21.63, 21.64, 6.14, 17.51, 11.8, 10.36, 4.6, 23.32, 5.2, 20.73, 8.93, 21.28, 13.75, 18.94, 17.42, 6.57, 21.12, 10.96, 20.29, 33.45, 6.1, 16.32, 17.22, 25.45, 77.97], [0.0, 13.43, 13.96, 16.2, 15.35, 13.65, 12.26, 0.0, 15.7, 12.26, 10.59, 15.76, 6.52, 12.23, 11.36, 7.13, 19.64, 9.01, 13.54, 12.49, 14.39, 29.59, 18.28, 17.97, 12.07, 14.51, 15.53, 8.1, 7.67, 20.27, 8.57, 17.94, 6.92, 17.58, 10.02, 20.37, 20.09, 12.65, 17.65, 14.46, 17.34, 36.22, 11.84, 18.85, 14.57, 28.37, 74.87], [0.0, 20.73, 23.44, 13.88, 22.11, 11.19, 19.42, 15.7, 0.0, 12.14, 23.14, 10.45, 13.65, 26.95, 27.05, 12.66, 5.83, 12.59, 27.53, 12.01, 22.81, 44.63, 6.67, 11.6, 13.29, 8.59, 31.0, 12.82, 23.12, 10.32, 24.16, 11.03, 13.82, 5.98, 5.68, 29.47, 32.57, 13.43, 5.19, 30.05, 9.59, 48.0, 13.32, 31.11, 10.79, 40.98, 61.25], [0.0, 18.32, 20.79, 12.78, 19.85, 9.92, 15.98, 12.26, 12.14, 0.0, 20.05, 9.78, 10.67, 23.64, 23.61, 9.65, 8.36, 10.04, 24.32, 10.14, 20.3, 41.31, 8.19, 5.9, 9.85, 7.95, 27.6, 10.1, 19.69, 11.53, 20.72, 11.21, 10.89, 7.24, 13.98, 27.03, 29.62, 10.1, 6.94, 26.61, 9.87, 45.27, 9.89, 28.19, 9.85, 38.07, 64.2], [0.0, 7.1, 5.05, 26.75, 8.37, 15.44, 8.63, 10.59, 23.14, 20.05, 0.0, 26.0, 9.5, 5.61, 10.49, 17.7, 25.04, 11.16, 4.84, 23.01, 6.32, 22.11, 22.84, 24.64, 11.93, 17.87, 10.78, 10.6, 11.4, 23.2, 11.01, 19.96, 9.38, 26.72, 18.12, 10.36, 9.74, 10.34, 22.89, 14.33, 20.13, 25.81, 11.73, 8.4, 16.55, 18.19, 76.61], [0.0, 26.39, 28.2, 15.2, 28.15, 19.55, 19.1, 15.76, 10.45, 9.78, 26.0, 0.0, 17.95, 27.92, 25.69, 8.98, 16.14, 18.44, 29.3, 14.36, 28.09, 44.84, 17.09, 12.82, 14.08, 17.73, 30.57, 18.14, 21.0, 20.71, 22.25, 20.9, 18.33, 5.82, 9.97, 34.73, 35.7, 15.84, 15.63, 27.54, 19.52, 51.8, 14.27, 34.39, 19.59, 44.07, 69.81], [0.0, 8.48, 10.36, 19.55, 10.31, 7.59, 8.64, 6.52, 13.65, 10.67, 9.5, 17.95, 0.0, 13.8, 15.61, 11.34, 15.81, 12.56, 14.04, 15.84, 10.14, 31.33, 13.84, 15.16, 5.55, 9.2, 18.44, 11.94, 13.23, 14.97, 13.78, 12.17, 11.08, 17.61, 8.91, 16.83, 18.96, 15.21, 13.66, 19.31, 11.87, 34.65, 5.32, 17.52, 8.63, 27.41, 69.51], [0.0, 12.67, 10.17, 27.96, 13.77, 20.58, 8.86, 12.23, 26.95, 23.64, 5.61, 27.92, 13.8, 0.0, 6.11, 19.04, 29.61, 15.94, 10.45, 24.4, 11.6, 17.68, 27.61, 28.78, 14.29, 22.78, 5.17, 15.23, 9.12, 28.34, 8.19, 25.2, 13.82, 29.68, 21.51, 13.63, 9.38, 13.54, 27.47, 9.47, 25.23, 24.92, 14.16, 8.65, 21.7, 16.81, 82.13], [0.0, 17.38, 15.52, 24.99, 18.83, 23.12, 7.65, 11.36, 27.05, 23.61, 10.49, 25.69, 15.61, 6.11, 0.0, 16.76, 30.75, 18.16, 8.48, 21.79, 16.81, 19.29, 29.14, 29.29, 13.76, 24.78, 5.17, 17.29, 4.75, 30.57, 12.85, 27.75, 15.8, 28.57, 21.38, 19.69, 15.17, 14.09, 28.69, 11.47, 27.48, 29.86, 13.74, 14.63, 24.2, 21.72, 85.1], [0.0, 19.58, 20.7, 9.07, 21.48, 16.1, 10.18, 7.13, 12.66, 9.65, 17.7, 8.98, 11.34, 19.04, 16.76, 0.0, 18.01, 12.91, 20.56, 5.38, 20.9, 35.86, 17.6, 15.37, 6.12, 15.6, 21.59, 12.25, 12.14, 20.57, 13.37, 19.29, 11.78, 12.19, 7.87, 27.22, 27.22, 8.45, 16.49, 18.88, 18.23, 43.34, 6.36, 25.98, 16.64, 35.46, 73.83], [0.0, 21.02, 24.15, 19.64, 21.98, 10.4, 23.15, 19.64, 5.83, 8.36, 25.04, 16.14, 15.81, 29.61, 30.75, 18.01, 0.0, 13.88, 29.76, 17.84, 23.2, 47.09, 12.5, 14.1, 17.27, 7.51, 34.14, 14.47, 27.3, 5.59, 28.2, 7.82, 15.81, 10.98, 10.3, 29.46, 33.8, 16.67, 10.73, 34.08, 6.58, 48.39, 17.23, 32.32, 9.5, 41.97, 55.87], [0.0, 8.28, 10.85, 20.46, 9.87, 4.97, 11.28, 9.01, 12.59, 10.04, 11.16, 18.44, 12.56, 15.94, 18.16, 12.91, 13.88, 0.0, 15.9, 16.86, 10.27, 33.24, 11.72, 13.69, 7.67, 6.84, 20.75, 9.99, 15.88, 12.5, 16.42, 9.59, 12.32, 17.25, 8.72, 16.99, 20.14, 5.43, 11.73, 21.9, 9.39, 35.41, 7.46, 18.66, 6.03, 28.48, 66.94], [0.0, 11.42, 8.56, 29.58, 12.26, 20.27, 10.5, 13.54, 27.53, 24.32, 4.84, 29.3, 14.04, 10.45, 8.48, 20.56, 29.76, 15.9, 0.0, 25.94, 10.05, 17.33, 27.62, 29.19, 15.39, 22.67, 6.69, 15.29, 11.36, 28.04, 10.5, 24.79, 13.98, 30.67, 22.27, 11.35, 7.14, 14.3, 27.6, 11.72, 24.96, 22.97, 15.24, 6.32, 21.39, 14.95, 81.31], [0.0, 24.3, 25.73, 14.45, 26.15, 18.98, 15.54, 12.49, 12.01, 10.14, 23.01, 14.36, 15.84, 24.4, 21.79, 5.38, 17.84, 16.86, 25.94, 0.0, 25.8, 41.02, 18.22, 14.68, 11.18, 17.7, 26.75, 16.38, 17.07, 21.66, 18.33, 21.2, 16.26, 9.03, 9.41, 32.28, 32.58, 13.29, 16.86, 23.51, 19.93, 48.7, 11.41, 31.33, 19.25, 40.84, 72.75], [0.0, 13.42, 11.37, 29.55, 14.23, 12.82, 13.76, 14.39, 22.81, 20.3, 6.32, 28.09, 10.14, 11.6, 16.81, 20.9, 23.2, 10.27, 10.05, 25.8, 0.0, 25.85, 20.7, 23.65, 14.79, 15.69, 16.64, 10.24, 17.33, 20.09, 17.11, 16.69, 9.78, 27.48, 18.84, 6.74, 11.0, 12.52, 21.15, 20.64, 17.28, 25.29, 14.55, 9.56, 13.81, 18.83, 71.71], [0.0, 27.75, 24.44, 44.27, 27.92, 37.5, 25.93, 29.59, 44.63, 41.31, 22.11, 44.84, 31.33, 17.68, 19.29, 35.86, 47.09, 33.24, 17.33, 41.02, 25.85, 0.0, 44.95, 46.43, 31.81, 39.98, 14.27, 32.62, 24.03, 45.24, 22.78, 41.93, 31.29, 47.17, 39.17, 22.89, 15.39, 31.21, 44.94, 18.64, 42.2, 17.37, 31.7, 16.61, 38.61, 12.34, 97.41], [0.0, 18.52, 21.69, 20.45, 19.42, 7.88, 21.63, 18.28, 6.67, 8.19, 22.84, 17.09, 13.84, 27.61, 29.14, 17.6, 12.5, 11.72, 27.62, 18.22, 20.7, 44.95, 0.0, 4.94, 15.99, 5.06, 32.27, 12.38, 25.94, 10.87, 26.77, 5.25, 13.8, 12.45, 9.73, 26.89, 31.4, 15.08, 10.54, 32.6, 12.57, 45.83, 15.92, 29.92, 6.93, 39.51, 56.71], [0.0, 21.51, 24.43, 16.33, 22.7, 11.29, 21.64, 17.97, 11.6, 5.9, 24.64, 12.82, 15.16, 28.78, 29.29, 15.37, 14.1, 13.69, 29.19, 14.68, 23.65, 46.43, 4.94, 0.0, 15.56, 8.42, 33.03, 14.09, 25.51, 8.51, 26.51, 9.98, 15.26, 7.69, 8.08, 30.17, 33.83, 15.4, 12.85, 32.41, 8.57, 48.93, 15.56, 32.36, 10.63, 42.17, 58.51], [0.0, 13.51, 14.6, 14.95, 15.42, 11.92, 6.14, 12.07, 13.29, 9.85, 11.93, 14.08, 5.55, 14.29, 13.76, 6.12, 17.27, 7.67, 15.39, 11.18, 14.79, 31.81, 15.99, 15.56, 0.0, 12.45, 17.85, 6.84, 10.03, 18.14, 10.97, 16.0, 6.0, 15.39, 7.62, 21.14, 21.63, 11.39, 15.31, 16.87, 15.28, 37.73, 10.87, 20.32, 12.75, 30.01, 72.65], [0.0, 13.51, 16.65, 20.65, 14.5, 11.81, 17.51, 14.51, 8.59, 7.95, 17.87, 17.73, 9.2, 22.78, 24.78, 15.6, 7.51, 6.84, 22.67, 17.7, 15.69, 39.98, 5.06, 8.42, 12.45, 0.0, 27.58, 7.6, 22.0, 5.81, 22.71, 10.31, 9.08, 14.44, 8.31, 22.0, 26.34, 11.01, 5.49, 28.4, 10.57, 40.9, 12.33, 24.86, 11.99, 34.47, 60.47], [0.0, 17.82, 15.18, 30.04, 18.84, 25.52, 11.8, 15.53, 31.0, 27.6, 10.78, 30.57, 18.44, 5.17, 5.17, 21.59, 34.14, 20.75, 6.69, 26.75, 16.64, 14.27, 32.27, 33.03, 17.85, 27.58, 0.0, 19.98, 9.85, 33.23, 8.61, 30.16, 18.51, 33.07, 25.4, 17.68, 11.65, 17.63, 32.02, 6.3, 30.12, 25.13, 17.77, 11.55, 26.64, 17.06, 87.24], [0.0, 8.35, 10.7, 20.02, 10.03, 5.87, 10.36, 8.1, 12.82, 10.1, 10.6, 18.14, 11.94, 15.23, 17.29, 12.25, 14.47, 9.99, 15.29, 16.38, 10.24, 32.62, 12.38, 14.09, 6.84, 7.6, 19.98, 0.0, 14.95, 13.32, 15.51, 10.47, 12.38, 17.24, 8.61, 16.98, 19.78, 4.55, 12.31, 21.02, 10.21, 35.21, 6.62, 18.31, 6.92, 28.17, 67.82], [0.0, 17.31, 16.3, 20.24, 19.03, 20.79, 4.6, 7.67, 23.12, 19.69, 11.4, 21.0, 13.23, 9.12, 4.75, 12.14, 27.3, 15.88, 11.36, 17.07, 17.33, 24.03, 25.94, 25.51, 10.03, 22.0, 9.85, 14.95, 0.0, 27.8, 9.79, 25.28, 13.53, 24.14, 17.46, 21.6, 18.48, 10.99, 25.32, 6.94, 24.8, 33.9, 10.06, 17.66, 21.8, 25.76, 82.45], [0.0, 17.95, 21.26, 24.03, 18.5, 7.77, 23.32, 20.27, 10.32, 11.53, 23.2, 20.71, 14.97, 28.34, 30.57, 20.57, 5.59, 12.5, 28.04, 21.66, 20.09, 45.24, 10.87, 8.51, 18.14, 5.81, 33.23, 13.32, 27.8, 0.0, 28.52, 11.61, 14.82, 16.1, 12.77, 25.8, 31.05, 16.81, 5.14, 34.21, 10.23, 44.73, 18.03, 29.58, 6.66, 38.86, 54.65], [0.0, 17.24, 16.0, 21.5, 18.9, 21.37, 5.2, 8.57, 24.16, 20.72, 11.01, 22.25, 13.78, 8.19, 12.85, 13.37, 28.2, 16.42, 10.5, 18.33, 17.11, 22.78, 26.77, 26.51, 10.97, 22.71, 8.61, 15.51, 9.79, 28.52, 0.0, 25.91, 14.05, 25.31, 18.48, 21.04, 17.57, 11.74, 26.2, 5.9, 25.49, 32.84, 10.98, 16.81, 22.4, 24.69, 83.17], [0.0, 14.55, 17.87, 23.99, 15.1, 4.65, 20.73, 17.94, 11.03, 11.21, 19.96, 20.9, 12.17, 25.2, 27.75, 19.29, 7.82, 9.59, 24.79, 21.2, 16.69, 41.93, 5.25, 9.98, 16.0, 10.31, 30.16, 10.47, 25.28, 11.61, 25.91, 0.0, 11.96, 17.01, 11.87, 22.43, 27.65, 14.37, 6.47, 31.48, 9.35, 41.37, 15.85, 26.19, 12.19, 35.46, 57.35], [0.0, 8.08, 10.04, 19.96, 9.9, 7.35, 8.93, 6.92, 13.82, 10.89, 9.38, 18.33, 11.08, 13.82, 15.8, 11.78, 15.81, 12.32, 13.98, 16.26, 9.78, 31.29, 13.8, 15.26, 6.0, 9.08, 18.51, 12.38, 13.53, 14.82, 14.05, 11.96, 0.0, 17.89, 9.19, 16.48, 18.76, 15.5, 13.66, 19.53, 11.71, 34.39, 5.76, 17.31, 8.41, 27.2, 69.31], [0.0, 25.53, 27.9, 9.38, 27.08, 16.85, 21.28, 17.58, 5.98, 7.24, 26.72, 5.82, 17.61, 29.68, 28.57, 12.19, 10.98, 17.25, 30.67, 9.03, 27.48, 47.17, 12.45, 7.69, 15.39, 14.44, 33.07, 17.24, 24.14, 16.1, 25.31, 17.01, 17.89, 0.0, 8.71, 34.22, 36.42, 16.42, 10.97, 30.99, 15.57, 52.26, 15.52, 35.02, 16.58, 44.88, 64.0], [0.0, 16.95, 19.21, 12.52, 18.58, 9.68, 13.75, 10.02, 5.68, 13.98, 18.12, 9.97, 8.91, 21.51, 21.38, 7.87, 10.3, 8.72, 22.27, 9.41, 18.84, 39.17, 9.73, 8.08, 7.62, 8.31, 25.4, 8.61, 17.46, 12.77, 18.48, 11.87, 9.19, 8.71, 0.0, 25.57, 27.77, 7.99, 8.65, 24.38, 10.67, 43.55, 7.66, 26.35, 9.87, 36.23, 66.16], [0.0, 8.74, 6.55, 36.05, 7.49, 19.08, 18.94, 20.37, 29.47, 27.03, 10.36, 34.73, 16.83, 13.63, 19.69, 27.22, 29.46, 16.99, 11.35, 32.28, 6.74, 22.89, 26.89, 30.17, 21.14, 22.0, 17.68, 16.98, 21.6, 25.8, 21.04, 22.43, 16.48, 34.22, 25.57, 0.0, 7.64, 19.0, 27.48, 23.07, 23.23, 18.96, 20.9, 6.77, 19.96, 13.46, 74.89], [0.0, 13.11, 9.79, 36.28, 12.87, 23.59, 17.42, 20.09, 32.57, 29.62, 9.74, 35.7, 18.96, 9.38, 15.17, 27.22, 33.8, 20.14, 7.14, 32.58, 11.0, 15.39, 31.4, 33.83, 21.63, 26.34, 11.65, 19.78, 18.48, 31.05, 17.57, 27.65, 18.76, 36.42, 27.77, 7.64, 0.0, 20.08, 31.69, 17.77, 28.16, 16.13, 21.44, 13.46, 24.63, 8.47, 82.08], [0.0, 11.14, 12.45, 17.05, 13.03, 10.03, 6.57, 12.65, 13.43, 10.1, 10.34, 15.84, 15.21, 13.54, 14.09, 8.45, 16.67, 5.43, 14.3, 13.29, 12.52, 31.21, 15.08, 15.4, 11.39, 11.01, 17.63, 4.55, 10.99, 16.81, 11.74, 14.37, 15.5, 16.42, 7.99, 19.0, 20.08, 0.0, 14.6, 17.53, 13.82, 36.09, 11.17, 18.72, 10.96, 28.54, 71.46], [0.0, 18.97, 22.06, 19.01, 19.99, 8.41, 21.12, 17.65, 5.19, 6.94, 22.89, 15.63, 13.66, 27.47, 28.69, 16.49, 10.73, 11.73, 27.6, 16.86, 21.15, 44.94, 10.54, 12.85, 15.31, 5.49, 32.02, 12.31, 25.32, 5.14, 26.2, 6.47, 13.66, 10.97, 8.65, 27.48, 31.69, 14.6, 0.0, 32.06, 5.09, 46.38, 15.26, 30.21, 7.58, 39.89, 57.57], [0.0, 21.29, 19.31, 26.37, 22.7, 26.87, 10.96, 14.46, 30.05, 26.61, 14.33, 27.54, 19.31, 9.47, 11.47, 18.88, 34.08, 21.9, 11.72, 23.51, 20.64, 18.64, 32.6, 32.41, 16.87, 28.4, 6.3, 21.02, 6.94, 34.21, 5.9, 31.48, 19.53, 30.99, 24.38, 23.07, 17.77, 17.53, 32.06, 0.0, 31.15, 31.31, 16.88, 17.48, 27.93, 23.3, 88.82], [0.0, 15.11, 18.38, 22.64, 15.82, 4.69, 20.29, 17.34, 9.59, 9.87, 20.13, 19.52, 11.87, 25.23, 27.48, 18.23, 6.58, 9.39, 24.96, 19.93, 17.28, 42.2, 12.57, 8.57, 15.28, 10.57, 30.12, 10.21, 24.8, 10.23, 25.49, 9.35, 11.71, 15.57, 10.67, 23.23, 28.16, 13.82, 5.09, 31.15, 0.0, 42.19, 15.16, 26.69, 12.67, 36.1, 57.69], [0.0, 27.44, 24.55, 52.4, 26.42, 37.99, 33.45, 36.22, 48.0, 45.27, 25.81, 51.8, 34.65, 24.92, 29.86, 43.34, 48.39, 35.41, 22.97, 48.7, 25.29, 17.37, 45.83, 48.93, 37.73, 40.9, 25.13, 35.21, 33.9, 44.73, 32.84, 41.37, 34.39, 52.26, 43.55, 18.96, 16.13, 36.09, 46.38, 31.31, 42.19, 0.0, 37.53, 17.41, 38.9, 8.15, 90.88], [0.0, 13.26, 14.36, 15.18, 15.17, 11.75, 6.1, 11.84, 13.32, 9.89, 11.73, 14.27, 5.32, 14.16, 13.74, 6.36, 17.23, 7.46, 15.24, 11.41, 14.55, 31.7, 15.92, 15.56, 10.87, 12.33, 17.77, 6.62, 10.06, 18.03, 10.98, 15.85, 5.76, 15.52, 7.66, 20.9, 21.44, 11.17, 15.26, 16.88, 15.16, 37.53, 0.0, 20.12, 12.59, 29.83, 72.57], [0.0, 11.65, 8.32, 35.05, 11.47, 22.11, 16.32, 18.85, 31.11, 28.19, 8.4, 34.39, 17.52, 8.65, 14.63, 25.98, 32.32, 18.66, 6.32, 31.33, 9.56, 16.61, 29.92, 32.36, 20.32, 24.86, 11.55, 18.31, 17.66, 29.58, 16.81, 26.19, 17.31, 35.02, 26.35, 6.77, 13.46, 18.72, 30.21, 17.48, 26.69, 17.41, 20.12, 0.0, 23.15, 9.89, 80.8], [0.0, 11.63, 14.87, 22.37, 12.49, 11.0, 17.22, 14.57, 10.79, 9.85, 16.55, 19.59, 8.63, 21.7, 24.2, 16.64, 9.5, 6.03, 21.39, 19.25, 13.81, 38.61, 6.93, 10.63, 12.75, 11.99, 26.64, 6.92, 21.8, 6.66, 22.4, 12.19, 8.41, 16.58, 9.87, 19.96, 24.63, 10.96, 7.58, 27.93, 12.67, 38.9, 12.59, 23.15, 0.0, 32.64, 60.91], [0.0, 21.01, 17.83, 44.5, 20.37, 31.64, 25.45, 28.37, 40.98, 38.07, 18.19, 44.07, 27.41, 16.81, 21.72, 35.46, 41.97, 28.48, 14.95, 40.84, 18.83, 12.34, 39.51, 42.17, 30.01, 34.47, 17.06, 28.17, 25.76, 38.86, 24.69, 35.46, 27.2, 44.88, 36.23, 13.46, 8.47, 28.54, 39.89, 23.3, 36.1, 8.15, 29.83, 9.89, 32.64, 0.0, 87.99], [0.0, 0.0, 0.0, 0.0, 0.0, 0.0, 0.0, 0.0, 0.0, 0.0, 0.0, 0.0, 0.0, 0.0, 0.0, 0.0, 0.0, 0.0, 0.0, 0.0, 0.0, 0.0, 0.0, 0.0, 0.0, 0.0, 0.0, 0.0, 0.0, 0.0, 0.0, 0.0, 0.0, 0.0, 0.0, 0.0, 0.0, 0.0, 0.0, 0.0, 0.0, 0.0, 0.0, 0.0, 0.0, 0.0, 0.0]], "time_windows": [[0.0, 5000.0], [0.0, 118.0], [0.0, 134.0], [0.0, 174.0], [0.0, 249.0], [0.0, 285.0], [0.0, 329.0], [0.0, 355.0], [0.0, 384.0], [0.0, 404.0], [0.0, 436.0], [0.0, 487.0], [0.0, 538.0], [0.0, 582.0], [0.0, 595.0], [0.0, 632.0], [0.0, 663.0], [0.0, 685.0], [0.0, 707.0], [0.0, 743.0], [0.0, 780.0], [0.0, 819.0], [0.0, 911.0], [0.0, 920.0], [0.0, 946.0], [0.0, 966.0], [0.0, 1006.0], [0.0, 1031.0], [0.0, 1049.0], [0.0, 1080.0], [0.0, 1111.0], [0.0, 1137.0], [0.0, 1149.0], [0.0, 1167.0], [0.0, 1176.0], [0.0, 1201.0], [0.0, 1209.0], [0.0, 1229.0], [0.0, 1243.0], [0.0, 1276.0], [0.0, 1307.0], [0.0, 1349.0], [0.0, 1386.0], [0.0, 1407.0], [0.0, 1430.0], [0.0, 1462.0], [0.0, 5000.0]], "start_depot": 0, "end_depot": 46, "horizon": [0.0, 5000.0]}