{"digraph": {"vertex_count": 47, "arc_count": 2070, "arcs": [[0, 1, 1, 1, 1, 1, 1, 1, 1, 1, 1, 1, 1, 1, 1, 1, 1, 1, 1, 1, 1, 1, 1, 1, 1, 1, 1, 1, 1, 1, 1, 1, 1, 1, 1, 1, 1, 1, 1, 1, 1, 1, 1, 1, 1, 1, 1], [0, 0, 1, 1, 1, 1, 1, 1, 1, 1, 1, 1, 1, 1, 1, 1, 1, 1, 1, 1, 1, 1, 1, 1, 1, 1, 1, 1, 1, 1, 1, 1, 1, 1, 1, 1, 1, 1, 1, 1, 1, 1, 1, 1, 1, 1, 1], [0, 1, 0, 1, 1, 1, 1, 1, 1, 1, 1, 1, 1, 1, 1, 1, 1, 1, 1, 1, 1, 1, 1, 1, 1, 1, 1, 1, 1, 1, 1, 1, 1, 1, 1, 1, 1, 1, 1, 1, 1, 1, 1, 1, 1, 1, 1], [0, 1, 1, 0, 1, 1, 1, 1, 1, 1, 1, 1, 1, 1, 1, 1, 1, 1, 1, 1, 1, 1, 1, 1, 1, 1, 1, 1, 1, 1, 1, 1, 1, 1, 1, 1, 1, 1, 1, 1, 1, 1, 1, 1, 1, 1, 1], [0, 1, 1, 1, 0, 1, 1, 1, 1, 1, 1, 1, 1, 1, 1, 1, 1, 1, 1, 1, 1, 1, 1, 1, 1, 1, 1, 1, 1, 1, 1, 1, 1, 1, 1, 1, 1, 1, 1, 1, 1, 1, 1, 1, 1, 1, 1], [0, 1, 1, 1, 1, 0, 1, 1, 1, 1, 1, 1, 1, 1, 1, 1, 1, 1, 1, 1, 1, 1, 1, 1, 1, 1, 1, 1, 1, 1, 1, 1, 1, 1, 1, 1, 1, 1, 1, 1, 1, 1, 1, 1, 1, 1, 1], [0, 1, 1, 1, 1, 1, 0, 1, 1, 1, 1, 1, 1, 1, 1, 1, 1, 1, 1, 1, 1, 1, 1, 1, 1, 1, 1, 1, 1, 1, 1, 1, 1, 1, 1, 1, 1, 1, 1, 1, 1, 1, 1, 1, 1, 1, 1], [0, 1, 1, 1, 1, 1, 1, 0, 1, 1, 1, 1, 1, 1, 1, 1, 1, 1, 1, 1, 1, 1, 1, 1, 1, 1, 1, 1, 1, 1, 1, 1, 1, 1, 1, 1, 1, 1, 1, 1, 1, 1, 1, 1, 1, 1, 1], [0, 1, 1, 1, 1, 1, 1, 1, 0, 1, 1, 1, 1, 1, 1, 1, 1, 1, 1, 1, 1, 1, 1, 1, 1, 1, 1, 1, 1, 1, 1, 1, 1, 1, 1, 1, 1, 1, 1, 1, 1, 1, 1, 1, 1, 1, 1], [0, 1, 1, 1, 1, 1, 1, 1, 1, 0, 1, 1, 1, 1, 1, 1, 1, 1, 1, 1, 1, 1, 1, 1, 1, 1, 1, 1, 1, 1, 1, 1, 1, 1, 1, 1, 1, 1, 1, 1, 1, 1, 1, 1, 1, 1, 1], [0, 1, 1, 1, 1, 1, 1, 1, 1, 1, 0, 1, 1, 1, 1, 1, 1, 1, 1, 1, 1, 1, 1, 1, 1, 1, 1, 1, 1, 1, 1, 1, 1, 1, 1, 1, 1, 1, 1, 1, 1, 1, 1, 1, 1, 1, 1], [0, 1, 1, 1, 1, 1, 1, 1, 1, 1, 1, 0, 1, 1, 1, 1, 1, 1, 1, 1, 1, 1, 1, 1, 1, 1, 1, 1, 1, 1, 1, 1, 1, 1, 1, 1, 1, 1, 1, 1, 1, 1, 1, 1, 1, 1, 1], [0, 1, 1, 1, 1, 1, 1, 1, 1, 1, 1, 1, 0, 1, 1, 1, 1, 1, 1, 1, 1, 1, 1, 1, 1, 1, 1, 1, 1, 1, 1, 1, 1, 1, 1, 1, 1, 1, 1, 1, 1, 1, 1, 1, 1, 1, 1], [0, 1, 1, 1, 1, 1, 1, 1, 1, 1, 1, 1, 1, 0, 1, 1, 1, 1, 1, 1, 1, 1, 1, 1, 1, 1, 1, 1, 1, 1, 1, 1, 1, 1, 1, 1, 1, 1, 1, 1, 1, 1, 1, 1, 1, 1, 1], [0, 1, 1, 1, 1, 1, 1, 1, 1, 1, 1, 1, 1, 1, 0, 1, 1, 1, 1, 1, 1, 1, 1, 1, 1, 1, 1, 1, 1, 1, 1, 1, 1, 1, 1, 1, 1, 1, 1, 1, 1, 1, 1, 1, 1, 1, 1], [0, 1, 1, 1, 1, 1, 1, 1, 1, 1, 1, 1, 1, 1, 1, 0, 1, 1, 1, 1, 1, 1, 1, 1, 1, 1, 1, 1, 1, 1, 1, 1, 1, 1, 1, 1, 1, 1, 1, 1, 1, 1, 1, 1, 1, 1, 1], [0, 1, 1, 1, 1, 1, 1, 1, 1, 1, 1, 1, 1, 1, 1, 1, 0, 1, 1, 1, 1, 1, 1, 1, 1, 1, 1, 1, 1, 1, 1, 1, 1, 1, 1, 1, 1, 1, 1, 1, 1, 1, 1, 1, 1, 1, 1], [0, 1, 1, 1, 1, 1, 1, 1, 1, 1, 1, 1, 1, 1, 1, 1, 1, 0, 1, 1, 1, 1, 1, 1, 1, 1, 1, 1, 1, 1, 1, 1, 1, 1, 1, 1, 1, 1, 1, 1, 1, 1, 1, 1, 1, 1, 1], [0, 1, 1, 1, 1, 1, 1, 1, 1, 1, 1, 1, 1, 1, 1, 1, 1, 1, 0, 1, 1, 1, 1, 1, 1, 1, 1, 1, 1, 1, 1, 1, 1, 1, 1, 1, 1, 1, 1, 1, 1, 1, 1, 1, 1, 1, 1], [0, 1, 1, 1, 1, 1, 1, 1, 1, 1, 1, 1, 1, 1, 1, 1, 1, 1, 1, 0, 1, 1, 1, 1, 1, 1, 1, 1, 1, 1, 1, 1, 1, 1, 1, 1, 1, 1, 1, 1, 1, 1, 1, 1, 1, 1, 1], [0, 1, 1, 1, 1, 1, 1, 1, 1, 1, 1, 1, 1, 1, 1, 1, 1, 1, 1, 1, 0, 1, 1, 1, 1, 1, 1, 1, 1, 1, 1, 1, 1, 1, 1, 1, 1, 1, 1, 1, 1, 1, 1, 1, 1, 1, 1], [0, 1, 1, 1, 1, 1, 1, 1, 1, 1, 1, 1, 1, 1, 1, 1, 1, 1, 1, 1, 1, 0, 1, 1, 1, 1, 1, 1, 1, 1, 1, 1, 1, 1, 1, 1, 1, 1, 1, 1, 1, 1, 1, 1, 1, 1, 1], [0, 1, 1, 1, 1, 1, 1, 1, 1, 1, 1, 1, 1, 1, 1, 1, 1, 1, 1, 1, 1, 1, 0, 1, 1, 1, 1, 1, 1, 1, 1, 1, 1, 1, 1, 1, 1, 1, 1, 1, 1, 1, 1, 1, 1, 1, 1], [0, 1, 1, 1, 1, 1, 1, 1, 1, 1, 1, 1, 1, 1, 1, 1, 1, 1, 1, 1, 1, 1, 1, 0, 1, 1, 1, 1, 1, 1, 1, 1, 1, 1, 1, 1, 1, 1, 1, 1, 1, 1, 1, 1, 1, 1, 1], [0, 1, 1, 1, 1, 1, 1, 1, 1, 1, 1, 1, 1, 1, 1, 1, 1, 1, 1, 1, 1, 1, 1, 1, 0, 1, 1, 1, 1, 1, 1, 1, 1, 1, 1, 1, 1, 1, 1, 1, 1, 1, 1, 1, 1, 1, 1], [0, 1, 1, 1, 1, 1, 1, 1, 1, 1, 1, 1, 1, 1, 1, 1, 1, 1, 1, 1, 1, 1, 1, 1, 1, 0, 1, 1, 1, 1, 1, 1, 1, 1, 1, 1, 1, 1, 1, 1, 1, 1, 1, 1, 1, 1, 1], [0, 1, 1, 1, 1, 1, 1, 1, 1, 1, 1, 1, 1, 1, 1, 1, 1, 1, 1, 1, 1, 1, 1, 1, 1, 1, 0, 1, 1, 1, 1, 1, 1, 1, 1, 1, 1, 1, 1, 1, 1, 1, 1, 1, 1, 1, 1], [0, 1, 1, 1, 1, 1, 1, 1, 1, 1, 1, 1, 1, 1, 1, 1, 1, 1, 1, 1, 1, 1, 1, 1, 1, 1, 1, 0, 1, 1, 1, 1, 1, 1, 1, 1, 1, 1, 1, 1, 1, 1, 1, 1, 1, 1, 1], [0, 1, 1, 1, 1, 1, 1, 1, 1, 1, 1, 1, 1, 1, 1, 1, 1, 1, 1, 1, 1, 1, 1, 1, 1, 1, 1, 1, 0, 1, 1, 1, 1, 1, 1, 1, 1, 1, 1, 1, 1, 1, 1, 1, 1, 1, 1], [0, 1, 1, 1, 1, 1, 1, 1, 1, 1, 1, 1, 1, 1, 1, 1, 1, 1, 1, 1, 1, 1, 1, 1, 1, 1, 1, 1, 1, 0, 1, 1, 1, 1, 1, 1, 1, 1, 1, 1, 1, 1, 1, 1, 1, 1, 1], [0, 1, 1, 1, 1, 1, 1, 1, 1, 1, 1, 1, 1, 1, 1, 1, 1, 1, 1, 1, 1, 1, 1, 1, 1, 1, 1, 1, 1, 1, 0, 1, 1, 1, 1, 1, 1, 1, 1, 1, 1, 1, 1, 1, 1, 1, 1], [0, 1, 1, 1, 1, 1, 1, 1, 1, 1, 1, 1, 1, 1, 1, 1, 1, 1, 1, 1, 1, 1, 1, 1, 1, 1, 1, 1, 1, 1, 1, 0, 1, 1, 1, 1, 1, 1, 1, 1, 1, 1, 1, 1, 1, 1, 1], [0, 1, 1, 1, 1, 1, 1, 1, 1, 1, 1, 1, 1, 1, 1, 1, 1, 1, 1, 1, 1, 1, 1, 1, 1, 1, 1, 1, 1, 1, 1, 1, 0, 1, 1, 1, 1, 1, 1, 1, 1, 1, 1, 1, 1, 1, 1], [0, 1, 1, 1, 1, 1, 1, 1, 1, 1, 1, 1, 1, 1, 1, 1, 1, 1, 1, 1, 1, 1, 1, 1, 1, 1, 1, 1, 1, 1, 1, 1, 1, 0, 1, 1, 1, 1, 1, 1, 1, 1, 1, 1, 1, 1, 1], [0, 1, 1, 1, 1, 1, 1, 1, 1, 1, 1, 1, 1, 1, 1, 1, 1, 1, 1, 1, 1, 1, 1, 1, 1, 1, 1, 1, 1, 1, 1, 1, 1, 1, 0, 1, 1, 1, 1, 1, 1, 1, 1, 1, 1, 1, 1], [0, 1, 1, 1, 1, 1, 1, 1, 1, 1, 1, 1, 1, 1, 1, 1, 1, 1, 1, 1, 1, 1, 1, 1, 1, 1, 1, 1, 1, 1, 1, 1, 1, 1, 1, 0, 1, 1, 1, 1, 1, 1, 1, 1, 1, 1, 1], [0, 1, 1, 1, 1, 1, 1, 1, 1, 1, 1, 1, 1, 1, 1, 1, 1, 1, 1, 1, 1, 1, 1, 1, 1, 1, 1, 1, 1, 1, 1, 1, 1, 1, 1, 1, 0, 1, 1, 1, 1, 1, 1, 1, 1, 1, 1], [0, 1, 1, 1, 1, 1, 1, 1, 1, 1, 1, 1, 1, 1, 1, 1, 1, 1, 1, 1, 1, 1, 1, 1, 1, 1, 1, 1, 1, 1, 1, 1, 1, 1, 1, 1, 1, 0, 1, 1, 1, 1, 1, 1, 1, 1, 1], [0, 1, 1, 1, 1, 1, 1, 1, 1, 1, 1, 1, 1, 1, 1, 1, 1, 1, 1, 1, 1, 1, 1, 1, 1, 1, 1, 1, 1, 1, 1, 1, 1, 1, 1, 1, 1, 1, 0, 1, 1, 1, 1, 1, 1, 1, 1], [0, 1, 1, 1, 1, 1, 1, 1, 1, 1, 1, 1, 1, 1, 1, 1, 1, 1, 1, 1, 1, 1, 1, 1, 1, 1, 1, 1, 1, 1, 1, 1, 1, 1, 1, 1, 1, 1, 1, 0, 1, 1, 1, 1, 1, 1, 1], [0, 1, 1, 1, 1, 1, 1, 1, 1, 1, 1, 1, 1, 1, 1, 1, 1, 1, 1, 1, 1, 1, 1, 1, 1, 1, 1, 1, 1, 1, 1, 1, 1, 1, 1, 1, 1, 1, 1, 1, 0, 1, 1, 1, 1, 1, 1], [0, 1, 1, 1, 1, 1, 1, 1, 1, 1, 1, 1, 1, 1, 1, 1, 1, 1, 1, 1, 1, 1, 1, 1, 1, 1, 1, 1, 1, 1, 1, 1, 1, 1, 1, 1, 1, 1, 1, 1, 1, 0, 1, 1, 1, 1, 1], [0, 1, 1, 1, 1, 1, 1, 1, 1, 1, 1, 1, 1, 1, 1, 1, 1, 1, 1, 1, 1, 1, 1, 1, 1, 1, 1, 1, 1, 1, 1, 1, 1, 1, 1, 1, 1, 1, 1, 1, 1, 1, 0, 1, 1, 1, 1], [0, 1, 1, 1, 1, 1, 1, 1, 1, 1, 1, 1, 1, 1, 1, 1, 1, 1, 1, 1, 1, 1, 1, 1, 1, 1, 1, 1, 1, 1, 1, 1, 1, 1, 1, 1, 1, 1, 1, 1, 1, 1, 1, 0, 1, 1, 1], [0, 1, 1, 1, 1, 1, 1, 1, 1, 1, 1, 1, 1, 1, 1, 1, 1, 1, 1, 1, 1, 1, 1, 1, 1, 1, 1, 1, 1, 1, 1, 1, 1, 1, 1, 1, 1, 1, 1, 1, 1, 1, 1, 1, 0, 1, 1], [0, 1, 1, 1, 1, 1, 1, 1, 1, 1, 1, 1, 1, 1, 1, 1, 1, 1, 1, 1, 1, 1, 1, 1, 1, 1, 1, 1, 1, 1, 1, 1, 1, 1, 1, 1, 1, 1, 1, 1, 1, 1, 1, 1, 1, 0, 1], [0, 0, 0, 0, 0, 0, 0, 0, 0, 0, 0, 0, 0, 0, 0, 0, 0, 0, 0, 0, 0, 0, 0, 0, 0, 0, 0, 0, 0, 0, 0, 0, 0, 0, 0, 0, 0, 0, 0, 0, 0, 0, 0, 0, 0, 0, 0]]}, "cluster_count": 3, "cluster_speeds": [[0.925, 0.85, 0.925, 1.0, 0.8325, 0.765, 0.8325, 0.9, 0.4625, 0.425, 0.4625, 0.5, 0.30525, 0.2805, 0.30525, 0.33, 0.37, 0.34, 0.37, 0.4, 0.555, 0.51, 0.555, 0.6, 0.6475, 0.595, 0.6475, 0.7, 0.37, 0.34, 0.37, 0.4, 0.30525, 0.2805, 0.30525, 0.33, 0.4625, 0.425, 0.4625, 0.5, 0.6475, 0.595, 0.6475, 0.7, 0.74, 0.68, 0.74, 0.8, 0.6475, 0.595, 0.6475, 0.7, 0.4625, 0.425, 0.4625, 0.5, 0.555, 0.51, 0.555, 0.6, 0.6475, 0.595, 0.6475, 0.7, 0.8325, 0.765, 0.8325, 0.9, 0.925, 0.85, 0.925, 1.0, 1.0], [0.6475, 0.595, 0.6475, 0.7, 0.58275, 0.5355, 0.58275, 0.63, 0.32375, 0.2975, 0.32375, 0.35, 0.213675, 0.19635, 0.213675, 0.23099999999999998, 0.259, 0.238, 0.259, 0.27999999999999997, 0.3885, 0.357, 0.3885, 0.42, 0.6475, 0.595, 0.6475, 0.7, 0.37, 0.34, 0.37, 0.4, 0.30525, 0.2805, 0.30525, 0.33, 0.4625, 0.425, 0.4625, 0.5, 0.6475, 0.595, 0.6475, 0.7, 0.74, 0.68, 0.74, 0.8, 0.45324999999999993, 0.4165, 0.45324999999999993, 0.48999999999999994, 0.32375, 0.2975, 0.32375, 0.35, 0.3885, 0.357, 0.3885, 0.42, 0.45324999999999993, 0.4165, 0.45324999999999993, 0.48999999999999994, 0.58275, 0.5355, 0.58275, 0.63, 0.6475, 0.595, 0.6475, 0.7, 0.7], [0.87875, 0.8075, 0.87875, 0.95, 0.790875, 0.72675, 0.790875, 0.855, 0.439375, 0.40375, 0.439375, 0.475, 0.2899875, 0.266475, 0.2899875, 0.3135, 0.3515, 0.323, 0.3515, 0.38, 0.52725, 0.4845, 0.52725, 0.57, 0.6475, 0.595, 0.6475, 0.7, 0.37, 0.34, 0.37, 0.4, 0.30525, 0.2805, 0.30525, 0.33, 0.4625, 0.425, 0.4625, 0.5, 0.6475, 0.595, 0.6475, 0.7, 0.74, 0.68, 0.74, 0.8, 0.6151249999999999, 0.5652499999999999, 0.6151249999999999, 0.6649999999999999, 0.439375, 0.40375, 0.439375, 0.475, 0.52725, 0.4845, 0.52725, 0.57, 0.6151249999999999, 0.5652499999999999, 0.6151249999999999, 0.6649999999999999, 0.790875, 0.72675, 0.790875, 0.855, 0.87875, 0.8075, 0.87875, 0.95, 0.95]], "clusters": [[-1, 2, 2, 2, 2, 2, 2, 2, 2, 2, 2, 2, 2, 2, 2, 2, 2, 2, 2, 2, 2, 2, 2, 2, 2, 2, 2, 2, 2, 2, 2, 2, 2, 2, 2, 2, 2, 2, 2, 2, 2, 2, 2, 2, 2, 2, 2], [1, -1, 1, 1, 1, 1, 1, 1, 1, 1, 1, 1, 1, 1, 1, 1, 1, 1, 1, 1, 1, 1, 1, 1, 1, 1, 1, 1, 1, 1, 1, 1, 1, 1, 1, 1, 1, 1, 1, 1, 1, 1, 1, 1, 1, 1, 1], [0, 0, -1, 0, 0, 0, 0, 0, 0, 0, 0, 0, 0, 0, 0, 0, 0, 0, 0, 0, 0, 0, 0, 0, 0, 0, 0, 0, 0, 0, 0, 0, 0, 0, 0, 0, 0, 0, 0, 0, 0, 0, 0, 0, 0, 0, 0], [0, 0, 0, -1, 0, 0, 0, 0, 0, 0, 0, 0, 0, 0, 0, 0, 0, 0, 0, 0, 0, 0, 0, 0, 0, 0, 0, 0, 0, 0, 0, 0, 0, 0, 0, 0, 0, 0, 0, 0, 0, 0, 0, 0, 0, 0, 0], [2, 2, 2, 2, -1, 2, 2, 2, 2, 2, 2, 2, 2, 2, 2, 2, 2, 2, 2, 2, 2, 2, 2, 2, 2, 2, 2, 2, 2, 2, 2, 2, 2, 2, 2, 2, 2, 2, 2, 2, 2, 2, 2, 2, 2, 2, 2], [1, 1, 1, 1, 1, -1, 1, 1, 1, 1, 1, 1, 1, 1, 1, 1, 1, 1, 1, 1, 1, 1, 1, 1, 1, 1, 1, 1, 1, 1, 1, 1, 1, 1, 1, 1, 1, 1, 1, 1, 1, 1, 1, 1, 1, 1, 1], [0, 0, 0, 0, 0, 0, -1, 0, 0, 0, 0, 0, 0, 0, 0, 0, 0, 0, 0, 0, 0, 0, 0, 0, 0, 0, 0, 0, 0, 0, 0, 0, 0, 0, 0, 0, 0, 0, 0, 0, 0, 0, 0, 0, 0, 0, 0], [0, 0, 0, 0, 0, 0, 0, -1, 0, 0, 0, 0, 0, 0, 0, 0, 0, 0, 0, 0, 0, 0, 0, 0, 0, 0, 0, 0, 0, 0, 0, 0, 0, 0, 0, 0, 0, 0, 0, 0, 0, 0, 0, 0, 0, 0, 0], [0, 0, 0, 0, 0, 0, 0, 0, -1, 0, 0, 0, 0, 0, 0, 0, 0, 0, 0, 0, 0, 0, 0, 0, 0, 0, 0, 0, 0, 0, 0, 0, 0, 0, 0, 0, 0, 0, 0, 0, 0, 0, 0, 0, 0, 0, 0], [1, 1, 1, 1, 1, 1, 1, 1, 1, -1, 1, 1, 1, 1, 1, 1, 1, 1, 1, 1, 1, 1, 1, 1, 1, 1, 1, 1, 1, 1, 1, 1, 1, 1, 1, 1, 1, 1, 1, 1, 1, 1, 1, 1, 1, 1, 1], [0, 0, 0, 0, 0, 0, 0, 0, 0, 0, -1, 0, 0, 0, 0, 0, 0, 0, 0, 0, 0, 0, 0, 0, 0, 0, 0, 0, 0, 0, 0, 0, 0, 0, 0, 0, 0, 0, 0, 0, 0, 0, 0, 0, 0, 0, 0], [1, 1, 1, 1, 1, 1, 1, 1, 1, 1, 1, -1, 1, 1, 1, 1, 1, 1, 1, 1, 1, 1, 1, 1, 1, 1, 1, 1, 1, 1, 1, 1, 1, 1, 1, 1, 1, 1, 1, 1, 1, 1, 1, 1, 1, 1, 1], [1, 1, 1, 1, 1, 1, 1, 1, 1, 1, 1, 1, -1, 1, 1, 1, 1, 1, 1, 1, 1, 1, 1, 1, 1, 1, 1, 1, 1, 1, 1, 1, 1, 1, 1, 1, 1, 1, 1, 1, 1, 1, 1, 1, 1, 1, 1], [0, 0, 0, 0, 0, 0, 0, 0, 0, 0, 0, 0, 0, -1, 0, 0, 0, 0, 0, 0, 0, 0, 0, 0, 0, 0, 0, 0, 0, 0, 0, 0, 0, 0, 0, 0, 0, 0, 0, 0, 0, 0, 0, 0, 0, 0, 0], [0, 0, 0, 0, 0, 0, 0, 0, 0, 0, 0, 0, 0, 0, -1, 0, 0, 0, 0, 0, 0, 0, 0, 0, 0, 0, 0, 0, 0, 0, 0, 0, 0, 0, 0, 0, 0, 0, 0, 0, 0, 0, 0, 0, 0, 0, 0], [2, 2, 2, 2, 2, 2, 2, 2, 2, 2, 2, 2, 2, 2, 2, -1, 2, 2, 2, 2, 2, 2, 2, 2, 2, 2, 2, 2, 2, 2, 2, 2, 2, 2, 2, 2, 2, 2, 2, 2, 2, 2, 2, 2, 2, 2, 2], [0, 0, 0, 0, 0, 0, 0, 0, 0, 0, 0, 0, 0, 0, 0, 0, -1, 0, 0, 0, 0, 0, 0, 0, 0, 0, 0, 0, 0, 0, 0, 0, 0, 0, 0, 0, 0, 0, 0, 0, 0, 0, 0, 0, 0, 0, 0], [0, 0, 0, 0, 0, 0, 0, 0, 0, 0, 0, 0, 0, 0, 0, 0, 0, -1, 0, 0, 0, 0, 0, 0, 0, 0, 0, 0, 0, 0, 0, 0, 0, 0, 0, 0, 0, 0, 0, 0, 0, 0, 0, 0, 0, 0, 0], [0, 0, 0, 0, 0, 0, 0, 0, 0, 0, 0, 0, 0, 0, 0, 0, 0, 0, -1, 0, 0, 0, 0, 0, 0, 0, 0, 0, 0, 0, 0, 0, 0, 0, 0, 0, 0, 0, 0, 0, 0, 0, 0, 0, 0, 0, 0], [0, 0, 0, 0, 0, 0, 0, 0, 0, 0, 0, 0, 0, 0, 0, 0, 0, 0, 0, -1, 0, 0, 0, 0, 0, 0, 0, 0, 0, 0, 0, 0, 0, 0, 0, 0, 0, 0, 0, 0, 0, 0, 0, 0, 0, 0, 0], [0, 0, 0, 0, 0, 0, 0, 0, 0, 0, 0, 0, 0, 0, 0, 0, 0, 0, 0, 0, -1, 0, 0, 0, 0, 0, 0, 0, 0, 0, 0, 0, 0, 0, 0, 0, 0, 0, 0, 0, 0, 0, 0, 0, 0, 0, 0], [1, 1, 1, 1, 1, 1, 1, 1, 1, 1, 1, 1, 1, 1, 1, 1, 1, 1, 1, 1, 1, -1, 1, 1, 1, 1, 1, 1, 1, 1, 1, 1, 1, 1, 1, 1, 1, 1, 1, 1, 1, 1, 1, 1, 1, 1, 1], [0, 0, 0, 0, 0, 0, 0, 0, 0, 0, 0, 0, 0, 0, 0, 0, 0, 0, 0, 0, 0, 0, -1, 0, 0, 0, 0, 0, 0, 0, 0, 0, 0, 0, 0, 0, 0, 0, 0, 0, 0, 0, 0, 0, 0, 0, 0], [0, 0, 0, 0, 0, 0, 0, 0, 0, 0, 0, 0, 0, 0, 0, 0, 0, 0, 0, 0, 0, 0, 0, -1, 0, 0, 0, 0, 0, 0, 0, 0, 0, 0, 0, 0, 0, 0, 0, 0, 0, 0, 0, 0, 0, 0, 0], [0, 0, 0, 0, 0, 0, 0, 0, 0, 0, 0, 0, 0, 0, 0, 0, 0, 0, 0, 0, 0, 0, 0, 0, -1, 0, 0, 0, 0, 0, 0, 0, 0, 0, 0, 0, 0, 0, 0, 0, 0, 0, 0, 0, 0, 0, 0], [0, 0, 0, 0, 0, 0, 0, 0, 0, 0, 0, 0, 0, 0, 0, 0, 0, 0, 0, 0, 0, 0, 0, 0, 0, -1, 0, 0, 0, 0, 0, 0, 0, 0, 0, 0, 0, 0, 0, 0, 0, 0, 0, 0, 0, 0, 0], [0, 0, 0, 0, 0, 0, 0, 0, 0, 0, 0, 0, 0, 0, 0, 0, 0, 0, 0, 0, 0, 0, 0, 0, 0, 0, -1, 0, 0, 0, 0, 0, 0, 0, 0, 0, 0, 0, 0, 0, 0, 0, 0, 0, 0, 0, 0], [0, 0, 0, 0, 0, 0, 0, 0, 0, 0, 0, 0, 0, 0, 0, 0, 0, 0, 0, 0, 0, 0, 0, 0, 0, 0, 0, -1, 0, 0, 0, 0, 0, 0, 0, 0, 0, 0, 0, 0, 0, 0, 0, 0, 0, 0, 0], [0, 0, 0, 0, 0, 0, 0, 0, 0, 0, 0, 0, 0, 0, 0, 0, 0, 0, 0, 0, 0, 0, 0, 0, 0, 0, 0, 0, -1, 0, 0, 0, 0, 0, 0, 0, 0, 0, 0, 0, 0, 0, 0, 0, 0, 0, 0], [1, 1, 1, 1, 1, 1, 1, 1, 1, 1, 1, 1, 1, 1, 1, 1, 1, 1, 1, 1, 1, 1, 1, 1, 1, 1, 1, 1, 1, -1, 1, 1, 1, 1, 1, 1, 1, 1, 1, 1, 1, 1, 1, 1, 1, 1, 1], [0, 0, 0, 0, 0, 0, 0, 0, 0, 0, 0, 0, 0, 0, 0, 0, 0, 0, 0, 0, 0, 0, 0, 0, 0, 0, 0, 0, 0, 0, -1, 0, 0, 0, 0, 0, 0, 0, 0, 0, 0, 0, 0, 0, 0, 0, 0], [0, 0, 0, 0, 0, 0, 0, 0, 0, 0, 0, 0, 0, 0, 0, 0, 0, 0, 0, 0, 0, 0, 0, 0, 0, 0, 0, 0, 0, 0, 0, -1, 0, 0, 0, 0, 0, 0, 0, 0, 0, 0, 0, 0, 0, 0, 0], [0, 0, 0, 0, 0, 0, 0, 0, 0, 0, 0, 0, 0, 0, 0, 0, 0, 0, 0, 0, 0, 0, 0, 0, 0, 0, 0, 0, 0, 0, 0, 0, -1, 0, 0, 0, 0, 0, 0, 0, 0, 0, 0, 0, 0, 0, 0], [0, 0, 0, 0, 0, 0, 0, 0, 0, 0, 0, 0, 0, 0, 0, 0, 0, 0, 0, 0, 0, 0, 0, 0, 0, 0, 0, 0, 0, 0, 0, 0, 0, -1, 0, 0, 0, 0, 0, 0, 0, 0, 0, 0, 0, 0, 0], [0, 0, 0, 0, 0, 0, 0, 0, 0, 0, 0, 0, 0, 0, 0, 0, 0, 0, 0, 0, 0, 0, 0, 0, 0, 0, 0, 0, 0, 0, 0, 0, 0, 0, -1, 0, 0, 0, 0, 0, 0, 0, 0, 0, 0, 0, 0], [0, 0, 0, 0, 0, 0, 0, 0, 0, 0, 0, 0, 0, 0, 0, 0, 0, 0, 0, 0, 0, 0, 0, 0, 0, 0, 0, 0, 0, 0, 0, 0, 0, 0, 0, -1, 0, 0, 0, 0, 0, 0, 0, 0, 0, 0, 0], [1, 1, 1, 1, 1, 1, 1, 1, 1, 1, 1, 1, 1, 1, 1, 1, 1, 1, 1, 1, 1, 1, 1, 1, 1, 1, 1, 1, 1, 1, 1, 1, 1, 1, 1, 1, -1, 1, 1, 1, 1, 1, 1, 1, 1, 1, 1], [0, 0, 0, 0, 0, 0, 0, 0, 0, 0, 0, 0, 0, 0, 0, 0, 0, 0, 0, 0, 0, 0, 0, 0, 0, 0, 0, 0, 0, 0, 0, 0, 0, 0, 0, 0, 0, -1, 0, 0, 0, 0, 0, 0, 0, 0, 0], [0, 0, 0, 0, 0, 0, 0, 0, 0, 0, 0, 0, 0, 0, 0, 0, 0, 0, 0, 0, 0, 0, 0, 0, 0, 0, 0, 0, 0, 0, 0, 0, 0, 0, 0, 0, 0, 0, -1, 0, 0, 0, 0, 0, 0, 0, 0], [2, 2, 2, 2, 2, 2, 2, 2, 2, 2, 2, 2, 2, 2, 2, 2, 2, 2, 2, 2, 2, 2, 2, 2, 2, 2, 2, 2, 2, 2, 2, 2, 2, 2, 2, 2, 2, 2, 2, -1, 2, 2, 2, 2, 2, 2, 2], [0, 0, 0, 0, 0, 0, 0, 0, 0, 0, 0, 0, 0, 0, 0, 0, 0, 0, 0, 0, 0, 0, 0, 0, 0, 0, 0, 0, 0, 0, 0, 0, 0, 0, 0, 0, 0, 0, 0, 0, -1, 0, 0, 0, 0, 0, 0], [0, 0, 0, 0, 0, 0, 0, 0, 0, 0, 0, 0, 0, 0, 0, 0, 0, 0, 0, 0, 0, 0, 0, 0, 0, 0, 0, 0, 0, 0, 0, 0, 0, 0, 0, 0, 0, 0, 0, 0, 0, -1, 0, 0, 0, 0, 0], [0, 0, 0, 0, 0, 0, 0, 0, 0, 0, 0, 0, 0, 0, 0, 0, 0, 0, 0, 0, 0, 0, 0, 0, 0, 0, 0, 0, 0, 0, 0, 0, 0, 0, 0, 0, 0, 0, 0, 0, 0, 0, -1, 0, 0, 0, 0], [0, 0, 0, 0, 0, 0, 0, 0, 0, 0, 0, 0, 0, 0, 0, 0, 0, 0, 0, 0, 0, 0, 0, 0, 0, 0, 0, 0, 0, 0, 0, 0, 0, 0, 0, 0, 0, 0, 0, 0, 0, 0, 0, -1, 0, 0, 0], [0, 0, 0, 0, 0, 0, 0, 0, 0, 0, 0, 0, 0, 0, 0, 0, 0, 0, 0, 0, 0, 0, 0, 0, 0, 0, 0, 0, 0, 0, 0, 0, 0, 0, 0, 0, 0, 0, 0, 0, 0, 0, 0, 0, -1, 0, 0], [1, 1, 1, 1, 1, 1, 1, 1, 1, 1, 1, 1, 1, 1, 1, 1, 1, 1, 1, 1, 1, 1, 1, 1, 1, 1, 1, 1, 1, 1, 1, 1, 1, 1, 1, 1, 1, 1, 1, 1, 1, 1, 1, 1, 1, -1, 1], [2, 2, 2, 2, 2, 2, 2, 2, 2, 2, 2, 2, 2, 2, 2, 2, 2, 2, 2, 2, 2, 2, 2, 2, 2, 2, 2, 2, 2, 2, 2, 2, 2, 2, 2, 2, 2, 2, 2, 2, 2, 2, 2, 2, 2, 2, -1]], "speed_zone_count": 73, "speed_zones": [[0.0, 15.0], [15.0, 30.0], [30.0, 45.0], [45.0, 60.0], [60.0, 75.0], [75.0, 90.0], [90.0, 105.0], [105.0, 120.0], [120.0, 135.0], [135.0, 150.0], [150.0, 165.0], [165.0, 180.0], [180.0, 195.0], [195.0, 210.0], [210.0, 225.0], [225.0, 240.0], [240.0, 255.0], [255.0, 270.0], [270.0, 285.0], [285.0, 300.0], [300.0, 315.0], [315.0, 330.0], [330.0, 345.0], [345.0, 360.0], [360.0, 375.0], [375.0, 390.0], [390.0, 405.0], [405.0, 420.0], [420.0, 435.0], [435.0, 450.0], [450.0, 465.0], [465.0, 480.0], [480.0, 495.0], [495.0, 510.0], [510.0, 525.0], [525.0, 540.0], [540.0, 555.0], [555.0, 570.0], [570.0, 585.0], [585.0, 600.0], [600.0, 615.0], [615.0, 630.0], [630.0, 645.0], [645.0, 660.0], [660.0, 675.0], [675.0, 690.0], [690.0, 705.0], [705.0, 720.0], [720.0, 735.0], [735.0, 750.0], [750.0, 765.0], [765.0, 780.0], [780.0, 795.0], [795.0, 810.0], [810.0, 825.0], [825.0, 840.0], [840.0, 855.0], [855.0, 870.0], [870.0, 885.0], [885.0, 900.0], [900.0, 915.0], [915.0, 930.0], [930.0, 945.0], [945.0, 960.0], [960.0, 975.0], [975.0, 990.0], [990.0, 1005.0], [1005.0, 1020.0], [1020.0, 1035.0], [1035.0, 1050.0], [1050.0, 1065.0], [1065.0, 1080.0], [1080.0, 5000.0]], "distances": [[0.0, 88.16, 72.15, 68.51, 63.25, 88.64, 64.88, 67.43, 71.79, 81.16, 80.84, 53.27, 57.65, 73.53, 70.24, 99.27, 56.6, 64.86, 78.1, 69.99, 73.17, 73.3, 69.56, 61.99, 77.97, 74.87, 61.25, 64.2, 76.61, 49.82, 69.08, 68.87, 85.2, 81.24, 61.56, 65.58, 86.97, 78.78, 76.51, 96.57, 56.83, 74.78, 59.29, 70.37, 71.36, 69.81, 0.0], [0.0, 0.0, 17.66, 20.56, 44.84, 7.38, 23.42, 21.45, 22.33, 15.36, 7.32, 34.89, 31.98, 16.59, 18.47, 29.4, 31.55, 24.18, 10.4, 21.36, 19.61, 24.81, 22.86, 26.31, 10.18, 13.5, 28.94, 25.51, 14.57, 39.5, 24.06, 19.63, 11.8, 7.24, 26.6, 22.65, 12.63, 13.5, 11.97, 25.12, 31.79, 13.59, 29.23, 22.47, 20.56, 26.07, 88.16], [0.0, 17.66, 0.0, 12.09, 40.8, 16.51, 8.3, 12.45, 7.03, 10.42, 11.06, 19.69, 20.64, 13.96, 11.99, 31.88, 16.81, 14.28, 11.17, 11.44, 4.77, 24.73, 6.01, 10.85, 9.24, 9.46, 19.21, 16.35, 4.59, 26.46, 20.07, 4.65, 14.36, 12.87, 12.39, 8.13, 15.35, 6.85, 10.41, 27.97, 18.79, 9.44, 16.47, 6.04, 17.43, 23.44, 72.15], [0.0, 20.56, 12.09, 0.0, 38.18, 20.14, 4.63, 10.23, 8.58, 14.11, 13.52, 15.89, 17.2, 13.42, 9.83, 35.45, 13.02, 11.53, 12.54, 4.75, 7.32, 23.49, 6.44, 7.06, 11.13, 10.01, 16.14, 13.61, 8.4, 22.73, 18.28, 11.53, 17.33, 14.89, 8.71, 4.66, 19.15, 10.66, 11.38, 31.61, 15.14, 9.95, 12.91, 6.95, 16.14, 21.71, 68.51], [0.0, 44.84, 40.8, 38.18, 0.0, 50.28, 34.19, 28.36, 46.74, 50.18, 40.05, 30.83, 22.91, 29.43, 37.61, 71.25, 30.23, 26.66, 36.08, 42.89, 45.34, 20.13, 44.37, 33.5, 37.9, 34.4, 22.36, 24.58, 44.08, 24.22, 21.62, 36.37, 43.76, 38.49, 31.03, 33.73, 52.87, 45.86, 35.06, 66.99, 26.27, 34.34, 27.06, 45.02, 25.07, 18.93, 63.25], [0.0, 7.38, 16.51, 20.14, 50.28, 0.0, 24.04, 24.36, 18.91, 10.01, 10.29, 35.8, 34.68, 20.99, 18.51, 22.24, 32.66, 27.02, 14.27, 19.24, 16.59, 30.68, 20.26, 26.88, 12.81, 16.57, 32.13, 28.71, 12.2, 41.64, 28.84, 19.98, 6.72, 11.83, 27.82, 23.5, 5.56, 10.25, 15.5, 17.91, 33.77, 16.65, 31.22, 19.64, 25.31, 31.35, 88.64], [0.0, 23.42, 8.3, 4.63, 34.19, 24.04, 0.0, 7.5, 12.7, 18.7, 16.12, 11.76, 12.64, 12.58, 5.56, 40.07, 8.65, 7.85, 14.06, 8.9, 11.84, 21.18, 10.21, 11.69, 13.35, 10.96, 11.89, 9.81, 12.82, 18.16, 15.5, 12.95, 20.36, 16.94, 12.62, 9.29, 23.55, 15.07, 12.59, 36.23, 10.52, 10.88, 8.29, 10.91, 14.11, 18.87, 64.88], [0.0, 21.45, 12.45, 10.23, 28.36, 24.36, 7.5, 0.0, 18.76, 22.05, 14.53, 14.86, 10.54, 6.37, 9.3, 43.47, 11.55, 12.94, 11.05, 14.96, 17.08, 13.68, 16.67, 8.87, 11.69, 8.02, 7.77, 4.38, 15.85, 18.1, 8.12, 8.2, 19.0, 14.23, 7.36, 6.63, 25.56, 17.8, 9.48, 39.34, 10.6, 7.93, 8.15, 17.18, 6.68, 11.54, 67.43], [0.0, 22.33, 7.03, 8.58, 46.74, 18.91, 12.7, 18.76, 0.0, 9.63, 16.88, 21.86, 25.21, 20.97, 9.64, 28.77, 19.73, 20.1, 17.86, 13.33, 11.8, 31.63, 13.04, 14.22, 15.7, 16.46, 24.56, 22.17, 7.81, 29.67, 26.71, 10.56, 19.1, 19.02, 16.45, 13.04, 15.64, 8.96, 17.29, 25.38, 22.69, 16.44, 20.78, 13.07, 24.28, 30.12, 71.79], [0.0, 15.36, 10.42, 14.11, 50.18, 10.01, 18.7, 22.05, 9.63, 0.0, 12.79, 29.78, 31.01, 21.39, 13.48, 21.54, 27.08, 24.25, 15.74, 11.26, 8.0, 32.35, 11.61, 21.13, 13.41, 16.19, 29.34, 26.26, 6.21, 36.84, 28.75, 15.0, 12.7, 15.19, 22.79, 18.54, 6.01, 4.33, 16.08, 17.57, 29.21, 16.23, 26.88, 10.83, 25.57, 31.89, 81.16], [0.0, 7.32, 11.06, 13.52, 40.05, 10.29, 16.12, 14.53, 16.88, 12.79, 0.0, 27.58, 25.05, 10.7, 11.33, 31.64, 24.25, 17.26, 12.64, 15.08, 14.09, 20.75, 16.8, 19.0, 11.88, 6.52, 22.22, 18.78, 9.23, 32.41, 18.55, 12.4, 4.49, 9.79, 19.29, 15.33, 13.22, 9.22, 5.25, 27.3, 24.63, 6.61, 22.06, 16.58, 15.03, 21.14, 80.84], [0.0, 34.89, 19.69, 15.89, 30.83, 35.8, 11.76, 14.86, 21.86, 29.78, 27.58, 0.0, 8.81, 21.23, 17.29, 50.54, 11.39, 12.73, 24.94, 18.77, 22.11, 25.42, 19.2, 8.93, 24.71, 21.71, 11.63, 13.0, 24.29, 8.32, 19.62, 15.82, 31.95, 28.04, 8.3, 12.38, 35.03, 26.55, 23.36, 46.96, 5.66, 21.61, 7.12, 20.06, 20.4, 22.06, 53.27], [0.0, 31.98, 20.64, 17.2, 22.91, 34.68, 12.64, 10.54, 25.21, 31.01, 25.05, 8.81, 0.0, 16.07, 17.52, 52.52, 7.38, 7.8, 21.57, 21.49, 24.47, 17.29, 22.62, 11.11, 22.18, 18.55, 9.71, 6.64, 24.88, 7.84, 11.93, 16.01, 29.53, 24.75, 8.77, 12.57, 35.3, 27.05, 20.01, 48.57, 14.41, 18.46, 4.45, 23.38, 13.74, 13.77, 57.65], [0.0, 16.59, 13.96, 13.42, 29.43, 20.99, 12.58, 6.37, 20.97, 21.39, 10.7, 21.23, 16.07, 0.0, 11.57, 41.9, 17.91, 8.7, 6.72, 17.59, 18.67, 11.03, 19.49, 14.67, 8.48, 5.2, 12.69, 9.42, 15.72, 23.88, 7.86, 11.27, 14.76, 9.51, 13.56, 11.59, 23.47, 17.09, 5.63, 37.61, 16.76, 5.16, 14.41, 19.76, 4.36, 10.63, 73.53], [0.0, 18.47, 11.99, 9.83, 37.61, 18.51, 5.56, 9.3, 9.64, 13.48, 11.33, 17.29, 17.52, 11.57, 0.0, 35.01, 14.22, 11.06, 10.28, 6.04, 7.78, 22.0, 7.93, 8.37, 8.88, 7.81, 16.0, 13.13, 7.39, 23.62, 17.09, 12.83, 15.27, 12.64, 9.53, 5.17, 18.05, 9.62, 9.14, 31.05, 15.84, 7.76, 13.44, 8.26, 14.65, 20.49, 70.24], [0.0, 29.4, 31.88, 35.45, 71.25, 22.24, 40.07, 43.47, 28.77, 21.54, 31.64, 50.54, 52.52, 41.9, 35.01, 0.0, 48.15, 45.76, 35.45, 31.8, 28.49, 52.38, 31.38, 42.3, 33.44, 36.85, 50.88, 47.75, 27.74, 58.05, 49.63, 36.52, 28.87, 33.63, 44.15, 40.0, 18.45, 25.69, 36.29, 4.35, 50.59, 36.91, 48.33, 30.52, 46.24, 52.53, 99.27], [0.0, 31.55, 16.81, 13.02, 30.23, 32.66, 8.65, 11.55, 19.73, 27.08, 24.25, 11.39, 7.38, 17.91, 14.22, 48.15, 0.0, 9.56, 21.57, 16.37, 19.65, 22.78, 17.05, 5.96, 21.37, 18.33, 9.37, 10.09, 21.39, 9.95, 16.86, 12.71, 28.64, 24.67, 4.96, 9.17, 32.15, 23.65, 19.98, 44.45, 11.39, 18.24, 4.27, 17.89, 17.32, 19.55, 56.6], [0.0, 24.18, 14.28, 11.53, 26.66, 27.02, 7.85, 12.94, 20.1, 24.25, 17.26, 12.73, 7.8, 8.7, 11.06, 45.76, 9.56, 0.0, 13.78, 16.25, 18.71, 13.97, 17.8, 8.3, 14.41, 10.75, 5.18, 11.63, 18.04, 15.4, 8.03, 9.74, 21.73, 16.96, 6.21, 7.22, 28.03, 20.08, 12.21, 41.67, 8.06, 10.66, 5.74, 18.41, 7.8, 11.26, 64.86], [0.0, 10.4, 11.17, 12.54, 36.08, 14.27, 14.06, 11.05, 17.86, 15.74, 12.64, 24.94, 21.57, 6.72, 10.28, 35.45, 21.57, 13.78, 0.0, 15.3, 15.17, 16.96, 17.18, 16.82, 15.2, 11.92, 18.57, 15.13, 10.97, 29.12, 14.57, 10.91, 8.16, 13.46, 16.67, 13.15, 17.0, 11.7, 12.35, 31.13, 21.48, 11.88, 18.93, 17.16, 11.05, 17.19, 78.1], [0.0, 21.36, 11.44, 4.75, 42.89, 19.24, 8.9, 14.96, 13.33, 11.26, 15.08, 18.77, 21.49, 17.59, 6.04, 31.8, 16.37, 16.25, 15.3, 0.0, 12.06, 28.03, 11.19, 10.64, 13.37, 13.43, 20.73, 18.32, 7.1, 26.3, 22.97, 6.78, 18.06, 16.97, 12.76, 9.2, 16.98, 9.01, 14.48, 28.18, 19.09, 13.39, 17.08, 11.7, 20.67, 26.39, 69.99], [0.0, 19.61, 4.77, 7.32, 45.34, 16.59, 11.84, 17.08, 11.8, 8.0, 14.09, 22.11, 24.47, 18.67, 7.78, 28.49, 19.65, 18.71, 15.17, 12.06, 0.0, 29.5, 10.78, 13.84, 12.98, 13.96, 23.44, 20.79, 5.05, 29.57, 24.82, 8.97, 16.37, 16.25, 15.84, 11.97, 13.84, 6.42, 14.69, 24.85, 22.23, 13.95, 20.12, 10.81, 22.2, 28.2, 73.17], [0.0, 24.81, 24.73, 23.49, 20.13, 30.68, 21.18, 13.68, 31.63, 32.35, 20.75, 25.42, 17.29, 11.03, 22.0, 52.38, 22.78, 13.97, 16.96, 28.03, 29.5, 0.0, 29.86, 22.2, 19.11, 16.2, 13.88, 12.78, 26.75, 24.31, 5.97, 21.32, 24.02, 18.88, 20.18, 20.31, 33.94, 28.08, 16.32, 48.05, 19.83, 16.17, 18.51, 30.25, 7.36, 13.68, 73.3], [0.0, 22.86, 6.01, 6.44, 44.37, 20.26, 10.21, 16.67, 13.04, 11.61, 16.8, 19.2, 22.62, 19.49, 7.93, 31.38, 17.05, 17.8, 17.18, 11.19, 10.78, 29.86, 0.0, 11.58, 15.2, 15.35, 22.11, 19.85, 8.37, 26.99, 24.72, 8.56, 19.58, 18.76, 13.85, 10.64, 17.53, 10.03, 16.39, 27.93, 20.04, 15.32, 18.18, 12.05, 22.51, 28.15, 69.56], [0.0, 26.31, 10.85, 7.06, 33.5, 26.88, 11.69, 8.87, 14.22, 21.13, 19.0, 8.93, 11.11, 14.67, 8.37, 42.3, 5.96, 8.3, 16.82, 10.64, 13.84, 22.2, 11.58, 0.0, 16.21, 13.65, 11.19, 9.92, 15.44, 15.75, 16.31, 6.91, 23.26, 19.75, 10.92, 11.72, 26.19, 17.7, 15.31, 38.55, 8.46, 13.57, 6.66, 12.38, 15.52, 19.55, 61.99], [0.0, 10.18, 9.24, 11.13, 37.9, 12.81, 13.35, 11.69, 15.7, 13.41, 11.88, 24.71, 22.18, 8.48, 8.88, 33.44, 21.37, 14.41, 15.2, 13.37, 12.98, 19.11, 15.2, 16.21, 0.0, 13.67, 19.42, 15.98, 8.63, 29.5, 16.29, 9.79, 7.39, 12.69, 16.41, 12.53, 15.0, 9.33, 14.1, 29.14, 21.72, 13.64, 19.15, 15.12, 12.84, 19.1, 77.97], [0.0, 13.5, 9.46, 10.01, 34.4, 16.57, 10.96, 8.02, 16.46, 16.19, 6.52, 21.71, 18.55, 5.2, 7.81, 36.85, 18.33, 10.75, 11.92, 13.43, 13.96, 16.2, 15.35, 13.65, 13.67, 0.0, 15.7, 12.26, 10.59, 26.0, 12.78, 8.14, 10.98, 6.38, 13.43, 10.02, 18.49, 11.89, 10.82, 32.59, 18.3, 10.36, 15.74, 15.48, 9.44, 15.76, 74.87], [0.0, 28.94, 19.21, 16.14, 22.36, 32.13, 11.89, 7.77, 24.56, 29.34, 22.22, 11.63, 9.71, 12.69, 16.0, 50.88, 9.37, 5.18, 18.57, 20.73, 23.44, 13.88, 22.11, 11.19, 19.42, 15.7, 0.0, 11.15, 23.14, 11.43, 8.33, 14.58, 26.65, 21.7, 8.72, 11.54, 33.21, 25.21, 17.05, 46.81, 5.98, 15.61, 5.26, 22.79, 10.11, 10.45, 61.25], [0.0, 25.51, 16.35, 13.61, 24.58, 28.71, 9.81, 4.38, 22.17, 26.26, 18.78, 13.0, 6.64, 9.42, 13.13, 47.75, 10.09, 11.63, 15.13, 18.32, 20.79, 12.78, 19.85, 9.92, 15.98, 12.26, 11.15, 0.0, 20.05, 14.46, 6.82, 11.83, 23.21, 18.27, 7.63, 9.23, 29.92, 22.07, 13.61, 43.65, 7.77, 12.17, 5.89, 20.47, 7.49, 9.78, 64.2], [0.0, 14.57, 4.59, 8.4, 44.08, 12.2, 12.82, 15.85, 7.81, 6.21, 9.23, 24.29, 24.88, 15.72, 7.39, 27.74, 21.39, 18.04, 10.97, 7.1, 5.05, 26.75, 8.37, 15.44, 8.63, 10.59, 23.14, 20.05, 0.0, 30.97, 22.78, 8.94, 11.32, 11.51, 16.87, 12.54, 10.76, 10.54, 10.87, 23.71, 23.23, 10.61, 20.84, 7.92, 19.73, 26.0, 76.61], [0.0, 39.5, 26.46, 22.73, 24.22, 41.64, 18.16, 18.1, 29.67, 36.84, 32.41, 8.32, 7.84, 23.88, 23.62, 58.05, 9.95, 15.4, 29.12, 26.3, 29.57, 24.31, 26.99, 15.75, 29.5, 26.0, 11.43, 14.46, 30.97, 0.0, 19.44, 22.07, 36.89, 32.31, 14.09, 18.44, 41.67, 33.21, 27.54, 54.3, 7.87, 25.91, 10.42, 27.83, 21.54, 20.73, 49.82], [0.0, 24.06, 20.07, 18.28, 21.62, 28.84, 15.5, 8.12, 26.71, 28.75, 18.55, 19.62, 11.93, 7.86, 17.09, 49.63, 16.86, 8.03, 14.57, 22.97, 24.82, 5.97, 24.72, 16.31, 16.29, 12.78, 8.33, 6.82, 22.78, 19.44, 0.0, 16.18, 22.51, 17.22, 14.23, 14.69, 31.25, 24.42, 13.46, 45.37, 14.11, 12.72, 12.61, 25.2, 12.22, 16.6, 69.08], [0.0, 19.63, 4.65, 11.53, 36.37, 19.98, 12.95, 8.2, 10.56, 15.0, 12.4, 15.82, 16.01, 11.27, 12.83, 36.52, 12.71, 9.74, 10.91, 6.78, 8.97, 21.32, 8.56, 6.91, 9.79, 8.14, 14.58, 11.83, 8.94, 22.07, 16.18, 0.0, 16.49, 13.5, 7.99, 12.36, 19.6, 11.17, 9.62, 32.57, 14.3, 8.08, 11.9, 9.02, 13.97, 19.61, 68.87], [0.0, 11.8, 14.36, 17.33, 43.76, 6.72, 20.36, 19.0, 19.1, 12.7, 4.49, 31.95, 29.53, 14.76, 15.27, 28.87, 28.64, 21.73, 8.16, 18.06, 16.37, 24.02, 19.58, 23.26, 7.39, 10.98, 26.65, 23.21, 11.32, 36.89, 22.51, 16.49, 0.0, 5.3, 23.68, 19.62, 11.05, 10.38, 9.61, 24.53, 29.11, 11.07, 26.53, 19.2, 18.97, 24.84, 85.2], [0.0, 7.24, 12.87, 14.89, 38.49, 11.83, 16.94, 14.23, 19.02, 15.19, 9.79, 28.04, 24.75, 9.51, 12.64, 33.63, 24.67, 16.96, 13.46, 16.97, 16.25, 18.88, 18.76, 19.75, 12.69, 6.38, 21.7, 18.27, 11.51, 32.31, 17.22, 13.5, 5.3, 0.0, 19.75, 16.07, 15.32, 11.62, 4.78, 29.28, 24.66, 6.47, 22.11, 18.6, 13.68, 19.56, 81.24], [0.0, 26.6, 12.39, 8.71, 31.03, 27.82, 12.62, 7.36, 16.45, 22.79, 19.29, 8.3, 8.77, 13.56, 9.53, 44.15, 4.96, 6.21, 16.67, 12.76, 15.84, 20.18, 13.85, 10.92, 16.41, 13.43, 8.72, 7.63, 16.87, 14.09, 14.23, 7.99, 23.68, 19.75, 0.0, 4.37, 27.58, 19.12, 15.1, 40.32, 6.43, 13.34, 4.33, 14.62, 13.8, 17.37, 61.56], [0.0, 22.65, 8.13, 4.66, 33.73, 23.5, 9.29, 6.63, 13.04, 18.54, 15.33, 12.38, 12.57, 11.59, 5.17, 40.0, 9.17, 7.22, 13.15, 9.2, 11.97, 20.31, 10.64, 11.72, 12.53, 10.02, 11.54, 9.23, 12.54, 18.44, 14.69, 12.36, 19.62, 16.07, 4.37, 0.0, 23.22, 14.78, 11.66, 36.1, 10.69, 9.94, 8.34, 11.29, 13.19, 18.08, 65.58], [0.0, 12.63, 15.35, 19.15, 52.87, 5.56, 23.55, 25.56, 15.64, 6.01, 13.22, 35.03, 35.3, 23.47, 18.05, 18.45, 32.15, 28.03, 17.0, 16.98, 13.84, 33.94, 17.53, 26.19, 15.0, 18.49, 33.21, 29.92, 10.76, 41.67, 31.25, 19.6, 11.05, 15.32, 27.58, 23.22, 0.0, 8.5, 17.85, 14.14, 33.87, 18.56, 31.43, 16.77, 27.83, 34.09, 86.97], [0.0, 13.5, 6.85, 10.66, 45.86, 10.25, 15.07, 17.8, 8.96, 4.33, 9.22, 26.55, 27.05, 17.09, 9.62, 25.69, 23.65, 20.08, 11.7, 9.01, 6.42, 28.08, 10.03, 17.7, 9.33, 11.89, 25.21, 22.07, 10.54, 33.21, 24.42, 11.17, 10.38, 11.62, 19.12, 14.78, 8.5, 0.0, 11.88, 21.6, 25.46, 11.93, 23.05, 9.45, 21.24, 27.56, 78.78], [0.0, 11.97, 10.41, 11.38, 35.06, 15.5, 12.59, 9.48, 17.29, 16.08, 5.25, 23.36, 20.01, 5.63, 9.14, 36.29, 19.98, 12.21, 12.35, 14.48, 14.69, 16.32, 16.39, 15.31, 14.1, 10.82, 17.05, 13.61, 10.87, 27.54, 13.46, 9.62, 9.61, 4.78, 15.1, 11.66, 17.85, 11.88, 0.0, 31.99, 19.88, 10.79, 17.33, 16.45, 9.99, 16.24, 76.51], [0.0, 25.12, 27.97, 31.61, 66.99, 17.91, 36.23, 39.34, 25.38, 17.57, 27.3, 46.96, 48.57, 37.61, 31.05, 4.35, 44.45, 41.67, 31.13, 28.18, 24.85, 48.05, 27.93, 38.55, 29.14, 32.59, 46.81, 43.65, 23.71, 54.3, 45.37, 32.57, 24.53, 29.28, 40.32, 36.1, 14.14, 21.6, 31.99, 0.0, 46.74, 32.65, 44.44, 27.07, 41.96, 48.24, 96.57], [0.0, 31.79, 18.79, 15.14, 26.27, 33.77, 10.52, 10.6, 22.69, 29.21, 24.63, 5.66, 14.41, 16.76, 15.84, 50.59, 11.39, 8.06, 21.48, 19.09, 22.23, 19.83, 20.04, 8.46, 21.72, 18.3, 5.98, 7.77, 23.23, 7.87, 14.11, 14.3, 29.11, 24.66, 6.43, 10.69, 33.87, 25.46, 19.88, 46.74, 0.0, 18.21, 10.76, 20.84, 15.25, 16.43, 56.83], [0.0, 13.59, 9.44, 9.95, 34.34, 16.65, 10.88, 7.93, 16.44, 16.23, 6.61, 21.61, 18.46, 5.16, 7.76, 36.91, 18.24, 10.66, 11.88, 13.39, 13.95, 16.17, 15.32, 13.57, 13.64, 10.36, 15.61, 12.17, 10.61, 25.91, 12.72, 8.08, 11.07, 6.47, 13.34, 9.94, 18.56, 11.93, 10.79, 32.65, 18.21, 0.0, 15.65, 15.45, 9.39, 15.71, 74.78], [0.0, 29.23, 16.47, 12.91, 27.06, 31.22, 8.29, 8.15, 20.78, 26.88, 22.06, 7.12, 4.45, 14.41, 13.44, 48.33, 4.27, 5.74, 18.93, 17.08, 20.12, 18.51, 18.18, 6.66, 19.15, 15.74, 5.26, 5.89, 20.84, 10.42, 12.61, 11.9, 26.53, 22.11, 4.33, 8.34, 31.43, 23.05, 17.33, 44.44, 10.76, 15.65, 0.0, 18.95, 13.29, 15.29, 59.29], [0.0, 22.47, 6.04, 6.95, 45.02, 19.64, 10.91, 17.18, 13.07, 10.83, 16.58, 20.06, 23.38, 19.76, 8.26, 30.52, 17.89, 18.41, 17.16, 11.7, 10.81, 30.25, 12.05, 12.38, 15.12, 15.48, 22.79, 20.47, 7.92, 27.83, 25.2, 9.02, 19.2, 18.6, 14.62, 11.29, 16.77, 9.45, 16.45, 27.07, 20.84, 15.45, 18.95, 0.0, 22.9, 28.62, 70.37], [0.0, 20.56, 17.43, 16.14, 25.07, 25.31, 14.11, 6.68, 24.28, 25.57, 15.03, 20.4, 13.74, 4.36, 14.65, 46.24, 17.32, 7.8, 11.05, 20.67, 22.2, 7.36, 22.51, 15.52, 12.84, 9.44, 10.11, 7.49, 19.73, 21.54, 12.22, 13.97, 18.97, 13.68, 13.8, 13.19, 27.83, 21.24, 9.99, 41.96, 15.25, 9.39, 13.29, 22.9, 0.0, 6.33, 71.36], [0.0, 26.07, 23.44, 21.71, 18.93, 31.35, 18.87, 11.54, 30.12, 31.89, 21.14, 22.06, 13.77, 10.63, 20.49, 52.53, 19.55, 11.26, 17.19, 26.39, 28.2, 13.68, 28.15, 19.55, 19.1, 15.76, 10.45, 9.78, 26.0, 20.73, 16.6, 19.61, 24.84, 19.56, 17.37, 18.08, 34.09, 27.56, 16.24, 48.24, 16.43, 15.71, 15.29, 28.62, 6.33, 0.0, 69.81], [0.0, 0.0, 0.0, 0.0, 0.0, 0.0, 0.0, 0.0, 0.0, 0.0, 0.0, 0.0, 0.0, 0.0, 0.0, 0.0, 0.0, 0.0, 0.0, 0.0, 0.0, 0.0, 0.0, 0.0, 0.0, 0.0, 0.0, 0.0, 0.0, 0.0, 0.0, 0.0, 0.0, 0.0, 0.0, 0.0, 0.0, 0.0, 0.0, 0.0, 0.0, 0.0, 0.0, 0.0, 0.0, 0.0, 0.0]], "time_windows": [[0.0, 5000.0], [0.0, 141.0], [0.0, 161.0], [0.0, 188.0], [0.0, 293.0], [0.0, 399.0], [0.0, 438.0], [0.0, 449.0], [0.0, 491.0], [0.0, 516.0], [0.0, 558.0], [0.0, 626.0], [0.0, 643.0], [0.0, 668.0], [0.0, 686.0], [0.0, 736.0], [0.0, 806.0], [0.0, 820.0], [0.0, 851.0], [0.0, 882.0], [0.0, 905.0], [0.0, 955.0], [0.0, 1001.0], [0.0, 1015.0], [0.0, 1035.0], [0.0, 1051.0], [0.0, 1069.0], [0.0, 1081.0], [0.0, 1103.0], [0.0, 1135.0], [0.0, 1154.0], [0.0, 1170.0], [0.0, 1187.0], [0.0, 1192.0], [0.0, 1212.0], [0.0, 1216.0], [0.0, 1239.0], [0.0, 1248.0], [0.0, 1260.0], [0.0, 1292.0], [0.0, 1338.0], [0.0, 1357.0], [0.0, 1372.0], [0.0, 1391.0], [0.0, 1414.0], [0.0, 1420.0], [0.0, 5000.0]], "start_depot": 0, "end_depot": 46, "horizon": [0.0, 5000.0]}