{"digraph": {"vertex_count": 47, "arc_count": 2070, "arcs": [[0, 1, 1, 1, 1, 1, 1, 1, 1, 1, 1, 1, 1, 1, 1, 1, 1, 1, 1, 1, 1, 1, 1, 1, 1, 1, 1, 1, 1, 1, 1, 1, 1, 1, 1, 1, 1, 1, 1, 1, 1, 1, 1, 1, 1, 1, 1], [0, 0, 1, 1, 1, 1, 1, 1, 1, 1, 1, 1, 1, 1, 1, 1, 1, 1, 1, 1, 1, 1, 1, 1, 1, 1, 1, 1, 1, 1, 1, 1, 1, 1, 1, 1, 1, 1, 1, 1, 1, 1, 1, 1, 1, 1, 1], [0, 1, 0, 1, 1, 1, 1, 1, 1, 1, 1, 1, 1, 1, 1, 1, 1, 1, 1, 1, 1, 1, 1, 1, 1, 1, 1, 1, 1, 1, 1, 1, 1, 1, 1, 1, 1, 1, 1, 1, 1, 1, 1, 1, 1, 1, 1], [0, 1, 1, 0, 1, 1, 1, 1, 1, 1, 1, 1, 1, 1, 1, 1, 1, 1, 1, 1, 1, 1, 1, 1, 1, 1, 1, 1, 1, 1, 1, 1, 1, 1, 1, 1, 1, 1, 1, 1, 1, 1, 1, 1, 1, 1, 1], [0, 1, 1, 1, 0, 1, 1, 1, 1, 1, 1, 1, 1, 1, 1, 1, 1, 1, 1, 1, 1, 1, 1, 1, 1, 1, 1, 1, 1, 1, 1, 1, 1, 1, 1, 1, 1, 1, 1, 1, 1, 1, 1, 1, 1, 1, 1], [0, 1, 1, 1, 1, 0, 1, 1, 1, 1, 1, 1, 1, 1, 1, 1, 1, 1, 1, 1, 1, 1, 1, 1, 1, 1, 1, 1, 1, 1, 1, 1, 1, 1, 1, 1, 1, 1, 1, 1, 1, 1, 1, 1, 1, 1, 1], [0, 1, 1, 1, 1, 1, 0, 1, 1, 1, 1, 1, 1, 1, 1, 1, 1, 1, 1, 1, 1, 1, 1, 1, 1, 1, 1, 1, 1, 1, 1, 1, 1, 1, 1, 1, 1, 1, 1, 1, 1, 1, 1, 1, 1, 1, 1], [0, 1, 1, 1, 1, 1, 1, 0, 1, 1, 1, 1, 1, 1, 1, 1, 1, 1, 1, 1, 1, 1, 1, 1, 1, 1, 1, 1, 1, 1, 1, 1, 1, 1, 1, 1, 1, 1, 1, 1, 1, 1, 1, 1, 1, 1, 1], [0, 1, 1, 1, 1, 1, 1, 1, 0, 1, 1, 1, 1, 1, 1, 1, 1, 1, 1, 1, 1, 1, 1, 1, 1, 1, 1, 1, 1, 1, 1, 1, 1, 1, 1, 1, 1, 1, 1, 1, 1, 1, 1, 1, 1, 1, 1], [0, 1, 1, 1, 1, 1, 1, 1, 1, 0, 1, 1, 1, 1, 1, 1, 1, 1, 1, 1, 1, 1, 1, 1, 1, 1, 1, 1, 1, 1, 1, 1, 1, 1, 1, 1, 1, 1, 1, 1, 1, 1, 1, 1, 1, 1, 1], [0, 1, 1, 1, 1, 1, 1, 1, 1, 1, 0, 1, 1, 1, 1, 1, 1, 1, 1, 1, 1, 1, 1, 1, 1, 1, 1, 1, 1, 1, 1, 1, 1, 1, 1, 1, 1, 1, 1, 1, 1, 1, 1, 1, 1, 1, 1], [0, 1, 1, 1, 1, 1, 1, 1, 1, 1, 1, 0, 1, 1, 1, 1, 1, 1, 1, 1, 1, 1, 1, 1, 1, 1, 1, 1, 1, 1, 1, 1, 1, 1, 1, 1, 1, 1, 1, 1, 1, 1, 1, 1, 1, 1, 1], [0, 1, 1, 1, 1, 1, 1, 1, 1, 1, 1, 1, 0, 1, 1, 1, 1, 1, 1, 1, 1, 1, 1, 1, 1, 1, 1, 1, 1, 1, 1, 1, 1, 1, 1, 1, 1, 1, 1, 1, 1, 1, 1, 1, 1, 1, 1], [0, 1, 1, 1, 1, 1, 1, 1, 1, 1, 1, 1, 1, 0, 1, 1, 1, 1, 1, 1, 1, 1, 1, 1, 1, 1, 1, 1, 1, 1, 1, 1, 1, 1, 1, 1, 1, 1, 1, 1, 1, 1, 1, 1, 1, 1, 1], [0, 1, 1, 1, 1, 1, 1, 1, 1, 1, 1, 1, 1, 1, 0, 1, 1, 1, 1, 1, 1, 1, 1, 1, 1, 1, 1, 1, 1, 1, 1, 1, 1, 1, 1, 1, 1, 1, 1, 1, 1, 1, 1, 1, 1, 1, 1], [0, 1, 1, 1, 1, 1, 1, 1, 1, 1, 1, 1, 1, 1, 1, 0, 1, 1, 1, 1, 1, 1, 1, 1, 1, 1, 1, 1, 1, 1, 1, 1, 1, 1, 1, 1, 1, 1, 1, 1, 1, 1, 1, 1, 1, 1, 1], [0, 1, 1, 1, 1, 1, 1, 1, 1, 1, 1, 1, 1, 1, 1, 1, 0, 1, 1, 1, 1, 1, 1, 1, 1, 1, 1, 1, 1, 1, 1, 1, 1, 1, 1, 1, 1, 1, 1, 1, 1, 1, 1, 1, 1, 1, 1], [0, 1, 1, 1, 1, 1, 1, 1, 1, 1, 1, 1, 1, 1, 1, 1, 1, 0, 1, 1, 1, 1, 1, 1, 1, 1, 1, 1, 1, 1, 1, 1, 1, 1, 1, 1, 1, 1, 1, 1, 1, 1, 1, 1, 1, 1, 1], [0, 1, 1, 1, 1, 1, 1, 1, 1, 1, 1, 1, 1, 1, 1, 1, 1, 1, 0, 1, 1, 1, 1, 1, 1, 1, 1, 1, 1, 1, 1, 1, 1, 1, 1, 1, 1, 1, 1, 1, 1, 1, 1, 1, 1, 1, 1], [0, 1, 1, 1, 1, 1, 1, 1, 1, 1, 1, 1, 1, 1, 1, 1, 1, 1, 1, 0, 1, 1, 1, 1, 1, 1, 1, 1, 1, 1, 1, 1, 1, 1, 1, 1, 1, 1, 1, 1, 1, 1, 1, 1, 1, 1, 1], [0, 1, 1, 1, 1, 1, 1, 1, 1, 1, 1, 1, 1, 1, 1, 1, 1, 1, 1, 1, 0, 1, 1, 1, 1, 1, 1, 1, 1, 1, 1, 1, 1, 1, 1, 1, 1, 1, 1, 1, 1, 1, 1, 1, 1, 1, 1], [0, 1, 1, 1, 1, 1, 1, 1, 1, 1, 1, 1, 1, 1, 1, 1, 1, 1, 1, 1, 1, 0, 1, 1, 1, 1, 1, 1, 1, 1, 1, 1, 1, 1, 1, 1, 1, 1, 1, 1, 1, 1, 1, 1, 1, 1, 1], [0, 1, 1, 1, 1, 1, 1, 1, 1, 1, 1, 1, 1, 1, 1, 1, 1, 1, 1, 1, 1, 1, 0, 1, 1, 1, 1, 1, 1, 1, 1, 1, 1, 1, 1, 1, 1, 1, 1, 1, 1, 1, 1, 1, 1, 1, 1], [0, 1, 1, 1, 1, 1, 1, 1, 1, 1, 1, 1, 1, 1, 1, 1, 1, 1, 1, 1, 1, 1, 1, 0, 1, 1, 1, 1, 1, 1, 1, 1, 1, 1, 1, 1, 1, 1, 1, 1, 1, 1, 1, 1, 1, 1, 1], [0, 1, 1, 1, 1, 1, 1, 1, 1, 1, 1, 1, 1, 1, 1, 1, 1, 1, 1, 1, 1, 1, 1, 1, 0, 1, 1, 1, 1, 1, 1, 1, 1, 1, 1, 1, 1, 1, 1, 1, 1, 1, 1, 1, 1, 1, 1], [0, 1, 1, 1, 1, 1, 1, 1, 1, 1, 1, 1, 1, 1, 1, 1, 1, 1, 1, 1, 1, 1, 1, 1, 1, 0, 1, 1, 1, 1, 1, 1, 1, 1, 1, 1, 1, 1, 1, 1, 1, 1, 1, 1, 1, 1, 1], [0, 1, 1, 1, 1, 1, 1, 1, 1, 1, 1, 1, 1, 1, 1, 1, 1, 1, 1, 1, 1, 1, 1, 1, 1, 1, 0, 1, 1, 1, 1, 1, 1, 1, 1, 1, 1, 1, 1, 1, 1, 1, 1, 1, 1, 1, 1], [0, 1, 1, 1, 1, 1, 1, 1, 1, 1, 1, 1, 1, 1, 1, 1, 1, 1, 1, 1, 1, 1, 1, 1, 1, 1, 1, 0, 1, 1, 1, 1, 1, 1, 1, 1, 1, 1, 1, 1, 1, 1, 1, 1, 1, 1, 1], [0, 1, 1, 1, 1, 1, 1, 1, 1, 1, 1, 1, 1, 1, 1, 1, 1, 1, 1, 1, 1, 1, 1, 1, 1, 1, 1, 1, 0, 1, 1, 1, 1, 1, 1, 1, 1, 1, 1, 1, 1, 1, 1, 1, 1, 1, 1], [0, 1, 1, 1, 1, 1, 1, 1, 1, 1, 1, 1, 1, 1, 1, 1, 1, 1, 1, 1, 1, 1, 1, 1, 1, 1, 1, 1, 1, 0, 1, 1, 1, 1, 1, 1, 1, 1, 1, 1, 1, 1, 1, 1, 1, 1, 1], [0, 1, 1, 1, 1, 1, 1, 1, 1, 1, 1, 1, 1, 1, 1, 1, 1, 1, 1, 1, 1, 1, 1, 1, 1, 1, 1, 1, 1, 1, 0, 1, 1, 1, 1, 1, 1, 1, 1, 1, 1, 1, 1, 1, 1, 1, 1], [0, 1, 1, 1, 1, 1, 1, 1, 1, 1, 1, 1, 1, 1, 1, 1, 1, 1, 1, 1, 1, 1, 1, 1, 1, 1, 1, 1, 1, 1, 1, 0, 1, 1, 1, 1, 1, 1, 1, 1, 1, 1, 1, 1, 1, 1, 1], [0, 1, 1, 1, 1, 1, 1, 1, 1, 1, 1, 1, 1, 1, 1, 1, 1, 1, 1, 1, 1, 1, 1, 1, 1, 1, 1, 1, 1, 1, 1, 1, 0, 1, 1, 1, 1, 1, 1, 1, 1, 1, 1, 1, 1, 1, 1], [0, 1, 1, 1, 1, 1, 1, 1, 1, 1, 1, 1, 1, 1, 1, 1, 1, 1, 1, 1, 1, 1, 1, 1, 1, 1, 1, 1, 1, 1, 1, 1, 1, 0, 1, 1, 1, 1, 1, 1, 1, 1, 1, 1, 1, 1, 1], [0, 1, 1, 1, 1, 1, 1, 1, 1, 1, 1, 1, 1, 1, 1, 1, 1, 1, 1, 1, 1, 1, 1, 1, 1, 1, 1, 1, 1, 1, 1, 1, 1, 1, 0, 1, 1, 1, 1, 1, 1, 1, 1, 1, 1, 1, 1], [0, 1, 1, 1, 1, 1, 1, 1, 1, 1, 1, 1, 1, 1, 1, 1, 1, 1, 1, 1, 1, 1, 1, 1, 1, 1, 1, 1, 1, 1, 1, 1, 1, 1, 1, 0, 1, 1, 1, 1, 1, 1, 1, 1, 1, 1, 1], [0, 1, 1, 1, 1, 1, 1, 1, 1, 1, 1, 1, 1, 1, 1, 1, 1, 1, 1, 1, 1, 1, 1, 1, 1, 1, 1, 1, 1, 1, 1, 1, 1, 1, 1, 1, 0, 1, 1, 1, 1, 1, 1, 1, 1, 1, 1], [0, 1, 1, 1, 1, 1, 1, 1, 1, 1, 1, 1, 1, 1, 1, 1, 1, 1, 1, 1, 1, 1, 1, 1, 1, 1, 1, 1, 1, 1, 1, 1, 1, 1, 1, 1, 1, 0, 1, 1, 1, 1, 1, 1, 1, 1, 1], [0, 1, 1, 1, 1, 1, 1, 1, 1, 1, 1, 1, 1, 1, 1, 1, 1, 1, 1, 1, 1, 1, 1, 1, 1, 1, 1, 1, 1, 1, 1, 1, 1, 1, 1, 1, 1, 1, 0, 1, 1, 1, 1, 1, 1, 1, 1], [0, 1, 1, 1, 1, 1, 1, 1, 1, 1, 1, 1, 1, 1, 1, 1, 1, 1, 1, 1, 1, 1, 1, 1, 1, 1, 1, 1, 1, 1, 1, 1, 1, 1, 1, 1, 1, 1, 1, 0, 1, 1, 1, 1, 1, 1, 1], [0, 1, 1, 1, 1, 1, 1, 1, 1, 1, 1, 1, 1, 1, 1, 1, 1, 1, 1, 1, 1, 1, 1, 1, 1, 1, 1, 1, 1, 1, 1, 1, 1, 1, 1, 1, 1, 1, 1, 1, 0, 1, 1, 1, 1, 1, 1], [0, 1, 1, 1, 1, 1, 1, 1, 1, 1, 1, 1, 1, 1, 1, 1, 1, 1, 1, 1, 1, 1, 1, 1, 1, 1, 1, 1, 1, 1, 1, 1, 1, 1, 1, 1, 1, 1, 1, 1, 1, 0, 1, 1, 1, 1, 1], [0, 1, 1, 1, 1, 1, 1, 1, 1, 1, 1, 1, 1, 1, 1, 1, 1, 1, 1, 1, 1, 1, 1, 1, 1, 1, 1, 1, 1, 1, 1, 1, 1, 1, 1, 1, 1, 1, 1, 1, 1, 1, 0, 1, 1, 1, 1], [0, 1, 1, 1, 1, 1, 1, 1, 1, 1, 1, 1, 1, 1, 1, 1, 1, 1, 1, 1, 1, 1, 1, 1, 1, 1, 1, 1, 1, 1, 1, 1, 1, 1, 1, 1, 1, 1, 1, 1, 1, 1, 1, 0, 1, 1, 1], [0, 1, 1, 1, 1, 1, 1, 1, 1, 1, 1, 1, 1, 1, 1, 1, 1, 1, 1, 1, 1, 1, 1, 1, 1, 1, 1, 1, 1, 1, 1, 1, 1, 1, 1, 1, 1, 1, 1, 1, 1, 1, 1, 1, 0, 1, 1], [0, 1, 1, 1, 1, 1, 1, 1, 1, 1, 1, 1, 1, 1, 1, 1, 1, 1, 1, 1, 1, 1, 1, 1, 1, 1, 1, 1, 1, 1, 1, 1, 1, 1, 1, 1, 1, 1, 1, 1, 1, 1, 1, 1, 1, 0, 1], [0, 0, 0, 0, 0, 0, 0, 0, 0, 0, 0, 0, 0, 0, 0, 0, 0, 0, 0, 0, 0, 0, 0, 0, 0, 0, 0, 0, 0, 0, 0, 0, 0, 0, 0, 0, 0, 0, 0, 0, 0, 0, 0, 0, 0, 0, 0]]}, "cluster_count": 3, "cluster_speeds": [[0.6475, 0.595, 0.6475, 0.7, 0.58275, 0.5355, 0.58275, 0.63, 0.32375, 0.2975, 0.32375, 0.35, 0.213675, 0.19635, 0.213675, 0.23099999999999998, 0.259, 0.238, 0.259, 0.27999999999999997, 0.3885, 0.357, 0.3885, 0.42, 0.6475, 0.595, 0.6475, 0.7, 0.37, 0.34, 0.37, 0.4, 0.30525, 0.2805, 0.30525, 0.33, 0.4625, 0.425, 0.4625, 0.5, 0.6475, 0.595, 0.6475, 0.7, 0.74, 0.68, 0.74, 0.8, 0.45324999999999993, 0.4165, 0.45324999999999993, 0.48999999999999994, 0.32375, 0.2975, 0.32375, 0.35, 0.3885, 0.357, 0.3885, 0.42, 0.45324999999999993, 0.4165, 0.45324999999999993, 0.48999999999999994, 0.58275, 0.5355, 0.58275, 0.63, 0.6475, 0.595, 0.6475, 0.7, 0.7], [0.7400000000000001, 0.68, 0.7400000000000001, 0.8, 0.666, 0.6120000000000001, 0.666, 0.7200000000000001, 0.37000000000000005, 0.34, 0.37000000000000005, 0.4, 0.24420000000000003, 0.22440000000000004, 0.24420000000000003, 0.264, 0.296, 0.272, 0.296, 0.32000000000000006, 0.44400000000000006, 0.40800000000000003, 0.44400000000000006, 0.48, 0.6475, 0.595, 0.6475, 0.7, 0.37, 0.34, 0.37, 0.4, 0.30525, 0.2805, 0.30525, 0.33, 0.4625, 0.425, 0.4625, 0.5, 0.6475, 0.595, 0.6475, 0.7, 0.74, 0.68, 0.74, 0.8, 0.518, 0.476, 0.518, 0.5599999999999999, 0.37000000000000005, 0.34, 0.37000000000000005, 0.4, 0.44400000000000006, 0.40800000000000003, 0.44400000000000006, 0.48, 0.518, 0.476, 0.518, 0.5599999999999999, 0.666, 0.6120000000000001, 0.666, 0.7200000000000001, 0.7400000000000001, 0.68, 0.7400000000000001, 0.8, 0.8], [0.925, 0.85, 0.925, 1.0, 0.8325, 0.765, 0.8325, 0.9, 0.4625, 0.425, 0.4625, 0.5, 0.30525, 0.2805, 0.30525, 0.33, 0.37, 0.34, 0.37, 0.4, 0.555, 0.51, 0.555, 0.6, 0.6475, 0.595, 0.6475, 0.7, 0.37, 0.34, 0.37, 0.4, 0.30525, 0.2805, 0.30525, 0.33, 0.4625, 0.425, 0.4625, 0.5, 0.6475, 0.595, 0.6475, 0.7, 0.74, 0.68, 0.74, 0.8, 0.6475, 0.595, 0.6475, 0.7, 0.4625, 0.425, 0.4625, 0.5, 0.555, 0.51, 0.555, 0.6, 0.6475, 0.595, 0.6475, 0.7, 0.8325, 0.765, 0.8325, 0.9, 0.925, 0.85, 0.925, 1.0, 1.0]], "clusters": [[-1, 2, 2, 2, 2, 2, 2, 2, 2, 2, 2, 2, 2, 2, 2, 2, 2, 2, 2, 2, 2, 2, 2, 2, 2, 2, 2, 2, 2, 2, 2, 2, 2, 2, 2, 2, 2, 2, 2, 2, 2, 2, 2, 2, 2, 2, 2], [1, -1, 1, 1, 1, 1, 1, 1, 1, 1, 1, 1, 1, 1, 1, 1, 1, 1, 1, 1, 1, 1, 1, 1, 1, 1, 1, 1, 1, 1, 1, 1, 1, 1, 1, 1, 1, 1, 1, 1, 1, 1, 1, 1, 1, 1, 1], [0, 0, -1, 0, 0, 0, 0, 0, 0, 0, 0, 0, 0, 0, 0, 0, 0, 0, 0, 0, 0, 0, 0, 0, 0, 0, 0, 0, 0, 0, 0, 0, 0, 0, 0, 0, 0, 0, 0, 0, 0, 0, 0, 0, 0, 0, 0], [2, 2, 2, -1, 2, 2, 2, 2, 2, 2, 2, 2, 2, 2, 2, 2, 2, 2, 2, 2, 2, 2, 2, 2, 2, 2, 2, 2, 2, 2, 2, 2, 2, 2, 2, 2, 2, 2, 2, 2, 2, 2, 2, 2, 2, 2, 2], [0, 0, 0, 0, -1, 0, 0, 0, 0, 0, 0, 0, 0, 0, 0, 0, 0, 0, 0, 0, 0, 0, 0, 0, 0, 0, 0, 0, 0, 0, 0, 0, 0, 0, 0, 0, 0, 0, 0, 0, 0, 0, 0, 0, 0, 0, 0], [0, 0, 0, 0, 0, -1, 0, 0, 0, 0, 0, 0, 0, 0, 0, 0, 0, 0, 0, 0, 0, 0, 0, 0, 0, 0, 0, 0, 0, 0, 0, 0, 0, 0, 0, 0, 0, 0, 0, 0, 0, 0, 0, 0, 0, 0, 0], [2, 2, 2, 2, 2, 2, -1, 2, 2, 2, 2, 2, 2, 2, 2, 2, 2, 2, 2, 2, 2, 2, 2, 2, 2, 2, 2, 2, 2, 2, 2, 2, 2, 2, 2, 2, 2, 2, 2, 2, 2, 2, 2, 2, 2, 2, 2], [0, 0, 0, 0, 0, 0, 0, -1, 0, 0, 0, 0, 0, 0, 0, 0, 0, 0, 0, 0, 0, 0, 0, 0, 0, 0, 0, 0, 0, 0, 0, 0, 0, 0, 0, 0, 0, 0, 0, 0, 0, 0, 0, 0, 0, 0, 0], [0, 0, 0, 0, 0, 0, 0, 0, -1, 0, 0, 0, 0, 0, 0, 0, 0, 0, 0, 0, 0, 0, 0, 0, 0, 0, 0, 0, 0, 0, 0, 0, 0, 0, 0, 0, 0, 0, 0, 0, 0, 0, 0, 0, 0, 0, 0], [0, 0, 0, 0, 0, 0, 0, 0, 0, -1, 0, 0, 0, 0, 0, 0, 0, 0, 0, 0, 0, 0, 0, 0, 0, 0, 0, 0, 0, 0, 0, 0, 0, 0, 0, 0, 0, 0, 0, 0, 0, 0, 0, 0, 0, 0, 0], [1, 1, 1, 1, 1, 1, 1, 1, 1, 1, -1, 1, 1, 1, 1, 1, 1, 1, 1, 1, 1, 1, 1, 1, 1, 1, 1, 1, 1, 1, 1, 1, 1, 1, 1, 1, 1, 1, 1, 1, 1, 1, 1, 1, 1, 1, 1], [0, 0, 0, 0, 0, 0, 0, 0, 0, 0, 0, -1, 0, 0, 0, 0, 0, 0, 0, 0, 0, 0, 0, 0, 0, 0, 0, 0, 0, 0, 0, 0, 0, 0, 0, 0, 0, 0, 0, 0, 0, 0, 0, 0, 0, 0, 0], [0, 0, 0, 0, 0, 0, 0, 0, 0, 0, 0, 0, -1, 0, 0, 0, 0, 0, 0, 0, 0, 0, 0, 0, 0, 0, 0, 0, 0, 0, 0, 0, 0, 0, 0, 0, 0, 0, 0, 0, 0, 0, 0, 0, 0, 0, 0], [2, 2, 2, 2, 2, 2, 2, 2, 2, 2, 2, 2, 2, -1, 2, 2, 2, 2, 2, 2, 2, 2, 2, 2, 2, 2, 2, 2, 2, 2, 2, 2, 2, 2, 2, 2, 2, 2, 2, 2, 2, 2, 2, 2, 2, 2, 2], [0, 0, 0, 0, 0, 0, 0, 0, 0, 0, 0, 0, 0, 0, -1, 0, 0, 0, 0, 0, 0, 0, 0, 0, 0, 0, 0, 0, 0, 0, 0, 0, 0, 0, 0, 0, 0, 0, 0, 0, 0, 0, 0, 0, 0, 0, 0], [0, 0, 0, 0, 0, 0, 0, 0, 0, 0, 0, 0, 0, 0, 0, -1, 0, 0, 0, 0, 0, 0, 0, 0, 0, 0, 0, 0, 0, 0, 0, 0, 0, 0, 0, 0, 0, 0, 0, 0, 0, 0, 0, 0, 0, 0, 0], [2, 2, 2, 2, 2, 2, 2, 2, 2, 2, 2, 2, 2, 2, 2, 2, -1, 2, 2, 2, 2, 2, 2, 2, 2, 2, 2, 2, 2, 2, 2, 2, 2, 2, 2, 2, 2, 2, 2, 2, 2, 2, 2, 2, 2, 2, 2], [0, 0, 0, 0, 0, 0, 0, 0, 0, 0, 0, 0, 0, 0, 0, 0, 0, -1, 0, 0, 0, 0, 0, 0, 0, 0, 0, 0, 0, 0, 0, 0, 0, 0, 0, 0, 0, 0, 0, 0, 0, 0, 0, 0, 0, 0, 0], [0, 0, 0, 0, 0, 0, 0, 0, 0, 0, 0, 0, 0, 0, 0, 0, 0, 0, -1, 0, 0, 0, 0, 0, 0, 0, 0, 0, 0, 0, 0, 0, 0, 0, 0, 0, 0, 0, 0, 0, 0, 0, 0, 0, 0, 0, 0], [0, 0, 0, 0, 0, 0, 0, 0, 0, 0, 0, 0, 0, 0, 0, 0, 0, 0, 0, -1, 0, 0, 0, 0, 0, 0, 0, 0, 0, 0, 0, 0, 0, 0, 0, 0, 0, 0, 0, 0, 0, 0, 0, 0, 0, 0, 0], [1, 1, 1, 1, 1, 1, 1, 1, 1, 1, 1, 1, 1, 1, 1, 1, 1, 1, 1, 1, -1, 1, 1, 1, 1, 1, 1, 1, 1, 1, 1, 1, 1, 1, 1, 1, 1, 1, 1, 1, 1, 1, 1, 1, 1, 1, 1], [1, 1, 1, 1, 1, 1, 1, 1, 1, 1, 1, 1, 1, 1, 1, 1, 1, 1, 1, 1, 1, -1, 1, 1, 1, 1, 1, 1, 1, 1, 1, 1, 1, 1, 1, 1, 1, 1, 1, 1, 1, 1, 1, 1, 1, 1, 1], [0, 0, 0, 0, 0, 0, 0, 0, 0, 0, 0, 0, 0, 0, 0, 0, 0, 0, 0, 0, 0, 0, -1, 0, 0, 0, 0, 0, 0, 0, 0, 0, 0, 0, 0, 0, 0, 0, 0, 0, 0, 0, 0, 0, 0, 0, 0], [2, 2, 2, 2, 2, 2, 2, 2, 2, 2, 2, 2, 2, 2, 2, 2, 2, 2, 2, 2, 2, 2, 2, -1, 2, 2, 2, 2, 2, 2, 2, 2, 2, 2, 2, 2, 2, 2, 2, 2, 2, 2, 2, 2, 2, 2, 2], [0, 0, 0, 0, 0, 0, 0, 0, 0, 0, 0, 0, 0, 0, 0, 0, 0, 0, 0, 0, 0, 0, 0, 0, -1, 0, 0, 0, 0, 0, 0, 0, 0, 0, 0, 0, 0, 0, 0, 0, 0, 0, 0, 0, 0, 0, 0], [1, 1, 1, 1, 1, 1, 1, 1, 1, 1, 1, 1, 1, 1, 1, 1, 1, 1, 1, 1, 1, 1, 1, 1, 1, -1, 1, 1, 1, 1, 1, 1, 1, 1, 1, 1, 1, 1, 1, 1, 1, 1, 1, 1, 1, 1, 1], [0, 0, 0, 0, 0, 0, 0, 0, 0, 0, 0, 0, 0, 0, 0, 0, 0, 0, 0, 0, 0, 0, 0, 0, 0, 0, -1, 0, 0, 0, 0, 0, 0, 0, 0, 0, 0, 0, 0, 0, 0, 0, 0, 0, 0, 0, 0], [0, 0, 0, 0, 0, 0, 0, 0, 0, 0, 0, 0, 0, 0, 0, 0, 0, 0, 0, 0, 0, 0, 0, 0, 0, 0, 0, -1, 0, 0, 0, 0, 0, 0, 0, 0, 0, 0, 0, 0, 0, 0, 0, 0, 0, 0, 0], [0, 0, 0, 0, 0, 0, 0, 0, 0, 0, 0, 0, 0, 0, 0, 0, 0, 0, 0, 0, 0, 0, 0, 0, 0, 0, 0, 0, -1, 0, 0, 0, 0, 0, 0, 0, 0, 0, 0, 0, 0, 0, 0, 0, 0, 0, 0], [0, 0, 0, 0, 0, 0, 0, 0, 0, 0, 0, 0, 0, 0, 0, 0, 0, 0, 0, 0, 0, 0, 0, 0, 0, 0, 0, 0, 0, -1, 0, 0, 0, 0, 0, 0, 0, 0, 0, 0, 0, 0, 0, 0, 0, 0, 0], [1, 1, 1, 1, 1, 1, 1, 1, 1, 1, 1, 1, 1, 1, 1, 1, 1, 1, 1, 1, 1, 1, 1, 1, 1, 1, 1, 1, 1, 1, -1, 1, 1, 1, 1, 1, 1, 1, 1, 1, 1, 1, 1, 1, 1, 1, 1], [2, 2, 2, 2, 2, 2, 2, 2, 2, 2, 2, 2, 2, 2, 2, 2, 2, 2, 2, 2, 2, 2, 2, 2, 2, 2, 2, 2, 2, 2, 2, -1, 2, 2, 2, 2, 2, 2, 2, 2, 2, 2, 2, 2, 2, 2, 2], [1, 1, 1, 1, 1, 1, 1, 1, 1, 1, 1, 1, 1, 1, 1, 1, 1, 1, 1, 1, 1, 1, 1, 1, 1, 1, 1, 1, 1, 1, 1, 1, -1, 1, 1, 1, 1, 1, 1, 1, 1, 1, 1, 1, 1, 1, 1], [2, 2, 2, 2, 2, 2, 2, 2, 2, 2, 2, 2, 2, 2, 2, 2, 2, 2, 2, 2, 2, 2, 2, 2, 2, 2, 2, 2, 2, 2, 2, 2, 2, -1, 2, 2, 2, 2, 2, 2, 2, 2, 2, 2, 2, 2, 2], [0, 0, 0, 0, 0, 0, 0, 0, 0, 0, 0, 0, 0, 0, 0, 0, 0, 0, 0, 0, 0, 0, 0, 0, 0, 0, 0, 0, 0, 0, 0, 0, 0, 0, -1, 0, 0, 0, 0, 0, 0, 0, 0, 0, 0, 0, 0], [0, 0, 0, 0, 0, 0, 0, 0, 0, 0, 0, 0, 0, 0, 0, 0, 0, 0, 0, 0, 0, 0, 0, 0, 0, 0, 0, 0, 0, 0, 0, 0, 0, 0, 0, -1, 0, 0, 0, 0, 0, 0, 0, 0, 0, 0, 0], [0, 0, 0, 0, 0, 0, 0, 0, 0, 0, 0, 0, 0, 0, 0, 0, 0, 0, 0, 0, 0, 0, 0, 0, 0, 0, 0, 0, 0, 0, 0, 0, 0, 0, 0, 0, -1, 0, 0, 0, 0, 0, 0, 0, 0, 0, 0], [1, 1, 1, 1, 1, 1, 1, 1, 1, 1, 1, 1, 1, 1, 1, 1, 1, 1, 1, 1, 1, 1, 1, 1, 1, 1, 1, 1, 1, 1, 1, 1, 1, 1, 1, 1, 1, -1, 1, 1, 1, 1, 1, 1, 1, 1, 1], [0, 0, 0, 0, 0, 0, 0, 0, 0, 0, 0, 0, 0, 0, 0, 0, 0, 0, 0, 0, 0, 0, 0, 0, 0, 0, 0, 0, 0, 0, 0, 0, 0, 0, 0, 0, 0, 0, -1, 0, 0, 0, 0, 0, 0, 0, 0], [0, 0, 0, 0, 0, 0, 0, 0, 0, 0, 0, 0, 0, 0, 0, 0, 0, 0, 0, 0, 0, 0, 0, 0, 0, 0, 0, 0, 0, 0, 0, 0, 0, 0, 0, 0, 0, 0, 0, -1, 0, 0, 0, 0, 0, 0, 0], [1, 1, 1, 1, 1, 1, 1, 1, 1, 1, 1, 1, 1, 1, 1, 1, 1, 1, 1, 1, 1, 1, 1, 1, 1, 1, 1, 1, 1, 1, 1, 1, 1, 1, 1, 1, 1, 1, 1, 1, -1, 1, 1, 1, 1, 1, 1], [0, 0, 0, 0, 0, 0, 0, 0, 0, 0, 0, 0, 0, 0, 0, 0, 0, 0, 0, 0, 0, 0, 0, 0, 0, 0, 0, 0, 0, 0, 0, 0, 0, 0, 0, 0, 0, 0, 0, 0, 0, -1, 0, 0, 0, 0, 0], [0, 0, 0, 0, 0, 0, 0, 0, 0, 0, 0, 0, 0, 0, 0, 0, 0, 0, 0, 0, 0, 0, 0, 0, 0, 0, 0, 0, 0, 0, 0, 0, 0, 0, 0, 0, 0, 0, 0, 0, 0, 0, -1, 0, 0, 0, 0], [0, 0, 0, 0, 0, 0, 0, 0, 0, 0, 0, 0, 0, 0, 0, 0, 0, 0, 0, 0, 0, 0, 0, 0, 0, 0, 0, 0, 0, 0, 0, 0, 0, 0, 0, 0, 0, 0, 0, 0, 0, 0, 0, -1, 0, 0, 0], [1, 1, 1, 1, 1, 1, 1, 1, 1, 1, 1, 1, 1, 1, 1, 1, 1, 1, 1, 1, 1, 1, 1, 1, 1, 1, 1, 1, 1, 1, 1, 1, 1, 1, 1, 1, 1, 1, 1, 1, 1, 1, 1, 1, -1, 1, 1], [0, 0, 0, 0, 0, 0, 0, 0, 0, 0, 0, 0, 0, 0, 0, 0, 0, 0, 0, 0, 0, 0, 0, 0, 0, 0, 0, 0, 0, 0, 0, 0, 0, 0, 0, 0, 0, 0, 0, 0, 0, 0, 0, 0, 0, -1, 0], [2, 2, 2, 2, 2, 2, 2, 2, 2, 2, 2, 2, 2, 2, 2, 2, 2, 2, 2, 2, 2, 2, 2, 2, 2, 2, 2, 2, 2, 2, 2, 2, 2, 2, 2, 2, 2, 2, 2, 2, 2, 2, 2, 2, 2, 2, -1]], "speed_zone_count": 73, "speed_zones": [[0.0, 15.0], [15.0, 30.0], [30.0, 45.0], [45.0, 60.0], [60.0, 75.0], [75.0, 90.0], [90.0, 105.0], [105.0, 120.0], [120.0, 135.0], [135.0, 150.0], [150.0, 165.0], [165.0, 180.0], [180.0, 195.0], [195.0, 210.0], [210.0, 225.0], [225.0, 240.0], [240.0, 255.0], [255.0, 270.0], [270.0, 285.0], [285.0, 300.0], [300.0, 315.0], [315.0, 330.0], [330.0, 345.0], [345.0, 360.0], [360.0, 375.0], [375.0, 390.0], [390.0, 405.0], [405.0, 420.0], [420.0, 435.0], [435.0, 450.0], [450.0, 465.0], [465.0, 480.0], [480.0, 495.0], [495.0, 510.0], [510.0, 525.0], [525.0, 540.0], [540.0, 555.0], [555.0, 570.0], [570.0, 585.0], [585.0, 600.0], [600.0, 615.0], [615.0, 630.0], [630.0, 645.0], [645.0, 660.0], [660.0, 675.0], [675.0, 690.0], [690.0, 705.0], [705.0, 720.0], [720.0, 735.0], [735.0, 750.0], [750.0, 765.0], [765.0, 780.0], [780.0, 795.0], [795.0, 810.0], [810.0, 825.0], [825.0, 840.0], [840.0, 855.0], [855.0, 870.0], [870.0, 885.0], [885.0, 900.0], [900.0, 915.0], [915.0, 930.0], [930.0, 945.0], [945.0, 960.0], [960.0, 975.0], [975.0, 990.0], [990.0, 1005.0], [1005.0, 1020.0], [1020.0, 1035.0], [1035.0, 1050.0], [1050.0, 1065.0], [1065.0, 1080.0], [1080.0, 5000.0]], "distances": [[0.0, 71.33, 68.48, 57.28, 75.72, 79.8, 87.79, 73.7, 82.62, 66.98, 90.98, 83.63, 57.57, 91.41, 62.6, 60.31, 61.67, 68.45, 69.74, 77.18, 49.71, 82.18, 68.8, 98.91, 67.37, 72.69, 66.29, 75.1, 68.82, 69.58, 70.51, 95.83, 55.55, 106.27, 73.16, 66.17, 77.49, 53.31, 56.09, 72.44, 78.16, 59.37, 72.97, 65.78, 54.73, 57.83, 0.0], [0.0, 0.0, 21.38, 16.44, 28.63, 18.37, 44.7, 8.4, 27.18, 17.61, 29.03, 19.68, 20.93, 42.61, 19.41, 16.85, 23.49, 22.03, 21.04, 15.47, 23.14, 31.31, 19.05, 44.27, 8.34, 31.77, 15.29, 14.31, 5.59, 23.83, 7.23, 53.72, 16.18, 51.51, 11.5, 18.14, 19.55, 19.77, 21.53, 5.94, 39.44, 20.06, 14.34, 15.0, 17.83, 21.18, 71.33], [0.0, 21.38, 0.0, 29.42, 9.39, 13.05, 26.11, 14.66, 14.22, 11.0, 22.7, 17.12, 11.49, 26.39, 6.55, 10.79, 40.76, 13.37, 13.61, 11.87, 21.1, 15.01, 11.45, 31.77, 13.5, 10.74, 6.69, 10.6, 15.96, 15.24, 28.07, 35.61, 19.97, 39.48, 11.41, 16.59, 9.84, 18.4, 12.99, 16.17, 18.88, 9.78, 8.76, 7.26, 18.4, 11.09, 68.48], [0.0, 16.44, 29.42, 0.0, 38.61, 32.58, 55.44, 22.84, 40.17, 25.39, 44.24, 34.93, 21.71, 54.9, 24.02, 19.44, 12.14, 29.95, 29.83, 29.4, 16.35, 43.16, 27.7, 58.29, 17.95, 39.88, 22.94, 27.59, 17.27, 32.01, 13.39, 64.91, 10.86, 65.85, 24.58, 25.32, 32.47, 15.15, 21.14, 20.51, 48.12, 22.23, 26.48, 22.3, 13.52, 22.22, 57.28], [0.0, 28.63, 9.39, 38.61, 0.0, 13.88, 16.83, 20.67, 8.55, 13.25, 18.27, 16.91, 20.39, 17.11, 15.77, 20.17, 49.65, 8.99, 8.8, 14.88, 30.14, 6.46, 10.92, 23.31, 21.7, 5.21, 15.68, 14.95, 23.74, 7.08, 35.74, 26.3, 29.37, 30.88, 17.28, 13.43, 10.65, 27.65, 21.82, 22.82, 10.95, 18.82, 14.34, 16.32, 27.77, 19.93, 75.72], [0.0, 18.37, 13.05, 32.58, 13.88, 0.0, 27.44, 10.12, 9.13, 13.02, 11.95, 13.73, 22.33, 24.5, 17.47, 19.55, 41.63, 13.44, 11.77, 11.2, 30.48, 13.92, 11.7, 26.0, 14.83, 18.73, 13.51, 5.16, 15.36, 13.7, 25.49, 35.96, 26.47, 33.4, 8.03, 13.9, 10.41, 27.06, 23.76, 12.64, 24.42, 20.54, 6.98, 14.04, 26.14, 22.12, 79.8], [0.0, 44.7, 26.11, 55.44, 16.83, 27.44, 0.0, 36.39, 18.42, 30.06, 23.86, 28.64, 36.33, 6.6, 32.19, 36.74, 66.41, 25.63, 25.61, 29.66, 45.98, 13.56, 27.75, 15.52, 38.36, 16.62, 32.51, 30.44, 40.2, 23.61, 51.91, 9.51, 46.01, 20.56, 33.21, 30.2, 25.31, 43.89, 37.64, 38.76, 9.63, 34.97, 30.43, 33.15, 44.23, 35.83, 87.79], [0.0, 8.4, 14.66, 22.84, 20.67, 10.12, 36.39, 0.0, 18.78, 11.7, 21.42, 12.1, 18.39, 34.21, 15.01, 14.5, 31.52, 15.3, 13.99, 7.1, 24.05, 22.94, 12.34, 36.11, 6.34, 24.3, 10.14, 5.95, 5.65, 16.79, 15.62, 45.35, 18.48, 43.48, 11.95, 12.48, 11.16, 20.43, 19.48, 11.69, 31.6, 16.95, 6.39, 10.21, 18.97, 18.43, 73.7], [0.0, 27.18, 14.22, 40.17, 8.55, 9.13, 18.42, 18.78, 0.0, 16.63, 9.72, 10.37, 25.61, 15.45, 20.53, 24.09, 50.03, 14.19, 13.02, 11.72, 34.97, 5.17, 14.39, 18.28, 22.24, 13.66, 18.34, 12.99, 23.45, 13.1, 34.38, 26.83, 32.51, 25.98, 16.0, 17.24, 7.79, 31.94, 27.11, 21.28, 16.87, 23.84, 13.72, 19.01, 31.53, 25.24, 82.62], [0.0, 17.61, 11.0, 25.39, 13.25, 13.02, 30.06, 11.7, 16.63, 0.0, 24.04, 17.04, 9.41, 29.97, 4.45, 7.47, 36.64, 4.73, 4.45, 10.92, 18.37, 18.35, 10.68, 34.72, 9.51, 14.86, 9.34, 9.13, 12.09, 6.76, 24.11, 39.54, 16.29, 42.45, 8.84, 9.14, 10.51, 15.32, 10.89, 12.79, 23.01, 7.6, 6.93, 9.26, 15.01, 9.16, 66.98], [0.0, 29.03, 22.7, 44.24, 18.27, 11.95, 23.86, 21.42, 9.72, 24.04, 0.0, 9.38, 33.44, 18.55, 28.38, 31.12, 52.52, 22.84, 21.39, 15.08, 42.15, 13.59, 22.18, 16.21, 26.72, 23.33, 25.06, 17.11, 26.97, 22.17, 35.7, 30.2, 38.42, 22.79, 19.9, 24.83, 13.56, 38.81, 34.93, 23.83, 25.36, 31.63, 18.85, 25.65, 38.0, 33.16, 90.98], [0.0, 19.68, 17.12, 34.93, 16.91, 13.73, 28.64, 12.1, 10.37, 17.04, 9.38, 0.0, 26.27, 24.83, 21.49, 23.33, 43.17, 17.48, 15.83, 6.47, 34.15, 15.53, 15.78, 24.86, 17.7, 21.99, 17.36, 8.57, 17.7, 17.64, 26.47, 36.56, 29.71, 31.9, 10.97, 17.93, 7.39, 30.66, 27.69, 14.47, 26.89, 24.5, 10.66, 17.85, 29.61, 26.09, 83.63], [0.0, 20.93, 11.49, 21.71, 20.39, 22.33, 36.33, 18.39, 25.61, 9.41, 33.44, 26.27, 0.0, 37.49, 5.1, 9.74, 33.82, 11.67, 12.61, 19.93, 9.75, 26.41, 11.33, 43.25, 13.15, 19.79, 9.01, 17.94, 15.75, 13.35, 25.58, 45.77, 10.91, 50.95, 16.64, 8.61, 19.92, 7.66, 11.71, 18.31, 27.81, 15.42, 15.73, 8.63, 8.49, 9.89, 57.57], [0.0, 42.61, 26.39, 54.9, 17.11, 24.5, 6.6, 34.21, 15.45, 29.97, 18.55, 24.83, 37.49, 0.0, 32.87, 37.17, 65.24, 26.05, 25.61, 27.17, 47.24, 11.74, 27.57, 9.12, 37.2, 18.83, 32.19, 28.35, 38.67, 24.19, 49.82, 11.79, 46.25, 15.19, 31.32, 30.29, 23.11, 44.75, 38.91, 36.7, 14.08, 35.94, 28.81, 32.86, 44.79, 37.02, 91.41], [0.0, 19.41, 6.55, 24.02, 15.77, 17.47, 32.19, 15.01, 20.53, 4.45, 28.38, 21.49, 5.1, 32.87, 0.0, 4.63, 35.81, 6.82, 7.58, 15.3, 14.56, 21.56, 6.23, 38.3, 11.08, 16.0, 4.89, 13.42, 13.85, 8.7, 25.16, 41.69, 13.89, 46.01, 12.65, 11.46, 14.9, 11.89, 6.61, 15.54, 24.22, 11.8, 11.19, 4.82, 12.05, 4.79, 62.6], [0.0, 16.85, 10.79, 19.44, 20.17, 19.55, 36.74, 14.5, 24.09, 7.47, 31.12, 23.33, 9.74, 37.17, 4.63, 0.0, 31.32, 11.18, 11.6, 16.87, 11.03, 25.68, 9.79, 42.18, 9.05, 20.63, 6.07, 14.8, 11.64, 13.16, 21.77, 46.25, 9.28, 49.91, 13.09, 6.95, 17.6, 7.85, 5.0, 14.26, 28.86, 12.49, 12.66, 5.51, 7.62, 4.33, 60.31], [0.0, 23.49, 40.76, 12.14, 49.65, 41.63, 66.41, 31.52, 50.03, 36.64, 52.52, 43.17, 33.82, 65.24, 35.81, 31.32, 0.0, 41.33, 41.0, 38.57, 28.09, 53.59, 38.83, 67.63, 28.11, 51.41, 34.1, 37.07, 26.59, 43.38, 17.13, 75.77, 23.01, 74.95, 34.04, 36.7, 42.24, 27.25, 33.28, 29.0, 59.62, 34.25, 36.43, 33.5, 25.66, 34.32, 61.67], [0.0, 22.03, 13.37, 29.95, 8.99, 13.44, 25.63, 15.3, 14.19, 4.73, 22.84, 17.48, 11.67, 26.05, 6.82, 11.18, 41.33, 0.0, 9.18, 12.37, 21.34, 14.76, 12.06, 31.58, 14.14, 10.13, 7.3, 11.15, 16.61, 11.34, 28.71, 35.14, 20.41, 39.27, 12.04, 4.64, 10.16, 18.71, 13.15, 16.82, 18.3, 10.0, 9.36, 7.85, 18.77, 11.25, 68.45], [0.0, 21.04, 13.61, 29.83, 8.8, 11.77, 25.61, 13.99, 13.02, 4.45, 21.39, 15.83, 12.61, 25.61, 7.58, 11.6, 41.0, 9.18, 0.0, 10.72, 22.13, 14.09, 11.68, 30.73, 13.4, 10.79, 6.92, 9.57, 15.74, 11.21, 27.87, 35.09, 20.66, 38.45, 10.65, 4.69, 8.52, 19.32, 14.12, 15.65, 18.77, 10.87, 7.88, 7.54, 19.22, 12.23, 69.74], [0.0, 15.47, 11.87, 29.4, 14.88, 11.2, 29.66, 7.1, 11.72, 10.92, 15.08, 6.47, 19.93, 27.17, 15.3, 16.87, 38.57, 12.37, 10.72, 0.0, 27.68, 16.12, 10.08, 29.1, 11.65, 19.29, 10.95, 9.65, 12.2, 13.1, 22.66, 38.44, 23.4, 36.55, 4.84, 11.83, 4.41, 24.19, 21.32, 9.62, 25.76, 18.19, 4.22, 11.42, 23.18, 19.78, 77.18], [0.0, 23.14, 21.1, 16.35, 30.14, 30.48, 45.98, 24.05, 34.97, 18.37, 42.15, 34.15, 9.75, 47.24, 14.56, 11.03, 28.09, 21.34, 22.13, 27.68, 0.0, 36.1, 20.58, 52.86, 17.77, 29.38, 17.09, 25.58, 19.51, 23.08, 25.18, 55.38, 7.25, 60.57, 23.48, 17.73, 28.63, 11.91, 8.36, 22.99, 37.23, 11.34, 23.53, 16.5, 5.34, 10.23, 49.71], [0.0, 31.31, 15.01, 43.16, 6.46, 13.92, 13.56, 22.94, 5.17, 18.35, 13.59, 15.53, 26.41, 11.74, 21.56, 25.68, 53.59, 14.76, 14.09, 16.12, 36.1, 0.0, 15.96, 16.93, 25.51, 10.51, 20.49, 17.0, 27.09, 13.1, 38.54, 22.41, 34.63, 24.58, 19.86, 18.74, 11.8, 33.39, 27.88, 25.37, 11.93, 24.75, 17.22, 21.16, 33.29, 25.97, 82.18], [0.0, 19.05, 11.45, 27.7, 10.92, 11.7, 27.75, 12.34, 14.39, 10.68, 22.18, 15.78, 11.33, 27.57, 6.23, 9.79, 38.83, 12.06, 11.68, 10.08, 20.58, 15.96, 0.0, 32.39, 11.27, 12.9, 4.76, 8.6, 13.67, 4.81, 25.79, 37.21, 18.69, 40.12, 9.13, 11.51, 8.81, 17.61, 12.84, 13.82, 20.93, 9.53, 6.62, 5.4, 17.37, 11.01, 68.8], [0.0, 44.27, 31.77, 58.29, 23.31, 26.0, 15.52, 36.11, 18.28, 34.72, 16.21, 24.86, 43.25, 9.12, 38.3, 42.18, 67.63, 31.58, 30.73, 29.1, 52.86, 16.93, 32.39, 0.0, 40.33, 26.34, 36.58, 30.75, 41.26, 30.01, 51.25, 16.95, 50.78, 7.73, 33.79, 35.24, 25.83, 50.0, 44.73, 38.63, 22.93, 41.55, 31.82, 37.25, 49.71, 42.83, 98.91], [0.0, 8.34, 13.5, 17.95, 21.7, 14.83, 38.36, 6.34, 22.24, 9.51, 26.72, 17.7, 13.15, 37.2, 11.08, 9.05, 28.11, 14.14, 13.4, 11.65, 17.77, 25.51, 11.27, 40.33, 0.0, 24.17, 7.06, 9.72, 11.98, 16.07, 14.6, 47.68, 12.2, 47.91, 6.82, 9.94, 14.51, 14.15, 14.0, 5.35, 32.14, 12.03, 8.53, 6.7, 12.64, 13.32, 67.37], [0.0, 31.77, 10.74, 39.88, 5.21, 18.73, 16.62, 24.3, 13.66, 14.86, 23.33, 21.99, 19.79, 18.83, 16.0, 20.63, 51.41, 10.13, 10.79, 19.29, 29.38, 10.51, 12.9, 26.34, 24.17, 0.0, 17.43, 18.99, 26.52, 8.12, 38.65, 26.0, 29.88, 33.59, 20.88, 14.72, 15.33, 27.41, 21.06, 26.21, 8.24, 18.52, 17.92, 17.98, 27.91, 19.28, 72.69], [0.0, 15.29, 6.69, 22.94, 15.68, 13.51, 32.51, 10.14, 18.34, 9.34, 25.06, 17.36, 9.01, 32.19, 4.89, 6.07, 34.1, 7.3, 6.92, 10.95, 17.09, 20.49, 4.76, 36.58, 7.06, 17.43, 0.0, 8.94, 9.72, 9.32, 21.64, 41.97, 14.22, 44.29, 7.8, 11.61, 11.55, 13.8, 10.37, 10.85, 25.57, 7.32, 6.73, 9.7, 13.21, 8.9, 66.29], [0.0, 14.31, 10.6, 27.59, 14.95, 5.16, 30.44, 5.95, 12.99, 9.13, 17.11, 8.57, 17.94, 28.35, 13.42, 14.8, 37.07, 11.15, 9.57, 9.65, 25.58, 17.0, 8.6, 30.75, 9.72, 18.99, 8.94, 0.0, 10.53, 12.16, 21.54, 39.41, 21.33, 38.27, 13.19, 10.04, 5.25, 22.09, 19.31, 8.37, 25.91, 16.22, 11.24, 9.38, 21.08, 17.81, 75.1], [0.0, 5.59, 15.96, 17.27, 23.74, 15.36, 40.2, 5.65, 23.45, 12.09, 26.97, 17.7, 15.75, 38.67, 13.85, 11.64, 26.59, 16.61, 15.74, 12.2, 19.51, 27.09, 13.67, 41.26, 11.98, 26.52, 9.72, 10.53, 0.0, 18.48, 12.13, 49.42, 13.3, 48.74, 7.48, 12.58, 15.66, 15.94, 16.52, 11.54, 34.37, 14.72, 9.87, 9.4, 14.23, 15.95, 68.82], [0.0, 23.83, 15.24, 32.01, 7.08, 13.7, 23.61, 16.79, 13.1, 6.76, 22.17, 17.64, 13.35, 24.19, 8.7, 13.16, 43.38, 11.34, 11.21, 13.1, 23.08, 13.1, 4.81, 30.01, 16.07, 8.12, 9.32, 12.16, 18.48, 0.0, 30.6, 33.11, 22.41, 37.67, 13.43, 6.7, 10.25, 20.57, 14.8, 18.47, 16.25, 11.75, 10.6, 9.89, 20.72, 12.9, 69.58], [0.0, 7.23, 28.07, 13.39, 35.74, 25.49, 51.91, 15.62, 34.38, 24.11, 35.7, 26.47, 25.58, 49.82, 25.16, 21.77, 17.13, 28.71, 27.87, 22.66, 25.18, 38.54, 25.79, 51.25, 14.6, 38.65, 21.64, 21.54, 12.13, 30.6, 0.0, 60.95, 17.94, 58.37, 18.71, 24.52, 26.77, 22.35, 25.83, 13.17, 46.47, 25.11, 21.52, 21.23, 20.28, 25.93, 70.51], [0.0, 53.72, 35.61, 64.91, 26.3, 35.96, 9.51, 45.35, 26.83, 39.54, 30.2, 36.56, 45.77, 11.79, 41.69, 46.25, 75.77, 35.14, 35.09, 38.44, 55.38, 22.41, 37.21, 16.95, 47.68, 26.0, 41.97, 39.41, 49.42, 33.11, 60.95, 0.0, 55.52, 18.25, 42.27, 39.69, 34.19, 53.36, 47.06, 47.78, 18.42, 44.44, 39.58, 42.61, 53.73, 45.26, 95.83], [0.0, 16.18, 19.97, 10.86, 29.37, 26.47, 46.01, 18.48, 32.51, 16.29, 38.42, 29.71, 10.91, 46.25, 13.89, 9.28, 23.01, 20.41, 20.66, 23.4, 7.25, 34.63, 18.69, 50.78, 12.2, 29.88, 14.22, 21.33, 13.3, 22.41, 17.94, 55.52, 0.0, 58.49, 18.74, 15.97, 25.33, 4.65, 10.28, 16.96, 38.09, 11.62, 19.6, 13.55, 12.59, 11.43, 55.55], [0.0, 51.51, 39.48, 65.85, 30.88, 33.4, 20.56, 43.48, 25.98, 42.45, 22.79, 31.9, 50.95, 15.19, 46.01, 49.91, 74.95, 39.27, 38.45, 36.55, 60.57, 24.58, 40.12, 7.73, 47.91, 33.59, 44.29, 38.27, 48.74, 37.67, 58.37, 18.25, 58.49, 0.0, 41.3, 42.97, 33.45, 57.73, 52.43, 45.99, 29.23, 49.26, 39.43, 44.96, 57.44, 50.52, 106.27], [0.0, 11.5, 11.41, 24.58, 17.28, 8.03, 33.21, 11.95, 16.0, 8.84, 19.9, 10.97, 16.64, 31.32, 12.65, 13.09, 34.04, 12.04, 10.65, 4.84, 23.48, 19.86, 9.13, 33.79, 6.82, 20.88, 7.8, 13.19, 7.48, 13.43, 18.71, 42.27, 18.74, 41.3, 0.0, 9.7, 8.22, 19.92, 17.89, 5.58, 28.2, 15.04, 9.07, 8.05, 18.74, 16.6, 73.16], [0.0, 18.14, 16.59, 25.32, 13.43, 13.9, 30.2, 12.48, 17.24, 9.14, 24.83, 17.93, 8.61, 30.29, 11.46, 6.95, 36.7, 4.64, 4.69, 11.83, 17.73, 18.74, 11.51, 35.24, 9.94, 14.72, 11.61, 10.04, 12.58, 6.7, 24.52, 39.69, 15.97, 42.97, 9.7, 0.0, 11.32, 14.76, 10.1, 13.48, 22.92, 6.81, 7.84, 12.24, 14.55, 8.34, 66.17], [0.0, 19.55, 9.84, 32.47, 10.65, 10.41, 25.31, 11.16, 7.79, 10.51, 13.56, 7.39, 19.92, 23.11, 14.9, 17.6, 42.24, 10.16, 8.52, 4.41, 28.63, 11.8, 8.81, 25.83, 14.51, 15.33, 11.55, 5.25, 15.66, 10.25, 26.77, 34.19, 25.33, 33.45, 8.22, 11.32, 0.0, 25.35, 21.4, 13.61, 21.43, 18.11, 5.99, 12.16, 24.66, 19.66, 77.49], [0.0, 19.77, 18.4, 15.15, 27.65, 27.06, 43.89, 20.43, 31.94, 15.32, 38.81, 30.66, 7.66, 44.75, 11.89, 7.85, 27.25, 18.71, 19.32, 24.19, 11.91, 33.39, 17.61, 50.0, 14.15, 27.41, 13.8, 22.09, 15.94, 20.57, 22.35, 53.36, 4.65, 57.73, 19.92, 14.76, 25.35, 0.0, 6.59, 19.39, 35.46, 8.92, 20.09, 13.18, 14.29, 8.19, 53.31], [0.0, 21.53, 12.99, 21.14, 21.82, 23.76, 37.64, 19.48, 27.11, 10.89, 34.93, 27.69, 11.71, 38.91, 6.61, 5.0, 33.28, 13.15, 14.12, 21.32, 8.36, 27.88, 12.84, 44.73, 14.0, 21.06, 10.37, 19.31, 16.52, 14.8, 25.83, 47.06, 10.28, 52.43, 17.89, 10.1, 21.4, 6.59, 0.0, 19.25, 29.01, 15.51, 17.1, 9.95, 7.7, 9.34, 56.09], [0.0, 5.94, 16.17, 20.51, 22.82, 12.64, 38.76, 11.69, 21.28, 12.79, 23.83, 14.47, 18.31, 36.7, 15.54, 14.26, 29.0, 16.82, 15.65, 9.62, 22.99, 25.37, 13.82, 38.63, 5.35, 26.21, 10.85, 8.37, 11.54, 18.47, 13.17, 47.78, 16.96, 45.99, 5.58, 13.48, 13.61, 19.39, 19.25, 0.0, 33.7, 17.04, 8.49, 10.76, 17.77, 18.42, 72.44], [0.0, 39.44, 18.88, 48.12, 10.95, 24.42, 9.63, 31.6, 16.87, 23.01, 25.36, 26.89, 27.81, 14.08, 24.22, 28.86, 59.62, 18.3, 18.77, 25.76, 37.23, 11.93, 20.93, 22.93, 32.14, 8.24, 25.57, 25.91, 34.37, 16.25, 46.47, 18.42, 38.09, 29.23, 28.2, 22.92, 21.43, 35.46, 29.01, 33.7, 0.0, 26.64, 25.24, 26.14, 36.06, 27.29, 78.16], [0.0, 20.06, 9.78, 22.23, 18.82, 20.54, 34.97, 16.95, 23.84, 7.6, 31.63, 24.5, 15.42, 35.94, 11.8, 12.49, 34.25, 10.0, 10.87, 18.19, 11.34, 24.75, 9.53, 41.55, 12.03, 18.52, 7.32, 16.22, 14.72, 11.75, 25.11, 44.44, 11.62, 49.26, 15.04, 6.81, 18.11, 8.92, 15.51, 17.04, 26.64, 0.0, 13.99, 6.99, 9.43, 15.15, 59.37], [0.0, 14.34, 8.76, 26.48, 14.34, 6.98, 30.43, 6.39, 13.72, 6.93, 18.85, 10.66, 15.73, 28.81, 11.19, 12.66, 36.43, 9.36, 7.88, 4.22, 23.53, 17.22, 6.62, 31.82, 8.53, 17.92, 6.73, 11.24, 9.87, 10.6, 21.52, 39.58, 19.6, 39.43, 9.07, 7.84, 5.99, 20.09, 17.1, 8.49, 25.24, 13.99, 0.0, 7.2, 19.17, 15.59, 72.97], [0.0, 15.0, 7.26, 22.3, 16.32, 14.04, 33.15, 10.21, 19.01, 9.26, 25.65, 17.85, 8.63, 32.86, 4.82, 5.51, 33.5, 7.85, 7.54, 11.42, 16.5, 21.16, 5.4, 37.25, 6.7, 17.98, 9.7, 9.38, 9.4, 9.89, 21.23, 42.61, 13.55, 44.96, 8.05, 12.24, 12.16, 13.18, 9.95, 10.76, 26.14, 6.99, 7.2, 0.0, 12.56, 8.56, 65.78], [0.0, 17.83, 18.4, 13.52, 27.77, 26.14, 44.23, 18.97, 31.53, 15.01, 38.0, 29.61, 8.49, 44.79, 12.05, 7.62, 25.66, 18.77, 19.22, 23.18, 5.34, 33.29, 17.37, 49.71, 12.64, 27.91, 13.21, 21.08, 14.23, 20.72, 20.28, 53.73, 12.59, 57.44, 18.74, 14.55, 24.66, 14.29, 7.7, 17.77, 36.06, 9.43, 19.17, 12.56, 0.0, 9.02, 54.73], [0.0, 21.18, 11.09, 22.22, 19.93, 22.12, 35.83, 18.43, 25.24, 9.16, 33.16, 26.09, 9.89, 37.02, 4.79, 4.33, 34.32, 11.25, 12.23, 19.78, 10.23, 25.97, 11.01, 42.83, 13.32, 19.28, 8.9, 17.81, 15.95, 12.9, 25.93, 45.26, 11.43, 50.52, 16.6, 8.34, 19.66, 8.19, 9.34, 18.42, 27.29, 15.15, 15.59, 8.56, 9.02, 0.0, 57.83], [0.0, 0.0, 0.0, 0.0, 0.0, 0.0, 0.0, 0.0, 0.0, 0.0, 0.0, 0.0, 0.0, 0.0, 0.0, 0.0, 0.0, 0.0, 0.0, 0.0, 0.0, 0.0, 0.0, 0.0, 0.0, 0.0, 0.0, 0.0, 0.0, 0.0, 0.0, 0.0, 0.0, 0.0, 0.0, 0.0, 0.0, 0.0, 0.0, 0.0, 0.0, 0.0, 0.0, 0.0, 0.0, 0.0, 0.0]], "time_windows": [[0.0, 5000.0], [0.0, 120.0], [0.0, 146.0], [0.0, 198.0], [0.0, 306.0], [0.0, 342.0], [0.0, 392.0], [0.0, 450.0], [0.0, 492.0], [0.0, 540.0], [0.0, 606.0], [0.0, 627.0], [0.0, 672.0], [0.0, 726.0], [0.0, 771.0], [0.0, 778.0], [0.0, 828.0], [0.0, 913.0], [0.0, 929.0], [0.0, 946.0], [0.0, 990.0], [0.0, 1036.0], [0.0, 1055.0], [0.0, 1091.0], [0.0, 1132.0], [0.0, 1157.0], [0.0, 1174.0], [0.0, 1183.0], [0.0, 1194.0], [0.0, 1212.0], [0.0, 1243.0], [0.0, 1304.0], [0.0, 1359.0], [0.0, 1418.0], [0.0, 1459.0], [0.0, 1469.0], [0.0, 1480.0], [0.0, 1505.0], [0.0, 1512.0], [0.0, 1531.0], [0.0, 1565.0], [0.0, 1591.0], [0.0, 1605.0], [0.0, 1613.0], [0.0, 1625.0], [0.0, 1634.0], [0.0, 5000.0]], "start_depot": 0, "end_depot": 46, "horizon": [0.0, 5000.0]}