{"digraph": {"vertex_count": 47, "arc_count": 2070, "arcs": [[0, 1, 1, 1, 1, 1, 1, 1, 1, 1, 1, 1, 1, 1, 1, 1, 1, 1, 1, 1, 1, 1, 1, 1, 1, 1, 1, 1, 1, 1, 1, 1, 1, 1, 1, 1, 1, 1, 1, 1, 1, 1, 1, 1, 1, 1, 1], [0, 0, 1, 1, 1, 1, 1, 1, 1, 1, 1, 1, 1, 1, 1, 1, 1, 1, 1, 1, 1, 1, 1, 1, 1, 1, 1, 1, 1, 1, 1, 1, 1, 1, 1, 1, 1, 1, 1, 1, 1, 1, 1, 1, 1, 1, 1], [0, 1, 0, 1, 1, 1, 1, 1, 1, 1, 1, 1, 1, 1, 1, 1, 1, 1, 1, 1, 1, 1, 1, 1, 1, 1, 1, 1, 1, 1, 1, 1, 1, 1, 1, 1, 1, 1, 1, 1, 1, 1, 1, 1, 1, 1, 1], [0, 1, 1, 0, 1, 1, 1, 1, 1, 1, 1, 1, 1, 1, 1, 1, 1, 1, 1, 1, 1, 1, 1, 1, 1, 1, 1, 1, 1, 1, 1, 1, 1, 1, 1, 1, 1, 1, 1, 1, 1, 1, 1, 1, 1, 1, 1], [0, 1, 1, 1, 0, 1, 1, 1, 1, 1, 1, 1, 1, 1, 1, 1, 1, 1, 1, 1, 1, 1, 1, 1, 1, 1, 1, 1, 1, 1, 1, 1, 1, 1, 1, 1, 1, 1, 1, 1, 1, 1, 1, 1, 1, 1, 1], [0, 1, 1, 1, 1, 0, 1, 1, 1, 1, 1, 1, 1, 1, 1, 1, 1, 1, 1, 1, 1, 1, 1, 1, 1, 1, 1, 1, 1, 1, 1, 1, 1, 1, 1, 1, 1, 1, 1, 1, 1, 1, 1, 1, 1, 1, 1], [0, 1, 1, 1, 1, 1, 0, 1, 1, 1, 1, 1, 1, 1, 1, 1, 1, 1, 1, 1, 1, 1, 1, 1, 1, 1, 1, 1, 1, 1, 1, 1, 1, 1, 1, 1, 1, 1, 1, 1, 1, 1, 1, 1, 1, 1, 1], [0, 1, 1, 1, 1, 1, 1, 0, 1, 1, 1, 1, 1, 1, 1, 1, 1, 1, 1, 1, 1, 1, 1, 1, 1, 1, 1, 1, 1, 1, 1, 1, 1, 1, 1, 1, 1, 1, 1, 1, 1, 1, 1, 1, 1, 1, 1], [0, 1, 1, 1, 1, 1, 1, 1, 0, 1, 1, 1, 1, 1, 1, 1, 1, 1, 1, 1, 1, 1, 1, 1, 1, 1, 1, 1, 1, 1, 1, 1, 1, 1, 1, 1, 1, 1, 1, 1, 1, 1, 1, 1, 1, 1, 1], [0, 1, 1, 1, 1, 1, 1, 1, 1, 0, 1, 1, 1, 1, 1, 1, 1, 1, 1, 1, 1, 1, 1, 1, 1, 1, 1, 1, 1, 1, 1, 1, 1, 1, 1, 1, 1, 1, 1, 1, 1, 1, 1, 1, 1, 1, 1], [0, 1, 1, 1, 1, 1, 1, 1, 1, 1, 0, 1, 1, 1, 1, 1, 1, 1, 1, 1, 1, 1, 1, 1, 1, 1, 1, 1, 1, 1, 1, 1, 1, 1, 1, 1, 1, 1, 1, 1, 1, 1, 1, 1, 1, 1, 1], [0, 1, 1, 1, 1, 1, 1, 1, 1, 1, 1, 0, 1, 1, 1, 1, 1, 1, 1, 1, 1, 1, 1, 1, 1, 1, 1, 1, 1, 1, 1, 1, 1, 1, 1, 1, 1, 1, 1, 1, 1, 1, 1, 1, 1, 1, 1], [0, 1, 1, 1, 1, 1, 1, 1, 1, 1, 1, 1, 0, 1, 1, 1, 1, 1, 1, 1, 1, 1, 1, 1, 1, 1, 1, 1, 1, 1, 1, 1, 1, 1, 1, 1, 1, 1, 1, 1, 1, 1, 1, 1, 1, 1, 1], [0, 1, 1, 1, 1, 1, 1, 1, 1, 1, 1, 1, 1, 0, 1, 1, 1, 1, 1, 1, 1, 1, 1, 1, 1, 1, 1, 1, 1, 1, 1, 1, 1, 1, 1, 1, 1, 1, 1, 1, 1, 1, 1, 1, 1, 1, 1], [0, 1, 1, 1, 1, 1, 1, 1, 1, 1, 1, 1, 1, 1, 0, 1, 1, 1, 1, 1, 1, 1, 1, 1, 1, 1, 1, 1, 1, 1, 1, 1, 1, 1, 1, 1, 1, 1, 1, 1, 1, 1, 1, 1, 1, 1, 1], [0, 1, 1, 1, 1, 1, 1, 1, 1, 1, 1, 1, 1, 1, 1, 0, 1, 1, 1, 1, 1, 1, 1, 1, 1, 1, 1, 1, 1, 1, 1, 1, 1, 1, 1, 1, 1, 1, 1, 1, 1, 1, 1, 1, 1, 1, 1], [0, 1, 1, 1, 1, 1, 1, 1, 1, 1, 1, 1, 1, 1, 1, 1, 0, 1, 1, 1, 1, 1, 1, 1, 1, 1, 1, 1, 1, 1, 1, 1, 1, 1, 1, 1, 1, 1, 1, 1, 1, 1, 1, 1, 1, 1, 1], [0, 1, 1, 1, 1, 1, 1, 1, 1, 1, 1, 1, 1, 1, 1, 1, 1, 0, 1, 1, 1, 1, 1, 1, 1, 1, 1, 1, 1, 1, 1, 1, 1, 1, 1, 1, 1, 1, 1, 1, 1, 1, 1, 1, 1, 1, 1], [0, 1, 1, 1, 1, 1, 1, 1, 1, 1, 1, 1, 1, 1, 1, 1, 1, 1, 0, 1, 1, 1, 1, 1, 1, 1, 1, 1, 1, 1, 1, 1, 1, 1, 1, 1, 1, 1, 1, 1, 1, 1, 1, 1, 1, 1, 1], [0, 1, 1, 1, 1, 1, 1, 1, 1, 1, 1, 1, 1, 1, 1, 1, 1, 1, 1, 0, 1, 1, 1, 1, 1, 1, 1, 1, 1, 1, 1, 1, 1, 1, 1, 1, 1, 1, 1, 1, 1, 1, 1, 1, 1, 1, 1], [0, 1, 1, 1, 1, 1, 1, 1, 1, 1, 1, 1, 1, 1, 1, 1, 1, 1, 1, 1, 0, 1, 1, 1, 1, 1, 1, 1, 1, 1, 1, 1, 1, 1, 1, 1, 1, 1, 1, 1, 1, 1, 1, 1, 1, 1, 1], [0, 1, 1, 1, 1, 1, 1, 1, 1, 1, 1, 1, 1, 1, 1, 1, 1, 1, 1, 1, 1, 0, 1, 1, 1, 1, 1, 1, 1, 1, 1, 1, 1, 1, 1, 1, 1, 1, 1, 1, 1, 1, 1, 1, 1, 1, 1], [0, 1, 1, 1, 1, 1, 1, 1, 1, 1, 1, 1, 1, 1, 1, 1, 1, 1, 1, 1, 1, 1, 0, 1, 1, 1, 1, 1, 1, 1, 1, 1, 1, 1, 1, 1, 1, 1, 1, 1, 1, 1, 1, 1, 1, 1, 1], [0, 1, 1, 1, 1, 1, 1, 1, 1, 1, 1, 1, 1, 1, 1, 1, 1, 1, 1, 1, 1, 1, 1, 0, 1, 1, 1, 1, 1, 1, 1, 1, 1, 1, 1, 1, 1, 1, 1, 1, 1, 1, 1, 1, 1, 1, 1], [0, 1, 1, 1, 1, 1, 1, 1, 1, 1, 1, 1, 1, 1, 1, 1, 1, 1, 1, 1, 1, 1, 1, 1, 0, 1, 1, 1, 1, 1, 1, 1, 1, 1, 1, 1, 1, 1, 1, 1, 1, 1, 1, 1, 1, 1, 1], [0, 1, 1, 1, 1, 1, 1, 1, 1, 1, 1, 1, 1, 1, 1, 1, 1, 1, 1, 1, 1, 1, 1, 1, 1, 0, 1, 1, 1, 1, 1, 1, 1, 1, 1, 1, 1, 1, 1, 1, 1, 1, 1, 1, 1, 1, 1], [0, 1, 1, 1, 1, 1, 1, 1, 1, 1, 1, 1, 1, 1, 1, 1, 1, 1, 1, 1, 1, 1, 1, 1, 1, 1, 0, 1, 1, 1, 1, 1, 1, 1, 1, 1, 1, 1, 1, 1, 1, 1, 1, 1, 1, 1, 1], [0, 1, 1, 1, 1, 1, 1, 1, 1, 1, 1, 1, 1, 1, 1, 1, 1, 1, 1, 1, 1, 1, 1, 1, 1, 1, 1, 0, 1, 1, 1, 1, 1, 1, 1, 1, 1, 1, 1, 1, 1, 1, 1, 1, 1, 1, 1], [0, 1, 1, 1, 1, 1, 1, 1, 1, 1, 1, 1, 1, 1, 1, 1, 1, 1, 1, 1, 1, 1, 1, 1, 1, 1, 1, 1, 0, 1, 1, 1, 1, 1, 1, 1, 1, 1, 1, 1, 1, 1, 1, 1, 1, 1, 1], [0, 1, 1, 1, 1, 1, 1, 1, 1, 1, 1, 1, 1, 1, 1, 1, 1, 1, 1, 1, 1, 1, 1, 1, 1, 1, 1, 1, 1, 0, 1, 1, 1, 1, 1, 1, 1, 1, 1, 1, 1, 1, 1, 1, 1, 1, 1], [0, 1, 1, 1, 1, 1, 1, 1, 1, 1, 1, 1, 1, 1, 1, 1, 1, 1, 1, 1, 1, 1, 1, 1, 1, 1, 1, 1, 1, 1, 0, 1, 1, 1, 1, 1, 1, 1, 1, 1, 1, 1, 1, 1, 1, 1, 1], [0, 1, 1, 1, 1, 1, 1, 1, 1, 1, 1, 1, 1, 1, 1, 1, 1, 1, 1, 1, 1, 1, 1, 1, 1, 1, 1, 1, 1, 1, 1, 0, 1, 1, 1, 1, 1, 1, 1, 1, 1, 1, 1, 1, 1, 1, 1], [0, 1, 1, 1, 1, 1, 1, 1, 1, 1, 1, 1, 1, 1, 1, 1, 1, 1, 1, 1, 1, 1, 1, 1, 1, 1, 1, 1, 1, 1, 1, 1, 0, 1, 1, 1, 1, 1, 1, 1, 1, 1, 1, 1, 1, 1, 1], [0, 1, 1, 1, 1, 1, 1, 1, 1, 1, 1, 1, 1, 1, 1, 1, 1, 1, 1, 1, 1, 1, 1, 1, 1, 1, 1, 1, 1, 1, 1, 1, 1, 0, 1, 1, 1, 1, 1, 1, 1, 1, 1, 1, 1, 1, 1], [0, 1, 1, 1, 1, 1, 1, 1, 1, 1, 1, 1, 1, 1, 1, 1, 1, 1, 1, 1, 1, 1, 1, 1, 1, 1, 1, 1, 1, 1, 1, 1, 1, 1, 0, 1, 1, 1, 1, 1, 1, 1, 1, 1, 1, 1, 1], [0, 1, 1, 1, 1, 1, 1, 1, 1, 1, 1, 1, 1, 1, 1, 1, 1, 1, 1, 1, 1, 1, 1, 1, 1, 1, 1, 1, 1, 1, 1, 1, 1, 1, 1, 0, 1, 1, 1, 1, 1, 1, 1, 1, 1, 1, 1], [0, 1, 1, 1, 1, 1, 1, 1, 1, 1, 1, 1, 1, 1, 1, 1, 1, 1, 1, 1, 1, 1, 1, 1, 1, 1, 1, 1, 1, 1, 1, 1, 1, 1, 1, 1, 0, 1, 1, 1, 1, 1, 1, 1, 1, 1, 1], [0, 1, 1, 1, 1, 1, 1, 1, 1, 1, 1, 1, 1, 1, 1, 1, 1, 1, 1, 1, 1, 1, 1, 1, 1, 1, 1, 1, 1, 1, 1, 1, 1, 1, 1, 1, 1, 0, 1, 1, 1, 1, 1, 1, 1, 1, 1], [0, 1, 1, 1, 1, 1, 1, 1, 1, 1, 1, 1, 1, 1, 1, 1, 1, 1, 1, 1, 1, 1, 1, 1, 1, 1, 1, 1, 1, 1, 1, 1, 1, 1, 1, 1, 1, 1, 0, 1, 1, 1, 1, 1, 1, 1, 1], [0, 1, 1, 1, 1, 1, 1, 1, 1, 1, 1, 1, 1, 1, 1, 1, 1, 1, 1, 1, 1, 1, 1, 1, 1, 1, 1, 1, 1, 1, 1, 1, 1, 1, 1, 1, 1, 1, 1, 0, 1, 1, 1, 1, 1, 1, 1], [0, 1, 1, 1, 1, 1, 1, 1, 1, 1, 1, 1, 1, 1, 1, 1, 1, 1, 1, 1, 1, 1, 1, 1, 1, 1, 1, 1, 1, 1, 1, 1, 1, 1, 1, 1, 1, 1, 1, 1, 0, 1, 1, 1, 1, 1, 1], [0, 1, 1, 1, 1, 1, 1, 1, 1, 1, 1, 1, 1, 1, 1, 1, 1, 1, 1, 1, 1, 1, 1, 1, 1, 1, 1, 1, 1, 1, 1, 1, 1, 1, 1, 1, 1, 1, 1, 1, 1, 0, 1, 1, 1, 1, 1], [0, 1, 1, 1, 1, 1, 1, 1, 1, 1, 1, 1, 1, 1, 1, 1, 1, 1, 1, 1, 1, 1, 1, 1, 1, 1, 1, 1, 1, 1, 1, 1, 1, 1, 1, 1, 1, 1, 1, 1, 1, 1, 0, 1, 1, 1, 1], [0, 1, 1, 1, 1, 1, 1, 1, 1, 1, 1, 1, 1, 1, 1, 1, 1, 1, 1, 1, 1, 1, 1, 1, 1, 1, 1, 1, 1, 1, 1, 1, 1, 1, 1, 1, 1, 1, 1, 1, 1, 1, 1, 0, 1, 1, 1], [0, 1, 1, 1, 1, 1, 1, 1, 1, 1, 1, 1, 1, 1, 1, 1, 1, 1, 1, 1, 1, 1, 1, 1, 1, 1, 1, 1, 1, 1, 1, 1, 1, 1, 1, 1, 1, 1, 1, 1, 1, 1, 1, 1, 0, 1, 1], [0, 1, 1, 1, 1, 1, 1, 1, 1, 1, 1, 1, 1, 1, 1, 1, 1, 1, 1, 1, 1, 1, 1, 1, 1, 1, 1, 1, 1, 1, 1, 1, 1, 1, 1, 1, 1, 1, 1, 1, 1, 1, 1, 1, 1, 0, 1], [0, 0, 0, 0, 0, 0, 0, 0, 0, 0, 0, 0, 0, 0, 0, 0, 0, 0, 0, 0, 0, 0, 0, 0, 0, 0, 0, 0, 0, 0, 0, 0, 0, 0, 0, 0, 0, 0, 0, 0, 0, 0, 0, 0, 0, 0, 0]]}, "cluster_count": 3, "cluster_speeds": [[0.925, 0.85, 0.925, 1.0, 0.8325, 0.765, 0.8325, 0.9, 0.4625, 0.425, 0.4625, 0.5, 0.30525, 0.2805, 0.30525, 0.33, 0.37, 0.34, 0.37, 0.4, 0.555, 0.51, 0.555, 0.6, 0.6475, 0.595, 0.6475, 0.7, 0.37, 0.34, 0.37, 0.4, 0.30525, 0.2805, 0.30525, 0.33, 0.4625, 0.425, 0.4625, 0.5, 0.6475, 0.595, 0.6475, 0.7, 0.74, 0.68, 0.74, 0.8, 0.6475, 0.595, 0.6475, 0.7, 0.4625, 0.425, 0.4625, 0.5, 0.555, 0.51, 0.555, 0.6, 0.6475, 0.595, 0.6475, 0.7, 0.8325, 0.765, 0.8325, 0.9, 0.925, 0.85, 0.925, 1.0, 1.0], [0.7400000000000001, 0.68, 0.7400000000000001, 0.8, 0.666, 0.6120000000000001, 0.666, 0.7200000000000001, 0.37000000000000005, 0.34, 0.37000000000000005, 0.4, 0.24420000000000003, 0.22440000000000004, 0.24420000000000003, 0.264, 0.296, 0.272, 0.296, 0.32000000000000006, 0.44400000000000006, 0.40800000000000003, 0.44400000000000006, 0.48, 0.6475, 0.595, 0.6475, 0.7, 0.37, 0.34, 0.37, 0.4, 0.30525, 0.2805, 0.30525, 0.33, 0.4625, 0.425, 0.4625, 0.5, 0.6475, 0.595, 0.6475, 0.7, 0.74, 0.68, 0.74, 0.8, 0.518, 0.476, 0.518, 0.5599999999999999, 0.37000000000000005, 0.34, 0.37000000000000005, 0.4, 0.44400000000000006, 0.40800000000000003, 0.44400000000000006, 0.48, 0.518, 0.476, 0.518, 0.5599999999999999, 0.666, 0.6120000000000001, 0.666, 0.7200000000000001, 0.7400000000000001, 0.68, 0.7400000000000001, 0.8, 0.8], [0.87875, 0.8075, 0.87875, 0.95, 0.790875, 0.72675, 0.790875, 0.855, 0.439375, 0.40375, 0.439375, 0.475, 0.2899875, 0.266475, 0.2899875, 0.3135, 0.3515, 0.323, 0.3515, 0.38, 0.52725, 0.4845, 0.52725, 0.57, 0.6475, 0.595, 0.6475, 0.7, 0.37, 0.34, 0.37, 0.4, 0.30525, 0.2805, 0.30525, 0.33, 0.4625, 0.425, 0.4625, 0.5, 0.6475, 0.595, 0.6475, 0.7, 0.74, 0.68, 0.74, 0.8, 0.6151249999999999, 0.5652499999999999, 0.6151249999999999, 0.6649999999999999, 0.439375, 0.40375, 0.439375, 0.475, 0.52725, 0.4845, 0.52725, 0.57, 0.6151249999999999, 0.5652499999999999, 0.6151249999999999, 0.6649999999999999, 0.790875, 0.72675, 0.790875, 0.855, 0.87875, 0.8075, 0.87875, 0.95, 0.95]], "clusters": [[-1, 2, 2, 2, 2, 2, 2, 2, 2, 2, 2, 2, 2, 2, 2, 2, 2, 2, 2, 2, 2, 2, 2, 2, 2, 2, 2, 2, 2, 2, 2, 2, 2, 2, 2, 2, 2, 2, 2, 2, 2, 2, 2, 2, 2, 2, 2], [1, -1, 1, 1, 1, 1, 1, 1, 1, 1, 1, 1, 1, 1, 1, 1, 1, 1, 1, 1, 1, 1, 1, 1, 1, 1, 1, 1, 1, 1, 1, 1, 1, 1, 1, 1, 1, 1, 1, 1, 1, 1, 1, 1, 1, 1, 1], [0, 0, -1, 0, 0, 0, 0, 0, 0, 0, 0, 0, 0, 0, 0, 0, 0, 0, 0, 0, 0, 0, 0, 0, 0, 0, 0, 0, 0, 0, 0, 0, 0, 0, 0, 0, 0, 0, 0, 0, 0, 0, 0, 0, 0, 0, 0], [1, 1, 1, -1, 1, 1, 1, 1, 1, 1, 1, 1, 1, 1, 1, 1, 1, 1, 1, 1, 1, 1, 1, 1, 1, 1, 1, 1, 1, 1, 1, 1, 1, 1, 1, 1, 1, 1, 1, 1, 1, 1, 1, 1, 1, 1, 1], [0, 0, 0, 0, -1, 0, 0, 0, 0, 0, 0, 0, 0, 0, 0, 0, 0, 0, 0, 0, 0, 0, 0, 0, 0, 0, 0, 0, 0, 0, 0, 0, 0, 0, 0, 0, 0, 0, 0, 0, 0, 0, 0, 0, 0, 0, 0], [0, 0, 0, 0, 0, -1, 0, 0, 0, 0, 0, 0, 0, 0, 0, 0, 0, 0, 0, 0, 0, 0, 0, 0, 0, 0, 0, 0, 0, 0, 0, 0, 0, 0, 0, 0, 0, 0, 0, 0, 0, 0, 0, 0, 0, 0, 0], [0, 0, 0, 0, 0, 0, -1, 0, 0, 0, 0, 0, 0, 0, 0, 0, 0, 0, 0, 0, 0, 0, 0, 0, 0, 0, 0, 0, 0, 0, 0, 0, 0, 0, 0, 0, 0, 0, 0, 0, 0, 0, 0, 0, 0, 0, 0], [0, 0, 0, 0, 0, 0, 0, -1, 0, 0, 0, 0, 0, 0, 0, 0, 0, 0, 0, 0, 0, 0, 0, 0, 0, 0, 0, 0, 0, 0, 0, 0, 0, 0, 0, 0, 0, 0, 0, 0, 0, 0, 0, 0, 0, 0, 0], [1, 1, 1, 1, 1, 1, 1, 1, -1, 1, 1, 1, 1, 1, 1, 1, 1, 1, 1, 1, 1, 1, 1, 1, 1, 1, 1, 1, 1, 1, 1, 1, 1, 1, 1, 1, 1, 1, 1, 1, 1, 1, 1, 1, 1, 1, 1], [0, 0, 0, 0, 0, 0, 0, 0, 0, -1, 0, 0, 0, 0, 0, 0, 0, 0, 0, 0, 0, 0, 0, 0, 0, 0, 0, 0, 0, 0, 0, 0, 0, 0, 0, 0, 0, 0, 0, 0, 0, 0, 0, 0, 0, 0, 0], [1, 1, 1, 1, 1, 1, 1, 1, 1, 1, -1, 1, 1, 1, 1, 1, 1, 1, 1, 1, 1, 1, 1, 1, 1, 1, 1, 1, 1, 1, 1, 1, 1, 1, 1, 1, 1, 1, 1, 1, 1, 1, 1, 1, 1, 1, 1], [2, 2, 2, 2, 2, 2, 2, 2, 2, 2, 2, -1, 2, 2, 2, 2, 2, 2, 2, 2, 2, 2, 2, 2, 2, 2, 2, 2, 2, 2, 2, 2, 2, 2, 2, 2, 2, 2, 2, 2, 2, 2, 2, 2, 2, 2, 2], [0, 0, 0, 0, 0, 0, 0, 0, 0, 0, 0, 0, -1, 0, 0, 0, 0, 0, 0, 0, 0, 0, 0, 0, 0, 0, 0, 0, 0, 0, 0, 0, 0, 0, 0, 0, 0, 0, 0, 0, 0, 0, 0, 0, 0, 0, 0], [0, 0, 0, 0, 0, 0, 0, 0, 0, 0, 0, 0, 0, -1, 0, 0, 0, 0, 0, 0, 0, 0, 0, 0, 0, 0, 0, 0, 0, 0, 0, 0, 0, 0, 0, 0, 0, 0, 0, 0, 0, 0, 0, 0, 0, 0, 0], [0, 0, 0, 0, 0, 0, 0, 0, 0, 0, 0, 0, 0, 0, -1, 0, 0, 0, 0, 0, 0, 0, 0, 0, 0, 0, 0, 0, 0, 0, 0, 0, 0, 0, 0, 0, 0, 0, 0, 0, 0, 0, 0, 0, 0, 0, 0], [0, 0, 0, 0, 0, 0, 0, 0, 0, 0, 0, 0, 0, 0, 0, -1, 0, 0, 0, 0, 0, 0, 0, 0, 0, 0, 0, 0, 0, 0, 0, 0, 0, 0, 0, 0, 0, 0, 0, 0, 0, 0, 0, 0, 0, 0, 0], [0, 0, 0, 0, 0, 0, 0, 0, 0, 0, 0, 0, 0, 0, 0, 0, -1, 0, 0, 0, 0, 0, 0, 0, 0, 0, 0, 0, 0, 0, 0, 0, 0, 0, 0, 0, 0, 0, 0, 0, 0, 0, 0, 0, 0, 0, 0], [0, 0, 0, 0, 0, 0, 0, 0, 0, 0, 0, 0, 0, 0, 0, 0, 0, -1, 0, 0, 0, 0, 0, 0, 0, 0, 0, 0, 0, 0, 0, 0, 0, 0, 0, 0, 0, 0, 0, 0, 0, 0, 0, 0, 0, 0, 0], [1, 1, 1, 1, 1, 1, 1, 1, 1, 1, 1, 1, 1, 1, 1, 1, 1, 1, -1, 1, 1, 1, 1, 1, 1, 1, 1, 1, 1, 1, 1, 1, 1, 1, 1, 1, 1, 1, 1, 1, 1, 1, 1, 1, 1, 1, 1], [0, 0, 0, 0, 0, 0, 0, 0, 0, 0, 0, 0, 0, 0, 0, 0, 0, 0, 0, -1, 0, 0, 0, 0, 0, 0, 0, 0, 0, 0, 0, 0, 0, 0, 0, 0, 0, 0, 0, 0, 0, 0, 0, 0, 0, 0, 0], [0, 0, 0, 0, 0, 0, 0, 0, 0, 0, 0, 0, 0, 0, 0, 0, 0, 0, 0, 0, -1, 0, 0, 0, 0, 0, 0, 0, 0, 0, 0, 0, 0, 0, 0, 0, 0, 0, 0, 0, 0, 0, 0, 0, 0, 0, 0], [0, 0, 0, 0, 0, 0, 0, 0, 0, 0, 0, 0, 0, 0, 0, 0, 0, 0, 0, 0, 0, -1, 0, 0, 0, 0, 0, 0, 0, 0, 0, 0, 0, 0, 0, 0, 0, 0, 0, 0, 0, 0, 0, 0, 0, 0, 0], [0, 0, 0, 0, 0, 0, 0, 0, 0, 0, 0, 0, 0, 0, 0, 0, 0, 0, 0, 0, 0, 0, -1, 0, 0, 0, 0, 0, 0, 0, 0, 0, 0, 0, 0, 0, 0, 0, 0, 0, 0, 0, 0, 0, 0, 0, 0], [0, 0, 0, 0, 0, 0, 0, 0, 0, 0, 0, 0, 0, 0, 0, 0, 0, 0, 0, 0, 0, 0, 0, -1, 0, 0, 0, 0, 0, 0, 0, 0, 0, 0, 0, 0, 0, 0, 0, 0, 0, 0, 0, 0, 0, 0, 0], [0, 0, 0, 0, 0, 0, 0, 0, 0, 0, 0, 0, 0, 0, 0, 0, 0, 0, 0, 0, 0, 0, 0, 0, -1, 0, 0, 0, 0, 0, 0, 0, 0, 0, 0, 0, 0, 0, 0, 0, 0, 0, 0, 0, 0, 0, 0], [1, 1, 1, 1, 1, 1, 1, 1, 1, 1, 1, 1, 1, 1, 1, 1, 1, 1, 1, 1, 1, 1, 1, 1, 1, -1, 1, 1, 1, 1, 1, 1, 1, 1, 1, 1, 1, 1, 1, 1, 1, 1, 1, 1, 1, 1, 1], [0, 0, 0, 0, 0, 0, 0, 0, 0, 0, 0, 0, 0, 0, 0, 0, 0, 0, 0, 0, 0, 0, 0, 0, 0, 0, -1, 0, 0, 0, 0, 0, 0, 0, 0, 0, 0, 0, 0, 0, 0, 0, 0, 0, 0, 0, 0], [0, 0, 0, 0, 0, 0, 0, 0, 0, 0, 0, 0, 0, 0, 0, 0, 0, 0, 0, 0, 0, 0, 0, 0, 0, 0, 0, -1, 0, 0, 0, 0, 0, 0, 0, 0, 0, 0, 0, 0, 0, 0, 0, 0, 0, 0, 0], [0, 0, 0, 0, 0, 0, 0, 0, 0, 0, 0, 0, 0, 0, 0, 0, 0, 0, 0, 0, 0, 0, 0, 0, 0, 0, 0, 0, -1, 0, 0, 0, 0, 0, 0, 0, 0, 0, 0, 0, 0, 0, 0, 0, 0, 0, 0], [0, 0, 0, 0, 0, 0, 0, 0, 0, 0, 0, 0, 0, 0, 0, 0, 0, 0, 0, 0, 0, 0, 0, 0, 0, 0, 0, 0, 0, -1, 0, 0, 0, 0, 0, 0, 0, 0, 0, 0, 0, 0, 0, 0, 0, 0, 0], [0, 0, 0, 0, 0, 0, 0, 0, 0, 0, 0, 0, 0, 0, 0, 0, 0, 0, 0, 0, 0, 0, 0, 0, 0, 0, 0, 0, 0, 0, -1, 0, 0, 0, 0, 0, 0, 0, 0, 0, 0, 0, 0, 0, 0, 0, 0], [0, 0, 0, 0, 0, 0, 0, 0, 0, 0, 0, 0, 0, 0, 0, 0, 0, 0, 0, 0, 0, 0, 0, 0, 0, 0, 0, 0, 0, 0, 0, -1, 0, 0, 0, 0, 0, 0, 0, 0, 0, 0, 0, 0, 0, 0, 0], [0, 0, 0, 0, 0, 0, 0, 0, 0, 0, 0, 0, 0, 0, 0, 0, 0, 0, 0, 0, 0, 0, 0, 0, 0, 0, 0, 0, 0, 0, 0, 0, -1, 0, 0, 0, 0, 0, 0, 0, 0, 0, 0, 0, 0, 0, 0], [0, 0, 0, 0, 0, 0, 0, 0, 0, 0, 0, 0, 0, 0, 0, 0, 0, 0, 0, 0, 0, 0, 0, 0, 0, 0, 0, 0, 0, 0, 0, 0, 0, -1, 0, 0, 0, 0, 0, 0, 0, 0, 0, 0, 0, 0, 0], [0, 0, 0, 0, 0, 0, 0, 0, 0, 0, 0, 0, 0, 0, 0, 0, 0, 0, 0, 0, 0, 0, 0, 0, 0, 0, 0, 0, 0, 0, 0, 0, 0, 0, -1, 0, 0, 0, 0, 0, 0, 0, 0, 0, 0, 0, 0], [1, 1, 1, 1, 1, 1, 1, 1, 1, 1, 1, 1, 1, 1, 1, 1, 1, 1, 1, 1, 1, 1, 1, 1, 1, 1, 1, 1, 1, 1, 1, 1, 1, 1, 1, -1, 1, 1, 1, 1, 1, 1, 1, 1, 1, 1, 1], [0, 0, 0, 0, 0, 0, 0, 0, 0, 0, 0, 0, 0, 0, 0, 0, 0, 0, 0, 0, 0, 0, 0, 0, 0, 0, 0, 0, 0, 0, 0, 0, 0, 0, 0, 0, -1, 0, 0, 0, 0, 0, 0, 0, 0, 0, 0], [0, 0, 0, 0, 0, 0, 0, 0, 0, 0, 0, 0, 0, 0, 0, 0, 0, 0, 0, 0, 0, 0, 0, 0, 0, 0, 0, 0, 0, 0, 0, 0, 0, 0, 0, 0, 0, -1, 0, 0, 0, 0, 0, 0, 0, 0, 0], [0, 0, 0, 0, 0, 0, 0, 0, 0, 0, 0, 0, 0, 0, 0, 0, 0, 0, 0, 0, 0, 0, 0, 0, 0, 0, 0, 0, 0, 0, 0, 0, 0, 0, 0, 0, 0, 0, -1, 0, 0, 0, 0, 0, 0, 0, 0], [0, 0, 0, 0, 0, 0, 0, 0, 0, 0, 0, 0, 0, 0, 0, 0, 0, 0, 0, 0, 0, 0, 0, 0, 0, 0, 0, 0, 0, 0, 0, 0, 0, 0, 0, 0, 0, 0, 0, -1, 0, 0, 0, 0, 0, 0, 0], [0, 0, 0, 0, 0, 0, 0, 0, 0, 0, 0, 0, 0, 0, 0, 0, 0, 0, 0, 0, 0, 0, 0, 0, 0, 0, 0, 0, 0, 0, 0, 0, 0, 0, 0, 0, 0, 0, 0, 0, -1, 0, 0, 0, 0, 0, 0], [0, 0, 0, 0, 0, 0, 0, 0, 0, 0, 0, 0, 0, 0, 0, 0, 0, 0, 0, 0, 0, 0, 0, 0, 0, 0, 0, 0, 0, 0, 0, 0, 0, 0, 0, 0, 0, 0, 0, 0, 0, -1, 0, 0, 0, 0, 0], [0, 0, 0, 0, 0, 0, 0, 0, 0, 0, 0, 0, 0, 0, 0, 0, 0, 0, 0, 0, 0, 0, 0, 0, 0, 0, 0, 0, 0, 0, 0, 0, 0, 0, 0, 0, 0, 0, 0, 0, 0, 0, -1, 0, 0, 0, 0], [0, 0, 0, 0, 0, 0, 0, 0, 0, 0, 0, 0, 0, 0, 0, 0, 0, 0, 0, 0, 0, 0, 0, 0, 0, 0, 0, 0, 0, 0, 0, 0, 0, 0, 0, 0, 0, 0, 0, 0, 0, 0, 0, -1, 0, 0, 0], [0, 0, 0, 0, 0, 0, 0, 0, 0, 0, 0, 0, 0, 0, 0, 0, 0, 0, 0, 0, 0, 0, 0, 0, 0, 0, 0, 0, 0, 0, 0, 0, 0, 0, 0, 0, 0, 0, 0, 0, 0, 0, 0, 0, -1, 0, 0], [0, 0, 0, 0, 0, 0, 0, 0, 0, 0, 0, 0, 0, 0, 0, 0, 0, 0, 0, 0, 0, 0, 0, 0, 0, 0, 0, 0, 0, 0, 0, 0, 0, 0, 0, 0, 0, 0, 0, 0, 0, 0, 0, 0, 0, -1, 0], [2, 2, 2, 2, 2, 2, 2, 2, 2, 2, 2, 2, 2, 2, 2, 2, 2, 2, 2, 2, 2, 2, 2, 2, 2, 2, 2, 2, 2, 2, 2, 2, 2, 2, 2, 2, 2, 2, 2, 2, 2, 2, 2, 2, 2, 2, -1]], "speed_zone_count": 73, "speed_zones": [[0.0, 15.0], [15.0, 30.0], [30.0, 45.0], [45.0, 60.0], [60.0, 75.0], [75.0, 90.0], [90.0, 105.0], [105.0, 120.0], [120.0, 135.0], [135.0, 150.0], [150.0, 165.0], [165.0, 180.0], [180.0, 195.0], [195.0, 210.0], [210.0, 225.0], [225.0, 240.0], [240.0, 255.0], [255.0, 270.0], [270.0, 285.0], [285.0, 300.0], [300.0, 315.0], [315.0, 330.0], [330.0, 345.0], [345.0, 360.0], [360.0, 375.0], [375.0, 390.0], [390.0, 405.0], [405.0, 420.0], [420.0, 435.0], [435.0, 450.0], [450.0, 465.0], [465.0, 480.0], [480.0, 495.0], [495.0, 510.0], [510.0, 525.0], [525.0, 540.0], [540.0, 555.0], [555.0, 570.0], [570.0, 585.0], [585.0, 600.0], [600.0, 615.0], [615.0, 630.0], [630.0, 645.0], [645.0, 660.0], [660.0, 675.0], [675.0, 690.0], [690.0, 705.0], [705.0, 720.0], [720.0, 735.0], [735.0, 750.0], [750.0, 765.0], [765.0, 780.0], [780.0, 795.0], [795.0, 810.0], [810.0, 825.0], [825.0, 840.0], [840.0, 855.0], [855.0, 870.0], [870.0, 885.0], [885.0, 900.0], [900.0, 915.0], [915.0, 930.0], [930.0, 945.0], [945.0, 960.0], [960.0, 975.0], [975.0, 990.0], [990.0, 1005.0], [1005.0, 1020.0], [1020.0, 1035.0], [1035.0, 1050.0], [1050.0, 1065.0], [1065.0, 1080.0], [1080.0, 5000.0]], "distances": [[0.0, 90.18, 65.73, 69.85, 72.15, 84.48, 69.62, 70.56, 60.62, 77.23, 84.1, 89.33, 72.49, 71.2, 65.92, 85.15, 71.86, 59.18, 86.27, 81.29, 72.44, 69.94, 69.41, 77.61, 76.68, 55.62, 65.74, 69.43, 71.9, 70.75, 61.9, 65.83, 80.06, 74.35, 70.55, 69.98, 83.58, 68.69, 66.68, 65.31, 65.77, 76.52, 78.43, 80.9, 71.1, 69.56, 0.0], [0.0, 0.0, 25.21, 32.8, 21.83, 8.57, 21.58, 19.63, 40.3, 15.25, 6.11, 15.73, 21.92, 27.86, 25.17, 8.31, 21.11, 33.46, 10.71, 12.71, 20.3, 23.86, 21.58, 16.21, 16.73, 36.2, 31.66, 21.22, 20.22, 28.79, 31.57, 26.55, 14.24, 15.85, 19.63, 33.79, 8.92, 22.58, 25.29, 25.65, 25.25, 14.69, 13.16, 13.48, 25.93, 21.38, 90.18], [0.0, 25.21, 0.0, 17.09, 8.13, 18.76, 12.14, 7.78, 19.08, 11.56, 19.47, 30.62, 8.72, 13.14, 12.57, 19.42, 7.02, 8.73, 25.17, 15.67, 7.3, 6.8, 11.68, 12.25, 11.29, 11.01, 11.95, 10.79, 6.44, 13.65, 7.88, 11.17, 14.59, 10.65, 6.97, 18.24, 17.87, 11.36, 10.99, 13.25, 12.77, 10.84, 12.72, 15.37, 10.94, 11.62, 65.73], [0.0, 32.8, 17.09, 0.0, 12.48, 24.25, 16.9, 23.42, 9.72, 18.35, 29.11, 43.74, 12.06, 5.16, 16.62, 24.59, 13.97, 14.5, 37.58, 20.1, 14.69, 11.63, 17.48, 16.84, 16.58, 17.87, 5.94, 18.7, 15.59, 4.24, 12.03, 13.38, 18.57, 24.45, 22.33, 9.64, 23.89, 16.46, 14.33, 17.05, 16.86, 20.14, 20.7, 19.32, 7.57, 17.69, 69.85], [0.0, 21.83, 8.13, 12.48, 0.0, 13.8, 5.57, 11.66, 18.53, 6.59, 17.24, 31.34, 9.4, 7.39, 7.7, 14.34, 10.07, 13.04, 25.24, 9.81, 9.44, 9.34, 6.2, 5.91, 5.18, 16.54, 9.89, 7.34, 10.05, 8.26, 10.52, 6.42, 8.34, 12.06, 10.56, 13.64, 13.14, 5.72, 5.91, 8.4, 7.96, 7.85, 8.81, 9.22, 4.91, 6.33, 72.15], [0.0, 8.57, 18.76, 24.25, 13.8, 0.0, 14.88, 15.31, 32.01, 7.49, 6.77, 22.08, 13.78, 19.36, 18.59, 8.81, 13.38, 26.26, 16.0, 4.19, 12.63, 15.97, 15.07, 7.94, 8.62, 29.37, 23.42, 15.1, 12.86, 20.28, 24.06, 19.25, 5.75, 12.07, 14.85, 25.23, 9.53, 15.84, 18.15, 19.19, 18.73, 7.99, 6.05, 4.94, 17.53, 14.92, 84.48], [0.0, 21.58, 12.14, 16.9, 5.57, 14.88, 0.0, 6.52, 20.81, 7.68, 16.02, 28.28, 6.2, 12.22, 11.66, 15.54, 11.34, 11.93, 22.52, 11.8, 11.8, 5.34, 10.3, 8.5, 7.54, 14.65, 12.73, 8.78, 9.51, 12.94, 10.36, 5.29, 10.77, 8.13, 5.43, 18.09, 14.0, 9.66, 9.53, 4.31, 11.93, 7.02, 8.86, 11.52, 9.74, 8.62, 69.62], [0.0, 19.63, 7.78, 23.42, 11.66, 15.31, 6.52, 0.0, 26.74, 10.27, 13.54, 22.92, 12.26, 18.7, 8.05, 16.0, 10.02, 16.36, 17.68, 13.83, 9.57, 11.83, 5.95, 12.02, 11.24, 18.04, 19.06, 4.73, 8.4, 19.44, 15.64, 11.04, 13.48, 11.55, 10.39, 24.61, 14.35, 7.03, 9.71, 8.11, 7.94, 8.08, 9.86, 13.93, 16.2, 5.74, 70.56], [0.0, 40.3, 19.08, 9.72, 18.53, 32.01, 20.81, 26.74, 0.0, 25.11, 35.73, 49.08, 18.4, 13.09, 18.74, 32.46, 19.51, 12.03, 43.22, 27.84, 20.34, 16.71, 21.2, 24.11, 23.57, 13.72, 8.65, 22.25, 20.79, 12.27, 11.35, 15.72, 26.28, 28.94, 25.8, 9.56, 31.47, 19.99, 17.09, 18.82, 18.89, 26.23, 27.34, 27.13, 14.51, 21.44, 60.62], [0.0, 15.25, 11.56, 18.35, 6.59, 7.49, 7.68, 10.27, 25.11, 0.0, 10.8, 25.55, 6.72, 13.21, 11.33, 8.1, 5.94, 18.77, 19.33, 11.67, 5.16, 8.62, 7.99, 10.33, 9.42, 21.92, 16.47, 8.34, 5.39, 14.14, 16.59, 11.77, 12.04, 8.52, 9.42, 19.45, 6.72, 8.57, 10.69, 11.97, 11.5, 10.97, 11.87, 11.31, 10.99, 7.89, 77.23], [0.0, 6.11, 19.47, 29.11, 17.24, 6.77, 16.02, 13.54, 35.73, 10.8, 0.0, 15.48, 17.45, 23.98, 19.48, 7.05, 16.23, 27.95, 9.31, 9.75, 15.4, 19.03, 15.94, 12.3, 12.53, 30.48, 27.11, 15.44, 15.08, 24.92, 26.27, 21.18, 11.01, 9.75, 13.58, 30.18, 6.4, 17.02, 19.86, 19.91, 19.53, 9.53, 8.47, 10.5, 21.79, 15.72, 84.1], [0.0, 15.73, 30.62, 43.74, 31.34, 22.08, 28.28, 22.92, 49.08, 25.55, 15.48, 0.0, 31.7, 38.58, 30.84, 22.21, 30.0, 39.28, 6.24, 25.21, 29.21, 32.68, 27.93, 27.33, 27.36, 40.79, 40.77, 26.96, 28.51, 39.49, 38.4, 33.49, 26.39, 20.17, 23.66, 44.87, 21.84, 29.14, 32.09, 30.99, 30.77, 23.59, 23.24, 25.95, 36.19, 27.69, 89.33], [0.0, 21.92, 8.72, 12.06, 9.4, 13.78, 6.2, 12.26, 18.4, 6.72, 17.45, 31.7, 0.0, 6.94, 8.28, 14.3, 10.1, 13.34, 25.58, 9.73, 9.45, 8.92, 6.84, 5.85, 5.2, 16.88, 9.75, 7.97, 10.06, 7.82, 10.75, 6.85, 8.22, 12.57, 11.16, 13.22, 13.16, 6.35, 6.43, 8.98, 8.55, 8.15, 8.99, 9.1, 4.49, 6.96, 72.49], [0.0, 27.86, 13.14, 5.16, 7.39, 19.36, 12.22, 18.7, 13.09, 13.21, 23.98, 38.58, 6.94, 0.0, 12.65, 19.74, 8.95, 13.15, 32.42, 15.17, 9.62, 6.89, 12.83, 11.76, 11.45, 16.88, 5.48, 14.06, 10.6, 9.4, 10.31, 9.69, 13.62, 19.44, 17.59, 6.29, 18.93, 11.94, 10.31, 13.19, 12.91, 14.99, 15.55, 14.42, 11.32, 13.02, 71.2], [0.0, 25.17, 12.57, 16.62, 7.7, 18.59, 11.66, 8.05, 18.74, 11.33, 19.48, 30.84, 8.28, 12.65, 0.0, 19.25, 6.63, 8.6, 25.34, 15.43, 6.95, 6.32, 11.3, 11.95, 11.0, 11.03, 11.51, 10.49, 6.13, 13.16, 7.6, 10.69, 14.32, 10.8, 7.2, 17.77, 17.71, 10.98, 10.51, 12.95, 12.47, 10.71, 12.57, 15.11, 10.44, 11.4, 65.92], [0.0, 8.31, 19.42, 24.59, 14.34, 8.81, 15.54, 16.0, 32.46, 8.1, 7.05, 22.21, 14.3, 19.74, 19.25, 0.0, 13.97, 26.87, 16.19, 4.62, 13.23, 16.52, 15.74, 8.45, 9.16, 30.0, 23.9, 15.78, 13.48, 20.66, 24.64, 19.87, 6.18, 12.73, 15.55, 25.55, 9.93, 16.49, 18.78, 19.85, 19.39, 8.67, 6.73, 5.34, 17.97, 15.59, 85.15], [0.0, 21.11, 7.02, 13.97, 10.07, 13.38, 11.34, 10.02, 19.51, 5.94, 16.23, 30.0, 10.1, 8.95, 6.63, 13.97, 0.0, 12.97, 23.95, 9.61, 8.8, 9.41, 4.66, 5.78, 4.9, 16.3, 10.93, 5.76, 9.77, 9.78, 10.68, 6.05, 8.26, 10.5, 8.91, 15.14, 12.65, 4.34, 5.22, 7.34, 6.88, 6.72, 7.96, 9.12, 6.43, 4.76, 71.86], [0.0, 33.46, 8.73, 14.5, 13.04, 26.26, 11.93, 16.36, 12.03, 18.77, 27.95, 39.28, 13.34, 13.15, 8.6, 26.87, 12.97, 0.0, 33.89, 22.59, 13.67, 10.79, 12.02, 18.74, 17.88, 17.26, 8.61, 12.68, 13.42, 13.07, 12.1, 7.01, 21.22, 19.38, 15.64, 15.36, 25.46, 10.93, 8.19, 8.34, 8.62, 18.79, 20.47, 22.09, 12.31, 12.25, 59.18], [0.0, 10.71, 25.17, 37.58, 25.24, 16.0, 22.52, 17.68, 43.22, 19.33, 9.31, 6.24, 25.58, 32.42, 25.34, 16.19, 23.95, 33.89, 0.0, 18.99, 23.15, 26.67, 22.22, 21.1, 21.14, 35.72, 34.81, 21.34, 22.51, 33.34, 32.79, 27.79, 20.16, 14.54, 18.28, 38.71, 15.7, 23.42, 26.4, 25.56, 25.29, 17.44, 17.01, 19.73, 30.06, 21.98, 86.27], [0.0, 12.71, 15.67, 20.1, 9.81, 4.19, 11.8, 13.83, 27.84, 11.67, 9.75, 25.21, 9.73, 15.17, 15.43, 4.62, 9.61, 22.59, 18.99, 0.0, 8.94, 12.03, 12.12, 10.32, 4.72, 25.86, 19.28, 12.43, 9.39, 16.1, 20.24, 15.63, 9.94, 11.34, 13.12, 21.09, 12.68, 12.67, 14.65, 16.08, 15.6, 5.77, 10.24, 8.94, 13.35, 12.02, 81.29], [0.0, 20.3, 7.3, 14.69, 9.44, 12.63, 11.8, 9.57, 20.34, 5.16, 15.4, 29.21, 9.45, 9.62, 6.95, 13.23, 8.8, 13.67, 23.15, 8.94, 0.0, 9.53, 4.56, 5.17, 4.25, 16.93, 11.75, 5.55, 9.12, 10.48, 11.43, 6.69, 7.63, 9.83, 8.48, 15.86, 11.88, 4.45, 5.76, 7.65, 7.17, 5.89, 7.14, 8.48, 7.13, 4.61, 72.44], [0.0, 23.86, 6.8, 11.63, 9.34, 15.97, 5.34, 11.83, 16.71, 8.62, 19.03, 32.68, 8.92, 6.89, 6.32, 16.52, 9.41, 10.79, 26.67, 12.03, 9.53, 0.0, 5.94, 8.13, 7.36, 14.33, 8.15, 7.17, 4.17, 7.61, 8.26, 4.37, 10.58, 12.91, 10.73, 12.82, 15.28, 5.08, 4.19, 6.98, 6.6, 9.52, 10.73, 11.46, 4.43, 6.13, 69.94], [0.0, 21.58, 11.68, 17.48, 6.2, 15.07, 10.3, 5.95, 21.2, 7.99, 15.94, 27.93, 6.84, 12.83, 11.3, 15.74, 4.66, 12.02, 22.22, 12.12, 4.56, 5.94, 0.0, 8.93, 7.98, 14.62, 13.21, 9.33, 9.47, 13.54, 10.59, 5.57, 11.15, 7.76, 4.87, 18.67, 14.18, 9.0, 4.17, 12.01, 11.54, 7.14, 9.03, 11.88, 10.36, 8.59, 69.41], [0.0, 16.21, 12.25, 16.84, 5.91, 7.94, 8.5, 12.02, 24.11, 10.33, 12.3, 27.33, 5.85, 11.76, 11.95, 8.45, 5.78, 18.74, 21.1, 10.32, 5.17, 8.13, 8.93, 0.0, 9.42, 22.08, 15.5, 9.5, 5.82, 12.69, 16.35, 11.83, 10.02, 10.52, 11.11, 17.9, 7.35, 9.27, 10.93, 12.64, 12.16, 4.56, 12.31, 10.42, 9.72, 8.88, 77.61], [0.0, 16.73, 11.29, 16.58, 5.18, 8.62, 7.54, 11.24, 23.57, 9.42, 12.53, 27.36, 5.2, 11.45, 11.0, 9.16, 4.9, 17.88, 21.14, 4.72, 4.25, 7.36, 7.98, 9.42, 0.0, 21.18, 14.93, 8.57, 4.86, 12.39, 15.53, 10.93, 11.89, 9.96, 10.3, 17.67, 7.96, 8.31, 10.01, 11.68, 11.2, 10.08, 8.5, 4.23, 9.3, 7.93, 76.68], [0.0, 36.2, 11.01, 17.87, 16.54, 29.37, 14.65, 18.04, 13.72, 21.92, 30.48, 40.79, 16.88, 16.88, 11.03, 30.0, 16.3, 17.26, 35.72, 25.86, 16.93, 14.33, 14.62, 22.08, 21.18, 0.0, 12.12, 15.04, 16.53, 16.75, 6.63, 10.25, 24.55, 21.41, 17.5, 18.63, 28.53, 13.66, 11.23, 10.58, 10.96, 21.66, 23.44, 25.41, 16.06, 14.82, 55.62], [0.0, 31.66, 11.95, 5.94, 9.89, 23.42, 12.73, 19.06, 8.65, 16.47, 27.11, 40.77, 9.75, 5.48, 11.51, 23.9, 10.93, 8.61, 34.81, 19.28, 11.75, 8.15, 13.21, 15.5, 14.93, 12.12, 0.0, 14.37, 12.3, 5.01, 6.09, 8.22, 17.73, 20.79, 18.03, 6.9, 22.85, 12.05, 9.42, 11.81, 11.72, 17.64, 18.7, 18.59, 6.1, 13.44, 65.74], [0.0, 21.22, 10.79, 18.7, 7.34, 15.1, 8.78, 4.73, 22.25, 8.34, 15.44, 26.96, 7.97, 14.06, 10.49, 15.78, 5.76, 12.68, 21.34, 12.43, 5.55, 7.17, 9.33, 9.5, 8.57, 15.04, 14.37, 0.0, 4.36, 14.77, 11.46, 6.55, 11.58, 6.81, 11.65, 19.89, 14.18, 10.0, 5.16, 4.47, 10.69, 7.11, 9.06, 12.26, 11.58, 8.78, 69.43], [0.0, 20.22, 6.44, 15.59, 10.05, 12.86, 9.51, 8.4, 20.79, 5.39, 15.08, 28.51, 10.06, 10.6, 6.13, 13.48, 9.77, 13.42, 22.51, 9.39, 9.12, 4.17, 9.47, 5.82, 4.86, 16.53, 12.3, 4.36, 0.0, 11.42, 11.36, 6.41, 8.21, 8.86, 7.3, 16.77, 12.05, 9.25, 5.3, 6.82, 6.34, 5.58, 7.09, 9.01, 8.08, 9.72, 71.9], [0.0, 28.79, 13.65, 4.24, 8.26, 20.28, 12.94, 19.44, 12.27, 14.14, 24.92, 39.49, 7.82, 9.4, 13.16, 20.66, 9.78, 13.07, 33.34, 16.1, 10.48, 7.61, 13.54, 12.69, 12.39, 16.75, 5.01, 14.77, 11.42, 0.0, 10.26, 10.11, 14.55, 20.28, 18.34, 5.39, 19.87, 12.61, 10.83, 13.68, 13.42, 15.9, 16.49, 15.34, 11.11, 13.74, 70.75], [0.0, 31.57, 7.88, 12.03, 10.52, 24.06, 10.36, 15.64, 11.35, 16.59, 26.27, 38.4, 10.75, 10.31, 7.6, 24.64, 10.68, 12.1, 32.79, 20.24, 11.43, 8.26, 10.59, 16.35, 15.53, 6.63, 6.09, 11.46, 11.36, 10.26, 0.0, 5.1, 18.82, 18.27, 14.79, 12.98, 23.31, 9.41, 6.46, 7.57, 7.7, 16.89, 18.45, 19.7, 9.44, 10.83, 61.9], [0.0, 26.55, 11.17, 13.38, 6.42, 19.25, 5.29, 11.04, 15.72, 11.77, 21.18, 33.49, 6.85, 9.69, 10.69, 19.87, 6.05, 7.01, 27.79, 15.63, 6.69, 4.37, 5.57, 11.83, 10.93, 10.25, 8.22, 6.55, 6.41, 10.11, 5.1, 0.0, 14.3, 13.32, 10.09, 14.52, 18.46, 4.37, 8.56, 9.6, 10.97, 11.86, 13.48, 15.16, 7.72, 5.81, 65.83], [0.0, 14.24, 14.59, 18.57, 8.34, 5.75, 10.77, 13.48, 26.28, 12.04, 11.01, 26.39, 8.22, 13.62, 14.32, 6.18, 8.26, 21.22, 20.16, 9.94, 7.63, 10.58, 11.15, 10.02, 11.89, 24.55, 17.73, 11.58, 8.21, 14.55, 18.82, 14.3, 0.0, 11.36, 12.68, 19.57, 5.33, 11.59, 13.39, 14.99, 14.51, 5.46, 10.48, 9.92, 11.79, 11.07, 80.06], [0.0, 15.85, 10.65, 24.45, 12.06, 12.07, 8.13, 11.55, 28.94, 8.52, 9.75, 20.17, 12.57, 19.44, 10.8, 12.73, 10.5, 19.38, 14.54, 11.34, 9.83, 12.91, 7.76, 10.52, 9.96, 21.41, 20.79, 6.81, 8.86, 20.28, 18.27, 13.32, 11.36, 0.0, 12.17, 25.63, 11.11, 8.97, 11.93, 11.05, 10.76, 6.01, 7.34, 11.61, 16.93, 7.52, 74.35], [0.0, 19.63, 6.97, 22.33, 10.56, 14.85, 5.43, 10.39, 25.8, 9.42, 13.58, 23.66, 11.16, 17.59, 7.2, 15.55, 8.91, 15.64, 18.28, 13.12, 8.48, 10.73, 4.87, 11.11, 10.3, 17.5, 18.03, 11.65, 7.3, 18.34, 14.79, 10.09, 12.68, 12.17, 0.0, 23.52, 13.89, 5.98, 8.73, 7.33, 7.11, 7.35, 9.21, 13.17, 15.09, 4.65, 70.55], [0.0, 33.79, 18.24, 9.64, 13.64, 25.23, 18.09, 24.61, 9.56, 19.45, 30.18, 44.87, 13.22, 6.29, 17.77, 25.55, 15.14, 15.36, 38.71, 21.09, 15.86, 12.82, 18.67, 17.9, 17.67, 18.63, 6.9, 19.89, 16.77, 5.39, 12.98, 14.52, 19.57, 25.63, 23.52, 0.0, 24.89, 17.65, 15.5, 18.19, 18.01, 21.28, 21.8, 20.31, 8.74, 18.87, 69.98], [0.0, 8.92, 17.87, 23.89, 13.14, 9.53, 14.0, 14.35, 31.47, 6.72, 6.4, 21.84, 13.16, 18.93, 17.71, 9.93, 12.65, 25.46, 15.7, 12.68, 11.88, 15.28, 14.18, 7.35, 7.96, 28.53, 22.85, 14.18, 12.05, 19.87, 23.31, 18.46, 5.33, 11.11, 13.89, 24.89, 0.0, 14.96, 17.33, 18.3, 17.84, 7.07, 5.15, 4.59, 17.03, 14.02, 83.58], [0.0, 22.58, 11.36, 16.46, 5.72, 15.84, 9.66, 7.03, 19.99, 8.57, 17.02, 29.14, 6.35, 11.94, 10.98, 16.49, 4.34, 10.93, 23.42, 12.67, 4.45, 5.08, 9.0, 9.27, 8.31, 13.66, 12.05, 10.0, 9.25, 12.61, 9.41, 4.37, 11.59, 8.97, 5.98, 17.65, 14.96, 0.0, 9.27, 11.68, 11.22, 8.01, 9.83, 12.37, 9.51, 9.07, 68.69], [0.0, 25.29, 10.99, 14.33, 5.91, 18.15, 9.53, 9.71, 17.09, 10.69, 19.86, 32.09, 6.43, 10.31, 10.51, 18.78, 5.22, 8.19, 26.4, 14.65, 5.76, 4.19, 4.17, 10.93, 10.01, 11.23, 9.42, 5.16, 5.3, 10.83, 6.46, 8.56, 13.39, 11.93, 8.73, 15.5, 17.33, 9.27, 0.0, 8.73, 10.79, 10.61, 12.29, 14.22, 8.14, 4.42, 66.68], [0.0, 25.65, 13.25, 17.05, 8.4, 19.19, 4.31, 8.11, 18.82, 11.97, 19.91, 30.99, 8.98, 13.19, 12.95, 19.85, 7.34, 8.34, 25.56, 16.08, 7.65, 6.98, 12.01, 12.64, 11.68, 10.58, 11.81, 4.47, 6.82, 13.68, 7.57, 9.6, 14.99, 11.05, 7.33, 18.19, 18.3, 11.68, 8.73, 0.0, 13.15, 11.27, 13.15, 15.77, 11.03, 4.31, 65.31], [0.0, 25.25, 12.77, 16.86, 7.96, 18.73, 11.93, 7.94, 18.89, 11.5, 19.53, 30.77, 8.55, 12.91, 12.47, 19.39, 6.88, 8.62, 25.29, 15.6, 7.17, 6.6, 11.54, 12.16, 11.2, 10.96, 11.72, 10.69, 6.34, 13.42, 7.7, 10.97, 14.51, 10.76, 7.11, 18.01, 17.84, 11.22, 10.79, 13.15, 0.0, 10.83, 12.7, 15.29, 10.71, 11.64, 65.77], [0.0, 14.69, 10.84, 20.14, 7.85, 7.99, 7.02, 8.08, 26.23, 10.97, 9.53, 23.59, 8.15, 14.99, 10.71, 8.67, 6.72, 18.79, 17.44, 5.77, 5.89, 9.52, 7.14, 4.56, 10.08, 21.66, 17.64, 7.11, 5.58, 15.9, 16.89, 11.86, 5.46, 6.01, 7.35, 21.28, 7.07, 8.01, 10.61, 11.27, 10.83, 0.0, 10.13, 5.86, 12.62, 6.97, 76.52], [0.0, 13.16, 12.72, 20.7, 8.81, 6.05, 8.86, 9.86, 27.34, 11.87, 8.47, 23.24, 8.99, 15.55, 12.57, 6.73, 7.96, 20.47, 17.01, 10.24, 7.14, 10.73, 9.03, 12.31, 8.5, 23.44, 18.7, 9.06, 7.09, 16.49, 18.45, 13.48, 10.48, 7.34, 9.21, 21.8, 5.15, 9.83, 12.29, 13.15, 12.7, 10.13, 0.0, 4.27, 13.32, 8.87, 78.43], [0.0, 13.48, 15.37, 19.32, 9.22, 4.94, 11.52, 13.93, 27.13, 11.31, 10.5, 25.95, 9.1, 14.42, 15.11, 5.34, 9.12, 22.09, 19.73, 8.94, 8.48, 11.46, 11.88, 10.42, 4.23, 25.41, 18.59, 12.26, 9.01, 15.34, 19.7, 15.16, 9.92, 11.61, 13.17, 20.31, 4.59, 12.37, 14.22, 15.77, 15.29, 5.86, 4.27, 0.0, 12.63, 11.79, 80.9], [0.0, 25.93, 10.94, 7.57, 4.91, 17.53, 9.74, 16.2, 14.51, 10.99, 21.79, 36.19, 4.49, 11.32, 10.44, 17.97, 6.43, 12.31, 30.06, 13.35, 7.13, 4.43, 10.36, 9.72, 9.3, 16.06, 6.1, 11.58, 8.08, 11.11, 9.44, 7.72, 11.79, 16.93, 15.09, 8.74, 17.03, 9.51, 8.14, 11.03, 10.71, 12.62, 13.32, 12.63, 0.0, 10.54, 71.1], [0.0, 21.38, 11.62, 17.69, 6.33, 14.92, 8.62, 5.74, 21.44, 7.89, 15.72, 27.69, 6.96, 13.02, 11.4, 15.59, 4.76, 12.25, 21.98, 12.02, 4.61, 6.13, 8.59, 8.88, 7.93, 14.82, 13.44, 8.78, 9.72, 13.74, 10.83, 5.81, 11.07, 7.52, 4.65, 18.87, 14.02, 9.07, 4.42, 4.31, 11.64, 6.97, 8.87, 11.79, 10.54, 0.0, 69.56], [0.0, 0.0, 0.0, 0.0, 0.0, 0.0, 0.0, 0.0, 0.0, 0.0, 0.0, 0.0, 0.0, 0.0, 0.0, 0.0, 0.0, 0.0, 0.0, 0.0, 0.0, 0.0, 0.0, 0.0, 0.0, 0.0, 0.0, 0.0, 0.0, 0.0, 0.0, 0.0, 0.0, 0.0, 0.0, 0.0, 0.0, 0.0, 0.0, 0.0, 0.0, 0.0, 0.0, 0.0, 0.0, 0.0, 0.0]], "time_windows": [[0.0, 5000.0], [0.0, 143.0], [0.0, 183.0], [0.0, 219.0], [0.0, 260.0], [0.0, 300.0], [0.0, 340.0], [0.0, 352.0], [0.0, 400.0], [0.0, 440.0], [0.0, 456.0], [0.0, 495.0], [0.0, 588.0], [0.0, 604.0], [0.0, 631.0], [0.0, 664.0], [0.0, 686.0], [0.0, 704.0], [0.0, 751.0], [0.0, 778.0], [0.0, 793.0], [0.0, 807.0], [0.0, 816.0], [0.0, 833.0], [0.0, 855.0], [0.0, 896.0], [0.0, 919.0], [0.0, 943.0], [0.0, 950.0], [0.0, 969.0], [0.0, 985.0], [0.0, 992.0], [0.0, 1011.0], [0.0, 1025.0], [0.0, 1040.0], [0.0, 1066.0], [0.0, 1095.0], [0.0, 1110.0], [0.0, 1120.0], [0.0, 1128.0], [0.0, 1141.0], [0.0, 1152.0], [0.0, 1162.0], [0.0, 1167.0], [0.0, 1179.0], [0.0, 1190.0], [0.0, 5000.0]], "start_depot": 0, "end_depot": 46, "horizon": [0.0, 5000.0]}