{"digraph": {"vertex_count": 47, "arc_count": 2070, "arcs": [[0, 1, 1, 1, 1, 1, 1, 1, 1, 1, 1, 1, 1, 1, 1, 1, 1, 1, 1, 1, 1, 1, 1, 1, 1, 1, 1, 1, 1, 1, 1, 1, 1, 1, 1, 1, 1, 1, 1, 1, 1, 1, 1, 1, 1, 1, 1], [0, 0, 1, 1, 1, 1, 1, 1, 1, 1, 1, 1, 1, 1, 1, 1, 1, 1, 1, 1, 1, 1, 1, 1, 1, 1, 1, 1, 1, 1, 1, 1, 1, 1, 1, 1, 1, 1, 1, 1, 1, 1, 1, 1, 1, 1, 1], [0, 1, 0, 1, 1, 1, 1, 1, 1, 1, 1, 1, 1, 1, 1, 1, 1, 1, 1, 1, 1, 1, 1, 1, 1, 1, 1, 1, 1, 1, 1, 1, 1, 1, 1, 1, 1, 1, 1, 1, 1, 1, 1, 1, 1, 1, 1], [0, 1, 1, 0, 1, 1, 1, 1, 1, 1, 1, 1, 1, 1, 1, 1, 1, 1, 1, 1, 1, 1, 1, 1, 1, 1, 1, 1, 1, 1, 1, 1, 1, 1, 1, 1, 1, 1, 1, 1, 1, 1, 1, 1, 1, 1, 1], [0, 1, 1, 1, 0, 1, 1, 1, 1, 1, 1, 1, 1, 1, 1, 1, 1, 1, 1, 1, 1, 1, 1, 1, 1, 1, 1, 1, 1, 1, 1, 1, 1, 1, 1, 1, 1, 1, 1, 1, 1, 1, 1, 1, 1, 1, 1], [0, 1, 1, 1, 1, 0, 1, 1, 1, 1, 1, 1, 1, 1, 1, 1, 1, 1, 1, 1, 1, 1, 1, 1, 1, 1, 1, 1, 1, 1, 1, 1, 1, 1, 1, 1, 1, 1, 1, 1, 1, 1, 1, 1, 1, 1, 1], [0, 1, 1, 1, 1, 1, 0, 1, 1, 1, 1, 1, 1, 1, 1, 1, 1, 1, 1, 1, 1, 1, 1, 1, 1, 1, 1, 1, 1, 1, 1, 1, 1, 1, 1, 1, 1, 1, 1, 1, 1, 1, 1, 1, 1, 1, 1], [0, 1, 1, 1, 1, 1, 1, 0, 1, 1, 1, 1, 1, 1, 1, 1, 1, 1, 1, 1, 1, 1, 1, 1, 1, 1, 1, 1, 1, 1, 1, 1, 1, 1, 1, 1, 1, 1, 1, 1, 1, 1, 1, 1, 1, 1, 1], [0, 1, 1, 1, 1, 1, 1, 1, 0, 1, 1, 1, 1, 1, 1, 1, 1, 1, 1, 1, 1, 1, 1, 1, 1, 1, 1, 1, 1, 1, 1, 1, 1, 1, 1, 1, 1, 1, 1, 1, 1, 1, 1, 1, 1, 1, 1], [0, 1, 1, 1, 1, 1, 1, 1, 1, 0, 1, 1, 1, 1, 1, 1, 1, 1, 1, 1, 1, 1, 1, 1, 1, 1, 1, 1, 1, 1, 1, 1, 1, 1, 1, 1, 1, 1, 1, 1, 1, 1, 1, 1, 1, 1, 1], [0, 1, 1, 1, 1, 1, 1, 1, 1, 1, 0, 1, 1, 1, 1, 1, 1, 1, 1, 1, 1, 1, 1, 1, 1, 1, 1, 1, 1, 1, 1, 1, 1, 1, 1, 1, 1, 1, 1, 1, 1, 1, 1, 1, 1, 1, 1], [0, 1, 1, 1, 1, 1, 1, 1, 1, 1, 1, 0, 1, 1, 1, 1, 1, 1, 1, 1, 1, 1, 1, 1, 1, 1, 1, 1, 1, 1, 1, 1, 1, 1, 1, 1, 1, 1, 1, 1, 1, 1, 1, 1, 1, 1, 1], [0, 1, 1, 1, 1, 1, 1, 1, 1, 1, 1, 1, 0, 1, 1, 1, 1, 1, 1, 1, 1, 1, 1, 1, 1, 1, 1, 1, 1, 1, 1, 1, 1, 1, 1, 1, 1, 1, 1, 1, 1, 1, 1, 1, 1, 1, 1], [0, 1, 1, 1, 1, 1, 1, 1, 1, 1, 1, 1, 1, 0, 1, 1, 1, 1, 1, 1, 1, 1, 1, 1, 1, 1, 1, 1, 1, 1, 1, 1, 1, 1, 1, 1, 1, 1, 1, 1, 1, 1, 1, 1, 1, 1, 1], [0, 1, 1, 1, 1, 1, 1, 1, 1, 1, 1, 1, 1, 1, 0, 1, 1, 1, 1, 1, 1, 1, 1, 1, 1, 1, 1, 1, 1, 1, 1, 1, 1, 1, 1, 1, 1, 1, 1, 1, 1, 1, 1, 1, 1, 1, 1], [0, 1, 1, 1, 1, 1, 1, 1, 1, 1, 1, 1, 1, 1, 1, 0, 1, 1, 1, 1, 1, 1, 1, 1, 1, 1, 1, 1, 1, 1, 1, 1, 1, 1, 1, 1, 1, 1, 1, 1, 1, 1, 1, 1, 1, 1, 1], [0, 1, 1, 1, 1, 1, 1, 1, 1, 1, 1, 1, 1, 1, 1, 1, 0, 1, 1, 1, 1, 1, 1, 1, 1, 1, 1, 1, 1, 1, 1, 1, 1, 1, 1, 1, 1, 1, 1, 1, 1, 1, 1, 1, 1, 1, 1], [0, 1, 1, 1, 1, 1, 1, 1, 1, 1, 1, 1, 1, 1, 1, 1, 1, 0, 1, 1, 1, 1, 1, 1, 1, 1, 1, 1, 1, 1, 1, 1, 1, 1, 1, 1, 1, 1, 1, 1, 1, 1, 1, 1, 1, 1, 1], [0, 1, 1, 1, 1, 1, 1, 1, 1, 1, 1, 1, 1, 1, 1, 1, 1, 1, 0, 1, 1, 1, 1, 1, 1, 1, 1, 1, 1, 1, 1, 1, 1, 1, 1, 1, 1, 1, 1, 1, 1, 1, 1, 1, 1, 1, 1], [0, 1, 1, 1, 1, 1, 1, 1, 1, 1, 1, 1, 1, 1, 1, 1, 1, 1, 1, 0, 1, 1, 1, 1, 1, 1, 1, 1, 1, 1, 1, 1, 1, 1, 1, 1, 1, 1, 1, 1, 1, 1, 1, 1, 1, 1, 1], [0, 1, 1, 1, 1, 1, 1, 1, 1, 1, 1, 1, 1, 1, 1, 1, 1, 1, 1, 1, 0, 1, 1, 1, 1, 1, 1, 1, 1, 1, 1, 1, 1, 1, 1, 1, 1, 1, 1, 1, 1, 1, 1, 1, 1, 1, 1], [0, 1, 1, 1, 1, 1, 1, 1, 1, 1, 1, 1, 1, 1, 1, 1, 1, 1, 1, 1, 1, 0, 1, 1, 1, 1, 1, 1, 1, 1, 1, 1, 1, 1, 1, 1, 1, 1, 1, 1, 1, 1, 1, 1, 1, 1, 1], [0, 1, 1, 1, 1, 1, 1, 1, 1, 1, 1, 1, 1, 1, 1, 1, 1, 1, 1, 1, 1, 1, 0, 1, 1, 1, 1, 1, 1, 1, 1, 1, 1, 1, 1, 1, 1, 1, 1, 1, 1, 1, 1, 1, 1, 1, 1], [0, 1, 1, 1, 1, 1, 1, 1, 1, 1, 1, 1, 1, 1, 1, 1, 1, 1, 1, 1, 1, 1, 1, 0, 1, 1, 1, 1, 1, 1, 1, 1, 1, 1, 1, 1, 1, 1, 1, 1, 1, 1, 1, 1, 1, 1, 1], [0, 1, 1, 1, 1, 1, 1, 1, 1, 1, 1, 1, 1, 1, 1, 1, 1, 1, 1, 1, 1, 1, 1, 1, 0, 1, 1, 1, 1, 1, 1, 1, 1, 1, 1, 1, 1, 1, 1, 1, 1, 1, 1, 1, 1, 1, 1], [0, 1, 1, 1, 1, 1, 1, 1, 1, 1, 1, 1, 1, 1, 1, 1, 1, 1, 1, 1, 1, 1, 1, 1, 1, 0, 1, 1, 1, 1, 1, 1, 1, 1, 1, 1, 1, 1, 1, 1, 1, 1, 1, 1, 1, 1, 1], [0, 1, 1, 1, 1, 1, 1, 1, 1, 1, 1, 1, 1, 1, 1, 1, 1, 1, 1, 1, 1, 1, 1, 1, 1, 1, 0, 1, 1, 1, 1, 1, 1, 1, 1, 1, 1, 1, 1, 1, 1, 1, 1, 1, 1, 1, 1], [0, 1, 1, 1, 1, 1, 1, 1, 1, 1, 1, 1, 1, 1, 1, 1, 1, 1, 1, 1, 1, 1, 1, 1, 1, 1, 1, 0, 1, 1, 1, 1, 1, 1, 1, 1, 1, 1, 1, 1, 1, 1, 1, 1, 1, 1, 1], [0, 1, 1, 1, 1, 1, 1, 1, 1, 1, 1, 1, 1, 1, 1, 1, 1, 1, 1, 1, 1, 1, 1, 1, 1, 1, 1, 1, 0, 1, 1, 1, 1, 1, 1, 1, 1, 1, 1, 1, 1, 1, 1, 1, 1, 1, 1], [0, 1, 1, 1, 1, 1, 1, 1, 1, 1, 1, 1, 1, 1, 1, 1, 1, 1, 1, 1, 1, 1, 1, 1, 1, 1, 1, 1, 1, 0, 1, 1, 1, 1, 1, 1, 1, 1, 1, 1, 1, 1, 1, 1, 1, 1, 1], [0, 1, 1, 1, 1, 1, 1, 1, 1, 1, 1, 1, 1, 1, 1, 1, 1, 1, 1, 1, 1, 1, 1, 1, 1, 1, 1, 1, 1, 1, 0, 1, 1, 1, 1, 1, 1, 1, 1, 1, 1, 1, 1, 1, 1, 1, 1], [0, 1, 1, 1, 1, 1, 1, 1, 1, 1, 1, 1, 1, 1, 1, 1, 1, 1, 1, 1, 1, 1, 1, 1, 1, 1, 1, 1, 1, 1, 1, 0, 1, 1, 1, 1, 1, 1, 1, 1, 1, 1, 1, 1, 1, 1, 1], [0, 1, 1, 1, 1, 1, 1, 1, 1, 1, 1, 1, 1, 1, 1, 1, 1, 1, 1, 1, 1, 1, 1, 1, 1, 1, 1, 1, 1, 1, 1, 1, 0, 1, 1, 1, 1, 1, 1, 1, 1, 1, 1, 1, 1, 1, 1], [0, 1, 1, 1, 1, 1, 1, 1, 1, 1, 1, 1, 1, 1, 1, 1, 1, 1, 1, 1, 1, 1, 1, 1, 1, 1, 1, 1, 1, 1, 1, 1, 1, 0, 1, 1, 1, 1, 1, 1, 1, 1, 1, 1, 1, 1, 1], [0, 1, 1, 1, 1, 1, 1, 1, 1, 1, 1, 1, 1, 1, 1, 1, 1, 1, 1, 1, 1, 1, 1, 1, 1, 1, 1, 1, 1, 1, 1, 1, 1, 1, 0, 1, 1, 1, 1, 1, 1, 1, 1, 1, 1, 1, 1], [0, 1, 1, 1, 1, 1, 1, 1, 1, 1, 1, 1, 1, 1, 1, 1, 1, 1, 1, 1, 1, 1, 1, 1, 1, 1, 1, 1, 1, 1, 1, 1, 1, 1, 1, 0, 1, 1, 1, 1, 1, 1, 1, 1, 1, 1, 1], [0, 1, 1, 1, 1, 1, 1, 1, 1, 1, 1, 1, 1, 1, 1, 1, 1, 1, 1, 1, 1, 1, 1, 1, 1, 1, 1, 1, 1, 1, 1, 1, 1, 1, 1, 1, 0, 1, 1, 1, 1, 1, 1, 1, 1, 1, 1], [0, 1, 1, 1, 1, 1, 1, 1, 1, 1, 1, 1, 1, 1, 1, 1, 1, 1, 1, 1, 1, 1, 1, 1, 1, 1, 1, 1, 1, 1, 1, 1, 1, 1, 1, 1, 1, 0, 1, 1, 1, 1, 1, 1, 1, 1, 1], [0, 1, 1, 1, 1, 1, 1, 1, 1, 1, 1, 1, 1, 1, 1, 1, 1, 1, 1, 1, 1, 1, 1, 1, 1, 1, 1, 1, 1, 1, 1, 1, 1, 1, 1, 1, 1, 1, 0, 1, 1, 1, 1, 1, 1, 1, 1], [0, 1, 1, 1, 1, 1, 1, 1, 1, 1, 1, 1, 1, 1, 1, 1, 1, 1, 1, 1, 1, 1, 1, 1, 1, 1, 1, 1, 1, 1, 1, 1, 1, 1, 1, 1, 1, 1, 1, 0, 1, 1, 1, 1, 1, 1, 1], [0, 1, 1, 1, 1, 1, 1, 1, 1, 1, 1, 1, 1, 1, 1, 1, 1, 1, 1, 1, 1, 1, 1, 1, 1, 1, 1, 1, 1, 1, 1, 1, 1, 1, 1, 1, 1, 1, 1, 1, 0, 1, 1, 1, 1, 1, 1], [0, 1, 1, 1, 1, 1, 1, 1, 1, 1, 1, 1, 1, 1, 1, 1, 1, 1, 1, 1, 1, 1, 1, 1, 1, 1, 1, 1, 1, 1, 1, 1, 1, 1, 1, 1, 1, 1, 1, 1, 1, 0, 1, 1, 1, 1, 1], [0, 1, 1, 1, 1, 1, 1, 1, 1, 1, 1, 1, 1, 1, 1, 1, 1, 1, 1, 1, 1, 1, 1, 1, 1, 1, 1, 1, 1, 1, 1, 1, 1, 1, 1, 1, 1, 1, 1, 1, 1, 1, 0, 1, 1, 1, 1], [0, 1, 1, 1, 1, 1, 1, 1, 1, 1, 1, 1, 1, 1, 1, 1, 1, 1, 1, 1, 1, 1, 1, 1, 1, 1, 1, 1, 1, 1, 1, 1, 1, 1, 1, 1, 1, 1, 1, 1, 1, 1, 1, 0, 1, 1, 1], [0, 1, 1, 1, 1, 1, 1, 1, 1, 1, 1, 1, 1, 1, 1, 1, 1, 1, 1, 1, 1, 1, 1, 1, 1, 1, 1, 1, 1, 1, 1, 1, 1, 1, 1, 1, 1, 1, 1, 1, 1, 1, 1, 1, 0, 1, 1], [0, 1, 1, 1, 1, 1, 1, 1, 1, 1, 1, 1, 1, 1, 1, 1, 1, 1, 1, 1, 1, 1, 1, 1, 1, 1, 1, 1, 1, 1, 1, 1, 1, 1, 1, 1, 1, 1, 1, 1, 1, 1, 1, 1, 1, 0, 1], [0, 0, 0, 0, 0, 0, 0, 0, 0, 0, 0, 0, 0, 0, 0, 0, 0, 0, 0, 0, 0, 0, 0, 0, 0, 0, 0, 0, 0, 0, 0, 0, 0, 0, 0, 0, 0, 0, 0, 0, 0, 0, 0, 0, 0, 0, 0]]}, "cluster_count": 3, "cluster_speeds": [[0.7400000000000001, 0.68, 0.7400000000000001, 0.8, 0.666, 0.6120000000000001, 0.666, 0.7200000000000001, 0.37000000000000005, 0.34, 0.37000000000000005, 0.4, 0.24420000000000003, 0.22440000000000004, 0.24420000000000003, 0.264, 0.296, 0.272, 0.296, 0.32000000000000006, 0.44400000000000006, 0.40800000000000003, 0.44400000000000006, 0.48, 0.6475, 0.595, 0.6475, 0.7, 0.37, 0.34, 0.37, 0.4, 0.30525, 0.2805, 0.30525, 0.33, 0.4625, 0.425, 0.4625, 0.5, 0.6475, 0.595, 0.6475, 0.7, 0.74, 0.68, 0.74, 0.8, 0.518, 0.476, 0.518, 0.5599999999999999, 0.37000000000000005, 0.34, 0.37000000000000005, 0.4, 0.44400000000000006, 0.40800000000000003, 0.44400000000000006, 0.48, 0.518, 0.476, 0.518, 0.5599999999999999, 0.666, 0.6120000000000001, 0.666, 0.7200000000000001, 0.7400000000000001, 0.68, 0.7400000000000001, 0.8, 0.8], [0.8325, 0.765, 0.8325, 0.9, 0.7492500000000001, 0.6885, 0.7492500000000001, 0.81, 0.41625, 0.3825, 0.41625, 0.45, 0.27472500000000005, 0.25245, 0.27472500000000005, 0.29700000000000004, 0.333, 0.30600000000000005, 0.333, 0.36000000000000004, 0.49950000000000006, 0.459, 0.49950000000000006, 0.54, 0.6475, 0.595, 0.6475, 0.7, 0.37, 0.34, 0.37, 0.4, 0.30525, 0.2805, 0.30525, 0.33, 0.4625, 0.425, 0.4625, 0.5, 0.6475, 0.595, 0.6475, 0.7, 0.74, 0.68, 0.74, 0.8, 0.58275, 0.5355, 0.58275, 0.63, 0.41625, 0.3825, 0.41625, 0.45, 0.49950000000000006, 0.459, 0.49950000000000006, 0.54, 0.58275, 0.5355, 0.58275, 0.63, 0.7492500000000001, 0.6885, 0.7492500000000001, 0.81, 0.8325, 0.765, 0.8325, 0.9, 0.9], [0.925, 0.85, 0.925, 1.0, 0.8325, 0.765, 0.8325, 0.9, 0.4625, 0.425, 0.4625, 0.5, 0.30525, 0.2805, 0.30525, 0.33, 0.37, 0.34, 0.37, 0.4, 0.555, 0.51, 0.555, 0.6, 0.6475, 0.595, 0.6475, 0.7, 0.37, 0.34, 0.37, 0.4, 0.30525, 0.2805, 0.30525, 0.33, 0.4625, 0.425, 0.4625, 0.5, 0.6475, 0.595, 0.6475, 0.7, 0.74, 0.68, 0.74, 0.8, 0.6475, 0.595, 0.6475, 0.7, 0.4625, 0.425, 0.4625, 0.5, 0.555, 0.51, 0.555, 0.6, 0.6475, 0.595, 0.6475, 0.7, 0.8325, 0.765, 0.8325, 0.9, 0.925, 0.85, 0.925, 1.0, 1.0]], "clusters": [[-1, 2, 2, 2, 2, 2, 2, 2, 2, 2, 2, 2, 2, 2, 2, 2, 2, 2, 2, 2, 2, 2, 2, 2, 2, 2, 2, 2, 2, 2, 2, 2, 2, 2, 2, 2, 2, 2, 2, 2, 2, 2, 2, 2, 2, 2, 2], [1, -1, 1, 1, 1, 1, 1, 1, 1, 1, 1, 1, 1, 1, 1, 1, 1, 1, 1, 1, 1, 1, 1, 1, 1, 1, 1, 1, 1, 1, 1, 1, 1, 1, 1, 1, 1, 1, 1, 1, 1, 1, 1, 1, 1, 1, 1], [1, 1, -1, 1, 1, 1, 1, 1, 1, 1, 1, 1, 1, 1, 1, 1, 1, 1, 1, 1, 1, 1, 1, 1, 1, 1, 1, 1, 1, 1, 1, 1, 1, 1, 1, 1, 1, 1, 1, 1, 1, 1, 1, 1, 1, 1, 1], [1, 1, 1, -1, 1, 1, 1, 1, 1, 1, 1, 1, 1, 1, 1, 1, 1, 1, 1, 1, 1, 1, 1, 1, 1, 1, 1, 1, 1, 1, 1, 1, 1, 1, 1, 1, 1, 1, 1, 1, 1, 1, 1, 1, 1, 1, 1], [0, 0, 0, 0, -1, 0, 0, 0, 0, 0, 0, 0, 0, 0, 0, 0, 0, 0, 0, 0, 0, 0, 0, 0, 0, 0, 0, 0, 0, 0, 0, 0, 0, 0, 0, 0, 0, 0, 0, 0, 0, 0, 0, 0, 0, 0, 0], [1, 1, 1, 1, 1, -1, 1, 1, 1, 1, 1, 1, 1, 1, 1, 1, 1, 1, 1, 1, 1, 1, 1, 1, 1, 1, 1, 1, 1, 1, 1, 1, 1, 1, 1, 1, 1, 1, 1, 1, 1, 1, 1, 1, 1, 1, 1], [1, 1, 1, 1, 1, 1, -1, 1, 1, 1, 1, 1, 1, 1, 1, 1, 1, 1, 1, 1, 1, 1, 1, 1, 1, 1, 1, 1, 1, 1, 1, 1, 1, 1, 1, 1, 1, 1, 1, 1, 1, 1, 1, 1, 1, 1, 1], [0, 0, 0, 0, 0, 0, 0, -1, 0, 0, 0, 0, 0, 0, 0, 0, 0, 0, 0, 0, 0, 0, 0, 0, 0, 0, 0, 0, 0, 0, 0, 0, 0, 0, 0, 0, 0, 0, 0, 0, 0, 0, 0, 0, 0, 0, 0], [2, 2, 2, 2, 2, 2, 2, 2, -1, 2, 2, 2, 2, 2, 2, 2, 2, 2, 2, 2, 2, 2, 2, 2, 2, 2, 2, 2, 2, 2, 2, 2, 2, 2, 2, 2, 2, 2, 2, 2, 2, 2, 2, 2, 2, 2, 2], [0, 0, 0, 0, 0, 0, 0, 0, 0, -1, 0, 0, 0, 0, 0, 0, 0, 0, 0, 0, 0, 0, 0, 0, 0, 0, 0, 0, 0, 0, 0, 0, 0, 0, 0, 0, 0, 0, 0, 0, 0, 0, 0, 0, 0, 0, 0], [0, 0, 0, 0, 0, 0, 0, 0, 0, 0, -1, 0, 0, 0, 0, 0, 0, 0, 0, 0, 0, 0, 0, 0, 0, 0, 0, 0, 0, 0, 0, 0, 0, 0, 0, 0, 0, 0, 0, 0, 0, 0, 0, 0, 0, 0, 0], [1, 1, 1, 1, 1, 1, 1, 1, 1, 1, 1, -1, 1, 1, 1, 1, 1, 1, 1, 1, 1, 1, 1, 1, 1, 1, 1, 1, 1, 1, 1, 1, 1, 1, 1, 1, 1, 1, 1, 1, 1, 1, 1, 1, 1, 1, 1], [1, 1, 1, 1, 1, 1, 1, 1, 1, 1, 1, 1, -1, 1, 1, 1, 1, 1, 1, 1, 1, 1, 1, 1, 1, 1, 1, 1, 1, 1, 1, 1, 1, 1, 1, 1, 1, 1, 1, 1, 1, 1, 1, 1, 1, 1, 1], [1, 1, 1, 1, 1, 1, 1, 1, 1, 1, 1, 1, 1, -1, 1, 1, 1, 1, 1, 1, 1, 1, 1, 1, 1, 1, 1, 1, 1, 1, 1, 1, 1, 1, 1, 1, 1, 1, 1, 1, 1, 1, 1, 1, 1, 1, 1], [0, 0, 0, 0, 0, 0, 0, 0, 0, 0, 0, 0, 0, 0, -1, 0, 0, 0, 0, 0, 0, 0, 0, 0, 0, 0, 0, 0, 0, 0, 0, 0, 0, 0, 0, 0, 0, 0, 0, 0, 0, 0, 0, 0, 0, 0, 0], [1, 1, 1, 1, 1, 1, 1, 1, 1, 1, 1, 1, 1, 1, 1, -1, 1, 1, 1, 1, 1, 1, 1, 1, 1, 1, 1, 1, 1, 1, 1, 1, 1, 1, 1, 1, 1, 1, 1, 1, 1, 1, 1, 1, 1, 1, 1], [0, 0, 0, 0, 0, 0, 0, 0, 0, 0, 0, 0, 0, 0, 0, 0, -1, 0, 0, 0, 0, 0, 0, 0, 0, 0, 0, 0, 0, 0, 0, 0, 0, 0, 0, 0, 0, 0, 0, 0, 0, 0, 0, 0, 0, 0, 0], [0, 0, 0, 0, 0, 0, 0, 0, 0, 0, 0, 0, 0, 0, 0, 0, 0, -1, 0, 0, 0, 0, 0, 0, 0, 0, 0, 0, 0, 0, 0, 0, 0, 0, 0, 0, 0, 0, 0, 0, 0, 0, 0, 0, 0, 0, 0], [2, 2, 2, 2, 2, 2, 2, 2, 2, 2, 2, 2, 2, 2, 2, 2, 2, 2, -1, 2, 2, 2, 2, 2, 2, 2, 2, 2, 2, 2, 2, 2, 2, 2, 2, 2, 2, 2, 2, 2, 2, 2, 2, 2, 2, 2, 2], [0, 0, 0, 0, 0, 0, 0, 0, 0, 0, 0, 0, 0, 0, 0, 0, 0, 0, 0, -1, 0, 0, 0, 0, 0, 0, 0, 0, 0, 0, 0, 0, 0, 0, 0, 0, 0, 0, 0, 0, 0, 0, 0, 0, 0, 0, 0], [0, 0, 0, 0, 0, 0, 0, 0, 0, 0, 0, 0, 0, 0, 0, 0, 0, 0, 0, 0, -1, 0, 0, 0, 0, 0, 0, 0, 0, 0, 0, 0, 0, 0, 0, 0, 0, 0, 0, 0, 0, 0, 0, 0, 0, 0, 0], [2, 2, 2, 2, 2, 2, 2, 2, 2, 2, 2, 2, 2, 2, 2, 2, 2, 2, 2, 2, 2, -1, 2, 2, 2, 2, 2, 2, 2, 2, 2, 2, 2, 2, 2, 2, 2, 2, 2, 2, 2, 2, 2, 2, 2, 2, 2], [1, 1, 1, 1, 1, 1, 1, 1, 1, 1, 1, 1, 1, 1, 1, 1, 1, 1, 1, 1, 1, 1, -1, 1, 1, 1, 1, 1, 1, 1, 1, 1, 1, 1, 1, 1, 1, 1, 1, 1, 1, 1, 1, 1, 1, 1, 1], [1, 1, 1, 1, 1, 1, 1, 1, 1, 1, 1, 1, 1, 1, 1, 1, 1, 1, 1, 1, 1, 1, 1, -1, 1, 1, 1, 1, 1, 1, 1, 1, 1, 1, 1, 1, 1, 1, 1, 1, 1, 1, 1, 1, 1, 1, 1], [0, 0, 0, 0, 0, 0, 0, 0, 0, 0, 0, 0, 0, 0, 0, 0, 0, 0, 0, 0, 0, 0, 0, 0, -1, 0, 0, 0, 0, 0, 0, 0, 0, 0, 0, 0, 0, 0, 0, 0, 0, 0, 0, 0, 0, 0, 0], [2, 2, 2, 2, 2, 2, 2, 2, 2, 2, 2, 2, 2, 2, 2, 2, 2, 2, 2, 2, 2, 2, 2, 2, 2, -1, 2, 2, 2, 2, 2, 2, 2, 2, 2, 2, 2, 2, 2, 2, 2, 2, 2, 2, 2, 2, 2], [1, 1, 1, 1, 1, 1, 1, 1, 1, 1, 1, 1, 1, 1, 1, 1, 1, 1, 1, 1, 1, 1, 1, 1, 1, 1, -1, 1, 1, 1, 1, 1, 1, 1, 1, 1, 1, 1, 1, 1, 1, 1, 1, 1, 1, 1, 1], [0, 0, 0, 0, 0, 0, 0, 0, 0, 0, 0, 0, 0, 0, 0, 0, 0, 0, 0, 0, 0, 0, 0, 0, 0, 0, 0, -1, 0, 0, 0, 0, 0, 0, 0, 0, 0, 0, 0, 0, 0, 0, 0, 0, 0, 0, 0], [2, 2, 2, 2, 2, 2, 2, 2, 2, 2, 2, 2, 2, 2, 2, 2, 2, 2, 2, 2, 2, 2, 2, 2, 2, 2, 2, 2, -1, 2, 2, 2, 2, 2, 2, 2, 2, 2, 2, 2, 2, 2, 2, 2, 2, 2, 2], [0, 0, 0, 0, 0, 0, 0, 0, 0, 0, 0, 0, 0, 0, 0, 0, 0, 0, 0, 0, 0, 0, 0, 0, 0, 0, 0, 0, 0, -1, 0, 0, 0, 0, 0, 0, 0, 0, 0, 0, 0, 0, 0, 0, 0, 0, 0], [2, 2, 2, 2, 2, 2, 2, 2, 2, 2, 2, 2, 2, 2, 2, 2, 2, 2, 2, 2, 2, 2, 2, 2, 2, 2, 2, 2, 2, 2, -1, 2, 2, 2, 2, 2, 2, 2, 2, 2, 2, 2, 2, 2, 2, 2, 2], [0, 0, 0, 0, 0, 0, 0, 0, 0, 0, 0, 0, 0, 0, 0, 0, 0, 0, 0, 0, 0, 0, 0, 0, 0, 0, 0, 0, 0, 0, 0, -1, 0, 0, 0, 0, 0, 0, 0, 0, 0, 0, 0, 0, 0, 0, 0], [1, 1, 1, 1, 1, 1, 1, 1, 1, 1, 1, 1, 1, 1, 1, 1, 1, 1, 1, 1, 1, 1, 1, 1, 1, 1, 1, 1, 1, 1, 1, 1, -1, 1, 1, 1, 1, 1, 1, 1, 1, 1, 1, 1, 1, 1, 1], [0, 0, 0, 0, 0, 0, 0, 0, 0, 0, 0, 0, 0, 0, 0, 0, 0, 0, 0, 0, 0, 0, 0, 0, 0, 0, 0, 0, 0, 0, 0, 0, 0, -1, 0, 0, 0, 0, 0, 0, 0, 0, 0, 0, 0, 0, 0], [0, 0, 0, 0, 0, 0, 0, 0, 0, 0, 0, 0, 0, 0, 0, 0, 0, 0, 0, 0, 0, 0, 0, 0, 0, 0, 0, 0, 0, 0, 0, 0, 0, 0, -1, 0, 0, 0, 0, 0, 0, 0, 0, 0, 0, 0, 0], [2, 2, 2, 2, 2, 2, 2, 2, 2, 2, 2, 2, 2, 2, 2, 2, 2, 2, 2, 2, 2, 2, 2, 2, 2, 2, 2, 2, 2, 2, 2, 2, 2, 2, 2, -1, 2, 2, 2, 2, 2, 2, 2, 2, 2, 2, 2], [0, 0, 0, 0, 0, 0, 0, 0, 0, 0, 0, 0, 0, 0, 0, 0, 0, 0, 0, 0, 0, 0, 0, 0, 0, 0, 0, 0, 0, 0, 0, 0, 0, 0, 0, 0, -1, 0, 0, 0, 0, 0, 0, 0, 0, 0, 0], [1, 1, 1, 1, 1, 1, 1, 1, 1, 1, 1, 1, 1, 1, 1, 1, 1, 1, 1, 1, 1, 1, 1, 1, 1, 1, 1, 1, 1, 1, 1, 1, 1, 1, 1, 1, 1, -1, 1, 1, 1, 1, 1, 1, 1, 1, 1], [0, 0, 0, 0, 0, 0, 0, 0, 0, 0, 0, 0, 0, 0, 0, 0, 0, 0, 0, 0, 0, 0, 0, 0, 0, 0, 0, 0, 0, 0, 0, 0, 0, 0, 0, 0, 0, 0, -1, 0, 0, 0, 0, 0, 0, 0, 0], [0, 0, 0, 0, 0, 0, 0, 0, 0, 0, 0, 0, 0, 0, 0, 0, 0, 0, 0, 0, 0, 0, 0, 0, 0, 0, 0, 0, 0, 0, 0, 0, 0, 0, 0, 0, 0, 0, 0, -1, 0, 0, 0, 0, 0, 0, 0], [2, 2, 2, 2, 2, 2, 2, 2, 2, 2, 2, 2, 2, 2, 2, 2, 2, 2, 2, 2, 2, 2, 2, 2, 2, 2, 2, 2, 2, 2, 2, 2, 2, 2, 2, 2, 2, 2, 2, 2, -1, 2, 2, 2, 2, 2, 2], [0, 0, 0, 0, 0, 0, 0, 0, 0, 0, 0, 0, 0, 0, 0, 0, 0, 0, 0, 0, 0, 0, 0, 0, 0, 0, 0, 0, 0, 0, 0, 0, 0, 0, 0, 0, 0, 0, 0, 0, 0, -1, 0, 0, 0, 0, 0], [1, 1, 1, 1, 1, 1, 1, 1, 1, 1, 1, 1, 1, 1, 1, 1, 1, 1, 1, 1, 1, 1, 1, 1, 1, 1, 1, 1, 1, 1, 1, 1, 1, 1, 1, 1, 1, 1, 1, 1, 1, 1, -1, 1, 1, 1, 1], [0, 0, 0, 0, 0, 0, 0, 0, 0, 0, 0, 0, 0, 0, 0, 0, 0, 0, 0, 0, 0, 0, 0, 0, 0, 0, 0, 0, 0, 0, 0, 0, 0, 0, 0, 0, 0, 0, 0, 0, 0, 0, 0, -1, 0, 0, 0], [0, 0, 0, 0, 0, 0, 0, 0, 0, 0, 0, 0, 0, 0, 0, 0, 0, 0, 0, 0, 0, 0, 0, 0, 0, 0, 0, 0, 0, 0, 0, 0, 0, 0, 0, 0, 0, 0, 0, 0, 0, 0, 0, 0, -1, 0, 0], [2, 2, 2, 2, 2, 2, 2, 2, 2, 2, 2, 2, 2, 2, 2, 2, 2, 2, 2, 2, 2, 2, 2, 2, 2, 2, 2, 2, 2, 2, 2, 2, 2, 2, 2, 2, 2, 2, 2, 2, 2, 2, 2, 2, 2, -1, 2], [2, 2, 2, 2, 2, 2, 2, 2, 2, 2, 2, 2, 2, 2, 2, 2, 2, 2, 2, 2, 2, 2, 2, 2, 2, 2, 2, 2, 2, 2, 2, 2, 2, 2, 2, 2, 2, 2, 2, 2, 2, 2, 2, 2, 2, 2, -1]], "speed_zone_count": 73, "speed_zones": [[0.0, 15.0], [15.0, 30.0], [30.0, 45.0], [45.0, 60.0], [60.0, 75.0], [75.0, 90.0], [90.0, 105.0], [105.0, 120.0], [120.0, 135.0], [135.0, 150.0], [150.0, 165.0], [165.0, 180.0], [180.0, 195.0], [195.0, 210.0], [210.0, 225.0], [225.0, 240.0], [240.0, 255.0], [255.0, 270.0], [270.0, 285.0], [285.0, 300.0], [300.0, 315.0], [315.0, 330.0], [330.0, 345.0], [345.0, 360.0], [360.0, 375.0], [375.0, 390.0], [390.0, 405.0], [405.0, 420.0], [420.0, 435.0], [435.0, 450.0], [450.0, 465.0], [465.0, 480.0], [480.0, 495.0], [495.0, 510.0], [510.0, 525.0], [525.0, 540.0], [540.0, 555.0], [555.0, 570.0], [570.0, 585.0], [585.0, 600.0], [600.0, 615.0], [615.0, 630.0], [630.0, 645.0], [645.0, 660.0], [660.0, 675.0], [675.0, 690.0], [690.0, 705.0], [705.0, 720.0], [720.0, 735.0], [735.0, 750.0], [750.0, 765.0], [765.0, 780.0], [780.0, 795.0], [795.0, 810.0], [810.0, 825.0], [825.0, 840.0], [840.0, 855.0], [855.0, 870.0], [870.0, 885.0], [885.0, 900.0], [900.0, 915.0], [915.0, 930.0], [930.0, 945.0], [945.0, 960.0], [960.0, 975.0], [975.0, 990.0], [990.0, 1005.0], [1005.0, 1020.0], [1020.0, 1035.0], [1035.0, 1050.0], [1050.0, 1065.0], [1065.0, 1080.0], [1080.0, 5000.0]], "distances": [[0.0, 50.55, 87.08, 84.98, 68.49, 85.29, 60.51, 69.89, 61.81, 69.05, 61.56, 94.72, 53.85, 77.08, 67.12, 92.7, 70.91, 60.05, 48.6, 73.49, 63.26, 87.14, 71.96, 47.61, 68.55, 49.02, 85.95, 73.29, 101.16, 59.66, 61.68, 72.31, 73.27, 83.24, 74.55, 46.5, 68.71, 82.27, 71.4, 73.33, 107.98, 62.23, 88.16, 72.15, 68.51, 63.25, 0.0], [0.0, 0.0, 36.69, 35.91, 19.63, 38.64, 17.13, 21.69, 22.29, 18.97, 11.69, 44.48, 15.37, 30.47, 16.59, 43.76, 21.13, 10.22, 15.53, 22.95, 13.36, 46.2, 24.78, 21.25, 18.3, 11.81, 37.11, 22.83, 53.5, 9.21, 22.04, 22.0, 28.15, 32.71, 24.0, 13.44, 19.46, 35.98, 21.16, 24.75, 60.77, 11.93, 37.68, 22.96, 19.15, 29.2, 50.55], [0.0, 36.69, 0.0, 9.17, 19.67, 17.86, 34.52, 19.34, 38.46, 18.09, 27.04, 7.95, 33.34, 18.4, 20.16, 12.15, 16.51, 27.06, 45.11, 13.99, 23.88, 32.59, 25.44, 39.73, 18.53, 42.42, 10.19, 15.41, 22.79, 27.97, 38.33, 16.99, 22.46, 4.75, 13.07, 45.28, 19.09, 18.56, 15.69, 21.75, 29.69, 24.85, 9.86, 16.13, 19.17, 45.06, 87.08], [0.0, 35.91, 9.17, 0.0, 16.56, 8.75, 38.02, 15.11, 42.79, 17.19, 28.54, 12.08, 32.61, 10.47, 20.76, 7.85, 14.85, 25.7, 47.02, 16.25, 22.56, 23.48, 31.1, 38.99, 18.09, 43.86, 14.6, 18.99, 18.09, 28.39, 42.62, 20.73, 14.98, 11.61, 15.84, 46.59, 16.52, 9.46, 15.49, 27.38, 25.46, 24.17, 10.89, 13.0, 16.79, 50.05, 84.98], [0.0, 19.63, 19.67, 16.56, 0.0, 19.25, 26.08, 11.04, 31.72, 4.44, 15.02, 26.66, 16.44, 11.5, 8.23, 24.38, 14.44, 9.47, 32.42, 10.18, 6.65, 29.26, 24.19, 22.66, 5.4, 28.92, 17.65, 12.91, 33.88, 13.51, 31.5, 13.83, 10.92, 17.15, 11.05, 31.43, 9.68, 16.83, 6.0, 21.36, 41.14, 8.68, 21.14, 9.55, 10.71, 39.54, 68.49], [0.0, 38.64, 17.86, 8.75, 19.25, 0.0, 43.98, 16.99, 49.18, 21.67, 33.55, 18.89, 35.58, 8.33, 25.82, 10.69, 19.21, 28.66, 51.57, 22.88, 25.89, 14.74, 38.54, 41.6, 22.76, 48.13, 7.69, 25.99, 15.93, 32.6, 48.99, 27.67, 12.09, 20.22, 22.79, 50.67, 19.72, 13.85, 20.77, 34.92, 22.71, 27.87, 19.52, 16.61, 20.11, 56.74, 85.29], [0.0, 17.13, 34.52, 38.02, 26.08, 43.98, 0.0, 28.59, 5.83, 22.54, 11.17, 42.25, 16.47, 37.25, 18.28, 45.09, 24.91, 19.29, 12.33, 21.78, 20.26, 55.34, 11.84, 17.97, 21.41, 11.53, 39.49, 19.35, 55.93, 13.7, 5.59, 17.66, 36.95, 29.78, 22.29, 14.03, 25.2, 42.13, 23.21, 14.25, 63.23, 18.18, 34.7, 27.64, 24.77, 13.65, 60.51], [0.0, 21.69, 19.34, 15.11, 11.04, 16.99, 28.59, 0.0, 34.21, 6.6, 17.53, 25.87, 18.59, 9.07, 10.63, 22.82, 5.1, 11.67, 34.83, 11.68, 9.04, 26.75, 26.37, 24.69, 7.65, 31.3, 16.06, 14.66, 31.94, 15.97, 33.99, 15.75, 8.47, 17.39, 12.42, 33.77, 11.94, 14.47, 7.58, 23.41, 39.15, 11.11, 20.92, 11.71, 12.3, 42.03, 69.89], [0.0, 22.29, 38.46, 42.79, 31.72, 49.18, 5.83, 34.21, 0.0, 28.0, 16.94, 45.94, 22.02, 42.73, 23.75, 49.56, 30.32, 25.13, 13.34, 26.57, 26.04, 60.92, 13.72, 22.64, 26.87, 14.15, 44.27, 23.84, 60.46, 19.53, 11.42, 22.1, 42.62, 33.72, 26.95, 15.91, 30.8, 47.46, 28.45, 17.02, 67.69, 23.98, 38.42, 33.06, 30.37, 7.85, 61.81], [0.0, 18.97, 18.09, 17.19, 4.44, 21.67, 22.54, 6.6, 28.0, 0.0, 11.88, 25.67, 15.63, 14.73, 4.26, 24.98, 10.9, 9.01, 30.09, 6.21, 5.8, 32.96, 19.79, 22.06, 9.84, 26.79, 18.5, 8.6, 35.17, 11.24, 27.79, 9.41, 15.01, 14.72, 7.22, 29.47, 11.46, 19.63, 9.54, 16.93, 42.52, 7.06, 19.31, 5.11, 11.04, 35.77, 69.05], [0.0, 11.69, 27.04, 28.54, 15.02, 33.55, 11.17, 17.53, 16.94, 11.88, 0.0, 34.99, 9.05, 26.38, 7.83, 36.09, 14.34, 8.57, 18.5, 13.1, 9.1, 44.28, 13.82, 14.22, 10.8, 15.49, 29.94, 11.97, 46.63, 11.94, 16.71, 10.8, 25.82, 22.6, 13.97, 18.31, 14.22, 31.47, 13.1, 13.2, 54.0, 7.06, 27.7, 16.96, 13.79, 24.79, 61.56], [0.0, 44.48, 7.95, 12.08, 26.66, 18.89, 42.25, 25.87, 45.94, 25.67, 34.99, 0.0, 41.13, 22.55, 28.02, 9.2, 23.86, 34.68, 53.03, 21.93, 31.47, 32.72, 32.59, 47.54, 26.22, 50.37, 12.13, 23.32, 17.56, 35.88, 45.82, 24.86, 27.05, 12.55, 21.02, 53.23, 26.24, 20.73, 23.36, 29.0, 23.63, 32.58, 7.55, 22.99, 26.39, 52.24, 94.72], [0.0, 15.37, 33.34, 32.61, 16.44, 35.58, 16.47, 18.59, 22.02, 15.63, 9.05, 41.13, 0.0, 27.49, 13.27, 40.45, 17.8, 6.98, 17.32, 19.64, 10.06, 43.7, 22.66, 6.44, 14.95, 13.58, 33.83, 19.65, 50.28, 6.17, 21.77, 18.91, 25.43, 29.39, 20.7, 15.65, 16.22, 32.98, 17.8, 22.25, 57.57, 8.58, 34.34, 19.7, 15.9, 29.37, 53.85], [0.0, 30.47, 18.4, 10.47, 11.5, 8.33, 37.25, 9.07, 42.73, 14.73, 26.38, 22.55, 27.49, 0.0, 18.99, 16.66, 12.43, 20.66, 43.9, 17.68, 18.11, 18.35, 33.48, 33.39, 15.86, 40.36, 10.61, 20.93, 24.08, 25.02, 42.52, 22.42, 4.57, 18.75, 17.94, 42.81, 12.19, 5.51, 14.53, 30.11, 31.01, 20.17, 20.2, 9.68, 12.61, 50.47, 77.08], [0.0, 16.59, 20.16, 20.76, 8.23, 25.82, 18.28, 10.63, 23.75, 4.26, 7.83, 28.02, 13.27, 18.99, 0.0, 28.4, 6.64, 7.83, 26.26, 6.38, 5.38, 37.19, 16.2, 19.6, 10.79, 23.11, 22.14, 7.08, 38.85, 7.88, 23.54, 7.09, 19.1, 16.12, 7.46, 25.87, 7.2, 23.86, 5.28, 13.74, 46.21, 5.2, 21.09, 9.36, 6.78, 31.52, 67.12], [0.0, 43.76, 12.15, 7.85, 24.38, 10.69, 45.09, 22.82, 49.56, 24.98, 36.09, 9.2, 40.45, 16.66, 28.4, 0.0, 22.67, 33.55, 54.58, 23.38, 30.4, 23.65, 37.12, 46.83, 25.84, 51.5, 6.76, 25.77, 10.92, 36.13, 49.4, 27.49, 21.18, 16.41, 22.8, 54.27, 24.36, 13.18, 23.15, 33.38, 18.15, 31.99, 13.14, 20.85, 24.64, 56.54, 92.7], [0.0, 21.13, 16.51, 14.85, 14.44, 19.21, 24.91, 5.1, 30.32, 10.9, 14.34, 23.86, 17.8, 12.43, 6.64, 22.67, 0.0, 10.99, 32.55, 6.61, 7.79, 30.75, 21.51, 24.21, 12.54, 29.24, 16.12, 9.57, 32.76, 13.67, 30.11, 10.71, 13.14, 13.62, 7.4, 31.9, 13.84, 17.22, 10.79, 18.42, 40.11, 9.32, 17.87, 15.35, 13.42, 38.04, 70.91], [0.0, 10.22, 27.06, 25.7, 9.47, 28.66, 19.29, 11.67, 25.13, 9.01, 8.57, 34.68, 6.98, 20.66, 7.83, 33.55, 10.99, 0.0, 23.42, 13.99, 12.6, 37.47, 21.65, 13.29, 8.54, 19.8, 26.89, 14.89, 43.3, 5.6, 24.88, 14.67, 18.97, 23.45, 15.09, 22.17, 9.25, 26.12, 11.37, 20.1, 50.59, 10.48, 28.21, 12.74, 8.94, 32.91, 60.05], [0.0, 15.53, 45.11, 47.02, 32.42, 51.57, 12.33, 34.83, 13.34, 30.09, 18.5, 53.03, 17.32, 43.9, 26.26, 54.58, 32.55, 23.42, 0.0, 31.42, 25.79, 60.85, 24.17, 14.07, 29.08, 23.86, 48.41, 29.71, 65.11, 18.97, 13.19, 28.2, 42.39, 40.49, 32.19, 25.66, 31.86, 49.24, 31.55, 26.35, 72.48, 23.74, 45.57, 35.01, 31.46, 17.05, 48.6], [0.0, 22.95, 13.99, 16.25, 10.18, 22.88, 21.78, 11.68, 26.57, 6.21, 13.1, 21.93, 19.64, 17.68, 6.38, 23.38, 6.61, 13.99, 31.42, 0.0, 11.09, 35.91, 15.86, 25.93, 5.93, 28.56, 17.73, 11.26, 34.17, 14.03, 26.4, 4.82, 19.31, 9.77, 9.25, 31.4, 9.08, 21.56, 4.18, 12.44, 41.49, 11.47, 14.8, 8.74, 8.85, 33.96, 73.49], [0.0, 13.36, 23.88, 22.56, 6.65, 25.89, 20.26, 9.04, 26.04, 5.8, 9.1, 31.47, 10.06, 18.11, 5.38, 30.4, 7.79, 12.6, 25.79, 11.09, 0.0, 35.48, 20.77, 16.44, 5.4, 22.27, 23.77, 12.4, 40.27, 7.0, 25.81, 12.47, 16.94, 20.36, 12.2, 24.78, 6.24, 23.47, 8.19, 18.73, 47.58, 10.58, 25.06, 9.66, 5.88, 33.89, 63.26], [0.0, 46.2, 32.59, 23.48, 29.26, 14.74, 55.34, 26.75, 60.92, 32.96, 44.28, 32.72, 43.7, 18.35, 37.19, 23.65, 30.75, 37.47, 60.85, 35.91, 35.48, 0.0, 51.77, 48.78, 34.08, 57.17, 22.41, 39.15, 22.31, 42.48, 60.7, 40.7, 18.55, 34.82, 36.07, 59.35, 30.13, 14.71, 32.88, 48.32, 25.89, 37.61, 34.24, 28.0, 30.56, 68.71, 87.14], [0.0, 24.78, 25.44, 31.1, 24.19, 38.54, 11.84, 26.37, 13.72, 19.79, 13.82, 32.59, 22.66, 33.48, 16.2, 37.12, 21.51, 21.65, 24.17, 15.86, 20.77, 51.77, 0.0, 26.71, 18.79, 23.0, 32.58, 12.64, 48.01, 17.15, 13.65, 11.07, 34.64, 20.81, 15.8, 25.68, 23.07, 37.39, 19.13, 18.82, 55.07, 19.35, 25.18, 24.11, 22.69, 19.66, 71.96], [0.0, 21.25, 39.73, 38.99, 22.66, 41.6, 17.97, 24.69, 22.64, 22.06, 14.22, 47.54, 6.44, 33.39, 19.6, 46.83, 24.21, 13.29, 14.07, 25.93, 16.44, 48.78, 26.71, 0.0, 21.38, 10.53, 40.18, 25.69, 56.54, 12.05, 22.4, 24.78, 30.92, 35.7, 26.97, 11.59, 22.52, 38.91, 24.23, 27.01, 63.8, 15.01, 40.69, 26.02, 22.22, 29.06, 47.61], [0.0, 18.3, 18.53, 18.09, 5.4, 22.76, 21.41, 7.65, 26.87, 9.84, 10.8, 26.22, 14.95, 15.86, 10.79, 25.84, 12.54, 8.54, 29.08, 5.93, 5.4, 34.08, 18.79, 21.38, 0.0, 25.82, 19.42, 7.98, 36.11, 10.3, 26.66, 8.63, 16.09, 14.96, 7.01, 28.52, 4.29, 20.75, 9.2, 16.01, 43.47, 6.37, 19.67, 6.23, 11.29, 34.64, 68.55], [0.0, 11.81, 42.42, 43.86, 28.92, 48.13, 11.53, 31.3, 14.15, 26.79, 15.49, 50.37, 13.58, 40.36, 23.11, 51.5, 29.24, 19.8, 23.86, 28.56, 22.27, 57.17, 23.0, 10.53, 25.82, 0.0, 45.22, 27.1, 61.92, 15.58, 13.95, 25.68, 38.75, 37.87, 29.39, 22.13, 28.41, 45.75, 28.38, 24.74, 69.28, 20.26, 42.98, 31.62, 28.02, 19.26, 49.02], [0.0, 37.11, 10.19, 14.6, 17.65, 7.69, 39.49, 16.06, 44.27, 18.5, 29.94, 12.13, 33.83, 10.61, 22.14, 6.76, 16.12, 26.89, 48.41, 17.73, 23.77, 22.41, 32.58, 40.18, 19.42, 45.22, 0.0, 20.48, 16.71, 29.72, 44.1, 22.22, 15.18, 12.95, 17.33, 47.94, 17.67, 8.8, 16.86, 28.86, 24.07, 25.43, 11.84, 14.16, 17.96, 51.54, 85.95], [0.0, 22.83, 15.41, 18.99, 12.91, 25.99, 19.35, 14.66, 23.84, 8.6, 11.97, 23.32, 19.65, 20.93, 7.08, 25.77, 9.57, 14.89, 29.71, 11.26, 12.4, 39.15, 12.64, 25.69, 7.98, 27.1, 20.48, 0.0, 36.65, 13.64, 23.68, 14.17, 22.49, 10.78, 12.14, 29.98, 11.78, 24.76, 7.08, 9.18, 43.92, 12.22, 15.88, 11.89, 11.48, 31.06, 73.29], [0.0, 53.5, 22.79, 18.09, 33.88, 15.93, 55.93, 31.94, 60.46, 35.17, 46.63, 17.56, 50.28, 24.08, 38.85, 10.92, 32.76, 43.3, 65.11, 34.17, 40.27, 22.31, 48.01, 56.54, 36.11, 61.92, 16.71, 36.65, 0.0, 46.4, 60.31, 38.38, 28.02, 27.24, 33.63, 64.63, 34.06, 18.98, 33.57, 44.28, 7.36, 42.02, 23.52, 30.61, 34.39, 67.45, 101.16], [0.0, 9.21, 27.97, 28.39, 13.51, 32.6, 13.7, 15.97, 19.53, 11.24, 11.94, 35.88, 6.17, 25.02, 7.88, 36.13, 13.67, 5.6, 18.97, 14.03, 7.0, 42.48, 17.15, 12.05, 10.3, 15.58, 29.72, 13.64, 46.4, 0.0, 19.29, 12.79, 23.93, 23.78, 15.03, 18.24, 12.9, 30.3, 12.99, 16.31, 53.76, 4.88, 28.83, 16.05, 12.5, 27.32, 59.66], [0.0, 22.04, 38.33, 42.62, 31.5, 48.99, 5.59, 33.99, 11.42, 27.79, 16.71, 45.82, 21.77, 42.52, 23.54, 49.4, 30.11, 24.88, 13.19, 26.4, 25.81, 60.7, 13.65, 22.4, 26.66, 13.95, 44.1, 23.68, 60.31, 19.29, 0.0, 21.94, 42.4, 33.59, 26.78, 15.74, 30.58, 47.26, 28.26, 16.92, 67.54, 23.75, 38.3, 32.86, 30.15, 8.08, 61.68], [0.0, 22.0, 16.99, 20.73, 13.83, 27.67, 17.66, 15.75, 22.1, 9.41, 10.8, 24.86, 18.91, 22.42, 7.09, 27.49, 10.71, 14.67, 28.2, 4.82, 12.47, 40.7, 11.07, 24.78, 8.63, 25.68, 22.22, 14.17, 38.38, 12.79, 21.94, 0.0, 23.78, 12.31, 4.92, 28.56, 12.69, 26.38, 8.24, 7.75, 45.64, 11.99, 17.37, 13.18, 12.36, 29.33, 72.31], [0.0, 28.15, 22.46, 14.98, 10.92, 12.09, 36.95, 8.47, 42.62, 15.01, 25.82, 27.05, 25.43, 4.57, 19.1, 21.18, 13.14, 18.97, 42.39, 19.31, 16.94, 18.55, 34.64, 30.92, 16.09, 38.75, 15.18, 22.49, 28.02, 23.93, 42.4, 23.78, 0.0, 22.22, 19.81, 41.03, 11.9, 9.04, 15.55, 31.53, 34.71, 19.07, 24.25, 10.61, 12.33, 50.46, 73.27], [0.0, 32.71, 4.75, 11.61, 17.15, 20.22, 29.78, 17.39, 33.72, 14.72, 22.6, 12.55, 29.39, 18.75, 16.12, 16.41, 13.62, 23.45, 40.49, 9.77, 20.36, 34.82, 20.81, 35.7, 14.96, 37.87, 12.95, 10.78, 27.24, 23.78, 33.59, 12.31, 22.22, 0.0, 8.75, 40.75, 16.37, 20.25, 12.25, 17.1, 34.26, 21.07, 5.11, 13.97, 16.36, 40.38, 83.24], [0.0, 24.0, 13.07, 15.84, 11.05, 22.79, 22.29, 12.42, 26.95, 7.22, 13.97, 21.02, 20.7, 17.94, 7.46, 22.8, 7.4, 15.09, 32.19, 9.25, 12.2, 36.07, 15.8, 26.97, 7.01, 29.39, 17.33, 12.14, 33.63, 15.03, 26.78, 4.92, 19.81, 8.75, 0.0, 32.24, 9.98, 21.6, 5.06, 12.26, 40.93, 12.57, 13.82, 9.33, 9.77, 34.24, 74.55], [0.0, 13.44, 45.28, 46.59, 31.43, 50.67, 14.03, 33.77, 15.91, 29.47, 18.31, 53.23, 15.65, 42.81, 25.87, 54.27, 31.9, 22.17, 25.66, 31.4, 24.78, 59.35, 25.68, 11.59, 28.52, 22.13, 47.94, 29.98, 64.63, 18.24, 15.74, 28.56, 41.03, 40.75, 32.24, 0.0, 30.96, 48.23, 31.12, 27.53, 71.99, 22.82, 45.85, 34.24, 30.58, 20.08, 46.5], [0.0, 19.46, 19.09, 16.52, 9.68, 19.72, 25.2, 11.94, 30.8, 11.46, 14.22, 26.24, 16.22, 12.19, 7.2, 24.36, 13.84, 9.25, 31.86, 9.08, 6.24, 30.13, 23.07, 22.52, 4.29, 28.41, 17.67, 11.78, 34.06, 12.9, 30.58, 12.69, 11.9, 16.37, 9.98, 30.96, 0.0, 17.4, 4.92, 20.23, 41.36, 8.15, 20.51, 9.9, 9.63, 38.61, 68.71], [0.0, 35.98, 18.56, 9.46, 16.83, 13.85, 42.13, 14.47, 47.46, 19.63, 31.47, 20.73, 32.98, 5.51, 23.86, 13.18, 17.22, 26.12, 49.24, 21.56, 23.47, 14.71, 37.39, 38.91, 20.75, 45.75, 8.8, 24.76, 18.98, 30.3, 47.26, 26.38, 9.04, 20.25, 21.6, 48.23, 17.4, 0.0, 19.02, 33.86, 25.71, 25.5, 20.32, 14.52, 17.81, 55.12, 82.27], [0.0, 21.16, 15.69, 15.49, 6.0, 20.77, 23.21, 7.58, 28.45, 9.54, 13.1, 23.36, 17.8, 14.53, 5.28, 23.15, 10.79, 11.37, 31.55, 4.18, 8.19, 32.88, 19.13, 24.23, 9.2, 28.38, 16.86, 7.08, 33.57, 12.99, 28.26, 8.24, 15.55, 12.25, 5.06, 31.12, 4.92, 19.02, 0.0, 15.98, 40.93, 9.23, 16.87, 4.98, 4.71, 36.1, 71.4], [0.0, 24.75, 21.75, 27.38, 21.36, 34.92, 14.25, 23.41, 17.02, 16.93, 13.2, 29.0, 22.25, 30.11, 13.74, 33.38, 18.42, 20.1, 26.35, 12.44, 18.73, 48.32, 18.82, 27.01, 16.01, 24.74, 28.86, 9.18, 44.28, 16.31, 16.92, 7.75, 31.53, 17.1, 12.26, 27.53, 20.23, 33.86, 15.98, 0.0, 51.35, 17.6, 21.55, 20.93, 19.87, 23.31, 73.33], [0.0, 60.77, 29.69, 25.46, 41.14, 22.71, 63.23, 39.15, 67.69, 42.52, 54.0, 23.63, 57.57, 31.01, 46.21, 18.15, 40.11, 50.59, 72.48, 41.49, 47.58, 25.89, 55.07, 63.8, 43.47, 69.28, 24.07, 43.92, 7.36, 53.76, 67.54, 45.64, 34.71, 34.26, 40.93, 71.99, 41.36, 25.71, 40.93, 51.35, 0.0, 49.35, 30.23, 37.92, 41.7, 74.6, 107.98], [0.0, 11.93, 24.85, 24.17, 8.68, 27.87, 18.18, 11.11, 23.98, 7.06, 7.06, 32.58, 8.58, 20.17, 5.2, 31.99, 9.32, 10.48, 23.74, 11.47, 10.58, 37.61, 19.35, 15.01, 6.37, 20.26, 25.43, 12.22, 42.02, 4.88, 23.75, 11.99, 19.07, 21.07, 12.57, 22.82, 8.15, 25.5, 9.23, 17.6, 49.35, 0.0, 25.93, 11.46, 7.77, 31.83, 62.23], [0.0, 37.68, 9.86, 10.89, 21.14, 19.52, 34.7, 20.92, 38.42, 19.31, 27.7, 7.55, 34.34, 20.2, 21.09, 13.14, 17.87, 28.21, 45.57, 14.8, 25.06, 34.24, 25.18, 40.69, 19.67, 42.98, 11.84, 15.88, 23.52, 28.83, 38.3, 17.37, 24.25, 5.11, 13.82, 45.85, 20.51, 20.32, 16.87, 21.55, 30.23, 25.93, 0.0, 17.66, 20.56, 44.84, 88.16], [0.0, 22.96, 16.13, 13.0, 9.55, 16.61, 27.64, 11.71, 33.06, 5.11, 16.96, 22.99, 19.7, 9.68, 9.36, 20.85, 15.35, 12.74, 35.01, 8.74, 9.66, 28.0, 24.11, 26.02, 6.23, 31.62, 14.16, 11.89, 30.61, 16.05, 32.86, 13.18, 10.61, 13.97, 9.33, 34.24, 9.9, 14.52, 4.98, 20.93, 37.92, 11.46, 17.66, 0.0, 9.7, 40.8, 72.15], [0.0, 19.15, 19.17, 16.79, 10.71, 20.11, 24.77, 12.3, 30.37, 11.04, 13.79, 26.39, 15.9, 12.61, 6.78, 24.64, 13.42, 8.94, 31.46, 8.85, 5.88, 30.56, 22.69, 22.22, 11.29, 28.02, 17.96, 11.48, 34.39, 12.5, 30.15, 12.36, 12.33, 16.36, 9.77, 30.58, 9.63, 17.81, 4.71, 19.87, 41.7, 7.77, 20.56, 9.7, 0.0, 38.18, 68.51], [0.0, 29.2, 45.06, 50.05, 39.54, 56.74, 13.65, 42.03, 7.85, 35.77, 24.79, 52.24, 29.37, 50.47, 31.52, 56.54, 38.04, 32.91, 17.05, 33.96, 33.89, 68.71, 19.66, 29.06, 34.64, 19.26, 51.54, 31.06, 67.45, 27.32, 8.08, 29.33, 50.46, 40.38, 34.24, 20.08, 38.61, 55.12, 36.1, 23.31, 74.6, 31.83, 44.84, 40.8, 38.18, 0.0, 63.25], [0.0, 0.0, 0.0, 0.0, 0.0, 0.0, 0.0, 0.0, 0.0, 0.0, 0.0, 0.0, 0.0, 0.0, 0.0, 0.0, 0.0, 0.0, 0.0, 0.0, 0.0, 0.0, 0.0, 0.0, 0.0, 0.0, 0.0, 0.0, 0.0, 0.0, 0.0, 0.0, 0.0, 0.0, 0.0, 0.0, 0.0, 0.0, 0.0, 0.0, 0.0, 0.0, 0.0, 0.0, 0.0, 0.0, 0.0]], "time_windows": [[0.0, 5000.0], [0.0, 96.0], [0.0, 140.0], [0.0, 150.0], [0.0, 177.0], [0.0, 219.0], [0.0, 345.0], [0.0, 397.0], [0.0, 451.0], [0.0, 518.0], [0.0, 557.0], [0.0, 640.0], [0.0, 703.0], [0.0, 742.0], [0.0, 767.0], [0.0, 811.0], [0.0, 857.0], [0.0, 880.0], [0.0, 923.0], [0.0, 974.0], [0.0, 991.0], [0.0, 1036.0], [0.0, 1095.0], [0.0, 1122.0], [0.0, 1144.0], [0.0, 1170.0], [0.0, 1215.0], [0.0, 1235.0], [0.0, 1272.0], [0.0, 1318.0], [0.0, 1338.0], [0.0, 1360.0], [0.0, 1383.0], [0.0, 1406.0], [0.0, 1414.0], [0.0, 1447.0], [0.0, 1477.0], [0.0, 1495.0], [0.0, 1514.0], [0.0, 1530.0], [0.0, 1581.0], [0.0, 1631.0], [0.0, 1657.0], [0.0, 1674.0], [0.0, 1684.0], [0.0, 1722.0], [0.0, 5000.0]], "start_depot": 0, "end_depot": 46, "horizon": [0.0, 5000.0]}