{"digraph": {"vertex_count": 47, "arc_count": 2070, "arcs": [[0, 1, 1, 1, 1, 1, 1, 1, 1, 1, 1, 1, 1, 1, 1, 1, 1, 1, 1, 1, 1, 1, 1, 1, 1, 1, 1, 1, 1, 1, 1, 1, 1, 1, 1, 1, 1, 1, 1, 1, 1, 1, 1, 1, 1, 1, 1], [0, 0, 1, 1, 1, 1, 1, 1, 1, 1, 1, 1, 1, 1, 1, 1, 1, 1, 1, 1, 1, 1, 1, 1, 1, 1, 1, 1, 1, 1, 1, 1, 1, 1, 1, 1, 1, 1, 1, 1, 1, 1, 1, 1, 1, 1, 1], [0, 1, 0, 1, 1, 1, 1, 1, 1, 1, 1, 1, 1, 1, 1, 1, 1, 1, 1, 1, 1, 1, 1, 1, 1, 1, 1, 1, 1, 1, 1, 1, 1, 1, 1, 1, 1, 1, 1, 1, 1, 1, 1, 1, 1, 1, 1], [0, 1, 1, 0, 1, 1, 1, 1, 1, 1, 1, 1, 1, 1, 1, 1, 1, 1, 1, 1, 1, 1, 1, 1, 1, 1, 1, 1, 1, 1, 1, 1, 1, 1, 1, 1, 1, 1, 1, 1, 1, 1, 1, 1, 1, 1, 1], [0, 1, 1, 1, 0, 1, 1, 1, 1, 1, 1, 1, 1, 1, 1, 1, 1, 1, 1, 1, 1, 1, 1, 1, 1, 1, 1, 1, 1, 1, 1, 1, 1, 1, 1, 1, 1, 1, 1, 1, 1, 1, 1, 1, 1, 1, 1], [0, 1, 1, 1, 1, 0, 1, 1, 1, 1, 1, 1, 1, 1, 1, 1, 1, 1, 1, 1, 1, 1, 1, 1, 1, 1, 1, 1, 1, 1, 1, 1, 1, 1, 1, 1, 1, 1, 1, 1, 1, 1, 1, 1, 1, 1, 1], [0, 1, 1, 1, 1, 1, 0, 1, 1, 1, 1, 1, 1, 1, 1, 1, 1, 1, 1, 1, 1, 1, 1, 1, 1, 1, 1, 1, 1, 1, 1, 1, 1, 1, 1, 1, 1, 1, 1, 1, 1, 1, 1, 1, 1, 1, 1], [0, 1, 1, 1, 1, 1, 1, 0, 1, 1, 1, 1, 1, 1, 1, 1, 1, 1, 1, 1, 1, 1, 1, 1, 1, 1, 1, 1, 1, 1, 1, 1, 1, 1, 1, 1, 1, 1, 1, 1, 1, 1, 1, 1, 1, 1, 1], [0, 1, 1, 1, 1, 1, 1, 1, 0, 1, 1, 1, 1, 1, 1, 1, 1, 1, 1, 1, 1, 1, 1, 1, 1, 1, 1, 1, 1, 1, 1, 1, 1, 1, 1, 1, 1, 1, 1, 1, 1, 1, 1, 1, 1, 1, 1], [0, 1, 1, 1, 1, 1, 1, 1, 1, 0, 1, 1, 1, 1, 1, 1, 1, 1, 1, 1, 1, 1, 1, 1, 1, 1, 1, 1, 1, 1, 1, 1, 1, 1, 1, 1, 1, 1, 1, 1, 1, 1, 1, 1, 1, 1, 1], [0, 1, 1, 1, 1, 1, 1, 1, 1, 1, 0, 1, 1, 1, 1, 1, 1, 1, 1, 1, 1, 1, 1, 1, 1, 1, 1, 1, 1, 1, 1, 1, 1, 1, 1, 1, 1, 1, 1, 1, 1, 1, 1, 1, 1, 1, 1], [0, 1, 1, 1, 1, 1, 1, 1, 1, 1, 1, 0, 1, 1, 1, 1, 1, 1, 1, 1, 1, 1, 1, 1, 1, 1, 1, 1, 1, 1, 1, 1, 1, 1, 1, 1, 1, 1, 1, 1, 1, 1, 1, 1, 1, 1, 1], [0, 1, 1, 1, 1, 1, 1, 1, 1, 1, 1, 1, 0, 1, 1, 1, 1, 1, 1, 1, 1, 1, 1, 1, 1, 1, 1, 1, 1, 1, 1, 1, 1, 1, 1, 1, 1, 1, 1, 1, 1, 1, 1, 1, 1, 1, 1], [0, 1, 1, 1, 1, 1, 1, 1, 1, 1, 1, 1, 1, 0, 1, 1, 1, 1, 1, 1, 1, 1, 1, 1, 1, 1, 1, 1, 1, 1, 1, 1, 1, 1, 1, 1, 1, 1, 1, 1, 1, 1, 1, 1, 1, 1, 1], [0, 1, 1, 1, 1, 1, 1, 1, 1, 1, 1, 1, 1, 1, 0, 1, 1, 1, 1, 1, 1, 1, 1, 1, 1, 1, 1, 1, 1, 1, 1, 1, 1, 1, 1, 1, 1, 1, 1, 1, 1, 1, 1, 1, 1, 1, 1], [0, 1, 1, 1, 1, 1, 1, 1, 1, 1, 1, 1, 1, 1, 1, 0, 1, 1, 1, 1, 1, 1, 1, 1, 1, 1, 1, 1, 1, 1, 1, 1, 1, 1, 1, 1, 1, 1, 1, 1, 1, 1, 1, 1, 1, 1, 1], [0, 1, 1, 1, 1, 1, 1, 1, 1, 1, 1, 1, 1, 1, 1, 1, 0, 1, 1, 1, 1, 1, 1, 1, 1, 1, 1, 1, 1, 1, 1, 1, 1, 1, 1, 1, 1, 1, 1, 1, 1, 1, 1, 1, 1, 1, 1], [0, 1, 1, 1, 1, 1, 1, 1, 1, 1, 1, 1, 1, 1, 1, 1, 1, 0, 1, 1, 1, 1, 1, 1, 1, 1, 1, 1, 1, 1, 1, 1, 1, 1, 1, 1, 1, 1, 1, 1, 1, 1, 1, 1, 1, 1, 1], [0, 1, 1, 1, 1, 1, 1, 1, 1, 1, 1, 1, 1, 1, 1, 1, 1, 1, 0, 1, 1, 1, 1, 1, 1, 1, 1, 1, 1, 1, 1, 1, 1, 1, 1, 1, 1, 1, 1, 1, 1, 1, 1, 1, 1, 1, 1], [0, 1, 1, 1, 1, 1, 1, 1, 1, 1, 1, 1, 1, 1, 1, 1, 1, 1, 1, 0, 1, 1, 1, 1, 1, 1, 1, 1, 1, 1, 1, 1, 1, 1, 1, 1, 1, 1, 1, 1, 1, 1, 1, 1, 1, 1, 1], [0, 1, 1, 1, 1, 1, 1, 1, 1, 1, 1, 1, 1, 1, 1, 1, 1, 1, 1, 1, 0, 1, 1, 1, 1, 1, 1, 1, 1, 1, 1, 1, 1, 1, 1, 1, 1, 1, 1, 1, 1, 1, 1, 1, 1, 1, 1], [0, 1, 1, 1, 1, 1, 1, 1, 1, 1, 1, 1, 1, 1, 1, 1, 1, 1, 1, 1, 1, 0, 1, 1, 1, 1, 1, 1, 1, 1, 1, 1, 1, 1, 1, 1, 1, 1, 1, 1, 1, 1, 1, 1, 1, 1, 1], [0, 1, 1, 1, 1, 1, 1, 1, 1, 1, 1, 1, 1, 1, 1, 1, 1, 1, 1, 1, 1, 1, 0, 1, 1, 1, 1, 1, 1, 1, 1, 1, 1, 1, 1, 1, 1, 1, 1, 1, 1, 1, 1, 1, 1, 1, 1], [0, 1, 1, 1, 1, 1, 1, 1, 1, 1, 1, 1, 1, 1, 1, 1, 1, 1, 1, 1, 1, 1, 1, 0, 1, 1, 1, 1, 1, 1, 1, 1, 1, 1, 1, 1, 1, 1, 1, 1, 1, 1, 1, 1, 1, 1, 1], [0, 1, 1, 1, 1, 1, 1, 1, 1, 1, 1, 1, 1, 1, 1, 1, 1, 1, 1, 1, 1, 1, 1, 1, 0, 1, 1, 1, 1, 1, 1, 1, 1, 1, 1, 1, 1, 1, 1, 1, 1, 1, 1, 1, 1, 1, 1], [0, 1, 1, 1, 1, 1, 1, 1, 1, 1, 1, 1, 1, 1, 1, 1, 1, 1, 1, 1, 1, 1, 1, 1, 1, 0, 1, 1, 1, 1, 1, 1, 1, 1, 1, 1, 1, 1, 1, 1, 1, 1, 1, 1, 1, 1, 1], [0, 1, 1, 1, 1, 1, 1, 1, 1, 1, 1, 1, 1, 1, 1, 1, 1, 1, 1, 1, 1, 1, 1, 1, 1, 1, 0, 1, 1, 1, 1, 1, 1, 1, 1, 1, 1, 1, 1, 1, 1, 1, 1, 1, 1, 1, 1], [0, 1, 1, 1, 1, 1, 1, 1, 1, 1, 1, 1, 1, 1, 1, 1, 1, 1, 1, 1, 1, 1, 1, 1, 1, 1, 1, 0, 1, 1, 1, 1, 1, 1, 1, 1, 1, 1, 1, 1, 1, 1, 1, 1, 1, 1, 1], [0, 1, 1, 1, 1, 1, 1, 1, 1, 1, 1, 1, 1, 1, 1, 1, 1, 1, 1, 1, 1, 1, 1, 1, 1, 1, 1, 1, 0, 1, 1, 1, 1, 1, 1, 1, 1, 1, 1, 1, 1, 1, 1, 1, 1, 1, 1], [0, 1, 1, 1, 1, 1, 1, 1, 1, 1, 1, 1, 1, 1, 1, 1, 1, 1, 1, 1, 1, 1, 1, 1, 1, 1, 1, 1, 1, 0, 1, 1, 1, 1, 1, 1, 1, 1, 1, 1, 1, 1, 1, 1, 1, 1, 1], [0, 1, 1, 1, 1, 1, 1, 1, 1, 1, 1, 1, 1, 1, 1, 1, 1, 1, 1, 1, 1, 1, 1, 1, 1, 1, 1, 1, 1, 1, 0, 1, 1, 1, 1, 1, 1, 1, 1, 1, 1, 1, 1, 1, 1, 1, 1], [0, 1, 1, 1, 1, 1, 1, 1, 1, 1, 1, 1, 1, 1, 1, 1, 1, 1, 1, 1, 1, 1, 1, 1, 1, 1, 1, 1, 1, 1, 1, 0, 1, 1, 1, 1, 1, 1, 1, 1, 1, 1, 1, 1, 1, 1, 1], [0, 1, 1, 1, 1, 1, 1, 1, 1, 1, 1, 1, 1, 1, 1, 1, 1, 1, 1, 1, 1, 1, 1, 1, 1, 1, 1, 1, 1, 1, 1, 1, 0, 1, 1, 1, 1, 1, 1, 1, 1, 1, 1, 1, 1, 1, 1], [0, 1, 1, 1, 1, 1, 1, 1, 1, 1, 1, 1, 1, 1, 1, 1, 1, 1, 1, 1, 1, 1, 1, 1, 1, 1, 1, 1, 1, 1, 1, 1, 1, 0, 1, 1, 1, 1, 1, 1, 1, 1, 1, 1, 1, 1, 1], [0, 1, 1, 1, 1, 1, 1, 1, 1, 1, 1, 1, 1, 1, 1, 1, 1, 1, 1, 1, 1, 1, 1, 1, 1, 1, 1, 1, 1, 1, 1, 1, 1, 1, 0, 1, 1, 1, 1, 1, 1, 1, 1, 1, 1, 1, 1], [0, 1, 1, 1, 1, 1, 1, 1, 1, 1, 1, 1, 1, 1, 1, 1, 1, 1, 1, 1, 1, 1, 1, 1, 1, 1, 1, 1, 1, 1, 1, 1, 1, 1, 1, 0, 1, 1, 1, 1, 1, 1, 1, 1, 1, 1, 1], [0, 1, 1, 1, 1, 1, 1, 1, 1, 1, 1, 1, 1, 1, 1, 1, 1, 1, 1, 1, 1, 1, 1, 1, 1, 1, 1, 1, 1, 1, 1, 1, 1, 1, 1, 1, 0, 1, 1, 1, 1, 1, 1, 1, 1, 1, 1], [0, 1, 1, 1, 1, 1, 1, 1, 1, 1, 1, 1, 1, 1, 1, 1, 1, 1, 1, 1, 1, 1, 1, 1, 1, 1, 1, 1, 1, 1, 1, 1, 1, 1, 1, 1, 1, 0, 1, 1, 1, 1, 1, 1, 1, 1, 1], [0, 1, 1, 1, 1, 1, 1, 1, 1, 1, 1, 1, 1, 1, 1, 1, 1, 1, 1, 1, 1, 1, 1, 1, 1, 1, 1, 1, 1, 1, 1, 1, 1, 1, 1, 1, 1, 1, 0, 1, 1, 1, 1, 1, 1, 1, 1], [0, 1, 1, 1, 1, 1, 1, 1, 1, 1, 1, 1, 1, 1, 1, 1, 1, 1, 1, 1, 1, 1, 1, 1, 1, 1, 1, 1, 1, 1, 1, 1, 1, 1, 1, 1, 1, 1, 1, 0, 1, 1, 1, 1, 1, 1, 1], [0, 1, 1, 1, 1, 1, 1, 1, 1, 1, 1, 1, 1, 1, 1, 1, 1, 1, 1, 1, 1, 1, 1, 1, 1, 1, 1, 1, 1, 1, 1, 1, 1, 1, 1, 1, 1, 1, 1, 1, 0, 1, 1, 1, 1, 1, 1], [0, 1, 1, 1, 1, 1, 1, 1, 1, 1, 1, 1, 1, 1, 1, 1, 1, 1, 1, 1, 1, 1, 1, 1, 1, 1, 1, 1, 1, 1, 1, 1, 1, 1, 1, 1, 1, 1, 1, 1, 1, 0, 1, 1, 1, 1, 1], [0, 1, 1, 1, 1, 1, 1, 1, 1, 1, 1, 1, 1, 1, 1, 1, 1, 1, 1, 1, 1, 1, 1, 1, 1, 1, 1, 1, 1, 1, 1, 1, 1, 1, 1, 1, 1, 1, 1, 1, 1, 1, 0, 1, 1, 1, 1], [0, 1, 1, 1, 1, 1, 1, 1, 1, 1, 1, 1, 1, 1, 1, 1, 1, 1, 1, 1, 1, 1, 1, 1, 1, 1, 1, 1, 1, 1, 1, 1, 1, 1, 1, 1, 1, 1, 1, 1, 1, 1, 1, 0, 1, 1, 1], [0, 1, 1, 1, 1, 1, 1, 1, 1, 1, 1, 1, 1, 1, 1, 1, 1, 1, 1, 1, 1, 1, 1, 1, 1, 1, 1, 1, 1, 1, 1, 1, 1, 1, 1, 1, 1, 1, 1, 1, 1, 1, 1, 1, 0, 1, 1], [0, 1, 1, 1, 1, 1, 1, 1, 1, 1, 1, 1, 1, 1, 1, 1, 1, 1, 1, 1, 1, 1, 1, 1, 1, 1, 1, 1, 1, 1, 1, 1, 1, 1, 1, 1, 1, 1, 1, 1, 1, 1, 1, 1, 1, 0, 1], [0, 0, 0, 0, 0, 0, 0, 0, 0, 0, 0, 0, 0, 0, 0, 0, 0, 0, 0, 0, 0, 0, 0, 0, 0, 0, 0, 0, 0, 0, 0, 0, 0, 0, 0, 0, 0, 0, 0, 0, 0, 0, 0, 0, 0, 0, 0]]}, "cluster_count": 3, "cluster_speeds": [[0.925, 0.85, 0.925, 1.0, 0.8325, 0.765, 0.8325, 0.9, 0.4625, 0.425, 0.4625, 0.5, 0.30525, 0.2805, 0.30525, 0.33, 0.37, 0.34, 0.37, 0.4, 0.555, 0.51, 0.555, 0.6, 0.6475, 0.595, 0.6475, 0.7, 0.37, 0.34, 0.37, 0.4, 0.30525, 0.2805, 0.30525, 0.33, 0.4625, 0.425, 0.4625, 0.5, 0.6475, 0.595, 0.6475, 0.7, 0.74, 0.68, 0.74, 0.8, 0.6475, 0.595, 0.6475, 0.7, 0.4625, 0.425, 0.4625, 0.5, 0.555, 0.51, 0.555, 0.6, 0.6475, 0.595, 0.6475, 0.7, 0.8325, 0.765, 0.8325, 0.9, 0.925, 0.85, 0.925, 1.0, 1.0], [0.7400000000000001, 0.68, 0.7400000000000001, 0.8, 0.666, 0.6120000000000001, 0.666, 0.7200000000000001, 0.37000000000000005, 0.34, 0.37000000000000005, 0.4, 0.24420000000000003, 0.22440000000000004, 0.24420000000000003, 0.264, 0.296, 0.272, 0.296, 0.32000000000000006, 0.44400000000000006, 0.40800000000000003, 0.44400000000000006, 0.48, 0.6475, 0.595, 0.6475, 0.7, 0.37, 0.34, 0.37, 0.4, 0.30525, 0.2805, 0.30525, 0.33, 0.4625, 0.425, 0.4625, 0.5, 0.6475, 0.595, 0.6475, 0.7, 0.74, 0.68, 0.74, 0.8, 0.518, 0.476, 0.518, 0.5599999999999999, 0.37000000000000005, 0.34, 0.37000000000000005, 0.4, 0.44400000000000006, 0.40800000000000003, 0.44400000000000006, 0.48, 0.518, 0.476, 0.518, 0.5599999999999999, 0.666, 0.6120000000000001, 0.666, 0.7200000000000001, 0.7400000000000001, 0.68, 0.7400000000000001, 0.8, 0.8], [0.87875, 0.8075, 0.87875, 0.95, 0.790875, 0.72675, 0.790875, 0.855, 0.439375, 0.40375, 0.439375, 0.475, 0.2899875, 0.266475, 0.2899875, 0.3135, 0.3515, 0.323, 0.3515, 0.38, 0.52725, 0.4845, 0.52725, 0.57, 0.6475, 0.595, 0.6475, 0.7, 0.37, 0.34, 0.37, 0.4, 0.30525, 0.2805, 0.30525, 0.33, 0.4625, 0.425, 0.4625, 0.5, 0.6475, 0.595, 0.6475, 0.7, 0.74, 0.68, 0.74, 0.8, 0.6151249999999999, 0.5652499999999999, 0.6151249999999999, 0.6649999999999999, 0.439375, 0.40375, 0.439375, 0.475, 0.52725, 0.4845, 0.52725, 0.57, 0.6151249999999999, 0.5652499999999999, 0.6151249999999999, 0.6649999999999999, 0.790875, 0.72675, 0.790875, 0.855, 0.87875, 0.8075, 0.87875, 0.95, 0.95]], "clusters": [[-1, 2, 2, 2, 2, 2, 2, 2, 2, 2, 2, 2, 2, 2, 2, 2, 2, 2, 2, 2, 2, 2, 2, 2, 2, 2, 2, 2, 2, 2, 2, 2, 2, 2, 2, 2, 2, 2, 2, 2, 2, 2, 2, 2, 2, 2, 2], [2, -1, 2, 2, 2, 2, 2, 2, 2, 2, 2, 2, 2, 2, 2, 2, 2, 2, 2, 2, 2, 2, 2, 2, 2, 2, 2, 2, 2, 2, 2, 2, 2, 2, 2, 2, 2, 2, 2, 2, 2, 2, 2, 2, 2, 2, 2], [2, 2, -1, 2, 2, 2, 2, 2, 2, 2, 2, 2, 2, 2, 2, 2, 2, 2, 2, 2, 2, 2, 2, 2, 2, 2, 2, 2, 2, 2, 2, 2, 2, 2, 2, 2, 2, 2, 2, 2, 2, 2, 2, 2, 2, 2, 2], [0, 0, 0, -1, 0, 0, 0, 0, 0, 0, 0, 0, 0, 0, 0, 0, 0, 0, 0, 0, 0, 0, 0, 0, 0, 0, 0, 0, 0, 0, 0, 0, 0, 0, 0, 0, 0, 0, 0, 0, 0, 0, 0, 0, 0, 0, 0], [2, 2, 2, 2, -1, 2, 2, 2, 2, 2, 2, 2, 2, 2, 2, 2, 2, 2, 2, 2, 2, 2, 2, 2, 2, 2, 2, 2, 2, 2, 2, 2, 2, 2, 2, 2, 2, 2, 2, 2, 2, 2, 2, 2, 2, 2, 2], [2, 2, 2, 2, 2, -1, 2, 2, 2, 2, 2, 2, 2, 2, 2, 2, 2, 2, 2, 2, 2, 2, 2, 2, 2, 2, 2, 2, 2, 2, 2, 2, 2, 2, 2, 2, 2, 2, 2, 2, 2, 2, 2, 2, 2, 2, 2], [0, 0, 0, 0, 0, 0, -1, 0, 0, 0, 0, 0, 0, 0, 0, 0, 0, 0, 0, 0, 0, 0, 0, 0, 0, 0, 0, 0, 0, 0, 0, 0, 0, 0, 0, 0, 0, 0, 0, 0, 0, 0, 0, 0, 0, 0, 0], [2, 2, 2, 2, 2, 2, 2, -1, 2, 2, 2, 2, 2, 2, 2, 2, 2, 2, 2, 2, 2, 2, 2, 2, 2, 2, 2, 2, 2, 2, 2, 2, 2, 2, 2, 2, 2, 2, 2, 2, 2, 2, 2, 2, 2, 2, 2], [1, 1, 1, 1, 1, 1, 1, 1, -1, 1, 1, 1, 1, 1, 1, 1, 1, 1, 1, 1, 1, 1, 1, 1, 1, 1, 1, 1, 1, 1, 1, 1, 1, 1, 1, 1, 1, 1, 1, 1, 1, 1, 1, 1, 1, 1, 1], [1, 1, 1, 1, 1, 1, 1, 1, 1, -1, 1, 1, 1, 1, 1, 1, 1, 1, 1, 1, 1, 1, 1, 1, 1, 1, 1, 1, 1, 1, 1, 1, 1, 1, 1, 1, 1, 1, 1, 1, 1, 1, 1, 1, 1, 1, 1], [0, 0, 0, 0, 0, 0, 0, 0, 0, 0, -1, 0, 0, 0, 0, 0, 0, 0, 0, 0, 0, 0, 0, 0, 0, 0, 0, 0, 0, 0, 0, 0, 0, 0, 0, 0, 0, 0, 0, 0, 0, 0, 0, 0, 0, 0, 0], [2, 2, 2, 2, 2, 2, 2, 2, 2, 2, 2, -1, 2, 2, 2, 2, 2, 2, 2, 2, 2, 2, 2, 2, 2, 2, 2, 2, 2, 2, 2, 2, 2, 2, 2, 2, 2, 2, 2, 2, 2, 2, 2, 2, 2, 2, 2], [1, 1, 1, 1, 1, 1, 1, 1, 1, 1, 1, 1, -1, 1, 1, 1, 1, 1, 1, 1, 1, 1, 1, 1, 1, 1, 1, 1, 1, 1, 1, 1, 1, 1, 1, 1, 1, 1, 1, 1, 1, 1, 1, 1, 1, 1, 1], [0, 0, 0, 0, 0, 0, 0, 0, 0, 0, 0, 0, 0, -1, 0, 0, 0, 0, 0, 0, 0, 0, 0, 0, 0, 0, 0, 0, 0, 0, 0, 0, 0, 0, 0, 0, 0, 0, 0, 0, 0, 0, 0, 0, 0, 0, 0], [2, 2, 2, 2, 2, 2, 2, 2, 2, 2, 2, 2, 2, 2, -1, 2, 2, 2, 2, 2, 2, 2, 2, 2, 2, 2, 2, 2, 2, 2, 2, 2, 2, 2, 2, 2, 2, 2, 2, 2, 2, 2, 2, 2, 2, 2, 2], [0, 0, 0, 0, 0, 0, 0, 0, 0, 0, 0, 0, 0, 0, 0, -1, 0, 0, 0, 0, 0, 0, 0, 0, 0, 0, 0, 0, 0, 0, 0, 0, 0, 0, 0, 0, 0, 0, 0, 0, 0, 0, 0, 0, 0, 0, 0], [0, 0, 0, 0, 0, 0, 0, 0, 0, 0, 0, 0, 0, 0, 0, 0, -1, 0, 0, 0, 0, 0, 0, 0, 0, 0, 0, 0, 0, 0, 0, 0, 0, 0, 0, 0, 0, 0, 0, 0, 0, 0, 0, 0, 0, 0, 0], [0, 0, 0, 0, 0, 0, 0, 0, 0, 0, 0, 0, 0, 0, 0, 0, 0, -1, 0, 0, 0, 0, 0, 0, 0, 0, 0, 0, 0, 0, 0, 0, 0, 0, 0, 0, 0, 0, 0, 0, 0, 0, 0, 0, 0, 0, 0], [1, 1, 1, 1, 1, 1, 1, 1, 1, 1, 1, 1, 1, 1, 1, 1, 1, 1, -1, 1, 1, 1, 1, 1, 1, 1, 1, 1, 1, 1, 1, 1, 1, 1, 1, 1, 1, 1, 1, 1, 1, 1, 1, 1, 1, 1, 1], [0, 0, 0, 0, 0, 0, 0, 0, 0, 0, 0, 0, 0, 0, 0, 0, 0, 0, 0, -1, 0, 0, 0, 0, 0, 0, 0, 0, 0, 0, 0, 0, 0, 0, 0, 0, 0, 0, 0, 0, 0, 0, 0, 0, 0, 0, 0], [0, 0, 0, 0, 0, 0, 0, 0, 0, 0, 0, 0, 0, 0, 0, 0, 0, 0, 0, 0, -1, 0, 0, 0, 0, 0, 0, 0, 0, 0, 0, 0, 0, 0, 0, 0, 0, 0, 0, 0, 0, 0, 0, 0, 0, 0, 0], [2, 2, 2, 2, 2, 2, 2, 2, 2, 2, 2, 2, 2, 2, 2, 2, 2, 2, 2, 2, 2, -1, 2, 2, 2, 2, 2, 2, 2, 2, 2, 2, 2, 2, 2, 2, 2, 2, 2, 2, 2, 2, 2, 2, 2, 2, 2], [0, 0, 0, 0, 0, 0, 0, 0, 0, 0, 0, 0, 0, 0, 0, 0, 0, 0, 0, 0, 0, 0, -1, 0, 0, 0, 0, 0, 0, 0, 0, 0, 0, 0, 0, 0, 0, 0, 0, 0, 0, 0, 0, 0, 0, 0, 0], [1, 1, 1, 1, 1, 1, 1, 1, 1, 1, 1, 1, 1, 1, 1, 1, 1, 1, 1, 1, 1, 1, 1, -1, 1, 1, 1, 1, 1, 1, 1, 1, 1, 1, 1, 1, 1, 1, 1, 1, 1, 1, 1, 1, 1, 1, 1], [0, 0, 0, 0, 0, 0, 0, 0, 0, 0, 0, 0, 0, 0, 0, 0, 0, 0, 0, 0, 0, 0, 0, 0, -1, 0, 0, 0, 0, 0, 0, 0, 0, 0, 0, 0, 0, 0, 0, 0, 0, 0, 0, 0, 0, 0, 0], [1, 1, 1, 1, 1, 1, 1, 1, 1, 1, 1, 1, 1, 1, 1, 1, 1, 1, 1, 1, 1, 1, 1, 1, 1, -1, 1, 1, 1, 1, 1, 1, 1, 1, 1, 1, 1, 1, 1, 1, 1, 1, 1, 1, 1, 1, 1], [2, 2, 2, 2, 2, 2, 2, 2, 2, 2, 2, 2, 2, 2, 2, 2, 2, 2, 2, 2, 2, 2, 2, 2, 2, 2, -1, 2, 2, 2, 2, 2, 2, 2, 2, 2, 2, 2, 2, 2, 2, 2, 2, 2, 2, 2, 2], [0, 0, 0, 0, 0, 0, 0, 0, 0, 0, 0, 0, 0, 0, 0, 0, 0, 0, 0, 0, 0, 0, 0, 0, 0, 0, 0, -1, 0, 0, 0, 0, 0, 0, 0, 0, 0, 0, 0, 0, 0, 0, 0, 0, 0, 0, 0], [0, 0, 0, 0, 0, 0, 0, 0, 0, 0, 0, 0, 0, 0, 0, 0, 0, 0, 0, 0, 0, 0, 0, 0, 0, 0, 0, 0, -1, 0, 0, 0, 0, 0, 0, 0, 0, 0, 0, 0, 0, 0, 0, 0, 0, 0, 0], [2, 2, 2, 2, 2, 2, 2, 2, 2, 2, 2, 2, 2, 2, 2, 2, 2, 2, 2, 2, 2, 2, 2, 2, 2, 2, 2, 2, 2, -1, 2, 2, 2, 2, 2, 2, 2, 2, 2, 2, 2, 2, 2, 2, 2, 2, 2], [0, 0, 0, 0, 0, 0, 0, 0, 0, 0, 0, 0, 0, 0, 0, 0, 0, 0, 0, 0, 0, 0, 0, 0, 0, 0, 0, 0, 0, 0, -1, 0, 0, 0, 0, 0, 0, 0, 0, 0, 0, 0, 0, 0, 0, 0, 0], [2, 2, 2, 2, 2, 2, 2, 2, 2, 2, 2, 2, 2, 2, 2, 2, 2, 2, 2, 2, 2, 2, 2, 2, 2, 2, 2, 2, 2, 2, 2, -1, 2, 2, 2, 2, 2, 2, 2, 2, 2, 2, 2, 2, 2, 2, 2], [1, 1, 1, 1, 1, 1, 1, 1, 1, 1, 1, 1, 1, 1, 1, 1, 1, 1, 1, 1, 1, 1, 1, 1, 1, 1, 1, 1, 1, 1, 1, 1, -1, 1, 1, 1, 1, 1, 1, 1, 1, 1, 1, 1, 1, 1, 1], [1, 1, 1, 1, 1, 1, 1, 1, 1, 1, 1, 1, 1, 1, 1, 1, 1, 1, 1, 1, 1, 1, 1, 1, 1, 1, 1, 1, 1, 1, 1, 1, 1, -1, 1, 1, 1, 1, 1, 1, 1, 1, 1, 1, 1, 1, 1], [0, 0, 0, 0, 0, 0, 0, 0, 0, 0, 0, 0, 0, 0, 0, 0, 0, 0, 0, 0, 0, 0, 0, 0, 0, 0, 0, 0, 0, 0, 0, 0, 0, 0, -1, 0, 0, 0, 0, 0, 0, 0, 0, 0, 0, 0, 0], [0, 0, 0, 0, 0, 0, 0, 0, 0, 0, 0, 0, 0, 0, 0, 0, 0, 0, 0, 0, 0, 0, 0, 0, 0, 0, 0, 0, 0, 0, 0, 0, 0, 0, 0, -1, 0, 0, 0, 0, 0, 0, 0, 0, 0, 0, 0], [2, 2, 2, 2, 2, 2, 2, 2, 2, 2, 2, 2, 2, 2, 2, 2, 2, 2, 2, 2, 2, 2, 2, 2, 2, 2, 2, 2, 2, 2, 2, 2, 2, 2, 2, 2, -1, 2, 2, 2, 2, 2, 2, 2, 2, 2, 2], [0, 0, 0, 0, 0, 0, 0, 0, 0, 0, 0, 0, 0, 0, 0, 0, 0, 0, 0, 0, 0, 0, 0, 0, 0, 0, 0, 0, 0, 0, 0, 0, 0, 0, 0, 0, 0, -1, 0, 0, 0, 0, 0, 0, 0, 0, 0], [0, 0, 0, 0, 0, 0, 0, 0, 0, 0, 0, 0, 0, 0, 0, 0, 0, 0, 0, 0, 0, 0, 0, 0, 0, 0, 0, 0, 0, 0, 0, 0, 0, 0, 0, 0, 0, 0, -1, 0, 0, 0, 0, 0, 0, 0, 0], [1, 1, 1, 1, 1, 1, 1, 1, 1, 1, 1, 1, 1, 1, 1, 1, 1, 1, 1, 1, 1, 1, 1, 1, 1, 1, 1, 1, 1, 1, 1, 1, 1, 1, 1, 1, 1, 1, 1, -1, 1, 1, 1, 1, 1, 1, 1], [0, 0, 0, 0, 0, 0, 0, 0, 0, 0, 0, 0, 0, 0, 0, 0, 0, 0, 0, 0, 0, 0, 0, 0, 0, 0, 0, 0, 0, 0, 0, 0, 0, 0, 0, 0, 0, 0, 0, 0, -1, 0, 0, 0, 0, 0, 0], [0, 0, 0, 0, 0, 0, 0, 0, 0, 0, 0, 0, 0, 0, 0, 0, 0, 0, 0, 0, 0, 0, 0, 0, 0, 0, 0, 0, 0, 0, 0, 0, 0, 0, 0, 0, 0, 0, 0, 0, 0, -1, 0, 0, 0, 0, 0], [2, 2, 2, 2, 2, 2, 2, 2, 2, 2, 2, 2, 2, 2, 2, 2, 2, 2, 2, 2, 2, 2, 2, 2, 2, 2, 2, 2, 2, 2, 2, 2, 2, 2, 2, 2, 2, 2, 2, 2, 2, 2, -1, 2, 2, 2, 2], [0, 0, 0, 0, 0, 0, 0, 0, 0, 0, 0, 0, 0, 0, 0, 0, 0, 0, 0, 0, 0, 0, 0, 0, 0, 0, 0, 0, 0, 0, 0, 0, 0, 0, 0, 0, 0, 0, 0, 0, 0, 0, 0, -1, 0, 0, 0], [0, 0, 0, 0, 0, 0, 0, 0, 0, 0, 0, 0, 0, 0, 0, 0, 0, 0, 0, 0, 0, 0, 0, 0, 0, 0, 0, 0, 0, 0, 0, 0, 0, 0, 0, 0, 0, 0, 0, 0, 0, 0, 0, 0, -1, 0, 0], [2, 2, 2, 2, 2, 2, 2, 2, 2, 2, 2, 2, 2, 2, 2, 2, 2, 2, 2, 2, 2, 2, 2, 2, 2, 2, 2, 2, 2, 2, 2, 2, 2, 2, 2, 2, 2, 2, 2, 2, 2, 2, 2, 2, 2, -1, 2], [2, 2, 2, 2, 2, 2, 2, 2, 2, 2, 2, 2, 2, 2, 2, 2, 2, 2, 2, 2, 2, 2, 2, 2, 2, 2, 2, 2, 2, 2, 2, 2, 2, 2, 2, 2, 2, 2, 2, 2, 2, 2, 2, 2, 2, 2, -1]], "speed_zone_count": 73, "speed_zones": [[0.0, 15.0], [15.0, 30.0], [30.0, 45.0], [45.0, 60.0], [60.0, 75.0], [75.0, 90.0], [90.0, 105.0], [105.0, 120.0], [120.0, 135.0], [135.0, 150.0], [150.0, 165.0], [165.0, 180.0], [180.0, 195.0], [195.0, 210.0], [210.0, 225.0], [225.0, 240.0], [240.0, 255.0], [255.0, 270.0], [270.0, 285.0], [285.0, 300.0], [300.0, 315.0], [315.0, 330.0], [330.0, 345.0], [345.0, 360.0], [360.0, 375.0], [375.0, 390.0], [390.0, 405.0], [405.0, 420.0], [420.0, 435.0], [435.0, 450.0], [450.0, 465.0], [465.0, 480.0], [480.0, 495.0], [495.0, 510.0], [510.0, 525.0], [525.0, 540.0], [540.0, 555.0], [555.0, 570.0], [570.0, 585.0], [585.0, 600.0], [600.0, 615.0], [615.0, 630.0], [630.0, 645.0], [645.0, 660.0], [660.0, 675.0], [675.0, 690.0], [690.0, 705.0], [705.0, 720.0], [720.0, 735.0], [735.0, 750.0], [750.0, 765.0], [765.0, 780.0], [780.0, 795.0], [795.0, 810.0], [810.0, 825.0], [825.0, 840.0], [840.0, 855.0], [855.0, 870.0], [870.0, 885.0], [885.0, 900.0], [900.0, 915.0], [915.0, 930.0], [930.0, 945.0], [945.0, 960.0], [960.0, 975.0], [975.0, 990.0], [990.0, 1005.0], [1005.0, 1020.0], [1020.0, 1035.0], [1035.0, 1050.0], [1050.0, 1065.0], [1065.0, 1080.0], [1080.0, 5000.0]], "distances": [[0.0, 66.23, 97.92, 67.19, 52.36, 95.97, 55.96, 120.13, 53.87, 50.6, 74.14, 87.62, 48.43, 76.32, 50.44, 82.42, 62.6, 70.95, 75.1, 67.84, 61.43, 105.35, 73.31, 54.98, 69.99, 71.44, 107.32, 70.13, 69.13, 105.47, 82.27, 34.87, 86.2, 89.04, 75.07, 63.43, 44.59, 57.8, 83.15, 72.83, 69.85, 72.75, 106.68, 69.17, 80.39, 61.73, 0.0], [0.0, 0.0, 59.84, 32.15, 16.42, 60.62, 29.43, 76.88, 31.72, 26.36, 26.02, 64.18, 26.67, 39.63, 22.33, 36.59, 32.46, 38.7, 19.04, 36.98, 32.06, 60.52, 26.26, 31.34, 29.51, 13.51, 74.53, 20.38, 44.02, 68.09, 34.58, 31.64, 39.88, 41.86, 38.52, 32.32, 24.3, 25.72, 34.7, 14.87, 43.5, 27.06, 70.85, 43.46, 40.03, 5.27, 66.23], [0.0, 59.84, 0.0, 33.18, 71.54, 17.97, 44.11, 22.29, 45.33, 51.04, 33.97, 19.24, 53.3, 23.12, 78.17, 23.26, 36.86, 27.65, 41.13, 30.82, 38.04, 11.09, 33.91, 44.35, 32.79, 46.41, 15.01, 39.86, 28.83, 8.46, 25.39, 70.67, 20.27, 18.99, 24.49, 36.19, 60.55, 44.16, 25.44, 45.21, 28.08, 33.38, 11.02, 28.76, 20.61, 58.39, 97.92], [0.0, 32.15, 33.18, 0.0, 39.95, 32.51, 11.38, 54.37, 13.34, 17.96, 11.56, 32.46, 20.26, 10.06, 46.35, 15.5, 4.77, 6.76, 19.21, 4.9, 5.85, 38.65, 10.49, 12.21, 4.6, 21.48, 46.14, 13.48, 12.04, 41.55, 15.91, 37.58, 19.11, 21.93, 8.69, 10.66, 27.37, 10.98, 16.92, 21.28, 11.41, 9.25, 43.65, 11.44, 13.41, 28.86, 67.19], [0.0, 16.42, 71.54, 39.95, 0.0, 71.63, 32.53, 90.43, 33.63, 26.43, 38.0, 72.14, 25.33, 49.29, 6.68, 48.97, 38.28, 46.66, 33.23, 44.12, 37.43, 73.96, 37.85, 33.82, 38.99, 27.75, 85.54, 32.07, 50.32, 79.98, 47.38, 20.21, 52.68, 55.05, 47.98, 38.51, 18.67, 30.09, 47.76, 29.32, 50.14, 38.23, 82.47, 49.88, 50.96, 14.39, 52.36], [0.0, 60.62, 17.97, 32.51, 71.63, 0.0, 43.08, 24.77, 44.07, 50.12, 34.61, 15.43, 52.35, 22.56, 78.21, 24.32, 35.84, 26.54, 42.23, 29.67, 37.0, 14.9, 34.43, 43.14, 32.66, 47.34, 13.96, 40.39, 26.87, 9.51, 26.6, 69.68, 21.78, 20.94, 23.92, 35.23, 59.78, 43.47, 26.8, 46.22, 26.22, 33.78, 11.17, 26.87, 20.77, 58.85, 95.97], [0.0, 29.43, 44.11, 11.38, 32.53, 43.08, 0.0, 65.63, 13.66, 7.13, 19.32, 40.38, 9.29, 21.17, 38.37, 26.47, 7.26, 16.54, 23.76, 13.42, 6.08, 50.02, 18.32, 12.57, 14.1, 23.27, 56.29, 17.44, 18.28, 52.35, 26.44, 26.6, 30.24, 33.08, 19.82, 7.94, 16.98, 13.42, 27.36, 23.85, 18.33, 17.48, 54.24, 17.93, 24.78, 24.84, 55.96], [0.0, 76.88, 22.29, 54.37, 90.43, 24.77, 65.63, 0.0, 67.09, 72.33, 52.5, 38.02, 74.63, 44.46, 97.11, 41.61, 58.44, 49.46, 57.88, 52.63, 59.63, 16.47, 52.75, 66.07, 53.12, 63.48, 19.61, 58.39, 51.11, 15.88, 43.06, 91.92, 37.79, 35.38, 45.8, 57.71, 81.5, 65.19, 42.68, 62.04, 50.34, 52.56, 16.36, 51.03, 41.08, 76.49, 120.13], [0.0, 31.72, 45.33, 13.34, 33.63, 44.07, 13.66, 67.09, 0.0, 7.31, 22.09, 40.34, 9.04, 22.69, 39.21, 28.72, 8.76, 17.68, 26.68, 14.51, 7.58, 51.72, 21.06, 12.8, 16.55, 26.12, 57.01, 20.36, 18.35, 53.44, 28.85, 25.82, 32.41, 35.24, 21.39, 9.57, 16.94, 6.77, 29.8, 26.73, 18.58, 20.17, 55.21, 18.09, 26.57, 26.97, 53.87], [0.0, 26.36, 51.04, 17.96, 26.43, 50.12, 7.13, 72.33, 7.31, 0.0, 23.56, 47.4, 16.35, 27.97, 31.91, 32.23, 14.28, 23.58, 25.76, 20.51, 13.14, 56.5, 22.71, 7.74, 19.77, 23.68, 63.4, 20.03, 25.31, 59.33, 31.83, 19.64, 36.12, 38.93, 26.6, 14.89, 9.87, 7.34, 32.66, 24.67, 25.41, 22.16, 61.28, 24.98, 31.29, 21.27, 50.6], [0.0, 26.02, 33.97, 11.56, 38.0, 34.61, 19.32, 52.5, 22.09, 23.56, 0.0, 39.24, 25.72, 14.46, 44.67, 10.98, 15.45, 15.71, 8.71, 15.69, 16.11, 36.05, 11.91, 20.99, 6.98, 12.94, 48.54, 5.95, 22.37, 42.32, 9.48, 41.55, 14.71, 17.19, 13.64, 14.68, 30.81, 16.55, 10.01, 12.07, 21.45, 11.64, 44.99, 21.74, 14.06, 24.45, 74.14], [0.0, 64.18, 19.24, 32.46, 72.14, 15.43, 40.38, 38.02, 40.34, 47.4, 39.24, 0.0, 49.34, 24.82, 78.36, 31.62, 33.92, 25.71, 47.86, 28.04, 34.85, 30.32, 38.66, 39.7, 34.67, 52.02, 20.59, 44.1, 22.1, 22.25, 34.06, 65.85, 30.81, 31.28, 25.79, 33.64, 57.23, 42.15, 34.68, 51.28, 22.11, 37.62, 21.83, 22.46, 25.95, 61.25, 87.62], [0.0, 26.67, 53.3, 20.26, 25.33, 52.35, 9.29, 74.63, 9.04, 16.35, 25.72, 49.34, 0.0, 30.26, 30.53, 34.52, 16.51, 25.81, 27.53, 22.71, 15.35, 58.81, 24.89, 9.64, 22.07, 25.12, 65.58, 21.97, 27.29, 61.58, 34.09, 17.36, 38.41, 41.23, 28.89, 17.13, 7.9, 9.64, 34.92, 26.19, 27.44, 24.38, 63.51, 26.99, 33.6, 21.48, 48.43], [0.0, 39.63, 23.12, 10.06, 49.29, 22.56, 21.17, 44.46, 22.69, 27.97, 14.46, 24.82, 30.26, 0.0, 55.82, 9.89, 13.98, 5.61, 23.14, 8.52, 15.18, 29.06, 13.84, 21.64, 10.38, 27.21, 36.33, 19.35, 11.03, 31.49, 11.75, 47.61, 12.05, 14.51, 10.11, 13.24, 37.43, 21.04, 12.72, 26.47, 9.9, 12.8, 33.64, 10.51, 4.59, 37.15, 76.32], [0.0, 22.33, 78.17, 46.35, 6.68, 78.21, 38.37, 97.11, 39.21, 31.91, 44.67, 78.36, 30.53, 55.82, 0.0, 55.64, 44.44, 53.02, 39.81, 50.4, 43.54, 80.64, 44.52, 39.51, 45.56, 34.29, 92.1, 38.74, 56.42, 86.62, 54.06, 21.68, 59.36, 61.72, 54.5, 44.73, 23.19, 36.22, 54.43, 35.85, 56.29, 44.89, 89.08, 55.99, 57.58, 20.92, 50.44], [0.0, 36.59, 23.26, 15.5, 48.97, 24.32, 26.47, 41.61, 28.72, 32.23, 10.98, 31.62, 34.52, 9.89, 55.64, 0.0, 20.26, 14.7, 17.93, 16.76, 21.34, 25.2, 11.16, 27.58, 12.48, 23.15, 38.09, 16.92, 20.86, 31.51, 14.42, 51.28, 13.69, 6.71, 10.23, 19.39, 40.61, 24.89, 14.01, 21.96, 19.74, 10.98, 34.27, 20.31, 6.13, 35.37, 82.42], [0.0, 32.46, 36.86, 4.77, 38.28, 35.84, 7.26, 58.44, 8.76, 14.28, 15.45, 33.92, 16.51, 13.98, 44.44, 20.26, 0.0, 9.3, 22.12, 6.24, 10.62, 42.97, 14.36, 7.68, 8.83, 23.38, 49.14, 15.9, 12.09, 45.09, 20.66, 33.85, 23.83, 26.65, 12.66, 12.0, 24.04, 8.23, 21.66, 23.48, 11.87, 13.22, 47.01, 11.62, 17.81, 28.57, 62.6], [0.0, 38.7, 27.65, 6.76, 46.66, 26.54, 16.54, 49.46, 17.68, 23.58, 15.71, 25.71, 25.81, 5.61, 53.02, 14.7, 9.3, 0.0, 24.23, 11.66, 10.46, 34.4, 14.8, 16.7, 9.53, 27.36, 39.87, 19.24, 6.77, 35.83, 16.1, 43.14, 17.4, 19.98, 4.66, 8.72, 33.31, 17.17, 17.13, 26.93, 5.78, 13.56, 37.71, 6.15, 10.14, 35.57, 70.95], [0.0, 19.04, 41.13, 19.21, 33.23, 42.23, 23.76, 57.88, 26.68, 25.76, 8.71, 47.86, 27.53, 23.14, 39.81, 17.93, 22.12, 24.23, 0.0, 23.81, 22.44, 41.49, 9.48, 25.73, 14.94, 5.61, 56.01, 6.38, 30.75, 49.26, 15.75, 40.97, 20.97, 22.84, 22.35, 21.51, 30.58, 20.11, 15.76, 4.17, 29.9, 10.7, 52.11, 30.12, 22.28, 18.9, 75.1], [0.0, 36.98, 30.82, 4.9, 44.12, 29.67, 13.42, 52.63, 14.51, 20.51, 15.69, 28.04, 22.71, 8.52, 50.4, 16.76, 6.24, 11.66, 23.81, 0.0, 7.36, 37.5, 14.68, 13.53, 8.88, 26.34, 42.9, 18.29, 7.15, 38.98, 17.83, 40.02, 19.81, 22.5, 7.37, 5.76, 30.29, 14.32, 18.88, 26.09, 6.53, 13.4, 40.83, 6.55, 12.88, 33.56, 67.84], [0.0, 32.06, 38.04, 5.85, 37.43, 37.0, 6.08, 59.63, 7.58, 13.14, 16.11, 34.85, 15.35, 15.18, 43.54, 21.34, 10.62, 10.46, 22.44, 7.36, 0.0, 44.16, 15.02, 6.49, 9.67, 23.41, 50.26, 16.15, 12.9, 46.27, 21.68, 32.68, 24.95, 27.77, 13.85, 13.12, 22.93, 7.34, 22.67, 23.6, 12.75, 13.93, 48.17, 12.45, 18.99, 28.04, 61.43], [0.0, 60.52, 11.09, 38.65, 73.96, 14.9, 50.02, 16.47, 51.72, 56.5, 36.05, 30.32, 58.81, 29.06, 80.64, 25.2, 42.97, 34.4, 41.49, 37.5, 44.16, 0.0, 36.33, 50.65, 36.99, 47.08, 20.83, 41.93, 37.23, 12.49, 26.59, 75.97, 21.35, 18.91, 30.34, 42.19, 65.43, 49.25, 26.21, 45.66, 36.3, 36.18, 15.59, 37.02, 25.24, 60.03, 105.35], [0.0, 26.26, 33.91, 10.49, 37.85, 34.43, 18.32, 52.75, 21.06, 22.71, 11.91, 38.66, 24.89, 13.84, 44.52, 11.16, 14.36, 14.8, 9.48, 14.68, 15.02, 36.33, 0.0, 19.96, 5.91, 13.4, 48.39, 5.96, 21.42, 42.3, 9.86, 40.9, 14.98, 17.54, 12.95, 13.59, 30.16, 15.63, 10.48, 12.63, 20.52, 10.57, 44.92, 20.79, 13.76, 24.48, 73.31], [0.0, 31.34, 44.35, 12.21, 33.82, 43.14, 12.57, 66.07, 12.8, 7.74, 20.99, 39.7, 9.64, 21.64, 39.51, 27.58, 7.68, 16.7, 25.73, 13.53, 6.49, 50.65, 19.96, 0.0, 15.41, 25.33, 56.16, 19.39, 17.65, 52.5, 27.71, 26.65, 31.28, 34.11, 20.33, 8.48, 17.52, 6.02, 28.66, 25.9, 17.83, 19.06, 54.29, 17.36, 25.48, 26.68, 54.98], [0.0, 29.51, 32.79, 4.6, 38.99, 32.66, 14.1, 53.12, 16.55, 19.77, 6.98, 34.67, 22.07, 10.38, 45.56, 12.48, 8.83, 9.53, 14.94, 8.88, 9.67, 36.99, 5.91, 15.41, 0.0, 17.83, 46.54, 9.71, 15.84, 41.25, 12.34, 39.01, 16.35, 19.18, 9.14, 8.0, 28.44, 12.43, 13.27, 17.41, 15.03, 4.66, 43.6, 15.21, 12.22, 26.8, 69.99], [0.0, 13.51, 46.41, 21.48, 27.75, 47.34, 23.27, 63.48, 26.12, 23.68, 12.94, 52.02, 25.12, 27.21, 34.29, 23.15, 23.38, 27.36, 5.61, 26.34, 23.41, 47.08, 13.4, 25.33, 17.83, 0.0, 61.2, 8.11, 33.48, 54.62, 21.09, 36.87, 26.38, 28.36, 26.24, 22.93, 26.88, 19.35, 21.2, 9.78, 32.75, 14.4, 57.42, 32.86, 26.98, 13.37, 71.44], [0.0, 74.53, 15.01, 46.14, 85.54, 13.96, 56.29, 19.61, 57.01, 63.4, 48.54, 20.59, 65.58, 36.33, 92.1, 38.09, 49.14, 39.87, 56.01, 42.9, 50.26, 20.83, 48.39, 56.16, 46.54, 61.2, 0.0, 54.34, 39.05, 8.37, 40.29, 82.8, 35.25, 33.99, 37.67, 48.59, 73.18, 57.0, 40.39, 60.04, 38.6, 47.74, 5.25, 39.18, 34.72, 72.82, 107.32], [0.0, 20.38, 39.86, 13.48, 32.07, 40.39, 17.44, 58.39, 20.36, 20.03, 5.95, 44.1, 21.97, 19.35, 38.74, 16.92, 15.9, 19.24, 6.38, 18.29, 16.15, 41.93, 5.96, 19.39, 9.71, 8.11, 54.34, 0.0, 25.4, 48.24, 15.33, 36.71, 20.62, 23.03, 18.31, 15.35, 26.04, 13.9, 15.76, 7.8, 24.65, 6.68, 50.88, 24.79, 19.69, 18.53, 70.13], [0.0, 44.02, 28.83, 12.04, 50.32, 26.87, 18.28, 51.11, 18.35, 25.31, 22.37, 22.1, 27.29, 11.03, 56.42, 20.86, 12.09, 6.77, 30.75, 7.15, 12.9, 37.23, 21.42, 17.65, 15.84, 33.48, 39.05, 25.4, 0.0, 36.37, 22.52, 44.1, 23.01, 25.33, 10.66, 11.97, 35.16, 20.23, 23.54, 33.19, 12.56, 20.15, 37.75, 12.92, 15.46, 40.43, 69.13], [0.0, 68.09, 8.46, 41.55, 79.98, 9.51, 52.35, 15.88, 53.44, 59.33, 42.32, 22.25, 61.58, 31.49, 86.62, 31.51, 45.09, 35.83, 49.26, 38.98, 46.27, 12.49, 42.3, 52.5, 41.25, 54.62, 8.37, 48.24, 36.37, 0.0, 33.54, 78.94, 28.3, 26.7, 32.87, 44.45, 68.9, 52.53, 33.5, 53.37, 35.72, 41.8, 13.61, 36.37, 29.07, 66.77, 105.47], [0.0, 34.58, 25.39, 15.91, 47.38, 26.6, 26.44, 43.06, 28.85, 31.83, 9.48, 34.06, 34.09, 11.75, 54.06, 14.42, 20.66, 16.1, 15.75, 17.83, 21.68, 26.59, 9.86, 27.71, 12.34, 21.09, 40.29, 15.33, 22.52, 33.54, 0.0, 50.56, 5.34, 7.71, 11.87, 19.79, 39.84, 24.52, 10.54, 19.84, 21.42, 9.95, 36.36, 21.95, 8.41, 33.59, 82.27], [0.0, 31.64, 70.67, 37.58, 20.21, 69.68, 26.6, 91.92, 25.82, 19.64, 41.55, 65.85, 17.36, 47.61, 21.68, 51.28, 33.85, 43.14, 40.97, 40.02, 32.68, 75.97, 40.9, 26.65, 39.01, 36.87, 82.8, 36.71, 44.1, 78.94, 50.56, 0.0, 55.21, 57.98, 46.24, 34.49, 10.74, 26.74, 51.3, 38.32, 44.38, 40.63, 80.85, 43.87, 50.84, 26.94, 34.87], [0.0, 39.88, 20.27, 19.11, 52.68, 21.78, 30.24, 37.79, 32.41, 36.12, 14.71, 30.81, 38.41, 12.05, 59.36, 13.69, 23.83, 17.4, 20.97, 19.81, 24.95, 21.35, 14.98, 31.28, 16.35, 26.38, 35.25, 20.62, 23.01, 28.3, 5.34, 55.21, 0.0, 12.5, 12.75, 22.97, 44.54, 28.78, 5.2, 25.1, 21.89, 14.88, 31.18, 22.52, 7.55, 38.93, 86.2], [0.0, 41.86, 18.99, 21.93, 55.05, 20.94, 33.08, 35.38, 35.24, 38.93, 17.19, 31.28, 41.23, 14.51, 61.72, 6.71, 26.65, 19.98, 22.84, 22.5, 27.77, 18.91, 17.54, 34.11, 19.18, 28.36, 33.99, 23.03, 25.33, 26.7, 7.71, 57.98, 12.5, 0.0, 15.32, 25.79, 47.3, 31.59, 7.29, 27.01, 24.21, 17.53, 29.68, 24.87, 9.93, 41.15, 89.04], [0.0, 38.52, 24.49, 8.69, 47.98, 23.92, 19.82, 45.8, 21.39, 26.6, 13.64, 25.79, 28.89, 10.11, 54.5, 10.23, 12.66, 4.66, 22.35, 7.37, 13.85, 30.34, 12.95, 20.33, 9.14, 26.24, 37.67, 18.31, 10.66, 32.87, 11.87, 46.24, 12.75, 15.32, 0.0, 11.91, 36.05, 19.67, 12.88, 25.56, 9.55, 11.86, 35.01, 10.1, 5.52, 35.94, 75.07], [0.0, 32.32, 36.19, 10.66, 38.51, 35.23, 7.94, 57.71, 9.57, 14.89, 14.68, 33.64, 17.13, 13.24, 44.73, 19.39, 12.0, 8.72, 21.51, 5.76, 13.12, 42.19, 13.59, 8.48, 8.0, 22.93, 48.59, 15.35, 11.97, 44.45, 19.79, 34.49, 22.97, 25.79, 11.91, 0.0, 24.59, 8.57, 20.79, 22.99, 11.68, 12.43, 46.4, 11.47, 17.0, 28.53, 63.43], [0.0, 24.3, 60.55, 27.37, 18.67, 59.78, 16.98, 81.5, 16.94, 9.87, 30.81, 57.23, 7.9, 37.43, 23.19, 40.61, 24.04, 33.31, 30.58, 30.29, 22.93, 65.43, 30.16, 17.52, 28.44, 26.88, 73.18, 26.04, 35.16, 68.9, 39.84, 10.74, 44.54, 47.3, 36.05, 24.59, 0.0, 16.39, 40.56, 28.25, 35.27, 29.9, 70.94, 34.84, 40.43, 19.1, 44.59], [0.0, 25.72, 44.16, 10.98, 30.09, 43.47, 13.42, 65.19, 6.77, 7.34, 16.55, 42.15, 9.64, 21.04, 36.22, 24.89, 8.23, 17.17, 20.11, 14.32, 7.34, 49.25, 15.63, 6.02, 12.43, 19.35, 57.0, 13.9, 20.23, 52.53, 24.52, 26.74, 28.78, 31.59, 19.67, 8.57, 16.39, 0.0, 25.37, 19.98, 20.07, 14.98, 54.61, 19.79, 24.11, 21.3, 57.8], [0.0, 34.7, 25.44, 16.92, 47.76, 26.8, 27.36, 42.68, 29.8, 32.66, 10.01, 34.68, 34.92, 12.72, 54.43, 14.01, 21.66, 17.13, 15.76, 18.88, 22.67, 26.21, 10.48, 28.66, 13.27, 21.2, 40.39, 15.76, 23.54, 33.5, 10.54, 51.3, 5.2, 7.29, 12.88, 20.79, 40.56, 25.37, 0.0, 19.9, 22.43, 10.67, 36.37, 22.97, 9.23, 33.87, 83.15], [0.0, 14.87, 45.21, 21.28, 29.32, 46.22, 23.85, 62.04, 26.73, 24.67, 12.07, 51.28, 26.19, 26.47, 35.85, 21.96, 23.48, 26.93, 4.17, 26.09, 23.6, 45.66, 12.63, 25.9, 17.41, 9.78, 60.04, 7.8, 33.19, 53.37, 19.84, 38.32, 25.1, 27.01, 25.56, 22.99, 28.25, 19.98, 19.9, 0.0, 32.42, 13.71, 56.2, 32.57, 26.02, 14.94, 72.83], [0.0, 43.5, 28.08, 11.41, 50.14, 26.22, 18.33, 50.34, 18.58, 25.41, 21.45, 22.11, 27.44, 9.9, 56.29, 19.74, 11.87, 5.78, 29.9, 6.53, 12.75, 36.3, 20.52, 17.83, 15.03, 32.75, 38.6, 24.65, 12.56, 35.72, 21.42, 44.38, 21.89, 24.21, 9.55, 11.68, 35.27, 20.07, 22.43, 32.42, 0.0, 19.26, 37.17, 11.94, 14.34, 40.0, 69.85], [0.0, 27.06, 33.38, 9.25, 38.23, 33.78, 17.48, 52.56, 20.17, 22.16, 11.64, 37.62, 24.38, 12.8, 44.89, 10.98, 13.22, 13.56, 10.7, 13.4, 13.93, 36.18, 10.57, 19.06, 4.66, 14.4, 47.74, 6.68, 20.15, 41.8, 9.95, 40.63, 14.88, 17.53, 11.86, 12.43, 29.9, 14.98, 10.67, 13.71, 19.26, 0.0, 44.37, 19.52, 13.03, 25.08, 72.75], [0.0, 70.85, 11.02, 43.65, 82.47, 11.17, 54.24, 16.36, 55.21, 61.28, 44.99, 21.83, 63.51, 33.64, 89.08, 34.27, 47.01, 37.71, 52.11, 40.83, 48.17, 15.59, 44.92, 54.29, 43.6, 57.42, 5.25, 50.88, 37.75, 13.61, 36.36, 80.85, 31.18, 29.68, 35.01, 46.4, 70.94, 54.61, 36.37, 56.2, 37.17, 44.37, 0.0, 37.8, 31.51, 69.4, 106.68], [0.0, 43.46, 28.76, 11.44, 49.88, 26.87, 17.93, 51.03, 18.09, 24.98, 21.74, 22.46, 26.99, 10.51, 55.99, 20.31, 11.62, 6.15, 30.12, 6.55, 12.45, 37.02, 20.79, 17.36, 15.21, 32.86, 39.18, 24.79, 12.92, 36.37, 21.95, 43.87, 22.52, 24.87, 10.1, 11.47, 34.84, 19.79, 22.97, 32.57, 11.94, 19.52, 37.8, 0.0, 14.98, 39.89, 69.17], [0.0, 40.03, 20.61, 13.41, 50.96, 20.77, 24.78, 41.08, 26.57, 31.29, 14.06, 25.95, 33.6, 4.59, 57.58, 6.13, 17.81, 10.14, 22.28, 12.88, 18.99, 25.24, 13.76, 25.48, 12.22, 26.98, 34.72, 19.69, 15.46, 29.07, 8.41, 50.84, 7.55, 9.93, 5.52, 17.0, 40.43, 24.11, 9.23, 26.02, 14.34, 13.03, 31.51, 14.98, 0.0, 38.1, 80.39], [0.0, 5.27, 58.39, 28.86, 14.39, 58.85, 24.84, 76.49, 26.97, 21.27, 24.45, 61.25, 21.48, 37.15, 20.92, 35.37, 28.57, 35.57, 18.9, 33.56, 28.04, 60.03, 24.48, 26.68, 26.8, 13.37, 72.82, 18.53, 40.43, 66.77, 33.59, 26.94, 38.93, 41.15, 35.94, 28.53, 19.1, 21.3, 33.87, 14.94, 40.0, 25.08, 69.4, 39.89, 38.1, 0.0, 61.73], [0.0, 0.0, 0.0, 0.0, 0.0, 0.0, 0.0, 0.0, 0.0, 0.0, 0.0, 0.0, 0.0, 0.0, 0.0, 0.0, 0.0, 0.0, 0.0, 0.0, 0.0, 0.0, 0.0, 0.0, 0.0, 0.0, 0.0, 0.0, 0.0, 0.0, 0.0, 0.0, 0.0, 0.0, 0.0, 0.0, 0.0, 0.0, 0.0, 0.0, 0.0, 0.0, 0.0, 0.0, 0.0, 0.0, 0.0]], "time_windows": [[0.0, 5000.0], [0.0, 113.0], [0.0, 206.0], [0.0, 302.0], [0.0, 387.0], [0.0, 530.0], [0.0, 640.0], [0.0, 738.0], [0.0, 844.0], [0.0, 860.0], [0.0, 906.0], [0.0, 972.0], [0.0, 1038.0], [0.0, 1072.0], [0.0, 1131.0], [0.0, 1187.0], [0.0, 1207.0], [0.0, 1216.0], [0.0, 1241.0], [0.0, 1264.0], [0.0, 1272.0], [0.0, 1316.0], [0.0, 1352.0], [0.0, 1372.0], [0.0, 1388.0], [0.0, 1405.0], [0.0, 1467.0], [0.0, 1521.0], [0.0, 1546.0], [0.0, 1583.0], [0.0, 1616.0], [0.0, 1667.0], [0.0, 1722.0], [0.0, 1734.0], [0.0, 1750.0], [0.0, 1762.0], [0.0, 1786.0], [0.0, 1803.0], [0.0, 1828.0], [0.0, 1848.0], [0.0, 1880.0], [0.0, 1900.0], [0.0, 1944.0], [0.0, 1982.0], [0.0, 1997.0], [0.0, 2035.0], [0.0, 5000.0]], "start_depot": 0, "end_depot": 46, "horizon": [0.0, 5000.0]}