{"digraph": {"vertex_count": 47, "arc_count": 2070, "arcs": [[0, 1, 1, 1, 1, 1, 1, 1, 1, 1, 1, 1, 1, 1, 1, 1, 1, 1, 1, 1, 1, 1, 1, 1, 1, 1, 1, 1, 1, 1, 1, 1, 1, 1, 1, 1, 1, 1, 1, 1, 1, 1, 1, 1, 1, 1, 1], [0, 0, 1, 1, 1, 1, 1, 1, 1, 1, 1, 1, 1, 1, 1, 1, 1, 1, 1, 1, 1, 1, 1, 1, 1, 1, 1, 1, 1, 1, 1, 1, 1, 1, 1, 1, 1, 1, 1, 1, 1, 1, 1, 1, 1, 1, 1], [0, 1, 0, 1, 1, 1, 1, 1, 1, 1, 1, 1, 1, 1, 1, 1, 1, 1, 1, 1, 1, 1, 1, 1, 1, 1, 1, 1, 1, 1, 1, 1, 1, 1, 1, 1, 1, 1, 1, 1, 1, 1, 1, 1, 1, 1, 1], [0, 1, 1, 0, 1, 1, 1, 1, 1, 1, 1, 1, 1, 1, 1, 1, 1, 1, 1, 1, 1, 1, 1, 1, 1, 1, 1, 1, 1, 1, 1, 1, 1, 1, 1, 1, 1, 1, 1, 1, 1, 1, 1, 1, 1, 1, 1], [0, 1, 1, 1, 0, 1, 1, 1, 1, 1, 1, 1, 1, 1, 1, 1, 1, 1, 1, 1, 1, 1, 1, 1, 1, 1, 1, 1, 1, 1, 1, 1, 1, 1, 1, 1, 1, 1, 1, 1, 1, 1, 1, 1, 1, 1, 1], [0, 1, 1, 1, 1, 0, 1, 1, 1, 1, 1, 1, 1, 1, 1, 1, 1, 1, 1, 1, 1, 1, 1, 1, 1, 1, 1, 1, 1, 1, 1, 1, 1, 1, 1, 1, 1, 1, 1, 1, 1, 1, 1, 1, 1, 1, 1], [0, 1, 1, 1, 1, 1, 0, 1, 1, 1, 1, 1, 1, 1, 1, 1, 1, 1, 1, 1, 1, 1, 1, 1, 1, 1, 1, 1, 1, 1, 1, 1, 1, 1, 1, 1, 1, 1, 1, 1, 1, 1, 1, 1, 1, 1, 1], [0, 1, 1, 1, 1, 1, 1, 0, 1, 1, 1, 1, 1, 1, 1, 1, 1, 1, 1, 1, 1, 1, 1, 1, 1, 1, 1, 1, 1, 1, 1, 1, 1, 1, 1, 1, 1, 1, 1, 1, 1, 1, 1, 1, 1, 1, 1], [0, 1, 1, 1, 1, 1, 1, 1, 0, 1, 1, 1, 1, 1, 1, 1, 1, 1, 1, 1, 1, 1, 1, 1, 1, 1, 1, 1, 1, 1, 1, 1, 1, 1, 1, 1, 1, 1, 1, 1, 1, 1, 1, 1, 1, 1, 1], [0, 1, 1, 1, 1, 1, 1, 1, 1, 0, 1, 1, 1, 1, 1, 1, 1, 1, 1, 1, 1, 1, 1, 1, 1, 1, 1, 1, 1, 1, 1, 1, 1, 1, 1, 1, 1, 1, 1, 1, 1, 1, 1, 1, 1, 1, 1], [0, 1, 1, 1, 1, 1, 1, 1, 1, 1, 0, 1, 1, 1, 1, 1, 1, 1, 1, 1, 1, 1, 1, 1, 1, 1, 1, 1, 1, 1, 1, 1, 1, 1, 1, 1, 1, 1, 1, 1, 1, 1, 1, 1, 1, 1, 1], [0, 1, 1, 1, 1, 1, 1, 1, 1, 1, 1, 0, 1, 1, 1, 1, 1, 1, 1, 1, 1, 1, 1, 1, 1, 1, 1, 1, 1, 1, 1, 1, 1, 1, 1, 1, 1, 1, 1, 1, 1, 1, 1, 1, 1, 1, 1], [0, 1, 1, 1, 1, 1, 1, 1, 1, 1, 1, 1, 0, 1, 1, 1, 1, 1, 1, 1, 1, 1, 1, 1, 1, 1, 1, 1, 1, 1, 1, 1, 1, 1, 1, 1, 1, 1, 1, 1, 1, 1, 1, 1, 1, 1, 1], [0, 1, 1, 1, 1, 1, 1, 1, 1, 1, 1, 1, 1, 0, 1, 1, 1, 1, 1, 1, 1, 1, 1, 1, 1, 1, 1, 1, 1, 1, 1, 1, 1, 1, 1, 1, 1, 1, 1, 1, 1, 1, 1, 1, 1, 1, 1], [0, 1, 1, 1, 1, 1, 1, 1, 1, 1, 1, 1, 1, 1, 0, 1, 1, 1, 1, 1, 1, 1, 1, 1, 1, 1, 1, 1, 1, 1, 1, 1, 1, 1, 1, 1, 1, 1, 1, 1, 1, 1, 1, 1, 1, 1, 1], [0, 1, 1, 1, 1, 1, 1, 1, 1, 1, 1, 1, 1, 1, 1, 0, 1, 1, 1, 1, 1, 1, 1, 1, 1, 1, 1, 1, 1, 1, 1, 1, 1, 1, 1, 1, 1, 1, 1, 1, 1, 1, 1, 1, 1, 1, 1], [0, 1, 1, 1, 1, 1, 1, 1, 1, 1, 1, 1, 1, 1, 1, 1, 0, 1, 1, 1, 1, 1, 1, 1, 1, 1, 1, 1, 1, 1, 1, 1, 1, 1, 1, 1, 1, 1, 1, 1, 1, 1, 1, 1, 1, 1, 1], [0, 1, 1, 1, 1, 1, 1, 1, 1, 1, 1, 1, 1, 1, 1, 1, 1, 0, 1, 1, 1, 1, 1, 1, 1, 1, 1, 1, 1, 1, 1, 1, 1, 1, 1, 1, 1, 1, 1, 1, 1, 1, 1, 1, 1, 1, 1], [0, 1, 1, 1, 1, 1, 1, 1, 1, 1, 1, 1, 1, 1, 1, 1, 1, 1, 0, 1, 1, 1, 1, 1, 1, 1, 1, 1, 1, 1, 1, 1, 1, 1, 1, 1, 1, 1, 1, 1, 1, 1, 1, 1, 1, 1, 1], [0, 1, 1, 1, 1, 1, 1, 1, 1, 1, 1, 1, 1, 1, 1, 1, 1, 1, 1, 0, 1, 1, 1, 1, 1, 1, 1, 1, 1, 1, 1, 1, 1, 1, 1, 1, 1, 1, 1, 1, 1, 1, 1, 1, 1, 1, 1], [0, 1, 1, 1, 1, 1, 1, 1, 1, 1, 1, 1, 1, 1, 1, 1, 1, 1, 1, 1, 0, 1, 1, 1, 1, 1, 1, 1, 1, 1, 1, 1, 1, 1, 1, 1, 1, 1, 1, 1, 1, 1, 1, 1, 1, 1, 1], [0, 1, 1, 1, 1, 1, 1, 1, 1, 1, 1, 1, 1, 1, 1, 1, 1, 1, 1, 1, 1, 0, 1, 1, 1, 1, 1, 1, 1, 1, 1, 1, 1, 1, 1, 1, 1, 1, 1, 1, 1, 1, 1, 1, 1, 1, 1], [0, 1, 1, 1, 1, 1, 1, 1, 1, 1, 1, 1, 1, 1, 1, 1, 1, 1, 1, 1, 1, 1, 0, 1, 1, 1, 1, 1, 1, 1, 1, 1, 1, 1, 1, 1, 1, 1, 1, 1, 1, 1, 1, 1, 1, 1, 1], [0, 1, 1, 1, 1, 1, 1, 1, 1, 1, 1, 1, 1, 1, 1, 1, 1, 1, 1, 1, 1, 1, 1, 0, 1, 1, 1, 1, 1, 1, 1, 1, 1, 1, 1, 1, 1, 1, 1, 1, 1, 1, 1, 1, 1, 1, 1], [0, 1, 1, 1, 1, 1, 1, 1, 1, 1, 1, 1, 1, 1, 1, 1, 1, 1, 1, 1, 1, 1, 1, 1, 0, 1, 1, 1, 1, 1, 1, 1, 1, 1, 1, 1, 1, 1, 1, 1, 1, 1, 1, 1, 1, 1, 1], [0, 1, 1, 1, 1, 1, 1, 1, 1, 1, 1, 1, 1, 1, 1, 1, 1, 1, 1, 1, 1, 1, 1, 1, 1, 0, 1, 1, 1, 1, 1, 1, 1, 1, 1, 1, 1, 1, 1, 1, 1, 1, 1, 1, 1, 1, 1], [0, 1, 1, 1, 1, 1, 1, 1, 1, 1, 1, 1, 1, 1, 1, 1, 1, 1, 1, 1, 1, 1, 1, 1, 1, 1, 0, 1, 1, 1, 1, 1, 1, 1, 1, 1, 1, 1, 1, 1, 1, 1, 1, 1, 1, 1, 1], [0, 1, 1, 1, 1, 1, 1, 1, 1, 1, 1, 1, 1, 1, 1, 1, 1, 1, 1, 1, 1, 1, 1, 1, 1, 1, 1, 0, 1, 1, 1, 1, 1, 1, 1, 1, 1, 1, 1, 1, 1, 1, 1, 1, 1, 1, 1], [0, 1, 1, 1, 1, 1, 1, 1, 1, 1, 1, 1, 1, 1, 1, 1, 1, 1, 1, 1, 1, 1, 1, 1, 1, 1, 1, 1, 0, 1, 1, 1, 1, 1, 1, 1, 1, 1, 1, 1, 1, 1, 1, 1, 1, 1, 1], [0, 1, 1, 1, 1, 1, 1, 1, 1, 1, 1, 1, 1, 1, 1, 1, 1, 1, 1, 1, 1, 1, 1, 1, 1, 1, 1, 1, 1, 0, 1, 1, 1, 1, 1, 1, 1, 1, 1, 1, 1, 1, 1, 1, 1, 1, 1], [0, 1, 1, 1, 1, 1, 1, 1, 1, 1, 1, 1, 1, 1, 1, 1, 1, 1, 1, 1, 1, 1, 1, 1, 1, 1, 1, 1, 1, 1, 0, 1, 1, 1, 1, 1, 1, 1, 1, 1, 1, 1, 1, 1, 1, 1, 1], [0, 1, 1, 1, 1, 1, 1, 1, 1, 1, 1, 1, 1, 1, 1, 1, 1, 1, 1, 1, 1, 1, 1, 1, 1, 1, 1, 1, 1, 1, 1, 0, 1, 1, 1, 1, 1, 1, 1, 1, 1, 1, 1, 1, 1, 1, 1], [0, 1, 1, 1, 1, 1, 1, 1, 1, 1, 1, 1, 1, 1, 1, 1, 1, 1, 1, 1, 1, 1, 1, 1, 1, 1, 1, 1, 1, 1, 1, 1, 0, 1, 1, 1, 1, 1, 1, 1, 1, 1, 1, 1, 1, 1, 1], [0, 1, 1, 1, 1, 1, 1, 1, 1, 1, 1, 1, 1, 1, 1, 1, 1, 1, 1, 1, 1, 1, 1, 1, 1, 1, 1, 1, 1, 1, 1, 1, 1, 0, 1, 1, 1, 1, 1, 1, 1, 1, 1, 1, 1, 1, 1], [0, 1, 1, 1, 1, 1, 1, 1, 1, 1, 1, 1, 1, 1, 1, 1, 1, 1, 1, 1, 1, 1, 1, 1, 1, 1, 1, 1, 1, 1, 1, 1, 1, 1, 0, 1, 1, 1, 1, 1, 1, 1, 1, 1, 1, 1, 1], [0, 1, 1, 1, 1, 1, 1, 1, 1, 1, 1, 1, 1, 1, 1, 1, 1, 1, 1, 1, 1, 1, 1, 1, 1, 1, 1, 1, 1, 1, 1, 1, 1, 1, 1, 0, 1, 1, 1, 1, 1, 1, 1, 1, 1, 1, 1], [0, 1, 1, 1, 1, 1, 1, 1, 1, 1, 1, 1, 1, 1, 1, 1, 1, 1, 1, 1, 1, 1, 1, 1, 1, 1, 1, 1, 1, 1, 1, 1, 1, 1, 1, 1, 0, 1, 1, 1, 1, 1, 1, 1, 1, 1, 1], [0, 1, 1, 1, 1, 1, 1, 1, 1, 1, 1, 1, 1, 1, 1, 1, 1, 1, 1, 1, 1, 1, 1, 1, 1, 1, 1, 1, 1, 1, 1, 1, 1, 1, 1, 1, 1, 0, 1, 1, 1, 1, 1, 1, 1, 1, 1], [0, 1, 1, 1, 1, 1, 1, 1, 1, 1, 1, 1, 1, 1, 1, 1, 1, 1, 1, 1, 1, 1, 1, 1, 1, 1, 1, 1, 1, 1, 1, 1, 1, 1, 1, 1, 1, 1, 0, 1, 1, 1, 1, 1, 1, 1, 1], [0, 1, 1, 1, 1, 1, 1, 1, 1, 1, 1, 1, 1, 1, 1, 1, 1, 1, 1, 1, 1, 1, 1, 1, 1, 1, 1, 1, 1, 1, 1, 1, 1, 1, 1, 1, 1, 1, 1, 0, 1, 1, 1, 1, 1, 1, 1], [0, 1, 1, 1, 1, 1, 1, 1, 1, 1, 1, 1, 1, 1, 1, 1, 1, 1, 1, 1, 1, 1, 1, 1, 1, 1, 1, 1, 1, 1, 1, 1, 1, 1, 1, 1, 1, 1, 1, 1, 0, 1, 1, 1, 1, 1, 1], [0, 1, 1, 1, 1, 1, 1, 1, 1, 1, 1, 1, 1, 1, 1, 1, 1, 1, 1, 1, 1, 1, 1, 1, 1, 1, 1, 1, 1, 1, 1, 1, 1, 1, 1, 1, 1, 1, 1, 1, 1, 0, 1, 1, 1, 1, 1], [0, 1, 1, 1, 1, 1, 1, 1, 1, 1, 1, 1, 1, 1, 1, 1, 1, 1, 1, 1, 1, 1, 1, 1, 1, 1, 1, 1, 1, 1, 1, 1, 1, 1, 1, 1, 1, 1, 1, 1, 1, 1, 0, 1, 1, 1, 1], [0, 1, 1, 1, 1, 1, 1, 1, 1, 1, 1, 1, 1, 1, 1, 1, 1, 1, 1, 1, 1, 1, 1, 1, 1, 1, 1, 1, 1, 1, 1, 1, 1, 1, 1, 1, 1, 1, 1, 1, 1, 1, 1, 0, 1, 1, 1], [0, 1, 1, 1, 1, 1, 1, 1, 1, 1, 1, 1, 1, 1, 1, 1, 1, 1, 1, 1, 1, 1, 1, 1, 1, 1, 1, 1, 1, 1, 1, 1, 1, 1, 1, 1, 1, 1, 1, 1, 1, 1, 1, 1, 0, 1, 1], [0, 1, 1, 1, 1, 1, 1, 1, 1, 1, 1, 1, 1, 1, 1, 1, 1, 1, 1, 1, 1, 1, 1, 1, 1, 1, 1, 1, 1, 1, 1, 1, 1, 1, 1, 1, 1, 1, 1, 1, 1, 1, 1, 1, 1, 0, 1], [0, 0, 0, 0, 0, 0, 0, 0, 0, 0, 0, 0, 0, 0, 0, 0, 0, 0, 0, 0, 0, 0, 0, 0, 0, 0, 0, 0, 0, 0, 0, 0, 0, 0, 0, 0, 0, 0, 0, 0, 0, 0, 0, 0, 0, 0, 0]]}, "cluster_count": 3, "cluster_speeds": [[0.7400000000000001, 0.68, 0.7400000000000001, 0.8, 0.666, 0.6120000000000001, 0.666, 0.7200000000000001, 0.37000000000000005, 0.34, 0.37000000000000005, 0.4, 0.24420000000000003, 0.22440000000000004, 0.24420000000000003, 0.264, 0.296, 0.272, 0.296, 0.32000000000000006, 0.44400000000000006, 0.40800000000000003, 0.44400000000000006, 0.48, 0.6475, 0.595, 0.6475, 0.7, 0.37, 0.34, 0.37, 0.4, 0.30525, 0.2805, 0.30525, 0.33, 0.4625, 0.425, 0.4625, 0.5, 0.6475, 0.595, 0.6475, 0.7, 0.74, 0.68, 0.74, 0.8, 0.518, 0.476, 0.518, 0.5599999999999999, 0.37000000000000005, 0.34, 0.37000000000000005, 0.4, 0.44400000000000006, 0.40800000000000003, 0.44400000000000006, 0.48, 0.518, 0.476, 0.518, 0.5599999999999999, 0.666, 0.6120000000000001, 0.666, 0.7200000000000001, 0.7400000000000001, 0.68, 0.7400000000000001, 0.8, 0.8], [0.8325, 0.765, 0.8325, 0.9, 0.7492500000000001, 0.6885, 0.7492500000000001, 0.81, 0.41625, 0.3825, 0.41625, 0.45, 0.27472500000000005, 0.25245, 0.27472500000000005, 0.29700000000000004, 0.333, 0.30600000000000005, 0.333, 0.36000000000000004, 0.49950000000000006, 0.459, 0.49950000000000006, 0.54, 0.6475, 0.595, 0.6475, 0.7, 0.37, 0.34, 0.37, 0.4, 0.30525, 0.2805, 0.30525, 0.33, 0.4625, 0.425, 0.4625, 0.5, 0.6475, 0.595, 0.6475, 0.7, 0.74, 0.68, 0.74, 0.8, 0.58275, 0.5355, 0.58275, 0.63, 0.41625, 0.3825, 0.41625, 0.45, 0.49950000000000006, 0.459, 0.49950000000000006, 0.54, 0.58275, 0.5355, 0.58275, 0.63, 0.7492500000000001, 0.6885, 0.7492500000000001, 0.81, 0.8325, 0.765, 0.8325, 0.9, 0.9], [0.925, 0.85, 0.925, 1.0, 0.8325, 0.765, 0.8325, 0.9, 0.4625, 0.425, 0.4625, 0.5, 0.30525, 0.2805, 0.30525, 0.33, 0.37, 0.34, 0.37, 0.4, 0.555, 0.51, 0.555, 0.6, 0.6475, 0.595, 0.6475, 0.7, 0.37, 0.34, 0.37, 0.4, 0.30525, 0.2805, 0.30525, 0.33, 0.4625, 0.425, 0.4625, 0.5, 0.6475, 0.595, 0.6475, 0.7, 0.74, 0.68, 0.74, 0.8, 0.6475, 0.595, 0.6475, 0.7, 0.4625, 0.425, 0.4625, 0.5, 0.555, 0.51, 0.555, 0.6, 0.6475, 0.595, 0.6475, 0.7, 0.8325, 0.765, 0.8325, 0.9, 0.925, 0.85, 0.925, 1.0, 1.0]], "clusters": [[-1, 2, 2, 2, 2, 2, 2, 2, 2, 2, 2, 2, 2, 2, 2, 2, 2, 2, 2, 2, 2, 2, 2, 2, 2, 2, 2, 2, 2, 2, 2, 2, 2, 2, 2, 2, 2, 2, 2, 2, 2, 2, 2, 2, 2, 2, 2], [0, -1, 0, 0, 0, 0, 0, 0, 0, 0, 0, 0, 0, 0, 0, 0, 0, 0, 0, 0, 0, 0, 0, 0, 0, 0, 0, 0, 0, 0, 0, 0, 0, 0, 0, 0, 0, 0, 0, 0, 0, 0, 0, 0, 0, 0, 0], [0, 0, -1, 0, 0, 0, 0, 0, 0, 0, 0, 0, 0, 0, 0, 0, 0, 0, 0, 0, 0, 0, 0, 0, 0, 0, 0, 0, 0, 0, 0, 0, 0, 0, 0, 0, 0, 0, 0, 0, 0, 0, 0, 0, 0, 0, 0], [0, 0, 0, -1, 0, 0, 0, 0, 0, 0, 0, 0, 0, 0, 0, 0, 0, 0, 0, 0, 0, 0, 0, 0, 0, 0, 0, 0, 0, 0, 0, 0, 0, 0, 0, 0, 0, 0, 0, 0, 0, 0, 0, 0, 0, 0, 0], [0, 0, 0, 0, -1, 0, 0, 0, 0, 0, 0, 0, 0, 0, 0, 0, 0, 0, 0, 0, 0, 0, 0, 0, 0, 0, 0, 0, 0, 0, 0, 0, 0, 0, 0, 0, 0, 0, 0, 0, 0, 0, 0, 0, 0, 0, 0], [0, 0, 0, 0, 0, -1, 0, 0, 0, 0, 0, 0, 0, 0, 0, 0, 0, 0, 0, 0, 0, 0, 0, 0, 0, 0, 0, 0, 0, 0, 0, 0, 0, 0, 0, 0, 0, 0, 0, 0, 0, 0, 0, 0, 0, 0, 0], [0, 0, 0, 0, 0, 0, -1, 0, 0, 0, 0, 0, 0, 0, 0, 0, 0, 0, 0, 0, 0, 0, 0, 0, 0, 0, 0, 0, 0, 0, 0, 0, 0, 0, 0, 0, 0, 0, 0, 0, 0, 0, 0, 0, 0, 0, 0], [0, 0, 0, 0, 0, 0, 0, -1, 0, 0, 0, 0, 0, 0, 0, 0, 0, 0, 0, 0, 0, 0, 0, 0, 0, 0, 0, 0, 0, 0, 0, 0, 0, 0, 0, 0, 0, 0, 0, 0, 0, 0, 0, 0, 0, 0, 0], [0, 0, 0, 0, 0, 0, 0, 0, -1, 0, 0, 0, 0, 0, 0, 0, 0, 0, 0, 0, 0, 0, 0, 0, 0, 0, 0, 0, 0, 0, 0, 0, 0, 0, 0, 0, 0, 0, 0, 0, 0, 0, 0, 0, 0, 0, 0], [0, 0, 0, 0, 0, 0, 0, 0, 0, -1, 0, 0, 0, 0, 0, 0, 0, 0, 0, 0, 0, 0, 0, 0, 0, 0, 0, 0, 0, 0, 0, 0, 0, 0, 0, 0, 0, 0, 0, 0, 0, 0, 0, 0, 0, 0, 0], [0, 0, 0, 0, 0, 0, 0, 0, 0, 0, -1, 0, 0, 0, 0, 0, 0, 0, 0, 0, 0, 0, 0, 0, 0, 0, 0, 0, 0, 0, 0, 0, 0, 0, 0, 0, 0, 0, 0, 0, 0, 0, 0, 0, 0, 0, 0], [0, 0, 0, 0, 0, 0, 0, 0, 0, 0, 0, -1, 0, 0, 0, 0, 0, 0, 0, 0, 0, 0, 0, 0, 0, 0, 0, 0, 0, 0, 0, 0, 0, 0, 0, 0, 0, 0, 0, 0, 0, 0, 0, 0, 0, 0, 0], [0, 0, 0, 0, 0, 0, 0, 0, 0, 0, 0, 0, -1, 0, 0, 0, 0, 0, 0, 0, 0, 0, 0, 0, 0, 0, 0, 0, 0, 0, 0, 0, 0, 0, 0, 0, 0, 0, 0, 0, 0, 0, 0, 0, 0, 0, 0], [0, 0, 0, 0, 0, 0, 0, 0, 0, 0, 0, 0, 0, -1, 0, 0, 0, 0, 0, 0, 0, 0, 0, 0, 0, 0, 0, 0, 0, 0, 0, 0, 0, 0, 0, 0, 0, 0, 0, 0, 0, 0, 0, 0, 0, 0, 0], [0, 0, 0, 0, 0, 0, 0, 0, 0, 0, 0, 0, 0, 0, -1, 0, 0, 0, 0, 0, 0, 0, 0, 0, 0, 0, 0, 0, 0, 0, 0, 0, 0, 0, 0, 0, 0, 0, 0, 0, 0, 0, 0, 0, 0, 0, 0], [0, 0, 0, 0, 0, 0, 0, 0, 0, 0, 0, 0, 0, 0, 0, -1, 0, 0, 0, 0, 0, 0, 0, 0, 0, 0, 0, 0, 0, 0, 0, 0, 0, 0, 0, 0, 0, 0, 0, 0, 0, 0, 0, 0, 0, 0, 0], [0, 0, 0, 0, 0, 0, 0, 0, 0, 0, 0, 0, 0, 0, 0, 0, -1, 0, 0, 0, 0, 0, 0, 0, 0, 0, 0, 0, 0, 0, 0, 0, 0, 0, 0, 0, 0, 0, 0, 0, 0, 0, 0, 0, 0, 0, 0], [0, 0, 0, 0, 0, 0, 0, 0, 0, 0, 0, 0, 0, 0, 0, 0, 0, -1, 0, 0, 0, 0, 0, 0, 0, 0, 0, 0, 0, 0, 0, 0, 0, 0, 0, 0, 0, 0, 0, 0, 0, 0, 0, 0, 0, 0, 0], [1, 1, 1, 1, 1, 1, 1, 1, 1, 1, 1, 1, 1, 1, 1, 1, 1, 1, -1, 1, 1, 1, 1, 1, 1, 1, 1, 1, 1, 1, 1, 1, 1, 1, 1, 1, 1, 1, 1, 1, 1, 1, 1, 1, 1, 1, 1], [0, 0, 0, 0, 0, 0, 0, 0, 0, 0, 0, 0, 0, 0, 0, 0, 0, 0, 0, -1, 0, 0, 0, 0, 0, 0, 0, 0, 0, 0, 0, 0, 0, 0, 0, 0, 0, 0, 0, 0, 0, 0, 0, 0, 0, 0, 0], [0, 0, 0, 0, 0, 0, 0, 0, 0, 0, 0, 0, 0, 0, 0, 0, 0, 0, 0, 0, -1, 0, 0, 0, 0, 0, 0, 0, 0, 0, 0, 0, 0, 0, 0, 0, 0, 0, 0, 0, 0, 0, 0, 0, 0, 0, 0], [0, 0, 0, 0, 0, 0, 0, 0, 0, 0, 0, 0, 0, 0, 0, 0, 0, 0, 0, 0, 0, -1, 0, 0, 0, 0, 0, 0, 0, 0, 0, 0, 0, 0, 0, 0, 0, 0, 0, 0, 0, 0, 0, 0, 0, 0, 0], [0, 0, 0, 0, 0, 0, 0, 0, 0, 0, 0, 0, 0, 0, 0, 0, 0, 0, 0, 0, 0, 0, -1, 0, 0, 0, 0, 0, 0, 0, 0, 0, 0, 0, 0, 0, 0, 0, 0, 0, 0, 0, 0, 0, 0, 0, 0], [0, 0, 0, 0, 0, 0, 0, 0, 0, 0, 0, 0, 0, 0, 0, 0, 0, 0, 0, 0, 0, 0, 0, -1, 0, 0, 0, 0, 0, 0, 0, 0, 0, 0, 0, 0, 0, 0, 0, 0, 0, 0, 0, 0, 0, 0, 0], [0, 0, 0, 0, 0, 0, 0, 0, 0, 0, 0, 0, 0, 0, 0, 0, 0, 0, 0, 0, 0, 0, 0, 0, -1, 0, 0, 0, 0, 0, 0, 0, 0, 0, 0, 0, 0, 0, 0, 0, 0, 0, 0, 0, 0, 0, 0], [0, 0, 0, 0, 0, 0, 0, 0, 0, 0, 0, 0, 0, 0, 0, 0, 0, 0, 0, 0, 0, 0, 0, 0, 0, -1, 0, 0, 0, 0, 0, 0, 0, 0, 0, 0, 0, 0, 0, 0, 0, 0, 0, 0, 0, 0, 0], [1, 1, 1, 1, 1, 1, 1, 1, 1, 1, 1, 1, 1, 1, 1, 1, 1, 1, 1, 1, 1, 1, 1, 1, 1, 1, -1, 1, 1, 1, 1, 1, 1, 1, 1, 1, 1, 1, 1, 1, 1, 1, 1, 1, 1, 1, 1], [0, 0, 0, 0, 0, 0, 0, 0, 0, 0, 0, 0, 0, 0, 0, 0, 0, 0, 0, 0, 0, 0, 0, 0, 0, 0, 0, -1, 0, 0, 0, 0, 0, 0, 0, 0, 0, 0, 0, 0, 0, 0, 0, 0, 0, 0, 0], [0, 0, 0, 0, 0, 0, 0, 0, 0, 0, 0, 0, 0, 0, 0, 0, 0, 0, 0, 0, 0, 0, 0, 0, 0, 0, 0, 0, -1, 0, 0, 0, 0, 0, 0, 0, 0, 0, 0, 0, 0, 0, 0, 0, 0, 0, 0], [0, 0, 0, 0, 0, 0, 0, 0, 0, 0, 0, 0, 0, 0, 0, 0, 0, 0, 0, 0, 0, 0, 0, 0, 0, 0, 0, 0, 0, -1, 0, 0, 0, 0, 0, 0, 0, 0, 0, 0, 0, 0, 0, 0, 0, 0, 0], [0, 0, 0, 0, 0, 0, 0, 0, 0, 0, 0, 0, 0, 0, 0, 0, 0, 0, 0, 0, 0, 0, 0, 0, 0, 0, 0, 0, 0, 0, -1, 0, 0, 0, 0, 0, 0, 0, 0, 0, 0, 0, 0, 0, 0, 0, 0], [0, 0, 0, 0, 0, 0, 0, 0, 0, 0, 0, 0, 0, 0, 0, 0, 0, 0, 0, 0, 0, 0, 0, 0, 0, 0, 0, 0, 0, 0, 0, -1, 0, 0, 0, 0, 0, 0, 0, 0, 0, 0, 0, 0, 0, 0, 0], [0, 0, 0, 0, 0, 0, 0, 0, 0, 0, 0, 0, 0, 0, 0, 0, 0, 0, 0, 0, 0, 0, 0, 0, 0, 0, 0, 0, 0, 0, 0, 0, -1, 0, 0, 0, 0, 0, 0, 0, 0, 0, 0, 0, 0, 0, 0], [1, 1, 1, 1, 1, 1, 1, 1, 1, 1, 1, 1, 1, 1, 1, 1, 1, 1, 1, 1, 1, 1, 1, 1, 1, 1, 1, 1, 1, 1, 1, 1, 1, -1, 1, 1, 1, 1, 1, 1, 1, 1, 1, 1, 1, 1, 1], [0, 0, 0, 0, 0, 0, 0, 0, 0, 0, 0, 0, 0, 0, 0, 0, 0, 0, 0, 0, 0, 0, 0, 0, 0, 0, 0, 0, 0, 0, 0, 0, 0, 0, -1, 0, 0, 0, 0, 0, 0, 0, 0, 0, 0, 0, 0], [0, 0, 0, 0, 0, 0, 0, 0, 0, 0, 0, 0, 0, 0, 0, 0, 0, 0, 0, 0, 0, 0, 0, 0, 0, 0, 0, 0, 0, 0, 0, 0, 0, 0, 0, -1, 0, 0, 0, 0, 0, 0, 0, 0, 0, 0, 0], [1, 1, 1, 1, 1, 1, 1, 1, 1, 1, 1, 1, 1, 1, 1, 1, 1, 1, 1, 1, 1, 1, 1, 1, 1, 1, 1, 1, 1, 1, 1, 1, 1, 1, 1, 1, -1, 1, 1, 1, 1, 1, 1, 1, 1, 1, 1], [0, 0, 0, 0, 0, 0, 0, 0, 0, 0, 0, 0, 0, 0, 0, 0, 0, 0, 0, 0, 0, 0, 0, 0, 0, 0, 0, 0, 0, 0, 0, 0, 0, 0, 0, 0, 0, -1, 0, 0, 0, 0, 0, 0, 0, 0, 0], [0, 0, 0, 0, 0, 0, 0, 0, 0, 0, 0, 0, 0, 0, 0, 0, 0, 0, 0, 0, 0, 0, 0, 0, 0, 0, 0, 0, 0, 0, 0, 0, 0, 0, 0, 0, 0, 0, -1, 0, 0, 0, 0, 0, 0, 0, 0], [1, 1, 1, 1, 1, 1, 1, 1, 1, 1, 1, 1, 1, 1, 1, 1, 1, 1, 1, 1, 1, 1, 1, 1, 1, 1, 1, 1, 1, 1, 1, 1, 1, 1, 1, 1, 1, 1, 1, -1, 1, 1, 1, 1, 1, 1, 1], [0, 0, 0, 0, 0, 0, 0, 0, 0, 0, 0, 0, 0, 0, 0, 0, 0, 0, 0, 0, 0, 0, 0, 0, 0, 0, 0, 0, 0, 0, 0, 0, 0, 0, 0, 0, 0, 0, 0, 0, -1, 0, 0, 0, 0, 0, 0], [0, 0, 0, 0, 0, 0, 0, 0, 0, 0, 0, 0, 0, 0, 0, 0, 0, 0, 0, 0, 0, 0, 0, 0, 0, 0, 0, 0, 0, 0, 0, 0, 0, 0, 0, 0, 0, 0, 0, 0, 0, -1, 0, 0, 0, 0, 0], [0, 0, 0, 0, 0, 0, 0, 0, 0, 0, 0, 0, 0, 0, 0, 0, 0, 0, 0, 0, 0, 0, 0, 0, 0, 0, 0, 0, 0, 0, 0, 0, 0, 0, 0, 0, 0, 0, 0, 0, 0, 0, -1, 0, 0, 0, 0], [1, 1, 1, 1, 1, 1, 1, 1, 1, 1, 1, 1, 1, 1, 1, 1, 1, 1, 1, 1, 1, 1, 1, 1, 1, 1, 1, 1, 1, 1, 1, 1, 1, 1, 1, 1, 1, 1, 1, 1, 1, 1, 1, -1, 1, 1, 1], [0, 0, 0, 0, 0, 0, 0, 0, 0, 0, 0, 0, 0, 0, 0, 0, 0, 0, 0, 0, 0, 0, 0, 0, 0, 0, 0, 0, 0, 0, 0, 0, 0, 0, 0, 0, 0, 0, 0, 0, 0, 0, 0, 0, -1, 0, 0], [0, 0, 0, 0, 0, 0, 0, 0, 0, 0, 0, 0, 0, 0, 0, 0, 0, 0, 0, 0, 0, 0, 0, 0, 0, 0, 0, 0, 0, 0, 0, 0, 0, 0, 0, 0, 0, 0, 0, 0, 0, 0, 0, 0, 0, -1, 0], [2, 2, 2, 2, 2, 2, 2, 2, 2, 2, 2, 2, 2, 2, 2, 2, 2, 2, 2, 2, 2, 2, 2, 2, 2, 2, 2, 2, 2, 2, 2, 2, 2, 2, 2, 2, 2, 2, 2, 2, 2, 2, 2, 2, 2, 2, -1]], "speed_zone_count": 73, "speed_zones": [[0.0, 15.0], [15.0, 30.0], [30.0, 45.0], [45.0, 60.0], [60.0, 75.0], [75.0, 90.0], [90.0, 105.0], [105.0, 120.0], [120.0, 135.0], [135.0, 150.0], [150.0, 165.0], [165.0, 180.0], [180.0, 195.0], [195.0, 210.0], [210.0, 225.0], [225.0, 240.0], [240.0, 255.0], [255.0, 270.0], [270.0, 285.0], [285.0, 300.0], [300.0, 315.0], [315.0, 330.0], [330.0, 345.0], [345.0, 360.0], [360.0, 375.0], [375.0, 390.0], [390.0, 405.0], [405.0, 420.0], [420.0, 435.0], [435.0, 450.0], [450.0, 465.0], [465.0, 480.0], [480.0, 495.0], [495.0, 510.0], [510.0, 525.0], [525.0, 540.0], [540.0, 555.0], [555.0, 570.0], [570.0, 585.0], [585.0, 600.0], [600.0, 615.0], [615.0, 630.0], [630.0, 645.0], [645.0, 660.0], [660.0, 675.0], [675.0, 690.0], [690.0, 705.0], [705.0, 720.0], [720.0, 735.0], [735.0, 750.0], [750.0, 765.0], [765.0, 780.0], [780.0, 795.0], [795.0, 810.0], [810.0, 825.0], [825.0, 840.0], [840.0, 855.0], [855.0, 870.0], [870.0, 885.0], [885.0, 900.0], [900.0, 915.0], [915.0, 930.0], [930.0, 945.0], [945.0, 960.0], [960.0, 975.0], [975.0, 990.0], [990.0, 1005.0], [1005.0, 1020.0], [1020.0, 1035.0], [1035.0, 1050.0], [1050.0, 1065.0], [1065.0, 1080.0], [1080.0, 5000.0]], "distances": [[0.0, 60.04, 73.97, 79.8, 71.82, 72.0, 58.58, 75.15, 67.47, 71.99, 72.76, 71.69, 75.45, 61.24, 70.5, 71.11, 84.12, 66.84, 86.5, 59.16, 81.16, 75.11, 67.31, 63.59, 72.07, 57.35, 79.14, 72.32, 70.72, 57.27, 81.62, 80.11, 69.16, 80.02, 63.3, 70.03, 63.69, 69.6, 64.53, 86.7, 59.47, 74.62, 68.31, 85.2, 70.82, 63.6, 0.0], [0.0, 0.0, 14.44, 21.31, 11.79, 11.97, 11.15, 15.11, 10.86, 14.29, 16.31, 11.76, 15.44, 6.87, 10.55, 12.25, 24.85, 7.34, 29.28, 9.01, 21.26, 15.07, 7.54, 10.49, 12.06, 12.31, 23.5, 12.38, 11.74, 11.15, 21.69, 21.33, 10.64, 23.44, 10.55, 12.11, 14.29, 9.96, 5.4, 26.9, 9.0, 18.09, 8.28, 26.55, 11.44, 4.34, 60.04], [0.0, 14.44, 0.0, 7.37, 4.21, 4.21, 17.08, 4.64, 14.33, 12.97, 7.28, 6.3, 9.29, 17.03, 4.31, 10.32, 10.41, 7.19, 15.65, 15.05, 7.41, 4.67, 9.08, 18.1, 5.37, 17.95, 12.04, 6.09, 9.17, 17.13, 7.9, 7.15, 5.23, 11.07, 18.4, 5.3, 21.77, 4.48, 11.89, 12.74, 14.9, 7.71, 6.7, 12.25, 10.59, 10.44, 73.97], [0.0, 21.31, 7.37, 0.0, 11.45, 11.4, 24.23, 10.32, 21.45, 19.39, 7.64, 13.3, 9.03, 24.39, 11.67, 17.09, 4.96, 13.99, 8.28, 21.73, 6.73, 10.37, 16.45, 25.4, 12.38, 25.0, 6.66, 12.93, 9.57, 23.88, 7.05, 9.26, 10.87, 4.94, 25.71, 9.8, 28.96, 11.54, 19.24, 8.84, 21.7, 6.22, 14.03, 5.41, 9.94, 17.06, 79.8], [0.0, 11.79, 4.21, 11.45, 0.0, 8.43, 13.85, 8.85, 10.11, 9.07, 10.7, 9.61, 11.47, 13.17, 8.52, 6.26, 13.75, 5.58, 19.71, 12.67, 9.56, 8.88, 5.21, 13.95, 9.58, 14.88, 16.2, 10.24, 4.96, 14.56, 9.97, 11.1, 6.12, 15.28, 14.26, 7.23, 17.57, 8.7, 8.19, 15.25, 12.35, 11.55, 10.29, 15.96, 12.32, 8.52, 71.82], [0.0, 11.97, 4.21, 11.4, 8.43, 0.0, 14.01, 8.85, 10.12, 8.98, 10.8, 9.73, 11.61, 13.28, 8.52, 6.2, 13.63, 5.79, 19.66, 12.86, 9.41, 8.88, 5.33, 14.0, 9.58, 15.04, 16.22, 10.3, 5.1, 14.74, 9.81, 11.04, 6.29, 15.28, 14.31, 7.38, 17.59, 8.7, 8.31, 15.1, 12.54, 11.61, 10.43, 15.87, 12.44, 8.72, 72.0], [0.0, 11.15, 17.08, 24.23, 13.85, 14.01, 0.0, 16.93, 9.89, 14.03, 19.72, 13.27, 17.49, 4.28, 12.91, 12.63, 27.41, 10.33, 32.34, 4.27, 23.41, 16.88, 8.88, 8.09, 13.79, 9.72, 26.87, 13.9, 14.77, 11.91, 23.81, 24.16, 13.87, 26.7, 8.05, 15.42, 11.46, 12.7, 5.98, 29.1, 11.54, 21.45, 10.5, 29.32, 14.29, 7.71, 58.58], [0.0, 15.11, 4.64, 10.32, 8.85, 8.85, 16.93, 0.0, 11.52, 9.07, 11.92, 10.93, 9.97, 15.72, 4.99, 6.9, 11.45, 8.95, 18.26, 16.04, 6.68, 9.3, 8.07, 15.82, 10.01, 18.03, 16.09, 10.72, 7.22, 17.88, 7.02, 9.73, 8.76, 14.82, 16.15, 9.43, 19.04, 6.49, 11.06, 12.31, 15.69, 12.26, 6.87, 13.99, 6.28, 11.94, 75.15], [0.0, 10.86, 14.33, 21.45, 10.11, 10.12, 9.89, 11.52, 0.0, 4.53, 20.18, 8.15, 12.66, 6.28, 10.49, 4.75, 22.96, 11.26, 29.63, 12.15, 17.99, 11.46, 6.3, 4.53, 9.07, 11.2, 26.25, 8.55, 14.11, 12.74, 18.24, 21.0, 14.39, 25.39, 4.87, 15.98, 7.54, 11.65, 5.84, 23.35, 11.46, 21.35, 8.91, 25.51, 13.08, 11.44, 67.47], [0.0, 14.29, 12.97, 19.39, 9.07, 8.98, 14.03, 9.07, 4.53, 0.0, 19.77, 6.85, 10.37, 10.75, 10.12, 9.28, 20.03, 12.38, 27.25, 15.56, 14.85, 9.01, 7.72, 8.84, 7.71, 15.34, 24.95, 6.91, 13.88, 16.54, 15.01, 18.79, 14.67, 23.81, 9.17, 16.05, 10.91, 11.71, 8.9, 19.82, 14.93, 20.57, 9.53, 22.77, 12.75, 13.65, 71.99], [0.0, 16.31, 7.28, 7.64, 10.7, 10.8, 19.72, 11.92, 20.18, 19.77, 0.0, 12.92, 10.78, 21.13, 9.8, 16.92, 12.57, 9.75, 13.82, 16.35, 12.52, 11.95, 14.05, 23.19, 12.08, 20.18, 7.21, 12.91, 6.07, 18.48, 13.0, 8.28, 6.1, 7.46, 23.44, 4.43, 27.16, 8.54, 16.11, 16.26, 16.53, 10.47, 11.35, 12.77, 7.14, 12.02, 72.76], [0.0, 11.76, 6.3, 13.3, 9.61, 9.73, 13.27, 10.93, 8.15, 6.85, 12.92, 0.0, 4.66, 11.95, 9.2, 9.5, 15.08, 6.72, 21.49, 12.79, 10.44, 10.96, 4.4, 12.23, 9.33, 14.42, 18.33, 9.43, 7.09, 14.49, 10.79, 12.86, 8.09, 17.34, 12.56, 9.33, 15.68, 5.17, 7.34, 16.08, 12.37, 13.76, 10.39, 17.49, 5.96, 9.17, 71.69], [0.0, 15.44, 9.29, 9.03, 11.47, 11.61, 17.49, 9.97, 12.66, 10.37, 10.78, 4.66, 0.0, 16.55, 4.98, 8.12, 10.41, 8.86, 17.03, 16.29, 5.93, 9.95, 8.73, 16.87, 10.84, 18.54, 14.77, 11.67, 6.51, 18.21, 6.32, 8.46, 8.15, 13.5, 17.2, 8.62, 20.19, 6.23, 11.73, 11.62, 15.99, 11.02, 7.16, 12.86, 5.69, 11.99, 75.45], [0.0, 6.87, 17.03, 24.39, 13.17, 13.28, 4.28, 15.72, 6.28, 10.75, 21.13, 11.95, 16.55, 0.0, 12.72, 10.08, 26.9, 11.37, 32.67, 7.95, 22.39, 15.66, 7.98, 10.81, 12.68, 5.44, 27.99, 12.53, 15.49, 7.63, 22.73, 24.16, 15.04, 27.54, 11.16, 16.7, 7.42, 13.09, 5.18, 28.02, 7.26, 22.68, 10.4, 29.12, 14.74, 9.75, 61.24], [0.0, 10.55, 4.31, 11.67, 8.52, 8.52, 12.91, 4.99, 10.49, 10.12, 9.8, 9.2, 4.98, 12.72, 0.0, 7.21, 14.5, 9.8, 19.95, 11.34, 10.71, 4.97, 4.8, 13.95, 9.68, 13.86, 15.81, 9.83, 11.49, 13.31, 11.15, 11.45, 4.65, 15.08, 14.24, 5.94, 17.75, 8.79, 7.58, 16.35, 11.08, 10.87, 10.13, 16.51, 10.68, 7.01, 70.5], [0.0, 12.25, 10.32, 17.09, 6.26, 6.2, 12.63, 6.9, 4.75, 9.28, 16.92, 9.5, 8.12, 10.08, 7.21, 0.0, 18.27, 9.52, 25.15, 13.47, 13.26, 6.84, 5.1, 9.23, 4.96, 13.91, 22.36, 4.24, 10.98, 14.72, 13.5, 16.56, 11.74, 21.31, 9.58, 13.14, 12.18, 8.78, 6.93, 18.6, 12.89, 17.81, 6.64, 20.89, 9.86, 11.03, 71.11], [0.0, 24.85, 10.41, 4.96, 13.75, 13.63, 27.41, 11.45, 22.96, 20.03, 12.57, 15.08, 10.41, 26.9, 14.5, 18.27, 0.0, 17.57, 7.89, 25.44, 5.23, 11.51, 18.96, 27.26, 14.27, 28.33, 10.48, 14.56, 13.43, 27.53, 5.19, 4.3, 14.96, 8.55, 27.59, 14.18, 30.45, 14.89, 21.93, 10.49, 25.31, 11.18, 16.92, 9.52, 13.47, 20.8, 84.12], [0.0, 7.34, 7.19, 13.99, 5.58, 5.79, 10.33, 8.95, 11.26, 12.38, 9.75, 6.72, 8.86, 11.37, 9.8, 9.52, 17.57, 0.0, 22.03, 7.87, 14.34, 8.92, 4.99, 13.62, 6.49, 11.03, 16.7, 7.18, 4.44, 9.97, 14.81, 14.0, 11.7, 16.41, 13.85, 5.33, 17.66, 9.73, 6.42, 19.87, 7.76, 11.33, 9.78, 19.21, 11.71, 10.94, 66.84], [0.0, 29.28, 15.65, 8.28, 19.71, 19.66, 32.34, 18.26, 29.63, 27.25, 13.82, 21.49, 17.03, 32.67, 19.95, 25.15, 7.89, 22.03, 0.0, 29.58, 12.91, 18.32, 24.73, 33.65, 20.59, 33.05, 7.64, 21.08, 17.58, 31.73, 12.96, 8.63, 18.65, 6.49, 33.97, 17.31, 37.16, 19.72, 27.5, 10.82, 29.62, 11.93, 22.29, 4.97, 18.09, 24.96, 86.5], [0.0, 9.01, 15.05, 21.73, 12.67, 12.86, 4.27, 16.04, 12.15, 15.56, 16.35, 12.79, 16.29, 7.95, 11.34, 13.47, 25.44, 7.87, 29.58, 0.0, 22.03, 16.0, 8.67, 11.65, 13.03, 12.86, 23.56, 13.4, 12.17, 11.49, 22.48, 21.81, 10.93, 23.61, 11.69, 12.3, 15.37, 10.58, 6.66, 27.64, 9.33, 18.17, 9.17, 27.03, 11.98, 4.67, 59.16], [0.0, 21.26, 7.41, 6.73, 9.56, 9.41, 23.41, 6.68, 17.99, 14.85, 12.52, 10.44, 5.93, 22.39, 10.71, 13.26, 5.23, 14.34, 12.91, 22.03, 0.0, 6.74, 14.65, 22.39, 9.75, 24.45, 13.38, 9.87, 10.9, 24.02, 10.42, 5.8, 12.61, 11.62, 22.73, 12.39, 25.42, 11.59, 17.65, 5.69, 21.79, 11.82, 13.01, 8.1, 10.52, 17.57, 81.16], [0.0, 15.07, 4.67, 10.37, 8.88, 8.88, 16.88, 9.3, 11.46, 9.01, 11.95, 10.96, 9.95, 15.66, 4.97, 6.84, 11.51, 8.92, 18.32, 16.0, 6.74, 0.0, 8.02, 15.76, 10.04, 17.98, 16.14, 10.75, 7.23, 17.84, 7.07, 9.79, 8.76, 14.87, 16.09, 9.44, 18.98, 6.47, 11.01, 12.37, 15.65, 12.29, 6.84, 14.05, 6.28, 11.91, 75.11], [0.0, 7.54, 9.08, 16.45, 5.21, 5.33, 8.88, 8.07, 6.3, 7.72, 14.05, 4.4, 8.73, 7.98, 4.8, 5.1, 18.96, 4.99, 24.73, 8.67, 14.65, 8.02, 0.0, 9.22, 4.93, 10.02, 20.49, 5.03, 8.04, 10.21, 15.02, 16.19, 8.12, 19.84, 9.5, 9.75, 13.13, 5.54, 11.41, 20.33, 8.17, 15.36, 9.55, 21.15, 7.11, 5.95, 67.31], [0.0, 10.49, 18.1, 25.4, 13.95, 14.0, 8.09, 15.82, 4.53, 8.84, 23.19, 12.23, 16.87, 10.81, 13.95, 9.23, 27.26, 13.62, 33.65, 11.65, 22.39, 15.76, 9.22, 0.0, 13.1, 9.22, 29.71, 12.71, 17.24, 11.45, 22.67, 25.03, 17.14, 29.03, 9.4, 18.81, 12.07, 14.75, 7.23, 27.82, 10.94, 24.56, 11.92, 29.72, 16.33, 12.7, 63.59], [0.0, 12.06, 5.37, 12.38, 9.58, 9.58, 13.79, 10.01, 9.07, 7.71, 12.08, 9.33, 10.84, 12.68, 9.68, 4.96, 14.27, 6.49, 20.59, 13.03, 9.75, 10.04, 4.93, 13.1, 0.0, 14.89, 17.41, 9.2, 6.35, 14.82, 10.11, 11.96, 7.46, 16.41, 13.43, 8.61, 16.58, 4.62, 7.92, 15.42, 12.65, 12.87, 9.65, 16.63, 5.22, 9.18, 72.07], [0.0, 12.31, 17.95, 25.0, 14.88, 15.04, 9.72, 18.03, 11.2, 15.34, 20.18, 14.42, 18.54, 5.44, 13.86, 13.91, 28.33, 11.03, 33.05, 12.86, 24.45, 17.98, 10.02, 9.22, 14.89, 0.0, 27.36, 15.04, 15.47, 13.07, 24.86, 24.97, 14.46, 27.28, 9.15, 15.96, 12.39, 13.51, 7.18, 30.13, 12.7, 21.95, 11.47, 30.16, 15.07, 8.18, 57.35], [0.0, 23.5, 12.04, 6.66, 16.2, 16.22, 26.87, 16.09, 26.25, 24.95, 7.21, 18.33, 14.77, 27.99, 15.81, 22.36, 10.48, 16.7, 7.64, 23.56, 13.38, 16.14, 20.49, 29.71, 17.41, 27.36, 0.0, 18.12, 12.53, 25.69, 13.7, 7.58, 13.05, 10.97, 29.99, 11.45, 33.56, 14.99, 22.87, 14.52, 23.73, 5.41, 17.81, 8.98, 13.38, 19.19, 79.14], [0.0, 12.38, 6.09, 12.93, 10.24, 10.3, 13.9, 10.72, 8.55, 6.91, 12.91, 9.43, 11.67, 12.53, 9.83, 4.24, 14.56, 7.18, 21.08, 13.4, 9.87, 10.75, 5.03, 12.71, 9.2, 15.04, 18.12, 0.0, 7.2, 15.12, 10.2, 12.46, 8.3, 17.08, 13.04, 9.47, 16.08, 5.44, 7.96, 15.49, 12.99, 13.67, 4.52, 17.02, 6.08, 9.73, 72.32], [0.0, 11.74, 9.17, 9.57, 4.96, 5.1, 14.77, 7.22, 14.11, 13.88, 6.07, 7.09, 6.51, 15.49, 11.49, 10.98, 13.43, 4.44, 17.58, 12.17, 10.9, 7.23, 8.04, 17.24, 6.35, 15.47, 12.53, 7.2, 0.0, 14.31, 11.39, 9.64, 10.81, 12.07, 17.51, 9.77, 21.17, 10.96, 10.34, 16.11, 12.13, 7.32, 5.33, 14.87, 9.76, 7.49, 70.72], [0.0, 11.15, 17.13, 23.88, 14.56, 14.74, 11.91, 17.88, 12.74, 16.54, 18.48, 14.49, 18.21, 7.63, 13.31, 14.72, 27.53, 9.97, 31.73, 11.49, 24.02, 17.84, 10.21, 11.45, 14.82, 13.07, 25.69, 15.12, 14.31, 0.0, 24.46, 23.94, 13.09, 25.76, 11.42, 14.46, 14.86, 12.65, 7.79, 29.65, 11.47, 20.31, 11.06, 29.16, 14.09, 6.81, 57.27], [0.0, 21.69, 7.9, 7.05, 9.97, 9.81, 23.81, 7.02, 18.24, 15.01, 13.0, 10.79, 6.32, 22.73, 11.15, 13.5, 5.19, 14.81, 12.96, 22.48, 10.42, 7.07, 15.02, 22.67, 10.11, 24.86, 13.7, 10.2, 11.39, 24.46, 0.0, 6.12, 13.11, 11.91, 23.01, 12.89, 25.64, 12.05, 18.02, 5.3, 22.23, 12.26, 13.44, 8.1, 11.01, 18.03, 81.62], [0.0, 21.33, 7.15, 9.26, 11.1, 11.04, 24.16, 9.73, 21.0, 18.79, 8.28, 12.86, 8.46, 24.16, 11.45, 16.56, 4.3, 14.0, 8.63, 21.81, 5.8, 9.79, 16.19, 25.03, 11.96, 24.97, 7.58, 12.46, 9.64, 23.94, 6.12, 0.0, 11.04, 5.83, 25.35, 10.08, 28.53, 11.46, 19.03, 8.05, 21.75, 6.98, 13.84, 5.22, 9.9, 17.13, 80.11], [0.0, 10.64, 5.23, 10.87, 6.12, 6.29, 13.87, 8.76, 14.39, 14.67, 6.1, 8.09, 8.15, 15.04, 4.65, 11.74, 14.96, 11.7, 18.65, 10.93, 12.61, 8.76, 8.12, 17.14, 7.46, 14.46, 13.05, 8.3, 10.81, 13.09, 13.11, 11.04, 0.0, 12.84, 17.39, 10.53, 21.15, 9.71, 10.02, 17.76, 10.97, 7.67, 5.48, 16.24, 9.91, 6.31, 69.16], [0.0, 23.44, 11.07, 4.94, 15.28, 15.28, 26.7, 14.82, 25.39, 23.81, 7.46, 17.34, 13.5, 27.54, 15.08, 21.31, 8.55, 16.41, 6.49, 23.61, 11.62, 14.87, 19.84, 29.03, 16.41, 27.28, 10.97, 17.08, 12.07, 25.76, 11.91, 5.83, 12.84, 0.0, 29.32, 11.33, 32.79, 14.45, 22.37, 12.59, 23.73, 5.56, 17.21, 7.12, 12.81, 19.11, 80.02], [0.0, 10.55, 18.4, 25.71, 14.26, 14.31, 8.05, 16.15, 4.87, 9.17, 23.44, 12.56, 17.2, 11.16, 14.24, 9.58, 27.59, 13.85, 33.97, 11.69, 22.73, 16.09, 9.5, 9.4, 13.43, 9.15, 29.99, 13.04, 17.51, 11.42, 23.01, 25.35, 17.39, 29.32, 0.0, 19.05, 12.41, 15.02, 7.45, 28.17, 10.98, 24.83, 12.19, 30.05, 16.61, 12.86, 63.3], [0.0, 12.11, 5.3, 9.8, 7.23, 7.38, 15.42, 9.43, 15.98, 16.05, 4.43, 9.33, 8.62, 16.7, 5.94, 13.14, 14.18, 5.33, 17.31, 12.3, 12.39, 9.44, 9.75, 18.81, 8.61, 15.96, 11.45, 9.47, 9.77, 14.46, 12.89, 10.08, 10.53, 11.33, 19.05, 0.0, 22.81, 4.4, 11.69, 17.25, 12.4, 6.04, 7.08, 15.21, 11.51, 7.78, 70.03], [0.0, 14.29, 21.77, 28.96, 17.57, 17.59, 11.46, 19.04, 7.54, 10.91, 27.16, 15.68, 20.19, 7.42, 17.75, 12.18, 30.45, 17.66, 37.16, 15.37, 25.42, 18.98, 13.13, 12.07, 16.58, 12.39, 33.56, 16.08, 21.17, 14.86, 25.64, 28.53, 21.15, 32.79, 12.41, 22.81, 0.0, 18.67, 11.3, 30.63, 14.68, 28.49, 15.84, 33.03, 20.22, 16.75, 63.69], [0.0, 9.96, 4.48, 11.54, 8.7, 8.7, 12.7, 6.49, 11.65, 11.71, 8.54, 5.17, 6.23, 13.09, 8.79, 8.78, 14.89, 9.73, 19.72, 10.58, 11.59, 6.47, 5.54, 14.75, 4.62, 13.51, 14.99, 5.44, 10.96, 12.65, 12.05, 11.46, 9.71, 14.45, 15.02, 4.4, 18.67, 0.0, 7.92, 17.11, 10.42, 9.82, 9.96, 16.64, 9.84, 6.01, 69.6], [0.0, 5.4, 11.89, 19.24, 8.19, 8.31, 5.98, 11.06, 5.84, 8.9, 16.11, 7.34, 11.73, 5.18, 7.58, 6.93, 21.93, 6.42, 27.5, 6.66, 17.65, 11.01, 11.41, 7.23, 7.92, 7.18, 22.87, 7.96, 10.34, 7.79, 18.02, 19.03, 10.02, 22.37, 7.45, 11.69, 11.3, 7.92, 0.0, 23.33, 6.04, 17.59, 5.22, 24.05, 9.57, 5.71, 64.53], [0.0, 26.9, 12.74, 8.84, 15.25, 15.1, 29.1, 12.31, 23.35, 19.82, 16.26, 16.08, 11.62, 28.02, 16.35, 18.6, 10.49, 19.87, 10.82, 27.64, 5.69, 12.37, 20.33, 27.82, 15.42, 30.13, 14.52, 15.49, 16.11, 29.65, 5.3, 8.05, 17.76, 12.59, 28.17, 17.25, 30.63, 17.11, 23.33, 0.0, 27.42, 15.03, 18.68, 6.12, 15.9, 23.12, 86.7], [0.0, 9.0, 14.9, 21.7, 12.35, 12.54, 11.54, 15.69, 11.46, 14.93, 16.53, 12.37, 15.99, 7.26, 11.08, 12.89, 25.31, 7.76, 29.62, 9.33, 21.79, 15.65, 8.17, 10.94, 12.65, 12.7, 23.73, 12.99, 12.13, 11.47, 22.23, 21.75, 10.97, 23.73, 10.98, 12.4, 14.68, 10.42, 6.04, 27.42, 0.0, 18.33, 8.85, 26.97, 11.87, 4.66, 59.47], [0.0, 18.09, 7.71, 6.22, 11.55, 11.61, 21.45, 12.26, 21.35, 20.57, 10.47, 13.76, 11.02, 22.68, 10.87, 17.81, 11.18, 11.33, 11.93, 18.17, 11.82, 12.29, 15.36, 24.56, 12.87, 21.95, 5.41, 13.67, 7.32, 20.31, 12.26, 6.98, 7.67, 5.56, 24.83, 6.04, 28.49, 9.82, 17.59, 15.03, 18.33, 0.0, 12.65, 11.1, 8.29, 13.77, 74.62], [0.0, 8.28, 6.7, 14.03, 10.29, 10.43, 10.5, 6.87, 8.91, 9.53, 11.35, 10.39, 7.16, 10.4, 10.13, 6.64, 16.92, 9.78, 22.29, 9.17, 13.01, 6.84, 9.55, 11.92, 9.65, 11.47, 17.81, 4.52, 5.33, 11.06, 13.44, 13.84, 5.48, 17.21, 12.19, 7.08, 15.84, 9.96, 5.22, 18.68, 8.85, 12.65, 0.0, 18.92, 4.43, 5.21, 68.31], [0.0, 26.55, 12.25, 5.41, 15.96, 15.87, 29.32, 13.99, 25.51, 22.77, 12.77, 17.49, 12.86, 29.12, 16.51, 20.89, 9.52, 19.21, 4.97, 27.03, 8.1, 14.05, 21.15, 29.72, 16.63, 30.16, 8.98, 17.02, 14.87, 29.16, 8.1, 5.22, 16.24, 7.12, 30.05, 15.21, 33.03, 16.64, 24.05, 6.12, 26.97, 11.1, 18.92, 0.0, 15.11, 22.36, 85.2], [0.0, 11.44, 10.59, 9.94, 12.32, 12.44, 14.29, 6.28, 13.08, 12.75, 7.14, 5.96, 5.69, 14.74, 10.68, 9.86, 13.47, 11.71, 18.09, 11.98, 10.52, 6.28, 7.11, 16.33, 5.22, 15.07, 13.38, 6.08, 9.76, 14.09, 11.01, 9.9, 9.91, 12.81, 16.61, 11.51, 20.22, 9.84, 9.57, 15.9, 11.87, 8.29, 4.43, 15.11, 0.0, 7.33, 70.82], [0.0, 4.34, 10.44, 17.06, 8.52, 8.72, 7.71, 11.94, 11.44, 13.65, 12.02, 9.17, 11.99, 9.75, 7.01, 11.03, 20.8, 10.94, 24.96, 4.67, 17.57, 11.91, 5.95, 12.7, 9.18, 8.18, 19.19, 9.73, 7.49, 6.81, 18.03, 17.13, 6.31, 19.11, 12.86, 7.78, 16.75, 6.01, 5.71, 23.12, 4.66, 13.77, 5.21, 22.36, 7.33, 0.0, 63.6], [0.0, 0.0, 0.0, 0.0, 0.0, 0.0, 0.0, 0.0, 0.0, 0.0, 0.0, 0.0, 0.0, 0.0, 0.0, 0.0, 0.0, 0.0, 0.0, 0.0, 0.0, 0.0, 0.0, 0.0, 0.0, 0.0, 0.0, 0.0, 0.0, 0.0, 0.0, 0.0, 0.0, 0.0, 0.0, 0.0, 0.0, 0.0, 0.0, 0.0, 0.0, 0.0, 0.0, 0.0, 0.0, 0.0, 0.0]], "time_windows": [[0.0, 5000.0], [0.0, 106.0], [0.0, 124.0], [0.0, 133.0], [0.0, 147.0], [0.0, 156.0], [0.0, 183.0], [0.0, 219.0], [0.0, 258.0], [0.0, 272.0], [0.0, 327.0], [0.0, 354.0], [0.0, 363.0], [0.0, 393.0], [0.0, 413.0], [0.0, 425.0], [0.0, 453.0], [0.0, 496.0], [0.0, 562.0], [0.0, 632.0], [0.0, 669.0], [0.0, 680.0], [0.0, 692.0], [0.0, 705.0], [0.0, 723.0], [0.0, 744.0], [0.0, 783.0], [0.0, 811.0], [0.0, 821.0], [0.0, 854.0], [0.0, 902.0], [0.0, 913.0], [0.0, 933.0], [0.0, 953.0], [0.0, 999.0], [0.0, 1022.0], [0.0, 1050.0], [0.0, 1070.0], [0.0, 1079.0], [0.0, 1105.0], [0.0, 1133.0], [0.0, 1151.0], [0.0, 1164.0], [0.0, 1183.0], [0.0, 1198.0], [0.0, 1205.0], [0.0, 5000.0]], "start_depot": 0, "end_depot": 46, "horizon": [0.0, 5000.0]}