{"digraph": {"vertex_count": 47, "arc_count": 2070, "arcs": [[0, 1, 1, 1, 1, 1, 1, 1, 1, 1, 1, 1, 1, 1, 1, 1, 1, 1, 1, 1, 1, 1, 1, 1, 1, 1, 1, 1, 1, 1, 1, 1, 1, 1, 1, 1, 1, 1, 1, 1, 1, 1, 1, 1, 1, 1, 1], [0, 0, 1, 1, 1, 1, 1, 1, 1, 1, 1, 1, 1, 1, 1, 1, 1, 1, 1, 1, 1, 1, 1, 1, 1, 1, 1, 1, 1, 1, 1, 1, 1, 1, 1, 1, 1, 1, 1, 1, 1, 1, 1, 1, 1, 1, 1], [0, 1, 0, 1, 1, 1, 1, 1, 1, 1, 1, 1, 1, 1, 1, 1, 1, 1, 1, 1, 1, 1, 1, 1, 1, 1, 1, 1, 1, 1, 1, 1, 1, 1, 1, 1, 1, 1, 1, 1, 1, 1, 1, 1, 1, 1, 1], [0, 1, 1, 0, 1, 1, 1, 1, 1, 1, 1, 1, 1, 1, 1, 1, 1, 1, 1, 1, 1, 1, 1, 1, 1, 1, 1, 1, 1, 1, 1, 1, 1, 1, 1, 1, 1, 1, 1, 1, 1, 1, 1, 1, 1, 1, 1], [0, 1, 1, 1, 0, 1, 1, 1, 1, 1, 1, 1, 1, 1, 1, 1, 1, 1, 1, 1, 1, 1, 1, 1, 1, 1, 1, 1, 1, 1, 1, 1, 1, 1, 1, 1, 1, 1, 1, 1, 1, 1, 1, 1, 1, 1, 1], [0, 1, 1, 1, 1, 0, 1, 1, 1, 1, 1, 1, 1, 1, 1, 1, 1, 1, 1, 1, 1, 1, 1, 1, 1, 1, 1, 1, 1, 1, 1, 1, 1, 1, 1, 1, 1, 1, 1, 1, 1, 1, 1, 1, 1, 1, 1], [0, 1, 1, 1, 1, 1, 0, 1, 1, 1, 1, 1, 1, 1, 1, 1, 1, 1, 1, 1, 1, 1, 1, 1, 1, 1, 1, 1, 1, 1, 1, 1, 1, 1, 1, 1, 1, 1, 1, 1, 1, 1, 1, 1, 1, 1, 1], [0, 1, 1, 1, 1, 1, 1, 0, 1, 1, 1, 1, 1, 1, 1, 1, 1, 1, 1, 1, 1, 1, 1, 1, 1, 1, 1, 1, 1, 1, 1, 1, 1, 1, 1, 1, 1, 1, 1, 1, 1, 1, 1, 1, 1, 1, 1], [0, 1, 1, 1, 1, 1, 1, 1, 0, 1, 1, 1, 1, 1, 1, 1, 1, 1, 1, 1, 1, 1, 1, 1, 1, 1, 1, 1, 1, 1, 1, 1, 1, 1, 1, 1, 1, 1, 1, 1, 1, 1, 1, 1, 1, 1, 1], [0, 1, 1, 1, 1, 1, 1, 1, 1, 0, 1, 1, 1, 1, 1, 1, 1, 1, 1, 1, 1, 1, 1, 1, 1, 1, 1, 1, 1, 1, 1, 1, 1, 1, 1, 1, 1, 1, 1, 1, 1, 1, 1, 1, 1, 1, 1], [0, 1, 1, 1, 1, 1, 1, 1, 1, 1, 0, 1, 1, 1, 1, 1, 1, 1, 1, 1, 1, 1, 1, 1, 1, 1, 1, 1, 1, 1, 1, 1, 1, 1, 1, 1, 1, 1, 1, 1, 1, 1, 1, 1, 1, 1, 1], [0, 1, 1, 1, 1, 1, 1, 1, 1, 1, 1, 0, 1, 1, 1, 1, 1, 1, 1, 1, 1, 1, 1, 1, 1, 1, 1, 1, 1, 1, 1, 1, 1, 1, 1, 1, 1, 1, 1, 1, 1, 1, 1, 1, 1, 1, 1], [0, 1, 1, 1, 1, 1, 1, 1, 1, 1, 1, 1, 0, 1, 1, 1, 1, 1, 1, 1, 1, 1, 1, 1, 1, 1, 1, 1, 1, 1, 1, 1, 1, 1, 1, 1, 1, 1, 1, 1, 1, 1, 1, 1, 1, 1, 1], [0, 1, 1, 1, 1, 1, 1, 1, 1, 1, 1, 1, 1, 0, 1, 1, 1, 1, 1, 1, 1, 1, 1, 1, 1, 1, 1, 1, 1, 1, 1, 1, 1, 1, 1, 1, 1, 1, 1, 1, 1, 1, 1, 1, 1, 1, 1], [0, 1, 1, 1, 1, 1, 1, 1, 1, 1, 1, 1, 1, 1, 0, 1, 1, 1, 1, 1, 1, 1, 1, 1, 1, 1, 1, 1, 1, 1, 1, 1, 1, 1, 1, 1, 1, 1, 1, 1, 1, 1, 1, 1, 1, 1, 1], [0, 1, 1, 1, 1, 1, 1, 1, 1, 1, 1, 1, 1, 1, 1, 0, 1, 1, 1, 1, 1, 1, 1, 1, 1, 1, 1, 1, 1, 1, 1, 1, 1, 1, 1, 1, 1, 1, 1, 1, 1, 1, 1, 1, 1, 1, 1], [0, 1, 1, 1, 1, 1, 1, 1, 1, 1, 1, 1, 1, 1, 1, 1, 0, 1, 1, 1, 1, 1, 1, 1, 1, 1, 1, 1, 1, 1, 1, 1, 1, 1, 1, 1, 1, 1, 1, 1, 1, 1, 1, 1, 1, 1, 1], [0, 1, 1, 1, 1, 1, 1, 1, 1, 1, 1, 1, 1, 1, 1, 1, 1, 0, 1, 1, 1, 1, 1, 1, 1, 1, 1, 1, 1, 1, 1, 1, 1, 1, 1, 1, 1, 1, 1, 1, 1, 1, 1, 1, 1, 1, 1], [0, 1, 1, 1, 1, 1, 1, 1, 1, 1, 1, 1, 1, 1, 1, 1, 1, 1, 0, 1, 1, 1, 1, 1, 1, 1, 1, 1, 1, 1, 1, 1, 1, 1, 1, 1, 1, 1, 1, 1, 1, 1, 1, 1, 1, 1, 1], [0, 1, 1, 1, 1, 1, 1, 1, 1, 1, 1, 1, 1, 1, 1, 1, 1, 1, 1, 0, 1, 1, 1, 1, 1, 1, 1, 1, 1, 1, 1, 1, 1, 1, 1, 1, 1, 1, 1, 1, 1, 1, 1, 1, 1, 1, 1], [0, 1, 1, 1, 1, 1, 1, 1, 1, 1, 1, 1, 1, 1, 1, 1, 1, 1, 1, 1, 0, 1, 1, 1, 1, 1, 1, 1, 1, 1, 1, 1, 1, 1, 1, 1, 1, 1, 1, 1, 1, 1, 1, 1, 1, 1, 1], [0, 1, 1, 1, 1, 1, 1, 1, 1, 1, 1, 1, 1, 1, 1, 1, 1, 1, 1, 1, 1, 0, 1, 1, 1, 1, 1, 1, 1, 1, 1, 1, 1, 1, 1, 1, 1, 1, 1, 1, 1, 1, 1, 1, 1, 1, 1], [0, 1, 1, 1, 1, 1, 1, 1, 1, 1, 1, 1, 1, 1, 1, 1, 1, 1, 1, 1, 1, 1, 0, 1, 1, 1, 1, 1, 1, 1, 1, 1, 1, 1, 1, 1, 1, 1, 1, 1, 1, 1, 1, 1, 1, 1, 1], [0, 1, 1, 1, 1, 1, 1, 1, 1, 1, 1, 1, 1, 1, 1, 1, 1, 1, 1, 1, 1, 1, 1, 0, 1, 1, 1, 1, 1, 1, 1, 1, 1, 1, 1, 1, 1, 1, 1, 1, 1, 1, 1, 1, 1, 1, 1], [0, 1, 1, 1, 1, 1, 1, 1, 1, 1, 1, 1, 1, 1, 1, 1, 1, 1, 1, 1, 1, 1, 1, 1, 0, 1, 1, 1, 1, 1, 1, 1, 1, 1, 1, 1, 1, 1, 1, 1, 1, 1, 1, 1, 1, 1, 1], [0, 1, 1, 1, 1, 1, 1, 1, 1, 1, 1, 1, 1, 1, 1, 1, 1, 1, 1, 1, 1, 1, 1, 1, 1, 0, 1, 1, 1, 1, 1, 1, 1, 1, 1, 1, 1, 1, 1, 1, 1, 1, 1, 1, 1, 1, 1], [0, 1, 1, 1, 1, 1, 1, 1, 1, 1, 1, 1, 1, 1, 1, 1, 1, 1, 1, 1, 1, 1, 1, 1, 1, 1, 0, 1, 1, 1, 1, 1, 1, 1, 1, 1, 1, 1, 1, 1, 1, 1, 1, 1, 1, 1, 1], [0, 1, 1, 1, 1, 1, 1, 1, 1, 1, 1, 1, 1, 1, 1, 1, 1, 1, 1, 1, 1, 1, 1, 1, 1, 1, 1, 0, 1, 1, 1, 1, 1, 1, 1, 1, 1, 1, 1, 1, 1, 1, 1, 1, 1, 1, 1], [0, 1, 1, 1, 1, 1, 1, 1, 1, 1, 1, 1, 1, 1, 1, 1, 1, 1, 1, 1, 1, 1, 1, 1, 1, 1, 1, 1, 0, 1, 1, 1, 1, 1, 1, 1, 1, 1, 1, 1, 1, 1, 1, 1, 1, 1, 1], [0, 1, 1, 1, 1, 1, 1, 1, 1, 1, 1, 1, 1, 1, 1, 1, 1, 1, 1, 1, 1, 1, 1, 1, 1, 1, 1, 1, 1, 0, 1, 1, 1, 1, 1, 1, 1, 1, 1, 1, 1, 1, 1, 1, 1, 1, 1], [0, 1, 1, 1, 1, 1, 1, 1, 1, 1, 1, 1, 1, 1, 1, 1, 1, 1, 1, 1, 1, 1, 1, 1, 1, 1, 1, 1, 1, 1, 0, 1, 1, 1, 1, 1, 1, 1, 1, 1, 1, 1, 1, 1, 1, 1, 1], [0, 1, 1, 1, 1, 1, 1, 1, 1, 1, 1, 1, 1, 1, 1, 1, 1, 1, 1, 1, 1, 1, 1, 1, 1, 1, 1, 1, 1, 1, 1, 0, 1, 1, 1, 1, 1, 1, 1, 1, 1, 1, 1, 1, 1, 1, 1], [0, 1, 1, 1, 1, 1, 1, 1, 1, 1, 1, 1, 1, 1, 1, 1, 1, 1, 1, 1, 1, 1, 1, 1, 1, 1, 1, 1, 1, 1, 1, 1, 0, 1, 1, 1, 1, 1, 1, 1, 1, 1, 1, 1, 1, 1, 1], [0, 1, 1, 1, 1, 1, 1, 1, 1, 1, 1, 1, 1, 1, 1, 1, 1, 1, 1, 1, 1, 1, 1, 1, 1, 1, 1, 1, 1, 1, 1, 1, 1, 0, 1, 1, 1, 1, 1, 1, 1, 1, 1, 1, 1, 1, 1], [0, 1, 1, 1, 1, 1, 1, 1, 1, 1, 1, 1, 1, 1, 1, 1, 1, 1, 1, 1, 1, 1, 1, 1, 1, 1, 1, 1, 1, 1, 1, 1, 1, 1, 0, 1, 1, 1, 1, 1, 1, 1, 1, 1, 1, 1, 1], [0, 1, 1, 1, 1, 1, 1, 1, 1, 1, 1, 1, 1, 1, 1, 1, 1, 1, 1, 1, 1, 1, 1, 1, 1, 1, 1, 1, 1, 1, 1, 1, 1, 1, 1, 0, 1, 1, 1, 1, 1, 1, 1, 1, 1, 1, 1], [0, 1, 1, 1, 1, 1, 1, 1, 1, 1, 1, 1, 1, 1, 1, 1, 1, 1, 1, 1, 1, 1, 1, 1, 1, 1, 1, 1, 1, 1, 1, 1, 1, 1, 1, 1, 0, 1, 1, 1, 1, 1, 1, 1, 1, 1, 1], [0, 1, 1, 1, 1, 1, 1, 1, 1, 1, 1, 1, 1, 1, 1, 1, 1, 1, 1, 1, 1, 1, 1, 1, 1, 1, 1, 1, 1, 1, 1, 1, 1, 1, 1, 1, 1, 0, 1, 1, 1, 1, 1, 1, 1, 1, 1], [0, 1, 1, 1, 1, 1, 1, 1, 1, 1, 1, 1, 1, 1, 1, 1, 1, 1, 1, 1, 1, 1, 1, 1, 1, 1, 1, 1, 1, 1, 1, 1, 1, 1, 1, 1, 1, 1, 0, 1, 1, 1, 1, 1, 1, 1, 1], [0, 1, 1, 1, 1, 1, 1, 1, 1, 1, 1, 1, 1, 1, 1, 1, 1, 1, 1, 1, 1, 1, 1, 1, 1, 1, 1, 1, 1, 1, 1, 1, 1, 1, 1, 1, 1, 1, 1, 0, 1, 1, 1, 1, 1, 1, 1], [0, 1, 1, 1, 1, 1, 1, 1, 1, 1, 1, 1, 1, 1, 1, 1, 1, 1, 1, 1, 1, 1, 1, 1, 1, 1, 1, 1, 1, 1, 1, 1, 1, 1, 1, 1, 1, 1, 1, 1, 0, 1, 1, 1, 1, 1, 1], [0, 1, 1, 1, 1, 1, 1, 1, 1, 1, 1, 1, 1, 1, 1, 1, 1, 1, 1, 1, 1, 1, 1, 1, 1, 1, 1, 1, 1, 1, 1, 1, 1, 1, 1, 1, 1, 1, 1, 1, 1, 0, 1, 1, 1, 1, 1], [0, 1, 1, 1, 1, 1, 1, 1, 1, 1, 1, 1, 1, 1, 1, 1, 1, 1, 1, 1, 1, 1, 1, 1, 1, 1, 1, 1, 1, 1, 1, 1, 1, 1, 1, 1, 1, 1, 1, 1, 1, 1, 0, 1, 1, 1, 1], [0, 1, 1, 1, 1, 1, 1, 1, 1, 1, 1, 1, 1, 1, 1, 1, 1, 1, 1, 1, 1, 1, 1, 1, 1, 1, 1, 1, 1, 1, 1, 1, 1, 1, 1, 1, 1, 1, 1, 1, 1, 1, 1, 0, 1, 1, 1], [0, 1, 1, 1, 1, 1, 1, 1, 1, 1, 1, 1, 1, 1, 1, 1, 1, 1, 1, 1, 1, 1, 1, 1, 1, 1, 1, 1, 1, 1, 1, 1, 1, 1, 1, 1, 1, 1, 1, 1, 1, 1, 1, 1, 0, 1, 1], [0, 1, 1, 1, 1, 1, 1, 1, 1, 1, 1, 1, 1, 1, 1, 1, 1, 1, 1, 1, 1, 1, 1, 1, 1, 1, 1, 1, 1, 1, 1, 1, 1, 1, 1, 1, 1, 1, 1, 1, 1, 1, 1, 1, 1, 0, 1], [0, 0, 0, 0, 0, 0, 0, 0, 0, 0, 0, 0, 0, 0, 0, 0, 0, 0, 0, 0, 0, 0, 0, 0, 0, 0, 0, 0, 0, 0, 0, 0, 0, 0, 0, 0, 0, 0, 0, 0, 0, 0, 0, 0, 0, 0, 0]]}, "cluster_count": 3, "cluster_speeds": [[0.7400000000000001, 0.68, 0.7400000000000001, 0.8, 0.666, 0.6120000000000001, 0.666, 0.7200000000000001, 0.37000000000000005, 0.34, 0.37000000000000005, 0.4, 0.24420000000000003, 0.22440000000000004, 0.24420000000000003, 0.264, 0.296, 0.272, 0.296, 0.32000000000000006, 0.44400000000000006, 0.40800000000000003, 0.44400000000000006, 0.48, 0.6475, 0.595, 0.6475, 0.7, 0.37, 0.34, 0.37, 0.4, 0.30525, 0.2805, 0.30525, 0.33, 0.4625, 0.425, 0.4625, 0.5, 0.6475, 0.595, 0.6475, 0.7, 0.74, 0.68, 0.74, 0.8, 0.518, 0.476, 0.518, 0.5599999999999999, 0.37000000000000005, 0.34, 0.37000000000000005, 0.4, 0.44400000000000006, 0.40800000000000003, 0.44400000000000006, 0.48, 0.518, 0.476, 0.518, 0.5599999999999999, 0.666, 0.6120000000000001, 0.666, 0.7200000000000001, 0.7400000000000001, 0.68, 0.7400000000000001, 0.8, 0.8], [0.8325, 0.765, 0.8325, 0.9, 0.7492500000000001, 0.6885, 0.7492500000000001, 0.81, 0.41625, 0.3825, 0.41625, 0.45, 0.27472500000000005, 0.25245, 0.27472500000000005, 0.29700000000000004, 0.333, 0.30600000000000005, 0.333, 0.36000000000000004, 0.49950000000000006, 0.459, 0.49950000000000006, 0.54, 0.6475, 0.595, 0.6475, 0.7, 0.37, 0.34, 0.37, 0.4, 0.30525, 0.2805, 0.30525, 0.33, 0.4625, 0.425, 0.4625, 0.5, 0.6475, 0.595, 0.6475, 0.7, 0.74, 0.68, 0.74, 0.8, 0.58275, 0.5355, 0.58275, 0.63, 0.41625, 0.3825, 0.41625, 0.45, 0.49950000000000006, 0.459, 0.49950000000000006, 0.54, 0.58275, 0.5355, 0.58275, 0.63, 0.7492500000000001, 0.6885, 0.7492500000000001, 0.81, 0.8325, 0.765, 0.8325, 0.9, 0.9], [0.925, 0.85, 0.925, 1.0, 0.8325, 0.765, 0.8325, 0.9, 0.4625, 0.425, 0.4625, 0.5, 0.30525, 0.2805, 0.30525, 0.33, 0.37, 0.34, 0.37, 0.4, 0.555, 0.51, 0.555, 0.6, 0.6475, 0.595, 0.6475, 0.7, 0.37, 0.34, 0.37, 0.4, 0.30525, 0.2805, 0.30525, 0.33, 0.4625, 0.425, 0.4625, 0.5, 0.6475, 0.595, 0.6475, 0.7, 0.74, 0.68, 0.74, 0.8, 0.6475, 0.595, 0.6475, 0.7, 0.4625, 0.425, 0.4625, 0.5, 0.555, 0.51, 0.555, 0.6, 0.6475, 0.595, 0.6475, 0.7, 0.8325, 0.765, 0.8325, 0.9, 0.925, 0.85, 0.925, 1.0, 1.0]], "clusters": [[-1, 2, 2, 2, 2, 2, 2, 2, 2, 2, 2, 2, 2, 2, 2, 2, 2, 2, 2, 2, 2, 2, 2, 2, 2, 2, 2, 2, 2, 2, 2, 2, 2, 2, 2, 2, 2, 2, 2, 2, 2, 2, 2, 2, 2, 2, 2], [0, -1, 0, 0, 0, 0, 0, 0, 0, 0, 0, 0, 0, 0, 0, 0, 0, 0, 0, 0, 0, 0, 0, 0, 0, 0, 0, 0, 0, 0, 0, 0, 0, 0, 0, 0, 0, 0, 0, 0, 0, 0, 0, 0, 0, 0, 0], [0, 0, -1, 0, 0, 0, 0, 0, 0, 0, 0, 0, 0, 0, 0, 0, 0, 0, 0, 0, 0, 0, 0, 0, 0, 0, 0, 0, 0, 0, 0, 0, 0, 0, 0, 0, 0, 0, 0, 0, 0, 0, 0, 0, 0, 0, 0], [1, 1, 1, -1, 1, 1, 1, 1, 1, 1, 1, 1, 1, 1, 1, 1, 1, 1, 1, 1, 1, 1, 1, 1, 1, 1, 1, 1, 1, 1, 1, 1, 1, 1, 1, 1, 1, 1, 1, 1, 1, 1, 1, 1, 1, 1, 1], [0, 0, 0, 0, -1, 0, 0, 0, 0, 0, 0, 0, 0, 0, 0, 0, 0, 0, 0, 0, 0, 0, 0, 0, 0, 0, 0, 0, 0, 0, 0, 0, 0, 0, 0, 0, 0, 0, 0, 0, 0, 0, 0, 0, 0, 0, 0], [0, 0, 0, 0, 0, -1, 0, 0, 0, 0, 0, 0, 0, 0, 0, 0, 0, 0, 0, 0, 0, 0, 0, 0, 0, 0, 0, 0, 0, 0, 0, 0, 0, 0, 0, 0, 0, 0, 0, 0, 0, 0, 0, 0, 0, 0, 0], [2, 2, 2, 2, 2, 2, -1, 2, 2, 2, 2, 2, 2, 2, 2, 2, 2, 2, 2, 2, 2, 2, 2, 2, 2, 2, 2, 2, 2, 2, 2, 2, 2, 2, 2, 2, 2, 2, 2, 2, 2, 2, 2, 2, 2, 2, 2], [0, 0, 0, 0, 0, 0, 0, -1, 0, 0, 0, 0, 0, 0, 0, 0, 0, 0, 0, 0, 0, 0, 0, 0, 0, 0, 0, 0, 0, 0, 0, 0, 0, 0, 0, 0, 0, 0, 0, 0, 0, 0, 0, 0, 0, 0, 0], [0, 0, 0, 0, 0, 0, 0, 0, -1, 0, 0, 0, 0, 0, 0, 0, 0, 0, 0, 0, 0, 0, 0, 0, 0, 0, 0, 0, 0, 0, 0, 0, 0, 0, 0, 0, 0, 0, 0, 0, 0, 0, 0, 0, 0, 0, 0], [0, 0, 0, 0, 0, 0, 0, 0, 0, -1, 0, 0, 0, 0, 0, 0, 0, 0, 0, 0, 0, 0, 0, 0, 0, 0, 0, 0, 0, 0, 0, 0, 0, 0, 0, 0, 0, 0, 0, 0, 0, 0, 0, 0, 0, 0, 0], [0, 0, 0, 0, 0, 0, 0, 0, 0, 0, -1, 0, 0, 0, 0, 0, 0, 0, 0, 0, 0, 0, 0, 0, 0, 0, 0, 0, 0, 0, 0, 0, 0, 0, 0, 0, 0, 0, 0, 0, 0, 0, 0, 0, 0, 0, 0], [1, 1, 1, 1, 1, 1, 1, 1, 1, 1, 1, -1, 1, 1, 1, 1, 1, 1, 1, 1, 1, 1, 1, 1, 1, 1, 1, 1, 1, 1, 1, 1, 1, 1, 1, 1, 1, 1, 1, 1, 1, 1, 1, 1, 1, 1, 1], [0, 0, 0, 0, 0, 0, 0, 0, 0, 0, 0, 0, -1, 0, 0, 0, 0, 0, 0, 0, 0, 0, 0, 0, 0, 0, 0, 0, 0, 0, 0, 0, 0, 0, 0, 0, 0, 0, 0, 0, 0, 0, 0, 0, 0, 0, 0], [1, 1, 1, 1, 1, 1, 1, 1, 1, 1, 1, 1, 1, -1, 1, 1, 1, 1, 1, 1, 1, 1, 1, 1, 1, 1, 1, 1, 1, 1, 1, 1, 1, 1, 1, 1, 1, 1, 1, 1, 1, 1, 1, 1, 1, 1, 1], [1, 1, 1, 1, 1, 1, 1, 1, 1, 1, 1, 1, 1, 1, -1, 1, 1, 1, 1, 1, 1, 1, 1, 1, 1, 1, 1, 1, 1, 1, 1, 1, 1, 1, 1, 1, 1, 1, 1, 1, 1, 1, 1, 1, 1, 1, 1], [0, 0, 0, 0, 0, 0, 0, 0, 0, 0, 0, 0, 0, 0, 0, -1, 0, 0, 0, 0, 0, 0, 0, 0, 0, 0, 0, 0, 0, 0, 0, 0, 0, 0, 0, 0, 0, 0, 0, 0, 0, 0, 0, 0, 0, 0, 0], [0, 0, 0, 0, 0, 0, 0, 0, 0, 0, 0, 0, 0, 0, 0, 0, -1, 0, 0, 0, 0, 0, 0, 0, 0, 0, 0, 0, 0, 0, 0, 0, 0, 0, 0, 0, 0, 0, 0, 0, 0, 0, 0, 0, 0, 0, 0], [0, 0, 0, 0, 0, 0, 0, 0, 0, 0, 0, 0, 0, 0, 0, 0, 0, -1, 0, 0, 0, 0, 0, 0, 0, 0, 0, 0, 0, 0, 0, 0, 0, 0, 0, 0, 0, 0, 0, 0, 0, 0, 0, 0, 0, 0, 0], [1, 1, 1, 1, 1, 1, 1, 1, 1, 1, 1, 1, 1, 1, 1, 1, 1, 1, -1, 1, 1, 1, 1, 1, 1, 1, 1, 1, 1, 1, 1, 1, 1, 1, 1, 1, 1, 1, 1, 1, 1, 1, 1, 1, 1, 1, 1], [0, 0, 0, 0, 0, 0, 0, 0, 0, 0, 0, 0, 0, 0, 0, 0, 0, 0, 0, -1, 0, 0, 0, 0, 0, 0, 0, 0, 0, 0, 0, 0, 0, 0, 0, 0, 0, 0, 0, 0, 0, 0, 0, 0, 0, 0, 0], [0, 0, 0, 0, 0, 0, 0, 0, 0, 0, 0, 0, 0, 0, 0, 0, 0, 0, 0, 0, -1, 0, 0, 0, 0, 0, 0, 0, 0, 0, 0, 0, 0, 0, 0, 0, 0, 0, 0, 0, 0, 0, 0, 0, 0, 0, 0], [0, 0, 0, 0, 0, 0, 0, 0, 0, 0, 0, 0, 0, 0, 0, 0, 0, 0, 0, 0, 0, -1, 0, 0, 0, 0, 0, 0, 0, 0, 0, 0, 0, 0, 0, 0, 0, 0, 0, 0, 0, 0, 0, 0, 0, 0, 0], [0, 0, 0, 0, 0, 0, 0, 0, 0, 0, 0, 0, 0, 0, 0, 0, 0, 0, 0, 0, 0, 0, -1, 0, 0, 0, 0, 0, 0, 0, 0, 0, 0, 0, 0, 0, 0, 0, 0, 0, 0, 0, 0, 0, 0, 0, 0], [2, 2, 2, 2, 2, 2, 2, 2, 2, 2, 2, 2, 2, 2, 2, 2, 2, 2, 2, 2, 2, 2, 2, -1, 2, 2, 2, 2, 2, 2, 2, 2, 2, 2, 2, 2, 2, 2, 2, 2, 2, 2, 2, 2, 2, 2, 2], [0, 0, 0, 0, 0, 0, 0, 0, 0, 0, 0, 0, 0, 0, 0, 0, 0, 0, 0, 0, 0, 0, 0, 0, -1, 0, 0, 0, 0, 0, 0, 0, 0, 0, 0, 0, 0, 0, 0, 0, 0, 0, 0, 0, 0, 0, 0], [0, 0, 0, 0, 0, 0, 0, 0, 0, 0, 0, 0, 0, 0, 0, 0, 0, 0, 0, 0, 0, 0, 0, 0, 0, -1, 0, 0, 0, 0, 0, 0, 0, 0, 0, 0, 0, 0, 0, 0, 0, 0, 0, 0, 0, 0, 0], [0, 0, 0, 0, 0, 0, 0, 0, 0, 0, 0, 0, 0, 0, 0, 0, 0, 0, 0, 0, 0, 0, 0, 0, 0, 0, -1, 0, 0, 0, 0, 0, 0, 0, 0, 0, 0, 0, 0, 0, 0, 0, 0, 0, 0, 0, 0], [0, 0, 0, 0, 0, 0, 0, 0, 0, 0, 0, 0, 0, 0, 0, 0, 0, 0, 0, 0, 0, 0, 0, 0, 0, 0, 0, -1, 0, 0, 0, 0, 0, 0, 0, 0, 0, 0, 0, 0, 0, 0, 0, 0, 0, 0, 0], [0, 0, 0, 0, 0, 0, 0, 0, 0, 0, 0, 0, 0, 0, 0, 0, 0, 0, 0, 0, 0, 0, 0, 0, 0, 0, 0, 0, -1, 0, 0, 0, 0, 0, 0, 0, 0, 0, 0, 0, 0, 0, 0, 0, 0, 0, 0], [0, 0, 0, 0, 0, 0, 0, 0, 0, 0, 0, 0, 0, 0, 0, 0, 0, 0, 0, 0, 0, 0, 0, 0, 0, 0, 0, 0, 0, -1, 0, 0, 0, 0, 0, 0, 0, 0, 0, 0, 0, 0, 0, 0, 0, 0, 0], [0, 0, 0, 0, 0, 0, 0, 0, 0, 0, 0, 0, 0, 0, 0, 0, 0, 0, 0, 0, 0, 0, 0, 0, 0, 0, 0, 0, 0, 0, -1, 0, 0, 0, 0, 0, 0, 0, 0, 0, 0, 0, 0, 0, 0, 0, 0], [0, 0, 0, 0, 0, 0, 0, 0, 0, 0, 0, 0, 0, 0, 0, 0, 0, 0, 0, 0, 0, 0, 0, 0, 0, 0, 0, 0, 0, 0, 0, -1, 0, 0, 0, 0, 0, 0, 0, 0, 0, 0, 0, 0, 0, 0, 0], [0, 0, 0, 0, 0, 0, 0, 0, 0, 0, 0, 0, 0, 0, 0, 0, 0, 0, 0, 0, 0, 0, 0, 0, 0, 0, 0, 0, 0, 0, 0, 0, -1, 0, 0, 0, 0, 0, 0, 0, 0, 0, 0, 0, 0, 0, 0], [0, 0, 0, 0, 0, 0, 0, 0, 0, 0, 0, 0, 0, 0, 0, 0, 0, 0, 0, 0, 0, 0, 0, 0, 0, 0, 0, 0, 0, 0, 0, 0, 0, -1, 0, 0, 0, 0, 0, 0, 0, 0, 0, 0, 0, 0, 0], [0, 0, 0, 0, 0, 0, 0, 0, 0, 0, 0, 0, 0, 0, 0, 0, 0, 0, 0, 0, 0, 0, 0, 0, 0, 0, 0, 0, 0, 0, 0, 0, 0, 0, -1, 0, 0, 0, 0, 0, 0, 0, 0, 0, 0, 0, 0], [0, 0, 0, 0, 0, 0, 0, 0, 0, 0, 0, 0, 0, 0, 0, 0, 0, 0, 0, 0, 0, 0, 0, 0, 0, 0, 0, 0, 0, 0, 0, 0, 0, 0, 0, -1, 0, 0, 0, 0, 0, 0, 0, 0, 0, 0, 0], [0, 0, 0, 0, 0, 0, 0, 0, 0, 0, 0, 0, 0, 0, 0, 0, 0, 0, 0, 0, 0, 0, 0, 0, 0, 0, 0, 0, 0, 0, 0, 0, 0, 0, 0, 0, -1, 0, 0, 0, 0, 0, 0, 0, 0, 0, 0], [0, 0, 0, 0, 0, 0, 0, 0, 0, 0, 0, 0, 0, 0, 0, 0, 0, 0, 0, 0, 0, 0, 0, 0, 0, 0, 0, 0, 0, 0, 0, 0, 0, 0, 0, 0, 0, -1, 0, 0, 0, 0, 0, 0, 0, 0, 0], [0, 0, 0, 0, 0, 0, 0, 0, 0, 0, 0, 0, 0, 0, 0, 0, 0, 0, 0, 0, 0, 0, 0, 0, 0, 0, 0, 0, 0, 0, 0, 0, 0, 0, 0, 0, 0, 0, -1, 0, 0, 0, 0, 0, 0, 0, 0], [0, 0, 0, 0, 0, 0, 0, 0, 0, 0, 0, 0, 0, 0, 0, 0, 0, 0, 0, 0, 0, 0, 0, 0, 0, 0, 0, 0, 0, 0, 0, 0, 0, 0, 0, 0, 0, 0, 0, -1, 0, 0, 0, 0, 0, 0, 0], [0, 0, 0, 0, 0, 0, 0, 0, 0, 0, 0, 0, 0, 0, 0, 0, 0, 0, 0, 0, 0, 0, 0, 0, 0, 0, 0, 0, 0, 0, 0, 0, 0, 0, 0, 0, 0, 0, 0, 0, -1, 0, 0, 0, 0, 0, 0], [0, 0, 0, 0, 0, 0, 0, 0, 0, 0, 0, 0, 0, 0, 0, 0, 0, 0, 0, 0, 0, 0, 0, 0, 0, 0, 0, 0, 0, 0, 0, 0, 0, 0, 0, 0, 0, 0, 0, 0, 0, -1, 0, 0, 0, 0, 0], [0, 0, 0, 0, 0, 0, 0, 0, 0, 0, 0, 0, 0, 0, 0, 0, 0, 0, 0, 0, 0, 0, 0, 0, 0, 0, 0, 0, 0, 0, 0, 0, 0, 0, 0, 0, 0, 0, 0, 0, 0, 0, -1, 0, 0, 0, 0], [0, 0, 0, 0, 0, 0, 0, 0, 0, 0, 0, 0, 0, 0, 0, 0, 0, 0, 0, 0, 0, 0, 0, 0, 0, 0, 0, 0, 0, 0, 0, 0, 0, 0, 0, 0, 0, 0, 0, 0, 0, 0, 0, -1, 0, 0, 0], [0, 0, 0, 0, 0, 0, 0, 0, 0, 0, 0, 0, 0, 0, 0, 0, 0, 0, 0, 0, 0, 0, 0, 0, 0, 0, 0, 0, 0, 0, 0, 0, 0, 0, 0, 0, 0, 0, 0, 0, 0, 0, 0, 0, -1, 0, 0], [0, 0, 0, 0, 0, 0, 0, 0, 0, 0, 0, 0, 0, 0, 0, 0, 0, 0, 0, 0, 0, 0, 0, 0, 0, 0, 0, 0, 0, 0, 0, 0, 0, 0, 0, 0, 0, 0, 0, 0, 0, 0, 0, 0, 0, -1, 0], [2, 2, 2, 2, 2, 2, 2, 2, 2, 2, 2, 2, 2, 2, 2, 2, 2, 2, 2, 2, 2, 2, 2, 2, 2, 2, 2, 2, 2, 2, 2, 2, 2, 2, 2, 2, 2, 2, 2, 2, 2, 2, 2, 2, 2, 2, -1]], "speed_zone_count": 73, "speed_zones": [[0.0, 15.0], [15.0, 30.0], [30.0, 45.0], [45.0, 60.0], [60.0, 75.0], [75.0, 90.0], [90.0, 105.0], [105.0, 120.0], [120.0, 135.0], [135.0, 150.0], [150.0, 165.0], [165.0, 180.0], [180.0, 195.0], [195.0, 210.0], [210.0, 225.0], [225.0, 240.0], [240.0, 255.0], [255.0, 270.0], [270.0, 285.0], [285.0, 300.0], [300.0, 315.0], [315.0, 330.0], [330.0, 345.0], [345.0, 360.0], [360.0, 375.0], [375.0, 390.0], [390.0, 405.0], [405.0, 420.0], [420.0, 435.0], [435.0, 450.0], [450.0, 465.0], [465.0, 480.0], [480.0, 495.0], [495.0, 510.0], [510.0, 525.0], [525.0, 540.0], [540.0, 555.0], [555.0, 570.0], [570.0, 585.0], [585.0, 600.0], [600.0, 615.0], [615.0, 630.0], [630.0, 645.0], [645.0, 660.0], [660.0, 675.0], [675.0, 690.0], [690.0, 705.0], [705.0, 720.0], [720.0, 735.0], [735.0, 750.0], [750.0, 765.0], [765.0, 780.0], [780.0, 795.0], [795.0, 810.0], [810.0, 825.0], [825.0, 840.0], [840.0, 855.0], [855.0, 870.0], [870.0, 885.0], [885.0, 900.0], [900.0, 915.0], [915.0, 930.0], [930.0, 945.0], [945.0, 960.0], [960.0, 975.0], [975.0, 990.0], [990.0, 1005.0], [1005.0, 1020.0], [1020.0, 1035.0], [1035.0, 1050.0], [1050.0, 1065.0], [1065.0, 1080.0], [1080.0, 5000.0]], "distances": [[0.0, 72.07, 72.91, 54.57, 71.58, 71.14, 95.19, 65.42, 76.13, 71.45, 71.81, 89.74, 73.99, 63.93, 53.09, 72.03, 72.59, 70.72, 60.17, 64.27, 82.36, 70.2, 69.19, 62.13, 72.42, 74.85, 67.55, 70.34, 64.58, 78.15, 58.94, 60.27, 72.52, 70.72, 81.43, 65.61, 66.39, 56.65, 70.44, 72.79, 71.82, 61.13, 64.09, 76.47, 76.15, 75.73, 0.0], [0.0, 0.0, 11.24, 25.76, 10.96, 22.43, 23.6, 10.43, 4.22, 15.09, 9.53, 18.65, 11.68, 30.92, 23.84, 18.15, 7.11, 17.29, 26.12, 12.18, 14.78, 23.55, 5.94, 42.07, 10.99, 12.93, 14.21, 22.54, 16.72, 11.29, 15.71, 16.94, 15.33, 5.53, 9.9, 10.49, 15.28, 19.64, 9.57, 9.86, 11.5, 16.11, 11.15, 11.0, 6.02, 5.34, 72.07], [0.0, 11.24, 0.0, 20.57, 8.61, 11.61, 28.39, 7.93, 10.86, 4.28, 13.12, 18.04, 8.45, 21.57, 20.42, 7.14, 11.6, 6.64, 18.38, 8.73, 9.54, 12.92, 6.86, 32.9, 8.56, 13.77, 6.01, 11.88, 9.45, 5.64, 14.05, 12.8, 4.21, 6.12, 12.16, 7.68, 7.42, 16.43, 9.91, 9.66, 10.87, 11.89, 9.24, 11.13, 7.77, 15.63, 72.91], [0.0, 25.76, 20.57, 0.0, 19.41, 16.59, 48.1, 15.5, 28.37, 17.83, 26.77, 38.61, 21.49, 12.51, 10.82, 17.74, 22.13, 16.58, 6.36, 13.76, 29.91, 15.74, 20.26, 19.95, 20.2, 29.31, 14.57, 15.8, 11.16, 26.21, 10.57, 8.83, 18.83, 21.44, 31.96, 15.51, 13.19, 6.55, 19.05, 25.34, 19.42, 9.72, 14.62, 24.39, 26.63, 31.04, 54.57], [0.0, 10.96, 8.61, 19.41, 0.0, 11.53, 29.25, 6.62, 11.09, 11.41, 12.8, 19.22, 8.65, 21.01, 19.15, 7.19, 9.84, 6.42, 17.49, 7.38, 10.85, 12.74, 6.05, 32.34, 8.76, 13.75, 4.92, 11.71, 8.34, 6.85, 12.7, 11.5, 4.41, 5.57, 12.98, 6.36, 6.34, 15.12, 10.03, 9.49, 9.79, 10.58, 7.91, 5.04, 8.23, 15.64, 71.58], [0.0, 22.43, 11.61, 16.59, 11.53, 0.0, 38.73, 14.6, 22.47, 7.4, 24.23, 26.68, 11.68, 11.28, 18.72, 4.5, 15.57, 5.14, 11.3, 13.78, 17.55, 10.4, 16.96, 22.21, 11.69, 25.27, 9.11, 9.38, 9.18, 15.61, 16.94, 13.79, 7.45, 16.92, 23.08, 14.34, 8.86, 16.48, 12.87, 21.01, 11.04, 13.43, 15.19, 14.17, 19.33, 27.16, 71.14], [0.0, 23.6, 28.39, 48.1, 29.25, 38.73, 0.0, 32.77, 20.03, 32.36, 23.52, 13.28, 27.8, 49.66, 46.86, 34.47, 26.01, 34.58, 46.74, 34.45, 21.46, 40.25, 28.07, 60.88, 28.61, 20.46, 34.13, 39.27, 37.47, 23.26, 38.92, 39.41, 31.8, 26.76, 16.28, 32.72, 35.52, 42.59, 29.19, 23.34, 29.43, 38.48, 33.85, 24.91, 21.48, 19.46, 95.19], [0.0, 10.43, 7.93, 15.5, 6.62, 14.6, 32.77, 0.0, 12.89, 8.78, 11.71, 24.54, 9.03, 21.04, 14.11, 11.41, 7.29, 10.02, 15.8, 10.45, 17.01, 15.28, 4.77, 31.95, 7.41, 13.95, 5.51, 14.4, 6.71, 12.75, 6.55, 6.68, 9.67, 6.02, 16.92, 9.53, 5.91, 9.85, 5.13, 9.86, 7.04, 5.78, 10.55, 11.13, 11.46, 15.76, 65.42], [0.0, 4.22, 10.86, 28.37, 11.09, 22.47, 20.03, 12.89, 0.0, 15.11, 5.31, 14.44, 10.89, 32.02, 26.88, 17.99, 7.09, 17.45, 27.89, 14.61, 11.51, 23.76, 8.13, 43.32, 10.8, 14.35, 15.37, 22.73, 18.37, 8.82, 18.9, 19.57, 15.04, 6.96, 5.7, 12.87, 16.64, 22.62, 10.28, 11.29, 11.51, 18.66, 13.89, 9.19, 10.25, 5.18, 76.13], [0.0, 15.09, 4.28, 17.83, 11.41, 7.4, 32.36, 8.78, 15.11, 0.0, 16.92, 21.29, 4.59, 17.39, 18.41, 11.43, 8.17, 10.07, 14.73, 8.72, 12.26, 8.66, 9.88, 28.7, 4.3, 17.88, 9.96, 7.62, 6.89, 9.16, 13.5, 11.31, 8.49, 9.64, 16.26, 8.49, 5.07, 14.85, 5.62, 13.63, 11.34, 10.53, 9.81, 7.45, 12.06, 19.76, 71.45], [0.0, 9.53, 13.12, 26.77, 12.8, 24.23, 23.52, 11.71, 5.31, 16.92, 0.0, 19.66, 13.58, 32.47, 24.63, 19.99, 9.0, 19.09, 27.49, 13.42, 16.43, 25.31, 7.5, 43.55, 12.86, 14.6, 15.85, 24.31, 18.19, 13.09, 16.49, 18.03, 17.19, 7.3, 10.95, 11.8, 16.85, 20.5, 11.36, 10.65, 13.35, 17.23, 12.27, 12.87, 7.7, 4.38, 71.81], [0.0, 18.65, 18.04, 38.61, 19.22, 26.68, 13.28, 24.54, 14.44, 21.29, 19.66, 0.0, 17.15, 37.91, 38.26, 22.77, 17.26, 23.24, 36.02, 25.92, 9.17, 28.22, 20.55, 48.85, 18.42, 17.16, 24.05, 27.31, 27.48, 12.4, 31.09, 30.57, 20.5, 19.01, 8.75, 24.38, 25.44, 34.11, 19.84, 17.46, 19.19, 29.62, 25.83, 14.22, 13.64, 17.47, 89.74], [0.0, 11.68, 8.45, 21.49, 8.65, 11.68, 27.8, 9.03, 10.89, 4.59, 13.58, 17.15, 0.0, 21.98, 21.43, 7.18, 4.6, 6.91, 19.07, 9.83, 8.52, 13.06, 7.71, 33.29, 8.61, 13.99, 6.91, 12.03, 10.33, 4.78, 15.15, 13.84, 4.25, 6.82, 11.67, 8.78, 8.3, 17.47, 10.22, 10.03, 9.13, 12.93, 10.34, 9.4, 7.67, 15.82, 73.99], [0.0, 30.92, 21.57, 12.51, 21.01, 11.28, 49.66, 21.04, 32.02, 17.39, 32.47, 37.91, 21.98, 0.0, 16.3, 15.23, 24.93, 15.1, 6.62, 19.51, 28.75, 9.75, 24.99, 11.33, 21.47, 34.21, 16.75, 10.61, 14.34, 26.41, 19.63, 16.4, 17.87, 25.51, 33.65, 20.88, 15.63, 16.8, 21.75, 29.85, 20.68, 16.73, 20.92, 24.79, 29.25, 36.11, 63.93], [0.0, 23.84, 20.42, 10.82, 19.15, 18.72, 46.86, 14.11, 26.88, 18.41, 24.63, 38.26, 21.43, 16.3, 0.0, 18.97, 21.23, 17.64, 9.85, 12.51, 29.95, 18.12, 18.79, 23.87, 19.98, 27.36, 14.66, 17.99, 11.52, 25.98, 8.14, 7.69, 19.48, 20.13, 31.01, 14.2, 13.41, 4.27, 18.42, 23.67, 19.27, 8.64, 13.01, 24.19, 25.56, 28.98, 53.09], [0.0, 18.15, 7.14, 17.74, 7.19, 4.5, 34.47, 11.41, 17.99, 11.43, 19.99, 22.77, 7.18, 15.23, 18.97, 0.0, 11.17, 9.64, 13.64, 11.02, 13.6, 5.9, 12.94, 26.41, 7.26, 20.88, 6.09, 4.88, 7.78, 11.24, 15.25, 12.58, 11.23, 12.71, 18.65, 11.12, 6.51, 15.88, 8.7, 16.67, 6.67, 11.96, 12.28, 9.72, 14.84, 22.76, 72.03], [0.0, 7.11, 11.6, 22.13, 9.84, 15.57, 26.01, 7.29, 7.09, 8.17, 9.0, 17.26, 4.6, 24.93, 21.23, 11.17, 0.0, 10.47, 21.0, 8.74, 10.24, 16.8, 10.66, 36.24, 9.01, 9.71, 8.36, 15.76, 11.54, 5.96, 13.84, 13.59, 8.28, 9.86, 9.84, 7.14, 9.69, 17.01, 10.82, 5.53, 4.53, 12.64, 8.57, 4.79, 4.56, 11.6, 72.59], [0.0, 17.29, 6.64, 16.58, 6.42, 5.14, 34.58, 10.02, 17.45, 10.07, 19.09, 23.24, 6.91, 15.1, 17.64, 9.64, 10.47, 0.0, 12.87, 9.56, 14.1, 6.32, 11.87, 26.39, 6.65, 20.17, 4.62, 5.29, 6.32, 11.33, 13.74, 11.11, 9.76, 11.79, 18.56, 9.74, 5.0, 14.44, 7.74, 15.89, 5.95, 10.46, 10.84, 9.69, 14.42, 22.06, 70.72], [0.0, 26.12, 18.38, 6.36, 17.49, 11.3, 46.74, 15.8, 27.89, 14.73, 27.49, 36.02, 19.07, 6.62, 9.85, 13.64, 21.0, 12.87, 0.0, 14.11, 26.94, 10.15, 20.22, 16.32, 18.13, 29.58, 12.66, 10.47, 9.52, 23.81, 13.28, 10.24, 15.54, 21.04, 30.47, 15.69, 11.31, 10.21, 17.74, 25.3, 17.31, 10.74, 15.4, 22.04, 25.53, 31.45, 60.17], [0.0, 12.18, 8.73, 13.76, 7.38, 13.78, 34.45, 10.45, 14.61, 8.72, 13.42, 25.92, 9.83, 19.51, 12.51, 11.02, 8.74, 9.56, 14.11, 0.0, 18.09, 14.3, 6.51, 30.32, 8.22, 15.71, 4.94, 13.49, 5.3, 13.9, 5.34, 4.97, 9.71, 7.7, 18.5, 10.18, 4.92, 8.27, 6.18, 11.61, 7.7, 9.61, 10.61, 12.2, 13.06, 17.51, 64.27], [0.0, 14.78, 9.54, 29.91, 10.85, 17.55, 21.46, 17.01, 11.51, 12.26, 16.43, 9.17, 8.52, 28.75, 29.95, 13.6, 10.24, 14.1, 26.94, 18.09, 0.0, 19.09, 14.04, 39.75, 10.0, 15.15, 15.38, 18.17, 18.76, 4.31, 23.43, 22.34, 11.4, 12.58, 7.89, 16.8, 16.74, 25.97, 11.93, 13.1, 10.68, 21.43, 18.35, 5.9, 8.76, 16.41, 82.36], [0.0, 23.55, 12.92, 15.74, 12.74, 10.4, 40.25, 15.28, 23.76, 8.66, 25.31, 28.22, 13.06, 9.75, 18.12, 5.9, 16.8, 6.32, 10.15, 14.3, 19.09, 0.0, 17.95, 20.68, 12.96, 26.48, 9.86, 10.78, 9.4, 17.09, 17.04, 13.77, 8.81, 18.02, 24.54, 15.02, 9.41, 16.2, 13.98, 22.18, 12.28, 13.52, 15.75, 15.62, 20.68, 28.38, 70.2], [0.0, 5.94, 6.86, 20.26, 6.05, 16.96, 28.07, 4.77, 8.13, 9.88, 7.5, 20.55, 7.71, 24.99, 18.79, 12.94, 10.66, 11.87, 20.22, 6.51, 14.04, 17.95, 0.0, 36.12, 6.44, 9.36, 8.35, 16.97, 10.78, 9.78, 10.92, 11.45, 10.37, 9.47, 12.48, 4.76, 9.36, 14.52, 4.3, 5.13, 6.63, 10.55, 5.78, 8.58, 7.03, 11.23, 69.19], [0.0, 42.07, 32.9, 19.95, 32.34, 22.21, 60.88, 31.95, 43.32, 28.7, 43.55, 48.85, 33.29, 11.33, 23.87, 26.41, 36.24, 26.39, 16.32, 30.32, 39.75, 20.68, 36.12, 0.0, 32.8, 45.42, 28.0, 21.63, 25.36, 37.64, 29.43, 26.54, 29.14, 36.74, 44.95, 31.81, 26.82, 25.91, 33.04, 41.07, 32.01, 27.06, 31.66, 36.06, 40.58, 47.32, 62.13], [0.0, 10.99, 8.56, 20.2, 8.76, 11.69, 28.61, 7.41, 10.8, 4.3, 12.86, 18.42, 8.61, 21.47, 19.98, 7.26, 9.01, 6.65, 18.13, 8.22, 10.0, 12.96, 6.44, 32.8, 0.0, 13.62, 5.66, 11.92, 9.09, 6.03, 13.55, 12.35, 4.36, 5.77, 12.36, 7.16, 7.07, 15.96, 9.93, 9.45, 9.2, 11.42, 8.71, 4.22, 7.8, 15.5, 72.42], [0.0, 12.93, 13.77, 29.31, 13.75, 25.27, 20.46, 13.95, 14.35, 17.88, 14.6, 17.16, 13.99, 34.21, 27.36, 20.88, 9.71, 20.17, 29.58, 15.71, 15.15, 26.48, 9.36, 45.42, 13.62, 0.0, 17.46, 25.45, 20.13, 12.43, 19.23, 20.5, 17.97, 8.7, 8.66, 14.01, 18.6, 23.17, 12.59, 4.37, 14.24, 19.65, 14.7, 12.65, 6.91, 10.64, 74.85], [0.0, 14.21, 6.01, 14.57, 4.92, 9.11, 34.13, 5.51, 15.37, 9.96, 15.85, 24.05, 6.91, 16.75, 14.66, 6.09, 8.36, 4.62, 12.66, 4.94, 15.38, 9.86, 8.35, 28.0, 5.66, 17.46, 0.0, 8.95, 10.24, 11.65, 9.43, 7.31, 5.14, 8.77, 17.85, 5.24, 9.62, 10.9, 5.1, 13.1, 4.86, 6.49, 6.23, 9.83, 12.87, 19.37, 67.55], [0.0, 22.54, 11.88, 15.8, 11.71, 9.38, 39.27, 14.4, 22.73, 7.62, 24.31, 27.31, 12.03, 10.61, 17.99, 4.88, 15.76, 5.29, 10.47, 13.49, 18.17, 10.78, 16.97, 21.63, 11.92, 25.45, 8.95, 0.0, 8.73, 16.09, 16.45, 13.25, 7.78, 17.01, 23.52, 14.15, 8.58, 15.84, 12.96, 21.16, 11.24, 12.93, 14.93, 14.6, 19.64, 27.35, 70.34], [0.0, 16.72, 9.45, 11.16, 8.34, 9.18, 37.47, 6.71, 18.37, 6.89, 18.19, 27.48, 10.33, 14.34, 11.52, 7.78, 11.54, 6.32, 9.52, 5.3, 18.76, 9.4, 10.78, 25.36, 9.09, 20.13, 10.24, 8.73, 0.0, 15.08, 7.79, 4.83, 7.96, 11.52, 21.2, 6.54, 9.85, 8.12, 8.3, 15.81, 8.3, 4.31, 6.77, 13.26, 16.09, 22.01, 64.58], [0.0, 11.29, 5.64, 26.21, 6.85, 15.61, 23.26, 12.75, 8.82, 9.16, 13.09, 12.4, 4.78, 26.41, 25.98, 11.24, 5.96, 11.33, 23.81, 13.9, 4.31, 17.09, 9.78, 37.64, 6.03, 12.43, 11.65, 16.09, 15.08, 0.0, 19.21, 18.32, 8.55, 8.36, 7.52, 12.54, 13.05, 21.91, 7.71, 9.54, 6.8, 17.38, 14.08, 10.21, 5.54, 13.99, 78.15], [0.0, 15.71, 14.05, 10.57, 12.7, 16.94, 38.92, 6.55, 18.9, 13.5, 16.49, 31.09, 15.15, 19.63, 8.14, 15.25, 13.84, 13.74, 13.28, 5.34, 23.43, 17.04, 10.92, 29.43, 13.55, 19.23, 9.43, 16.45, 7.79, 19.21, 0.0, 10.31, 14.55, 12.35, 23.35, 6.72, 8.74, 12.41, 11.5, 15.63, 13.0, 10.24, 5.27, 17.53, 17.88, 20.84, 58.94], [0.0, 16.94, 12.8, 8.83, 11.5, 13.79, 39.41, 6.68, 19.57, 11.31, 18.03, 30.57, 13.84, 16.4, 7.69, 12.58, 13.59, 11.11, 10.24, 4.97, 22.34, 13.77, 11.45, 26.54, 12.35, 20.5, 7.31, 13.25, 4.83, 18.32, 10.31, 0.0, 12.39, 12.67, 23.41, 6.71, 6.27, 11.96, 10.73, 16.51, 11.67, 9.15, 5.8, 16.54, 17.99, 22.25, 60.27], [0.0, 15.33, 4.21, 18.83, 4.41, 7.45, 31.8, 9.67, 15.04, 8.49, 17.19, 20.5, 4.25, 17.87, 19.48, 11.23, 8.28, 9.76, 15.54, 9.71, 11.4, 8.81, 10.37, 29.14, 4.36, 17.97, 5.14, 7.78, 7.96, 8.55, 14.55, 12.39, 0.0, 9.98, 15.82, 9.38, 6.15, 15.93, 6.07, 13.8, 10.01, 11.61, 10.74, 6.92, 11.89, 19.84, 72.52], [0.0, 5.53, 6.12, 21.44, 5.57, 16.92, 26.76, 6.02, 6.96, 9.64, 7.3, 19.01, 6.82, 25.51, 20.13, 12.71, 9.86, 11.79, 21.04, 7.7, 12.58, 18.02, 9.47, 36.74, 5.77, 8.7, 8.77, 17.01, 11.52, 8.36, 12.35, 12.67, 9.98, 0.0, 11.0, 5.96, 9.92, 15.86, 10.86, 4.33, 6.14, 11.75, 7.14, 7.28, 5.54, 10.6, 70.72], [0.0, 9.9, 12.16, 31.96, 12.98, 23.08, 16.28, 16.92, 5.7, 16.26, 10.95, 8.75, 11.67, 33.65, 31.01, 18.65, 9.84, 18.56, 30.47, 18.5, 7.89, 24.54, 12.48, 44.95, 12.36, 8.66, 17.85, 23.52, 21.2, 7.52, 23.35, 23.41, 15.82, 11.0, 0.0, 16.82, 19.25, 26.76, 12.95, 8.78, 13.18, 22.46, 18.12, 8.92, 5.47, 9.36, 81.43], [0.0, 10.49, 7.68, 15.51, 6.36, 14.34, 32.72, 9.53, 12.87, 8.49, 11.8, 24.38, 8.78, 20.88, 14.2, 11.12, 7.14, 9.74, 15.69, 10.18, 16.8, 15.02, 4.76, 31.81, 7.16, 14.01, 5.24, 14.15, 6.54, 12.54, 6.72, 6.71, 9.38, 5.96, 16.82, 0.0, 5.67, 9.94, 4.9, 9.88, 6.77, 5.8, 10.54, 10.91, 11.37, 15.83, 65.61], [0.0, 15.28, 7.42, 13.19, 6.34, 8.86, 35.52, 5.91, 16.64, 5.07, 16.85, 25.44, 8.3, 15.63, 13.41, 6.51, 9.69, 5.0, 11.31, 4.92, 16.74, 9.41, 9.36, 26.82, 7.07, 18.6, 9.62, 8.58, 9.85, 13.05, 8.74, 6.27, 6.15, 9.92, 19.25, 5.67, 0.0, 9.78, 6.43, 14.25, 6.27, 5.53, 6.35, 11.23, 14.22, 20.5, 66.39], [0.0, 19.64, 16.43, 6.55, 15.12, 16.48, 42.59, 9.85, 22.62, 14.85, 20.5, 34.11, 17.47, 16.8, 4.27, 15.88, 17.01, 14.44, 10.21, 8.27, 25.97, 16.2, 14.52, 25.91, 15.96, 23.17, 10.9, 15.84, 8.12, 21.91, 12.41, 11.96, 15.93, 15.86, 26.76, 9.94, 9.78, 0.0, 14.27, 19.43, 15.29, 4.54, 8.74, 20.14, 21.3, 24.83, 56.65], [0.0, 9.57, 9.91, 19.05, 10.03, 12.87, 29.19, 5.13, 10.28, 5.62, 11.36, 19.84, 10.22, 21.75, 18.42, 8.7, 10.82, 7.74, 17.74, 6.18, 11.93, 13.98, 4.3, 33.04, 9.93, 12.59, 5.1, 12.96, 8.3, 7.71, 11.5, 10.73, 6.07, 10.86, 12.95, 4.9, 6.43, 14.27, 0.0, 8.24, 9.97, 9.78, 6.46, 6.03, 7.8, 14.5, 70.44], [0.0, 9.86, 9.66, 25.34, 9.49, 21.01, 23.34, 9.86, 11.29, 13.63, 10.65, 17.46, 10.03, 29.85, 23.67, 16.67, 5.53, 15.89, 25.3, 11.61, 13.1, 22.18, 5.13, 41.07, 9.45, 4.37, 13.1, 21.16, 15.81, 9.54, 15.63, 16.51, 13.8, 4.33, 8.78, 9.88, 14.25, 19.43, 8.24, 0.0, 10.0, 15.63, 10.75, 9.25, 4.37, 6.27, 72.79], [0.0, 11.5, 10.87, 19.42, 9.79, 11.04, 29.43, 7.04, 11.51, 11.34, 13.35, 19.19, 9.13, 20.68, 19.27, 6.67, 4.53, 5.95, 17.31, 7.7, 10.68, 12.28, 6.63, 32.01, 9.2, 14.24, 4.86, 11.24, 8.3, 6.8, 13.0, 11.67, 10.01, 6.14, 13.18, 6.77, 6.27, 15.29, 9.97, 10.0, 0.0, 10.76, 8.31, 4.98, 8.57, 16.12, 71.82], [0.0, 16.11, 11.89, 9.72, 10.58, 13.43, 38.48, 5.78, 18.66, 10.53, 17.23, 29.62, 12.93, 16.73, 8.64, 11.96, 12.64, 10.46, 10.74, 9.61, 21.43, 13.52, 10.55, 27.06, 11.42, 19.65, 6.49, 12.93, 4.31, 17.38, 10.24, 9.15, 11.61, 11.75, 22.46, 5.8, 5.53, 4.54, 9.78, 15.63, 10.76, 0.0, 4.97, 15.61, 17.05, 21.42, 61.13], [0.0, 11.15, 9.24, 14.62, 7.91, 15.19, 33.85, 10.55, 13.89, 9.81, 12.27, 25.83, 10.34, 20.92, 13.01, 12.28, 8.57, 10.84, 15.4, 10.61, 18.35, 15.75, 5.78, 31.66, 8.71, 14.7, 6.23, 14.93, 6.77, 14.08, 5.27, 5.8, 10.74, 7.14, 18.12, 10.54, 6.35, 8.74, 6.46, 10.75, 8.31, 4.97, 0.0, 12.46, 12.65, 16.46, 64.09], [0.0, 11.0, 11.13, 24.39, 5.04, 14.17, 24.91, 11.13, 9.19, 7.45, 12.87, 14.22, 9.4, 24.79, 24.19, 9.72, 4.79, 9.69, 22.04, 12.2, 5.9, 15.62, 8.58, 36.06, 4.22, 12.65, 9.83, 14.6, 13.26, 10.21, 17.53, 16.54, 6.92, 7.28, 8.92, 10.91, 11.23, 20.14, 6.03, 9.25, 4.98, 15.61, 12.46, 0.0, 5.82, 14.34, 76.47], [0.0, 6.02, 7.77, 26.63, 8.23, 19.33, 21.48, 11.46, 10.25, 12.06, 7.7, 13.64, 7.67, 29.25, 25.56, 14.84, 4.56, 14.42, 25.53, 13.06, 8.76, 20.68, 7.03, 40.58, 7.8, 6.91, 12.87, 19.64, 16.09, 5.54, 17.88, 17.99, 11.89, 5.54, 5.47, 11.37, 14.22, 21.3, 7.8, 4.37, 8.57, 17.05, 12.65, 5.82, 0.0, 8.54, 76.15], [0.0, 5.34, 15.63, 31.04, 15.64, 27.16, 19.46, 15.76, 5.18, 19.76, 4.38, 17.47, 15.82, 36.11, 28.98, 22.76, 11.6, 22.06, 31.45, 17.51, 16.41, 28.38, 11.23, 47.32, 15.5, 10.64, 19.37, 27.35, 22.01, 13.99, 20.84, 22.25, 19.84, 10.6, 9.36, 15.83, 20.5, 24.83, 14.5, 6.27, 16.12, 21.42, 16.46, 14.34, 8.54, 0.0, 75.73], [0.0, 0.0, 0.0, 0.0, 0.0, 0.0, 0.0, 0.0, 0.0, 0.0, 0.0, 0.0, 0.0, 0.0, 0.0, 0.0, 0.0, 0.0, 0.0, 0.0, 0.0, 0.0, 0.0, 0.0, 0.0, 0.0, 0.0, 0.0, 0.0, 0.0, 0.0, 0.0, 0.0, 0.0, 0.0, 0.0, 0.0, 0.0, 0.0, 0.0, 0.0, 0.0, 0.0, 0.0, 0.0, 0.0, 0.0]], "time_windows": [[0.0, 5000.0], [0.0, 121.0], [0.0, 135.0], [0.0, 159.0], [0.0, 200.0], [0.0, 226.0], [0.0, 340.0], [0.0, 399.0], [0.0, 420.0], [0.0, 444.0], [0.0, 475.0], [0.0, 530.0], [0.0, 584.0], [0.0, 632.0], [0.0, 660.0], [0.0, 690.0], [0.0, 705.0], [0.0, 720.0], [0.0, 738.0], [0.0, 756.0], [0.0, 784.0], [0.0, 813.0], [0.0, 849.0], [0.0, 920.0], [0.0, 974.0], [0.0, 994.0], [0.0, 1016.0], [0.0, 1028.0], [0.0, 1038.0], [0.0, 1056.0], [0.0, 1077.0], [0.0, 1089.0], [0.0, 1102.0], [0.0, 1113.0], [0.0, 1124.0], [0.0, 1140.0], [0.0, 1146.0], [0.0, 1156.0], [0.0, 1170.0], [0.0, 1178.0], [0.0, 1188.0], [0.0, 1199.0], [0.0, 1204.0], [0.0, 1217.0], [0.0, 1222.0], [0.0, 1231.0], [0.0, 5000.0]], "start_depot": 0, "end_depot": 46, "horizon": [0.0, 5000.0]}