{"digraph": {"vertex_count": 47, "arc_count": 2070, "arcs": [[0, 1, 1, 1, 1, 1, 1, 1, 1, 1, 1, 1, 1, 1, 1, 1, 1, 1, 1, 1, 1, 1, 1, 1, 1, 1, 1, 1, 1, 1, 1, 1, 1, 1, 1, 1, 1, 1, 1, 1, 1, 1, 1, 1, 1, 1, 1], [0, 0, 1, 1, 1, 1, 1, 1, 1, 1, 1, 1, 1, 1, 1, 1, 1, 1, 1, 1, 1, 1, 1, 1, 1, 1, 1, 1, 1, 1, 1, 1, 1, 1, 1, 1, 1, 1, 1, 1, 1, 1, 1, 1, 1, 1, 1], [0, 1, 0, 1, 1, 1, 1, 1, 1, 1, 1, 1, 1, 1, 1, 1, 1, 1, 1, 1, 1, 1, 1, 1, 1, 1, 1, 1, 1, 1, 1, 1, 1, 1, 1, 1, 1, 1, 1, 1, 1, 1, 1, 1, 1, 1, 1], [0, 1, 1, 0, 1, 1, 1, 1, 1, 1, 1, 1, 1, 1, 1, 1, 1, 1, 1, 1, 1, 1, 1, 1, 1, 1, 1, 1, 1, 1, 1, 1, 1, 1, 1, 1, 1, 1, 1, 1, 1, 1, 1, 1, 1, 1, 1], [0, 1, 1, 1, 0, 1, 1, 1, 1, 1, 1, 1, 1, 1, 1, 1, 1, 1, 1, 1, 1, 1, 1, 1, 1, 1, 1, 1, 1, 1, 1, 1, 1, 1, 1, 1, 1, 1, 1, 1, 1, 1, 1, 1, 1, 1, 1], [0, 1, 1, 1, 1, 0, 1, 1, 1, 1, 1, 1, 1, 1, 1, 1, 1, 1, 1, 1, 1, 1, 1, 1, 1, 1, 1, 1, 1, 1, 1, 1, 1, 1, 1, 1, 1, 1, 1, 1, 1, 1, 1, 1, 1, 1, 1], [0, 1, 1, 1, 1, 1, 0, 1, 1, 1, 1, 1, 1, 1, 1, 1, 1, 1, 1, 1, 1, 1, 1, 1, 1, 1, 1, 1, 1, 1, 1, 1, 1, 1, 1, 1, 1, 1, 1, 1, 1, 1, 1, 1, 1, 1, 1], [0, 1, 1, 1, 1, 1, 1, 0, 1, 1, 1, 1, 1, 1, 1, 1, 1, 1, 1, 1, 1, 1, 1, 1, 1, 1, 1, 1, 1, 1, 1, 1, 1, 1, 1, 1, 1, 1, 1, 1, 1, 1, 1, 1, 1, 1, 1], [0, 1, 1, 1, 1, 1, 1, 1, 0, 1, 1, 1, 1, 1, 1, 1, 1, 1, 1, 1, 1, 1, 1, 1, 1, 1, 1, 1, 1, 1, 1, 1, 1, 1, 1, 1, 1, 1, 1, 1, 1, 1, 1, 1, 1, 1, 1], [0, 1, 1, 1, 1, 1, 1, 1, 1, 0, 1, 1, 1, 1, 1, 1, 1, 1, 1, 1, 1, 1, 1, 1, 1, 1, 1, 1, 1, 1, 1, 1, 1, 1, 1, 1, 1, 1, 1, 1, 1, 1, 1, 1, 1, 1, 1], [0, 1, 1, 1, 1, 1, 1, 1, 1, 1, 0, 1, 1, 1, 1, 1, 1, 1, 1, 1, 1, 1, 1, 1, 1, 1, 1, 1, 1, 1, 1, 1, 1, 1, 1, 1, 1, 1, 1, 1, 1, 1, 1, 1, 1, 1, 1], [0, 1, 1, 1, 1, 1, 1, 1, 1, 1, 1, 0, 1, 1, 1, 1, 1, 1, 1, 1, 1, 1, 1, 1, 1, 1, 1, 1, 1, 1, 1, 1, 1, 1, 1, 1, 1, 1, 1, 1, 1, 1, 1, 1, 1, 1, 1], [0, 1, 1, 1, 1, 1, 1, 1, 1, 1, 1, 1, 0, 1, 1, 1, 1, 1, 1, 1, 1, 1, 1, 1, 1, 1, 1, 1, 1, 1, 1, 1, 1, 1, 1, 1, 1, 1, 1, 1, 1, 1, 1, 1, 1, 1, 1], [0, 1, 1, 1, 1, 1, 1, 1, 1, 1, 1, 1, 1, 0, 1, 1, 1, 1, 1, 1, 1, 1, 1, 1, 1, 1, 1, 1, 1, 1, 1, 1, 1, 1, 1, 1, 1, 1, 1, 1, 1, 1, 1, 1, 1, 1, 1], [0, 1, 1, 1, 1, 1, 1, 1, 1, 1, 1, 1, 1, 1, 0, 1, 1, 1, 1, 1, 1, 1, 1, 1, 1, 1, 1, 1, 1, 1, 1, 1, 1, 1, 1, 1, 1, 1, 1, 1, 1, 1, 1, 1, 1, 1, 1], [0, 1, 1, 1, 1, 1, 1, 1, 1, 1, 1, 1, 1, 1, 1, 0, 1, 1, 1, 1, 1, 1, 1, 1, 1, 1, 1, 1, 1, 1, 1, 1, 1, 1, 1, 1, 1, 1, 1, 1, 1, 1, 1, 1, 1, 1, 1], [0, 1, 1, 1, 1, 1, 1, 1, 1, 1, 1, 1, 1, 1, 1, 1, 0, 1, 1, 1, 1, 1, 1, 1, 1, 1, 1, 1, 1, 1, 1, 1, 1, 1, 1, 1, 1, 1, 1, 1, 1, 1, 1, 1, 1, 1, 1], [0, 1, 1, 1, 1, 1, 1, 1, 1, 1, 1, 1, 1, 1, 1, 1, 1, 0, 1, 1, 1, 1, 1, 1, 1, 1, 1, 1, 1, 1, 1, 1, 1, 1, 1, 1, 1, 1, 1, 1, 1, 1, 1, 1, 1, 1, 1], [0, 1, 1, 1, 1, 1, 1, 1, 1, 1, 1, 1, 1, 1, 1, 1, 1, 1, 0, 1, 1, 1, 1, 1, 1, 1, 1, 1, 1, 1, 1, 1, 1, 1, 1, 1, 1, 1, 1, 1, 1, 1, 1, 1, 1, 1, 1], [0, 1, 1, 1, 1, 1, 1, 1, 1, 1, 1, 1, 1, 1, 1, 1, 1, 1, 1, 0, 1, 1, 1, 1, 1, 1, 1, 1, 1, 1, 1, 1, 1, 1, 1, 1, 1, 1, 1, 1, 1, 1, 1, 1, 1, 1, 1], [0, 1, 1, 1, 1, 1, 1, 1, 1, 1, 1, 1, 1, 1, 1, 1, 1, 1, 1, 1, 0, 1, 1, 1, 1, 1, 1, 1, 1, 1, 1, 1, 1, 1, 1, 1, 1, 1, 1, 1, 1, 1, 1, 1, 1, 1, 1], [0, 1, 1, 1, 1, 1, 1, 1, 1, 1, 1, 1, 1, 1, 1, 1, 1, 1, 1, 1, 1, 0, 1, 1, 1, 1, 1, 1, 1, 1, 1, 1, 1, 1, 1, 1, 1, 1, 1, 1, 1, 1, 1, 1, 1, 1, 1], [0, 1, 1, 1, 1, 1, 1, 1, 1, 1, 1, 1, 1, 1, 1, 1, 1, 1, 1, 1, 1, 1, 0, 1, 1, 1, 1, 1, 1, 1, 1, 1, 1, 1, 1, 1, 1, 1, 1, 1, 1, 1, 1, 1, 1, 1, 1], [0, 1, 1, 1, 1, 1, 1, 1, 1, 1, 1, 1, 1, 1, 1, 1, 1, 1, 1, 1, 1, 1, 1, 0, 1, 1, 1, 1, 1, 1, 1, 1, 1, 1, 1, 1, 1, 1, 1, 1, 1, 1, 1, 1, 1, 1, 1], [0, 1, 1, 1, 1, 1, 1, 1, 1, 1, 1, 1, 1, 1, 1, 1, 1, 1, 1, 1, 1, 1, 1, 1, 0, 1, 1, 1, 1, 1, 1, 1, 1, 1, 1, 1, 1, 1, 1, 1, 1, 1, 1, 1, 1, 1, 1], [0, 1, 1, 1, 1, 1, 1, 1, 1, 1, 1, 1, 1, 1, 1, 1, 1, 1, 1, 1, 1, 1, 1, 1, 1, 0, 1, 1, 1, 1, 1, 1, 1, 1, 1, 1, 1, 1, 1, 1, 1, 1, 1, 1, 1, 1, 1], [0, 1, 1, 1, 1, 1, 1, 1, 1, 1, 1, 1, 1, 1, 1, 1, 1, 1, 1, 1, 1, 1, 1, 1, 1, 1, 0, 1, 1, 1, 1, 1, 1, 1, 1, 1, 1, 1, 1, 1, 1, 1, 1, 1, 1, 1, 1], [0, 1, 1, 1, 1, 1, 1, 1, 1, 1, 1, 1, 1, 1, 1, 1, 1, 1, 1, 1, 1, 1, 1, 1, 1, 1, 1, 0, 1, 1, 1, 1, 1, 1, 1, 1, 1, 1, 1, 1, 1, 1, 1, 1, 1, 1, 1], [0, 1, 1, 1, 1, 1, 1, 1, 1, 1, 1, 1, 1, 1, 1, 1, 1, 1, 1, 1, 1, 1, 1, 1, 1, 1, 1, 1, 0, 1, 1, 1, 1, 1, 1, 1, 1, 1, 1, 1, 1, 1, 1, 1, 1, 1, 1], [0, 1, 1, 1, 1, 1, 1, 1, 1, 1, 1, 1, 1, 1, 1, 1, 1, 1, 1, 1, 1, 1, 1, 1, 1, 1, 1, 1, 1, 0, 1, 1, 1, 1, 1, 1, 1, 1, 1, 1, 1, 1, 1, 1, 1, 1, 1], [0, 1, 1, 1, 1, 1, 1, 1, 1, 1, 1, 1, 1, 1, 1, 1, 1, 1, 1, 1, 1, 1, 1, 1, 1, 1, 1, 1, 1, 1, 0, 1, 1, 1, 1, 1, 1, 1, 1, 1, 1, 1, 1, 1, 1, 1, 1], [0, 1, 1, 1, 1, 1, 1, 1, 1, 1, 1, 1, 1, 1, 1, 1, 1, 1, 1, 1, 1, 1, 1, 1, 1, 1, 1, 1, 1, 1, 1, 0, 1, 1, 1, 1, 1, 1, 1, 1, 1, 1, 1, 1, 1, 1, 1], [0, 1, 1, 1, 1, 1, 1, 1, 1, 1, 1, 1, 1, 1, 1, 1, 1, 1, 1, 1, 1, 1, 1, 1, 1, 1, 1, 1, 1, 1, 1, 1, 0, 1, 1, 1, 1, 1, 1, 1, 1, 1, 1, 1, 1, 1, 1], [0, 1, 1, 1, 1, 1, 1, 1, 1, 1, 1, 1, 1, 1, 1, 1, 1, 1, 1, 1, 1, 1, 1, 1, 1, 1, 1, 1, 1, 1, 1, 1, 1, 0, 1, 1, 1, 1, 1, 1, 1, 1, 1, 1, 1, 1, 1], [0, 1, 1, 1, 1, 1, 1, 1, 1, 1, 1, 1, 1, 1, 1, 1, 1, 1, 1, 1, 1, 1, 1, 1, 1, 1, 1, 1, 1, 1, 1, 1, 1, 1, 0, 1, 1, 1, 1, 1, 1, 1, 1, 1, 1, 1, 1], [0, 1, 1, 1, 1, 1, 1, 1, 1, 1, 1, 1, 1, 1, 1, 1, 1, 1, 1, 1, 1, 1, 1, 1, 1, 1, 1, 1, 1, 1, 1, 1, 1, 1, 1, 0, 1, 1, 1, 1, 1, 1, 1, 1, 1, 1, 1], [0, 1, 1, 1, 1, 1, 1, 1, 1, 1, 1, 1, 1, 1, 1, 1, 1, 1, 1, 1, 1, 1, 1, 1, 1, 1, 1, 1, 1, 1, 1, 1, 1, 1, 1, 1, 0, 1, 1, 1, 1, 1, 1, 1, 1, 1, 1], [0, 1, 1, 1, 1, 1, 1, 1, 1, 1, 1, 1, 1, 1, 1, 1, 1, 1, 1, 1, 1, 1, 1, 1, 1, 1, 1, 1, 1, 1, 1, 1, 1, 1, 1, 1, 1, 0, 1, 1, 1, 1, 1, 1, 1, 1, 1], [0, 1, 1, 1, 1, 1, 1, 1, 1, 1, 1, 1, 1, 1, 1, 1, 1, 1, 1, 1, 1, 1, 1, 1, 1, 1, 1, 1, 1, 1, 1, 1, 1, 1, 1, 1, 1, 1, 0, 1, 1, 1, 1, 1, 1, 1, 1], [0, 1, 1, 1, 1, 1, 1, 1, 1, 1, 1, 1, 1, 1, 1, 1, 1, 1, 1, 1, 1, 1, 1, 1, 1, 1, 1, 1, 1, 1, 1, 1, 1, 1, 1, 1, 1, 1, 1, 0, 1, 1, 1, 1, 1, 1, 1], [0, 1, 1, 1, 1, 1, 1, 1, 1, 1, 1, 1, 1, 1, 1, 1, 1, 1, 1, 1, 1, 1, 1, 1, 1, 1, 1, 1, 1, 1, 1, 1, 1, 1, 1, 1, 1, 1, 1, 1, 0, 1, 1, 1, 1, 1, 1], [0, 1, 1, 1, 1, 1, 1, 1, 1, 1, 1, 1, 1, 1, 1, 1, 1, 1, 1, 1, 1, 1, 1, 1, 1, 1, 1, 1, 1, 1, 1, 1, 1, 1, 1, 1, 1, 1, 1, 1, 1, 0, 1, 1, 1, 1, 1], [0, 1, 1, 1, 1, 1, 1, 1, 1, 1, 1, 1, 1, 1, 1, 1, 1, 1, 1, 1, 1, 1, 1, 1, 1, 1, 1, 1, 1, 1, 1, 1, 1, 1, 1, 1, 1, 1, 1, 1, 1, 1, 0, 1, 1, 1, 1], [0, 1, 1, 1, 1, 1, 1, 1, 1, 1, 1, 1, 1, 1, 1, 1, 1, 1, 1, 1, 1, 1, 1, 1, 1, 1, 1, 1, 1, 1, 1, 1, 1, 1, 1, 1, 1, 1, 1, 1, 1, 1, 1, 0, 1, 1, 1], [0, 1, 1, 1, 1, 1, 1, 1, 1, 1, 1, 1, 1, 1, 1, 1, 1, 1, 1, 1, 1, 1, 1, 1, 1, 1, 1, 1, 1, 1, 1, 1, 1, 1, 1, 1, 1, 1, 1, 1, 1, 1, 1, 1, 0, 1, 1], [0, 1, 1, 1, 1, 1, 1, 1, 1, 1, 1, 1, 1, 1, 1, 1, 1, 1, 1, 1, 1, 1, 1, 1, 1, 1, 1, 1, 1, 1, 1, 1, 1, 1, 1, 1, 1, 1, 1, 1, 1, 1, 1, 1, 1, 0, 1], [0, 0, 0, 0, 0, 0, 0, 0, 0, 0, 0, 0, 0, 0, 0, 0, 0, 0, 0, 0, 0, 0, 0, 0, 0, 0, 0, 0, 0, 0, 0, 0, 0, 0, 0, 0, 0, 0, 0, 0, 0, 0, 0, 0, 0, 0, 0]]}, "cluster_count": 3, "cluster_speeds": [[0.925, 0.85, 0.925, 1.0, 0.8325, 0.765, 0.8325, 0.9, 0.4625, 0.425, 0.4625, 0.5, 0.30525, 0.2805, 0.30525, 0.33, 0.37, 0.34, 0.37, 0.4, 0.555, 0.51, 0.555, 0.6, 0.6475, 0.595, 0.6475, 0.7, 0.37, 0.34, 0.37, 0.4, 0.30525, 0.2805, 0.30525, 0.33, 0.4625, 0.425, 0.4625, 0.5, 0.6475, 0.595, 0.6475, 0.7, 0.74, 0.68, 0.74, 0.8, 0.6475, 0.595, 0.6475, 0.7, 0.4625, 0.425, 0.4625, 0.5, 0.555, 0.51, 0.555, 0.6, 0.6475, 0.595, 0.6475, 0.7, 0.8325, 0.765, 0.8325, 0.9, 0.925, 0.85, 0.925, 1.0, 1.0], [0.8325, 0.765, 0.8325, 0.9, 0.7492500000000001, 0.6885, 0.7492500000000001, 0.81, 0.41625, 0.3825, 0.41625, 0.45, 0.27472500000000005, 0.25245, 0.27472500000000005, 0.29700000000000004, 0.333, 0.30600000000000005, 0.333, 0.36000000000000004, 0.49950000000000006, 0.459, 0.49950000000000006, 0.54, 0.6475, 0.595, 0.6475, 0.7, 0.37, 0.34, 0.37, 0.4, 0.30525, 0.2805, 0.30525, 0.33, 0.4625, 0.425, 0.4625, 0.5, 0.6475, 0.595, 0.6475, 0.7, 0.74, 0.68, 0.74, 0.8, 0.58275, 0.5355, 0.58275, 0.63, 0.41625, 0.3825, 0.41625, 0.45, 0.49950000000000006, 0.459, 0.49950000000000006, 0.54, 0.58275, 0.5355, 0.58275, 0.63, 0.7492500000000001, 0.6885, 0.7492500000000001, 0.81, 0.8325, 0.765, 0.8325, 0.9, 0.9], [0.87875, 0.8075, 0.87875, 0.95, 0.790875, 0.72675, 0.790875, 0.855, 0.439375, 0.40375, 0.439375, 0.475, 0.2899875, 0.266475, 0.2899875, 0.3135, 0.3515, 0.323, 0.3515, 0.38, 0.52725, 0.4845, 0.52725, 0.57, 0.6475, 0.595, 0.6475, 0.7, 0.37, 0.34, 0.37, 0.4, 0.30525, 0.2805, 0.30525, 0.33, 0.4625, 0.425, 0.4625, 0.5, 0.6475, 0.595, 0.6475, 0.7, 0.74, 0.68, 0.74, 0.8, 0.6151249999999999, 0.5652499999999999, 0.6151249999999999, 0.6649999999999999, 0.439375, 0.40375, 0.439375, 0.475, 0.52725, 0.4845, 0.52725, 0.57, 0.6151249999999999, 0.5652499999999999, 0.6151249999999999, 0.6649999999999999, 0.790875, 0.72675, 0.790875, 0.855, 0.87875, 0.8075, 0.87875, 0.95, 0.95]], "clusters": [[-1, 2, 2, 2, 2, 2, 2, 2, 2, 2, 2, 2, 2, 2, 2, 2, 2, 2, 2, 2, 2, 2, 2, 2, 2, 2, 2, 2, 2, 2, 2, 2, 2, 2, 2, 2, 2, 2, 2, 2, 2, 2, 2, 2, 2, 2, 2], [0, -1, 0, 0, 0, 0, 0, 0, 0, 0, 0, 0, 0, 0, 0, 0, 0, 0, 0, 0, 0, 0, 0, 0, 0, 0, 0, 0, 0, 0, 0, 0, 0, 0, 0, 0, 0, 0, 0, 0, 0, 0, 0, 0, 0, 0, 0], [1, 1, -1, 1, 1, 1, 1, 1, 1, 1, 1, 1, 1, 1, 1, 1, 1, 1, 1, 1, 1, 1, 1, 1, 1, 1, 1, 1, 1, 1, 1, 1, 1, 1, 1, 1, 1, 1, 1, 1, 1, 1, 1, 1, 1, 1, 1], [2, 2, 2, -1, 2, 2, 2, 2, 2, 2, 2, 2, 2, 2, 2, 2, 2, 2, 2, 2, 2, 2, 2, 2, 2, 2, 2, 2, 2, 2, 2, 2, 2, 2, 2, 2, 2, 2, 2, 2, 2, 2, 2, 2, 2, 2, 2], [0, 0, 0, 0, -1, 0, 0, 0, 0, 0, 0, 0, 0, 0, 0, 0, 0, 0, 0, 0, 0, 0, 0, 0, 0, 0, 0, 0, 0, 0, 0, 0, 0, 0, 0, 0, 0, 0, 0, 0, 0, 0, 0, 0, 0, 0, 0], [2, 2, 2, 2, 2, -1, 2, 2, 2, 2, 2, 2, 2, 2, 2, 2, 2, 2, 2, 2, 2, 2, 2, 2, 2, 2, 2, 2, 2, 2, 2, 2, 2, 2, 2, 2, 2, 2, 2, 2, 2, 2, 2, 2, 2, 2, 2], [0, 0, 0, 0, 0, 0, -1, 0, 0, 0, 0, 0, 0, 0, 0, 0, 0, 0, 0, 0, 0, 0, 0, 0, 0, 0, 0, 0, 0, 0, 0, 0, 0, 0, 0, 0, 0, 0, 0, 0, 0, 0, 0, 0, 0, 0, 0], [0, 0, 0, 0, 0, 0, 0, -1, 0, 0, 0, 0, 0, 0, 0, 0, 0, 0, 0, 0, 0, 0, 0, 0, 0, 0, 0, 0, 0, 0, 0, 0, 0, 0, 0, 0, 0, 0, 0, 0, 0, 0, 0, 0, 0, 0, 0], [0, 0, 0, 0, 0, 0, 0, 0, -1, 0, 0, 0, 0, 0, 0, 0, 0, 0, 0, 0, 0, 0, 0, 0, 0, 0, 0, 0, 0, 0, 0, 0, 0, 0, 0, 0, 0, 0, 0, 0, 0, 0, 0, 0, 0, 0, 0], [0, 0, 0, 0, 0, 0, 0, 0, 0, -1, 0, 0, 0, 0, 0, 0, 0, 0, 0, 0, 0, 0, 0, 0, 0, 0, 0, 0, 0, 0, 0, 0, 0, 0, 0, 0, 0, 0, 0, 0, 0, 0, 0, 0, 0, 0, 0], [0, 0, 0, 0, 0, 0, 0, 0, 0, 0, -1, 0, 0, 0, 0, 0, 0, 0, 0, 0, 0, 0, 0, 0, 0, 0, 0, 0, 0, 0, 0, 0, 0, 0, 0, 0, 0, 0, 0, 0, 0, 0, 0, 0, 0, 0, 0], [0, 0, 0, 0, 0, 0, 0, 0, 0, 0, 0, -1, 0, 0, 0, 0, 0, 0, 0, 0, 0, 0, 0, 0, 0, 0, 0, 0, 0, 0, 0, 0, 0, 0, 0, 0, 0, 0, 0, 0, 0, 0, 0, 0, 0, 0, 0], [0, 0, 0, 0, 0, 0, 0, 0, 0, 0, 0, 0, -1, 0, 0, 0, 0, 0, 0, 0, 0, 0, 0, 0, 0, 0, 0, 0, 0, 0, 0, 0, 0, 0, 0, 0, 0, 0, 0, 0, 0, 0, 0, 0, 0, 0, 0], [1, 1, 1, 1, 1, 1, 1, 1, 1, 1, 1, 1, 1, -1, 1, 1, 1, 1, 1, 1, 1, 1, 1, 1, 1, 1, 1, 1, 1, 1, 1, 1, 1, 1, 1, 1, 1, 1, 1, 1, 1, 1, 1, 1, 1, 1, 1], [0, 0, 0, 0, 0, 0, 0, 0, 0, 0, 0, 0, 0, 0, -1, 0, 0, 0, 0, 0, 0, 0, 0, 0, 0, 0, 0, 0, 0, 0, 0, 0, 0, 0, 0, 0, 0, 0, 0, 0, 0, 0, 0, 0, 0, 0, 0], [2, 2, 2, 2, 2, 2, 2, 2, 2, 2, 2, 2, 2, 2, 2, -1, 2, 2, 2, 2, 2, 2, 2, 2, 2, 2, 2, 2, 2, 2, 2, 2, 2, 2, 2, 2, 2, 2, 2, 2, 2, 2, 2, 2, 2, 2, 2], [2, 2, 2, 2, 2, 2, 2, 2, 2, 2, 2, 2, 2, 2, 2, 2, -1, 2, 2, 2, 2, 2, 2, 2, 2, 2, 2, 2, 2, 2, 2, 2, 2, 2, 2, 2, 2, 2, 2, 2, 2, 2, 2, 2, 2, 2, 2], [0, 0, 0, 0, 0, 0, 0, 0, 0, 0, 0, 0, 0, 0, 0, 0, 0, -1, 0, 0, 0, 0, 0, 0, 0, 0, 0, 0, 0, 0, 0, 0, 0, 0, 0, 0, 0, 0, 0, 0, 0, 0, 0, 0, 0, 0, 0], [0, 0, 0, 0, 0, 0, 0, 0, 0, 0, 0, 0, 0, 0, 0, 0, 0, 0, -1, 0, 0, 0, 0, 0, 0, 0, 0, 0, 0, 0, 0, 0, 0, 0, 0, 0, 0, 0, 0, 0, 0, 0, 0, 0, 0, 0, 0], [2, 2, 2, 2, 2, 2, 2, 2, 2, 2, 2, 2, 2, 2, 2, 2, 2, 2, 2, -1, 2, 2, 2, 2, 2, 2, 2, 2, 2, 2, 2, 2, 2, 2, 2, 2, 2, 2, 2, 2, 2, 2, 2, 2, 2, 2, 2], [0, 0, 0, 0, 0, 0, 0, 0, 0, 0, 0, 0, 0, 0, 0, 0, 0, 0, 0, 0, -1, 0, 0, 0, 0, 0, 0, 0, 0, 0, 0, 0, 0, 0, 0, 0, 0, 0, 0, 0, 0, 0, 0, 0, 0, 0, 0], [0, 0, 0, 0, 0, 0, 0, 0, 0, 0, 0, 0, 0, 0, 0, 0, 0, 0, 0, 0, 0, -1, 0, 0, 0, 0, 0, 0, 0, 0, 0, 0, 0, 0, 0, 0, 0, 0, 0, 0, 0, 0, 0, 0, 0, 0, 0], [0, 0, 0, 0, 0, 0, 0, 0, 0, 0, 0, 0, 0, 0, 0, 0, 0, 0, 0, 0, 0, 0, -1, 0, 0, 0, 0, 0, 0, 0, 0, 0, 0, 0, 0, 0, 0, 0, 0, 0, 0, 0, 0, 0, 0, 0, 0], [0, 0, 0, 0, 0, 0, 0, 0, 0, 0, 0, 0, 0, 0, 0, 0, 0, 0, 0, 0, 0, 0, 0, -1, 0, 0, 0, 0, 0, 0, 0, 0, 0, 0, 0, 0, 0, 0, 0, 0, 0, 0, 0, 0, 0, 0, 0], [0, 0, 0, 0, 0, 0, 0, 0, 0, 0, 0, 0, 0, 0, 0, 0, 0, 0, 0, 0, 0, 0, 0, 0, -1, 0, 0, 0, 0, 0, 0, 0, 0, 0, 0, 0, 0, 0, 0, 0, 0, 0, 0, 0, 0, 0, 0], [0, 0, 0, 0, 0, 0, 0, 0, 0, 0, 0, 0, 0, 0, 0, 0, 0, 0, 0, 0, 0, 0, 0, 0, 0, -1, 0, 0, 0, 0, 0, 0, 0, 0, 0, 0, 0, 0, 0, 0, 0, 0, 0, 0, 0, 0, 0], [0, 0, 0, 0, 0, 0, 0, 0, 0, 0, 0, 0, 0, 0, 0, 0, 0, 0, 0, 0, 0, 0, 0, 0, 0, 0, -1, 0, 0, 0, 0, 0, 0, 0, 0, 0, 0, 0, 0, 0, 0, 0, 0, 0, 0, 0, 0], [0, 0, 0, 0, 0, 0, 0, 0, 0, 0, 0, 0, 0, 0, 0, 0, 0, 0, 0, 0, 0, 0, 0, 0, 0, 0, 0, -1, 0, 0, 0, 0, 0, 0, 0, 0, 0, 0, 0, 0, 0, 0, 0, 0, 0, 0, 0], [0, 0, 0, 0, 0, 0, 0, 0, 0, 0, 0, 0, 0, 0, 0, 0, 0, 0, 0, 0, 0, 0, 0, 0, 0, 0, 0, 0, -1, 0, 0, 0, 0, 0, 0, 0, 0, 0, 0, 0, 0, 0, 0, 0, 0, 0, 0], [0, 0, 0, 0, 0, 0, 0, 0, 0, 0, 0, 0, 0, 0, 0, 0, 0, 0, 0, 0, 0, 0, 0, 0, 0, 0, 0, 0, 0, -1, 0, 0, 0, 0, 0, 0, 0, 0, 0, 0, 0, 0, 0, 0, 0, 0, 0], [0, 0, 0, 0, 0, 0, 0, 0, 0, 0, 0, 0, 0, 0, 0, 0, 0, 0, 0, 0, 0, 0, 0, 0, 0, 0, 0, 0, 0, 0, -1, 0, 0, 0, 0, 0, 0, 0, 0, 0, 0, 0, 0, 0, 0, 0, 0], [1, 1, 1, 1, 1, 1, 1, 1, 1, 1, 1, 1, 1, 1, 1, 1, 1, 1, 1, 1, 1, 1, 1, 1, 1, 1, 1, 1, 1, 1, 1, -1, 1, 1, 1, 1, 1, 1, 1, 1, 1, 1, 1, 1, 1, 1, 1], [0, 0, 0, 0, 0, 0, 0, 0, 0, 0, 0, 0, 0, 0, 0, 0, 0, 0, 0, 0, 0, 0, 0, 0, 0, 0, 0, 0, 0, 0, 0, 0, -1, 0, 0, 0, 0, 0, 0, 0, 0, 0, 0, 0, 0, 0, 0], [0, 0, 0, 0, 0, 0, 0, 0, 0, 0, 0, 0, 0, 0, 0, 0, 0, 0, 0, 0, 0, 0, 0, 0, 0, 0, 0, 0, 0, 0, 0, 0, 0, -1, 0, 0, 0, 0, 0, 0, 0, 0, 0, 0, 0, 0, 0], [1, 1, 1, 1, 1, 1, 1, 1, 1, 1, 1, 1, 1, 1, 1, 1, 1, 1, 1, 1, 1, 1, 1, 1, 1, 1, 1, 1, 1, 1, 1, 1, 1, 1, -1, 1, 1, 1, 1, 1, 1, 1, 1, 1, 1, 1, 1], [0, 0, 0, 0, 0, 0, 0, 0, 0, 0, 0, 0, 0, 0, 0, 0, 0, 0, 0, 0, 0, 0, 0, 0, 0, 0, 0, 0, 0, 0, 0, 0, 0, 0, 0, -1, 0, 0, 0, 0, 0, 0, 0, 0, 0, 0, 0], [0, 0, 0, 0, 0, 0, 0, 0, 0, 0, 0, 0, 0, 0, 0, 0, 0, 0, 0, 0, 0, 0, 0, 0, 0, 0, 0, 0, 0, 0, 0, 0, 0, 0, 0, 0, -1, 0, 0, 0, 0, 0, 0, 0, 0, 0, 0], [1, 1, 1, 1, 1, 1, 1, 1, 1, 1, 1, 1, 1, 1, 1, 1, 1, 1, 1, 1, 1, 1, 1, 1, 1, 1, 1, 1, 1, 1, 1, 1, 1, 1, 1, 1, 1, -1, 1, 1, 1, 1, 1, 1, 1, 1, 1], [0, 0, 0, 0, 0, 0, 0, 0, 0, 0, 0, 0, 0, 0, 0, 0, 0, 0, 0, 0, 0, 0, 0, 0, 0, 0, 0, 0, 0, 0, 0, 0, 0, 0, 0, 0, 0, 0, -1, 0, 0, 0, 0, 0, 0, 0, 0], [0, 0, 0, 0, 0, 0, 0, 0, 0, 0, 0, 0, 0, 0, 0, 0, 0, 0, 0, 0, 0, 0, 0, 0, 0, 0, 0, 0, 0, 0, 0, 0, 0, 0, 0, 0, 0, 0, 0, -1, 0, 0, 0, 0, 0, 0, 0], [1, 1, 1, 1, 1, 1, 1, 1, 1, 1, 1, 1, 1, 1, 1, 1, 1, 1, 1, 1, 1, 1, 1, 1, 1, 1, 1, 1, 1, 1, 1, 1, 1, 1, 1, 1, 1, 1, 1, 1, -1, 1, 1, 1, 1, 1, 1], [1, 1, 1, 1, 1, 1, 1, 1, 1, 1, 1, 1, 1, 1, 1, 1, 1, 1, 1, 1, 1, 1, 1, 1, 1, 1, 1, 1, 1, 1, 1, 1, 1, 1, 1, 1, 1, 1, 1, 1, 1, -1, 1, 1, 1, 1, 1], [0, 0, 0, 0, 0, 0, 0, 0, 0, 0, 0, 0, 0, 0, 0, 0, 0, 0, 0, 0, 0, 0, 0, 0, 0, 0, 0, 0, 0, 0, 0, 0, 0, 0, 0, 0, 0, 0, 0, 0, 0, 0, -1, 0, 0, 0, 0], [2, 2, 2, 2, 2, 2, 2, 2, 2, 2, 2, 2, 2, 2, 2, 2, 2, 2, 2, 2, 2, 2, 2, 2, 2, 2, 2, 2, 2, 2, 2, 2, 2, 2, 2, 2, 2, 2, 2, 2, 2, 2, 2, -1, 2, 2, 2], [1, 1, 1, 1, 1, 1, 1, 1, 1, 1, 1, 1, 1, 1, 1, 1, 1, 1, 1, 1, 1, 1, 1, 1, 1, 1, 1, 1, 1, 1, 1, 1, 1, 1, 1, 1, 1, 1, 1, 1, 1, 1, 1, 1, -1, 1, 1], [0, 0, 0, 0, 0, 0, 0, 0, 0, 0, 0, 0, 0, 0, 0, 0, 0, 0, 0, 0, 0, 0, 0, 0, 0, 0, 0, 0, 0, 0, 0, 0, 0, 0, 0, 0, 0, 0, 0, 0, 0, 0, 0, 0, 0, -1, 0], [2, 2, 2, 2, 2, 2, 2, 2, 2, 2, 2, 2, 2, 2, 2, 2, 2, 2, 2, 2, 2, 2, 2, 2, 2, 2, 2, 2, 2, 2, 2, 2, 2, 2, 2, 2, 2, 2, 2, 2, 2, 2, 2, 2, 2, 2, -1]], "speed_zone_count": 73, "speed_zones": [[0.0, 15.0], [15.0, 30.0], [30.0, 45.0], [45.0, 60.0], [60.0, 75.0], [75.0, 90.0], [90.0, 105.0], [105.0, 120.0], [120.0, 135.0], [135.0, 150.0], [150.0, 165.0], [165.0, 180.0], [180.0, 195.0], [195.0, 210.0], [210.0, 225.0], [225.0, 240.0], [240.0, 255.0], [255.0, 270.0], [270.0, 285.0], [285.0, 300.0], [300.0, 315.0], [315.0, 330.0], [330.0, 345.0], [345.0, 360.0], [360.0, 375.0], [375.0, 390.0], [390.0, 405.0], [405.0, 420.0], [420.0, 435.0], [435.0, 450.0], [450.0, 465.0], [465.0, 480.0], [480.0, 495.0], [495.0, 510.0], [510.0, 525.0], [525.0, 540.0], [540.0, 555.0], [555.0, 570.0], [570.0, 585.0], [585.0, 600.0], [600.0, 615.0], [615.0, 630.0], [630.0, 645.0], [645.0, 660.0], [660.0, 675.0], [675.0, 690.0], [690.0, 705.0], [705.0, 720.0], [720.0, 735.0], [735.0, 750.0], [750.0, 765.0], [765.0, 780.0], [780.0, 795.0], [795.0, 810.0], [810.0, 825.0], [825.0, 840.0], [840.0, 855.0], [855.0, 870.0], [870.0, 885.0], [885.0, 900.0], [900.0, 915.0], [915.0, 930.0], [930.0, 945.0], [945.0, 960.0], [960.0, 975.0], [975.0, 990.0], [990.0, 1005.0], [1005.0, 1020.0], [1020.0, 1035.0], [1035.0, 1050.0], [1050.0, 1065.0], [1065.0, 1080.0], [1080.0, 5000.0]], "distances": [[0.0, 80.17, 55.36, 37.48, 74.42, 89.67, 68.91, 61.17, 68.14, 71.71, 68.47, 73.78, 75.19, 73.65, 58.46, 112.74, 52.04, 79.74, 75.81, 97.84, 83.89, 68.11, 68.24, 73.69, 85.18, 63.43, 74.89, 62.22, 81.44, 81.11, 68.19, 55.82, 79.58, 71.56, 71.64, 73.25, 71.01, 70.52, 83.98, 73.66, 93.1, 87.62, 70.47, 95.08, 72.97, 69.82, 0.0], [0.0, 0.0, 25.0, 47.2, 12.36, 35.06, 11.34, 19.09, 12.92, 13.63, 17.44, 13.62, 15.47, 18.68, 21.88, 34.44, 34.28, 11.26, 8.73, 19.78, 7.3, 19.45, 17.09, 10.75, 5.5, 16.83, 15.04, 18.01, 5.49, 9.68, 16.04, 25.48, 11.36, 11.25, 19.29, 13.02, 9.8, 19.69, 6.99, 9.16, 16.13, 10.53, 9.7, 33.23, 21.39, 16.14, 80.17], [0.0, 25.0, 0.0, 25.96, 22.56, 42.34, 14.14, 5.93, 14.47, 20.16, 15.31, 19.71, 24.96, 25.31, 13.15, 57.65, 19.05, 24.62, 20.7, 42.66, 28.6, 20.1, 14.82, 20.93, 30.25, 8.17, 24.44, 7.91, 26.11, 26.37, 14.16, 8.85, 25.02, 16.49, 19.92, 21.61, 16.69, 18.95, 28.67, 20.11, 38.03, 32.39, 15.4, 45.09, 26.4, 16.25, 55.36], [0.0, 47.2, 25.96, 0.0, 38.84, 67.98, 36.09, 30.25, 34.3, 36.21, 41.27, 45.45, 38.9, 36.92, 28.33, 81.53, 14.84, 46.68, 45.57, 66.62, 52.63, 31.71, 40.77, 38.65, 51.43, 32.22, 38.7, 29.88, 50.02, 47.26, 40.04, 21.76, 45.58, 41.61, 45.83, 37.66, 37.41, 44.84, 52.57, 39.15, 62.34, 56.5, 37.97, 71.04, 35.91, 42.17, 37.48], [0.0, 12.36, 22.56, 38.84, 0.0, 46.35, 10.37, 17.42, 8.38, 8.93, 23.28, 22.03, 12.31, 6.45, 19.95, 45.05, 24.57, 11.81, 17.95, 31.19, 19.65, 7.84, 22.69, 13.19, 14.08, 15.86, 11.73, 14.72, 17.61, 10.43, 21.25, 18.7, 8.85, 17.53, 27.05, 8.78, 7.74, 26.97, 19.34, 4.34, 28.13, 22.79, 10.89, 45.27, 9.13, 22.55, 74.42], [0.0, 35.06, 42.34, 67.98, 46.35, 0.0, 38.77, 39.66, 41.94, 46.52, 27.58, 25.39, 49.87, 52.77, 40.6, 36.57, 60.36, 35.47, 28.53, 29.21, 28.58, 51.5, 28.2, 44.19, 37.41, 38.51, 49.35, 41.58, 29.63, 38.14, 29.34, 49.35, 38.93, 30.33, 22.67, 46.59, 39.99, 23.52, 29.02, 42.16, 26.54, 27.61, 37.11, 7.68, 55.37, 27.16, 89.67], [0.0, 11.34, 14.14, 36.09, 10.37, 38.77, 0.0, 8.28, 12.34, 9.02, 13.3, 13.41, 13.74, 15.62, 11.1, 45.45, 23.99, 10.88, 10.85, 30.54, 16.64, 12.89, 12.67, 8.16, 16.28, 6.2, 13.14, 6.7, 14.05, 12.28, 11.21, 14.33, 10.88, 8.48, 17.58, 9.88, 13.61, 17.3, 16.55, 6.63, 26.35, 20.49, 13.38, 39.09, 17.82, 12.83, 68.91], [0.0, 19.09, 5.93, 30.25, 17.42, 39.66, 8.28, 0.0, 9.08, 15.28, 12.09, 15.36, 20.21, 21.11, 18.8, 52.13, 20.7, 18.7, 15.42, 37.12, 23.01, 16.54, 11.46, 15.57, 24.32, 14.09, 19.65, 13.83, 20.47, 20.46, 10.37, 9.7, 19.12, 11.37, 17.01, 16.6, 10.93, 16.25, 23.04, 14.52, 32.58, 26.85, 9.48, 41.54, 22.64, 12.57, 61.17], [0.0, 12.92, 14.47, 34.3, 8.38, 41.94, 12.34, 9.08, 0.0, 6.47, 16.28, 16.59, 11.39, 12.87, 11.69, 47.35, 21.53, 12.4, 13.87, 32.59, 19.0, 9.74, 15.63, 6.51, 17.27, 7.5, 10.8, 6.56, 16.45, 13.11, 14.18, 12.68, 11.5, 11.66, 20.69, 7.63, 11.96, 20.36, 18.86, 5.71, 28.61, 22.77, 4.92, 42.17, 14.9, 15.9, 68.14], [0.0, 13.63, 20.16, 36.21, 8.93, 46.52, 9.02, 15.28, 6.47, 0.0, 22.29, 21.67, 4.95, 6.63, 17.68, 47.14, 22.06, 13.06, 17.99, 33.01, 20.79, 5.85, 21.66, 9.73, 16.13, 13.91, 4.38, 12.44, 18.55, 12.22, 20.2, 15.99, 10.54, 16.93, 26.37, 9.02, 6.8, 26.18, 20.52, 4.59, 29.7, 24.16, 9.99, 45.88, 8.99, 21.71, 71.71], [0.0, 17.44, 15.31, 41.27, 23.28, 27.58, 13.3, 12.09, 16.28, 22.29, 0.0, 5.47, 26.82, 28.91, 13.16, 44.55, 32.78, 17.4, 9.23, 30.0, 17.12, 25.93, 9.19, 20.96, 22.74, 11.1, 26.23, 14.19, 15.3, 20.3, 10.56, 21.77, 19.83, 6.34, 4.93, 23.0, 15.6, 4.26, 17.38, 19.06, 25.14, 20.27, 12.4, 29.81, 31.12, 8.74, 68.47], [0.0, 13.62, 19.71, 45.45, 22.03, 25.39, 13.41, 15.36, 16.59, 21.67, 5.47, 0.0, 25.65, 28.2, 17.13, 39.12, 35.71, 13.72, 4.89, 24.53, 11.91, 26.25, 5.58, 19.73, 18.5, 13.73, 25.08, 16.65, 10.38, 16.77, 5.66, 24.88, 16.69, 4.94, 5.68, 22.02, 14.91, 6.14, 12.2, 17.69, 19.68, 14.87, 11.85, 26.34, 30.65, 10.19, 73.78], [0.0, 15.47, 24.96, 38.9, 12.31, 49.87, 13.74, 20.21, 11.39, 4.95, 26.82, 25.65, 0.0, 11.58, 22.57, 46.92, 24.25, 14.96, 21.53, 33.53, 22.76, 7.19, 26.22, 5.94, 16.33, 18.85, 9.32, 17.34, 20.86, 13.14, 24.77, 19.99, 11.74, 21.13, 30.65, 12.39, 11.23, 30.56, 22.42, 7.96, 30.81, 25.69, 14.42, 48.61, 5.99, 26.13, 75.19], [0.0, 18.68, 25.31, 36.92, 6.45, 52.77, 15.62, 21.11, 12.87, 6.63, 28.91, 28.2, 11.58, 0.0, 23.21, 50.12, 22.12, 18.15, 24.3, 36.83, 25.98, 5.74, 28.28, 8.58, 19.62, 20.05, 11.0, 18.1, 24.01, 16.43, 26.82, 19.31, 15.0, 23.52, 32.98, 6.2, 13.41, 32.8, 25.65, 10.62, 34.11, 28.96, 16.61, 51.72, 12.05, 28.34, 73.65], [0.0, 21.88, 13.15, 28.33, 19.95, 40.6, 11.1, 18.8, 11.69, 17.68, 13.16, 17.13, 22.57, 23.21, 0.0, 54.65, 19.97, 21.5, 17.76, 39.65, 25.56, 18.3, 12.6, 18.2, 27.14, 5.05, 22.02, 5.24, 23.05, 23.29, 11.75, 9.1, 21.95, 13.59, 17.97, 19.06, 13.72, 17.09, 25.61, 17.24, 35.05, 29.37, 12.3, 42.94, 24.54, 13.91, 58.46], [0.0, 34.44, 57.65, 81.53, 45.05, 36.57, 45.45, 52.13, 47.35, 47.14, 44.55, 39.12, 46.92, 50.12, 54.65, 0.0, 68.67, 34.98, 36.99, 15.01, 29.12, 52.86, 44.7, 44.27, 31.01, 49.94, 46.75, 51.83, 31.69, 34.98, 44.62, 59.77, 36.69, 41.23, 42.29, 46.06, 44.23, 43.36, 29.11, 43.17, 19.65, 25.29, 43.58, 29.12, 52.6, 43.13, 112.74], [0.0, 34.28, 19.05, 14.84, 24.57, 60.36, 23.99, 20.7, 21.53, 22.06, 32.78, 35.71, 24.25, 22.12, 19.97, 68.67, 0.0, 33.73, 34.54, 54.05, 40.52, 17.09, 32.16, 24.72, 37.9, 22.01, 24.1, 19.06, 37.95, 33.79, 31.05, 11.01, 32.08, 31.15, 37.69, 23.41, 24.6, 36.9, 40.38, 25.57, 50.14, 44.3, 25.97, 62.05, 21.08, 33.25, 52.04], [0.0, 11.26, 24.62, 46.68, 11.81, 35.47, 10.88, 18.7, 12.4, 13.06, 17.4, 13.72, 14.96, 18.15, 21.5, 34.98, 33.73, 0.0, 8.84, 20.34, 7.84, 18.89, 17.03, 10.19, 5.75, 16.45, 14.52, 17.56, 5.95, 9.93, 15.94, 24.98, 11.61, 11.16, 19.39, 12.46, 9.28, 19.75, 7.53, 8.59, 16.71, 11.1, 9.27, 33.72, 20.86, 16.12, 79.74], [0.0, 8.73, 20.7, 45.57, 17.95, 28.53, 10.85, 15.42, 13.87, 17.99, 9.23, 4.89, 21.53, 24.3, 17.76, 36.99, 34.54, 8.84, 0.0, 22.04, 8.25, 23.09, 9.03, 15.72, 13.71, 13.36, 20.98, 15.81, 6.14, 11.89, 8.34, 24.18, 11.88, 4.25, 10.56, 18.1, 11.55, 10.97, 8.43, 13.68, 17.34, 11.83, 8.96, 28.3, 26.87, 7.8, 75.81], [0.0, 19.78, 42.66, 66.62, 31.19, 29.21, 30.54, 37.12, 32.59, 33.01, 30.0, 24.53, 33.53, 36.83, 39.65, 15.01, 54.05, 20.34, 22.04, 0.0, 14.11, 38.84, 30.08, 30.1, 17.21, 34.93, 33.27, 36.85, 16.69, 20.81, 29.88, 44.86, 22.47, 26.29, 28.32, 32.1, 29.48, 29.33, 14.11, 28.78, 4.86, 10.28, 28.64, 23.4, 39.45, 28.54, 97.84], [0.0, 7.3, 28.6, 52.63, 19.65, 28.58, 16.64, 23.01, 19.0, 20.79, 17.12, 11.91, 22.76, 25.98, 25.56, 29.12, 40.52, 7.84, 8.25, 14.11, 0.0, 26.56, 17.04, 17.96, 8.89, 20.81, 22.34, 22.78, 12.79, 9.9, 16.52, 30.91, 11.06, 12.42, 17.0, 20.28, 15.99, 17.76, 14.29, 16.23, 9.72, 15.58, 14.7, 26.13, 28.69, 15.64, 83.89], [0.0, 19.45, 20.1, 31.71, 7.84, 51.5, 12.89, 16.54, 9.74, 5.85, 25.93, 26.25, 7.19, 5.74, 18.3, 52.86, 17.09, 18.89, 23.09, 38.84, 26.56, 0.0, 25.27, 8.76, 21.86, 15.91, 7.01, 13.48, 24.26, 18.03, 23.83, 13.6, 16.37, 21.34, 30.42, 6.8, 11.54, 30.06, 26.31, 10.33, 35.54, 29.99, 14.41, 51.28, 6.31, 25.62, 68.11], [0.0, 17.09, 14.82, 40.77, 22.69, 28.2, 12.67, 11.46, 15.63, 21.66, 9.19, 5.58, 26.22, 28.28, 12.6, 44.7, 32.16, 17.03, 9.03, 30.08, 17.04, 25.27, 0.0, 20.36, 22.44, 10.45, 25.62, 13.54, 15.14, 19.9, 10.69, 21.16, 19.39, 5.91, 5.57, 22.38, 14.99, 4.93, 17.28, 18.47, 25.23, 20.27, 11.8, 30.35, 30.48, 9.4, 68.24], [0.0, 10.75, 20.93, 38.65, 13.19, 44.19, 8.16, 15.57, 6.51, 9.73, 20.96, 19.73, 5.94, 8.58, 18.2, 44.27, 24.72, 10.19, 15.72, 30.1, 17.96, 8.76, 20.36, 0.0, 13.28, 13.87, 5.36, 13.03, 15.79, 9.32, 18.93, 17.87, 7.64, 15.2, 24.72, 12.85, 5.45, 24.63, 17.68, 12.21, 26.79, 21.28, 8.57, 43.29, 11.19, 20.22, 73.69], [0.0, 5.5, 30.25, 51.43, 14.08, 37.41, 16.28, 24.32, 17.27, 16.13, 22.74, 18.5, 16.33, 19.62, 27.14, 31.01, 37.9, 5.75, 13.71, 17.21, 8.89, 21.86, 22.44, 13.28, 0.0, 22.09, 16.06, 22.97, 8.64, 4.17, 21.45, 29.94, 5.86, 16.67, 24.13, 15.06, 14.25, 24.64, 8.44, 12.35, 14.7, 10.34, 14.85, 34.5, 22.26, 21.39, 85.18], [0.0, 16.83, 8.17, 32.22, 15.86, 38.51, 6.2, 14.09, 7.5, 13.91, 11.1, 13.73, 18.85, 20.05, 5.05, 49.94, 22.01, 16.45, 13.36, 34.93, 20.81, 15.91, 10.45, 13.87, 22.09, 0.0, 18.27, 10.3, 18.25, 18.26, 9.19, 11.16, 16.96, 9.44, 16.01, 15.12, 8.95, 15.36, 20.83, 12.65, 30.42, 24.66, 7.26, 40.04, 21.79, 11.35, 63.43], [0.0, 15.04, 24.44, 38.7, 11.73, 49.35, 13.14, 19.65, 10.8, 4.38, 26.23, 25.08, 9.32, 11.0, 22.02, 46.75, 24.1, 14.52, 20.98, 33.27, 22.34, 7.01, 25.62, 5.36, 16.06, 18.27, 0.0, 16.79, 20.41, 12.78, 24.17, 19.6, 11.34, 20.55, 30.07, 11.82, 10.63, 29.97, 22.01, 7.39, 30.48, 25.31, 13.83, 48.14, 6.36, 25.54, 74.89], [0.0, 18.01, 7.91, 29.88, 14.72, 41.58, 6.7, 13.83, 6.56, 12.44, 14.19, 16.65, 17.34, 18.1, 5.24, 51.83, 19.06, 17.56, 15.81, 36.85, 22.78, 13.48, 13.54, 13.03, 22.97, 10.3, 16.79, 0.0, 20.18, 18.93, 12.28, 8.39, 17.46, 12.14, 19.1, 13.82, 8.95, 18.45, 22.75, 12.22, 32.48, 26.65, 8.35, 42.99, 19.59, 14.43, 62.22], [0.0, 5.49, 26.11, 50.02, 17.61, 29.63, 14.05, 20.47, 16.45, 18.55, 15.3, 10.38, 20.86, 24.01, 23.05, 31.69, 37.95, 5.95, 6.14, 16.69, 12.79, 24.26, 15.14, 15.79, 8.64, 18.25, 20.41, 20.18, 0.0, 8.52, 14.48, 28.3, 9.38, 10.13, 15.82, 18.15, 13.48, 16.45, 12.47, 13.97, 12.32, 6.47, 12.1, 27.77, 26.72, 13.84, 81.44], [0.0, 9.68, 26.37, 47.26, 10.43, 38.14, 12.28, 20.46, 13.11, 12.22, 20.3, 16.77, 13.14, 16.43, 23.29, 34.98, 33.79, 9.93, 11.89, 20.81, 9.9, 18.03, 19.9, 9.32, 4.17, 18.26, 12.78, 18.93, 8.52, 0.0, 18.76, 25.78, 10.03, 14.0, 22.43, 11.3, 10.12, 22.78, 9.52, 8.23, 17.73, 12.56, 11.0, 36.03, 19.13, 19.06, 81.11], [0.0, 16.04, 14.16, 40.04, 21.25, 29.34, 11.21, 10.37, 14.18, 20.2, 10.56, 5.66, 24.77, 26.82, 11.75, 44.62, 31.05, 15.94, 8.34, 29.88, 16.52, 23.83, 10.69, 18.93, 21.45, 9.19, 24.17, 12.28, 14.48, 18.76, 0.0, 20.07, 18.17, 4.79, 6.84, 20.93, 13.54, 6.3, 16.73, 17.05, 25.05, 19.9, 10.36, 31.23, 29.02, 10.03, 68.19], [0.0, 25.48, 8.85, 21.76, 18.7, 49.35, 14.33, 9.7, 12.68, 15.99, 21.77, 24.88, 19.99, 19.31, 9.1, 59.77, 11.01, 24.98, 24.18, 44.86, 30.91, 13.6, 21.16, 17.87, 29.94, 11.16, 19.6, 8.39, 28.3, 25.78, 20.07, 0.0, 24.14, 20.51, 26.69, 17.55, 15.75, 25.89, 30.84, 17.94, 40.62, 34.77, 16.22, 51.17, 19.69, 22.27, 55.82], [0.0, 11.36, 25.02, 45.58, 8.85, 38.93, 10.88, 19.12, 11.5, 10.54, 19.83, 16.69, 11.74, 15.0, 21.95, 36.69, 32.08, 11.61, 11.88, 22.47, 11.06, 16.37, 19.39, 7.64, 5.86, 16.96, 11.34, 17.46, 9.38, 10.03, 18.17, 24.14, 0.0, 13.49, 22.31, 9.67, 8.57, 22.57, 10.71, 6.52, 19.28, 13.98, 9.75, 37.1, 17.71, 18.67, 79.58], [0.0, 11.25, 16.49, 41.61, 17.53, 30.33, 8.48, 11.37, 11.66, 16.93, 6.34, 4.94, 21.13, 23.52, 13.59, 41.23, 31.15, 11.16, 4.25, 26.29, 12.42, 21.34, 5.91, 15.2, 16.67, 9.44, 20.55, 12.14, 10.13, 14.0, 4.79, 20.51, 13.49, 0.0, 9.52, 17.4, 10.13, 9.5, 12.56, 13.2, 21.58, 16.07, 6.99, 31.03, 25.91, 5.24, 71.56], [0.0, 19.29, 19.92, 45.83, 27.05, 22.67, 17.58, 17.01, 20.69, 26.37, 4.93, 5.68, 30.65, 32.98, 17.97, 42.29, 37.69, 19.39, 10.56, 28.32, 17.0, 30.42, 5.57, 24.72, 24.13, 16.01, 30.07, 19.1, 15.82, 22.43, 6.84, 26.69, 22.31, 9.52, 0.0, 26.91, 19.57, 9.2, 17.35, 22.72, 23.5, 19.44, 16.37, 25.22, 35.32, 4.82, 71.64], [0.0, 13.02, 21.61, 37.66, 8.78, 46.59, 9.88, 16.6, 7.63, 9.02, 23.0, 22.02, 12.39, 6.2, 19.06, 46.06, 23.41, 12.46, 18.1, 32.1, 20.28, 6.8, 22.38, 12.85, 15.06, 15.12, 11.82, 13.82, 18.15, 11.3, 20.93, 17.55, 9.67, 17.4, 26.91, 0.0, 7.4, 26.78, 19.98, 4.43, 28.94, 23.51, 10.61, 45.7, 8.78, 22.33, 73.25], [0.0, 9.8, 16.69, 37.41, 7.74, 39.99, 13.61, 10.93, 11.96, 6.8, 15.6, 14.91, 11.23, 13.41, 13.72, 44.23, 24.6, 9.28, 11.55, 29.48, 15.99, 11.54, 14.99, 5.45, 14.25, 8.95, 10.63, 8.95, 13.48, 10.12, 13.54, 15.75, 8.57, 10.13, 19.57, 7.4, 0.0, 19.4, 15.83, 11.39, 25.55, 19.73, 14.02, 39.79, 15.78, 14.95, 71.01], [0.0, 19.69, 18.95, 44.84, 26.97, 23.52, 17.3, 16.25, 20.36, 26.18, 4.26, 6.14, 30.56, 32.8, 17.09, 43.36, 36.9, 19.75, 10.97, 29.33, 17.76, 30.06, 4.93, 24.63, 24.64, 15.36, 29.97, 18.45, 16.45, 22.78, 6.3, 25.89, 22.57, 9.5, 9.2, 26.78, 19.4, 0.0, 18.1, 22.67, 24.49, 20.32, 16.19, 26.25, 35.09, 4.47, 70.52], [0.0, 6.99, 28.67, 52.57, 19.34, 29.02, 16.55, 23.04, 18.86, 20.52, 17.38, 12.2, 22.42, 25.65, 25.61, 29.11, 40.38, 7.53, 8.43, 14.11, 14.29, 26.31, 17.28, 17.68, 8.44, 20.83, 22.01, 22.75, 12.47, 9.52, 16.73, 30.84, 10.71, 12.56, 17.35, 19.98, 15.83, 18.1, 0.0, 15.98, 9.8, 15.66, 14.62, 26.53, 28.37, 15.9, 83.98], [0.0, 9.16, 20.11, 39.15, 4.34, 42.16, 6.63, 14.52, 5.71, 4.59, 19.06, 17.69, 7.96, 10.62, 17.24, 43.17, 25.57, 8.59, 13.68, 28.78, 16.23, 10.33, 18.47, 12.21, 12.35, 12.65, 7.39, 12.22, 13.97, 8.23, 17.05, 17.94, 6.52, 13.2, 22.72, 4.43, 11.39, 22.67, 15.98, 0.0, 25.29, 19.67, 6.75, 41.34, 13.21, 18.27, 73.66], [0.0, 16.13, 38.03, 62.34, 28.13, 26.54, 26.35, 32.58, 28.61, 29.7, 25.14, 19.68, 30.81, 34.11, 35.05, 19.65, 50.14, 16.71, 17.34, 4.86, 9.72, 35.54, 25.23, 26.79, 14.7, 30.42, 30.48, 32.48, 12.32, 17.73, 25.05, 40.62, 19.28, 21.58, 23.5, 28.94, 25.55, 24.49, 9.8, 25.29, 0.0, 5.86, 24.42, 21.7, 36.79, 23.69, 93.1], [0.0, 10.53, 32.39, 56.5, 22.79, 27.61, 20.49, 26.85, 22.77, 24.16, 20.27, 14.87, 25.69, 28.96, 29.37, 25.29, 44.3, 11.1, 11.83, 10.28, 15.58, 29.99, 20.27, 21.28, 10.34, 24.66, 25.31, 26.65, 6.47, 12.56, 19.9, 34.77, 13.98, 16.07, 19.44, 23.51, 19.73, 20.32, 15.66, 19.67, 5.86, 0.0, 18.56, 24.21, 31.67, 18.79, 87.62], [0.0, 9.7, 15.4, 37.97, 10.89, 37.11, 13.38, 9.48, 4.92, 9.99, 12.4, 11.85, 14.42, 16.61, 12.3, 43.58, 25.97, 9.27, 8.96, 28.64, 14.7, 14.41, 11.8, 8.57, 14.85, 7.26, 13.83, 8.35, 12.1, 11.0, 10.36, 16.22, 9.75, 6.99, 16.37, 10.61, 14.02, 16.19, 14.62, 6.75, 24.42, 18.56, 0.0, 37.25, 18.95, 11.74, 70.47], [0.0, 33.23, 45.09, 71.04, 45.27, 7.68, 39.09, 41.54, 42.17, 45.88, 29.81, 26.34, 48.61, 51.72, 42.94, 29.12, 62.05, 33.72, 28.3, 23.4, 26.13, 51.28, 30.35, 43.29, 34.5, 40.04, 48.14, 42.99, 27.77, 36.03, 31.23, 51.17, 37.1, 31.03, 25.22, 45.7, 39.79, 26.25, 26.53, 41.34, 21.7, 24.21, 37.25, 0.0, 54.4, 29.04, 95.08], [0.0, 21.39, 26.4, 35.91, 9.13, 55.37, 17.82, 22.64, 14.9, 8.99, 31.12, 30.65, 5.99, 12.05, 24.54, 52.6, 21.08, 20.86, 26.87, 39.45, 28.69, 6.31, 30.48, 11.19, 22.26, 21.79, 6.36, 19.59, 26.72, 19.13, 29.02, 19.69, 17.71, 25.91, 35.32, 8.78, 15.78, 35.09, 28.37, 13.21, 36.79, 31.67, 18.95, 54.4, 0.0, 30.62, 72.97], [0.0, 16.14, 16.25, 42.17, 22.55, 27.16, 12.83, 12.57, 15.9, 21.71, 8.74, 10.19, 26.13, 28.34, 13.91, 43.13, 33.25, 16.12, 7.8, 28.54, 15.64, 25.62, 9.4, 20.22, 21.39, 11.35, 25.54, 14.43, 13.84, 19.06, 10.03, 22.27, 18.67, 5.24, 4.82, 22.33, 14.95, 4.47, 15.9, 18.27, 23.69, 18.79, 11.74, 29.04, 30.62, 0.0, 69.82], [0.0, 0.0, 0.0, 0.0, 0.0, 0.0, 0.0, 0.0, 0.0, 0.0, 0.0, 0.0, 0.0, 0.0, 0.0, 0.0, 0.0, 0.0, 0.0, 0.0, 0.0, 0.0, 0.0, 0.0, 0.0, 0.0, 0.0, 0.0, 0.0, 0.0, 0.0, 0.0, 0.0, 0.0, 0.0, 0.0, 0.0, 0.0, 0.0, 0.0, 0.0, 0.0, 0.0, 0.0, 0.0, 0.0, 0.0]], "time_windows": [[0.0, 5000.0], [0.0, 131.0], [0.0, 160.0], [0.0, 216.0], [0.0, 331.0], [0.0, 415.0], [0.0, 486.0], [0.0, 509.0], [0.0, 535.0], [0.0, 557.0], [0.0, 614.0], [0.0, 626.0], [0.0, 670.0], [0.0, 688.0], [0.0, 720.0], [0.0, 799.0], [0.0, 929.0], [0.0, 983.0], [0.0, 996.0], [0.0, 1024.0], [0.0, 1041.0], [0.0, 1071.0], [0.0, 1099.0], [0.0, 1120.0], [0.0, 1134.0], [0.0, 1156.0], [0.0, 1174.0], [0.0, 1191.0], [0.0, 1211.0], [0.0, 1219.0], [0.0, 1238.0], [0.0, 1258.0], [0.0, 1282.0], [0.0, 1296.0], [0.0, 1305.0], [0.0, 1332.0], [0.0, 1340.0], [0.0, 1359.0], [0.0, 1377.0], [0.0, 1393.0], [0.0, 1418.0], [0.0, 1424.0], [0.0, 1443.0], [0.0, 1480.0], [0.0, 1535.0], [0.0, 1565.0], [0.0, 5000.0]], "start_depot": 0, "end_depot": 46, "horizon": [0.0, 5000.0]}