{"digraph": {"vertex_count": 47, "arc_count": 2070, "arcs": [[0, 1, 1, 1, 1, 1, 1, 1, 1, 1, 1, 1, 1, 1, 1, 1, 1, 1, 1, 1, 1, 1, 1, 1, 1, 1, 1, 1, 1, 1, 1, 1, 1, 1, 1, 1, 1, 1, 1, 1, 1, 1, 1, 1, 1, 1, 1], [0, 0, 1, 1, 1, 1, 1, 1, 1, 1, 1, 1, 1, 1, 1, 1, 1, 1, 1, 1, 1, 1, 1, 1, 1, 1, 1, 1, 1, 1, 1, 1, 1, 1, 1, 1, 1, 1, 1, 1, 1, 1, 1, 1, 1, 1, 1], [0, 1, 0, 1, 1, 1, 1, 1, 1, 1, 1, 1, 1, 1, 1, 1, 1, 1, 1, 1, 1, 1, 1, 1, 1, 1, 1, 1, 1, 1, 1, 1, 1, 1, 1, 1, 1, 1, 1, 1, 1, 1, 1, 1, 1, 1, 1], [0, 1, 1, 0, 1, 1, 1, 1, 1, 1, 1, 1, 1, 1, 1, 1, 1, 1, 1, 1, 1, 1, 1, 1, 1, 1, 1, 1, 1, 1, 1, 1, 1, 1, 1, 1, 1, 1, 1, 1, 1, 1, 1, 1, 1, 1, 1], [0, 1, 1, 1, 0, 1, 1, 1, 1, 1, 1, 1, 1, 1, 1, 1, 1, 1, 1, 1, 1, 1, 1, 1, 1, 1, 1, 1, 1, 1, 1, 1, 1, 1, 1, 1, 1, 1, 1, 1, 1, 1, 1, 1, 1, 1, 1], [0, 1, 1, 1, 1, 0, 1, 1, 1, 1, 1, 1, 1, 1, 1, 1, 1, 1, 1, 1, 1, 1, 1, 1, 1, 1, 1, 1, 1, 1, 1, 1, 1, 1, 1, 1, 1, 1, 1, 1, 1, 1, 1, 1, 1, 1, 1], [0, 1, 1, 1, 1, 1, 0, 1, 1, 1, 1, 1, 1, 1, 1, 1, 1, 1, 1, 1, 1, 1, 1, 1, 1, 1, 1, 1, 1, 1, 1, 1, 1, 1, 1, 1, 1, 1, 1, 1, 1, 1, 1, 1, 1, 1, 1], [0, 1, 1, 1, 1, 1, 1, 0, 1, 1, 1, 1, 1, 1, 1, 1, 1, 1, 1, 1, 1, 1, 1, 1, 1, 1, 1, 1, 1, 1, 1, 1, 1, 1, 1, 1, 1, 1, 1, 1, 1, 1, 1, 1, 1, 1, 1], [0, 1, 1, 1, 1, 1, 1, 1, 0, 1, 1, 1, 1, 1, 1, 1, 1, 1, 1, 1, 1, 1, 1, 1, 1, 1, 1, 1, 1, 1, 1, 1, 1, 1, 1, 1, 1, 1, 1, 1, 1, 1, 1, 1, 1, 1, 1], [0, 1, 1, 1, 1, 1, 1, 1, 1, 0, 1, 1, 1, 1, 1, 1, 1, 1, 1, 1, 1, 1, 1, 1, 1, 1, 1, 1, 1, 1, 1, 1, 1, 1, 1, 1, 1, 1, 1, 1, 1, 1, 1, 1, 1, 1, 1], [0, 1, 1, 1, 1, 1, 1, 1, 1, 1, 0, 1, 1, 1, 1, 1, 1, 1, 1, 1, 1, 1, 1, 1, 1, 1, 1, 1, 1, 1, 1, 1, 1, 1, 1, 1, 1, 1, 1, 1, 1, 1, 1, 1, 1, 1, 1], [0, 1, 1, 1, 1, 1, 1, 1, 1, 1, 1, 0, 1, 1, 1, 1, 1, 1, 1, 1, 1, 1, 1, 1, 1, 1, 1, 1, 1, 1, 1, 1, 1, 1, 1, 1, 1, 1, 1, 1, 1, 1, 1, 1, 1, 1, 1], [0, 1, 1, 1, 1, 1, 1, 1, 1, 1, 1, 1, 0, 1, 1, 1, 1, 1, 1, 1, 1, 1, 1, 1, 1, 1, 1, 1, 1, 1, 1, 1, 1, 1, 1, 1, 1, 1, 1, 1, 1, 1, 1, 1, 1, 1, 1], [0, 1, 1, 1, 1, 1, 1, 1, 1, 1, 1, 1, 1, 0, 1, 1, 1, 1, 1, 1, 1, 1, 1, 1, 1, 1, 1, 1, 1, 1, 1, 1, 1, 1, 1, 1, 1, 1, 1, 1, 1, 1, 1, 1, 1, 1, 1], [0, 1, 1, 1, 1, 1, 1, 1, 1, 1, 1, 1, 1, 1, 0, 1, 1, 1, 1, 1, 1, 1, 1, 1, 1, 1, 1, 1, 1, 1, 1, 1, 1, 1, 1, 1, 1, 1, 1, 1, 1, 1, 1, 1, 1, 1, 1], [0, 1, 1, 1, 1, 1, 1, 1, 1, 1, 1, 1, 1, 1, 1, 0, 1, 1, 1, 1, 1, 1, 1, 1, 1, 1, 1, 1, 1, 1, 1, 1, 1, 1, 1, 1, 1, 1, 1, 1, 1, 1, 1, 1, 1, 1, 1], [0, 1, 1, 1, 1, 1, 1, 1, 1, 1, 1, 1, 1, 1, 1, 1, 0, 1, 1, 1, 1, 1, 1, 1, 1, 1, 1, 1, 1, 1, 1, 1, 1, 1, 1, 1, 1, 1, 1, 1, 1, 1, 1, 1, 1, 1, 1], [0, 1, 1, 1, 1, 1, 1, 1, 1, 1, 1, 1, 1, 1, 1, 1, 1, 0, 1, 1, 1, 1, 1, 1, 1, 1, 1, 1, 1, 1, 1, 1, 1, 1, 1, 1, 1, 1, 1, 1, 1, 1, 1, 1, 1, 1, 1], [0, 1, 1, 1, 1, 1, 1, 1, 1, 1, 1, 1, 1, 1, 1, 1, 1, 1, 0, 1, 1, 1, 1, 1, 1, 1, 1, 1, 1, 1, 1, 1, 1, 1, 1, 1, 1, 1, 1, 1, 1, 1, 1, 1, 1, 1, 1], [0, 1, 1, 1, 1, 1, 1, 1, 1, 1, 1, 1, 1, 1, 1, 1, 1, 1, 1, 0, 1, 1, 1, 1, 1, 1, 1, 1, 1, 1, 1, 1, 1, 1, 1, 1, 1, 1, 1, 1, 1, 1, 1, 1, 1, 1, 1], [0, 1, 1, 1, 1, 1, 1, 1, 1, 1, 1, 1, 1, 1, 1, 1, 1, 1, 1, 1, 0, 1, 1, 1, 1, 1, 1, 1, 1, 1, 1, 1, 1, 1, 1, 1, 1, 1, 1, 1, 1, 1, 1, 1, 1, 1, 1], [0, 1, 1, 1, 1, 1, 1, 1, 1, 1, 1, 1, 1, 1, 1, 1, 1, 1, 1, 1, 1, 0, 1, 1, 1, 1, 1, 1, 1, 1, 1, 1, 1, 1, 1, 1, 1, 1, 1, 1, 1, 1, 1, 1, 1, 1, 1], [0, 1, 1, 1, 1, 1, 1, 1, 1, 1, 1, 1, 1, 1, 1, 1, 1, 1, 1, 1, 1, 1, 0, 1, 1, 1, 1, 1, 1, 1, 1, 1, 1, 1, 1, 1, 1, 1, 1, 1, 1, 1, 1, 1, 1, 1, 1], [0, 1, 1, 1, 1, 1, 1, 1, 1, 1, 1, 1, 1, 1, 1, 1, 1, 1, 1, 1, 1, 1, 1, 0, 1, 1, 1, 1, 1, 1, 1, 1, 1, 1, 1, 1, 1, 1, 1, 1, 1, 1, 1, 1, 1, 1, 1], [0, 1, 1, 1, 1, 1, 1, 1, 1, 1, 1, 1, 1, 1, 1, 1, 1, 1, 1, 1, 1, 1, 1, 1, 0, 1, 1, 1, 1, 1, 1, 1, 1, 1, 1, 1, 1, 1, 1, 1, 1, 1, 1, 1, 1, 1, 1], [0, 1, 1, 1, 1, 1, 1, 1, 1, 1, 1, 1, 1, 1, 1, 1, 1, 1, 1, 1, 1, 1, 1, 1, 1, 0, 1, 1, 1, 1, 1, 1, 1, 1, 1, 1, 1, 1, 1, 1, 1, 1, 1, 1, 1, 1, 1], [0, 1, 1, 1, 1, 1, 1, 1, 1, 1, 1, 1, 1, 1, 1, 1, 1, 1, 1, 1, 1, 1, 1, 1, 1, 1, 0, 1, 1, 1, 1, 1, 1, 1, 1, 1, 1, 1, 1, 1, 1, 1, 1, 1, 1, 1, 1], [0, 1, 1, 1, 1, 1, 1, 1, 1, 1, 1, 1, 1, 1, 1, 1, 1, 1, 1, 1, 1, 1, 1, 1, 1, 1, 1, 0, 1, 1, 1, 1, 1, 1, 1, 1, 1, 1, 1, 1, 1, 1, 1, 1, 1, 1, 1], [0, 1, 1, 1, 1, 1, 1, 1, 1, 1, 1, 1, 1, 1, 1, 1, 1, 1, 1, 1, 1, 1, 1, 1, 1, 1, 1, 1, 0, 1, 1, 1, 1, 1, 1, 1, 1, 1, 1, 1, 1, 1, 1, 1, 1, 1, 1], [0, 1, 1, 1, 1, 1, 1, 1, 1, 1, 1, 1, 1, 1, 1, 1, 1, 1, 1, 1, 1, 1, 1, 1, 1, 1, 1, 1, 1, 0, 1, 1, 1, 1, 1, 1, 1, 1, 1, 1, 1, 1, 1, 1, 1, 1, 1], [0, 1, 1, 1, 1, 1, 1, 1, 1, 1, 1, 1, 1, 1, 1, 1, 1, 1, 1, 1, 1, 1, 1, 1, 1, 1, 1, 1, 1, 1, 0, 1, 1, 1, 1, 1, 1, 1, 1, 1, 1, 1, 1, 1, 1, 1, 1], [0, 1, 1, 1, 1, 1, 1, 1, 1, 1, 1, 1, 1, 1, 1, 1, 1, 1, 1, 1, 1, 1, 1, 1, 1, 1, 1, 1, 1, 1, 1, 0, 1, 1, 1, 1, 1, 1, 1, 1, 1, 1, 1, 1, 1, 1, 1], [0, 1, 1, 1, 1, 1, 1, 1, 1, 1, 1, 1, 1, 1, 1, 1, 1, 1, 1, 1, 1, 1, 1, 1, 1, 1, 1, 1, 1, 1, 1, 1, 0, 1, 1, 1, 1, 1, 1, 1, 1, 1, 1, 1, 1, 1, 1], [0, 1, 1, 1, 1, 1, 1, 1, 1, 1, 1, 1, 1, 1, 1, 1, 1, 1, 1, 1, 1, 1, 1, 1, 1, 1, 1, 1, 1, 1, 1, 1, 1, 0, 1, 1, 1, 1, 1, 1, 1, 1, 1, 1, 1, 1, 1], [0, 1, 1, 1, 1, 1, 1, 1, 1, 1, 1, 1, 1, 1, 1, 1, 1, 1, 1, 1, 1, 1, 1, 1, 1, 1, 1, 1, 1, 1, 1, 1, 1, 1, 0, 1, 1, 1, 1, 1, 1, 1, 1, 1, 1, 1, 1], [0, 1, 1, 1, 1, 1, 1, 1, 1, 1, 1, 1, 1, 1, 1, 1, 1, 1, 1, 1, 1, 1, 1, 1, 1, 1, 1, 1, 1, 1, 1, 1, 1, 1, 1, 0, 1, 1, 1, 1, 1, 1, 1, 1, 1, 1, 1], [0, 1, 1, 1, 1, 1, 1, 1, 1, 1, 1, 1, 1, 1, 1, 1, 1, 1, 1, 1, 1, 1, 1, 1, 1, 1, 1, 1, 1, 1, 1, 1, 1, 1, 1, 1, 0, 1, 1, 1, 1, 1, 1, 1, 1, 1, 1], [0, 1, 1, 1, 1, 1, 1, 1, 1, 1, 1, 1, 1, 1, 1, 1, 1, 1, 1, 1, 1, 1, 1, 1, 1, 1, 1, 1, 1, 1, 1, 1, 1, 1, 1, 1, 1, 0, 1, 1, 1, 1, 1, 1, 1, 1, 1], [0, 1, 1, 1, 1, 1, 1, 1, 1, 1, 1, 1, 1, 1, 1, 1, 1, 1, 1, 1, 1, 1, 1, 1, 1, 1, 1, 1, 1, 1, 1, 1, 1, 1, 1, 1, 1, 1, 0, 1, 1, 1, 1, 1, 1, 1, 1], [0, 1, 1, 1, 1, 1, 1, 1, 1, 1, 1, 1, 1, 1, 1, 1, 1, 1, 1, 1, 1, 1, 1, 1, 1, 1, 1, 1, 1, 1, 1, 1, 1, 1, 1, 1, 1, 1, 1, 0, 1, 1, 1, 1, 1, 1, 1], [0, 1, 1, 1, 1, 1, 1, 1, 1, 1, 1, 1, 1, 1, 1, 1, 1, 1, 1, 1, 1, 1, 1, 1, 1, 1, 1, 1, 1, 1, 1, 1, 1, 1, 1, 1, 1, 1, 1, 1, 0, 1, 1, 1, 1, 1, 1], [0, 1, 1, 1, 1, 1, 1, 1, 1, 1, 1, 1, 1, 1, 1, 1, 1, 1, 1, 1, 1, 1, 1, 1, 1, 1, 1, 1, 1, 1, 1, 1, 1, 1, 1, 1, 1, 1, 1, 1, 1, 0, 1, 1, 1, 1, 1], [0, 1, 1, 1, 1, 1, 1, 1, 1, 1, 1, 1, 1, 1, 1, 1, 1, 1, 1, 1, 1, 1, 1, 1, 1, 1, 1, 1, 1, 1, 1, 1, 1, 1, 1, 1, 1, 1, 1, 1, 1, 1, 0, 1, 1, 1, 1], [0, 1, 1, 1, 1, 1, 1, 1, 1, 1, 1, 1, 1, 1, 1, 1, 1, 1, 1, 1, 1, 1, 1, 1, 1, 1, 1, 1, 1, 1, 1, 1, 1, 1, 1, 1, 1, 1, 1, 1, 1, 1, 1, 0, 1, 1, 1], [0, 1, 1, 1, 1, 1, 1, 1, 1, 1, 1, 1, 1, 1, 1, 1, 1, 1, 1, 1, 1, 1, 1, 1, 1, 1, 1, 1, 1, 1, 1, 1, 1, 1, 1, 1, 1, 1, 1, 1, 1, 1, 1, 1, 0, 1, 1], [0, 1, 1, 1, 1, 1, 1, 1, 1, 1, 1, 1, 1, 1, 1, 1, 1, 1, 1, 1, 1, 1, 1, 1, 1, 1, 1, 1, 1, 1, 1, 1, 1, 1, 1, 1, 1, 1, 1, 1, 1, 1, 1, 1, 1, 0, 1], [0, 0, 0, 0, 0, 0, 0, 0, 0, 0, 0, 0, 0, 0, 0, 0, 0, 0, 0, 0, 0, 0, 0, 0, 0, 0, 0, 0, 0, 0, 0, 0, 0, 0, 0, 0, 0, 0, 0, 0, 0, 0, 0, 0, 0, 0, 0]]}, "cluster_count": 3, "cluster_speeds": [[0.8325, 0.765, 0.8325, 0.9, 0.7492500000000001, 0.6885, 0.7492500000000001, 0.81, 0.41625, 0.3825, 0.41625, 0.45, 0.27472500000000005, 0.25245, 0.27472500000000005, 0.29700000000000004, 0.333, 0.30600000000000005, 0.333, 0.36000000000000004, 0.49950000000000006, 0.459, 0.49950000000000006, 0.54, 0.6475, 0.595, 0.6475, 0.7, 0.37, 0.34, 0.37, 0.4, 0.30525, 0.2805, 0.30525, 0.33, 0.4625, 0.425, 0.4625, 0.5, 0.6475, 0.595, 0.6475, 0.7, 0.74, 0.68, 0.74, 0.8, 0.58275, 0.5355, 0.58275, 0.63, 0.41625, 0.3825, 0.41625, 0.45, 0.49950000000000006, 0.459, 0.49950000000000006, 0.54, 0.58275, 0.5355, 0.58275, 0.63, 0.7492500000000001, 0.6885, 0.7492500000000001, 0.81, 0.8325, 0.765, 0.8325, 0.9, 0.9], [0.87875, 0.8075, 0.87875, 0.95, 0.790875, 0.72675, 0.790875, 0.855, 0.439375, 0.40375, 0.439375, 0.475, 0.2899875, 0.266475, 0.2899875, 0.3135, 0.3515, 0.323, 0.3515, 0.38, 0.52725, 0.4845, 0.52725, 0.57, 0.6475, 0.595, 0.6475, 0.7, 0.37, 0.34, 0.37, 0.4, 0.30525, 0.2805, 0.30525, 0.33, 0.4625, 0.425, 0.4625, 0.5, 0.6475, 0.595, 0.6475, 0.7, 0.74, 0.68, 0.74, 0.8, 0.6151249999999999, 0.5652499999999999, 0.6151249999999999, 0.6649999999999999, 0.439375, 0.40375, 0.439375, 0.475, 0.52725, 0.4845, 0.52725, 0.57, 0.6151249999999999, 0.5652499999999999, 0.6151249999999999, 0.6649999999999999, 0.790875, 0.72675, 0.790875, 0.855, 0.87875, 0.8075, 0.87875, 0.95, 0.95], [0.925, 0.85, 0.925, 1.0, 0.8325, 0.765, 0.8325, 0.9, 0.4625, 0.425, 0.4625, 0.5, 0.30525, 0.2805, 0.30525, 0.33, 0.37, 0.34, 0.37, 0.4, 0.555, 0.51, 0.555, 0.6, 0.6475, 0.595, 0.6475, 0.7, 0.37, 0.34, 0.37, 0.4, 0.30525, 0.2805, 0.30525, 0.33, 0.4625, 0.425, 0.4625, 0.5, 0.6475, 0.595, 0.6475, 0.7, 0.74, 0.68, 0.74, 0.8, 0.6475, 0.595, 0.6475, 0.7, 0.4625, 0.425, 0.4625, 0.5, 0.555, 0.51, 0.555, 0.6, 0.6475, 0.595, 0.6475, 0.7, 0.8325, 0.765, 0.8325, 0.9, 0.925, 0.85, 0.925, 1.0, 1.0]], "clusters": [[-1, 2, 2, 2, 2, 2, 2, 2, 2, 2, 2, 2, 2, 2, 2, 2, 2, 2, 2, 2, 2, 2, 2, 2, 2, 2, 2, 2, 2, 2, 2, 2, 2, 2, 2, 2, 2, 2, 2, 2, 2, 2, 2, 2, 2, 2, 2], [1, -1, 1, 1, 1, 1, 1, 1, 1, 1, 1, 1, 1, 1, 1, 1, 1, 1, 1, 1, 1, 1, 1, 1, 1, 1, 1, 1, 1, 1, 1, 1, 1, 1, 1, 1, 1, 1, 1, 1, 1, 1, 1, 1, 1, 1, 1], [0, 0, -1, 0, 0, 0, 0, 0, 0, 0, 0, 0, 0, 0, 0, 0, 0, 0, 0, 0, 0, 0, 0, 0, 0, 0, 0, 0, 0, 0, 0, 0, 0, 0, 0, 0, 0, 0, 0, 0, 0, 0, 0, 0, 0, 0, 0], [2, 2, 2, -1, 2, 2, 2, 2, 2, 2, 2, 2, 2, 2, 2, 2, 2, 2, 2, 2, 2, 2, 2, 2, 2, 2, 2, 2, 2, 2, 2, 2, 2, 2, 2, 2, 2, 2, 2, 2, 2, 2, 2, 2, 2, 2, 2], [0, 0, 0, 0, -1, 0, 0, 0, 0, 0, 0, 0, 0, 0, 0, 0, 0, 0, 0, 0, 0, 0, 0, 0, 0, 0, 0, 0, 0, 0, 0, 0, 0, 0, 0, 0, 0, 0, 0, 0, 0, 0, 0, 0, 0, 0, 0], [0, 0, 0, 0, 0, -1, 0, 0, 0, 0, 0, 0, 0, 0, 0, 0, 0, 0, 0, 0, 0, 0, 0, 0, 0, 0, 0, 0, 0, 0, 0, 0, 0, 0, 0, 0, 0, 0, 0, 0, 0, 0, 0, 0, 0, 0, 0], [0, 0, 0, 0, 0, 0, -1, 0, 0, 0, 0, 0, 0, 0, 0, 0, 0, 0, 0, 0, 0, 0, 0, 0, 0, 0, 0, 0, 0, 0, 0, 0, 0, 0, 0, 0, 0, 0, 0, 0, 0, 0, 0, 0, 0, 0, 0], [1, 1, 1, 1, 1, 1, 1, -1, 1, 1, 1, 1, 1, 1, 1, 1, 1, 1, 1, 1, 1, 1, 1, 1, 1, 1, 1, 1, 1, 1, 1, 1, 1, 1, 1, 1, 1, 1, 1, 1, 1, 1, 1, 1, 1, 1, 1], [0, 0, 0, 0, 0, 0, 0, 0, -1, 0, 0, 0, 0, 0, 0, 0, 0, 0, 0, 0, 0, 0, 0, 0, 0, 0, 0, 0, 0, 0, 0, 0, 0, 0, 0, 0, 0, 0, 0, 0, 0, 0, 0, 0, 0, 0, 0], [0, 0, 0, 0, 0, 0, 0, 0, 0, -1, 0, 0, 0, 0, 0, 0, 0, 0, 0, 0, 0, 0, 0, 0, 0, 0, 0, 0, 0, 0, 0, 0, 0, 0, 0, 0, 0, 0, 0, 0, 0, 0, 0, 0, 0, 0, 0], [2, 2, 2, 2, 2, 2, 2, 2, 2, 2, -1, 2, 2, 2, 2, 2, 2, 2, 2, 2, 2, 2, 2, 2, 2, 2, 2, 2, 2, 2, 2, 2, 2, 2, 2, 2, 2, 2, 2, 2, 2, 2, 2, 2, 2, 2, 2], [0, 0, 0, 0, 0, 0, 0, 0, 0, 0, 0, -1, 0, 0, 0, 0, 0, 0, 0, 0, 0, 0, 0, 0, 0, 0, 0, 0, 0, 0, 0, 0, 0, 0, 0, 0, 0, 0, 0, 0, 0, 0, 0, 0, 0, 0, 0], [1, 1, 1, 1, 1, 1, 1, 1, 1, 1, 1, 1, -1, 1, 1, 1, 1, 1, 1, 1, 1, 1, 1, 1, 1, 1, 1, 1, 1, 1, 1, 1, 1, 1, 1, 1, 1, 1, 1, 1, 1, 1, 1, 1, 1, 1, 1], [0, 0, 0, 0, 0, 0, 0, 0, 0, 0, 0, 0, 0, -1, 0, 0, 0, 0, 0, 0, 0, 0, 0, 0, 0, 0, 0, 0, 0, 0, 0, 0, 0, 0, 0, 0, 0, 0, 0, 0, 0, 0, 0, 0, 0, 0, 0], [1, 1, 1, 1, 1, 1, 1, 1, 1, 1, 1, 1, 1, 1, -1, 1, 1, 1, 1, 1, 1, 1, 1, 1, 1, 1, 1, 1, 1, 1, 1, 1, 1, 1, 1, 1, 1, 1, 1, 1, 1, 1, 1, 1, 1, 1, 1], [2, 2, 2, 2, 2, 2, 2, 2, 2, 2, 2, 2, 2, 2, 2, -1, 2, 2, 2, 2, 2, 2, 2, 2, 2, 2, 2, 2, 2, 2, 2, 2, 2, 2, 2, 2, 2, 2, 2, 2, 2, 2, 2, 2, 2, 2, 2], [0, 0, 0, 0, 0, 0, 0, 0, 0, 0, 0, 0, 0, 0, 0, 0, -1, 0, 0, 0, 0, 0, 0, 0, 0, 0, 0, 0, 0, 0, 0, 0, 0, 0, 0, 0, 0, 0, 0, 0, 0, 0, 0, 0, 0, 0, 0], [0, 0, 0, 0, 0, 0, 0, 0, 0, 0, 0, 0, 0, 0, 0, 0, 0, -1, 0, 0, 0, 0, 0, 0, 0, 0, 0, 0, 0, 0, 0, 0, 0, 0, 0, 0, 0, 0, 0, 0, 0, 0, 0, 0, 0, 0, 0], [2, 2, 2, 2, 2, 2, 2, 2, 2, 2, 2, 2, 2, 2, 2, 2, 2, 2, -1, 2, 2, 2, 2, 2, 2, 2, 2, 2, 2, 2, 2, 2, 2, 2, 2, 2, 2, 2, 2, 2, 2, 2, 2, 2, 2, 2, 2], [0, 0, 0, 0, 0, 0, 0, 0, 0, 0, 0, 0, 0, 0, 0, 0, 0, 0, 0, -1, 0, 0, 0, 0, 0, 0, 0, 0, 0, 0, 0, 0, 0, 0, 0, 0, 0, 0, 0, 0, 0, 0, 0, 0, 0, 0, 0], [2, 2, 2, 2, 2, 2, 2, 2, 2, 2, 2, 2, 2, 2, 2, 2, 2, 2, 2, 2, -1, 2, 2, 2, 2, 2, 2, 2, 2, 2, 2, 2, 2, 2, 2, 2, 2, 2, 2, 2, 2, 2, 2, 2, 2, 2, 2], [1, 1, 1, 1, 1, 1, 1, 1, 1, 1, 1, 1, 1, 1, 1, 1, 1, 1, 1, 1, 1, -1, 1, 1, 1, 1, 1, 1, 1, 1, 1, 1, 1, 1, 1, 1, 1, 1, 1, 1, 1, 1, 1, 1, 1, 1, 1], [1, 1, 1, 1, 1, 1, 1, 1, 1, 1, 1, 1, 1, 1, 1, 1, 1, 1, 1, 1, 1, 1, -1, 1, 1, 1, 1, 1, 1, 1, 1, 1, 1, 1, 1, 1, 1, 1, 1, 1, 1, 1, 1, 1, 1, 1, 1], [0, 0, 0, 0, 0, 0, 0, 0, 0, 0, 0, 0, 0, 0, 0, 0, 0, 0, 0, 0, 0, 0, 0, -1, 0, 0, 0, 0, 0, 0, 0, 0, 0, 0, 0, 0, 0, 0, 0, 0, 0, 0, 0, 0, 0, 0, 0], [0, 0, 0, 0, 0, 0, 0, 0, 0, 0, 0, 0, 0, 0, 0, 0, 0, 0, 0, 0, 0, 0, 0, 0, -1, 0, 0, 0, 0, 0, 0, 0, 0, 0, 0, 0, 0, 0, 0, 0, 0, 0, 0, 0, 0, 0, 0], [2, 2, 2, 2, 2, 2, 2, 2, 2, 2, 2, 2, 2, 2, 2, 2, 2, 2, 2, 2, 2, 2, 2, 2, 2, -1, 2, 2, 2, 2, 2, 2, 2, 2, 2, 2, 2, 2, 2, 2, 2, 2, 2, 2, 2, 2, 2], [0, 0, 0, 0, 0, 0, 0, 0, 0, 0, 0, 0, 0, 0, 0, 0, 0, 0, 0, 0, 0, 0, 0, 0, 0, 0, -1, 0, 0, 0, 0, 0, 0, 0, 0, 0, 0, 0, 0, 0, 0, 0, 0, 0, 0, 0, 0], [0, 0, 0, 0, 0, 0, 0, 0, 0, 0, 0, 0, 0, 0, 0, 0, 0, 0, 0, 0, 0, 0, 0, 0, 0, 0, 0, -1, 0, 0, 0, 0, 0, 0, 0, 0, 0, 0, 0, 0, 0, 0, 0, 0, 0, 0, 0], [1, 1, 1, 1, 1, 1, 1, 1, 1, 1, 1, 1, 1, 1, 1, 1, 1, 1, 1, 1, 1, 1, 1, 1, 1, 1, 1, 1, -1, 1, 1, 1, 1, 1, 1, 1, 1, 1, 1, 1, 1, 1, 1, 1, 1, 1, 1], [0, 0, 0, 0, 0, 0, 0, 0, 0, 0, 0, 0, 0, 0, 0, 0, 0, 0, 0, 0, 0, 0, 0, 0, 0, 0, 0, 0, 0, -1, 0, 0, 0, 0, 0, 0, 0, 0, 0, 0, 0, 0, 0, 0, 0, 0, 0], [0, 0, 0, 0, 0, 0, 0, 0, 0, 0, 0, 0, 0, 0, 0, 0, 0, 0, 0, 0, 0, 0, 0, 0, 0, 0, 0, 0, 0, 0, -1, 0, 0, 0, 0, 0, 0, 0, 0, 0, 0, 0, 0, 0, 0, 0, 0], [2, 2, 2, 2, 2, 2, 2, 2, 2, 2, 2, 2, 2, 2, 2, 2, 2, 2, 2, 2, 2, 2, 2, 2, 2, 2, 2, 2, 2, 2, 2, -1, 2, 2, 2, 2, 2, 2, 2, 2, 2, 2, 2, 2, 2, 2, 2], [0, 0, 0, 0, 0, 0, 0, 0, 0, 0, 0, 0, 0, 0, 0, 0, 0, 0, 0, 0, 0, 0, 0, 0, 0, 0, 0, 0, 0, 0, 0, 0, -1, 0, 0, 0, 0, 0, 0, 0, 0, 0, 0, 0, 0, 0, 0], [0, 0, 0, 0, 0, 0, 0, 0, 0, 0, 0, 0, 0, 0, 0, 0, 0, 0, 0, 0, 0, 0, 0, 0, 0, 0, 0, 0, 0, 0, 0, 0, 0, -1, 0, 0, 0, 0, 0, 0, 0, 0, 0, 0, 0, 0, 0], [2, 2, 2, 2, 2, 2, 2, 2, 2, 2, 2, 2, 2, 2, 2, 2, 2, 2, 2, 2, 2, 2, 2, 2, 2, 2, 2, 2, 2, 2, 2, 2, 2, 2, -1, 2, 2, 2, 2, 2, 2, 2, 2, 2, 2, 2, 2], [0, 0, 0, 0, 0, 0, 0, 0, 0, 0, 0, 0, 0, 0, 0, 0, 0, 0, 0, 0, 0, 0, 0, 0, 0, 0, 0, 0, 0, 0, 0, 0, 0, 0, 0, -1, 0, 0, 0, 0, 0, 0, 0, 0, 0, 0, 0], [1, 1, 1, 1, 1, 1, 1, 1, 1, 1, 1, 1, 1, 1, 1, 1, 1, 1, 1, 1, 1, 1, 1, 1, 1, 1, 1, 1, 1, 1, 1, 1, 1, 1, 1, 1, -1, 1, 1, 1, 1, 1, 1, 1, 1, 1, 1], [0, 0, 0, 0, 0, 0, 0, 0, 0, 0, 0, 0, 0, 0, 0, 0, 0, 0, 0, 0, 0, 0, 0, 0, 0, 0, 0, 0, 0, 0, 0, 0, 0, 0, 0, 0, 0, -1, 0, 0, 0, 0, 0, 0, 0, 0, 0], [1, 1, 1, 1, 1, 1, 1, 1, 1, 1, 1, 1, 1, 1, 1, 1, 1, 1, 1, 1, 1, 1, 1, 1, 1, 1, 1, 1, 1, 1, 1, 1, 1, 1, 1, 1, 1, 1, -1, 1, 1, 1, 1, 1, 1, 1, 1], [1, 1, 1, 1, 1, 1, 1, 1, 1, 1, 1, 1, 1, 1, 1, 1, 1, 1, 1, 1, 1, 1, 1, 1, 1, 1, 1, 1, 1, 1, 1, 1, 1, 1, 1, 1, 1, 1, 1, -1, 1, 1, 1, 1, 1, 1, 1], [0, 0, 0, 0, 0, 0, 0, 0, 0, 0, 0, 0, 0, 0, 0, 0, 0, 0, 0, 0, 0, 0, 0, 0, 0, 0, 0, 0, 0, 0, 0, 0, 0, 0, 0, 0, 0, 0, 0, 0, -1, 0, 0, 0, 0, 0, 0], [1, 1, 1, 1, 1, 1, 1, 1, 1, 1, 1, 1, 1, 1, 1, 1, 1, 1, 1, 1, 1, 1, 1, 1, 1, 1, 1, 1, 1, 1, 1, 1, 1, 1, 1, 1, 1, 1, 1, 1, 1, -1, 1, 1, 1, 1, 1], [0, 0, 0, 0, 0, 0, 0, 0, 0, 0, 0, 0, 0, 0, 0, 0, 0, 0, 0, 0, 0, 0, 0, 0, 0, 0, 0, 0, 0, 0, 0, 0, 0, 0, 0, 0, 0, 0, 0, 0, 0, 0, -1, 0, 0, 0, 0], [0, 0, 0, 0, 0, 0, 0, 0, 0, 0, 0, 0, 0, 0, 0, 0, 0, 0, 0, 0, 0, 0, 0, 0, 0, 0, 0, 0, 0, 0, 0, 0, 0, 0, 0, 0, 0, 0, 0, 0, 0, 0, 0, -1, 0, 0, 0], [1, 1, 1, 1, 1, 1, 1, 1, 1, 1, 1, 1, 1, 1, 1, 1, 1, 1, 1, 1, 1, 1, 1, 1, 1, 1, 1, 1, 1, 1, 1, 1, 1, 1, 1, 1, 1, 1, 1, 1, 1, 1, 1, 1, -1, 1, 1], [2, 2, 2, 2, 2, 2, 2, 2, 2, 2, 2, 2, 2, 2, 2, 2, 2, 2, 2, 2, 2, 2, 2, 2, 2, 2, 2, 2, 2, 2, 2, 2, 2, 2, 2, 2, 2, 2, 2, 2, 2, 2, 2, 2, 2, -1, 2], [2, 2, 2, 2, 2, 2, 2, 2, 2, 2, 2, 2, 2, 2, 2, 2, 2, 2, 2, 2, 2, 2, 2, 2, 2, 2, 2, 2, 2, 2, 2, 2, 2, 2, 2, 2, 2, 2, 2, 2, 2, 2, 2, 2, 2, 2, -1]], "speed_zone_count": 73, "speed_zones": [[0.0, 15.0], [15.0, 30.0], [30.0, 45.0], [45.0, 60.0], [60.0, 75.0], [75.0, 90.0], [90.0, 105.0], [105.0, 120.0], [120.0, 135.0], [135.0, 150.0], [150.0, 165.0], [165.0, 180.0], [180.0, 195.0], [195.0, 210.0], [210.0, 225.0], [225.0, 240.0], [240.0, 255.0], [255.0, 270.0], [270.0, 285.0], [285.0, 300.0], [300.0, 315.0], [315.0, 330.0], [330.0, 345.0], [345.0, 360.0], [360.0, 375.0], [375.0, 390.0], [390.0, 405.0], [405.0, 420.0], [420.0, 435.0], [435.0, 450.0], [450.0, 465.0], [465.0, 480.0], [480.0, 495.0], [495.0, 510.0], [510.0, 525.0], [525.0, 540.0], [540.0, 555.0], [555.0, 570.0], [570.0, 585.0], [585.0, 600.0], [600.0, 615.0], [615.0, 630.0], [630.0, 645.0], [645.0, 660.0], [660.0, 675.0], [675.0, 690.0], [690.0, 705.0], [705.0, 720.0], [720.0, 735.0], [735.0, 750.0], [750.0, 765.0], [765.0, 780.0], [780.0, 795.0], [795.0, 810.0], [810.0, 825.0], [825.0, 840.0], [840.0, 855.0], [855.0, 870.0], [870.0, 885.0], [885.0, 900.0], [900.0, 915.0], [915.0, 930.0], [930.0, 945.0], [945.0, 960.0], [960.0, 975.0], [975.0, 990.0], [990.0, 1005.0], [1005.0, 1020.0], [1020.0, 1035.0], [1035.0, 1050.0], [1050.0, 1065.0], [1065.0, 1080.0], [1080.0, 5000.0]], "distances": [[0.0, 48.43, 76.32, 50.44, 82.42, 62.6, 70.95, 75.1, 67.84, 61.43, 105.35, 73.31, 54.98, 69.99, 71.44, 107.32, 70.13, 69.13, 105.47, 82.27, 34.87, 86.2, 89.04, 75.07, 63.43, 44.59, 57.8, 83.15, 72.83, 69.85, 72.75, 106.68, 69.17, 80.39, 61.73, 68.84, 85.51, 61.09, 54.29, 73.8, 69.49, 82.43, 64.71, 58.93, 84.93, 106.92, 0.0], [0.0, 0.0, 30.26, 30.53, 34.52, 16.51, 25.81, 27.53, 22.71, 15.35, 58.81, 24.89, 9.64, 22.07, 25.12, 65.58, 21.97, 27.29, 61.58, 34.09, 17.36, 38.41, 41.23, 28.89, 17.13, 7.9, 9.64, 34.92, 26.19, 27.44, 24.38, 63.51, 26.99, 33.6, 21.48, 25.26, 38.49, 15.26, 8.37, 26.31, 25.01, 40.63, 16.98, 10.51, 39.12, 60.12, 48.43], [0.0, 30.26, 0.0, 55.82, 9.89, 13.98, 5.61, 23.14, 8.52, 15.18, 29.06, 13.84, 21.64, 10.38, 27.21, 36.33, 19.35, 11.03, 31.49, 11.75, 47.61, 12.05, 14.51, 10.11, 13.24, 37.43, 21.04, 12.72, 26.47, 9.9, 12.8, 33.64, 10.51, 4.59, 37.15, 8.85, 9.56, 15.43, 22.57, 23.28, 7.42, 14.12, 13.83, 21.87, 8.87, 30.6, 76.32], [0.0, 30.53, 55.82, 0.0, 55.64, 44.44, 53.02, 39.81, 50.4, 43.54, 80.64, 44.52, 39.51, 45.56, 34.29, 92.1, 38.74, 56.42, 86.62, 54.06, 21.68, 59.36, 61.72, 54.5, 44.73, 23.19, 36.22, 54.43, 35.85, 56.29, 44.89, 89.08, 55.99, 57.58, 20.92, 53.72, 61.38, 43.69, 38.2, 38.65, 52.89, 68.63, 42.34, 34.41, 63.86, 81.35, 50.44], [0.0, 34.52, 9.89, 55.64, 0.0, 20.26, 14.7, 17.93, 16.76, 21.34, 25.2, 11.16, 27.58, 12.48, 23.15, 38.09, 16.92, 20.86, 31.51, 14.42, 51.28, 10.86, 6.71, 10.23, 19.39, 40.61, 24.89, 14.01, 21.96, 19.74, 10.98, 34.27, 20.31, 6.13, 35.37, 18.32, 6.31, 21.77, 28.17, 18.59, 16.62, 21.27, 17.72, 24.5, 10.7, 26.17, 82.42], [0.0, 16.51, 13.98, 44.44, 20.26, 0.0, 9.3, 22.12, 6.24, 9.97, 42.97, 14.36, 7.68, 8.83, 23.38, 49.14, 15.9, 12.09, 45.09, 20.66, 33.85, 23.83, 26.65, 12.66, 9.05, 24.04, 8.23, 21.66, 23.48, 11.87, 13.22, 47.01, 11.62, 17.81, 28.57, 9.28, 22.91, 10.53, 8.59, 21.46, 8.65, 24.48, 4.8, 10.3, 22.84, 44.44, 62.6], [0.0, 25.81, 5.61, 53.02, 14.7, 9.3, 0.0, 24.23, 12.03, 10.46, 34.4, 14.8, 16.7, 9.53, 27.36, 39.87, 19.24, 6.77, 35.83, 16.1, 43.14, 17.4, 19.98, 4.66, 8.72, 33.31, 17.17, 17.13, 26.93, 5.78, 13.56, 37.71, 6.15, 10.14, 35.57, 12.81, 15.17, 10.59, 17.75, 24.06, 10.18, 15.62, 10.75, 18.61, 13.99, 36.02, 70.95], [0.0, 27.53, 23.14, 39.81, 17.93, 22.12, 24.23, 0.0, 23.81, 22.44, 41.49, 9.48, 25.73, 14.94, 5.61, 56.01, 6.38, 30.75, 49.26, 15.75, 40.97, 20.97, 22.84, 22.35, 21.51, 30.58, 20.11, 15.76, 4.17, 29.9, 10.7, 52.11, 30.12, 22.28, 18.9, 27.31, 24.23, 22.99, 25.45, 10.24, 25.52, 37.15, 17.33, 17.7, 28.23, 41.97, 75.1], [0.0, 22.71, 8.52, 50.4, 16.76, 6.24, 12.03, 23.81, 0.0, 7.36, 37.5, 14.68, 13.53, 8.88, 26.34, 42.9, 18.29, 7.15, 38.98, 17.83, 40.02, 19.81, 22.5, 7.37, 5.76, 30.29, 14.32, 18.88, 26.09, 6.53, 13.4, 40.83, 6.55, 12.88, 33.56, 14.78, 18.0, 7.46, 14.59, 23.46, 10.92, 18.31, 8.52, 16.01, 17.12, 39.09, 67.84], [0.0, 15.35, 15.18, 43.54, 21.34, 9.97, 10.46, 22.44, 7.36, 0.0, 44.16, 15.02, 6.49, 9.67, 23.41, 50.26, 16.15, 12.9, 46.27, 21.68, 32.68, 24.95, 27.77, 13.85, 9.43, 22.93, 7.34, 22.67, 23.6, 12.75, 13.93, 48.17, 12.45, 18.99, 28.04, 10.25, 24.09, 10.9, 7.4, 21.72, 9.73, 25.53, 5.18, 9.62, 24.03, 45.62, 61.43], [0.0, 58.81, 29.06, 80.64, 25.2, 42.97, 34.4, 41.49, 37.5, 44.16, 0.0, 36.33, 50.65, 36.99, 47.08, 20.83, 41.93, 37.23, 12.49, 26.59, 75.97, 21.35, 18.91, 30.34, 42.19, 65.43, 49.25, 26.21, 45.66, 36.3, 36.18, 15.59, 37.02, 25.24, 60.03, 36.77, 20.33, 44.45, 51.52, 42.47, 35.93, 26.66, 41.85, 49.33, 20.45, 26.65, 105.35], [0.0, 24.89, 13.84, 44.52, 11.16, 14.36, 14.8, 9.48, 14.68, 15.02, 36.33, 0.0, 19.96, 5.91, 13.4, 48.39, 5.96, 21.42, 42.3, 9.86, 40.9, 14.98, 17.54, 12.95, 13.59, 30.16, 15.63, 10.48, 12.63, 20.52, 10.57, 44.92, 20.79, 13.76, 24.48, 18.01, 16.93, 15.57, 20.13, 9.47, 16.18, 27.95, 9.98, 14.42, 20.04, 37.23, 73.31], [0.0, 9.64, 21.64, 39.51, 27.58, 7.68, 16.7, 25.73, 13.53, 6.49, 50.65, 19.96, 0.0, 15.41, 25.33, 56.16, 19.39, 17.65, 52.5, 27.71, 26.65, 31.28, 34.11, 20.33, 8.48, 17.52, 6.02, 28.66, 25.9, 17.83, 19.06, 54.29, 17.36, 25.48, 26.68, 15.74, 30.57, 6.21, 11.46, 24.77, 15.67, 31.08, 10.2, 8.99, 30.47, 52.12, 54.98], [0.0, 22.07, 10.38, 45.56, 12.48, 8.83, 9.53, 14.94, 8.88, 9.67, 36.99, 5.91, 15.41, 0.0, 17.83, 46.54, 9.71, 15.84, 41.25, 12.34, 39.01, 16.35, 19.18, 9.14, 8.0, 28.44, 12.43, 13.27, 17.41, 15.03, 4.66, 43.6, 15.21, 12.22, 26.8, 12.38, 16.71, 10.19, 15.86, 14.64, 10.63, 24.14, 5.29, 12.35, 18.38, 38.2, 69.99], [0.0, 25.12, 27.21, 34.29, 23.15, 23.38, 27.36, 5.61, 26.34, 23.41, 47.08, 13.4, 25.33, 17.83, 0.0, 61.2, 8.11, 33.48, 54.62, 21.09, 36.87, 26.38, 28.36, 26.24, 22.93, 26.88, 19.35, 21.2, 9.78, 32.75, 14.4, 57.42, 32.86, 26.98, 13.37, 30.02, 29.41, 23.92, 24.77, 4.63, 28.36, 41.32, 18.7, 16.51, 33.12, 47.57, 71.44], [0.0, 65.58, 36.33, 92.1, 38.09, 49.14, 39.87, 56.01, 42.9, 50.26, 20.83, 48.39, 56.16, 46.54, 61.2, 0.0, 54.34, 39.05, 8.37, 40.29, 82.8, 35.25, 33.99, 37.67, 48.59, 73.18, 57.0, 40.39, 60.04, 38.6, 47.74, 5.25, 39.18, 34.72, 72.82, 40.43, 31.8, 50.33, 57.33, 56.66, 40.57, 25.31, 50.06, 58.13, 28.4, 22.4, 107.32], [0.0, 21.97, 19.35, 38.74, 16.92, 15.9, 19.24, 6.38, 18.29, 16.15, 41.93, 5.96, 19.39, 9.71, 8.11, 54.34, 0.0, 25.4, 48.24, 15.33, 36.71, 20.62, 23.03, 18.31, 15.35, 26.04, 13.9, 15.76, 7.8, 24.65, 6.68, 50.88, 24.79, 19.69, 18.53, 21.94, 22.85, 16.69, 19.16, 5.57, 20.26, 33.44, 11.11, 11.71, 25.98, 42.71, 70.13], [0.0, 27.29, 11.03, 56.42, 20.86, 12.09, 6.77, 30.75, 7.15, 12.9, 37.23, 21.42, 17.65, 15.84, 33.48, 39.05, 25.4, 0.0, 36.37, 22.52, 44.1, 23.01, 25.33, 10.66, 11.97, 35.16, 20.23, 23.54, 33.19, 9.64, 20.15, 37.75, 9.85, 15.46, 40.43, 18.81, 19.93, 12.73, 18.92, 30.48, 5.24, 13.74, 15.49, 22.38, 17.21, 39.07, 69.13], [0.0, 61.58, 31.49, 86.62, 31.51, 45.09, 35.83, 49.26, 38.98, 46.27, 12.49, 42.3, 52.5, 41.25, 54.62, 8.37, 48.24, 36.37, 0.0, 33.54, 78.94, 28.3, 26.7, 32.87, 44.45, 68.9, 52.53, 33.5, 53.37, 35.72, 41.8, 13.61, 36.37, 29.07, 66.77, 37.08, 25.39, 46.42, 53.57, 50.02, 36.86, 23.18, 45.31, 53.3, 22.88, 14.16, 105.47], [0.0, 34.09, 11.75, 54.06, 14.42, 20.66, 16.1, 15.75, 17.83, 21.68, 26.59, 9.86, 27.71, 12.34, 21.09, 40.29, 15.33, 22.52, 33.54, 0.0, 50.56, 5.34, 7.71, 11.87, 19.79, 39.84, 24.52, 10.54, 19.84, 21.42, 9.95, 36.36, 21.95, 8.41, 33.59, 19.77, 8.62, 22.15, 28.19, 16.49, 17.99, 23.67, 17.62, 23.85, 13.15, 27.41, 82.27], [0.0, 17.36, 47.61, 21.68, 51.28, 33.85, 43.14, 40.97, 40.02, 32.68, 75.97, 40.9, 26.65, 39.01, 36.87, 82.8, 36.71, 44.1, 78.94, 50.56, 0.0, 55.21, 57.98, 46.24, 34.49, 10.74, 26.74, 51.3, 38.32, 44.38, 40.63, 80.85, 43.87, 50.84, 26.94, 42.39, 55.64, 32.56, 25.48, 39.65, 42.27, 57.69, 34.14, 26.78, 56.46, 77.2, 34.87], [0.0, 38.41, 12.05, 59.36, 10.86, 23.83, 17.4, 20.97, 19.81, 24.95, 21.35, 14.98, 31.28, 16.35, 26.38, 35.25, 20.62, 23.01, 28.3, 5.34, 55.21, 0.0, 10.3, 12.75, 22.97, 44.54, 28.78, 5.2, 25.1, 21.89, 14.88, 31.18, 22.52, 7.55, 38.93, 20.86, 4.55, 25.35, 31.92, 21.76, 19.3, 20.99, 21.55, 28.44, 9.6, 22.27, 86.2], [0.0, 41.23, 14.51, 61.72, 6.71, 26.65, 19.98, 22.84, 22.5, 27.77, 18.91, 17.54, 34.11, 19.18, 28.36, 33.99, 23.03, 25.33, 26.7, 7.71, 57.98, 10.3, 0.0, 15.32, 25.79, 47.3, 31.59, 7.29, 27.01, 24.21, 17.53, 29.68, 24.87, 9.93, 41.15, 23.36, 5.75, 28.17, 34.75, 23.73, 21.86, 21.98, 24.38, 31.21, 10.49, 19.7, 89.04], [0.0, 28.89, 10.11, 54.5, 10.23, 12.66, 4.66, 22.35, 7.37, 13.85, 30.34, 12.95, 20.33, 9.14, 26.24, 37.67, 18.31, 10.66, 32.87, 11.87, 46.24, 12.75, 15.32, 0.0, 11.91, 36.05, 19.67, 12.88, 25.56, 9.55, 11.86, 35.01, 10.1, 5.52, 35.94, 8.15, 10.63, 14.12, 21.24, 22.42, 6.55, 15.14, 12.46, 20.51, 10.23, 31.86, 75.07], [0.0, 17.13, 13.24, 44.73, 19.39, 9.05, 8.72, 21.51, 5.76, 9.43, 42.19, 13.59, 8.48, 8.0, 22.93, 48.59, 15.35, 11.97, 44.45, 19.79, 34.49, 22.97, 25.79, 11.91, 0.0, 24.59, 8.57, 20.79, 22.99, 11.68, 12.43, 46.4, 11.47, 17.0, 28.53, 9.02, 22.1, 9.98, 9.34, 20.88, 8.22, 24.06, 4.25, 10.44, 22.11, 43.64, 63.43], [0.0, 7.9, 37.43, 23.19, 40.61, 24.04, 33.31, 30.58, 30.29, 22.93, 65.43, 30.16, 17.52, 28.44, 26.88, 73.18, 26.04, 35.16, 68.9, 39.84, 10.74, 44.54, 47.3, 36.05, 24.59, 0.0, 16.39, 40.56, 28.25, 35.27, 29.9, 70.94, 34.84, 40.43, 19.1, 33.02, 45.13, 22.9, 16.24, 29.27, 32.66, 48.39, 23.74, 16.12, 46.21, 66.62, 44.59], [0.0, 9.64, 21.04, 36.22, 24.89, 8.23, 17.17, 20.11, 14.32, 7.34, 49.25, 15.63, 6.02, 12.43, 19.35, 57.0, 13.9, 20.23, 52.53, 24.52, 26.74, 28.78, 31.59, 19.67, 8.57, 16.39, 0.0, 25.37, 19.98, 20.07, 14.98, 54.61, 19.79, 24.11, 21.3, 17.51, 28.92, 7.53, 5.44, 19.07, 16.79, 32.63, 7.41, 13.74, 29.82, 50.53, 57.8], [0.0, 34.92, 12.72, 54.43, 14.01, 21.66, 17.13, 15.76, 18.88, 22.67, 26.21, 10.48, 28.66, 13.27, 21.2, 40.39, 15.76, 23.54, 33.5, 10.54, 51.3, 5.2, 7.29, 12.88, 20.79, 40.56, 25.37, 0.0, 19.9, 22.43, 10.67, 36.37, 22.97, 9.23, 33.87, 20.81, 8.93, 23.14, 29.12, 16.57, 19.03, 24.37, 18.54, 24.62, 13.64, 26.95, 83.15], [0.0, 26.19, 26.47, 35.85, 21.96, 23.48, 26.93, 4.17, 26.09, 23.6, 45.66, 12.63, 25.9, 17.41, 9.78, 60.04, 7.8, 33.19, 53.37, 19.84, 38.32, 25.1, 27.01, 25.56, 22.99, 28.25, 19.98, 19.9, 0.0, 32.42, 13.71, 56.2, 32.57, 26.02, 14.94, 29.73, 28.25, 24.12, 25.41, 13.37, 28.02, 40.57, 18.74, 17.23, 32.09, 46.12, 72.83], [0.0, 27.44, 9.9, 56.29, 19.74, 11.87, 5.78, 29.9, 6.53, 12.75, 36.3, 20.52, 17.83, 15.03, 32.75, 38.6, 24.65, 9.64, 35.72, 21.42, 44.38, 21.89, 24.21, 9.55, 11.68, 35.27, 20.07, 22.43, 32.42, 0.0, 19.26, 37.17, 9.01, 14.34, 40.0, 17.7, 18.83, 12.63, 19.07, 29.66, 4.4, 13.33, 15.0, 22.12, 16.19, 38.12, 69.85], [0.0, 24.38, 12.8, 44.89, 10.98, 13.22, 13.56, 10.7, 13.4, 13.93, 36.18, 10.57, 19.06, 4.66, 14.4, 47.74, 6.68, 20.15, 41.8, 9.95, 40.63, 14.88, 17.53, 11.86, 12.43, 29.9, 14.98, 10.67, 13.71, 19.26, 0.0, 44.37, 19.52, 13.03, 25.08, 16.74, 16.49, 14.47, 19.28, 10.62, 14.91, 26.92, 8.97, 13.98, 19.35, 37.14, 72.75], [0.0, 63.51, 33.64, 89.08, 34.27, 47.01, 37.71, 52.11, 40.83, 48.17, 15.59, 44.92, 54.29, 43.6, 57.42, 5.25, 50.88, 37.75, 13.61, 36.36, 80.85, 31.18, 29.68, 35.01, 46.4, 70.94, 54.61, 36.37, 56.2, 37.17, 44.37, 0.0, 37.8, 31.51, 69.4, 38.71, 28.08, 48.29, 55.4, 52.83, 38.62, 24.24, 47.48, 55.51, 25.23, 17.15, 106.68], [0.0, 26.99, 10.51, 55.99, 20.31, 11.62, 6.15, 30.12, 6.55, 12.45, 37.02, 20.79, 17.36, 15.21, 32.86, 39.18, 24.79, 9.85, 36.37, 21.95, 43.87, 22.52, 24.87, 10.1, 11.47, 34.84, 19.79, 22.97, 32.57, 9.01, 19.52, 37.8, 0.0, 14.98, 39.89, 18.25, 19.51, 12.3, 18.62, 29.85, 4.61, 13.88, 14.93, 21.9, 16.9, 38.84, 69.17], [0.0, 33.6, 4.59, 57.58, 6.13, 17.81, 10.14, 22.28, 12.88, 18.99, 25.24, 13.76, 25.48, 12.22, 26.98, 34.72, 19.69, 15.46, 29.07, 8.41, 50.84, 7.55, 9.93, 5.52, 17.0, 40.43, 24.11, 9.23, 26.02, 14.34, 13.03, 31.51, 14.98, 0.0, 38.1, 13.43, 5.14, 19.31, 26.31, 22.67, 11.99, 15.39, 16.71, 24.47, 6.33, 26.65, 80.39], [0.0, 21.48, 37.15, 20.92, 35.37, 28.57, 35.57, 18.9, 33.56, 28.04, 60.03, 24.48, 26.68, 26.8, 13.37, 72.82, 18.53, 40.43, 66.77, 33.59, 26.94, 38.93, 41.15, 35.94, 28.53, 19.1, 21.3, 33.87, 14.94, 40.0, 25.08, 69.4, 39.89, 38.1, 0.0, 37.23, 41.38, 28.39, 25.61, 17.76, 35.96, 50.88, 25.03, 18.53, 44.42, 60.64, 61.73], [0.0, 25.26, 8.85, 53.72, 18.32, 9.28, 12.81, 27.31, 14.78, 10.25, 36.77, 18.01, 15.74, 12.38, 30.02, 40.43, 21.94, 18.81, 37.08, 19.77, 42.39, 20.86, 23.36, 8.15, 9.02, 33.02, 17.51, 20.81, 29.73, 17.7, 16.74, 38.71, 18.25, 13.43, 37.23, 0.0, 18.28, 10.18, 16.94, 27.02, 14.7, 15.37, 12.22, 19.45, 16.36, 38.49, 68.84], [0.0, 38.49, 9.56, 61.38, 6.31, 22.91, 15.17, 24.23, 18.0, 24.09, 20.33, 16.93, 30.57, 16.71, 29.41, 31.8, 22.85, 19.93, 25.39, 8.62, 55.64, 4.55, 5.75, 10.63, 22.1, 45.13, 28.92, 8.93, 28.25, 18.83, 16.49, 28.08, 19.51, 5.14, 41.38, 18.28, 0.0, 24.42, 31.37, 24.87, 16.97, 16.48, 21.52, 29.06, 5.06, 21.64, 85.51], [0.0, 15.26, 15.43, 43.69, 21.77, 10.53, 10.59, 22.99, 7.46, 10.9, 44.45, 15.57, 6.21, 10.19, 23.92, 50.33, 16.69, 12.73, 46.42, 22.15, 32.56, 25.35, 28.17, 14.12, 9.98, 22.9, 7.53, 23.14, 24.12, 12.63, 14.47, 48.29, 12.3, 19.31, 28.39, 10.18, 24.42, 0.0, 7.18, 22.26, 9.76, 25.51, 5.73, 9.92, 24.27, 45.93, 61.09], [0.0, 8.37, 22.57, 38.2, 28.17, 8.59, 17.75, 25.45, 14.59, 7.4, 51.52, 20.13, 11.46, 15.86, 24.77, 57.33, 19.16, 18.92, 53.57, 28.19, 25.48, 31.92, 34.75, 21.24, 9.34, 16.24, 5.44, 29.12, 25.41, 19.07, 19.28, 55.4, 18.62, 26.31, 25.61, 16.94, 31.37, 7.18, 0.0, 24.44, 16.79, 32.29, 10.58, 8.3, 31.43, 52.96, 54.29], [0.0, 26.31, 23.28, 38.65, 18.59, 21.46, 24.06, 10.24, 23.46, 21.72, 42.47, 9.47, 24.77, 14.64, 4.63, 56.66, 5.57, 30.48, 50.02, 16.49, 39.65, 21.76, 23.73, 22.42, 20.88, 29.27, 19.07, 16.57, 13.37, 29.66, 10.62, 52.83, 29.85, 22.67, 17.76, 27.02, 24.87, 22.26, 24.44, 0.0, 25.27, 37.35, 16.66, 16.58, 28.72, 42.99, 73.8], [0.0, 25.01, 7.42, 52.89, 16.62, 8.65, 10.18, 25.52, 10.92, 9.73, 35.93, 16.18, 15.67, 10.63, 28.36, 40.57, 20.26, 5.24, 36.86, 17.99, 42.27, 19.3, 21.86, 6.55, 8.22, 32.66, 16.79, 19.03, 28.02, 4.4, 14.91, 38.62, 4.61, 11.99, 35.96, 14.7, 16.97, 9.76, 16.79, 25.27, 0.0, 15.85, 10.95, 18.5, 15.48, 37.59, 69.49], [0.0, 40.63, 14.12, 68.63, 21.27, 24.48, 15.62, 37.15, 18.31, 25.53, 26.66, 27.95, 31.08, 24.14, 41.32, 25.31, 33.44, 13.74, 23.18, 23.67, 57.69, 20.99, 21.98, 15.14, 24.06, 48.39, 32.63, 24.37, 40.57, 13.33, 26.92, 24.24, 13.88, 15.39, 50.88, 15.37, 16.48, 25.51, 32.29, 37.35, 15.85, 0.0, 26.35, 34.22, 11.5, 28.75, 82.43], [0.0, 16.98, 13.83, 42.34, 17.72, 4.8, 10.75, 17.33, 8.52, 5.18, 41.85, 9.98, 10.2, 5.29, 18.7, 50.06, 11.11, 15.49, 45.31, 17.62, 34.14, 21.55, 24.38, 12.46, 4.25, 23.74, 7.41, 18.54, 18.74, 15.0, 8.97, 47.48, 14.93, 16.71, 25.03, 12.22, 21.52, 5.73, 10.58, 16.66, 10.95, 26.35, 0.0, 8.06, 22.51, 43.14, 64.71], [0.0, 10.51, 21.87, 34.41, 24.5, 10.3, 18.61, 17.7, 16.01, 9.62, 49.33, 14.42, 8.99, 12.35, 16.51, 58.13, 11.71, 22.38, 53.3, 23.85, 26.78, 28.44, 31.21, 20.51, 10.44, 16.12, 13.74, 24.62, 17.23, 22.12, 13.98, 55.51, 21.9, 24.47, 18.53, 19.45, 29.06, 9.92, 8.3, 16.58, 18.5, 34.22, 8.06, 0.0, 30.45, 50.5, 58.93], [0.0, 39.12, 8.87, 63.86, 10.7, 22.84, 13.99, 28.23, 17.12, 24.03, 20.45, 20.04, 30.47, 18.38, 33.12, 28.4, 25.98, 17.21, 22.88, 13.15, 56.46, 9.6, 10.49, 10.23, 22.11, 46.21, 29.82, 13.64, 32.09, 16.19, 19.35, 25.23, 16.9, 6.33, 44.42, 16.36, 5.06, 24.27, 31.43, 28.72, 15.48, 11.5, 22.51, 30.45, 0.0, 22.13, 84.93], [0.0, 60.12, 30.6, 81.35, 26.17, 44.44, 36.02, 41.97, 39.09, 45.62, 26.65, 37.23, 52.12, 38.2, 47.57, 22.4, 42.71, 39.07, 14.16, 27.41, 77.2, 22.27, 19.7, 31.86, 43.64, 66.62, 50.53, 26.95, 46.12, 38.12, 37.14, 17.15, 38.84, 26.65, 60.64, 38.49, 21.64, 45.93, 52.96, 42.99, 37.59, 28.75, 43.14, 50.5, 22.13, 0.0, 106.92], [0.0, 0.0, 0.0, 0.0, 0.0, 0.0, 0.0, 0.0, 0.0, 0.0, 0.0, 0.0, 0.0, 0.0, 0.0, 0.0, 0.0, 0.0, 0.0, 0.0, 0.0, 0.0, 0.0, 0.0, 0.0, 0.0, 0.0, 0.0, 0.0, 0.0, 0.0, 0.0, 0.0, 0.0, 0.0, 0.0, 0.0, 0.0, 0.0, 0.0, 0.0, 0.0, 0.0, 0.0, 0.0, 0.0, 0.0]], "time_windows": [[0.0, 5000.0], [0.0, 93.0], [0.0, 129.0], [0.0, 225.0], [0.0, 371.0], [0.0, 406.0], [0.0, 421.0], [0.0, 458.0], [0.0, 520.0], [0.0, 544.0], [0.0, 648.0], [0.0, 704.0], [0.0, 732.0], [0.0, 752.0], [0.0, 778.0], [0.0, 891.0], [0.0, 984.0], [0.0, 1017.0], [0.0, 1061.0], [0.0, 1098.0], [0.0, 1149.0], [0.0, 1204.0], [0.0, 1215.0], [0.0, 1230.0], [0.0, 1242.0], [0.0, 1266.0], [0.0, 1283.0], [0.0, 1308.0], [0.0, 1328.0], [0.0, 1361.0], [0.0, 1380.0], [0.0, 1424.0], [0.0, 1462.0], [0.0, 1477.0], [0.0, 1515.0], [0.0, 1552.0], [0.0, 1571.0], [0.0, 1595.0], [0.0, 1602.0], [0.0, 1627.0], [0.0, 1652.0], [0.0, 1668.0], [0.0, 1694.0], [0.0, 1702.0], [0.0, 1733.0], [0.0, 1755.0], [0.0, 5000.0]], "start_depot": 0, "end_depot": 46, "horizon": [0.0, 5000.0]}