{"digraph": {"vertex_count": 47, "arc_count": 2070, "arcs": [[0, 1, 1, 1, 1, 1, 1, 1, 1, 1, 1, 1, 1, 1, 1, 1, 1, 1, 1, 1, 1, 1, 1, 1, 1, 1, 1, 1, 1, 1, 1, 1, 1, 1, 1, 1, 1, 1, 1, 1, 1, 1, 1, 1, 1, 1, 1], [0, 0, 1, 1, 1, 1, 1, 1, 1, 1, 1, 1, 1, 1, 1, 1, 1, 1, 1, 1, 1, 1, 1, 1, 1, 1, 1, 1, 1, 1, 1, 1, 1, 1, 1, 1, 1, 1, 1, 1, 1, 1, 1, 1, 1, 1, 1], [0, 1, 0, 1, 1, 1, 1, 1, 1, 1, 1, 1, 1, 1, 1, 1, 1, 1, 1, 1, 1, 1, 1, 1, 1, 1, 1, 1, 1, 1, 1, 1, 1, 1, 1, 1, 1, 1, 1, 1, 1, 1, 1, 1, 1, 1, 1], [0, 1, 1, 0, 1, 1, 1, 1, 1, 1, 1, 1, 1, 1, 1, 1, 1, 1, 1, 1, 1, 1, 1, 1, 1, 1, 1, 1, 1, 1, 1, 1, 1, 1, 1, 1, 1, 1, 1, 1, 1, 1, 1, 1, 1, 1, 1], [0, 1, 1, 1, 0, 1, 1, 1, 1, 1, 1, 1, 1, 1, 1, 1, 1, 1, 1, 1, 1, 1, 1, 1, 1, 1, 1, 1, 1, 1, 1, 1, 1, 1, 1, 1, 1, 1, 1, 1, 1, 1, 1, 1, 1, 1, 1], [0, 1, 1, 1, 1, 0, 1, 1, 1, 1, 1, 1, 1, 1, 1, 1, 1, 1, 1, 1, 1, 1, 1, 1, 1, 1, 1, 1, 1, 1, 1, 1, 1, 1, 1, 1, 1, 1, 1, 1, 1, 1, 1, 1, 1, 1, 1], [0, 1, 1, 1, 1, 1, 0, 1, 1, 1, 1, 1, 1, 1, 1, 1, 1, 1, 1, 1, 1, 1, 1, 1, 1, 1, 1, 1, 1, 1, 1, 1, 1, 1, 1, 1, 1, 1, 1, 1, 1, 1, 1, 1, 1, 1, 1], [0, 1, 1, 1, 1, 1, 1, 0, 1, 1, 1, 1, 1, 1, 1, 1, 1, 1, 1, 1, 1, 1, 1, 1, 1, 1, 1, 1, 1, 1, 1, 1, 1, 1, 1, 1, 1, 1, 1, 1, 1, 1, 1, 1, 1, 1, 1], [0, 1, 1, 1, 1, 1, 1, 1, 0, 1, 1, 1, 1, 1, 1, 1, 1, 1, 1, 1, 1, 1, 1, 1, 1, 1, 1, 1, 1, 1, 1, 1, 1, 1, 1, 1, 1, 1, 1, 1, 1, 1, 1, 1, 1, 1, 1], [0, 1, 1, 1, 1, 1, 1, 1, 1, 0, 1, 1, 1, 1, 1, 1, 1, 1, 1, 1, 1, 1, 1, 1, 1, 1, 1, 1, 1, 1, 1, 1, 1, 1, 1, 1, 1, 1, 1, 1, 1, 1, 1, 1, 1, 1, 1], [0, 1, 1, 1, 1, 1, 1, 1, 1, 1, 0, 1, 1, 1, 1, 1, 1, 1, 1, 1, 1, 1, 1, 1, 1, 1, 1, 1, 1, 1, 1, 1, 1, 1, 1, 1, 1, 1, 1, 1, 1, 1, 1, 1, 1, 1, 1], [0, 1, 1, 1, 1, 1, 1, 1, 1, 1, 1, 0, 1, 1, 1, 1, 1, 1, 1, 1, 1, 1, 1, 1, 1, 1, 1, 1, 1, 1, 1, 1, 1, 1, 1, 1, 1, 1, 1, 1, 1, 1, 1, 1, 1, 1, 1], [0, 1, 1, 1, 1, 1, 1, 1, 1, 1, 1, 1, 0, 1, 1, 1, 1, 1, 1, 1, 1, 1, 1, 1, 1, 1, 1, 1, 1, 1, 1, 1, 1, 1, 1, 1, 1, 1, 1, 1, 1, 1, 1, 1, 1, 1, 1], [0, 1, 1, 1, 1, 1, 1, 1, 1, 1, 1, 1, 1, 0, 1, 1, 1, 1, 1, 1, 1, 1, 1, 1, 1, 1, 1, 1, 1, 1, 1, 1, 1, 1, 1, 1, 1, 1, 1, 1, 1, 1, 1, 1, 1, 1, 1], [0, 1, 1, 1, 1, 1, 1, 1, 1, 1, 1, 1, 1, 1, 0, 1, 1, 1, 1, 1, 1, 1, 1, 1, 1, 1, 1, 1, 1, 1, 1, 1, 1, 1, 1, 1, 1, 1, 1, 1, 1, 1, 1, 1, 1, 1, 1], [0, 1, 1, 1, 1, 1, 1, 1, 1, 1, 1, 1, 1, 1, 1, 0, 1, 1, 1, 1, 1, 1, 1, 1, 1, 1, 1, 1, 1, 1, 1, 1, 1, 1, 1, 1, 1, 1, 1, 1, 1, 1, 1, 1, 1, 1, 1], [0, 1, 1, 1, 1, 1, 1, 1, 1, 1, 1, 1, 1, 1, 1, 1, 0, 1, 1, 1, 1, 1, 1, 1, 1, 1, 1, 1, 1, 1, 1, 1, 1, 1, 1, 1, 1, 1, 1, 1, 1, 1, 1, 1, 1, 1, 1], [0, 1, 1, 1, 1, 1, 1, 1, 1, 1, 1, 1, 1, 1, 1, 1, 1, 0, 1, 1, 1, 1, 1, 1, 1, 1, 1, 1, 1, 1, 1, 1, 1, 1, 1, 1, 1, 1, 1, 1, 1, 1, 1, 1, 1, 1, 1], [0, 1, 1, 1, 1, 1, 1, 1, 1, 1, 1, 1, 1, 1, 1, 1, 1, 1, 0, 1, 1, 1, 1, 1, 1, 1, 1, 1, 1, 1, 1, 1, 1, 1, 1, 1, 1, 1, 1, 1, 1, 1, 1, 1, 1, 1, 1], [0, 1, 1, 1, 1, 1, 1, 1, 1, 1, 1, 1, 1, 1, 1, 1, 1, 1, 1, 0, 1, 1, 1, 1, 1, 1, 1, 1, 1, 1, 1, 1, 1, 1, 1, 1, 1, 1, 1, 1, 1, 1, 1, 1, 1, 1, 1], [0, 1, 1, 1, 1, 1, 1, 1, 1, 1, 1, 1, 1, 1, 1, 1, 1, 1, 1, 1, 0, 1, 1, 1, 1, 1, 1, 1, 1, 1, 1, 1, 1, 1, 1, 1, 1, 1, 1, 1, 1, 1, 1, 1, 1, 1, 1], [0, 1, 1, 1, 1, 1, 1, 1, 1, 1, 1, 1, 1, 1, 1, 1, 1, 1, 1, 1, 1, 0, 1, 1, 1, 1, 1, 1, 1, 1, 1, 1, 1, 1, 1, 1, 1, 1, 1, 1, 1, 1, 1, 1, 1, 1, 1], [0, 1, 1, 1, 1, 1, 1, 1, 1, 1, 1, 1, 1, 1, 1, 1, 1, 1, 1, 1, 1, 1, 0, 1, 1, 1, 1, 1, 1, 1, 1, 1, 1, 1, 1, 1, 1, 1, 1, 1, 1, 1, 1, 1, 1, 1, 1], [0, 1, 1, 1, 1, 1, 1, 1, 1, 1, 1, 1, 1, 1, 1, 1, 1, 1, 1, 1, 1, 1, 1, 0, 1, 1, 1, 1, 1, 1, 1, 1, 1, 1, 1, 1, 1, 1, 1, 1, 1, 1, 1, 1, 1, 1, 1], [0, 1, 1, 1, 1, 1, 1, 1, 1, 1, 1, 1, 1, 1, 1, 1, 1, 1, 1, 1, 1, 1, 1, 1, 0, 1, 1, 1, 1, 1, 1, 1, 1, 1, 1, 1, 1, 1, 1, 1, 1, 1, 1, 1, 1, 1, 1], [0, 1, 1, 1, 1, 1, 1, 1, 1, 1, 1, 1, 1, 1, 1, 1, 1, 1, 1, 1, 1, 1, 1, 1, 1, 0, 1, 1, 1, 1, 1, 1, 1, 1, 1, 1, 1, 1, 1, 1, 1, 1, 1, 1, 1, 1, 1], [0, 1, 1, 1, 1, 1, 1, 1, 1, 1, 1, 1, 1, 1, 1, 1, 1, 1, 1, 1, 1, 1, 1, 1, 1, 1, 0, 1, 1, 1, 1, 1, 1, 1, 1, 1, 1, 1, 1, 1, 1, 1, 1, 1, 1, 1, 1], [0, 1, 1, 1, 1, 1, 1, 1, 1, 1, 1, 1, 1, 1, 1, 1, 1, 1, 1, 1, 1, 1, 1, 1, 1, 1, 1, 0, 1, 1, 1, 1, 1, 1, 1, 1, 1, 1, 1, 1, 1, 1, 1, 1, 1, 1, 1], [0, 1, 1, 1, 1, 1, 1, 1, 1, 1, 1, 1, 1, 1, 1, 1, 1, 1, 1, 1, 1, 1, 1, 1, 1, 1, 1, 1, 0, 1, 1, 1, 1, 1, 1, 1, 1, 1, 1, 1, 1, 1, 1, 1, 1, 1, 1], [0, 1, 1, 1, 1, 1, 1, 1, 1, 1, 1, 1, 1, 1, 1, 1, 1, 1, 1, 1, 1, 1, 1, 1, 1, 1, 1, 1, 1, 0, 1, 1, 1, 1, 1, 1, 1, 1, 1, 1, 1, 1, 1, 1, 1, 1, 1], [0, 1, 1, 1, 1, 1, 1, 1, 1, 1, 1, 1, 1, 1, 1, 1, 1, 1, 1, 1, 1, 1, 1, 1, 1, 1, 1, 1, 1, 1, 0, 1, 1, 1, 1, 1, 1, 1, 1, 1, 1, 1, 1, 1, 1, 1, 1], [0, 1, 1, 1, 1, 1, 1, 1, 1, 1, 1, 1, 1, 1, 1, 1, 1, 1, 1, 1, 1, 1, 1, 1, 1, 1, 1, 1, 1, 1, 1, 0, 1, 1, 1, 1, 1, 1, 1, 1, 1, 1, 1, 1, 1, 1, 1], [0, 1, 1, 1, 1, 1, 1, 1, 1, 1, 1, 1, 1, 1, 1, 1, 1, 1, 1, 1, 1, 1, 1, 1, 1, 1, 1, 1, 1, 1, 1, 1, 0, 1, 1, 1, 1, 1, 1, 1, 1, 1, 1, 1, 1, 1, 1], [0, 1, 1, 1, 1, 1, 1, 1, 1, 1, 1, 1, 1, 1, 1, 1, 1, 1, 1, 1, 1, 1, 1, 1, 1, 1, 1, 1, 1, 1, 1, 1, 1, 0, 1, 1, 1, 1, 1, 1, 1, 1, 1, 1, 1, 1, 1], [0, 1, 1, 1, 1, 1, 1, 1, 1, 1, 1, 1, 1, 1, 1, 1, 1, 1, 1, 1, 1, 1, 1, 1, 1, 1, 1, 1, 1, 1, 1, 1, 1, 1, 0, 1, 1, 1, 1, 1, 1, 1, 1, 1, 1, 1, 1], [0, 1, 1, 1, 1, 1, 1, 1, 1, 1, 1, 1, 1, 1, 1, 1, 1, 1, 1, 1, 1, 1, 1, 1, 1, 1, 1, 1, 1, 1, 1, 1, 1, 1, 1, 0, 1, 1, 1, 1, 1, 1, 1, 1, 1, 1, 1], [0, 1, 1, 1, 1, 1, 1, 1, 1, 1, 1, 1, 1, 1, 1, 1, 1, 1, 1, 1, 1, 1, 1, 1, 1, 1, 1, 1, 1, 1, 1, 1, 1, 1, 1, 1, 0, 1, 1, 1, 1, 1, 1, 1, 1, 1, 1], [0, 1, 1, 1, 1, 1, 1, 1, 1, 1, 1, 1, 1, 1, 1, 1, 1, 1, 1, 1, 1, 1, 1, 1, 1, 1, 1, 1, 1, 1, 1, 1, 1, 1, 1, 1, 1, 0, 1, 1, 1, 1, 1, 1, 1, 1, 1], [0, 1, 1, 1, 1, 1, 1, 1, 1, 1, 1, 1, 1, 1, 1, 1, 1, 1, 1, 1, 1, 1, 1, 1, 1, 1, 1, 1, 1, 1, 1, 1, 1, 1, 1, 1, 1, 1, 0, 1, 1, 1, 1, 1, 1, 1, 1], [0, 1, 1, 1, 1, 1, 1, 1, 1, 1, 1, 1, 1, 1, 1, 1, 1, 1, 1, 1, 1, 1, 1, 1, 1, 1, 1, 1, 1, 1, 1, 1, 1, 1, 1, 1, 1, 1, 1, 0, 1, 1, 1, 1, 1, 1, 1], [0, 1, 1, 1, 1, 1, 1, 1, 1, 1, 1, 1, 1, 1, 1, 1, 1, 1, 1, 1, 1, 1, 1, 1, 1, 1, 1, 1, 1, 1, 1, 1, 1, 1, 1, 1, 1, 1, 1, 1, 0, 1, 1, 1, 1, 1, 1], [0, 1, 1, 1, 1, 1, 1, 1, 1, 1, 1, 1, 1, 1, 1, 1, 1, 1, 1, 1, 1, 1, 1, 1, 1, 1, 1, 1, 1, 1, 1, 1, 1, 1, 1, 1, 1, 1, 1, 1, 1, 0, 1, 1, 1, 1, 1], [0, 1, 1, 1, 1, 1, 1, 1, 1, 1, 1, 1, 1, 1, 1, 1, 1, 1, 1, 1, 1, 1, 1, 1, 1, 1, 1, 1, 1, 1, 1, 1, 1, 1, 1, 1, 1, 1, 1, 1, 1, 1, 0, 1, 1, 1, 1], [0, 1, 1, 1, 1, 1, 1, 1, 1, 1, 1, 1, 1, 1, 1, 1, 1, 1, 1, 1, 1, 1, 1, 1, 1, 1, 1, 1, 1, 1, 1, 1, 1, 1, 1, 1, 1, 1, 1, 1, 1, 1, 1, 0, 1, 1, 1], [0, 1, 1, 1, 1, 1, 1, 1, 1, 1, 1, 1, 1, 1, 1, 1, 1, 1, 1, 1, 1, 1, 1, 1, 1, 1, 1, 1, 1, 1, 1, 1, 1, 1, 1, 1, 1, 1, 1, 1, 1, 1, 1, 1, 0, 1, 1], [0, 1, 1, 1, 1, 1, 1, 1, 1, 1, 1, 1, 1, 1, 1, 1, 1, 1, 1, 1, 1, 1, 1, 1, 1, 1, 1, 1, 1, 1, 1, 1, 1, 1, 1, 1, 1, 1, 1, 1, 1, 1, 1, 1, 1, 0, 1], [0, 0, 0, 0, 0, 0, 0, 0, 0, 0, 0, 0, 0, 0, 0, 0, 0, 0, 0, 0, 0, 0, 0, 0, 0, 0, 0, 0, 0, 0, 0, 0, 0, 0, 0, 0, 0, 0, 0, 0, 0, 0, 0, 0, 0, 0, 0]]}, "cluster_count": 3, "cluster_speeds": [[0.8325, 0.765, 0.8325, 0.9, 0.7492500000000001, 0.6885, 0.7492500000000001, 0.81, 0.41625, 0.3825, 0.41625, 0.45, 0.27472500000000005, 0.25245, 0.27472500000000005, 0.29700000000000004, 0.333, 0.30600000000000005, 0.333, 0.36000000000000004, 0.49950000000000006, 0.459, 0.49950000000000006, 0.54, 0.6475, 0.595, 0.6475, 0.7, 0.37, 0.34, 0.37, 0.4, 0.30525, 0.2805, 0.30525, 0.33, 0.4625, 0.425, 0.4625, 0.5, 0.6475, 0.595, 0.6475, 0.7, 0.74, 0.68, 0.74, 0.8, 0.58275, 0.5355, 0.58275, 0.63, 0.41625, 0.3825, 0.41625, 0.45, 0.49950000000000006, 0.459, 0.49950000000000006, 0.54, 0.58275, 0.5355, 0.58275, 0.63, 0.7492500000000001, 0.6885, 0.7492500000000001, 0.81, 0.8325, 0.765, 0.8325, 0.9, 0.9], [0.87875, 0.8075, 0.87875, 0.95, 0.790875, 0.72675, 0.790875, 0.855, 0.439375, 0.40375, 0.439375, 0.475, 0.2899875, 0.266475, 0.2899875, 0.3135, 0.3515, 0.323, 0.3515, 0.38, 0.52725, 0.4845, 0.52725, 0.57, 0.6475, 0.595, 0.6475, 0.7, 0.37, 0.34, 0.37, 0.4, 0.30525, 0.2805, 0.30525, 0.33, 0.4625, 0.425, 0.4625, 0.5, 0.6475, 0.595, 0.6475, 0.7, 0.74, 0.68, 0.74, 0.8, 0.6151249999999999, 0.5652499999999999, 0.6151249999999999, 0.6649999999999999, 0.439375, 0.40375, 0.439375, 0.475, 0.52725, 0.4845, 0.52725, 0.57, 0.6151249999999999, 0.5652499999999999, 0.6151249999999999, 0.6649999999999999, 0.790875, 0.72675, 0.790875, 0.855, 0.87875, 0.8075, 0.87875, 0.95, 0.95], [0.925, 0.85, 0.925, 1.0, 0.8325, 0.765, 0.8325, 0.9, 0.4625, 0.425, 0.4625, 0.5, 0.30525, 0.2805, 0.30525, 0.33, 0.37, 0.34, 0.37, 0.4, 0.555, 0.51, 0.555, 0.6, 0.6475, 0.595, 0.6475, 0.7, 0.37, 0.34, 0.37, 0.4, 0.30525, 0.2805, 0.30525, 0.33, 0.4625, 0.425, 0.4625, 0.5, 0.6475, 0.595, 0.6475, 0.7, 0.74, 0.68, 0.74, 0.8, 0.6475, 0.595, 0.6475, 0.7, 0.4625, 0.425, 0.4625, 0.5, 0.555, 0.51, 0.555, 0.6, 0.6475, 0.595, 0.6475, 0.7, 0.8325, 0.765, 0.8325, 0.9, 0.925, 0.85, 0.925, 1.0, 1.0]], "clusters": [[-1, 2, 2, 2, 2, 2, 2, 2, 2, 2, 2, 2, 2, 2, 2, 2, 2, 2, 2, 2, 2, 2, 2, 2, 2, 2, 2, 2, 2, 2, 2, 2, 2, 2, 2, 2, 2, 2, 2, 2, 2, 2, 2, 2, 2, 2, 2], [2, -1, 2, 2, 2, 2, 2, 2, 2, 2, 2, 2, 2, 2, 2, 2, 2, 2, 2, 2, 2, 2, 2, 2, 2, 2, 2, 2, 2, 2, 2, 2, 2, 2, 2, 2, 2, 2, 2, 2, 2, 2, 2, 2, 2, 2, 2], [0, 0, -1, 0, 0, 0, 0, 0, 0, 0, 0, 0, 0, 0, 0, 0, 0, 0, 0, 0, 0, 0, 0, 0, 0, 0, 0, 0, 0, 0, 0, 0, 0, 0, 0, 0, 0, 0, 0, 0, 0, 0, 0, 0, 0, 0, 0], [0, 0, 0, -1, 0, 0, 0, 0, 0, 0, 0, 0, 0, 0, 0, 0, 0, 0, 0, 0, 0, 0, 0, 0, 0, 0, 0, 0, 0, 0, 0, 0, 0, 0, 0, 0, 0, 0, 0, 0, 0, 0, 0, 0, 0, 0, 0], [2, 2, 2, 2, -1, 2, 2, 2, 2, 2, 2, 2, 2, 2, 2, 2, 2, 2, 2, 2, 2, 2, 2, 2, 2, 2, 2, 2, 2, 2, 2, 2, 2, 2, 2, 2, 2, 2, 2, 2, 2, 2, 2, 2, 2, 2, 2], [0, 0, 0, 0, 0, -1, 0, 0, 0, 0, 0, 0, 0, 0, 0, 0, 0, 0, 0, 0, 0, 0, 0, 0, 0, 0, 0, 0, 0, 0, 0, 0, 0, 0, 0, 0, 0, 0, 0, 0, 0, 0, 0, 0, 0, 0, 0], [2, 2, 2, 2, 2, 2, -1, 2, 2, 2, 2, 2, 2, 2, 2, 2, 2, 2, 2, 2, 2, 2, 2, 2, 2, 2, 2, 2, 2, 2, 2, 2, 2, 2, 2, 2, 2, 2, 2, 2, 2, 2, 2, 2, 2, 2, 2], [1, 1, 1, 1, 1, 1, 1, -1, 1, 1, 1, 1, 1, 1, 1, 1, 1, 1, 1, 1, 1, 1, 1, 1, 1, 1, 1, 1, 1, 1, 1, 1, 1, 1, 1, 1, 1, 1, 1, 1, 1, 1, 1, 1, 1, 1, 1], [1, 1, 1, 1, 1, 1, 1, 1, -1, 1, 1, 1, 1, 1, 1, 1, 1, 1, 1, 1, 1, 1, 1, 1, 1, 1, 1, 1, 1, 1, 1, 1, 1, 1, 1, 1, 1, 1, 1, 1, 1, 1, 1, 1, 1, 1, 1], [0, 0, 0, 0, 0, 0, 0, 0, 0, -1, 0, 0, 0, 0, 0, 0, 0, 0, 0, 0, 0, 0, 0, 0, 0, 0, 0, 0, 0, 0, 0, 0, 0, 0, 0, 0, 0, 0, 0, 0, 0, 0, 0, 0, 0, 0, 0], [0, 0, 0, 0, 0, 0, 0, 0, 0, 0, -1, 0, 0, 0, 0, 0, 0, 0, 0, 0, 0, 0, 0, 0, 0, 0, 0, 0, 0, 0, 0, 0, 0, 0, 0, 0, 0, 0, 0, 0, 0, 0, 0, 0, 0, 0, 0], [2, 2, 2, 2, 2, 2, 2, 2, 2, 2, 2, -1, 2, 2, 2, 2, 2, 2, 2, 2, 2, 2, 2, 2, 2, 2, 2, 2, 2, 2, 2, 2, 2, 2, 2, 2, 2, 2, 2, 2, 2, 2, 2, 2, 2, 2, 2], [0, 0, 0, 0, 0, 0, 0, 0, 0, 0, 0, 0, -1, 0, 0, 0, 0, 0, 0, 0, 0, 0, 0, 0, 0, 0, 0, 0, 0, 0, 0, 0, 0, 0, 0, 0, 0, 0, 0, 0, 0, 0, 0, 0, 0, 0, 0], [0, 0, 0, 0, 0, 0, 0, 0, 0, 0, 0, 0, 0, -1, 0, 0, 0, 0, 0, 0, 0, 0, 0, 0, 0, 0, 0, 0, 0, 0, 0, 0, 0, 0, 0, 0, 0, 0, 0, 0, 0, 0, 0, 0, 0, 0, 0], [1, 1, 1, 1, 1, 1, 1, 1, 1, 1, 1, 1, 1, 1, -1, 1, 1, 1, 1, 1, 1, 1, 1, 1, 1, 1, 1, 1, 1, 1, 1, 1, 1, 1, 1, 1, 1, 1, 1, 1, 1, 1, 1, 1, 1, 1, 1], [0, 0, 0, 0, 0, 0, 0, 0, 0, 0, 0, 0, 0, 0, 0, -1, 0, 0, 0, 0, 0, 0, 0, 0, 0, 0, 0, 0, 0, 0, 0, 0, 0, 0, 0, 0, 0, 0, 0, 0, 0, 0, 0, 0, 0, 0, 0], [0, 0, 0, 0, 0, 0, 0, 0, 0, 0, 0, 0, 0, 0, 0, 0, -1, 0, 0, 0, 0, 0, 0, 0, 0, 0, 0, 0, 0, 0, 0, 0, 0, 0, 0, 0, 0, 0, 0, 0, 0, 0, 0, 0, 0, 0, 0], [2, 2, 2, 2, 2, 2, 2, 2, 2, 2, 2, 2, 2, 2, 2, 2, 2, -1, 2, 2, 2, 2, 2, 2, 2, 2, 2, 2, 2, 2, 2, 2, 2, 2, 2, 2, 2, 2, 2, 2, 2, 2, 2, 2, 2, 2, 2], [0, 0, 0, 0, 0, 0, 0, 0, 0, 0, 0, 0, 0, 0, 0, 0, 0, 0, -1, 0, 0, 0, 0, 0, 0, 0, 0, 0, 0, 0, 0, 0, 0, 0, 0, 0, 0, 0, 0, 0, 0, 0, 0, 0, 0, 0, 0], [0, 0, 0, 0, 0, 0, 0, 0, 0, 0, 0, 0, 0, 0, 0, 0, 0, 0, 0, -1, 0, 0, 0, 0, 0, 0, 0, 0, 0, 0, 0, 0, 0, 0, 0, 0, 0, 0, 0, 0, 0, 0, 0, 0, 0, 0, 0], [2, 2, 2, 2, 2, 2, 2, 2, 2, 2, 2, 2, 2, 2, 2, 2, 2, 2, 2, 2, -1, 2, 2, 2, 2, 2, 2, 2, 2, 2, 2, 2, 2, 2, 2, 2, 2, 2, 2, 2, 2, 2, 2, 2, 2, 2, 2], [0, 0, 0, 0, 0, 0, 0, 0, 0, 0, 0, 0, 0, 0, 0, 0, 0, 0, 0, 0, 0, -1, 0, 0, 0, 0, 0, 0, 0, 0, 0, 0, 0, 0, 0, 0, 0, 0, 0, 0, 0, 0, 0, 0, 0, 0, 0], [1, 1, 1, 1, 1, 1, 1, 1, 1, 1, 1, 1, 1, 1, 1, 1, 1, 1, 1, 1, 1, 1, -1, 1, 1, 1, 1, 1, 1, 1, 1, 1, 1, 1, 1, 1, 1, 1, 1, 1, 1, 1, 1, 1, 1, 1, 1], [0, 0, 0, 0, 0, 0, 0, 0, 0, 0, 0, 0, 0, 0, 0, 0, 0, 0, 0, 0, 0, 0, 0, -1, 0, 0, 0, 0, 0, 0, 0, 0, 0, 0, 0, 0, 0, 0, 0, 0, 0, 0, 0, 0, 0, 0, 0], [1, 1, 1, 1, 1, 1, 1, 1, 1, 1, 1, 1, 1, 1, 1, 1, 1, 1, 1, 1, 1, 1, 1, 1, -1, 1, 1, 1, 1, 1, 1, 1, 1, 1, 1, 1, 1, 1, 1, 1, 1, 1, 1, 1, 1, 1, 1], [1, 1, 1, 1, 1, 1, 1, 1, 1, 1, 1, 1, 1, 1, 1, 1, 1, 1, 1, 1, 1, 1, 1, 1, 1, -1, 1, 1, 1, 1, 1, 1, 1, 1, 1, 1, 1, 1, 1, 1, 1, 1, 1, 1, 1, 1, 1], [0, 0, 0, 0, 0, 0, 0, 0, 0, 0, 0, 0, 0, 0, 0, 0, 0, 0, 0, 0, 0, 0, 0, 0, 0, 0, -1, 0, 0, 0, 0, 0, 0, 0, 0, 0, 0, 0, 0, 0, 0, 0, 0, 0, 0, 0, 0], [1, 1, 1, 1, 1, 1, 1, 1, 1, 1, 1, 1, 1, 1, 1, 1, 1, 1, 1, 1, 1, 1, 1, 1, 1, 1, 1, -1, 1, 1, 1, 1, 1, 1, 1, 1, 1, 1, 1, 1, 1, 1, 1, 1, 1, 1, 1], [0, 0, 0, 0, 0, 0, 0, 0, 0, 0, 0, 0, 0, 0, 0, 0, 0, 0, 0, 0, 0, 0, 0, 0, 0, 0, 0, 0, -1, 0, 0, 0, 0, 0, 0, 0, 0, 0, 0, 0, 0, 0, 0, 0, 0, 0, 0], [0, 0, 0, 0, 0, 0, 0, 0, 0, 0, 0, 0, 0, 0, 0, 0, 0, 0, 0, 0, 0, 0, 0, 0, 0, 0, 0, 0, 0, -1, 0, 0, 0, 0, 0, 0, 0, 0, 0, 0, 0, 0, 0, 0, 0, 0, 0], [1, 1, 1, 1, 1, 1, 1, 1, 1, 1, 1, 1, 1, 1, 1, 1, 1, 1, 1, 1, 1, 1, 1, 1, 1, 1, 1, 1, 1, 1, -1, 1, 1, 1, 1, 1, 1, 1, 1, 1, 1, 1, 1, 1, 1, 1, 1], [2, 2, 2, 2, 2, 2, 2, 2, 2, 2, 2, 2, 2, 2, 2, 2, 2, 2, 2, 2, 2, 2, 2, 2, 2, 2, 2, 2, 2, 2, 2, -1, 2, 2, 2, 2, 2, 2, 2, 2, 2, 2, 2, 2, 2, 2, 2], [1, 1, 1, 1, 1, 1, 1, 1, 1, 1, 1, 1, 1, 1, 1, 1, 1, 1, 1, 1, 1, 1, 1, 1, 1, 1, 1, 1, 1, 1, 1, 1, -1, 1, 1, 1, 1, 1, 1, 1, 1, 1, 1, 1, 1, 1, 1], [0, 0, 0, 0, 0, 0, 0, 0, 0, 0, 0, 0, 0, 0, 0, 0, 0, 0, 0, 0, 0, 0, 0, 0, 0, 0, 0, 0, 0, 0, 0, 0, 0, -1, 0, 0, 0, 0, 0, 0, 0, 0, 0, 0, 0, 0, 0], [0, 0, 0, 0, 0, 0, 0, 0, 0, 0, 0, 0, 0, 0, 0, 0, 0, 0, 0, 0, 0, 0, 0, 0, 0, 0, 0, 0, 0, 0, 0, 0, 0, 0, -1, 0, 0, 0, 0, 0, 0, 0, 0, 0, 0, 0, 0], [1, 1, 1, 1, 1, 1, 1, 1, 1, 1, 1, 1, 1, 1, 1, 1, 1, 1, 1, 1, 1, 1, 1, 1, 1, 1, 1, 1, 1, 1, 1, 1, 1, 1, 1, -1, 1, 1, 1, 1, 1, 1, 1, 1, 1, 1, 1], [0, 0, 0, 0, 0, 0, 0, 0, 0, 0, 0, 0, 0, 0, 0, 0, 0, 0, 0, 0, 0, 0, 0, 0, 0, 0, 0, 0, 0, 0, 0, 0, 0, 0, 0, 0, -1, 0, 0, 0, 0, 0, 0, 0, 0, 0, 0], [2, 2, 2, 2, 2, 2, 2, 2, 2, 2, 2, 2, 2, 2, 2, 2, 2, 2, 2, 2, 2, 2, 2, 2, 2, 2, 2, 2, 2, 2, 2, 2, 2, 2, 2, 2, 2, -1, 2, 2, 2, 2, 2, 2, 2, 2, 2], [0, 0, 0, 0, 0, 0, 0, 0, 0, 0, 0, 0, 0, 0, 0, 0, 0, 0, 0, 0, 0, 0, 0, 0, 0, 0, 0, 0, 0, 0, 0, 0, 0, 0, 0, 0, 0, 0, -1, 0, 0, 0, 0, 0, 0, 0, 0], [1, 1, 1, 1, 1, 1, 1, 1, 1, 1, 1, 1, 1, 1, 1, 1, 1, 1, 1, 1, 1, 1, 1, 1, 1, 1, 1, 1, 1, 1, 1, 1, 1, 1, 1, 1, 1, 1, 1, -1, 1, 1, 1, 1, 1, 1, 1], [0, 0, 0, 0, 0, 0, 0, 0, 0, 0, 0, 0, 0, 0, 0, 0, 0, 0, 0, 0, 0, 0, 0, 0, 0, 0, 0, 0, 0, 0, 0, 0, 0, 0, 0, 0, 0, 0, 0, 0, -1, 0, 0, 0, 0, 0, 0], [2, 2, 2, 2, 2, 2, 2, 2, 2, 2, 2, 2, 2, 2, 2, 2, 2, 2, 2, 2, 2, 2, 2, 2, 2, 2, 2, 2, 2, 2, 2, 2, 2, 2, 2, 2, 2, 2, 2, 2, 2, -1, 2, 2, 2, 2, 2], [1, 1, 1, 1, 1, 1, 1, 1, 1, 1, 1, 1, 1, 1, 1, 1, 1, 1, 1, 1, 1, 1, 1, 1, 1, 1, 1, 1, 1, 1, 1, 1, 1, 1, 1, 1, 1, 1, 1, 1, 1, 1, -1, 1, 1, 1, 1], [1, 1, 1, 1, 1, 1, 1, 1, 1, 1, 1, 1, 1, 1, 1, 1, 1, 1, 1, 1, 1, 1, 1, 1, 1, 1, 1, 1, 1, 1, 1, 1, 1, 1, 1, 1, 1, 1, 1, 1, 1, 1, 1, -1, 1, 1, 1], [2, 2, 2, 2, 2, 2, 2, 2, 2, 2, 2, 2, 2, 2, 2, 2, 2, 2, 2, 2, 2, 2, 2, 2, 2, 2, 2, 2, 2, 2, 2, 2, 2, 2, 2, 2, 2, 2, 2, 2, 2, 2, 2, 2, -1, 2, 2], [1, 1, 1, 1, 1, 1, 1, 1, 1, 1, 1, 1, 1, 1, 1, 1, 1, 1, 1, 1, 1, 1, 1, 1, 1, 1, 1, 1, 1, 1, 1, 1, 1, 1, 1, 1, 1, 1, 1, 1, 1, 1, 1, 1, 1, -1, 1], [2, 2, 2, 2, 2, 2, 2, 2, 2, 2, 2, 2, 2, 2, 2, 2, 2, 2, 2, 2, 2, 2, 2, 2, 2, 2, 2, 2, 2, 2, 2, 2, 2, 2, 2, 2, 2, 2, 2, 2, 2, 2, 2, 2, 2, 2, -1]], "speed_zone_count": 73, "speed_zones": [[0.0, 15.0], [15.0, 30.0], [30.0, 45.0], [45.0, 60.0], [60.0, 75.0], [75.0, 90.0], [90.0, 105.0], [105.0, 120.0], [120.0, 135.0], [135.0, 150.0], [150.0, 165.0], [165.0, 180.0], [180.0, 195.0], [195.0, 210.0], [210.0, 225.0], [225.0, 240.0], [240.0, 255.0], [255.0, 270.0], [270.0, 285.0], [285.0, 300.0], [300.0, 315.0], [315.0, 330.0], [330.0, 345.0], [345.0, 360.0], [360.0, 375.0], [375.0, 390.0], [390.0, 405.0], [405.0, 420.0], [420.0, 435.0], [435.0, 450.0], [450.0, 465.0], [465.0, 480.0], [480.0, 495.0], [495.0, 510.0], [510.0, 525.0], [525.0, 540.0], [540.0, 555.0], [555.0, 570.0], [570.0, 585.0], [585.0, 600.0], [600.0, 615.0], [615.0, 630.0], [630.0, 645.0], [645.0, 660.0], [660.0, 675.0], [675.0, 690.0], [690.0, 705.0], [705.0, 720.0], [720.0, 735.0], [735.0, 750.0], [750.0, 765.0], [765.0, 780.0], [780.0, 795.0], [795.0, 810.0], [810.0, 825.0], [825.0, 840.0], [840.0, 855.0], [855.0, 870.0], [870.0, 885.0], [885.0, 900.0], [900.0, 915.0], [915.0, 930.0], [930.0, 945.0], [945.0, 960.0], [960.0, 975.0], [975.0, 990.0], [990.0, 1005.0], [1005.0, 1020.0], [1020.0, 1035.0], [1035.0, 1050.0], [1050.0, 1065.0], [1065.0, 1080.0], [1080.0, 5000.0]], "distances": [[0.0, 107.32, 70.13, 69.13, 105.47, 82.27, 34.87, 86.2, 89.04, 75.07, 63.43, 44.59, 57.8, 83.15, 72.83, 69.85, 72.75, 106.68, 69.17, 80.39, 61.73, 68.84, 85.51, 61.09, 54.29, 73.8, 69.49, 82.43, 64.71, 58.93, 84.93, 106.92, 87.04, 71.67, 57.91, 52.79, 82.0, 45.43, 69.39, 65.75, 56.66, 96.33, 82.15, 56.98, 90.57, 90.78, 0.0], [0.0, 0.0, 54.34, 39.05, 8.37, 40.29, 82.8, 35.25, 33.99, 37.67, 48.59, 73.18, 57.0, 40.39, 60.04, 38.6, 47.74, 5.25, 39.18, 34.72, 72.82, 40.43, 31.8, 50.33, 57.33, 56.66, 40.57, 25.31, 50.06, 58.13, 28.4, 22.4, 29.27, 45.24, 53.4, 58.93, 39.63, 65.43, 44.92, 60.26, 54.65, 11.75, 26.63, 60.15, 17.4, 33.11, 107.32], [0.0, 54.34, 0.0, 25.4, 48.24, 15.33, 36.71, 20.62, 23.03, 18.31, 15.35, 26.04, 13.9, 15.76, 7.8, 24.65, 6.68, 50.88, 24.79, 19.69, 18.53, 21.94, 22.85, 16.69, 19.16, 5.57, 20.26, 33.44, 11.11, 11.71, 25.98, 42.71, 25.33, 10.16, 17.79, 19.96, 15.64, 26.21, 12.64, 6.2, 18.34, 48.47, 30.29, 13.35, 45.01, 24.66, 70.13], [0.0, 39.05, 25.4, 0.0, 36.37, 22.52, 44.1, 23.01, 25.33, 10.66, 11.97, 35.16, 20.23, 23.54, 33.19, 9.64, 20.15, 37.75, 9.85, 15.46, 40.43, 18.81, 19.93, 12.73, 18.92, 30.48, 5.24, 13.74, 15.49, 22.38, 17.21, 39.07, 20.35, 15.99, 15.25, 20.45, 21.68, 26.47, 12.83, 29.04, 16.35, 29.34, 13.02, 23.93, 24.2, 26.7, 69.13], [0.0, 8.37, 48.24, 36.37, 0.0, 33.54, 78.94, 28.3, 26.7, 32.87, 44.45, 68.9, 52.53, 33.5, 53.37, 35.72, 41.8, 13.61, 36.37, 29.07, 66.77, 37.08, 25.39, 46.42, 53.57, 50.02, 36.86, 23.18, 45.31, 53.3, 22.88, 14.16, 22.91, 39.8, 49.62, 55.2, 32.98, 62.08, 40.03, 54.32, 50.9, 14.94, 23.37, 55.4, 19.24, 25.62, 105.47], [0.0, 40.29, 15.33, 22.52, 33.54, 0.0, 50.56, 5.34, 7.71, 11.87, 19.79, 39.84, 24.52, 10.54, 19.84, 21.42, 9.95, 36.36, 21.95, 8.41, 33.59, 19.77, 8.62, 22.15, 28.19, 16.49, 17.99, 23.67, 17.62, 23.85, 13.15, 27.41, 11.1, 10.69, 24.97, 29.59, 10.32, 36.89, 13.6, 21.53, 26.11, 36.28, 20.09, 25.98, 34.07, 9.39, 82.27], [0.0, 82.8, 36.71, 44.1, 78.94, 50.56, 0.0, 55.21, 57.98, 46.24, 34.49, 10.74, 26.74, 51.3, 38.32, 44.38, 40.63, 80.85, 43.87, 50.84, 26.94, 42.39, 55.64, 32.56, 25.48, 39.65, 42.27, 57.69, 34.14, 26.78, 56.46, 77.2, 57.64, 40.68, 29.42, 23.87, 50.51, 17.81, 39.38, 31.62, 28.16, 73.43, 56.19, 24.62, 68.2, 59.74, 34.87], [0.0, 35.25, 20.62, 23.01, 28.3, 5.34, 55.21, 0.0, 10.3, 12.75, 22.97, 44.54, 28.78, 5.2, 25.1, 21.89, 14.88, 31.18, 22.52, 7.55, 38.93, 20.86, 4.55, 25.35, 31.92, 21.76, 19.3, 20.99, 21.55, 28.44, 9.6, 22.27, 6.6, 14.65, 28.41, 33.41, 4.98, 40.77, 16.85, 26.82, 29.62, 32.04, 17.46, 30.6, 30.41, 4.59, 86.2], [0.0, 33.99, 23.03, 25.33, 26.7, 7.71, 57.98, 10.3, 0.0, 15.32, 25.79, 47.3, 31.59, 7.29, 27.01, 24.21, 17.53, 29.68, 24.87, 9.93, 41.15, 23.36, 5.75, 28.17, 34.75, 23.73, 21.86, 21.98, 24.38, 31.21, 10.49, 19.7, 6.93, 17.47, 31.24, 36.24, 7.55, 43.61, 19.68, 29.22, 32.45, 31.71, 18.56, 33.36, 30.6, 12.6, 89.04], [0.0, 37.67, 18.31, 10.66, 32.87, 11.87, 46.24, 12.75, 15.32, 0.0, 11.91, 36.05, 19.67, 12.88, 25.56, 9.55, 11.86, 35.01, 10.1, 5.52, 35.94, 8.15, 10.63, 14.12, 21.24, 22.42, 6.55, 15.14, 12.46, 20.51, 10.23, 31.86, 11.97, 8.2, 17.37, 22.85, 11.02, 30.08, 7.25, 23.49, 18.66, 30.49, 12.09, 22.58, 26.74, 16.87, 75.07], [0.0, 48.59, 15.35, 11.97, 44.45, 19.79, 34.49, 22.97, 25.79, 11.91, 0.0, 24.59, 8.57, 20.79, 22.99, 11.68, 12.43, 46.4, 11.47, 17.0, 28.53, 9.02, 22.1, 9.98, 9.34, 20.88, 8.22, 24.06, 4.25, 10.44, 22.11, 43.64, 23.75, 9.35, 5.53, 10.95, 19.31, 18.21, 6.21, 17.66, 6.8, 40.08, 22.03, 12.11, 35.41, 27.51, 63.43], [0.0, 73.18, 26.04, 35.16, 68.9, 39.84, 10.74, 44.54, 47.3, 36.05, 24.59, 0.0, 16.39, 40.56, 28.25, 35.27, 29.9, 70.94, 34.84, 40.43, 19.1, 33.02, 45.13, 22.9, 16.24, 29.27, 32.66, 48.39, 23.74, 16.12, 46.21, 66.62, 47.2, 30.09, 19.97, 14.76, 39.8, 11.1, 29.02, 21.2, 18.82, 64.34, 46.58, 13.96, 59.35, 49.05, 44.59], [0.0, 57.0, 13.9, 20.23, 52.53, 24.52, 26.74, 28.78, 31.59, 19.67, 8.57, 16.39, 0.0, 25.37, 19.98, 20.07, 14.98, 54.61, 19.79, 24.11, 21.3, 17.51, 28.92, 7.53, 5.44, 19.07, 16.79, 32.63, 7.41, 13.74, 29.82, 50.53, 30.91, 14.12, 5.93, 6.07, 24.31, 12.68, 12.66, 12.91, 5.66, 48.65, 30.52, 13.57, 43.97, 33.36, 57.8], [0.0, 40.39, 15.76, 23.54, 33.5, 10.54, 51.3, 5.2, 7.29, 12.88, 20.79, 40.56, 25.37, 0.0, 19.9, 22.43, 10.67, 36.37, 22.97, 9.23, 33.87, 20.81, 8.93, 23.14, 29.12, 16.57, 19.03, 24.37, 18.54, 24.62, 13.64, 26.95, 11.35, 11.64, 25.94, 30.51, 10.19, 37.79, 14.61, 21.95, 27.07, 36.68, 20.79, 26.74, 34.61, 8.9, 83.15], [0.0, 60.04, 7.8, 33.19, 53.37, 19.84, 38.32, 25.1, 27.01, 25.56, 22.99, 28.25, 19.98, 19.9, 0.0, 32.42, 13.71, 56.2, 32.57, 26.02, 14.94, 29.73, 28.25, 24.12, 25.41, 13.37, 28.02, 40.57, 18.74, 17.23, 32.09, 46.12, 30.77, 17.65, 24.77, 25.89, 20.44, 31.14, 20.39, 7.55, 25.1, 55.08, 37.28, 18.2, 51.99, 28.41, 72.83], [0.0, 38.6, 24.65, 9.64, 35.72, 21.42, 44.38, 21.89, 24.21, 9.55, 11.68, 35.27, 20.07, 22.43, 32.42, 0.0, 19.26, 37.17, 9.01, 14.34, 40.0, 17.7, 18.83, 12.63, 19.07, 29.66, 4.4, 13.33, 15.0, 22.12, 16.19, 38.12, 19.28, 15.1, 15.31, 20.63, 20.57, 26.84, 12.03, 28.46, 16.45, 29.11, 12.35, 23.73, 24.09, 25.59, 69.85], [0.0, 47.74, 6.68, 20.15, 41.8, 9.95, 40.63, 14.88, 17.53, 11.86, 12.43, 29.9, 14.98, 10.67, 13.71, 19.26, 0.0, 44.37, 19.52, 13.03, 25.08, 16.74, 16.49, 14.47, 19.28, 10.62, 14.91, 26.92, 8.97, 13.98, 19.35, 37.14, 18.91, 15.93, 16.67, 20.51, 9.98, 27.61, 7.54, 12.54, 17.61, 41.8, 23.7, 16.08, 38.43, 19.26, 72.75], [0.0, 5.25, 50.88, 37.75, 13.61, 36.36, 80.85, 31.18, 29.68, 35.01, 46.4, 70.94, 54.61, 36.37, 56.2, 37.17, 44.37, 0.0, 37.8, 31.51, 69.4, 38.71, 28.08, 48.29, 55.4, 52.83, 38.62, 24.24, 47.48, 55.51, 25.23, 17.15, 25.57, 42.2, 51.45, 57.03, 35.77, 63.78, 42.23, 56.91, 52.72, 13.75, 24.87, 57.59, 18.69, 28.66, 106.68], [0.0, 39.18, 24.79, 9.85, 36.37, 21.95, 43.87, 22.52, 24.87, 10.1, 11.47, 34.84, 19.79, 22.97, 32.57, 9.01, 19.52, 37.8, 0.0, 14.98, 39.89, 18.25, 19.51, 12.3, 18.62, 29.85, 4.61, 13.88, 14.93, 21.9, 16.9, 38.84, 19.99, 15.36, 14.9, 20.16, 21.11, 26.29, 12.2, 28.46, 16.02, 29.59, 13.0, 23.47, 24.51, 26.25, 69.17], [0.0, 34.72, 19.69, 15.46, 29.07, 8.41, 50.84, 7.55, 9.93, 5.52, 17.0, 40.43, 24.11, 9.23, 26.02, 14.34, 13.03, 31.51, 14.98, 0.0, 38.1, 13.43, 5.14, 19.31, 26.31, 22.67, 11.99, 15.39, 16.71, 24.47, 6.33, 26.65, 6.81, 10.73, 22.52, 27.88, 7.48, 35.2, 11.46, 25.54, 23.8, 29.07, 11.84, 26.62, 26.24, 11.41, 80.39], [0.0, 72.82, 18.53, 40.43, 66.77, 33.59, 26.94, 38.93, 41.15, 35.94, 28.53, 19.1, 21.3, 33.87, 14.94, 40.0, 25.08, 69.4, 39.89, 38.1, 0.0, 37.23, 41.38, 28.39, 25.61, 17.76, 35.96, 50.88, 25.03, 18.53, 44.42, 60.64, 43.86, 27.84, 27.23, 25.13, 34.0, 26.92, 29.13, 12.56, 26.83, 66.43, 48.01, 17.69, 62.54, 42.69, 61.73], [0.0, 40.43, 21.94, 18.81, 37.08, 19.77, 42.39, 20.86, 23.36, 8.15, 9.02, 33.02, 17.51, 20.81, 29.73, 17.7, 16.74, 38.71, 18.25, 13.43, 37.23, 0.0, 18.28, 10.18, 16.94, 27.02, 14.7, 15.37, 12.22, 19.45, 16.36, 38.49, 19.09, 12.58, 13.07, 18.53, 18.98, 25.07, 9.37, 25.67, 14.27, 31.33, 13.87, 21.12, 26.49, 24.84, 68.84], [0.0, 31.8, 22.85, 19.93, 25.39, 8.62, 55.64, 4.55, 5.75, 10.63, 22.1, 45.13, 28.92, 8.93, 28.25, 18.83, 16.49, 28.08, 19.51, 5.14, 41.38, 18.28, 0.0, 24.42, 31.37, 24.87, 16.97, 16.48, 21.52, 29.06, 5.06, 21.64, 11.15, 15.09, 27.62, 32.93, 7.88, 40.27, 16.38, 28.96, 28.89, 27.77, 12.98, 31.22, 25.92, 6.85, 85.51], [0.0, 50.33, 16.69, 12.73, 46.42, 22.15, 32.56, 25.35, 28.17, 14.12, 9.98, 22.9, 7.53, 23.14, 24.12, 12.63, 14.47, 48.29, 12.3, 19.31, 28.39, 10.18, 24.42, 0.0, 7.18, 22.26, 9.76, 25.51, 5.73, 9.92, 24.27, 45.93, 26.03, 11.63, 13.43, 8.8, 21.67, 15.96, 8.58, 18.24, 4.54, 41.5, 23.7, 11.26, 36.66, 29.89, 61.09], [0.0, 57.33, 19.16, 18.92, 53.57, 28.19, 25.48, 31.92, 34.75, 21.24, 9.34, 16.24, 5.44, 29.12, 25.41, 19.07, 19.28, 55.4, 18.62, 26.31, 25.61, 16.94, 31.37, 7.18, 0.0, 24.44, 16.79, 32.29, 10.58, 8.3, 31.43, 52.96, 33.08, 17.51, 11.37, 11.51, 27.85, 8.91, 15.11, 18.3, 11.1, 48.17, 30.71, 8.14, 43.12, 36.5, 54.29], [0.0, 56.66, 5.57, 30.48, 50.02, 16.49, 39.65, 21.76, 23.73, 22.42, 20.88, 29.27, 19.07, 16.57, 13.37, 29.66, 10.62, 52.83, 29.85, 22.67, 17.76, 27.02, 24.87, 22.26, 24.44, 0.0, 25.27, 37.35, 16.66, 16.58, 28.72, 42.99, 27.39, 14.69, 23.3, 25.11, 17.07, 30.94, 17.66, 8.06, 23.79, 51.74, 34.02, 17.91, 48.71, 25.17, 73.8], [0.0, 40.57, 20.26, 5.24, 36.86, 17.99, 42.27, 19.3, 21.86, 6.55, 8.22, 32.66, 16.79, 19.03, 28.02, 4.4, 14.91, 38.62, 4.61, 11.99, 35.96, 14.7, 16.97, 9.76, 16.79, 25.27, 0.0, 15.85, 10.95, 18.5, 15.48, 37.59, 17.96, 10.75, 12.85, 18.41, 17.22, 25.23, 7.63, 24.2, 14.11, 31.87, 13.94, 20.28, 27.22, 23.4, 69.49], [0.0, 25.31, 33.44, 13.74, 23.18, 23.67, 57.69, 20.99, 21.98, 15.14, 24.06, 48.39, 32.63, 24.37, 40.57, 13.33, 26.92, 24.24, 13.88, 15.39, 50.88, 15.37, 16.48, 25.51, 32.29, 37.35, 15.85, 0.0, 26.35, 34.22, 11.5, 28.75, 15.1, 23.33, 28.44, 33.87, 22.75, 40.17, 21.76, 38.54, 29.64, 16.02, 19.58, 36.08, 11.66, 22.55, 82.43], [0.0, 50.06, 11.11, 15.49, 45.31, 17.62, 34.14, 21.55, 24.38, 12.46, 4.25, 23.74, 7.41, 18.54, 18.74, 15.0, 8.97, 47.48, 14.93, 16.71, 25.03, 12.22, 21.52, 5.73, 10.58, 16.66, 10.95, 26.35, 0.0, 8.06, 22.51, 43.14, 23.5, 6.96, 7.7, 11.97, 17.31, 19.29, 5.29, 13.62, 8.68, 42.27, 23.88, 10.11, 37.93, 26.14, 64.71], [0.0, 58.13, 11.71, 22.38, 53.3, 23.85, 26.78, 28.44, 31.21, 20.51, 10.44, 16.12, 13.74, 24.62, 17.23, 22.12, 13.98, 55.51, 21.9, 24.47, 18.53, 19.45, 29.06, 9.92, 8.3, 16.58, 18.5, 34.22, 8.06, 0.0, 30.45, 50.5, 31.18, 13.99, 8.82, 8.66, 23.75, 14.5, 13.28, 10.0, 8.64, 50.2, 31.88, 16.44, 45.71, 32.96, 58.93], [0.0, 28.4, 25.98, 17.21, 22.88, 13.15, 56.46, 9.6, 10.49, 10.23, 22.11, 46.21, 29.82, 13.64, 32.09, 16.19, 19.35, 25.23, 16.9, 6.33, 44.42, 16.36, 5.06, 24.27, 31.43, 28.72, 15.48, 11.5, 22.51, 30.45, 0.0, 22.13, 13.14, 16.97, 27.52, 33.04, 12.3, 40.22, 17.22, 31.87, 28.81, 23.19, 8.08, 32.57, 20.99, 11.18, 84.93], [0.0, 22.4, 42.71, 39.07, 14.16, 27.41, 77.2, 22.27, 19.7, 31.86, 43.64, 66.62, 50.53, 26.95, 46.12, 38.12, 37.14, 17.15, 38.84, 26.65, 60.64, 38.49, 21.64, 45.93, 52.96, 42.99, 37.59, 28.75, 43.14, 50.5, 22.13, 0.0, 19.9, 36.53, 49.16, 54.54, 27.22, 61.85, 38.02, 48.9, 50.44, 27.44, 27.1, 52.66, 30.08, 18.05, 106.92], [0.0, 29.27, 25.33, 20.35, 22.91, 11.1, 57.64, 6.6, 6.93, 11.97, 23.75, 47.2, 30.91, 11.35, 30.77, 19.28, 18.91, 25.57, 19.99, 6.81, 43.86, 19.09, 11.15, 26.03, 33.08, 27.39, 17.96, 15.1, 23.5, 31.18, 13.14, 19.9, 0.0, 17.28, 29.26, 34.66, 10.39, 41.96, 18.27, 31.41, 30.54, 25.45, 11.76, 33.34, 23.87, 7.48, 87.04], [0.0, 45.24, 10.16, 15.99, 39.8, 10.69, 40.68, 14.65, 17.47, 8.2, 9.35, 30.09, 14.12, 11.64, 17.65, 15.1, 15.93, 42.2, 15.36, 10.73, 27.84, 12.58, 15.09, 11.63, 17.51, 14.69, 10.75, 23.33, 6.96, 13.99, 16.97, 36.53, 17.28, 0.0, 14.32, 18.92, 10.35, 26.25, 12.26, 15.33, 15.43, 38.61, 20.27, 16.15, 34.94, 19.24, 71.67], [0.0, 53.4, 17.79, 15.25, 49.62, 24.97, 29.42, 28.41, 31.24, 17.37, 5.53, 19.97, 5.93, 25.94, 24.77, 15.31, 16.67, 51.45, 14.9, 22.52, 27.23, 13.07, 27.62, 13.43, 11.37, 23.3, 12.85, 28.44, 7.7, 8.82, 27.52, 49.16, 29.26, 14.32, 0.0, 5.58, 24.56, 12.71, 11.56, 18.24, 9.89, 44.37, 26.78, 9.6, 39.4, 32.97, 57.91], [0.0, 58.93, 19.96, 20.45, 55.2, 29.59, 23.87, 33.41, 36.24, 22.85, 10.95, 14.76, 6.07, 30.51, 25.89, 20.63, 20.51, 57.03, 20.16, 27.88, 25.13, 18.53, 32.93, 8.8, 11.51, 25.11, 18.41, 33.87, 11.97, 8.66, 33.04, 54.54, 34.66, 18.92, 5.58, 0.0, 29.27, 7.37, 16.63, 18.61, 4.31, 49.73, 32.32, 8.08, 44.65, 37.99, 52.79], [0.0, 39.63, 15.64, 21.68, 32.98, 10.32, 50.51, 4.98, 7.55, 11.02, 19.31, 39.8, 24.31, 10.19, 20.44, 20.57, 9.98, 35.77, 21.11, 7.48, 34.0, 18.98, 7.88, 21.67, 27.85, 17.07, 17.22, 22.75, 17.31, 23.75, 12.3, 27.22, 10.39, 10.35, 24.56, 29.27, 0.0, 36.59, 13.1, 21.84, 25.71, 35.46, 19.17, 25.9, 33.19, 9.28, 82.0], [0.0, 65.43, 26.21, 26.47, 62.08, 36.89, 17.81, 40.77, 43.61, 30.08, 18.21, 11.1, 12.68, 37.79, 31.14, 26.84, 27.61, 63.78, 26.29, 35.2, 26.92, 25.07, 40.27, 15.96, 8.91, 30.94, 25.23, 40.17, 19.29, 14.5, 40.22, 61.85, 41.96, 26.25, 12.71, 7.37, 36.59, 0.0, 24.0, 23.6, 11.42, 55.75, 38.94, 13.04, 50.45, 45.36, 45.43], [0.0, 44.92, 12.64, 12.83, 40.03, 13.6, 39.38, 16.85, 19.68, 7.25, 6.21, 29.02, 12.66, 14.61, 20.39, 12.03, 7.54, 42.23, 12.2, 11.46, 29.13, 9.37, 16.38, 8.58, 15.11, 17.66, 7.63, 21.76, 5.29, 13.28, 17.22, 38.02, 18.27, 12.26, 11.56, 16.63, 13.1, 24.0, 0.0, 16.95, 12.77, 37.49, 19.03, 15.37, 33.42, 21.42, 69.39], [0.0, 60.26, 6.2, 29.04, 54.32, 21.53, 31.62, 26.82, 29.22, 23.49, 17.66, 21.2, 12.91, 21.95, 7.55, 28.46, 12.54, 56.91, 28.46, 25.54, 12.56, 25.67, 28.96, 18.24, 18.3, 8.06, 24.2, 38.54, 13.62, 10.0, 31.87, 48.9, 31.41, 15.33, 18.24, 18.61, 21.84, 23.6, 16.95, 0.0, 18.36, 53.95, 35.58, 10.73, 50.2, 30.85, 65.75], [0.0, 54.65, 18.34, 16.35, 50.9, 26.11, 28.16, 29.62, 32.45, 18.66, 6.8, 18.82, 5.66, 27.07, 25.1, 16.45, 17.61, 52.72, 16.02, 23.8, 26.83, 14.27, 28.89, 4.54, 11.1, 23.79, 14.11, 29.64, 8.68, 8.64, 28.81, 50.44, 30.54, 15.43, 9.89, 4.31, 25.71, 11.42, 12.77, 18.36, 0.0, 45.54, 28.02, 9.14, 40.53, 34.19, 56.66], [0.0, 11.75, 48.47, 29.34, 14.94, 36.28, 73.43, 32.04, 31.71, 30.49, 40.08, 64.34, 48.65, 36.68, 55.08, 29.11, 41.8, 13.75, 29.59, 29.07, 66.43, 31.33, 27.77, 41.5, 48.17, 51.74, 31.87, 16.02, 42.27, 50.2, 23.19, 27.44, 25.45, 38.61, 44.37, 49.73, 35.46, 55.75, 37.49, 53.95, 45.54, 0.0, 18.46, 52.08, 5.8, 31.42, 96.33], [0.0, 26.63, 30.29, 13.02, 23.37, 20.09, 56.19, 17.46, 18.56, 12.09, 22.03, 46.58, 30.52, 20.79, 37.28, 12.35, 23.7, 24.87, 13.0, 11.84, 48.01, 13.87, 12.98, 23.7, 30.71, 34.02, 13.94, 19.58, 23.88, 31.88, 8.08, 27.1, 11.76, 20.27, 26.78, 32.32, 19.17, 38.94, 19.03, 35.58, 28.02, 18.46, 0.0, 33.82, 14.73, 19.23, 82.15], [0.0, 60.15, 13.35, 23.93, 55.4, 25.98, 24.62, 30.6, 33.36, 22.58, 12.11, 13.96, 13.57, 26.74, 18.2, 23.73, 16.08, 57.59, 23.47, 26.62, 17.69, 21.12, 31.22, 11.26, 8.14, 17.91, 20.28, 36.08, 10.11, 16.44, 32.57, 52.66, 33.34, 16.15, 9.6, 8.08, 25.9, 13.04, 15.37, 10.73, 9.14, 52.08, 33.82, 0.0, 47.5, 35.12, 56.98], [0.0, 17.4, 45.01, 24.2, 19.24, 34.07, 68.2, 30.41, 30.6, 26.74, 35.41, 59.35, 43.97, 34.61, 51.99, 24.09, 38.43, 18.69, 24.51, 26.24, 62.54, 26.49, 25.92, 36.66, 43.12, 48.71, 27.22, 11.66, 37.93, 45.71, 20.99, 30.08, 23.87, 34.94, 39.4, 44.65, 33.19, 50.45, 33.42, 50.2, 40.53, 5.8, 14.73, 47.5, 0.0, 30.64, 90.57], [0.0, 33.11, 24.66, 26.7, 25.62, 9.39, 59.74, 4.59, 12.6, 16.87, 27.51, 49.05, 33.36, 8.9, 28.41, 25.59, 19.26, 28.66, 26.25, 11.41, 42.69, 24.84, 6.85, 29.89, 36.5, 25.17, 23.4, 22.55, 26.14, 32.96, 11.18, 18.05, 7.48, 19.24, 32.97, 37.99, 9.28, 45.36, 21.42, 30.85, 34.19, 31.42, 19.23, 35.12, 30.64, 0.0, 90.78], [0.0, 0.0, 0.0, 0.0, 0.0, 0.0, 0.0, 0.0, 0.0, 0.0, 0.0, 0.0, 0.0, 0.0, 0.0, 0.0, 0.0, 0.0, 0.0, 0.0, 0.0, 0.0, 0.0, 0.0, 0.0, 0.0, 0.0, 0.0, 0.0, 0.0, 0.0, 0.0, 0.0, 0.0, 0.0, 0.0, 0.0, 0.0, 0.0, 0.0, 0.0, 0.0, 0.0, 0.0, 0.0, 0.0, 0.0]], "time_windows": [[0.0, 5000.0], [0.0, 165.0], [0.0, 309.0], [0.0, 365.0], [0.0, 427.0], [0.0, 492.0], [0.0, 627.0], [0.0, 714.0], [0.0, 729.0], [0.0, 749.0], [0.0, 765.0], [0.0, 804.0], [0.0, 831.0], [0.0, 885.0], [0.0, 922.0], [0.0, 975.0], [0.0, 1003.0], [0.0, 1057.0], [0.0, 1099.0], [0.0, 1114.0], [0.0, 1152.0], [0.0, 1190.0], [0.0, 1208.0], [0.0, 1232.0], [0.0, 1239.0], [0.0, 1264.0], [0.0, 1289.0], [0.0, 1305.0], [0.0, 1331.0], [0.0, 1339.0], [0.0, 1370.0], [0.0, 1392.0], [0.0, 1412.0], [0.0, 1429.0], [0.0, 1444.0], [0.0, 1449.0], [0.0, 1478.0], [0.0, 1515.0], [0.0, 1539.0], [0.0, 1556.0], [0.0, 1574.0], [0.0, 1620.0], [0.0, 1638.0], [0.0, 1672.0], [0.0, 1720.0], [0.0, 1750.0], [0.0, 5000.0]], "start_depot": 0, "end_depot": 46, "horizon": [0.0, 5000.0]}