{"digraph": {"vertex_count": 47, "arc_count": 2070, "arcs": [[0, 1, 1, 1, 1, 1, 1, 1, 1, 1, 1, 1, 1, 1, 1, 1, 1, 1, 1, 1, 1, 1, 1, 1, 1, 1, 1, 1, 1, 1, 1, 1, 1, 1, 1, 1, 1, 1, 1, 1, 1, 1, 1, 1, 1, 1, 1], [0, 0, 1, 1, 1, 1, 1, 1, 1, 1, 1, 1, 1, 1, 1, 1, 1, 1, 1, 1, 1, 1, 1, 1, 1, 1, 1, 1, 1, 1, 1, 1, 1, 1, 1, 1, 1, 1, 1, 1, 1, 1, 1, 1, 1, 1, 1], [0, 1, 0, 1, 1, 1, 1, 1, 1, 1, 1, 1, 1, 1, 1, 1, 1, 1, 1, 1, 1, 1, 1, 1, 1, 1, 1, 1, 1, 1, 1, 1, 1, 1, 1, 1, 1, 1, 1, 1, 1, 1, 1, 1, 1, 1, 1], [0, 1, 1, 0, 1, 1, 1, 1, 1, 1, 1, 1, 1, 1, 1, 1, 1, 1, 1, 1, 1, 1, 1, 1, 1, 1, 1, 1, 1, 1, 1, 1, 1, 1, 1, 1, 1, 1, 1, 1, 1, 1, 1, 1, 1, 1, 1], [0, 1, 1, 1, 0, 1, 1, 1, 1, 1, 1, 1, 1, 1, 1, 1, 1, 1, 1, 1, 1, 1, 1, 1, 1, 1, 1, 1, 1, 1, 1, 1, 1, 1, 1, 1, 1, 1, 1, 1, 1, 1, 1, 1, 1, 1, 1], [0, 1, 1, 1, 1, 0, 1, 1, 1, 1, 1, 1, 1, 1, 1, 1, 1, 1, 1, 1, 1, 1, 1, 1, 1, 1, 1, 1, 1, 1, 1, 1, 1, 1, 1, 1, 1, 1, 1, 1, 1, 1, 1, 1, 1, 1, 1], [0, 1, 1, 1, 1, 1, 0, 1, 1, 1, 1, 1, 1, 1, 1, 1, 1, 1, 1, 1, 1, 1, 1, 1, 1, 1, 1, 1, 1, 1, 1, 1, 1, 1, 1, 1, 1, 1, 1, 1, 1, 1, 1, 1, 1, 1, 1], [0, 1, 1, 1, 1, 1, 1, 0, 1, 1, 1, 1, 1, 1, 1, 1, 1, 1, 1, 1, 1, 1, 1, 1, 1, 1, 1, 1, 1, 1, 1, 1, 1, 1, 1, 1, 1, 1, 1, 1, 1, 1, 1, 1, 1, 1, 1], [0, 1, 1, 1, 1, 1, 1, 1, 0, 1, 1, 1, 1, 1, 1, 1, 1, 1, 1, 1, 1, 1, 1, 1, 1, 1, 1, 1, 1, 1, 1, 1, 1, 1, 1, 1, 1, 1, 1, 1, 1, 1, 1, 1, 1, 1, 1], [0, 1, 1, 1, 1, 1, 1, 1, 1, 0, 1, 1, 1, 1, 1, 1, 1, 1, 1, 1, 1, 1, 1, 1, 1, 1, 1, 1, 1, 1, 1, 1, 1, 1, 1, 1, 1, 1, 1, 1, 1, 1, 1, 1, 1, 1, 1], [0, 1, 1, 1, 1, 1, 1, 1, 1, 1, 0, 1, 1, 1, 1, 1, 1, 1, 1, 1, 1, 1, 1, 1, 1, 1, 1, 1, 1, 1, 1, 1, 1, 1, 1, 1, 1, 1, 1, 1, 1, 1, 1, 1, 1, 1, 1], [0, 1, 1, 1, 1, 1, 1, 1, 1, 1, 1, 0, 1, 1, 1, 1, 1, 1, 1, 1, 1, 1, 1, 1, 1, 1, 1, 1, 1, 1, 1, 1, 1, 1, 1, 1, 1, 1, 1, 1, 1, 1, 1, 1, 1, 1, 1], [0, 1, 1, 1, 1, 1, 1, 1, 1, 1, 1, 1, 0, 1, 1, 1, 1, 1, 1, 1, 1, 1, 1, 1, 1, 1, 1, 1, 1, 1, 1, 1, 1, 1, 1, 1, 1, 1, 1, 1, 1, 1, 1, 1, 1, 1, 1], [0, 1, 1, 1, 1, 1, 1, 1, 1, 1, 1, 1, 1, 0, 1, 1, 1, 1, 1, 1, 1, 1, 1, 1, 1, 1, 1, 1, 1, 1, 1, 1, 1, 1, 1, 1, 1, 1, 1, 1, 1, 1, 1, 1, 1, 1, 1], [0, 1, 1, 1, 1, 1, 1, 1, 1, 1, 1, 1, 1, 1, 0, 1, 1, 1, 1, 1, 1, 1, 1, 1, 1, 1, 1, 1, 1, 1, 1, 1, 1, 1, 1, 1, 1, 1, 1, 1, 1, 1, 1, 1, 1, 1, 1], [0, 1, 1, 1, 1, 1, 1, 1, 1, 1, 1, 1, 1, 1, 1, 0, 1, 1, 1, 1, 1, 1, 1, 1, 1, 1, 1, 1, 1, 1, 1, 1, 1, 1, 1, 1, 1, 1, 1, 1, 1, 1, 1, 1, 1, 1, 1], [0, 1, 1, 1, 1, 1, 1, 1, 1, 1, 1, 1, 1, 1, 1, 1, 0, 1, 1, 1, 1, 1, 1, 1, 1, 1, 1, 1, 1, 1, 1, 1, 1, 1, 1, 1, 1, 1, 1, 1, 1, 1, 1, 1, 1, 1, 1], [0, 1, 1, 1, 1, 1, 1, 1, 1, 1, 1, 1, 1, 1, 1, 1, 1, 0, 1, 1, 1, 1, 1, 1, 1, 1, 1, 1, 1, 1, 1, 1, 1, 1, 1, 1, 1, 1, 1, 1, 1, 1, 1, 1, 1, 1, 1], [0, 1, 1, 1, 1, 1, 1, 1, 1, 1, 1, 1, 1, 1, 1, 1, 1, 1, 0, 1, 1, 1, 1, 1, 1, 1, 1, 1, 1, 1, 1, 1, 1, 1, 1, 1, 1, 1, 1, 1, 1, 1, 1, 1, 1, 1, 1], [0, 1, 1, 1, 1, 1, 1, 1, 1, 1, 1, 1, 1, 1, 1, 1, 1, 1, 1, 0, 1, 1, 1, 1, 1, 1, 1, 1, 1, 1, 1, 1, 1, 1, 1, 1, 1, 1, 1, 1, 1, 1, 1, 1, 1, 1, 1], [0, 1, 1, 1, 1, 1, 1, 1, 1, 1, 1, 1, 1, 1, 1, 1, 1, 1, 1, 1, 0, 1, 1, 1, 1, 1, 1, 1, 1, 1, 1, 1, 1, 1, 1, 1, 1, 1, 1, 1, 1, 1, 1, 1, 1, 1, 1], [0, 1, 1, 1, 1, 1, 1, 1, 1, 1, 1, 1, 1, 1, 1, 1, 1, 1, 1, 1, 1, 0, 1, 1, 1, 1, 1, 1, 1, 1, 1, 1, 1, 1, 1, 1, 1, 1, 1, 1, 1, 1, 1, 1, 1, 1, 1], [0, 1, 1, 1, 1, 1, 1, 1, 1, 1, 1, 1, 1, 1, 1, 1, 1, 1, 1, 1, 1, 1, 0, 1, 1, 1, 1, 1, 1, 1, 1, 1, 1, 1, 1, 1, 1, 1, 1, 1, 1, 1, 1, 1, 1, 1, 1], [0, 1, 1, 1, 1, 1, 1, 1, 1, 1, 1, 1, 1, 1, 1, 1, 1, 1, 1, 1, 1, 1, 1, 0, 1, 1, 1, 1, 1, 1, 1, 1, 1, 1, 1, 1, 1, 1, 1, 1, 1, 1, 1, 1, 1, 1, 1], [0, 1, 1, 1, 1, 1, 1, 1, 1, 1, 1, 1, 1, 1, 1, 1, 1, 1, 1, 1, 1, 1, 1, 1, 0, 1, 1, 1, 1, 1, 1, 1, 1, 1, 1, 1, 1, 1, 1, 1, 1, 1, 1, 1, 1, 1, 1], [0, 1, 1, 1, 1, 1, 1, 1, 1, 1, 1, 1, 1, 1, 1, 1, 1, 1, 1, 1, 1, 1, 1, 1, 1, 0, 1, 1, 1, 1, 1, 1, 1, 1, 1, 1, 1, 1, 1, 1, 1, 1, 1, 1, 1, 1, 1], [0, 1, 1, 1, 1, 1, 1, 1, 1, 1, 1, 1, 1, 1, 1, 1, 1, 1, 1, 1, 1, 1, 1, 1, 1, 1, 0, 1, 1, 1, 1, 1, 1, 1, 1, 1, 1, 1, 1, 1, 1, 1, 1, 1, 1, 1, 1], [0, 1, 1, 1, 1, 1, 1, 1, 1, 1, 1, 1, 1, 1, 1, 1, 1, 1, 1, 1, 1, 1, 1, 1, 1, 1, 1, 0, 1, 1, 1, 1, 1, 1, 1, 1, 1, 1, 1, 1, 1, 1, 1, 1, 1, 1, 1], [0, 1, 1, 1, 1, 1, 1, 1, 1, 1, 1, 1, 1, 1, 1, 1, 1, 1, 1, 1, 1, 1, 1, 1, 1, 1, 1, 1, 0, 1, 1, 1, 1, 1, 1, 1, 1, 1, 1, 1, 1, 1, 1, 1, 1, 1, 1], [0, 1, 1, 1, 1, 1, 1, 1, 1, 1, 1, 1, 1, 1, 1, 1, 1, 1, 1, 1, 1, 1, 1, 1, 1, 1, 1, 1, 1, 0, 1, 1, 1, 1, 1, 1, 1, 1, 1, 1, 1, 1, 1, 1, 1, 1, 1], [0, 1, 1, 1, 1, 1, 1, 1, 1, 1, 1, 1, 1, 1, 1, 1, 1, 1, 1, 1, 1, 1, 1, 1, 1, 1, 1, 1, 1, 1, 0, 1, 1, 1, 1, 1, 1, 1, 1, 1, 1, 1, 1, 1, 1, 1, 1], [0, 1, 1, 1, 1, 1, 1, 1, 1, 1, 1, 1, 1, 1, 1, 1, 1, 1, 1, 1, 1, 1, 1, 1, 1, 1, 1, 1, 1, 1, 1, 0, 1, 1, 1, 1, 1, 1, 1, 1, 1, 1, 1, 1, 1, 1, 1], [0, 1, 1, 1, 1, 1, 1, 1, 1, 1, 1, 1, 1, 1, 1, 1, 1, 1, 1, 1, 1, 1, 1, 1, 1, 1, 1, 1, 1, 1, 1, 1, 0, 1, 1, 1, 1, 1, 1, 1, 1, 1, 1, 1, 1, 1, 1], [0, 1, 1, 1, 1, 1, 1, 1, 1, 1, 1, 1, 1, 1, 1, 1, 1, 1, 1, 1, 1, 1, 1, 1, 1, 1, 1, 1, 1, 1, 1, 1, 1, 0, 1, 1, 1, 1, 1, 1, 1, 1, 1, 1, 1, 1, 1], [0, 1, 1, 1, 1, 1, 1, 1, 1, 1, 1, 1, 1, 1, 1, 1, 1, 1, 1, 1, 1, 1, 1, 1, 1, 1, 1, 1, 1, 1, 1, 1, 1, 1, 0, 1, 1, 1, 1, 1, 1, 1, 1, 1, 1, 1, 1], [0, 1, 1, 1, 1, 1, 1, 1, 1, 1, 1, 1, 1, 1, 1, 1, 1, 1, 1, 1, 1, 1, 1, 1, 1, 1, 1, 1, 1, 1, 1, 1, 1, 1, 1, 0, 1, 1, 1, 1, 1, 1, 1, 1, 1, 1, 1], [0, 1, 1, 1, 1, 1, 1, 1, 1, 1, 1, 1, 1, 1, 1, 1, 1, 1, 1, 1, 1, 1, 1, 1, 1, 1, 1, 1, 1, 1, 1, 1, 1, 1, 1, 1, 0, 1, 1, 1, 1, 1, 1, 1, 1, 1, 1], [0, 1, 1, 1, 1, 1, 1, 1, 1, 1, 1, 1, 1, 1, 1, 1, 1, 1, 1, 1, 1, 1, 1, 1, 1, 1, 1, 1, 1, 1, 1, 1, 1, 1, 1, 1, 1, 0, 1, 1, 1, 1, 1, 1, 1, 1, 1], [0, 1, 1, 1, 1, 1, 1, 1, 1, 1, 1, 1, 1, 1, 1, 1, 1, 1, 1, 1, 1, 1, 1, 1, 1, 1, 1, 1, 1, 1, 1, 1, 1, 1, 1, 1, 1, 1, 0, 1, 1, 1, 1, 1, 1, 1, 1], [0, 1, 1, 1, 1, 1, 1, 1, 1, 1, 1, 1, 1, 1, 1, 1, 1, 1, 1, 1, 1, 1, 1, 1, 1, 1, 1, 1, 1, 1, 1, 1, 1, 1, 1, 1, 1, 1, 1, 0, 1, 1, 1, 1, 1, 1, 1], [0, 1, 1, 1, 1, 1, 1, 1, 1, 1, 1, 1, 1, 1, 1, 1, 1, 1, 1, 1, 1, 1, 1, 1, 1, 1, 1, 1, 1, 1, 1, 1, 1, 1, 1, 1, 1, 1, 1, 1, 0, 1, 1, 1, 1, 1, 1], [0, 1, 1, 1, 1, 1, 1, 1, 1, 1, 1, 1, 1, 1, 1, 1, 1, 1, 1, 1, 1, 1, 1, 1, 1, 1, 1, 1, 1, 1, 1, 1, 1, 1, 1, 1, 1, 1, 1, 1, 1, 0, 1, 1, 1, 1, 1], [0, 1, 1, 1, 1, 1, 1, 1, 1, 1, 1, 1, 1, 1, 1, 1, 1, 1, 1, 1, 1, 1, 1, 1, 1, 1, 1, 1, 1, 1, 1, 1, 1, 1, 1, 1, 1, 1, 1, 1, 1, 1, 0, 1, 1, 1, 1], [0, 1, 1, 1, 1, 1, 1, 1, 1, 1, 1, 1, 1, 1, 1, 1, 1, 1, 1, 1, 1, 1, 1, 1, 1, 1, 1, 1, 1, 1, 1, 1, 1, 1, 1, 1, 1, 1, 1, 1, 1, 1, 1, 0, 1, 1, 1], [0, 1, 1, 1, 1, 1, 1, 1, 1, 1, 1, 1, 1, 1, 1, 1, 1, 1, 1, 1, 1, 1, 1, 1, 1, 1, 1, 1, 1, 1, 1, 1, 1, 1, 1, 1, 1, 1, 1, 1, 1, 1, 1, 1, 0, 1, 1], [0, 1, 1, 1, 1, 1, 1, 1, 1, 1, 1, 1, 1, 1, 1, 1, 1, 1, 1, 1, 1, 1, 1, 1, 1, 1, 1, 1, 1, 1, 1, 1, 1, 1, 1, 1, 1, 1, 1, 1, 1, 1, 1, 1, 1, 0, 1], [0, 0, 0, 0, 0, 0, 0, 0, 0, 0, 0, 0, 0, 0, 0, 0, 0, 0, 0, 0, 0, 0, 0, 0, 0, 0, 0, 0, 0, 0, 0, 0, 0, 0, 0, 0, 0, 0, 0, 0, 0, 0, 0, 0, 0, 0, 0]]}, "cluster_count": 3, "cluster_speeds": [[0.925, 0.85, 0.925, 1.0, 0.8325, 0.765, 0.8325, 0.9, 0.4625, 0.425, 0.4625, 0.5, 0.30525, 0.2805, 0.30525, 0.33, 0.37, 0.34, 0.37, 0.4, 0.555, 0.51, 0.555, 0.6, 0.6475, 0.595, 0.6475, 0.7, 0.37, 0.34, 0.37, 0.4, 0.30525, 0.2805, 0.30525, 0.33, 0.4625, 0.425, 0.4625, 0.5, 0.6475, 0.595, 0.6475, 0.7, 0.74, 0.68, 0.74, 0.8, 0.6475, 0.595, 0.6475, 0.7, 0.4625, 0.425, 0.4625, 0.5, 0.555, 0.51, 0.555, 0.6, 0.6475, 0.595, 0.6475, 0.7, 0.8325, 0.765, 0.8325, 0.9, 0.925, 0.85, 0.925, 1.0, 1.0], [0.8325, 0.765, 0.8325, 0.9, 0.7492500000000001, 0.6885, 0.7492500000000001, 0.81, 0.41625, 0.3825, 0.41625, 0.45, 0.27472500000000005, 0.25245, 0.27472500000000005, 0.29700000000000004, 0.333, 0.30600000000000005, 0.333, 0.36000000000000004, 0.49950000000000006, 0.459, 0.49950000000000006, 0.54, 0.6475, 0.595, 0.6475, 0.7, 0.37, 0.34, 0.37, 0.4, 0.30525, 0.2805, 0.30525, 0.33, 0.4625, 0.425, 0.4625, 0.5, 0.6475, 0.595, 0.6475, 0.7, 0.74, 0.68, 0.74, 0.8, 0.58275, 0.5355, 0.58275, 0.63, 0.41625, 0.3825, 0.41625, 0.45, 0.49950000000000006, 0.459, 0.49950000000000006, 0.54, 0.58275, 0.5355, 0.58275, 0.63, 0.7492500000000001, 0.6885, 0.7492500000000001, 0.81, 0.8325, 0.765, 0.8325, 0.9, 0.9], [0.87875, 0.8075, 0.87875, 0.95, 0.790875, 0.72675, 0.790875, 0.855, 0.439375, 0.40375, 0.439375, 0.475, 0.2899875, 0.266475, 0.2899875, 0.3135, 0.3515, 0.323, 0.3515, 0.38, 0.52725, 0.4845, 0.52725, 0.57, 0.6475, 0.595, 0.6475, 0.7, 0.37, 0.34, 0.37, 0.4, 0.30525, 0.2805, 0.30525, 0.33, 0.4625, 0.425, 0.4625, 0.5, 0.6475, 0.595, 0.6475, 0.7, 0.74, 0.68, 0.74, 0.8, 0.6151249999999999, 0.5652499999999999, 0.6151249999999999, 0.6649999999999999, 0.439375, 0.40375, 0.439375, 0.475, 0.52725, 0.4845, 0.52725, 0.57, 0.6151249999999999, 0.5652499999999999, 0.6151249999999999, 0.6649999999999999, 0.790875, 0.72675, 0.790875, 0.855, 0.87875, 0.8075, 0.87875, 0.95, 0.95]], "clusters": [[-1, 2, 2, 2, 2, 2, 2, 2, 2, 2, 2, 2, 2, 2, 2, 2, 2, 2, 2, 2, 2, 2, 2, 2, 2, 2, 2, 2, 2, 2, 2, 2, 2, 2, 2, 2, 2, 2, 2, 2, 2, 2, 2, 2, 2, 2, 2], [0, -1, 0, 0, 0, 0, 0, 0, 0, 0, 0, 0, 0, 0, 0, 0, 0, 0, 0, 0, 0, 0, 0, 0, 0, 0, 0, 0, 0, 0, 0, 0, 0, 0, 0, 0, 0, 0, 0, 0, 0, 0, 0, 0, 0, 0, 0], [0, 0, -1, 0, 0, 0, 0, 0, 0, 0, 0, 0, 0, 0, 0, 0, 0, 0, 0, 0, 0, 0, 0, 0, 0, 0, 0, 0, 0, 0, 0, 0, 0, 0, 0, 0, 0, 0, 0, 0, 0, 0, 0, 0, 0, 0, 0], [1, 1, 1, -1, 1, 1, 1, 1, 1, 1, 1, 1, 1, 1, 1, 1, 1, 1, 1, 1, 1, 1, 1, 1, 1, 1, 1, 1, 1, 1, 1, 1, 1, 1, 1, 1, 1, 1, 1, 1, 1, 1, 1, 1, 1, 1, 1], [0, 0, 0, 0, -1, 0, 0, 0, 0, 0, 0, 0, 0, 0, 0, 0, 0, 0, 0, 0, 0, 0, 0, 0, 0, 0, 0, 0, 0, 0, 0, 0, 0, 0, 0, 0, 0, 0, 0, 0, 0, 0, 0, 0, 0, 0, 0], [1, 1, 1, 1, 1, -1, 1, 1, 1, 1, 1, 1, 1, 1, 1, 1, 1, 1, 1, 1, 1, 1, 1, 1, 1, 1, 1, 1, 1, 1, 1, 1, 1, 1, 1, 1, 1, 1, 1, 1, 1, 1, 1, 1, 1, 1, 1], [1, 1, 1, 1, 1, 1, -1, 1, 1, 1, 1, 1, 1, 1, 1, 1, 1, 1, 1, 1, 1, 1, 1, 1, 1, 1, 1, 1, 1, 1, 1, 1, 1, 1, 1, 1, 1, 1, 1, 1, 1, 1, 1, 1, 1, 1, 1], [0, 0, 0, 0, 0, 0, 0, -1, 0, 0, 0, 0, 0, 0, 0, 0, 0, 0, 0, 0, 0, 0, 0, 0, 0, 0, 0, 0, 0, 0, 0, 0, 0, 0, 0, 0, 0, 0, 0, 0, 0, 0, 0, 0, 0, 0, 0], [1, 1, 1, 1, 1, 1, 1, 1, -1, 1, 1, 1, 1, 1, 1, 1, 1, 1, 1, 1, 1, 1, 1, 1, 1, 1, 1, 1, 1, 1, 1, 1, 1, 1, 1, 1, 1, 1, 1, 1, 1, 1, 1, 1, 1, 1, 1], [0, 0, 0, 0, 0, 0, 0, 0, 0, -1, 0, 0, 0, 0, 0, 0, 0, 0, 0, 0, 0, 0, 0, 0, 0, 0, 0, 0, 0, 0, 0, 0, 0, 0, 0, 0, 0, 0, 0, 0, 0, 0, 0, 0, 0, 0, 0], [0, 0, 0, 0, 0, 0, 0, 0, 0, 0, -1, 0, 0, 0, 0, 0, 0, 0, 0, 0, 0, 0, 0, 0, 0, 0, 0, 0, 0, 0, 0, 0, 0, 0, 0, 0, 0, 0, 0, 0, 0, 0, 0, 0, 0, 0, 0], [0, 0, 0, 0, 0, 0, 0, 0, 0, 0, 0, -1, 0, 0, 0, 0, 0, 0, 0, 0, 0, 0, 0, 0, 0, 0, 0, 0, 0, 0, 0, 0, 0, 0, 0, 0, 0, 0, 0, 0, 0, 0, 0, 0, 0, 0, 0], [0, 0, 0, 0, 0, 0, 0, 0, 0, 0, 0, 0, -1, 0, 0, 0, 0, 0, 0, 0, 0, 0, 0, 0, 0, 0, 0, 0, 0, 0, 0, 0, 0, 0, 0, 0, 0, 0, 0, 0, 0, 0, 0, 0, 0, 0, 0], [1, 1, 1, 1, 1, 1, 1, 1, 1, 1, 1, 1, 1, -1, 1, 1, 1, 1, 1, 1, 1, 1, 1, 1, 1, 1, 1, 1, 1, 1, 1, 1, 1, 1, 1, 1, 1, 1, 1, 1, 1, 1, 1, 1, 1, 1, 1], [0, 0, 0, 0, 0, 0, 0, 0, 0, 0, 0, 0, 0, 0, -1, 0, 0, 0, 0, 0, 0, 0, 0, 0, 0, 0, 0, 0, 0, 0, 0, 0, 0, 0, 0, 0, 0, 0, 0, 0, 0, 0, 0, 0, 0, 0, 0], [1, 1, 1, 1, 1, 1, 1, 1, 1, 1, 1, 1, 1, 1, 1, -1, 1, 1, 1, 1, 1, 1, 1, 1, 1, 1, 1, 1, 1, 1, 1, 1, 1, 1, 1, 1, 1, 1, 1, 1, 1, 1, 1, 1, 1, 1, 1], [0, 0, 0, 0, 0, 0, 0, 0, 0, 0, 0, 0, 0, 0, 0, 0, -1, 0, 0, 0, 0, 0, 0, 0, 0, 0, 0, 0, 0, 0, 0, 0, 0, 0, 0, 0, 0, 0, 0, 0, 0, 0, 0, 0, 0, 0, 0], [0, 0, 0, 0, 0, 0, 0, 0, 0, 0, 0, 0, 0, 0, 0, 0, 0, -1, 0, 0, 0, 0, 0, 0, 0, 0, 0, 0, 0, 0, 0, 0, 0, 0, 0, 0, 0, 0, 0, 0, 0, 0, 0, 0, 0, 0, 0], [1, 1, 1, 1, 1, 1, 1, 1, 1, 1, 1, 1, 1, 1, 1, 1, 1, 1, -1, 1, 1, 1, 1, 1, 1, 1, 1, 1, 1, 1, 1, 1, 1, 1, 1, 1, 1, 1, 1, 1, 1, 1, 1, 1, 1, 1, 1], [0, 0, 0, 0, 0, 0, 0, 0, 0, 0, 0, 0, 0, 0, 0, 0, 0, 0, 0, -1, 0, 0, 0, 0, 0, 0, 0, 0, 0, 0, 0, 0, 0, 0, 0, 0, 0, 0, 0, 0, 0, 0, 0, 0, 0, 0, 0], [1, 1, 1, 1, 1, 1, 1, 1, 1, 1, 1, 1, 1, 1, 1, 1, 1, 1, 1, 1, -1, 1, 1, 1, 1, 1, 1, 1, 1, 1, 1, 1, 1, 1, 1, 1, 1, 1, 1, 1, 1, 1, 1, 1, 1, 1, 1], [0, 0, 0, 0, 0, 0, 0, 0, 0, 0, 0, 0, 0, 0, 0, 0, 0, 0, 0, 0, 0, -1, 0, 0, 0, 0, 0, 0, 0, 0, 0, 0, 0, 0, 0, 0, 0, 0, 0, 0, 0, 0, 0, 0, 0, 0, 0], [0, 0, 0, 0, 0, 0, 0, 0, 0, 0, 0, 0, 0, 0, 0, 0, 0, 0, 0, 0, 0, 0, -1, 0, 0, 0, 0, 0, 0, 0, 0, 0, 0, 0, 0, 0, 0, 0, 0, 0, 0, 0, 0, 0, 0, 0, 0], [0, 0, 0, 0, 0, 0, 0, 0, 0, 0, 0, 0, 0, 0, 0, 0, 0, 0, 0, 0, 0, 0, 0, -1, 0, 0, 0, 0, 0, 0, 0, 0, 0, 0, 0, 0, 0, 0, 0, 0, 0, 0, 0, 0, 0, 0, 0], [0, 0, 0, 0, 0, 0, 0, 0, 0, 0, 0, 0, 0, 0, 0, 0, 0, 0, 0, 0, 0, 0, 0, 0, -1, 0, 0, 0, 0, 0, 0, 0, 0, 0, 0, 0, 0, 0, 0, 0, 0, 0, 0, 0, 0, 0, 0], [1, 1, 1, 1, 1, 1, 1, 1, 1, 1, 1, 1, 1, 1, 1, 1, 1, 1, 1, 1, 1, 1, 1, 1, 1, -1, 1, 1, 1, 1, 1, 1, 1, 1, 1, 1, 1, 1, 1, 1, 1, 1, 1, 1, 1, 1, 1], [0, 0, 0, 0, 0, 0, 0, 0, 0, 0, 0, 0, 0, 0, 0, 0, 0, 0, 0, 0, 0, 0, 0, 0, 0, 0, -1, 0, 0, 0, 0, 0, 0, 0, 0, 0, 0, 0, 0, 0, 0, 0, 0, 0, 0, 0, 0], [0, 0, 0, 0, 0, 0, 0, 0, 0, 0, 0, 0, 0, 0, 0, 0, 0, 0, 0, 0, 0, 0, 0, 0, 0, 0, 0, -1, 0, 0, 0, 0, 0, 0, 0, 0, 0, 0, 0, 0, 0, 0, 0, 0, 0, 0, 0], [1, 1, 1, 1, 1, 1, 1, 1, 1, 1, 1, 1, 1, 1, 1, 1, 1, 1, 1, 1, 1, 1, 1, 1, 1, 1, 1, 1, -1, 1, 1, 1, 1, 1, 1, 1, 1, 1, 1, 1, 1, 1, 1, 1, 1, 1, 1], [0, 0, 0, 0, 0, 0, 0, 0, 0, 0, 0, 0, 0, 0, 0, 0, 0, 0, 0, 0, 0, 0, 0, 0, 0, 0, 0, 0, 0, -1, 0, 0, 0, 0, 0, 0, 0, 0, 0, 0, 0, 0, 0, 0, 0, 0, 0], [2, 2, 2, 2, 2, 2, 2, 2, 2, 2, 2, 2, 2, 2, 2, 2, 2, 2, 2, 2, 2, 2, 2, 2, 2, 2, 2, 2, 2, 2, -1, 2, 2, 2, 2, 2, 2, 2, 2, 2, 2, 2, 2, 2, 2, 2, 2], [1, 1, 1, 1, 1, 1, 1, 1, 1, 1, 1, 1, 1, 1, 1, 1, 1, 1, 1, 1, 1, 1, 1, 1, 1, 1, 1, 1, 1, 1, 1, -1, 1, 1, 1, 1, 1, 1, 1, 1, 1, 1, 1, 1, 1, 1, 1], [1, 1, 1, 1, 1, 1, 1, 1, 1, 1, 1, 1, 1, 1, 1, 1, 1, 1, 1, 1, 1, 1, 1, 1, 1, 1, 1, 1, 1, 1, 1, 1, -1, 1, 1, 1, 1, 1, 1, 1, 1, 1, 1, 1, 1, 1, 1], [0, 0, 0, 0, 0, 0, 0, 0, 0, 0, 0, 0, 0, 0, 0, 0, 0, 0, 0, 0, 0, 0, 0, 0, 0, 0, 0, 0, 0, 0, 0, 0, 0, -1, 0, 0, 0, 0, 0, 0, 0, 0, 0, 0, 0, 0, 0], [0, 0, 0, 0, 0, 0, 0, 0, 0, 0, 0, 0, 0, 0, 0, 0, 0, 0, 0, 0, 0, 0, 0, 0, 0, 0, 0, 0, 0, 0, 0, 0, 0, 0, -1, 0, 0, 0, 0, 0, 0, 0, 0, 0, 0, 0, 0], [1, 1, 1, 1, 1, 1, 1, 1, 1, 1, 1, 1, 1, 1, 1, 1, 1, 1, 1, 1, 1, 1, 1, 1, 1, 1, 1, 1, 1, 1, 1, 1, 1, 1, 1, -1, 1, 1, 1, 1, 1, 1, 1, 1, 1, 1, 1], [0, 0, 0, 0, 0, 0, 0, 0, 0, 0, 0, 0, 0, 0, 0, 0, 0, 0, 0, 0, 0, 0, 0, 0, 0, 0, 0, 0, 0, 0, 0, 0, 0, 0, 0, 0, -1, 0, 0, 0, 0, 0, 0, 0, 0, 0, 0], [1, 1, 1, 1, 1, 1, 1, 1, 1, 1, 1, 1, 1, 1, 1, 1, 1, 1, 1, 1, 1, 1, 1, 1, 1, 1, 1, 1, 1, 1, 1, 1, 1, 1, 1, 1, 1, -1, 1, 1, 1, 1, 1, 1, 1, 1, 1], [1, 1, 1, 1, 1, 1, 1, 1, 1, 1, 1, 1, 1, 1, 1, 1, 1, 1, 1, 1, 1, 1, 1, 1, 1, 1, 1, 1, 1, 1, 1, 1, 1, 1, 1, 1, 1, 1, -1, 1, 1, 1, 1, 1, 1, 1, 1], [0, 0, 0, 0, 0, 0, 0, 0, 0, 0, 0, 0, 0, 0, 0, 0, 0, 0, 0, 0, 0, 0, 0, 0, 0, 0, 0, 0, 0, 0, 0, 0, 0, 0, 0, 0, 0, 0, 0, -1, 0, 0, 0, 0, 0, 0, 0], [0, 0, 0, 0, 0, 0, 0, 0, 0, 0, 0, 0, 0, 0, 0, 0, 0, 0, 0, 0, 0, 0, 0, 0, 0, 0, 0, 0, 0, 0, 0, 0, 0, 0, 0, 0, 0, 0, 0, 0, -1, 0, 0, 0, 0, 0, 0], [1, 1, 1, 1, 1, 1, 1, 1, 1, 1, 1, 1, 1, 1, 1, 1, 1, 1, 1, 1, 1, 1, 1, 1, 1, 1, 1, 1, 1, 1, 1, 1, 1, 1, 1, 1, 1, 1, 1, 1, 1, -1, 1, 1, 1, 1, 1], [1, 1, 1, 1, 1, 1, 1, 1, 1, 1, 1, 1, 1, 1, 1, 1, 1, 1, 1, 1, 1, 1, 1, 1, 1, 1, 1, 1, 1, 1, 1, 1, 1, 1, 1, 1, 1, 1, 1, 1, 1, 1, -1, 1, 1, 1, 1], [1, 1, 1, 1, 1, 1, 1, 1, 1, 1, 1, 1, 1, 1, 1, 1, 1, 1, 1, 1, 1, 1, 1, 1, 1, 1, 1, 1, 1, 1, 1, 1, 1, 1, 1, 1, 1, 1, 1, 1, 1, 1, 1, -1, 1, 1, 1], [0, 0, 0, 0, 0, 0, 0, 0, 0, 0, 0, 0, 0, 0, 0, 0, 0, 0, 0, 0, 0, 0, 0, 0, 0, 0, 0, 0, 0, 0, 0, 0, 0, 0, 0, 0, 0, 0, 0, 0, 0, 0, 0, 0, -1, 0, 0], [1, 1, 1, 1, 1, 1, 1, 1, 1, 1, 1, 1, 1, 1, 1, 1, 1, 1, 1, 1, 1, 1, 1, 1, 1, 1, 1, 1, 1, 1, 1, 1, 1, 1, 1, 1, 1, 1, 1, 1, 1, 1, 1, 1, 1, -1, 1], [2, 2, 2, 2, 2, 2, 2, 2, 2, 2, 2, 2, 2, 2, 2, 2, 2, 2, 2, 2, 2, 2, 2, 2, 2, 2, 2, 2, 2, 2, 2, 2, 2, 2, 2, 2, 2, 2, 2, 2, 2, 2, 2, 2, 2, 2, -1]], "speed_zone_count": 73, "speed_zones": [[0.0, 15.0], [15.0, 30.0], [30.0, 45.0], [45.0, 60.0], [60.0, 75.0], [75.0, 90.0], [90.0, 105.0], [105.0, 120.0], [120.0, 135.0], [135.0, 150.0], [150.0, 165.0], [165.0, 180.0], [180.0, 195.0], [195.0, 210.0], [210.0, 225.0], [225.0, 240.0], [240.0, 255.0], [255.0, 270.0], [270.0, 285.0], [285.0, 300.0], [300.0, 315.0], [315.0, 330.0], [330.0, 345.0], [345.0, 360.0], [360.0, 375.0], [375.0, 390.0], [390.0, 405.0], [405.0, 420.0], [420.0, 435.0], [435.0, 450.0], [450.0, 465.0], [465.0, 480.0], [480.0, 495.0], [495.0, 510.0], [510.0, 525.0], [525.0, 540.0], [540.0, 555.0], [555.0, 570.0], [570.0, 585.0], [585.0, 600.0], [600.0, 615.0], [615.0, 630.0], [630.0, 645.0], [645.0, 660.0], [660.0, 675.0], [675.0, 690.0], [690.0, 705.0], [705.0, 720.0], [720.0, 735.0], [735.0, 750.0], [750.0, 765.0], [765.0, 780.0], [780.0, 795.0], [795.0, 810.0], [810.0, 825.0], [825.0, 840.0], [840.0, 855.0], [855.0, 870.0], [870.0, 885.0], [885.0, 900.0], [900.0, 915.0], [915.0, 930.0], [930.0, 945.0], [945.0, 960.0], [960.0, 975.0], [975.0, 990.0], [990.0, 1005.0], [1005.0, 1020.0], [1020.0, 1035.0], [1035.0, 1050.0], [1050.0, 1065.0], [1065.0, 1080.0], [1080.0, 5000.0]], "distances": [[0.0, 81.16, 58.22, 86.35, 68.61, 82.65, 87.56, 59.41, 68.11, 77.78, 73.59, 70.16, 69.82, 54.71, 75.64, 84.58, 72.37, 72.65, 52.67, 77.38, 66.4, 73.12, 74.27, 72.22, 77.83, 56.99, 70.4, 71.56, 90.93, 64.93, 94.98, 53.39, 86.39, 77.33, 65.67, 60.91, 72.76, 50.8, 84.17, 73.17, 70.82, 50.55, 87.08, 84.98, 68.49, 85.29, 0.0], [0.0, 0.0, 22.96, 5.31, 14.26, 13.44, 20.4, 21.76, 21.28, 13.62, 10.37, 19.11, 17.14, 26.46, 8.54, 14.07, 8.83, 8.54, 29.19, 13.22, 20.37, 15.81, 18.96, 9.36, 13.8, 27.19, 11.03, 13.26, 14.25, 16.92, 25.2, 27.81, 6.62, 13.15, 15.89, 26.99, 8.52, 30.85, 23.51, 8.44, 13.37, 30.61, 7.02, 12.92, 15.88, 21.28, 81.16], [0.0, 22.96, 0.0, 28.2, 12.28, 27.31, 34.08, 11.29, 16.66, 19.57, 16.83, 18.45, 15.35, 12.67, 18.56, 29.16, 14.23, 14.49, 7.24, 19.16, 13.77, 18.33, 22.53, 14.08, 19.73, 9.87, 12.51, 15.01, 34.13, 8.28, 41.29, 5.24, 28.51, 19.11, 7.77, 14.58, 14.54, 8.38, 33.16, 15.01, 14.93, 7.68, 29.15, 29.08, 13.61, 32.84, 58.22], [0.0, 5.31, 28.2, 0.0, 18.71, 13.16, 18.83, 26.94, 25.9, 8.69, 14.2, 22.12, 21.87, 31.67, 12.09, 13.03, 13.99, 13.71, 34.5, 9.1, 25.27, 20.09, 20.96, 14.67, 8.54, 32.44, 16.01, 18.14, 10.54, 21.77, 22.24, 32.97, 11.94, 9.16, 21.2, 31.98, 13.83, 36.15, 23.0, 13.74, 17.32, 35.83, 12.34, 11.65, 19.92, 20.4, 86.35], [0.0, 14.26, 12.28, 18.71, 0.0, 15.07, 21.82, 10.51, 21.59, 11.49, 4.99, 8.25, 18.09, 15.04, 7.06, 16.94, 6.81, 7.09, 19.51, 11.19, 19.1, 19.42, 11.32, 9.61, 10.56, 20.65, 4.48, 15.02, 22.46, 10.41, 29.01, 15.75, 18.08, 11.19, 9.79, 23.48, 8.73, 20.59, 21.34, 9.99, 10.15, 18.94, 18.81, 16.97, 10.71, 20.73, 68.61], [0.0, 13.44, 27.31, 13.16, 15.07, 0.0, 7.52, 25.57, 32.49, 14.25, 10.63, 12.93, 28.34, 30.09, 9.44, 13.88, 15.68, 15.63, 34.52, 14.43, 30.78, 27.99, 9.79, 18.58, 12.45, 34.91, 15.84, 24.38, 9.07, 19.1, 14.1, 30.69, 10.39, 14.51, 23.04, 36.58, 17.19, 35.65, 10.09, 18.08, 12.47, 33.92, 10.97, 15.0, 14.39, 7.87, 82.65], [0.0, 20.4, 34.08, 18.83, 21.82, 7.52, 0.0, 32.28, 40.01, 21.62, 17.84, 17.5, 35.85, 36.59, 16.88, 6.36, 23.17, 23.13, 41.31, 21.83, 38.3, 35.43, 13.29, 26.1, 19.86, 42.14, 23.17, 31.89, 10.33, 25.8, 7.48, 36.97, 15.82, 21.91, 30.39, 44.03, 24.71, 42.29, 5.66, 25.6, 19.16, 40.22, 16.16, 7.48, 20.63, 13.76, 87.56], [0.0, 21.76, 11.29, 26.94, 10.51, 25.57, 32.28, 0.0, 17.39, 18.4, 15.16, 16.61, 15.65, 4.77, 16.94, 27.43, 12.96, 13.24, 9.04, 18.0, 14.49, 18.46, 20.69, 13.17, 18.42, 11.54, 11.07, 14.84, 32.54, 6.49, 39.52, 6.06, 27.12, 17.95, 7.28, 15.98, 13.48, 10.08, 31.32, 14.08, 13.15, 8.91, 27.78, 27.38, 11.78, 31.02, 59.41], [0.0, 21.28, 16.66, 25.9, 21.59, 32.49, 40.01, 17.39, 0.0, 18.84, 23.1, 29.83, 4.2, 19.1, 23.39, 33.8, 17.11, 17.08, 17.28, 18.54, 12.91, 6.11, 32.63, 13.96, 20.38, 11.43, 17.97, 8.19, 35.51, 19.62, 45.91, 21.03, 27.87, 18.46, 12.13, 7.41, 15.36, 19.21, 41.4, 14.41, 23.54, 21.76, 28.19, 33.02, 24.12, 39.97, 68.11], [0.0, 13.62, 19.57, 8.69, 11.49, 14.25, 21.62, 18.4, 18.84, 0.0, 8.37, 17.36, 14.64, 23.08, 7.02, 15.28, 5.52, 5.22, 25.81, 9.86, 17.62, 13.84, 17.94, 6.06, 10.47, 23.97, 7.84, 10.66, 16.82, 13.77, 27.12, 24.45, 9.63, 9.8, 12.52, 24.08, 5.14, 27.46, 24.01, 5.18, 11.05, 27.23, 10.13, 14.35, 13.4, 22.08, 77.78], [0.0, 10.37, 16.83, 14.2, 4.99, 10.63, 17.84, 15.16, 23.1, 8.37, 0.0, 8.99, 19.15, 19.82, 11.84, 12.41, 6.09, 6.19, 23.99, 8.22, 21.01, 19.66, 10.08, 9.41, 6.88, 24.31, 5.38, 15.48, 17.5, 8.85, 24.73, 20.65, 13.26, 8.25, 12.56, 26.32, 8.09, 25.21, 18.37, 9.31, 11.06, 23.81, 14.0, 12.25, 5.72, 17.23, 73.59], [0.0, 19.11, 18.45, 22.12, 8.25, 12.93, 17.5, 16.61, 29.83, 17.36, 8.99, 0.0, 26.32, 20.2, 10.58, 14.79, 14.21, 14.43, 25.4, 17.2, 27.31, 27.52, 4.38, 17.41, 15.81, 27.86, 12.35, 23.14, 21.9, 10.89, 24.97, 20.19, 20.4, 17.24, 17.9, 31.32, 16.3, 26.01, 15.17, 17.59, 6.78, 23.38, 21.15, 15.5, 5.72, 15.52, 70.16], [0.0, 17.14, 15.35, 21.87, 18.09, 28.34, 35.85, 15.65, 4.2, 14.64, 19.15, 26.32, 0.0, 18.33, 19.32, 29.62, 13.1, 13.04, 17.73, 14.34, 17.11, 10.32, 28.88, 9.87, 16.18, 12.85, 14.18, 12.39, 31.34, 16.63, 41.71, 20.25, 23.75, 14.26, 9.26, 10.44, 11.26, 19.71, 37.36, 10.26, 19.83, 21.59, 24.08, 28.83, 20.66, 35.87, 69.82], [0.0, 26.46, 12.67, 31.67, 15.04, 30.09, 36.59, 4.77, 19.1, 23.08, 19.82, 20.2, 18.33, 0.0, 21.66, 31.98, 17.68, 17.96, 5.43, 22.67, 16.3, 21.44, 24.47, 17.64, 23.17, 10.31, 15.84, 18.37, 37.27, 11.02, 43.92, 10.83, 31.88, 22.62, 11.3, 15.75, 18.08, 5.81, 35.24, 18.57, 17.63, 10.53, 32.54, 32.0, 15.96, 35.16, 54.71], [0.0, 8.54, 18.56, 12.09, 7.06, 9.44, 16.88, 16.94, 23.39, 7.02, 11.84, 10.58, 19.32, 21.66, 0.0, 11.07, 6.32, 6.32, 25.63, 6.96, 21.49, 19.46, 10.93, 9.45, 5.31, 25.54, 6.46, 15.47, 15.61, 10.78, 23.48, 22.57, 11.11, 7.01, 13.62, 27.15, 8.06, 26.93, 18.06, 9.13, 5.26, 25.7, 11.85, 10.72, 7.86, 16.6, 75.64], [0.0, 14.07, 29.16, 13.03, 16.94, 13.88, 6.36, 27.43, 33.8, 15.28, 12.41, 14.79, 29.62, 31.98, 11.07, 0.0, 17.19, 17.12, 36.36, 15.5, 32.19, 29.1, 11.45, 19.96, 13.54, 36.6, 17.51, 25.64, 7.44, 20.97, 12.42, 32.6, 10.1, 15.57, 24.69, 38.11, 18.59, 37.51, 9.97, 19.41, 14.36, 35.83, 10.59, 13.84, 16.32, 7.39, 84.58], [0.0, 8.83, 14.23, 13.99, 6.81, 15.68, 23.17, 12.96, 17.11, 5.52, 6.09, 14.21, 13.1, 17.68, 6.32, 17.19, 0.0, 9.89, 20.78, 5.13, 15.17, 13.6, 16.06, 10.69, 5.51, 19.75, 11.28, 9.39, 20.62, 8.36, 29.58, 18.99, 14.35, 5.1, 7.82, 20.92, 9.76, 22.32, 24.29, 9.81, 7.44, 21.84, 14.97, 16.65, 9.18, 22.92, 72.37], [0.0, 8.54, 14.49, 13.71, 7.09, 15.63, 23.13, 13.24, 17.08, 5.22, 6.19, 14.43, 13.04, 17.96, 6.32, 17.12, 9.89, 0.0, 21.01, 4.83, 15.18, 13.47, 16.2, 10.38, 5.26, 19.91, 11.56, 9.29, 20.45, 8.67, 29.49, 19.28, 14.11, 4.8, 8.0, 20.99, 9.46, 22.56, 24.33, 9.51, 7.65, 22.11, 14.73, 16.56, 9.44, 22.92, 72.65], [0.0, 29.19, 7.24, 34.5, 19.51, 34.52, 41.31, 9.04, 17.28, 25.81, 23.99, 25.4, 17.73, 5.43, 25.63, 36.36, 20.78, 21.01, 0.0, 25.4, 14.83, 21.05, 29.6, 19.91, 26.25, 6.42, 19.38, 18.94, 41.11, 15.51, 48.52, 6.41, 35.12, 25.34, 13.31, 12.14, 20.67, 11.24, 40.3, 20.85, 22.16, 5.1, 35.73, 36.24, 20.8, 40.05, 52.67], [0.0, 13.22, 19.16, 9.1, 11.19, 14.43, 21.83, 18.0, 18.54, 9.86, 8.22, 17.2, 14.34, 22.67, 6.96, 15.5, 5.13, 4.83, 25.4, 0.0, 17.29, 13.61, 17.89, 5.66, 10.09, 23.57, 7.48, 10.35, 17.17, 13.41, 27.39, 24.05, 10.02, 9.39, 12.11, 23.72, 4.72, 27.04, 24.13, 4.78, 10.84, 26.82, 10.53, 14.59, 13.15, 22.24, 77.38], [0.0, 20.37, 13.77, 25.27, 19.1, 30.78, 38.3, 14.49, 12.91, 17.62, 21.01, 27.31, 17.11, 16.3, 21.49, 32.19, 15.17, 15.18, 14.83, 17.29, 0.0, 6.79, 30.28, 12.23, 19.0, 9.42, 15.74, 7.13, 34.44, 16.91, 44.45, 18.23, 26.99, 17.21, 9.46, 6.79, 13.6, 16.79, 39.38, 12.82, 21.18, 19.11, 27.37, 31.5, 21.58, 38.09, 66.4], [0.0, 15.81, 18.33, 20.09, 19.42, 27.99, 35.43, 18.46, 6.11, 13.84, 19.66, 27.52, 10.32, 21.44, 19.46, 29.1, 13.6, 13.47, 21.05, 13.61, 6.79, 0.0, 29.66, 10.27, 15.57, 16.13, 15.18, 4.4, 30.04, 18.58, 40.88, 23.35, 22.27, 13.53, 11.59, 13.26, 11.57, 23.02, 37.43, 10.37, 20.83, 24.82, 22.52, 28.18, 22.02, 35.72, 73.12], [0.0, 18.96, 22.53, 20.96, 11.32, 9.79, 13.29, 20.69, 32.63, 17.94, 10.08, 4.38, 28.88, 24.47, 10.93, 11.45, 16.06, 16.2, 29.6, 17.89, 30.28, 29.66, 0.0, 19.39, 16.17, 31.7, 14.7, 25.39, 18.84, 14.63, 20.73, 24.53, 18.79, 17.93, 21.09, 34.8, 18.12, 30.28, 10.81, 19.36, 9.1, 27.73, 19.49, 12.42, 9.15, 11.18, 74.27], [0.0, 9.36, 14.08, 14.67, 9.61, 18.58, 26.1, 13.17, 13.96, 6.06, 9.41, 17.41, 9.87, 17.64, 9.45, 19.96, 10.69, 10.38, 19.91, 5.66, 12.23, 10.27, 19.39, 0.0, 7.01, 17.92, 5.15, 6.07, 22.61, 10.08, 32.24, 19.18, 15.67, 5.59, 6.6, 18.35, 9.43, 21.62, 27.5, 10.3, 10.65, 21.74, 16.19, 19.29, 12.14, 26.02, 72.22], [0.0, 13.8, 19.73, 8.54, 10.56, 12.45, 19.86, 18.42, 20.38, 10.47, 6.88, 15.81, 16.18, 23.17, 5.31, 13.54, 5.51, 5.26, 26.25, 10.09, 19.0, 15.57, 16.17, 7.01, 0.0, 24.84, 7.47, 12.18, 15.61, 13.3, 25.54, 24.43, 8.88, 10.05, 13.11, 25.32, 5.83, 27.82, 22.15, 6.25, 9.76, 27.33, 9.48, 12.67, 12.23, 20.24, 77.83], [0.0, 27.19, 9.87, 32.44, 20.65, 34.91, 42.14, 11.54, 11.43, 23.97, 24.31, 27.86, 12.85, 10.31, 25.54, 36.6, 19.75, 19.91, 6.42, 23.57, 9.42, 16.13, 31.7, 17.92, 24.84, 0.0, 19.09, 15.11, 40.35, 17.07, 49.0, 11.93, 33.58, 23.5, 11.97, 5.73, 19.01, 8.16, 41.99, 18.79, 23.24, 11.44, 34.1, 36.23, 22.55, 41.3, 56.99], [0.0, 11.03, 12.51, 16.01, 4.48, 15.84, 23.17, 11.07, 17.97, 7.84, 5.38, 12.35, 14.18, 15.84, 6.46, 17.51, 11.28, 11.56, 19.38, 7.48, 15.74, 15.18, 14.7, 5.15, 7.47, 19.09, 0.0, 10.81, 21.74, 5.94, 29.92, 17.01, 16.05, 7.46, 7.21, 20.93, 4.27, 20.8, 23.71, 5.52, 5.67, 19.98, 16.71, 17.17, 6.99, 22.61, 70.4], [0.0, 13.26, 15.01, 18.14, 15.02, 24.38, 31.89, 14.84, 8.19, 10.66, 15.48, 23.14, 12.39, 18.37, 15.47, 25.64, 9.39, 9.29, 18.94, 10.35, 7.13, 4.4, 25.39, 6.07, 12.18, 15.11, 10.81, 0.0, 27.41, 14.27, 37.72, 20.2, 19.88, 10.27, 7.65, 13.85, 7.44, 20.87, 33.53, 6.36, 16.48, 22.08, 20.25, 24.84, 17.61, 31.96, 71.56], [0.0, 14.25, 34.13, 10.54, 22.46, 9.07, 10.33, 32.54, 35.51, 16.82, 17.5, 21.9, 31.34, 37.27, 15.61, 7.44, 20.62, 20.45, 41.11, 17.17, 34.44, 30.04, 18.84, 22.61, 15.61, 40.35, 21.74, 27.41, 0.0, 26.35, 11.83, 38.15, 7.85, 17.25, 28.44, 40.89, 21.4, 42.49, 15.71, 21.84, 20.13, 41.3, 7.77, 6.44, 22.45, 12.82, 90.93], [0.0, 16.92, 8.28, 21.77, 10.41, 19.1, 25.8, 6.49, 19.62, 13.77, 8.85, 10.89, 16.63, 11.02, 10.78, 20.97, 8.36, 8.67, 15.51, 13.41, 16.91, 18.58, 14.63, 10.08, 13.3, 17.07, 5.94, 14.27, 26.35, 0.0, 33.03, 11.81, 21.5, 13.39, 7.5, 20.44, 9.72, 16.56, 25.04, 10.77, 6.67, 14.97, 22.2, 20.98, 5.49, 24.6, 64.93], [0.0, 25.2, 41.29, 22.24, 29.01, 14.1, 7.48, 39.52, 45.91, 27.12, 24.73, 24.97, 41.71, 43.92, 23.48, 12.42, 29.58, 29.49, 48.52, 27.39, 44.45, 40.88, 20.73, 32.24, 25.54, 49.0, 29.92, 37.72, 11.83, 33.03, 0.0, 44.36, 19.37, 27.47, 37.1, 50.49, 30.89, 49.58, 11.46, 31.63, 26.36, 47.61, 19.44, 12.95, 27.99, 9.74, 94.98], [0.0, 27.81, 5.24, 32.97, 15.75, 30.69, 36.97, 6.06, 21.03, 24.45, 20.65, 20.19, 20.25, 10.83, 22.57, 32.6, 18.99, 19.28, 6.41, 24.05, 18.23, 23.35, 24.53, 19.18, 24.43, 11.93, 17.01, 20.2, 38.15, 11.81, 44.36, 0.0, 33.04, 24.01, 13.0, 17.48, 19.54, 6.19, 35.33, 20.1, 18.26, 11.51, 33.72, 32.7, 16.38, 35.41, 53.39], [0.0, 6.62, 28.51, 11.94, 18.08, 10.39, 15.82, 27.12, 27.87, 9.63, 13.26, 20.4, 23.75, 31.88, 11.11, 10.1, 14.35, 14.11, 35.12, 10.02, 26.99, 22.27, 18.79, 15.67, 8.88, 33.58, 16.05, 19.88, 7.85, 21.5, 19.37, 33.04, 0.0, 10.09, 21.97, 33.59, 14.63, 36.67, 20.07, 14.8, 16.34, 36.03, 13.64, 8.7, 18.92, 17.43, 86.39], [0.0, 13.15, 19.11, 9.16, 11.19, 14.51, 21.91, 17.95, 18.46, 9.8, 8.25, 17.24, 14.26, 22.62, 7.01, 15.57, 5.1, 4.8, 25.34, 9.39, 17.21, 13.53, 17.93, 5.59, 10.05, 23.5, 7.46, 10.27, 17.25, 13.39, 27.47, 24.01, 10.09, 0.0, 12.05, 23.65, 4.67, 26.99, 24.2, 4.71, 10.86, 26.78, 10.6, 14.67, 13.16, 22.31, 77.33], [0.0, 15.89, 7.77, 21.2, 9.79, 23.04, 30.39, 7.28, 12.13, 12.52, 12.56, 17.9, 9.26, 11.3, 13.62, 24.69, 7.82, 8.0, 13.31, 12.11, 9.46, 11.59, 21.09, 6.6, 13.11, 11.97, 7.21, 7.65, 28.44, 7.5, 37.1, 13.0, 21.97, 12.05, 0.0, 13.84, 7.39, 15.02, 30.73, 7.55, 12.08, 15.31, 22.54, 24.28, 12.19, 29.76, 65.67], [0.0, 26.99, 14.58, 31.98, 23.48, 36.58, 44.03, 15.98, 7.41, 24.08, 26.32, 31.32, 10.44, 15.75, 27.15, 38.11, 20.92, 20.99, 12.14, 23.72, 6.79, 13.26, 34.8, 18.35, 25.32, 5.73, 20.93, 13.85, 40.89, 20.44, 50.49, 17.48, 33.59, 23.65, 13.84, 0.0, 19.65, 13.83, 44.56, 19.07, 25.88, 17.17, 34.01, 37.54, 25.72, 43.54, 60.91], [0.0, 8.52, 14.54, 13.83, 8.73, 17.19, 24.71, 13.48, 15.36, 5.14, 8.09, 16.3, 11.26, 18.08, 8.06, 18.59, 9.76, 9.46, 20.67, 4.72, 13.6, 11.57, 18.12, 9.43, 5.83, 19.01, 4.27, 7.44, 21.4, 9.72, 30.89, 19.54, 14.63, 4.67, 7.39, 19.65, 0.0, 22.33, 26.11, 9.38, 9.52, 22.22, 15.18, 17.93, 11.19, 24.62, 72.76], [0.0, 30.85, 8.38, 36.15, 20.59, 35.65, 42.29, 10.08, 19.21, 27.46, 25.21, 26.01, 19.71, 5.81, 26.93, 37.51, 22.32, 22.56, 11.24, 27.04, 16.79, 23.02, 30.28, 21.62, 27.82, 8.16, 20.8, 20.87, 42.49, 16.56, 49.58, 6.19, 36.67, 26.99, 15.02, 13.83, 22.33, 0.0, 41.05, 22.57, 23.22, 16.06, 37.29, 37.45, 21.69, 40.93, 50.8], [0.0, 23.51, 33.16, 23.0, 21.34, 10.09, 5.66, 31.32, 41.4, 24.01, 18.37, 15.17, 37.36, 35.24, 18.06, 9.97, 24.29, 24.33, 40.3, 24.13, 39.38, 37.43, 10.81, 27.5, 22.15, 41.99, 23.71, 33.53, 15.71, 25.04, 11.46, 35.33, 20.07, 24.2, 30.73, 44.56, 26.11, 41.05, 0.0, 27.18, 18.78, 38.54, 20.54, 11.37, 19.58, 17.36, 84.17], [0.0, 8.44, 15.01, 13.74, 9.99, 18.08, 25.6, 14.08, 14.41, 5.18, 9.31, 17.59, 10.26, 18.57, 9.13, 19.41, 9.81, 9.51, 20.85, 4.78, 12.82, 10.37, 19.36, 10.3, 6.25, 18.79, 5.52, 6.36, 21.84, 10.77, 31.63, 20.1, 14.8, 4.71, 7.55, 19.07, 9.38, 22.57, 27.18, 0.0, 10.81, 22.68, 15.31, 18.69, 12.46, 25.61, 73.17], [0.0, 13.37, 14.93, 17.32, 10.15, 12.47, 19.16, 13.15, 23.54, 11.05, 11.06, 6.78, 19.83, 17.63, 5.26, 14.36, 7.44, 7.65, 22.16, 10.84, 21.18, 20.83, 9.1, 10.65, 9.76, 23.24, 5.67, 16.48, 20.13, 6.67, 26.36, 18.26, 16.34, 10.86, 12.08, 25.88, 9.52, 23.22, 18.78, 10.81, 0.0, 21.47, 17.08, 14.45, 12.16, 18.09, 70.82], [0.0, 30.61, 7.68, 35.83, 18.94, 33.92, 40.22, 8.91, 21.76, 27.23, 23.81, 23.38, 21.59, 10.53, 25.7, 35.83, 21.84, 22.11, 5.1, 26.82, 19.11, 24.82, 27.73, 21.74, 27.33, 11.44, 19.98, 22.08, 41.3, 14.97, 47.61, 11.51, 36.03, 26.78, 15.31, 17.17, 22.22, 16.06, 38.54, 22.68, 21.47, 0.0, 36.69, 35.91, 19.63, 38.64, 50.55], [0.0, 7.02, 29.15, 12.34, 18.81, 10.97, 16.16, 27.78, 28.19, 10.13, 14.0, 21.15, 24.08, 32.54, 11.85, 10.59, 14.97, 14.73, 35.73, 10.53, 27.37, 22.52, 19.49, 16.19, 9.48, 34.1, 16.71, 20.25, 7.77, 22.2, 19.44, 33.72, 13.64, 10.6, 22.54, 34.01, 15.18, 37.29, 20.54, 15.31, 17.08, 36.69, 0.0, 9.17, 19.67, 17.86, 87.08], [0.0, 12.92, 29.08, 11.65, 16.97, 15.0, 7.48, 27.38, 33.02, 14.35, 12.25, 15.5, 28.83, 32.0, 10.72, 13.84, 16.65, 16.56, 36.24, 14.59, 31.5, 28.18, 12.42, 19.29, 12.67, 36.23, 17.17, 24.84, 6.44, 20.98, 12.95, 32.7, 8.7, 14.67, 24.28, 37.54, 17.93, 37.45, 11.37, 18.69, 14.45, 35.91, 9.17, 0.0, 16.56, 8.75, 84.98], [0.0, 15.88, 13.61, 19.92, 10.71, 14.39, 20.63, 11.78, 24.12, 13.4, 5.72, 5.72, 20.66, 15.96, 7.86, 16.32, 9.18, 9.44, 20.8, 13.15, 21.58, 22.02, 9.15, 12.14, 12.23, 22.55, 6.99, 17.61, 22.45, 5.49, 27.99, 16.38, 18.92, 13.16, 12.19, 25.72, 11.19, 21.69, 19.58, 12.46, 12.16, 19.63, 19.67, 16.56, 0.0, 19.25, 68.49], [0.0, 21.28, 32.84, 20.4, 20.73, 7.87, 13.76, 31.02, 39.97, 22.08, 17.23, 15.52, 35.87, 35.16, 16.6, 7.39, 22.92, 22.92, 40.05, 22.24, 38.09, 35.72, 11.18, 26.02, 20.24, 41.3, 22.61, 31.96, 12.82, 24.6, 9.74, 35.41, 17.43, 22.31, 29.76, 43.54, 24.62, 40.93, 17.36, 25.61, 18.09, 38.64, 17.86, 8.75, 19.25, 0.0, 85.29], [0.0, 0.0, 0.0, 0.0, 0.0, 0.0, 0.0, 0.0, 0.0, 0.0, 0.0, 0.0, 0.0, 0.0, 0.0, 0.0, 0.0, 0.0, 0.0, 0.0, 0.0, 0.0, 0.0, 0.0, 0.0, 0.0, 0.0, 0.0, 0.0, 0.0, 0.0, 0.0, 0.0, 0.0, 0.0, 0.0, 0.0, 0.0, 0.0, 0.0, 0.0, 0.0, 0.0, 0.0, 0.0, 0.0, 0.0]], "time_windows": [[0.0, 5000.0], [0.0, 133.0], [0.0, 159.0], [0.0, 219.0], [0.0, 279.0], [0.0, 321.0], [0.0, 340.0], [0.0, 399.0], [0.0, 427.0], [0.0, 455.0], [0.0, 473.0], [0.0, 499.0], [0.0, 579.0], [0.0, 620.0], [0.0, 659.0], [0.0, 677.0], [0.0, 702.0], [0.0, 715.0], [0.0, 745.0], [0.0, 781.0], [0.0, 808.0], [0.0, 818.0], [0.0, 881.0], [0.0, 917.0], [0.0, 929.0], [0.0, 970.0], [0.0, 998.0], [0.0, 1011.0], [0.0, 1046.0], [0.0, 1074.0], [0.0, 1111.0], [0.0, 1155.0], [0.0, 1188.0], [0.0, 1198.0], [0.0, 1210.0], [0.0, 1224.0], [0.0, 1244.0], [0.0, 1266.0], [0.0, 1307.0], [0.0, 1335.0], [0.0, 1345.0], [0.0, 1367.0], [0.0, 1404.0], [0.0, 1413.0], [0.0, 1429.0], [0.0, 1448.0], [0.0, 5000.0]], "start_depot": 0, "end_depot": 46, "horizon": [0.0, 5000.0]}