{"digraph": {"vertex_count": 52, "arc_count": 2550, "arcs": [[0, 1, 1, 1, 1, 1, 1, 1, 1, 1, 1, 1, 1, 1, 1, 1, 1, 1, 1, 1, 1, 1, 1, 1, 1, 1, 1, 1, 1, 1, 1, 1, 1, 1, 1, 1, 1, 1, 1, 1, 1, 1, 1, 1, 1, 1, 1, 1, 1, 1, 1, 1], [0, 0, 1, 1, 1, 1, 1, 1, 1, 1, 1, 1, 1, 1, 1, 1, 1, 1, 1, 1, 1, 1, 1, 1, 1, 1, 1, 1, 1, 1, 1, 1, 1, 1, 1, 1, 1, 1, 1, 1, 1, 1, 1, 1, 1, 1, 1, 1, 1, 1, 1, 1], [0, 1, 0, 1, 1, 1, 1, 1, 1, 1, 1, 1, 1, 1, 1, 1, 1, 1, 1, 1, 1, 1, 1, 1, 1, 1, 1, 1, 1, 1, 1, 1, 1, 1, 1, 1, 1, 1, 1, 1, 1, 1, 1, 1, 1, 1, 1, 1, 1, 1, 1, 1], [0, 1, 1, 0, 1, 1, 1, 1, 1, 1, 1, 1, 1, 1, 1, 1, 1, 1, 1, 1, 1, 1, 1, 1, 1, 1, 1, 1, 1, 1, 1, 1, 1, 1, 1, 1, 1, 1, 1, 1, 1, 1, 1, 1, 1, 1, 1, 1, 1, 1, 1, 1], [0, 1, 1, 1, 0, 1, 1, 1, 1, 1, 1, 1, 1, 1, 1, 1, 1, 1, 1, 1, 1, 1, 1, 1, 1, 1, 1, 1, 1, 1, 1, 1, 1, 1, 1, 1, 1, 1, 1, 1, 1, 1, 1, 1, 1, 1, 1, 1, 1, 1, 1, 1], [0, 1, 1, 1, 1, 0, 1, 1, 1, 1, 1, 1, 1, 1, 1, 1, 1, 1, 1, 1, 1, 1, 1, 1, 1, 1, 1, 1, 1, 1, 1, 1, 1, 1, 1, 1, 1, 1, 1, 1, 1, 1, 1, 1, 1, 1, 1, 1, 1, 1, 1, 1], [0, 1, 1, 1, 1, 1, 0, 1, 1, 1, 1, 1, 1, 1, 1, 1, 1, 1, 1, 1, 1, 1, 1, 1, 1, 1, 1, 1, 1, 1, 1, 1, 1, 1, 1, 1, 1, 1, 1, 1, 1, 1, 1, 1, 1, 1, 1, 1, 1, 1, 1, 1], [0, 1, 1, 1, 1, 1, 1, 0, 1, 1, 1, 1, 1, 1, 1, 1, 1, 1, 1, 1, 1, 1, 1, 1, 1, 1, 1, 1, 1, 1, 1, 1, 1, 1, 1, 1, 1, 1, 1, 1, 1, 1, 1, 1, 1, 1, 1, 1, 1, 1, 1, 1], [0, 1, 1, 1, 1, 1, 1, 1, 0, 1, 1, 1, 1, 1, 1, 1, 1, 1, 1, 1, 1, 1, 1, 1, 1, 1, 1, 1, 1, 1, 1, 1, 1, 1, 1, 1, 1, 1, 1, 1, 1, 1, 1, 1, 1, 1, 1, 1, 1, 1, 1, 1], [0, 1, 1, 1, 1, 1, 1, 1, 1, 0, 1, 1, 1, 1, 1, 1, 1, 1, 1, 1, 1, 1, 1, 1, 1, 1, 1, 1, 1, 1, 1, 1, 1, 1, 1, 1, 1, 1, 1, 1, 1, 1, 1, 1, 1, 1, 1, 1, 1, 1, 1, 1], [0, 1, 1, 1, 1, 1, 1, 1, 1, 1, 0, 1, 1, 1, 1, 1, 1, 1, 1, 1, 1, 1, 1, 1, 1, 1, 1, 1, 1, 1, 1, 1, 1, 1, 1, 1, 1, 1, 1, 1, 1, 1, 1, 1, 1, 1, 1, 1, 1, 1, 1, 1], [0, 1, 1, 1, 1, 1, 1, 1, 1, 1, 1, 0, 1, 1, 1, 1, 1, 1, 1, 1, 1, 1, 1, 1, 1, 1, 1, 1, 1, 1, 1, 1, 1, 1, 1, 1, 1, 1, 1, 1, 1, 1, 1, 1, 1, 1, 1, 1, 1, 1, 1, 1], [0, 1, 1, 1, 1, 1, 1, 1, 1, 1, 1, 1, 0, 1, 1, 1, 1, 1, 1, 1, 1, 1, 1, 1, 1, 1, 1, 1, 1, 1, 1, 1, 1, 1, 1, 1, 1, 1, 1, 1, 1, 1, 1, 1, 1, 1, 1, 1, 1, 1, 1, 1], [0, 1, 1, 1, 1, 1, 1, 1, 1, 1, 1, 1, 1, 0, 1, 1, 1, 1, 1, 1, 1, 1, 1, 1, 1, 1, 1, 1, 1, 1, 1, 1, 1, 1, 1, 1, 1, 1, 1, 1, 1, 1, 1, 1, 1, 1, 1, 1, 1, 1, 1, 1], [0, 1, 1, 1, 1, 1, 1, 1, 1, 1, 1, 1, 1, 1, 0, 1, 1, 1, 1, 1, 1, 1, 1, 1, 1, 1, 1, 1, 1, 1, 1, 1, 1, 1, 1, 1, 1, 1, 1, 1, 1, 1, 1, 1, 1, 1, 1, 1, 1, 1, 1, 1], [0, 1, 1, 1, 1, 1, 1, 1, 1, 1, 1, 1, 1, 1, 1, 0, 1, 1, 1, 1, 1, 1, 1, 1, 1, 1, 1, 1, 1, 1, 1, 1, 1, 1, 1, 1, 1, 1, 1, 1, 1, 1, 1, 1, 1, 1, 1, 1, 1, 1, 1, 1], [0, 1, 1, 1, 1, 1, 1, 1, 1, 1, 1, 1, 1, 1, 1, 1, 0, 1, 1, 1, 1, 1, 1, 1, 1, 1, 1, 1, 1, 1, 1, 1, 1, 1, 1, 1, 1, 1, 1, 1, 1, 1, 1, 1, 1, 1, 1, 1, 1, 1, 1, 1], [0, 1, 1, 1, 1, 1, 1, 1, 1, 1, 1, 1, 1, 1, 1, 1, 1, 0, 1, 1, 1, 1, 1, 1, 1, 1, 1, 1, 1, 1, 1, 1, 1, 1, 1, 1, 1, 1, 1, 1, 1, 1, 1, 1, 1, 1, 1, 1, 1, 1, 1, 1], [0, 1, 1, 1, 1, 1, 1, 1, 1, 1, 1, 1, 1, 1, 1, 1, 1, 1, 0, 1, 1, 1, 1, 1, 1, 1, 1, 1, 1, 1, 1, 1, 1, 1, 1, 1, 1, 1, 1, 1, 1, 1, 1, 1, 1, 1, 1, 1, 1, 1, 1, 1], [0, 1, 1, 1, 1, 1, 1, 1, 1, 1, 1, 1, 1, 1, 1, 1, 1, 1, 1, 0, 1, 1, 1, 1, 1, 1, 1, 1, 1, 1, 1, 1, 1, 1, 1, 1, 1, 1, 1, 1, 1, 1, 1, 1, 1, 1, 1, 1, 1, 1, 1, 1], [0, 1, 1, 1, 1, 1, 1, 1, 1, 1, 1, 1, 1, 1, 1, 1, 1, 1, 1, 1, 0, 1, 1, 1, 1, 1, 1, 1, 1, 1, 1, 1, 1, 1, 1, 1, 1, 1, 1, 1, 1, 1, 1, 1, 1, 1, 1, 1, 1, 1, 1, 1], [0, 1, 1, 1, 1, 1, 1, 1, 1, 1, 1, 1, 1, 1, 1, 1, 1, 1, 1, 1, 1, 0, 1, 1, 1, 1, 1, 1, 1, 1, 1, 1, 1, 1, 1, 1, 1, 1, 1, 1, 1, 1, 1, 1, 1, 1, 1, 1, 1, 1, 1, 1], [0, 1, 1, 1, 1, 1, 1, 1, 1, 1, 1, 1, 1, 1, 1, 1, 1, 1, 1, 1, 1, 1, 0, 1, 1, 1, 1, 1, 1, 1, 1, 1, 1, 1, 1, 1, 1, 1, 1, 1, 1, 1, 1, 1, 1, 1, 1, 1, 1, 1, 1, 1], [0, 1, 1, 1, 1, 1, 1, 1, 1, 1, 1, 1, 1, 1, 1, 1, 1, 1, 1, 1, 1, 1, 1, 0, 1, 1, 1, 1, 1, 1, 1, 1, 1, 1, 1, 1, 1, 1, 1, 1, 1, 1, 1, 1, 1, 1, 1, 1, 1, 1, 1, 1], [0, 1, 1, 1, 1, 1, 1, 1, 1, 1, 1, 1, 1, 1, 1, 1, 1, 1, 1, 1, 1, 1, 1, 1, 0, 1, 1, 1, 1, 1, 1, 1, 1, 1, 1, 1, 1, 1, 1, 1, 1, 1, 1, 1, 1, 1, 1, 1, 1, 1, 1, 1], [0, 1, 1, 1, 1, 1, 1, 1, 1, 1, 1, 1, 1, 1, 1, 1, 1, 1, 1, 1, 1, 1, 1, 1, 1, 0, 1, 1, 1, 1, 1, 1, 1, 1, 1, 1, 1, 1, 1, 1, 1, 1, 1, 1, 1, 1, 1, 1, 1, 1, 1, 1], [0, 1, 1, 1, 1, 1, 1, 1, 1, 1, 1, 1, 1, 1, 1, 1, 1, 1, 1, 1, 1, 1, 1, 1, 1, 1, 0, 1, 1, 1, 1, 1, 1, 1, 1, 1, 1, 1, 1, 1, 1, 1, 1, 1, 1, 1, 1, 1, 1, 1, 1, 1], [0, 1, 1, 1, 1, 1, 1, 1, 1, 1, 1, 1, 1, 1, 1, 1, 1, 1, 1, 1, 1, 1, 1, 1, 1, 1, 1, 0, 1, 1, 1, 1, 1, 1, 1, 1, 1, 1, 1, 1, 1, 1, 1, 1, 1, 1, 1, 1, 1, 1, 1, 1], [0, 1, 1, 1, 1, 1, 1, 1, 1, 1, 1, 1, 1, 1, 1, 1, 1, 1, 1, 1, 1, 1, 1, 1, 1, 1, 1, 1, 0, 1, 1, 1, 1, 1, 1, 1, 1, 1, 1, 1, 1, 1, 1, 1, 1, 1, 1, 1, 1, 1, 1, 1], [0, 1, 1, 1, 1, 1, 1, 1, 1, 1, 1, 1, 1, 1, 1, 1, 1, 1, 1, 1, 1, 1, 1, 1, 1, 1, 1, 1, 1, 0, 1, 1, 1, 1, 1, 1, 1, 1, 1, 1, 1, 1, 1, 1, 1, 1, 1, 1, 1, 1, 1, 1], [0, 1, 1, 1, 1, 1, 1, 1, 1, 1, 1, 1, 1, 1, 1, 1, 1, 1, 1, 1, 1, 1, 1, 1, 1, 1, 1, 1, 1, 1, 0, 1, 1, 1, 1, 1, 1, 1, 1, 1, 1, 1, 1, 1, 1, 1, 1, 1, 1, 1, 1, 1], [0, 1, 1, 1, 1, 1, 1, 1, 1, 1, 1, 1, 1, 1, 1, 1, 1, 1, 1, 1, 1, 1, 1, 1, 1, 1, 1, 1, 1, 1, 1, 0, 1, 1, 1, 1, 1, 1, 1, 1, 1, 1, 1, 1, 1, 1, 1, 1, 1, 1, 1, 1], [0, 1, 1, 1, 1, 1, 1, 1, 1, 1, 1, 1, 1, 1, 1, 1, 1, 1, 1, 1, 1, 1, 1, 1, 1, 1, 1, 1, 1, 1, 1, 1, 0, 1, 1, 1, 1, 1, 1, 1, 1, 1, 1, 1, 1, 1, 1, 1, 1, 1, 1, 1], [0, 1, 1, 1, 1, 1, 1, 1, 1, 1, 1, 1, 1, 1, 1, 1, 1, 1, 1, 1, 1, 1, 1, 1, 1, 1, 1, 1, 1, 1, 1, 1, 1, 0, 1, 1, 1, 1, 1, 1, 1, 1, 1, 1, 1, 1, 1, 1, 1, 1, 1, 1], [0, 1, 1, 1, 1, 1, 1, 1, 1, 1, 1, 1, 1, 1, 1, 1, 1, 1, 1, 1, 1, 1, 1, 1, 1, 1, 1, 1, 1, 1, 1, 1, 1, 1, 0, 1, 1, 1, 1, 1, 1, 1, 1, 1, 1, 1, 1, 1, 1, 1, 1, 1], [0, 1, 1, 1, 1, 1, 1, 1, 1, 1, 1, 1, 1, 1, 1, 1, 1, 1, 1, 1, 1, 1, 1, 1, 1, 1, 1, 1, 1, 1, 1, 1, 1, 1, 1, 0, 1, 1, 1, 1, 1, 1, 1, 1, 1, 1, 1, 1, 1, 1, 1, 1], [0, 1, 1, 1, 1, 1, 1, 1, 1, 1, 1, 1, 1, 1, 1, 1, 1, 1, 1, 1, 1, 1, 1, 1, 1, 1, 1, 1, 1, 1, 1, 1, 1, 1, 1, 1, 0, 1, 1, 1, 1, 1, 1, 1, 1, 1, 1, 1, 1, 1, 1, 1], [0, 1, 1, 1, 1, 1, 1, 1, 1, 1, 1, 1, 1, 1, 1, 1, 1, 1, 1, 1, 1, 1, 1, 1, 1, 1, 1, 1, 1, 1, 1, 1, 1, 1, 1, 1, 1, 0, 1, 1, 1, 1, 1, 1, 1, 1, 1, 1, 1, 1, 1, 1], [0, 1, 1, 1, 1, 1, 1, 1, 1, 1, 1, 1, 1, 1, 1, 1, 1, 1, 1, 1, 1, 1, 1, 1, 1, 1, 1, 1, 1, 1, 1, 1, 1, 1, 1, 1, 1, 1, 0, 1, 1, 1, 1, 1, 1, 1, 1, 1, 1, 1, 1, 1], [0, 1, 1, 1, 1, 1, 1, 1, 1, 1, 1, 1, 1, 1, 1, 1, 1, 1, 1, 1, 1, 1, 1, 1, 1, 1, 1, 1, 1, 1, 1, 1, 1, 1, 1, 1, 1, 1, 1, 0, 1, 1, 1, 1, 1, 1, 1, 1, 1, 1, 1, 1], [0, 1, 1, 1, 1, 1, 1, 1, 1, 1, 1, 1, 1, 1, 1, 1, 1, 1, 1, 1, 1, 1, 1, 1, 1, 1, 1, 1, 1, 1, 1, 1, 1, 1, 1, 1, 1, 1, 1, 1, 0, 1, 1, 1, 1, 1, 1, 1, 1, 1, 1, 1], [0, 1, 1, 1, 1, 1, 1, 1, 1, 1, 1, 1, 1, 1, 1, 1, 1, 1, 1, 1, 1, 1, 1, 1, 1, 1, 1, 1, 1, 1, 1, 1, 1, 1, 1, 1, 1, 1, 1, 1, 1, 0, 1, 1, 1, 1, 1, 1, 1, 1, 1, 1], [0, 1, 1, 1, 1, 1, 1, 1, 1, 1, 1, 1, 1, 1, 1, 1, 1, 1, 1, 1, 1, 1, 1, 1, 1, 1, 1, 1, 1, 1, 1, 1, 1, 1, 1, 1, 1, 1, 1, 1, 1, 1, 0, 1, 1, 1, 1, 1, 1, 1, 1, 1], [0, 1, 1, 1, 1, 1, 1, 1, 1, 1, 1, 1, 1, 1, 1, 1, 1, 1, 1, 1, 1, 1, 1, 1, 1, 1, 1, 1, 1, 1, 1, 1, 1, 1, 1, 1, 1, 1, 1, 1, 1, 1, 1, 0, 1, 1, 1, 1, 1, 1, 1, 1], [0, 1, 1, 1, 1, 1, 1, 1, 1, 1, 1, 1, 1, 1, 1, 1, 1, 1, 1, 1, 1, 1, 1, 1, 1, 1, 1, 1, 1, 1, 1, 1, 1, 1, 1, 1, 1, 1, 1, 1, 1, 1, 1, 1, 0, 1, 1, 1, 1, 1, 1, 1], [0, 1, 1, 1, 1, 1, 1, 1, 1, 1, 1, 1, 1, 1, 1, 1, 1, 1, 1, 1, 1, 1, 1, 1, 1, 1, 1, 1, 1, 1, 1, 1, 1, 1, 1, 1, 1, 1, 1, 1, 1, 1, 1, 1, 1, 0, 1, 1, 1, 1, 1, 1], [0, 1, 1, 1, 1, 1, 1, 1, 1, 1, 1, 1, 1, 1, 1, 1, 1, 1, 1, 1, 1, 1, 1, 1, 1, 1, 1, 1, 1, 1, 1, 1, 1, 1, 1, 1, 1, 1, 1, 1, 1, 1, 1, 1, 1, 1, 0, 1, 1, 1, 1, 1], [0, 1, 1, 1, 1, 1, 1, 1, 1, 1, 1, 1, 1, 1, 1, 1, 1, 1, 1, 1, 1, 1, 1, 1, 1, 1, 1, 1, 1, 1, 1, 1, 1, 1, 1, 1, 1, 1, 1, 1, 1, 1, 1, 1, 1, 1, 1, 0, 1, 1, 1, 1], [0, 1, 1, 1, 1, 1, 1, 1, 1, 1, 1, 1, 1, 1, 1, 1, 1, 1, 1, 1, 1, 1, 1, 1, 1, 1, 1, 1, 1, 1, 1, 1, 1, 1, 1, 1, 1, 1, 1, 1, 1, 1, 1, 1, 1, 1, 1, 1, 0, 1, 1, 1], [0, 1, 1, 1, 1, 1, 1, 1, 1, 1, 1, 1, 1, 1, 1, 1, 1, 1, 1, 1, 1, 1, 1, 1, 1, 1, 1, 1, 1, 1, 1, 1, 1, 1, 1, 1, 1, 1, 1, 1, 1, 1, 1, 1, 1, 1, 1, 1, 1, 0, 1, 1], [0, 1, 1, 1, 1, 1, 1, 1, 1, 1, 1, 1, 1, 1, 1, 1, 1, 1, 1, 1, 1, 1, 1, 1, 1, 1, 1, 1, 1, 1, 1, 1, 1, 1, 1, 1, 1, 1, 1, 1, 1, 1, 1, 1, 1, 1, 1, 1, 1, 1, 0, 1], [0, 0, 0, 0, 0, 0, 0, 0, 0, 0, 0, 0, 0, 0, 0, 0, 0, 0, 0, 0, 0, 0, 0, 0, 0, 0, 0, 0, 0, 0, 0, 0, 0, 0, 0, 0, 0, 0, 0, 0, 0, 0, 0, 0, 0, 0, 0, 0, 0, 0, 0, 0]]}, "cluster_count": 3, "cluster_speeds": [[0.6475, 0.595, 0.6475, 0.7, 0.58275, 0.5355, 0.58275, 0.63, 0.32375, 0.2975, 0.32375, 0.35, 0.213675, 0.19635, 0.213675, 0.23099999999999998, 0.259, 0.238, 0.259, 0.27999999999999997, 0.3885, 0.357, 0.3885, 0.42, 0.6475, 0.595, 0.6475, 0.7, 0.37, 0.34, 0.37, 0.4, 0.30525, 0.2805, 0.30525, 0.33, 0.4625, 0.425, 0.4625, 0.5, 0.6475, 0.595, 0.6475, 0.7, 0.74, 0.68, 0.74, 0.8, 0.45324999999999993, 0.4165, 0.45324999999999993, 0.48999999999999994, 0.32375, 0.2975, 0.32375, 0.35, 0.3885, 0.357, 0.3885, 0.42, 0.45324999999999993, 0.4165, 0.45324999999999993, 0.48999999999999994, 0.58275, 0.5355, 0.58275, 0.63, 0.6475, 0.595, 0.6475, 0.7, 0.7], [0.7400000000000001, 0.68, 0.7400000000000001, 0.8, 0.666, 0.6120000000000001, 0.666, 0.7200000000000001, 0.37000000000000005, 0.34, 0.37000000000000005, 0.4, 0.24420000000000003, 0.22440000000000004, 0.24420000000000003, 0.264, 0.296, 0.272, 0.296, 0.32000000000000006, 0.44400000000000006, 0.40800000000000003, 0.44400000000000006, 0.48, 0.6475, 0.595, 0.6475, 0.7, 0.37, 0.34, 0.37, 0.4, 0.30525, 0.2805, 0.30525, 0.33, 0.4625, 0.425, 0.4625, 0.5, 0.6475, 0.595, 0.6475, 0.7, 0.74, 0.68, 0.74, 0.8, 0.518, 0.476, 0.518, 0.5599999999999999, 0.37000000000000005, 0.34, 0.37000000000000005, 0.4, 0.44400000000000006, 0.40800000000000003, 0.44400000000000006, 0.48, 0.518, 0.476, 0.518, 0.5599999999999999, 0.666, 0.6120000000000001, 0.666, 0.7200000000000001, 0.7400000000000001, 0.68, 0.7400000000000001, 0.8, 0.8], [0.925, 0.85, 0.925, 1.0, 0.8325, 0.765, 0.8325, 0.9, 0.4625, 0.425, 0.4625, 0.5, 0.30525, 0.2805, 0.30525, 0.33, 0.37, 0.34, 0.37, 0.4, 0.555, 0.51, 0.555, 0.6, 0.6475, 0.595, 0.6475, 0.7, 0.37, 0.34, 0.37, 0.4, 0.30525, 0.2805, 0.30525, 0.33, 0.4625, 0.425, 0.4625, 0.5, 0.6475, 0.595, 0.6475, 0.7, 0.74, 0.68, 0.74, 0.8, 0.6475, 0.595, 0.6475, 0.7, 0.4625, 0.425, 0.4625, 0.5, 0.555, 0.51, 0.555, 0.6, 0.6475, 0.595, 0.6475, 0.7, 0.8325, 0.765, 0.8325, 0.9, 0.925, 0.85, 0.925, 1.0, 1.0]], "clusters": [[-1, 2, 2, 2, 2, 2, 2, 2, 2, 2, 2, 2, 2, 2, 2, 2, 2, 2, 2, 2, 2, 2, 2, 2, 2, 2, 2, 2, 2, 2, 2, 2, 2, 2, 2, 2, 2, 2, 2, 2, 2, 2, 2, 2, 2, 2, 2, 2, 2, 2, 2, 2], [0, -1, 0, 0, 0, 0, 0, 0, 0, 0, 0, 0, 0, 0, 0, 0, 0, 0, 0, 0, 0, 0, 0, 0, 0, 0, 0, 0, 0, 0, 0, 0, 0, 0, 0, 0, 0, 0, 0, 0, 0, 0, 0, 0, 0, 0, 0, 0, 0, 0, 0, 0], [1, 1, -1, 1, 1, 1, 1, 1, 1, 1, 1, 1, 1, 1, 1, 1, 1, 1, 1, 1, 1, 1, 1, 1, 1, 1, 1, 1, 1, 1, 1, 1, 1, 1, 1, 1, 1, 1, 1, 1, 1, 1, 1, 1, 1, 1, 1, 1, 1, 1, 1, 1], [0, 0, 0, -1, 0, 0, 0, 0, 0, 0, 0, 0, 0, 0, 0, 0, 0, 0, 0, 0, 0, 0, 0, 0, 0, 0, 0, 0, 0, 0, 0, 0, 0, 0, 0, 0, 0, 0, 0, 0, 0, 0, 0, 0, 0, 0, 0, 0, 0, 0, 0, 0], [1, 1, 1, 1, -1, 1, 1, 1, 1, 1, 1, 1, 1, 1, 1, 1, 1, 1, 1, 1, 1, 1, 1, 1, 1, 1, 1, 1, 1, 1, 1, 1, 1, 1, 1, 1, 1, 1, 1, 1, 1, 1, 1, 1, 1, 1, 1, 1, 1, 1, 1, 1], [0, 0, 0, 0, 0, -1, 0, 0, 0, 0, 0, 0, 0, 0, 0, 0, 0, 0, 0, 0, 0, 0, 0, 0, 0, 0, 0, 0, 0, 0, 0, 0, 0, 0, 0, 0, 0, 0, 0, 0, 0, 0, 0, 0, 0, 0, 0, 0, 0, 0, 0, 0], [0, 0, 0, 0, 0, 0, -1, 0, 0, 0, 0, 0, 0, 0, 0, 0, 0, 0, 0, 0, 0, 0, 0, 0, 0, 0, 0, 0, 0, 0, 0, 0, 0, 0, 0, 0, 0, 0, 0, 0, 0, 0, 0, 0, 0, 0, 0, 0, 0, 0, 0, 0], [1, 1, 1, 1, 1, 1, 1, -1, 1, 1, 1, 1, 1, 1, 1, 1, 1, 1, 1, 1, 1, 1, 1, 1, 1, 1, 1, 1, 1, 1, 1, 1, 1, 1, 1, 1, 1, 1, 1, 1, 1, 1, 1, 1, 1, 1, 1, 1, 1, 1, 1, 1], [0, 0, 0, 0, 0, 0, 0, 0, -1, 0, 0, 0, 0, 0, 0, 0, 0, 0, 0, 0, 0, 0, 0, 0, 0, 0, 0, 0, 0, 0, 0, 0, 0, 0, 0, 0, 0, 0, 0, 0, 0, 0, 0, 0, 0, 0, 0, 0, 0, 0, 0, 0], [1, 1, 1, 1, 1, 1, 1, 1, 1, -1, 1, 1, 1, 1, 1, 1, 1, 1, 1, 1, 1, 1, 1, 1, 1, 1, 1, 1, 1, 1, 1, 1, 1, 1, 1, 1, 1, 1, 1, 1, 1, 1, 1, 1, 1, 1, 1, 1, 1, 1, 1, 1], [0, 0, 0, 0, 0, 0, 0, 0, 0, 0, -1, 0, 0, 0, 0, 0, 0, 0, 0, 0, 0, 0, 0, 0, 0, 0, 0, 0, 0, 0, 0, 0, 0, 0, 0, 0, 0, 0, 0, 0, 0, 0, 0, 0, 0, 0, 0, 0, 0, 0, 0, 0], [1, 1, 1, 1, 1, 1, 1, 1, 1, 1, 1, -1, 1, 1, 1, 1, 1, 1, 1, 1, 1, 1, 1, 1, 1, 1, 1, 1, 1, 1, 1, 1, 1, 1, 1, 1, 1, 1, 1, 1, 1, 1, 1, 1, 1, 1, 1, 1, 1, 1, 1, 1], [1, 1, 1, 1, 1, 1, 1, 1, 1, 1, 1, 1, -1, 1, 1, 1, 1, 1, 1, 1, 1, 1, 1, 1, 1, 1, 1, 1, 1, 1, 1, 1, 1, 1, 1, 1, 1, 1, 1, 1, 1, 1, 1, 1, 1, 1, 1, 1, 1, 1, 1, 1], [0, 0, 0, 0, 0, 0, 0, 0, 0, 0, 0, 0, 0, -1, 0, 0, 0, 0, 0, 0, 0, 0, 0, 0, 0, 0, 0, 0, 0, 0, 0, 0, 0, 0, 0, 0, 0, 0, 0, 0, 0, 0, 0, 0, 0, 0, 0, 0, 0, 0, 0, 0], [0, 0, 0, 0, 0, 0, 0, 0, 0, 0, 0, 0, 0, 0, -1, 0, 0, 0, 0, 0, 0, 0, 0, 0, 0, 0, 0, 0, 0, 0, 0, 0, 0, 0, 0, 0, 0, 0, 0, 0, 0, 0, 0, 0, 0, 0, 0, 0, 0, 0, 0, 0], [0, 0, 0, 0, 0, 0, 0, 0, 0, 0, 0, 0, 0, 0, 0, -1, 0, 0, 0, 0, 0, 0, 0, 0, 0, 0, 0, 0, 0, 0, 0, 0, 0, 0, 0, 0, 0, 0, 0, 0, 0, 0, 0, 0, 0, 0, 0, 0, 0, 0, 0, 0], [1, 1, 1, 1, 1, 1, 1, 1, 1, 1, 1, 1, 1, 1, 1, 1, -1, 1, 1, 1, 1, 1, 1, 1, 1, 1, 1, 1, 1, 1, 1, 1, 1, 1, 1, 1, 1, 1, 1, 1, 1, 1, 1, 1, 1, 1, 1, 1, 1, 1, 1, 1], [0, 0, 0, 0, 0, 0, 0, 0, 0, 0, 0, 0, 0, 0, 0, 0, 0, -1, 0, 0, 0, 0, 0, 0, 0, 0, 0, 0, 0, 0, 0, 0, 0, 0, 0, 0, 0, 0, 0, 0, 0, 0, 0, 0, 0, 0, 0, 0, 0, 0, 0, 0], [1, 1, 1, 1, 1, 1, 1, 1, 1, 1, 1, 1, 1, 1, 1, 1, 1, 1, -1, 1, 1, 1, 1, 1, 1, 1, 1, 1, 1, 1, 1, 1, 1, 1, 1, 1, 1, 1, 1, 1, 1, 1, 1, 1, 1, 1, 1, 1, 1, 1, 1, 1], [1, 1, 1, 1, 1, 1, 1, 1, 1, 1, 1, 1, 1, 1, 1, 1, 1, 1, 1, -1, 1, 1, 1, 1, 1, 1, 1, 1, 1, 1, 1, 1, 1, 1, 1, 1, 1, 1, 1, 1, 1, 1, 1, 1, 1, 1, 1, 1, 1, 1, 1, 1], [1, 1, 1, 1, 1, 1, 1, 1, 1, 1, 1, 1, 1, 1, 1, 1, 1, 1, 1, 1, -1, 1, 1, 1, 1, 1, 1, 1, 1, 1, 1, 1, 1, 1, 1, 1, 1, 1, 1, 1, 1, 1, 1, 1, 1, 1, 1, 1, 1, 1, 1, 1], [2, 2, 2, 2, 2, 2, 2, 2, 2, 2, 2, 2, 2, 2, 2, 2, 2, 2, 2, 2, 2, -1, 2, 2, 2, 2, 2, 2, 2, 2, 2, 2, 2, 2, 2, 2, 2, 2, 2, 2, 2, 2, 2, 2, 2, 2, 2, 2, 2, 2, 2, 2], [1, 1, 1, 1, 1, 1, 1, 1, 1, 1, 1, 1, 1, 1, 1, 1, 1, 1, 1, 1, 1, 1, -1, 1, 1, 1, 1, 1, 1, 1, 1, 1, 1, 1, 1, 1, 1, 1, 1, 1, 1, 1, 1, 1, 1, 1, 1, 1, 1, 1, 1, 1], [0, 0, 0, 0, 0, 0, 0, 0, 0, 0, 0, 0, 0, 0, 0, 0, 0, 0, 0, 0, 0, 0, 0, -1, 0, 0, 0, 0, 0, 0, 0, 0, 0, 0, 0, 0, 0, 0, 0, 0, 0, 0, 0, 0, 0, 0, 0, 0, 0, 0, 0, 0], [2, 2, 2, 2, 2, 2, 2, 2, 2, 2, 2, 2, 2, 2, 2, 2, 2, 2, 2, 2, 2, 2, 2, 2, -1, 2, 2, 2, 2, 2, 2, 2, 2, 2, 2, 2, 2, 2, 2, 2, 2, 2, 2, 2, 2, 2, 2, 2, 2, 2, 2, 2], [0, 0, 0, 0, 0, 0, 0, 0, 0, 0, 0, 0, 0, 0, 0, 0, 0, 0, 0, 0, 0, 0, 0, 0, 0, -1, 0, 0, 0, 0, 0, 0, 0, 0, 0, 0, 0, 0, 0, 0, 0, 0, 0, 0, 0, 0, 0, 0, 0, 0, 0, 0], [1, 1, 1, 1, 1, 1, 1, 1, 1, 1, 1, 1, 1, 1, 1, 1, 1, 1, 1, 1, 1, 1, 1, 1, 1, 1, -1, 1, 1, 1, 1, 1, 1, 1, 1, 1, 1, 1, 1, 1, 1, 1, 1, 1, 1, 1, 1, 1, 1, 1, 1, 1], [0, 0, 0, 0, 0, 0, 0, 0, 0, 0, 0, 0, 0, 0, 0, 0, 0, 0, 0, 0, 0, 0, 0, 0, 0, 0, 0, -1, 0, 0, 0, 0, 0, 0, 0, 0, 0, 0, 0, 0, 0, 0, 0, 0, 0, 0, 0, 0, 0, 0, 0, 0], [1, 1, 1, 1, 1, 1, 1, 1, 1, 1, 1, 1, 1, 1, 1, 1, 1, 1, 1, 1, 1, 1, 1, 1, 1, 1, 1, 1, -1, 1, 1, 1, 1, 1, 1, 1, 1, 1, 1, 1, 1, 1, 1, 1, 1, 1, 1, 1, 1, 1, 1, 1], [1, 1, 1, 1, 1, 1, 1, 1, 1, 1, 1, 1, 1, 1, 1, 1, 1, 1, 1, 1, 1, 1, 1, 1, 1, 1, 1, 1, 1, -1, 1, 1, 1, 1, 1, 1, 1, 1, 1, 1, 1, 1, 1, 1, 1, 1, 1, 1, 1, 1, 1, 1], [0, 0, 0, 0, 0, 0, 0, 0, 0, 0, 0, 0, 0, 0, 0, 0, 0, 0, 0, 0, 0, 0, 0, 0, 0, 0, 0, 0, 0, 0, -1, 0, 0, 0, 0, 0, 0, 0, 0, 0, 0, 0, 0, 0, 0, 0, 0, 0, 0, 0, 0, 0], [2, 2, 2, 2, 2, 2, 2, 2, 2, 2, 2, 2, 2, 2, 2, 2, 2, 2, 2, 2, 2, 2, 2, 2, 2, 2, 2, 2, 2, 2, 2, -1, 2, 2, 2, 2, 2, 2, 2, 2, 2, 2, 2, 2, 2, 2, 2, 2, 2, 2, 2, 2], [1, 1, 1, 1, 1, 1, 1, 1, 1, 1, 1, 1, 1, 1, 1, 1, 1, 1, 1, 1, 1, 1, 1, 1, 1, 1, 1, 1, 1, 1, 1, 1, -1, 1, 1, 1, 1, 1, 1, 1, 1, 1, 1, 1, 1, 1, 1, 1, 1, 1, 1, 1], [0, 0, 0, 0, 0, 0, 0, 0, 0, 0, 0, 0, 0, 0, 0, 0, 0, 0, 0, 0, 0, 0, 0, 0, 0, 0, 0, 0, 0, 0, 0, 0, 0, -1, 0, 0, 0, 0, 0, 0, 0, 0, 0, 0, 0, 0, 0, 0, 0, 0, 0, 0], [0, 0, 0, 0, 0, 0, 0, 0, 0, 0, 0, 0, 0, 0, 0, 0, 0, 0, 0, 0, 0, 0, 0, 0, 0, 0, 0, 0, 0, 0, 0, 0, 0, 0, -1, 0, 0, 0, 0, 0, 0, 0, 0, 0, 0, 0, 0, 0, 0, 0, 0, 0], [0, 0, 0, 0, 0, 0, 0, 0, 0, 0, 0, 0, 0, 0, 0, 0, 0, 0, 0, 0, 0, 0, 0, 0, 0, 0, 0, 0, 0, 0, 0, 0, 0, 0, 0, -1, 0, 0, 0, 0, 0, 0, 0, 0, 0, 0, 0, 0, 0, 0, 0, 0], [1, 1, 1, 1, 1, 1, 1, 1, 1, 1, 1, 1, 1, 1, 1, 1, 1, 1, 1, 1, 1, 1, 1, 1, 1, 1, 1, 1, 1, 1, 1, 1, 1, 1, 1, 1, -1, 1, 1, 1, 1, 1, 1, 1, 1, 1, 1, 1, 1, 1, 1, 1], [2, 2, 2, 2, 2, 2, 2, 2, 2, 2, 2, 2, 2, 2, 2, 2, 2, 2, 2, 2, 2, 2, 2, 2, 2, 2, 2, 2, 2, 2, 2, 2, 2, 2, 2, 2, 2, -1, 2, 2, 2, 2, 2, 2, 2, 2, 2, 2, 2, 2, 2, 2], [1, 1, 1, 1, 1, 1, 1, 1, 1, 1, 1, 1, 1, 1, 1, 1, 1, 1, 1, 1, 1, 1, 1, 1, 1, 1, 1, 1, 1, 1, 1, 1, 1, 1, 1, 1, 1, 1, -1, 1, 1, 1, 1, 1, 1, 1, 1, 1, 1, 1, 1, 1], [1, 1, 1, 1, 1, 1, 1, 1, 1, 1, 1, 1, 1, 1, 1, 1, 1, 1, 1, 1, 1, 1, 1, 1, 1, 1, 1, 1, 1, 1, 1, 1, 1, 1, 1, 1, 1, 1, 1, -1, 1, 1, 1, 1, 1, 1, 1, 1, 1, 1, 1, 1], [1, 1, 1, 1, 1, 1, 1, 1, 1, 1, 1, 1, 1, 1, 1, 1, 1, 1, 1, 1, 1, 1, 1, 1, 1, 1, 1, 1, 1, 1, 1, 1, 1, 1, 1, 1, 1, 1, 1, 1, -1, 1, 1, 1, 1, 1, 1, 1, 1, 1, 1, 1], [0, 0, 0, 0, 0, 0, 0, 0, 0, 0, 0, 0, 0, 0, 0, 0, 0, 0, 0, 0, 0, 0, 0, 0, 0, 0, 0, 0, 0, 0, 0, 0, 0, 0, 0, 0, 0, 0, 0, 0, 0, -1, 0, 0, 0, 0, 0, 0, 0, 0, 0, 0], [1, 1, 1, 1, 1, 1, 1, 1, 1, 1, 1, 1, 1, 1, 1, 1, 1, 1, 1, 1, 1, 1, 1, 1, 1, 1, 1, 1, 1, 1, 1, 1, 1, 1, 1, 1, 1, 1, 1, 1, 1, 1, -1, 1, 1, 1, 1, 1, 1, 1, 1, 1], [0, 0, 0, 0, 0, 0, 0, 0, 0, 0, 0, 0, 0, 0, 0, 0, 0, 0, 0, 0, 0, 0, 0, 0, 0, 0, 0, 0, 0, 0, 0, 0, 0, 0, 0, 0, 0, 0, 0, 0, 0, 0, 0, -1, 0, 0, 0, 0, 0, 0, 0, 0], [0, 0, 0, 0, 0, 0, 0, 0, 0, 0, 0, 0, 0, 0, 0, 0, 0, 0, 0, 0, 0, 0, 0, 0, 0, 0, 0, 0, 0, 0, 0, 0, 0, 0, 0, 0, 0, 0, 0, 0, 0, 0, 0, 0, -1, 0, 0, 0, 0, 0, 0, 0], [1, 1, 1, 1, 1, 1, 1, 1, 1, 1, 1, 1, 1, 1, 1, 1, 1, 1, 1, 1, 1, 1, 1, 1, 1, 1, 1, 1, 1, 1, 1, 1, 1, 1, 1, 1, 1, 1, 1, 1, 1, 1, 1, 1, 1, -1, 1, 1, 1, 1, 1, 1], [1, 1, 1, 1, 1, 1, 1, 1, 1, 1, 1, 1, 1, 1, 1, 1, 1, 1, 1, 1, 1, 1, 1, 1, 1, 1, 1, 1, 1, 1, 1, 1, 1, 1, 1, 1, 1, 1, 1, 1, 1, 1, 1, 1, 1, 1, -1, 1, 1, 1, 1, 1], [1, 1, 1, 1, 1, 1, 1, 1, 1, 1, 1, 1, 1, 1, 1, 1, 1, 1, 1, 1, 1, 1, 1, 1, 1, 1, 1, 1, 1, 1, 1, 1, 1, 1, 1, 1, 1, 1, 1, 1, 1, 1, 1, 1, 1, 1, 1, -1, 1, 1, 1, 1], [0, 0, 0, 0, 0, 0, 0, 0, 0, 0, 0, 0, 0, 0, 0, 0, 0, 0, 0, 0, 0, 0, 0, 0, 0, 0, 0, 0, 0, 0, 0, 0, 0, 0, 0, 0, 0, 0, 0, 0, 0, 0, 0, 0, 0, 0, 0, 0, -1, 0, 0, 0], [1, 1, 1, 1, 1, 1, 1, 1, 1, 1, 1, 1, 1, 1, 1, 1, 1, 1, 1, 1, 1, 1, 1, 1, 1, 1, 1, 1, 1, 1, 1, 1, 1, 1, 1, 1, 1, 1, 1, 1, 1, 1, 1, 1, 1, 1, 1, 1, 1, -1, 1, 1], [0, 0, 0, 0, 0, 0, 0, 0, 0, 0, 0, 0, 0, 0, 0, 0, 0, 0, 0, 0, 0, 0, 0, 0, 0, 0, 0, 0, 0, 0, 0, 0, 0, 0, 0, 0, 0, 0, 0, 0, 0, 0, 0, 0, 0, 0, 0, 0, 0, 0, -1, 0], [2, 2, 2, 2, 2, 2, 2, 2, 2, 2, 2, 2, 2, 2, 2, 2, 2, 2, 2, 2, 2, 2, 2, 2, 2, 2, 2, 2, 2, 2, 2, 2, 2, 2, 2, 2, 2, 2, 2, 2, 2, 2, 2, 2, 2, 2, 2, 2, 2, 2, 2, -1]], "speed_zone_count": 73, "speed_zones": [[0.0, 15.0], [15.0, 30.0], [30.0, 45.0], [45.0, 60.0], [60.0, 75.0], [75.0, 90.0], [90.0, 105.0], [105.0, 120.0], [120.0, 135.0], [135.0, 150.0], [150.0, 165.0], [165.0, 180.0], [180.0, 195.0], [195.0, 210.0], [210.0, 225.0], [225.0, 240.0], [240.0, 255.0], [255.0, 270.0], [270.0, 285.0], [285.0, 300.0], [300.0, 315.0], [315.0, 330.0], [330.0, 345.0], [345.0, 360.0], [360.0, 375.0], [375.0, 390.0], [390.0, 405.0], [405.0, 420.0], [420.0, 435.0], [435.0, 450.0], [450.0, 465.0], [465.0, 480.0], [480.0, 495.0], [495.0, 510.0], [510.0, 525.0], [525.0, 540.0], [540.0, 555.0], [555.0, 570.0], [570.0, 585.0], [585.0, 600.0], [600.0, 615.0], [615.0, 630.0], [630.0, 645.0], [645.0, 660.0], [660.0, 675.0], [675.0, 690.0], [690.0, 705.0], [705.0, 720.0], [720.0, 735.0], [735.0, 750.0], [750.0, 765.0], [765.0, 780.0], [780.0, 795.0], [795.0, 810.0], [810.0, 825.0], [825.0, 840.0], [840.0, 855.0], [855.0, 870.0], [870.0, 885.0], [885.0, 900.0], [900.0, 915.0], [915.0, 930.0], [930.0, 945.0], [945.0, 960.0], [960.0, 975.0], [975.0, 990.0], [990.0, 1005.0], [1005.0, 1020.0], [1020.0, 1035.0], [1035.0, 1050.0], [1050.0, 1065.0], [1065.0, 1080.0], [1080.0, 5000.0]], "distances": [[0.0, 78.7, 55.07, 80.39, 54.77, 68.46, 66.84, 54.47, 69.74, 81.61, 85.13, 54.01, 88.06, 60.64, 71.51, 73.72, 77.26, 72.97, 53.32, 60.89, 55.05, 105.61, 77.17, 73.33, 100.67, 60.27, 86.84, 73.8, 86.19, 57.05, 72.11, 53.8, 68.06, 69.32, 70.04, 84.05, 53.67, 99.95, 75.3, 88.08, 69.28, 69.59, 66.65, 80.26, 85.14, 72.03, 68.54, 85.65, 62.76, 90.45, 84.58, 0.0], [0.0, 0.0, 23.63, 11.03, 24.45, 12.99, 16.91, 26.83, 11.89, 16.52, 6.58, 24.9, 10.6, 18.51, 17.9, 7.66, 17.24, 6.01, 27.67, 23.1, 23.79, 37.21, 21.77, 9.85, 25.49, 19.04, 10.99, 7.89, 9.16, 25.85, 10.96, 31.47, 23.02, 16.0, 9.88, 5.42, 25.34, 33.82, 20.82, 19.93, 21.65, 9.88, 25.91, 11.5, 7.38, 20.97, 20.43, 16.85, 16.26, 21.58, 6.47, 78.7], [0.0, 23.63, 0.0, 25.32, 4.7, 14.75, 15.84, 10.13, 16.28, 29.57, 30.07, 11.64, 33.18, 6.3, 21.07, 19.42, 26.15, 18.02, 9.84, 14.06, 14.25, 54.67, 28.27, 19.72, 46.72, 6.28, 32.26, 19.58, 31.36, 12.44, 18.76, 16.6, 21.86, 17.59, 15.63, 28.98, 15.71, 49.72, 26.21, 35.91, 22.02, 14.76, 22.85, 25.2, 30.17, 23.39, 20.42, 32.95, 7.99, 38.26, 29.56, 55.07], [0.0, 11.03, 25.32, 0.0, 26.28, 13.96, 18.79, 28.74, 13.8, 15.56, 4.76, 26.5, 8.67, 20.02, 18.04, 9.5, 16.76, 7.91, 29.58, 25.02, 25.56, 35.45, 21.3, 11.62, 23.58, 20.52, 9.15, 9.71, 7.26, 27.77, 12.77, 33.39, 24.77, 16.51, 11.81, 12.32, 27.14, 32.2, 20.52, 18.49, 23.36, 11.21, 27.67, 9.58, 5.45, 20.97, 22.19, 15.48, 17.8, 20.03, 4.55, 80.39], [0.0, 24.45, 4.7, 26.28, 0.0, 17.8, 13.23, 5.44, 15.07, 32.7, 31.03, 6.94, 34.61, 9.79, 24.91, 18.95, 29.64, 18.5, 5.26, 9.96, 11.89, 57.66, 32.15, 18.67, 48.77, 10.05, 34.05, 19.03, 32.88, 7.83, 17.51, 11.95, 18.15, 21.28, 15.28, 29.87, 11.13, 52.93, 30.11, 38.84, 18.54, 16.81, 18.77, 26.02, 31.47, 27.47, 17.08, 35.76, 10.74, 41.14, 30.73, 54.77], [0.0, 12.99, 14.75, 13.96, 17.8, 0.0, 18.65, 22.31, 14.87, 14.92, 18.09, 14.89, 19.97, 8.45, 8.26, 14.18, 11.97, 10.44, 22.65, 22.05, 16.19, 39.97, 15.14, 16.16, 32.35, 8.57, 18.44, 14.52, 18.07, 22.97, 16.22, 28.52, 26.39, 4.67, 12.08, 17.3, 18.03, 35.13, 13.28, 21.17, 25.61, 13.28, 28.7, 14.23, 17.4, 11.49, 23.93, 18.2, 7.06, 23.51, 17.12, 68.46], [0.0, 16.91, 15.84, 18.79, 13.23, 18.65, 0.0, 12.38, 5.06, 30.91, 22.93, 18.25, 27.38, 15.61, 26.89, 9.34, 29.55, 11.67, 13.53, 6.65, 14.11, 53.88, 33.41, 7.64, 42.35, 16.33, 27.88, 9.18, 26.06, 10.18, 6.31, 15.2, 7.74, 23.31, 7.69, 21.7, 14.61, 50.1, 31.71, 35.81, 7.12, 15.09, 10.12, 18.21, 24.2, 30.15, 5.39, 32.59, 14.31, 37.76, 23.22, 66.84], [0.0, 26.83, 10.13, 28.74, 5.44, 22.31, 12.38, 0.0, 15.88, 37.01, 33.36, 12.27, 37.34, 14.85, 29.85, 20.26, 34.28, 20.84, 10.7, 6.76, 7.56, 61.7, 37.08, 19.34, 51.93, 15.21, 37.14, 20.24, 35.73, 12.29, 18.04, 6.55, 14.97, 26.15, 17.04, 32.15, 6.29, 57.18, 35.07, 42.93, 15.77, 20.61, 14.87, 28.35, 34.13, 32.56, 14.63, 39.78, 15.38, 45.16, 33.29, 54.47], [0.0, 11.89, 16.28, 13.8, 15.07, 14.87, 5.06, 15.88, 0.0, 26.08, 18.06, 18.4, 22.43, 14.04, 22.89, 4.5, 25.01, 6.65, 16.89, 11.28, 15.27, 48.83, 29.06, 12.7, 37.37, 14.78, 22.84, 4.42, 21.05, 14.33, 11.37, 19.77, 12.11, 19.5, 12.75, 16.83, 16.3, 45.08, 27.47, 30.81, 11.06, 10.94, 14.78, 13.24, 19.23, 26.21, 9.49, 27.6, 12.19, 32.74, 18.27, 69.74], [0.0, 16.52, 29.57, 15.56, 32.7, 14.92, 30.91, 37.01, 26.08, 0.0, 15.89, 29.41, 13.77, 23.29, 10.17, 23.03, 4.56, 19.53, 37.44, 35.76, 31.1, 25.1, 7.5, 25.43, 19.77, 23.31, 10.93, 23.35, 12.55, 37.31, 26.2, 43.0, 38.15, 12.47, 23.24, 16.15, 32.94, 20.23, 8.08, 6.51, 36.99, 16.59, 40.86, 16.34, 13.73, 10.68, 35.52, 4.26, 21.97, 8.89, 14.43, 81.61], [0.0, 6.58, 30.07, 4.76, 31.03, 18.09, 22.93, 33.36, 18.06, 15.89, 0.0, 31.2, 4.7, 24.67, 20.8, 13.6, 18.27, 12.59, 34.23, 29.34, 30.32, 32.41, 22.66, 15.43, 19.55, 25.14, 6.43, 13.75, 12.02, 32.26, 16.69, 37.8, 28.26, 19.95, 16.34, 10.55, 31.9, 29.76, 22.29, 17.07, 26.77, 15.77, 31.2, 5.03, 10.21, 23.36, 25.78, 14.51, 22.47, 18.13, 9.31, 85.13], [0.0, 24.9, 11.64, 26.5, 6.94, 14.89, 18.25, 12.27, 18.4, 29.41, 31.2, 0.0, 34.05, 6.65, 20.4, 21.26, 25.73, 19.52, 11.83, 16.54, 4.94, 54.5, 27.48, 21.75, 47.18, 6.36, 32.94, 21.44, 32.2, 14.77, 20.86, 18.6, 24.37, 17.13, 17.49, 30.16, 5.99, 49.4, 25.4, 35.84, 24.51, 15.58, 25.34, 26.44, 31.13, 22.44, 22.9, 32.98, 8.75, 38.21, 30.59, 54.01], [0.0, 10.6, 33.18, 8.67, 34.61, 19.97, 27.38, 37.34, 22.43, 13.77, 4.7, 34.05, 0.0, 27.41, 20.82, 18.05, 17.11, 16.51, 38.14, 33.68, 33.71, 27.73, 21.11, 19.99, 14.97, 27.8, 11.14, 18.22, 10.9, 36.44, 21.22, 42.06, 32.93, 20.82, 20.47, 5.84, 35.37, 25.26, 21.18, 13.37, 31.45, 18.48, 35.86, 9.19, 14.12, 22.87, 30.43, 11.32, 25.32, 14.05, 13.22, 88.06], [0.0, 18.51, 6.3, 20.02, 9.79, 8.45, 15.61, 14.85, 14.04, 23.29, 24.67, 6.65, 27.41, 0.0, 15.12, 15.91, 19.96, 13.51, 14.95, 16.49, 7.95, 48.38, 22.36, 16.91, 40.59, 12.58, 26.29, 16.15, 25.55, 16.25, 16.3, 21.35, 22.91, 11.5, 12.35, 23.66, 9.78, 43.46, 20.32, 29.61, 22.61, 8.96, 24.58, 20.02, 24.52, 17.72, 20.89, 26.65, 14.29, 31.96, 24.0, 60.64], [0.0, 17.9, 21.07, 18.04, 24.91, 8.26, 26.89, 29.85, 22.89, 10.17, 20.8, 20.4, 20.82, 15.12, 0.0, 21.49, 5.76, 17.58, 30.04, 30.21, 23.04, 34.55, 7.24, 23.69, 29.82, 14.91, 18.42, 21.84, 19.06, 30.86, 23.97, 36.25, 34.61, 12.93, 20.02, 20.45, 24.84, 29.21, 5.22, 16.58, 33.79, 11.95, 36.95, 18.6, 19.28, 11.94, 32.12, 14.36, 14.53, 18.95, 19.47, 71.51], [0.0, 7.66, 19.42, 9.5, 18.95, 14.18, 9.34, 20.26, 4.5, 23.03, 13.6, 21.26, 18.05, 15.91, 21.49, 0.0, 22.63, 11.15, 21.24, 15.75, 18.83, 44.84, 26.94, 16.98, 33.02, 16.6, 18.64, 8.92, 16.76, 18.82, 15.65, 24.26, 15.46, 18.51, 17.03, 12.38, 20.08, 41.33, 25.57, 27.23, 14.15, 10.06, 18.32, 8.89, 14.87, 24.81, 12.84, 24.06, 13.75, 29.02, 13.88, 73.72], [0.0, 17.24, 26.15, 16.76, 29.64, 11.97, 29.55, 34.28, 25.01, 4.56, 18.27, 25.73, 17.11, 19.96, 5.76, 22.63, 0.0, 18.84, 34.59, 33.76, 27.9, 28.89, 4.54, 25.0, 24.33, 19.88, 14.41, 22.97, 15.59, 34.91, 25.57, 40.49, 37.09, 8.6, 22.1, 18.25, 29.73, 23.67, 10.98, 10.84, 36.07, 14.58, 39.65, 17.47, 16.34, 6.18, 34.5, 8.82, 18.94, 13.19, 16.82, 77.26], [0.0, 6.01, 18.02, 7.91, 18.5, 10.44, 11.67, 20.84, 6.65, 19.53, 12.59, 19.52, 16.51, 13.51, 17.58, 11.15, 18.84, 0.0, 21.67, 17.44, 17.95, 42.26, 23.09, 6.2, 31.27, 14.14, 16.54, 4.26, 14.96, 19.97, 6.74, 25.64, 18.63, 14.65, 10.79, 11.4, 19.44, 38.43, 21.68, 24.16, 17.46, 6.37, 21.38, 7.56, 13.3, 20.9, 16.0, 20.95, 11.25, 26.1, 12.45, 72.97], [0.0, 27.67, 9.84, 29.58, 5.26, 22.65, 13.53, 10.7, 16.89, 37.44, 34.23, 11.83, 38.14, 14.95, 30.04, 21.24, 34.59, 21.67, 0.0, 7.95, 7.35, 62.23, 37.27, 20.38, 52.66, 15.26, 37.88, 21.23, 36.5, 4.35, 19.09, 6.77, 16.14, 26.36, 17.94, 33.02, 5.87, 57.64, 35.25, 43.43, 16.95, 21.14, 15.97, 29.2, 34.94, 32.67, 15.82, 40.3, 15.65, 45.68, 34.11, 53.32], [0.0, 23.1, 14.06, 25.02, 9.96, 22.05, 6.65, 6.76, 11.28, 35.76, 29.34, 16.54, 33.68, 16.49, 30.21, 15.75, 33.76, 17.44, 7.95, 0.0, 11.66, 59.57, 37.19, 14.26, 48.59, 17.08, 33.95, 15.64, 32.26, 12.3, 12.92, 8.56, 8.35, 26.48, 13.34, 28.11, 11.29, 55.49, 35.32, 41.13, 9.03, 19.25, 8.82, 24.5, 30.47, 33.27, 7.87, 37.91, 16.06, 43.21, 29.52, 60.89], [0.0, 23.79, 14.25, 25.56, 11.89, 16.19, 14.11, 7.56, 15.27, 31.1, 30.32, 4.94, 33.71, 7.95, 23.04, 18.83, 27.9, 17.95, 7.35, 11.66, 0.0, 56.14, 30.27, 18.82, 47.63, 8.13, 33.0, 18.94, 31.94, 9.86, 17.75, 14.06, 19.65, 19.45, 15.07, 29.19, 10.93, 51.32, 28.22, 37.33, 19.92, 15.58, 20.48, 25.36, 30.62, 25.51, 18.37, 34.29, 9.16, 39.65, 29.93, 55.05], [0.0, 37.21, 54.67, 35.45, 57.66, 39.97, 53.88, 61.7, 48.83, 25.1, 32.41, 54.5, 27.73, 48.38, 34.55, 44.84, 28.89, 42.26, 62.23, 59.57, 56.14, 0.0, 28.43, 47.05, 14.99, 48.41, 26.36, 45.09, 28.48, 61.63, 48.16, 67.38, 60.22, 37.43, 46.33, 33.47, 57.98, 5.86, 30.33, 18.82, 58.81, 41.09, 63.12, 36.15, 30.49, 33.61, 57.64, 21.93, 46.98, 16.54, 31.56, 105.61], [0.0, 21.77, 28.27, 21.3, 32.15, 15.14, 33.41, 37.08, 29.06, 7.5, 22.66, 27.48, 21.11, 22.36, 7.24, 26.94, 4.54, 23.09, 37.27, 37.19, 30.27, 28.43, 0.0, 29.28, 26.3, 22.14, 18.32, 27.28, 19.73, 38.01, 29.77, 43.45, 41.05, 10.93, 26.14, 22.7, 32.07, 22.83, 12.46, 12.26, 40.1, 18.32, 43.52, 22.01, 20.65, 5.26, 38.49, 11.33, 21.72, 14.33, 21.19, 77.17], [0.0, 9.85, 19.72, 11.62, 18.67, 16.16, 7.64, 19.34, 12.7, 25.43, 15.43, 21.75, 19.99, 16.91, 23.69, 16.98, 25.0, 6.2, 20.38, 14.26, 18.82, 47.05, 29.28, 0.0, 34.95, 17.63, 20.77, 10.46, 18.8, 17.58, 8.84, 22.82, 13.18, 20.61, 4.59, 14.21, 19.89, 43.63, 27.88, 29.58, 11.82, 12.04, 16.07, 10.95, 16.87, 27.03, 10.58, 26.42, 14.88, 31.34, 15.85, 73.33], [0.0, 25.49, 46.72, 23.58, 48.77, 32.35, 42.35, 51.93, 37.37, 19.77, 19.55, 47.18, 14.97, 40.59, 29.82, 33.02, 24.33, 31.27, 52.66, 48.59, 47.63, 14.99, 26.3, 34.95, 0.0, 40.83, 14.79, 33.19, 16.34, 51.24, 36.19, 56.91, 47.79, 31.45, 35.31, 20.75, 49.38, 15.29, 27.5, 14.05, 46.28, 32.06, 50.73, 24.14, 18.15, 30.39, 45.33, 15.51, 38.73, 12.18, 19.13, 100.67], [0.0, 19.04, 6.28, 20.52, 10.05, 8.57, 16.33, 15.21, 14.78, 23.31, 25.14, 6.36, 27.8, 12.58, 14.91, 16.6, 19.88, 14.14, 15.26, 17.08, 8.13, 48.41, 22.14, 17.63, 40.83, 0.0, 26.61, 16.85, 25.93, 16.72, 17.03, 21.73, 23.59, 11.35, 13.07, 24.15, 9.94, 43.44, 20.09, 29.67, 23.31, 9.39, 25.24, 20.54, 24.93, 17.42, 21.59, 26.75, 14.27, 32.03, 24.45, 60.27], [0.0, 10.99, 32.26, 9.15, 34.05, 18.44, 27.88, 37.14, 22.84, 10.93, 6.43, 32.94, 11.14, 26.29, 18.42, 18.64, 14.41, 16.54, 37.88, 33.95, 33.0, 26.36, 18.32, 20.77, 14.79, 26.61, 0.0, 18.86, 12.36, 36.49, 21.92, 42.18, 33.9, 18.76, 20.62, 7.3, 34.72, 23.41, 18.46, 10.77, 32.47, 17.5, 36.81, 9.82, 4.25, 20.29, 31.34, 8.53, 24.3, 11.7, 5.31, 86.84], [0.0, 7.89, 19.58, 9.71, 19.03, 14.52, 9.18, 20.24, 4.42, 23.35, 13.75, 21.44, 18.22, 16.15, 21.84, 8.92, 22.97, 4.26, 21.23, 15.64, 18.94, 45.09, 27.28, 10.46, 33.19, 16.85, 18.86, 0.0, 16.95, 18.75, 11.0, 24.16, 15.19, 18.86, 15.06, 12.52, 20.17, 41.6, 25.92, 27.52, 13.87, 10.39, 18.06, 9.09, 15.06, 25.16, 12.58, 24.35, 14.01, 29.29, 14.06, 73.8], [0.0, 9.16, 31.36, 7.26, 32.88, 18.07, 26.06, 35.73, 21.05, 12.55, 12.02, 32.2, 10.9, 25.55, 19.06, 16.76, 15.59, 14.96, 36.5, 32.26, 31.94, 28.48, 19.73, 18.8, 16.34, 25.93, 12.36, 16.95, 0.0, 34.92, 19.99, 40.58, 31.87, 18.96, 18.97, 5.05, 33.62, 25.65, 19.67, 12.99, 30.42, 16.63, 34.79, 7.87, 12.72, 21.22, 29.33, 10.59, 23.48, 13.98, 11.82, 86.19], [0.0, 25.85, 12.44, 27.77, 7.83, 22.97, 10.18, 12.29, 14.33, 37.31, 32.26, 14.77, 36.44, 16.25, 30.86, 18.82, 34.91, 19.97, 4.35, 12.3, 9.86, 61.63, 38.01, 17.58, 51.24, 16.72, 36.49, 18.75, 34.92, 0.0, 16.24, 5.75, 11.81, 27.11, 15.97, 31.03, 8.96, 57.32, 36.05, 42.99, 12.68, 20.73, 11.65, 27.31, 33.22, 33.74, 11.65, 39.79, 16.35, 45.15, 32.32, 57.05], [0.0, 10.96, 18.76, 12.77, 17.51, 16.22, 6.31, 18.04, 11.37, 26.2, 16.69, 20.86, 21.22, 16.3, 23.97, 15.65, 25.57, 6.74, 19.09, 12.92, 17.75, 48.16, 29.77, 8.84, 36.19, 17.03, 21.92, 11.0, 19.99, 16.24, 0.0, 21.48, 12.15, 20.76, 4.25, 15.47, 18.76, 44.65, 28.3, 30.53, 10.86, 12.14, 15.0, 12.13, 18.08, 27.3, 9.53, 27.34, 14.35, 32.33, 17.07, 72.11], [0.0, 31.47, 16.6, 33.39, 11.95, 28.52, 15.2, 6.55, 19.77, 43.0, 37.8, 18.6, 42.06, 21.35, 36.25, 24.26, 40.49, 25.64, 6.77, 8.56, 14.06, 67.38, 43.45, 22.82, 56.91, 21.73, 42.18, 24.16, 40.58, 5.75, 21.48, 0.0, 14.29, 32.53, 21.6, 36.58, 12.64, 63.05, 41.47, 48.72, 15.6, 26.44, 12.91, 32.9, 38.84, 39.03, 15.11, 45.53, 21.73, 50.89, 37.92, 53.8], [0.0, 23.02, 21.86, 24.77, 18.15, 26.39, 7.74, 14.97, 12.11, 38.15, 28.26, 24.37, 32.93, 22.91, 34.61, 15.46, 37.09, 18.63, 16.14, 8.35, 19.65, 60.22, 41.05, 13.18, 47.79, 23.59, 33.9, 15.19, 31.87, 11.81, 12.15, 14.29, 0.0, 31.05, 15.0, 27.09, 19.52, 56.79, 39.39, 42.66, 14.86, 22.76, 17.18, 24.08, 29.9, 37.88, 13.13, 39.47, 21.83, 44.48, 28.85, 68.06], [0.0, 16.0, 17.59, 16.51, 21.28, 4.67, 23.31, 26.15, 19.5, 12.47, 19.95, 17.13, 20.82, 11.5, 12.93, 18.51, 8.6, 14.65, 26.36, 26.48, 19.45, 37.43, 10.93, 20.61, 31.45, 11.35, 18.76, 18.86, 18.96, 27.11, 20.76, 32.53, 31.05, 0.0, 16.68, 19.4, 21.27, 32.27, 8.94, 18.97, 30.27, 8.62, 33.33, 16.96, 18.78, 6.86, 28.59, 16.36, 10.8, 21.36, 18.76, 69.32], [0.0, 9.88, 15.63, 11.81, 15.28, 12.08, 7.69, 17.04, 12.75, 23.24, 16.34, 17.49, 20.47, 12.35, 20.02, 17.03, 22.1, 10.79, 17.94, 13.34, 15.07, 46.33, 26.14, 4.59, 35.31, 13.07, 20.62, 15.06, 18.97, 15.97, 4.25, 21.6, 15.0, 16.68, 0.0, 15.13, 16.37, 42.45, 24.56, 28.14, 13.97, 8.08, 17.64, 11.36, 17.25, 23.34, 12.4, 24.91, 10.29, 30.11, 16.35, 70.04], [0.0, 5.42, 28.98, 12.32, 29.87, 17.3, 21.7, 32.15, 16.83, 16.15, 10.55, 30.16, 5.84, 23.66, 20.45, 12.38, 18.25, 11.4, 33.02, 28.11, 29.19, 33.47, 22.7, 14.21, 20.75, 24.15, 7.3, 12.52, 5.05, 31.03, 15.47, 36.58, 27.09, 19.4, 15.13, 0.0, 30.76, 30.7, 22.22, 17.76, 25.6, 14.8, 30.02, 12.92, 11.55, 23.13, 24.6, 15.08, 21.45, 18.93, 11.89, 84.05], [0.0, 25.34, 15.71, 27.14, 11.13, 18.03, 14.61, 6.29, 16.3, 32.94, 31.9, 5.99, 35.37, 9.78, 24.84, 20.08, 29.73, 19.44, 5.87, 11.29, 10.93, 57.98, 32.07, 19.89, 49.38, 9.94, 34.72, 20.17, 33.62, 8.96, 18.76, 12.64, 19.52, 21.27, 16.37, 30.76, 0.0, 53.15, 30.02, 39.16, 19.93, 17.34, 20.09, 26.91, 32.26, 27.28, 18.47, 36.12, 10.99, 41.48, 31.55, 53.67], [0.0, 33.82, 49.72, 32.2, 52.93, 35.13, 50.1, 57.18, 45.08, 20.23, 29.76, 49.4, 25.26, 43.46, 29.21, 41.33, 23.67, 38.43, 57.64, 55.49, 51.32, 5.86, 22.83, 43.63, 15.29, 43.44, 23.41, 41.6, 25.65, 57.32, 44.65, 63.05, 56.79, 32.27, 42.45, 30.7, 53.15, 0.0, 24.78, 14.36, 55.45, 36.62, 59.64, 32.94, 27.66, 28.06, 54.17, 17.58, 42.19, 12.34, 28.72, 99.95], [0.0, 20.82, 26.21, 20.52, 30.11, 13.28, 31.71, 35.07, 27.47, 8.08, 22.29, 25.4, 21.18, 20.32, 5.22, 25.57, 10.98, 21.68, 35.25, 35.32, 28.22, 30.33, 12.46, 27.88, 27.5, 20.09, 18.46, 25.92, 19.67, 36.05, 28.3, 41.47, 39.39, 8.94, 24.56, 22.22, 30.02, 24.78, 0.0, 13.57, 38.48, 16.63, 41.82, 21.2, 20.4, 15.8, 36.85, 12.2, 19.74, 15.76, 20.85, 75.3], [0.0, 19.93, 35.91, 18.49, 38.84, 21.17, 35.81, 42.93, 30.81, 6.51, 17.07, 35.84, 13.37, 29.61, 16.58, 27.23, 10.84, 24.16, 43.43, 41.13, 37.33, 18.82, 12.26, 29.58, 14.05, 29.67, 10.77, 27.52, 12.99, 42.99, 30.53, 48.72, 42.66, 18.97, 28.14, 17.76, 39.16, 14.36, 13.57, 0.0, 41.38, 22.33, 45.48, 19.26, 14.8, 16.6, 40.04, 10.77, 28.17, 15.4, 15.78, 88.08], [0.0, 21.65, 22.02, 23.36, 18.54, 25.61, 7.12, 15.77, 11.06, 36.99, 26.77, 24.51, 31.45, 22.61, 33.79, 14.15, 36.07, 17.46, 16.95, 9.03, 19.92, 58.81, 40.1, 11.82, 46.28, 23.31, 32.47, 13.87, 30.42, 12.68, 10.86, 15.6, 14.86, 30.27, 13.97, 25.6, 19.93, 55.45, 38.48, 41.38, 0.0, 21.87, 4.48, 22.66, 28.44, 37.08, 9.96, 38.2, 21.4, 43.16, 27.39, 69.28], [0.0, 9.88, 14.76, 11.21, 16.81, 13.28, 15.09, 20.61, 10.94, 16.59, 15.77, 15.58, 18.48, 8.96, 11.95, 10.06, 14.58, 6.37, 21.14, 19.25, 15.58, 41.09, 18.32, 12.04, 32.06, 9.39, 17.5, 10.39, 16.63, 20.73, 12.14, 26.44, 22.76, 8.62, 8.08, 14.8, 17.34, 36.62, 16.63, 22.33, 21.87, 0.0, 25.21, 11.3, 15.56, 15.27, 20.23, 19.17, 6.84, 24.55, 15.06, 69.59], [0.0, 25.91, 22.85, 27.67, 18.77, 28.7, 10.12, 14.87, 14.78, 40.86, 31.2, 25.34, 35.86, 24.58, 36.95, 18.32, 39.65, 21.38, 15.97, 8.82, 20.48, 63.12, 43.52, 16.07, 50.73, 25.24, 36.81, 18.06, 34.79, 11.65, 15.0, 12.91, 17.18, 33.33, 17.64, 30.02, 20.09, 59.64, 41.82, 45.48, 4.48, 25.21, 0.0, 26.99, 32.83, 40.19, 5.48, 42.28, 23.72, 47.32, 31.78, 66.65], [0.0, 11.5, 25.2, 9.58, 26.02, 14.23, 18.21, 28.35, 13.24, 16.34, 5.03, 26.44, 9.19, 20.02, 18.6, 8.89, 17.47, 7.56, 29.2, 24.5, 25.36, 36.15, 22.01, 10.95, 24.14, 20.54, 9.82, 9.09, 7.87, 27.31, 12.13, 32.9, 24.08, 16.96, 11.36, 12.92, 26.91, 32.94, 21.2, 19.26, 22.66, 11.3, 26.99, 0.0, 5.99, 21.57, 21.51, 16.26, 17.78, 20.79, 5.03, 80.26], [0.0, 7.38, 30.17, 5.45, 31.47, 17.4, 24.2, 34.13, 19.23, 13.73, 10.21, 31.13, 14.12, 24.52, 19.28, 14.87, 16.34, 13.3, 34.94, 30.47, 30.62, 30.49, 20.65, 16.87, 18.15, 24.93, 4.25, 15.06, 12.72, 33.22, 18.08, 38.84, 29.9, 18.78, 17.25, 11.55, 32.26, 27.66, 20.4, 14.8, 28.44, 15.56, 32.83, 5.99, 0.0, 21.67, 27.37, 12.23, 22.38, 15.9, 9.56, 85.14], [0.0, 20.97, 23.39, 20.97, 27.47, 11.49, 30.15, 32.56, 26.21, 10.68, 23.36, 22.44, 22.87, 17.72, 11.94, 24.81, 6.18, 20.9, 32.67, 33.27, 25.51, 33.61, 5.26, 27.03, 30.39, 17.42, 20.29, 25.16, 21.22, 33.74, 27.3, 39.03, 37.88, 6.86, 23.34, 23.13, 27.28, 28.06, 15.8, 16.6, 37.08, 15.27, 40.19, 21.57, 21.67, 0.0, 35.4, 14.92, 17.39, 18.85, 21.98, 72.03], [0.0, 20.43, 20.42, 22.19, 17.08, 23.93, 5.39, 14.63, 9.49, 35.52, 25.78, 22.9, 30.43, 20.89, 32.12, 12.84, 34.5, 16.0, 15.82, 7.87, 18.37, 57.64, 38.49, 10.58, 45.33, 21.59, 31.34, 12.58, 29.33, 11.65, 9.53, 15.11, 13.13, 28.59, 12.4, 24.6, 18.47, 54.17, 36.85, 40.04, 9.96, 20.23, 5.48, 21.51, 27.37, 35.4, 0.0, 36.84, 19.67, 41.86, 26.33, 68.54], [0.0, 16.85, 32.95, 15.48, 35.76, 18.2, 32.59, 39.78, 27.6, 4.26, 14.51, 32.98, 11.32, 26.65, 14.36, 24.06, 8.82, 20.95, 40.3, 37.91, 34.29, 21.93, 11.33, 26.42, 15.51, 26.75, 8.53, 24.35, 10.59, 39.79, 27.34, 45.53, 39.47, 16.36, 24.91, 15.08, 36.12, 17.58, 12.2, 10.77, 38.2, 19.17, 42.28, 16.26, 12.23, 14.92, 36.84, 0.0, 25.13, 5.39, 13.14, 85.65], [0.0, 16.26, 7.99, 17.8, 10.74, 7.06, 14.31, 15.38, 12.19, 21.97, 22.47, 8.75, 25.32, 14.29, 14.53, 13.75, 18.94, 11.25, 15.65, 16.06, 9.16, 46.98, 21.72, 14.88, 38.73, 14.27, 24.3, 14.01, 23.48, 16.35, 14.35, 21.73, 21.83, 10.8, 10.29, 21.45, 10.99, 42.19, 19.74, 28.17, 21.4, 6.84, 23.72, 17.78, 22.38, 17.39, 19.67, 25.13, 0.0, 30.48, 21.84, 62.76], [0.0, 21.58, 38.26, 20.03, 41.14, 23.51, 37.76, 45.16, 32.74, 8.89, 18.13, 38.21, 14.05, 31.96, 18.95, 29.02, 13.19, 26.1, 45.68, 43.21, 39.65, 16.54, 14.33, 31.34, 12.18, 32.03, 11.7, 29.29, 13.98, 45.15, 32.33, 50.89, 44.48, 21.36, 30.11, 18.93, 41.48, 12.34, 15.76, 15.4, 43.16, 24.55, 47.32, 20.79, 15.9, 18.85, 41.86, 5.39, 30.48, 0.0, 16.93, 90.45], [0.0, 6.47, 29.56, 4.55, 30.73, 17.12, 23.22, 33.29, 18.27, 14.43, 9.31, 30.59, 13.22, 24.0, 19.47, 13.88, 16.82, 12.45, 34.11, 29.52, 29.93, 31.56, 21.19, 15.85, 19.13, 24.45, 5.31, 14.06, 11.82, 32.32, 17.07, 37.92, 28.85, 18.76, 16.35, 11.89, 31.55, 28.72, 20.85, 15.78, 27.39, 15.06, 31.78, 5.03, 9.56, 21.98, 26.33, 13.14, 21.84, 16.93, 0.0, 84.58], [0.0, 0.0, 0.0, 0.0, 0.0, 0.0, 0.0, 0.0, 0.0, 0.0, 0.0, 0.0, 0.0, 0.0, 0.0, 0.0, 0.0, 0.0, 0.0, 0.0, 0.0, 0.0, 0.0, 0.0, 0.0, 0.0, 0.0, 0.0, 0.0, 0.0, 0.0, 0.0, 0.0, 0.0, 0.0, 0.0, 0.0, 0.0, 0.0, 0.0, 0.0, 0.0, 0.0, 0.0, 0.0, 0.0, 0.0, 0.0, 0.0, 0.0, 0.0, 0.0]], "time_windows": [[0.0, 5000.0], [0.0, 130.0], [0.0, 157.0], [0.0, 209.0], [0.0, 287.0], [0.0, 336.0], [0.0, 372.0], [0.0, 393.0], [0.0, 419.0], [0.0, 459.0], [0.0, 502.0], [0.0, 592.0], [0.0, 659.0], [0.0, 701.0], [0.0, 722.0], [0.0, 751.0], [0.0, 785.0], [0.0, 814.0], [0.0, 858.0], [0.0, 874.0], [0.0, 896.0], [0.0, 990.0], [0.0, 1027.0], [0.0, 1061.0], [0.0, 1100.0], [0.0, 1141.0], [0.0, 1168.0], [0.0, 1187.0], [0.0, 1204.0], [0.0, 1239.0], [0.0, 1255.0], [0.0, 1276.0], [0.0, 1291.0], [0.0, 1322.0], [0.0, 1338.0], [0.0, 1353.0], [0.0, 1384.0], [0.0, 1437.0], [0.0, 1462.0], [0.0, 1476.0], [0.0, 1517.0], [0.0, 1539.0], [0.0, 1564.0], [0.0, 1591.0], [0.0, 1597.0], [0.0, 1619.0], [0.0, 1654.0], [0.0, 1691.0], [0.0, 1716.0], [0.0, 1747.0], [0.0, 1764.0], [0.0, 5000.0]], "start_depot": 0, "end_depot": 51, "horizon": [0.0, 5000.0]}