{"digraph": {"vertex_count": 52, "arc_count": 2550, "arcs": [[0, 1, 1, 1, 1, 1, 1, 1, 1, 1, 1, 1, 1, 1, 1, 1, 1, 1, 1, 1, 1, 1, 1, 1, 1, 1, 1, 1, 1, 1, 1, 1, 1, 1, 1, 1, 1, 1, 1, 1, 1, 1, 1, 1, 1, 1, 1, 1, 1, 1, 1, 1], [0, 0, 1, 1, 1, 1, 1, 1, 1, 1, 1, 1, 1, 1, 1, 1, 1, 1, 1, 1, 1, 1, 1, 1, 1, 1, 1, 1, 1, 1, 1, 1, 1, 1, 1, 1, 1, 1, 1, 1, 1, 1, 1, 1, 1, 1, 1, 1, 1, 1, 1, 1], [0, 1, 0, 1, 1, 1, 1, 1, 1, 1, 1, 1, 1, 1, 1, 1, 1, 1, 1, 1, 1, 1, 1, 1, 1, 1, 1, 1, 1, 1, 1, 1, 1, 1, 1, 1, 1, 1, 1, 1, 1, 1, 1, 1, 1, 1, 1, 1, 1, 1, 1, 1], [0, 1, 1, 0, 1, 1, 1, 1, 1, 1, 1, 1, 1, 1, 1, 1, 1, 1, 1, 1, 1, 1, 1, 1, 1, 1, 1, 1, 1, 1, 1, 1, 1, 1, 1, 1, 1, 1, 1, 1, 1, 1, 1, 1, 1, 1, 1, 1, 1, 1, 1, 1], [0, 1, 1, 1, 0, 1, 1, 1, 1, 1, 1, 1, 1, 1, 1, 1, 1, 1, 1, 1, 1, 1, 1, 1, 1, 1, 1, 1, 1, 1, 1, 1, 1, 1, 1, 1, 1, 1, 1, 1, 1, 1, 1, 1, 1, 1, 1, 1, 1, 1, 1, 1], [0, 1, 1, 1, 1, 0, 1, 1, 1, 1, 1, 1, 1, 1, 1, 1, 1, 1, 1, 1, 1, 1, 1, 1, 1, 1, 1, 1, 1, 1, 1, 1, 1, 1, 1, 1, 1, 1, 1, 1, 1, 1, 1, 1, 1, 1, 1, 1, 1, 1, 1, 1], [0, 1, 1, 1, 1, 1, 0, 1, 1, 1, 1, 1, 1, 1, 1, 1, 1, 1, 1, 1, 1, 1, 1, 1, 1, 1, 1, 1, 1, 1, 1, 1, 1, 1, 1, 1, 1, 1, 1, 1, 1, 1, 1, 1, 1, 1, 1, 1, 1, 1, 1, 1], [0, 1, 1, 1, 1, 1, 1, 0, 1, 1, 1, 1, 1, 1, 1, 1, 1, 1, 1, 1, 1, 1, 1, 1, 1, 1, 1, 1, 1, 1, 1, 1, 1, 1, 1, 1, 1, 1, 1, 1, 1, 1, 1, 1, 1, 1, 1, 1, 1, 1, 1, 1], [0, 1, 1, 1, 1, 1, 1, 1, 0, 1, 1, 1, 1, 1, 1, 1, 1, 1, 1, 1, 1, 1, 1, 1, 1, 1, 1, 1, 1, 1, 1, 1, 1, 1, 1, 1, 1, 1, 1, 1, 1, 1, 1, 1, 1, 1, 1, 1, 1, 1, 1, 1], [0, 1, 1, 1, 1, 1, 1, 1, 1, 0, 1, 1, 1, 1, 1, 1, 1, 1, 1, 1, 1, 1, 1, 1, 1, 1, 1, 1, 1, 1, 1, 1, 1, 1, 1, 1, 1, 1, 1, 1, 1, 1, 1, 1, 1, 1, 1, 1, 1, 1, 1, 1], [0, 1, 1, 1, 1, 1, 1, 1, 1, 1, 0, 1, 1, 1, 1, 1, 1, 1, 1, 1, 1, 1, 1, 1, 1, 1, 1, 1, 1, 1, 1, 1, 1, 1, 1, 1, 1, 1, 1, 1, 1, 1, 1, 1, 1, 1, 1, 1, 1, 1, 1, 1], [0, 1, 1, 1, 1, 1, 1, 1, 1, 1, 1, 0, 1, 1, 1, 1, 1, 1, 1, 1, 1, 1, 1, 1, 1, 1, 1, 1, 1, 1, 1, 1, 1, 1, 1, 1, 1, 1, 1, 1, 1, 1, 1, 1, 1, 1, 1, 1, 1, 1, 1, 1], [0, 1, 1, 1, 1, 1, 1, 1, 1, 1, 1, 1, 0, 1, 1, 1, 1, 1, 1, 1, 1, 1, 1, 1, 1, 1, 1, 1, 1, 1, 1, 1, 1, 1, 1, 1, 1, 1, 1, 1, 1, 1, 1, 1, 1, 1, 1, 1, 1, 1, 1, 1], [0, 1, 1, 1, 1, 1, 1, 1, 1, 1, 1, 1, 1, 0, 1, 1, 1, 1, 1, 1, 1, 1, 1, 1, 1, 1, 1, 1, 1, 1, 1, 1, 1, 1, 1, 1, 1, 1, 1, 1, 1, 1, 1, 1, 1, 1, 1, 1, 1, 1, 1, 1], [0, 1, 1, 1, 1, 1, 1, 1, 1, 1, 1, 1, 1, 1, 0, 1, 1, 1, 1, 1, 1, 1, 1, 1, 1, 1, 1, 1, 1, 1, 1, 1, 1, 1, 1, 1, 1, 1, 1, 1, 1, 1, 1, 1, 1, 1, 1, 1, 1, 1, 1, 1], [0, 1, 1, 1, 1, 1, 1, 1, 1, 1, 1, 1, 1, 1, 1, 0, 1, 1, 1, 1, 1, 1, 1, 1, 1, 1, 1, 1, 1, 1, 1, 1, 1, 1, 1, 1, 1, 1, 1, 1, 1, 1, 1, 1, 1, 1, 1, 1, 1, 1, 1, 1], [0, 1, 1, 1, 1, 1, 1, 1, 1, 1, 1, 1, 1, 1, 1, 1, 0, 1, 1, 1, 1, 1, 1, 1, 1, 1, 1, 1, 1, 1, 1, 1, 1, 1, 1, 1, 1, 1, 1, 1, 1, 1, 1, 1, 1, 1, 1, 1, 1, 1, 1, 1], [0, 1, 1, 1, 1, 1, 1, 1, 1, 1, 1, 1, 1, 1, 1, 1, 1, 0, 1, 1, 1, 1, 1, 1, 1, 1, 1, 1, 1, 1, 1, 1, 1, 1, 1, 1, 1, 1, 1, 1, 1, 1, 1, 1, 1, 1, 1, 1, 1, 1, 1, 1], [0, 1, 1, 1, 1, 1, 1, 1, 1, 1, 1, 1, 1, 1, 1, 1, 1, 1, 0, 1, 1, 1, 1, 1, 1, 1, 1, 1, 1, 1, 1, 1, 1, 1, 1, 1, 1, 1, 1, 1, 1, 1, 1, 1, 1, 1, 1, 1, 1, 1, 1, 1], [0, 1, 1, 1, 1, 1, 1, 1, 1, 1, 1, 1, 1, 1, 1, 1, 1, 1, 1, 0, 1, 1, 1, 1, 1, 1, 1, 1, 1, 1, 1, 1, 1, 1, 1, 1, 1, 1, 1, 1, 1, 1, 1, 1, 1, 1, 1, 1, 1, 1, 1, 1], [0, 1, 1, 1, 1, 1, 1, 1, 1, 1, 1, 1, 1, 1, 1, 1, 1, 1, 1, 1, 0, 1, 1, 1, 1, 1, 1, 1, 1, 1, 1, 1, 1, 1, 1, 1, 1, 1, 1, 1, 1, 1, 1, 1, 1, 1, 1, 1, 1, 1, 1, 1], [0, 1, 1, 1, 1, 1, 1, 1, 1, 1, 1, 1, 1, 1, 1, 1, 1, 1, 1, 1, 1, 0, 1, 1, 1, 1, 1, 1, 1, 1, 1, 1, 1, 1, 1, 1, 1, 1, 1, 1, 1, 1, 1, 1, 1, 1, 1, 1, 1, 1, 1, 1], [0, 1, 1, 1, 1, 1, 1, 1, 1, 1, 1, 1, 1, 1, 1, 1, 1, 1, 1, 1, 1, 1, 0, 1, 1, 1, 1, 1, 1, 1, 1, 1, 1, 1, 1, 1, 1, 1, 1, 1, 1, 1, 1, 1, 1, 1, 1, 1, 1, 1, 1, 1], [0, 1, 1, 1, 1, 1, 1, 1, 1, 1, 1, 1, 1, 1, 1, 1, 1, 1, 1, 1, 1, 1, 1, 0, 1, 1, 1, 1, 1, 1, 1, 1, 1, 1, 1, 1, 1, 1, 1, 1, 1, 1, 1, 1, 1, 1, 1, 1, 1, 1, 1, 1], [0, 1, 1, 1, 1, 1, 1, 1, 1, 1, 1, 1, 1, 1, 1, 1, 1, 1, 1, 1, 1, 1, 1, 1, 0, 1, 1, 1, 1, 1, 1, 1, 1, 1, 1, 1, 1, 1, 1, 1, 1, 1, 1, 1, 1, 1, 1, 1, 1, 1, 1, 1], [0, 1, 1, 1, 1, 1, 1, 1, 1, 1, 1, 1, 1, 1, 1, 1, 1, 1, 1, 1, 1, 1, 1, 1, 1, 0, 1, 1, 1, 1, 1, 1, 1, 1, 1, 1, 1, 1, 1, 1, 1, 1, 1, 1, 1, 1, 1, 1, 1, 1, 1, 1], [0, 1, 1, 1, 1, 1, 1, 1, 1, 1, 1, 1, 1, 1, 1, 1, 1, 1, 1, 1, 1, 1, 1, 1, 1, 1, 0, 1, 1, 1, 1, 1, 1, 1, 1, 1, 1, 1, 1, 1, 1, 1, 1, 1, 1, 1, 1, 1, 1, 1, 1, 1], [0, 1, 1, 1, 1, 1, 1, 1, 1, 1, 1, 1, 1, 1, 1, 1, 1, 1, 1, 1, 1, 1, 1, 1, 1, 1, 1, 0, 1, 1, 1, 1, 1, 1, 1, 1, 1, 1, 1, 1, 1, 1, 1, 1, 1, 1, 1, 1, 1, 1, 1, 1], [0, 1, 1, 1, 1, 1, 1, 1, 1, 1, 1, 1, 1, 1, 1, 1, 1, 1, 1, 1, 1, 1, 1, 1, 1, 1, 1, 1, 0, 1, 1, 1, 1, 1, 1, 1, 1, 1, 1, 1, 1, 1, 1, 1, 1, 1, 1, 1, 1, 1, 1, 1], [0, 1, 1, 1, 1, 1, 1, 1, 1, 1, 1, 1, 1, 1, 1, 1, 1, 1, 1, 1, 1, 1, 1, 1, 1, 1, 1, 1, 1, 0, 1, 1, 1, 1, 1, 1, 1, 1, 1, 1, 1, 1, 1, 1, 1, 1, 1, 1, 1, 1, 1, 1], [0, 1, 1, 1, 1, 1, 1, 1, 1, 1, 1, 1, 1, 1, 1, 1, 1, 1, 1, 1, 1, 1, 1, 1, 1, 1, 1, 1, 1, 1, 0, 1, 1, 1, 1, 1, 1, 1, 1, 1, 1, 1, 1, 1, 1, 1, 1, 1, 1, 1, 1, 1], [0, 1, 1, 1, 1, 1, 1, 1, 1, 1, 1, 1, 1, 1, 1, 1, 1, 1, 1, 1, 1, 1, 1, 1, 1, 1, 1, 1, 1, 1, 1, 0, 1, 1, 1, 1, 1, 1, 1, 1, 1, 1, 1, 1, 1, 1, 1, 1, 1, 1, 1, 1], [0, 1, 1, 1, 1, 1, 1, 1, 1, 1, 1, 1, 1, 1, 1, 1, 1, 1, 1, 1, 1, 1, 1, 1, 1, 1, 1, 1, 1, 1, 1, 1, 0, 1, 1, 1, 1, 1, 1, 1, 1, 1, 1, 1, 1, 1, 1, 1, 1, 1, 1, 1], [0, 1, 1, 1, 1, 1, 1, 1, 1, 1, 1, 1, 1, 1, 1, 1, 1, 1, 1, 1, 1, 1, 1, 1, 1, 1, 1, 1, 1, 1, 1, 1, 1, 0, 1, 1, 1, 1, 1, 1, 1, 1, 1, 1, 1, 1, 1, 1, 1, 1, 1, 1], [0, 1, 1, 1, 1, 1, 1, 1, 1, 1, 1, 1, 1, 1, 1, 1, 1, 1, 1, 1, 1, 1, 1, 1, 1, 1, 1, 1, 1, 1, 1, 1, 1, 1, 0, 1, 1, 1, 1, 1, 1, 1, 1, 1, 1, 1, 1, 1, 1, 1, 1, 1], [0, 1, 1, 1, 1, 1, 1, 1, 1, 1, 1, 1, 1, 1, 1, 1, 1, 1, 1, 1, 1, 1, 1, 1, 1, 1, 1, 1, 1, 1, 1, 1, 1, 1, 1, 0, 1, 1, 1, 1, 1, 1, 1, 1, 1, 1, 1, 1, 1, 1, 1, 1], [0, 1, 1, 1, 1, 1, 1, 1, 1, 1, 1, 1, 1, 1, 1, 1, 1, 1, 1, 1, 1, 1, 1, 1, 1, 1, 1, 1, 1, 1, 1, 1, 1, 1, 1, 1, 0, 1, 1, 1, 1, 1, 1, 1, 1, 1, 1, 1, 1, 1, 1, 1], [0, 1, 1, 1, 1, 1, 1, 1, 1, 1, 1, 1, 1, 1, 1, 1, 1, 1, 1, 1, 1, 1, 1, 1, 1, 1, 1, 1, 1, 1, 1, 1, 1, 1, 1, 1, 1, 0, 1, 1, 1, 1, 1, 1, 1, 1, 1, 1, 1, 1, 1, 1], [0, 1, 1, 1, 1, 1, 1, 1, 1, 1, 1, 1, 1, 1, 1, 1, 1, 1, 1, 1, 1, 1, 1, 1, 1, 1, 1, 1, 1, 1, 1, 1, 1, 1, 1, 1, 1, 1, 0, 1, 1, 1, 1, 1, 1, 1, 1, 1, 1, 1, 1, 1], [0, 1, 1, 1, 1, 1, 1, 1, 1, 1, 1, 1, 1, 1, 1, 1, 1, 1, 1, 1, 1, 1, 1, 1, 1, 1, 1, 1, 1, 1, 1, 1, 1, 1, 1, 1, 1, 1, 1, 0, 1, 1, 1, 1, 1, 1, 1, 1, 1, 1, 1, 1], [0, 1, 1, 1, 1, 1, 1, 1, 1, 1, 1, 1, 1, 1, 1, 1, 1, 1, 1, 1, 1, 1, 1, 1, 1, 1, 1, 1, 1, 1, 1, 1, 1, 1, 1, 1, 1, 1, 1, 1, 0, 1, 1, 1, 1, 1, 1, 1, 1, 1, 1, 1], [0, 1, 1, 1, 1, 1, 1, 1, 1, 1, 1, 1, 1, 1, 1, 1, 1, 1, 1, 1, 1, 1, 1, 1, 1, 1, 1, 1, 1, 1, 1, 1, 1, 1, 1, 1, 1, 1, 1, 1, 1, 0, 1, 1, 1, 1, 1, 1, 1, 1, 1, 1], [0, 1, 1, 1, 1, 1, 1, 1, 1, 1, 1, 1, 1, 1, 1, 1, 1, 1, 1, 1, 1, 1, 1, 1, 1, 1, 1, 1, 1, 1, 1, 1, 1, 1, 1, 1, 1, 1, 1, 1, 1, 1, 0, 1, 1, 1, 1, 1, 1, 1, 1, 1], [0, 1, 1, 1, 1, 1, 1, 1, 1, 1, 1, 1, 1, 1, 1, 1, 1, 1, 1, 1, 1, 1, 1, 1, 1, 1, 1, 1, 1, 1, 1, 1, 1, 1, 1, 1, 1, 1, 1, 1, 1, 1, 1, 0, 1, 1, 1, 1, 1, 1, 1, 1], [0, 1, 1, 1, 1, 1, 1, 1, 1, 1, 1, 1, 1, 1, 1, 1, 1, 1, 1, 1, 1, 1, 1, 1, 1, 1, 1, 1, 1, 1, 1, 1, 1, 1, 1, 1, 1, 1, 1, 1, 1, 1, 1, 1, 0, 1, 1, 1, 1, 1, 1, 1], [0, 1, 1, 1, 1, 1, 1, 1, 1, 1, 1, 1, 1, 1, 1, 1, 1, 1, 1, 1, 1, 1, 1, 1, 1, 1, 1, 1, 1, 1, 1, 1, 1, 1, 1, 1, 1, 1, 1, 1, 1, 1, 1, 1, 1, 0, 1, 1, 1, 1, 1, 1], [0, 1, 1, 1, 1, 1, 1, 1, 1, 1, 1, 1, 1, 1, 1, 1, 1, 1, 1, 1, 1, 1, 1, 1, 1, 1, 1, 1, 1, 1, 1, 1, 1, 1, 1, 1, 1, 1, 1, 1, 1, 1, 1, 1, 1, 1, 0, 1, 1, 1, 1, 1], [0, 1, 1, 1, 1, 1, 1, 1, 1, 1, 1, 1, 1, 1, 1, 1, 1, 1, 1, 1, 1, 1, 1, 1, 1, 1, 1, 1, 1, 1, 1, 1, 1, 1, 1, 1, 1, 1, 1, 1, 1, 1, 1, 1, 1, 1, 1, 0, 1, 1, 1, 1], [0, 1, 1, 1, 1, 1, 1, 1, 1, 1, 1, 1, 1, 1, 1, 1, 1, 1, 1, 1, 1, 1, 1, 1, 1, 1, 1, 1, 1, 1, 1, 1, 1, 1, 1, 1, 1, 1, 1, 1, 1, 1, 1, 1, 1, 1, 1, 1, 0, 1, 1, 1], [0, 1, 1, 1, 1, 1, 1, 1, 1, 1, 1, 1, 1, 1, 1, 1, 1, 1, 1, 1, 1, 1, 1, 1, 1, 1, 1, 1, 1, 1, 1, 1, 1, 1, 1, 1, 1, 1, 1, 1, 1, 1, 1, 1, 1, 1, 1, 1, 1, 0, 1, 1], [0, 1, 1, 1, 1, 1, 1, 1, 1, 1, 1, 1, 1, 1, 1, 1, 1, 1, 1, 1, 1, 1, 1, 1, 1, 1, 1, 1, 1, 1, 1, 1, 1, 1, 1, 1, 1, 1, 1, 1, 1, 1, 1, 1, 1, 1, 1, 1, 1, 1, 0, 1], [0, 0, 0, 0, 0, 0, 0, 0, 0, 0, 0, 0, 0, 0, 0, 0, 0, 0, 0, 0, 0, 0, 0, 0, 0, 0, 0, 0, 0, 0, 0, 0, 0, 0, 0, 0, 0, 0, 0, 0, 0, 0, 0, 0, 0, 0, 0, 0, 0, 0, 0, 0]]}, "cluster_count": 3, "cluster_speeds": [[0.6475, 0.595, 0.6475, 0.7, 0.58275, 0.5355, 0.58275, 0.63, 0.32375, 0.2975, 0.32375, 0.35, 0.213675, 0.19635, 0.213675, 0.23099999999999998, 0.259, 0.238, 0.259, 0.27999999999999997, 0.3885, 0.357, 0.3885, 0.42, 0.6475, 0.595, 0.6475, 0.7, 0.37, 0.34, 0.37, 0.4, 0.30525, 0.2805, 0.30525, 0.33, 0.4625, 0.425, 0.4625, 0.5, 0.6475, 0.595, 0.6475, 0.7, 0.74, 0.68, 0.74, 0.8, 0.45324999999999993, 0.4165, 0.45324999999999993, 0.48999999999999994, 0.32375, 0.2975, 0.32375, 0.35, 0.3885, 0.357, 0.3885, 0.42, 0.45324999999999993, 0.4165, 0.45324999999999993, 0.48999999999999994, 0.58275, 0.5355, 0.58275, 0.63, 0.6475, 0.595, 0.6475, 0.7, 0.7], [0.7400000000000001, 0.68, 0.7400000000000001, 0.8, 0.666, 0.6120000000000001, 0.666, 0.7200000000000001, 0.37000000000000005, 0.34, 0.37000000000000005, 0.4, 0.24420000000000003, 0.22440000000000004, 0.24420000000000003, 0.264, 0.296, 0.272, 0.296, 0.32000000000000006, 0.44400000000000006, 0.40800000000000003, 0.44400000000000006, 0.48, 0.6475, 0.595, 0.6475, 0.7, 0.37, 0.34, 0.37, 0.4, 0.30525, 0.2805, 0.30525, 0.33, 0.4625, 0.425, 0.4625, 0.5, 0.6475, 0.595, 0.6475, 0.7, 0.74, 0.68, 0.74, 0.8, 0.518, 0.476, 0.518, 0.5599999999999999, 0.37000000000000005, 0.34, 0.37000000000000005, 0.4, 0.44400000000000006, 0.40800000000000003, 0.44400000000000006, 0.48, 0.518, 0.476, 0.518, 0.5599999999999999, 0.666, 0.6120000000000001, 0.666, 0.7200000000000001, 0.7400000000000001, 0.68, 0.7400000000000001, 0.8, 0.8], [0.925, 0.85, 0.925, 1.0, 0.8325, 0.765, 0.8325, 0.9, 0.4625, 0.425, 0.4625, 0.5, 0.30525, 0.2805, 0.30525, 0.33, 0.37, 0.34, 0.37, 0.4, 0.555, 0.51, 0.555, 0.6, 0.6475, 0.595, 0.6475, 0.7, 0.37, 0.34, 0.37, 0.4, 0.30525, 0.2805, 0.30525, 0.33, 0.4625, 0.425, 0.4625, 0.5, 0.6475, 0.595, 0.6475, 0.7, 0.74, 0.68, 0.74, 0.8, 0.6475, 0.595, 0.6475, 0.7, 0.4625, 0.425, 0.4625, 0.5, 0.555, 0.51, 0.555, 0.6, 0.6475, 0.595, 0.6475, 0.7, 0.8325, 0.765, 0.8325, 0.9, 0.925, 0.85, 0.925, 1.0, 1.0]], "clusters": [[-1, 2, 2, 2, 2, 2, 2, 2, 2, 2, 2, 2, 2, 2, 2, 2, 2, 2, 2, 2, 2, 2, 2, 2, 2, 2, 2, 2, 2, 2, 2, 2, 2, 2, 2, 2, 2, 2, 2, 2, 2, 2, 2, 2, 2, 2, 2, 2, 2, 2, 2, 2], [0, -1, 0, 0, 0, 0, 0, 0, 0, 0, 0, 0, 0, 0, 0, 0, 0, 0, 0, 0, 0, 0, 0, 0, 0, 0, 0, 0, 0, 0, 0, 0, 0, 0, 0, 0, 0, 0, 0, 0, 0, 0, 0, 0, 0, 0, 0, 0, 0, 0, 0, 0], [0, 0, -1, 0, 0, 0, 0, 0, 0, 0, 0, 0, 0, 0, 0, 0, 0, 0, 0, 0, 0, 0, 0, 0, 0, 0, 0, 0, 0, 0, 0, 0, 0, 0, 0, 0, 0, 0, 0, 0, 0, 0, 0, 0, 0, 0, 0, 0, 0, 0, 0, 0], [0, 0, 0, -1, 0, 0, 0, 0, 0, 0, 0, 0, 0, 0, 0, 0, 0, 0, 0, 0, 0, 0, 0, 0, 0, 0, 0, 0, 0, 0, 0, 0, 0, 0, 0, 0, 0, 0, 0, 0, 0, 0, 0, 0, 0, 0, 0, 0, 0, 0, 0, 0], [0, 0, 0, 0, -1, 0, 0, 0, 0, 0, 0, 0, 0, 0, 0, 0, 0, 0, 0, 0, 0, 0, 0, 0, 0, 0, 0, 0, 0, 0, 0, 0, 0, 0, 0, 0, 0, 0, 0, 0, 0, 0, 0, 0, 0, 0, 0, 0, 0, 0, 0, 0], [0, 0, 0, 0, 0, -1, 0, 0, 0, 0, 0, 0, 0, 0, 0, 0, 0, 0, 0, 0, 0, 0, 0, 0, 0, 0, 0, 0, 0, 0, 0, 0, 0, 0, 0, 0, 0, 0, 0, 0, 0, 0, 0, 0, 0, 0, 0, 0, 0, 0, 0, 0], [0, 0, 0, 0, 0, 0, -1, 0, 0, 0, 0, 0, 0, 0, 0, 0, 0, 0, 0, 0, 0, 0, 0, 0, 0, 0, 0, 0, 0, 0, 0, 0, 0, 0, 0, 0, 0, 0, 0, 0, 0, 0, 0, 0, 0, 0, 0, 0, 0, 0, 0, 0], [0, 0, 0, 0, 0, 0, 0, -1, 0, 0, 0, 0, 0, 0, 0, 0, 0, 0, 0, 0, 0, 0, 0, 0, 0, 0, 0, 0, 0, 0, 0, 0, 0, 0, 0, 0, 0, 0, 0, 0, 0, 0, 0, 0, 0, 0, 0, 0, 0, 0, 0, 0], [0, 0, 0, 0, 0, 0, 0, 0, -1, 0, 0, 0, 0, 0, 0, 0, 0, 0, 0, 0, 0, 0, 0, 0, 0, 0, 0, 0, 0, 0, 0, 0, 0, 0, 0, 0, 0, 0, 0, 0, 0, 0, 0, 0, 0, 0, 0, 0, 0, 0, 0, 0], [0, 0, 0, 0, 0, 0, 0, 0, 0, -1, 0, 0, 0, 0, 0, 0, 0, 0, 0, 0, 0, 0, 0, 0, 0, 0, 0, 0, 0, 0, 0, 0, 0, 0, 0, 0, 0, 0, 0, 0, 0, 0, 0, 0, 0, 0, 0, 0, 0, 0, 0, 0], [0, 0, 0, 0, 0, 0, 0, 0, 0, 0, -1, 0, 0, 0, 0, 0, 0, 0, 0, 0, 0, 0, 0, 0, 0, 0, 0, 0, 0, 0, 0, 0, 0, 0, 0, 0, 0, 0, 0, 0, 0, 0, 0, 0, 0, 0, 0, 0, 0, 0, 0, 0], [0, 0, 0, 0, 0, 0, 0, 0, 0, 0, 0, -1, 0, 0, 0, 0, 0, 0, 0, 0, 0, 0, 0, 0, 0, 0, 0, 0, 0, 0, 0, 0, 0, 0, 0, 0, 0, 0, 0, 0, 0, 0, 0, 0, 0, 0, 0, 0, 0, 0, 0, 0], [0, 0, 0, 0, 0, 0, 0, 0, 0, 0, 0, 0, -1, 0, 0, 0, 0, 0, 0, 0, 0, 0, 0, 0, 0, 0, 0, 0, 0, 0, 0, 0, 0, 0, 0, 0, 0, 0, 0, 0, 0, 0, 0, 0, 0, 0, 0, 0, 0, 0, 0, 0], [0, 0, 0, 0, 0, 0, 0, 0, 0, 0, 0, 0, 0, -1, 0, 0, 0, 0, 0, 0, 0, 0, 0, 0, 0, 0, 0, 0, 0, 0, 0, 0, 0, 0, 0, 0, 0, 0, 0, 0, 0, 0, 0, 0, 0, 0, 0, 0, 0, 0, 0, 0], [0, 0, 0, 0, 0, 0, 0, 0, 0, 0, 0, 0, 0, 0, -1, 0, 0, 0, 0, 0, 0, 0, 0, 0, 0, 0, 0, 0, 0, 0, 0, 0, 0, 0, 0, 0, 0, 0, 0, 0, 0, 0, 0, 0, 0, 0, 0, 0, 0, 0, 0, 0], [0, 0, 0, 0, 0, 0, 0, 0, 0, 0, 0, 0, 0, 0, 0, -1, 0, 0, 0, 0, 0, 0, 0, 0, 0, 0, 0, 0, 0, 0, 0, 0, 0, 0, 0, 0, 0, 0, 0, 0, 0, 0, 0, 0, 0, 0, 0, 0, 0, 0, 0, 0], [0, 0, 0, 0, 0, 0, 0, 0, 0, 0, 0, 0, 0, 0, 0, 0, -1, 0, 0, 0, 0, 0, 0, 0, 0, 0, 0, 0, 0, 0, 0, 0, 0, 0, 0, 0, 0, 0, 0, 0, 0, 0, 0, 0, 0, 0, 0, 0, 0, 0, 0, 0], [1, 1, 1, 1, 1, 1, 1, 1, 1, 1, 1, 1, 1, 1, 1, 1, 1, -1, 1, 1, 1, 1, 1, 1, 1, 1, 1, 1, 1, 1, 1, 1, 1, 1, 1, 1, 1, 1, 1, 1, 1, 1, 1, 1, 1, 1, 1, 1, 1, 1, 1, 1], [0, 0, 0, 0, 0, 0, 0, 0, 0, 0, 0, 0, 0, 0, 0, 0, 0, 0, -1, 0, 0, 0, 0, 0, 0, 0, 0, 0, 0, 0, 0, 0, 0, 0, 0, 0, 0, 0, 0, 0, 0, 0, 0, 0, 0, 0, 0, 0, 0, 0, 0, 0], [0, 0, 0, 0, 0, 0, 0, 0, 0, 0, 0, 0, 0, 0, 0, 0, 0, 0, 0, -1, 0, 0, 0, 0, 0, 0, 0, 0, 0, 0, 0, 0, 0, 0, 0, 0, 0, 0, 0, 0, 0, 0, 0, 0, 0, 0, 0, 0, 0, 0, 0, 0], [2, 2, 2, 2, 2, 2, 2, 2, 2, 2, 2, 2, 2, 2, 2, 2, 2, 2, 2, 2, -1, 2, 2, 2, 2, 2, 2, 2, 2, 2, 2, 2, 2, 2, 2, 2, 2, 2, 2, 2, 2, 2, 2, 2, 2, 2, 2, 2, 2, 2, 2, 2], [0, 0, 0, 0, 0, 0, 0, 0, 0, 0, 0, 0, 0, 0, 0, 0, 0, 0, 0, 0, 0, -1, 0, 0, 0, 0, 0, 0, 0, 0, 0, 0, 0, 0, 0, 0, 0, 0, 0, 0, 0, 0, 0, 0, 0, 0, 0, 0, 0, 0, 0, 0], [0, 0, 0, 0, 0, 0, 0, 0, 0, 0, 0, 0, 0, 0, 0, 0, 0, 0, 0, 0, 0, 0, -1, 0, 0, 0, 0, 0, 0, 0, 0, 0, 0, 0, 0, 0, 0, 0, 0, 0, 0, 0, 0, 0, 0, 0, 0, 0, 0, 0, 0, 0], [0, 0, 0, 0, 0, 0, 0, 0, 0, 0, 0, 0, 0, 0, 0, 0, 0, 0, 0, 0, 0, 0, 0, -1, 0, 0, 0, 0, 0, 0, 0, 0, 0, 0, 0, 0, 0, 0, 0, 0, 0, 0, 0, 0, 0, 0, 0, 0, 0, 0, 0, 0], [0, 0, 0, 0, 0, 0, 0, 0, 0, 0, 0, 0, 0, 0, 0, 0, 0, 0, 0, 0, 0, 0, 0, 0, -1, 0, 0, 0, 0, 0, 0, 0, 0, 0, 0, 0, 0, 0, 0, 0, 0, 0, 0, 0, 0, 0, 0, 0, 0, 0, 0, 0], [0, 0, 0, 0, 0, 0, 0, 0, 0, 0, 0, 0, 0, 0, 0, 0, 0, 0, 0, 0, 0, 0, 0, 0, 0, -1, 0, 0, 0, 0, 0, 0, 0, 0, 0, 0, 0, 0, 0, 0, 0, 0, 0, 0, 0, 0, 0, 0, 0, 0, 0, 0], [0, 0, 0, 0, 0, 0, 0, 0, 0, 0, 0, 0, 0, 0, 0, 0, 0, 0, 0, 0, 0, 0, 0, 0, 0, 0, -1, 0, 0, 0, 0, 0, 0, 0, 0, 0, 0, 0, 0, 0, 0, 0, 0, 0, 0, 0, 0, 0, 0, 0, 0, 0], [1, 1, 1, 1, 1, 1, 1, 1, 1, 1, 1, 1, 1, 1, 1, 1, 1, 1, 1, 1, 1, 1, 1, 1, 1, 1, 1, -1, 1, 1, 1, 1, 1, 1, 1, 1, 1, 1, 1, 1, 1, 1, 1, 1, 1, 1, 1, 1, 1, 1, 1, 1], [1, 1, 1, 1, 1, 1, 1, 1, 1, 1, 1, 1, 1, 1, 1, 1, 1, 1, 1, 1, 1, 1, 1, 1, 1, 1, 1, 1, -1, 1, 1, 1, 1, 1, 1, 1, 1, 1, 1, 1, 1, 1, 1, 1, 1, 1, 1, 1, 1, 1, 1, 1], [1, 1, 1, 1, 1, 1, 1, 1, 1, 1, 1, 1, 1, 1, 1, 1, 1, 1, 1, 1, 1, 1, 1, 1, 1, 1, 1, 1, 1, -1, 1, 1, 1, 1, 1, 1, 1, 1, 1, 1, 1, 1, 1, 1, 1, 1, 1, 1, 1, 1, 1, 1], [0, 0, 0, 0, 0, 0, 0, 0, 0, 0, 0, 0, 0, 0, 0, 0, 0, 0, 0, 0, 0, 0, 0, 0, 0, 0, 0, 0, 0, 0, -1, 0, 0, 0, 0, 0, 0, 0, 0, 0, 0, 0, 0, 0, 0, 0, 0, 0, 0, 0, 0, 0], [1, 1, 1, 1, 1, 1, 1, 1, 1, 1, 1, 1, 1, 1, 1, 1, 1, 1, 1, 1, 1, 1, 1, 1, 1, 1, 1, 1, 1, 1, 1, -1, 1, 1, 1, 1, 1, 1, 1, 1, 1, 1, 1, 1, 1, 1, 1, 1, 1, 1, 1, 1], [0, 0, 0, 0, 0, 0, 0, 0, 0, 0, 0, 0, 0, 0, 0, 0, 0, 0, 0, 0, 0, 0, 0, 0, 0, 0, 0, 0, 0, 0, 0, 0, -1, 0, 0, 0, 0, 0, 0, 0, 0, 0, 0, 0, 0, 0, 0, 0, 0, 0, 0, 0], [1, 1, 1, 1, 1, 1, 1, 1, 1, 1, 1, 1, 1, 1, 1, 1, 1, 1, 1, 1, 1, 1, 1, 1, 1, 1, 1, 1, 1, 1, 1, 1, 1, -1, 1, 1, 1, 1, 1, 1, 1, 1, 1, 1, 1, 1, 1, 1, 1, 1, 1, 1], [0, 0, 0, 0, 0, 0, 0, 0, 0, 0, 0, 0, 0, 0, 0, 0, 0, 0, 0, 0, 0, 0, 0, 0, 0, 0, 0, 0, 0, 0, 0, 0, 0, 0, -1, 0, 0, 0, 0, 0, 0, 0, 0, 0, 0, 0, 0, 0, 0, 0, 0, 0], [0, 0, 0, 0, 0, 0, 0, 0, 0, 0, 0, 0, 0, 0, 0, 0, 0, 0, 0, 0, 0, 0, 0, 0, 0, 0, 0, 0, 0, 0, 0, 0, 0, 0, 0, -1, 0, 0, 0, 0, 0, 0, 0, 0, 0, 0, 0, 0, 0, 0, 0, 0], [1, 1, 1, 1, 1, 1, 1, 1, 1, 1, 1, 1, 1, 1, 1, 1, 1, 1, 1, 1, 1, 1, 1, 1, 1, 1, 1, 1, 1, 1, 1, 1, 1, 1, 1, 1, -1, 1, 1, 1, 1, 1, 1, 1, 1, 1, 1, 1, 1, 1, 1, 1], [0, 0, 0, 0, 0, 0, 0, 0, 0, 0, 0, 0, 0, 0, 0, 0, 0, 0, 0, 0, 0, 0, 0, 0, 0, 0, 0, 0, 0, 0, 0, 0, 0, 0, 0, 0, 0, -1, 0, 0, 0, 0, 0, 0, 0, 0, 0, 0, 0, 0, 0, 0], [1, 1, 1, 1, 1, 1, 1, 1, 1, 1, 1, 1, 1, 1, 1, 1, 1, 1, 1, 1, 1, 1, 1, 1, 1, 1, 1, 1, 1, 1, 1, 1, 1, 1, 1, 1, 1, 1, -1, 1, 1, 1, 1, 1, 1, 1, 1, 1, 1, 1, 1, 1], [0, 0, 0, 0, 0, 0, 0, 0, 0, 0, 0, 0, 0, 0, 0, 0, 0, 0, 0, 0, 0, 0, 0, 0, 0, 0, 0, 0, 0, 0, 0, 0, 0, 0, 0, 0, 0, 0, 0, -1, 0, 0, 0, 0, 0, 0, 0, 0, 0, 0, 0, 0], [1, 1, 1, 1, 1, 1, 1, 1, 1, 1, 1, 1, 1, 1, 1, 1, 1, 1, 1, 1, 1, 1, 1, 1, 1, 1, 1, 1, 1, 1, 1, 1, 1, 1, 1, 1, 1, 1, 1, 1, -1, 1, 1, 1, 1, 1, 1, 1, 1, 1, 1, 1], [1, 1, 1, 1, 1, 1, 1, 1, 1, 1, 1, 1, 1, 1, 1, 1, 1, 1, 1, 1, 1, 1, 1, 1, 1, 1, 1, 1, 1, 1, 1, 1, 1, 1, 1, 1, 1, 1, 1, 1, 1, -1, 1, 1, 1, 1, 1, 1, 1, 1, 1, 1], [0, 0, 0, 0, 0, 0, 0, 0, 0, 0, 0, 0, 0, 0, 0, 0, 0, 0, 0, 0, 0, 0, 0, 0, 0, 0, 0, 0, 0, 0, 0, 0, 0, 0, 0, 0, 0, 0, 0, 0, 0, 0, -1, 0, 0, 0, 0, 0, 0, 0, 0, 0], [0, 0, 0, 0, 0, 0, 0, 0, 0, 0, 0, 0, 0, 0, 0, 0, 0, 0, 0, 0, 0, 0, 0, 0, 0, 0, 0, 0, 0, 0, 0, 0, 0, 0, 0, 0, 0, 0, 0, 0, 0, 0, 0, -1, 0, 0, 0, 0, 0, 0, 0, 0], [0, 0, 0, 0, 0, 0, 0, 0, 0, 0, 0, 0, 0, 0, 0, 0, 0, 0, 0, 0, 0, 0, 0, 0, 0, 0, 0, 0, 0, 0, 0, 0, 0, 0, 0, 0, 0, 0, 0, 0, 0, 0, 0, 0, -1, 0, 0, 0, 0, 0, 0, 0], [1, 1, 1, 1, 1, 1, 1, 1, 1, 1, 1, 1, 1, 1, 1, 1, 1, 1, 1, 1, 1, 1, 1, 1, 1, 1, 1, 1, 1, 1, 1, 1, 1, 1, 1, 1, 1, 1, 1, 1, 1, 1, 1, 1, 1, -1, 1, 1, 1, 1, 1, 1], [0, 0, 0, 0, 0, 0, 0, 0, 0, 0, 0, 0, 0, 0, 0, 0, 0, 0, 0, 0, 0, 0, 0, 0, 0, 0, 0, 0, 0, 0, 0, 0, 0, 0, 0, 0, 0, 0, 0, 0, 0, 0, 0, 0, 0, 0, -1, 0, 0, 0, 0, 0], [1, 1, 1, 1, 1, 1, 1, 1, 1, 1, 1, 1, 1, 1, 1, 1, 1, 1, 1, 1, 1, 1, 1, 1, 1, 1, 1, 1, 1, 1, 1, 1, 1, 1, 1, 1, 1, 1, 1, 1, 1, 1, 1, 1, 1, 1, 1, -1, 1, 1, 1, 1], [1, 1, 1, 1, 1, 1, 1, 1, 1, 1, 1, 1, 1, 1, 1, 1, 1, 1, 1, 1, 1, 1, 1, 1, 1, 1, 1, 1, 1, 1, 1, 1, 1, 1, 1, 1, 1, 1, 1, 1, 1, 1, 1, 1, 1, 1, 1, 1, -1, 1, 1, 1], [1, 1, 1, 1, 1, 1, 1, 1, 1, 1, 1, 1, 1, 1, 1, 1, 1, 1, 1, 1, 1, 1, 1, 1, 1, 1, 1, 1, 1, 1, 1, 1, 1, 1, 1, 1, 1, 1, 1, 1, 1, 1, 1, 1, 1, 1, 1, 1, 1, -1, 1, 1], [2, 2, 2, 2, 2, 2, 2, 2, 2, 2, 2, 2, 2, 2, 2, 2, 2, 2, 2, 2, 2, 2, 2, 2, 2, 2, 2, 2, 2, 2, 2, 2, 2, 2, 2, 2, 2, 2, 2, 2, 2, 2, 2, 2, 2, 2, 2, 2, 2, 2, -1, 2], [2, 2, 2, 2, 2, 2, 2, 2, 2, 2, 2, 2, 2, 2, 2, 2, 2, 2, 2, 2, 2, 2, 2, 2, 2, 2, 2, 2, 2, 2, 2, 2, 2, 2, 2, 2, 2, 2, 2, 2, 2, 2, 2, 2, 2, 2, 2, 2, 2, 2, 2, -1]], "speed_zone_count": 73, "speed_zones": [[0.0, 15.0], [15.0, 30.0], [30.0, 45.0], [45.0, 60.0], [60.0, 75.0], [75.0, 90.0], [90.0, 105.0], [105.0, 120.0], [120.0, 135.0], [135.0, 150.0], [150.0, 165.0], [165.0, 180.0], [180.0, 195.0], [195.0, 210.0], [210.0, 225.0], [225.0, 240.0], [240.0, 255.0], [255.0, 270.0], [270.0, 285.0], [285.0, 300.0], [300.0, 315.0], [315.0, 330.0], [330.0, 345.0], [345.0, 360.0], [360.0, 375.0], [375.0, 390.0], [390.0, 405.0], [405.0, 420.0], [420.0, 435.0], [435.0, 450.0], [450.0, 465.0], [465.0, 480.0], [480.0, 495.0], [495.0, 510.0], [510.0, 525.0], [525.0, 540.0], [540.0, 555.0], [555.0, 570.0], [570.0, 585.0], [585.0, 600.0], [600.0, 615.0], [615.0, 630.0], [630.0, 645.0], [645.0, 660.0], [660.0, 675.0], [675.0, 690.0], [690.0, 705.0], [705.0, 720.0], [720.0, 735.0], [735.0, 750.0], [750.0, 765.0], [765.0, 780.0], [780.0, 795.0], [795.0, 810.0], [810.0, 825.0], [825.0, 840.0], [840.0, 855.0], [855.0, 870.0], [870.0, 885.0], [885.0, 900.0], [900.0, 915.0], [915.0, 930.0], [930.0, 945.0], [945.0, 960.0], [960.0, 975.0], [975.0, 990.0], [990.0, 1005.0], [1005.0, 1020.0], [1020.0, 1035.0], [1035.0, 1050.0], [1050.0, 1065.0], [1065.0, 1080.0], [1080.0, 5000.0]], "distances": [[0.0, 81.56, 65.24, 73.64, 64.34, 78.72, 78.5, 68.67, 59.47, 77.34, 71.27, 71.05, 72.49, 70.92, 70.21, 80.62, 72.88, 87.41, 83.33, 70.53, 88.14, 71.96, 69.86, 73.33, 73.32, 59.43, 71.19, 55.59, 79.68, 93.77, 78.7, 55.07, 80.39, 54.77, 68.46, 66.84, 54.47, 69.74, 81.61, 85.13, 54.01, 88.06, 60.64, 71.51, 73.72, 77.26, 72.97, 53.32, 60.89, 55.05, 105.61, 0.0], [0.0, 0.0, 16.57, 12.05, 17.22, 6.48, 12.87, 16.08, 22.45, 4.39, 12.51, 18.09, 11.3, 10.68, 18.48, 6.33, 9.27, 11.02, 7.75, 11.13, 25.87, 16.69, 16.04, 10.63, 8.25, 22.61, 11.53, 26.04, 15.0, 16.54, 13.21, 26.49, 12.6, 27.45, 14.94, 19.78, 29.87, 14.81, 15.51, 12.32, 27.65, 7.61, 21.16, 18.65, 10.46, 17.02, 9.05, 30.71, 26.07, 26.73, 34.67, 81.56], [0.0, 16.57, 0.0, 13.72, 9.07, 13.69, 13.7, 6.89, 8.37, 12.72, 7.07, 12.01, 11.35, 6.72, 11.52, 15.63, 9.48, 22.82, 18.5, 5.45, 30.03, 16.34, 8.52, 11.9, 8.65, 8.81, 6.23, 9.67, 17.85, 29.36, 13.97, 10.5, 15.44, 13.0, 4.98, 14.5, 17.35, 11.55, 19.73, 20.06, 11.23, 22.83, 4.61, 12.99, 12.31, 16.96, 9.35, 17.72, 17.23, 11.56, 44.66, 65.24], [0.0, 12.05, 13.72, 0.0, 12.6, 15.31, 9.58, 18.14, 14.7, 8.51, 15.42, 22.56, 11.33, 7.98, 22.49, 16.51, 5.56, 22.86, 18.99, 10.39, 36.11, 4.76, 19.17, 11.54, 8.22, 14.59, 13.49, 20.3, 23.84, 28.59, 9.42, 19.91, 11.18, 18.95, 15.99, 8.07, 19.7, 9.55, 25.06, 14.98, 21.9, 19.55, 16.97, 23.46, 11.48, 24.69, 5.92, 20.74, 14.67, 19.06, 46.62, 73.64], [0.0, 17.22, 9.07, 12.6, 0.0, 15.13, 14.2, 9.21, 6.29, 13.09, 9.1, 14.33, 10.37, 6.71, 13.84, 17.06, 9.16, 24.36, 19.99, 6.26, 32.24, 14.68, 10.83, 11.03, 9.01, 6.69, 7.95, 8.85, 19.96, 30.9, 14.42, 9.3, 16.06, 11.15, 7.25, 12.41, 15.21, 9.95, 21.81, 20.79, 10.49, 23.91, 4.46, 15.31, 11.46, 19.19, 9.12, 15.65, 14.91, 9.91, 46.61, 64.34], [0.0, 6.48, 13.69, 15.31, 15.13, 0.0, 6.39, 10.86, 21.23, 7.04, 7.61, 11.87, 13.61, 10.1, 12.35, 12.45, 10.47, 9.25, 4.86, 9.07, 20.83, 20.03, 10.38, 13.26, 8.03, 21.52, 7.55, 23.32, 8.94, 15.78, 6.73, 24.19, 6.12, 26.21, 10.4, 21.76, 29.68, 16.76, 9.87, 8.51, 24.82, 9.58, 18.17, 12.33, 13.31, 10.64, 10.11, 30.32, 27.24, 25.04, 32.33, 78.72], [0.0, 12.87, 13.7, 9.58, 14.2, 6.39, 0.0, 14.08, 19.33, 10.59, 10.51, 16.83, 8.47, 7.59, 17.1, 7.15, 6.17, 13.3, 9.43, 8.25, 27.03, 14.33, 14.31, 7.88, 5.19, 19.48, 9.2, 23.04, 15.33, 19.22, 10.6, 23.43, 11.47, 24.32, 12.64, 16.98, 26.77, 11.95, 16.21, 6.71, 24.67, 10.61, 18.25, 17.51, 7.78, 16.88, 5.93, 27.6, 23.13, 23.62, 37.06, 78.5], [0.0, 16.08, 6.89, 18.14, 9.21, 10.86, 14.08, 0.0, 15.06, 13.63, 11.86, 5.13, 15.71, 10.16, 4.73, 12.55, 12.78, 18.79, 14.93, 7.76, 23.42, 21.76, 10.71, 15.97, 10.59, 15.53, 5.04, 14.49, 11.77, 25.1, 14.44, 15.87, 15.19, 19.29, 11.67, 20.87, 24.02, 17.1, 13.74, 19.01, 15.68, 20.41, 9.63, 6.12, 16.29, 10.35, 12.48, 24.28, 24.1, 17.55, 38.84, 68.67], [0.0, 22.45, 8.37, 14.7, 6.29, 21.23, 19.33, 15.06, 0.0, 18.1, 15.38, 20.02, 13.16, 11.82, 19.43, 23.13, 13.45, 30.47, 26.08, 12.17, 38.38, 14.76, 16.71, 13.99, 14.28, 8.92, 14.23, 6.28, 26.21, 36.99, 19.47, 5.36, 21.29, 5.04, 13.33, 10.62, 8.98, 10.98, 28.08, 26.04, 7.67, 29.58, 6.37, 20.97, 14.4, 25.29, 13.57, 9.36, 10.19, 4.44, 52.9, 59.47], [0.0, 4.39, 12.72, 8.51, 13.09, 7.04, 10.59, 13.63, 18.1, 0.0, 10.13, 16.74, 7.25, 6.43, 16.94, 8.04, 4.88, 14.47, 10.49, 7.32, 27.83, 13.26, 14.01, 6.7, 12.64, 18.24, 8.65, 21.94, 15.9, 20.46, 10.67, 22.29, 12.56, 23.08, 12.05, 15.76, 25.49, 10.71, 16.9, 7.95, 23.58, 11.89, 17.23, 17.47, 6.63, 17.26, 4.66, 26.32, 21.86, 22.42, 38.22, 77.34], [0.0, 12.51, 7.07, 15.42, 9.1, 7.61, 10.51, 11.86, 15.38, 10.13, 0.0, 7.14, 13.06, 7.6, 7.13, 9.43, 9.89, 16.2, 12.06, 5.23, 23.28, 19.42, 12.63, 13.18, 7.43, 15.78, 13.03, 16.22, 10.87, 22.67, 10.88, 17.33, 11.6, 20.08, 10.9, 19.28, 24.3, 14.99, 12.71, 15.5, 17.61, 17.18, 11.07, 8.04, 13.46, 10.39, 9.55, 24.74, 23.38, 18.59, 37.58, 71.27], [0.0, 18.09, 12.01, 22.56, 14.33, 11.87, 16.83, 5.13, 20.02, 16.74, 7.14, 0.0, 20.19, 14.68, 9.86, 13.02, 17.04, 17.63, 14.59, 12.27, 18.91, 26.48, 14.82, 20.33, 14.54, 20.51, 9.07, 18.64, 8.66, 23.36, 17.22, 20.22, 17.44, 24.0, 7.28, 25.91, 28.92, 21.94, 10.56, 20.37, 19.61, 20.6, 14.21, 11.25, 20.6, 6.3, 16.7, 29.11, 29.23, 22.15, 35.18, 71.05], [0.0, 11.3, 11.35, 11.33, 10.37, 13.61, 8.47, 15.71, 13.16, 7.25, 13.06, 20.19, 0.0, 5.55, 20.09, 14.99, 12.14, 21.71, 17.64, 7.97, 34.28, 6.57, 16.76, 11.38, 6.05, 13.12, 11.12, 18.42, 21.87, 27.69, 8.4, 18.19, 10.29, 17.71, 13.55, 8.51, 19.11, 11.36, 23.19, 14.56, 20.05, 18.91, 14.8, 21.1, 11.72, 22.55, 11.91, 20.07, 14.79, 17.59, 45.45, 72.49], [0.0, 10.68, 6.72, 7.98, 6.71, 10.1, 7.59, 10.16, 11.82, 6.43, 7.6, 14.68, 5.55, 0.0, 14.56, 11.87, 11.31, 19.16, 14.8, 12.17, 29.84, 11.83, 11.22, 5.83, 11.25, 12.01, 5.65, 15.55, 17.27, 25.58, 7.77, 15.86, 9.51, 16.84, 8.02, 12.12, 19.75, 7.49, 18.81, 14.27, 17.2, 17.78, 10.99, 15.6, 6.17, 17.53, 11.08, 20.47, 17.18, 16.05, 42.43, 70.92], [0.0, 18.48, 11.52, 22.49, 13.84, 12.35, 17.1, 4.73, 19.43, 16.94, 7.13, 9.86, 20.09, 14.56, 0.0, 13.58, 17.0, 18.38, 15.25, 12.14, 19.68, 26.32, 14.77, 20.27, 14.56, 19.92, 9.02, 17.89, 9.49, 24.16, 17.48, 19.48, 17.79, 23.33, 6.94, 25.59, 28.29, 21.72, 11.4, 20.86, 18.83, 21.23, 13.53, 10.85, 20.56, 7.14, 16.66, 28.46, 28.75, 21.45, 36.01, 70.21], [0.0, 6.33, 15.63, 16.51, 17.06, 12.45, 7.15, 12.55, 23.13, 8.04, 9.43, 13.02, 14.99, 11.87, 13.58, 0.0, 11.98, 7.35, 11.74, 10.96, 19.9, 21.26, 11.92, 14.57, 9.68, 23.42, 9.47, 25.25, 8.68, 13.86, 7.43, 26.13, 6.33, 28.13, 12.25, 23.29, 31.53, 18.25, 9.24, 7.54, 26.74, 7.86, 20.1, 13.37, 14.57, 10.84, 11.63, 32.19, 28.93, 26.98, 30.65, 80.62], [0.0, 9.27, 9.48, 5.56, 9.16, 10.47, 6.17, 12.78, 13.45, 4.88, 9.89, 17.04, 12.14, 11.31, 17.0, 11.98, 0.0, 18.96, 14.75, 5.06, 31.0, 9.91, 13.7, 10.52, 11.36, 13.54, 7.98, 17.86, 18.56, 25.16, 6.23, 17.97, 8.13, 18.36, 10.72, 11.31, 20.61, 6.28, 19.91, 12.78, 19.51, 16.77, 13.57, 17.92, 10.78, 19.22, 9.54, 21.45, 17.12, 17.84, 42.6, 72.88], [0.0, 11.02, 22.82, 22.86, 24.36, 9.25, 13.3, 18.79, 30.47, 14.47, 16.2, 17.63, 21.71, 19.16, 18.38, 7.35, 18.96, 0.0, 4.4, 18.31, 16.28, 27.58, 17.77, 21.16, 16.88, 30.76, 16.6, 32.34, 9.91, 6.54, 13.45, 33.31, 11.72, 35.46, 18.99, 30.18, 38.86, 25.12, 8.89, 9.45, 33.78, 5.64, 27.18, 17.6, 21.08, 12.92, 18.64, 39.53, 36.06, 34.26, 23.77, 87.41], [0.0, 7.75, 18.5, 18.99, 19.99, 4.86, 9.43, 14.93, 26.08, 10.49, 12.06, 14.59, 17.64, 14.8, 15.25, 11.74, 14.75, 4.4, 0.0, 13.91, 18.16, 23.74, 14.09, 17.15, 12.56, 26.37, 12.3, 28.08, 8.44, 10.92, 9.64, 29.0, 8.15, 31.07, 14.88, 26.04, 34.47, 20.98, 8.34, 7.56, 29.55, 6.08, 22.91, 14.76, 17.11, 11.13, 14.41, 35.14, 31.79, 29.9, 27.85, 83.33], [0.0, 11.13, 5.45, 10.39, 6.26, 9.07, 8.25, 7.76, 12.17, 7.32, 5.23, 12.27, 7.97, 12.17, 12.14, 10.96, 5.06, 18.31, 13.91, 0.0, 27.93, 14.21, 8.8, 8.2, 12.67, 12.46, 11.68, 14.95, 15.35, 24.82, 8.53, 15.54, 9.99, 17.19, 5.66, 14.18, 20.65, 9.77, 16.99, 14.65, 16.55, 17.65, 10.03, 13.2, 8.53, 15.37, 4.78, 21.26, 18.77, 16.12, 41.13, 70.53], [0.0, 25.87, 30.03, 36.11, 32.24, 20.83, 27.03, 23.42, 38.38, 27.83, 23.28, 18.91, 34.28, 29.84, 19.68, 19.9, 31.0, 16.28, 18.16, 27.93, 0.0, 40.79, 21.77, 34.01, 28.34, 38.83, 24.86, 37.55, 12.58, 16.31, 27.32, 39.11, 26.13, 42.71, 25.06, 41.96, 47.36, 37.16, 11.09, 25.37, 38.5, 21.91, 32.99, 18.11, 34.09, 13.09, 30.62, 47.68, 46.61, 40.94, 17.64, 88.14], [0.0, 16.69, 16.34, 4.76, 14.68, 20.03, 14.33, 21.76, 14.76, 13.26, 19.42, 26.48, 6.57, 11.83, 26.32, 21.26, 9.91, 27.58, 23.74, 14.21, 40.79, 0.0, 22.96, 6.78, 12.62, 14.49, 17.48, 20.92, 28.44, 33.21, 14.15, 20.12, 15.87, 18.06, 19.53, 5.11, 17.5, 4.79, 29.72, 19.43, 22.41, 24.07, 18.64, 27.42, 6.72, 29.12, 10.29, 18.64, 11.5, 18.7, 51.33, 71.96], [0.0, 16.04, 8.52, 19.17, 10.83, 10.38, 14.31, 10.71, 16.71, 14.01, 12.63, 14.82, 16.76, 11.22, 14.77, 11.92, 13.7, 17.77, 14.09, 8.8, 21.77, 22.96, 0.0, 16.95, 11.33, 17.19, 5.75, 16.04, 10.26, 23.96, 14.68, 17.46, 15.23, 20.94, 12.85, 22.3, 25.68, 18.37, 12.23, 18.75, 17.18, 19.78, 11.25, 4.59, 17.25, 8.71, 13.38, 25.94, 25.7, 19.19, 37.31, 69.86], [0.0, 10.63, 11.9, 11.54, 11.03, 13.26, 7.88, 15.97, 13.99, 6.7, 13.18, 20.33, 11.38, 5.83, 20.27, 14.57, 10.52, 21.16, 17.15, 8.2, 34.01, 6.78, 16.95, 0.0, 5.97, 13.95, 11.26, 19.19, 21.67, 27.08, 7.78, 18.99, 9.65, 18.56, 13.84, 9.15, 19.93, 4.24, 22.94, 13.83, 20.83, 18.23, 15.48, 21.22, 8.74, 22.46, 10.89, 20.9, 15.51, 18.42, 44.92, 73.33], [0.0, 8.25, 8.65, 8.22, 9.01, 8.03, 5.19, 10.59, 14.28, 12.64, 7.43, 14.54, 6.05, 11.25, 14.56, 9.68, 11.36, 16.88, 12.56, 12.67, 28.34, 12.62, 11.33, 5.97, 0.0, 14.47, 5.6, 17.86, 15.87, 23.24, 5.41, 18.25, 7.08, 19.3, 8.69, 13.77, 22.13, 8.84, 17.25, 11.84, 19.49, 15.33, 13.13, 15.4, 6.18, 16.51, 11.12, 22.88, 19.25, 18.51, 40.33, 73.32], [0.0, 22.61, 8.81, 14.59, 6.69, 21.52, 19.48, 15.53, 8.92, 18.24, 15.78, 20.51, 13.12, 12.01, 19.92, 23.42, 13.54, 30.76, 26.37, 12.46, 38.83, 14.49, 17.19, 13.95, 14.47, 0.0, 14.6, 6.68, 26.63, 37.28, 19.61, 5.65, 21.44, 4.84, 13.77, 10.24, 8.54, 10.82, 28.49, 26.19, 8.01, 29.78, 6.9, 21.47, 14.36, 25.75, 13.68, 8.96, 9.66, 4.48, 53.27, 59.43], [0.0, 11.53, 6.23, 13.49, 7.95, 7.55, 9.2, 5.04, 14.23, 8.65, 13.03, 9.07, 11.12, 5.65, 9.02, 9.47, 7.98, 16.6, 12.3, 11.68, 24.86, 17.48, 5.75, 11.26, 5.6, 14.6, 0.0, 15.79, 12.33, 23.14, 9.56, 16.72, 10.53, 19.09, 11.21, 17.44, 23.05, 13.08, 14.08, 14.75, 17.27, 16.94, 10.63, 9.98, 11.54, 12.13, 7.64, 23.55, 21.76, 17.74, 38.67, 71.19], [0.0, 26.04, 9.67, 20.3, 8.85, 23.32, 23.04, 14.49, 6.28, 21.94, 16.22, 18.64, 18.42, 15.55, 17.89, 25.25, 17.86, 32.34, 28.08, 14.95, 37.55, 20.92, 16.04, 19.19, 17.86, 6.68, 15.79, 0.0, 26.26, 38.86, 23.26, 11.25, 24.88, 6.55, 13.54, 16.9, 11.98, 16.83, 28.23, 29.59, 9.37, 32.5, 5.17, 19.47, 19.63, 24.67, 17.87, 11.71, 15.66, 4.43, 53.33, 55.59], [0.0, 15.0, 17.85, 23.84, 19.96, 8.94, 15.33, 11.77, 26.21, 15.9, 10.87, 8.66, 21.87, 17.27, 9.49, 8.68, 18.56, 9.91, 8.44, 15.35, 12.58, 28.44, 10.26, 21.67, 15.87, 26.63, 12.33, 26.26, 0.0, 14.94, 15.67, 27.62, 14.91, 30.79, 12.99, 29.39, 35.16, 24.63, 16.78, 15.83, 27.44, 14.28, 21.34, 8.33, 21.79, 14.09, 18.17, 35.57, 34.07, 29.17, 27.07, 79.68], [0.0, 16.54, 29.36, 28.59, 30.9, 15.78, 19.22, 25.1, 36.99, 20.46, 22.67, 23.36, 27.69, 25.58, 24.16, 13.86, 25.16, 6.54, 10.92, 24.82, 16.31, 33.21, 23.96, 27.08, 23.24, 37.28, 23.14, 38.86, 14.94, 0.0, 19.31, 39.85, 17.44, 41.99, 25.44, 36.21, 45.31, 31.17, 13.35, 14.0, 40.28, 9.3, 33.69, 23.18, 26.95, 17.87, 24.85, 46.01, 42.28, 40.81, 18.45, 93.77], [0.0, 13.21, 13.97, 9.42, 14.42, 6.73, 10.6, 14.44, 19.47, 10.67, 10.88, 17.22, 8.4, 7.77, 17.48, 7.43, 6.23, 13.45, 9.64, 8.53, 27.32, 14.15, 14.68, 7.78, 5.41, 19.61, 9.56, 23.26, 15.67, 19.31, 0.0, 23.63, 11.34, 24.45, 12.99, 16.91, 26.83, 11.89, 16.52, 6.58, 24.9, 10.6, 18.51, 17.9, 7.66, 17.24, 6.01, 27.67, 23.1, 23.79, 37.21, 78.7], [0.0, 26.49, 10.5, 19.91, 9.3, 24.19, 23.43, 15.87, 5.36, 22.29, 17.33, 20.22, 18.19, 15.86, 19.48, 26.13, 17.97, 33.31, 29.0, 15.54, 39.11, 20.12, 17.46, 18.99, 18.25, 5.65, 16.72, 11.25, 27.62, 39.85, 23.63, 0.0, 25.32, 4.7, 14.75, 15.84, 10.13, 16.28, 29.57, 30.07, 11.64, 33.18, 6.3, 21.07, 19.42, 26.15, 18.02, 9.84, 14.06, 9.8, 54.67, 55.07], [0.0, 12.6, 15.44, 11.18, 16.06, 6.12, 11.47, 15.19, 21.29, 12.56, 11.6, 17.44, 10.29, 9.51, 17.79, 6.33, 8.13, 11.72, 8.15, 9.99, 26.13, 15.87, 15.23, 9.65, 7.08, 21.44, 10.53, 24.88, 14.91, 17.44, 11.34, 25.32, 0.0, 26.28, 13.96, 18.79, 28.74, 13.8, 15.56, 4.76, 26.5, 8.67, 20.02, 18.04, 9.5, 16.76, 7.91, 29.58, 25.02, 25.56, 35.45, 80.39], [0.0, 27.45, 13.0, 18.95, 11.15, 26.21, 24.32, 19.29, 5.04, 23.08, 20.08, 24.0, 17.71, 16.84, 23.33, 28.13, 18.36, 35.46, 31.07, 17.19, 42.71, 18.06, 20.94, 18.56, 19.3, 4.84, 19.09, 6.55, 30.79, 41.99, 24.45, 4.7, 26.28, 0.0, 17.8, 13.23, 5.44, 15.07, 32.7, 31.03, 6.94, 34.61, 9.79, 24.91, 18.95, 29.64, 18.5, 5.26, 9.96, 9.32, 57.66, 54.77], [0.0, 14.94, 4.98, 15.99, 7.25, 10.4, 12.64, 11.67, 13.33, 12.05, 10.9, 7.28, 13.55, 8.02, 6.94, 12.25, 10.72, 18.99, 14.88, 5.66, 25.06, 19.53, 12.85, 13.84, 8.69, 13.77, 11.21, 13.54, 12.99, 25.44, 12.99, 14.75, 13.96, 17.8, 0.0, 18.65, 22.31, 14.87, 14.92, 18.09, 14.89, 19.97, 8.45, 8.26, 14.18, 11.97, 10.44, 22.65, 22.05, 16.19, 39.97, 68.46], [0.0, 19.78, 14.5, 8.07, 12.41, 21.76, 16.98, 20.87, 10.62, 15.76, 19.28, 25.91, 8.51, 12.12, 25.59, 23.29, 11.31, 30.18, 26.04, 14.18, 41.96, 5.11, 22.3, 9.15, 13.77, 10.24, 17.44, 16.9, 29.39, 36.21, 16.91, 15.84, 18.79, 13.23, 18.65, 0.0, 12.38, 5.06, 30.91, 22.93, 18.25, 27.38, 15.61, 26.89, 9.34, 29.55, 11.67, 13.53, 6.65, 14.11, 53.88, 66.84], [0.0, 29.87, 17.35, 19.7, 15.21, 29.68, 26.77, 24.02, 8.98, 25.49, 24.3, 28.92, 19.11, 19.75, 28.29, 31.53, 20.61, 38.86, 34.47, 20.65, 47.36, 17.5, 25.68, 19.93, 22.13, 8.54, 23.05, 11.98, 35.16, 45.31, 26.83, 10.13, 28.74, 5.44, 22.31, 12.38, 0.0, 15.88, 37.01, 33.36, 12.27, 37.34, 14.85, 29.85, 20.26, 34.28, 20.84, 10.7, 6.76, 7.56, 61.7, 54.47], [0.0, 14.81, 11.55, 9.55, 9.95, 16.76, 11.95, 17.1, 10.98, 10.71, 14.99, 21.94, 11.36, 7.49, 21.72, 18.25, 6.28, 25.12, 20.98, 9.77, 37.16, 4.79, 18.37, 4.24, 8.84, 10.82, 13.08, 16.83, 24.63, 31.17, 11.89, 16.28, 13.8, 15.07, 14.87, 5.06, 15.88, 0.0, 26.08, 18.06, 18.4, 22.43, 14.04, 22.89, 4.5, 25.01, 6.65, 16.89, 11.28, 15.27, 48.83, 69.74], [0.0, 15.51, 19.73, 25.06, 21.81, 9.87, 16.21, 13.74, 28.08, 16.9, 12.71, 10.56, 23.19, 18.81, 11.4, 9.24, 19.91, 8.89, 8.34, 16.99, 11.09, 29.72, 12.23, 22.94, 17.25, 28.49, 14.08, 28.23, 16.78, 13.35, 16.52, 29.57, 15.56, 32.7, 14.92, 30.91, 37.01, 26.08, 0.0, 15.89, 29.41, 13.77, 23.29, 10.17, 23.03, 4.56, 19.53, 37.44, 35.76, 31.1, 25.1, 81.61], [0.0, 12.32, 20.06, 14.98, 20.79, 8.51, 6.71, 19.01, 26.04, 7.95, 15.5, 20.37, 14.56, 14.27, 20.86, 7.54, 12.78, 9.45, 7.56, 14.65, 25.37, 19.43, 18.75, 13.83, 11.84, 26.19, 14.75, 29.59, 15.83, 14.0, 6.58, 30.07, 4.76, 31.03, 18.09, 22.93, 33.36, 18.06, 15.89, 0.0, 31.2, 4.7, 24.67, 20.8, 13.6, 18.27, 12.59, 34.23, 29.34, 30.32, 32.41, 85.13], [0.0, 27.65, 11.23, 21.9, 10.49, 24.82, 24.67, 15.68, 7.67, 23.58, 17.61, 19.61, 20.05, 17.2, 18.83, 26.74, 19.51, 33.78, 29.55, 16.55, 38.5, 22.41, 17.18, 20.83, 19.49, 8.01, 17.27, 9.37, 27.44, 40.28, 24.9, 11.64, 26.5, 6.94, 14.89, 18.25, 12.27, 18.4, 29.41, 31.2, 0.0, 34.05, 6.65, 20.4, 21.26, 25.73, 19.52, 11.83, 16.54, 4.94, 54.5, 54.01], [0.0, 7.61, 22.83, 19.55, 23.91, 9.58, 10.61, 20.41, 29.58, 11.89, 17.18, 20.6, 18.91, 17.78, 21.23, 7.86, 16.77, 5.64, 6.08, 17.65, 21.91, 24.07, 19.78, 18.23, 15.33, 29.78, 16.94, 32.5, 14.28, 9.3, 10.6, 33.18, 8.67, 34.61, 19.97, 27.38, 37.34, 22.43, 13.77, 4.7, 34.05, 0.0, 27.41, 20.82, 18.05, 17.11, 16.51, 38.14, 33.68, 33.71, 27.73, 88.06], [0.0, 21.16, 4.61, 16.97, 4.46, 18.17, 18.25, 9.63, 6.37, 17.23, 11.07, 14.21, 14.8, 10.99, 13.53, 20.1, 13.57, 27.18, 22.91, 10.03, 32.99, 18.64, 11.25, 15.48, 13.13, 6.9, 10.63, 5.17, 21.34, 33.69, 18.51, 6.3, 20.02, 9.79, 8.45, 15.61, 14.85, 14.04, 23.29, 24.67, 6.65, 27.41, 0.0, 15.12, 15.91, 19.96, 13.51, 14.95, 16.49, 7.95, 48.38, 60.64], [0.0, 18.65, 12.99, 23.46, 15.31, 12.33, 17.51, 6.12, 20.97, 17.47, 8.04, 11.25, 21.1, 15.6, 10.85, 13.37, 17.92, 17.6, 14.76, 13.2, 18.11, 27.42, 4.59, 21.22, 15.4, 21.47, 9.98, 19.47, 8.33, 23.18, 17.9, 21.07, 18.04, 24.91, 8.26, 26.89, 29.85, 22.89, 10.17, 20.8, 20.4, 20.82, 15.12, 0.0, 21.49, 5.76, 17.58, 30.04, 30.21, 23.04, 34.55, 71.51], [0.0, 10.46, 12.31, 11.48, 11.46, 13.31, 7.78, 16.29, 14.4, 6.63, 13.46, 20.6, 11.72, 6.17, 20.56, 14.57, 10.78, 21.08, 17.11, 8.53, 34.09, 6.72, 17.25, 8.74, 6.18, 14.36, 11.54, 19.63, 21.79, 26.95, 7.66, 19.42, 9.5, 18.95, 14.18, 9.34, 20.26, 4.5, 23.03, 13.6, 21.26, 18.05, 15.91, 21.49, 0.0, 22.63, 11.15, 21.24, 15.75, 18.83, 44.84, 73.72], [0.0, 17.02, 16.96, 24.69, 19.19, 10.64, 16.88, 10.35, 25.29, 17.26, 10.39, 6.3, 22.55, 17.53, 7.14, 10.84, 19.22, 12.92, 11.13, 15.37, 13.09, 29.12, 8.71, 22.46, 16.51, 25.75, 12.13, 24.67, 14.09, 17.87, 17.24, 26.15, 16.76, 29.64, 11.97, 29.55, 34.28, 25.01, 4.56, 18.27, 25.73, 17.11, 19.96, 5.76, 22.63, 0.0, 18.84, 34.59, 33.76, 27.9, 28.89, 77.26], [0.0, 9.05, 9.35, 5.92, 9.12, 10.11, 5.93, 12.48, 13.57, 4.66, 9.55, 16.7, 11.91, 11.08, 16.66, 11.63, 9.54, 18.64, 14.41, 4.78, 30.62, 10.29, 13.38, 10.89, 11.12, 13.68, 7.64, 17.87, 18.17, 24.85, 6.01, 18.02, 7.91, 18.5, 10.44, 11.67, 20.84, 6.65, 19.53, 12.59, 19.52, 16.51, 13.51, 17.58, 11.15, 18.84, 0.0, 21.67, 17.44, 17.95, 42.26, 72.97], [0.0, 30.71, 17.72, 20.74, 15.65, 30.32, 27.6, 24.28, 9.36, 26.32, 24.74, 29.11, 20.07, 20.47, 28.46, 32.19, 21.45, 39.53, 35.14, 21.26, 47.68, 18.64, 25.94, 20.9, 22.88, 8.96, 23.55, 11.71, 35.57, 46.01, 27.67, 9.84, 29.58, 5.26, 22.65, 13.53, 10.7, 16.89, 37.44, 34.23, 11.83, 38.14, 14.95, 30.04, 21.24, 34.59, 21.67, 0.0, 7.95, 7.35, 62.23, 53.32], [0.0, 26.07, 17.23, 14.67, 14.91, 27.24, 23.13, 24.1, 10.19, 21.86, 23.38, 29.23, 14.79, 17.18, 28.75, 28.93, 17.12, 36.06, 31.79, 18.77, 46.61, 11.5, 25.7, 15.51, 19.25, 9.66, 21.76, 15.66, 34.07, 42.28, 23.1, 14.06, 25.02, 9.96, 22.05, 6.65, 6.76, 11.28, 35.76, 29.34, 16.54, 33.68, 16.49, 30.21, 15.75, 33.76, 17.44, 7.95, 0.0, 11.66, 59.57, 60.89], [0.0, 26.73, 11.56, 19.06, 9.91, 25.04, 23.62, 17.55, 4.44, 22.42, 18.59, 22.15, 17.59, 16.05, 21.45, 26.98, 17.84, 34.26, 29.9, 16.12, 40.94, 18.7, 19.19, 18.42, 18.51, 4.48, 17.74, 4.43, 29.17, 40.81, 23.79, 9.8, 25.56, 9.32, 16.19, 14.11, 7.56, 15.27, 31.1, 30.32, 4.94, 33.71, 7.95, 23.04, 18.83, 27.9, 17.95, 7.35, 11.66, 0.0, 56.14, 55.05], [0.0, 34.67, 44.66, 46.62, 46.61, 32.33, 37.06, 38.84, 52.9, 38.22, 37.58, 35.18, 45.45, 42.43, 36.01, 30.65, 42.6, 23.77, 27.85, 41.13, 17.64, 51.33, 37.31, 44.92, 40.33, 53.27, 38.67, 53.33, 27.07, 18.45, 37.21, 54.67, 35.45, 57.66, 39.97, 53.88, 61.7, 48.83, 25.1, 32.41, 54.5, 27.73, 48.38, 34.55, 44.84, 28.89, 42.26, 62.23, 59.57, 56.14, 0.0, 105.61], [0.0, 0.0, 0.0, 0.0, 0.0, 0.0, 0.0, 0.0, 0.0, 0.0, 0.0, 0.0, 0.0, 0.0, 0.0, 0.0, 0.0, 0.0, 0.0, 0.0, 0.0, 0.0, 0.0, 0.0, 0.0, 0.0, 0.0, 0.0, 0.0, 0.0, 0.0, 0.0, 0.0, 0.0, 0.0, 0.0, 0.0, 0.0, 0.0, 0.0, 0.0, 0.0, 0.0, 0.0, 0.0, 0.0, 0.0, 0.0, 0.0, 0.0, 0.0, 0.0]], "time_windows": [[0.0, 5000.0], [0.0, 133.0], [0.0, 152.0], [0.0, 174.0], [0.0, 203.0], [0.0, 242.0], [0.0, 264.0], [0.0, 304.0], [0.0, 343.0], [0.0, 377.0], [0.0, 394.0], [0.0, 406.0], [0.0, 438.0], [0.0, 447.0], [0.0, 474.0], [0.0, 511.0], [0.0, 549.0], [0.0, 600.0], [0.0, 611.0], [0.0, 639.0], [0.0, 684.0], [0.0, 741.0], [0.0, 773.0], [0.0, 800.0], [0.0, 809.0], [0.0, 834.0], [0.0, 867.0], [0.0, 897.0], [0.0, 944.0], [0.0, 968.0], [0.0, 997.0], [0.0, 1027.0], [0.0, 1057.0], [0.0, 1086.0], [0.0, 1106.0], [0.0, 1124.0], [0.0, 1137.0], [0.0, 1152.0], [0.0, 1179.0], [0.0, 1194.0], [0.0, 1226.0], [0.0, 1260.0], [0.0, 1287.0], [0.0, 1302.0], [0.0, 1324.0], [0.0, 1346.0], [0.0, 1365.0], [0.0, 1387.0], [0.0, 1395.0], [0.0, 1406.0], [0.0, 1463.0], [0.0, 5000.0]], "start_depot": 0, "end_depot": 51, "horizon": [0.0, 5000.0]}