{"digraph": {"vertex_count": 52, "arc_count": 2550, "arcs": [[0, 1, 1, 1, 1, 1, 1, 1, 1, 1, 1, 1, 1, 1, 1, 1, 1, 1, 1, 1, 1, 1, 1, 1, 1, 1, 1, 1, 1, 1, 1, 1, 1, 1, 1, 1, 1, 1, 1, 1, 1, 1, 1, 1, 1, 1, 1, 1, 1, 1, 1, 1], [0, 0, 1, 1, 1, 1, 1, 1, 1, 1, 1, 1, 1, 1, 1, 1, 1, 1, 1, 1, 1, 1, 1, 1, 1, 1, 1, 1, 1, 1, 1, 1, 1, 1, 1, 1, 1, 1, 1, 1, 1, 1, 1, 1, 1, 1, 1, 1, 1, 1, 1, 1], [0, 1, 0, 1, 1, 1, 1, 1, 1, 1, 1, 1, 1, 1, 1, 1, 1, 1, 1, 1, 1, 1, 1, 1, 1, 1, 1, 1, 1, 1, 1, 1, 1, 1, 1, 1, 1, 1, 1, 1, 1, 1, 1, 1, 1, 1, 1, 1, 1, 1, 1, 1], [0, 1, 1, 0, 1, 1, 1, 1, 1, 1, 1, 1, 1, 1, 1, 1, 1, 1, 1, 1, 1, 1, 1, 1, 1, 1, 1, 1, 1, 1, 1, 1, 1, 1, 1, 1, 1, 1, 1, 1, 1, 1, 1, 1, 1, 1, 1, 1, 1, 1, 1, 1], [0, 1, 1, 1, 0, 1, 1, 1, 1, 1, 1, 1, 1, 1, 1, 1, 1, 1, 1, 1, 1, 1, 1, 1, 1, 1, 1, 1, 1, 1, 1, 1, 1, 1, 1, 1, 1, 1, 1, 1, 1, 1, 1, 1, 1, 1, 1, 1, 1, 1, 1, 1], [0, 1, 1, 1, 1, 0, 1, 1, 1, 1, 1, 1, 1, 1, 1, 1, 1, 1, 1, 1, 1, 1, 1, 1, 1, 1, 1, 1, 1, 1, 1, 1, 1, 1, 1, 1, 1, 1, 1, 1, 1, 1, 1, 1, 1, 1, 1, 1, 1, 1, 1, 1], [0, 1, 1, 1, 1, 1, 0, 1, 1, 1, 1, 1, 1, 1, 1, 1, 1, 1, 1, 1, 1, 1, 1, 1, 1, 1, 1, 1, 1, 1, 1, 1, 1, 1, 1, 1, 1, 1, 1, 1, 1, 1, 1, 1, 1, 1, 1, 1, 1, 1, 1, 1], [0, 1, 1, 1, 1, 1, 1, 0, 1, 1, 1, 1, 1, 1, 1, 1, 1, 1, 1, 1, 1, 1, 1, 1, 1, 1, 1, 1, 1, 1, 1, 1, 1, 1, 1, 1, 1, 1, 1, 1, 1, 1, 1, 1, 1, 1, 1, 1, 1, 1, 1, 1], [0, 1, 1, 1, 1, 1, 1, 1, 0, 1, 1, 1, 1, 1, 1, 1, 1, 1, 1, 1, 1, 1, 1, 1, 1, 1, 1, 1, 1, 1, 1, 1, 1, 1, 1, 1, 1, 1, 1, 1, 1, 1, 1, 1, 1, 1, 1, 1, 1, 1, 1, 1], [0, 1, 1, 1, 1, 1, 1, 1, 1, 0, 1, 1, 1, 1, 1, 1, 1, 1, 1, 1, 1, 1, 1, 1, 1, 1, 1, 1, 1, 1, 1, 1, 1, 1, 1, 1, 1, 1, 1, 1, 1, 1, 1, 1, 1, 1, 1, 1, 1, 1, 1, 1], [0, 1, 1, 1, 1, 1, 1, 1, 1, 1, 0, 1, 1, 1, 1, 1, 1, 1, 1, 1, 1, 1, 1, 1, 1, 1, 1, 1, 1, 1, 1, 1, 1, 1, 1, 1, 1, 1, 1, 1, 1, 1, 1, 1, 1, 1, 1, 1, 1, 1, 1, 1], [0, 1, 1, 1, 1, 1, 1, 1, 1, 1, 1, 0, 1, 1, 1, 1, 1, 1, 1, 1, 1, 1, 1, 1, 1, 1, 1, 1, 1, 1, 1, 1, 1, 1, 1, 1, 1, 1, 1, 1, 1, 1, 1, 1, 1, 1, 1, 1, 1, 1, 1, 1], [0, 1, 1, 1, 1, 1, 1, 1, 1, 1, 1, 1, 0, 1, 1, 1, 1, 1, 1, 1, 1, 1, 1, 1, 1, 1, 1, 1, 1, 1, 1, 1, 1, 1, 1, 1, 1, 1, 1, 1, 1, 1, 1, 1, 1, 1, 1, 1, 1, 1, 1, 1], [0, 1, 1, 1, 1, 1, 1, 1, 1, 1, 1, 1, 1, 0, 1, 1, 1, 1, 1, 1, 1, 1, 1, 1, 1, 1, 1, 1, 1, 1, 1, 1, 1, 1, 1, 1, 1, 1, 1, 1, 1, 1, 1, 1, 1, 1, 1, 1, 1, 1, 1, 1], [0, 1, 1, 1, 1, 1, 1, 1, 1, 1, 1, 1, 1, 1, 0, 1, 1, 1, 1, 1, 1, 1, 1, 1, 1, 1, 1, 1, 1, 1, 1, 1, 1, 1, 1, 1, 1, 1, 1, 1, 1, 1, 1, 1, 1, 1, 1, 1, 1, 1, 1, 1], [0, 1, 1, 1, 1, 1, 1, 1, 1, 1, 1, 1, 1, 1, 1, 0, 1, 1, 1, 1, 1, 1, 1, 1, 1, 1, 1, 1, 1, 1, 1, 1, 1, 1, 1, 1, 1, 1, 1, 1, 1, 1, 1, 1, 1, 1, 1, 1, 1, 1, 1, 1], [0, 1, 1, 1, 1, 1, 1, 1, 1, 1, 1, 1, 1, 1, 1, 1, 0, 1, 1, 1, 1, 1, 1, 1, 1, 1, 1, 1, 1, 1, 1, 1, 1, 1, 1, 1, 1, 1, 1, 1, 1, 1, 1, 1, 1, 1, 1, 1, 1, 1, 1, 1], [0, 1, 1, 1, 1, 1, 1, 1, 1, 1, 1, 1, 1, 1, 1, 1, 1, 0, 1, 1, 1, 1, 1, 1, 1, 1, 1, 1, 1, 1, 1, 1, 1, 1, 1, 1, 1, 1, 1, 1, 1, 1, 1, 1, 1, 1, 1, 1, 1, 1, 1, 1], [0, 1, 1, 1, 1, 1, 1, 1, 1, 1, 1, 1, 1, 1, 1, 1, 1, 1, 0, 1, 1, 1, 1, 1, 1, 1, 1, 1, 1, 1, 1, 1, 1, 1, 1, 1, 1, 1, 1, 1, 1, 1, 1, 1, 1, 1, 1, 1, 1, 1, 1, 1], [0, 1, 1, 1, 1, 1, 1, 1, 1, 1, 1, 1, 1, 1, 1, 1, 1, 1, 1, 0, 1, 1, 1, 1, 1, 1, 1, 1, 1, 1, 1, 1, 1, 1, 1, 1, 1, 1, 1, 1, 1, 1, 1, 1, 1, 1, 1, 1, 1, 1, 1, 1], [0, 1, 1, 1, 1, 1, 1, 1, 1, 1, 1, 1, 1, 1, 1, 1, 1, 1, 1, 1, 0, 1, 1, 1, 1, 1, 1, 1, 1, 1, 1, 1, 1, 1, 1, 1, 1, 1, 1, 1, 1, 1, 1, 1, 1, 1, 1, 1, 1, 1, 1, 1], [0, 1, 1, 1, 1, 1, 1, 1, 1, 1, 1, 1, 1, 1, 1, 1, 1, 1, 1, 1, 1, 0, 1, 1, 1, 1, 1, 1, 1, 1, 1, 1, 1, 1, 1, 1, 1, 1, 1, 1, 1, 1, 1, 1, 1, 1, 1, 1, 1, 1, 1, 1], [0, 1, 1, 1, 1, 1, 1, 1, 1, 1, 1, 1, 1, 1, 1, 1, 1, 1, 1, 1, 1, 1, 0, 1, 1, 1, 1, 1, 1, 1, 1, 1, 1, 1, 1, 1, 1, 1, 1, 1, 1, 1, 1, 1, 1, 1, 1, 1, 1, 1, 1, 1], [0, 1, 1, 1, 1, 1, 1, 1, 1, 1, 1, 1, 1, 1, 1, 1, 1, 1, 1, 1, 1, 1, 1, 0, 1, 1, 1, 1, 1, 1, 1, 1, 1, 1, 1, 1, 1, 1, 1, 1, 1, 1, 1, 1, 1, 1, 1, 1, 1, 1, 1, 1], [0, 1, 1, 1, 1, 1, 1, 1, 1, 1, 1, 1, 1, 1, 1, 1, 1, 1, 1, 1, 1, 1, 1, 1, 0, 1, 1, 1, 1, 1, 1, 1, 1, 1, 1, 1, 1, 1, 1, 1, 1, 1, 1, 1, 1, 1, 1, 1, 1, 1, 1, 1], [0, 1, 1, 1, 1, 1, 1, 1, 1, 1, 1, 1, 1, 1, 1, 1, 1, 1, 1, 1, 1, 1, 1, 1, 1, 0, 1, 1, 1, 1, 1, 1, 1, 1, 1, 1, 1, 1, 1, 1, 1, 1, 1, 1, 1, 1, 1, 1, 1, 1, 1, 1], [0, 1, 1, 1, 1, 1, 1, 1, 1, 1, 1, 1, 1, 1, 1, 1, 1, 1, 1, 1, 1, 1, 1, 1, 1, 1, 0, 1, 1, 1, 1, 1, 1, 1, 1, 1, 1, 1, 1, 1, 1, 1, 1, 1, 1, 1, 1, 1, 1, 1, 1, 1], [0, 1, 1, 1, 1, 1, 1, 1, 1, 1, 1, 1, 1, 1, 1, 1, 1, 1, 1, 1, 1, 1, 1, 1, 1, 1, 1, 0, 1, 1, 1, 1, 1, 1, 1, 1, 1, 1, 1, 1, 1, 1, 1, 1, 1, 1, 1, 1, 1, 1, 1, 1], [0, 1, 1, 1, 1, 1, 1, 1, 1, 1, 1, 1, 1, 1, 1, 1, 1, 1, 1, 1, 1, 1, 1, 1, 1, 1, 1, 1, 0, 1, 1, 1, 1, 1, 1, 1, 1, 1, 1, 1, 1, 1, 1, 1, 1, 1, 1, 1, 1, 1, 1, 1], [0, 1, 1, 1, 1, 1, 1, 1, 1, 1, 1, 1, 1, 1, 1, 1, 1, 1, 1, 1, 1, 1, 1, 1, 1, 1, 1, 1, 1, 0, 1, 1, 1, 1, 1, 1, 1, 1, 1, 1, 1, 1, 1, 1, 1, 1, 1, 1, 1, 1, 1, 1], [0, 1, 1, 1, 1, 1, 1, 1, 1, 1, 1, 1, 1, 1, 1, 1, 1, 1, 1, 1, 1, 1, 1, 1, 1, 1, 1, 1, 1, 1, 0, 1, 1, 1, 1, 1, 1, 1, 1, 1, 1, 1, 1, 1, 1, 1, 1, 1, 1, 1, 1, 1], [0, 1, 1, 1, 1, 1, 1, 1, 1, 1, 1, 1, 1, 1, 1, 1, 1, 1, 1, 1, 1, 1, 1, 1, 1, 1, 1, 1, 1, 1, 1, 0, 1, 1, 1, 1, 1, 1, 1, 1, 1, 1, 1, 1, 1, 1, 1, 1, 1, 1, 1, 1], [0, 1, 1, 1, 1, 1, 1, 1, 1, 1, 1, 1, 1, 1, 1, 1, 1, 1, 1, 1, 1, 1, 1, 1, 1, 1, 1, 1, 1, 1, 1, 1, 0, 1, 1, 1, 1, 1, 1, 1, 1, 1, 1, 1, 1, 1, 1, 1, 1, 1, 1, 1], [0, 1, 1, 1, 1, 1, 1, 1, 1, 1, 1, 1, 1, 1, 1, 1, 1, 1, 1, 1, 1, 1, 1, 1, 1, 1, 1, 1, 1, 1, 1, 1, 1, 0, 1, 1, 1, 1, 1, 1, 1, 1, 1, 1, 1, 1, 1, 1, 1, 1, 1, 1], [0, 1, 1, 1, 1, 1, 1, 1, 1, 1, 1, 1, 1, 1, 1, 1, 1, 1, 1, 1, 1, 1, 1, 1, 1, 1, 1, 1, 1, 1, 1, 1, 1, 1, 0, 1, 1, 1, 1, 1, 1, 1, 1, 1, 1, 1, 1, 1, 1, 1, 1, 1], [0, 1, 1, 1, 1, 1, 1, 1, 1, 1, 1, 1, 1, 1, 1, 1, 1, 1, 1, 1, 1, 1, 1, 1, 1, 1, 1, 1, 1, 1, 1, 1, 1, 1, 1, 0, 1, 1, 1, 1, 1, 1, 1, 1, 1, 1, 1, 1, 1, 1, 1, 1], [0, 1, 1, 1, 1, 1, 1, 1, 1, 1, 1, 1, 1, 1, 1, 1, 1, 1, 1, 1, 1, 1, 1, 1, 1, 1, 1, 1, 1, 1, 1, 1, 1, 1, 1, 1, 0, 1, 1, 1, 1, 1, 1, 1, 1, 1, 1, 1, 1, 1, 1, 1], [0, 1, 1, 1, 1, 1, 1, 1, 1, 1, 1, 1, 1, 1, 1, 1, 1, 1, 1, 1, 1, 1, 1, 1, 1, 1, 1, 1, 1, 1, 1, 1, 1, 1, 1, 1, 1, 0, 1, 1, 1, 1, 1, 1, 1, 1, 1, 1, 1, 1, 1, 1], [0, 1, 1, 1, 1, 1, 1, 1, 1, 1, 1, 1, 1, 1, 1, 1, 1, 1, 1, 1, 1, 1, 1, 1, 1, 1, 1, 1, 1, 1, 1, 1, 1, 1, 1, 1, 1, 1, 0, 1, 1, 1, 1, 1, 1, 1, 1, 1, 1, 1, 1, 1], [0, 1, 1, 1, 1, 1, 1, 1, 1, 1, 1, 1, 1, 1, 1, 1, 1, 1, 1, 1, 1, 1, 1, 1, 1, 1, 1, 1, 1, 1, 1, 1, 1, 1, 1, 1, 1, 1, 1, 0, 1, 1, 1, 1, 1, 1, 1, 1, 1, 1, 1, 1], [0, 1, 1, 1, 1, 1, 1, 1, 1, 1, 1, 1, 1, 1, 1, 1, 1, 1, 1, 1, 1, 1, 1, 1, 1, 1, 1, 1, 1, 1, 1, 1, 1, 1, 1, 1, 1, 1, 1, 1, 0, 1, 1, 1, 1, 1, 1, 1, 1, 1, 1, 1], [0, 1, 1, 1, 1, 1, 1, 1, 1, 1, 1, 1, 1, 1, 1, 1, 1, 1, 1, 1, 1, 1, 1, 1, 1, 1, 1, 1, 1, 1, 1, 1, 1, 1, 1, 1, 1, 1, 1, 1, 1, 0, 1, 1, 1, 1, 1, 1, 1, 1, 1, 1], [0, 1, 1, 1, 1, 1, 1, 1, 1, 1, 1, 1, 1, 1, 1, 1, 1, 1, 1, 1, 1, 1, 1, 1, 1, 1, 1, 1, 1, 1, 1, 1, 1, 1, 1, 1, 1, 1, 1, 1, 1, 1, 0, 1, 1, 1, 1, 1, 1, 1, 1, 1], [0, 1, 1, 1, 1, 1, 1, 1, 1, 1, 1, 1, 1, 1, 1, 1, 1, 1, 1, 1, 1, 1, 1, 1, 1, 1, 1, 1, 1, 1, 1, 1, 1, 1, 1, 1, 1, 1, 1, 1, 1, 1, 1, 0, 1, 1, 1, 1, 1, 1, 1, 1], [0, 1, 1, 1, 1, 1, 1, 1, 1, 1, 1, 1, 1, 1, 1, 1, 1, 1, 1, 1, 1, 1, 1, 1, 1, 1, 1, 1, 1, 1, 1, 1, 1, 1, 1, 1, 1, 1, 1, 1, 1, 1, 1, 1, 0, 1, 1, 1, 1, 1, 1, 1], [0, 1, 1, 1, 1, 1, 1, 1, 1, 1, 1, 1, 1, 1, 1, 1, 1, 1, 1, 1, 1, 1, 1, 1, 1, 1, 1, 1, 1, 1, 1, 1, 1, 1, 1, 1, 1, 1, 1, 1, 1, 1, 1, 1, 1, 0, 1, 1, 1, 1, 1, 1], [0, 1, 1, 1, 1, 1, 1, 1, 1, 1, 1, 1, 1, 1, 1, 1, 1, 1, 1, 1, 1, 1, 1, 1, 1, 1, 1, 1, 1, 1, 1, 1, 1, 1, 1, 1, 1, 1, 1, 1, 1, 1, 1, 1, 1, 1, 0, 1, 1, 1, 1, 1], [0, 1, 1, 1, 1, 1, 1, 1, 1, 1, 1, 1, 1, 1, 1, 1, 1, 1, 1, 1, 1, 1, 1, 1, 1, 1, 1, 1, 1, 1, 1, 1, 1, 1, 1, 1, 1, 1, 1, 1, 1, 1, 1, 1, 1, 1, 1, 0, 1, 1, 1, 1], [0, 1, 1, 1, 1, 1, 1, 1, 1, 1, 1, 1, 1, 1, 1, 1, 1, 1, 1, 1, 1, 1, 1, 1, 1, 1, 1, 1, 1, 1, 1, 1, 1, 1, 1, 1, 1, 1, 1, 1, 1, 1, 1, 1, 1, 1, 1, 1, 0, 1, 1, 1], [0, 1, 1, 1, 1, 1, 1, 1, 1, 1, 1, 1, 1, 1, 1, 1, 1, 1, 1, 1, 1, 1, 1, 1, 1, 1, 1, 1, 1, 1, 1, 1, 1, 1, 1, 1, 1, 1, 1, 1, 1, 1, 1, 1, 1, 1, 1, 1, 1, 0, 1, 1], [0, 1, 1, 1, 1, 1, 1, 1, 1, 1, 1, 1, 1, 1, 1, 1, 1, 1, 1, 1, 1, 1, 1, 1, 1, 1, 1, 1, 1, 1, 1, 1, 1, 1, 1, 1, 1, 1, 1, 1, 1, 1, 1, 1, 1, 1, 1, 1, 1, 1, 0, 1], [0, 0, 0, 0, 0, 0, 0, 0, 0, 0, 0, 0, 0, 0, 0, 0, 0, 0, 0, 0, 0, 0, 0, 0, 0, 0, 0, 0, 0, 0, 0, 0, 0, 0, 0, 0, 0, 0, 0, 0, 0, 0, 0, 0, 0, 0, 0, 0, 0, 0, 0, 0]]}, "cluster_count": 3, "cluster_speeds": [[0.925, 0.85, 0.925, 1.0, 0.8325, 0.765, 0.8325, 0.9, 0.4625, 0.425, 0.4625, 0.5, 0.30525, 0.2805, 0.30525, 0.33, 0.37, 0.34, 0.37, 0.4, 0.555, 0.51, 0.555, 0.6, 0.6475, 0.595, 0.6475, 0.7, 0.37, 0.34, 0.37, 0.4, 0.30525, 0.2805, 0.30525, 0.33, 0.4625, 0.425, 0.4625, 0.5, 0.6475, 0.595, 0.6475, 0.7, 0.74, 0.68, 0.74, 0.8, 0.6475, 0.595, 0.6475, 0.7, 0.4625, 0.425, 0.4625, 0.5, 0.555, 0.51, 0.555, 0.6, 0.6475, 0.595, 0.6475, 0.7, 0.8325, 0.765, 0.8325, 0.9, 0.925, 0.85, 0.925, 1.0, 1.0], [0.6475, 0.595, 0.6475, 0.7, 0.58275, 0.5355, 0.58275, 0.63, 0.32375, 0.2975, 0.32375, 0.35, 0.213675, 0.19635, 0.213675, 0.23099999999999998, 0.259, 0.238, 0.259, 0.27999999999999997, 0.3885, 0.357, 0.3885, 0.42, 0.6475, 0.595, 0.6475, 0.7, 0.37, 0.34, 0.37, 0.4, 0.30525, 0.2805, 0.30525, 0.33, 0.4625, 0.425, 0.4625, 0.5, 0.6475, 0.595, 0.6475, 0.7, 0.74, 0.68, 0.74, 0.8, 0.45324999999999993, 0.4165, 0.45324999999999993, 0.48999999999999994, 0.32375, 0.2975, 0.32375, 0.35, 0.3885, 0.357, 0.3885, 0.42, 0.45324999999999993, 0.4165, 0.45324999999999993, 0.48999999999999994, 0.58275, 0.5355, 0.58275, 0.63, 0.6475, 0.595, 0.6475, 0.7, 0.7], [0.87875, 0.8075, 0.87875, 0.95, 0.790875, 0.72675, 0.790875, 0.855, 0.439375, 0.40375, 0.439375, 0.475, 0.2899875, 0.266475, 0.2899875, 0.3135, 0.3515, 0.323, 0.3515, 0.38, 0.52725, 0.4845, 0.52725, 0.57, 0.6475, 0.595, 0.6475, 0.7, 0.37, 0.34, 0.37, 0.4, 0.30525, 0.2805, 0.30525, 0.33, 0.4625, 0.425, 0.4625, 0.5, 0.6475, 0.595, 0.6475, 0.7, 0.74, 0.68, 0.74, 0.8, 0.6151249999999999, 0.5652499999999999, 0.6151249999999999, 0.6649999999999999, 0.439375, 0.40375, 0.439375, 0.475, 0.52725, 0.4845, 0.52725, 0.57, 0.6151249999999999, 0.5652499999999999, 0.6151249999999999, 0.6649999999999999, 0.790875, 0.72675, 0.790875, 0.855, 0.87875, 0.8075, 0.87875, 0.95, 0.95]], "clusters": [[-1, 2, 2, 2, 2, 2, 2, 2, 2, 2, 2, 2, 2, 2, 2, 2, 2, 2, 2, 2, 2, 2, 2, 2, 2, 2, 2, 2, 2, 2, 2, 2, 2, 2, 2, 2, 2, 2, 2, 2, 2, 2, 2, 2, 2, 2, 2, 2, 2, 2, 2, 2], [0, -1, 0, 0, 0, 0, 0, 0, 0, 0, 0, 0, 0, 0, 0, 0, 0, 0, 0, 0, 0, 0, 0, 0, 0, 0, 0, 0, 0, 0, 0, 0, 0, 0, 0, 0, 0, 0, 0, 0, 0, 0, 0, 0, 0, 0, 0, 0, 0, 0, 0, 0], [2, 2, -1, 2, 2, 2, 2, 2, 2, 2, 2, 2, 2, 2, 2, 2, 2, 2, 2, 2, 2, 2, 2, 2, 2, 2, 2, 2, 2, 2, 2, 2, 2, 2, 2, 2, 2, 2, 2, 2, 2, 2, 2, 2, 2, 2, 2, 2, 2, 2, 2, 2], [0, 0, 0, -1, 0, 0, 0, 0, 0, 0, 0, 0, 0, 0, 0, 0, 0, 0, 0, 0, 0, 0, 0, 0, 0, 0, 0, 0, 0, 0, 0, 0, 0, 0, 0, 0, 0, 0, 0, 0, 0, 0, 0, 0, 0, 0, 0, 0, 0, 0, 0, 0], [0, 0, 0, 0, -1, 0, 0, 0, 0, 0, 0, 0, 0, 0, 0, 0, 0, 0, 0, 0, 0, 0, 0, 0, 0, 0, 0, 0, 0, 0, 0, 0, 0, 0, 0, 0, 0, 0, 0, 0, 0, 0, 0, 0, 0, 0, 0, 0, 0, 0, 0, 0], [0, 0, 0, 0, 0, -1, 0, 0, 0, 0, 0, 0, 0, 0, 0, 0, 0, 0, 0, 0, 0, 0, 0, 0, 0, 0, 0, 0, 0, 0, 0, 0, 0, 0, 0, 0, 0, 0, 0, 0, 0, 0, 0, 0, 0, 0, 0, 0, 0, 0, 0, 0], [0, 0, 0, 0, 0, 0, -1, 0, 0, 0, 0, 0, 0, 0, 0, 0, 0, 0, 0, 0, 0, 0, 0, 0, 0, 0, 0, 0, 0, 0, 0, 0, 0, 0, 0, 0, 0, 0, 0, 0, 0, 0, 0, 0, 0, 0, 0, 0, 0, 0, 0, 0], [0, 0, 0, 0, 0, 0, 0, -1, 0, 0, 0, 0, 0, 0, 0, 0, 0, 0, 0, 0, 0, 0, 0, 0, 0, 0, 0, 0, 0, 0, 0, 0, 0, 0, 0, 0, 0, 0, 0, 0, 0, 0, 0, 0, 0, 0, 0, 0, 0, 0, 0, 0], [0, 0, 0, 0, 0, 0, 0, 0, -1, 0, 0, 0, 0, 0, 0, 0, 0, 0, 0, 0, 0, 0, 0, 0, 0, 0, 0, 0, 0, 0, 0, 0, 0, 0, 0, 0, 0, 0, 0, 0, 0, 0, 0, 0, 0, 0, 0, 0, 0, 0, 0, 0], [1, 1, 1, 1, 1, 1, 1, 1, 1, -1, 1, 1, 1, 1, 1, 1, 1, 1, 1, 1, 1, 1, 1, 1, 1, 1, 1, 1, 1, 1, 1, 1, 1, 1, 1, 1, 1, 1, 1, 1, 1, 1, 1, 1, 1, 1, 1, 1, 1, 1, 1, 1], [1, 1, 1, 1, 1, 1, 1, 1, 1, 1, -1, 1, 1, 1, 1, 1, 1, 1, 1, 1, 1, 1, 1, 1, 1, 1, 1, 1, 1, 1, 1, 1, 1, 1, 1, 1, 1, 1, 1, 1, 1, 1, 1, 1, 1, 1, 1, 1, 1, 1, 1, 1], [1, 1, 1, 1, 1, 1, 1, 1, 1, 1, 1, -1, 1, 1, 1, 1, 1, 1, 1, 1, 1, 1, 1, 1, 1, 1, 1, 1, 1, 1, 1, 1, 1, 1, 1, 1, 1, 1, 1, 1, 1, 1, 1, 1, 1, 1, 1, 1, 1, 1, 1, 1], [0, 0, 0, 0, 0, 0, 0, 0, 0, 0, 0, 0, -1, 0, 0, 0, 0, 0, 0, 0, 0, 0, 0, 0, 0, 0, 0, 0, 0, 0, 0, 0, 0, 0, 0, 0, 0, 0, 0, 0, 0, 0, 0, 0, 0, 0, 0, 0, 0, 0, 0, 0], [1, 1, 1, 1, 1, 1, 1, 1, 1, 1, 1, 1, 1, -1, 1, 1, 1, 1, 1, 1, 1, 1, 1, 1, 1, 1, 1, 1, 1, 1, 1, 1, 1, 1, 1, 1, 1, 1, 1, 1, 1, 1, 1, 1, 1, 1, 1, 1, 1, 1, 1, 1], [0, 0, 0, 0, 0, 0, 0, 0, 0, 0, 0, 0, 0, 0, -1, 0, 0, 0, 0, 0, 0, 0, 0, 0, 0, 0, 0, 0, 0, 0, 0, 0, 0, 0, 0, 0, 0, 0, 0, 0, 0, 0, 0, 0, 0, 0, 0, 0, 0, 0, 0, 0], [1, 1, 1, 1, 1, 1, 1, 1, 1, 1, 1, 1, 1, 1, 1, -1, 1, 1, 1, 1, 1, 1, 1, 1, 1, 1, 1, 1, 1, 1, 1, 1, 1, 1, 1, 1, 1, 1, 1, 1, 1, 1, 1, 1, 1, 1, 1, 1, 1, 1, 1, 1], [0, 0, 0, 0, 0, 0, 0, 0, 0, 0, 0, 0, 0, 0, 0, 0, -1, 0, 0, 0, 0, 0, 0, 0, 0, 0, 0, 0, 0, 0, 0, 0, 0, 0, 0, 0, 0, 0, 0, 0, 0, 0, 0, 0, 0, 0, 0, 0, 0, 0, 0, 0], [0, 0, 0, 0, 0, 0, 0, 0, 0, 0, 0, 0, 0, 0, 0, 0, 0, -1, 0, 0, 0, 0, 0, 0, 0, 0, 0, 0, 0, 0, 0, 0, 0, 0, 0, 0, 0, 0, 0, 0, 0, 0, 0, 0, 0, 0, 0, 0, 0, 0, 0, 0], [1, 1, 1, 1, 1, 1, 1, 1, 1, 1, 1, 1, 1, 1, 1, 1, 1, 1, -1, 1, 1, 1, 1, 1, 1, 1, 1, 1, 1, 1, 1, 1, 1, 1, 1, 1, 1, 1, 1, 1, 1, 1, 1, 1, 1, 1, 1, 1, 1, 1, 1, 1], [0, 0, 0, 0, 0, 0, 0, 0, 0, 0, 0, 0, 0, 0, 0, 0, 0, 0, 0, -1, 0, 0, 0, 0, 0, 0, 0, 0, 0, 0, 0, 0, 0, 0, 0, 0, 0, 0, 0, 0, 0, 0, 0, 0, 0, 0, 0, 0, 0, 0, 0, 0], [1, 1, 1, 1, 1, 1, 1, 1, 1, 1, 1, 1, 1, 1, 1, 1, 1, 1, 1, 1, -1, 1, 1, 1, 1, 1, 1, 1, 1, 1, 1, 1, 1, 1, 1, 1, 1, 1, 1, 1, 1, 1, 1, 1, 1, 1, 1, 1, 1, 1, 1, 1], [0, 0, 0, 0, 0, 0, 0, 0, 0, 0, 0, 0, 0, 0, 0, 0, 0, 0, 0, 0, 0, -1, 0, 0, 0, 0, 0, 0, 0, 0, 0, 0, 0, 0, 0, 0, 0, 0, 0, 0, 0, 0, 0, 0, 0, 0, 0, 0, 0, 0, 0, 0], [1, 1, 1, 1, 1, 1, 1, 1, 1, 1, 1, 1, 1, 1, 1, 1, 1, 1, 1, 1, 1, 1, -1, 1, 1, 1, 1, 1, 1, 1, 1, 1, 1, 1, 1, 1, 1, 1, 1, 1, 1, 1, 1, 1, 1, 1, 1, 1, 1, 1, 1, 1], [1, 1, 1, 1, 1, 1, 1, 1, 1, 1, 1, 1, 1, 1, 1, 1, 1, 1, 1, 1, 1, 1, 1, -1, 1, 1, 1, 1, 1, 1, 1, 1, 1, 1, 1, 1, 1, 1, 1, 1, 1, 1, 1, 1, 1, 1, 1, 1, 1, 1, 1, 1], [0, 0, 0, 0, 0, 0, 0, 0, 0, 0, 0, 0, 0, 0, 0, 0, 0, 0, 0, 0, 0, 0, 0, 0, -1, 0, 0, 0, 0, 0, 0, 0, 0, 0, 0, 0, 0, 0, 0, 0, 0, 0, 0, 0, 0, 0, 0, 0, 0, 0, 0, 0], [0, 0, 0, 0, 0, 0, 0, 0, 0, 0, 0, 0, 0, 0, 0, 0, 0, 0, 0, 0, 0, 0, 0, 0, 0, -1, 0, 0, 0, 0, 0, 0, 0, 0, 0, 0, 0, 0, 0, 0, 0, 0, 0, 0, 0, 0, 0, 0, 0, 0, 0, 0], [0, 0, 0, 0, 0, 0, 0, 0, 0, 0, 0, 0, 0, 0, 0, 0, 0, 0, 0, 0, 0, 0, 0, 0, 0, 0, -1, 0, 0, 0, 0, 0, 0, 0, 0, 0, 0, 0, 0, 0, 0, 0, 0, 0, 0, 0, 0, 0, 0, 0, 0, 0], [1, 1, 1, 1, 1, 1, 1, 1, 1, 1, 1, 1, 1, 1, 1, 1, 1, 1, 1, 1, 1, 1, 1, 1, 1, 1, 1, -1, 1, 1, 1, 1, 1, 1, 1, 1, 1, 1, 1, 1, 1, 1, 1, 1, 1, 1, 1, 1, 1, 1, 1, 1], [0, 0, 0, 0, 0, 0, 0, 0, 0, 0, 0, 0, 0, 0, 0, 0, 0, 0, 0, 0, 0, 0, 0, 0, 0, 0, 0, 0, -1, 0, 0, 0, 0, 0, 0, 0, 0, 0, 0, 0, 0, 0, 0, 0, 0, 0, 0, 0, 0, 0, 0, 0], [1, 1, 1, 1, 1, 1, 1, 1, 1, 1, 1, 1, 1, 1, 1, 1, 1, 1, 1, 1, 1, 1, 1, 1, 1, 1, 1, 1, 1, -1, 1, 1, 1, 1, 1, 1, 1, 1, 1, 1, 1, 1, 1, 1, 1, 1, 1, 1, 1, 1, 1, 1], [1, 1, 1, 1, 1, 1, 1, 1, 1, 1, 1, 1, 1, 1, 1, 1, 1, 1, 1, 1, 1, 1, 1, 1, 1, 1, 1, 1, 1, 1, -1, 1, 1, 1, 1, 1, 1, 1, 1, 1, 1, 1, 1, 1, 1, 1, 1, 1, 1, 1, 1, 1], [1, 1, 1, 1, 1, 1, 1, 1, 1, 1, 1, 1, 1, 1, 1, 1, 1, 1, 1, 1, 1, 1, 1, 1, 1, 1, 1, 1, 1, 1, 1, -1, 1, 1, 1, 1, 1, 1, 1, 1, 1, 1, 1, 1, 1, 1, 1, 1, 1, 1, 1, 1], [2, 2, 2, 2, 2, 2, 2, 2, 2, 2, 2, 2, 2, 2, 2, 2, 2, 2, 2, 2, 2, 2, 2, 2, 2, 2, 2, 2, 2, 2, 2, 2, -1, 2, 2, 2, 2, 2, 2, 2, 2, 2, 2, 2, 2, 2, 2, 2, 2, 2, 2, 2], [1, 1, 1, 1, 1, 1, 1, 1, 1, 1, 1, 1, 1, 1, 1, 1, 1, 1, 1, 1, 1, 1, 1, 1, 1, 1, 1, 1, 1, 1, 1, 1, 1, -1, 1, 1, 1, 1, 1, 1, 1, 1, 1, 1, 1, 1, 1, 1, 1, 1, 1, 1], [0, 0, 0, 0, 0, 0, 0, 0, 0, 0, 0, 0, 0, 0, 0, 0, 0, 0, 0, 0, 0, 0, 0, 0, 0, 0, 0, 0, 0, 0, 0, 0, 0, 0, -1, 0, 0, 0, 0, 0, 0, 0, 0, 0, 0, 0, 0, 0, 0, 0, 0, 0], [2, 2, 2, 2, 2, 2, 2, 2, 2, 2, 2, 2, 2, 2, 2, 2, 2, 2, 2, 2, 2, 2, 2, 2, 2, 2, 2, 2, 2, 2, 2, 2, 2, 2, 2, -1, 2, 2, 2, 2, 2, 2, 2, 2, 2, 2, 2, 2, 2, 2, 2, 2], [0, 0, 0, 0, 0, 0, 0, 0, 0, 0, 0, 0, 0, 0, 0, 0, 0, 0, 0, 0, 0, 0, 0, 0, 0, 0, 0, 0, 0, 0, 0, 0, 0, 0, 0, 0, -1, 0, 0, 0, 0, 0, 0, 0, 0, 0, 0, 0, 0, 0, 0, 0], [1, 1, 1, 1, 1, 1, 1, 1, 1, 1, 1, 1, 1, 1, 1, 1, 1, 1, 1, 1, 1, 1, 1, 1, 1, 1, 1, 1, 1, 1, 1, 1, 1, 1, 1, 1, 1, -1, 1, 1, 1, 1, 1, 1, 1, 1, 1, 1, 1, 1, 1, 1], [0, 0, 0, 0, 0, 0, 0, 0, 0, 0, 0, 0, 0, 0, 0, 0, 0, 0, 0, 0, 0, 0, 0, 0, 0, 0, 0, 0, 0, 0, 0, 0, 0, 0, 0, 0, 0, 0, -1, 0, 0, 0, 0, 0, 0, 0, 0, 0, 0, 0, 0, 0], [1, 1, 1, 1, 1, 1, 1, 1, 1, 1, 1, 1, 1, 1, 1, 1, 1, 1, 1, 1, 1, 1, 1, 1, 1, 1, 1, 1, 1, 1, 1, 1, 1, 1, 1, 1, 1, 1, 1, -1, 1, 1, 1, 1, 1, 1, 1, 1, 1, 1, 1, 1], [1, 1, 1, 1, 1, 1, 1, 1, 1, 1, 1, 1, 1, 1, 1, 1, 1, 1, 1, 1, 1, 1, 1, 1, 1, 1, 1, 1, 1, 1, 1, 1, 1, 1, 1, 1, 1, 1, 1, 1, -1, 1, 1, 1, 1, 1, 1, 1, 1, 1, 1, 1], [0, 0, 0, 0, 0, 0, 0, 0, 0, 0, 0, 0, 0, 0, 0, 0, 0, 0, 0, 0, 0, 0, 0, 0, 0, 0, 0, 0, 0, 0, 0, 0, 0, 0, 0, 0, 0, 0, 0, 0, 0, -1, 0, 0, 0, 0, 0, 0, 0, 0, 0, 0], [2, 2, 2, 2, 2, 2, 2, 2, 2, 2, 2, 2, 2, 2, 2, 2, 2, 2, 2, 2, 2, 2, 2, 2, 2, 2, 2, 2, 2, 2, 2, 2, 2, 2, 2, 2, 2, 2, 2, 2, 2, 2, -1, 2, 2, 2, 2, 2, 2, 2, 2, 2], [1, 1, 1, 1, 1, 1, 1, 1, 1, 1, 1, 1, 1, 1, 1, 1, 1, 1, 1, 1, 1, 1, 1, 1, 1, 1, 1, 1, 1, 1, 1, 1, 1, 1, 1, 1, 1, 1, 1, 1, 1, 1, 1, -1, 1, 1, 1, 1, 1, 1, 1, 1], [0, 0, 0, 0, 0, 0, 0, 0, 0, 0, 0, 0, 0, 0, 0, 0, 0, 0, 0, 0, 0, 0, 0, 0, 0, 0, 0, 0, 0, 0, 0, 0, 0, 0, 0, 0, 0, 0, 0, 0, 0, 0, 0, 0, -1, 0, 0, 0, 0, 0, 0, 0], [0, 0, 0, 0, 0, 0, 0, 0, 0, 0, 0, 0, 0, 0, 0, 0, 0, 0, 0, 0, 0, 0, 0, 0, 0, 0, 0, 0, 0, 0, 0, 0, 0, 0, 0, 0, 0, 0, 0, 0, 0, 0, 0, 0, 0, -1, 0, 0, 0, 0, 0, 0], [0, 0, 0, 0, 0, 0, 0, 0, 0, 0, 0, 0, 0, 0, 0, 0, 0, 0, 0, 0, 0, 0, 0, 0, 0, 0, 0, 0, 0, 0, 0, 0, 0, 0, 0, 0, 0, 0, 0, 0, 0, 0, 0, 0, 0, 0, -1, 0, 0, 0, 0, 0], [1, 1, 1, 1, 1, 1, 1, 1, 1, 1, 1, 1, 1, 1, 1, 1, 1, 1, 1, 1, 1, 1, 1, 1, 1, 1, 1, 1, 1, 1, 1, 1, 1, 1, 1, 1, 1, 1, 1, 1, 1, 1, 1, 1, 1, 1, 1, -1, 1, 1, 1, 1], [2, 2, 2, 2, 2, 2, 2, 2, 2, 2, 2, 2, 2, 2, 2, 2, 2, 2, 2, 2, 2, 2, 2, 2, 2, 2, 2, 2, 2, 2, 2, 2, 2, 2, 2, 2, 2, 2, 2, 2, 2, 2, 2, 2, 2, 2, 2, 2, -1, 2, 2, 2], [1, 1, 1, 1, 1, 1, 1, 1, 1, 1, 1, 1, 1, 1, 1, 1, 1, 1, 1, 1, 1, 1, 1, 1, 1, 1, 1, 1, 1, 1, 1, 1, 1, 1, 1, 1, 1, 1, 1, 1, 1, 1, 1, 1, 1, 1, 1, 1, 1, -1, 1, 1], [1, 1, 1, 1, 1, 1, 1, 1, 1, 1, 1, 1, 1, 1, 1, 1, 1, 1, 1, 1, 1, 1, 1, 1, 1, 1, 1, 1, 1, 1, 1, 1, 1, 1, 1, 1, 1, 1, 1, 1, 1, 1, 1, 1, 1, 1, 1, 1, 1, 1, -1, 1], [2, 2, 2, 2, 2, 2, 2, 2, 2, 2, 2, 2, 2, 2, 2, 2, 2, 2, 2, 2, 2, 2, 2, 2, 2, 2, 2, 2, 2, 2, 2, 2, 2, 2, 2, 2, 2, 2, 2, 2, 2, 2, 2, 2, 2, 2, 2, 2, 2, 2, 2, -1]], "speed_zone_count": 73, "speed_zones": [[0.0, 15.0], [15.0, 30.0], [30.0, 45.0], [45.0, 60.0], [60.0, 75.0], [75.0, 90.0], [90.0, 105.0], [105.0, 120.0], [120.0, 135.0], [135.0, 150.0], [150.0, 165.0], [165.0, 180.0], [180.0, 195.0], [195.0, 210.0], [210.0, 225.0], [225.0, 240.0], [240.0, 255.0], [255.0, 270.0], [270.0, 285.0], [285.0, 300.0], [300.0, 315.0], [315.0, 330.0], [330.0, 345.0], [345.0, 360.0], [360.0, 375.0], [375.0, 390.0], [390.0, 405.0], [405.0, 420.0], [420.0, 435.0], [435.0, 450.0], [450.0, 465.0], [465.0, 480.0], [480.0, 495.0], [495.0, 510.0], [510.0, 525.0], [525.0, 540.0], [540.0, 555.0], [555.0, 570.0], [570.0, 585.0], [585.0, 600.0], [600.0, 615.0], [615.0, 630.0], [630.0, 645.0], [645.0, 660.0], [660.0, 675.0], [675.0, 690.0], [690.0, 705.0], [705.0, 720.0], [720.0, 735.0], [735.0, 750.0], [750.0, 765.0], [765.0, 780.0], [780.0, 795.0], [795.0, 810.0], [810.0, 825.0], [825.0, 840.0], [840.0, 855.0], [855.0, 870.0], [870.0, 885.0], [885.0, 900.0], [900.0, 915.0], [915.0, 930.0], [930.0, 945.0], [945.0, 960.0], [960.0, 975.0], [975.0, 990.0], [990.0, 1005.0], [1005.0, 1020.0], [1020.0, 1035.0], [1035.0, 1050.0], [1050.0, 1065.0], [1065.0, 1080.0], [1080.0, 5000.0]], "distances": [[0.0, 70.53, 88.14, 71.96, 69.86, 73.33, 73.32, 59.43, 71.19, 55.59, 79.68, 93.77, 78.7, 55.07, 80.39, 54.77, 68.46, 66.84, 54.47, 69.74, 81.61, 85.13, 54.01, 88.06, 60.64, 71.51, 73.72, 77.26, 72.97, 53.32, 60.89, 55.05, 105.61, 77.17, 73.33, 100.67, 60.27, 86.84, 73.8, 86.19, 57.05, 72.11, 53.8, 68.06, 69.32, 70.04, 84.05, 53.67, 99.95, 75.3, 88.08, 0.0], [0.0, 0.0, 27.93, 14.21, 8.8, 8.2, 12.94, 12.46, 12.43, 14.95, 15.35, 24.82, 8.53, 15.54, 9.99, 17.19, 5.66, 14.18, 20.65, 9.77, 16.99, 14.65, 16.55, 17.65, 10.03, 13.2, 8.53, 15.37, 4.78, 21.26, 18.77, 16.12, 41.13, 19.31, 10.58, 31.58, 10.53, 16.88, 8.87, 15.84, 20.52, 10.77, 26.26, 21.75, 10.03, 6.86, 13.63, 17.83, 36.82, 17.7, 22.47, 70.53], [0.0, 27.93, 0.0, 40.79, 21.77, 34.01, 28.34, 38.83, 24.86, 37.55, 12.58, 16.31, 27.32, 39.11, 26.13, 42.71, 25.06, 41.96, 47.36, 37.16, 11.09, 25.37, 38.5, 21.91, 32.99, 18.11, 34.09, 13.09, 30.62, 47.68, 46.61, 40.94, 17.64, 11.23, 36.48, 19.84, 32.86, 19.23, 34.4, 21.39, 47.93, 37.28, 53.55, 49.24, 21.51, 34.31, 25.95, 42.77, 11.85, 13.27, 8.58, 88.14], [0.0, 14.21, 40.79, 0.0, 22.96, 6.78, 12.62, 14.49, 17.48, 20.92, 28.44, 33.21, 14.15, 20.12, 15.87, 18.06, 19.53, 5.11, 17.5, 4.79, 29.72, 19.43, 22.41, 24.07, 18.64, 27.42, 6.72, 29.12, 10.29, 18.64, 11.5, 18.7, 51.33, 33.31, 4.35, 38.98, 19.37, 25.0, 6.42, 22.98, 15.19, 11.43, 19.91, 8.9, 24.13, 7.45, 18.24, 19.41, 47.96, 31.82, 33.93, 71.96], [0.0, 8.8, 21.77, 22.96, 0.0, 16.95, 11.33, 17.19, 5.75, 16.04, 10.26, 23.96, 14.68, 17.46, 15.23, 20.94, 12.85, 22.3, 25.68, 18.37, 12.23, 18.75, 17.18, 19.78, 11.25, 4.59, 17.25, 8.71, 13.38, 25.94, 25.7, 19.19, 37.31, 11.52, 19.37, 30.83, 11.18, 17.81, 17.6, 17.9, 26.5, 19.56, 31.99, 30.03, 12.79, 15.53, 18.17, 21.02, 32.27, 9.62, 18.7, 69.86], [0.0, 8.2, 34.01, 6.78, 16.95, 0.0, 5.97, 13.95, 11.26, 19.19, 21.67, 27.08, 7.78, 18.99, 9.65, 18.56, 13.84, 9.15, 19.93, 4.24, 22.94, 13.83, 20.83, 18.23, 15.48, 21.22, 8.74, 22.46, 10.89, 20.9, 15.51, 18.42, 44.92, 26.74, 11.13, 33.19, 16.17, 18.76, 8.66, 16.91, 18.53, 15.04, 24.0, 15.44, 18.21, 12.06, 12.6, 19.67, 41.36, 25.35, 27.23, 73.33], [0.0, 12.94, 28.34, 12.62, 11.33, 5.97, 0.0, 14.47, 5.6, 17.86, 15.87, 23.24, 5.41, 18.25, 7.08, 19.3, 8.69, 13.77, 22.13, 8.84, 17.25, 11.84, 19.49, 15.33, 13.13, 15.4, 6.18, 16.51, 10.79, 22.88, 19.25, 18.51, 40.33, 20.77, 8.51, 29.8, 13.69, 15.01, 6.53, 13.64, 21.54, 9.07, 27.26, 20.9, 12.63, 6.08, 10.73, 20.11, 36.37, 19.39, 22.05, 73.32], [0.0, 12.46, 38.83, 14.49, 17.19, 13.95, 14.47, 0.0, 14.6, 6.68, 26.63, 37.28, 19.61, 5.65, 21.44, 4.84, 13.77, 10.24, 8.54, 10.82, 28.49, 26.19, 8.01, 29.78, 6.9, 21.47, 14.36, 25.75, 13.68, 8.96, 9.66, 4.48, 53.27, 28.65, 14.36, 44.02, 7.45, 29.28, 14.47, 28.06, 9.44, 13.31, 14.8, 16.72, 17.73, 10.62, 25.03, 5.78, 48.68, 26.68, 34.47, 59.43], [0.0, 12.43, 24.86, 17.48, 5.75, 11.26, 5.6, 14.6, 0.0, 15.79, 12.33, 23.14, 9.56, 16.72, 10.53, 19.09, 11.71, 17.44, 23.05, 13.08, 14.08, 14.75, 17.27, 16.94, 10.63, 9.98, 11.54, 12.13, 7.64, 23.55, 21.76, 17.74, 38.67, 16.0, 13.72, 30.01, 10.94, 15.67, 11.88, 15.05, 23.23, 14.0, 28.93, 25.05, 7.04, 10.16, 13.92, 19.54, 34.15, 14.39, 19.88, 71.19], [0.0, 14.95, 37.55, 20.92, 16.04, 19.19, 17.86, 6.68, 15.79, 0.0, 26.26, 38.86, 23.26, 11.25, 24.88, 6.55, 13.54, 16.9, 11.98, 16.83, 28.23, 29.59, 9.37, 32.5, 5.17, 19.47, 19.63, 24.67, 17.87, 11.71, 15.66, 4.43, 53.33, 26.64, 20.15, 45.75, 4.97, 31.43, 19.81, 30.65, 14.23, 19.28, 18.46, 23.26, 16.08, 15.86, 28.54, 5.88, 48.3, 24.56, 34.61, 55.59], [0.0, 15.35, 12.58, 28.44, 10.26, 21.67, 15.87, 26.63, 12.33, 26.26, 0.0, 14.94, 15.67, 27.62, 14.91, 30.79, 12.99, 29.39, 35.16, 24.63, 14.39, 15.83, 27.44, 14.28, 21.34, 8.33, 21.79, 11.43, 18.17, 35.57, 34.07, 29.17, 27.07, 6.88, 24.19, 21.5, 21.35, 11.52, 22.12, 12.85, 35.53, 24.89, 41.2, 36.73, 10.5, 21.77, 15.94, 31.01, 22.14, 6.96, 8.48, 79.68], [0.0, 24.82, 16.31, 33.21, 23.96, 27.08, 23.24, 37.28, 23.14, 38.86, 14.94, 0.0, 19.31, 39.85, 17.44, 41.99, 25.44, 36.21, 45.31, 31.17, 13.35, 14.0, 40.28, 9.3, 33.69, 23.18, 26.95, 17.87, 24.85, 46.01, 42.28, 40.81, 18.45, 20.38, 29.03, 6.91, 33.93, 8.33, 27.16, 10.23, 44.76, 30.21, 50.47, 42.1, 24.62, 28.94, 15.1, 42.57, 16.42, 21.34, 8.62, 93.77], [0.0, 8.53, 27.32, 14.15, 14.68, 7.78, 5.41, 19.61, 9.56, 23.26, 15.67, 19.31, 0.0, 23.63, 11.34, 24.45, 12.99, 16.91, 26.83, 11.89, 16.52, 6.58, 24.9, 10.6, 18.51, 17.9, 7.66, 17.24, 6.01, 27.67, 23.1, 23.79, 37.21, 21.77, 9.85, 25.49, 19.04, 10.99, 7.89, 9.16, 25.85, 10.96, 31.47, 23.02, 16.0, 9.88, 5.42, 25.34, 33.82, 20.82, 19.93, 78.7], [0.0, 15.54, 39.11, 20.12, 17.46, 18.99, 18.25, 5.65, 16.72, 11.25, 27.62, 39.85, 23.63, 0.0, 25.32, 4.7, 14.75, 15.84, 10.13, 16.28, 29.57, 30.07, 11.64, 33.18, 6.3, 21.07, 19.42, 26.15, 18.02, 9.84, 14.06, 10.12, 54.67, 28.27, 19.72, 46.72, 6.28, 32.26, 19.58, 31.36, 12.44, 18.76, 16.6, 21.86, 17.59, 15.63, 28.98, 11.42, 49.72, 26.21, 35.91, 55.07], [0.0, 9.99, 26.13, 15.87, 15.23, 9.65, 7.08, 21.44, 10.53, 24.88, 14.91, 17.44, 11.34, 25.32, 0.0, 26.28, 13.96, 18.79, 28.74, 13.8, 15.56, 4.76, 26.5, 8.67, 20.02, 18.04, 9.5, 16.76, 7.91, 29.58, 25.02, 25.56, 35.45, 21.3, 11.62, 23.58, 20.52, 9.15, 9.71, 7.26, 27.77, 12.77, 33.39, 24.77, 16.51, 11.81, 12.32, 27.14, 32.2, 20.52, 18.49, 80.39], [0.0, 17.19, 42.71, 18.06, 20.94, 18.56, 19.3, 4.84, 19.09, 6.55, 30.79, 41.99, 24.45, 4.7, 26.28, 0.0, 17.8, 13.23, 5.44, 15.07, 32.7, 31.03, 6.94, 34.61, 9.79, 24.91, 18.95, 29.64, 18.5, 5.26, 9.96, 9.32, 57.66, 32.15, 18.67, 48.77, 10.05, 34.05, 19.03, 32.88, 7.83, 17.51, 11.95, 18.15, 21.28, 15.28, 29.87, 10.62, 52.93, 30.11, 38.84, 54.77], [0.0, 5.66, 25.06, 19.53, 12.85, 13.84, 8.69, 13.77, 11.71, 13.54, 12.99, 25.44, 12.99, 14.75, 13.96, 17.8, 0.0, 18.65, 22.31, 14.87, 14.92, 18.09, 14.89, 19.97, 8.45, 8.26, 14.18, 11.97, 10.44, 22.65, 22.05, 16.19, 39.97, 15.14, 16.16, 32.35, 8.57, 18.44, 14.52, 18.07, 22.97, 16.22, 28.52, 26.39, 4.67, 12.08, 17.3, 18.03, 35.13, 13.28, 21.17, 68.46], [0.0, 14.18, 41.96, 5.11, 22.3, 9.15, 13.77, 10.24, 17.44, 16.9, 29.39, 36.21, 16.91, 15.84, 18.79, 13.23, 18.65, 0.0, 12.38, 5.06, 30.91, 22.93, 18.25, 27.38, 15.61, 26.89, 9.34, 29.55, 11.67, 13.53, 6.65, 14.11, 53.88, 33.41, 7.64, 42.35, 16.33, 27.88, 9.18, 26.06, 10.18, 6.31, 15.2, 7.74, 23.31, 7.69, 21.7, 14.61, 50.1, 31.71, 35.81, 66.84], [0.0, 20.65, 47.36, 17.5, 25.68, 19.93, 22.13, 8.54, 23.05, 11.98, 35.16, 45.31, 26.83, 10.13, 28.74, 5.44, 22.31, 12.38, 0.0, 15.88, 37.01, 33.36, 12.27, 37.34, 14.85, 29.85, 20.26, 34.28, 20.84, 10.7, 6.76, 7.56, 61.7, 37.08, 19.34, 51.93, 15.21, 37.14, 20.24, 35.73, 12.29, 18.04, 6.55, 14.97, 26.15, 17.04, 32.15, 6.29, 57.18, 35.07, 42.93, 54.47], [0.0, 9.77, 37.16, 4.79, 18.37, 4.24, 8.84, 10.82, 13.08, 16.83, 24.63, 31.17, 11.89, 16.28, 13.8, 15.07, 14.87, 5.06, 15.88, 0.0, 26.08, 18.06, 18.4, 22.43, 14.04, 22.89, 4.5, 25.01, 6.65, 16.89, 11.28, 15.27, 48.83, 29.06, 9.14, 37.37, 14.78, 22.84, 4.42, 21.05, 14.33, 11.37, 19.77, 12.11, 19.5, 12.24, 16.83, 16.3, 45.08, 27.47, 30.81, 69.74], [0.0, 16.99, 11.09, 29.72, 12.23, 22.94, 17.25, 28.49, 14.08, 28.23, 14.39, 13.35, 16.52, 29.57, 15.56, 32.7, 14.92, 30.91, 37.01, 26.08, 0.0, 15.89, 29.41, 13.77, 23.29, 10.17, 23.03, 4.56, 19.53, 37.44, 35.76, 31.1, 25.1, 7.5, 25.43, 19.77, 23.31, 10.93, 23.35, 12.55, 37.31, 26.2, 43.0, 38.15, 12.47, 23.24, 16.15, 32.94, 20.23, 8.08, 6.51, 81.61], [0.0, 14.65, 25.37, 19.43, 18.75, 13.83, 11.84, 26.19, 14.75, 29.59, 15.83, 14.0, 6.58, 30.07, 4.76, 31.03, 18.09, 22.93, 33.36, 18.06, 15.89, 0.0, 31.2, 4.7, 24.67, 20.8, 13.6, 18.27, 12.59, 34.23, 29.34, 30.32, 32.41, 22.66, 15.43, 19.55, 25.14, 6.43, 13.75, 12.02, 32.26, 16.69, 37.8, 28.26, 19.95, 16.34, 10.55, 31.9, 29.76, 22.29, 17.07, 85.13], [0.0, 16.55, 38.5, 22.41, 17.18, 20.83, 19.49, 8.01, 17.27, 9.37, 27.44, 40.28, 24.9, 11.64, 26.5, 6.94, 14.89, 18.25, 12.27, 18.4, 29.41, 31.2, 0.0, 34.05, 6.65, 20.4, 21.26, 25.73, 19.52, 11.83, 16.54, 4.94, 54.5, 27.48, 21.75, 47.18, 6.36, 32.94, 21.44, 32.2, 14.77, 20.86, 18.6, 24.37, 17.13, 17.49, 30.16, 5.99, 49.4, 25.4, 35.84, 54.01], [0.0, 17.65, 21.91, 24.07, 19.78, 18.23, 15.33, 29.78, 16.94, 32.5, 14.28, 9.3, 10.6, 33.18, 8.67, 34.61, 19.97, 27.38, 37.34, 22.43, 13.77, 4.7, 34.05, 0.0, 27.41, 20.82, 18.05, 17.11, 16.51, 38.14, 33.68, 33.71, 27.73, 21.11, 19.99, 14.97, 27.8, 11.14, 18.22, 10.9, 36.44, 21.22, 42.06, 32.93, 20.82, 20.47, 5.84, 35.37, 25.26, 21.18, 13.37, 88.06], [0.0, 10.03, 32.99, 18.64, 11.25, 15.48, 13.13, 6.9, 10.63, 5.17, 21.34, 33.69, 18.51, 6.3, 20.02, 9.79, 8.45, 15.61, 14.85, 14.04, 23.29, 24.67, 6.65, 27.41, 0.0, 15.12, 15.91, 19.96, 13.51, 14.95, 16.49, 7.95, 48.38, 22.36, 16.91, 40.59, 10.14, 26.29, 16.15, 25.55, 16.25, 16.3, 21.35, 22.91, 11.5, 12.35, 23.66, 9.78, 43.46, 20.32, 29.61, 60.64], [0.0, 13.2, 18.11, 27.42, 4.59, 21.22, 15.4, 21.47, 9.98, 19.47, 8.33, 23.18, 17.9, 21.07, 18.04, 24.91, 8.26, 26.89, 29.85, 22.89, 10.17, 20.8, 20.4, 20.82, 15.12, 0.0, 21.49, 5.76, 17.58, 30.04, 30.21, 23.04, 34.55, 7.24, 23.69, 29.82, 14.91, 18.42, 21.84, 19.06, 30.86, 23.97, 36.25, 34.61, 12.93, 20.02, 20.45, 24.84, 29.21, 5.22, 16.58, 71.51], [0.0, 8.53, 34.09, 6.72, 17.25, 8.74, 6.18, 14.36, 11.54, 19.63, 21.79, 26.95, 7.66, 19.42, 9.5, 18.95, 14.18, 9.34, 20.26, 4.5, 23.03, 13.6, 21.26, 18.05, 15.91, 21.49, 0.0, 22.63, 11.15, 21.24, 15.75, 18.83, 44.84, 26.94, 11.07, 33.02, 16.6, 18.64, 8.92, 16.76, 18.82, 15.25, 24.26, 15.46, 18.51, 12.26, 12.38, 20.08, 41.33, 25.57, 27.23, 73.72], [0.0, 15.37, 13.09, 29.12, 8.71, 22.46, 16.51, 25.75, 12.13, 24.67, 11.43, 17.87, 17.24, 26.15, 16.76, 29.64, 11.97, 29.55, 34.28, 25.01, 4.56, 18.27, 25.73, 17.11, 19.96, 5.76, 22.63, 0.0, 18.84, 34.59, 33.76, 27.9, 28.89, 4.54, 25.0, 24.33, 19.88, 14.41, 22.97, 15.59, 34.91, 25.57, 40.49, 37.09, 8.6, 22.1, 18.25, 29.73, 23.67, 10.98, 10.84, 77.26], [0.0, 4.78, 30.62, 10.29, 13.38, 10.89, 10.79, 13.68, 7.64, 17.87, 18.17, 24.85, 6.01, 18.02, 7.91, 18.5, 10.44, 11.67, 20.84, 6.65, 19.53, 12.59, 19.52, 16.51, 13.51, 17.58, 11.15, 18.84, 0.0, 21.67, 17.44, 17.95, 42.26, 23.09, 6.2, 31.27, 14.14, 16.54, 4.26, 14.96, 19.97, 6.74, 25.64, 18.63, 14.65, 10.79, 11.4, 19.44, 38.43, 21.68, 24.16, 72.97], [0.0, 21.26, 47.68, 18.64, 25.94, 20.9, 22.88, 8.96, 23.55, 11.71, 35.57, 46.01, 27.67, 9.84, 29.58, 5.26, 22.65, 13.53, 10.7, 16.89, 37.44, 34.23, 11.83, 38.14, 14.95, 30.04, 21.24, 34.59, 21.67, 0.0, 7.95, 7.35, 62.23, 37.27, 20.38, 52.66, 15.26, 37.88, 21.23, 36.5, 4.35, 19.09, 6.77, 16.14, 26.36, 17.94, 33.02, 5.87, 57.64, 35.25, 43.43, 53.32], [0.0, 18.77, 46.61, 11.5, 25.7, 15.51, 19.25, 9.66, 21.76, 15.66, 34.07, 42.28, 23.1, 14.06, 25.02, 9.96, 22.05, 6.65, 6.76, 11.28, 35.76, 29.34, 16.54, 33.68, 16.49, 30.21, 15.75, 33.76, 17.44, 7.95, 0.0, 11.66, 59.57, 37.19, 14.26, 48.59, 17.08, 33.95, 15.64, 32.26, 12.3, 12.92, 8.56, 8.35, 26.48, 13.34, 28.11, 11.29, 55.49, 35.32, 41.13, 60.89], [0.0, 16.12, 40.94, 18.7, 19.19, 18.42, 18.51, 4.48, 17.74, 4.43, 29.17, 40.81, 23.79, 10.12, 25.56, 9.32, 16.19, 14.11, 7.56, 15.27, 31.1, 30.32, 4.94, 33.71, 7.95, 23.04, 18.83, 27.9, 17.95, 7.35, 11.66, 0.0, 56.14, 30.27, 18.82, 47.63, 8.13, 33.0, 18.94, 31.94, 9.86, 17.75, 14.06, 19.65, 19.45, 15.07, 29.19, 10.25, 51.32, 28.22, 37.33, 55.05], [0.0, 41.13, 17.64, 51.33, 37.31, 44.92, 40.33, 53.27, 38.67, 53.33, 27.07, 18.45, 37.21, 54.67, 35.45, 57.66, 39.97, 53.88, 61.7, 48.83, 25.1, 32.41, 54.5, 27.73, 48.38, 34.55, 44.84, 28.89, 42.26, 62.23, 59.57, 56.14, 0.0, 28.43, 47.05, 14.99, 48.41, 26.36, 45.09, 28.48, 61.63, 48.16, 67.38, 60.22, 37.43, 46.33, 33.47, 57.98, 5.86, 30.33, 18.82, 105.61], [0.0, 19.31, 11.23, 33.31, 11.52, 26.74, 20.77, 28.65, 16.0, 26.64, 6.88, 20.38, 21.77, 28.27, 21.3, 32.15, 15.14, 33.41, 37.08, 29.06, 7.5, 22.66, 27.48, 21.11, 22.36, 7.24, 26.94, 4.54, 23.09, 37.27, 37.19, 30.27, 28.43, 0.0, 29.28, 26.3, 22.14, 18.32, 27.28, 19.73, 38.01, 29.77, 43.45, 41.05, 10.93, 26.14, 22.7, 32.07, 22.83, 12.46, 12.26, 77.17], [0.0, 10.58, 36.48, 4.35, 19.37, 11.13, 8.51, 14.36, 13.72, 20.15, 24.19, 29.03, 9.85, 19.72, 11.62, 18.67, 16.16, 7.64, 19.34, 9.14, 25.43, 15.43, 21.75, 19.99, 16.91, 23.69, 11.07, 25.0, 6.2, 20.38, 14.26, 18.82, 47.05, 29.28, 0.0, 34.95, 17.63, 20.77, 10.46, 18.8, 17.58, 8.84, 22.82, 13.18, 20.61, 4.59, 14.21, 19.89, 43.63, 27.88, 29.58, 73.33], [0.0, 31.58, 19.84, 38.98, 30.83, 33.19, 29.8, 44.02, 30.01, 45.75, 21.5, 6.91, 25.49, 46.72, 23.58, 48.77, 32.35, 42.35, 51.93, 37.37, 19.77, 19.55, 47.18, 14.97, 40.59, 29.82, 33.02, 24.33, 31.27, 52.66, 48.59, 47.63, 14.99, 26.3, 34.95, 0.0, 40.83, 14.79, 33.19, 16.34, 51.24, 36.19, 56.91, 47.79, 31.45, 35.31, 20.75, 49.38, 15.29, 27.5, 14.05, 100.67], [0.0, 10.53, 32.86, 19.37, 11.18, 16.17, 13.69, 7.45, 10.94, 4.97, 21.35, 33.93, 19.04, 6.28, 20.52, 10.05, 8.57, 16.33, 15.21, 14.78, 23.31, 25.14, 6.36, 27.8, 10.14, 14.91, 16.6, 19.88, 14.14, 15.26, 17.08, 8.13, 48.41, 22.14, 17.63, 40.83, 0.0, 26.61, 16.85, 25.93, 16.72, 17.03, 21.73, 23.59, 11.35, 13.07, 24.15, 9.94, 43.44, 20.09, 29.67, 60.27], [0.0, 16.88, 19.23, 25.0, 17.81, 18.76, 15.01, 29.28, 15.67, 31.43, 11.52, 8.33, 10.99, 32.26, 9.15, 34.05, 18.44, 27.88, 37.14, 22.84, 10.93, 6.43, 32.94, 11.14, 26.29, 18.42, 18.64, 14.41, 16.54, 37.88, 33.95, 33.0, 26.36, 18.32, 20.77, 14.79, 26.61, 0.0, 18.86, 12.36, 36.49, 21.92, 42.18, 33.9, 18.76, 20.62, 7.3, 34.72, 23.41, 18.46, 10.77, 86.84], [0.0, 8.87, 34.4, 6.42, 17.6, 8.66, 6.53, 14.47, 11.88, 19.81, 22.12, 27.16, 7.89, 19.58, 9.71, 19.03, 14.52, 9.18, 20.24, 4.42, 23.35, 13.75, 21.44, 18.22, 16.15, 21.84, 8.92, 22.97, 4.26, 21.23, 15.64, 18.94, 45.09, 27.28, 10.46, 33.19, 16.85, 18.86, 0.0, 16.95, 18.75, 11.0, 24.16, 15.19, 18.86, 12.61, 12.52, 20.17, 41.6, 25.92, 27.52, 73.8], [0.0, 15.84, 21.39, 22.98, 17.9, 16.91, 13.64, 28.06, 15.05, 30.65, 12.85, 10.23, 9.16, 31.36, 7.26, 32.88, 18.07, 26.06, 35.73, 21.05, 12.55, 12.02, 32.2, 10.9, 25.55, 19.06, 16.76, 15.59, 14.96, 36.5, 32.26, 31.94, 28.48, 19.73, 18.8, 16.34, 25.93, 12.36, 16.95, 0.0, 34.92, 19.99, 40.58, 31.87, 18.96, 18.97, 5.05, 33.62, 25.65, 19.67, 12.99, 86.19], [0.0, 20.52, 47.93, 15.19, 26.5, 18.53, 21.54, 9.44, 23.23, 14.23, 35.53, 44.76, 25.85, 12.44, 27.77, 7.83, 22.97, 10.18, 12.29, 14.33, 37.31, 32.26, 14.77, 36.44, 16.25, 30.86, 18.82, 34.91, 19.97, 4.35, 12.3, 9.86, 61.63, 38.01, 17.58, 51.24, 16.72, 36.49, 18.75, 34.92, 0.0, 16.24, 5.75, 11.81, 27.11, 15.97, 31.03, 8.96, 57.32, 36.05, 42.99, 57.05], [0.0, 10.77, 37.28, 11.43, 19.56, 15.04, 9.07, 13.31, 14.0, 19.28, 24.89, 30.21, 10.96, 18.76, 12.77, 17.51, 16.22, 6.31, 18.04, 11.37, 26.2, 16.69, 20.86, 21.22, 16.3, 23.97, 15.25, 25.57, 6.74, 19.09, 12.92, 17.75, 48.16, 29.77, 8.84, 36.19, 17.03, 21.92, 11.0, 19.99, 16.24, 0.0, 21.48, 12.15, 20.76, 4.25, 15.47, 18.76, 44.65, 28.3, 30.53, 72.11], [0.0, 26.26, 53.55, 19.91, 31.99, 24.0, 27.26, 14.8, 28.93, 18.46, 41.2, 50.47, 31.47, 16.6, 33.39, 11.95, 28.52, 15.2, 6.55, 19.77, 43.0, 37.8, 18.6, 42.06, 21.35, 36.25, 24.26, 40.49, 25.64, 6.77, 8.56, 14.06, 67.38, 43.45, 22.82, 56.91, 21.73, 42.18, 24.16, 40.58, 5.75, 21.48, 0.0, 14.29, 32.53, 21.6, 36.58, 12.64, 63.05, 41.47, 48.72, 53.8], [0.0, 21.75, 49.24, 8.9, 30.03, 15.44, 20.9, 16.72, 25.05, 23.26, 36.73, 42.1, 23.02, 21.86, 24.77, 18.15, 26.39, 7.74, 14.97, 12.11, 38.15, 28.26, 24.37, 32.93, 22.91, 34.61, 15.46, 37.09, 18.63, 16.14, 8.35, 19.65, 60.22, 41.05, 13.18, 47.79, 23.59, 33.9, 15.19, 31.87, 11.81, 12.15, 14.29, 0.0, 31.05, 15.0, 27.09, 19.52, 56.79, 39.39, 42.66, 68.06], [0.0, 10.03, 21.51, 24.13, 12.79, 18.21, 12.63, 17.73, 7.04, 16.08, 10.5, 24.62, 16.0, 17.59, 16.51, 21.28, 4.67, 23.31, 26.15, 19.5, 12.47, 19.95, 17.13, 20.82, 11.5, 12.93, 18.51, 8.6, 14.65, 26.36, 26.48, 19.45, 37.43, 10.93, 20.61, 31.45, 11.35, 18.76, 18.86, 18.96, 27.11, 20.76, 32.53, 31.05, 0.0, 16.68, 19.4, 21.27, 32.27, 8.94, 18.97, 69.32], [0.0, 6.86, 34.31, 7.45, 15.53, 12.06, 6.08, 10.62, 10.16, 15.86, 21.77, 28.94, 9.88, 15.63, 11.81, 15.28, 12.08, 7.69, 17.04, 12.24, 23.24, 16.34, 17.49, 20.47, 12.35, 20.02, 12.26, 22.1, 10.79, 17.94, 13.34, 15.07, 46.33, 26.14, 4.59, 35.31, 13.07, 20.62, 12.61, 18.97, 15.97, 4.25, 21.6, 15.0, 16.68, 0.0, 15.13, 16.37, 42.45, 24.56, 28.14, 70.04], [0.0, 13.63, 25.95, 18.24, 18.17, 12.6, 10.73, 25.03, 13.92, 28.54, 15.94, 15.1, 5.42, 28.98, 12.32, 29.87, 17.3, 21.7, 32.15, 16.83, 16.15, 10.55, 30.16, 5.84, 23.66, 20.45, 12.38, 18.25, 11.4, 33.02, 28.11, 29.19, 33.47, 22.7, 14.21, 20.75, 24.15, 7.3, 12.52, 5.05, 31.03, 15.47, 36.58, 27.09, 19.4, 15.13, 0.0, 30.76, 30.7, 22.22, 17.76, 84.05], [0.0, 17.83, 42.77, 19.41, 21.02, 19.67, 20.11, 5.78, 19.54, 5.88, 31.01, 42.57, 25.34, 11.42, 27.14, 10.62, 18.03, 14.61, 6.29, 16.3, 32.94, 31.9, 5.99, 35.37, 9.78, 24.84, 20.08, 29.73, 19.44, 5.87, 11.29, 10.25, 57.98, 32.07, 19.89, 49.38, 9.94, 34.72, 20.17, 33.62, 8.96, 18.76, 12.64, 19.52, 21.27, 16.37, 30.76, 0.0, 53.15, 30.02, 39.16, 53.67], [0.0, 36.82, 11.85, 47.96, 32.27, 41.36, 36.37, 48.68, 34.15, 48.3, 22.14, 16.42, 33.82, 49.72, 32.2, 52.93, 35.13, 50.1, 57.18, 45.08, 20.23, 29.76, 49.4, 25.26, 43.46, 29.21, 41.33, 23.67, 38.43, 57.64, 55.49, 51.32, 5.86, 22.83, 43.63, 15.29, 43.44, 23.41, 41.6, 25.65, 57.32, 44.65, 63.05, 56.79, 32.27, 42.45, 30.7, 53.15, 0.0, 24.78, 14.36, 99.95], [0.0, 17.7, 13.27, 31.82, 9.62, 25.35, 19.39, 26.68, 14.39, 24.56, 6.96, 21.34, 20.82, 26.21, 20.52, 30.11, 13.28, 31.71, 35.07, 27.47, 8.08, 22.29, 25.4, 21.18, 20.32, 5.22, 25.57, 10.98, 21.68, 35.25, 35.32, 28.22, 30.33, 12.46, 27.88, 27.5, 20.09, 18.46, 25.92, 19.67, 36.05, 28.3, 41.47, 39.39, 8.94, 24.56, 22.22, 30.02, 24.78, 0.0, 13.57, 75.3], [0.0, 22.47, 8.58, 33.93, 18.7, 27.23, 22.05, 34.47, 19.88, 34.61, 8.48, 8.62, 19.93, 35.91, 18.49, 38.84, 21.17, 35.81, 42.93, 30.81, 6.51, 17.07, 35.84, 13.37, 29.61, 16.58, 27.23, 10.84, 24.16, 43.43, 41.13, 37.33, 18.82, 12.26, 29.58, 14.05, 29.67, 10.77, 27.52, 12.99, 42.99, 30.53, 48.72, 42.66, 18.97, 28.14, 17.76, 39.16, 14.36, 13.57, 0.0, 88.08], [0.0, 0.0, 0.0, 0.0, 0.0, 0.0, 0.0, 0.0, 0.0, 0.0, 0.0, 0.0, 0.0, 0.0, 0.0, 0.0, 0.0, 0.0, 0.0, 0.0, 0.0, 0.0, 0.0, 0.0, 0.0, 0.0, 0.0, 0.0, 0.0, 0.0, 0.0, 0.0, 0.0, 0.0, 0.0, 0.0, 0.0, 0.0, 0.0, 0.0, 0.0, 0.0, 0.0, 0.0, 0.0, 0.0, 0.0, 0.0, 0.0, 0.0, 0.0, 0.0]], "time_windows": [[0.0, 5000.0], [0.0, 119.0], [0.0, 153.0], [0.0, 241.0], [0.0, 311.0], [0.0, 350.0], [0.0, 362.0], [0.0, 388.0], [0.0, 412.0], [0.0, 437.0], [0.0, 490.0], [0.0, 531.0], [0.0, 589.0], [0.0, 640.0], [0.0, 681.0], [0.0, 718.0], [0.0, 743.0], [0.0, 768.0], [0.0, 788.0], [0.0, 812.0], [0.0, 866.0], [0.0, 896.0], [0.0, 950.0], [0.0, 1002.0], [0.0, 1036.0], [0.0, 1054.0], [0.0, 1078.0], [0.0, 1103.0], [0.0, 1122.0], [0.0, 1144.0], [0.0, 1152.0], [0.0, 1163.0], [0.0, 1219.0], [0.0, 1248.0], [0.0, 1277.0], [0.0, 1312.0], [0.0, 1353.0], [0.0, 1380.0], [0.0, 1398.0], [0.0, 1415.0], [0.0, 1450.0], [0.0, 1467.0], [0.0, 1488.0], [0.0, 1502.0], [0.0, 1533.0], [0.0, 1550.0], [0.0, 1565.0], [0.0, 1596.0], [0.0, 1649.0], [0.0, 1674.0], [0.0, 1687.0], [0.0, 5000.0]], "start_depot": 0, "end_depot": 51, "horizon": [0.0, 5000.0]}