{"digraph": {"vertex_count": 52, "arc_count": 2550, "arcs": [[0, 1, 1, 1, 1, 1, 1, 1, 1, 1, 1, 1, 1, 1, 1, 1, 1, 1, 1, 1, 1, 1, 1, 1, 1, 1, 1, 1, 1, 1, 1, 1, 1, 1, 1, 1, 1, 1, 1, 1, 1, 1, 1, 1, 1, 1, 1, 1, 1, 1, 1, 1], [0, 0, 1, 1, 1, 1, 1, 1, 1, 1, 1, 1, 1, 1, 1, 1, 1, 1, 1, 1, 1, 1, 1, 1, 1, 1, 1, 1, 1, 1, 1, 1, 1, 1, 1, 1, 1, 1, 1, 1, 1, 1, 1, 1, 1, 1, 1, 1, 1, 1, 1, 1], [0, 1, 0, 1, 1, 1, 1, 1, 1, 1, 1, 1, 1, 1, 1, 1, 1, 1, 1, 1, 1, 1, 1, 1, 1, 1, 1, 1, 1, 1, 1, 1, 1, 1, 1, 1, 1, 1, 1, 1, 1, 1, 1, 1, 1, 1, 1, 1, 1, 1, 1, 1], [0, 1, 1, 0, 1, 1, 1, 1, 1, 1, 1, 1, 1, 1, 1, 1, 1, 1, 1, 1, 1, 1, 1, 1, 1, 1, 1, 1, 1, 1, 1, 1, 1, 1, 1, 1, 1, 1, 1, 1, 1, 1, 1, 1, 1, 1, 1, 1, 1, 1, 1, 1], [0, 1, 1, 1, 0, 1, 1, 1, 1, 1, 1, 1, 1, 1, 1, 1, 1, 1, 1, 1, 1, 1, 1, 1, 1, 1, 1, 1, 1, 1, 1, 1, 1, 1, 1, 1, 1, 1, 1, 1, 1, 1, 1, 1, 1, 1, 1, 1, 1, 1, 1, 1], [0, 1, 1, 1, 1, 0, 1, 1, 1, 1, 1, 1, 1, 1, 1, 1, 1, 1, 1, 1, 1, 1, 1, 1, 1, 1, 1, 1, 1, 1, 1, 1, 1, 1, 1, 1, 1, 1, 1, 1, 1, 1, 1, 1, 1, 1, 1, 1, 1, 1, 1, 1], [0, 1, 1, 1, 1, 1, 0, 1, 1, 1, 1, 1, 1, 1, 1, 1, 1, 1, 1, 1, 1, 1, 1, 1, 1, 1, 1, 1, 1, 1, 1, 1, 1, 1, 1, 1, 1, 1, 1, 1, 1, 1, 1, 1, 1, 1, 1, 1, 1, 1, 1, 1], [0, 1, 1, 1, 1, 1, 1, 0, 1, 1, 1, 1, 1, 1, 1, 1, 1, 1, 1, 1, 1, 1, 1, 1, 1, 1, 1, 1, 1, 1, 1, 1, 1, 1, 1, 1, 1, 1, 1, 1, 1, 1, 1, 1, 1, 1, 1, 1, 1, 1, 1, 1], [0, 1, 1, 1, 1, 1, 1, 1, 0, 1, 1, 1, 1, 1, 1, 1, 1, 1, 1, 1, 1, 1, 1, 1, 1, 1, 1, 1, 1, 1, 1, 1, 1, 1, 1, 1, 1, 1, 1, 1, 1, 1, 1, 1, 1, 1, 1, 1, 1, 1, 1, 1], [0, 1, 1, 1, 1, 1, 1, 1, 1, 0, 1, 1, 1, 1, 1, 1, 1, 1, 1, 1, 1, 1, 1, 1, 1, 1, 1, 1, 1, 1, 1, 1, 1, 1, 1, 1, 1, 1, 1, 1, 1, 1, 1, 1, 1, 1, 1, 1, 1, 1, 1, 1], [0, 1, 1, 1, 1, 1, 1, 1, 1, 1, 0, 1, 1, 1, 1, 1, 1, 1, 1, 1, 1, 1, 1, 1, 1, 1, 1, 1, 1, 1, 1, 1, 1, 1, 1, 1, 1, 1, 1, 1, 1, 1, 1, 1, 1, 1, 1, 1, 1, 1, 1, 1], [0, 1, 1, 1, 1, 1, 1, 1, 1, 1, 1, 0, 1, 1, 1, 1, 1, 1, 1, 1, 1, 1, 1, 1, 1, 1, 1, 1, 1, 1, 1, 1, 1, 1, 1, 1, 1, 1, 1, 1, 1, 1, 1, 1, 1, 1, 1, 1, 1, 1, 1, 1], [0, 1, 1, 1, 1, 1, 1, 1, 1, 1, 1, 1, 0, 1, 1, 1, 1, 1, 1, 1, 1, 1, 1, 1, 1, 1, 1, 1, 1, 1, 1, 1, 1, 1, 1, 1, 1, 1, 1, 1, 1, 1, 1, 1, 1, 1, 1, 1, 1, 1, 1, 1], [0, 1, 1, 1, 1, 1, 1, 1, 1, 1, 1, 1, 1, 0, 1, 1, 1, 1, 1, 1, 1, 1, 1, 1, 1, 1, 1, 1, 1, 1, 1, 1, 1, 1, 1, 1, 1, 1, 1, 1, 1, 1, 1, 1, 1, 1, 1, 1, 1, 1, 1, 1], [0, 1, 1, 1, 1, 1, 1, 1, 1, 1, 1, 1, 1, 1, 0, 1, 1, 1, 1, 1, 1, 1, 1, 1, 1, 1, 1, 1, 1, 1, 1, 1, 1, 1, 1, 1, 1, 1, 1, 1, 1, 1, 1, 1, 1, 1, 1, 1, 1, 1, 1, 1], [0, 1, 1, 1, 1, 1, 1, 1, 1, 1, 1, 1, 1, 1, 1, 0, 1, 1, 1, 1, 1, 1, 1, 1, 1, 1, 1, 1, 1, 1, 1, 1, 1, 1, 1, 1, 1, 1, 1, 1, 1, 1, 1, 1, 1, 1, 1, 1, 1, 1, 1, 1], [0, 1, 1, 1, 1, 1, 1, 1, 1, 1, 1, 1, 1, 1, 1, 1, 0, 1, 1, 1, 1, 1, 1, 1, 1, 1, 1, 1, 1, 1, 1, 1, 1, 1, 1, 1, 1, 1, 1, 1, 1, 1, 1, 1, 1, 1, 1, 1, 1, 1, 1, 1], [0, 1, 1, 1, 1, 1, 1, 1, 1, 1, 1, 1, 1, 1, 1, 1, 1, 0, 1, 1, 1, 1, 1, 1, 1, 1, 1, 1, 1, 1, 1, 1, 1, 1, 1, 1, 1, 1, 1, 1, 1, 1, 1, 1, 1, 1, 1, 1, 1, 1, 1, 1], [0, 1, 1, 1, 1, 1, 1, 1, 1, 1, 1, 1, 1, 1, 1, 1, 1, 1, 0, 1, 1, 1, 1, 1, 1, 1, 1, 1, 1, 1, 1, 1, 1, 1, 1, 1, 1, 1, 1, 1, 1, 1, 1, 1, 1, 1, 1, 1, 1, 1, 1, 1], [0, 1, 1, 1, 1, 1, 1, 1, 1, 1, 1, 1, 1, 1, 1, 1, 1, 1, 1, 0, 1, 1, 1, 1, 1, 1, 1, 1, 1, 1, 1, 1, 1, 1, 1, 1, 1, 1, 1, 1, 1, 1, 1, 1, 1, 1, 1, 1, 1, 1, 1, 1], [0, 1, 1, 1, 1, 1, 1, 1, 1, 1, 1, 1, 1, 1, 1, 1, 1, 1, 1, 1, 0, 1, 1, 1, 1, 1, 1, 1, 1, 1, 1, 1, 1, 1, 1, 1, 1, 1, 1, 1, 1, 1, 1, 1, 1, 1, 1, 1, 1, 1, 1, 1], [0, 1, 1, 1, 1, 1, 1, 1, 1, 1, 1, 1, 1, 1, 1, 1, 1, 1, 1, 1, 1, 0, 1, 1, 1, 1, 1, 1, 1, 1, 1, 1, 1, 1, 1, 1, 1, 1, 1, 1, 1, 1, 1, 1, 1, 1, 1, 1, 1, 1, 1, 1], [0, 1, 1, 1, 1, 1, 1, 1, 1, 1, 1, 1, 1, 1, 1, 1, 1, 1, 1, 1, 1, 1, 0, 1, 1, 1, 1, 1, 1, 1, 1, 1, 1, 1, 1, 1, 1, 1, 1, 1, 1, 1, 1, 1, 1, 1, 1, 1, 1, 1, 1, 1], [0, 1, 1, 1, 1, 1, 1, 1, 1, 1, 1, 1, 1, 1, 1, 1, 1, 1, 1, 1, 1, 1, 1, 0, 1, 1, 1, 1, 1, 1, 1, 1, 1, 1, 1, 1, 1, 1, 1, 1, 1, 1, 1, 1, 1, 1, 1, 1, 1, 1, 1, 1], [0, 1, 1, 1, 1, 1, 1, 1, 1, 1, 1, 1, 1, 1, 1, 1, 1, 1, 1, 1, 1, 1, 1, 1, 0, 1, 1, 1, 1, 1, 1, 1, 1, 1, 1, 1, 1, 1, 1, 1, 1, 1, 1, 1, 1, 1, 1, 1, 1, 1, 1, 1], [0, 1, 1, 1, 1, 1, 1, 1, 1, 1, 1, 1, 1, 1, 1, 1, 1, 1, 1, 1, 1, 1, 1, 1, 1, 0, 1, 1, 1, 1, 1, 1, 1, 1, 1, 1, 1, 1, 1, 1, 1, 1, 1, 1, 1, 1, 1, 1, 1, 1, 1, 1], [0, 1, 1, 1, 1, 1, 1, 1, 1, 1, 1, 1, 1, 1, 1, 1, 1, 1, 1, 1, 1, 1, 1, 1, 1, 1, 0, 1, 1, 1, 1, 1, 1, 1, 1, 1, 1, 1, 1, 1, 1, 1, 1, 1, 1, 1, 1, 1, 1, 1, 1, 1], [0, 1, 1, 1, 1, 1, 1, 1, 1, 1, 1, 1, 1, 1, 1, 1, 1, 1, 1, 1, 1, 1, 1, 1, 1, 1, 1, 0, 1, 1, 1, 1, 1, 1, 1, 1, 1, 1, 1, 1, 1, 1, 1, 1, 1, 1, 1, 1, 1, 1, 1, 1], [0, 1, 1, 1, 1, 1, 1, 1, 1, 1, 1, 1, 1, 1, 1, 1, 1, 1, 1, 1, 1, 1, 1, 1, 1, 1, 1, 1, 0, 1, 1, 1, 1, 1, 1, 1, 1, 1, 1, 1, 1, 1, 1, 1, 1, 1, 1, 1, 1, 1, 1, 1], [0, 1, 1, 1, 1, 1, 1, 1, 1, 1, 1, 1, 1, 1, 1, 1, 1, 1, 1, 1, 1, 1, 1, 1, 1, 1, 1, 1, 1, 0, 1, 1, 1, 1, 1, 1, 1, 1, 1, 1, 1, 1, 1, 1, 1, 1, 1, 1, 1, 1, 1, 1], [0, 1, 1, 1, 1, 1, 1, 1, 1, 1, 1, 1, 1, 1, 1, 1, 1, 1, 1, 1, 1, 1, 1, 1, 1, 1, 1, 1, 1, 1, 0, 1, 1, 1, 1, 1, 1, 1, 1, 1, 1, 1, 1, 1, 1, 1, 1, 1, 1, 1, 1, 1], [0, 1, 1, 1, 1, 1, 1, 1, 1, 1, 1, 1, 1, 1, 1, 1, 1, 1, 1, 1, 1, 1, 1, 1, 1, 1, 1, 1, 1, 1, 1, 0, 1, 1, 1, 1, 1, 1, 1, 1, 1, 1, 1, 1, 1, 1, 1, 1, 1, 1, 1, 1], [0, 1, 1, 1, 1, 1, 1, 1, 1, 1, 1, 1, 1, 1, 1, 1, 1, 1, 1, 1, 1, 1, 1, 1, 1, 1, 1, 1, 1, 1, 1, 1, 0, 1, 1, 1, 1, 1, 1, 1, 1, 1, 1, 1, 1, 1, 1, 1, 1, 1, 1, 1], [0, 1, 1, 1, 1, 1, 1, 1, 1, 1, 1, 1, 1, 1, 1, 1, 1, 1, 1, 1, 1, 1, 1, 1, 1, 1, 1, 1, 1, 1, 1, 1, 1, 0, 1, 1, 1, 1, 1, 1, 1, 1, 1, 1, 1, 1, 1, 1, 1, 1, 1, 1], [0, 1, 1, 1, 1, 1, 1, 1, 1, 1, 1, 1, 1, 1, 1, 1, 1, 1, 1, 1, 1, 1, 1, 1, 1, 1, 1, 1, 1, 1, 1, 1, 1, 1, 0, 1, 1, 1, 1, 1, 1, 1, 1, 1, 1, 1, 1, 1, 1, 1, 1, 1], [0, 1, 1, 1, 1, 1, 1, 1, 1, 1, 1, 1, 1, 1, 1, 1, 1, 1, 1, 1, 1, 1, 1, 1, 1, 1, 1, 1, 1, 1, 1, 1, 1, 1, 1, 0, 1, 1, 1, 1, 1, 1, 1, 1, 1, 1, 1, 1, 1, 1, 1, 1], [0, 1, 1, 1, 1, 1, 1, 1, 1, 1, 1, 1, 1, 1, 1, 1, 1, 1, 1, 1, 1, 1, 1, 1, 1, 1, 1, 1, 1, 1, 1, 1, 1, 1, 1, 1, 0, 1, 1, 1, 1, 1, 1, 1, 1, 1, 1, 1, 1, 1, 1, 1], [0, 1, 1, 1, 1, 1, 1, 1, 1, 1, 1, 1, 1, 1, 1, 1, 1, 1, 1, 1, 1, 1, 1, 1, 1, 1, 1, 1, 1, 1, 1, 1, 1, 1, 1, 1, 1, 0, 1, 1, 1, 1, 1, 1, 1, 1, 1, 1, 1, 1, 1, 1], [0, 1, 1, 1, 1, 1, 1, 1, 1, 1, 1, 1, 1, 1, 1, 1, 1, 1, 1, 1, 1, 1, 1, 1, 1, 1, 1, 1, 1, 1, 1, 1, 1, 1, 1, 1, 1, 1, 0, 1, 1, 1, 1, 1, 1, 1, 1, 1, 1, 1, 1, 1], [0, 1, 1, 1, 1, 1, 1, 1, 1, 1, 1, 1, 1, 1, 1, 1, 1, 1, 1, 1, 1, 1, 1, 1, 1, 1, 1, 1, 1, 1, 1, 1, 1, 1, 1, 1, 1, 1, 1, 0, 1, 1, 1, 1, 1, 1, 1, 1, 1, 1, 1, 1], [0, 1, 1, 1, 1, 1, 1, 1, 1, 1, 1, 1, 1, 1, 1, 1, 1, 1, 1, 1, 1, 1, 1, 1, 1, 1, 1, 1, 1, 1, 1, 1, 1, 1, 1, 1, 1, 1, 1, 1, 0, 1, 1, 1, 1, 1, 1, 1, 1, 1, 1, 1], [0, 1, 1, 1, 1, 1, 1, 1, 1, 1, 1, 1, 1, 1, 1, 1, 1, 1, 1, 1, 1, 1, 1, 1, 1, 1, 1, 1, 1, 1, 1, 1, 1, 1, 1, 1, 1, 1, 1, 1, 1, 0, 1, 1, 1, 1, 1, 1, 1, 1, 1, 1], [0, 1, 1, 1, 1, 1, 1, 1, 1, 1, 1, 1, 1, 1, 1, 1, 1, 1, 1, 1, 1, 1, 1, 1, 1, 1, 1, 1, 1, 1, 1, 1, 1, 1, 1, 1, 1, 1, 1, 1, 1, 1, 0, 1, 1, 1, 1, 1, 1, 1, 1, 1], [0, 1, 1, 1, 1, 1, 1, 1, 1, 1, 1, 1, 1, 1, 1, 1, 1, 1, 1, 1, 1, 1, 1, 1, 1, 1, 1, 1, 1, 1, 1, 1, 1, 1, 1, 1, 1, 1, 1, 1, 1, 1, 1, 0, 1, 1, 1, 1, 1, 1, 1, 1], [0, 1, 1, 1, 1, 1, 1, 1, 1, 1, 1, 1, 1, 1, 1, 1, 1, 1, 1, 1, 1, 1, 1, 1, 1, 1, 1, 1, 1, 1, 1, 1, 1, 1, 1, 1, 1, 1, 1, 1, 1, 1, 1, 1, 0, 1, 1, 1, 1, 1, 1, 1], [0, 1, 1, 1, 1, 1, 1, 1, 1, 1, 1, 1, 1, 1, 1, 1, 1, 1, 1, 1, 1, 1, 1, 1, 1, 1, 1, 1, 1, 1, 1, 1, 1, 1, 1, 1, 1, 1, 1, 1, 1, 1, 1, 1, 1, 0, 1, 1, 1, 1, 1, 1], [0, 1, 1, 1, 1, 1, 1, 1, 1, 1, 1, 1, 1, 1, 1, 1, 1, 1, 1, 1, 1, 1, 1, 1, 1, 1, 1, 1, 1, 1, 1, 1, 1, 1, 1, 1, 1, 1, 1, 1, 1, 1, 1, 1, 1, 1, 0, 1, 1, 1, 1, 1], [0, 1, 1, 1, 1, 1, 1, 1, 1, 1, 1, 1, 1, 1, 1, 1, 1, 1, 1, 1, 1, 1, 1, 1, 1, 1, 1, 1, 1, 1, 1, 1, 1, 1, 1, 1, 1, 1, 1, 1, 1, 1, 1, 1, 1, 1, 1, 0, 1, 1, 1, 1], [0, 1, 1, 1, 1, 1, 1, 1, 1, 1, 1, 1, 1, 1, 1, 1, 1, 1, 1, 1, 1, 1, 1, 1, 1, 1, 1, 1, 1, 1, 1, 1, 1, 1, 1, 1, 1, 1, 1, 1, 1, 1, 1, 1, 1, 1, 1, 1, 0, 1, 1, 1], [0, 1, 1, 1, 1, 1, 1, 1, 1, 1, 1, 1, 1, 1, 1, 1, 1, 1, 1, 1, 1, 1, 1, 1, 1, 1, 1, 1, 1, 1, 1, 1, 1, 1, 1, 1, 1, 1, 1, 1, 1, 1, 1, 1, 1, 1, 1, 1, 1, 0, 1, 1], [0, 1, 1, 1, 1, 1, 1, 1, 1, 1, 1, 1, 1, 1, 1, 1, 1, 1, 1, 1, 1, 1, 1, 1, 1, 1, 1, 1, 1, 1, 1, 1, 1, 1, 1, 1, 1, 1, 1, 1, 1, 1, 1, 1, 1, 1, 1, 1, 1, 1, 0, 1], [0, 0, 0, 0, 0, 0, 0, 0, 0, 0, 0, 0, 0, 0, 0, 0, 0, 0, 0, 0, 0, 0, 0, 0, 0, 0, 0, 0, 0, 0, 0, 0, 0, 0, 0, 0, 0, 0, 0, 0, 0, 0, 0, 0, 0, 0, 0, 0, 0, 0, 0, 0]]}, "cluster_count": 3, "cluster_speeds": [[0.925, 0.85, 0.925, 1.0, 0.8325, 0.765, 0.8325, 0.9, 0.4625, 0.425, 0.4625, 0.5, 0.30525, 0.2805, 0.30525, 0.33, 0.37, 0.34, 0.37, 0.4, 0.555, 0.51, 0.555, 0.6, 0.6475, 0.595, 0.6475, 0.7, 0.37, 0.34, 0.37, 0.4, 0.30525, 0.2805, 0.30525, 0.33, 0.4625, 0.425, 0.4625, 0.5, 0.6475, 0.595, 0.6475, 0.7, 0.74, 0.68, 0.74, 0.8, 0.6475, 0.595, 0.6475, 0.7, 0.4625, 0.425, 0.4625, 0.5, 0.555, 0.51, 0.555, 0.6, 0.6475, 0.595, 0.6475, 0.7, 0.8325, 0.765, 0.8325, 0.9, 0.925, 0.85, 0.925, 1.0, 1.0], [0.6475, 0.595, 0.6475, 0.7, 0.58275, 0.5355, 0.58275, 0.63, 0.32375, 0.2975, 0.32375, 0.35, 0.213675, 0.19635, 0.213675, 0.23099999999999998, 0.259, 0.238, 0.259, 0.27999999999999997, 0.3885, 0.357, 0.3885, 0.42, 0.6475, 0.595, 0.6475, 0.7, 0.37, 0.34, 0.37, 0.4, 0.30525, 0.2805, 0.30525, 0.33, 0.4625, 0.425, 0.4625, 0.5, 0.6475, 0.595, 0.6475, 0.7, 0.74, 0.68, 0.74, 0.8, 0.45324999999999993, 0.4165, 0.45324999999999993, 0.48999999999999994, 0.32375, 0.2975, 0.32375, 0.35, 0.3885, 0.357, 0.3885, 0.42, 0.45324999999999993, 0.4165, 0.45324999999999993, 0.48999999999999994, 0.58275, 0.5355, 0.58275, 0.63, 0.6475, 0.595, 0.6475, 0.7, 0.7], [0.87875, 0.8075, 0.87875, 0.95, 0.790875, 0.72675, 0.790875, 0.855, 0.439375, 0.40375, 0.439375, 0.475, 0.2899875, 0.266475, 0.2899875, 0.3135, 0.3515, 0.323, 0.3515, 0.38, 0.52725, 0.4845, 0.52725, 0.57, 0.6475, 0.595, 0.6475, 0.7, 0.37, 0.34, 0.37, 0.4, 0.30525, 0.2805, 0.30525, 0.33, 0.4625, 0.425, 0.4625, 0.5, 0.6475, 0.595, 0.6475, 0.7, 0.74, 0.68, 0.74, 0.8, 0.6151249999999999, 0.5652499999999999, 0.6151249999999999, 0.6649999999999999, 0.439375, 0.40375, 0.439375, 0.475, 0.52725, 0.4845, 0.52725, 0.57, 0.6151249999999999, 0.5652499999999999, 0.6151249999999999, 0.6649999999999999, 0.790875, 0.72675, 0.790875, 0.855, 0.87875, 0.8075, 0.87875, 0.95, 0.95]], "clusters": [[-1, 2, 2, 2, 2, 2, 2, 2, 2, 2, 2, 2, 2, 2, 2, 2, 2, 2, 2, 2, 2, 2, 2, 2, 2, 2, 2, 2, 2, 2, 2, 2, 2, 2, 2, 2, 2, 2, 2, 2, 2, 2, 2, 2, 2, 2, 2, 2, 2, 2, 2, 2], [1, -1, 1, 1, 1, 1, 1, 1, 1, 1, 1, 1, 1, 1, 1, 1, 1, 1, 1, 1, 1, 1, 1, 1, 1, 1, 1, 1, 1, 1, 1, 1, 1, 1, 1, 1, 1, 1, 1, 1, 1, 1, 1, 1, 1, 1, 1, 1, 1, 1, 1, 1], [0, 0, -1, 0, 0, 0, 0, 0, 0, 0, 0, 0, 0, 0, 0, 0, 0, 0, 0, 0, 0, 0, 0, 0, 0, 0, 0, 0, 0, 0, 0, 0, 0, 0, 0, 0, 0, 0, 0, 0, 0, 0, 0, 0, 0, 0, 0, 0, 0, 0, 0, 0], [0, 0, 0, -1, 0, 0, 0, 0, 0, 0, 0, 0, 0, 0, 0, 0, 0, 0, 0, 0, 0, 0, 0, 0, 0, 0, 0, 0, 0, 0, 0, 0, 0, 0, 0, 0, 0, 0, 0, 0, 0, 0, 0, 0, 0, 0, 0, 0, 0, 0, 0, 0], [0, 0, 0, 0, -1, 0, 0, 0, 0, 0, 0, 0, 0, 0, 0, 0, 0, 0, 0, 0, 0, 0, 0, 0, 0, 0, 0, 0, 0, 0, 0, 0, 0, 0, 0, 0, 0, 0, 0, 0, 0, 0, 0, 0, 0, 0, 0, 0, 0, 0, 0, 0], [1, 1, 1, 1, 1, -1, 1, 1, 1, 1, 1, 1, 1, 1, 1, 1, 1, 1, 1, 1, 1, 1, 1, 1, 1, 1, 1, 1, 1, 1, 1, 1, 1, 1, 1, 1, 1, 1, 1, 1, 1, 1, 1, 1, 1, 1, 1, 1, 1, 1, 1, 1], [0, 0, 0, 0, 0, 0, -1, 0, 0, 0, 0, 0, 0, 0, 0, 0, 0, 0, 0, 0, 0, 0, 0, 0, 0, 0, 0, 0, 0, 0, 0, 0, 0, 0, 0, 0, 0, 0, 0, 0, 0, 0, 0, 0, 0, 0, 0, 0, 0, 0, 0, 0], [1, 1, 1, 1, 1, 1, 1, -1, 1, 1, 1, 1, 1, 1, 1, 1, 1, 1, 1, 1, 1, 1, 1, 1, 1, 1, 1, 1, 1, 1, 1, 1, 1, 1, 1, 1, 1, 1, 1, 1, 1, 1, 1, 1, 1, 1, 1, 1, 1, 1, 1, 1], [1, 1, 1, 1, 1, 1, 1, 1, -1, 1, 1, 1, 1, 1, 1, 1, 1, 1, 1, 1, 1, 1, 1, 1, 1, 1, 1, 1, 1, 1, 1, 1, 1, 1, 1, 1, 1, 1, 1, 1, 1, 1, 1, 1, 1, 1, 1, 1, 1, 1, 1, 1], [1, 1, 1, 1, 1, 1, 1, 1, 1, -1, 1, 1, 1, 1, 1, 1, 1, 1, 1, 1, 1, 1, 1, 1, 1, 1, 1, 1, 1, 1, 1, 1, 1, 1, 1, 1, 1, 1, 1, 1, 1, 1, 1, 1, 1, 1, 1, 1, 1, 1, 1, 1], [2, 2, 2, 2, 2, 2, 2, 2, 2, 2, -1, 2, 2, 2, 2, 2, 2, 2, 2, 2, 2, 2, 2, 2, 2, 2, 2, 2, 2, 2, 2, 2, 2, 2, 2, 2, 2, 2, 2, 2, 2, 2, 2, 2, 2, 2, 2, 2, 2, 2, 2, 2], [1, 1, 1, 1, 1, 1, 1, 1, 1, 1, 1, -1, 1, 1, 1, 1, 1, 1, 1, 1, 1, 1, 1, 1, 1, 1, 1, 1, 1, 1, 1, 1, 1, 1, 1, 1, 1, 1, 1, 1, 1, 1, 1, 1, 1, 1, 1, 1, 1, 1, 1, 1], [0, 0, 0, 0, 0, 0, 0, 0, 0, 0, 0, 0, -1, 0, 0, 0, 0, 0, 0, 0, 0, 0, 0, 0, 0, 0, 0, 0, 0, 0, 0, 0, 0, 0, 0, 0, 0, 0, 0, 0, 0, 0, 0, 0, 0, 0, 0, 0, 0, 0, 0, 0], [2, 2, 2, 2, 2, 2, 2, 2, 2, 2, 2, 2, 2, -1, 2, 2, 2, 2, 2, 2, 2, 2, 2, 2, 2, 2, 2, 2, 2, 2, 2, 2, 2, 2, 2, 2, 2, 2, 2, 2, 2, 2, 2, 2, 2, 2, 2, 2, 2, 2, 2, 2], [0, 0, 0, 0, 0, 0, 0, 0, 0, 0, 0, 0, 0, 0, -1, 0, 0, 0, 0, 0, 0, 0, 0, 0, 0, 0, 0, 0, 0, 0, 0, 0, 0, 0, 0, 0, 0, 0, 0, 0, 0, 0, 0, 0, 0, 0, 0, 0, 0, 0, 0, 0], [1, 1, 1, 1, 1, 1, 1, 1, 1, 1, 1, 1, 1, 1, 1, -1, 1, 1, 1, 1, 1, 1, 1, 1, 1, 1, 1, 1, 1, 1, 1, 1, 1, 1, 1, 1, 1, 1, 1, 1, 1, 1, 1, 1, 1, 1, 1, 1, 1, 1, 1, 1], [0, 0, 0, 0, 0, 0, 0, 0, 0, 0, 0, 0, 0, 0, 0, 0, -1, 0, 0, 0, 0, 0, 0, 0, 0, 0, 0, 0, 0, 0, 0, 0, 0, 0, 0, 0, 0, 0, 0, 0, 0, 0, 0, 0, 0, 0, 0, 0, 0, 0, 0, 0], [1, 1, 1, 1, 1, 1, 1, 1, 1, 1, 1, 1, 1, 1, 1, 1, 1, -1, 1, 1, 1, 1, 1, 1, 1, 1, 1, 1, 1, 1, 1, 1, 1, 1, 1, 1, 1, 1, 1, 1, 1, 1, 1, 1, 1, 1, 1, 1, 1, 1, 1, 1], [1, 1, 1, 1, 1, 1, 1, 1, 1, 1, 1, 1, 1, 1, 1, 1, 1, 1, -1, 1, 1, 1, 1, 1, 1, 1, 1, 1, 1, 1, 1, 1, 1, 1, 1, 1, 1, 1, 1, 1, 1, 1, 1, 1, 1, 1, 1, 1, 1, 1, 1, 1], [0, 0, 0, 0, 0, 0, 0, 0, 0, 0, 0, 0, 0, 0, 0, 0, 0, 0, 0, -1, 0, 0, 0, 0, 0, 0, 0, 0, 0, 0, 0, 0, 0, 0, 0, 0, 0, 0, 0, 0, 0, 0, 0, 0, 0, 0, 0, 0, 0, 0, 0, 0], [2, 2, 2, 2, 2, 2, 2, 2, 2, 2, 2, 2, 2, 2, 2, 2, 2, 2, 2, 2, -1, 2, 2, 2, 2, 2, 2, 2, 2, 2, 2, 2, 2, 2, 2, 2, 2, 2, 2, 2, 2, 2, 2, 2, 2, 2, 2, 2, 2, 2, 2, 2], [1, 1, 1, 1, 1, 1, 1, 1, 1, 1, 1, 1, 1, 1, 1, 1, 1, 1, 1, 1, 1, -1, 1, 1, 1, 1, 1, 1, 1, 1, 1, 1, 1, 1, 1, 1, 1, 1, 1, 1, 1, 1, 1, 1, 1, 1, 1, 1, 1, 1, 1, 1], [0, 0, 0, 0, 0, 0, 0, 0, 0, 0, 0, 0, 0, 0, 0, 0, 0, 0, 0, 0, 0, 0, -1, 0, 0, 0, 0, 0, 0, 0, 0, 0, 0, 0, 0, 0, 0, 0, 0, 0, 0, 0, 0, 0, 0, 0, 0, 0, 0, 0, 0, 0], [0, 0, 0, 0, 0, 0, 0, 0, 0, 0, 0, 0, 0, 0, 0, 0, 0, 0, 0, 0, 0, 0, 0, -1, 0, 0, 0, 0, 0, 0, 0, 0, 0, 0, 0, 0, 0, 0, 0, 0, 0, 0, 0, 0, 0, 0, 0, 0, 0, 0, 0, 0], [0, 0, 0, 0, 0, 0, 0, 0, 0, 0, 0, 0, 0, 0, 0, 0, 0, 0, 0, 0, 0, 0, 0, 0, -1, 0, 0, 0, 0, 0, 0, 0, 0, 0, 0, 0, 0, 0, 0, 0, 0, 0, 0, 0, 0, 0, 0, 0, 0, 0, 0, 0], [1, 1, 1, 1, 1, 1, 1, 1, 1, 1, 1, 1, 1, 1, 1, 1, 1, 1, 1, 1, 1, 1, 1, 1, 1, -1, 1, 1, 1, 1, 1, 1, 1, 1, 1, 1, 1, 1, 1, 1, 1, 1, 1, 1, 1, 1, 1, 1, 1, 1, 1, 1], [2, 2, 2, 2, 2, 2, 2, 2, 2, 2, 2, 2, 2, 2, 2, 2, 2, 2, 2, 2, 2, 2, 2, 2, 2, 2, -1, 2, 2, 2, 2, 2, 2, 2, 2, 2, 2, 2, 2, 2, 2, 2, 2, 2, 2, 2, 2, 2, 2, 2, 2, 2], [1, 1, 1, 1, 1, 1, 1, 1, 1, 1, 1, 1, 1, 1, 1, 1, 1, 1, 1, 1, 1, 1, 1, 1, 1, 1, 1, -1, 1, 1, 1, 1, 1, 1, 1, 1, 1, 1, 1, 1, 1, 1, 1, 1, 1, 1, 1, 1, 1, 1, 1, 1], [1, 1, 1, 1, 1, 1, 1, 1, 1, 1, 1, 1, 1, 1, 1, 1, 1, 1, 1, 1, 1, 1, 1, 1, 1, 1, 1, 1, -1, 1, 1, 1, 1, 1, 1, 1, 1, 1, 1, 1, 1, 1, 1, 1, 1, 1, 1, 1, 1, 1, 1, 1], [1, 1, 1, 1, 1, 1, 1, 1, 1, 1, 1, 1, 1, 1, 1, 1, 1, 1, 1, 1, 1, 1, 1, 1, 1, 1, 1, 1, 1, -1, 1, 1, 1, 1, 1, 1, 1, 1, 1, 1, 1, 1, 1, 1, 1, 1, 1, 1, 1, 1, 1, 1], [0, 0, 0, 0, 0, 0, 0, 0, 0, 0, 0, 0, 0, 0, 0, 0, 0, 0, 0, 0, 0, 0, 0, 0, 0, 0, 0, 0, 0, 0, -1, 0, 0, 0, 0, 0, 0, 0, 0, 0, 0, 0, 0, 0, 0, 0, 0, 0, 0, 0, 0, 0], [1, 1, 1, 1, 1, 1, 1, 1, 1, 1, 1, 1, 1, 1, 1, 1, 1, 1, 1, 1, 1, 1, 1, 1, 1, 1, 1, 1, 1, 1, 1, -1, 1, 1, 1, 1, 1, 1, 1, 1, 1, 1, 1, 1, 1, 1, 1, 1, 1, 1, 1, 1], [0, 0, 0, 0, 0, 0, 0, 0, 0, 0, 0, 0, 0, 0, 0, 0, 0, 0, 0, 0, 0, 0, 0, 0, 0, 0, 0, 0, 0, 0, 0, 0, -1, 0, 0, 0, 0, 0, 0, 0, 0, 0, 0, 0, 0, 0, 0, 0, 0, 0, 0, 0], [0, 0, 0, 0, 0, 0, 0, 0, 0, 0, 0, 0, 0, 0, 0, 0, 0, 0, 0, 0, 0, 0, 0, 0, 0, 0, 0, 0, 0, 0, 0, 0, 0, -1, 0, 0, 0, 0, 0, 0, 0, 0, 0, 0, 0, 0, 0, 0, 0, 0, 0, 0], [1, 1, 1, 1, 1, 1, 1, 1, 1, 1, 1, 1, 1, 1, 1, 1, 1, 1, 1, 1, 1, 1, 1, 1, 1, 1, 1, 1, 1, 1, 1, 1, 1, 1, -1, 1, 1, 1, 1, 1, 1, 1, 1, 1, 1, 1, 1, 1, 1, 1, 1, 1], [1, 1, 1, 1, 1, 1, 1, 1, 1, 1, 1, 1, 1, 1, 1, 1, 1, 1, 1, 1, 1, 1, 1, 1, 1, 1, 1, 1, 1, 1, 1, 1, 1, 1, 1, -1, 1, 1, 1, 1, 1, 1, 1, 1, 1, 1, 1, 1, 1, 1, 1, 1], [1, 1, 1, 1, 1, 1, 1, 1, 1, 1, 1, 1, 1, 1, 1, 1, 1, 1, 1, 1, 1, 1, 1, 1, 1, 1, 1, 1, 1, 1, 1, 1, 1, 1, 1, 1, -1, 1, 1, 1, 1, 1, 1, 1, 1, 1, 1, 1, 1, 1, 1, 1], [0, 0, 0, 0, 0, 0, 0, 0, 0, 0, 0, 0, 0, 0, 0, 0, 0, 0, 0, 0, 0, 0, 0, 0, 0, 0, 0, 0, 0, 0, 0, 0, 0, 0, 0, 0, 0, -1, 0, 0, 0, 0, 0, 0, 0, 0, 0, 0, 0, 0, 0, 0], [1, 1, 1, 1, 1, 1, 1, 1, 1, 1, 1, 1, 1, 1, 1, 1, 1, 1, 1, 1, 1, 1, 1, 1, 1, 1, 1, 1, 1, 1, 1, 1, 1, 1, 1, 1, 1, 1, -1, 1, 1, 1, 1, 1, 1, 1, 1, 1, 1, 1, 1, 1], [0, 0, 0, 0, 0, 0, 0, 0, 0, 0, 0, 0, 0, 0, 0, 0, 0, 0, 0, 0, 0, 0, 0, 0, 0, 0, 0, 0, 0, 0, 0, 0, 0, 0, 0, 0, 0, 0, 0, -1, 0, 0, 0, 0, 0, 0, 0, 0, 0, 0, 0, 0], [0, 0, 0, 0, 0, 0, 0, 0, 0, 0, 0, 0, 0, 0, 0, 0, 0, 0, 0, 0, 0, 0, 0, 0, 0, 0, 0, 0, 0, 0, 0, 0, 0, 0, 0, 0, 0, 0, 0, 0, -1, 0, 0, 0, 0, 0, 0, 0, 0, 0, 0, 0], [2, 2, 2, 2, 2, 2, 2, 2, 2, 2, 2, 2, 2, 2, 2, 2, 2, 2, 2, 2, 2, 2, 2, 2, 2, 2, 2, 2, 2, 2, 2, 2, 2, 2, 2, 2, 2, 2, 2, 2, 2, -1, 2, 2, 2, 2, 2, 2, 2, 2, 2, 2], [0, 0, 0, 0, 0, 0, 0, 0, 0, 0, 0, 0, 0, 0, 0, 0, 0, 0, 0, 0, 0, 0, 0, 0, 0, 0, 0, 0, 0, 0, 0, 0, 0, 0, 0, 0, 0, 0, 0, 0, 0, 0, -1, 0, 0, 0, 0, 0, 0, 0, 0, 0], [0, 0, 0, 0, 0, 0, 0, 0, 0, 0, 0, 0, 0, 0, 0, 0, 0, 0, 0, 0, 0, 0, 0, 0, 0, 0, 0, 0, 0, 0, 0, 0, 0, 0, 0, 0, 0, 0, 0, 0, 0, 0, 0, -1, 0, 0, 0, 0, 0, 0, 0, 0], [1, 1, 1, 1, 1, 1, 1, 1, 1, 1, 1, 1, 1, 1, 1, 1, 1, 1, 1, 1, 1, 1, 1, 1, 1, 1, 1, 1, 1, 1, 1, 1, 1, 1, 1, 1, 1, 1, 1, 1, 1, 1, 1, 1, -1, 1, 1, 1, 1, 1, 1, 1], [1, 1, 1, 1, 1, 1, 1, 1, 1, 1, 1, 1, 1, 1, 1, 1, 1, 1, 1, 1, 1, 1, 1, 1, 1, 1, 1, 1, 1, 1, 1, 1, 1, 1, 1, 1, 1, 1, 1, 1, 1, 1, 1, 1, 1, -1, 1, 1, 1, 1, 1, 1], [0, 0, 0, 0, 0, 0, 0, 0, 0, 0, 0, 0, 0, 0, 0, 0, 0, 0, 0, 0, 0, 0, 0, 0, 0, 0, 0, 0, 0, 0, 0, 0, 0, 0, 0, 0, 0, 0, 0, 0, 0, 0, 0, 0, 0, 0, -1, 0, 0, 0, 0, 0], [0, 0, 0, 0, 0, 0, 0, 0, 0, 0, 0, 0, 0, 0, 0, 0, 0, 0, 0, 0, 0, 0, 0, 0, 0, 0, 0, 0, 0, 0, 0, 0, 0, 0, 0, 0, 0, 0, 0, 0, 0, 0, 0, 0, 0, 0, 0, -1, 0, 0, 0, 0], [2, 2, 2, 2, 2, 2, 2, 2, 2, 2, 2, 2, 2, 2, 2, 2, 2, 2, 2, 2, 2, 2, 2, 2, 2, 2, 2, 2, 2, 2, 2, 2, 2, 2, 2, 2, 2, 2, 2, 2, 2, 2, 2, 2, 2, 2, 2, 2, -1, 2, 2, 2], [0, 0, 0, 0, 0, 0, 0, 0, 0, 0, 0, 0, 0, 0, 0, 0, 0, 0, 0, 0, 0, 0, 0, 0, 0, 0, 0, 0, 0, 0, 0, 0, 0, 0, 0, 0, 0, 0, 0, 0, 0, 0, 0, 0, 0, 0, 0, 0, 0, -1, 0, 0], [0, 0, 0, 0, 0, 0, 0, 0, 0, 0, 0, 0, 0, 0, 0, 0, 0, 0, 0, 0, 0, 0, 0, 0, 0, 0, 0, 0, 0, 0, 0, 0, 0, 0, 0, 0, 0, 0, 0, 0, 0, 0, 0, 0, 0, 0, 0, 0, 0, 0, -1, 0], [2, 2, 2, 2, 2, 2, 2, 2, 2, 2, 2, 2, 2, 2, 2, 2, 2, 2, 2, 2, 2, 2, 2, 2, 2, 2, 2, 2, 2, 2, 2, 2, 2, 2, 2, 2, 2, 2, 2, 2, 2, 2, 2, 2, 2, 2, 2, 2, 2, 2, 2, -1]], "speed_zone_count": 73, "speed_zones": [[0.0, 15.0], [15.0, 30.0], [30.0, 45.0], [45.0, 60.0], [60.0, 75.0], [75.0, 90.0], [90.0, 105.0], [105.0, 120.0], [120.0, 135.0], [135.0, 150.0], [150.0, 165.0], [165.0, 180.0], [180.0, 195.0], [195.0, 210.0], [210.0, 225.0], [225.0, 240.0], [240.0, 255.0], [255.0, 270.0], [270.0, 285.0], [285.0, 300.0], [300.0, 315.0], [315.0, 330.0], [330.0, 345.0], [345.0, 360.0], [360.0, 375.0], [375.0, 390.0], [390.0, 405.0], [405.0, 420.0], [420.0, 435.0], [435.0, 450.0], [450.0, 465.0], [465.0, 480.0], [480.0, 495.0], [495.0, 510.0], [510.0, 525.0], [525.0, 540.0], [540.0, 555.0], [555.0, 570.0], [570.0, 585.0], [585.0, 600.0], [600.0, 615.0], [615.0, 630.0], [630.0, 645.0], [645.0, 660.0], [660.0, 675.0], [675.0, 690.0], [690.0, 705.0], [705.0, 720.0], [720.0, 735.0], [735.0, 750.0], [750.0, 765.0], [765.0, 780.0], [780.0, 795.0], [795.0, 810.0], [810.0, 825.0], [825.0, 840.0], [840.0, 855.0], [855.0, 870.0], [870.0, 885.0], [885.0, 900.0], [900.0, 915.0], [915.0, 930.0], [930.0, 945.0], [945.0, 960.0], [960.0, 975.0], [975.0, 990.0], [990.0, 1005.0], [1005.0, 1020.0], [1020.0, 1035.0], [1035.0, 1050.0], [1050.0, 1065.0], [1065.0, 1080.0], [1080.0, 5000.0]], "distances": [[0.0, 88.06, 60.64, 71.51, 73.72, 77.26, 72.97, 53.32, 60.89, 55.05, 105.61, 77.17, 73.33, 100.67, 60.27, 86.84, 73.8, 86.19, 57.05, 72.11, 53.8, 68.06, 69.32, 70.04, 84.05, 53.67, 99.95, 75.3, 88.08, 69.28, 69.59, 66.65, 80.26, 85.14, 72.03, 68.54, 85.65, 62.76, 90.45, 84.58, 81.36, 46.82, 79.45, 56.55, 72.58, 77.67, 79.38, 68.77, 52.81, 57.67, 68.63, 0.0], [0.0, 0.0, 27.41, 20.82, 18.05, 17.11, 16.51, 38.14, 33.68, 33.71, 27.73, 21.11, 19.99, 14.97, 27.8, 13.15, 18.22, 10.9, 36.44, 21.22, 42.06, 32.93, 20.82, 20.47, 5.84, 35.37, 25.26, 21.18, 13.37, 31.45, 18.48, 35.86, 9.19, 13.15, 22.87, 30.43, 11.32, 25.32, 14.05, 14.21, 8.16, 44.48, 9.98, 31.84, 31.11, 21.32, 9.09, 20.51, 42.99, 30.43, 19.57, 88.06], [0.0, 27.41, 0.0, 15.12, 15.91, 19.96, 13.51, 14.95, 16.49, 7.95, 48.38, 22.36, 16.91, 40.59, 11.3, 26.29, 16.15, 25.55, 16.25, 16.3, 21.35, 22.91, 11.5, 12.35, 23.66, 9.78, 43.46, 20.32, 29.61, 22.61, 8.96, 24.58, 20.02, 24.52, 17.72, 20.89, 26.65, 12.47, 31.96, 24.0, 21.06, 19.54, 19.25, 5.57, 25.34, 23.02, 18.86, 10.0, 21.84, 12.93, 8.24, 60.64], [0.0, 20.82, 15.12, 0.0, 21.49, 5.76, 17.58, 30.04, 30.21, 23.04, 34.55, 7.24, 23.69, 29.82, 14.91, 18.42, 21.84, 19.06, 30.86, 23.97, 36.25, 34.61, 14.16, 20.02, 20.45, 24.84, 29.21, 5.22, 16.58, 33.79, 11.95, 36.95, 18.6, 19.28, 11.94, 32.12, 14.36, 14.53, 18.95, 19.47, 19.06, 34.5, 18.32, 20.64, 35.56, 7.9, 16.42, 5.59, 36.82, 18.12, 9.46, 71.51], [0.0, 18.05, 15.91, 21.49, 0.0, 22.63, 14.88, 21.24, 15.75, 18.83, 44.84, 26.94, 18.43, 33.02, 16.6, 18.64, 16.52, 16.76, 18.82, 19.58, 24.26, 15.46, 18.51, 18.14, 12.38, 20.08, 41.33, 25.57, 27.23, 14.15, 10.06, 18.32, 8.89, 14.87, 24.81, 12.84, 24.06, 13.75, 29.02, 13.88, 9.89, 27.87, 8.16, 17.78, 14.87, 27.51, 9.75, 16.8, 25.23, 17.66, 12.89, 73.72], [0.0, 17.11, 19.96, 5.76, 22.63, 0.0, 18.84, 34.59, 33.76, 27.9, 28.89, 4.54, 25.0, 24.33, 19.88, 14.41, 22.97, 15.59, 34.91, 25.57, 40.49, 37.09, 8.6, 22.1, 18.25, 29.73, 23.67, 10.98, 10.84, 36.07, 14.58, 39.65, 17.47, 16.34, 6.18, 34.5, 8.82, 18.94, 13.19, 16.82, 17.58, 39.5, 17.45, 25.52, 37.37, 5.01, 15.27, 9.96, 41.14, 23.13, 12.84, 77.26], [0.0, 16.51, 13.51, 17.58, 14.88, 18.84, 0.0, 21.67, 17.44, 17.95, 42.26, 23.09, 6.2, 31.27, 14.14, 16.54, 4.26, 14.96, 19.97, 6.74, 25.64, 18.63, 14.65, 10.79, 11.4, 19.44, 38.43, 21.68, 24.16, 17.46, 6.37, 21.38, 7.56, 13.3, 20.9, 16.0, 20.95, 11.25, 26.1, 12.45, 8.68, 28.11, 6.72, 16.47, 18.54, 23.67, 7.51, 12.97, 26.54, 15.79, 9.18, 72.97], [0.0, 38.14, 14.95, 30.04, 21.24, 34.59, 21.67, 0.0, 7.95, 7.35, 62.23, 37.27, 20.38, 52.66, 15.26, 37.88, 21.23, 36.5, 4.35, 19.09, 6.77, 16.14, 26.36, 17.94, 33.02, 5.87, 57.64, 35.25, 43.43, 16.95, 21.14, 15.97, 29.2, 34.94, 32.67, 15.82, 40.3, 15.65, 45.68, 34.11, 30.32, 6.67, 28.37, 9.63, 20.42, 37.93, 29.06, 24.72, 7.05, 12.26, 21.96, 53.32], [0.0, 33.68, 16.49, 30.21, 15.75, 33.76, 17.44, 7.95, 0.0, 11.66, 59.57, 37.19, 14.26, 48.59, 17.08, 33.95, 15.64, 32.26, 12.3, 12.92, 8.56, 8.35, 26.48, 13.34, 28.11, 11.29, 55.49, 35.32, 41.13, 9.03, 19.25, 8.82, 24.5, 30.47, 33.27, 7.87, 37.91, 16.06, 43.21, 29.52, 25.55, 14.09, 23.7, 12.92, 12.49, 37.84, 24.9, 24.62, 9.56, 15.09, 21.01, 60.89], [0.0, 33.71, 7.95, 23.04, 18.83, 27.9, 17.95, 7.35, 11.66, 0.0, 56.14, 30.27, 18.82, 47.63, 8.13, 33.0, 18.94, 31.94, 9.86, 17.75, 14.06, 19.65, 19.45, 15.07, 29.19, 11.72, 51.32, 28.22, 37.33, 19.92, 15.58, 20.48, 25.36, 30.62, 25.51, 18.37, 34.29, 9.16, 39.65, 29.93, 26.47, 11.63, 24.53, 13.52, 23.2, 30.93, 24.72, 17.94, 14.4, 4.98, 15.73, 55.05], [0.0, 27.73, 48.38, 34.55, 44.84, 28.89, 42.26, 62.23, 59.57, 56.14, 0.0, 28.43, 47.05, 14.99, 48.41, 26.36, 45.09, 28.48, 61.63, 48.16, 67.38, 60.22, 37.43, 46.33, 33.47, 57.98, 5.86, 30.33, 18.82, 58.81, 41.09, 63.12, 36.15, 30.49, 33.61, 57.64, 21.93, 46.98, 16.54, 31.56, 35.33, 67.75, 36.79, 53.84, 58.75, 27.94, 35.1, 38.55, 68.18, 51.63, 40.44, 105.61], [0.0, 21.11, 22.36, 7.24, 26.94, 4.54, 23.09, 37.27, 37.19, 30.27, 28.43, 0.0, 29.28, 26.3, 22.14, 18.32, 27.28, 19.73, 38.01, 29.77, 43.45, 41.05, 10.93, 26.14, 22.7, 32.07, 22.83, 12.46, 12.26, 40.1, 18.32, 43.52, 22.01, 20.65, 5.26, 38.49, 11.33, 21.72, 14.33, 21.19, 22.12, 41.7, 21.98, 27.88, 41.56, 9.56, 19.81, 12.67, 44.04, 25.34, 16.2, 77.17], [0.0, 19.99, 16.91, 23.69, 18.43, 25.0, 6.2, 20.38, 14.26, 18.82, 47.05, 29.28, 0.0, 34.95, 17.63, 20.77, 10.46, 18.8, 17.58, 8.84, 22.82, 13.18, 20.61, 4.59, 14.21, 19.89, 43.63, 27.88, 29.58, 11.82, 12.04, 16.07, 10.95, 16.87, 27.03, 10.58, 26.42, 14.88, 31.34, 15.85, 11.88, 27.05, 10.27, 18.06, 12.47, 29.86, 12.01, 18.84, 23.81, 18.28, 14.86, 73.33], [0.0, 14.97, 40.59, 29.82, 33.02, 24.33, 31.27, 52.66, 48.59, 47.63, 14.99, 26.3, 34.95, 0.0, 40.83, 14.79, 33.19, 16.34, 51.24, 36.19, 56.91, 47.79, 31.45, 35.31, 20.75, 49.38, 15.29, 27.5, 14.05, 46.28, 32.06, 50.73, 24.14, 18.15, 30.39, 45.33, 15.51, 38.73, 12.18, 19.13, 23.13, 58.81, 24.91, 45.56, 45.7, 26.11, 23.76, 31.9, 57.81, 43.79, 32.36, 100.67], [0.0, 27.8, 11.3, 14.91, 16.6, 19.88, 14.14, 15.26, 17.08, 8.13, 48.41, 22.14, 17.63, 40.83, 0.0, 26.61, 16.85, 25.93, 16.72, 17.03, 21.73, 23.59, 11.35, 13.07, 24.15, 9.94, 43.44, 20.09, 29.67, 23.31, 9.39, 25.24, 20.54, 24.93, 17.42, 21.59, 26.75, 12.65, 32.03, 24.45, 21.57, 19.64, 19.78, 5.74, 26.06, 22.8, 19.33, 9.93, 22.2, 13.11, 8.47, 60.27], [0.0, 13.15, 26.29, 18.42, 18.64, 14.41, 16.54, 37.88, 33.95, 33.0, 26.36, 18.32, 20.77, 14.79, 26.61, 0.0, 18.86, 12.36, 36.49, 21.92, 42.18, 33.9, 18.76, 20.62, 7.3, 34.72, 23.41, 18.46, 10.77, 32.47, 17.5, 36.81, 9.82, 4.25, 20.29, 31.34, 8.53, 24.3, 11.7, 5.31, 8.97, 44.06, 10.5, 31.01, 32.42, 18.51, 9.06, 18.66, 43.07, 29.41, 18.21, 86.84], [0.0, 18.22, 16.15, 21.84, 16.52, 22.97, 4.26, 21.23, 15.64, 18.94, 45.09, 27.28, 10.46, 33.19, 16.85, 18.86, 0.0, 16.95, 18.75, 11.0, 24.16, 15.19, 18.86, 15.06, 12.52, 20.17, 41.6, 25.92, 27.52, 13.87, 10.39, 18.06, 9.09, 15.06, 25.16, 12.58, 24.35, 14.01, 29.29, 14.06, 10.07, 27.87, 8.36, 17.93, 14.55, 27.86, 10.0, 17.14, 25.13, 17.85, 13.23, 73.8], [0.0, 10.9, 25.55, 19.06, 16.76, 15.59, 14.96, 36.5, 32.26, 31.94, 28.48, 19.73, 18.8, 16.34, 25.93, 12.36, 16.95, 0.0, 34.92, 19.99, 40.58, 31.87, 18.96, 18.97, 5.05, 33.62, 25.65, 19.67, 12.99, 30.42, 16.63, 34.79, 7.87, 11.93, 21.22, 29.33, 10.59, 23.48, 13.98, 12.68, 6.93, 42.79, 8.61, 30.04, 30.27, 19.98, 7.46, 18.62, 41.49, 28.59, 17.68, 86.19], [0.0, 36.44, 16.25, 30.86, 18.82, 34.91, 19.97, 4.35, 12.3, 9.86, 61.63, 38.01, 17.58, 51.24, 16.72, 36.49, 18.75, 34.92, 0.0, 16.24, 5.75, 11.81, 27.11, 15.97, 31.03, 8.96, 57.32, 36.05, 42.99, 12.68, 20.73, 11.65, 27.31, 33.22, 33.74, 11.65, 39.79, 16.35, 45.15, 32.32, 28.4, 10.24, 26.49, 11.69, 16.14, 38.67, 27.48, 25.34, 6.59, 14.18, 22.07, 57.05], [0.0, 21.22, 16.3, 23.97, 19.58, 25.57, 6.74, 19.09, 12.92, 17.75, 48.16, 29.77, 8.84, 36.19, 17.03, 21.92, 11.0, 19.99, 16.24, 0.0, 21.48, 12.15, 20.76, 4.25, 15.47, 18.76, 44.65, 28.3, 30.53, 10.86, 12.14, 15.0, 12.13, 18.08, 27.3, 9.53, 27.34, 14.35, 32.33, 17.07, 13.09, 25.76, 11.42, 17.1, 11.81, 30.37, 13.07, 18.95, 22.48, 17.47, 14.91, 72.11], [0.0, 42.06, 21.35, 36.25, 24.26, 40.49, 25.64, 6.77, 8.56, 14.06, 67.38, 43.45, 22.82, 56.91, 21.73, 42.18, 24.16, 40.58, 5.75, 21.48, 0.0, 14.29, 32.53, 21.6, 36.58, 12.64, 63.05, 41.47, 48.72, 15.6, 26.44, 12.91, 32.9, 38.84, 39.03, 15.11, 45.53, 21.73, 50.89, 37.92, 33.98, 8.48, 32.1, 16.26, 18.81, 44.12, 33.15, 30.8, 12.34, 18.88, 27.68, 53.8], [0.0, 32.93, 22.91, 34.61, 15.46, 37.09, 18.63, 16.14, 8.35, 19.65, 60.22, 41.05, 13.18, 47.79, 23.59, 33.9, 15.19, 31.87, 11.81, 12.15, 14.29, 0.0, 31.05, 15.0, 27.09, 19.52, 56.79, 39.39, 42.66, 15.51, 22.76, 11.03, 24.08, 29.9, 37.88, 9.35, 39.47, 21.83, 44.48, 28.85, 24.95, 21.7, 23.43, 20.51, 4.52, 41.67, 25.18, 29.15, 15.31, 22.3, 25.16, 68.06], [0.0, 20.82, 11.5, 14.16, 18.51, 8.6, 14.65, 26.36, 26.48, 19.45, 37.43, 10.93, 20.61, 31.45, 11.35, 18.76, 18.86, 18.96, 27.11, 20.76, 32.53, 31.05, 0.0, 16.68, 19.4, 21.27, 32.27, 8.94, 18.97, 30.27, 8.62, 33.33, 16.96, 18.78, 6.86, 28.59, 16.36, 10.8, 21.36, 18.76, 17.6, 30.99, 16.53, 17.06, 32.18, 11.59, 14.9, 15.43, 33.11, 14.6, 5.93, 69.32], [0.0, 20.47, 12.35, 20.02, 18.14, 22.1, 10.79, 17.94, 13.34, 15.07, 46.33, 26.14, 4.59, 35.31, 13.07, 20.62, 15.06, 18.97, 15.97, 4.25, 21.6, 15.0, 16.68, 0.0, 15.13, 16.37, 42.45, 24.56, 28.14, 13.97, 8.08, 17.64, 11.36, 17.25, 23.34, 12.4, 24.91, 10.29, 30.11, 16.35, 12.46, 24.49, 10.54, 13.99, 15.54, 26.75, 11.57, 14.84, 22.52, 13.91, 10.78, 70.04], [0.0, 5.84, 23.66, 20.45, 12.38, 18.25, 11.4, 33.02, 28.11, 29.19, 33.47, 22.7, 14.21, 20.75, 24.15, 7.3, 12.52, 5.05, 31.03, 15.47, 36.58, 27.09, 19.4, 15.13, 0.0, 30.76, 30.7, 22.22, 17.76, 25.6, 14.8, 30.02, 12.92, 10.79, 23.13, 24.6, 15.08, 21.45, 18.93, 10.09, 11.98, 39.5, 4.69, 27.52, 25.3, 23.06, 4.88, 18.58, 37.53, 26.44, 16.57, 84.05], [0.0, 35.37, 9.78, 24.84, 20.08, 29.73, 19.44, 5.87, 11.29, 11.72, 57.98, 32.07, 19.89, 49.38, 9.94, 34.72, 20.17, 33.62, 8.96, 18.76, 12.64, 19.52, 21.27, 16.37, 30.76, 0.0, 53.15, 30.02, 39.16, 19.93, 17.34, 20.09, 26.91, 32.26, 27.28, 18.47, 36.12, 10.99, 41.48, 31.55, 28.03, 9.79, 26.08, 4.21, 23.3, 32.73, 26.35, 19.77, 12.89, 6.74, 17.55, 53.67], [0.0, 25.26, 43.46, 29.21, 41.33, 23.67, 38.43, 57.64, 55.49, 51.32, 5.86, 22.83, 43.63, 15.29, 43.44, 23.41, 41.6, 25.65, 57.32, 44.65, 63.05, 56.79, 32.27, 42.45, 30.7, 53.15, 0.0, 24.78, 14.36, 55.45, 36.62, 59.64, 32.94, 27.66, 28.06, 54.17, 17.58, 42.19, 12.34, 28.72, 32.24, 62.94, 33.5, 48.98, 55.68, 22.31, 31.62, 33.52, 63.81, 46.68, 35.71, 99.95], [0.0, 21.18, 20.32, 5.22, 25.57, 10.98, 21.68, 35.25, 35.32, 28.22, 30.33, 12.46, 27.88, 27.5, 20.09, 18.46, 25.92, 19.67, 36.05, 28.3, 41.47, 39.39, 8.94, 24.56, 22.22, 30.02, 24.78, 0.0, 13.57, 38.48, 16.63, 41.82, 21.2, 20.4, 15.8, 36.85, 12.2, 19.74, 15.76, 20.85, 21.4, 39.63, 21.1, 25.83, 40.05, 13.12, 18.98, 10.73, 42.04, 23.29, 14.38, 75.3], [0.0, 13.37, 29.61, 16.58, 27.23, 10.84, 24.16, 43.43, 41.13, 37.33, 18.82, 12.26, 29.58, 14.05, 29.67, 10.77, 27.52, 12.99, 42.99, 30.53, 48.72, 42.66, 18.97, 28.14, 17.76, 39.16, 14.36, 13.57, 0.0, 41.38, 22.33, 45.48, 19.26, 14.8, 16.6, 40.04, 19.29, 28.17, 22.47, 15.78, 18.74, 48.92, 19.71, 35.04, 41.85, 12.06, 17.68, 19.91, 49.5, 32.87, 21.61, 88.08], [0.0, 31.45, 22.61, 33.79, 14.15, 36.07, 17.46, 16.95, 9.03, 19.92, 58.81, 40.1, 11.82, 46.28, 23.31, 32.47, 13.87, 30.42, 12.68, 10.86, 15.6, 15.51, 30.27, 13.97, 25.6, 19.93, 55.45, 38.48, 41.38, 0.0, 21.87, 4.48, 22.66, 28.44, 37.08, 9.96, 38.2, 21.4, 43.16, 27.39, 23.51, 22.75, 22.03, 20.6, 10.99, 40.71, 23.83, 28.38, 16.63, 22.23, 24.36, 69.28], [0.0, 18.48, 8.96, 11.95, 10.06, 14.58, 6.37, 21.14, 19.25, 15.58, 41.09, 18.32, 12.04, 32.06, 9.39, 17.5, 10.39, 16.63, 20.73, 12.14, 26.44, 22.76, 8.62, 8.08, 14.8, 17.34, 36.62, 16.63, 22.33, 21.87, 0.0, 25.21, 11.3, 15.56, 15.27, 20.23, 19.17, 6.84, 24.55, 15.06, 12.29, 26.92, 10.6, 13.52, 23.61, 18.95, 9.96, 6.81, 27.19, 11.95, 13.41, 69.59], [0.0, 35.86, 24.58, 36.95, 18.32, 39.65, 21.38, 15.97, 8.82, 20.48, 63.12, 43.52, 16.07, 50.73, 25.24, 36.81, 18.06, 34.79, 11.65, 15.0, 12.91, 11.03, 33.33, 17.64, 30.02, 20.09, 59.64, 41.82, 45.48, 4.48, 25.21, 0.0, 26.99, 32.83, 40.19, 5.48, 42.28, 23.72, 47.32, 31.78, 27.86, 20.88, 26.33, 21.63, 6.51, 44.16, 28.06, 31.43, 13.87, 23.64, 27.5, 66.65], [0.0, 9.19, 20.02, 18.6, 8.89, 17.47, 7.56, 29.2, 24.5, 25.36, 36.15, 22.01, 10.95, 24.14, 20.54, 9.82, 9.09, 7.87, 27.31, 12.13, 32.9, 24.08, 16.96, 11.36, 12.92, 26.91, 32.94, 21.2, 19.26, 22.66, 11.3, 26.99, 0.0, 5.99, 21.57, 21.51, 16.26, 17.78, 20.79, 5.03, 10.98, 35.66, 10.86, 23.72, 22.74, 22.46, 10.25, 15.87, 33.84, 22.71, 13.35, 80.26], [0.0, 13.15, 24.52, 19.28, 14.87, 16.34, 13.3, 34.94, 30.47, 30.62, 30.49, 20.65, 16.87, 18.15, 24.93, 4.25, 15.06, 11.93, 33.22, 18.08, 38.84, 29.9, 18.78, 17.25, 10.79, 32.26, 27.66, 20.4, 14.8, 28.44, 15.56, 32.83, 5.99, 0.0, 21.67, 27.37, 12.23, 22.38, 15.9, 9.56, 5.0, 41.3, 6.77, 28.79, 28.26, 20.95, 5.92, 18.25, 39.77, 27.47, 16.88, 85.14], [0.0, 22.87, 17.72, 11.94, 24.81, 6.18, 20.9, 32.67, 33.27, 25.51, 33.61, 5.26, 27.03, 30.39, 17.42, 20.29, 25.16, 21.22, 33.74, 27.3, 39.03, 37.88, 6.86, 23.34, 23.13, 27.28, 28.06, 15.8, 16.6, 37.08, 15.27, 40.19, 21.57, 21.67, 0.0, 35.4, 14.92, 17.39, 18.85, 21.98, 21.94, 36.79, 21.35, 23.13, 38.88, 5.84, 19.36, 8.75, 39.55, 20.54, 12.72, 72.03], [0.0, 30.43, 20.89, 32.12, 12.84, 34.5, 16.0, 15.82, 7.87, 18.37, 57.64, 38.49, 10.58, 45.33, 21.59, 31.34, 12.58, 29.33, 11.65, 9.53, 15.11, 9.35, 28.59, 12.4, 24.6, 18.47, 54.17, 36.85, 40.04, 9.96, 20.23, 5.48, 21.51, 27.37, 35.4, 0.0, 36.84, 19.67, 41.86, 26.33, 22.4, 21.85, 20.85, 18.97, 4.83, 39.11, 22.58, 26.7, 16.16, 20.55, 22.68, 68.54], [0.0, 11.32, 26.65, 14.36, 24.06, 8.82, 20.95, 40.3, 37.91, 34.29, 21.93, 11.33, 26.42, 15.51, 26.75, 8.53, 24.35, 10.59, 39.79, 27.34, 45.53, 39.47, 16.36, 24.91, 15.08, 36.12, 17.58, 12.2, 19.29, 38.2, 19.17, 42.28, 16.26, 12.23, 14.92, 36.84, 0.0, 25.13, 5.39, 13.14, 15.81, 45.86, 16.66, 32.03, 38.74, 11.3, 14.58, 17.13, 46.31, 29.91, 18.57, 85.65], [0.0, 25.32, 12.47, 14.53, 13.75, 18.94, 11.25, 15.65, 16.06, 9.16, 46.98, 21.72, 14.88, 38.73, 12.65, 24.3, 14.01, 23.48, 16.35, 14.35, 21.73, 21.83, 10.8, 10.29, 21.45, 10.99, 42.19, 19.74, 28.17, 21.4, 6.84, 23.72, 17.78, 22.38, 17.39, 19.67, 25.13, 0.0, 30.48, 21.84, 18.83, 20.77, 17.01, 6.91, 23.95, 22.38, 16.67, 9.09, 22.32, 5.11, 6.57, 62.76], [0.0, 14.05, 31.96, 18.95, 29.02, 13.19, 26.1, 45.68, 43.21, 39.65, 16.54, 14.33, 31.34, 12.18, 32.03, 11.7, 29.29, 13.98, 45.15, 32.33, 50.89, 44.48, 21.36, 30.11, 18.93, 41.48, 12.34, 15.76, 22.47, 43.16, 24.55, 47.32, 20.79, 15.9, 18.85, 41.86, 5.39, 30.48, 0.0, 16.93, 20.17, 51.23, 21.3, 37.37, 43.5, 14.07, 19.35, 22.29, 51.68, 35.22, 23.92, 90.45], [0.0, 14.21, 24.0, 19.47, 13.88, 16.82, 12.45, 34.11, 29.52, 29.93, 31.56, 21.19, 15.85, 19.13, 24.45, 5.31, 14.06, 12.68, 32.32, 17.07, 37.92, 28.85, 18.76, 16.35, 10.09, 31.55, 28.72, 20.85, 15.78, 27.39, 15.06, 31.78, 5.03, 9.56, 21.98, 26.33, 13.14, 21.84, 16.93, 0.0, 14.29, 40.51, 5.83, 28.15, 27.19, 21.52, 5.22, 18.12, 38.86, 26.91, 16.53, 84.58], [0.0, 8.16, 21.06, 19.06, 9.89, 17.58, 8.68, 30.32, 25.55, 26.47, 35.33, 22.12, 11.88, 23.13, 21.57, 8.97, 10.07, 6.93, 28.4, 13.09, 33.98, 24.95, 17.6, 12.46, 11.98, 28.03, 32.24, 21.4, 18.74, 23.51, 12.29, 27.86, 10.98, 5.0, 21.94, 22.4, 15.81, 18.83, 20.17, 14.29, 0.0, 36.78, 11.76, 24.82, 23.47, 22.54, 10.91, 16.6, 34.91, 23.79, 14.24, 81.36], [0.0, 44.48, 19.54, 34.5, 27.87, 39.5, 28.11, 6.67, 14.09, 11.63, 67.75, 41.7, 27.05, 58.81, 19.64, 44.06, 27.87, 42.79, 10.24, 25.76, 8.48, 21.7, 30.99, 24.49, 39.5, 9.79, 62.94, 39.63, 48.92, 22.75, 26.92, 20.88, 35.66, 41.3, 36.79, 21.85, 45.86, 20.77, 51.23, 40.51, 36.78, 0.0, 34.83, 13.98, 26.16, 42.35, 35.39, 29.53, 7.86, 16.4, 27.31, 46.82], [0.0, 9.98, 19.25, 18.32, 8.16, 17.45, 6.72, 28.37, 23.7, 24.53, 36.79, 21.98, 10.27, 24.91, 19.78, 10.5, 8.36, 8.61, 26.49, 11.42, 32.1, 23.43, 16.53, 10.54, 4.69, 26.08, 33.5, 21.1, 19.71, 22.03, 10.6, 26.33, 10.86, 6.77, 21.35, 20.85, 16.66, 17.01, 21.3, 5.83, 11.76, 34.83, 0.0, 22.9, 22.2, 22.45, 9.56, 15.38, 33.03, 21.92, 12.72, 79.45], [0.0, 31.84, 5.57, 20.64, 17.78, 25.52, 16.47, 9.63, 12.92, 13.52, 53.84, 27.88, 18.06, 45.56, 5.74, 31.01, 17.93, 30.04, 11.69, 17.1, 16.26, 20.51, 17.06, 13.99, 27.52, 4.21, 48.98, 25.83, 35.04, 20.6, 13.52, 21.63, 23.72, 28.79, 23.13, 18.97, 32.03, 6.91, 37.37, 28.15, 24.82, 13.98, 22.9, 0.0, 23.74, 28.54, 22.94, 15.56, 16.65, 10.95, 13.47, 56.55], [0.0, 31.11, 25.34, 35.56, 14.87, 37.37, 18.54, 20.42, 12.49, 23.2, 58.75, 41.56, 12.47, 45.7, 26.06, 32.42, 14.55, 30.27, 16.14, 11.81, 18.81, 4.52, 32.18, 15.54, 25.3, 23.3, 55.68, 40.05, 41.85, 10.99, 23.61, 6.51, 22.74, 28.26, 38.88, 4.83, 38.74, 23.95, 43.5, 27.19, 23.47, 26.16, 22.2, 23.74, 0.0, 42.16, 24.18, 30.31, 19.82, 25.23, 26.25, 72.58], [0.0, 21.32, 23.02, 7.9, 27.51, 5.01, 23.67, 37.93, 37.84, 30.93, 27.94, 9.56, 29.86, 26.11, 22.8, 18.51, 27.86, 19.98, 38.67, 30.37, 44.12, 41.67, 11.59, 26.75, 23.06, 32.73, 22.31, 13.12, 12.06, 40.71, 18.95, 44.16, 22.46, 20.95, 5.84, 39.11, 11.3, 22.38, 14.07, 21.52, 22.54, 42.35, 22.45, 28.54, 42.16, 0.0, 20.27, 13.33, 44.7, 26.0, 16.85, 77.67], [0.0, 9.09, 18.86, 16.42, 9.75, 15.27, 7.51, 29.06, 24.9, 24.72, 35.1, 19.81, 12.01, 23.76, 19.33, 9.06, 10.0, 7.46, 27.48, 13.07, 33.15, 25.18, 14.9, 11.57, 4.88, 26.35, 31.62, 18.98, 17.68, 23.83, 9.96, 28.06, 10.25, 5.92, 19.36, 22.58, 14.58, 16.67, 19.35, 5.22, 10.91, 35.39, 9.56, 22.94, 24.18, 20.27, 0.0, 13.92, 34.06, 21.72, 11.71, 79.38], [0.0, 20.51, 10.0, 5.59, 16.8, 9.96, 12.97, 24.72, 24.62, 17.94, 38.55, 12.67, 18.84, 31.9, 9.93, 18.66, 17.14, 18.62, 25.34, 18.95, 30.8, 29.15, 15.43, 14.84, 18.58, 19.77, 33.52, 10.73, 19.91, 28.38, 6.81, 31.43, 15.87, 18.25, 8.75, 26.7, 17.13, 9.09, 22.29, 18.12, 16.6, 29.53, 15.38, 15.56, 30.31, 13.33, 13.92, 0.0, 31.4, 13.18, 15.05, 68.77], [0.0, 42.99, 21.84, 36.82, 25.23, 41.14, 26.54, 7.05, 9.56, 14.4, 68.18, 44.04, 23.81, 57.81, 22.2, 43.07, 25.13, 41.49, 6.59, 22.48, 12.34, 15.31, 33.11, 22.52, 37.53, 12.89, 63.81, 42.04, 49.5, 16.63, 27.19, 13.87, 33.84, 39.77, 39.55, 16.16, 46.31, 22.32, 51.68, 38.86, 34.91, 7.86, 33.03, 16.65, 19.82, 44.7, 34.06, 31.4, 0.0, 19.27, 28.36, 52.81], [0.0, 30.43, 12.93, 18.12, 17.66, 23.13, 15.79, 12.26, 15.09, 4.98, 51.63, 25.34, 18.28, 43.79, 13.11, 29.41, 17.85, 28.59, 14.18, 17.47, 18.88, 22.3, 14.6, 13.91, 26.44, 6.74, 46.68, 23.29, 32.87, 22.23, 11.95, 23.64, 22.71, 27.47, 20.54, 20.55, 29.91, 5.11, 35.22, 26.91, 23.79, 16.4, 21.92, 10.95, 25.23, 26.0, 21.72, 13.18, 19.27, 0.0, 11.47, 57.67], [0.0, 19.57, 8.24, 9.46, 12.89, 12.84, 9.18, 21.96, 21.01, 15.73, 40.44, 16.2, 14.86, 32.36, 8.47, 18.21, 13.23, 17.68, 22.07, 14.91, 27.68, 25.16, 5.93, 10.78, 16.57, 17.55, 35.71, 14.38, 21.61, 24.36, 13.41, 27.5, 13.35, 16.88, 12.72, 22.68, 18.57, 6.57, 23.92, 16.53, 14.24, 27.31, 12.72, 13.47, 26.25, 16.85, 11.71, 15.05, 28.36, 11.47, 0.0, 68.63], [0.0, 0.0, 0.0, 0.0, 0.0, 0.0, 0.0, 0.0, 0.0, 0.0, 0.0, 0.0, 0.0, 0.0, 0.0, 0.0, 0.0, 0.0, 0.0, 0.0, 0.0, 0.0, 0.0, 0.0, 0.0, 0.0, 0.0, 0.0, 0.0, 0.0, 0.0, 0.0, 0.0, 0.0, 0.0, 0.0, 0.0, 0.0, 0.0, 0.0, 0.0, 0.0, 0.0, 0.0, 0.0, 0.0, 0.0, 0.0, 0.0, 0.0, 0.0, 0.0]], "time_windows": [[0.0, 5000.0], [0.0, 141.0], [0.0, 183.0], [0.0, 215.0], [0.0, 282.0], [0.0, 342.0], [0.0, 377.0], [0.0, 413.0], [0.0, 426.0], [0.0, 445.0], [0.0, 590.0], [0.0, 649.0], [0.0, 694.0], [0.0, 743.0], [0.0, 804.0], [0.0, 854.0], [0.0, 891.0], [0.0, 923.0], [0.0, 980.0], [0.0, 1003.0], [0.0, 1030.0], [0.0, 1047.0], [0.0, 1081.0], [0.0, 1100.0], [0.0, 1116.0], [0.0, 1146.0], [0.0, 1200.0], [0.0, 1224.0], [0.0, 1238.0], [0.0, 1279.0], [0.0, 1301.0], [0.0, 1326.0], [0.0, 1353.0], [0.0, 1359.0], [0.0, 1381.0], [0.0, 1416.0], [0.0, 1453.0], [0.0, 1478.0], [0.0, 1509.0], [0.0, 1526.0], [0.0, 1540.0], [0.0, 1577.0], [0.0, 1612.0], [0.0, 1635.0], [0.0, 1658.0], [0.0, 1700.0], [0.0, 1721.0], [0.0, 1735.0], [0.0, 1766.0], [0.0, 1785.0], [0.0, 1797.0], [0.0, 5000.0]], "start_depot": 0, "end_depot": 51, "horizon": [0.0, 5000.0]}