{"digraph": {"vertex_count": 52, "arc_count": 2550, "arcs": [[0, 1, 1, 1, 1, 1, 1, 1, 1, 1, 1, 1, 1, 1, 1, 1, 1, 1, 1, 1, 1, 1, 1, 1, 1, 1, 1, 1, 1, 1, 1, 1, 1, 1, 1, 1, 1, 1, 1, 1, 1, 1, 1, 1, 1, 1, 1, 1, 1, 1, 1, 1], [0, 0, 1, 1, 1, 1, 1, 1, 1, 1, 1, 1, 1, 1, 1, 1, 1, 1, 1, 1, 1, 1, 1, 1, 1, 1, 1, 1, 1, 1, 1, 1, 1, 1, 1, 1, 1, 1, 1, 1, 1, 1, 1, 1, 1, 1, 1, 1, 1, 1, 1, 1], [0, 1, 0, 1, 1, 1, 1, 1, 1, 1, 1, 1, 1, 1, 1, 1, 1, 1, 1, 1, 1, 1, 1, 1, 1, 1, 1, 1, 1, 1, 1, 1, 1, 1, 1, 1, 1, 1, 1, 1, 1, 1, 1, 1, 1, 1, 1, 1, 1, 1, 1, 1], [0, 1, 1, 0, 1, 1, 1, 1, 1, 1, 1, 1, 1, 1, 1, 1, 1, 1, 1, 1, 1, 1, 1, 1, 1, 1, 1, 1, 1, 1, 1, 1, 1, 1, 1, 1, 1, 1, 1, 1, 1, 1, 1, 1, 1, 1, 1, 1, 1, 1, 1, 1], [0, 1, 1, 1, 0, 1, 1, 1, 1, 1, 1, 1, 1, 1, 1, 1, 1, 1, 1, 1, 1, 1, 1, 1, 1, 1, 1, 1, 1, 1, 1, 1, 1, 1, 1, 1, 1, 1, 1, 1, 1, 1, 1, 1, 1, 1, 1, 1, 1, 1, 1, 1], [0, 1, 1, 1, 1, 0, 1, 1, 1, 1, 1, 1, 1, 1, 1, 1, 1, 1, 1, 1, 1, 1, 1, 1, 1, 1, 1, 1, 1, 1, 1, 1, 1, 1, 1, 1, 1, 1, 1, 1, 1, 1, 1, 1, 1, 1, 1, 1, 1, 1, 1, 1], [0, 1, 1, 1, 1, 1, 0, 1, 1, 1, 1, 1, 1, 1, 1, 1, 1, 1, 1, 1, 1, 1, 1, 1, 1, 1, 1, 1, 1, 1, 1, 1, 1, 1, 1, 1, 1, 1, 1, 1, 1, 1, 1, 1, 1, 1, 1, 1, 1, 1, 1, 1], [0, 1, 1, 1, 1, 1, 1, 0, 1, 1, 1, 1, 1, 1, 1, 1, 1, 1, 1, 1, 1, 1, 1, 1, 1, 1, 1, 1, 1, 1, 1, 1, 1, 1, 1, 1, 1, 1, 1, 1, 1, 1, 1, 1, 1, 1, 1, 1, 1, 1, 1, 1], [0, 1, 1, 1, 1, 1, 1, 1, 0, 1, 1, 1, 1, 1, 1, 1, 1, 1, 1, 1, 1, 1, 1, 1, 1, 1, 1, 1, 1, 1, 1, 1, 1, 1, 1, 1, 1, 1, 1, 1, 1, 1, 1, 1, 1, 1, 1, 1, 1, 1, 1, 1], [0, 1, 1, 1, 1, 1, 1, 1, 1, 0, 1, 1, 1, 1, 1, 1, 1, 1, 1, 1, 1, 1, 1, 1, 1, 1, 1, 1, 1, 1, 1, 1, 1, 1, 1, 1, 1, 1, 1, 1, 1, 1, 1, 1, 1, 1, 1, 1, 1, 1, 1, 1], [0, 1, 1, 1, 1, 1, 1, 1, 1, 1, 0, 1, 1, 1, 1, 1, 1, 1, 1, 1, 1, 1, 1, 1, 1, 1, 1, 1, 1, 1, 1, 1, 1, 1, 1, 1, 1, 1, 1, 1, 1, 1, 1, 1, 1, 1, 1, 1, 1, 1, 1, 1], [0, 1, 1, 1, 1, 1, 1, 1, 1, 1, 1, 0, 1, 1, 1, 1, 1, 1, 1, 1, 1, 1, 1, 1, 1, 1, 1, 1, 1, 1, 1, 1, 1, 1, 1, 1, 1, 1, 1, 1, 1, 1, 1, 1, 1, 1, 1, 1, 1, 1, 1, 1], [0, 1, 1, 1, 1, 1, 1, 1, 1, 1, 1, 1, 0, 1, 1, 1, 1, 1, 1, 1, 1, 1, 1, 1, 1, 1, 1, 1, 1, 1, 1, 1, 1, 1, 1, 1, 1, 1, 1, 1, 1, 1, 1, 1, 1, 1, 1, 1, 1, 1, 1, 1], [0, 1, 1, 1, 1, 1, 1, 1, 1, 1, 1, 1, 1, 0, 1, 1, 1, 1, 1, 1, 1, 1, 1, 1, 1, 1, 1, 1, 1, 1, 1, 1, 1, 1, 1, 1, 1, 1, 1, 1, 1, 1, 1, 1, 1, 1, 1, 1, 1, 1, 1, 1], [0, 1, 1, 1, 1, 1, 1, 1, 1, 1, 1, 1, 1, 1, 0, 1, 1, 1, 1, 1, 1, 1, 1, 1, 1, 1, 1, 1, 1, 1, 1, 1, 1, 1, 1, 1, 1, 1, 1, 1, 1, 1, 1, 1, 1, 1, 1, 1, 1, 1, 1, 1], [0, 1, 1, 1, 1, 1, 1, 1, 1, 1, 1, 1, 1, 1, 1, 0, 1, 1, 1, 1, 1, 1, 1, 1, 1, 1, 1, 1, 1, 1, 1, 1, 1, 1, 1, 1, 1, 1, 1, 1, 1, 1, 1, 1, 1, 1, 1, 1, 1, 1, 1, 1], [0, 1, 1, 1, 1, 1, 1, 1, 1, 1, 1, 1, 1, 1, 1, 1, 0, 1, 1, 1, 1, 1, 1, 1, 1, 1, 1, 1, 1, 1, 1, 1, 1, 1, 1, 1, 1, 1, 1, 1, 1, 1, 1, 1, 1, 1, 1, 1, 1, 1, 1, 1], [0, 1, 1, 1, 1, 1, 1, 1, 1, 1, 1, 1, 1, 1, 1, 1, 1, 0, 1, 1, 1, 1, 1, 1, 1, 1, 1, 1, 1, 1, 1, 1, 1, 1, 1, 1, 1, 1, 1, 1, 1, 1, 1, 1, 1, 1, 1, 1, 1, 1, 1, 1], [0, 1, 1, 1, 1, 1, 1, 1, 1, 1, 1, 1, 1, 1, 1, 1, 1, 1, 0, 1, 1, 1, 1, 1, 1, 1, 1, 1, 1, 1, 1, 1, 1, 1, 1, 1, 1, 1, 1, 1, 1, 1, 1, 1, 1, 1, 1, 1, 1, 1, 1, 1], [0, 1, 1, 1, 1, 1, 1, 1, 1, 1, 1, 1, 1, 1, 1, 1, 1, 1, 1, 0, 1, 1, 1, 1, 1, 1, 1, 1, 1, 1, 1, 1, 1, 1, 1, 1, 1, 1, 1, 1, 1, 1, 1, 1, 1, 1, 1, 1, 1, 1, 1, 1], [0, 1, 1, 1, 1, 1, 1, 1, 1, 1, 1, 1, 1, 1, 1, 1, 1, 1, 1, 1, 0, 1, 1, 1, 1, 1, 1, 1, 1, 1, 1, 1, 1, 1, 1, 1, 1, 1, 1, 1, 1, 1, 1, 1, 1, 1, 1, 1, 1, 1, 1, 1], [0, 1, 1, 1, 1, 1, 1, 1, 1, 1, 1, 1, 1, 1, 1, 1, 1, 1, 1, 1, 1, 0, 1, 1, 1, 1, 1, 1, 1, 1, 1, 1, 1, 1, 1, 1, 1, 1, 1, 1, 1, 1, 1, 1, 1, 1, 1, 1, 1, 1, 1, 1], [0, 1, 1, 1, 1, 1, 1, 1, 1, 1, 1, 1, 1, 1, 1, 1, 1, 1, 1, 1, 1, 1, 0, 1, 1, 1, 1, 1, 1, 1, 1, 1, 1, 1, 1, 1, 1, 1, 1, 1, 1, 1, 1, 1, 1, 1, 1, 1, 1, 1, 1, 1], [0, 1, 1, 1, 1, 1, 1, 1, 1, 1, 1, 1, 1, 1, 1, 1, 1, 1, 1, 1, 1, 1, 1, 0, 1, 1, 1, 1, 1, 1, 1, 1, 1, 1, 1, 1, 1, 1, 1, 1, 1, 1, 1, 1, 1, 1, 1, 1, 1, 1, 1, 1], [0, 1, 1, 1, 1, 1, 1, 1, 1, 1, 1, 1, 1, 1, 1, 1, 1, 1, 1, 1, 1, 1, 1, 1, 0, 1, 1, 1, 1, 1, 1, 1, 1, 1, 1, 1, 1, 1, 1, 1, 1, 1, 1, 1, 1, 1, 1, 1, 1, 1, 1, 1], [0, 1, 1, 1, 1, 1, 1, 1, 1, 1, 1, 1, 1, 1, 1, 1, 1, 1, 1, 1, 1, 1, 1, 1, 1, 0, 1, 1, 1, 1, 1, 1, 1, 1, 1, 1, 1, 1, 1, 1, 1, 1, 1, 1, 1, 1, 1, 1, 1, 1, 1, 1], [0, 1, 1, 1, 1, 1, 1, 1, 1, 1, 1, 1, 1, 1, 1, 1, 1, 1, 1, 1, 1, 1, 1, 1, 1, 1, 0, 1, 1, 1, 1, 1, 1, 1, 1, 1, 1, 1, 1, 1, 1, 1, 1, 1, 1, 1, 1, 1, 1, 1, 1, 1], [0, 1, 1, 1, 1, 1, 1, 1, 1, 1, 1, 1, 1, 1, 1, 1, 1, 1, 1, 1, 1, 1, 1, 1, 1, 1, 1, 0, 1, 1, 1, 1, 1, 1, 1, 1, 1, 1, 1, 1, 1, 1, 1, 1, 1, 1, 1, 1, 1, 1, 1, 1], [0, 1, 1, 1, 1, 1, 1, 1, 1, 1, 1, 1, 1, 1, 1, 1, 1, 1, 1, 1, 1, 1, 1, 1, 1, 1, 1, 1, 0, 1, 1, 1, 1, 1, 1, 1, 1, 1, 1, 1, 1, 1, 1, 1, 1, 1, 1, 1, 1, 1, 1, 1], [0, 1, 1, 1, 1, 1, 1, 1, 1, 1, 1, 1, 1, 1, 1, 1, 1, 1, 1, 1, 1, 1, 1, 1, 1, 1, 1, 1, 1, 0, 1, 1, 1, 1, 1, 1, 1, 1, 1, 1, 1, 1, 1, 1, 1, 1, 1, 1, 1, 1, 1, 1], [0, 1, 1, 1, 1, 1, 1, 1, 1, 1, 1, 1, 1, 1, 1, 1, 1, 1, 1, 1, 1, 1, 1, 1, 1, 1, 1, 1, 1, 1, 0, 1, 1, 1, 1, 1, 1, 1, 1, 1, 1, 1, 1, 1, 1, 1, 1, 1, 1, 1, 1, 1], [0, 1, 1, 1, 1, 1, 1, 1, 1, 1, 1, 1, 1, 1, 1, 1, 1, 1, 1, 1, 1, 1, 1, 1, 1, 1, 1, 1, 1, 1, 1, 0, 1, 1, 1, 1, 1, 1, 1, 1, 1, 1, 1, 1, 1, 1, 1, 1, 1, 1, 1, 1], [0, 1, 1, 1, 1, 1, 1, 1, 1, 1, 1, 1, 1, 1, 1, 1, 1, 1, 1, 1, 1, 1, 1, 1, 1, 1, 1, 1, 1, 1, 1, 1, 0, 1, 1, 1, 1, 1, 1, 1, 1, 1, 1, 1, 1, 1, 1, 1, 1, 1, 1, 1], [0, 1, 1, 1, 1, 1, 1, 1, 1, 1, 1, 1, 1, 1, 1, 1, 1, 1, 1, 1, 1, 1, 1, 1, 1, 1, 1, 1, 1, 1, 1, 1, 1, 0, 1, 1, 1, 1, 1, 1, 1, 1, 1, 1, 1, 1, 1, 1, 1, 1, 1, 1], [0, 1, 1, 1, 1, 1, 1, 1, 1, 1, 1, 1, 1, 1, 1, 1, 1, 1, 1, 1, 1, 1, 1, 1, 1, 1, 1, 1, 1, 1, 1, 1, 1, 1, 0, 1, 1, 1, 1, 1, 1, 1, 1, 1, 1, 1, 1, 1, 1, 1, 1, 1], [0, 1, 1, 1, 1, 1, 1, 1, 1, 1, 1, 1, 1, 1, 1, 1, 1, 1, 1, 1, 1, 1, 1, 1, 1, 1, 1, 1, 1, 1, 1, 1, 1, 1, 1, 0, 1, 1, 1, 1, 1, 1, 1, 1, 1, 1, 1, 1, 1, 1, 1, 1], [0, 1, 1, 1, 1, 1, 1, 1, 1, 1, 1, 1, 1, 1, 1, 1, 1, 1, 1, 1, 1, 1, 1, 1, 1, 1, 1, 1, 1, 1, 1, 1, 1, 1, 1, 1, 0, 1, 1, 1, 1, 1, 1, 1, 1, 1, 1, 1, 1, 1, 1, 1], [0, 1, 1, 1, 1, 1, 1, 1, 1, 1, 1, 1, 1, 1, 1, 1, 1, 1, 1, 1, 1, 1, 1, 1, 1, 1, 1, 1, 1, 1, 1, 1, 1, 1, 1, 1, 1, 0, 1, 1, 1, 1, 1, 1, 1, 1, 1, 1, 1, 1, 1, 1], [0, 1, 1, 1, 1, 1, 1, 1, 1, 1, 1, 1, 1, 1, 1, 1, 1, 1, 1, 1, 1, 1, 1, 1, 1, 1, 1, 1, 1, 1, 1, 1, 1, 1, 1, 1, 1, 1, 0, 1, 1, 1, 1, 1, 1, 1, 1, 1, 1, 1, 1, 1], [0, 1, 1, 1, 1, 1, 1, 1, 1, 1, 1, 1, 1, 1, 1, 1, 1, 1, 1, 1, 1, 1, 1, 1, 1, 1, 1, 1, 1, 1, 1, 1, 1, 1, 1, 1, 1, 1, 1, 0, 1, 1, 1, 1, 1, 1, 1, 1, 1, 1, 1, 1], [0, 1, 1, 1, 1, 1, 1, 1, 1, 1, 1, 1, 1, 1, 1, 1, 1, 1, 1, 1, 1, 1, 1, 1, 1, 1, 1, 1, 1, 1, 1, 1, 1, 1, 1, 1, 1, 1, 1, 1, 0, 1, 1, 1, 1, 1, 1, 1, 1, 1, 1, 1], [0, 1, 1, 1, 1, 1, 1, 1, 1, 1, 1, 1, 1, 1, 1, 1, 1, 1, 1, 1, 1, 1, 1, 1, 1, 1, 1, 1, 1, 1, 1, 1, 1, 1, 1, 1, 1, 1, 1, 1, 1, 0, 1, 1, 1, 1, 1, 1, 1, 1, 1, 1], [0, 1, 1, 1, 1, 1, 1, 1, 1, 1, 1, 1, 1, 1, 1, 1, 1, 1, 1, 1, 1, 1, 1, 1, 1, 1, 1, 1, 1, 1, 1, 1, 1, 1, 1, 1, 1, 1, 1, 1, 1, 1, 0, 1, 1, 1, 1, 1, 1, 1, 1, 1], [0, 1, 1, 1, 1, 1, 1, 1, 1, 1, 1, 1, 1, 1, 1, 1, 1, 1, 1, 1, 1, 1, 1, 1, 1, 1, 1, 1, 1, 1, 1, 1, 1, 1, 1, 1, 1, 1, 1, 1, 1, 1, 1, 0, 1, 1, 1, 1, 1, 1, 1, 1], [0, 1, 1, 1, 1, 1, 1, 1, 1, 1, 1, 1, 1, 1, 1, 1, 1, 1, 1, 1, 1, 1, 1, 1, 1, 1, 1, 1, 1, 1, 1, 1, 1, 1, 1, 1, 1, 1, 1, 1, 1, 1, 1, 1, 0, 1, 1, 1, 1, 1, 1, 1], [0, 1, 1, 1, 1, 1, 1, 1, 1, 1, 1, 1, 1, 1, 1, 1, 1, 1, 1, 1, 1, 1, 1, 1, 1, 1, 1, 1, 1, 1, 1, 1, 1, 1, 1, 1, 1, 1, 1, 1, 1, 1, 1, 1, 1, 0, 1, 1, 1, 1, 1, 1], [0, 1, 1, 1, 1, 1, 1, 1, 1, 1, 1, 1, 1, 1, 1, 1, 1, 1, 1, 1, 1, 1, 1, 1, 1, 1, 1, 1, 1, 1, 1, 1, 1, 1, 1, 1, 1, 1, 1, 1, 1, 1, 1, 1, 1, 1, 0, 1, 1, 1, 1, 1], [0, 1, 1, 1, 1, 1, 1, 1, 1, 1, 1, 1, 1, 1, 1, 1, 1, 1, 1, 1, 1, 1, 1, 1, 1, 1, 1, 1, 1, 1, 1, 1, 1, 1, 1, 1, 1, 1, 1, 1, 1, 1, 1, 1, 1, 1, 1, 0, 1, 1, 1, 1], [0, 1, 1, 1, 1, 1, 1, 1, 1, 1, 1, 1, 1, 1, 1, 1, 1, 1, 1, 1, 1, 1, 1, 1, 1, 1, 1, 1, 1, 1, 1, 1, 1, 1, 1, 1, 1, 1, 1, 1, 1, 1, 1, 1, 1, 1, 1, 1, 0, 1, 1, 1], [0, 1, 1, 1, 1, 1, 1, 1, 1, 1, 1, 1, 1, 1, 1, 1, 1, 1, 1, 1, 1, 1, 1, 1, 1, 1, 1, 1, 1, 1, 1, 1, 1, 1, 1, 1, 1, 1, 1, 1, 1, 1, 1, 1, 1, 1, 1, 1, 1, 0, 1, 1], [0, 1, 1, 1, 1, 1, 1, 1, 1, 1, 1, 1, 1, 1, 1, 1, 1, 1, 1, 1, 1, 1, 1, 1, 1, 1, 1, 1, 1, 1, 1, 1, 1, 1, 1, 1, 1, 1, 1, 1, 1, 1, 1, 1, 1, 1, 1, 1, 1, 1, 0, 1], [0, 0, 0, 0, 0, 0, 0, 0, 0, 0, 0, 0, 0, 0, 0, 0, 0, 0, 0, 0, 0, 0, 0, 0, 0, 0, 0, 0, 0, 0, 0, 0, 0, 0, 0, 0, 0, 0, 0, 0, 0, 0, 0, 0, 0, 0, 0, 0, 0, 0, 0, 0]]}, "cluster_count": 3, "cluster_speeds": [[0.6475, 0.595, 0.6475, 0.7, 0.58275, 0.5355, 0.58275, 0.63, 0.32375, 0.2975, 0.32375, 0.35, 0.213675, 0.19635, 0.213675, 0.23099999999999998, 0.259, 0.238, 0.259, 0.27999999999999997, 0.3885, 0.357, 0.3885, 0.42, 0.6475, 0.595, 0.6475, 0.7, 0.37, 0.34, 0.37, 0.4, 0.30525, 0.2805, 0.30525, 0.33, 0.4625, 0.425, 0.4625, 0.5, 0.6475, 0.595, 0.6475, 0.7, 0.74, 0.68, 0.74, 0.8, 0.45324999999999993, 0.4165, 0.45324999999999993, 0.48999999999999994, 0.32375, 0.2975, 0.32375, 0.35, 0.3885, 0.357, 0.3885, 0.42, 0.45324999999999993, 0.4165, 0.45324999999999993, 0.48999999999999994, 0.58275, 0.5355, 0.58275, 0.63, 0.6475, 0.595, 0.6475, 0.7, 0.7], [0.7400000000000001, 0.68, 0.7400000000000001, 0.8, 0.666, 0.6120000000000001, 0.666, 0.7200000000000001, 0.37000000000000005, 0.34, 0.37000000000000005, 0.4, 0.24420000000000003, 0.22440000000000004, 0.24420000000000003, 0.264, 0.296, 0.272, 0.296, 0.32000000000000006, 0.44400000000000006, 0.40800000000000003, 0.44400000000000006, 0.48, 0.6475, 0.595, 0.6475, 0.7, 0.37, 0.34, 0.37, 0.4, 0.30525, 0.2805, 0.30525, 0.33, 0.4625, 0.425, 0.4625, 0.5, 0.6475, 0.595, 0.6475, 0.7, 0.74, 0.68, 0.74, 0.8, 0.518, 0.476, 0.518, 0.5599999999999999, 0.37000000000000005, 0.34, 0.37000000000000005, 0.4, 0.44400000000000006, 0.40800000000000003, 0.44400000000000006, 0.48, 0.518, 0.476, 0.518, 0.5599999999999999, 0.666, 0.6120000000000001, 0.666, 0.7200000000000001, 0.7400000000000001, 0.68, 0.7400000000000001, 0.8, 0.8], [0.925, 0.85, 0.925, 1.0, 0.8325, 0.765, 0.8325, 0.9, 0.4625, 0.425, 0.4625, 0.5, 0.30525, 0.2805, 0.30525, 0.33, 0.37, 0.34, 0.37, 0.4, 0.555, 0.51, 0.555, 0.6, 0.6475, 0.595, 0.6475, 0.7, 0.37, 0.34, 0.37, 0.4, 0.30525, 0.2805, 0.30525, 0.33, 0.4625, 0.425, 0.4625, 0.5, 0.6475, 0.595, 0.6475, 0.7, 0.74, 0.68, 0.74, 0.8, 0.6475, 0.595, 0.6475, 0.7, 0.4625, 0.425, 0.4625, 0.5, 0.555, 0.51, 0.555, 0.6, 0.6475, 0.595, 0.6475, 0.7, 0.8325, 0.765, 0.8325, 0.9, 0.925, 0.85, 0.925, 1.0, 1.0]], "clusters": [[-1, 2, 2, 2, 2, 2, 2, 2, 2, 2, 2, 2, 2, 2, 2, 2, 2, 2, 2, 2, 2, 2, 2, 2, 2, 2, 2, 2, 2, 2, 2, 2, 2, 2, 2, 2, 2, 2, 2, 2, 2, 2, 2, 2, 2, 2, 2, 2, 2, 2, 2, 2], [1, -1, 1, 1, 1, 1, 1, 1, 1, 1, 1, 1, 1, 1, 1, 1, 1, 1, 1, 1, 1, 1, 1, 1, 1, 1, 1, 1, 1, 1, 1, 1, 1, 1, 1, 1, 1, 1, 1, 1, 1, 1, 1, 1, 1, 1, 1, 1, 1, 1, 1, 1], [0, 0, -1, 0, 0, 0, 0, 0, 0, 0, 0, 0, 0, 0, 0, 0, 0, 0, 0, 0, 0, 0, 0, 0, 0, 0, 0, 0, 0, 0, 0, 0, 0, 0, 0, 0, 0, 0, 0, 0, 0, 0, 0, 0, 0, 0, 0, 0, 0, 0, 0, 0], [0, 0, 0, -1, 0, 0, 0, 0, 0, 0, 0, 0, 0, 0, 0, 0, 0, 0, 0, 0, 0, 0, 0, 0, 0, 0, 0, 0, 0, 0, 0, 0, 0, 0, 0, 0, 0, 0, 0, 0, 0, 0, 0, 0, 0, 0, 0, 0, 0, 0, 0, 0], [0, 0, 0, 0, -1, 0, 0, 0, 0, 0, 0, 0, 0, 0, 0, 0, 0, 0, 0, 0, 0, 0, 0, 0, 0, 0, 0, 0, 0, 0, 0, 0, 0, 0, 0, 0, 0, 0, 0, 0, 0, 0, 0, 0, 0, 0, 0, 0, 0, 0, 0, 0], [0, 0, 0, 0, 0, -1, 0, 0, 0, 0, 0, 0, 0, 0, 0, 0, 0, 0, 0, 0, 0, 0, 0, 0, 0, 0, 0, 0, 0, 0, 0, 0, 0, 0, 0, 0, 0, 0, 0, 0, 0, 0, 0, 0, 0, 0, 0, 0, 0, 0, 0, 0], [0, 0, 0, 0, 0, 0, -1, 0, 0, 0, 0, 0, 0, 0, 0, 0, 0, 0, 0, 0, 0, 0, 0, 0, 0, 0, 0, 0, 0, 0, 0, 0, 0, 0, 0, 0, 0, 0, 0, 0, 0, 0, 0, 0, 0, 0, 0, 0, 0, 0, 0, 0], [0, 0, 0, 0, 0, 0, 0, -1, 0, 0, 0, 0, 0, 0, 0, 0, 0, 0, 0, 0, 0, 0, 0, 0, 0, 0, 0, 0, 0, 0, 0, 0, 0, 0, 0, 0, 0, 0, 0, 0, 0, 0, 0, 0, 0, 0, 0, 0, 0, 0, 0, 0], [0, 0, 0, 0, 0, 0, 0, 0, -1, 0, 0, 0, 0, 0, 0, 0, 0, 0, 0, 0, 0, 0, 0, 0, 0, 0, 0, 0, 0, 0, 0, 0, 0, 0, 0, 0, 0, 0, 0, 0, 0, 0, 0, 0, 0, 0, 0, 0, 0, 0, 0, 0], [0, 0, 0, 0, 0, 0, 0, 0, 0, -1, 0, 0, 0, 0, 0, 0, 0, 0, 0, 0, 0, 0, 0, 0, 0, 0, 0, 0, 0, 0, 0, 0, 0, 0, 0, 0, 0, 0, 0, 0, 0, 0, 0, 0, 0, 0, 0, 0, 0, 0, 0, 0], [0, 0, 0, 0, 0, 0, 0, 0, 0, 0, -1, 0, 0, 0, 0, 0, 0, 0, 0, 0, 0, 0, 0, 0, 0, 0, 0, 0, 0, 0, 0, 0, 0, 0, 0, 0, 0, 0, 0, 0, 0, 0, 0, 0, 0, 0, 0, 0, 0, 0, 0, 0], [0, 0, 0, 0, 0, 0, 0, 0, 0, 0, 0, -1, 0, 0, 0, 0, 0, 0, 0, 0, 0, 0, 0, 0, 0, 0, 0, 0, 0, 0, 0, 0, 0, 0, 0, 0, 0, 0, 0, 0, 0, 0, 0, 0, 0, 0, 0, 0, 0, 0, 0, 0], [1, 1, 1, 1, 1, 1, 1, 1, 1, 1, 1, 1, -1, 1, 1, 1, 1, 1, 1, 1, 1, 1, 1, 1, 1, 1, 1, 1, 1, 1, 1, 1, 1, 1, 1, 1, 1, 1, 1, 1, 1, 1, 1, 1, 1, 1, 1, 1, 1, 1, 1, 1], [0, 0, 0, 0, 0, 0, 0, 0, 0, 0, 0, 0, 0, -1, 0, 0, 0, 0, 0, 0, 0, 0, 0, 0, 0, 0, 0, 0, 0, 0, 0, 0, 0, 0, 0, 0, 0, 0, 0, 0, 0, 0, 0, 0, 0, 0, 0, 0, 0, 0, 0, 0], [0, 0, 0, 0, 0, 0, 0, 0, 0, 0, 0, 0, 0, 0, -1, 0, 0, 0, 0, 0, 0, 0, 0, 0, 0, 0, 0, 0, 0, 0, 0, 0, 0, 0, 0, 0, 0, 0, 0, 0, 0, 0, 0, 0, 0, 0, 0, 0, 0, 0, 0, 0], [0, 0, 0, 0, 0, 0, 0, 0, 0, 0, 0, 0, 0, 0, 0, -1, 0, 0, 0, 0, 0, 0, 0, 0, 0, 0, 0, 0, 0, 0, 0, 0, 0, 0, 0, 0, 0, 0, 0, 0, 0, 0, 0, 0, 0, 0, 0, 0, 0, 0, 0, 0], [0, 0, 0, 0, 0, 0, 0, 0, 0, 0, 0, 0, 0, 0, 0, 0, -1, 0, 0, 0, 0, 0, 0, 0, 0, 0, 0, 0, 0, 0, 0, 0, 0, 0, 0, 0, 0, 0, 0, 0, 0, 0, 0, 0, 0, 0, 0, 0, 0, 0, 0, 0], [0, 0, 0, 0, 0, 0, 0, 0, 0, 0, 0, 0, 0, 0, 0, 0, 0, -1, 0, 0, 0, 0, 0, 0, 0, 0, 0, 0, 0, 0, 0, 0, 0, 0, 0, 0, 0, 0, 0, 0, 0, 0, 0, 0, 0, 0, 0, 0, 0, 0, 0, 0], [0, 0, 0, 0, 0, 0, 0, 0, 0, 0, 0, 0, 0, 0, 0, 0, 0, 0, -1, 0, 0, 0, 0, 0, 0, 0, 0, 0, 0, 0, 0, 0, 0, 0, 0, 0, 0, 0, 0, 0, 0, 0, 0, 0, 0, 0, 0, 0, 0, 0, 0, 0], [0, 0, 0, 0, 0, 0, 0, 0, 0, 0, 0, 0, 0, 0, 0, 0, 0, 0, 0, -1, 0, 0, 0, 0, 0, 0, 0, 0, 0, 0, 0, 0, 0, 0, 0, 0, 0, 0, 0, 0, 0, 0, 0, 0, 0, 0, 0, 0, 0, 0, 0, 0], [0, 0, 0, 0, 0, 0, 0, 0, 0, 0, 0, 0, 0, 0, 0, 0, 0, 0, 0, 0, -1, 0, 0, 0, 0, 0, 0, 0, 0, 0, 0, 0, 0, 0, 0, 0, 0, 0, 0, 0, 0, 0, 0, 0, 0, 0, 0, 0, 0, 0, 0, 0], [0, 0, 0, 0, 0, 0, 0, 0, 0, 0, 0, 0, 0, 0, 0, 0, 0, 0, 0, 0, 0, -1, 0, 0, 0, 0, 0, 0, 0, 0, 0, 0, 0, 0, 0, 0, 0, 0, 0, 0, 0, 0, 0, 0, 0, 0, 0, 0, 0, 0, 0, 0], [0, 0, 0, 0, 0, 0, 0, 0, 0, 0, 0, 0, 0, 0, 0, 0, 0, 0, 0, 0, 0, 0, -1, 0, 0, 0, 0, 0, 0, 0, 0, 0, 0, 0, 0, 0, 0, 0, 0, 0, 0, 0, 0, 0, 0, 0, 0, 0, 0, 0, 0, 0], [0, 0, 0, 0, 0, 0, 0, 0, 0, 0, 0, 0, 0, 0, 0, 0, 0, 0, 0, 0, 0, 0, 0, -1, 0, 0, 0, 0, 0, 0, 0, 0, 0, 0, 0, 0, 0, 0, 0, 0, 0, 0, 0, 0, 0, 0, 0, 0, 0, 0, 0, 0], [0, 0, 0, 0, 0, 0, 0, 0, 0, 0, 0, 0, 0, 0, 0, 0, 0, 0, 0, 0, 0, 0, 0, 0, -1, 0, 0, 0, 0, 0, 0, 0, 0, 0, 0, 0, 0, 0, 0, 0, 0, 0, 0, 0, 0, 0, 0, 0, 0, 0, 0, 0], [0, 0, 0, 0, 0, 0, 0, 0, 0, 0, 0, 0, 0, 0, 0, 0, 0, 0, 0, 0, 0, 0, 0, 0, 0, -1, 0, 0, 0, 0, 0, 0, 0, 0, 0, 0, 0, 0, 0, 0, 0, 0, 0, 0, 0, 0, 0, 0, 0, 0, 0, 0], [1, 1, 1, 1, 1, 1, 1, 1, 1, 1, 1, 1, 1, 1, 1, 1, 1, 1, 1, 1, 1, 1, 1, 1, 1, 1, -1, 1, 1, 1, 1, 1, 1, 1, 1, 1, 1, 1, 1, 1, 1, 1, 1, 1, 1, 1, 1, 1, 1, 1, 1, 1], [0, 0, 0, 0, 0, 0, 0, 0, 0, 0, 0, 0, 0, 0, 0, 0, 0, 0, 0, 0, 0, 0, 0, 0, 0, 0, 0, -1, 0, 0, 0, 0, 0, 0, 0, 0, 0, 0, 0, 0, 0, 0, 0, 0, 0, 0, 0, 0, 0, 0, 0, 0], [0, 0, 0, 0, 0, 0, 0, 0, 0, 0, 0, 0, 0, 0, 0, 0, 0, 0, 0, 0, 0, 0, 0, 0, 0, 0, 0, 0, -1, 0, 0, 0, 0, 0, 0, 0, 0, 0, 0, 0, 0, 0, 0, 0, 0, 0, 0, 0, 0, 0, 0, 0], [0, 0, 0, 0, 0, 0, 0, 0, 0, 0, 0, 0, 0, 0, 0, 0, 0, 0, 0, 0, 0, 0, 0, 0, 0, 0, 0, 0, 0, -1, 0, 0, 0, 0, 0, 0, 0, 0, 0, 0, 0, 0, 0, 0, 0, 0, 0, 0, 0, 0, 0, 0], [0, 0, 0, 0, 0, 0, 0, 0, 0, 0, 0, 0, 0, 0, 0, 0, 0, 0, 0, 0, 0, 0, 0, 0, 0, 0, 0, 0, 0, 0, -1, 0, 0, 0, 0, 0, 0, 0, 0, 0, 0, 0, 0, 0, 0, 0, 0, 0, 0, 0, 0, 0], [0, 0, 0, 0, 0, 0, 0, 0, 0, 0, 0, 0, 0, 0, 0, 0, 0, 0, 0, 0, 0, 0, 0, 0, 0, 0, 0, 0, 0, 0, 0, -1, 0, 0, 0, 0, 0, 0, 0, 0, 0, 0, 0, 0, 0, 0, 0, 0, 0, 0, 0, 0], [0, 0, 0, 0, 0, 0, 0, 0, 0, 0, 0, 0, 0, 0, 0, 0, 0, 0, 0, 0, 0, 0, 0, 0, 0, 0, 0, 0, 0, 0, 0, 0, -1, 0, 0, 0, 0, 0, 0, 0, 0, 0, 0, 0, 0, 0, 0, 0, 0, 0, 0, 0], [0, 0, 0, 0, 0, 0, 0, 0, 0, 0, 0, 0, 0, 0, 0, 0, 0, 0, 0, 0, 0, 0, 0, 0, 0, 0, 0, 0, 0, 0, 0, 0, 0, -1, 0, 0, 0, 0, 0, 0, 0, 0, 0, 0, 0, 0, 0, 0, 0, 0, 0, 0], [0, 0, 0, 0, 0, 0, 0, 0, 0, 0, 0, 0, 0, 0, 0, 0, 0, 0, 0, 0, 0, 0, 0, 0, 0, 0, 0, 0, 0, 0, 0, 0, 0, 0, -1, 0, 0, 0, 0, 0, 0, 0, 0, 0, 0, 0, 0, 0, 0, 0, 0, 0], [0, 0, 0, 0, 0, 0, 0, 0, 0, 0, 0, 0, 0, 0, 0, 0, 0, 0, 0, 0, 0, 0, 0, 0, 0, 0, 0, 0, 0, 0, 0, 0, 0, 0, 0, -1, 0, 0, 0, 0, 0, 0, 0, 0, 0, 0, 0, 0, 0, 0, 0, 0], [1, 1, 1, 1, 1, 1, 1, 1, 1, 1, 1, 1, 1, 1, 1, 1, 1, 1, 1, 1, 1, 1, 1, 1, 1, 1, 1, 1, 1, 1, 1, 1, 1, 1, 1, 1, -1, 1, 1, 1, 1, 1, 1, 1, 1, 1, 1, 1, 1, 1, 1, 1], [0, 0, 0, 0, 0, 0, 0, 0, 0, 0, 0, 0, 0, 0, 0, 0, 0, 0, 0, 0, 0, 0, 0, 0, 0, 0, 0, 0, 0, 0, 0, 0, 0, 0, 0, 0, 0, -1, 0, 0, 0, 0, 0, 0, 0, 0, 0, 0, 0, 0, 0, 0], [0, 0, 0, 0, 0, 0, 0, 0, 0, 0, 0, 0, 0, 0, 0, 0, 0, 0, 0, 0, 0, 0, 0, 0, 0, 0, 0, 0, 0, 0, 0, 0, 0, 0, 0, 0, 0, 0, -1, 0, 0, 0, 0, 0, 0, 0, 0, 0, 0, 0, 0, 0], [1, 1, 1, 1, 1, 1, 1, 1, 1, 1, 1, 1, 1, 1, 1, 1, 1, 1, 1, 1, 1, 1, 1, 1, 1, 1, 1, 1, 1, 1, 1, 1, 1, 1, 1, 1, 1, 1, 1, -1, 1, 1, 1, 1, 1, 1, 1, 1, 1, 1, 1, 1], [0, 0, 0, 0, 0, 0, 0, 0, 0, 0, 0, 0, 0, 0, 0, 0, 0, 0, 0, 0, 0, 0, 0, 0, 0, 0, 0, 0, 0, 0, 0, 0, 0, 0, 0, 0, 0, 0, 0, 0, -1, 0, 0, 0, 0, 0, 0, 0, 0, 0, 0, 0], [0, 0, 0, 0, 0, 0, 0, 0, 0, 0, 0, 0, 0, 0, 0, 0, 0, 0, 0, 0, 0, 0, 0, 0, 0, 0, 0, 0, 0, 0, 0, 0, 0, 0, 0, 0, 0, 0, 0, 0, 0, -1, 0, 0, 0, 0, 0, 0, 0, 0, 0, 0], [0, 0, 0, 0, 0, 0, 0, 0, 0, 0, 0, 0, 0, 0, 0, 0, 0, 0, 0, 0, 0, 0, 0, 0, 0, 0, 0, 0, 0, 0, 0, 0, 0, 0, 0, 0, 0, 0, 0, 0, 0, 0, -1, 0, 0, 0, 0, 0, 0, 0, 0, 0], [0, 0, 0, 0, 0, 0, 0, 0, 0, 0, 0, 0, 0, 0, 0, 0, 0, 0, 0, 0, 0, 0, 0, 0, 0, 0, 0, 0, 0, 0, 0, 0, 0, 0, 0, 0, 0, 0, 0, 0, 0, 0, 0, -1, 0, 0, 0, 0, 0, 0, 0, 0], [0, 0, 0, 0, 0, 0, 0, 0, 0, 0, 0, 0, 0, 0, 0, 0, 0, 0, 0, 0, 0, 0, 0, 0, 0, 0, 0, 0, 0, 0, 0, 0, 0, 0, 0, 0, 0, 0, 0, 0, 0, 0, 0, 0, -1, 0, 0, 0, 0, 0, 0, 0], [0, 0, 0, 0, 0, 0, 0, 0, 0, 0, 0, 0, 0, 0, 0, 0, 0, 0, 0, 0, 0, 0, 0, 0, 0, 0, 0, 0, 0, 0, 0, 0, 0, 0, 0, 0, 0, 0, 0, 0, 0, 0, 0, 0, 0, -1, 0, 0, 0, 0, 0, 0], [0, 0, 0, 0, 0, 0, 0, 0, 0, 0, 0, 0, 0, 0, 0, 0, 0, 0, 0, 0, 0, 0, 0, 0, 0, 0, 0, 0, 0, 0, 0, 0, 0, 0, 0, 0, 0, 0, 0, 0, 0, 0, 0, 0, 0, 0, -1, 0, 0, 0, 0, 0], [0, 0, 0, 0, 0, 0, 0, 0, 0, 0, 0, 0, 0, 0, 0, 0, 0, 0, 0, 0, 0, 0, 0, 0, 0, 0, 0, 0, 0, 0, 0, 0, 0, 0, 0, 0, 0, 0, 0, 0, 0, 0, 0, 0, 0, 0, 0, -1, 0, 0, 0, 0], [0, 0, 0, 0, 0, 0, 0, 0, 0, 0, 0, 0, 0, 0, 0, 0, 0, 0, 0, 0, 0, 0, 0, 0, 0, 0, 0, 0, 0, 0, 0, 0, 0, 0, 0, 0, 0, 0, 0, 0, 0, 0, 0, 0, 0, 0, 0, 0, -1, 0, 0, 0], [2, 2, 2, 2, 2, 2, 2, 2, 2, 2, 2, 2, 2, 2, 2, 2, 2, 2, 2, 2, 2, 2, 2, 2, 2, 2, 2, 2, 2, 2, 2, 2, 2, 2, 2, 2, 2, 2, 2, 2, 2, 2, 2, 2, 2, 2, 2, 2, 2, -1, 2, 2], [0, 0, 0, 0, 0, 0, 0, 0, 0, 0, 0, 0, 0, 0, 0, 0, 0, 0, 0, 0, 0, 0, 0, 0, 0, 0, 0, 0, 0, 0, 0, 0, 0, 0, 0, 0, 0, 0, 0, 0, 0, 0, 0, 0, 0, 0, 0, 0, 0, 0, -1, 0], [2, 2, 2, 2, 2, 2, 2, 2, 2, 2, 2, 2, 2, 2, 2, 2, 2, 2, 2, 2, 2, 2, 2, 2, 2, 2, 2, 2, 2, 2, 2, 2, 2, 2, 2, 2, 2, 2, 2, 2, 2, 2, 2, 2, 2, 2, 2, 2, 2, 2, 2, -1]], "speed_zone_count": 73, "speed_zones": [[0.0, 15.0], [15.0, 30.0], [30.0, 45.0], [45.0, 60.0], [60.0, 75.0], [75.0, 90.0], [90.0, 105.0], [105.0, 120.0], [120.0, 135.0], [135.0, 150.0], [150.0, 165.0], [165.0, 180.0], [180.0, 195.0], [195.0, 210.0], [210.0, 225.0], [225.0, 240.0], [240.0, 255.0], [255.0, 270.0], [270.0, 285.0], [285.0, 300.0], [300.0, 315.0], [315.0, 330.0], [330.0, 345.0], [345.0, 360.0], [360.0, 375.0], [375.0, 390.0], [390.0, 405.0], [405.0, 420.0], [420.0, 435.0], [435.0, 450.0], [450.0, 465.0], [465.0, 480.0], [480.0, 495.0], [495.0, 510.0], [510.0, 525.0], [525.0, 540.0], [540.0, 555.0], [555.0, 570.0], [570.0, 585.0], [585.0, 600.0], [600.0, 615.0], [615.0, 630.0], [630.0, 645.0], [645.0, 660.0], [660.0, 675.0], [675.0, 690.0], [690.0, 705.0], [705.0, 720.0], [720.0, 735.0], [735.0, 750.0], [750.0, 765.0], [765.0, 780.0], [780.0, 795.0], [795.0, 810.0], [810.0, 825.0], [825.0, 840.0], [840.0, 855.0], [855.0, 870.0], [870.0, 885.0], [885.0, 900.0], [900.0, 915.0], [915.0, 930.0], [930.0, 945.0], [945.0, 960.0], [960.0, 975.0], [975.0, 990.0], [990.0, 1005.0], [1005.0, 1020.0], [1020.0, 1035.0], [1035.0, 1050.0], [1050.0, 1065.0], [1065.0, 1080.0], [1080.0, 5000.0]], "distances": [[0.0, 52.02, 78.45, 79.88, 72.83, 67.05, 57.23, 64.23, 76.92, 71.17, 69.93, 71.68, 88.0, 69.59, 75.51, 64.84, 69.55, 78.07, 65.88, 62.5, 71.84, 69.94, 75.96, 67.71, 64.73, 77.67, 88.72, 78.81, 71.19, 64.29, 61.75, 76.35, 58.07, 70.04, 67.81, 63.67, 82.31, 76.01, 63.72, 79.42, 80.75, 64.45, 70.14, 72.3, 74.57, 69.56, 63.98, 65.36, 72.59, 62.96, 72.92, 0.0], [0.0, 0.0, 27.61, 28.99, 23.12, 17.24, 5.37, 13.37, 25.65, 19.16, 22.18, 20.31, 40.42, 21.93, 25.42, 13.47, 21.19, 27.82, 16.28, 12.75, 19.83, 21.13, 28.85, 17.07, 13.38, 28.22, 38.6, 28.83, 20.35, 14.71, 11.94, 25.25, 8.9, 19.69, 15.81, 14.08, 36.72, 28.1, 12.3, 34.09, 29.87, 14.69, 18.18, 20.85, 26.75, 20.79, 12.6, 13.39, 20.62, 18.61, 26.78, 52.02], [0.0, 27.61, 0.0, 10.06, 6.37, 11.49, 22.27, 14.38, 11.62, 12.55, 10.94, 7.44, 15.58, 11.26, 12.68, 19.47, 10.43, 11.68, 12.67, 15.95, 10.87, 9.65, 10.49, 10.78, 14.22, 4.8, 11.13, 12.35, 7.32, 14.21, 16.7, 10.95, 20.39, 8.43, 13.41, 14.81, 16.02, 8.73, 15.3, 15.2, 10.39, 14.02, 13.78, 7.06, 9.05, 9.97, 19.91, 16.72, 9.64, 31.24, 12.48, 78.45], [0.0, 28.99, 10.06, 0.0, 7.66, 12.9, 23.65, 15.8, 9.57, 13.5, 12.11, 8.77, 14.84, 12.44, 4.97, 20.58, 11.68, 12.97, 14.09, 17.37, 11.86, 10.94, 10.99, 12.2, 15.61, 5.25, 9.85, 13.64, 8.74, 15.63, 18.13, 11.4, 21.81, 9.84, 14.61, 16.23, 15.86, 9.29, 16.69, 15.3, 10.67, 15.44, 14.77, 8.35, 9.8, 11.27, 21.06, 17.92, 10.62, 32.19, 13.25, 79.88], [0.0, 23.12, 6.37, 7.66, 0.0, 5.96, 18.03, 9.83, 6.43, 12.78, 4.78, 5.93, 17.5, 5.06, 11.04, 17.97, 10.46, 5.31, 7.06, 10.62, 11.2, 10.96, 7.57, 6.24, 10.26, 5.11, 15.93, 5.99, 10.64, 8.69, 11.43, 5.51, 15.05, 10.58, 11.75, 9.33, 15.25, 6.05, 11.29, 13.37, 8.43, 8.6, 13.67, 6.21, 5.27, 11.27, 18.15, 14.75, 10.23, 30.4, 7.91, 72.83], [0.0, 17.24, 11.49, 12.9, 5.96, 0.0, 12.29, 4.28, 10.4, 11.5, 5.83, 6.23, 23.2, 5.74, 8.51, 14.27, 4.51, 11.05, 9.6, 4.66, 10.44, 10.05, 12.04, 9.94, 5.23, 11.05, 21.82, 11.88, 4.68, 9.64, 5.47, 9.66, 9.11, 9.19, 8.83, 9.55, 20.04, 11.02, 6.06, 17.7, 13.76, 10.57, 11.86, 6.92, 9.77, 10.13, 14.2, 10.97, 10.04, 26.59, 10.78, 67.05], [0.0, 5.37, 22.27, 23.65, 18.03, 12.29, 0.0, 8.2, 20.28, 14.12, 17.63, 14.95, 35.47, 17.42, 20.21, 9.54, 16.51, 22.56, 11.45, 8.13, 14.63, 16.32, 24.2, 11.86, 8.06, 23.1, 33.3, 23.6, 15.05, 9.99, 7.38, 19.9, 5.55, 14.51, 10.6, 9.41, 32.17, 23.29, 6.97, 29.67, 24.52, 9.89, 13.26, 15.47, 22.01, 16.01, 8.76, 8.56, 15.35, 18.13, 22.44, 57.23], [0.0, 13.37, 14.38, 15.8, 9.83, 4.28, 8.2, 0.0, 12.69, 9.99, 10.03, 7.49, 27.3, 9.89, 12.05, 10.66, 8.75, 14.46, 10.61, 8.94, 9.53, 8.38, 16.31, 11.97, 9.51, 14.9, 25.26, 15.45, 7.06, 12.11, 9.75, 12.15, 6.35, 6.32, 6.46, 12.06, 24.32, 15.26, 10.34, 21.97, 16.67, 11.92, 9.88, 8.13, 14.04, 8.11, 10.43, 7.52, 9.66, 22.68, 14.98, 64.23], [0.0, 25.65, 11.62, 9.57, 6.43, 10.4, 20.28, 12.69, 0.0, 9.95, 11.21, 5.34, 18.18, 11.49, 4.61, 16.94, 10.4, 4.46, 11.57, 14.56, 8.29, 9.52, 12.18, 9.28, 12.32, 6.82, 13.47, 5.68, 5.82, 12.98, 15.26, 9.09, 18.9, 7.31, 10.98, 13.54, 18.34, 10.39, 13.38, 17.3, 4.45, 12.74, 11.2, 4.83, 10.4, 9.78, 17.41, 14.28, 7.05, 28.65, 13.69, 76.92], [0.0, 19.16, 12.55, 13.5, 12.78, 11.5, 14.12, 9.99, 9.95, 0.0, 16.21, 6.85, 28.09, 16.29, 13.01, 7.47, 14.86, 14.12, 12.05, 12.7, 11.62, 14.01, 20.29, 9.37, 8.61, 16.04, 23.06, 15.39, 8.83, 12.39, 12.95, 10.22, 15.57, 10.2, 13.06, 12.55, 27.54, 18.64, 9.11, 25.99, 14.21, 12.02, 10.63, 6.62, 18.04, 14.0, 8.13, 5.84, 11.28, 18.7, 20.53, 71.17], [0.0, 22.18, 10.94, 12.11, 4.78, 5.83, 17.63, 10.03, 11.21, 16.21, 0.0, 9.64, 18.58, 9.82, 7.17, 20.0, 10.31, 9.42, 6.31, 9.52, 14.82, 10.44, 6.68, 7.5, 11.06, 8.09, 19.06, 9.65, 7.54, 7.65, 10.3, 10.29, 13.42, 6.01, 14.22, 8.22, 14.56, 6.18, 11.86, 12.04, 12.79, 7.77, 16.85, 10.13, 4.75, 10.75, 19.98, 16.69, 14.06, 32.38, 4.95, 69.93], [0.0, 20.31, 7.44, 8.77, 5.93, 6.23, 14.95, 7.49, 5.34, 6.85, 9.64, 0.0, 22.19, 9.77, 6.52, 12.54, 8.38, 8.25, 7.23, 9.64, 5.3, 7.46, 13.47, 4.49, 7.0, 9.68, 18.57, 9.47, 10.16, 8.34, 10.26, 4.99, 13.81, 11.52, 6.27, 8.81, 20.91, 11.86, 8.05, 19.21, 9.63, 8.04, 7.75, 9.57, 11.2, 7.53, 12.86, 9.52, 4.43, 24.8, 13.72, 71.68], [0.0, 40.42, 15.58, 14.84, 17.5, 23.2, 35.47, 27.3, 18.18, 28.09, 18.58, 22.19, 0.0, 18.9, 15.75, 34.7, 19.35, 14.03, 24.14, 27.69, 26.41, 19.31, 12.11, 23.74, 27.75, 12.61, 8.58, 12.77, 21.09, 25.72, 28.51, 17.88, 31.89, 21.11, 28.45, 26.35, 6.87, 12.43, 28.79, 9.34, 14.32, 25.73, 29.3, 22.04, 13.84, 19.66, 35.04, 31.7, 25.18, 46.75, 15.08, 88.0], [0.0, 21.93, 11.26, 12.44, 5.06, 5.74, 17.42, 9.89, 11.49, 16.29, 9.82, 9.77, 18.9, 0.0, 7.5, 19.95, 10.24, 9.76, 6.15, 9.3, 14.93, 10.76, 6.95, 7.47, 10.96, 8.45, 19.42, 10.0, 7.68, 7.45, 10.07, 10.56, 13.15, 6.1, 14.23, 8.01, 14.79, 6.51, 11.74, 12.25, 13.13, 7.59, 16.91, 10.28, 5.07, 10.71, 19.91, 16.64, 14.19, 32.31, 5.09, 69.59], [0.0, 25.42, 12.68, 4.97, 11.04, 8.51, 20.21, 12.05, 4.61, 13.01, 7.17, 6.52, 15.75, 7.5, 0.0, 19.05, 6.72, 9.07, 9.66, 13.15, 11.33, 6.0, 7.7, 8.36, 12.24, 10.22, 13.32, 10.28, 5.36, 11.27, 13.94, 10.34, 17.61, 5.73, 12.77, 11.9, 14.54, 5.93, 13.32, 13.11, 5.7, 11.14, 14.08, 6.5, 5.8, 6.35, 19.34, 15.98, 10.19, 31.31, 9.09, 75.51], [0.0, 13.47, 19.47, 20.58, 17.97, 14.27, 9.54, 10.66, 16.94, 7.47, 20.0, 12.54, 34.7, 19.95, 19.05, 0.0, 18.62, 20.69, 14.19, 12.8, 8.89, 17.98, 25.44, 12.51, 9.26, 22.21, 30.32, 21.94, 13.93, 13.62, 12.57, 17.01, 13.45, 14.57, 6.29, 13.41, 33.22, 24.02, 8.85, 31.27, 21.35, 13.3, 6.18, 12.66, 23.1, 17.82, 12.88, 10.97, 10.08, 12.45, 24.85, 64.84], [0.0, 21.19, 10.43, 11.68, 10.46, 4.51, 16.51, 8.75, 10.4, 14.86, 10.31, 8.38, 19.35, 10.24, 6.72, 18.62, 0.0, 9.14, 5.09, 8.46, 13.51, 9.97, 7.69, 6.11, 9.73, 8.18, 19.25, 9.55, 6.29, 6.53, 9.26, 9.49, 12.54, 4.68, 12.84, 7.13, 15.67, 6.94, 10.56, 13.24, 12.42, 6.62, 15.49, 8.9, 5.56, 9.65, 18.61, 15.31, 12.78, 31.01, 6.28, 69.55], [0.0, 27.82, 11.68, 12.97, 5.31, 11.05, 22.56, 14.46, 4.46, 14.12, 9.42, 8.25, 14.03, 9.76, 9.07, 20.69, 9.14, 0.0, 12.21, 15.68, 12.43, 8.49, 8.24, 10.77, 14.53, 10.42, 10.82, 10.13, 7.54, 13.81, 16.46, 10.82, 20.14, 8.19, 14.48, 14.44, 13.88, 6.49, 15.62, 12.96, 8.91, 13.68, 15.3, 8.04, 6.93, 8.84, 21.06, 17.76, 11.21, 32.73, 10.38, 78.07], [0.0, 16.28, 12.67, 14.09, 7.06, 9.6, 11.45, 10.61, 11.57, 12.05, 6.31, 7.23, 24.14, 6.15, 9.66, 14.19, 5.09, 12.21, 0.0, 11.83, 11.12, 4.88, 12.76, 9.87, 4.96, 12.13, 22.96, 13.01, 5.81, 9.38, 4.4, 10.83, 7.99, 4.29, 9.12, 9.29, 20.75, 11.86, 5.63, 18.32, 14.94, 9.88, 12.3, 7.93, 10.56, 4.56, 14.05, 10.94, 10.83, 26.38, 11.24, 65.88], [0.0, 12.75, 15.95, 17.37, 10.62, 4.66, 8.13, 8.94, 14.56, 12.7, 9.52, 9.64, 27.69, 9.3, 13.15, 12.8, 8.46, 15.68, 11.83, 0.0, 12.22, 8.39, 16.15, 5.28, 9.89, 15.7, 26.47, 16.54, 8.75, 10.82, 10.13, 13.92, 4.46, 7.55, 9.14, 9.62, 24.08, 15.35, 10.34, 21.55, 18.24, 10.93, 12.58, 10.32, 14.01, 8.04, 12.46, 9.86, 12.28, 24.38, 14.31, 62.5], [0.0, 19.83, 10.87, 11.86, 11.2, 10.44, 14.63, 9.53, 8.29, 11.62, 14.82, 5.3, 26.41, 14.93, 11.33, 8.89, 13.51, 12.43, 11.12, 12.22, 0.0, 12.63, 18.67, 8.33, 8.29, 14.35, 21.48, 13.69, 7.34, 11.65, 12.56, 8.53, 15.47, 8.82, 11.45, 11.89, 25.87, 17.01, 8.96, 24.34, 12.59, 11.29, 11.6, 5.01, 16.44, 12.65, 9.48, 6.8, 9.74, 20.37, 19.02, 71.84], [0.0, 21.13, 9.65, 10.94, 10.96, 10.05, 16.32, 8.38, 9.52, 14.01, 10.44, 7.46, 19.31, 10.76, 6.0, 17.98, 9.97, 8.49, 4.88, 8.39, 12.63, 0.0, 7.93, 5.47, 9.25, 7.74, 18.8, 8.99, 5.37, 6.42, 9.2, 8.61, 12.61, 9.16, 12.1, 7.05, 15.94, 6.98, 10.14, 13.61, 11.7, 6.45, 14.66, 7.97, 5.69, 9.43, 18.0, 14.67, 11.88, 30.4, 6.87, 69.94], [0.0, 28.85, 10.49, 10.99, 7.57, 12.04, 24.2, 16.31, 12.18, 20.29, 6.68, 13.47, 12.11, 6.95, 7.7, 25.44, 7.69, 8.24, 12.76, 16.15, 18.67, 7.93, 0.0, 13.18, 17.12, 5.74, 14.37, 7.54, 11.66, 14.23, 16.94, 11.37, 20.1, 10.88, 19.28, 14.82, 8.01, 12.86, 18.05, 5.82, 11.27, 14.31, 21.22, 13.67, 10.44, 8.22, 25.57, 22.18, 17.62, 37.89, 11.63, 75.96], [0.0, 17.07, 10.78, 12.2, 6.24, 9.94, 11.86, 11.97, 9.28, 9.37, 7.5, 4.49, 23.74, 7.47, 8.36, 12.51, 6.11, 10.77, 9.87, 5.28, 8.33, 5.47, 13.18, 0.0, 8.66, 11.25, 21.57, 11.76, 10.76, 9.86, 5.98, 8.66, 9.65, 9.56, 6.81, 4.34, 21.14, 11.95, 5.06, 18.97, 13.08, 9.56, 9.75, 5.19, 10.85, 5.31, 12.53, 9.2, 7.98, 24.93, 12.34, 67.71], [0.0, 13.38, 14.22, 15.61, 10.26, 5.23, 8.06, 9.51, 12.32, 8.61, 11.06, 7.0, 27.75, 10.96, 12.24, 9.26, 9.73, 14.53, 4.96, 9.89, 8.29, 9.25, 17.12, 8.66, 0.0, 15.22, 25.25, 15.6, 7.0, 4.41, 4.34, 11.88, 7.25, 6.64, 5.0, 4.32, 25.11, 15.95, 8.89, 22.85, 16.49, 12.24, 8.43, 7.58, 14.8, 9.02, 9.09, 6.07, 8.55, 21.42, 16.0, 64.73], [0.0, 28.22, 4.8, 5.25, 5.11, 11.05, 23.1, 14.9, 6.82, 16.04, 8.09, 9.68, 12.61, 8.45, 10.22, 22.21, 8.18, 10.42, 12.13, 15.7, 14.35, 7.74, 5.74, 11.25, 15.22, 0.0, 11.07, 11.09, 8.47, 13.76, 16.51, 6.15, 20.11, 8.6, 15.93, 14.4, 11.6, 11.16, 16.28, 10.49, 5.59, 13.69, 17.15, 9.62, 4.69, 8.11, 22.51, 19.14, 13.18, 34.45, 8.11, 77.67], [0.0, 38.6, 11.13, 9.85, 15.93, 21.82, 33.3, 25.26, 13.47, 23.06, 19.06, 18.57, 8.58, 19.42, 13.32, 30.32, 19.25, 10.82, 22.96, 26.47, 21.48, 18.8, 14.37, 21.57, 25.25, 11.07, 0.0, 9.95, 18.26, 24.58, 27.27, 13.6, 30.93, 19.01, 24.45, 25.22, 13.73, 13.55, 26.34, 15.04, 9.02, 24.46, 24.35, 18.18, 14.85, 19.17, 30.84, 27.74, 20.26, 41.57, 17.6, 88.72], [0.0, 28.83, 12.35, 13.64, 5.99, 11.88, 23.6, 15.45, 5.68, 15.39, 9.65, 9.47, 12.77, 10.0, 10.28, 21.94, 9.55, 10.13, 13.01, 16.54, 13.69, 8.99, 7.54, 11.76, 15.6, 11.09, 9.95, 0.0, 8.64, 14.64, 17.33, 5.2, 20.99, 9.14, 15.71, 15.27, 12.72, 5.88, 16.68, 11.92, 9.84, 14.53, 16.57, 9.28, 6.55, 9.36, 22.3, 18.99, 12.48, 33.99, 9.98, 78.81], [0.0, 20.35, 7.32, 8.74, 10.64, 4.68, 15.05, 7.06, 5.82, 8.83, 7.54, 10.16, 21.09, 7.68, 5.36, 13.93, 6.29, 7.54, 5.81, 8.75, 7.34, 5.37, 11.66, 10.76, 7.0, 8.47, 18.26, 8.64, 0.0, 7.17, 9.47, 5.17, 13.13, 10.1, 7.67, 7.72, 19.3, 10.13, 8.09, 17.46, 9.62, 6.92, 9.64, 9.75, 9.35, 5.45, 14.15, 10.75, 6.52, 26.33, 11.7, 71.19], [0.0, 14.71, 14.21, 15.63, 8.69, 9.64, 9.99, 12.11, 12.98, 12.39, 7.65, 8.34, 25.72, 7.45, 11.27, 13.62, 6.53, 13.81, 9.38, 10.82, 11.65, 6.42, 14.23, 9.86, 4.41, 13.76, 24.58, 14.64, 7.17, 0.0, 8.75, 12.28, 6.36, 5.78, 9.12, 8.74, 22.19, 13.4, 4.8, 19.7, 16.49, 9.31, 12.47, 9.04, 12.07, 6.08, 13.38, 10.47, 11.52, 25.57, 12.51, 64.29], [0.0, 11.94, 16.7, 18.13, 11.43, 5.47, 7.38, 9.75, 15.26, 12.95, 10.3, 10.26, 28.51, 10.07, 13.94, 12.57, 9.26, 16.46, 4.4, 10.13, 12.56, 9.2, 16.94, 5.98, 4.34, 16.51, 27.27, 17.33, 9.47, 8.75, 0.0, 14.64, 11.59, 8.32, 9.31, 8.66, 24.86, 16.16, 10.03, 22.32, 19.0, 13.91, 12.74, 10.94, 14.82, 8.86, 12.18, 9.75, 12.7, 23.94, 15.06, 61.75], [0.0, 25.25, 10.95, 11.4, 5.51, 9.66, 19.9, 12.15, 9.09, 10.22, 10.29, 4.99, 17.88, 10.56, 10.34, 17.01, 9.49, 10.82, 10.83, 13.92, 8.53, 8.61, 11.37, 8.66, 11.88, 6.15, 13.6, 5.2, 5.17, 12.28, 14.64, 0.0, 18.3, 6.55, 10.92, 12.85, 17.73, 9.59, 12.96, 16.59, 4.64, 12.06, 11.42, 4.58, 9.54, 8.88, 17.44, 14.23, 7.3, 28.88, 12.79, 76.35], [0.0, 8.9, 20.39, 21.81, 15.05, 9.11, 5.55, 6.35, 18.9, 15.57, 13.42, 13.81, 31.89, 13.15, 17.61, 13.45, 12.54, 20.14, 7.99, 4.46, 15.47, 12.61, 20.1, 9.65, 7.25, 20.11, 30.93, 20.99, 13.13, 6.36, 11.59, 18.3, 0.0, 12.0, 11.8, 5.72, 27.88, 19.48, 6.51, 25.22, 22.68, 6.46, 15.12, 14.47, 18.09, 12.25, 12.86, 11.26, 15.79, 23.51, 17.9, 58.07], [0.0, 19.69, 8.43, 9.84, 10.58, 9.19, 14.51, 6.32, 7.31, 10.2, 6.01, 11.52, 21.11, 6.1, 5.73, 14.57, 4.68, 8.19, 4.29, 7.55, 8.82, 9.16, 10.88, 9.56, 6.64, 8.6, 19.01, 9.14, 10.1, 5.78, 8.32, 6.55, 12.0, 0.0, 8.47, 6.39, 18.75, 9.52, 7.69, 16.7, 10.71, 5.6, 10.87, 4.38, 8.53, 8.84, 14.69, 11.3, 8.12, 27.02, 10.49, 70.04], [0.0, 15.81, 13.41, 14.61, 11.75, 8.83, 10.6, 6.46, 10.98, 13.06, 14.22, 6.27, 28.45, 14.23, 12.77, 6.29, 12.84, 14.48, 9.12, 9.14, 11.45, 12.1, 19.28, 6.81, 5.0, 15.93, 24.45, 15.71, 7.67, 9.12, 9.31, 10.92, 11.8, 8.47, 0.0, 9.18, 26.97, 17.79, 5.37, 25.09, 15.43, 8.76, 12.47, 6.44, 16.94, 12.0, 6.59, 11.07, 4.84, 18.65, 18.93, 67.81], [0.0, 14.08, 14.81, 16.23, 9.33, 9.55, 9.41, 12.06, 13.54, 12.55, 8.22, 8.81, 26.35, 8.01, 11.9, 13.41, 7.13, 14.44, 9.29, 9.62, 11.89, 7.05, 14.82, 4.34, 4.32, 14.4, 25.22, 15.27, 7.72, 8.74, 8.66, 12.85, 5.72, 6.39, 9.18, 0.0, 22.77, 14.02, 4.57, 20.26, 17.09, 9.08, 12.56, 9.5, 12.68, 6.71, 13.14, 10.33, 11.82, 25.25, 13.05, 63.67], [0.0, 36.72, 16.02, 15.86, 15.25, 20.04, 32.17, 24.32, 18.34, 27.54, 14.56, 20.91, 6.87, 14.79, 14.54, 33.22, 15.67, 13.88, 20.75, 24.08, 25.87, 15.94, 8.01, 21.14, 25.11, 11.6, 13.73, 12.72, 19.3, 22.19, 24.86, 17.73, 27.88, 18.75, 26.97, 22.77, 0.0, 9.23, 26.05, 13.83, 15.7, 22.28, 28.59, 20.98, 10.3, 16.22, 33.4, 30.0, 24.72, 45.63, 10.04, 82.31], [0.0, 28.1, 8.73, 9.29, 6.05, 11.02, 23.29, 15.26, 10.39, 18.64, 6.18, 11.86, 12.43, 6.51, 5.93, 24.02, 6.94, 6.49, 11.86, 15.35, 17.01, 6.98, 12.86, 11.95, 15.95, 11.16, 13.55, 5.88, 10.13, 13.4, 16.16, 9.59, 19.48, 9.52, 17.79, 14.02, 9.23, 0.0, 16.92, 7.35, 9.61, 13.44, 19.61, 12.02, 10.93, 7.31, 24.18, 20.78, 15.94, 36.44, 4.26, 76.01], [0.0, 12.3, 15.3, 16.69, 11.29, 6.06, 6.97, 10.34, 13.38, 9.11, 11.86, 8.05, 28.79, 11.74, 13.32, 8.85, 10.56, 15.62, 5.63, 10.34, 8.96, 10.14, 18.05, 5.06, 8.89, 16.28, 26.34, 16.68, 8.09, 4.8, 10.03, 12.96, 6.51, 7.69, 5.37, 4.57, 26.05, 16.92, 0.0, 23.75, 17.57, 4.51, 8.78, 8.62, 15.75, 9.89, 8.58, 5.81, 9.32, 20.8, 16.81, 63.72], [0.0, 34.09, 15.2, 15.3, 13.37, 17.7, 29.67, 21.97, 17.3, 25.99, 12.04, 19.21, 9.34, 12.25, 13.11, 31.27, 13.24, 12.96, 18.32, 21.55, 24.34, 13.61, 5.82, 18.97, 22.85, 10.49, 15.04, 11.92, 17.46, 19.7, 22.32, 16.59, 25.22, 16.7, 25.09, 20.26, 13.83, 7.35, 23.75, 0.0, 15.3, 19.82, 26.96, 19.37, 8.17, 13.86, 31.39, 28.0, 23.25, 43.72, 7.32, 79.42], [0.0, 29.87, 10.39, 10.67, 8.43, 13.76, 24.52, 16.67, 4.45, 14.21, 12.79, 9.63, 14.32, 13.13, 5.7, 21.35, 12.42, 8.91, 14.94, 18.24, 12.59, 11.7, 11.27, 13.08, 16.49, 5.59, 9.02, 9.84, 9.62, 16.49, 19.0, 4.64, 22.68, 10.71, 15.43, 17.09, 15.7, 9.61, 17.57, 15.3, 0.0, 16.31, 15.49, 9.2, 10.23, 12.04, 21.84, 18.73, 11.35, 32.87, 13.68, 80.75], [0.0, 14.69, 14.02, 15.44, 8.6, 10.57, 9.89, 11.92, 12.74, 12.02, 7.77, 8.04, 25.73, 7.59, 11.14, 13.3, 6.62, 13.68, 9.88, 10.93, 11.29, 6.45, 14.31, 9.56, 12.24, 13.69, 24.46, 14.53, 6.92, 9.31, 13.91, 12.06, 6.46, 5.6, 8.76, 9.08, 22.28, 13.44, 4.51, 19.82, 16.31, 0.0, 12.1, 8.74, 12.12, 6.13, 13.08, 10.14, 11.17, 25.29, 12.66, 64.45], [0.0, 18.18, 13.78, 14.77, 13.67, 11.86, 13.26, 9.88, 11.2, 10.63, 16.85, 7.75, 29.3, 16.91, 14.08, 6.18, 15.49, 15.3, 12.3, 12.58, 11.6, 14.66, 21.22, 9.75, 8.43, 17.15, 24.35, 16.57, 9.64, 12.47, 12.74, 11.42, 15.12, 10.87, 12.47, 12.56, 28.59, 19.61, 8.78, 26.96, 15.49, 12.1, 0.0, 7.61, 18.94, 14.62, 6.86, 4.79, 12.19, 17.46, 21.31, 70.14], [0.0, 20.85, 7.06, 8.35, 6.21, 6.92, 15.47, 8.13, 4.83, 6.62, 10.13, 9.57, 22.04, 10.28, 6.5, 12.66, 8.9, 8.04, 7.93, 10.32, 5.01, 7.97, 13.67, 5.19, 7.58, 9.62, 18.18, 9.28, 9.75, 9.04, 10.94, 4.58, 14.47, 4.38, 6.44, 9.5, 20.98, 12.02, 8.62, 19.37, 9.2, 8.74, 7.61, 0.0, 11.44, 8.06, 13.02, 9.74, 11.28, 24.82, 14.07, 72.3], [0.0, 26.75, 9.05, 9.8, 5.27, 9.77, 22.01, 14.04, 10.4, 18.04, 4.75, 11.2, 13.84, 5.07, 5.8, 23.1, 5.56, 6.93, 10.56, 14.01, 16.44, 5.69, 10.44, 10.85, 14.8, 4.69, 14.85, 6.55, 9.35, 12.07, 14.82, 9.54, 18.09, 8.53, 16.94, 12.68, 10.3, 10.93, 15.75, 8.17, 10.23, 12.12, 18.94, 11.44, 0.0, 6.0, 23.22, 19.83, 15.43, 35.55, 9.7, 74.57], [0.0, 20.79, 9.97, 11.27, 11.27, 10.13, 16.01, 8.11, 9.78, 14.0, 10.75, 7.53, 19.66, 10.71, 6.35, 17.82, 9.65, 8.84, 4.56, 8.04, 12.65, 9.43, 8.22, 5.31, 9.02, 8.11, 19.17, 9.36, 5.45, 6.08, 8.86, 8.88, 12.25, 8.84, 12.0, 6.71, 16.22, 7.31, 9.89, 13.86, 12.04, 6.13, 14.62, 8.06, 6.0, 0.0, 17.83, 14.51, 11.93, 30.23, 7.04, 69.56], [0.0, 12.6, 19.91, 21.06, 18.15, 14.2, 8.76, 10.43, 17.41, 8.13, 19.98, 12.86, 35.04, 19.91, 19.34, 12.88, 18.61, 21.06, 14.05, 12.46, 9.48, 18.0, 25.57, 12.53, 9.09, 22.51, 30.84, 22.3, 14.15, 13.38, 12.18, 17.44, 12.86, 14.69, 6.59, 13.14, 33.4, 24.18, 8.58, 31.39, 21.84, 13.08, 6.86, 13.02, 23.22, 17.83, 0.0, 11.65, 10.65, 12.41, 24.87, 63.98], [0.0, 13.39, 16.72, 17.92, 14.75, 10.97, 8.56, 7.52, 14.28, 5.84, 16.69, 9.52, 31.7, 16.64, 15.98, 10.97, 15.31, 17.76, 10.94, 9.86, 6.8, 14.67, 22.18, 9.2, 6.07, 19.14, 27.74, 18.99, 10.75, 10.47, 9.75, 14.23, 11.26, 11.3, 11.07, 10.33, 30.0, 20.78, 5.81, 28.0, 18.73, 10.14, 4.79, 9.74, 19.83, 14.51, 11.65, 0.0, 7.84, 15.75, 21.55, 65.36], [0.0, 20.62, 9.64, 10.62, 10.23, 10.04, 15.35, 9.66, 7.05, 11.28, 14.06, 4.43, 25.18, 14.19, 10.19, 10.08, 12.78, 11.21, 10.83, 12.28, 9.74, 11.88, 17.62, 7.98, 8.55, 13.18, 20.26, 12.48, 6.52, 11.52, 12.7, 7.3, 15.79, 8.12, 4.84, 11.82, 24.72, 15.94, 9.32, 23.25, 11.35, 11.17, 12.19, 11.28, 15.43, 11.93, 10.65, 7.84, 0.0, 21.6, 18.1, 72.59], [0.0, 18.61, 31.24, 32.19, 30.4, 26.59, 18.13, 22.68, 28.65, 18.7, 32.38, 24.8, 46.75, 32.31, 31.31, 12.45, 31.01, 32.73, 26.38, 24.38, 20.37, 30.4, 37.89, 24.93, 21.42, 34.45, 41.57, 33.99, 26.33, 25.57, 23.94, 28.88, 23.51, 27.02, 18.65, 25.25, 45.63, 36.44, 20.8, 43.72, 32.87, 25.29, 17.46, 24.82, 35.55, 30.23, 12.41, 15.75, 21.6, 0.0, 37.27, 62.96], [0.0, 26.78, 12.48, 13.25, 7.91, 10.78, 22.44, 14.98, 13.69, 20.53, 4.95, 13.72, 15.08, 5.09, 9.09, 24.85, 6.28, 10.38, 11.24, 14.31, 19.02, 6.87, 11.63, 12.34, 16.0, 8.11, 17.6, 9.98, 11.7, 12.51, 15.06, 12.79, 17.9, 10.49, 18.93, 13.05, 10.04, 4.26, 16.81, 7.32, 13.68, 12.66, 21.31, 14.07, 9.7, 7.04, 24.87, 21.55, 18.1, 37.27, 0.0, 72.92], [0.0, 0.0, 0.0, 0.0, 0.0, 0.0, 0.0, 0.0, 0.0, 0.0, 0.0, 0.0, 0.0, 0.0, 0.0, 0.0, 0.0, 0.0, 0.0, 0.0, 0.0, 0.0, 0.0, 0.0, 0.0, 0.0, 0.0, 0.0, 0.0, 0.0, 0.0, 0.0, 0.0, 0.0, 0.0, 0.0, 0.0, 0.0, 0.0, 0.0, 0.0, 0.0, 0.0, 0.0, 0.0, 0.0, 0.0, 0.0, 0.0, 0.0, 0.0, 0.0]], "time_windows": [[0.0, 5000.0], [0.0, 97.0], [0.0, 131.0], [0.0, 143.0], [0.0, 151.0], [0.0, 158.0], [0.0, 183.0], [0.0, 201.0], [0.0, 231.0], [0.0, 265.0], [0.0, 312.0], [0.0, 337.0], [0.0, 379.0], [0.0, 410.0], [0.0, 422.0], [0.0, 452.0], [0.0, 496.0], [0.0, 520.0], [0.0, 560.0], [0.0, 592.0], [0.0, 620.0], [0.0, 644.0], [0.0, 657.0], [0.0, 678.0], [0.0, 691.0], [0.0, 712.0], [0.0, 728.0], [0.0, 742.0], [0.0, 753.0], [0.0, 762.0], [0.0, 776.0], [0.0, 799.0], [0.0, 829.0], [0.0, 856.0], [0.0, 874.0], [0.0, 891.0], [0.0, 933.0], [0.0, 947.0], [0.0, 975.0], [0.0, 1008.0], [0.0, 1027.0], [0.0, 1047.0], [0.0, 1061.0], [0.0, 1069.0], [0.0, 1082.0], [0.0, 1089.0], [0.0, 1108.0], [0.0, 1120.0], [0.0, 1127.0], [0.0, 1149.0], [0.0, 1186.0], [0.0, 5000.0]], "start_depot": 0, "end_depot": 51, "horizon": [0.0, 5000.0]}