{"digraph": {"vertex_count": 52, "arc_count": 2550, "arcs": [[0, 1, 1, 1, 1, 1, 1, 1, 1, 1, 1, 1, 1, 1, 1, 1, 1, 1, 1, 1, 1, 1, 1, 1, 1, 1, 1, 1, 1, 1, 1, 1, 1, 1, 1, 1, 1, 1, 1, 1, 1, 1, 1, 1, 1, 1, 1, 1, 1, 1, 1, 1], [0, 0, 1, 1, 1, 1, 1, 1, 1, 1, 1, 1, 1, 1, 1, 1, 1, 1, 1, 1, 1, 1, 1, 1, 1, 1, 1, 1, 1, 1, 1, 1, 1, 1, 1, 1, 1, 1, 1, 1, 1, 1, 1, 1, 1, 1, 1, 1, 1, 1, 1, 1], [0, 1, 0, 1, 1, 1, 1, 1, 1, 1, 1, 1, 1, 1, 1, 1, 1, 1, 1, 1, 1, 1, 1, 1, 1, 1, 1, 1, 1, 1, 1, 1, 1, 1, 1, 1, 1, 1, 1, 1, 1, 1, 1, 1, 1, 1, 1, 1, 1, 1, 1, 1], [0, 1, 1, 0, 1, 1, 1, 1, 1, 1, 1, 1, 1, 1, 1, 1, 1, 1, 1, 1, 1, 1, 1, 1, 1, 1, 1, 1, 1, 1, 1, 1, 1, 1, 1, 1, 1, 1, 1, 1, 1, 1, 1, 1, 1, 1, 1, 1, 1, 1, 1, 1], [0, 1, 1, 1, 0, 1, 1, 1, 1, 1, 1, 1, 1, 1, 1, 1, 1, 1, 1, 1, 1, 1, 1, 1, 1, 1, 1, 1, 1, 1, 1, 1, 1, 1, 1, 1, 1, 1, 1, 1, 1, 1, 1, 1, 1, 1, 1, 1, 1, 1, 1, 1], [0, 1, 1, 1, 1, 0, 1, 1, 1, 1, 1, 1, 1, 1, 1, 1, 1, 1, 1, 1, 1, 1, 1, 1, 1, 1, 1, 1, 1, 1, 1, 1, 1, 1, 1, 1, 1, 1, 1, 1, 1, 1, 1, 1, 1, 1, 1, 1, 1, 1, 1, 1], [0, 1, 1, 1, 1, 1, 0, 1, 1, 1, 1, 1, 1, 1, 1, 1, 1, 1, 1, 1, 1, 1, 1, 1, 1, 1, 1, 1, 1, 1, 1, 1, 1, 1, 1, 1, 1, 1, 1, 1, 1, 1, 1, 1, 1, 1, 1, 1, 1, 1, 1, 1], [0, 1, 1, 1, 1, 1, 1, 0, 1, 1, 1, 1, 1, 1, 1, 1, 1, 1, 1, 1, 1, 1, 1, 1, 1, 1, 1, 1, 1, 1, 1, 1, 1, 1, 1, 1, 1, 1, 1, 1, 1, 1, 1, 1, 1, 1, 1, 1, 1, 1, 1, 1], [0, 1, 1, 1, 1, 1, 1, 1, 0, 1, 1, 1, 1, 1, 1, 1, 1, 1, 1, 1, 1, 1, 1, 1, 1, 1, 1, 1, 1, 1, 1, 1, 1, 1, 1, 1, 1, 1, 1, 1, 1, 1, 1, 1, 1, 1, 1, 1, 1, 1, 1, 1], [0, 1, 1, 1, 1, 1, 1, 1, 1, 0, 1, 1, 1, 1, 1, 1, 1, 1, 1, 1, 1, 1, 1, 1, 1, 1, 1, 1, 1, 1, 1, 1, 1, 1, 1, 1, 1, 1, 1, 1, 1, 1, 1, 1, 1, 1, 1, 1, 1, 1, 1, 1], [0, 1, 1, 1, 1, 1, 1, 1, 1, 1, 0, 1, 1, 1, 1, 1, 1, 1, 1, 1, 1, 1, 1, 1, 1, 1, 1, 1, 1, 1, 1, 1, 1, 1, 1, 1, 1, 1, 1, 1, 1, 1, 1, 1, 1, 1, 1, 1, 1, 1, 1, 1], [0, 1, 1, 1, 1, 1, 1, 1, 1, 1, 1, 0, 1, 1, 1, 1, 1, 1, 1, 1, 1, 1, 1, 1, 1, 1, 1, 1, 1, 1, 1, 1, 1, 1, 1, 1, 1, 1, 1, 1, 1, 1, 1, 1, 1, 1, 1, 1, 1, 1, 1, 1], [0, 1, 1, 1, 1, 1, 1, 1, 1, 1, 1, 1, 0, 1, 1, 1, 1, 1, 1, 1, 1, 1, 1, 1, 1, 1, 1, 1, 1, 1, 1, 1, 1, 1, 1, 1, 1, 1, 1, 1, 1, 1, 1, 1, 1, 1, 1, 1, 1, 1, 1, 1], [0, 1, 1, 1, 1, 1, 1, 1, 1, 1, 1, 1, 1, 0, 1, 1, 1, 1, 1, 1, 1, 1, 1, 1, 1, 1, 1, 1, 1, 1, 1, 1, 1, 1, 1, 1, 1, 1, 1, 1, 1, 1, 1, 1, 1, 1, 1, 1, 1, 1, 1, 1], [0, 1, 1, 1, 1, 1, 1, 1, 1, 1, 1, 1, 1, 1, 0, 1, 1, 1, 1, 1, 1, 1, 1, 1, 1, 1, 1, 1, 1, 1, 1, 1, 1, 1, 1, 1, 1, 1, 1, 1, 1, 1, 1, 1, 1, 1, 1, 1, 1, 1, 1, 1], [0, 1, 1, 1, 1, 1, 1, 1, 1, 1, 1, 1, 1, 1, 1, 0, 1, 1, 1, 1, 1, 1, 1, 1, 1, 1, 1, 1, 1, 1, 1, 1, 1, 1, 1, 1, 1, 1, 1, 1, 1, 1, 1, 1, 1, 1, 1, 1, 1, 1, 1, 1], [0, 1, 1, 1, 1, 1, 1, 1, 1, 1, 1, 1, 1, 1, 1, 1, 0, 1, 1, 1, 1, 1, 1, 1, 1, 1, 1, 1, 1, 1, 1, 1, 1, 1, 1, 1, 1, 1, 1, 1, 1, 1, 1, 1, 1, 1, 1, 1, 1, 1, 1, 1], [0, 1, 1, 1, 1, 1, 1, 1, 1, 1, 1, 1, 1, 1, 1, 1, 1, 0, 1, 1, 1, 1, 1, 1, 1, 1, 1, 1, 1, 1, 1, 1, 1, 1, 1, 1, 1, 1, 1, 1, 1, 1, 1, 1, 1, 1, 1, 1, 1, 1, 1, 1], [0, 1, 1, 1, 1, 1, 1, 1, 1, 1, 1, 1, 1, 1, 1, 1, 1, 1, 0, 1, 1, 1, 1, 1, 1, 1, 1, 1, 1, 1, 1, 1, 1, 1, 1, 1, 1, 1, 1, 1, 1, 1, 1, 1, 1, 1, 1, 1, 1, 1, 1, 1], [0, 1, 1, 1, 1, 1, 1, 1, 1, 1, 1, 1, 1, 1, 1, 1, 1, 1, 1, 0, 1, 1, 1, 1, 1, 1, 1, 1, 1, 1, 1, 1, 1, 1, 1, 1, 1, 1, 1, 1, 1, 1, 1, 1, 1, 1, 1, 1, 1, 1, 1, 1], [0, 1, 1, 1, 1, 1, 1, 1, 1, 1, 1, 1, 1, 1, 1, 1, 1, 1, 1, 1, 0, 1, 1, 1, 1, 1, 1, 1, 1, 1, 1, 1, 1, 1, 1, 1, 1, 1, 1, 1, 1, 1, 1, 1, 1, 1, 1, 1, 1, 1, 1, 1], [0, 1, 1, 1, 1, 1, 1, 1, 1, 1, 1, 1, 1, 1, 1, 1, 1, 1, 1, 1, 1, 0, 1, 1, 1, 1, 1, 1, 1, 1, 1, 1, 1, 1, 1, 1, 1, 1, 1, 1, 1, 1, 1, 1, 1, 1, 1, 1, 1, 1, 1, 1], [0, 1, 1, 1, 1, 1, 1, 1, 1, 1, 1, 1, 1, 1, 1, 1, 1, 1, 1, 1, 1, 1, 0, 1, 1, 1, 1, 1, 1, 1, 1, 1, 1, 1, 1, 1, 1, 1, 1, 1, 1, 1, 1, 1, 1, 1, 1, 1, 1, 1, 1, 1], [0, 1, 1, 1, 1, 1, 1, 1, 1, 1, 1, 1, 1, 1, 1, 1, 1, 1, 1, 1, 1, 1, 1, 0, 1, 1, 1, 1, 1, 1, 1, 1, 1, 1, 1, 1, 1, 1, 1, 1, 1, 1, 1, 1, 1, 1, 1, 1, 1, 1, 1, 1], [0, 1, 1, 1, 1, 1, 1, 1, 1, 1, 1, 1, 1, 1, 1, 1, 1, 1, 1, 1, 1, 1, 1, 1, 0, 1, 1, 1, 1, 1, 1, 1, 1, 1, 1, 1, 1, 1, 1, 1, 1, 1, 1, 1, 1, 1, 1, 1, 1, 1, 1, 1], [0, 1, 1, 1, 1, 1, 1, 1, 1, 1, 1, 1, 1, 1, 1, 1, 1, 1, 1, 1, 1, 1, 1, 1, 1, 0, 1, 1, 1, 1, 1, 1, 1, 1, 1, 1, 1, 1, 1, 1, 1, 1, 1, 1, 1, 1, 1, 1, 1, 1, 1, 1], [0, 1, 1, 1, 1, 1, 1, 1, 1, 1, 1, 1, 1, 1, 1, 1, 1, 1, 1, 1, 1, 1, 1, 1, 1, 1, 0, 1, 1, 1, 1, 1, 1, 1, 1, 1, 1, 1, 1, 1, 1, 1, 1, 1, 1, 1, 1, 1, 1, 1, 1, 1], [0, 1, 1, 1, 1, 1, 1, 1, 1, 1, 1, 1, 1, 1, 1, 1, 1, 1, 1, 1, 1, 1, 1, 1, 1, 1, 1, 0, 1, 1, 1, 1, 1, 1, 1, 1, 1, 1, 1, 1, 1, 1, 1, 1, 1, 1, 1, 1, 1, 1, 1, 1], [0, 1, 1, 1, 1, 1, 1, 1, 1, 1, 1, 1, 1, 1, 1, 1, 1, 1, 1, 1, 1, 1, 1, 1, 1, 1, 1, 1, 0, 1, 1, 1, 1, 1, 1, 1, 1, 1, 1, 1, 1, 1, 1, 1, 1, 1, 1, 1, 1, 1, 1, 1], [0, 1, 1, 1, 1, 1, 1, 1, 1, 1, 1, 1, 1, 1, 1, 1, 1, 1, 1, 1, 1, 1, 1, 1, 1, 1, 1, 1, 1, 0, 1, 1, 1, 1, 1, 1, 1, 1, 1, 1, 1, 1, 1, 1, 1, 1, 1, 1, 1, 1, 1, 1], [0, 1, 1, 1, 1, 1, 1, 1, 1, 1, 1, 1, 1, 1, 1, 1, 1, 1, 1, 1, 1, 1, 1, 1, 1, 1, 1, 1, 1, 1, 0, 1, 1, 1, 1, 1, 1, 1, 1, 1, 1, 1, 1, 1, 1, 1, 1, 1, 1, 1, 1, 1], [0, 1, 1, 1, 1, 1, 1, 1, 1, 1, 1, 1, 1, 1, 1, 1, 1, 1, 1, 1, 1, 1, 1, 1, 1, 1, 1, 1, 1, 1, 1, 0, 1, 1, 1, 1, 1, 1, 1, 1, 1, 1, 1, 1, 1, 1, 1, 1, 1, 1, 1, 1], [0, 1, 1, 1, 1, 1, 1, 1, 1, 1, 1, 1, 1, 1, 1, 1, 1, 1, 1, 1, 1, 1, 1, 1, 1, 1, 1, 1, 1, 1, 1, 1, 0, 1, 1, 1, 1, 1, 1, 1, 1, 1, 1, 1, 1, 1, 1, 1, 1, 1, 1, 1], [0, 1, 1, 1, 1, 1, 1, 1, 1, 1, 1, 1, 1, 1, 1, 1, 1, 1, 1, 1, 1, 1, 1, 1, 1, 1, 1, 1, 1, 1, 1, 1, 1, 0, 1, 1, 1, 1, 1, 1, 1, 1, 1, 1, 1, 1, 1, 1, 1, 1, 1, 1], [0, 1, 1, 1, 1, 1, 1, 1, 1, 1, 1, 1, 1, 1, 1, 1, 1, 1, 1, 1, 1, 1, 1, 1, 1, 1, 1, 1, 1, 1, 1, 1, 1, 1, 0, 1, 1, 1, 1, 1, 1, 1, 1, 1, 1, 1, 1, 1, 1, 1, 1, 1], [0, 1, 1, 1, 1, 1, 1, 1, 1, 1, 1, 1, 1, 1, 1, 1, 1, 1, 1, 1, 1, 1, 1, 1, 1, 1, 1, 1, 1, 1, 1, 1, 1, 1, 1, 0, 1, 1, 1, 1, 1, 1, 1, 1, 1, 1, 1, 1, 1, 1, 1, 1], [0, 1, 1, 1, 1, 1, 1, 1, 1, 1, 1, 1, 1, 1, 1, 1, 1, 1, 1, 1, 1, 1, 1, 1, 1, 1, 1, 1, 1, 1, 1, 1, 1, 1, 1, 1, 0, 1, 1, 1, 1, 1, 1, 1, 1, 1, 1, 1, 1, 1, 1, 1], [0, 1, 1, 1, 1, 1, 1, 1, 1, 1, 1, 1, 1, 1, 1, 1, 1, 1, 1, 1, 1, 1, 1, 1, 1, 1, 1, 1, 1, 1, 1, 1, 1, 1, 1, 1, 1, 0, 1, 1, 1, 1, 1, 1, 1, 1, 1, 1, 1, 1, 1, 1], [0, 1, 1, 1, 1, 1, 1, 1, 1, 1, 1, 1, 1, 1, 1, 1, 1, 1, 1, 1, 1, 1, 1, 1, 1, 1, 1, 1, 1, 1, 1, 1, 1, 1, 1, 1, 1, 1, 0, 1, 1, 1, 1, 1, 1, 1, 1, 1, 1, 1, 1, 1], [0, 1, 1, 1, 1, 1, 1, 1, 1, 1, 1, 1, 1, 1, 1, 1, 1, 1, 1, 1, 1, 1, 1, 1, 1, 1, 1, 1, 1, 1, 1, 1, 1, 1, 1, 1, 1, 1, 1, 0, 1, 1, 1, 1, 1, 1, 1, 1, 1, 1, 1, 1], [0, 1, 1, 1, 1, 1, 1, 1, 1, 1, 1, 1, 1, 1, 1, 1, 1, 1, 1, 1, 1, 1, 1, 1, 1, 1, 1, 1, 1, 1, 1, 1, 1, 1, 1, 1, 1, 1, 1, 1, 0, 1, 1, 1, 1, 1, 1, 1, 1, 1, 1, 1], [0, 1, 1, 1, 1, 1, 1, 1, 1, 1, 1, 1, 1, 1, 1, 1, 1, 1, 1, 1, 1, 1, 1, 1, 1, 1, 1, 1, 1, 1, 1, 1, 1, 1, 1, 1, 1, 1, 1, 1, 1, 0, 1, 1, 1, 1, 1, 1, 1, 1, 1, 1], [0, 1, 1, 1, 1, 1, 1, 1, 1, 1, 1, 1, 1, 1, 1, 1, 1, 1, 1, 1, 1, 1, 1, 1, 1, 1, 1, 1, 1, 1, 1, 1, 1, 1, 1, 1, 1, 1, 1, 1, 1, 1, 0, 1, 1, 1, 1, 1, 1, 1, 1, 1], [0, 1, 1, 1, 1, 1, 1, 1, 1, 1, 1, 1, 1, 1, 1, 1, 1, 1, 1, 1, 1, 1, 1, 1, 1, 1, 1, 1, 1, 1, 1, 1, 1, 1, 1, 1, 1, 1, 1, 1, 1, 1, 1, 0, 1, 1, 1, 1, 1, 1, 1, 1], [0, 1, 1, 1, 1, 1, 1, 1, 1, 1, 1, 1, 1, 1, 1, 1, 1, 1, 1, 1, 1, 1, 1, 1, 1, 1, 1, 1, 1, 1, 1, 1, 1, 1, 1, 1, 1, 1, 1, 1, 1, 1, 1, 1, 0, 1, 1, 1, 1, 1, 1, 1], [0, 1, 1, 1, 1, 1, 1, 1, 1, 1, 1, 1, 1, 1, 1, 1, 1, 1, 1, 1, 1, 1, 1, 1, 1, 1, 1, 1, 1, 1, 1, 1, 1, 1, 1, 1, 1, 1, 1, 1, 1, 1, 1, 1, 1, 0, 1, 1, 1, 1, 1, 1], [0, 1, 1, 1, 1, 1, 1, 1, 1, 1, 1, 1, 1, 1, 1, 1, 1, 1, 1, 1, 1, 1, 1, 1, 1, 1, 1, 1, 1, 1, 1, 1, 1, 1, 1, 1, 1, 1, 1, 1, 1, 1, 1, 1, 1, 1, 0, 1, 1, 1, 1, 1], [0, 1, 1, 1, 1, 1, 1, 1, 1, 1, 1, 1, 1, 1, 1, 1, 1, 1, 1, 1, 1, 1, 1, 1, 1, 1, 1, 1, 1, 1, 1, 1, 1, 1, 1, 1, 1, 1, 1, 1, 1, 1, 1, 1, 1, 1, 1, 0, 1, 1, 1, 1], [0, 1, 1, 1, 1, 1, 1, 1, 1, 1, 1, 1, 1, 1, 1, 1, 1, 1, 1, 1, 1, 1, 1, 1, 1, 1, 1, 1, 1, 1, 1, 1, 1, 1, 1, 1, 1, 1, 1, 1, 1, 1, 1, 1, 1, 1, 1, 1, 0, 1, 1, 1], [0, 1, 1, 1, 1, 1, 1, 1, 1, 1, 1, 1, 1, 1, 1, 1, 1, 1, 1, 1, 1, 1, 1, 1, 1, 1, 1, 1, 1, 1, 1, 1, 1, 1, 1, 1, 1, 1, 1, 1, 1, 1, 1, 1, 1, 1, 1, 1, 1, 0, 1, 1], [0, 1, 1, 1, 1, 1, 1, 1, 1, 1, 1, 1, 1, 1, 1, 1, 1, 1, 1, 1, 1, 1, 1, 1, 1, 1, 1, 1, 1, 1, 1, 1, 1, 1, 1, 1, 1, 1, 1, 1, 1, 1, 1, 1, 1, 1, 1, 1, 1, 1, 0, 1], [0, 0, 0, 0, 0, 0, 0, 0, 0, 0, 0, 0, 0, 0, 0, 0, 0, 0, 0, 0, 0, 0, 0, 0, 0, 0, 0, 0, 0, 0, 0, 0, 0, 0, 0, 0, 0, 0, 0, 0, 0, 0, 0, 0, 0, 0, 0, 0, 0, 0, 0, 0]]}, "cluster_count": 3, "cluster_speeds": [[0.925, 0.85, 0.925, 1.0, 0.8325, 0.765, 0.8325, 0.9, 0.4625, 0.425, 0.4625, 0.5, 0.30525, 0.2805, 0.30525, 0.33, 0.37, 0.34, 0.37, 0.4, 0.555, 0.51, 0.555, 0.6, 0.6475, 0.595, 0.6475, 0.7, 0.37, 0.34, 0.37, 0.4, 0.30525, 0.2805, 0.30525, 0.33, 0.4625, 0.425, 0.4625, 0.5, 0.6475, 0.595, 0.6475, 0.7, 0.74, 0.68, 0.74, 0.8, 0.6475, 0.595, 0.6475, 0.7, 0.4625, 0.425, 0.4625, 0.5, 0.555, 0.51, 0.555, 0.6, 0.6475, 0.595, 0.6475, 0.7, 0.8325, 0.765, 0.8325, 0.9, 0.925, 0.85, 0.925, 1.0, 1.0], [0.6475, 0.595, 0.6475, 0.7, 0.58275, 0.5355, 0.58275, 0.63, 0.32375, 0.2975, 0.32375, 0.35, 0.213675, 0.19635, 0.213675, 0.23099999999999998, 0.259, 0.238, 0.259, 0.27999999999999997, 0.3885, 0.357, 0.3885, 0.42, 0.6475, 0.595, 0.6475, 0.7, 0.37, 0.34, 0.37, 0.4, 0.30525, 0.2805, 0.30525, 0.33, 0.4625, 0.425, 0.4625, 0.5, 0.6475, 0.595, 0.6475, 0.7, 0.74, 0.68, 0.74, 0.8, 0.45324999999999993, 0.4165, 0.45324999999999993, 0.48999999999999994, 0.32375, 0.2975, 0.32375, 0.35, 0.3885, 0.357, 0.3885, 0.42, 0.45324999999999993, 0.4165, 0.45324999999999993, 0.48999999999999994, 0.58275, 0.5355, 0.58275, 0.63, 0.6475, 0.595, 0.6475, 0.7, 0.7], [0.87875, 0.8075, 0.87875, 0.95, 0.790875, 0.72675, 0.790875, 0.855, 0.439375, 0.40375, 0.439375, 0.475, 0.2899875, 0.266475, 0.2899875, 0.3135, 0.3515, 0.323, 0.3515, 0.38, 0.52725, 0.4845, 0.52725, 0.57, 0.6475, 0.595, 0.6475, 0.7, 0.37, 0.34, 0.37, 0.4, 0.30525, 0.2805, 0.30525, 0.33, 0.4625, 0.425, 0.4625, 0.5, 0.6475, 0.595, 0.6475, 0.7, 0.74, 0.68, 0.74, 0.8, 0.6151249999999999, 0.5652499999999999, 0.6151249999999999, 0.6649999999999999, 0.439375, 0.40375, 0.439375, 0.475, 0.52725, 0.4845, 0.52725, 0.57, 0.6151249999999999, 0.5652499999999999, 0.6151249999999999, 0.6649999999999999, 0.790875, 0.72675, 0.790875, 0.855, 0.87875, 0.8075, 0.87875, 0.95, 0.95]], "clusters": [[-1, 2, 2, 2, 2, 2, 2, 2, 2, 2, 2, 2, 2, 2, 2, 2, 2, 2, 2, 2, 2, 2, 2, 2, 2, 2, 2, 2, 2, 2, 2, 2, 2, 2, 2, 2, 2, 2, 2, 2, 2, 2, 2, 2, 2, 2, 2, 2, 2, 2, 2, 2], [0, -1, 0, 0, 0, 0, 0, 0, 0, 0, 0, 0, 0, 0, 0, 0, 0, 0, 0, 0, 0, 0, 0, 0, 0, 0, 0, 0, 0, 0, 0, 0, 0, 0, 0, 0, 0, 0, 0, 0, 0, 0, 0, 0, 0, 0, 0, 0, 0, 0, 0, 0], [0, 0, -1, 0, 0, 0, 0, 0, 0, 0, 0, 0, 0, 0, 0, 0, 0, 0, 0, 0, 0, 0, 0, 0, 0, 0, 0, 0, 0, 0, 0, 0, 0, 0, 0, 0, 0, 0, 0, 0, 0, 0, 0, 0, 0, 0, 0, 0, 0, 0, 0, 0], [1, 1, 1, -1, 1, 1, 1, 1, 1, 1, 1, 1, 1, 1, 1, 1, 1, 1, 1, 1, 1, 1, 1, 1, 1, 1, 1, 1, 1, 1, 1, 1, 1, 1, 1, 1, 1, 1, 1, 1, 1, 1, 1, 1, 1, 1, 1, 1, 1, 1, 1, 1], [0, 0, 0, 0, -1, 0, 0, 0, 0, 0, 0, 0, 0, 0, 0, 0, 0, 0, 0, 0, 0, 0, 0, 0, 0, 0, 0, 0, 0, 0, 0, 0, 0, 0, 0, 0, 0, 0, 0, 0, 0, 0, 0, 0, 0, 0, 0, 0, 0, 0, 0, 0], [0, 0, 0, 0, 0, -1, 0, 0, 0, 0, 0, 0, 0, 0, 0, 0, 0, 0, 0, 0, 0, 0, 0, 0, 0, 0, 0, 0, 0, 0, 0, 0, 0, 0, 0, 0, 0, 0, 0, 0, 0, 0, 0, 0, 0, 0, 0, 0, 0, 0, 0, 0], [0, 0, 0, 0, 0, 0, -1, 0, 0, 0, 0, 0, 0, 0, 0, 0, 0, 0, 0, 0, 0, 0, 0, 0, 0, 0, 0, 0, 0, 0, 0, 0, 0, 0, 0, 0, 0, 0, 0, 0, 0, 0, 0, 0, 0, 0, 0, 0, 0, 0, 0, 0], [1, 1, 1, 1, 1, 1, 1, -1, 1, 1, 1, 1, 1, 1, 1, 1, 1, 1, 1, 1, 1, 1, 1, 1, 1, 1, 1, 1, 1, 1, 1, 1, 1, 1, 1, 1, 1, 1, 1, 1, 1, 1, 1, 1, 1, 1, 1, 1, 1, 1, 1, 1], [2, 2, 2, 2, 2, 2, 2, 2, -1, 2, 2, 2, 2, 2, 2, 2, 2, 2, 2, 2, 2, 2, 2, 2, 2, 2, 2, 2, 2, 2, 2, 2, 2, 2, 2, 2, 2, 2, 2, 2, 2, 2, 2, 2, 2, 2, 2, 2, 2, 2, 2, 2], [0, 0, 0, 0, 0, 0, 0, 0, 0, -1, 0, 0, 0, 0, 0, 0, 0, 0, 0, 0, 0, 0, 0, 0, 0, 0, 0, 0, 0, 0, 0, 0, 0, 0, 0, 0, 0, 0, 0, 0, 0, 0, 0, 0, 0, 0, 0, 0, 0, 0, 0, 0], [1, 1, 1, 1, 1, 1, 1, 1, 1, 1, -1, 1, 1, 1, 1, 1, 1, 1, 1, 1, 1, 1, 1, 1, 1, 1, 1, 1, 1, 1, 1, 1, 1, 1, 1, 1, 1, 1, 1, 1, 1, 1, 1, 1, 1, 1, 1, 1, 1, 1, 1, 1], [0, 0, 0, 0, 0, 0, 0, 0, 0, 0, 0, -1, 0, 0, 0, 0, 0, 0, 0, 0, 0, 0, 0, 0, 0, 0, 0, 0, 0, 0, 0, 0, 0, 0, 0, 0, 0, 0, 0, 0, 0, 0, 0, 0, 0, 0, 0, 0, 0, 0, 0, 0], [1, 1, 1, 1, 1, 1, 1, 1, 1, 1, 1, 1, -1, 1, 1, 1, 1, 1, 1, 1, 1, 1, 1, 1, 1, 1, 1, 1, 1, 1, 1, 1, 1, 1, 1, 1, 1, 1, 1, 1, 1, 1, 1, 1, 1, 1, 1, 1, 1, 1, 1, 1], [1, 1, 1, 1, 1, 1, 1, 1, 1, 1, 1, 1, 1, -1, 1, 1, 1, 1, 1, 1, 1, 1, 1, 1, 1, 1, 1, 1, 1, 1, 1, 1, 1, 1, 1, 1, 1, 1, 1, 1, 1, 1, 1, 1, 1, 1, 1, 1, 1, 1, 1, 1], [0, 0, 0, 0, 0, 0, 0, 0, 0, 0, 0, 0, 0, 0, -1, 0, 0, 0, 0, 0, 0, 0, 0, 0, 0, 0, 0, 0, 0, 0, 0, 0, 0, 0, 0, 0, 0, 0, 0, 0, 0, 0, 0, 0, 0, 0, 0, 0, 0, 0, 0, 0], [1, 1, 1, 1, 1, 1, 1, 1, 1, 1, 1, 1, 1, 1, 1, -1, 1, 1, 1, 1, 1, 1, 1, 1, 1, 1, 1, 1, 1, 1, 1, 1, 1, 1, 1, 1, 1, 1, 1, 1, 1, 1, 1, 1, 1, 1, 1, 1, 1, 1, 1, 1], [0, 0, 0, 0, 0, 0, 0, 0, 0, 0, 0, 0, 0, 0, 0, 0, -1, 0, 0, 0, 0, 0, 0, 0, 0, 0, 0, 0, 0, 0, 0, 0, 0, 0, 0, 0, 0, 0, 0, 0, 0, 0, 0, 0, 0, 0, 0, 0, 0, 0, 0, 0], [1, 1, 1, 1, 1, 1, 1, 1, 1, 1, 1, 1, 1, 1, 1, 1, 1, -1, 1, 1, 1, 1, 1, 1, 1, 1, 1, 1, 1, 1, 1, 1, 1, 1, 1, 1, 1, 1, 1, 1, 1, 1, 1, 1, 1, 1, 1, 1, 1, 1, 1, 1], [0, 0, 0, 0, 0, 0, 0, 0, 0, 0, 0, 0, 0, 0, 0, 0, 0, 0, -1, 0, 0, 0, 0, 0, 0, 0, 0, 0, 0, 0, 0, 0, 0, 0, 0, 0, 0, 0, 0, 0, 0, 0, 0, 0, 0, 0, 0, 0, 0, 0, 0, 0], [0, 0, 0, 0, 0, 0, 0, 0, 0, 0, 0, 0, 0, 0, 0, 0, 0, 0, 0, -1, 0, 0, 0, 0, 0, 0, 0, 0, 0, 0, 0, 0, 0, 0, 0, 0, 0, 0, 0, 0, 0, 0, 0, 0, 0, 0, 0, 0, 0, 0, 0, 0], [1, 1, 1, 1, 1, 1, 1, 1, 1, 1, 1, 1, 1, 1, 1, 1, 1, 1, 1, 1, -1, 1, 1, 1, 1, 1, 1, 1, 1, 1, 1, 1, 1, 1, 1, 1, 1, 1, 1, 1, 1, 1, 1, 1, 1, 1, 1, 1, 1, 1, 1, 1], [0, 0, 0, 0, 0, 0, 0, 0, 0, 0, 0, 0, 0, 0, 0, 0, 0, 0, 0, 0, 0, -1, 0, 0, 0, 0, 0, 0, 0, 0, 0, 0, 0, 0, 0, 0, 0, 0, 0, 0, 0, 0, 0, 0, 0, 0, 0, 0, 0, 0, 0, 0], [0, 0, 0, 0, 0, 0, 0, 0, 0, 0, 0, 0, 0, 0, 0, 0, 0, 0, 0, 0, 0, 0, -1, 0, 0, 0, 0, 0, 0, 0, 0, 0, 0, 0, 0, 0, 0, 0, 0, 0, 0, 0, 0, 0, 0, 0, 0, 0, 0, 0, 0, 0], [1, 1, 1, 1, 1, 1, 1, 1, 1, 1, 1, 1, 1, 1, 1, 1, 1, 1, 1, 1, 1, 1, 1, -1, 1, 1, 1, 1, 1, 1, 1, 1, 1, 1, 1, 1, 1, 1, 1, 1, 1, 1, 1, 1, 1, 1, 1, 1, 1, 1, 1, 1], [0, 0, 0, 0, 0, 0, 0, 0, 0, 0, 0, 0, 0, 0, 0, 0, 0, 0, 0, 0, 0, 0, 0, 0, -1, 0, 0, 0, 0, 0, 0, 0, 0, 0, 0, 0, 0, 0, 0, 0, 0, 0, 0, 0, 0, 0, 0, 0, 0, 0, 0, 0], [2, 2, 2, 2, 2, 2, 2, 2, 2, 2, 2, 2, 2, 2, 2, 2, 2, 2, 2, 2, 2, 2, 2, 2, 2, -1, 2, 2, 2, 2, 2, 2, 2, 2, 2, 2, 2, 2, 2, 2, 2, 2, 2, 2, 2, 2, 2, 2, 2, 2, 2, 2], [0, 0, 0, 0, 0, 0, 0, 0, 0, 0, 0, 0, 0, 0, 0, 0, 0, 0, 0, 0, 0, 0, 0, 0, 0, 0, -1, 0, 0, 0, 0, 0, 0, 0, 0, 0, 0, 0, 0, 0, 0, 0, 0, 0, 0, 0, 0, 0, 0, 0, 0, 0], [1, 1, 1, 1, 1, 1, 1, 1, 1, 1, 1, 1, 1, 1, 1, 1, 1, 1, 1, 1, 1, 1, 1, 1, 1, 1, 1, -1, 1, 1, 1, 1, 1, 1, 1, 1, 1, 1, 1, 1, 1, 1, 1, 1, 1, 1, 1, 1, 1, 1, 1, 1], [0, 0, 0, 0, 0, 0, 0, 0, 0, 0, 0, 0, 0, 0, 0, 0, 0, 0, 0, 0, 0, 0, 0, 0, 0, 0, 0, 0, -1, 0, 0, 0, 0, 0, 0, 0, 0, 0, 0, 0, 0, 0, 0, 0, 0, 0, 0, 0, 0, 0, 0, 0], [0, 0, 0, 0, 0, 0, 0, 0, 0, 0, 0, 0, 0, 0, 0, 0, 0, 0, 0, 0, 0, 0, 0, 0, 0, 0, 0, 0, 0, -1, 0, 0, 0, 0, 0, 0, 0, 0, 0, 0, 0, 0, 0, 0, 0, 0, 0, 0, 0, 0, 0, 0], [1, 1, 1, 1, 1, 1, 1, 1, 1, 1, 1, 1, 1, 1, 1, 1, 1, 1, 1, 1, 1, 1, 1, 1, 1, 1, 1, 1, 1, 1, -1, 1, 1, 1, 1, 1, 1, 1, 1, 1, 1, 1, 1, 1, 1, 1, 1, 1, 1, 1, 1, 1], [1, 1, 1, 1, 1, 1, 1, 1, 1, 1, 1, 1, 1, 1, 1, 1, 1, 1, 1, 1, 1, 1, 1, 1, 1, 1, 1, 1, 1, 1, 1, -1, 1, 1, 1, 1, 1, 1, 1, 1, 1, 1, 1, 1, 1, 1, 1, 1, 1, 1, 1, 1], [2, 2, 2, 2, 2, 2, 2, 2, 2, 2, 2, 2, 2, 2, 2, 2, 2, 2, 2, 2, 2, 2, 2, 2, 2, 2, 2, 2, 2, 2, 2, 2, -1, 2, 2, 2, 2, 2, 2, 2, 2, 2, 2, 2, 2, 2, 2, 2, 2, 2, 2, 2], [1, 1, 1, 1, 1, 1, 1, 1, 1, 1, 1, 1, 1, 1, 1, 1, 1, 1, 1, 1, 1, 1, 1, 1, 1, 1, 1, 1, 1, 1, 1, 1, 1, -1, 1, 1, 1, 1, 1, 1, 1, 1, 1, 1, 1, 1, 1, 1, 1, 1, 1, 1], [0, 0, 0, 0, 0, 0, 0, 0, 0, 0, 0, 0, 0, 0, 0, 0, 0, 0, 0, 0, 0, 0, 0, 0, 0, 0, 0, 0, 0, 0, 0, 0, 0, 0, -1, 0, 0, 0, 0, 0, 0, 0, 0, 0, 0, 0, 0, 0, 0, 0, 0, 0], [1, 1, 1, 1, 1, 1, 1, 1, 1, 1, 1, 1, 1, 1, 1, 1, 1, 1, 1, 1, 1, 1, 1, 1, 1, 1, 1, 1, 1, 1, 1, 1, 1, 1, 1, -1, 1, 1, 1, 1, 1, 1, 1, 1, 1, 1, 1, 1, 1, 1, 1, 1], [0, 0, 0, 0, 0, 0, 0, 0, 0, 0, 0, 0, 0, 0, 0, 0, 0, 0, 0, 0, 0, 0, 0, 0, 0, 0, 0, 0, 0, 0, 0, 0, 0, 0, 0, 0, -1, 0, 0, 0, 0, 0, 0, 0, 0, 0, 0, 0, 0, 0, 0, 0], [1, 1, 1, 1, 1, 1, 1, 1, 1, 1, 1, 1, 1, 1, 1, 1, 1, 1, 1, 1, 1, 1, 1, 1, 1, 1, 1, 1, 1, 1, 1, 1, 1, 1, 1, 1, 1, -1, 1, 1, 1, 1, 1, 1, 1, 1, 1, 1, 1, 1, 1, 1], [0, 0, 0, 0, 0, 0, 0, 0, 0, 0, 0, 0, 0, 0, 0, 0, 0, 0, 0, 0, 0, 0, 0, 0, 0, 0, 0, 0, 0, 0, 0, 0, 0, 0, 0, 0, 0, 0, -1, 0, 0, 0, 0, 0, 0, 0, 0, 0, 0, 0, 0, 0], [2, 2, 2, 2, 2, 2, 2, 2, 2, 2, 2, 2, 2, 2, 2, 2, 2, 2, 2, 2, 2, 2, 2, 2, 2, 2, 2, 2, 2, 2, 2, 2, 2, 2, 2, 2, 2, 2, 2, -1, 2, 2, 2, 2, 2, 2, 2, 2, 2, 2, 2, 2], [2, 2, 2, 2, 2, 2, 2, 2, 2, 2, 2, 2, 2, 2, 2, 2, 2, 2, 2, 2, 2, 2, 2, 2, 2, 2, 2, 2, 2, 2, 2, 2, 2, 2, 2, 2, 2, 2, 2, 2, -1, 2, 2, 2, 2, 2, 2, 2, 2, 2, 2, 2], [1, 1, 1, 1, 1, 1, 1, 1, 1, 1, 1, 1, 1, 1, 1, 1, 1, 1, 1, 1, 1, 1, 1, 1, 1, 1, 1, 1, 1, 1, 1, 1, 1, 1, 1, 1, 1, 1, 1, 1, 1, -1, 1, 1, 1, 1, 1, 1, 1, 1, 1, 1], [1, 1, 1, 1, 1, 1, 1, 1, 1, 1, 1, 1, 1, 1, 1, 1, 1, 1, 1, 1, 1, 1, 1, 1, 1, 1, 1, 1, 1, 1, 1, 1, 1, 1, 1, 1, 1, 1, 1, 1, 1, 1, -1, 1, 1, 1, 1, 1, 1, 1, 1, 1], [2, 2, 2, 2, 2, 2, 2, 2, 2, 2, 2, 2, 2, 2, 2, 2, 2, 2, 2, 2, 2, 2, 2, 2, 2, 2, 2, 2, 2, 2, 2, 2, 2, 2, 2, 2, 2, 2, 2, 2, 2, 2, 2, -1, 2, 2, 2, 2, 2, 2, 2, 2], [0, 0, 0, 0, 0, 0, 0, 0, 0, 0, 0, 0, 0, 0, 0, 0, 0, 0, 0, 0, 0, 0, 0, 0, 0, 0, 0, 0, 0, 0, 0, 0, 0, 0, 0, 0, 0, 0, 0, 0, 0, 0, 0, 0, -1, 0, 0, 0, 0, 0, 0, 0], [0, 0, 0, 0, 0, 0, 0, 0, 0, 0, 0, 0, 0, 0, 0, 0, 0, 0, 0, 0, 0, 0, 0, 0, 0, 0, 0, 0, 0, 0, 0, 0, 0, 0, 0, 0, 0, 0, 0, 0, 0, 0, 0, 0, 0, -1, 0, 0, 0, 0, 0, 0], [1, 1, 1, 1, 1, 1, 1, 1, 1, 1, 1, 1, 1, 1, 1, 1, 1, 1, 1, 1, 1, 1, 1, 1, 1, 1, 1, 1, 1, 1, 1, 1, 1, 1, 1, 1, 1, 1, 1, 1, 1, 1, 1, 1, 1, 1, -1, 1, 1, 1, 1, 1], [1, 1, 1, 1, 1, 1, 1, 1, 1, 1, 1, 1, 1, 1, 1, 1, 1, 1, 1, 1, 1, 1, 1, 1, 1, 1, 1, 1, 1, 1, 1, 1, 1, 1, 1, 1, 1, 1, 1, 1, 1, 1, 1, 1, 1, 1, 1, -1, 1, 1, 1, 1], [2, 2, 2, 2, 2, 2, 2, 2, 2, 2, 2, 2, 2, 2, 2, 2, 2, 2, 2, 2, 2, 2, 2, 2, 2, 2, 2, 2, 2, 2, 2, 2, 2, 2, 2, 2, 2, 2, 2, 2, 2, 2, 2, 2, 2, 2, 2, 2, -1, 2, 2, 2], [0, 0, 0, 0, 0, 0, 0, 0, 0, 0, 0, 0, 0, 0, 0, 0, 0, 0, 0, 0, 0, 0, 0, 0, 0, 0, 0, 0, 0, 0, 0, 0, 0, 0, 0, 0, 0, 0, 0, 0, 0, 0, 0, 0, 0, 0, 0, 0, 0, -1, 0, 0], [2, 2, 2, 2, 2, 2, 2, 2, 2, 2, 2, 2, 2, 2, 2, 2, 2, 2, 2, 2, 2, 2, 2, 2, 2, 2, 2, 2, 2, 2, 2, 2, 2, 2, 2, 2, 2, 2, 2, 2, 2, 2, 2, 2, 2, 2, 2, 2, 2, 2, -1, 2], [2, 2, 2, 2, 2, 2, 2, 2, 2, 2, 2, 2, 2, 2, 2, 2, 2, 2, 2, 2, 2, 2, 2, 2, 2, 2, 2, 2, 2, 2, 2, 2, 2, 2, 2, 2, 2, 2, 2, 2, 2, 2, 2, 2, 2, 2, 2, 2, 2, 2, 2, -1]], "speed_zone_count": 73, "speed_zones": [[0.0, 15.0], [15.0, 30.0], [30.0, 45.0], [45.0, 60.0], [60.0, 75.0], [75.0, 90.0], [90.0, 105.0], [105.0, 120.0], [120.0, 135.0], [135.0, 150.0], [150.0, 165.0], [165.0, 180.0], [180.0, 195.0], [195.0, 210.0], [210.0, 225.0], [225.0, 240.0], [240.0, 255.0], [255.0, 270.0], [270.0, 285.0], [285.0, 300.0], [300.0, 315.0], [315.0, 330.0], [330.0, 345.0], [345.0, 360.0], [360.0, 375.0], [375.0, 390.0], [390.0, 405.0], [405.0, 420.0], [420.0, 435.0], [435.0, 450.0], [450.0, 465.0], [465.0, 480.0], [480.0, 495.0], [495.0, 510.0], [510.0, 525.0], [525.0, 540.0], [540.0, 555.0], [555.0, 570.0], [570.0, 585.0], [585.0, 600.0], [600.0, 615.0], [615.0, 630.0], [630.0, 645.0], [645.0, 660.0], [660.0, 675.0], [675.0, 690.0], [690.0, 705.0], [705.0, 720.0], [720.0, 735.0], [735.0, 750.0], [750.0, 765.0], [765.0, 780.0], [780.0, 795.0], [795.0, 810.0], [810.0, 825.0], [825.0, 840.0], [840.0, 855.0], [855.0, 870.0], [870.0, 885.0], [885.0, 900.0], [900.0, 915.0], [915.0, 930.0], [930.0, 945.0], [945.0, 960.0], [960.0, 975.0], [975.0, 990.0], [990.0, 1005.0], [1005.0, 1020.0], [1020.0, 1035.0], [1035.0, 1050.0], [1050.0, 1065.0], [1065.0, 1080.0], [1080.0, 5000.0]], "distances": [[0.0, 69.66, 69.46, 73.42, 69.7, 66.44, 68.87, 57.33, 55.25, 71.14, 81.37, 72.61, 71.71, 51.32, 82.95, 77.26, 68.13, 65.92, 63.54, 67.93, 83.9, 75.06, 64.47, 92.3, 57.65, 105.95, 74.56, 79.66, 85.24, 58.5, 60.07, 55.64, 57.26, 78.4, 74.33, 74.27, 59.2, 91.0, 76.64, 83.93, 53.43, 73.79, 53.56, 81.18, 69.41, 71.14, 85.91, 49.32, 94.0, 61.46, 93.36, 0.0], [0.0, 0.0, 9.27, 18.25, 9.88, 14.14, 10.15, 14.69, 28.3, 11.97, 18.81, 4.52, 17.84, 18.4, 13.58, 20.35, 4.18, 17.86, 10.75, 8.29, 21.03, 12.31, 5.7, 22.66, 12.1, 36.59, 10.19, 18.91, 16.0, 11.65, 23.56, 14.51, 35.56, 23.41, 14.84, 18.99, 10.84, 21.91, 7.94, 26.5, 25.5, 23.46, 16.11, 26.17, 12.72, 12.53, 16.65, 22.13, 26.29, 8.47, 28.34, 69.66], [0.0, 9.27, 0.0, 18.41, 9.73, 14.21, 9.92, 14.6, 28.28, 11.83, 18.79, 4.75, 17.69, 18.21, 13.8, 20.26, 12.28, 17.93, 10.74, 8.1, 21.03, 12.25, 5.46, 22.85, 11.89, 36.76, 10.4, 18.87, 16.23, 11.5, 23.58, 14.36, 35.57, 23.31, 15.03, 19.15, 10.61, 22.06, 8.18, 26.45, 25.45, 23.61, 15.91, 26.09, 12.56, 12.68, 16.88, 21.99, 26.41, 8.24, 28.4, 69.46], [0.0, 18.25, 18.41, 0.0, 28.13, 7.73, 20.0, 17.99, 20.38, 30.16, 35.1, 14.76, 36.06, 26.05, 19.17, 38.07, 22.25, 7.53, 12.72, 26.44, 36.78, 29.8, 21.53, 28.53, 23.77, 42.13, 9.41, 35.88, 19.92, 19.74, 14.47, 21.52, 24.44, 41.16, 14.78, 10.37, 24.01, 30.91, 15.22, 43.42, 20.52, 5.4, 25.67, 43.67, 30.96, 5.77, 20.38, 24.86, 37.06, 22.4, 41.5, 73.42], [0.0, 9.88, 9.73, 28.13, 0.0, 23.56, 8.17, 20.96, 35.96, 13.91, 12.35, 13.81, 7.99, 20.92, 18.95, 11.39, 6.09, 27.22, 19.25, 10.27, 14.94, 5.42, 8.86, 24.94, 14.18, 37.02, 19.72, 11.38, 21.29, 16.72, 32.01, 18.87, 43.71, 14.26, 24.65, 28.86, 12.24, 22.23, 15.74, 18.33, 32.53, 33.33, 18.05, 17.28, 11.47, 22.4, 21.82, 26.54, 24.34, 10.92, 24.01, 69.7], [0.0, 14.14, 14.21, 7.73, 23.56, 0.0, 15.53, 10.26, 16.15, 25.83, 32.71, 12.38, 31.52, 18.33, 20.59, 34.46, 17.47, 12.66, 5.38, 21.5, 34.77, 26.44, 15.66, 30.76, 16.52, 44.99, 9.83, 32.99, 22.14, 12.26, 10.47, 13.83, 22.32, 37.5, 7.9, 8.7, 17.06, 32.01, 14.83, 40.61, 14.88, 11.2, 18.06, 40.3, 26.21, 5.02, 22.73, 17.39, 37.63, 15.8, 41.02, 66.44], [0.0, 10.15, 9.92, 20.0, 8.17, 15.53, 0.0, 14.94, 29.08, 10.35, 17.89, 6.35, 16.16, 17.8, 14.81, 18.96, 10.64, 19.23, 11.69, 6.46, 20.22, 11.12, 4.46, 23.46, 11.22, 37.16, 12.06, 17.8, 17.27, 11.47, 24.58, 14.24, 36.52, 21.98, 16.67, 20.76, 9.76, 22.33, 9.54, 25.32, 26.09, 25.17, 15.34, 24.82, 10.97, 14.26, 17.9, 22.01, 26.34, 7.43, 27.96, 68.87], [0.0, 14.69, 14.6, 17.99, 20.96, 10.26, 14.94, 0.0, 15.21, 23.33, 32.53, 16.1, 28.05, 8.14, 26.36, 32.32, 15.72, 11.81, 6.23, 18.55, 34.97, 25.47, 12.15, 36.36, 8.64, 50.62, 17.24, 32.08, 28.46, 4.43, 12.47, 12.8, 23.19, 35.08, 17.6, 18.95, 10.11, 36.32, 19.95, 39.28, 11.58, 20.85, 8.44, 38.17, 22.9, 14.18, 29.12, 8.09, 40.97, 10.3, 42.9, 57.33], [0.0, 28.3, 28.28, 20.38, 35.96, 16.15, 29.08, 15.21, 0.0, 38.34, 46.98, 27.92, 43.24, 19.98, 36.74, 47.35, 30.34, 13.48, 17.57, 33.57, 49.29, 40.1, 27.1, 46.9, 23.6, 61.11, 25.96, 46.78, 38.26, 19.64, 5.96, 18.47, 8.07, 50.18, 22.94, 20.98, 25.23, 48.07, 30.86, 54.16, 4.28, 19.1, 21.94, 53.23, 38.05, 20.95, 38.85, 14.11, 53.52, 25.5, 56.44, 55.25], [0.0, 11.97, 11.83, 30.16, 13.91, 25.83, 10.35, 23.33, 38.34, 0.0, 10.43, 15.63, 5.92, 23.02, 19.69, 9.01, 8.38, 29.51, 21.6, 4.78, 13.02, 12.34, 11.24, 24.76, 16.37, 36.2, 21.53, 9.23, 21.93, 19.06, 34.38, 21.16, 46.09, 11.88, 26.59, 30.87, 14.42, 21.64, 17.16, 15.99, 34.9, 35.42, 20.13, 14.89, 9.5, 24.48, 22.41, 28.77, 23.17, 13.22, 22.31, 71.14], [0.0, 18.81, 18.79, 35.1, 12.35, 32.71, 17.89, 32.53, 46.98, 10.43, 0.0, 20.65, 10.56, 33.26, 19.11, 6.43, 16.81, 36.42, 29.52, 14.63, 14.42, 7.13, 20.51, 19.42, 26.47, 27.86, 25.72, 13.82, 20.55, 28.55, 42.37, 30.94, 54.36, 8.45, 31.09, 35.59, 24.54, 15.0, 20.05, 8.44, 43.91, 40.5, 30.39, 9.59, 12.0, 29.99, 20.76, 38.72, 14.14, 23.01, 11.99, 81.37], [0.0, 4.52, 4.75, 14.76, 13.81, 12.38, 6.35, 16.1, 27.92, 15.63, 20.65, 0.0, 21.55, 21.33, 10.38, 23.31, 8.61, 15.99, 10.74, 12.55, 22.56, 15.03, 9.93, 20.27, 15.66, 34.53, 5.92, 21.22, 12.63, 14.11, 22.63, 16.98, 34.62, 26.39, 11.0, 15.39, 14.71, 20.45, 11.77, 28.82, 25.71, 20.14, 19.39, 28.93, 16.69, 9.37, 13.3, 24.06, 25.62, 12.38, 28.68, 72.61], [0.0, 17.84, 17.69, 36.06, 7.99, 31.52, 16.16, 28.05, 43.24, 5.92, 10.56, 21.55, 0.0, 26.37, 24.83, 5.57, 14.06, 35.15, 27.05, 10.05, 12.76, 7.94, 16.36, 28.41, 20.26, 38.29, 27.44, 8.4, 26.91, 23.65, 39.64, 25.36, 51.13, 7.45, 32.5, 36.78, 18.39, 24.61, 22.92, 12.64, 39.59, 41.3, 23.51, 10.6, 5.33, 30.36, 27.32, 32.57, 24.65, 17.76, 22.17, 71.71], [0.0, 18.4, 18.21, 26.05, 20.92, 18.33, 17.8, 8.14, 19.98, 23.02, 33.26, 21.33, 26.37, 0.0, 31.64, 31.45, 17.49, 19.91, 13.69, 18.63, 35.84, 26.19, 13.6, 41.06, 6.87, 54.94, 24.03, 32.25, 33.95, 7.34, 19.2, 4.72, 27.93, 33.8, 25.31, 27.02, 8.76, 40.13, 25.38, 38.68, 15.73, 28.98, 9.08, 36.96, 21.94, 21.84, 34.62, 6.54, 43.9, 10.65, 44.66, 51.32], [0.0, 13.58, 13.8, 19.17, 18.95, 20.59, 14.81, 26.36, 36.74, 19.69, 19.11, 10.38, 24.83, 31.64, 0.0, 24.19, 16.39, 23.62, 20.62, 18.97, 19.95, 16.91, 19.21, 10.22, 25.63, 24.54, 10.84, 20.73, 15.02, 24.47, 31.01, 27.35, 42.55, 27.0, 15.19, 19.3, 24.41, 11.76, 6.41, 27.41, 35.13, 24.17, 29.55, 28.66, 21.45, 15.98, 15.68, 34.38, 17.89, 22.04, 22.69, 82.95], [0.0, 20.35, 20.26, 38.07, 11.39, 34.46, 18.96, 32.32, 47.35, 9.01, 6.43, 23.31, 5.57, 31.45, 24.19, 0.0, 17.22, 38.17, 30.49, 13.78, 7.99, 8.28, 20.25, 25.73, 25.05, 34.08, 28.95, 12.36, 25.94, 28.02, 43.32, 30.0, 55.08, 12.77, 34.25, 38.69, 23.12, 21.41, 23.75, 7.24, 43.9, 43.44, 28.56, 5.9, 9.58, 32.58, 26.24, 37.46, 20.32, 22.14, 17.02, 77.26], [0.0, 4.18, 12.28, 22.25, 6.09, 17.47, 10.64, 15.72, 30.34, 8.38, 16.81, 8.61, 14.06, 17.49, 16.39, 17.22, 0.0, 21.13, 13.27, 4.18, 19.26, 9.79, 9.88, 24.45, 10.67, 37.82, 14.37, 16.45, 18.85, 11.84, 26.11, 14.41, 37.94, 20.19, 18.97, 23.03, 8.96, 22.88, 11.56, 23.84, 27.14, 27.38, 14.84, 23.12, 8.8, 16.49, 19.47, 22.25, 26.41, 6.84, 27.48, 68.13], [0.0, 17.86, 17.93, 7.53, 27.22, 12.66, 19.23, 11.81, 13.48, 29.51, 36.42, 15.99, 35.15, 19.91, 23.62, 38.17, 21.13, 0.0, 8.45, 25.11, 38.46, 30.17, 19.13, 33.66, 19.21, 47.76, 12.78, 36.72, 24.96, 14.75, 7.55, 15.77, 18.97, 41.21, 9.47, 8.35, 19.99, 35.21, 18.17, 44.33, 13.08, 9.09, 20.13, 44.02, 29.83, 7.64, 25.52, 17.72, 40.97, 18.98, 44.56, 65.92], [0.0, 10.75, 10.74, 12.72, 19.25, 5.38, 11.69, 6.23, 17.57, 21.6, 29.52, 10.74, 27.05, 13.69, 20.62, 30.49, 13.27, 8.45, 0.0, 17.02, 31.78, 22.81, 10.79, 30.78, 11.16, 45.1, 11.04, 29.49, 22.6, 7.03, 12.89, 9.0, 24.84, 33.45, 11.62, 13.68, 11.69, 31.19, 14.28, 37.0, 15.02, 16.58, 13.0, 36.38, 21.72, 8.15, 23.25, 14.25, 36.28, 10.54, 38.91, 63.54], [0.0, 8.29, 8.1, 26.44, 10.27, 21.5, 6.46, 18.55, 33.57, 4.78, 14.63, 12.55, 10.05, 18.63, 18.97, 13.78, 4.18, 25.11, 17.02, 0.0, 17.21, 7.56, 6.47, 25.82, 11.84, 38.4, 18.41, 13.77, 21.38, 14.29, 29.7, 16.46, 41.35, 16.61, 23.13, 27.21, 9.9, 23.49, 15.01, 20.75, 30.12, 31.55, 15.78, 19.66, 4.72, 20.67, 21.95, 24.16, 26.07, 8.5, 26.12, 67.93], [0.0, 21.03, 21.03, 36.78, 14.94, 34.77, 20.22, 34.97, 49.29, 13.02, 14.42, 22.56, 12.76, 35.84, 19.95, 7.99, 19.26, 38.46, 31.78, 17.21, 0.0, 9.68, 23.0, 18.89, 29.04, 26.11, 27.37, 4.36, 21.13, 31.04, 44.57, 33.47, 56.59, 9.27, 32.72, 37.23, 27.11, 14.2, 21.61, 7.57, 46.3, 42.17, 32.98, 9.54, 14.57, 31.83, 21.26, 41.26, 12.34, 25.54, 9.5, 83.9], [0.0, 12.31, 12.25, 29.8, 5.42, 26.44, 11.12, 25.47, 40.1, 12.34, 7.13, 15.03, 7.94, 26.19, 16.91, 8.28, 9.79, 30.17, 22.81, 7.56, 9.68, 0.0, 13.39, 20.95, 19.37, 32.12, 20.68, 6.69, 18.97, 21.44, 35.71, 23.81, 47.62, 11.36, 25.97, 30.4, 17.44, 17.63, 15.59, 14.21, 36.92, 35.17, 23.34, 13.94, 6.05, 24.33, 19.38, 31.59, 19.11, 15.87, 18.6, 75.06], [0.0, 5.7, 5.46, 21.53, 8.86, 15.66, 4.46, 12.15, 27.1, 11.24, 20.51, 9.93, 16.36, 13.6, 19.21, 20.25, 9.88, 19.13, 10.79, 6.47, 23.0, 13.39, 0.0, 27.9, 6.85, 41.51, 14.95, 19.95, 21.65, 8.05, 23.28, 10.53, 34.88, 23.09, 18.77, 22.39, 5.3, 26.61, 13.62, 27.14, 23.69, 26.32, 11.02, 26.13, 11.05, 15.81, 22.29, 18.36, 30.3, 11.88, 31.37, 64.47], [0.0, 22.66, 22.85, 28.53, 24.94, 30.76, 23.46, 36.36, 46.9, 24.76, 19.42, 20.27, 28.41, 41.06, 10.22, 25.73, 24.45, 33.66, 30.78, 25.82, 18.89, 20.95, 27.9, 0.0, 34.66, 14.33, 20.94, 21.67, 8.71, 34.12, 41.12, 37.01, 52.49, 27.85, 24.78, 28.48, 33.2, 4.92, 16.5, 26.19, 45.35, 33.08, 38.75, 28.43, 26.74, 26.03, 8.19, 44.3, 10.63, 30.89, 16.97, 92.3], [0.0, 12.1, 11.89, 23.77, 14.18, 16.52, 11.22, 8.64, 23.6, 16.37, 26.47, 15.66, 20.26, 6.87, 25.63, 25.05, 10.67, 19.21, 11.16, 11.84, 29.04, 19.37, 6.85, 34.66, 0.0, 48.35, 19.48, 25.56, 28.03, 4.53, 21.1, 5.18, 31.65, 27.58, 22.01, 24.72, 10.14, 33.46, 19.64, 32.23, 19.66, 27.73, 4.17, 30.73, 15.47, 18.62, 28.69, 12.42, 37.07, 10.43, 37.79, 57.65], [0.0, 36.59, 36.76, 42.13, 37.02, 44.99, 37.16, 50.62, 61.11, 36.2, 27.86, 34.53, 38.29, 54.94, 24.54, 34.08, 37.82, 47.76, 45.1, 38.4, 26.11, 32.12, 41.51, 14.33, 48.35, 0.0, 35.16, 30.17, 22.85, 48.19, 55.27, 51.07, 66.42, 35.16, 38.62, 41.95, 46.76, 14.97, 30.82, 31.45, 59.66, 46.24, 52.5, 34.47, 38.17, 40.17, 22.26, 58.5, 13.77, 44.52, 18.66, 105.95], [0.0, 10.19, 10.4, 9.41, 19.72, 9.83, 12.06, 17.24, 25.96, 21.53, 25.72, 5.92, 27.44, 24.03, 10.84, 28.95, 14.37, 12.78, 11.04, 18.41, 27.37, 20.68, 14.95, 20.94, 19.48, 35.16, 0.0, 26.56, 12.31, 16.74, 20.18, 19.36, 31.74, 32.02, 5.37, 9.88, 18.99, 22.46, 5.85, 34.07, 24.6, 14.8, 22.64, 34.43, 22.61, 5.16, 12.9, 25.28, 28.33, 16.84, 32.36, 74.56], [0.0, 18.91, 18.87, 35.88, 11.38, 32.99, 17.8, 32.08, 46.78, 9.23, 13.82, 21.22, 8.4, 32.25, 20.73, 12.36, 16.45, 36.72, 29.49, 13.77, 4.36, 6.69, 19.95, 21.67, 25.56, 30.17, 26.56, 0.0, 22.32, 27.96, 42.38, 30.22, 54.31, 6.37, 31.93, 36.42, 23.61, 17.31, 21.06, 7.62, 43.57, 41.28, 29.36, 8.01, 10.54, 30.59, 22.57, 37.92, 16.43, 22.26, 13.83, 79.66], [0.0, 16.0, 16.23, 19.92, 21.29, 22.14, 17.27, 28.46, 38.26, 21.93, 20.55, 12.63, 26.91, 33.95, 15.02, 25.94, 18.85, 24.96, 22.6, 21.38, 21.13, 18.97, 21.65, 8.71, 28.03, 22.85, 12.31, 22.32, 0.0, 26.74, 32.45, 29.61, 43.79, 28.66, 16.1, 19.94, 26.84, 11.21, 8.61, 28.68, 36.86, 24.67, 31.92, 30.14, 23.73, 17.34, 16.89, 36.52, 17.55, 24.47, 22.87, 85.24], [0.0, 11.65, 11.5, 19.74, 16.72, 12.26, 11.47, 4.43, 19.64, 19.06, 28.55, 14.11, 23.65, 7.34, 24.47, 28.02, 11.84, 14.75, 7.03, 14.29, 31.04, 21.44, 8.05, 34.12, 4.53, 48.19, 16.74, 27.96, 26.74, 0.0, 16.71, 9.71, 27.62, 30.74, 18.43, 20.71, 5.74, 33.56, 18.14, 35.04, 15.94, 23.42, 6.06, 33.84, 18.54, 14.96, 27.41, 10.54, 37.8, 5.9, 39.28, 58.5], [0.0, 23.56, 23.58, 14.47, 32.01, 10.47, 24.58, 12.47, 5.96, 34.38, 42.37, 22.63, 39.64, 19.2, 31.01, 43.32, 26.11, 7.55, 12.89, 29.7, 44.57, 35.71, 23.28, 41.12, 21.1, 55.27, 20.18, 42.38, 32.45, 16.71, 0.0, 16.39, 12.03, 46.26, 16.98, 15.11, 22.45, 42.47, 25.3, 49.89, 6.67, 13.74, 20.48, 49.22, 34.33, 15.1, 33.02, 14.72, 48.07, 22.2, 51.3, 60.07], [0.0, 14.51, 14.36, 21.52, 18.87, 13.83, 14.24, 12.8, 18.47, 21.16, 30.94, 16.98, 25.36, 4.72, 27.35, 30.0, 14.41, 15.77, 9.0, 16.46, 33.47, 23.81, 10.53, 37.01, 5.18, 51.07, 19.36, 30.22, 29.61, 9.71, 16.39, 0.0, 26.53, 32.61, 20.62, 22.49, 6.98, 36.42, 21.01, 37.12, 14.49, 24.74, 4.36, 35.74, 20.44, 17.14, 30.28, 7.84, 40.58, 7.96, 41.89, 55.64], [0.0, 35.56, 35.57, 24.44, 43.71, 22.32, 36.52, 23.19, 8.07, 46.09, 54.36, 34.62, 51.13, 27.93, 42.55, 55.08, 37.94, 18.97, 24.84, 41.35, 56.59, 47.62, 34.88, 52.49, 31.65, 66.42, 31.74, 54.31, 43.79, 27.62, 12.03, 26.53, 0.0, 57.96, 27.8, 24.78, 33.26, 54.18, 37.11, 61.78, 12.22, 21.44, 29.98, 60.98, 45.89, 26.58, 44.32, 21.83, 59.92, 33.43, 63.3, 57.26], [0.0, 23.41, 23.31, 41.16, 14.26, 37.5, 21.98, 35.08, 50.18, 11.88, 8.45, 26.39, 7.45, 33.8, 27.0, 12.77, 20.19, 41.21, 33.45, 16.61, 9.27, 11.36, 23.09, 27.85, 27.58, 35.16, 32.02, 6.37, 28.66, 30.74, 46.26, 32.61, 57.96, 0.0, 37.33, 41.77, 25.67, 23.32, 26.79, 5.53, 46.66, 46.52, 30.93, 14.38, 12.2, 35.66, 28.92, 39.94, 21.46, 24.84, 17.31, 78.4], [0.0, 14.84, 15.03, 14.78, 24.65, 7.9, 16.67, 17.6, 22.94, 26.59, 31.09, 11.0, 32.5, 25.31, 15.19, 34.25, 18.97, 9.47, 11.62, 23.13, 32.72, 25.97, 18.77, 24.78, 22.01, 38.62, 5.37, 31.93, 16.1, 18.43, 16.98, 20.62, 27.8, 37.33, 0.0, 4.51, 21.95, 26.95, 11.14, 39.44, 22.39, 9.45, 24.49, 39.77, 27.52, 10.53, 16.6, 25.17, 33.05, 20.08, 37.41, 74.33], [0.0, 18.99, 19.15, 10.37, 28.86, 8.7, 20.76, 18.95, 20.98, 30.87, 35.59, 15.39, 36.78, 27.02, 19.3, 38.69, 23.03, 8.35, 13.68, 27.21, 37.23, 30.4, 22.39, 28.48, 24.72, 41.95, 9.88, 36.42, 19.94, 20.71, 15.11, 22.49, 24.78, 41.77, 4.51, 0.0, 24.95, 31.0, 15.63, 43.94, 21.26, 4.97, 26.64, 44.24, 31.71, 6.59, 20.37, 25.78, 37.2, 23.31, 41.75, 74.27], [0.0, 10.84, 10.61, 24.01, 12.24, 17.06, 9.76, 10.11, 25.23, 14.42, 24.54, 14.71, 18.39, 8.76, 24.41, 23.12, 8.96, 19.99, 11.69, 9.9, 27.11, 17.44, 5.3, 33.2, 10.14, 46.76, 18.99, 23.61, 26.84, 5.74, 22.45, 6.98, 33.26, 25.67, 21.95, 24.95, 0.0, 31.83, 18.6, 30.3, 21.38, 28.23, 5.96, 28.82, 13.55, 18.65, 27.49, 14.36, 35.29, 11.65, 35.9, 59.2], [0.0, 21.91, 22.06, 30.91, 22.23, 32.01, 22.33, 36.32, 48.07, 21.64, 15.0, 20.45, 24.61, 40.13, 11.76, 21.41, 22.88, 35.21, 31.19, 23.49, 14.2, 17.63, 26.61, 4.92, 33.46, 14.97, 22.46, 17.31, 11.21, 33.56, 42.47, 36.42, 54.18, 23.32, 26.95, 31.0, 31.83, 0.0, 17.21, 21.36, 46.12, 35.81, 37.62, 23.71, 23.64, 27.61, 10.91, 44.0, 6.38, 29.62, 12.29, 91.0], [0.0, 7.94, 8.18, 15.22, 15.74, 14.83, 9.54, 19.95, 30.86, 17.16, 20.05, 11.77, 22.92, 25.38, 6.41, 23.75, 11.56, 18.17, 14.28, 15.01, 21.61, 15.59, 13.62, 16.5, 19.64, 30.82, 5.85, 21.06, 8.61, 18.14, 25.3, 21.01, 37.11, 26.79, 11.14, 15.63, 18.6, 17.21, 0.0, 28.46, 28.99, 20.58, 23.42, 29.02, 18.56, 10.76, 9.27, 27.97, 22.81, 16.24, 26.56, 76.64], [0.0, 26.5, 26.45, 43.42, 18.33, 40.61, 25.32, 39.28, 54.16, 15.99, 8.44, 28.82, 12.64, 38.68, 27.41, 7.24, 23.84, 44.33, 37.0, 20.75, 7.57, 14.21, 27.14, 26.19, 32.23, 31.45, 34.07, 7.62, 28.68, 35.04, 49.89, 37.12, 61.78, 5.53, 39.44, 43.94, 30.3, 21.36, 28.46, 0.0, 50.83, 48.83, 35.79, 13.15, 16.77, 38.19, 28.82, 44.65, 18.14, 29.21, 12.94, 83.93], [0.0, 25.5, 25.45, 20.52, 32.53, 14.88, 26.09, 11.58, 4.28, 34.9, 43.91, 25.71, 39.59, 15.73, 35.13, 43.9, 27.14, 13.08, 15.02, 30.12, 46.3, 36.92, 23.69, 45.35, 19.66, 59.66, 24.6, 43.57, 36.86, 15.94, 6.67, 14.49, 12.22, 46.66, 22.39, 21.26, 21.38, 46.12, 28.99, 50.83, 0.0, 20.36, 17.77, 49.75, 34.47, 19.89, 37.47, 9.86, 51.3, 21.85, 53.83, 53.43], [0.0, 23.46, 23.61, 5.4, 33.33, 11.2, 25.17, 20.85, 19.1, 35.42, 40.5, 20.14, 41.3, 28.98, 24.17, 43.44, 27.38, 9.09, 16.58, 31.55, 42.17, 35.17, 26.32, 33.08, 27.73, 46.24, 14.8, 41.28, 24.67, 23.42, 13.74, 24.74, 21.44, 46.52, 9.45, 4.97, 28.23, 35.81, 20.58, 48.83, 20.36, 0.0, 29.06, 49.06, 36.14, 10.94, 25.06, 26.63, 42.05, 26.85, 46.69, 73.79], [0.0, 16.11, 15.91, 25.67, 18.05, 18.06, 15.34, 8.44, 21.94, 20.13, 30.39, 19.39, 23.51, 9.08, 29.55, 28.56, 14.84, 20.13, 13.0, 15.78, 32.98, 23.34, 11.02, 38.75, 4.17, 52.5, 22.64, 29.36, 31.92, 6.06, 20.48, 4.36, 29.98, 30.93, 24.49, 26.64, 5.96, 37.62, 23.42, 35.79, 17.77, 29.06, 0.0, 34.09, 19.04, 21.01, 32.58, 9.19, 41.23, 8.01, 41.85, 53.56], [0.0, 26.17, 26.09, 43.67, 17.28, 40.3, 24.82, 38.17, 53.23, 14.89, 9.59, 28.93, 10.6, 36.96, 28.66, 5.9, 23.12, 44.02, 36.38, 19.66, 9.54, 13.94, 26.13, 28.43, 30.73, 34.47, 34.43, 8.01, 30.14, 33.84, 49.22, 35.74, 60.98, 14.38, 39.77, 44.24, 28.82, 23.71, 29.02, 13.15, 49.75, 49.06, 34.09, 0.0, 15.32, 38.26, 30.34, 43.1, 21.0, 27.95, 16.08, 81.18], [0.0, 12.72, 12.56, 30.96, 11.47, 26.21, 10.97, 22.9, 38.05, 9.5, 12.0, 16.69, 5.33, 21.94, 21.45, 9.58, 8.8, 29.83, 21.72, 4.72, 14.57, 6.05, 11.05, 26.74, 15.47, 38.17, 22.61, 10.54, 23.73, 18.54, 34.33, 20.44, 45.89, 12.2, 27.52, 31.71, 13.55, 23.64, 18.56, 16.77, 34.47, 36.14, 19.04, 15.32, 0.0, 25.23, 24.23, 27.89, 25.07, 12.64, 23.96, 69.41], [0.0, 12.53, 12.68, 5.77, 22.4, 5.02, 14.26, 14.18, 20.95, 24.48, 29.99, 9.37, 30.36, 21.84, 15.98, 32.58, 16.49, 7.64, 8.15, 20.67, 31.83, 24.33, 15.81, 26.03, 18.62, 40.17, 5.16, 30.59, 17.34, 14.96, 15.1, 17.14, 26.58, 35.66, 10.53, 6.59, 18.65, 27.61, 10.76, 38.19, 19.89, 10.94, 21.01, 38.26, 25.23, 0.0, 17.91, 21.88, 33.45, 16.87, 37.31, 71.14], [0.0, 16.65, 16.88, 20.38, 21.82, 22.73, 17.9, 29.12, 38.85, 22.41, 20.76, 13.3, 27.32, 34.62, 15.68, 26.24, 19.47, 25.52, 23.25, 21.95, 21.26, 19.38, 22.29, 8.19, 28.69, 22.26, 12.9, 22.57, 16.89, 27.41, 33.02, 30.28, 44.32, 28.92, 16.6, 20.37, 27.49, 10.91, 9.27, 28.82, 37.47, 25.06, 32.58, 30.34, 24.23, 17.91, 0.0, 37.18, 17.27, 25.12, 22.71, 85.91], [0.0, 22.13, 21.99, 24.86, 26.54, 17.39, 22.01, 8.09, 14.11, 28.77, 38.72, 24.06, 32.57, 6.54, 34.38, 37.46, 22.25, 17.72, 14.25, 24.16, 41.26, 31.59, 18.36, 44.3, 12.42, 58.5, 25.28, 37.92, 36.52, 10.54, 14.72, 7.84, 21.83, 39.94, 25.17, 25.78, 14.36, 44.0, 27.97, 44.65, 9.86, 26.63, 9.19, 43.1, 27.89, 21.88, 37.18, 0.0, 48.34, 15.72, 49.73, 49.32], [0.0, 26.29, 26.41, 37.06, 24.34, 37.63, 26.34, 40.97, 53.52, 23.17, 14.14, 25.62, 24.65, 43.9, 17.89, 20.32, 26.41, 40.97, 36.28, 26.07, 12.34, 19.11, 30.3, 10.63, 37.07, 13.77, 28.33, 16.43, 17.55, 37.8, 48.07, 40.58, 59.92, 21.46, 33.05, 37.2, 35.29, 6.38, 22.81, 18.14, 51.3, 42.05, 41.23, 21.0, 25.07, 33.45, 17.27, 48.34, 0.0, 33.25, 6.59, 94.0], [0.0, 8.47, 8.24, 22.4, 10.92, 15.8, 7.43, 10.3, 25.5, 13.22, 23.01, 12.38, 17.76, 10.65, 22.04, 22.14, 6.84, 18.98, 10.54, 8.5, 25.54, 15.87, 11.88, 30.89, 10.43, 44.52, 16.84, 22.26, 24.47, 5.9, 22.2, 7.96, 33.43, 24.84, 20.08, 23.31, 11.65, 29.62, 16.24, 29.21, 21.85, 26.85, 8.01, 27.95, 12.64, 16.87, 25.12, 15.72, 33.25, 0.0, 34.13, 61.46], [0.0, 28.34, 28.4, 41.5, 24.01, 41.02, 27.96, 42.9, 56.44, 22.31, 11.99, 28.68, 22.17, 44.66, 22.69, 17.02, 27.48, 44.56, 38.91, 26.12, 9.5, 18.6, 31.37, 16.97, 37.79, 18.66, 32.36, 13.83, 22.87, 39.28, 51.3, 41.89, 63.3, 17.31, 37.41, 41.75, 35.9, 12.29, 26.56, 12.94, 53.83, 46.69, 41.85, 16.08, 23.96, 37.31, 22.71, 49.73, 6.59, 34.13, 0.0, 93.36], [0.0, 0.0, 0.0, 0.0, 0.0, 0.0, 0.0, 0.0, 0.0, 0.0, 0.0, 0.0, 0.0, 0.0, 0.0, 0.0, 0.0, 0.0, 0.0, 0.0, 0.0, 0.0, 0.0, 0.0, 0.0, 0.0, 0.0, 0.0, 0.0, 0.0, 0.0, 0.0, 0.0, 0.0, 0.0, 0.0, 0.0, 0.0, 0.0, 0.0, 0.0, 0.0, 0.0, 0.0, 0.0, 0.0, 0.0, 0.0, 0.0, 0.0, 0.0, 0.0]], "time_windows": [[0.0, 5000.0], [0.0, 118.0], [0.0, 130.0], [0.0, 151.0], [0.0, 205.0], [0.0, 273.0], [0.0, 317.0], [0.0, 351.0], [0.0, 380.0], [0.0, 442.0], [0.0, 457.0], [0.0, 511.0], [0.0, 578.0], [0.0, 636.0], [0.0, 687.0], [0.0, 721.0], [0.0, 745.0], [0.0, 774.0], [0.0, 788.0], [0.0, 814.0], [0.0, 849.0], [0.0, 870.0], [0.0, 895.0], [0.0, 945.0], [0.0, 998.0], [0.0, 1057.0], [0.0, 1096.0], [0.0, 1124.0], [0.0, 1146.0], [0.0, 1173.0], [0.0, 1189.0], [0.0, 1206.0], [0.0, 1232.0], [0.0, 1290.0], [0.0, 1328.0], [0.0, 1332.0], [0.0, 1357.0], [0.0, 1389.0], [0.0, 1406.0], [0.0, 1434.0], [0.0, 1485.0], [0.0, 1506.0], [0.0, 1535.0], [0.0, 1569.0], [0.0, 1584.0], [0.0, 1609.0], [0.0, 1627.0], [0.0, 1664.0], [0.0, 1713.0], [0.0, 1746.0], [0.0, 1780.0], [0.0, 5000.0]], "start_depot": 0, "end_depot": 51, "horizon": [0.0, 5000.0]}