{"digraph": {"vertex_count": 52, "arc_count": 2550, "arcs": [[0, 1, 1, 1, 1, 1, 1, 1, 1, 1, 1, 1, 1, 1, 1, 1, 1, 1, 1, 1, 1, 1, 1, 1, 1, 1, 1, 1, 1, 1, 1, 1, 1, 1, 1, 1, 1, 1, 1, 1, 1, 1, 1, 1, 1, 1, 1, 1, 1, 1, 1, 1], [0, 0, 1, 1, 1, 1, 1, 1, 1, 1, 1, 1, 1, 1, 1, 1, 1, 1, 1, 1, 1, 1, 1, 1, 1, 1, 1, 1, 1, 1, 1, 1, 1, 1, 1, 1, 1, 1, 1, 1, 1, 1, 1, 1, 1, 1, 1, 1, 1, 1, 1, 1], [0, 1, 0, 1, 1, 1, 1, 1, 1, 1, 1, 1, 1, 1, 1, 1, 1, 1, 1, 1, 1, 1, 1, 1, 1, 1, 1, 1, 1, 1, 1, 1, 1, 1, 1, 1, 1, 1, 1, 1, 1, 1, 1, 1, 1, 1, 1, 1, 1, 1, 1, 1], [0, 1, 1, 0, 1, 1, 1, 1, 1, 1, 1, 1, 1, 1, 1, 1, 1, 1, 1, 1, 1, 1, 1, 1, 1, 1, 1, 1, 1, 1, 1, 1, 1, 1, 1, 1, 1, 1, 1, 1, 1, 1, 1, 1, 1, 1, 1, 1, 1, 1, 1, 1], [0, 1, 1, 1, 0, 1, 1, 1, 1, 1, 1, 1, 1, 1, 1, 1, 1, 1, 1, 1, 1, 1, 1, 1, 1, 1, 1, 1, 1, 1, 1, 1, 1, 1, 1, 1, 1, 1, 1, 1, 1, 1, 1, 1, 1, 1, 1, 1, 1, 1, 1, 1], [0, 1, 1, 1, 1, 0, 1, 1, 1, 1, 1, 1, 1, 1, 1, 1, 1, 1, 1, 1, 1, 1, 1, 1, 1, 1, 1, 1, 1, 1, 1, 1, 1, 1, 1, 1, 1, 1, 1, 1, 1, 1, 1, 1, 1, 1, 1, 1, 1, 1, 1, 1], [0, 1, 1, 1, 1, 1, 0, 1, 1, 1, 1, 1, 1, 1, 1, 1, 1, 1, 1, 1, 1, 1, 1, 1, 1, 1, 1, 1, 1, 1, 1, 1, 1, 1, 1, 1, 1, 1, 1, 1, 1, 1, 1, 1, 1, 1, 1, 1, 1, 1, 1, 1], [0, 1, 1, 1, 1, 1, 1, 0, 1, 1, 1, 1, 1, 1, 1, 1, 1, 1, 1, 1, 1, 1, 1, 1, 1, 1, 1, 1, 1, 1, 1, 1, 1, 1, 1, 1, 1, 1, 1, 1, 1, 1, 1, 1, 1, 1, 1, 1, 1, 1, 1, 1], [0, 1, 1, 1, 1, 1, 1, 1, 0, 1, 1, 1, 1, 1, 1, 1, 1, 1, 1, 1, 1, 1, 1, 1, 1, 1, 1, 1, 1, 1, 1, 1, 1, 1, 1, 1, 1, 1, 1, 1, 1, 1, 1, 1, 1, 1, 1, 1, 1, 1, 1, 1], [0, 1, 1, 1, 1, 1, 1, 1, 1, 0, 1, 1, 1, 1, 1, 1, 1, 1, 1, 1, 1, 1, 1, 1, 1, 1, 1, 1, 1, 1, 1, 1, 1, 1, 1, 1, 1, 1, 1, 1, 1, 1, 1, 1, 1, 1, 1, 1, 1, 1, 1, 1], [0, 1, 1, 1, 1, 1, 1, 1, 1, 1, 0, 1, 1, 1, 1, 1, 1, 1, 1, 1, 1, 1, 1, 1, 1, 1, 1, 1, 1, 1, 1, 1, 1, 1, 1, 1, 1, 1, 1, 1, 1, 1, 1, 1, 1, 1, 1, 1, 1, 1, 1, 1], [0, 1, 1, 1, 1, 1, 1, 1, 1, 1, 1, 0, 1, 1, 1, 1, 1, 1, 1, 1, 1, 1, 1, 1, 1, 1, 1, 1, 1, 1, 1, 1, 1, 1, 1, 1, 1, 1, 1, 1, 1, 1, 1, 1, 1, 1, 1, 1, 1, 1, 1, 1], [0, 1, 1, 1, 1, 1, 1, 1, 1, 1, 1, 1, 0, 1, 1, 1, 1, 1, 1, 1, 1, 1, 1, 1, 1, 1, 1, 1, 1, 1, 1, 1, 1, 1, 1, 1, 1, 1, 1, 1, 1, 1, 1, 1, 1, 1, 1, 1, 1, 1, 1, 1], [0, 1, 1, 1, 1, 1, 1, 1, 1, 1, 1, 1, 1, 0, 1, 1, 1, 1, 1, 1, 1, 1, 1, 1, 1, 1, 1, 1, 1, 1, 1, 1, 1, 1, 1, 1, 1, 1, 1, 1, 1, 1, 1, 1, 1, 1, 1, 1, 1, 1, 1, 1], [0, 1, 1, 1, 1, 1, 1, 1, 1, 1, 1, 1, 1, 1, 0, 1, 1, 1, 1, 1, 1, 1, 1, 1, 1, 1, 1, 1, 1, 1, 1, 1, 1, 1, 1, 1, 1, 1, 1, 1, 1, 1, 1, 1, 1, 1, 1, 1, 1, 1, 1, 1], [0, 1, 1, 1, 1, 1, 1, 1, 1, 1, 1, 1, 1, 1, 1, 0, 1, 1, 1, 1, 1, 1, 1, 1, 1, 1, 1, 1, 1, 1, 1, 1, 1, 1, 1, 1, 1, 1, 1, 1, 1, 1, 1, 1, 1, 1, 1, 1, 1, 1, 1, 1], [0, 1, 1, 1, 1, 1, 1, 1, 1, 1, 1, 1, 1, 1, 1, 1, 0, 1, 1, 1, 1, 1, 1, 1, 1, 1, 1, 1, 1, 1, 1, 1, 1, 1, 1, 1, 1, 1, 1, 1, 1, 1, 1, 1, 1, 1, 1, 1, 1, 1, 1, 1], [0, 1, 1, 1, 1, 1, 1, 1, 1, 1, 1, 1, 1, 1, 1, 1, 1, 0, 1, 1, 1, 1, 1, 1, 1, 1, 1, 1, 1, 1, 1, 1, 1, 1, 1, 1, 1, 1, 1, 1, 1, 1, 1, 1, 1, 1, 1, 1, 1, 1, 1, 1], [0, 1, 1, 1, 1, 1, 1, 1, 1, 1, 1, 1, 1, 1, 1, 1, 1, 1, 0, 1, 1, 1, 1, 1, 1, 1, 1, 1, 1, 1, 1, 1, 1, 1, 1, 1, 1, 1, 1, 1, 1, 1, 1, 1, 1, 1, 1, 1, 1, 1, 1, 1], [0, 1, 1, 1, 1, 1, 1, 1, 1, 1, 1, 1, 1, 1, 1, 1, 1, 1, 1, 0, 1, 1, 1, 1, 1, 1, 1, 1, 1, 1, 1, 1, 1, 1, 1, 1, 1, 1, 1, 1, 1, 1, 1, 1, 1, 1, 1, 1, 1, 1, 1, 1], [0, 1, 1, 1, 1, 1, 1, 1, 1, 1, 1, 1, 1, 1, 1, 1, 1, 1, 1, 1, 0, 1, 1, 1, 1, 1, 1, 1, 1, 1, 1, 1, 1, 1, 1, 1, 1, 1, 1, 1, 1, 1, 1, 1, 1, 1, 1, 1, 1, 1, 1, 1], [0, 1, 1, 1, 1, 1, 1, 1, 1, 1, 1, 1, 1, 1, 1, 1, 1, 1, 1, 1, 1, 0, 1, 1, 1, 1, 1, 1, 1, 1, 1, 1, 1, 1, 1, 1, 1, 1, 1, 1, 1, 1, 1, 1, 1, 1, 1, 1, 1, 1, 1, 1], [0, 1, 1, 1, 1, 1, 1, 1, 1, 1, 1, 1, 1, 1, 1, 1, 1, 1, 1, 1, 1, 1, 0, 1, 1, 1, 1, 1, 1, 1, 1, 1, 1, 1, 1, 1, 1, 1, 1, 1, 1, 1, 1, 1, 1, 1, 1, 1, 1, 1, 1, 1], [0, 1, 1, 1, 1, 1, 1, 1, 1, 1, 1, 1, 1, 1, 1, 1, 1, 1, 1, 1, 1, 1, 1, 0, 1, 1, 1, 1, 1, 1, 1, 1, 1, 1, 1, 1, 1, 1, 1, 1, 1, 1, 1, 1, 1, 1, 1, 1, 1, 1, 1, 1], [0, 1, 1, 1, 1, 1, 1, 1, 1, 1, 1, 1, 1, 1, 1, 1, 1, 1, 1, 1, 1, 1, 1, 1, 0, 1, 1, 1, 1, 1, 1, 1, 1, 1, 1, 1, 1, 1, 1, 1, 1, 1, 1, 1, 1, 1, 1, 1, 1, 1, 1, 1], [0, 1, 1, 1, 1, 1, 1, 1, 1, 1, 1, 1, 1, 1, 1, 1, 1, 1, 1, 1, 1, 1, 1, 1, 1, 0, 1, 1, 1, 1, 1, 1, 1, 1, 1, 1, 1, 1, 1, 1, 1, 1, 1, 1, 1, 1, 1, 1, 1, 1, 1, 1], [0, 1, 1, 1, 1, 1, 1, 1, 1, 1, 1, 1, 1, 1, 1, 1, 1, 1, 1, 1, 1, 1, 1, 1, 1, 1, 0, 1, 1, 1, 1, 1, 1, 1, 1, 1, 1, 1, 1, 1, 1, 1, 1, 1, 1, 1, 1, 1, 1, 1, 1, 1], [0, 1, 1, 1, 1, 1, 1, 1, 1, 1, 1, 1, 1, 1, 1, 1, 1, 1, 1, 1, 1, 1, 1, 1, 1, 1, 1, 0, 1, 1, 1, 1, 1, 1, 1, 1, 1, 1, 1, 1, 1, 1, 1, 1, 1, 1, 1, 1, 1, 1, 1, 1], [0, 1, 1, 1, 1, 1, 1, 1, 1, 1, 1, 1, 1, 1, 1, 1, 1, 1, 1, 1, 1, 1, 1, 1, 1, 1, 1, 1, 0, 1, 1, 1, 1, 1, 1, 1, 1, 1, 1, 1, 1, 1, 1, 1, 1, 1, 1, 1, 1, 1, 1, 1], [0, 1, 1, 1, 1, 1, 1, 1, 1, 1, 1, 1, 1, 1, 1, 1, 1, 1, 1, 1, 1, 1, 1, 1, 1, 1, 1, 1, 1, 0, 1, 1, 1, 1, 1, 1, 1, 1, 1, 1, 1, 1, 1, 1, 1, 1, 1, 1, 1, 1, 1, 1], [0, 1, 1, 1, 1, 1, 1, 1, 1, 1, 1, 1, 1, 1, 1, 1, 1, 1, 1, 1, 1, 1, 1, 1, 1, 1, 1, 1, 1, 1, 0, 1, 1, 1, 1, 1, 1, 1, 1, 1, 1, 1, 1, 1, 1, 1, 1, 1, 1, 1, 1, 1], [0, 1, 1, 1, 1, 1, 1, 1, 1, 1, 1, 1, 1, 1, 1, 1, 1, 1, 1, 1, 1, 1, 1, 1, 1, 1, 1, 1, 1, 1, 1, 0, 1, 1, 1, 1, 1, 1, 1, 1, 1, 1, 1, 1, 1, 1, 1, 1, 1, 1, 1, 1], [0, 1, 1, 1, 1, 1, 1, 1, 1, 1, 1, 1, 1, 1, 1, 1, 1, 1, 1, 1, 1, 1, 1, 1, 1, 1, 1, 1, 1, 1, 1, 1, 0, 1, 1, 1, 1, 1, 1, 1, 1, 1, 1, 1, 1, 1, 1, 1, 1, 1, 1, 1], [0, 1, 1, 1, 1, 1, 1, 1, 1, 1, 1, 1, 1, 1, 1, 1, 1, 1, 1, 1, 1, 1, 1, 1, 1, 1, 1, 1, 1, 1, 1, 1, 1, 0, 1, 1, 1, 1, 1, 1, 1, 1, 1, 1, 1, 1, 1, 1, 1, 1, 1, 1], [0, 1, 1, 1, 1, 1, 1, 1, 1, 1, 1, 1, 1, 1, 1, 1, 1, 1, 1, 1, 1, 1, 1, 1, 1, 1, 1, 1, 1, 1, 1, 1, 1, 1, 0, 1, 1, 1, 1, 1, 1, 1, 1, 1, 1, 1, 1, 1, 1, 1, 1, 1], [0, 1, 1, 1, 1, 1, 1, 1, 1, 1, 1, 1, 1, 1, 1, 1, 1, 1, 1, 1, 1, 1, 1, 1, 1, 1, 1, 1, 1, 1, 1, 1, 1, 1, 1, 0, 1, 1, 1, 1, 1, 1, 1, 1, 1, 1, 1, 1, 1, 1, 1, 1], [0, 1, 1, 1, 1, 1, 1, 1, 1, 1, 1, 1, 1, 1, 1, 1, 1, 1, 1, 1, 1, 1, 1, 1, 1, 1, 1, 1, 1, 1, 1, 1, 1, 1, 1, 1, 0, 1, 1, 1, 1, 1, 1, 1, 1, 1, 1, 1, 1, 1, 1, 1], [0, 1, 1, 1, 1, 1, 1, 1, 1, 1, 1, 1, 1, 1, 1, 1, 1, 1, 1, 1, 1, 1, 1, 1, 1, 1, 1, 1, 1, 1, 1, 1, 1, 1, 1, 1, 1, 0, 1, 1, 1, 1, 1, 1, 1, 1, 1, 1, 1, 1, 1, 1], [0, 1, 1, 1, 1, 1, 1, 1, 1, 1, 1, 1, 1, 1, 1, 1, 1, 1, 1, 1, 1, 1, 1, 1, 1, 1, 1, 1, 1, 1, 1, 1, 1, 1, 1, 1, 1, 1, 0, 1, 1, 1, 1, 1, 1, 1, 1, 1, 1, 1, 1, 1], [0, 1, 1, 1, 1, 1, 1, 1, 1, 1, 1, 1, 1, 1, 1, 1, 1, 1, 1, 1, 1, 1, 1, 1, 1, 1, 1, 1, 1, 1, 1, 1, 1, 1, 1, 1, 1, 1, 1, 0, 1, 1, 1, 1, 1, 1, 1, 1, 1, 1, 1, 1], [0, 1, 1, 1, 1, 1, 1, 1, 1, 1, 1, 1, 1, 1, 1, 1, 1, 1, 1, 1, 1, 1, 1, 1, 1, 1, 1, 1, 1, 1, 1, 1, 1, 1, 1, 1, 1, 1, 1, 1, 0, 1, 1, 1, 1, 1, 1, 1, 1, 1, 1, 1], [0, 1, 1, 1, 1, 1, 1, 1, 1, 1, 1, 1, 1, 1, 1, 1, 1, 1, 1, 1, 1, 1, 1, 1, 1, 1, 1, 1, 1, 1, 1, 1, 1, 1, 1, 1, 1, 1, 1, 1, 1, 0, 1, 1, 1, 1, 1, 1, 1, 1, 1, 1], [0, 1, 1, 1, 1, 1, 1, 1, 1, 1, 1, 1, 1, 1, 1, 1, 1, 1, 1, 1, 1, 1, 1, 1, 1, 1, 1, 1, 1, 1, 1, 1, 1, 1, 1, 1, 1, 1, 1, 1, 1, 1, 0, 1, 1, 1, 1, 1, 1, 1, 1, 1], [0, 1, 1, 1, 1, 1, 1, 1, 1, 1, 1, 1, 1, 1, 1, 1, 1, 1, 1, 1, 1, 1, 1, 1, 1, 1, 1, 1, 1, 1, 1, 1, 1, 1, 1, 1, 1, 1, 1, 1, 1, 1, 1, 0, 1, 1, 1, 1, 1, 1, 1, 1], [0, 1, 1, 1, 1, 1, 1, 1, 1, 1, 1, 1, 1, 1, 1, 1, 1, 1, 1, 1, 1, 1, 1, 1, 1, 1, 1, 1, 1, 1, 1, 1, 1, 1, 1, 1, 1, 1, 1, 1, 1, 1, 1, 1, 0, 1, 1, 1, 1, 1, 1, 1], [0, 1, 1, 1, 1, 1, 1, 1, 1, 1, 1, 1, 1, 1, 1, 1, 1, 1, 1, 1, 1, 1, 1, 1, 1, 1, 1, 1, 1, 1, 1, 1, 1, 1, 1, 1, 1, 1, 1, 1, 1, 1, 1, 1, 1, 0, 1, 1, 1, 1, 1, 1], [0, 1, 1, 1, 1, 1, 1, 1, 1, 1, 1, 1, 1, 1, 1, 1, 1, 1, 1, 1, 1, 1, 1, 1, 1, 1, 1, 1, 1, 1, 1, 1, 1, 1, 1, 1, 1, 1, 1, 1, 1, 1, 1, 1, 1, 1, 0, 1, 1, 1, 1, 1], [0, 1, 1, 1, 1, 1, 1, 1, 1, 1, 1, 1, 1, 1, 1, 1, 1, 1, 1, 1, 1, 1, 1, 1, 1, 1, 1, 1, 1, 1, 1, 1, 1, 1, 1, 1, 1, 1, 1, 1, 1, 1, 1, 1, 1, 1, 1, 0, 1, 1, 1, 1], [0, 1, 1, 1, 1, 1, 1, 1, 1, 1, 1, 1, 1, 1, 1, 1, 1, 1, 1, 1, 1, 1, 1, 1, 1, 1, 1, 1, 1, 1, 1, 1, 1, 1, 1, 1, 1, 1, 1, 1, 1, 1, 1, 1, 1, 1, 1, 1, 0, 1, 1, 1], [0, 1, 1, 1, 1, 1, 1, 1, 1, 1, 1, 1, 1, 1, 1, 1, 1, 1, 1, 1, 1, 1, 1, 1, 1, 1, 1, 1, 1, 1, 1, 1, 1, 1, 1, 1, 1, 1, 1, 1, 1, 1, 1, 1, 1, 1, 1, 1, 1, 0, 1, 1], [0, 1, 1, 1, 1, 1, 1, 1, 1, 1, 1, 1, 1, 1, 1, 1, 1, 1, 1, 1, 1, 1, 1, 1, 1, 1, 1, 1, 1, 1, 1, 1, 1, 1, 1, 1, 1, 1, 1, 1, 1, 1, 1, 1, 1, 1, 1, 1, 1, 1, 0, 1], [0, 0, 0, 0, 0, 0, 0, 0, 0, 0, 0, 0, 0, 0, 0, 0, 0, 0, 0, 0, 0, 0, 0, 0, 0, 0, 0, 0, 0, 0, 0, 0, 0, 0, 0, 0, 0, 0, 0, 0, 0, 0, 0, 0, 0, 0, 0, 0, 0, 0, 0, 0]]}, "cluster_count": 3, "cluster_speeds": [[0.925, 0.85, 0.925, 1.0, 0.8325, 0.765, 0.8325, 0.9, 0.4625, 0.425, 0.4625, 0.5, 0.30525, 0.2805, 0.30525, 0.33, 0.37, 0.34, 0.37, 0.4, 0.555, 0.51, 0.555, 0.6, 0.6475, 0.595, 0.6475, 0.7, 0.37, 0.34, 0.37, 0.4, 0.30525, 0.2805, 0.30525, 0.33, 0.4625, 0.425, 0.4625, 0.5, 0.6475, 0.595, 0.6475, 0.7, 0.74, 0.68, 0.74, 0.8, 0.6475, 0.595, 0.6475, 0.7, 0.4625, 0.425, 0.4625, 0.5, 0.555, 0.51, 0.555, 0.6, 0.6475, 0.595, 0.6475, 0.7, 0.8325, 0.765, 0.8325, 0.9, 0.925, 0.85, 0.925, 1.0, 1.0], [0.6475, 0.595, 0.6475, 0.7, 0.58275, 0.5355, 0.58275, 0.63, 0.32375, 0.2975, 0.32375, 0.35, 0.213675, 0.19635, 0.213675, 0.23099999999999998, 0.259, 0.238, 0.259, 0.27999999999999997, 0.3885, 0.357, 0.3885, 0.42, 0.6475, 0.595, 0.6475, 0.7, 0.37, 0.34, 0.37, 0.4, 0.30525, 0.2805, 0.30525, 0.33, 0.4625, 0.425, 0.4625, 0.5, 0.6475, 0.595, 0.6475, 0.7, 0.74, 0.68, 0.74, 0.8, 0.45324999999999993, 0.4165, 0.45324999999999993, 0.48999999999999994, 0.32375, 0.2975, 0.32375, 0.35, 0.3885, 0.357, 0.3885, 0.42, 0.45324999999999993, 0.4165, 0.45324999999999993, 0.48999999999999994, 0.58275, 0.5355, 0.58275, 0.63, 0.6475, 0.595, 0.6475, 0.7, 0.7], [0.87875, 0.8075, 0.87875, 0.95, 0.790875, 0.72675, 0.790875, 0.855, 0.439375, 0.40375, 0.439375, 0.475, 0.2899875, 0.266475, 0.2899875, 0.3135, 0.3515, 0.323, 0.3515, 0.38, 0.52725, 0.4845, 0.52725, 0.57, 0.6475, 0.595, 0.6475, 0.7, 0.37, 0.34, 0.37, 0.4, 0.30525, 0.2805, 0.30525, 0.33, 0.4625, 0.425, 0.4625, 0.5, 0.6475, 0.595, 0.6475, 0.7, 0.74, 0.68, 0.74, 0.8, 0.6151249999999999, 0.5652499999999999, 0.6151249999999999, 0.6649999999999999, 0.439375, 0.40375, 0.439375, 0.475, 0.52725, 0.4845, 0.52725, 0.57, 0.6151249999999999, 0.5652499999999999, 0.6151249999999999, 0.6649999999999999, 0.790875, 0.72675, 0.790875, 0.855, 0.87875, 0.8075, 0.87875, 0.95, 0.95]], "clusters": [[-1, 2, 2, 2, 2, 2, 2, 2, 2, 2, 2, 2, 2, 2, 2, 2, 2, 2, 2, 2, 2, 2, 2, 2, 2, 2, 2, 2, 2, 2, 2, 2, 2, 2, 2, 2, 2, 2, 2, 2, 2, 2, 2, 2, 2, 2, 2, 2, 2, 2, 2, 2], [0, -1, 0, 0, 0, 0, 0, 0, 0, 0, 0, 0, 0, 0, 0, 0, 0, 0, 0, 0, 0, 0, 0, 0, 0, 0, 0, 0, 0, 0, 0, 0, 0, 0, 0, 0, 0, 0, 0, 0, 0, 0, 0, 0, 0, 0, 0, 0, 0, 0, 0, 0], [0, 0, -1, 0, 0, 0, 0, 0, 0, 0, 0, 0, 0, 0, 0, 0, 0, 0, 0, 0, 0, 0, 0, 0, 0, 0, 0, 0, 0, 0, 0, 0, 0, 0, 0, 0, 0, 0, 0, 0, 0, 0, 0, 0, 0, 0, 0, 0, 0, 0, 0, 0], [1, 1, 1, -1, 1, 1, 1, 1, 1, 1, 1, 1, 1, 1, 1, 1, 1, 1, 1, 1, 1, 1, 1, 1, 1, 1, 1, 1, 1, 1, 1, 1, 1, 1, 1, 1, 1, 1, 1, 1, 1, 1, 1, 1, 1, 1, 1, 1, 1, 1, 1, 1], [0, 0, 0, 0, -1, 0, 0, 0, 0, 0, 0, 0, 0, 0, 0, 0, 0, 0, 0, 0, 0, 0, 0, 0, 0, 0, 0, 0, 0, 0, 0, 0, 0, 0, 0, 0, 0, 0, 0, 0, 0, 0, 0, 0, 0, 0, 0, 0, 0, 0, 0, 0], [1, 1, 1, 1, 1, -1, 1, 1, 1, 1, 1, 1, 1, 1, 1, 1, 1, 1, 1, 1, 1, 1, 1, 1, 1, 1, 1, 1, 1, 1, 1, 1, 1, 1, 1, 1, 1, 1, 1, 1, 1, 1, 1, 1, 1, 1, 1, 1, 1, 1, 1, 1], [0, 0, 0, 0, 0, 0, -1, 0, 0, 0, 0, 0, 0, 0, 0, 0, 0, 0, 0, 0, 0, 0, 0, 0, 0, 0, 0, 0, 0, 0, 0, 0, 0, 0, 0, 0, 0, 0, 0, 0, 0, 0, 0, 0, 0, 0, 0, 0, 0, 0, 0, 0], [0, 0, 0, 0, 0, 0, 0, -1, 0, 0, 0, 0, 0, 0, 0, 0, 0, 0, 0, 0, 0, 0, 0, 0, 0, 0, 0, 0, 0, 0, 0, 0, 0, 0, 0, 0, 0, 0, 0, 0, 0, 0, 0, 0, 0, 0, 0, 0, 0, 0, 0, 0], [0, 0, 0, 0, 0, 0, 0, 0, -1, 0, 0, 0, 0, 0, 0, 0, 0, 0, 0, 0, 0, 0, 0, 0, 0, 0, 0, 0, 0, 0, 0, 0, 0, 0, 0, 0, 0, 0, 0, 0, 0, 0, 0, 0, 0, 0, 0, 0, 0, 0, 0, 0], [0, 0, 0, 0, 0, 0, 0, 0, 0, -1, 0, 0, 0, 0, 0, 0, 0, 0, 0, 0, 0, 0, 0, 0, 0, 0, 0, 0, 0, 0, 0, 0, 0, 0, 0, 0, 0, 0, 0, 0, 0, 0, 0, 0, 0, 0, 0, 0, 0, 0, 0, 0], [1, 1, 1, 1, 1, 1, 1, 1, 1, 1, -1, 1, 1, 1, 1, 1, 1, 1, 1, 1, 1, 1, 1, 1, 1, 1, 1, 1, 1, 1, 1, 1, 1, 1, 1, 1, 1, 1, 1, 1, 1, 1, 1, 1, 1, 1, 1, 1, 1, 1, 1, 1], [2, 2, 2, 2, 2, 2, 2, 2, 2, 2, 2, -1, 2, 2, 2, 2, 2, 2, 2, 2, 2, 2, 2, 2, 2, 2, 2, 2, 2, 2, 2, 2, 2, 2, 2, 2, 2, 2, 2, 2, 2, 2, 2, 2, 2, 2, 2, 2, 2, 2, 2, 2], [1, 1, 1, 1, 1, 1, 1, 1, 1, 1, 1, 1, -1, 1, 1, 1, 1, 1, 1, 1, 1, 1, 1, 1, 1, 1, 1, 1, 1, 1, 1, 1, 1, 1, 1, 1, 1, 1, 1, 1, 1, 1, 1, 1, 1, 1, 1, 1, 1, 1, 1, 1], [1, 1, 1, 1, 1, 1, 1, 1, 1, 1, 1, 1, 1, -1, 1, 1, 1, 1, 1, 1, 1, 1, 1, 1, 1, 1, 1, 1, 1, 1, 1, 1, 1, 1, 1, 1, 1, 1, 1, 1, 1, 1, 1, 1, 1, 1, 1, 1, 1, 1, 1, 1], [0, 0, 0, 0, 0, 0, 0, 0, 0, 0, 0, 0, 0, 0, -1, 0, 0, 0, 0, 0, 0, 0, 0, 0, 0, 0, 0, 0, 0, 0, 0, 0, 0, 0, 0, 0, 0, 0, 0, 0, 0, 0, 0, 0, 0, 0, 0, 0, 0, 0, 0, 0], [1, 1, 1, 1, 1, 1, 1, 1, 1, 1, 1, 1, 1, 1, 1, -1, 1, 1, 1, 1, 1, 1, 1, 1, 1, 1, 1, 1, 1, 1, 1, 1, 1, 1, 1, 1, 1, 1, 1, 1, 1, 1, 1, 1, 1, 1, 1, 1, 1, 1, 1, 1], [0, 0, 0, 0, 0, 0, 0, 0, 0, 0, 0, 0, 0, 0, 0, 0, -1, 0, 0, 0, 0, 0, 0, 0, 0, 0, 0, 0, 0, 0, 0, 0, 0, 0, 0, 0, 0, 0, 0, 0, 0, 0, 0, 0, 0, 0, 0, 0, 0, 0, 0, 0], [0, 0, 0, 0, 0, 0, 0, 0, 0, 0, 0, 0, 0, 0, 0, 0, 0, -1, 0, 0, 0, 0, 0, 0, 0, 0, 0, 0, 0, 0, 0, 0, 0, 0, 0, 0, 0, 0, 0, 0, 0, 0, 0, 0, 0, 0, 0, 0, 0, 0, 0, 0], [0, 0, 0, 0, 0, 0, 0, 0, 0, 0, 0, 0, 0, 0, 0, 0, 0, 0, -1, 0, 0, 0, 0, 0, 0, 0, 0, 0, 0, 0, 0, 0, 0, 0, 0, 0, 0, 0, 0, 0, 0, 0, 0, 0, 0, 0, 0, 0, 0, 0, 0, 0], [0, 0, 0, 0, 0, 0, 0, 0, 0, 0, 0, 0, 0, 0, 0, 0, 0, 0, 0, -1, 0, 0, 0, 0, 0, 0, 0, 0, 0, 0, 0, 0, 0, 0, 0, 0, 0, 0, 0, 0, 0, 0, 0, 0, 0, 0, 0, 0, 0, 0, 0, 0], [1, 1, 1, 1, 1, 1, 1, 1, 1, 1, 1, 1, 1, 1, 1, 1, 1, 1, 1, 1, -1, 1, 1, 1, 1, 1, 1, 1, 1, 1, 1, 1, 1, 1, 1, 1, 1, 1, 1, 1, 1, 1, 1, 1, 1, 1, 1, 1, 1, 1, 1, 1], [0, 0, 0, 0, 0, 0, 0, 0, 0, 0, 0, 0, 0, 0, 0, 0, 0, 0, 0, 0, 0, -1, 0, 0, 0, 0, 0, 0, 0, 0, 0, 0, 0, 0, 0, 0, 0, 0, 0, 0, 0, 0, 0, 0, 0, 0, 0, 0, 0, 0, 0, 0], [1, 1, 1, 1, 1, 1, 1, 1, 1, 1, 1, 1, 1, 1, 1, 1, 1, 1, 1, 1, 1, 1, -1, 1, 1, 1, 1, 1, 1, 1, 1, 1, 1, 1, 1, 1, 1, 1, 1, 1, 1, 1, 1, 1, 1, 1, 1, 1, 1, 1, 1, 1], [1, 1, 1, 1, 1, 1, 1, 1, 1, 1, 1, 1, 1, 1, 1, 1, 1, 1, 1, 1, 1, 1, 1, -1, 1, 1, 1, 1, 1, 1, 1, 1, 1, 1, 1, 1, 1, 1, 1, 1, 1, 1, 1, 1, 1, 1, 1, 1, 1, 1, 1, 1], [0, 0, 0, 0, 0, 0, 0, 0, 0, 0, 0, 0, 0, 0, 0, 0, 0, 0, 0, 0, 0, 0, 0, 0, -1, 0, 0, 0, 0, 0, 0, 0, 0, 0, 0, 0, 0, 0, 0, 0, 0, 0, 0, 0, 0, 0, 0, 0, 0, 0, 0, 0], [0, 0, 0, 0, 0, 0, 0, 0, 0, 0, 0, 0, 0, 0, 0, 0, 0, 0, 0, 0, 0, 0, 0, 0, 0, -1, 0, 0, 0, 0, 0, 0, 0, 0, 0, 0, 0, 0, 0, 0, 0, 0, 0, 0, 0, 0, 0, 0, 0, 0, 0, 0], [0, 0, 0, 0, 0, 0, 0, 0, 0, 0, 0, 0, 0, 0, 0, 0, 0, 0, 0, 0, 0, 0, 0, 0, 0, 0, -1, 0, 0, 0, 0, 0, 0, 0, 0, 0, 0, 0, 0, 0, 0, 0, 0, 0, 0, 0, 0, 0, 0, 0, 0, 0], [1, 1, 1, 1, 1, 1, 1, 1, 1, 1, 1, 1, 1, 1, 1, 1, 1, 1, 1, 1, 1, 1, 1, 1, 1, 1, 1, -1, 1, 1, 1, 1, 1, 1, 1, 1, 1, 1, 1, 1, 1, 1, 1, 1, 1, 1, 1, 1, 1, 1, 1, 1], [0, 0, 0, 0, 0, 0, 0, 0, 0, 0, 0, 0, 0, 0, 0, 0, 0, 0, 0, 0, 0, 0, 0, 0, 0, 0, 0, 0, -1, 0, 0, 0, 0, 0, 0, 0, 0, 0, 0, 0, 0, 0, 0, 0, 0, 0, 0, 0, 0, 0, 0, 0], [1, 1, 1, 1, 1, 1, 1, 1, 1, 1, 1, 1, 1, 1, 1, 1, 1, 1, 1, 1, 1, 1, 1, 1, 1, 1, 1, 1, 1, -1, 1, 1, 1, 1, 1, 1, 1, 1, 1, 1, 1, 1, 1, 1, 1, 1, 1, 1, 1, 1, 1, 1], [1, 1, 1, 1, 1, 1, 1, 1, 1, 1, 1, 1, 1, 1, 1, 1, 1, 1, 1, 1, 1, 1, 1, 1, 1, 1, 1, 1, 1, 1, -1, 1, 1, 1, 1, 1, 1, 1, 1, 1, 1, 1, 1, 1, 1, 1, 1, 1, 1, 1, 1, 1], [2, 2, 2, 2, 2, 2, 2, 2, 2, 2, 2, 2, 2, 2, 2, 2, 2, 2, 2, 2, 2, 2, 2, 2, 2, 2, 2, 2, 2, 2, 2, -1, 2, 2, 2, 2, 2, 2, 2, 2, 2, 2, 2, 2, 2, 2, 2, 2, 2, 2, 2, 2], [0, 0, 0, 0, 0, 0, 0, 0, 0, 0, 0, 0, 0, 0, 0, 0, 0, 0, 0, 0, 0, 0, 0, 0, 0, 0, 0, 0, 0, 0, 0, 0, -1, 0, 0, 0, 0, 0, 0, 0, 0, 0, 0, 0, 0, 0, 0, 0, 0, 0, 0, 0], [1, 1, 1, 1, 1, 1, 1, 1, 1, 1, 1, 1, 1, 1, 1, 1, 1, 1, 1, 1, 1, 1, 1, 1, 1, 1, 1, 1, 1, 1, 1, 1, 1, -1, 1, 1, 1, 1, 1, 1, 1, 1, 1, 1, 1, 1, 1, 1, 1, 1, 1, 1], [0, 0, 0, 0, 0, 0, 0, 0, 0, 0, 0, 0, 0, 0, 0, 0, 0, 0, 0, 0, 0, 0, 0, 0, 0, 0, 0, 0, 0, 0, 0, 0, 0, 0, -1, 0, 0, 0, 0, 0, 0, 0, 0, 0, 0, 0, 0, 0, 0, 0, 0, 0], [2, 2, 2, 2, 2, 2, 2, 2, 2, 2, 2, 2, 2, 2, 2, 2, 2, 2, 2, 2, 2, 2, 2, 2, 2, 2, 2, 2, 2, 2, 2, 2, 2, 2, 2, -1, 2, 2, 2, 2, 2, 2, 2, 2, 2, 2, 2, 2, 2, 2, 2, 2], [1, 1, 1, 1, 1, 1, 1, 1, 1, 1, 1, 1, 1, 1, 1, 1, 1, 1, 1, 1, 1, 1, 1, 1, 1, 1, 1, 1, 1, 1, 1, 1, 1, 1, 1, 1, -1, 1, 1, 1, 1, 1, 1, 1, 1, 1, 1, 1, 1, 1, 1, 1], [1, 1, 1, 1, 1, 1, 1, 1, 1, 1, 1, 1, 1, 1, 1, 1, 1, 1, 1, 1, 1, 1, 1, 1, 1, 1, 1, 1, 1, 1, 1, 1, 1, 1, 1, 1, 1, -1, 1, 1, 1, 1, 1, 1, 1, 1, 1, 1, 1, 1, 1, 1], [0, 0, 0, 0, 0, 0, 0, 0, 0, 0, 0, 0, 0, 0, 0, 0, 0, 0, 0, 0, 0, 0, 0, 0, 0, 0, 0, 0, 0, 0, 0, 0, 0, 0, 0, 0, 0, 0, -1, 0, 0, 0, 0, 0, 0, 0, 0, 0, 0, 0, 0, 0], [0, 0, 0, 0, 0, 0, 0, 0, 0, 0, 0, 0, 0, 0, 0, 0, 0, 0, 0, 0, 0, 0, 0, 0, 0, 0, 0, 0, 0, 0, 0, 0, 0, 0, 0, 0, 0, 0, 0, -1, 0, 0, 0, 0, 0, 0, 0, 0, 0, 0, 0, 0], [1, 1, 1, 1, 1, 1, 1, 1, 1, 1, 1, 1, 1, 1, 1, 1, 1, 1, 1, 1, 1, 1, 1, 1, 1, 1, 1, 1, 1, 1, 1, 1, 1, 1, 1, 1, 1, 1, 1, 1, -1, 1, 1, 1, 1, 1, 1, 1, 1, 1, 1, 1], [2, 2, 2, 2, 2, 2, 2, 2, 2, 2, 2, 2, 2, 2, 2, 2, 2, 2, 2, 2, 2, 2, 2, 2, 2, 2, 2, 2, 2, 2, 2, 2, 2, 2, 2, 2, 2, 2, 2, 2, 2, -1, 2, 2, 2, 2, 2, 2, 2, 2, 2, 2], [1, 1, 1, 1, 1, 1, 1, 1, 1, 1, 1, 1, 1, 1, 1, 1, 1, 1, 1, 1, 1, 1, 1, 1, 1, 1, 1, 1, 1, 1, 1, 1, 1, 1, 1, 1, 1, 1, 1, 1, 1, 1, -1, 1, 1, 1, 1, 1, 1, 1, 1, 1], [2, 2, 2, 2, 2, 2, 2, 2, 2, 2, 2, 2, 2, 2, 2, 2, 2, 2, 2, 2, 2, 2, 2, 2, 2, 2, 2, 2, 2, 2, 2, 2, 2, 2, 2, 2, 2, 2, 2, 2, 2, 2, 2, -1, 2, 2, 2, 2, 2, 2, 2, 2], [0, 0, 0, 0, 0, 0, 0, 0, 0, 0, 0, 0, 0, 0, 0, 0, 0, 0, 0, 0, 0, 0, 0, 0, 0, 0, 0, 0, 0, 0, 0, 0, 0, 0, 0, 0, 0, 0, 0, 0, 0, 0, 0, 0, -1, 0, 0, 0, 0, 0, 0, 0], [0, 0, 0, 0, 0, 0, 0, 0, 0, 0, 0, 0, 0, 0, 0, 0, 0, 0, 0, 0, 0, 0, 0, 0, 0, 0, 0, 0, 0, 0, 0, 0, 0, 0, 0, 0, 0, 0, 0, 0, 0, 0, 0, 0, 0, -1, 0, 0, 0, 0, 0, 0], [1, 1, 1, 1, 1, 1, 1, 1, 1, 1, 1, 1, 1, 1, 1, 1, 1, 1, 1, 1, 1, 1, 1, 1, 1, 1, 1, 1, 1, 1, 1, 1, 1, 1, 1, 1, 1, 1, 1, 1, 1, 1, 1, 1, 1, 1, -1, 1, 1, 1, 1, 1], [1, 1, 1, 1, 1, 1, 1, 1, 1, 1, 1, 1, 1, 1, 1, 1, 1, 1, 1, 1, 1, 1, 1, 1, 1, 1, 1, 1, 1, 1, 1, 1, 1, 1, 1, 1, 1, 1, 1, 1, 1, 1, 1, 1, 1, 1, 1, -1, 1, 1, 1, 1], [2, 2, 2, 2, 2, 2, 2, 2, 2, 2, 2, 2, 2, 2, 2, 2, 2, 2, 2, 2, 2, 2, 2, 2, 2, 2, 2, 2, 2, 2, 2, 2, 2, 2, 2, 2, 2, 2, 2, 2, 2, 2, 2, 2, 2, 2, 2, 2, -1, 2, 2, 2], [0, 0, 0, 0, 0, 0, 0, 0, 0, 0, 0, 0, 0, 0, 0, 0, 0, 0, 0, 0, 0, 0, 0, 0, 0, 0, 0, 0, 0, 0, 0, 0, 0, 0, 0, 0, 0, 0, 0, 0, 0, 0, 0, 0, 0, 0, 0, 0, 0, -1, 0, 0], [1, 1, 1, 1, 1, 1, 1, 1, 1, 1, 1, 1, 1, 1, 1, 1, 1, 1, 1, 1, 1, 1, 1, 1, 1, 1, 1, 1, 1, 1, 1, 1, 1, 1, 1, 1, 1, 1, 1, 1, 1, 1, 1, 1, 1, 1, 1, 1, 1, 1, -1, 1], [2, 2, 2, 2, 2, 2, 2, 2, 2, 2, 2, 2, 2, 2, 2, 2, 2, 2, 2, 2, 2, 2, 2, 2, 2, 2, 2, 2, 2, 2, 2, 2, 2, 2, 2, 2, 2, 2, 2, 2, 2, 2, 2, 2, 2, 2, 2, 2, 2, 2, 2, -1]], "speed_zone_count": 73, "speed_zones": [[0.0, 15.0], [15.0, 30.0], [30.0, 45.0], [45.0, 60.0], [60.0, 75.0], [75.0, 90.0], [90.0, 105.0], [105.0, 120.0], [120.0, 135.0], [135.0, 150.0], [150.0, 165.0], [165.0, 180.0], [180.0, 195.0], [195.0, 210.0], [210.0, 225.0], [225.0, 240.0], [240.0, 255.0], [255.0, 270.0], [270.0, 285.0], [285.0, 300.0], [300.0, 315.0], [315.0, 330.0], [330.0, 345.0], [345.0, 360.0], [360.0, 375.0], [375.0, 390.0], [390.0, 405.0], [405.0, 420.0], [420.0, 435.0], [435.0, 450.0], [450.0, 465.0], [465.0, 480.0], [480.0, 495.0], [495.0, 510.0], [510.0, 525.0], [525.0, 540.0], [540.0, 555.0], [555.0, 570.0], [570.0, 585.0], [585.0, 600.0], [600.0, 615.0], [615.0, 630.0], [630.0, 645.0], [645.0, 660.0], [660.0, 675.0], [675.0, 690.0], [690.0, 705.0], [705.0, 720.0], [720.0, 735.0], [735.0, 750.0], [750.0, 765.0], [765.0, 780.0], [780.0, 795.0], [795.0, 810.0], [810.0, 825.0], [825.0, 840.0], [840.0, 855.0], [855.0, 870.0], [870.0, 885.0], [885.0, 900.0], [900.0, 915.0], [915.0, 930.0], [930.0, 945.0], [945.0, 960.0], [960.0, 975.0], [975.0, 990.0], [990.0, 1005.0], [1005.0, 1020.0], [1020.0, 1035.0], [1035.0, 1050.0], [1050.0, 1065.0], [1065.0, 1080.0], [1080.0, 5000.0]], "distances": [[0.0, 72.05, 64.64, 54.03, 77.03, 89.92, 67.83, 68.94, 68.91, 63.1, 62.71, 68.39, 62.1, 89.33, 62.36, 57.71, 74.81, 75.16, 80.56, 72.51, 60.6, 73.62, 73.0, 77.21, 74.36, 73.84, 57.77, 86.93, 78.09, 50.36, 57.75, 43.03, 83.1, 68.71, 68.16, 38.46, 86.57, 52.93, 68.96, 68.49, 87.63, 53.5, 70.82, 47.33, 79.87, 74.49, 71.65, 70.54, 101.73, 74.64, 91.26, 0.0], [0.0, 0.0, 8.84, 18.04, 5.06, 18.08, 10.41, 11.07, 16.14, 11.31, 15.66, 28.5, 16.35, 17.66, 10.75, 16.28, 8.94, 15.93, 8.65, 13.24, 17.99, 11.59, 19.18, 22.21, 7.85, 10.33, 15.11, 15.6, 7.71, 21.75, 20.36, 29.04, 13.39, 21.78, 11.98, 41.34, 14.53, 19.25, 4.33, 9.26, 23.02, 26.08, 19.6, 26.14, 7.94, 12.62, 20.63, 18.19, 30.21, 7.36, 24.94, 72.05], [0.0, 8.84, 0.0, 11.16, 13.68, 25.44, 5.38, 15.37, 11.15, 11.15, 16.49, 31.58, 16.93, 24.77, 11.49, 13.52, 16.47, 14.44, 17.21, 11.01, 17.99, 18.12, 24.42, 19.96, 15.44, 10.62, 6.88, 22.31, 13.46, 14.51, 19.28, 22.12, 18.56, 25.36, 7.0, 37.07, 22.68, 13.25, 4.7, 5.13, 25.38, 24.18, 15.1, 21.04, 16.53, 19.31, 16.34, 22.67, 37.1, 15.18, 28.32, 64.64], [0.0, 18.04, 11.16, 0.0, 23.06, 35.93, 15.71, 17.93, 19.73, 11.29, 14.49, 29.02, 14.42, 35.38, 8.96, 8.24, 22.33, 24.68, 26.62, 21.34, 14.32, 22.34, 25.72, 29.29, 21.6, 19.85, 5.18, 33.06, 24.29, 13.08, 13.75, 11.1, 29.63, 24.32, 16.79, 26.48, 32.57, 13.04, 15.05, 15.91, 36.33, 16.54, 23.31, 10.43, 25.92, 23.48, 24.55, 23.32, 47.87, 21.69, 39.41, 54.03], [0.0, 5.06, 13.68, 23.06, 0.0, 13.43, 14.09, 12.98, 19.03, 15.31, 18.82, 29.69, 19.56, 13.17, 15.71, 20.62, 8.23, 17.13, 13.04, 15.22, 21.31, 11.53, 19.38, 23.21, 7.39, 12.75, 20.14, 11.46, 5.95, 26.77, 23.97, 34.01, 10.63, 22.99, 15.37, 45.59, 9.55, 24.15, 9.0, 12.91, 21.29, 29.76, 21.96, 30.79, 12.72, 12.2, 22.82, 19.04, 25.62, 6.69, 22.48, 77.03], [0.0, 18.08, 25.44, 35.93, 13.43, 0.0, 23.49, 25.52, 25.84, 28.72, 31.86, 40.39, 32.61, 10.2, 27.69, 34.05, 19.46, 20.82, 10.42, 21.18, 34.39, 22.54, 29.46, 24.84, 19.14, 16.41, 32.3, 10.58, 12.1, 39.56, 37.17, 47.01, 8.78, 34.08, 23.96, 59.0, 4.88, 37.3, 20.97, 22.52, 16.11, 42.96, 27.06, 44.17, 11.0, 22.66, 27.35, 30.02, 12.2, 18.52, 14.79, 89.92], [0.0, 10.41, 5.38, 15.71, 14.09, 23.49, 0.0, 19.59, 6.17, 16.28, 21.62, 36.45, 22.11, 22.63, 6.99, 18.9, 19.22, 9.14, 17.18, 5.72, 23.26, 21.5, 28.51, 14.58, 18.14, 11.72, 10.73, 20.0, 11.53, 18.62, 24.65, 26.17, 15.54, 30.03, 10.32, 42.05, 21.69, 18.1, 6.47, 10.52, 20.68, 29.56, 10.04, 25.96, 16.58, 22.63, 11.25, 27.02, 34.41, 17.7, 23.9, 67.83], [0.0, 11.07, 15.37, 17.93, 12.98, 25.52, 19.59, 0.0, 25.76, 6.65, 6.67, 17.44, 7.41, 25.53, 15.84, 11.4, 6.39, 26.76, 15.17, 23.78, 9.18, 4.71, 9.05, 33.0, 6.43, 11.42, 18.16, 24.23, 18.2, 21.29, 12.13, 26.89, 23.51, 10.75, 21.37, 34.4, 20.86, 17.46, 13.35, 18.68, 33.81, 17.78, 29.56, 21.61, 14.67, 5.7, 30.72, 7.43, 37.45, 7.01, 35.35, 68.94], [0.0, 16.14, 11.15, 19.73, 19.03, 25.84, 6.17, 25.76, 0.0, 22.28, 27.62, 42.58, 28.07, 24.81, 12.13, 24.36, 25.07, 6.32, 21.62, 4.66, 29.13, 27.52, 34.65, 9.57, 23.99, 17.18, 14.55, 22.13, 14.96, 21.94, 30.3, 29.07, 17.16, 36.2, 4.4, 46.15, 25.11, 22.4, 12.54, 7.12, 18.74, 34.89, 11.42, 30.16, 21.12, 28.62, 5.2, 33.19, 35.43, 23.5, 22.46, 68.91], [0.0, 11.31, 11.15, 11.29, 15.31, 28.72, 16.28, 6.65, 22.28, 0.0, 5.34, 20.52, 5.83, 28.48, 10.79, 5.49, 11.75, 24.75, 18.43, 21.44, 7.12, 11.18, 14.81, 30.7, 11.26, 12.59, 12.04, 26.66, 19.0, 14.65, 9.13, 20.54, 24.69, 14.57, 18.02, 30.28, 24.52, 10.88, 11.24, 15.66, 33.91, 14.78, 26.22, 15.95, 17.78, 12.27, 27.46, 12.59, 40.91, 11.55, 36.11, 63.1], [0.0, 15.66, 16.49, 14.49, 18.82, 31.86, 21.62, 6.67, 27.62, 5.34, 0.0, 15.35, 10.19, 31.78, 16.0, 6.45, 13.05, 29.98, 21.44, 26.7, 12.46, 11.1, 11.55, 35.99, 13.01, 16.6, 16.58, 30.26, 23.32, 17.18, 5.46, 21.54, 28.91, 9.89, 23.36, 27.73, 27.32, 13.11, 16.36, 20.98, 38.63, 11.16, 31.57, 15.54, 20.88, 11.84, 32.8, 9.03, 43.92, 13.53, 40.59, 62.71], [0.0, 28.5, 31.58, 29.02, 29.69, 40.39, 36.45, 17.44, 42.58, 20.52, 15.35, 0.0, 15.11, 40.73, 31.3, 20.84, 21.62, 44.14, 30.93, 41.07, 14.76, 18.29, 10.94, 50.34, 22.33, 28.71, 31.83, 40.05, 35.34, 30.91, 15.53, 32.83, 40.31, 6.74, 38.22, 30.07, 35.51, 27.0, 30.55, 35.66, 50.94, 16.28, 46.48, 25.69, 30.62, 17.89, 47.69, 10.66, 51.26, 23.03, 52.13, 68.39], [0.0, 16.35, 16.93, 14.42, 19.56, 32.61, 22.11, 7.41, 28.07, 5.83, 10.19, 15.11, 0.0, 32.53, 16.35, 6.26, 13.79, 30.55, 22.2, 27.25, 12.36, 11.79, 11.9, 36.52, 13.75, 17.31, 16.74, 31.01, 24.03, 16.99, 4.73, 21.11, 29.63, 9.9, 23.83, 26.99, 28.07, 12.91, 16.95, 21.49, 39.31, 10.41, 32.02, 14.99, 21.63, 12.51, 33.26, 9.35, 44.67, 14.28, 41.29, 62.1], [0.0, 17.66, 24.77, 35.38, 13.17, 10.2, 22.63, 25.53, 24.81, 28.48, 31.78, 40.73, 32.53, 0.0, 27.03, 33.76, 19.59, 19.71, 10.37, 20.15, 34.31, 22.74, 29.82, 23.66, 19.21, 16.04, 31.64, 11.01, 11.35, 38.99, 37.05, 46.47, 7.69, 34.35, 23.04, 58.76, 5.32, 36.82, 20.37, 21.68, 14.98, 42.85, 25.96, 43.79, 10.91, 22.92, 26.23, 30.28, 12.55, 18.57, 13.78, 89.33], [0.0, 10.75, 11.49, 8.96, 15.71, 27.69, 6.99, 15.84, 12.13, 10.79, 16.0, 31.3, 16.35, 27.03, 0.0, 12.23, 17.74, 16.13, 19.27, 12.72, 17.22, 19.05, 24.84, 21.34, 16.76, 12.57, 4.61, 24.59, 15.74, 12.24, 18.2, 19.86, 20.84, 25.3, 8.37, 35.1, 24.85, 11.18, 6.83, 7.02, 27.43, 22.79, 16.04, 19.02, 18.58, 20.25, 17.3, 22.92, 39.38, 16.57, 30.45, 62.36], [0.0, 16.28, 13.52, 8.24, 20.62, 34.05, 18.9, 11.4, 24.36, 5.49, 6.45, 20.84, 6.26, 33.76, 12.23, 0.0, 17.11, 27.91, 23.84, 24.49, 6.1, 16.11, 17.96, 33.46, 16.69, 17.75, 11.31, 31.84, 23.81, 10.74, 6.09, 15.52, 29.5, 16.13, 20.47, 25.06, 29.95, 6.67, 15.22, 18.58, 38.1, 10.67, 28.26, 10.47, 23.19, 17.09, 29.53, 15.46, 46.25, 17.01, 40.59, 57.71], [0.0, 8.94, 16.47, 22.33, 8.23, 19.46, 19.22, 6.39, 25.07, 11.75, 13.05, 21.62, 13.79, 19.59, 17.74, 17.11, 0.0, 24.53, 9.41, 22.07, 15.57, 11.1, 11.15, 30.78, 12.82, 8.21, 21.21, 18.59, 14.11, 25.95, 18.52, 32.26, 18.74, 14.99, 20.86, 40.78, 14.69, 22.46, 12.82, 18.11, 29.49, 24.17, 28.53, 27.54, 9.04, 12.09, 29.54, 10.96, 31.22, 13.4, 30.52, 74.81], [0.0, 15.93, 14.44, 24.68, 17.13, 20.82, 9.14, 26.76, 6.32, 24.75, 29.98, 44.14, 30.55, 19.71, 16.13, 27.91, 24.53, 0.0, 18.85, 10.98, 31.86, 27.45, 35.11, 6.28, 23.49, 16.32, 19.57, 17.1, 11.76, 27.33, 33.5, 34.71, 12.06, 37.5, 7.89, 51.12, 21.01, 27.17, 13.68, 9.33, 12.47, 38.58, 6.27, 35.03, 18.51, 28.41, 6.55, 34.06, 29.52, 22.88, 16.15, 75.16], [0.0, 8.65, 17.21, 26.62, 13.04, 10.42, 17.18, 15.17, 21.62, 18.43, 21.44, 30.93, 22.2, 10.37, 19.27, 23.84, 9.41, 18.85, 0.0, 17.47, 23.98, 12.68, 20.21, 24.62, 8.91, 6.81, 23.72, 9.18, 7.1, 30.34, 26.76, 37.53, 9.95, 24.37, 18.3, 48.66, 6.11, 27.65, 12.51, 16.01, 20.82, 32.55, 24.22, 34.13, 12.9, 13.05, 24.95, 20.32, 22.54, 8.25, 21.39, 80.56], [0.0, 13.24, 11.01, 21.34, 15.22, 21.18, 5.72, 23.78, 4.66, 21.44, 26.7, 41.07, 27.25, 20.15, 12.72, 24.49, 22.07, 10.98, 17.47, 0.0, 28.53, 24.83, 32.34, 9.3, 21.0, 13.9, 16.27, 17.47, 10.57, 24.1, 30.11, 31.56, 12.5, 34.48, 4.6, 47.75, 20.57, 23.79, 10.52, 5.91, 15.31, 35.16, 6.76, 31.66, 17.03, 25.85, 7.6, 31.15, 30.92, 20.44, 18.78, 72.51], [0.0, 17.99, 17.99, 14.32, 21.31, 34.39, 23.26, 9.18, 29.13, 7.12, 12.46, 14.76, 12.36, 34.31, 17.22, 6.1, 15.57, 31.86, 23.98, 28.53, 0.0, 13.49, 12.92, 37.76, 15.54, 19.01, 17.15, 32.76, 25.68, 16.56, 12.19, 20.11, 31.31, 10.23, 24.96, 25.24, 29.86, 12.52, 18.35, 22.71, 40.88, 8.62, 33.08, 13.71, 23.41, 14.16, 34.33, 10.36, 46.46, 16.07, 42.93, 60.6], [0.0, 11.59, 18.12, 22.34, 11.53, 22.54, 21.5, 4.71, 27.52, 11.18, 11.1, 18.29, 11.79, 22.74, 19.05, 16.11, 11.1, 27.45, 12.68, 24.83, 13.49, 0.0, 7.87, 33.72, 11.14, 11.18, 22.0, 21.84, 17.37, 25.8, 16.47, 31.58, 22.07, 11.7, 23.21, 38.68, 17.7, 22.06, 15.03, 20.44, 32.81, 21.92, 31.11, 26.3, 12.34, 10.42, 32.18, 7.65, 34.1, 4.84, 33.85, 73.62], [0.0, 19.18, 24.42, 25.72, 19.38, 29.46, 28.51, 9.05, 34.65, 14.81, 11.55, 10.94, 11.9, 29.82, 24.84, 17.96, 11.15, 35.11, 20.21, 32.34, 12.92, 7.87, 0.0, 41.39, 12.02, 18.97, 26.81, 29.23, 25.24, 28.65, 15.47, 32.98, 29.85, 5.23, 30.27, 36.08, 24.58, 24.6, 22.14, 27.54, 40.64, 19.59, 38.39, 26.6, 19.96, 7.21, 39.51, 14.57, 40.37, 12.71, 41.56, 73.0], [0.0, 22.21, 19.96, 29.29, 23.21, 24.84, 14.58, 33.0, 9.57, 30.7, 35.99, 50.34, 36.52, 23.66, 21.34, 33.46, 30.78, 6.28, 24.62, 9.3, 37.76, 33.72, 41.39, 0.0, 29.74, 22.57, 24.11, 21.28, 17.58, 31.5, 39.23, 38.52, 16.52, 43.73, 13.0, 55.72, 25.95, 31.94, 19.81, 15.05, 12.19, 44.1, 6.5, 39.72, 24.35, 34.67, 5.56, 40.32, 31.58, 29.13, 16.12, 77.21], [0.0, 7.85, 15.44, 21.6, 7.39, 19.14, 18.14, 6.43, 23.99, 11.26, 13.01, 22.33, 13.75, 19.21, 16.76, 16.69, 12.82, 23.49, 8.91, 21.0, 15.54, 11.14, 12.02, 29.74, 0.0, 7.17, 20.32, 18.08, 13.22, 25.25, 18.45, 31.69, 17.99, 15.65, 19.78, 40.67, 14.44, 21.84, 11.74, 17.02, 28.68, 24.16, 27.44, 27.15, 8.48, 4.96, 28.47, 11.67, 31.03, 10.57, 29.8, 74.36], [0.0, 10.33, 10.62, 19.85, 12.75, 16.41, 11.72, 11.42, 17.18, 12.59, 16.6, 28.71, 17.31, 16.04, 12.57, 17.75, 8.21, 16.32, 6.81, 13.9, 19.01, 11.18, 18.97, 22.57, 7.17, 0.0, 16.95, 14.1, 6.81, 23.56, 21.51, 30.82, 12.32, 21.97, 13.19, 42.79, 12.73, 20.99, 6.0, 10.54, 22.39, 27.28, 20.46, 27.76, 6.11, 12.1, 21.43, 18.22, 28.58, 6.57, 24.07, 73.84], [0.0, 15.11, 6.88, 5.18, 20.14, 32.3, 10.73, 18.16, 14.55, 12.04, 16.58, 31.83, 16.74, 31.64, 4.61, 11.31, 21.21, 19.57, 23.72, 16.27, 17.15, 22.0, 26.81, 24.11, 20.32, 16.95, 0.0, 29.19, 20.34, 7.9, 17.36, 15.49, 25.37, 26.4, 11.69, 31.64, 29.39, 7.86, 11.39, 11.09, 31.41, 21.05, 18.17, 15.61, 23.03, 23.2, 19.42, 24.63, 43.97, 20.24, 34.6, 57.77], [0.0, 15.6, 22.31, 33.06, 11.46, 10.58, 20.0, 24.23, 22.13, 26.66, 30.26, 40.05, 31.01, 11.01, 24.59, 31.84, 18.59, 17.1, 9.18, 17.47, 32.76, 21.84, 29.23, 21.28, 18.08, 14.1, 29.19, 0.0, 8.85, 36.64, 35.42, 44.16, 5.04, 33.53, 20.37, 56.89, 5.7, 34.6, 18.01, 19.07, 13.5, 41.22, 23.34, 41.72, 9.6, 22.16, 23.64, 29.47, 14.81, 17.4, 12.97, 86.93], [0.0, 7.71, 13.46, 24.29, 5.95, 12.1, 11.53, 18.2, 14.96, 19.0, 23.32, 35.34, 24.03, 11.35, 15.74, 23.81, 14.11, 11.76, 7.1, 10.57, 25.68, 17.37, 25.24, 17.58, 13.22, 6.81, 20.34, 8.85, 0.0, 27.83, 28.07, 35.39, 5.7, 28.61, 12.23, 48.8, 10.27, 25.96, 9.25, 10.49, 15.62, 33.78, 17.25, 33.29, 6.78, 18.11, 17.93, 24.75, 23.65, 12.53, 17.28, 78.09], [0.0, 21.75, 14.51, 13.08, 26.77, 39.56, 18.62, 21.29, 21.94, 14.65, 17.18, 30.91, 16.99, 38.99, 12.24, 10.74, 25.95, 27.33, 30.34, 24.1, 16.56, 25.8, 28.65, 31.5, 25.25, 23.56, 7.9, 36.64, 27.83, 0.0, 15.38, 7.62, 33.07, 26.77, 19.5, 24.35, 36.27, 15.76, 18.63, 18.98, 39.3, 16.94, 25.27, 8.9, 29.64, 26.91, 26.46, 26.18, 51.45, 25.36, 42.5, 50.36], [0.0, 20.36, 19.28, 13.75, 23.97, 37.17, 24.65, 12.13, 30.3, 9.13, 5.46, 15.53, 4.73, 37.05, 18.2, 6.09, 18.52, 33.5, 26.76, 30.11, 12.19, 16.47, 15.47, 39.23, 18.45, 21.51, 17.36, 35.42, 28.07, 15.38, 0.0, 17.95, 33.74, 12.12, 26.28, 22.27, 32.7, 11.52, 20.26, 24.22, 43.03, 5.8, 34.22, 11.21, 26.17, 17.14, 35.49, 12.94, 49.28, 18.96, 45.24, 57.75], [0.0, 29.04, 22.12, 11.1, 34.01, 47.01, 26.17, 26.89, 29.07, 20.54, 21.54, 32.83, 21.11, 46.47, 19.86, 15.52, 32.26, 34.71, 37.53, 31.56, 20.11, 31.58, 32.98, 38.52, 31.69, 30.82, 15.49, 44.16, 35.39, 7.62, 17.95, 0.0, 40.67, 30.06, 26.96, 18.45, 43.55, 9.93, 26.15, 26.57, 46.82, 16.91, 32.14, 7.17, 36.84, 32.59, 33.27, 30.42, 58.97, 31.9, 50.07, 43.03], [0.0, 13.39, 18.56, 29.63, 10.63, 8.78, 15.54, 23.51, 17.16, 24.69, 28.91, 40.31, 29.63, 7.69, 20.84, 29.5, 18.74, 12.06, 9.95, 12.5, 31.31, 22.07, 29.85, 16.52, 17.99, 12.32, 25.37, 5.04, 5.7, 33.07, 33.74, 40.67, 0.0, 33.62, 15.7, 54.47, 9.49, 31.43, 14.73, 14.72, 10.88, 39.46, 18.29, 38.88, 10.03, 22.64, 18.61, 29.65, 18.87, 17.28, 11.86, 83.1], [0.0, 21.78, 25.36, 24.32, 22.99, 34.08, 30.03, 10.75, 36.2, 14.57, 9.89, 6.74, 9.9, 34.35, 25.3, 16.13, 14.99, 37.5, 24.37, 34.48, 10.23, 11.7, 5.23, 43.73, 15.65, 21.97, 26.4, 33.53, 28.61, 26.77, 12.12, 30.06, 33.62, 0.0, 31.81, 31.27, 29.21, 22.71, 23.99, 29.2, 44.21, 15.22, 40.07, 23.27, 24.03, 11.43, 41.26, 17.4, 45.29, 16.35, 45.45, 68.71], [0.0, 11.98, 7.0, 16.79, 15.37, 23.96, 10.32, 21.37, 4.4, 18.02, 23.36, 38.22, 23.83, 23.04, 8.37, 20.47, 20.86, 7.89, 18.3, 4.6, 24.96, 23.21, 30.27, 13.0, 19.78, 13.19, 11.69, 20.37, 12.23, 19.5, 26.28, 26.96, 15.7, 31.81, 0.0, 43.24, 22.49, 19.29, 8.18, 10.51, 19.87, 31.1, 8.27, 27.15, 17.73, 24.33, 9.48, 28.8, 34.52, 19.32, 23.26, 68.16], [0.0, 41.34, 37.07, 26.48, 45.59, 59.0, 42.05, 34.4, 46.15, 30.28, 27.73, 30.07, 26.99, 58.76, 35.1, 25.06, 40.78, 51.12, 48.66, 47.75, 25.24, 38.68, 36.08, 55.72, 40.67, 42.79, 31.64, 56.89, 48.8, 24.35, 22.27, 18.45, 54.47, 31.27, 43.24, 0.0, 54.71, 23.96, 39.9, 42.11, 62.43, 16.81, 49.59, 16.09, 48.03, 39.26, 50.79, 33.84, 71.18, 41.15, 65.23, 38.46], [0.0, 14.53, 22.68, 32.57, 9.55, 4.88, 21.69, 20.86, 25.11, 24.52, 27.32, 35.51, 28.07, 5.32, 24.85, 29.95, 14.69, 21.01, 6.11, 20.57, 29.86, 17.7, 24.58, 25.95, 14.44, 12.73, 29.39, 5.7, 10.27, 36.27, 32.7, 43.55, 9.49, 29.21, 22.49, 54.71, 0.0, 33.7, 18.02, 20.6, 19.16, 38.47, 27.01, 40.24, 6.79, 17.79, 27.51, 25.15, 16.6, 13.85, 18.61, 86.57], [0.0, 19.25, 13.25, 13.04, 24.15, 37.3, 18.1, 17.46, 22.4, 10.88, 13.11, 27.0, 12.91, 36.82, 11.18, 6.67, 22.46, 27.17, 27.65, 23.79, 12.52, 22.06, 24.6, 31.94, 21.84, 20.99, 7.86, 34.6, 25.96, 15.76, 11.52, 9.93, 31.43, 22.71, 19.29, 23.96, 33.7, 0.0, 16.72, 18.2, 38.6, 13.85, 26.03, 7.87, 26.96, 23.13, 27.28, 22.12, 49.36, 22.02, 41.57, 52.93], [0.0, 4.33, 4.7, 15.05, 9.0, 20.97, 6.47, 13.35, 12.54, 11.24, 16.36, 30.55, 16.95, 20.37, 6.83, 15.22, 12.82, 13.68, 12.51, 10.52, 18.35, 15.03, 22.14, 19.81, 11.74, 6.0, 11.39, 18.01, 9.25, 18.63, 20.26, 26.15, 14.73, 23.99, 8.18, 39.9, 18.02, 16.72, 0.0, 5.43, 22.89, 25.69, 16.25, 24.17, 11.83, 16.16, 17.39, 20.77, 32.82, 11.34, 25.4, 68.96], [0.0, 9.26, 5.13, 15.91, 12.91, 22.52, 10.52, 18.68, 7.12, 15.66, 20.98, 35.66, 21.49, 21.68, 7.02, 18.58, 18.11, 9.33, 16.01, 5.91, 22.71, 20.44, 27.54, 15.05, 17.02, 10.54, 11.09, 19.07, 10.49, 18.98, 24.22, 26.57, 14.72, 29.2, 10.51, 42.11, 20.6, 18.2, 5.43, 0.0, 20.42, 29.25, 10.89, 26.04, 15.41, 21.56, 12.06, 26.11, 33.57, 16.57, 23.53, 68.49], [0.0, 23.02, 25.38, 36.33, 21.29, 16.11, 20.68, 33.81, 18.74, 33.91, 38.63, 50.94, 39.31, 14.98, 27.43, 38.1, 29.49, 12.47, 20.82, 15.31, 40.88, 32.81, 40.64, 12.19, 28.68, 22.39, 31.41, 13.5, 15.62, 39.3, 43.03, 46.82, 10.88, 44.21, 19.87, 62.43, 19.16, 38.6, 22.89, 20.42, 0.0, 48.56, 17.48, 46.41, 20.91, 33.44, 17.03, 40.31, 19.85, 27.98, 22.74, 87.63], [0.0, 26.08, 24.18, 16.54, 29.76, 42.96, 29.56, 17.78, 34.89, 14.78, 11.16, 16.28, 10.41, 42.85, 22.79, 10.67, 24.17, 38.58, 32.55, 35.16, 8.62, 21.92, 19.59, 44.1, 24.16, 27.28, 21.05, 41.22, 33.78, 16.94, 5.8, 16.91, 39.46, 15.22, 31.1, 16.81, 38.47, 13.85, 25.69, 29.25, 48.56, 0.0, 38.75, 9.76, 31.96, 22.46, 40.02, 17.22, 55.06, 24.69, 50.87, 53.5], [0.0, 19.6, 15.1, 23.31, 21.96, 27.06, 10.04, 29.56, 11.42, 26.22, 31.57, 46.48, 32.02, 25.96, 16.04, 28.26, 28.53, 6.27, 24.22, 6.76, 33.08, 31.11, 38.39, 6.5, 27.44, 20.46, 18.17, 23.34, 17.25, 25.27, 34.22, 32.14, 18.29, 40.07, 8.27, 49.59, 27.01, 26.03, 16.25, 10.89, 17.48, 38.75, 0.0, 33.7, 23.78, 32.18, 12.06, 37.0, 35.63, 26.92, 21.38, 70.82], [0.0, 26.14, 21.04, 10.43, 30.79, 44.17, 25.96, 21.61, 30.16, 15.95, 15.54, 25.69, 14.99, 43.79, 19.02, 10.47, 27.54, 35.03, 34.13, 31.66, 13.71, 26.3, 26.6, 39.72, 27.15, 27.76, 15.61, 41.72, 33.29, 8.9, 11.21, 7.17, 38.88, 23.27, 27.15, 16.09, 40.24, 7.87, 24.17, 26.04, 46.41, 9.76, 33.7, 0.0, 33.46, 27.19, 34.93, 24.05, 56.34, 27.48, 49.3, 47.33], [0.0, 7.94, 16.53, 25.92, 12.72, 11.0, 16.58, 14.67, 21.12, 17.78, 20.88, 30.62, 21.63, 10.91, 18.58, 23.19, 9.04, 18.51, 12.9, 17.03, 23.41, 12.34, 19.96, 24.35, 8.48, 6.11, 23.03, 9.6, 6.78, 29.64, 26.17, 36.84, 10.03, 24.03, 17.73, 48.03, 6.79, 26.96, 11.83, 15.41, 20.91, 31.96, 23.78, 33.46, 0.0, 12.77, 24.55, 19.99, 23.16, 7.8, 21.6, 79.87], [0.0, 12.62, 19.31, 23.48, 12.2, 22.66, 22.63, 5.7, 28.62, 12.27, 11.84, 17.89, 12.51, 22.92, 20.25, 17.09, 12.09, 28.41, 13.05, 25.85, 14.16, 10.42, 7.21, 34.67, 4.96, 12.1, 23.2, 22.16, 18.11, 26.91, 17.14, 32.59, 22.64, 11.43, 24.33, 39.26, 17.79, 23.13, 16.16, 21.56, 33.44, 22.46, 32.18, 27.19, 12.77, 0.0, 33.24, 7.36, 34.03, 5.61, 34.36, 74.49], [0.0, 20.63, 16.34, 24.55, 22.82, 27.35, 11.25, 30.72, 5.2, 27.46, 32.8, 47.69, 33.26, 26.23, 17.3, 29.53, 29.54, 6.55, 24.95, 7.6, 34.33, 32.18, 39.51, 5.56, 28.47, 21.43, 19.42, 23.64, 17.93, 26.46, 35.49, 33.27, 18.61, 41.26, 9.48, 50.79, 27.51, 27.28, 17.39, 12.06, 17.03, 40.02, 12.06, 34.93, 24.55, 33.24, 0.0, 38.15, 35.56, 27.93, 20.96, 71.65], [0.0, 18.19, 22.67, 23.32, 19.04, 30.02, 27.02, 7.43, 33.19, 12.59, 9.03, 10.66, 9.35, 30.28, 22.92, 15.46, 10.96, 34.06, 20.32, 31.15, 10.36, 7.65, 14.57, 40.32, 11.67, 18.22, 24.63, 29.47, 24.75, 26.18, 12.94, 30.42, 29.65, 17.4, 28.8, 33.84, 25.15, 22.12, 20.77, 26.11, 40.31, 17.22, 37.0, 24.05, 19.99, 7.36, 38.15, 0.0, 41.28, 12.37, 41.46, 70.54], [0.0, 30.21, 37.1, 47.87, 25.62, 12.2, 34.41, 37.45, 35.43, 40.91, 43.92, 51.26, 44.67, 12.55, 39.38, 46.25, 31.22, 29.52, 22.54, 30.92, 46.46, 34.1, 40.37, 31.58, 31.03, 28.58, 43.97, 14.81, 23.65, 51.45, 49.28, 58.97, 18.87, 45.29, 34.52, 71.18, 16.6, 49.36, 32.82, 33.57, 19.85, 55.06, 35.63, 56.34, 23.16, 34.03, 35.56, 41.28, 0.0, 30.45, 16.39, 101.73], [0.0, 7.36, 15.18, 21.69, 6.69, 18.52, 17.7, 7.01, 23.5, 11.55, 13.53, 23.03, 14.28, 18.57, 16.57, 17.01, 13.4, 22.88, 8.25, 20.44, 16.07, 4.84, 12.71, 29.13, 10.57, 6.57, 20.24, 17.4, 12.53, 25.36, 18.96, 31.9, 17.28, 16.35, 19.32, 41.15, 13.85, 22.02, 11.34, 16.57, 27.98, 24.69, 26.92, 27.48, 7.8, 5.61, 27.93, 12.37, 30.45, 0.0, 29.1, 74.64], [0.0, 24.94, 28.32, 39.41, 22.48, 14.79, 23.9, 35.35, 22.46, 36.11, 40.59, 52.13, 41.29, 13.78, 30.45, 40.59, 30.52, 16.15, 21.39, 18.78, 42.93, 33.85, 41.56, 16.12, 29.8, 24.07, 34.6, 12.97, 17.28, 42.5, 45.24, 50.07, 11.86, 45.45, 23.26, 65.23, 18.61, 41.57, 25.4, 23.53, 22.74, 50.87, 21.38, 49.3, 21.6, 34.36, 20.96, 41.46, 16.39, 29.1, 0.0, 91.26], [0.0, 0.0, 0.0, 0.0, 0.0, 0.0, 0.0, 0.0, 0.0, 0.0, 0.0, 0.0, 0.0, 0.0, 0.0, 0.0, 0.0, 0.0, 0.0, 0.0, 0.0, 0.0, 0.0, 0.0, 0.0, 0.0, 0.0, 0.0, 0.0, 0.0, 0.0, 0.0, 0.0, 0.0, 0.0, 0.0, 0.0, 0.0, 0.0, 0.0, 0.0, 0.0, 0.0, 0.0, 0.0, 0.0, 0.0, 0.0, 0.0, 0.0, 0.0, 0.0]], "time_windows": [[0.0, 5000.0], [0.0, 121.0], [0.0, 132.0], [0.0, 146.0], [0.0, 182.0], [0.0, 211.0], [0.0, 282.0], [0.0, 335.0], [0.0, 384.0], [0.0, 420.0], [0.0, 429.0], [0.0, 453.0], [0.0, 487.0], [0.0, 584.0], [0.0, 642.0], [0.0, 661.0], [0.0, 688.0], [0.0, 723.0], [0.0, 748.0], [0.0, 773.0], [0.0, 817.0], [0.0, 845.0], [0.0, 863.0], [0.0, 939.0], [0.0, 986.0], [0.0, 997.0], [0.0, 1018.0], [0.0, 1053.0], [0.0, 1063.0], [0.0, 1094.0], [0.0, 1111.0], [0.0, 1128.0], [0.0, 1169.0], [0.0, 1203.0], [0.0, 1235.0], [0.0, 1278.0], [0.0, 1333.0], [0.0, 1366.0], [0.0, 1383.0], [0.0, 1388.0], [0.0, 1409.0], [0.0, 1457.0], [0.0, 1496.0], [0.0, 1530.0], [0.0, 1563.0], [0.0, 1576.0], [0.0, 1609.0], [0.0, 1647.0], [0.0, 1689.0], [0.0, 1719.0], [0.0, 1748.0], [0.0, 5000.0]], "start_depot": 0, "end_depot": 51, "horizon": [0.0, 5000.0]}