{"digraph": {"vertex_count": 52, "arc_count": 2550, "arcs": [[0, 1, 1, 1, 1, 1, 1, 1, 1, 1, 1, 1, 1, 1, 1, 1, 1, 1, 1, 1, 1, 1, 1, 1, 1, 1, 1, 1, 1, 1, 1, 1, 1, 1, 1, 1, 1, 1, 1, 1, 1, 1, 1, 1, 1, 1, 1, 1, 1, 1, 1, 1], [0, 0, 1, 1, 1, 1, 1, 1, 1, 1, 1, 1, 1, 1, 1, 1, 1, 1, 1, 1, 1, 1, 1, 1, 1, 1, 1, 1, 1, 1, 1, 1, 1, 1, 1, 1, 1, 1, 1, 1, 1, 1, 1, 1, 1, 1, 1, 1, 1, 1, 1, 1], [0, 1, 0, 1, 1, 1, 1, 1, 1, 1, 1, 1, 1, 1, 1, 1, 1, 1, 1, 1, 1, 1, 1, 1, 1, 1, 1, 1, 1, 1, 1, 1, 1, 1, 1, 1, 1, 1, 1, 1, 1, 1, 1, 1, 1, 1, 1, 1, 1, 1, 1, 1], [0, 1, 1, 0, 1, 1, 1, 1, 1, 1, 1, 1, 1, 1, 1, 1, 1, 1, 1, 1, 1, 1, 1, 1, 1, 1, 1, 1, 1, 1, 1, 1, 1, 1, 1, 1, 1, 1, 1, 1, 1, 1, 1, 1, 1, 1, 1, 1, 1, 1, 1, 1], [0, 1, 1, 1, 0, 1, 1, 1, 1, 1, 1, 1, 1, 1, 1, 1, 1, 1, 1, 1, 1, 1, 1, 1, 1, 1, 1, 1, 1, 1, 1, 1, 1, 1, 1, 1, 1, 1, 1, 1, 1, 1, 1, 1, 1, 1, 1, 1, 1, 1, 1, 1], [0, 1, 1, 1, 1, 0, 1, 1, 1, 1, 1, 1, 1, 1, 1, 1, 1, 1, 1, 1, 1, 1, 1, 1, 1, 1, 1, 1, 1, 1, 1, 1, 1, 1, 1, 1, 1, 1, 1, 1, 1, 1, 1, 1, 1, 1, 1, 1, 1, 1, 1, 1], [0, 1, 1, 1, 1, 1, 0, 1, 1, 1, 1, 1, 1, 1, 1, 1, 1, 1, 1, 1, 1, 1, 1, 1, 1, 1, 1, 1, 1, 1, 1, 1, 1, 1, 1, 1, 1, 1, 1, 1, 1, 1, 1, 1, 1, 1, 1, 1, 1, 1, 1, 1], [0, 1, 1, 1, 1, 1, 1, 0, 1, 1, 1, 1, 1, 1, 1, 1, 1, 1, 1, 1, 1, 1, 1, 1, 1, 1, 1, 1, 1, 1, 1, 1, 1, 1, 1, 1, 1, 1, 1, 1, 1, 1, 1, 1, 1, 1, 1, 1, 1, 1, 1, 1], [0, 1, 1, 1, 1, 1, 1, 1, 0, 1, 1, 1, 1, 1, 1, 1, 1, 1, 1, 1, 1, 1, 1, 1, 1, 1, 1, 1, 1, 1, 1, 1, 1, 1, 1, 1, 1, 1, 1, 1, 1, 1, 1, 1, 1, 1, 1, 1, 1, 1, 1, 1], [0, 1, 1, 1, 1, 1, 1, 1, 1, 0, 1, 1, 1, 1, 1, 1, 1, 1, 1, 1, 1, 1, 1, 1, 1, 1, 1, 1, 1, 1, 1, 1, 1, 1, 1, 1, 1, 1, 1, 1, 1, 1, 1, 1, 1, 1, 1, 1, 1, 1, 1, 1], [0, 1, 1, 1, 1, 1, 1, 1, 1, 1, 0, 1, 1, 1, 1, 1, 1, 1, 1, 1, 1, 1, 1, 1, 1, 1, 1, 1, 1, 1, 1, 1, 1, 1, 1, 1, 1, 1, 1, 1, 1, 1, 1, 1, 1, 1, 1, 1, 1, 1, 1, 1], [0, 1, 1, 1, 1, 1, 1, 1, 1, 1, 1, 0, 1, 1, 1, 1, 1, 1, 1, 1, 1, 1, 1, 1, 1, 1, 1, 1, 1, 1, 1, 1, 1, 1, 1, 1, 1, 1, 1, 1, 1, 1, 1, 1, 1, 1, 1, 1, 1, 1, 1, 1], [0, 1, 1, 1, 1, 1, 1, 1, 1, 1, 1, 1, 0, 1, 1, 1, 1, 1, 1, 1, 1, 1, 1, 1, 1, 1, 1, 1, 1, 1, 1, 1, 1, 1, 1, 1, 1, 1, 1, 1, 1, 1, 1, 1, 1, 1, 1, 1, 1, 1, 1, 1], [0, 1, 1, 1, 1, 1, 1, 1, 1, 1, 1, 1, 1, 0, 1, 1, 1, 1, 1, 1, 1, 1, 1, 1, 1, 1, 1, 1, 1, 1, 1, 1, 1, 1, 1, 1, 1, 1, 1, 1, 1, 1, 1, 1, 1, 1, 1, 1, 1, 1, 1, 1], [0, 1, 1, 1, 1, 1, 1, 1, 1, 1, 1, 1, 1, 1, 0, 1, 1, 1, 1, 1, 1, 1, 1, 1, 1, 1, 1, 1, 1, 1, 1, 1, 1, 1, 1, 1, 1, 1, 1, 1, 1, 1, 1, 1, 1, 1, 1, 1, 1, 1, 1, 1], [0, 1, 1, 1, 1, 1, 1, 1, 1, 1, 1, 1, 1, 1, 1, 0, 1, 1, 1, 1, 1, 1, 1, 1, 1, 1, 1, 1, 1, 1, 1, 1, 1, 1, 1, 1, 1, 1, 1, 1, 1, 1, 1, 1, 1, 1, 1, 1, 1, 1, 1, 1], [0, 1, 1, 1, 1, 1, 1, 1, 1, 1, 1, 1, 1, 1, 1, 1, 0, 1, 1, 1, 1, 1, 1, 1, 1, 1, 1, 1, 1, 1, 1, 1, 1, 1, 1, 1, 1, 1, 1, 1, 1, 1, 1, 1, 1, 1, 1, 1, 1, 1, 1, 1], [0, 1, 1, 1, 1, 1, 1, 1, 1, 1, 1, 1, 1, 1, 1, 1, 1, 0, 1, 1, 1, 1, 1, 1, 1, 1, 1, 1, 1, 1, 1, 1, 1, 1, 1, 1, 1, 1, 1, 1, 1, 1, 1, 1, 1, 1, 1, 1, 1, 1, 1, 1], [0, 1, 1, 1, 1, 1, 1, 1, 1, 1, 1, 1, 1, 1, 1, 1, 1, 1, 0, 1, 1, 1, 1, 1, 1, 1, 1, 1, 1, 1, 1, 1, 1, 1, 1, 1, 1, 1, 1, 1, 1, 1, 1, 1, 1, 1, 1, 1, 1, 1, 1, 1], [0, 1, 1, 1, 1, 1, 1, 1, 1, 1, 1, 1, 1, 1, 1, 1, 1, 1, 1, 0, 1, 1, 1, 1, 1, 1, 1, 1, 1, 1, 1, 1, 1, 1, 1, 1, 1, 1, 1, 1, 1, 1, 1, 1, 1, 1, 1, 1, 1, 1, 1, 1], [0, 1, 1, 1, 1, 1, 1, 1, 1, 1, 1, 1, 1, 1, 1, 1, 1, 1, 1, 1, 0, 1, 1, 1, 1, 1, 1, 1, 1, 1, 1, 1, 1, 1, 1, 1, 1, 1, 1, 1, 1, 1, 1, 1, 1, 1, 1, 1, 1, 1, 1, 1], [0, 1, 1, 1, 1, 1, 1, 1, 1, 1, 1, 1, 1, 1, 1, 1, 1, 1, 1, 1, 1, 0, 1, 1, 1, 1, 1, 1, 1, 1, 1, 1, 1, 1, 1, 1, 1, 1, 1, 1, 1, 1, 1, 1, 1, 1, 1, 1, 1, 1, 1, 1], [0, 1, 1, 1, 1, 1, 1, 1, 1, 1, 1, 1, 1, 1, 1, 1, 1, 1, 1, 1, 1, 1, 0, 1, 1, 1, 1, 1, 1, 1, 1, 1, 1, 1, 1, 1, 1, 1, 1, 1, 1, 1, 1, 1, 1, 1, 1, 1, 1, 1, 1, 1], [0, 1, 1, 1, 1, 1, 1, 1, 1, 1, 1, 1, 1, 1, 1, 1, 1, 1, 1, 1, 1, 1, 1, 0, 1, 1, 1, 1, 1, 1, 1, 1, 1, 1, 1, 1, 1, 1, 1, 1, 1, 1, 1, 1, 1, 1, 1, 1, 1, 1, 1, 1], [0, 1, 1, 1, 1, 1, 1, 1, 1, 1, 1, 1, 1, 1, 1, 1, 1, 1, 1, 1, 1, 1, 1, 1, 0, 1, 1, 1, 1, 1, 1, 1, 1, 1, 1, 1, 1, 1, 1, 1, 1, 1, 1, 1, 1, 1, 1, 1, 1, 1, 1, 1], [0, 1, 1, 1, 1, 1, 1, 1, 1, 1, 1, 1, 1, 1, 1, 1, 1, 1, 1, 1, 1, 1, 1, 1, 1, 0, 1, 1, 1, 1, 1, 1, 1, 1, 1, 1, 1, 1, 1, 1, 1, 1, 1, 1, 1, 1, 1, 1, 1, 1, 1, 1], [0, 1, 1, 1, 1, 1, 1, 1, 1, 1, 1, 1, 1, 1, 1, 1, 1, 1, 1, 1, 1, 1, 1, 1, 1, 1, 0, 1, 1, 1, 1, 1, 1, 1, 1, 1, 1, 1, 1, 1, 1, 1, 1, 1, 1, 1, 1, 1, 1, 1, 1, 1], [0, 1, 1, 1, 1, 1, 1, 1, 1, 1, 1, 1, 1, 1, 1, 1, 1, 1, 1, 1, 1, 1, 1, 1, 1, 1, 1, 0, 1, 1, 1, 1, 1, 1, 1, 1, 1, 1, 1, 1, 1, 1, 1, 1, 1, 1, 1, 1, 1, 1, 1, 1], [0, 1, 1, 1, 1, 1, 1, 1, 1, 1, 1, 1, 1, 1, 1, 1, 1, 1, 1, 1, 1, 1, 1, 1, 1, 1, 1, 1, 0, 1, 1, 1, 1, 1, 1, 1, 1, 1, 1, 1, 1, 1, 1, 1, 1, 1, 1, 1, 1, 1, 1, 1], [0, 1, 1, 1, 1, 1, 1, 1, 1, 1, 1, 1, 1, 1, 1, 1, 1, 1, 1, 1, 1, 1, 1, 1, 1, 1, 1, 1, 1, 0, 1, 1, 1, 1, 1, 1, 1, 1, 1, 1, 1, 1, 1, 1, 1, 1, 1, 1, 1, 1, 1, 1], [0, 1, 1, 1, 1, 1, 1, 1, 1, 1, 1, 1, 1, 1, 1, 1, 1, 1, 1, 1, 1, 1, 1, 1, 1, 1, 1, 1, 1, 1, 0, 1, 1, 1, 1, 1, 1, 1, 1, 1, 1, 1, 1, 1, 1, 1, 1, 1, 1, 1, 1, 1], [0, 1, 1, 1, 1, 1, 1, 1, 1, 1, 1, 1, 1, 1, 1, 1, 1, 1, 1, 1, 1, 1, 1, 1, 1, 1, 1, 1, 1, 1, 1, 0, 1, 1, 1, 1, 1, 1, 1, 1, 1, 1, 1, 1, 1, 1, 1, 1, 1, 1, 1, 1], [0, 1, 1, 1, 1, 1, 1, 1, 1, 1, 1, 1, 1, 1, 1, 1, 1, 1, 1, 1, 1, 1, 1, 1, 1, 1, 1, 1, 1, 1, 1, 1, 0, 1, 1, 1, 1, 1, 1, 1, 1, 1, 1, 1, 1, 1, 1, 1, 1, 1, 1, 1], [0, 1, 1, 1, 1, 1, 1, 1, 1, 1, 1, 1, 1, 1, 1, 1, 1, 1, 1, 1, 1, 1, 1, 1, 1, 1, 1, 1, 1, 1, 1, 1, 1, 0, 1, 1, 1, 1, 1, 1, 1, 1, 1, 1, 1, 1, 1, 1, 1, 1, 1, 1], [0, 1, 1, 1, 1, 1, 1, 1, 1, 1, 1, 1, 1, 1, 1, 1, 1, 1, 1, 1, 1, 1, 1, 1, 1, 1, 1, 1, 1, 1, 1, 1, 1, 1, 0, 1, 1, 1, 1, 1, 1, 1, 1, 1, 1, 1, 1, 1, 1, 1, 1, 1], [0, 1, 1, 1, 1, 1, 1, 1, 1, 1, 1, 1, 1, 1, 1, 1, 1, 1, 1, 1, 1, 1, 1, 1, 1, 1, 1, 1, 1, 1, 1, 1, 1, 1, 1, 0, 1, 1, 1, 1, 1, 1, 1, 1, 1, 1, 1, 1, 1, 1, 1, 1], [0, 1, 1, 1, 1, 1, 1, 1, 1, 1, 1, 1, 1, 1, 1, 1, 1, 1, 1, 1, 1, 1, 1, 1, 1, 1, 1, 1, 1, 1, 1, 1, 1, 1, 1, 1, 0, 1, 1, 1, 1, 1, 1, 1, 1, 1, 1, 1, 1, 1, 1, 1], [0, 1, 1, 1, 1, 1, 1, 1, 1, 1, 1, 1, 1, 1, 1, 1, 1, 1, 1, 1, 1, 1, 1, 1, 1, 1, 1, 1, 1, 1, 1, 1, 1, 1, 1, 1, 1, 0, 1, 1, 1, 1, 1, 1, 1, 1, 1, 1, 1, 1, 1, 1], [0, 1, 1, 1, 1, 1, 1, 1, 1, 1, 1, 1, 1, 1, 1, 1, 1, 1, 1, 1, 1, 1, 1, 1, 1, 1, 1, 1, 1, 1, 1, 1, 1, 1, 1, 1, 1, 1, 0, 1, 1, 1, 1, 1, 1, 1, 1, 1, 1, 1, 1, 1], [0, 1, 1, 1, 1, 1, 1, 1, 1, 1, 1, 1, 1, 1, 1, 1, 1, 1, 1, 1, 1, 1, 1, 1, 1, 1, 1, 1, 1, 1, 1, 1, 1, 1, 1, 1, 1, 1, 1, 0, 1, 1, 1, 1, 1, 1, 1, 1, 1, 1, 1, 1], [0, 1, 1, 1, 1, 1, 1, 1, 1, 1, 1, 1, 1, 1, 1, 1, 1, 1, 1, 1, 1, 1, 1, 1, 1, 1, 1, 1, 1, 1, 1, 1, 1, 1, 1, 1, 1, 1, 1, 1, 0, 1, 1, 1, 1, 1, 1, 1, 1, 1, 1, 1], [0, 1, 1, 1, 1, 1, 1, 1, 1, 1, 1, 1, 1, 1, 1, 1, 1, 1, 1, 1, 1, 1, 1, 1, 1, 1, 1, 1, 1, 1, 1, 1, 1, 1, 1, 1, 1, 1, 1, 1, 1, 0, 1, 1, 1, 1, 1, 1, 1, 1, 1, 1], [0, 1, 1, 1, 1, 1, 1, 1, 1, 1, 1, 1, 1, 1, 1, 1, 1, 1, 1, 1, 1, 1, 1, 1, 1, 1, 1, 1, 1, 1, 1, 1, 1, 1, 1, 1, 1, 1, 1, 1, 1, 1, 0, 1, 1, 1, 1, 1, 1, 1, 1, 1], [0, 1, 1, 1, 1, 1, 1, 1, 1, 1, 1, 1, 1, 1, 1, 1, 1, 1, 1, 1, 1, 1, 1, 1, 1, 1, 1, 1, 1, 1, 1, 1, 1, 1, 1, 1, 1, 1, 1, 1, 1, 1, 1, 0, 1, 1, 1, 1, 1, 1, 1, 1], [0, 1, 1, 1, 1, 1, 1, 1, 1, 1, 1, 1, 1, 1, 1, 1, 1, 1, 1, 1, 1, 1, 1, 1, 1, 1, 1, 1, 1, 1, 1, 1, 1, 1, 1, 1, 1, 1, 1, 1, 1, 1, 1, 1, 0, 1, 1, 1, 1, 1, 1, 1], [0, 1, 1, 1, 1, 1, 1, 1, 1, 1, 1, 1, 1, 1, 1, 1, 1, 1, 1, 1, 1, 1, 1, 1, 1, 1, 1, 1, 1, 1, 1, 1, 1, 1, 1, 1, 1, 1, 1, 1, 1, 1, 1, 1, 1, 0, 1, 1, 1, 1, 1, 1], [0, 1, 1, 1, 1, 1, 1, 1, 1, 1, 1, 1, 1, 1, 1, 1, 1, 1, 1, 1, 1, 1, 1, 1, 1, 1, 1, 1, 1, 1, 1, 1, 1, 1, 1, 1, 1, 1, 1, 1, 1, 1, 1, 1, 1, 1, 0, 1, 1, 1, 1, 1], [0, 1, 1, 1, 1, 1, 1, 1, 1, 1, 1, 1, 1, 1, 1, 1, 1, 1, 1, 1, 1, 1, 1, 1, 1, 1, 1, 1, 1, 1, 1, 1, 1, 1, 1, 1, 1, 1, 1, 1, 1, 1, 1, 1, 1, 1, 1, 0, 1, 1, 1, 1], [0, 1, 1, 1, 1, 1, 1, 1, 1, 1, 1, 1, 1, 1, 1, 1, 1, 1, 1, 1, 1, 1, 1, 1, 1, 1, 1, 1, 1, 1, 1, 1, 1, 1, 1, 1, 1, 1, 1, 1, 1, 1, 1, 1, 1, 1, 1, 1, 0, 1, 1, 1], [0, 1, 1, 1, 1, 1, 1, 1, 1, 1, 1, 1, 1, 1, 1, 1, 1, 1, 1, 1, 1, 1, 1, 1, 1, 1, 1, 1, 1, 1, 1, 1, 1, 1, 1, 1, 1, 1, 1, 1, 1, 1, 1, 1, 1, 1, 1, 1, 1, 0, 1, 1], [0, 1, 1, 1, 1, 1, 1, 1, 1, 1, 1, 1, 1, 1, 1, 1, 1, 1, 1, 1, 1, 1, 1, 1, 1, 1, 1, 1, 1, 1, 1, 1, 1, 1, 1, 1, 1, 1, 1, 1, 1, 1, 1, 1, 1, 1, 1, 1, 1, 1, 0, 1], [0, 0, 0, 0, 0, 0, 0, 0, 0, 0, 0, 0, 0, 0, 0, 0, 0, 0, 0, 0, 0, 0, 0, 0, 0, 0, 0, 0, 0, 0, 0, 0, 0, 0, 0, 0, 0, 0, 0, 0, 0, 0, 0, 0, 0, 0, 0, 0, 0, 0, 0, 0]]}, "cluster_count": 3, "cluster_speeds": [[0.925, 0.85, 0.925, 1.0, 0.8325, 0.765, 0.8325, 0.9, 0.4625, 0.425, 0.4625, 0.5, 0.30525, 0.2805, 0.30525, 0.33, 0.37, 0.34, 0.37, 0.4, 0.555, 0.51, 0.555, 0.6, 0.6475, 0.595, 0.6475, 0.7, 0.37, 0.34, 0.37, 0.4, 0.30525, 0.2805, 0.30525, 0.33, 0.4625, 0.425, 0.4625, 0.5, 0.6475, 0.595, 0.6475, 0.7, 0.74, 0.68, 0.74, 0.8, 0.6475, 0.595, 0.6475, 0.7, 0.4625, 0.425, 0.4625, 0.5, 0.555, 0.51, 0.555, 0.6, 0.6475, 0.595, 0.6475, 0.7, 0.8325, 0.765, 0.8325, 0.9, 0.925, 0.85, 0.925, 1.0, 1.0], [0.7400000000000001, 0.68, 0.7400000000000001, 0.8, 0.666, 0.6120000000000001, 0.666, 0.7200000000000001, 0.37000000000000005, 0.34, 0.37000000000000005, 0.4, 0.24420000000000003, 0.22440000000000004, 0.24420000000000003, 0.264, 0.296, 0.272, 0.296, 0.32000000000000006, 0.44400000000000006, 0.40800000000000003, 0.44400000000000006, 0.48, 0.6475, 0.595, 0.6475, 0.7, 0.37, 0.34, 0.37, 0.4, 0.30525, 0.2805, 0.30525, 0.33, 0.4625, 0.425, 0.4625, 0.5, 0.6475, 0.595, 0.6475, 0.7, 0.74, 0.68, 0.74, 0.8, 0.518, 0.476, 0.518, 0.5599999999999999, 0.37000000000000005, 0.34, 0.37000000000000005, 0.4, 0.44400000000000006, 0.40800000000000003, 0.44400000000000006, 0.48, 0.518, 0.476, 0.518, 0.5599999999999999, 0.666, 0.6120000000000001, 0.666, 0.7200000000000001, 0.7400000000000001, 0.68, 0.7400000000000001, 0.8, 0.8], [0.87875, 0.8075, 0.87875, 0.95, 0.790875, 0.72675, 0.790875, 0.855, 0.439375, 0.40375, 0.439375, 0.475, 0.2899875, 0.266475, 0.2899875, 0.3135, 0.3515, 0.323, 0.3515, 0.38, 0.52725, 0.4845, 0.52725, 0.57, 0.6475, 0.595, 0.6475, 0.7, 0.37, 0.34, 0.37, 0.4, 0.30525, 0.2805, 0.30525, 0.33, 0.4625, 0.425, 0.4625, 0.5, 0.6475, 0.595, 0.6475, 0.7, 0.74, 0.68, 0.74, 0.8, 0.6151249999999999, 0.5652499999999999, 0.6151249999999999, 0.6649999999999999, 0.439375, 0.40375, 0.439375, 0.475, 0.52725, 0.4845, 0.52725, 0.57, 0.6151249999999999, 0.5652499999999999, 0.6151249999999999, 0.6649999999999999, 0.790875, 0.72675, 0.790875, 0.855, 0.87875, 0.8075, 0.87875, 0.95, 0.95]], "clusters": [[-1, 2, 2, 2, 2, 2, 2, 2, 2, 2, 2, 2, 2, 2, 2, 2, 2, 2, 2, 2, 2, 2, 2, 2, 2, 2, 2, 2, 2, 2, 2, 2, 2, 2, 2, 2, 2, 2, 2, 2, 2, 2, 2, 2, 2, 2, 2, 2, 2, 2, 2, 2], [0, -1, 0, 0, 0, 0, 0, 0, 0, 0, 0, 0, 0, 0, 0, 0, 0, 0, 0, 0, 0, 0, 0, 0, 0, 0, 0, 0, 0, 0, 0, 0, 0, 0, 0, 0, 0, 0, 0, 0, 0, 0, 0, 0, 0, 0, 0, 0, 0, 0, 0, 0], [0, 0, -1, 0, 0, 0, 0, 0, 0, 0, 0, 0, 0, 0, 0, 0, 0, 0, 0, 0, 0, 0, 0, 0, 0, 0, 0, 0, 0, 0, 0, 0, 0, 0, 0, 0, 0, 0, 0, 0, 0, 0, 0, 0, 0, 0, 0, 0, 0, 0, 0, 0], [0, 0, 0, -1, 0, 0, 0, 0, 0, 0, 0, 0, 0, 0, 0, 0, 0, 0, 0, 0, 0, 0, 0, 0, 0, 0, 0, 0, 0, 0, 0, 0, 0, 0, 0, 0, 0, 0, 0, 0, 0, 0, 0, 0, 0, 0, 0, 0, 0, 0, 0, 0], [0, 0, 0, 0, -1, 0, 0, 0, 0, 0, 0, 0, 0, 0, 0, 0, 0, 0, 0, 0, 0, 0, 0, 0, 0, 0, 0, 0, 0, 0, 0, 0, 0, 0, 0, 0, 0, 0, 0, 0, 0, 0, 0, 0, 0, 0, 0, 0, 0, 0, 0, 0], [0, 0, 0, 0, 0, -1, 0, 0, 0, 0, 0, 0, 0, 0, 0, 0, 0, 0, 0, 0, 0, 0, 0, 0, 0, 0, 0, 0, 0, 0, 0, 0, 0, 0, 0, 0, 0, 0, 0, 0, 0, 0, 0, 0, 0, 0, 0, 0, 0, 0, 0, 0], [0, 0, 0, 0, 0, 0, -1, 0, 0, 0, 0, 0, 0, 0, 0, 0, 0, 0, 0, 0, 0, 0, 0, 0, 0, 0, 0, 0, 0, 0, 0, 0, 0, 0, 0, 0, 0, 0, 0, 0, 0, 0, 0, 0, 0, 0, 0, 0, 0, 0, 0, 0], [0, 0, 0, 0, 0, 0, 0, -1, 0, 0, 0, 0, 0, 0, 0, 0, 0, 0, 0, 0, 0, 0, 0, 0, 0, 0, 0, 0, 0, 0, 0, 0, 0, 0, 0, 0, 0, 0, 0, 0, 0, 0, 0, 0, 0, 0, 0, 0, 0, 0, 0, 0], [0, 0, 0, 0, 0, 0, 0, 0, -1, 0, 0, 0, 0, 0, 0, 0, 0, 0, 0, 0, 0, 0, 0, 0, 0, 0, 0, 0, 0, 0, 0, 0, 0, 0, 0, 0, 0, 0, 0, 0, 0, 0, 0, 0, 0, 0, 0, 0, 0, 0, 0, 0], [0, 0, 0, 0, 0, 0, 0, 0, 0, -1, 0, 0, 0, 0, 0, 0, 0, 0, 0, 0, 0, 0, 0, 0, 0, 0, 0, 0, 0, 0, 0, 0, 0, 0, 0, 0, 0, 0, 0, 0, 0, 0, 0, 0, 0, 0, 0, 0, 0, 0, 0, 0], [0, 0, 0, 0, 0, 0, 0, 0, 0, 0, -1, 0, 0, 0, 0, 0, 0, 0, 0, 0, 0, 0, 0, 0, 0, 0, 0, 0, 0, 0, 0, 0, 0, 0, 0, 0, 0, 0, 0, 0, 0, 0, 0, 0, 0, 0, 0, 0, 0, 0, 0, 0], [0, 0, 0, 0, 0, 0, 0, 0, 0, 0, 0, -1, 0, 0, 0, 0, 0, 0, 0, 0, 0, 0, 0, 0, 0, 0, 0, 0, 0, 0, 0, 0, 0, 0, 0, 0, 0, 0, 0, 0, 0, 0, 0, 0, 0, 0, 0, 0, 0, 0, 0, 0], [0, 0, 0, 0, 0, 0, 0, 0, 0, 0, 0, 0, -1, 0, 0, 0, 0, 0, 0, 0, 0, 0, 0, 0, 0, 0, 0, 0, 0, 0, 0, 0, 0, 0, 0, 0, 0, 0, 0, 0, 0, 0, 0, 0, 0, 0, 0, 0, 0, 0, 0, 0], [0, 0, 0, 0, 0, 0, 0, 0, 0, 0, 0, 0, 0, -1, 0, 0, 0, 0, 0, 0, 0, 0, 0, 0, 0, 0, 0, 0, 0, 0, 0, 0, 0, 0, 0, 0, 0, 0, 0, 0, 0, 0, 0, 0, 0, 0, 0, 0, 0, 0, 0, 0], [1, 1, 1, 1, 1, 1, 1, 1, 1, 1, 1, 1, 1, 1, -1, 1, 1, 1, 1, 1, 1, 1, 1, 1, 1, 1, 1, 1, 1, 1, 1, 1, 1, 1, 1, 1, 1, 1, 1, 1, 1, 1, 1, 1, 1, 1, 1, 1, 1, 1, 1, 1], [0, 0, 0, 0, 0, 0, 0, 0, 0, 0, 0, 0, 0, 0, 0, -1, 0, 0, 0, 0, 0, 0, 0, 0, 0, 0, 0, 0, 0, 0, 0, 0, 0, 0, 0, 0, 0, 0, 0, 0, 0, 0, 0, 0, 0, 0, 0, 0, 0, 0, 0, 0], [0, 0, 0, 0, 0, 0, 0, 0, 0, 0, 0, 0, 0, 0, 0, 0, -1, 0, 0, 0, 0, 0, 0, 0, 0, 0, 0, 0, 0, 0, 0, 0, 0, 0, 0, 0, 0, 0, 0, 0, 0, 0, 0, 0, 0, 0, 0, 0, 0, 0, 0, 0], [0, 0, 0, 0, 0, 0, 0, 0, 0, 0, 0, 0, 0, 0, 0, 0, 0, -1, 0, 0, 0, 0, 0, 0, 0, 0, 0, 0, 0, 0, 0, 0, 0, 0, 0, 0, 0, 0, 0, 0, 0, 0, 0, 0, 0, 0, 0, 0, 0, 0, 0, 0], [0, 0, 0, 0, 0, 0, 0, 0, 0, 0, 0, 0, 0, 0, 0, 0, 0, 0, -1, 0, 0, 0, 0, 0, 0, 0, 0, 0, 0, 0, 0, 0, 0, 0, 0, 0, 0, 0, 0, 0, 0, 0, 0, 0, 0, 0, 0, 0, 0, 0, 0, 0], [1, 1, 1, 1, 1, 1, 1, 1, 1, 1, 1, 1, 1, 1, 1, 1, 1, 1, 1, -1, 1, 1, 1, 1, 1, 1, 1, 1, 1, 1, 1, 1, 1, 1, 1, 1, 1, 1, 1, 1, 1, 1, 1, 1, 1, 1, 1, 1, 1, 1, 1, 1], [0, 0, 0, 0, 0, 0, 0, 0, 0, 0, 0, 0, 0, 0, 0, 0, 0, 0, 0, 0, -1, 0, 0, 0, 0, 0, 0, 0, 0, 0, 0, 0, 0, 0, 0, 0, 0, 0, 0, 0, 0, 0, 0, 0, 0, 0, 0, 0, 0, 0, 0, 0], [0, 0, 0, 0, 0, 0, 0, 0, 0, 0, 0, 0, 0, 0, 0, 0, 0, 0, 0, 0, 0, -1, 0, 0, 0, 0, 0, 0, 0, 0, 0, 0, 0, 0, 0, 0, 0, 0, 0, 0, 0, 0, 0, 0, 0, 0, 0, 0, 0, 0, 0, 0], [0, 0, 0, 0, 0, 0, 0, 0, 0, 0, 0, 0, 0, 0, 0, 0, 0, 0, 0, 0, 0, 0, -1, 0, 0, 0, 0, 0, 0, 0, 0, 0, 0, 0, 0, 0, 0, 0, 0, 0, 0, 0, 0, 0, 0, 0, 0, 0, 0, 0, 0, 0], [0, 0, 0, 0, 0, 0, 0, 0, 0, 0, 0, 0, 0, 0, 0, 0, 0, 0, 0, 0, 0, 0, 0, -1, 0, 0, 0, 0, 0, 0, 0, 0, 0, 0, 0, 0, 0, 0, 0, 0, 0, 0, 0, 0, 0, 0, 0, 0, 0, 0, 0, 0], [1, 1, 1, 1, 1, 1, 1, 1, 1, 1, 1, 1, 1, 1, 1, 1, 1, 1, 1, 1, 1, 1, 1, 1, -1, 1, 1, 1, 1, 1, 1, 1, 1, 1, 1, 1, 1, 1, 1, 1, 1, 1, 1, 1, 1, 1, 1, 1, 1, 1, 1, 1], [0, 0, 0, 0, 0, 0, 0, 0, 0, 0, 0, 0, 0, 0, 0, 0, 0, 0, 0, 0, 0, 0, 0, 0, 0, -1, 0, 0, 0, 0, 0, 0, 0, 0, 0, 0, 0, 0, 0, 0, 0, 0, 0, 0, 0, 0, 0, 0, 0, 0, 0, 0], [0, 0, 0, 0, 0, 0, 0, 0, 0, 0, 0, 0, 0, 0, 0, 0, 0, 0, 0, 0, 0, 0, 0, 0, 0, 0, -1, 0, 0, 0, 0, 0, 0, 0, 0, 0, 0, 0, 0, 0, 0, 0, 0, 0, 0, 0, 0, 0, 0, 0, 0, 0], [1, 1, 1, 1, 1, 1, 1, 1, 1, 1, 1, 1, 1, 1, 1, 1, 1, 1, 1, 1, 1, 1, 1, 1, 1, 1, 1, -1, 1, 1, 1, 1, 1, 1, 1, 1, 1, 1, 1, 1, 1, 1, 1, 1, 1, 1, 1, 1, 1, 1, 1, 1], [0, 0, 0, 0, 0, 0, 0, 0, 0, 0, 0, 0, 0, 0, 0, 0, 0, 0, 0, 0, 0, 0, 0, 0, 0, 0, 0, 0, -1, 0, 0, 0, 0, 0, 0, 0, 0, 0, 0, 0, 0, 0, 0, 0, 0, 0, 0, 0, 0, 0, 0, 0], [0, 0, 0, 0, 0, 0, 0, 0, 0, 0, 0, 0, 0, 0, 0, 0, 0, 0, 0, 0, 0, 0, 0, 0, 0, 0, 0, 0, 0, -1, 0, 0, 0, 0, 0, 0, 0, 0, 0, 0, 0, 0, 0, 0, 0, 0, 0, 0, 0, 0, 0, 0], [0, 0, 0, 0, 0, 0, 0, 0, 0, 0, 0, 0, 0, 0, 0, 0, 0, 0, 0, 0, 0, 0, 0, 0, 0, 0, 0, 0, 0, 0, -1, 0, 0, 0, 0, 0, 0, 0, 0, 0, 0, 0, 0, 0, 0, 0, 0, 0, 0, 0, 0, 0], [0, 0, 0, 0, 0, 0, 0, 0, 0, 0, 0, 0, 0, 0, 0, 0, 0, 0, 0, 0, 0, 0, 0, 0, 0, 0, 0, 0, 0, 0, 0, -1, 0, 0, 0, 0, 0, 0, 0, 0, 0, 0, 0, 0, 0, 0, 0, 0, 0, 0, 0, 0], [0, 0, 0, 0, 0, 0, 0, 0, 0, 0, 0, 0, 0, 0, 0, 0, 0, 0, 0, 0, 0, 0, 0, 0, 0, 0, 0, 0, 0, 0, 0, 0, -1, 0, 0, 0, 0, 0, 0, 0, 0, 0, 0, 0, 0, 0, 0, 0, 0, 0, 0, 0], [0, 0, 0, 0, 0, 0, 0, 0, 0, 0, 0, 0, 0, 0, 0, 0, 0, 0, 0, 0, 0, 0, 0, 0, 0, 0, 0, 0, 0, 0, 0, 0, 0, -1, 0, 0, 0, 0, 0, 0, 0, 0, 0, 0, 0, 0, 0, 0, 0, 0, 0, 0], [1, 1, 1, 1, 1, 1, 1, 1, 1, 1, 1, 1, 1, 1, 1, 1, 1, 1, 1, 1, 1, 1, 1, 1, 1, 1, 1, 1, 1, 1, 1, 1, 1, 1, -1, 1, 1, 1, 1, 1, 1, 1, 1, 1, 1, 1, 1, 1, 1, 1, 1, 1], [0, 0, 0, 0, 0, 0, 0, 0, 0, 0, 0, 0, 0, 0, 0, 0, 0, 0, 0, 0, 0, 0, 0, 0, 0, 0, 0, 0, 0, 0, 0, 0, 0, 0, 0, -1, 0, 0, 0, 0, 0, 0, 0, 0, 0, 0, 0, 0, 0, 0, 0, 0], [0, 0, 0, 0, 0, 0, 0, 0, 0, 0, 0, 0, 0, 0, 0, 0, 0, 0, 0, 0, 0, 0, 0, 0, 0, 0, 0, 0, 0, 0, 0, 0, 0, 0, 0, 0, -1, 0, 0, 0, 0, 0, 0, 0, 0, 0, 0, 0, 0, 0, 0, 0], [1, 1, 1, 1, 1, 1, 1, 1, 1, 1, 1, 1, 1, 1, 1, 1, 1, 1, 1, 1, 1, 1, 1, 1, 1, 1, 1, 1, 1, 1, 1, 1, 1, 1, 1, 1, 1, -1, 1, 1, 1, 1, 1, 1, 1, 1, 1, 1, 1, 1, 1, 1], [0, 0, 0, 0, 0, 0, 0, 0, 0, 0, 0, 0, 0, 0, 0, 0, 0, 0, 0, 0, 0, 0, 0, 0, 0, 0, 0, 0, 0, 0, 0, 0, 0, 0, 0, 0, 0, 0, -1, 0, 0, 0, 0, 0, 0, 0, 0, 0, 0, 0, 0, 0], [0, 0, 0, 0, 0, 0, 0, 0, 0, 0, 0, 0, 0, 0, 0, 0, 0, 0, 0, 0, 0, 0, 0, 0, 0, 0, 0, 0, 0, 0, 0, 0, 0, 0, 0, 0, 0, 0, 0, -1, 0, 0, 0, 0, 0, 0, 0, 0, 0, 0, 0, 0], [0, 0, 0, 0, 0, 0, 0, 0, 0, 0, 0, 0, 0, 0, 0, 0, 0, 0, 0, 0, 0, 0, 0, 0, 0, 0, 0, 0, 0, 0, 0, 0, 0, 0, 0, 0, 0, 0, 0, 0, -1, 0, 0, 0, 0, 0, 0, 0, 0, 0, 0, 0], [1, 1, 1, 1, 1, 1, 1, 1, 1, 1, 1, 1, 1, 1, 1, 1, 1, 1, 1, 1, 1, 1, 1, 1, 1, 1, 1, 1, 1, 1, 1, 1, 1, 1, 1, 1, 1, 1, 1, 1, 1, -1, 1, 1, 1, 1, 1, 1, 1, 1, 1, 1], [0, 0, 0, 0, 0, 0, 0, 0, 0, 0, 0, 0, 0, 0, 0, 0, 0, 0, 0, 0, 0, 0, 0, 0, 0, 0, 0, 0, 0, 0, 0, 0, 0, 0, 0, 0, 0, 0, 0, 0, 0, 0, -1, 0, 0, 0, 0, 0, 0, 0, 0, 0], [0, 0, 0, 0, 0, 0, 0, 0, 0, 0, 0, 0, 0, 0, 0, 0, 0, 0, 0, 0, 0, 0, 0, 0, 0, 0, 0, 0, 0, 0, 0, 0, 0, 0, 0, 0, 0, 0, 0, 0, 0, 0, 0, -1, 0, 0, 0, 0, 0, 0, 0, 0], [1, 1, 1, 1, 1, 1, 1, 1, 1, 1, 1, 1, 1, 1, 1, 1, 1, 1, 1, 1, 1, 1, 1, 1, 1, 1, 1, 1, 1, 1, 1, 1, 1, 1, 1, 1, 1, 1, 1, 1, 1, 1, 1, 1, -1, 1, 1, 1, 1, 1, 1, 1], [0, 0, 0, 0, 0, 0, 0, 0, 0, 0, 0, 0, 0, 0, 0, 0, 0, 0, 0, 0, 0, 0, 0, 0, 0, 0, 0, 0, 0, 0, 0, 0, 0, 0, 0, 0, 0, 0, 0, 0, 0, 0, 0, 0, 0, -1, 0, 0, 0, 0, 0, 0], [0, 0, 0, 0, 0, 0, 0, 0, 0, 0, 0, 0, 0, 0, 0, 0, 0, 0, 0, 0, 0, 0, 0, 0, 0, 0, 0, 0, 0, 0, 0, 0, 0, 0, 0, 0, 0, 0, 0, 0, 0, 0, 0, 0, 0, 0, -1, 0, 0, 0, 0, 0], [0, 0, 0, 0, 0, 0, 0, 0, 0, 0, 0, 0, 0, 0, 0, 0, 0, 0, 0, 0, 0, 0, 0, 0, 0, 0, 0, 0, 0, 0, 0, 0, 0, 0, 0, 0, 0, 0, 0, 0, 0, 0, 0, 0, 0, 0, 0, -1, 0, 0, 0, 0], [0, 0, 0, 0, 0, 0, 0, 0, 0, 0, 0, 0, 0, 0, 0, 0, 0, 0, 0, 0, 0, 0, 0, 0, 0, 0, 0, 0, 0, 0, 0, 0, 0, 0, 0, 0, 0, 0, 0, 0, 0, 0, 0, 0, 0, 0, 0, 0, -1, 0, 0, 0], [0, 0, 0, 0, 0, 0, 0, 0, 0, 0, 0, 0, 0, 0, 0, 0, 0, 0, 0, 0, 0, 0, 0, 0, 0, 0, 0, 0, 0, 0, 0, 0, 0, 0, 0, 0, 0, 0, 0, 0, 0, 0, 0, 0, 0, 0, 0, 0, 0, -1, 0, 0], [0, 0, 0, 0, 0, 0, 0, 0, 0, 0, 0, 0, 0, 0, 0, 0, 0, 0, 0, 0, 0, 0, 0, 0, 0, 0, 0, 0, 0, 0, 0, 0, 0, 0, 0, 0, 0, 0, 0, 0, 0, 0, 0, 0, 0, 0, 0, 0, 0, 0, -1, 0], [2, 2, 2, 2, 2, 2, 2, 2, 2, 2, 2, 2, 2, 2, 2, 2, 2, 2, 2, 2, 2, 2, 2, 2, 2, 2, 2, 2, 2, 2, 2, 2, 2, 2, 2, 2, 2, 2, 2, 2, 2, 2, 2, 2, 2, 2, 2, 2, 2, 2, 2, -1]], "speed_zone_count": 73, "speed_zones": [[0.0, 15.0], [15.0, 30.0], [30.0, 45.0], [45.0, 60.0], [60.0, 75.0], [75.0, 90.0], [90.0, 105.0], [105.0, 120.0], [120.0, 135.0], [135.0, 150.0], [150.0, 165.0], [165.0, 180.0], [180.0, 195.0], [195.0, 210.0], [210.0, 225.0], [225.0, 240.0], [240.0, 255.0], [255.0, 270.0], [270.0, 285.0], [285.0, 300.0], [300.0, 315.0], [315.0, 330.0], [330.0, 345.0], [345.0, 360.0], [360.0, 375.0], [375.0, 390.0], [390.0, 405.0], [405.0, 420.0], [420.0, 435.0], [435.0, 450.0], [450.0, 465.0], [465.0, 480.0], [480.0, 495.0], [495.0, 510.0], [510.0, 525.0], [525.0, 540.0], [540.0, 555.0], [555.0, 570.0], [570.0, 585.0], [585.0, 600.0], [600.0, 615.0], [615.0, 630.0], [630.0, 645.0], [645.0, 660.0], [660.0, 675.0], [675.0, 690.0], [690.0, 705.0], [705.0, 720.0], [720.0, 735.0], [735.0, 750.0], [750.0, 765.0], [765.0, 780.0], [780.0, 795.0], [795.0, 810.0], [810.0, 825.0], [825.0, 840.0], [840.0, 855.0], [855.0, 870.0], [870.0, 885.0], [885.0, 900.0], [900.0, 915.0], [915.0, 930.0], [930.0, 945.0], [945.0, 960.0], [960.0, 975.0], [975.0, 990.0], [990.0, 1005.0], [1005.0, 1020.0], [1020.0, 1035.0], [1035.0, 1050.0], [1050.0, 1065.0], [1065.0, 1080.0], [1080.0, 5000.0]], "distances": [[0.0, 65.9, 65.26, 64.88, 78.92, 78.76, 63.29, 83.78, 61.84, 69.53, 72.44, 77.24, 66.27, 76.03, 63.19, 72.28, 64.12, 85.41, 71.83, 76.89, 64.64, 83.57, 72.48, 64.58, 58.33, 72.01, 73.34, 77.1, 72.03, 80.75, 71.78, 57.21, 62.94, 76.3, 85.78, 69.45, 65.03, 66.64, 70.27, 70.96, 69.33, 66.81, 72.26, 70.65, 86.82, 71.28, 71.93, 68.07, 79.03, 70.38, 69.26, 0.0], [0.0, 0.0, 11.9, 11.6, 25.86, 18.37, 12.08, 22.33, 11.28, 16.31, 10.0, 24.75, 7.87, 25.56, 10.58, 18.1, 9.64, 24.35, 6.37, 30.12, 12.17, 24.38, 9.85, 9.64, 7.68, 8.31, 12.22, 28.91, 6.59, 19.75, 11.74, 9.46, 9.32, 14.74, 30.22, 4.3, 4.73, 9.13, 19.71, 7.37, 13.93, 4.46, 11.82, 17.01, 32.89, 6.79, 10.99, 11.43, 16.73, 16.63, 15.0, 65.9], [0.0, 11.9, 0.0, 8.96, 16.52, 13.5, 9.33, 18.52, 9.55, 5.6, 8.71, 15.04, 4.23, 15.16, 14.43, 8.3, 14.05, 20.18, 12.04, 19.15, 8.89, 18.62, 8.89, 10.2, 14.26, 9.6, 8.58, 18.17, 12.1, 15.49, 6.91, 10.91, 13.13, 11.3, 22.47, 15.19, 7.2, 20.98, 8.53, 9.04, 4.25, 16.36, 7.44, 6.69, 24.54, 10.21, 7.43, 10.48, 14.03, 6.3, 4.65, 65.26], [0.0, 11.6, 8.96, 0.0, 17.0, 13.88, 10.85, 18.9, 12.54, 6.08, 8.86, 15.52, 10.99, 15.63, 14.05, 8.79, 13.69, 20.58, 11.97, 19.6, 9.49, 19.05, 9.02, 10.66, 13.8, 9.64, 8.84, 18.63, 12.04, 15.87, 7.18, 10.42, 12.74, 11.61, 22.95, 14.97, 6.88, 20.66, 8.99, 9.04, 4.71, 16.05, 7.7, 7.18, 25.02, 10.18, 7.65, 10.96, 14.34, 6.78, 5.13, 64.88], [0.0, 25.86, 16.52, 17.0, 0.0, 10.14, 18.06, 11.67, 19.89, 10.94, 16.52, 10.53, 18.76, 11.91, 29.33, 8.25, 28.64, 11.56, 21.97, 6.97, 16.85, 8.27, 16.75, 18.53, 30.44, 18.57, 14.17, 5.4, 21.85, 10.71, 14.19, 27.42, 28.22, 12.95, 6.89, 27.25, 22.07, 34.5, 8.89, 19.11, 12.62, 29.77, 14.21, 9.83, 8.19, 20.24, 15.07, 15.09, 13.18, 10.22, 11.91, 78.92], [0.0, 18.37, 13.5, 13.88, 10.14, 0.0, 15.47, 5.03, 16.96, 10.03, 8.37, 10.03, 13.29, 11.96, 22.15, 8.07, 21.28, 6.73, 13.13, 16.75, 14.12, 6.02, 8.51, 14.41, 24.62, 10.13, 6.32, 15.17, 12.97, 10.87, 7.44, 23.03, 21.3, 11.96, 12.21, 18.6, 15.87, 26.05, 11.34, 11.0, 9.52, 21.56, 7.09, 9.17, 15.12, 11.79, 7.75, 10.74, 10.63, 9.27, 9.84, 78.76], [0.0, 12.08, 9.33, 10.85, 18.06, 15.47, 0.0, 20.49, 10.42, 7.14, 10.41, 16.52, 5.1, 16.45, 14.16, 9.95, 13.91, 22.14, 13.18, 20.16, 9.77, 20.53, 10.56, 12.09, 13.32, 11.07, 10.48, 19.29, 13.26, 17.47, 8.82, 9.53, 12.82, 13.24, 24.19, 15.73, 7.39, 20.98, 9.67, 10.39, 6.14, 16.51, 9.34, 8.29, 26.16, 11.47, 9.26, 4.88, 15.98, 7.91, 6.37, 63.29], [0.0, 22.33, 18.52, 18.9, 11.67, 5.03, 20.49, 0.0, 21.97, 14.86, 12.61, 12.28, 18.09, 14.43, 26.14, 12.59, 25.22, 11.76, 16.49, 18.65, 19.15, 11.05, 12.69, 19.36, 29.07, 14.04, 10.92, 17.07, 16.29, 13.01, 12.26, 27.82, 25.43, 7.93, 10.66, 21.82, 20.41, 29.2, 15.66, 15.04, 14.53, 25.01, 11.85, 13.91, 13.7, 15.55, 12.4, 15.74, 5.6, 14.06, 14.79, 83.78], [0.0, 11.28, 9.55, 12.54, 19.89, 16.96, 10.42, 21.97, 0.0, 8.96, 11.22, 18.35, 5.32, 18.27, 12.95, 11.76, 12.8, 23.67, 13.26, 21.92, 9.98, 22.18, 11.34, 11.68, 11.69, 11.58, 11.62, 21.08, 13.37, 18.93, 10.0, 7.73, 11.6, 14.51, 25.99, 15.18, 6.76, 19.92, 11.48, 10.77, 7.83, 15.61, 10.5, 10.1, 27.98, 11.71, 10.3, 6.23, 17.25, 9.73, 8.15, 61.84], [0.0, 16.31, 5.6, 6.08, 10.94, 10.03, 7.14, 14.86, 8.96, 0.0, 9.38, 9.44, 8.54, 9.63, 19.35, 11.8, 18.82, 16.2, 14.4, 13.89, 5.91, 14.06, 9.63, 7.74, 19.75, 11.13, 7.83, 12.78, 14.37, 12.0, 6.58, 16.5, 18.12, 9.33, 17.1, 18.79, 11.92, 25.39, 13.17, 11.11, 9.86, 20.63, 6.99, 10.5, 19.02, 12.42, 7.59, 4.87, 11.67, 10.11, 10.25, 69.53], [0.0, 10.0, 8.71, 8.86, 16.52, 8.37, 10.41, 12.61, 11.22, 9.38, 0.0, 15.68, 6.2, 16.93, 13.78, 9.87, 12.92, 14.58, 5.5, 21.8, 9.38, 14.39, 9.67, 8.26, 16.46, 11.25, 11.62, 20.39, 5.4, 9.85, 9.29, 15.55, 12.94, 4.77, 20.29, 10.73, 7.87, 18.08, 12.57, 11.66, 7.12, 13.42, 10.48, 9.48, 23.04, 12.63, 9.26, 5.98, 7.08, 9.23, 8.23, 72.44], [0.0, 24.75, 15.04, 15.52, 10.53, 10.03, 16.52, 12.28, 18.35, 9.44, 15.68, 0.0, 17.48, 11.65, 28.15, 6.86, 27.49, 12.42, 21.17, 6.71, 15.34, 9.18, 15.92, 17.11, 29.07, 17.73, 13.36, 5.13, 21.07, 10.91, 13.2, 25.94, 27.01, 12.47, 8.56, 26.35, 20.83, 33.52, 7.23, 18.2, 11.26, 28.76, 13.28, 8.36, 9.85, 19.37, 14.14, 13.77, 13.05, 8.76, 10.47, 77.24], [0.0, 7.87, 4.23, 10.99, 18.76, 13.29, 5.1, 18.09, 5.32, 8.54, 6.2, 17.48, 0.0, 18.03, 10.82, 10.65, 10.29, 19.96, 8.08, 22.43, 4.66, 19.07, 6.27, 12.23, 11.77, 6.28, 7.21, 21.28, 8.17, 15.12, 5.86, 9.74, 9.6, 10.23, 23.97, 10.97, 11.41, 17.0, 11.9, 5.46, 6.28, 12.29, 6.24, 9.35, 26.36, 6.42, 5.74, 9.98, 12.88, 8.96, 7.27, 66.27], [0.0, 25.56, 15.16, 15.63, 11.91, 11.96, 16.45, 14.43, 18.27, 9.63, 16.93, 11.65, 18.03, 0.0, 28.82, 7.45, 28.22, 14.58, 22.42, 4.94, 15.37, 11.33, 17.18, 17.36, 29.38, 18.96, 14.67, 16.46, 22.33, 12.97, 14.3, 25.97, 27.63, 14.12, 10.03, 27.45, 21.42, 34.48, 6.81, 19.33, 11.75, 29.7, 14.45, 8.69, 10.79, 20.56, 15.28, 14.3, 14.94, 9.09, 10.81, 76.03], [0.0, 10.58, 14.43, 14.05, 29.33, 22.15, 14.16, 26.14, 12.95, 19.35, 13.78, 28.15, 10.82, 28.82, 0.0, 21.39, 10.86, 28.15, 10.02, 33.24, 14.56, 28.16, 13.63, 12.07, 5.01, 12.12, 15.95, 32.1, 10.23, 23.55, 15.36, 8.58, 9.62, 18.53, 33.92, 6.28, 7.43, 7.12, 22.68, 11.17, 17.08, 11.9, 15.48, 20.16, 36.54, 10.59, 14.67, 14.54, 20.54, 19.77, 18.09, 63.19], [0.0, 18.1, 8.3, 8.79, 8.25, 8.07, 9.95, 12.59, 11.76, 11.8, 9.87, 6.86, 10.65, 7.45, 21.39, 0.0, 20.77, 13.75, 15.27, 12.12, 8.68, 11.39, 10.13, 10.27, 22.21, 11.84, 7.83, 10.83, 15.2, 9.92, 7.09, 19.19, 20.22, 8.36, 14.25, 20.11, 14.01, 27.05, 10.29, 12.07, 4.4, 22.27, 7.34, 12.55, 16.23, 13.34, 8.12, 6.92, 10.26, 12.16, 12.57, 72.28], [0.0, 9.64, 14.05, 13.69, 28.64, 21.28, 13.91, 25.22, 12.8, 18.82, 12.92, 27.49, 10.29, 28.22, 10.86, 20.77, 0.0, 27.23, 9.03, 32.7, 14.22, 27.29, 12.77, 11.7, 5.85, 11.21, 15.12, 31.53, 9.25, 22.66, 14.6, 9.04, 10.45, 17.65, 33.12, 5.34, 6.93, 7.13, 22.18, 10.28, 16.51, 11.91, 14.7, 19.59, 35.77, 9.66, 13.87, 13.97, 19.62, 19.21, 17.54, 64.12], [0.0, 24.35, 20.18, 20.58, 11.56, 6.73, 22.14, 11.76, 23.67, 16.2, 14.58, 12.42, 19.96, 14.58, 28.15, 13.75, 27.23, 0.0, 18.5, 18.45, 20.79, 9.7, 14.68, 21.14, 31.04, 16.05, 12.83, 16.91, 18.3, 4.84, 14.11, 29.7, 27.43, 9.87, 9.38, 23.83, 22.36, 31.2, 16.64, 17.04, 16.09, 27.02, 13.72, 15.18, 12.37, 17.57, 14.3, 17.46, 7.61, 15.37, 16.25, 85.41], [0.0, 6.37, 12.04, 11.97, 21.97, 13.13, 13.18, 16.49, 13.26, 14.4, 5.5, 21.17, 8.08, 22.42, 10.02, 15.27, 9.03, 18.5, 0.0, 27.28, 12.59, 18.99, 5.25, 10.55, 13.95, 12.21, 7.82, 25.88, 10.41, 14.18, 8.18, 14.72, 9.61, 9.52, 25.33, 5.46, 7.25, 12.92, 17.75, 12.83, 11.98, 8.53, 7.98, 14.7, 28.18, 12.44, 7.16, 10.08, 10.98, 14.4, 13.14, 71.83], [0.0, 30.12, 19.15, 19.6, 6.97, 16.75, 20.16, 18.65, 21.92, 13.89, 21.8, 6.71, 22.43, 4.94, 33.24, 12.12, 32.7, 18.45, 27.28, 0.0, 19.24, 15.15, 22.05, 21.46, 33.39, 23.83, 19.57, 11.85, 27.2, 17.57, 19.12, 29.63, 32.01, 19.05, 11.65, 32.23, 25.81, 39.14, 10.63, 24.15, 16.2, 34.36, 19.3, 13.12, 11.06, 25.39, 20.13, 18.73, 19.76, 13.5, 15.16, 76.89], [0.0, 12.17, 8.89, 9.49, 16.85, 14.12, 9.77, 19.15, 9.98, 5.91, 9.38, 15.34, 4.66, 15.37, 14.56, 8.68, 14.22, 20.79, 12.59, 19.24, 0.0, 19.17, 9.55, 10.73, 14.15, 10.22, 9.26, 18.31, 12.65, 16.12, 7.59, 10.61, 13.24, 11.97, 22.9, 15.58, 7.45, 21.21, 8.66, 9.64, 4.79, 16.62, 8.12, 7.04, 24.91, 10.79, 8.11, 10.79, 14.7, 6.66, 5.07, 64.64], [0.0, 24.38, 18.62, 19.05, 8.27, 6.02, 20.53, 11.05, 22.18, 14.06, 14.39, 9.18, 19.07, 11.33, 28.16, 11.39, 27.29, 9.7, 18.99, 15.15, 19.17, 0.0, 14.53, 19.89, 30.57, 16.12, 12.3, 13.61, 18.81, 4.86, 13.28, 28.74, 27.31, 9.65, 6.89, 24.44, 21.81, 31.9, 13.99, 17.01, 14.39, 27.49, 12.99, 12.96, 9.94, 17.76, 13.7, 16.13, 8.12, 13.21, 14.34, 83.57], [0.0, 9.85, 8.89, 9.02, 16.75, 8.51, 10.56, 12.69, 11.34, 9.63, 9.67, 15.92, 6.27, 17.18, 13.63, 10.13, 12.77, 14.68, 5.25, 22.05, 9.55, 14.53, 0.0, 8.37, 16.38, 11.38, 11.82, 20.64, 5.16, 9.96, 9.42, 15.54, 12.81, 4.9, 20.48, 10.51, 7.83, 17.87, 12.83, 11.73, 7.36, 13.23, 10.68, 9.74, 23.24, 12.7, 9.39, 6.18, 7.14, 9.48, 8.48, 72.48], [0.0, 9.64, 10.2, 10.66, 18.53, 14.41, 12.09, 19.36, 11.68, 7.74, 8.26, 17.11, 12.23, 17.36, 12.07, 10.27, 11.7, 21.14, 10.55, 21.46, 10.73, 19.89, 8.37, 0.0, 12.02, 8.64, 8.78, 20.44, 10.64, 16.34, 7.21, 9.02, 10.76, 11.72, 24.22, 13.14, 4.92, 18.68, 10.83, 7.88, 5.95, 14.1, 7.68, 8.75, 26.42, 8.89, 7.4, 11.95, 14.45, 8.35, 6.63, 64.58], [0.0, 7.68, 14.26, 13.8, 30.44, 24.62, 13.32, 29.07, 11.69, 19.75, 16.46, 29.07, 11.77, 29.38, 5.01, 22.21, 5.85, 31.04, 13.95, 33.39, 14.15, 30.57, 16.38, 12.02, 0.0, 15.21, 18.31, 32.43, 14.17, 26.26, 17.32, 4.86, 4.6, 21.18, 35.73, 11.16, 8.77, 11.03, 22.79, 14.15, 17.82, 8.93, 17.58, 20.75, 38.13, 13.97, 16.88, 15.35, 23.52, 20.34, 18.62, 58.33], [0.0, 8.31, 9.6, 9.64, 18.57, 10.13, 11.07, 14.04, 11.58, 11.13, 11.25, 17.73, 6.28, 18.96, 12.12, 11.84, 11.21, 16.05, 12.21, 23.83, 10.22, 16.12, 11.38, 8.64, 15.21, 0.0, 4.4, 22.43, 12.11, 11.44, 4.75, 14.86, 11.39, 6.48, 22.2, 8.7, 7.02, 16.08, 14.42, 9.41, 8.76, 11.48, 4.53, 11.34, 24.99, 10.47, 10.97, 7.19, 8.44, 11.06, 9.91, 72.01], [0.0, 12.22, 8.58, 8.84, 14.17, 6.32, 10.48, 10.92, 11.62, 7.83, 11.62, 13.36, 7.21, 14.67, 15.95, 7.83, 15.12, 12.83, 7.82, 19.57, 9.26, 12.3, 11.82, 8.78, 18.31, 4.4, 0.0, 18.14, 7.71, 8.0, 9.15, 16.91, 15.04, 10.88, 18.01, 13.09, 9.57, 20.43, 10.77, 5.02, 5.89, 15.77, 8.93, 7.7, 20.73, 6.08, 10.18, 5.64, 5.7, 7.51, 6.86, 73.34], [0.0, 28.91, 18.17, 18.63, 5.4, 15.17, 19.29, 17.07, 21.08, 12.78, 20.39, 5.13, 21.28, 16.46, 32.1, 10.83, 31.53, 16.91, 25.88, 11.85, 18.31, 13.61, 20.64, 20.44, 32.43, 22.43, 18.14, 0.0, 25.8, 15.98, 17.75, 28.81, 30.88, 17.52, 10.48, 30.89, 24.68, 37.88, 9.65, 22.78, 15.02, 33.1, 17.91, 11.94, 10.23, 24.02, 18.74, 17.56, 18.18, 12.33, 14.02, 77.1], [0.0, 6.59, 12.1, 12.04, 21.85, 12.97, 13.26, 16.29, 13.37, 14.37, 5.4, 21.07, 8.17, 22.33, 10.23, 15.2, 9.25, 18.3, 10.41, 27.2, 12.65, 18.81, 5.16, 10.64, 14.17, 12.11, 7.71, 25.8, 0.0, 14.0, 8.12, 14.91, 9.83, 9.36, 25.16, 5.63, 7.42, 13.09, 17.71, 12.72, 11.96, 8.72, 7.9, 14.65, 28.02, 12.36, 7.09, 10.1, 10.79, 14.36, 13.12, 72.03], [0.0, 19.75, 15.49, 15.87, 10.71, 10.87, 17.47, 13.01, 18.93, 12.0, 9.85, 10.91, 15.12, 12.97, 23.55, 9.92, 22.66, 4.84, 14.18, 17.57, 16.12, 4.86, 9.96, 16.34, 26.26, 11.44, 8.0, 15.98, 14.0, 0.0, 9.27, 24.86, 22.77, 5.08, 11.57, 19.62, 17.55, 27.06, 13.12, 12.39, 11.54, 22.7, 8.88, 11.11, 14.58, 13.04, 9.47, 12.71, 12.45, 11.23, 11.85, 80.75], [0.0, 11.74, 6.91, 7.18, 14.19, 7.44, 8.82, 12.26, 10.0, 6.58, 9.29, 13.2, 5.86, 14.3, 15.36, 7.09, 14.6, 14.11, 8.18, 19.12, 7.59, 13.28, 9.42, 7.21, 17.32, 4.75, 9.15, 17.75, 8.12, 9.27, 0.0, 15.6, 14.36, 4.52, 18.59, 13.16, 8.56, 20.33, 9.74, 5.03, 4.42, 15.58, 9.28, 6.65, 21.18, 6.27, 9.01, 11.45, 7.25, 6.39, 5.48, 71.78], [0.0, 9.46, 10.91, 10.42, 27.42, 23.03, 9.53, 27.82, 7.73, 16.5, 15.55, 25.94, 9.74, 25.97, 8.58, 19.19, 9.04, 29.7, 14.72, 29.63, 10.61, 28.74, 15.54, 9.02, 4.86, 14.86, 16.91, 28.81, 14.91, 24.86, 15.6, 0.0, 7.52, 19.93, 33.24, 13.68, 7.84, 15.44, 19.2, 13.8, 14.95, 12.38, 15.98, 17.6, 35.4, 14.07, 15.44, 12.74, 22.52, 17.2, 15.53, 57.21], [0.0, 9.32, 13.13, 12.74, 28.22, 21.3, 12.82, 25.43, 11.6, 18.12, 12.94, 27.01, 9.6, 27.63, 9.62, 20.22, 10.45, 27.43, 9.61, 32.01, 13.24, 27.31, 12.81, 10.76, 4.6, 11.39, 15.04, 30.88, 9.83, 22.77, 14.36, 7.52, 0.0, 17.71, 32.94, 6.6, 6.21, 8.43, 21.43, 10.39, 15.88, 4.86, 14.51, 18.95, 35.53, 9.95, 13.72, 13.33, 19.83, 18.56, 16.86, 62.94], [0.0, 14.74, 11.3, 11.61, 12.95, 11.96, 13.24, 7.93, 14.51, 9.33, 4.77, 12.47, 10.23, 14.12, 18.53, 8.36, 17.65, 9.87, 9.52, 19.05, 11.97, 9.65, 4.9, 11.72, 21.18, 6.48, 10.88, 17.52, 9.36, 5.08, 4.52, 19.93, 17.71, 0.0, 15.81, 14.98, 12.49, 22.43, 11.64, 7.37, 7.96, 17.91, 11.01, 8.83, 18.67, 8.14, 4.49, 8.36, 11.63, 8.77, 8.67, 76.3], [0.0, 30.22, 22.47, 22.95, 6.89, 12.21, 24.19, 10.66, 25.99, 17.1, 20.29, 8.56, 23.97, 10.03, 33.92, 14.25, 33.12, 9.38, 25.33, 11.65, 22.9, 6.89, 20.48, 24.22, 35.73, 22.2, 18.01, 10.48, 25.16, 11.57, 18.59, 33.24, 32.94, 15.81, 0.0, 30.79, 27.06, 38.23, 15.6, 22.98, 18.3, 33.68, 18.44, 15.93, 15.08, 23.89, 19.25, 20.54, 14.79, 16.29, 17.84, 85.78], [0.0, 4.3, 15.19, 14.97, 27.25, 18.6, 15.73, 21.82, 15.18, 18.79, 10.73, 26.35, 10.97, 27.45, 6.28, 20.11, 5.34, 23.83, 5.46, 32.23, 15.58, 24.44, 10.51, 13.14, 11.16, 8.7, 13.09, 30.89, 5.63, 19.62, 13.16, 13.68, 6.6, 14.98, 30.79, 0.0, 8.43, 7.46, 22.22, 8.15, 16.33, 8.76, 13.07, 19.29, 33.63, 7.02, 12.21, 14.04, 16.39, 18.95, 17.48, 69.45], [0.0, 4.73, 7.2, 6.88, 22.07, 15.87, 7.39, 20.41, 6.76, 11.92, 7.87, 20.83, 11.41, 21.42, 7.43, 14.01, 6.93, 22.36, 7.25, 25.81, 7.45, 21.81, 7.83, 4.92, 8.77, 7.02, 9.57, 24.68, 7.42, 17.55, 8.56, 7.84, 6.21, 12.49, 27.06, 8.43, 0.0, 13.79, 15.26, 5.95, 9.67, 9.18, 8.82, 12.74, 29.54, 6.29, 8.12, 7.12, 14.94, 12.35, 10.66, 65.03], [0.0, 9.13, 20.98, 20.66, 34.5, 26.05, 20.98, 29.2, 19.92, 25.39, 18.08, 33.52, 17.0, 34.48, 7.12, 27.05, 7.13, 31.2, 12.92, 39.14, 21.21, 31.9, 17.87, 18.68, 11.03, 16.08, 20.43, 37.88, 13.09, 27.06, 20.33, 15.44, 8.43, 22.43, 38.23, 7.46, 13.79, 0.0, 28.82, 15.43, 22.99, 4.78, 20.3, 26.05, 41.06, 14.39, 19.44, 20.52, 23.82, 25.68, 24.08, 66.64], [0.0, 19.71, 8.53, 8.99, 8.89, 11.34, 9.67, 15.66, 11.48, 13.17, 12.57, 7.23, 11.9, 6.81, 22.68, 10.29, 22.18, 16.64, 17.75, 10.63, 8.66, 13.99, 12.83, 10.83, 22.79, 14.42, 10.77, 9.65, 17.71, 13.12, 9.74, 19.2, 21.43, 11.64, 15.6, 22.22, 15.26, 28.82, 0.0, 14.47, 5.89, 24.05, 10.09, 13.92, 17.08, 15.78, 10.77, 8.29, 13.59, 13.53, 4.75, 70.27], [0.0, 7.37, 9.04, 9.04, 19.11, 11.0, 10.39, 15.04, 10.77, 11.11, 11.66, 18.2, 5.46, 19.33, 11.17, 12.07, 10.28, 17.04, 12.83, 24.15, 9.64, 17.01, 11.73, 7.88, 14.15, 9.41, 5.02, 22.78, 12.72, 12.39, 5.03, 13.8, 10.39, 7.37, 22.98, 8.15, 5.95, 15.43, 14.47, 0.0, 8.69, 10.75, 4.92, 11.43, 25.73, 11.03, 11.2, 6.85, 9.44, 11.12, 9.85, 70.96], [0.0, 13.93, 4.25, 4.71, 12.62, 9.52, 6.14, 14.53, 7.83, 9.86, 7.12, 11.26, 6.28, 11.75, 17.08, 4.4, 16.51, 16.09, 11.98, 16.2, 4.79, 14.39, 7.36, 5.95, 17.82, 8.76, 5.89, 15.02, 11.96, 11.54, 4.42, 14.95, 15.88, 7.96, 18.3, 16.33, 9.67, 22.99, 5.89, 8.69, 0.0, 18.21, 4.9, 10.95, 20.47, 10.0, 5.37, 9.4, 10.55, 10.55, 8.9, 69.33], [0.0, 4.46, 16.36, 16.05, 29.77, 21.56, 16.51, 25.01, 15.61, 20.63, 13.42, 28.76, 12.29, 29.7, 11.9, 22.27, 11.91, 27.02, 8.53, 34.36, 16.62, 27.49, 13.23, 14.1, 8.93, 11.48, 15.77, 33.1, 8.72, 22.7, 15.58, 12.38, 4.86, 17.91, 33.68, 8.76, 9.18, 4.78, 24.05, 10.75, 18.21, 0.0, 15.57, 21.27, 36.46, 9.79, 14.72, 15.76, 19.51, 20.9, 19.32, 66.81], [0.0, 11.82, 7.44, 7.7, 14.21, 7.09, 9.34, 11.85, 10.5, 6.99, 10.48, 13.28, 6.24, 14.45, 15.48, 7.34, 14.7, 13.72, 7.98, 19.3, 8.12, 12.99, 10.68, 7.68, 17.58, 4.53, 8.93, 17.91, 7.9, 8.88, 9.28, 15.98, 14.51, 11.01, 18.44, 13.07, 8.82, 20.3, 10.09, 4.92, 4.9, 15.57, 0.0, 7.0, 21.07, 6.11, 9.04, 4.5, 6.77, 6.76, 5.93, 72.26], [0.0, 17.01, 6.69, 7.18, 9.83, 9.17, 8.29, 13.91, 10.1, 10.5, 9.48, 8.36, 9.35, 8.69, 20.16, 12.55, 19.59, 15.18, 14.7, 13.12, 7.04, 12.96, 9.74, 8.75, 20.75, 11.34, 7.7, 11.94, 14.65, 11.11, 6.65, 17.6, 18.95, 8.83, 15.93, 19.29, 12.74, 26.05, 13.92, 11.43, 10.95, 21.27, 7.0, 0.0, 17.88, 12.73, 7.68, 5.63, 11.03, 10.87, 11.34, 70.65], [0.0, 32.89, 24.54, 25.02, 8.19, 15.12, 26.16, 13.7, 27.98, 19.02, 23.04, 9.85, 26.36, 10.79, 36.54, 16.23, 35.77, 12.37, 28.18, 11.06, 24.91, 9.94, 23.24, 26.42, 38.13, 24.99, 20.73, 10.23, 28.02, 14.58, 21.18, 35.4, 35.53, 18.67, 15.08, 33.63, 29.54, 41.06, 17.08, 25.73, 20.47, 36.46, 21.07, 17.88, 0.0, 26.69, 21.9, 22.82, 17.78, 18.26, 19.89, 86.82], [0.0, 6.79, 10.21, 10.18, 20.24, 11.79, 11.47, 15.55, 11.71, 12.42, 12.63, 19.37, 6.42, 20.56, 10.59, 13.34, 9.66, 17.57, 12.44, 25.39, 10.79, 17.76, 12.7, 8.89, 13.97, 10.47, 6.08, 24.02, 12.36, 13.04, 6.27, 14.07, 9.95, 8.14, 23.89, 7.02, 6.29, 14.39, 15.78, 11.03, 10.0, 9.79, 6.11, 12.73, 26.69, 0.0, 5.27, 8.13, 9.96, 12.43, 11.16, 71.28], [0.0, 10.99, 7.43, 7.65, 15.07, 7.75, 9.26, 12.4, 10.3, 7.59, 9.26, 14.14, 5.74, 15.28, 14.67, 8.12, 13.87, 14.3, 7.16, 20.13, 8.11, 13.7, 9.39, 7.4, 16.88, 10.97, 10.18, 18.74, 7.09, 9.47, 9.01, 15.44, 13.72, 4.49, 19.25, 12.21, 8.12, 19.44, 10.77, 11.2, 5.37, 14.72, 9.04, 7.68, 21.9, 5.27, 0.0, 4.54, 7.14, 7.42, 6.46, 71.93], [0.0, 11.43, 10.48, 10.96, 15.09, 10.74, 4.88, 15.74, 6.23, 4.87, 5.98, 13.77, 9.98, 14.3, 14.54, 6.92, 13.97, 17.46, 10.08, 18.73, 10.79, 16.13, 6.18, 11.95, 15.35, 7.19, 5.64, 17.56, 10.1, 12.71, 11.45, 12.74, 13.33, 8.36, 20.54, 14.04, 7.12, 20.52, 8.29, 6.85, 9.4, 15.76, 4.5, 5.63, 22.82, 8.13, 4.54, 0.0, 11.1, 5.24, 10.43, 68.07], [0.0, 16.73, 14.03, 14.34, 13.18, 10.63, 15.98, 5.6, 17.25, 11.67, 7.08, 13.05, 12.88, 14.94, 20.54, 10.26, 19.62, 7.61, 10.98, 19.76, 14.7, 8.12, 7.14, 14.45, 23.52, 8.44, 5.7, 18.18, 10.79, 12.45, 7.25, 22.52, 19.83, 11.63, 14.79, 16.39, 14.94, 23.82, 13.59, 9.44, 10.55, 19.51, 6.77, 11.03, 17.78, 9.96, 7.14, 11.1, 0.0, 11.03, 11.16, 79.03], [0.0, 16.63, 6.3, 6.78, 10.22, 9.27, 7.91, 14.06, 9.73, 10.11, 9.23, 8.76, 8.96, 9.09, 19.77, 12.16, 19.21, 15.37, 14.4, 13.5, 6.66, 13.21, 9.48, 8.35, 20.34, 11.06, 7.51, 12.33, 14.36, 11.23, 6.39, 17.2, 18.56, 8.77, 16.29, 18.95, 12.35, 25.68, 13.53, 11.12, 10.55, 20.9, 6.76, 10.87, 18.26, 12.43, 7.42, 5.24, 11.03, 0.0, 10.95, 70.38], [0.0, 15.0, 4.65, 5.13, 11.91, 9.84, 6.37, 14.79, 8.15, 10.25, 8.23, 10.47, 7.27, 10.81, 18.09, 12.57, 17.54, 16.25, 13.14, 15.16, 5.07, 14.34, 8.48, 6.63, 18.62, 9.91, 6.86, 14.02, 13.12, 11.85, 5.48, 15.53, 16.86, 8.67, 17.84, 17.48, 10.66, 24.08, 4.75, 9.85, 8.9, 19.32, 5.93, 11.34, 19.89, 11.16, 6.46, 10.43, 11.16, 10.95, 0.0, 69.26], [0.0, 0.0, 0.0, 0.0, 0.0, 0.0, 0.0, 0.0, 0.0, 0.0, 0.0, 0.0, 0.0, 0.0, 0.0, 0.0, 0.0, 0.0, 0.0, 0.0, 0.0, 0.0, 0.0, 0.0, 0.0, 0.0, 0.0, 0.0, 0.0, 0.0, 0.0, 0.0, 0.0, 0.0, 0.0, 0.0, 0.0, 0.0, 0.0, 0.0, 0.0, 0.0, 0.0, 0.0, 0.0, 0.0, 0.0, 0.0, 0.0, 0.0, 0.0, 0.0]], "time_windows": [[0.0, 5000.0], [0.0, 113.0], [0.0, 128.0], [0.0, 139.0], [0.0, 159.0], [0.0, 179.0], [0.0, 213.0], [0.0, 275.0], [0.0, 336.0], [0.0, 353.0], [0.0, 371.0], [0.0, 399.0], [0.0, 427.0], [0.0, 454.0], [0.0, 527.0], [0.0, 592.0], [0.0, 637.0], [0.0, 681.0], [0.0, 707.0], [0.0, 745.0], [0.0, 772.0], [0.0, 802.0], [0.0, 825.0], [0.0, 844.0], [0.0, 870.0], [0.0, 899.0], [0.0, 907.0], [0.0, 939.0], [0.0, 980.0], [0.0, 1001.0], [0.0, 1012.0], [0.0, 1032.0], [0.0, 1041.0], [0.0, 1061.0], [0.0, 1078.0], [0.0, 1112.0], [0.0, 1120.0], [0.0, 1134.0], [0.0, 1163.0], [0.0, 1177.0], [0.0, 1186.0], [0.0, 1204.0], [0.0, 1220.0], [0.0, 1227.0], [0.0, 1245.0], [0.0, 1271.0], [0.0, 1277.0], [0.0, 1281.0], [0.0, 1292.0], [0.0, 1303.0], [0.0, 1314.0], [0.0, 5000.0]], "start_depot": 0, "end_depot": 51, "horizon": [0.0, 5000.0]}