{"digraph": {"vertex_count": 52, "arc_count": 2550, "arcs": [[0, 1, 1, 1, 1, 1, 1, 1, 1, 1, 1, 1, 1, 1, 1, 1, 1, 1, 1, 1, 1, 1, 1, 1, 1, 1, 1, 1, 1, 1, 1, 1, 1, 1, 1, 1, 1, 1, 1, 1, 1, 1, 1, 1, 1, 1, 1, 1, 1, 1, 1, 1], [0, 0, 1, 1, 1, 1, 1, 1, 1, 1, 1, 1, 1, 1, 1, 1, 1, 1, 1, 1, 1, 1, 1, 1, 1, 1, 1, 1, 1, 1, 1, 1, 1, 1, 1, 1, 1, 1, 1, 1, 1, 1, 1, 1, 1, 1, 1, 1, 1, 1, 1, 1], [0, 1, 0, 1, 1, 1, 1, 1, 1, 1, 1, 1, 1, 1, 1, 1, 1, 1, 1, 1, 1, 1, 1, 1, 1, 1, 1, 1, 1, 1, 1, 1, 1, 1, 1, 1, 1, 1, 1, 1, 1, 1, 1, 1, 1, 1, 1, 1, 1, 1, 1, 1], [0, 1, 1, 0, 1, 1, 1, 1, 1, 1, 1, 1, 1, 1, 1, 1, 1, 1, 1, 1, 1, 1, 1, 1, 1, 1, 1, 1, 1, 1, 1, 1, 1, 1, 1, 1, 1, 1, 1, 1, 1, 1, 1, 1, 1, 1, 1, 1, 1, 1, 1, 1], [0, 1, 1, 1, 0, 1, 1, 1, 1, 1, 1, 1, 1, 1, 1, 1, 1, 1, 1, 1, 1, 1, 1, 1, 1, 1, 1, 1, 1, 1, 1, 1, 1, 1, 1, 1, 1, 1, 1, 1, 1, 1, 1, 1, 1, 1, 1, 1, 1, 1, 1, 1], [0, 1, 1, 1, 1, 0, 1, 1, 1, 1, 1, 1, 1, 1, 1, 1, 1, 1, 1, 1, 1, 1, 1, 1, 1, 1, 1, 1, 1, 1, 1, 1, 1, 1, 1, 1, 1, 1, 1, 1, 1, 1, 1, 1, 1, 1, 1, 1, 1, 1, 1, 1], [0, 1, 1, 1, 1, 1, 0, 1, 1, 1, 1, 1, 1, 1, 1, 1, 1, 1, 1, 1, 1, 1, 1, 1, 1, 1, 1, 1, 1, 1, 1, 1, 1, 1, 1, 1, 1, 1, 1, 1, 1, 1, 1, 1, 1, 1, 1, 1, 1, 1, 1, 1], [0, 1, 1, 1, 1, 1, 1, 0, 1, 1, 1, 1, 1, 1, 1, 1, 1, 1, 1, 1, 1, 1, 1, 1, 1, 1, 1, 1, 1, 1, 1, 1, 1, 1, 1, 1, 1, 1, 1, 1, 1, 1, 1, 1, 1, 1, 1, 1, 1, 1, 1, 1], [0, 1, 1, 1, 1, 1, 1, 1, 0, 1, 1, 1, 1, 1, 1, 1, 1, 1, 1, 1, 1, 1, 1, 1, 1, 1, 1, 1, 1, 1, 1, 1, 1, 1, 1, 1, 1, 1, 1, 1, 1, 1, 1, 1, 1, 1, 1, 1, 1, 1, 1, 1], [0, 1, 1, 1, 1, 1, 1, 1, 1, 0, 1, 1, 1, 1, 1, 1, 1, 1, 1, 1, 1, 1, 1, 1, 1, 1, 1, 1, 1, 1, 1, 1, 1, 1, 1, 1, 1, 1, 1, 1, 1, 1, 1, 1, 1, 1, 1, 1, 1, 1, 1, 1], [0, 1, 1, 1, 1, 1, 1, 1, 1, 1, 0, 1, 1, 1, 1, 1, 1, 1, 1, 1, 1, 1, 1, 1, 1, 1, 1, 1, 1, 1, 1, 1, 1, 1, 1, 1, 1, 1, 1, 1, 1, 1, 1, 1, 1, 1, 1, 1, 1, 1, 1, 1], [0, 1, 1, 1, 1, 1, 1, 1, 1, 1, 1, 0, 1, 1, 1, 1, 1, 1, 1, 1, 1, 1, 1, 1, 1, 1, 1, 1, 1, 1, 1, 1, 1, 1, 1, 1, 1, 1, 1, 1, 1, 1, 1, 1, 1, 1, 1, 1, 1, 1, 1, 1], [0, 1, 1, 1, 1, 1, 1, 1, 1, 1, 1, 1, 0, 1, 1, 1, 1, 1, 1, 1, 1, 1, 1, 1, 1, 1, 1, 1, 1, 1, 1, 1, 1, 1, 1, 1, 1, 1, 1, 1, 1, 1, 1, 1, 1, 1, 1, 1, 1, 1, 1, 1], [0, 1, 1, 1, 1, 1, 1, 1, 1, 1, 1, 1, 1, 0, 1, 1, 1, 1, 1, 1, 1, 1, 1, 1, 1, 1, 1, 1, 1, 1, 1, 1, 1, 1, 1, 1, 1, 1, 1, 1, 1, 1, 1, 1, 1, 1, 1, 1, 1, 1, 1, 1], [0, 1, 1, 1, 1, 1, 1, 1, 1, 1, 1, 1, 1, 1, 0, 1, 1, 1, 1, 1, 1, 1, 1, 1, 1, 1, 1, 1, 1, 1, 1, 1, 1, 1, 1, 1, 1, 1, 1, 1, 1, 1, 1, 1, 1, 1, 1, 1, 1, 1, 1, 1], [0, 1, 1, 1, 1, 1, 1, 1, 1, 1, 1, 1, 1, 1, 1, 0, 1, 1, 1, 1, 1, 1, 1, 1, 1, 1, 1, 1, 1, 1, 1, 1, 1, 1, 1, 1, 1, 1, 1, 1, 1, 1, 1, 1, 1, 1, 1, 1, 1, 1, 1, 1], [0, 1, 1, 1, 1, 1, 1, 1, 1, 1, 1, 1, 1, 1, 1, 1, 0, 1, 1, 1, 1, 1, 1, 1, 1, 1, 1, 1, 1, 1, 1, 1, 1, 1, 1, 1, 1, 1, 1, 1, 1, 1, 1, 1, 1, 1, 1, 1, 1, 1, 1, 1], [0, 1, 1, 1, 1, 1, 1, 1, 1, 1, 1, 1, 1, 1, 1, 1, 1, 0, 1, 1, 1, 1, 1, 1, 1, 1, 1, 1, 1, 1, 1, 1, 1, 1, 1, 1, 1, 1, 1, 1, 1, 1, 1, 1, 1, 1, 1, 1, 1, 1, 1, 1], [0, 1, 1, 1, 1, 1, 1, 1, 1, 1, 1, 1, 1, 1, 1, 1, 1, 1, 0, 1, 1, 1, 1, 1, 1, 1, 1, 1, 1, 1, 1, 1, 1, 1, 1, 1, 1, 1, 1, 1, 1, 1, 1, 1, 1, 1, 1, 1, 1, 1, 1, 1], [0, 1, 1, 1, 1, 1, 1, 1, 1, 1, 1, 1, 1, 1, 1, 1, 1, 1, 1, 0, 1, 1, 1, 1, 1, 1, 1, 1, 1, 1, 1, 1, 1, 1, 1, 1, 1, 1, 1, 1, 1, 1, 1, 1, 1, 1, 1, 1, 1, 1, 1, 1], [0, 1, 1, 1, 1, 1, 1, 1, 1, 1, 1, 1, 1, 1, 1, 1, 1, 1, 1, 1, 0, 1, 1, 1, 1, 1, 1, 1, 1, 1, 1, 1, 1, 1, 1, 1, 1, 1, 1, 1, 1, 1, 1, 1, 1, 1, 1, 1, 1, 1, 1, 1], [0, 1, 1, 1, 1, 1, 1, 1, 1, 1, 1, 1, 1, 1, 1, 1, 1, 1, 1, 1, 1, 0, 1, 1, 1, 1, 1, 1, 1, 1, 1, 1, 1, 1, 1, 1, 1, 1, 1, 1, 1, 1, 1, 1, 1, 1, 1, 1, 1, 1, 1, 1], [0, 1, 1, 1, 1, 1, 1, 1, 1, 1, 1, 1, 1, 1, 1, 1, 1, 1, 1, 1, 1, 1, 0, 1, 1, 1, 1, 1, 1, 1, 1, 1, 1, 1, 1, 1, 1, 1, 1, 1, 1, 1, 1, 1, 1, 1, 1, 1, 1, 1, 1, 1], [0, 1, 1, 1, 1, 1, 1, 1, 1, 1, 1, 1, 1, 1, 1, 1, 1, 1, 1, 1, 1, 1, 1, 0, 1, 1, 1, 1, 1, 1, 1, 1, 1, 1, 1, 1, 1, 1, 1, 1, 1, 1, 1, 1, 1, 1, 1, 1, 1, 1, 1, 1], [0, 1, 1, 1, 1, 1, 1, 1, 1, 1, 1, 1, 1, 1, 1, 1, 1, 1, 1, 1, 1, 1, 1, 1, 0, 1, 1, 1, 1, 1, 1, 1, 1, 1, 1, 1, 1, 1, 1, 1, 1, 1, 1, 1, 1, 1, 1, 1, 1, 1, 1, 1], [0, 1, 1, 1, 1, 1, 1, 1, 1, 1, 1, 1, 1, 1, 1, 1, 1, 1, 1, 1, 1, 1, 1, 1, 1, 0, 1, 1, 1, 1, 1, 1, 1, 1, 1, 1, 1, 1, 1, 1, 1, 1, 1, 1, 1, 1, 1, 1, 1, 1, 1, 1], [0, 1, 1, 1, 1, 1, 1, 1, 1, 1, 1, 1, 1, 1, 1, 1, 1, 1, 1, 1, 1, 1, 1, 1, 1, 1, 0, 1, 1, 1, 1, 1, 1, 1, 1, 1, 1, 1, 1, 1, 1, 1, 1, 1, 1, 1, 1, 1, 1, 1, 1, 1], [0, 1, 1, 1, 1, 1, 1, 1, 1, 1, 1, 1, 1, 1, 1, 1, 1, 1, 1, 1, 1, 1, 1, 1, 1, 1, 1, 0, 1, 1, 1, 1, 1, 1, 1, 1, 1, 1, 1, 1, 1, 1, 1, 1, 1, 1, 1, 1, 1, 1, 1, 1], [0, 1, 1, 1, 1, 1, 1, 1, 1, 1, 1, 1, 1, 1, 1, 1, 1, 1, 1, 1, 1, 1, 1, 1, 1, 1, 1, 1, 0, 1, 1, 1, 1, 1, 1, 1, 1, 1, 1, 1, 1, 1, 1, 1, 1, 1, 1, 1, 1, 1, 1, 1], [0, 1, 1, 1, 1, 1, 1, 1, 1, 1, 1, 1, 1, 1, 1, 1, 1, 1, 1, 1, 1, 1, 1, 1, 1, 1, 1, 1, 1, 0, 1, 1, 1, 1, 1, 1, 1, 1, 1, 1, 1, 1, 1, 1, 1, 1, 1, 1, 1, 1, 1, 1], [0, 1, 1, 1, 1, 1, 1, 1, 1, 1, 1, 1, 1, 1, 1, 1, 1, 1, 1, 1, 1, 1, 1, 1, 1, 1, 1, 1, 1, 1, 0, 1, 1, 1, 1, 1, 1, 1, 1, 1, 1, 1, 1, 1, 1, 1, 1, 1, 1, 1, 1, 1], [0, 1, 1, 1, 1, 1, 1, 1, 1, 1, 1, 1, 1, 1, 1, 1, 1, 1, 1, 1, 1, 1, 1, 1, 1, 1, 1, 1, 1, 1, 1, 0, 1, 1, 1, 1, 1, 1, 1, 1, 1, 1, 1, 1, 1, 1, 1, 1, 1, 1, 1, 1], [0, 1, 1, 1, 1, 1, 1, 1, 1, 1, 1, 1, 1, 1, 1, 1, 1, 1, 1, 1, 1, 1, 1, 1, 1, 1, 1, 1, 1, 1, 1, 1, 0, 1, 1, 1, 1, 1, 1, 1, 1, 1, 1, 1, 1, 1, 1, 1, 1, 1, 1, 1], [0, 1, 1, 1, 1, 1, 1, 1, 1, 1, 1, 1, 1, 1, 1, 1, 1, 1, 1, 1, 1, 1, 1, 1, 1, 1, 1, 1, 1, 1, 1, 1, 1, 0, 1, 1, 1, 1, 1, 1, 1, 1, 1, 1, 1, 1, 1, 1, 1, 1, 1, 1], [0, 1, 1, 1, 1, 1, 1, 1, 1, 1, 1, 1, 1, 1, 1, 1, 1, 1, 1, 1, 1, 1, 1, 1, 1, 1, 1, 1, 1, 1, 1, 1, 1, 1, 0, 1, 1, 1, 1, 1, 1, 1, 1, 1, 1, 1, 1, 1, 1, 1, 1, 1], [0, 1, 1, 1, 1, 1, 1, 1, 1, 1, 1, 1, 1, 1, 1, 1, 1, 1, 1, 1, 1, 1, 1, 1, 1, 1, 1, 1, 1, 1, 1, 1, 1, 1, 1, 0, 1, 1, 1, 1, 1, 1, 1, 1, 1, 1, 1, 1, 1, 1, 1, 1], [0, 1, 1, 1, 1, 1, 1, 1, 1, 1, 1, 1, 1, 1, 1, 1, 1, 1, 1, 1, 1, 1, 1, 1, 1, 1, 1, 1, 1, 1, 1, 1, 1, 1, 1, 1, 0, 1, 1, 1, 1, 1, 1, 1, 1, 1, 1, 1, 1, 1, 1, 1], [0, 1, 1, 1, 1, 1, 1, 1, 1, 1, 1, 1, 1, 1, 1, 1, 1, 1, 1, 1, 1, 1, 1, 1, 1, 1, 1, 1, 1, 1, 1, 1, 1, 1, 1, 1, 1, 0, 1, 1, 1, 1, 1, 1, 1, 1, 1, 1, 1, 1, 1, 1], [0, 1, 1, 1, 1, 1, 1, 1, 1, 1, 1, 1, 1, 1, 1, 1, 1, 1, 1, 1, 1, 1, 1, 1, 1, 1, 1, 1, 1, 1, 1, 1, 1, 1, 1, 1, 1, 1, 0, 1, 1, 1, 1, 1, 1, 1, 1, 1, 1, 1, 1, 1], [0, 1, 1, 1, 1, 1, 1, 1, 1, 1, 1, 1, 1, 1, 1, 1, 1, 1, 1, 1, 1, 1, 1, 1, 1, 1, 1, 1, 1, 1, 1, 1, 1, 1, 1, 1, 1, 1, 1, 0, 1, 1, 1, 1, 1, 1, 1, 1, 1, 1, 1, 1], [0, 1, 1, 1, 1, 1, 1, 1, 1, 1, 1, 1, 1, 1, 1, 1, 1, 1, 1, 1, 1, 1, 1, 1, 1, 1, 1, 1, 1, 1, 1, 1, 1, 1, 1, 1, 1, 1, 1, 1, 0, 1, 1, 1, 1, 1, 1, 1, 1, 1, 1, 1], [0, 1, 1, 1, 1, 1, 1, 1, 1, 1, 1, 1, 1, 1, 1, 1, 1, 1, 1, 1, 1, 1, 1, 1, 1, 1, 1, 1, 1, 1, 1, 1, 1, 1, 1, 1, 1, 1, 1, 1, 1, 0, 1, 1, 1, 1, 1, 1, 1, 1, 1, 1], [0, 1, 1, 1, 1, 1, 1, 1, 1, 1, 1, 1, 1, 1, 1, 1, 1, 1, 1, 1, 1, 1, 1, 1, 1, 1, 1, 1, 1, 1, 1, 1, 1, 1, 1, 1, 1, 1, 1, 1, 1, 1, 0, 1, 1, 1, 1, 1, 1, 1, 1, 1], [0, 1, 1, 1, 1, 1, 1, 1, 1, 1, 1, 1, 1, 1, 1, 1, 1, 1, 1, 1, 1, 1, 1, 1, 1, 1, 1, 1, 1, 1, 1, 1, 1, 1, 1, 1, 1, 1, 1, 1, 1, 1, 1, 0, 1, 1, 1, 1, 1, 1, 1, 1], [0, 1, 1, 1, 1, 1, 1, 1, 1, 1, 1, 1, 1, 1, 1, 1, 1, 1, 1, 1, 1, 1, 1, 1, 1, 1, 1, 1, 1, 1, 1, 1, 1, 1, 1, 1, 1, 1, 1, 1, 1, 1, 1, 1, 0, 1, 1, 1, 1, 1, 1, 1], [0, 1, 1, 1, 1, 1, 1, 1, 1, 1, 1, 1, 1, 1, 1, 1, 1, 1, 1, 1, 1, 1, 1, 1, 1, 1, 1, 1, 1, 1, 1, 1, 1, 1, 1, 1, 1, 1, 1, 1, 1, 1, 1, 1, 1, 0, 1, 1, 1, 1, 1, 1], [0, 1, 1, 1, 1, 1, 1, 1, 1, 1, 1, 1, 1, 1, 1, 1, 1, 1, 1, 1, 1, 1, 1, 1, 1, 1, 1, 1, 1, 1, 1, 1, 1, 1, 1, 1, 1, 1, 1, 1, 1, 1, 1, 1, 1, 1, 0, 1, 1, 1, 1, 1], [0, 1, 1, 1, 1, 1, 1, 1, 1, 1, 1, 1, 1, 1, 1, 1, 1, 1, 1, 1, 1, 1, 1, 1, 1, 1, 1, 1, 1, 1, 1, 1, 1, 1, 1, 1, 1, 1, 1, 1, 1, 1, 1, 1, 1, 1, 1, 0, 1, 1, 1, 1], [0, 1, 1, 1, 1, 1, 1, 1, 1, 1, 1, 1, 1, 1, 1, 1, 1, 1, 1, 1, 1, 1, 1, 1, 1, 1, 1, 1, 1, 1, 1, 1, 1, 1, 1, 1, 1, 1, 1, 1, 1, 1, 1, 1, 1, 1, 1, 1, 0, 1, 1, 1], [0, 1, 1, 1, 1, 1, 1, 1, 1, 1, 1, 1, 1, 1, 1, 1, 1, 1, 1, 1, 1, 1, 1, 1, 1, 1, 1, 1, 1, 1, 1, 1, 1, 1, 1, 1, 1, 1, 1, 1, 1, 1, 1, 1, 1, 1, 1, 1, 1, 0, 1, 1], [0, 1, 1, 1, 1, 1, 1, 1, 1, 1, 1, 1, 1, 1, 1, 1, 1, 1, 1, 1, 1, 1, 1, 1, 1, 1, 1, 1, 1, 1, 1, 1, 1, 1, 1, 1, 1, 1, 1, 1, 1, 1, 1, 1, 1, 1, 1, 1, 1, 1, 0, 1], [0, 0, 0, 0, 0, 0, 0, 0, 0, 0, 0, 0, 0, 0, 0, 0, 0, 0, 0, 0, 0, 0, 0, 0, 0, 0, 0, 0, 0, 0, 0, 0, 0, 0, 0, 0, 0, 0, 0, 0, 0, 0, 0, 0, 0, 0, 0, 0, 0, 0, 0, 0]]}, "cluster_count": 3, "cluster_speeds": [[0.7400000000000001, 0.68, 0.7400000000000001, 0.8, 0.666, 0.6120000000000001, 0.666, 0.7200000000000001, 0.37000000000000005, 0.34, 0.37000000000000005, 0.4, 0.24420000000000003, 0.22440000000000004, 0.24420000000000003, 0.264, 0.296, 0.272, 0.296, 0.32000000000000006, 0.44400000000000006, 0.40800000000000003, 0.44400000000000006, 0.48, 0.6475, 0.595, 0.6475, 0.7, 0.37, 0.34, 0.37, 0.4, 0.30525, 0.2805, 0.30525, 0.33, 0.4625, 0.425, 0.4625, 0.5, 0.6475, 0.595, 0.6475, 0.7, 0.74, 0.68, 0.74, 0.8, 0.518, 0.476, 0.518, 0.5599999999999999, 0.37000000000000005, 0.34, 0.37000000000000005, 0.4, 0.44400000000000006, 0.40800000000000003, 0.44400000000000006, 0.48, 0.518, 0.476, 0.518, 0.5599999999999999, 0.666, 0.6120000000000001, 0.666, 0.7200000000000001, 0.7400000000000001, 0.68, 0.7400000000000001, 0.8, 0.8], [0.8325, 0.765, 0.8325, 0.9, 0.7492500000000001, 0.6885, 0.7492500000000001, 0.81, 0.41625, 0.3825, 0.41625, 0.45, 0.27472500000000005, 0.25245, 0.27472500000000005, 0.29700000000000004, 0.333, 0.30600000000000005, 0.333, 0.36000000000000004, 0.49950000000000006, 0.459, 0.49950000000000006, 0.54, 0.6475, 0.595, 0.6475, 0.7, 0.37, 0.34, 0.37, 0.4, 0.30525, 0.2805, 0.30525, 0.33, 0.4625, 0.425, 0.4625, 0.5, 0.6475, 0.595, 0.6475, 0.7, 0.74, 0.68, 0.74, 0.8, 0.58275, 0.5355, 0.58275, 0.63, 0.41625, 0.3825, 0.41625, 0.45, 0.49950000000000006, 0.459, 0.49950000000000006, 0.54, 0.58275, 0.5355, 0.58275, 0.63, 0.7492500000000001, 0.6885, 0.7492500000000001, 0.81, 0.8325, 0.765, 0.8325, 0.9, 0.9], [0.925, 0.85, 0.925, 1.0, 0.8325, 0.765, 0.8325, 0.9, 0.4625, 0.425, 0.4625, 0.5, 0.30525, 0.2805, 0.30525, 0.33, 0.37, 0.34, 0.37, 0.4, 0.555, 0.51, 0.555, 0.6, 0.6475, 0.595, 0.6475, 0.7, 0.37, 0.34, 0.37, 0.4, 0.30525, 0.2805, 0.30525, 0.33, 0.4625, 0.425, 0.4625, 0.5, 0.6475, 0.595, 0.6475, 0.7, 0.74, 0.68, 0.74, 0.8, 0.6475, 0.595, 0.6475, 0.7, 0.4625, 0.425, 0.4625, 0.5, 0.555, 0.51, 0.555, 0.6, 0.6475, 0.595, 0.6475, 0.7, 0.8325, 0.765, 0.8325, 0.9, 0.925, 0.85, 0.925, 1.0, 1.0]], "clusters": [[-1, 2, 2, 2, 2, 2, 2, 2, 2, 2, 2, 2, 2, 2, 2, 2, 2, 2, 2, 2, 2, 2, 2, 2, 2, 2, 2, 2, 2, 2, 2, 2, 2, 2, 2, 2, 2, 2, 2, 2, 2, 2, 2, 2, 2, 2, 2, 2, 2, 2, 2, 2], [2, -1, 2, 2, 2, 2, 2, 2, 2, 2, 2, 2, 2, 2, 2, 2, 2, 2, 2, 2, 2, 2, 2, 2, 2, 2, 2, 2, 2, 2, 2, 2, 2, 2, 2, 2, 2, 2, 2, 2, 2, 2, 2, 2, 2, 2, 2, 2, 2, 2, 2, 2], [0, 0, -1, 0, 0, 0, 0, 0, 0, 0, 0, 0, 0, 0, 0, 0, 0, 0, 0, 0, 0, 0, 0, 0, 0, 0, 0, 0, 0, 0, 0, 0, 0, 0, 0, 0, 0, 0, 0, 0, 0, 0, 0, 0, 0, 0, 0, 0, 0, 0, 0, 0], [1, 1, 1, -1, 1, 1, 1, 1, 1, 1, 1, 1, 1, 1, 1, 1, 1, 1, 1, 1, 1, 1, 1, 1, 1, 1, 1, 1, 1, 1, 1, 1, 1, 1, 1, 1, 1, 1, 1, 1, 1, 1, 1, 1, 1, 1, 1, 1, 1, 1, 1, 1], [0, 0, 0, 0, -1, 0, 0, 0, 0, 0, 0, 0, 0, 0, 0, 0, 0, 0, 0, 0, 0, 0, 0, 0, 0, 0, 0, 0, 0, 0, 0, 0, 0, 0, 0, 0, 0, 0, 0, 0, 0, 0, 0, 0, 0, 0, 0, 0, 0, 0, 0, 0], [1, 1, 1, 1, 1, -1, 1, 1, 1, 1, 1, 1, 1, 1, 1, 1, 1, 1, 1, 1, 1, 1, 1, 1, 1, 1, 1, 1, 1, 1, 1, 1, 1, 1, 1, 1, 1, 1, 1, 1, 1, 1, 1, 1, 1, 1, 1, 1, 1, 1, 1, 1], [1, 1, 1, 1, 1, 1, -1, 1, 1, 1, 1, 1, 1, 1, 1, 1, 1, 1, 1, 1, 1, 1, 1, 1, 1, 1, 1, 1, 1, 1, 1, 1, 1, 1, 1, 1, 1, 1, 1, 1, 1, 1, 1, 1, 1, 1, 1, 1, 1, 1, 1, 1], [0, 0, 0, 0, 0, 0, 0, -1, 0, 0, 0, 0, 0, 0, 0, 0, 0, 0, 0, 0, 0, 0, 0, 0, 0, 0, 0, 0, 0, 0, 0, 0, 0, 0, 0, 0, 0, 0, 0, 0, 0, 0, 0, 0, 0, 0, 0, 0, 0, 0, 0, 0], [2, 2, 2, 2, 2, 2, 2, 2, -1, 2, 2, 2, 2, 2, 2, 2, 2, 2, 2, 2, 2, 2, 2, 2, 2, 2, 2, 2, 2, 2, 2, 2, 2, 2, 2, 2, 2, 2, 2, 2, 2, 2, 2, 2, 2, 2, 2, 2, 2, 2, 2, 2], [1, 1, 1, 1, 1, 1, 1, 1, 1, -1, 1, 1, 1, 1, 1, 1, 1, 1, 1, 1, 1, 1, 1, 1, 1, 1, 1, 1, 1, 1, 1, 1, 1, 1, 1, 1, 1, 1, 1, 1, 1, 1, 1, 1, 1, 1, 1, 1, 1, 1, 1, 1], [0, 0, 0, 0, 0, 0, 0, 0, 0, 0, -1, 0, 0, 0, 0, 0, 0, 0, 0, 0, 0, 0, 0, 0, 0, 0, 0, 0, 0, 0, 0, 0, 0, 0, 0, 0, 0, 0, 0, 0, 0, 0, 0, 0, 0, 0, 0, 0, 0, 0, 0, 0], [0, 0, 0, 0, 0, 0, 0, 0, 0, 0, 0, -1, 0, 0, 0, 0, 0, 0, 0, 0, 0, 0, 0, 0, 0, 0, 0, 0, 0, 0, 0, 0, 0, 0, 0, 0, 0, 0, 0, 0, 0, 0, 0, 0, 0, 0, 0, 0, 0, 0, 0, 0], [0, 0, 0, 0, 0, 0, 0, 0, 0, 0, 0, 0, -1, 0, 0, 0, 0, 0, 0, 0, 0, 0, 0, 0, 0, 0, 0, 0, 0, 0, 0, 0, 0, 0, 0, 0, 0, 0, 0, 0, 0, 0, 0, 0, 0, 0, 0, 0, 0, 0, 0, 0], [1, 1, 1, 1, 1, 1, 1, 1, 1, 1, 1, 1, 1, -1, 1, 1, 1, 1, 1, 1, 1, 1, 1, 1, 1, 1, 1, 1, 1, 1, 1, 1, 1, 1, 1, 1, 1, 1, 1, 1, 1, 1, 1, 1, 1, 1, 1, 1, 1, 1, 1, 1], [2, 2, 2, 2, 2, 2, 2, 2, 2, 2, 2, 2, 2, 2, -1, 2, 2, 2, 2, 2, 2, 2, 2, 2, 2, 2, 2, 2, 2, 2, 2, 2, 2, 2, 2, 2, 2, 2, 2, 2, 2, 2, 2, 2, 2, 2, 2, 2, 2, 2, 2, 2], [1, 1, 1, 1, 1, 1, 1, 1, 1, 1, 1, 1, 1, 1, 1, -1, 1, 1, 1, 1, 1, 1, 1, 1, 1, 1, 1, 1, 1, 1, 1, 1, 1, 1, 1, 1, 1, 1, 1, 1, 1, 1, 1, 1, 1, 1, 1, 1, 1, 1, 1, 1], [1, 1, 1, 1, 1, 1, 1, 1, 1, 1, 1, 1, 1, 1, 1, 1, -1, 1, 1, 1, 1, 1, 1, 1, 1, 1, 1, 1, 1, 1, 1, 1, 1, 1, 1, 1, 1, 1, 1, 1, 1, 1, 1, 1, 1, 1, 1, 1, 1, 1, 1, 1], [1, 1, 1, 1, 1, 1, 1, 1, 1, 1, 1, 1, 1, 1, 1, 1, 1, -1, 1, 1, 1, 1, 1, 1, 1, 1, 1, 1, 1, 1, 1, 1, 1, 1, 1, 1, 1, 1, 1, 1, 1, 1, 1, 1, 1, 1, 1, 1, 1, 1, 1, 1], [0, 0, 0, 0, 0, 0, 0, 0, 0, 0, 0, 0, 0, 0, 0, 0, 0, 0, -1, 0, 0, 0, 0, 0, 0, 0, 0, 0, 0, 0, 0, 0, 0, 0, 0, 0, 0, 0, 0, 0, 0, 0, 0, 0, 0, 0, 0, 0, 0, 0, 0, 0], [1, 1, 1, 1, 1, 1, 1, 1, 1, 1, 1, 1, 1, 1, 1, 1, 1, 1, 1, -1, 1, 1, 1, 1, 1, 1, 1, 1, 1, 1, 1, 1, 1, 1, 1, 1, 1, 1, 1, 1, 1, 1, 1, 1, 1, 1, 1, 1, 1, 1, 1, 1], [0, 0, 0, 0, 0, 0, 0, 0, 0, 0, 0, 0, 0, 0, 0, 0, 0, 0, 0, 0, -1, 0, 0, 0, 0, 0, 0, 0, 0, 0, 0, 0, 0, 0, 0, 0, 0, 0, 0, 0, 0, 0, 0, 0, 0, 0, 0, 0, 0, 0, 0, 0], [0, 0, 0, 0, 0, 0, 0, 0, 0, 0, 0, 0, 0, 0, 0, 0, 0, 0, 0, 0, 0, -1, 0, 0, 0, 0, 0, 0, 0, 0, 0, 0, 0, 0, 0, 0, 0, 0, 0, 0, 0, 0, 0, 0, 0, 0, 0, 0, 0, 0, 0, 0], [1, 1, 1, 1, 1, 1, 1, 1, 1, 1, 1, 1, 1, 1, 1, 1, 1, 1, 1, 1, 1, 1, -1, 1, 1, 1, 1, 1, 1, 1, 1, 1, 1, 1, 1, 1, 1, 1, 1, 1, 1, 1, 1, 1, 1, 1, 1, 1, 1, 1, 1, 1], [1, 1, 1, 1, 1, 1, 1, 1, 1, 1, 1, 1, 1, 1, 1, 1, 1, 1, 1, 1, 1, 1, 1, -1, 1, 1, 1, 1, 1, 1, 1, 1, 1, 1, 1, 1, 1, 1, 1, 1, 1, 1, 1, 1, 1, 1, 1, 1, 1, 1, 1, 1], [1, 1, 1, 1, 1, 1, 1, 1, 1, 1, 1, 1, 1, 1, 1, 1, 1, 1, 1, 1, 1, 1, 1, 1, -1, 1, 1, 1, 1, 1, 1, 1, 1, 1, 1, 1, 1, 1, 1, 1, 1, 1, 1, 1, 1, 1, 1, 1, 1, 1, 1, 1], [0, 0, 0, 0, 0, 0, 0, 0, 0, 0, 0, 0, 0, 0, 0, 0, 0, 0, 0, 0, 0, 0, 0, 0, 0, -1, 0, 0, 0, 0, 0, 0, 0, 0, 0, 0, 0, 0, 0, 0, 0, 0, 0, 0, 0, 0, 0, 0, 0, 0, 0, 0], [1, 1, 1, 1, 1, 1, 1, 1, 1, 1, 1, 1, 1, 1, 1, 1, 1, 1, 1, 1, 1, 1, 1, 1, 1, 1, -1, 1, 1, 1, 1, 1, 1, 1, 1, 1, 1, 1, 1, 1, 1, 1, 1, 1, 1, 1, 1, 1, 1, 1, 1, 1], [0, 0, 0, 0, 0, 0, 0, 0, 0, 0, 0, 0, 0, 0, 0, 0, 0, 0, 0, 0, 0, 0, 0, 0, 0, 0, 0, -1, 0, 0, 0, 0, 0, 0, 0, 0, 0, 0, 0, 0, 0, 0, 0, 0, 0, 0, 0, 0, 0, 0, 0, 0], [0, 0, 0, 0, 0, 0, 0, 0, 0, 0, 0, 0, 0, 0, 0, 0, 0, 0, 0, 0, 0, 0, 0, 0, 0, 0, 0, 0, -1, 0, 0, 0, 0, 0, 0, 0, 0, 0, 0, 0, 0, 0, 0, 0, 0, 0, 0, 0, 0, 0, 0, 0], [2, 2, 2, 2, 2, 2, 2, 2, 2, 2, 2, 2, 2, 2, 2, 2, 2, 2, 2, 2, 2, 2, 2, 2, 2, 2, 2, 2, 2, -1, 2, 2, 2, 2, 2, 2, 2, 2, 2, 2, 2, 2, 2, 2, 2, 2, 2, 2, 2, 2, 2, 2], [0, 0, 0, 0, 0, 0, 0, 0, 0, 0, 0, 0, 0, 0, 0, 0, 0, 0, 0, 0, 0, 0, 0, 0, 0, 0, 0, 0, 0, 0, -1, 0, 0, 0, 0, 0, 0, 0, 0, 0, 0, 0, 0, 0, 0, 0, 0, 0, 0, 0, 0, 0], [0, 0, 0, 0, 0, 0, 0, 0, 0, 0, 0, 0, 0, 0, 0, 0, 0, 0, 0, 0, 0, 0, 0, 0, 0, 0, 0, 0, 0, 0, 0, -1, 0, 0, 0, 0, 0, 0, 0, 0, 0, 0, 0, 0, 0, 0, 0, 0, 0, 0, 0, 0], [1, 1, 1, 1, 1, 1, 1, 1, 1, 1, 1, 1, 1, 1, 1, 1, 1, 1, 1, 1, 1, 1, 1, 1, 1, 1, 1, 1, 1, 1, 1, 1, -1, 1, 1, 1, 1, 1, 1, 1, 1, 1, 1, 1, 1, 1, 1, 1, 1, 1, 1, 1], [1, 1, 1, 1, 1, 1, 1, 1, 1, 1, 1, 1, 1, 1, 1, 1, 1, 1, 1, 1, 1, 1, 1, 1, 1, 1, 1, 1, 1, 1, 1, 1, 1, -1, 1, 1, 1, 1, 1, 1, 1, 1, 1, 1, 1, 1, 1, 1, 1, 1, 1, 1], [0, 0, 0, 0, 0, 0, 0, 0, 0, 0, 0, 0, 0, 0, 0, 0, 0, 0, 0, 0, 0, 0, 0, 0, 0, 0, 0, 0, 0, 0, 0, 0, 0, 0, -1, 0, 0, 0, 0, 0, 0, 0, 0, 0, 0, 0, 0, 0, 0, 0, 0, 0], [0, 0, 0, 0, 0, 0, 0, 0, 0, 0, 0, 0, 0, 0, 0, 0, 0, 0, 0, 0, 0, 0, 0, 0, 0, 0, 0, 0, 0, 0, 0, 0, 0, 0, 0, -1, 0, 0, 0, 0, 0, 0, 0, 0, 0, 0, 0, 0, 0, 0, 0, 0], [2, 2, 2, 2, 2, 2, 2, 2, 2, 2, 2, 2, 2, 2, 2, 2, 2, 2, 2, 2, 2, 2, 2, 2, 2, 2, 2, 2, 2, 2, 2, 2, 2, 2, 2, 2, -1, 2, 2, 2, 2, 2, 2, 2, 2, 2, 2, 2, 2, 2, 2, 2], [0, 0, 0, 0, 0, 0, 0, 0, 0, 0, 0, 0, 0, 0, 0, 0, 0, 0, 0, 0, 0, 0, 0, 0, 0, 0, 0, 0, 0, 0, 0, 0, 0, 0, 0, 0, 0, -1, 0, 0, 0, 0, 0, 0, 0, 0, 0, 0, 0, 0, 0, 0], [0, 0, 0, 0, 0, 0, 0, 0, 0, 0, 0, 0, 0, 0, 0, 0, 0, 0, 0, 0, 0, 0, 0, 0, 0, 0, 0, 0, 0, 0, 0, 0, 0, 0, 0, 0, 0, 0, -1, 0, 0, 0, 0, 0, 0, 0, 0, 0, 0, 0, 0, 0], [2, 2, 2, 2, 2, 2, 2, 2, 2, 2, 2, 2, 2, 2, 2, 2, 2, 2, 2, 2, 2, 2, 2, 2, 2, 2, 2, 2, 2, 2, 2, 2, 2, 2, 2, 2, 2, 2, 2, -1, 2, 2, 2, 2, 2, 2, 2, 2, 2, 2, 2, 2], [0, 0, 0, 0, 0, 0, 0, 0, 0, 0, 0, 0, 0, 0, 0, 0, 0, 0, 0, 0, 0, 0, 0, 0, 0, 0, 0, 0, 0, 0, 0, 0, 0, 0, 0, 0, 0, 0, 0, 0, -1, 0, 0, 0, 0, 0, 0, 0, 0, 0, 0, 0], [1, 1, 1, 1, 1, 1, 1, 1, 1, 1, 1, 1, 1, 1, 1, 1, 1, 1, 1, 1, 1, 1, 1, 1, 1, 1, 1, 1, 1, 1, 1, 1, 1, 1, 1, 1, 1, 1, 1, 1, 1, -1, 1, 1, 1, 1, 1, 1, 1, 1, 1, 1], [0, 0, 0, 0, 0, 0, 0, 0, 0, 0, 0, 0, 0, 0, 0, 0, 0, 0, 0, 0, 0, 0, 0, 0, 0, 0, 0, 0, 0, 0, 0, 0, 0, 0, 0, 0, 0, 0, 0, 0, 0, 0, -1, 0, 0, 0, 0, 0, 0, 0, 0, 0], [1, 1, 1, 1, 1, 1, 1, 1, 1, 1, 1, 1, 1, 1, 1, 1, 1, 1, 1, 1, 1, 1, 1, 1, 1, 1, 1, 1, 1, 1, 1, 1, 1, 1, 1, 1, 1, 1, 1, 1, 1, 1, 1, -1, 1, 1, 1, 1, 1, 1, 1, 1], [0, 0, 0, 0, 0, 0, 0, 0, 0, 0, 0, 0, 0, 0, 0, 0, 0, 0, 0, 0, 0, 0, 0, 0, 0, 0, 0, 0, 0, 0, 0, 0, 0, 0, 0, 0, 0, 0, 0, 0, 0, 0, 0, 0, -1, 0, 0, 0, 0, 0, 0, 0], [0, 0, 0, 0, 0, 0, 0, 0, 0, 0, 0, 0, 0, 0, 0, 0, 0, 0, 0, 0, 0, 0, 0, 0, 0, 0, 0, 0, 0, 0, 0, 0, 0, 0, 0, 0, 0, 0, 0, 0, 0, 0, 0, 0, 0, -1, 0, 0, 0, 0, 0, 0], [2, 2, 2, 2, 2, 2, 2, 2, 2, 2, 2, 2, 2, 2, 2, 2, 2, 2, 2, 2, 2, 2, 2, 2, 2, 2, 2, 2, 2, 2, 2, 2, 2, 2, 2, 2, 2, 2, 2, 2, 2, 2, 2, 2, 2, 2, -1, 2, 2, 2, 2, 2], [0, 0, 0, 0, 0, 0, 0, 0, 0, 0, 0, 0, 0, 0, 0, 0, 0, 0, 0, 0, 0, 0, 0, 0, 0, 0, 0, 0, 0, 0, 0, 0, 0, 0, 0, 0, 0, 0, 0, 0, 0, 0, 0, 0, 0, 0, 0, -1, 0, 0, 0, 0], [1, 1, 1, 1, 1, 1, 1, 1, 1, 1, 1, 1, 1, 1, 1, 1, 1, 1, 1, 1, 1, 1, 1, 1, 1, 1, 1, 1, 1, 1, 1, 1, 1, 1, 1, 1, 1, 1, 1, 1, 1, 1, 1, 1, 1, 1, 1, 1, -1, 1, 1, 1], [2, 2, 2, 2, 2, 2, 2, 2, 2, 2, 2, 2, 2, 2, 2, 2, 2, 2, 2, 2, 2, 2, 2, 2, 2, 2, 2, 2, 2, 2, 2, 2, 2, 2, 2, 2, 2, 2, 2, 2, 2, 2, 2, 2, 2, 2, 2, 2, 2, -1, 2, 2], [0, 0, 0, 0, 0, 0, 0, 0, 0, 0, 0, 0, 0, 0, 0, 0, 0, 0, 0, 0, 0, 0, 0, 0, 0, 0, 0, 0, 0, 0, 0, 0, 0, 0, 0, 0, 0, 0, 0, 0, 0, 0, 0, 0, 0, 0, 0, 0, 0, 0, -1, 0], [2, 2, 2, 2, 2, 2, 2, 2, 2, 2, 2, 2, 2, 2, 2, 2, 2, 2, 2, 2, 2, 2, 2, 2, 2, 2, 2, 2, 2, 2, 2, 2, 2, 2, 2, 2, 2, 2, 2, 2, 2, 2, 2, 2, 2, 2, 2, 2, 2, 2, 2, -1]], "speed_zone_count": 73, "speed_zones": [[0.0, 15.0], [15.0, 30.0], [30.0, 45.0], [45.0, 60.0], [60.0, 75.0], [75.0, 90.0], [90.0, 105.0], [105.0, 120.0], [120.0, 135.0], [135.0, 150.0], [150.0, 165.0], [165.0, 180.0], [180.0, 195.0], [195.0, 210.0], [210.0, 225.0], [225.0, 240.0], [240.0, 255.0], [255.0, 270.0], [270.0, 285.0], [285.0, 300.0], [300.0, 315.0], [315.0, 330.0], [330.0, 345.0], [345.0, 360.0], [360.0, 375.0], [375.0, 390.0], [390.0, 405.0], [405.0, 420.0], [420.0, 435.0], [435.0, 450.0], [450.0, 465.0], [465.0, 480.0], [480.0, 495.0], [495.0, 510.0], [510.0, 525.0], [525.0, 540.0], [540.0, 555.0], [555.0, 570.0], [570.0, 585.0], [585.0, 600.0], [600.0, 615.0], [615.0, 630.0], [630.0, 645.0], [645.0, 660.0], [660.0, 675.0], [675.0, 690.0], [690.0, 705.0], [705.0, 720.0], [720.0, 735.0], [735.0, 750.0], [750.0, 765.0], [765.0, 780.0], [780.0, 795.0], [795.0, 810.0], [810.0, 825.0], [825.0, 840.0], [840.0, 855.0], [855.0, 870.0], [870.0, 885.0], [885.0, 900.0], [900.0, 915.0], [915.0, 930.0], [930.0, 945.0], [945.0, 960.0], [960.0, 975.0], [975.0, 990.0], [990.0, 1005.0], [1005.0, 1020.0], [1020.0, 1035.0], [1035.0, 1050.0], [1050.0, 1065.0], [1065.0, 1080.0], [1080.0, 5000.0]], "distances": [[0.0, 100.67, 60.27, 86.84, 73.8, 86.19, 57.05, 72.11, 53.8, 68.06, 69.32, 70.04, 84.05, 53.67, 99.95, 75.3, 88.08, 69.28, 69.59, 66.65, 80.26, 85.14, 72.03, 68.54, 85.65, 62.76, 90.45, 84.58, 81.36, 46.82, 79.45, 56.55, 72.58, 77.67, 79.38, 68.77, 52.81, 57.67, 68.63, 100.17, 63.26, 70.67, 72.93, 91.39, 69.09, 70.85, 57.57, 80.5, 91.1, 100.5, 73.46, 0.0], [0.0, 0.0, 40.83, 14.79, 33.19, 16.34, 51.24, 36.19, 56.91, 47.79, 31.45, 35.31, 20.75, 49.38, 15.29, 27.5, 14.05, 46.28, 32.06, 50.73, 24.14, 18.15, 30.39, 45.33, 15.51, 38.73, 12.18, 19.13, 23.13, 58.81, 24.91, 45.56, 45.7, 26.11, 23.76, 31.9, 57.81, 43.79, 32.36, 19.55, 37.87, 47.68, 31.87, 11.38, 32.25, 30.23, 59.37, 22.11, 10.4, 26.56, 31.91, 100.67], [0.0, 40.83, 0.0, 26.61, 16.85, 25.93, 16.72, 17.03, 21.73, 23.59, 11.35, 13.07, 24.15, 9.94, 43.44, 20.09, 29.67, 23.31, 9.39, 25.24, 20.54, 24.93, 17.42, 21.59, 26.75, 12.65, 32.03, 24.45, 21.57, 19.64, 19.78, 5.74, 26.06, 22.8, 19.33, 9.93, 22.2, 16.67, 8.47, 40.73, 13.87, 26.0, 14.53, 31.13, 8.83, 13.75, 27.41, 20.3, 32.05, 48.12, 15.36, 60.27], [0.0, 14.79, 26.61, 0.0, 18.86, 10.0, 36.49, 21.92, 42.18, 33.9, 18.76, 20.62, 7.3, 34.72, 23.41, 18.46, 10.77, 32.47, 17.5, 36.81, 9.82, 4.25, 20.29, 31.34, 8.53, 24.3, 11.7, 5.31, 8.97, 44.06, 10.5, 31.01, 32.42, 18.51, 9.06, 18.66, 43.07, 29.41, 18.21, 15.53, 23.62, 34.18, 17.21, 4.69, 17.83, 18.36, 44.93, 7.35, 9.76, 32.84, 17.33, 86.84], [0.0, 33.19, 16.85, 18.86, 0.0, 16.95, 18.75, 19.78, 24.16, 15.19, 18.86, 18.48, 12.52, 20.17, 41.6, 25.92, 27.52, 13.87, 10.39, 18.06, 9.09, 15.06, 25.16, 12.58, 24.35, 14.01, 29.29, 14.06, 10.07, 27.87, 8.36, 17.93, 14.55, 27.86, 10.0, 17.14, 25.13, 17.85, 13.23, 34.3, 14.82, 15.91, 15.48, 21.84, 11.53, 20.77, 26.18, 11.79, 27.99, 49.69, 15.39, 73.8], [0.0, 16.34, 25.93, 10.0, 16.95, 0.0, 34.92, 19.99, 40.58, 31.87, 18.96, 18.97, 5.05, 33.62, 25.65, 19.67, 12.99, 30.42, 16.63, 34.79, 7.87, 10.55, 21.22, 29.33, 10.59, 23.48, 13.98, 10.11, 6.93, 42.79, 8.61, 30.04, 30.27, 19.98, 7.46, 18.62, 41.49, 28.59, 17.68, 17.35, 22.94, 32.07, 15.54, 5.32, 17.1, 18.85, 43.11, 5.91, 12.03, 35.12, 15.58, 86.19], [0.0, 51.24, 16.72, 36.49, 18.75, 34.92, 0.0, 16.24, 5.75, 11.81, 27.11, 15.97, 31.03, 8.96, 57.32, 36.05, 42.99, 12.68, 20.73, 11.65, 27.31, 33.22, 33.74, 11.65, 39.79, 16.35, 45.15, 32.32, 28.4, 10.24, 26.49, 11.69, 16.14, 38.67, 27.48, 25.34, 6.59, 14.18, 22.07, 51.96, 18.03, 14.69, 19.4, 40.1, 21.14, 29.63, 10.68, 29.14, 44.46, 63.5, 19.48, 57.05], [0.0, 36.19, 17.03, 21.92, 19.78, 19.99, 16.24, 0.0, 21.48, 12.15, 20.76, 4.25, 15.47, 18.76, 44.65, 28.3, 30.53, 10.86, 12.14, 15.0, 12.13, 18.08, 27.3, 9.53, 27.34, 14.35, 32.33, 17.07, 13.09, 25.76, 11.42, 17.1, 11.81, 30.37, 13.07, 18.95, 22.48, 17.47, 14.91, 37.35, 15.45, 13.0, 5.73, 24.82, 13.23, 22.84, 23.19, 14.86, 31.05, 52.63, 5.09, 72.11], [0.0, 56.91, 21.73, 42.18, 24.16, 40.58, 5.75, 21.48, 0.0, 14.29, 32.53, 21.6, 36.58, 12.64, 63.05, 41.47, 48.72, 15.6, 26.44, 12.91, 32.9, 38.84, 39.03, 15.11, 45.53, 21.73, 50.89, 37.92, 33.98, 8.48, 32.1, 16.26, 18.81, 44.12, 33.15, 30.8, 12.34, 18.88, 27.68, 57.68, 23.37, 16.87, 25.04, 45.73, 26.82, 35.04, 6.76, 34.84, 50.21, 69.09, 25.07, 53.8], [0.0, 47.79, 23.59, 33.9, 15.19, 31.87, 11.81, 12.15, 14.29, 0.0, 31.05, 15.0, 27.09, 19.52, 56.79, 39.39, 42.66, 15.51, 22.76, 11.03, 24.08, 29.9, 37.88, 9.35, 39.47, 21.83, 44.48, 28.85, 24.95, 21.7, 23.43, 20.51, 4.52, 41.67, 25.18, 29.15, 15.31, 22.3, 25.16, 49.15, 23.44, 13.77, 17.68, 36.43, 23.66, 33.4, 12.81, 26.97, 43.17, 64.68, 17.17, 68.06], [0.0, 31.45, 11.35, 18.76, 18.86, 18.96, 27.11, 20.76, 32.53, 31.05, 0.0, 16.68, 19.4, 21.27, 32.27, 8.94, 18.97, 30.27, 8.62, 33.33, 16.96, 18.78, 6.86, 28.59, 16.36, 10.8, 21.36, 18.76, 17.6, 30.99, 16.53, 17.06, 32.18, 11.59, 14.9, 13.28, 33.11, 14.6, 5.93, 30.86, 9.18, 32.85, 15.59, 23.44, 7.56, 11.35, 37.61, 14.85, 21.81, 36.8, 16.52, 69.32], [0.0, 35.31, 13.07, 20.62, 18.48, 18.97, 15.97, 4.25, 21.6, 15.0, 16.68, 0.0, 15.13, 16.37, 42.45, 24.56, 28.14, 13.97, 8.08, 17.64, 11.36, 17.25, 23.34, 12.4, 24.91, 10.29, 30.11, 16.35, 12.46, 24.49, 10.54, 13.99, 15.54, 26.75, 11.57, 14.84, 22.52, 13.91, 10.78, 36.14, 11.28, 16.4, 9.98, 24.14, 9.13, 18.86, 24.49, 13.28, 29.1, 49.83, 9.34, 70.04], [0.0, 20.75, 24.15, 7.3, 12.52, 5.05, 31.03, 15.47, 36.58, 27.09, 19.4, 15.13, 0.0, 30.76, 30.7, 22.22, 17.76, 25.6, 14.8, 30.02, 12.92, 9.19, 23.13, 24.6, 15.08, 21.45, 18.93, 8.75, 11.98, 39.5, 4.69, 27.52, 25.3, 23.06, 4.88, 18.58, 37.53, 26.44, 16.57, 22.07, 21.26, 27.15, 11.75, 9.37, 15.56, 19.94, 38.66, 4.56, 17.06, 40.06, 11.56, 84.05], [0.0, 49.38, 9.94, 34.72, 20.17, 33.62, 8.96, 18.76, 12.64, 19.52, 21.27, 16.37, 30.76, 0.0, 53.15, 30.02, 39.16, 19.93, 17.34, 20.09, 26.91, 32.26, 27.28, 18.47, 36.12, 10.99, 41.48, 31.55, 28.03, 9.79, 26.08, 4.21, 23.3, 32.73, 26.35, 19.77, 12.89, 6.74, 17.55, 49.6, 12.31, 22.37, 19.31, 38.93, 17.27, 23.69, 19.02, 27.72, 41.27, 58.05, 19.81, 53.67], [0.0, 15.29, 43.44, 23.41, 41.6, 25.65, 57.32, 44.65, 63.05, 56.79, 32.27, 42.45, 30.7, 53.15, 0.0, 24.78, 14.36, 55.45, 36.62, 59.64, 32.94, 27.66, 28.06, 54.17, 17.58, 42.19, 12.34, 28.72, 32.24, 62.94, 33.5, 48.98, 55.68, 22.31, 31.62, 33.52, 63.81, 46.68, 35.71, 12.31, 40.84, 57.34, 39.3, 22.76, 36.33, 30.15, 66.85, 29.84, 13.71, 11.28, 39.69, 99.95], [0.0, 27.5, 20.09, 18.46, 25.92, 19.67, 36.05, 28.3, 41.47, 39.39, 8.94, 24.56, 22.22, 30.02, 24.78, 0.0, 13.57, 38.48, 16.63, 41.82, 21.2, 20.4, 10.93, 36.85, 12.2, 19.74, 15.76, 20.85, 21.4, 39.63, 21.1, 25.83, 40.05, 15.53, 18.98, 10.73, 42.04, 23.29, 14.38, 26.15, 18.1, 40.96, 22.7, 22.57, 15.77, 6.43, 46.52, 18.07, 17.12, 28.08, 23.52, 75.3], [0.0, 14.05, 29.67, 10.77, 27.52, 12.99, 42.99, 30.53, 48.72, 42.66, 18.97, 28.14, 17.76, 39.16, 14.36, 13.57, 0.0, 41.38, 22.33, 45.48, 19.26, 14.8, 16.6, 40.04, 19.29, 28.17, 22.47, 15.78, 18.74, 48.92, 19.71, 35.04, 41.85, 12.06, 17.68, 19.91, 49.5, 32.87, 21.61, 12.58, 26.93, 43.39, 25.06, 12.55, 22.1, 17.24, 52.49, 15.94, 20.53, 22.42, 25.5, 88.08], [0.0, 46.28, 23.31, 32.47, 13.87, 30.42, 12.68, 10.86, 15.6, 15.51, 30.27, 13.97, 25.6, 19.93, 55.45, 38.48, 41.38, 0.0, 21.87, 4.48, 22.66, 28.44, 37.08, 9.96, 38.2, 21.4, 43.16, 27.39, 23.51, 22.75, 22.03, 20.6, 10.99, 40.71, 23.83, 28.38, 16.63, 22.23, 24.36, 47.67, 22.96, 8.74, 16.49, 34.92, 22.81, 32.59, 14.4, 25.62, 41.8, 63.47, 15.93, 69.28], [0.0, 32.06, 9.39, 17.5, 10.39, 16.63, 20.73, 12.14, 26.44, 22.76, 8.62, 8.08, 14.8, 17.34, 36.62, 16.63, 22.33, 21.87, 0.0, 25.21, 11.3, 15.56, 15.27, 20.23, 19.17, 6.84, 24.55, 15.06, 12.29, 26.92, 10.6, 13.52, 23.61, 18.95, 9.96, 6.81, 27.19, 11.95, 11.97, 32.26, 6.46, 24.39, 7.2, 21.89, 12.31, 10.78, 30.65, 10.92, 24.1, 42.97, 8.16, 69.59], [0.0, 50.73, 25.24, 36.81, 18.06, 34.79, 11.65, 15.0, 12.91, 11.03, 33.33, 17.64, 30.02, 20.09, 59.64, 41.82, 45.48, 4.48, 25.21, 0.0, 26.99, 32.83, 40.19, 5.48, 42.28, 23.72, 47.32, 31.78, 27.86, 20.88, 26.33, 21.63, 6.51, 44.16, 28.06, 31.43, 13.87, 23.64, 27.5, 52.08, 25.37, 4.26, 20.45, 39.36, 26.05, 35.73, 10.33, 29.85, 46.04, 67.42, 19.98, 66.65], [0.0, 24.14, 20.54, 9.82, 9.09, 7.87, 27.31, 12.13, 32.9, 24.08, 16.96, 11.36, 12.92, 26.91, 32.94, 21.2, 19.26, 22.66, 11.3, 26.99, 0.0, 5.99, 21.57, 21.51, 16.26, 17.78, 20.79, 5.03, 10.98, 35.66, 10.86, 23.72, 22.74, 22.46, 10.25, 15.87, 33.84, 22.71, 13.35, 25.22, 17.71, 24.43, 7.94, 12.84, 12.16, 17.91, 35.25, 9.22, 19.24, 41.68, 7.84, 80.26], [0.0, 18.15, 24.93, 4.25, 15.06, 10.55, 33.22, 18.08, 38.84, 29.9, 18.78, 17.25, 9.19, 32.26, 27.66, 20.4, 14.8, 28.44, 15.56, 32.83, 5.99, 0.0, 21.67, 27.37, 12.23, 22.38, 15.9, 8.83, 5.0, 41.3, 6.77, 28.79, 28.26, 20.95, 5.92, 18.25, 39.77, 27.47, 16.88, 19.28, 21.97, 30.07, 13.81, 6.89, 16.14, 18.94, 41.23, 4.64, 14.0, 37.04, 13.79, 85.14], [0.0, 30.39, 17.42, 20.29, 25.16, 21.22, 33.74, 27.3, 39.03, 37.88, 6.86, 23.34, 23.13, 27.28, 28.06, 10.93, 16.6, 37.08, 15.27, 40.19, 21.57, 21.67, 0.0, 35.4, 14.92, 17.39, 18.85, 21.98, 21.94, 36.79, 21.35, 23.13, 38.88, 5.84, 19.36, 8.75, 39.55, 20.54, 12.72, 29.16, 15.7, 39.63, 21.89, 24.64, 14.28, 4.49, 44.31, 18.74, 20.06, 31.04, 22.77, 72.03], [0.0, 45.33, 21.59, 31.34, 12.58, 29.33, 11.65, 9.53, 15.11, 9.35, 28.59, 12.4, 24.6, 18.47, 54.17, 36.85, 40.04, 9.96, 20.23, 5.48, 21.51, 27.37, 35.4, 0.0, 36.84, 19.67, 41.86, 26.33, 22.4, 21.85, 20.85, 18.97, 4.83, 39.11, 22.58, 26.7, 16.16, 20.55, 22.68, 46.64, 21.23, 4.42, 15.05, 33.95, 21.15, 30.92, 14.69, 24.37, 40.57, 62.05, 14.54, 68.54], [0.0, 15.51, 26.75, 8.53, 24.35, 10.59, 39.79, 27.34, 45.53, 39.47, 16.36, 24.91, 15.08, 36.12, 17.58, 12.2, 19.29, 38.2, 19.17, 42.28, 16.26, 12.23, 14.92, 36.84, 0.0, 25.13, 5.39, 13.14, 15.81, 45.86, 16.66, 32.03, 38.74, 11.3, 14.58, 17.13, 46.31, 29.91, 18.57, 14.57, 23.95, 40.24, 21.85, 11.33, 18.98, 14.86, 49.27, 12.88, 5.45, 25.44, 22.3, 85.65], [0.0, 38.73, 12.65, 24.3, 14.01, 23.48, 16.35, 14.35, 21.73, 21.83, 10.8, 10.29, 21.45, 10.99, 42.19, 19.74, 28.17, 21.4, 6.84, 23.72, 17.78, 22.38, 17.39, 19.67, 25.13, 0.0, 30.48, 21.84, 18.83, 20.77, 17.01, 6.91, 23.95, 22.38, 16.67, 9.09, 22.32, 5.11, 6.57, 38.79, 11.09, 24.08, 11.64, 28.73, 6.48, 13.3, 26.93, 17.74, 30.32, 47.48, 12.48, 62.76], [0.0, 12.18, 32.03, 11.7, 29.29, 13.98, 45.15, 32.33, 50.89, 44.48, 21.36, 30.11, 18.93, 41.48, 12.34, 15.76, 22.47, 43.16, 24.55, 47.32, 20.79, 15.9, 18.85, 41.86, 5.39, 30.48, 0.0, 16.93, 20.17, 51.23, 21.3, 37.37, 43.5, 14.07, 19.35, 22.29, 51.68, 35.22, 23.92, 10.45, 29.27, 45.1, 26.96, 12.6, 24.36, 19.62, 54.54, 17.58, 10.84, 21.14, 27.36, 90.45], [0.0, 19.13, 24.45, 5.31, 14.06, 10.11, 32.32, 17.07, 37.92, 28.85, 18.76, 16.35, 8.75, 31.55, 28.72, 20.85, 15.78, 27.39, 15.06, 31.78, 5.03, 8.83, 21.98, 26.33, 13.14, 21.84, 16.93, 0.0, 13.83, 40.51, 5.83, 28.15, 27.19, 21.52, 5.22, 18.12, 38.86, 26.91, 16.53, 20.31, 21.5, 29.0, 12.92, 7.81, 15.69, 19.06, 40.24, 4.19, 15.06, 38.06, 12.86, 84.58], [0.0, 23.13, 21.57, 8.97, 10.07, 6.93, 28.4, 13.09, 33.98, 24.95, 17.6, 12.46, 11.98, 28.03, 32.24, 21.4, 18.74, 23.51, 12.29, 27.86, 10.98, 5.0, 21.94, 22.4, 15.81, 18.83, 20.17, 13.83, 0.0, 36.78, 11.76, 24.82, 23.47, 22.54, 10.91, 16.6, 34.91, 23.79, 14.24, 24.27, 18.72, 25.21, 9.05, 11.8, 13.11, 18.42, 36.25, 9.63, 18.53, 41.15, 8.92, 81.36], [0.0, 58.81, 19.64, 44.06, 27.87, 42.79, 10.24, 25.76, 8.48, 21.7, 30.99, 24.49, 39.5, 9.79, 62.94, 39.63, 48.92, 22.75, 26.92, 20.88, 35.66, 41.3, 36.79, 21.85, 45.86, 20.77, 51.23, 40.51, 36.78, 0.0, 34.83, 13.98, 26.16, 42.35, 35.39, 29.53, 7.86, 16.4, 27.31, 59.16, 22.1, 24.49, 27.78, 48.1, 26.94, 33.37, 14.82, 36.88, 50.96, 67.71, 28.09, 46.82], [0.0, 24.91, 19.78, 10.5, 8.36, 8.61, 26.49, 11.42, 32.1, 23.43, 16.53, 10.54, 4.69, 26.08, 33.5, 21.1, 19.71, 22.03, 10.6, 26.33, 10.86, 6.77, 21.35, 20.85, 16.66, 17.01, 21.3, 5.83, 11.76, 34.83, 0.0, 22.9, 22.2, 22.45, 9.56, 15.38, 33.03, 21.92, 12.72, 25.95, 16.97, 23.85, 7.12, 13.64, 11.48, 17.58, 34.5, 9.24, 19.81, 42.1, 7.03, 79.45], [0.0, 45.56, 5.74, 31.01, 17.93, 30.04, 11.69, 17.1, 16.26, 20.51, 17.06, 13.99, 27.52, 4.21, 48.98, 25.83, 35.04, 20.6, 13.52, 21.63, 23.72, 28.79, 23.13, 18.97, 32.03, 6.91, 37.37, 28.15, 24.82, 13.98, 22.9, 0.0, 23.74, 28.54, 22.94, 15.56, 16.65, 10.95, 13.47, 45.67, 8.13, 23.21, 16.51, 35.34, 13.32, 19.48, 22.27, 24.19, 37.23, 53.85, 17.14, 56.55], [0.0, 45.7, 26.06, 32.42, 14.55, 30.27, 16.14, 11.81, 18.81, 4.52, 32.18, 15.54, 25.3, 23.3, 55.68, 40.05, 41.85, 10.99, 23.61, 6.51, 22.74, 28.26, 38.88, 4.83, 38.74, 23.95, 43.5, 27.19, 23.47, 26.16, 22.2, 23.74, 0.0, 42.16, 24.18, 30.31, 19.82, 25.23, 26.25, 47.28, 25.44, 9.25, 17.53, 34.45, 24.63, 34.39, 16.84, 25.93, 41.98, 64.15, 16.83, 72.58], [0.0, 26.11, 22.8, 18.51, 27.86, 19.98, 38.67, 30.37, 44.12, 41.67, 11.59, 26.75, 23.06, 32.73, 22.31, 15.53, 12.06, 40.71, 18.95, 44.16, 22.46, 20.95, 5.84, 39.11, 11.3, 22.38, 14.07, 21.52, 22.54, 42.35, 22.45, 28.54, 42.16, 0.0, 20.27, 13.33, 44.7, 26.0, 16.85, 24.53, 20.77, 43.15, 24.69, 22.28, 18.15, 9.1, 49.09, 19.17, 15.73, 25.36, 25.47, 77.67], [0.0, 23.76, 19.33, 9.06, 10.0, 7.46, 27.48, 13.07, 33.15, 25.18, 14.9, 11.57, 4.88, 26.35, 31.62, 18.98, 17.68, 23.83, 9.96, 28.06, 10.25, 5.92, 19.36, 22.58, 14.58, 16.67, 19.35, 5.22, 10.91, 35.39, 9.56, 22.94, 24.18, 20.27, 0.0, 13.92, 34.06, 21.72, 11.71, 24.59, 16.42, 25.75, 8.15, 12.72, 10.69, 15.75, 35.9, 9.41, 17.99, 40.02, 8.3, 79.38], [0.0, 31.9, 9.93, 18.66, 17.14, 18.62, 25.34, 18.95, 30.8, 29.15, 13.28, 14.84, 18.58, 19.77, 33.52, 10.73, 19.91, 28.38, 6.81, 31.43, 15.87, 18.25, 8.75, 26.7, 17.13, 9.09, 22.29, 18.12, 16.6, 29.53, 15.38, 15.56, 30.31, 13.33, 13.92, 0.0, 31.4, 13.18, 12.6, 31.47, 7.53, 30.96, 13.89, 23.35, 5.72, 4.35, 35.79, 14.07, 22.54, 38.41, 14.83, 68.77], [0.0, 57.81, 22.2, 43.07, 25.13, 41.49, 6.59, 22.48, 12.34, 15.31, 33.11, 22.52, 37.53, 12.89, 63.81, 42.04, 49.5, 16.63, 27.19, 13.87, 33.84, 39.77, 39.55, 16.16, 46.31, 22.32, 51.68, 38.86, 34.91, 7.86, 33.03, 16.65, 19.82, 44.7, 34.06, 31.4, 0.0, 19.27, 28.36, 58.55, 23.94, 17.87, 25.96, 46.65, 27.53, 35.61, 7.05, 35.73, 51.03, 69.74, 26.0, 52.81], [0.0, 43.79, 16.67, 29.41, 17.85, 28.59, 14.18, 17.47, 18.88, 22.3, 14.6, 13.91, 26.44, 6.74, 46.68, 23.29, 32.87, 22.23, 11.95, 23.64, 22.71, 27.47, 20.54, 20.55, 29.91, 5.11, 35.22, 26.91, 23.79, 16.4, 21.92, 10.95, 25.23, 26.0, 21.72, 13.18, 19.27, 0.0, 11.47, 43.78, 5.98, 24.89, 16.0, 33.84, 11.58, 16.98, 24.81, 22.83, 35.19, 51.34, 16.73, 57.67], [0.0, 32.36, 8.47, 18.21, 13.23, 17.68, 22.07, 14.91, 27.68, 25.16, 5.93, 10.78, 16.57, 17.55, 35.71, 14.38, 21.61, 24.36, 11.97, 27.5, 13.35, 16.88, 12.72, 22.68, 18.57, 6.57, 23.92, 16.53, 14.24, 27.31, 12.72, 13.47, 26.25, 16.85, 11.71, 12.6, 28.36, 11.47, 0.0, 32.31, 5.51, 26.92, 10.03, 22.78, 11.35, 8.24, 32.32, 12.33, 23.76, 41.43, 10.98, 68.63], [0.0, 19.55, 40.73, 15.53, 34.3, 17.35, 51.96, 37.35, 57.68, 49.15, 30.86, 36.14, 22.07, 49.6, 12.31, 26.15, 12.58, 47.67, 32.26, 52.08, 25.22, 19.28, 29.16, 46.64, 14.57, 38.79, 10.45, 20.31, 24.27, 59.16, 25.95, 45.67, 47.28, 24.53, 24.59, 31.47, 58.55, 43.78, 32.31, 0.0, 37.81, 49.19, 32.74, 12.85, 32.36, 29.43, 60.44, 22.86, 9.16, 23.59, 32.86, 100.17], [0.0, 37.87, 13.87, 23.62, 14.82, 22.94, 18.03, 15.45, 23.37, 23.44, 9.18, 11.28, 21.26, 12.31, 40.84, 18.1, 26.93, 22.96, 6.46, 25.37, 17.71, 21.97, 15.7, 21.23, 23.95, 11.09, 29.27, 21.5, 18.72, 22.1, 16.97, 8.13, 25.44, 20.77, 16.42, 7.53, 23.94, 5.98, 5.51, 37.81, 0.0, 25.64, 12.2, 28.13, 5.84, 11.67, 28.63, 17.34, 29.21, 45.93, 13.09, 63.26], [0.0, 47.68, 26.0, 34.18, 15.91, 32.07, 14.69, 13.0, 16.87, 13.77, 32.85, 16.4, 27.15, 22.37, 57.34, 40.96, 43.39, 8.74, 24.39, 4.26, 24.43, 30.07, 39.63, 4.42, 40.24, 24.08, 45.1, 29.0, 25.21, 24.49, 23.85, 23.21, 9.25, 43.15, 25.75, 30.96, 17.87, 24.89, 26.92, 49.19, 25.64, 0.0, 18.72, 36.38, 25.35, 35.13, 14.57, 27.52, 43.65, 65.6, 18.09, 70.67], [0.0, 31.87, 14.53, 17.21, 15.48, 15.54, 19.4, 5.73, 25.04, 17.68, 15.59, 9.98, 11.75, 19.31, 39.3, 22.7, 25.06, 16.49, 7.2, 20.45, 7.94, 13.81, 21.89, 15.05, 21.85, 11.64, 26.96, 12.92, 9.05, 27.78, 7.12, 16.51, 17.53, 24.69, 8.15, 13.89, 25.96, 16.0, 10.03, 32.74, 12.2, 18.72, 0.0, 20.7, 8.35, 17.49, 27.8, 9.88, 25.85, 47.0, 10.82, 72.93], [0.0, 11.38, 31.13, 4.69, 21.84, 5.32, 40.1, 24.82, 45.73, 36.43, 23.44, 24.14, 9.37, 38.93, 22.76, 22.57, 12.55, 34.92, 21.89, 39.36, 12.84, 6.89, 24.64, 33.95, 11.33, 28.73, 12.6, 7.81, 11.8, 48.1, 13.64, 35.34, 34.45, 22.28, 12.72, 23.35, 46.65, 33.84, 22.78, 12.85, 28.13, 36.38, 20.7, 0.0, 22.31, 22.96, 48.01, 11.23, 10.15, 33.11, 20.67, 91.39], [0.0, 32.25, 8.83, 17.83, 11.53, 17.1, 21.14, 13.23, 26.82, 23.66, 7.56, 9.13, 15.56, 17.27, 36.33, 15.77, 22.1, 22.81, 12.31, 26.05, 12.16, 16.14, 14.28, 21.15, 18.98, 6.48, 24.36, 15.69, 13.11, 26.94, 11.48, 13.32, 24.63, 18.15, 10.69, 5.72, 27.53, 11.58, 11.35, 32.36, 5.84, 25.35, 8.35, 22.31, 0.0, 9.79, 31.21, 11.52, 24.02, 42.42, 9.3, 69.09], [0.0, 30.23, 13.75, 18.36, 20.77, 18.85, 29.63, 22.84, 35.04, 33.4, 11.35, 18.86, 19.94, 23.69, 30.15, 6.43, 17.24, 32.59, 10.78, 35.73, 17.91, 18.94, 4.49, 30.92, 14.86, 13.3, 19.62, 19.06, 18.42, 33.37, 17.58, 19.48, 34.39, 9.1, 15.75, 4.35, 35.61, 16.98, 8.24, 29.43, 11.67, 35.13, 17.49, 22.96, 9.79, 0.0, 40.12, 15.41, 20.3, 34.37, 18.39, 70.85], [0.0, 59.37, 27.41, 44.93, 26.18, 43.11, 10.68, 23.19, 6.76, 12.81, 37.61, 24.49, 38.66, 19.02, 66.85, 46.52, 52.49, 14.4, 30.65, 10.33, 35.25, 41.23, 44.31, 14.69, 49.27, 26.93, 54.54, 40.24, 36.25, 14.82, 34.5, 22.27, 16.84, 49.09, 35.9, 35.79, 7.05, 24.81, 32.32, 60.44, 28.63, 14.57, 27.8, 48.01, 31.21, 40.12, 0.0, 37.66, 53.59, 73.61, 27.6, 57.57], [0.0, 22.11, 20.3, 7.35, 11.79, 5.91, 29.14, 14.86, 34.84, 26.97, 14.85, 13.28, 4.56, 27.72, 29.84, 18.07, 15.94, 25.62, 10.92, 29.85, 9.22, 4.64, 18.74, 24.37, 12.88, 17.74, 17.58, 4.19, 9.63, 36.88, 9.24, 24.19, 25.93, 19.17, 9.41, 14.07, 35.73, 22.83, 12.33, 22.86, 17.34, 27.52, 9.88, 11.23, 11.52, 15.41, 37.66, 0.0, 16.2, 38.32, 10.07, 80.5], [0.0, 10.4, 32.05, 9.76, 27.99, 12.03, 44.46, 31.05, 50.21, 43.17, 21.81, 29.1, 17.06, 41.27, 13.71, 17.12, 20.53, 41.8, 24.1, 46.04, 19.24, 14.0, 20.06, 40.57, 5.45, 30.32, 10.84, 15.06, 18.53, 50.96, 19.81, 37.23, 41.98, 15.73, 17.99, 22.54, 51.03, 35.19, 23.76, 9.16, 29.21, 43.65, 25.85, 10.15, 24.02, 20.3, 53.59, 16.2, 0.0, 23.22, 26.17, 91.1], [0.0, 26.56, 48.12, 32.84, 49.69, 35.12, 63.5, 52.63, 69.09, 64.68, 36.8, 49.83, 40.06, 58.05, 11.28, 28.08, 22.42, 63.47, 42.97, 67.42, 41.68, 37.04, 31.04, 62.05, 25.44, 47.48, 21.14, 38.06, 41.15, 67.71, 42.1, 53.85, 64.15, 25.36, 40.02, 38.41, 69.74, 51.34, 41.43, 23.59, 45.93, 65.6, 47.0, 33.11, 42.42, 34.37, 73.61, 38.32, 23.22, 0.0, 47.55, 100.5], [0.0, 31.91, 15.36, 17.33, 15.39, 15.58, 19.48, 5.09, 25.07, 17.17, 16.52, 9.34, 11.56, 19.81, 39.69, 23.52, 25.5, 15.93, 8.16, 19.98, 7.84, 13.79, 22.77, 14.54, 22.3, 12.48, 27.36, 12.86, 8.92, 28.09, 7.03, 17.14, 16.83, 25.47, 8.3, 14.83, 26.0, 16.73, 10.98, 32.86, 13.09, 18.09, 10.82, 20.67, 9.3, 18.39, 27.6, 10.07, 26.17, 47.55, 0.0, 73.46], [0.0, 0.0, 0.0, 0.0, 0.0, 0.0, 0.0, 0.0, 0.0, 0.0, 0.0, 0.0, 0.0, 0.0, 0.0, 0.0, 0.0, 0.0, 0.0, 0.0, 0.0, 0.0, 0.0, 0.0, 0.0, 0.0, 0.0, 0.0, 0.0, 0.0, 0.0, 0.0, 0.0, 0.0, 0.0, 0.0, 0.0, 0.0, 0.0, 0.0, 0.0, 0.0, 0.0, 0.0, 0.0, 0.0, 0.0, 0.0, 0.0, 0.0, 0.0, 0.0]], "time_windows": [[0.0, 5000.0], [0.0, 155.0], [0.0, 249.0], [0.0, 326.0], [0.0, 365.0], [0.0, 395.0], [0.0, 450.0], [0.0, 486.0], [0.0, 549.0], [0.0, 590.0], [0.0, 652.0], [0.0, 679.0], [0.0, 701.0], [0.0, 744.0], [0.0, 824.0], [0.0, 877.0], [0.0, 903.0], [0.0, 973.0], [0.0, 1004.0], [0.0, 1036.0], [0.0, 1066.0], [0.0, 1073.0], [0.0, 1097.0], [0.0, 1133.0], [0.0, 1170.0], [0.0, 1195.0], [0.0, 1226.0], [0.0, 1243.0], [0.0, 1257.0], [0.0, 1293.0], [0.0, 1328.0], [0.0, 1351.0], [0.0, 1375.0], [0.0, 1417.0], [0.0, 1437.0], [0.0, 1451.0], [0.0, 1483.0], [0.0, 1502.0], [0.0, 1513.0], [0.0, 1546.0], [0.0, 1583.0], [0.0, 1609.0], [0.0, 1628.0], [0.0, 1649.0], [0.0, 1671.0], [0.0, 1681.0], [0.0, 1721.0], [0.0, 1758.0], [0.0, 1775.0], [0.0, 1798.0], [0.0, 1845.0], [0.0, 5000.0]], "start_depot": 0, "end_depot": 51, "horizon": [0.0, 5000.0]}