{"digraph": {"vertex_count": 52, "arc_count": 2550, "arcs": [[0, 1, 1, 1, 1, 1, 1, 1, 1, 1, 1, 1, 1, 1, 1, 1, 1, 1, 1, 1, 1, 1, 1, 1, 1, 1, 1, 1, 1, 1, 1, 1, 1, 1, 1, 1, 1, 1, 1, 1, 1, 1, 1, 1, 1, 1, 1, 1, 1, 1, 1, 1], [0, 0, 1, 1, 1, 1, 1, 1, 1, 1, 1, 1, 1, 1, 1, 1, 1, 1, 1, 1, 1, 1, 1, 1, 1, 1, 1, 1, 1, 1, 1, 1, 1, 1, 1, 1, 1, 1, 1, 1, 1, 1, 1, 1, 1, 1, 1, 1, 1, 1, 1, 1], [0, 1, 0, 1, 1, 1, 1, 1, 1, 1, 1, 1, 1, 1, 1, 1, 1, 1, 1, 1, 1, 1, 1, 1, 1, 1, 1, 1, 1, 1, 1, 1, 1, 1, 1, 1, 1, 1, 1, 1, 1, 1, 1, 1, 1, 1, 1, 1, 1, 1, 1, 1], [0, 1, 1, 0, 1, 1, 1, 1, 1, 1, 1, 1, 1, 1, 1, 1, 1, 1, 1, 1, 1, 1, 1, 1, 1, 1, 1, 1, 1, 1, 1, 1, 1, 1, 1, 1, 1, 1, 1, 1, 1, 1, 1, 1, 1, 1, 1, 1, 1, 1, 1, 1], [0, 1, 1, 1, 0, 1, 1, 1, 1, 1, 1, 1, 1, 1, 1, 1, 1, 1, 1, 1, 1, 1, 1, 1, 1, 1, 1, 1, 1, 1, 1, 1, 1, 1, 1, 1, 1, 1, 1, 1, 1, 1, 1, 1, 1, 1, 1, 1, 1, 1, 1, 1], [0, 1, 1, 1, 1, 0, 1, 1, 1, 1, 1, 1, 1, 1, 1, 1, 1, 1, 1, 1, 1, 1, 1, 1, 1, 1, 1, 1, 1, 1, 1, 1, 1, 1, 1, 1, 1, 1, 1, 1, 1, 1, 1, 1, 1, 1, 1, 1, 1, 1, 1, 1], [0, 1, 1, 1, 1, 1, 0, 1, 1, 1, 1, 1, 1, 1, 1, 1, 1, 1, 1, 1, 1, 1, 1, 1, 1, 1, 1, 1, 1, 1, 1, 1, 1, 1, 1, 1, 1, 1, 1, 1, 1, 1, 1, 1, 1, 1, 1, 1, 1, 1, 1, 1], [0, 1, 1, 1, 1, 1, 1, 0, 1, 1, 1, 1, 1, 1, 1, 1, 1, 1, 1, 1, 1, 1, 1, 1, 1, 1, 1, 1, 1, 1, 1, 1, 1, 1, 1, 1, 1, 1, 1, 1, 1, 1, 1, 1, 1, 1, 1, 1, 1, 1, 1, 1], [0, 1, 1, 1, 1, 1, 1, 1, 0, 1, 1, 1, 1, 1, 1, 1, 1, 1, 1, 1, 1, 1, 1, 1, 1, 1, 1, 1, 1, 1, 1, 1, 1, 1, 1, 1, 1, 1, 1, 1, 1, 1, 1, 1, 1, 1, 1, 1, 1, 1, 1, 1], [0, 1, 1, 1, 1, 1, 1, 1, 1, 0, 1, 1, 1, 1, 1, 1, 1, 1, 1, 1, 1, 1, 1, 1, 1, 1, 1, 1, 1, 1, 1, 1, 1, 1, 1, 1, 1, 1, 1, 1, 1, 1, 1, 1, 1, 1, 1, 1, 1, 1, 1, 1], [0, 1, 1, 1, 1, 1, 1, 1, 1, 1, 0, 1, 1, 1, 1, 1, 1, 1, 1, 1, 1, 1, 1, 1, 1, 1, 1, 1, 1, 1, 1, 1, 1, 1, 1, 1, 1, 1, 1, 1, 1, 1, 1, 1, 1, 1, 1, 1, 1, 1, 1, 1], [0, 1, 1, 1, 1, 1, 1, 1, 1, 1, 1, 0, 1, 1, 1, 1, 1, 1, 1, 1, 1, 1, 1, 1, 1, 1, 1, 1, 1, 1, 1, 1, 1, 1, 1, 1, 1, 1, 1, 1, 1, 1, 1, 1, 1, 1, 1, 1, 1, 1, 1, 1], [0, 1, 1, 1, 1, 1, 1, 1, 1, 1, 1, 1, 0, 1, 1, 1, 1, 1, 1, 1, 1, 1, 1, 1, 1, 1, 1, 1, 1, 1, 1, 1, 1, 1, 1, 1, 1, 1, 1, 1, 1, 1, 1, 1, 1, 1, 1, 1, 1, 1, 1, 1], [0, 1, 1, 1, 1, 1, 1, 1, 1, 1, 1, 1, 1, 0, 1, 1, 1, 1, 1, 1, 1, 1, 1, 1, 1, 1, 1, 1, 1, 1, 1, 1, 1, 1, 1, 1, 1, 1, 1, 1, 1, 1, 1, 1, 1, 1, 1, 1, 1, 1, 1, 1], [0, 1, 1, 1, 1, 1, 1, 1, 1, 1, 1, 1, 1, 1, 0, 1, 1, 1, 1, 1, 1, 1, 1, 1, 1, 1, 1, 1, 1, 1, 1, 1, 1, 1, 1, 1, 1, 1, 1, 1, 1, 1, 1, 1, 1, 1, 1, 1, 1, 1, 1, 1], [0, 1, 1, 1, 1, 1, 1, 1, 1, 1, 1, 1, 1, 1, 1, 0, 1, 1, 1, 1, 1, 1, 1, 1, 1, 1, 1, 1, 1, 1, 1, 1, 1, 1, 1, 1, 1, 1, 1, 1, 1, 1, 1, 1, 1, 1, 1, 1, 1, 1, 1, 1], [0, 1, 1, 1, 1, 1, 1, 1, 1, 1, 1, 1, 1, 1, 1, 1, 0, 1, 1, 1, 1, 1, 1, 1, 1, 1, 1, 1, 1, 1, 1, 1, 1, 1, 1, 1, 1, 1, 1, 1, 1, 1, 1, 1, 1, 1, 1, 1, 1, 1, 1, 1], [0, 1, 1, 1, 1, 1, 1, 1, 1, 1, 1, 1, 1, 1, 1, 1, 1, 0, 1, 1, 1, 1, 1, 1, 1, 1, 1, 1, 1, 1, 1, 1, 1, 1, 1, 1, 1, 1, 1, 1, 1, 1, 1, 1, 1, 1, 1, 1, 1, 1, 1, 1], [0, 1, 1, 1, 1, 1, 1, 1, 1, 1, 1, 1, 1, 1, 1, 1, 1, 1, 0, 1, 1, 1, 1, 1, 1, 1, 1, 1, 1, 1, 1, 1, 1, 1, 1, 1, 1, 1, 1, 1, 1, 1, 1, 1, 1, 1, 1, 1, 1, 1, 1, 1], [0, 1, 1, 1, 1, 1, 1, 1, 1, 1, 1, 1, 1, 1, 1, 1, 1, 1, 1, 0, 1, 1, 1, 1, 1, 1, 1, 1, 1, 1, 1, 1, 1, 1, 1, 1, 1, 1, 1, 1, 1, 1, 1, 1, 1, 1, 1, 1, 1, 1, 1, 1], [0, 1, 1, 1, 1, 1, 1, 1, 1, 1, 1, 1, 1, 1, 1, 1, 1, 1, 1, 1, 0, 1, 1, 1, 1, 1, 1, 1, 1, 1, 1, 1, 1, 1, 1, 1, 1, 1, 1, 1, 1, 1, 1, 1, 1, 1, 1, 1, 1, 1, 1, 1], [0, 1, 1, 1, 1, 1, 1, 1, 1, 1, 1, 1, 1, 1, 1, 1, 1, 1, 1, 1, 1, 0, 1, 1, 1, 1, 1, 1, 1, 1, 1, 1, 1, 1, 1, 1, 1, 1, 1, 1, 1, 1, 1, 1, 1, 1, 1, 1, 1, 1, 1, 1], [0, 1, 1, 1, 1, 1, 1, 1, 1, 1, 1, 1, 1, 1, 1, 1, 1, 1, 1, 1, 1, 1, 0, 1, 1, 1, 1, 1, 1, 1, 1, 1, 1, 1, 1, 1, 1, 1, 1, 1, 1, 1, 1, 1, 1, 1, 1, 1, 1, 1, 1, 1], [0, 1, 1, 1, 1, 1, 1, 1, 1, 1, 1, 1, 1, 1, 1, 1, 1, 1, 1, 1, 1, 1, 1, 0, 1, 1, 1, 1, 1, 1, 1, 1, 1, 1, 1, 1, 1, 1, 1, 1, 1, 1, 1, 1, 1, 1, 1, 1, 1, 1, 1, 1], [0, 1, 1, 1, 1, 1, 1, 1, 1, 1, 1, 1, 1, 1, 1, 1, 1, 1, 1, 1, 1, 1, 1, 1, 0, 1, 1, 1, 1, 1, 1, 1, 1, 1, 1, 1, 1, 1, 1, 1, 1, 1, 1, 1, 1, 1, 1, 1, 1, 1, 1, 1], [0, 1, 1, 1, 1, 1, 1, 1, 1, 1, 1, 1, 1, 1, 1, 1, 1, 1, 1, 1, 1, 1, 1, 1, 1, 0, 1, 1, 1, 1, 1, 1, 1, 1, 1, 1, 1, 1, 1, 1, 1, 1, 1, 1, 1, 1, 1, 1, 1, 1, 1, 1], [0, 1, 1, 1, 1, 1, 1, 1, 1, 1, 1, 1, 1, 1, 1, 1, 1, 1, 1, 1, 1, 1, 1, 1, 1, 1, 0, 1, 1, 1, 1, 1, 1, 1, 1, 1, 1, 1, 1, 1, 1, 1, 1, 1, 1, 1, 1, 1, 1, 1, 1, 1], [0, 1, 1, 1, 1, 1, 1, 1, 1, 1, 1, 1, 1, 1, 1, 1, 1, 1, 1, 1, 1, 1, 1, 1, 1, 1, 1, 0, 1, 1, 1, 1, 1, 1, 1, 1, 1, 1, 1, 1, 1, 1, 1, 1, 1, 1, 1, 1, 1, 1, 1, 1], [0, 1, 1, 1, 1, 1, 1, 1, 1, 1, 1, 1, 1, 1, 1, 1, 1, 1, 1, 1, 1, 1, 1, 1, 1, 1, 1, 1, 0, 1, 1, 1, 1, 1, 1, 1, 1, 1, 1, 1, 1, 1, 1, 1, 1, 1, 1, 1, 1, 1, 1, 1], [0, 1, 1, 1, 1, 1, 1, 1, 1, 1, 1, 1, 1, 1, 1, 1, 1, 1, 1, 1, 1, 1, 1, 1, 1, 1, 1, 1, 1, 0, 1, 1, 1, 1, 1, 1, 1, 1, 1, 1, 1, 1, 1, 1, 1, 1, 1, 1, 1, 1, 1, 1], [0, 1, 1, 1, 1, 1, 1, 1, 1, 1, 1, 1, 1, 1, 1, 1, 1, 1, 1, 1, 1, 1, 1, 1, 1, 1, 1, 1, 1, 1, 0, 1, 1, 1, 1, 1, 1, 1, 1, 1, 1, 1, 1, 1, 1, 1, 1, 1, 1, 1, 1, 1], [0, 1, 1, 1, 1, 1, 1, 1, 1, 1, 1, 1, 1, 1, 1, 1, 1, 1, 1, 1, 1, 1, 1, 1, 1, 1, 1, 1, 1, 1, 1, 0, 1, 1, 1, 1, 1, 1, 1, 1, 1, 1, 1, 1, 1, 1, 1, 1, 1, 1, 1, 1], [0, 1, 1, 1, 1, 1, 1, 1, 1, 1, 1, 1, 1, 1, 1, 1, 1, 1, 1, 1, 1, 1, 1, 1, 1, 1, 1, 1, 1, 1, 1, 1, 0, 1, 1, 1, 1, 1, 1, 1, 1, 1, 1, 1, 1, 1, 1, 1, 1, 1, 1, 1], [0, 1, 1, 1, 1, 1, 1, 1, 1, 1, 1, 1, 1, 1, 1, 1, 1, 1, 1, 1, 1, 1, 1, 1, 1, 1, 1, 1, 1, 1, 1, 1, 1, 0, 1, 1, 1, 1, 1, 1, 1, 1, 1, 1, 1, 1, 1, 1, 1, 1, 1, 1], [0, 1, 1, 1, 1, 1, 1, 1, 1, 1, 1, 1, 1, 1, 1, 1, 1, 1, 1, 1, 1, 1, 1, 1, 1, 1, 1, 1, 1, 1, 1, 1, 1, 1, 0, 1, 1, 1, 1, 1, 1, 1, 1, 1, 1, 1, 1, 1, 1, 1, 1, 1], [0, 1, 1, 1, 1, 1, 1, 1, 1, 1, 1, 1, 1, 1, 1, 1, 1, 1, 1, 1, 1, 1, 1, 1, 1, 1, 1, 1, 1, 1, 1, 1, 1, 1, 1, 0, 1, 1, 1, 1, 1, 1, 1, 1, 1, 1, 1, 1, 1, 1, 1, 1], [0, 1, 1, 1, 1, 1, 1, 1, 1, 1, 1, 1, 1, 1, 1, 1, 1, 1, 1, 1, 1, 1, 1, 1, 1, 1, 1, 1, 1, 1, 1, 1, 1, 1, 1, 1, 0, 1, 1, 1, 1, 1, 1, 1, 1, 1, 1, 1, 1, 1, 1, 1], [0, 1, 1, 1, 1, 1, 1, 1, 1, 1, 1, 1, 1, 1, 1, 1, 1, 1, 1, 1, 1, 1, 1, 1, 1, 1, 1, 1, 1, 1, 1, 1, 1, 1, 1, 1, 1, 0, 1, 1, 1, 1, 1, 1, 1, 1, 1, 1, 1, 1, 1, 1], [0, 1, 1, 1, 1, 1, 1, 1, 1, 1, 1, 1, 1, 1, 1, 1, 1, 1, 1, 1, 1, 1, 1, 1, 1, 1, 1, 1, 1, 1, 1, 1, 1, 1, 1, 1, 1, 1, 0, 1, 1, 1, 1, 1, 1, 1, 1, 1, 1, 1, 1, 1], [0, 1, 1, 1, 1, 1, 1, 1, 1, 1, 1, 1, 1, 1, 1, 1, 1, 1, 1, 1, 1, 1, 1, 1, 1, 1, 1, 1, 1, 1, 1, 1, 1, 1, 1, 1, 1, 1, 1, 0, 1, 1, 1, 1, 1, 1, 1, 1, 1, 1, 1, 1], [0, 1, 1, 1, 1, 1, 1, 1, 1, 1, 1, 1, 1, 1, 1, 1, 1, 1, 1, 1, 1, 1, 1, 1, 1, 1, 1, 1, 1, 1, 1, 1, 1, 1, 1, 1, 1, 1, 1, 1, 0, 1, 1, 1, 1, 1, 1, 1, 1, 1, 1, 1], [0, 1, 1, 1, 1, 1, 1, 1, 1, 1, 1, 1, 1, 1, 1, 1, 1, 1, 1, 1, 1, 1, 1, 1, 1, 1, 1, 1, 1, 1, 1, 1, 1, 1, 1, 1, 1, 1, 1, 1, 1, 0, 1, 1, 1, 1, 1, 1, 1, 1, 1, 1], [0, 1, 1, 1, 1, 1, 1, 1, 1, 1, 1, 1, 1, 1, 1, 1, 1, 1, 1, 1, 1, 1, 1, 1, 1, 1, 1, 1, 1, 1, 1, 1, 1, 1, 1, 1, 1, 1, 1, 1, 1, 1, 0, 1, 1, 1, 1, 1, 1, 1, 1, 1], [0, 1, 1, 1, 1, 1, 1, 1, 1, 1, 1, 1, 1, 1, 1, 1, 1, 1, 1, 1, 1, 1, 1, 1, 1, 1, 1, 1, 1, 1, 1, 1, 1, 1, 1, 1, 1, 1, 1, 1, 1, 1, 1, 0, 1, 1, 1, 1, 1, 1, 1, 1], [0, 1, 1, 1, 1, 1, 1, 1, 1, 1, 1, 1, 1, 1, 1, 1, 1, 1, 1, 1, 1, 1, 1, 1, 1, 1, 1, 1, 1, 1, 1, 1, 1, 1, 1, 1, 1, 1, 1, 1, 1, 1, 1, 1, 0, 1, 1, 1, 1, 1, 1, 1], [0, 1, 1, 1, 1, 1, 1, 1, 1, 1, 1, 1, 1, 1, 1, 1, 1, 1, 1, 1, 1, 1, 1, 1, 1, 1, 1, 1, 1, 1, 1, 1, 1, 1, 1, 1, 1, 1, 1, 1, 1, 1, 1, 1, 1, 0, 1, 1, 1, 1, 1, 1], [0, 1, 1, 1, 1, 1, 1, 1, 1, 1, 1, 1, 1, 1, 1, 1, 1, 1, 1, 1, 1, 1, 1, 1, 1, 1, 1, 1, 1, 1, 1, 1, 1, 1, 1, 1, 1, 1, 1, 1, 1, 1, 1, 1, 1, 1, 0, 1, 1, 1, 1, 1], [0, 1, 1, 1, 1, 1, 1, 1, 1, 1, 1, 1, 1, 1, 1, 1, 1, 1, 1, 1, 1, 1, 1, 1, 1, 1, 1, 1, 1, 1, 1, 1, 1, 1, 1, 1, 1, 1, 1, 1, 1, 1, 1, 1, 1, 1, 1, 0, 1, 1, 1, 1], [0, 1, 1, 1, 1, 1, 1, 1, 1, 1, 1, 1, 1, 1, 1, 1, 1, 1, 1, 1, 1, 1, 1, 1, 1, 1, 1, 1, 1, 1, 1, 1, 1, 1, 1, 1, 1, 1, 1, 1, 1, 1, 1, 1, 1, 1, 1, 1, 0, 1, 1, 1], [0, 1, 1, 1, 1, 1, 1, 1, 1, 1, 1, 1, 1, 1, 1, 1, 1, 1, 1, 1, 1, 1, 1, 1, 1, 1, 1, 1, 1, 1, 1, 1, 1, 1, 1, 1, 1, 1, 1, 1, 1, 1, 1, 1, 1, 1, 1, 1, 1, 0, 1, 1], [0, 1, 1, 1, 1, 1, 1, 1, 1, 1, 1, 1, 1, 1, 1, 1, 1, 1, 1, 1, 1, 1, 1, 1, 1, 1, 1, 1, 1, 1, 1, 1, 1, 1, 1, 1, 1, 1, 1, 1, 1, 1, 1, 1, 1, 1, 1, 1, 1, 1, 0, 1], [0, 0, 0, 0, 0, 0, 0, 0, 0, 0, 0, 0, 0, 0, 0, 0, 0, 0, 0, 0, 0, 0, 0, 0, 0, 0, 0, 0, 0, 0, 0, 0, 0, 0, 0, 0, 0, 0, 0, 0, 0, 0, 0, 0, 0, 0, 0, 0, 0, 0, 0, 0]]}, "cluster_count": 3, "cluster_speeds": [[0.7400000000000001, 0.68, 0.7400000000000001, 0.8, 0.666, 0.6120000000000001, 0.666, 0.7200000000000001, 0.37000000000000005, 0.34, 0.37000000000000005, 0.4, 0.24420000000000003, 0.22440000000000004, 0.24420000000000003, 0.264, 0.296, 0.272, 0.296, 0.32000000000000006, 0.44400000000000006, 0.40800000000000003, 0.44400000000000006, 0.48, 0.6475, 0.595, 0.6475, 0.7, 0.37, 0.34, 0.37, 0.4, 0.30525, 0.2805, 0.30525, 0.33, 0.4625, 0.425, 0.4625, 0.5, 0.6475, 0.595, 0.6475, 0.7, 0.74, 0.68, 0.74, 0.8, 0.518, 0.476, 0.518, 0.5599999999999999, 0.37000000000000005, 0.34, 0.37000000000000005, 0.4, 0.44400000000000006, 0.40800000000000003, 0.44400000000000006, 0.48, 0.518, 0.476, 0.518, 0.5599999999999999, 0.666, 0.6120000000000001, 0.666, 0.7200000000000001, 0.7400000000000001, 0.68, 0.7400000000000001, 0.8, 0.8], [0.8325, 0.765, 0.8325, 0.9, 0.7492500000000001, 0.6885, 0.7492500000000001, 0.81, 0.41625, 0.3825, 0.41625, 0.45, 0.27472500000000005, 0.25245, 0.27472500000000005, 0.29700000000000004, 0.333, 0.30600000000000005, 0.333, 0.36000000000000004, 0.49950000000000006, 0.459, 0.49950000000000006, 0.54, 0.6475, 0.595, 0.6475, 0.7, 0.37, 0.34, 0.37, 0.4, 0.30525, 0.2805, 0.30525, 0.33, 0.4625, 0.425, 0.4625, 0.5, 0.6475, 0.595, 0.6475, 0.7, 0.74, 0.68, 0.74, 0.8, 0.58275, 0.5355, 0.58275, 0.63, 0.41625, 0.3825, 0.41625, 0.45, 0.49950000000000006, 0.459, 0.49950000000000006, 0.54, 0.58275, 0.5355, 0.58275, 0.63, 0.7492500000000001, 0.6885, 0.7492500000000001, 0.81, 0.8325, 0.765, 0.8325, 0.9, 0.9], [0.925, 0.85, 0.925, 1.0, 0.8325, 0.765, 0.8325, 0.9, 0.4625, 0.425, 0.4625, 0.5, 0.30525, 0.2805, 0.30525, 0.33, 0.37, 0.34, 0.37, 0.4, 0.555, 0.51, 0.555, 0.6, 0.6475, 0.595, 0.6475, 0.7, 0.37, 0.34, 0.37, 0.4, 0.30525, 0.2805, 0.30525, 0.33, 0.4625, 0.425, 0.4625, 0.5, 0.6475, 0.595, 0.6475, 0.7, 0.74, 0.68, 0.74, 0.8, 0.6475, 0.595, 0.6475, 0.7, 0.4625, 0.425, 0.4625, 0.5, 0.555, 0.51, 0.555, 0.6, 0.6475, 0.595, 0.6475, 0.7, 0.8325, 0.765, 0.8325, 0.9, 0.925, 0.85, 0.925, 1.0, 1.0]], "clusters": [[-1, 2, 2, 2, 2, 2, 2, 2, 2, 2, 2, 2, 2, 2, 2, 2, 2, 2, 2, 2, 2, 2, 2, 2, 2, 2, 2, 2, 2, 2, 2, 2, 2, 2, 2, 2, 2, 2, 2, 2, 2, 2, 2, 2, 2, 2, 2, 2, 2, 2, 2, 2], [2, -1, 2, 2, 2, 2, 2, 2, 2, 2, 2, 2, 2, 2, 2, 2, 2, 2, 2, 2, 2, 2, 2, 2, 2, 2, 2, 2, 2, 2, 2, 2, 2, 2, 2, 2, 2, 2, 2, 2, 2, 2, 2, 2, 2, 2, 2, 2, 2, 2, 2, 2], [1, 1, -1, 1, 1, 1, 1, 1, 1, 1, 1, 1, 1, 1, 1, 1, 1, 1, 1, 1, 1, 1, 1, 1, 1, 1, 1, 1, 1, 1, 1, 1, 1, 1, 1, 1, 1, 1, 1, 1, 1, 1, 1, 1, 1, 1, 1, 1, 1, 1, 1, 1], [0, 0, 0, -1, 0, 0, 0, 0, 0, 0, 0, 0, 0, 0, 0, 0, 0, 0, 0, 0, 0, 0, 0, 0, 0, 0, 0, 0, 0, 0, 0, 0, 0, 0, 0, 0, 0, 0, 0, 0, 0, 0, 0, 0, 0, 0, 0, 0, 0, 0, 0, 0], [1, 1, 1, 1, -1, 1, 1, 1, 1, 1, 1, 1, 1, 1, 1, 1, 1, 1, 1, 1, 1, 1, 1, 1, 1, 1, 1, 1, 1, 1, 1, 1, 1, 1, 1, 1, 1, 1, 1, 1, 1, 1, 1, 1, 1, 1, 1, 1, 1, 1, 1, 1], [0, 0, 0, 0, 0, -1, 0, 0, 0, 0, 0, 0, 0, 0, 0, 0, 0, 0, 0, 0, 0, 0, 0, 0, 0, 0, 0, 0, 0, 0, 0, 0, 0, 0, 0, 0, 0, 0, 0, 0, 0, 0, 0, 0, 0, 0, 0, 0, 0, 0, 0, 0], [0, 0, 0, 0, 0, 0, -1, 0, 0, 0, 0, 0, 0, 0, 0, 0, 0, 0, 0, 0, 0, 0, 0, 0, 0, 0, 0, 0, 0, 0, 0, 0, 0, 0, 0, 0, 0, 0, 0, 0, 0, 0, 0, 0, 0, 0, 0, 0, 0, 0, 0, 0], [0, 0, 0, 0, 0, 0, 0, -1, 0, 0, 0, 0, 0, 0, 0, 0, 0, 0, 0, 0, 0, 0, 0, 0, 0, 0, 0, 0, 0, 0, 0, 0, 0, 0, 0, 0, 0, 0, 0, 0, 0, 0, 0, 0, 0, 0, 0, 0, 0, 0, 0, 0], [0, 0, 0, 0, 0, 0, 0, 0, -1, 0, 0, 0, 0, 0, 0, 0, 0, 0, 0, 0, 0, 0, 0, 0, 0, 0, 0, 0, 0, 0, 0, 0, 0, 0, 0, 0, 0, 0, 0, 0, 0, 0, 0, 0, 0, 0, 0, 0, 0, 0, 0, 0], [1, 1, 1, 1, 1, 1, 1, 1, 1, -1, 1, 1, 1, 1, 1, 1, 1, 1, 1, 1, 1, 1, 1, 1, 1, 1, 1, 1, 1, 1, 1, 1, 1, 1, 1, 1, 1, 1, 1, 1, 1, 1, 1, 1, 1, 1, 1, 1, 1, 1, 1, 1], [0, 0, 0, 0, 0, 0, 0, 0, 0, 0, -1, 0, 0, 0, 0, 0, 0, 0, 0, 0, 0, 0, 0, 0, 0, 0, 0, 0, 0, 0, 0, 0, 0, 0, 0, 0, 0, 0, 0, 0, 0, 0, 0, 0, 0, 0, 0, 0, 0, 0, 0, 0], [0, 0, 0, 0, 0, 0, 0, 0, 0, 0, 0, -1, 0, 0, 0, 0, 0, 0, 0, 0, 0, 0, 0, 0, 0, 0, 0, 0, 0, 0, 0, 0, 0, 0, 0, 0, 0, 0, 0, 0, 0, 0, 0, 0, 0, 0, 0, 0, 0, 0, 0, 0], [1, 1, 1, 1, 1, 1, 1, 1, 1, 1, 1, 1, -1, 1, 1, 1, 1, 1, 1, 1, 1, 1, 1, 1, 1, 1, 1, 1, 1, 1, 1, 1, 1, 1, 1, 1, 1, 1, 1, 1, 1, 1, 1, 1, 1, 1, 1, 1, 1, 1, 1, 1], [0, 0, 0, 0, 0, 0, 0, 0, 0, 0, 0, 0, 0, -1, 0, 0, 0, 0, 0, 0, 0, 0, 0, 0, 0, 0, 0, 0, 0, 0, 0, 0, 0, 0, 0, 0, 0, 0, 0, 0, 0, 0, 0, 0, 0, 0, 0, 0, 0, 0, 0, 0], [0, 0, 0, 0, 0, 0, 0, 0, 0, 0, 0, 0, 0, 0, -1, 0, 0, 0, 0, 0, 0, 0, 0, 0, 0, 0, 0, 0, 0, 0, 0, 0, 0, 0, 0, 0, 0, 0, 0, 0, 0, 0, 0, 0, 0, 0, 0, 0, 0, 0, 0, 0], [0, 0, 0, 0, 0, 0, 0, 0, 0, 0, 0, 0, 0, 0, 0, -1, 0, 0, 0, 0, 0, 0, 0, 0, 0, 0, 0, 0, 0, 0, 0, 0, 0, 0, 0, 0, 0, 0, 0, 0, 0, 0, 0, 0, 0, 0, 0, 0, 0, 0, 0, 0], [1, 1, 1, 1, 1, 1, 1, 1, 1, 1, 1, 1, 1, 1, 1, 1, -1, 1, 1, 1, 1, 1, 1, 1, 1, 1, 1, 1, 1, 1, 1, 1, 1, 1, 1, 1, 1, 1, 1, 1, 1, 1, 1, 1, 1, 1, 1, 1, 1, 1, 1, 1], [2, 2, 2, 2, 2, 2, 2, 2, 2, 2, 2, 2, 2, 2, 2, 2, 2, -1, 2, 2, 2, 2, 2, 2, 2, 2, 2, 2, 2, 2, 2, 2, 2, 2, 2, 2, 2, 2, 2, 2, 2, 2, 2, 2, 2, 2, 2, 2, 2, 2, 2, 2], [0, 0, 0, 0, 0, 0, 0, 0, 0, 0, 0, 0, 0, 0, 0, 0, 0, 0, -1, 0, 0, 0, 0, 0, 0, 0, 0, 0, 0, 0, 0, 0, 0, 0, 0, 0, 0, 0, 0, 0, 0, 0, 0, 0, 0, 0, 0, 0, 0, 0, 0, 0], [1, 1, 1, 1, 1, 1, 1, 1, 1, 1, 1, 1, 1, 1, 1, 1, 1, 1, 1, -1, 1, 1, 1, 1, 1, 1, 1, 1, 1, 1, 1, 1, 1, 1, 1, 1, 1, 1, 1, 1, 1, 1, 1, 1, 1, 1, 1, 1, 1, 1, 1, 1], [1, 1, 1, 1, 1, 1, 1, 1, 1, 1, 1, 1, 1, 1, 1, 1, 1, 1, 1, 1, -1, 1, 1, 1, 1, 1, 1, 1, 1, 1, 1, 1, 1, 1, 1, 1, 1, 1, 1, 1, 1, 1, 1, 1, 1, 1, 1, 1, 1, 1, 1, 1], [0, 0, 0, 0, 0, 0, 0, 0, 0, 0, 0, 0, 0, 0, 0, 0, 0, 0, 0, 0, 0, -1, 0, 0, 0, 0, 0, 0, 0, 0, 0, 0, 0, 0, 0, 0, 0, 0, 0, 0, 0, 0, 0, 0, 0, 0, 0, 0, 0, 0, 0, 0], [2, 2, 2, 2, 2, 2, 2, 2, 2, 2, 2, 2, 2, 2, 2, 2, 2, 2, 2, 2, 2, 2, -1, 2, 2, 2, 2, 2, 2, 2, 2, 2, 2, 2, 2, 2, 2, 2, 2, 2, 2, 2, 2, 2, 2, 2, 2, 2, 2, 2, 2, 2], [0, 0, 0, 0, 0, 0, 0, 0, 0, 0, 0, 0, 0, 0, 0, 0, 0, 0, 0, 0, 0, 0, 0, -1, 0, 0, 0, 0, 0, 0, 0, 0, 0, 0, 0, 0, 0, 0, 0, 0, 0, 0, 0, 0, 0, 0, 0, 0, 0, 0, 0, 0], [0, 0, 0, 0, 0, 0, 0, 0, 0, 0, 0, 0, 0, 0, 0, 0, 0, 0, 0, 0, 0, 0, 0, 0, -1, 0, 0, 0, 0, 0, 0, 0, 0, 0, 0, 0, 0, 0, 0, 0, 0, 0, 0, 0, 0, 0, 0, 0, 0, 0, 0, 0], [0, 0, 0, 0, 0, 0, 0, 0, 0, 0, 0, 0, 0, 0, 0, 0, 0, 0, 0, 0, 0, 0, 0, 0, 0, -1, 0, 0, 0, 0, 0, 0, 0, 0, 0, 0, 0, 0, 0, 0, 0, 0, 0, 0, 0, 0, 0, 0, 0, 0, 0, 0], [1, 1, 1, 1, 1, 1, 1, 1, 1, 1, 1, 1, 1, 1, 1, 1, 1, 1, 1, 1, 1, 1, 1, 1, 1, 1, -1, 1, 1, 1, 1, 1, 1, 1, 1, 1, 1, 1, 1, 1, 1, 1, 1, 1, 1, 1, 1, 1, 1, 1, 1, 1], [0, 0, 0, 0, 0, 0, 0, 0, 0, 0, 0, 0, 0, 0, 0, 0, 0, 0, 0, 0, 0, 0, 0, 0, 0, 0, 0, -1, 0, 0, 0, 0, 0, 0, 0, 0, 0, 0, 0, 0, 0, 0, 0, 0, 0, 0, 0, 0, 0, 0, 0, 0], [0, 0, 0, 0, 0, 0, 0, 0, 0, 0, 0, 0, 0, 0, 0, 0, 0, 0, 0, 0, 0, 0, 0, 0, 0, 0, 0, 0, -1, 0, 0, 0, 0, 0, 0, 0, 0, 0, 0, 0, 0, 0, 0, 0, 0, 0, 0, 0, 0, 0, 0, 0], [1, 1, 1, 1, 1, 1, 1, 1, 1, 1, 1, 1, 1, 1, 1, 1, 1, 1, 1, 1, 1, 1, 1, 1, 1, 1, 1, 1, 1, -1, 1, 1, 1, 1, 1, 1, 1, 1, 1, 1, 1, 1, 1, 1, 1, 1, 1, 1, 1, 1, 1, 1], [0, 0, 0, 0, 0, 0, 0, 0, 0, 0, 0, 0, 0, 0, 0, 0, 0, 0, 0, 0, 0, 0, 0, 0, 0, 0, 0, 0, 0, 0, -1, 0, 0, 0, 0, 0, 0, 0, 0, 0, 0, 0, 0, 0, 0, 0, 0, 0, 0, 0, 0, 0], [0, 0, 0, 0, 0, 0, 0, 0, 0, 0, 0, 0, 0, 0, 0, 0, 0, 0, 0, 0, 0, 0, 0, 0, 0, 0, 0, 0, 0, 0, 0, -1, 0, 0, 0, 0, 0, 0, 0, 0, 0, 0, 0, 0, 0, 0, 0, 0, 0, 0, 0, 0], [0, 0, 0, 0, 0, 0, 0, 0, 0, 0, 0, 0, 0, 0, 0, 0, 0, 0, 0, 0, 0, 0, 0, 0, 0, 0, 0, 0, 0, 0, 0, 0, -1, 0, 0, 0, 0, 0, 0, 0, 0, 0, 0, 0, 0, 0, 0, 0, 0, 0, 0, 0], [0, 0, 0, 0, 0, 0, 0, 0, 0, 0, 0, 0, 0, 0, 0, 0, 0, 0, 0, 0, 0, 0, 0, 0, 0, 0, 0, 0, 0, 0, 0, 0, 0, -1, 0, 0, 0, 0, 0, 0, 0, 0, 0, 0, 0, 0, 0, 0, 0, 0, 0, 0], [0, 0, 0, 0, 0, 0, 0, 0, 0, 0, 0, 0, 0, 0, 0, 0, 0, 0, 0, 0, 0, 0, 0, 0, 0, 0, 0, 0, 0, 0, 0, 0, 0, 0, -1, 0, 0, 0, 0, 0, 0, 0, 0, 0, 0, 0, 0, 0, 0, 0, 0, 0], [0, 0, 0, 0, 0, 0, 0, 0, 0, 0, 0, 0, 0, 0, 0, 0, 0, 0, 0, 0, 0, 0, 0, 0, 0, 0, 0, 0, 0, 0, 0, 0, 0, 0, 0, -1, 0, 0, 0, 0, 0, 0, 0, 0, 0, 0, 0, 0, 0, 0, 0, 0], [1, 1, 1, 1, 1, 1, 1, 1, 1, 1, 1, 1, 1, 1, 1, 1, 1, 1, 1, 1, 1, 1, 1, 1, 1, 1, 1, 1, 1, 1, 1, 1, 1, 1, 1, 1, -1, 1, 1, 1, 1, 1, 1, 1, 1, 1, 1, 1, 1, 1, 1, 1], [0, 0, 0, 0, 0, 0, 0, 0, 0, 0, 0, 0, 0, 0, 0, 0, 0, 0, 0, 0, 0, 0, 0, 0, 0, 0, 0, 0, 0, 0, 0, 0, 0, 0, 0, 0, 0, -1, 0, 0, 0, 0, 0, 0, 0, 0, 0, 0, 0, 0, 0, 0], [0, 0, 0, 0, 0, 0, 0, 0, 0, 0, 0, 0, 0, 0, 0, 0, 0, 0, 0, 0, 0, 0, 0, 0, 0, 0, 0, 0, 0, 0, 0, 0, 0, 0, 0, 0, 0, 0, -1, 0, 0, 0, 0, 0, 0, 0, 0, 0, 0, 0, 0, 0], [0, 0, 0, 0, 0, 0, 0, 0, 0, 0, 0, 0, 0, 0, 0, 0, 0, 0, 0, 0, 0, 0, 0, 0, 0, 0, 0, 0, 0, 0, 0, 0, 0, 0, 0, 0, 0, 0, 0, -1, 0, 0, 0, 0, 0, 0, 0, 0, 0, 0, 0, 0], [0, 0, 0, 0, 0, 0, 0, 0, 0, 0, 0, 0, 0, 0, 0, 0, 0, 0, 0, 0, 0, 0, 0, 0, 0, 0, 0, 0, 0, 0, 0, 0, 0, 0, 0, 0, 0, 0, 0, 0, -1, 0, 0, 0, 0, 0, 0, 0, 0, 0, 0, 0], [1, 1, 1, 1, 1, 1, 1, 1, 1, 1, 1, 1, 1, 1, 1, 1, 1, 1, 1, 1, 1, 1, 1, 1, 1, 1, 1, 1, 1, 1, 1, 1, 1, 1, 1, 1, 1, 1, 1, 1, 1, -1, 1, 1, 1, 1, 1, 1, 1, 1, 1, 1], [0, 0, 0, 0, 0, 0, 0, 0, 0, 0, 0, 0, 0, 0, 0, 0, 0, 0, 0, 0, 0, 0, 0, 0, 0, 0, 0, 0, 0, 0, 0, 0, 0, 0, 0, 0, 0, 0, 0, 0, 0, 0, -1, 0, 0, 0, 0, 0, 0, 0, 0, 0], [0, 0, 0, 0, 0, 0, 0, 0, 0, 0, 0, 0, 0, 0, 0, 0, 0, 0, 0, 0, 0, 0, 0, 0, 0, 0, 0, 0, 0, 0, 0, 0, 0, 0, 0, 0, 0, 0, 0, 0, 0, 0, 0, -1, 0, 0, 0, 0, 0, 0, 0, 0], [1, 1, 1, 1, 1, 1, 1, 1, 1, 1, 1, 1, 1, 1, 1, 1, 1, 1, 1, 1, 1, 1, 1, 1, 1, 1, 1, 1, 1, 1, 1, 1, 1, 1, 1, 1, 1, 1, 1, 1, 1, 1, 1, 1, -1, 1, 1, 1, 1, 1, 1, 1], [0, 0, 0, 0, 0, 0, 0, 0, 0, 0, 0, 0, 0, 0, 0, 0, 0, 0, 0, 0, 0, 0, 0, 0, 0, 0, 0, 0, 0, 0, 0, 0, 0, 0, 0, 0, 0, 0, 0, 0, 0, 0, 0, 0, 0, -1, 0, 0, 0, 0, 0, 0], [1, 1, 1, 1, 1, 1, 1, 1, 1, 1, 1, 1, 1, 1, 1, 1, 1, 1, 1, 1, 1, 1, 1, 1, 1, 1, 1, 1, 1, 1, 1, 1, 1, 1, 1, 1, 1, 1, 1, 1, 1, 1, 1, 1, 1, 1, -1, 1, 1, 1, 1, 1], [0, 0, 0, 0, 0, 0, 0, 0, 0, 0, 0, 0, 0, 0, 0, 0, 0, 0, 0, 0, 0, 0, 0, 0, 0, 0, 0, 0, 0, 0, 0, 0, 0, 0, 0, 0, 0, 0, 0, 0, 0, 0, 0, 0, 0, 0, 0, -1, 0, 0, 0, 0], [0, 0, 0, 0, 0, 0, 0, 0, 0, 0, 0, 0, 0, 0, 0, 0, 0, 0, 0, 0, 0, 0, 0, 0, 0, 0, 0, 0, 0, 0, 0, 0, 0, 0, 0, 0, 0, 0, 0, 0, 0, 0, 0, 0, 0, 0, 0, 0, -1, 0, 0, 0], [0, 0, 0, 0, 0, 0, 0, 0, 0, 0, 0, 0, 0, 0, 0, 0, 0, 0, 0, 0, 0, 0, 0, 0, 0, 0, 0, 0, 0, 0, 0, 0, 0, 0, 0, 0, 0, 0, 0, 0, 0, 0, 0, 0, 0, 0, 0, 0, 0, -1, 0, 0], [0, 0, 0, 0, 0, 0, 0, 0, 0, 0, 0, 0, 0, 0, 0, 0, 0, 0, 0, 0, 0, 0, 0, 0, 0, 0, 0, 0, 0, 0, 0, 0, 0, 0, 0, 0, 0, 0, 0, 0, 0, 0, 0, 0, 0, 0, 0, 0, 0, 0, -1, 0], [2, 2, 2, 2, 2, 2, 2, 2, 2, 2, 2, 2, 2, 2, 2, 2, 2, 2, 2, 2, 2, 2, 2, 2, 2, 2, 2, 2, 2, 2, 2, 2, 2, 2, 2, 2, 2, 2, 2, 2, 2, 2, 2, 2, 2, 2, 2, 2, 2, 2, 2, -1]], "speed_zone_count": 73, "speed_zones": [[0.0, 15.0], [15.0, 30.0], [30.0, 45.0], [45.0, 60.0], [60.0, 75.0], [75.0, 90.0], [90.0, 105.0], [105.0, 120.0], [120.0, 135.0], [135.0, 150.0], [150.0, 165.0], [165.0, 180.0], [180.0, 195.0], [195.0, 210.0], [210.0, 225.0], [225.0, 240.0], [240.0, 255.0], [255.0, 270.0], [270.0, 285.0], [285.0, 300.0], [300.0, 315.0], [315.0, 330.0], [330.0, 345.0], [345.0, 360.0], [360.0, 375.0], [375.0, 390.0], [390.0, 405.0], [405.0, 420.0], [420.0, 435.0], [435.0, 450.0], [450.0, 465.0], [465.0, 480.0], [480.0, 495.0], [495.0, 510.0], [510.0, 525.0], [525.0, 540.0], [540.0, 555.0], [555.0, 570.0], [570.0, 585.0], [585.0, 600.0], [600.0, 615.0], [615.0, 630.0], [630.0, 645.0], [645.0, 660.0], [660.0, 675.0], [675.0, 690.0], [690.0, 705.0], [705.0, 720.0], [720.0, 735.0], [735.0, 750.0], [750.0, 765.0], [765.0, 780.0], [780.0, 795.0], [795.0, 810.0], [810.0, 825.0], [825.0, 840.0], [840.0, 855.0], [855.0, 870.0], [870.0, 885.0], [885.0, 900.0], [900.0, 915.0], [915.0, 930.0], [930.0, 945.0], [945.0, 960.0], [960.0, 975.0], [975.0, 990.0], [990.0, 1005.0], [1005.0, 1020.0], [1020.0, 1035.0], [1035.0, 1050.0], [1050.0, 1065.0], [1065.0, 1080.0], [1080.0, 5000.0]], "distances": [[0.0, 90.38, 68.61, 70.59, 55.99, 78.92, 66.47, 72.23, 81.27, 83.47, 70.78, 74.89, 52.89, 79.5, 72.55, 69.42, 66.73, 88.66, 68.95, 58.84, 82.84, 63.34, 95.09, 62.27, 60.61, 72.34, 77.86, 59.49, 73.43, 56.74, 76.57, 66.63, 70.71, 72.5, 69.18, 66.05, 87.91, 71.94, 62.84, 70.35, 70.43, 88.04, 70.21, 69.54, 87.55, 76.49, 52.02, 78.45, 79.88, 72.83, 67.05, 0.0], [0.0, 0.0, 44.57, 22.73, 51.6, 26.59, 43.23, 38.21, 21.28, 11.15, 22.67, 16.82, 45.66, 25.92, 32.04, 27.91, 44.18, 18.43, 29.1, 49.07, 14.13, 33.61, 15.38, 33.71, 37.16, 31.2, 13.64, 38.17, 24.53, 52.28, 26.25, 30.21, 25.78, 35.18, 27.14, 30.73, 18.16, 31.05, 33.36, 29.72, 37.65, 7.82, 34.0, 24.53, 11.99, 27.41, 46.53, 25.02, 24.54, 25.15, 30.02, 90.38], [0.0, 44.57, 0.0, 24.94, 12.98, 18.8, 12.94, 6.68, 24.02, 33.43, 24.81, 30.51, 17.31, 19.57, 12.54, 18.31, 13.68, 40.67, 17.09, 9.88, 30.57, 16.3, 38.11, 17.52, 15.02, 13.4, 32.83, 15.27, 20.45, 12.59, 18.44, 17.5, 20.26, 9.48, 19.53, 17.35, 30.0, 13.6, 17.29, 15.55, 6.93, 37.48, 10.78, 23.1, 34.11, 17.36, 17.9, 19.96, 20.84, 19.94, 17.38, 68.61], [0.0, 22.73, 24.94, 0.0, 29.34, 13.66, 22.81, 19.95, 12.47, 13.23, 9.55, 6.15, 22.93, 13.67, 13.74, 6.63, 23.9, 19.68, 7.85, 27.11, 12.25, 11.04, 24.55, 11.0, 14.53, 12.7, 9.17, 15.5, 6.31, 30.15, 11.22, 7.99, 4.86, 16.99, 5.41, 8.4, 18.0, 12.26, 10.68, 9.59, 18.49, 18.01, 14.44, 11.49, 16.98, 12.18, 23.81, 12.01, 13.03, 6.33, 7.93, 70.59], [0.0, 51.6, 12.98, 29.34, 0.0, 28.79, 11.53, 18.17, 33.3, 40.9, 29.33, 35.49, 9.67, 29.55, 21.57, 23.69, 11.4, 48.09, 22.53, 19.58, 38.57, 18.34, 48.23, 18.68, 15.02, 21.99, 38.41, 14.28, 27.32, 20.39, 27.46, 21.47, 25.83, 19.78, 24.48, 20.99, 40.01, 21.88, 18.86, 22.24, 17.06, 45.49, 19.04, 27.41, 42.83, 26.71, 9.55, 29.34, 30.56, 26.66, 21.62, 55.99], [0.0, 26.59, 18.8, 13.66, 28.79, 0.0, 18.22, 12.13, 5.36, 15.62, 13.4, 16.28, 26.73, 10.02, 7.23, 10.24, 18.95, 22.54, 10.3, 25.72, 12.5, 15.64, 19.55, 16.84, 18.35, 6.99, 17.27, 19.48, 7.49, 29.05, 11.22, 12.69, 9.99, 9.43, 11.04, 13.22, 11.33, 7.25, 16.27, 8.6, 12.21, 19.08, 9.8, 13.0, 15.43, 11.73, 27.67, 13.52, 14.75, 7.72, 12.26, 78.92], [0.0, 43.23, 12.94, 22.81, 11.53, 18.22, 0.0, 6.71, 23.22, 32.14, 22.71, 28.57, 14.59, 19.0, 11.39, 16.25, 12.76, 39.41, 15.0, 8.31, 29.41, 13.6, 37.75, 14.76, 12.12, 12.11, 31.05, 12.33, 18.81, 11.42, 17.45, 15.13, 18.29, 8.81, 17.41, 14.91, 29.55, 12.2, 14.56, 13.73, 6.01, 36.38, 9.23, 20.92, 33.21, 16.49, 15.24, 19.14, 20.17, 18.25, 15.06, 66.47], [0.0, 38.21, 6.68, 19.95, 18.17, 12.13, 6.71, 0.0, 17.4, 27.07, 19.78, 25.01, 19.5, 12.9, 6.45, 13.44, 7.16, 34.25, 12.37, 14.95, 24.13, 13.71, 31.44, 15.16, 13.98, 7.45, 27.04, 14.7, 14.67, 18.12, 11.97, 13.54, 15.09, 11.81, 14.75, 13.6, 23.32, 7.79, 14.74, 10.36, 12.06, 30.97, 5.64, 18.28, 27.5, 10.83, 20.31, 13.37, 14.19, 14.26, 13.29, 72.23], [0.0, 21.28, 24.02, 12.47, 33.3, 5.36, 23.22, 17.4, 0.0, 10.45, 12.21, 13.0, 30.13, 4.66, 11.89, 11.87, 24.02, 17.21, 12.47, 30.34, 7.28, 18.15, 15.01, 19.07, 21.35, 11.35, 13.17, 22.51, 7.86, 33.68, 5.86, 14.69, 10.63, 14.56, 12.11, 15.28, 6.91, 11.42, 18.52, 11.59, 17.27, 13.72, 14.32, 12.6, 10.1, 6.74, 31.08, 13.88, 15.12, 8.44, 14.29, 81.27], [0.0, 11.15, 33.43, 13.23, 40.9, 15.62, 32.14, 27.07, 10.45, 0.0, 13.09, 8.75, 35.71, 14.99, 20.9, 17.29, 33.07, 7.28, 18.41, 38.25, 9.58, 23.38, 12.69, 23.72, 26.95, 20.07, 6.32, 28.03, 13.61, 41.51, 15.11, 19.83, 15.22, 24.03, 16.71, 20.39, 9.75, 19.94, 23.3, 18.77, 26.5, 4.8, 22.91, 14.72, 4.83, 16.28, 36.62, 13.96, 13.61, 14.26, 19.57, 83.47], [0.0, 22.67, 24.81, 9.55, 29.33, 13.4, 22.71, 19.78, 12.21, 13.09, 0.0, 6.16, 23.0, 13.41, 13.55, 6.5, 23.79, 19.59, 7.72, 27.08, 12.06, 11.05, 24.35, 11.04, 14.56, 12.51, 9.14, 15.53, 6.06, 30.13, 10.97, 7.94, 4.69, 16.81, 5.3, 8.37, 17.77, 12.08, 10.71, 9.43, 18.33, 17.87, 14.29, 11.36, 16.8, 11.94, 23.88, 11.75, 12.77, 6.1, 7.87, 70.78], [0.0, 16.82, 30.51, 6.15, 35.49, 16.28, 28.57, 25.01, 13.0, 8.75, 6.16, 0.0, 28.93, 16.0, 18.58, 12.35, 29.64, 14.12, 13.6, 33.23, 9.2, 17.19, 21.26, 17.09, 20.66, 17.56, 15.07, 21.61, 10.38, 36.29, 14.43, 14.08, 10.29, 21.93, 11.28, 14.52, 16.39, 17.22, 16.8, 14.96, 23.8, 13.16, 19.78, 8.07, 13.33, 15.62, 29.79, 14.41, 14.94, 10.75, 13.99, 74.89], [0.0, 45.66, 17.31, 22.93, 9.67, 26.73, 14.59, 19.5, 30.13, 35.71, 23.0, 28.93, 0.0, 27.4, 19.89, 18.75, 15.21, 42.54, 17.85, 9.91, 33.92, 12.38, 45.01, 12.01, 8.88, 19.84, 32.06, 7.74, 22.86, 10.94, 24.69, 16.0, 20.64, 19.61, 19.08, 15.41, 37.04, 19.51, 12.41, 18.56, 17.6, 40.49, 17.44, 21.17, 38.54, 24.35, 16.43, 26.66, 28.05, 22.18, 16.31, 52.89], [0.0, 25.92, 19.57, 13.67, 29.55, 10.02, 19.0, 12.9, 4.66, 14.99, 13.41, 16.0, 27.4, 0.0, 7.99, 10.62, 19.73, 21.86, 10.76, 26.49, 11.86, 16.19, 18.77, 17.35, 18.96, 7.71, 16.86, 20.1, 7.62, 29.82, 10.51, 13.15, 10.22, 10.21, 11.35, 13.69, 10.55, 7.95, 16.78, 9.15, 12.99, 18.37, 10.55, 13.12, 14.69, 11.4, 28.34, 13.65, 14.88, 7.91, 12.72, 79.5], [0.0, 32.04, 12.54, 13.74, 21.57, 7.23, 11.39, 6.45, 11.89, 20.9, 13.55, 18.58, 19.89, 7.99, 0.0, 7.55, 12.25, 28.15, 6.72, 18.53, 18.08, 10.22, 26.68, 11.65, 12.09, 9.92, 20.59, 13.14, 8.22, 21.87, 6.07, 8.56, 8.88, 11.92, 8.84, 8.84, 18.45, 10.12, 11.11, 4.44, 5.61, 25.02, 9.31, 12.21, 21.82, 5.18, 20.82, 7.84, 8.99, 7.83, 8.19, 72.55], [0.0, 27.91, 18.31, 6.63, 23.69, 10.24, 16.25, 13.44, 11.87, 17.29, 6.5, 12.35, 18.75, 10.62, 7.55, 0.0, 17.32, 24.41, 10.88, 21.18, 15.23, 6.42, 26.38, 7.22, 9.87, 6.56, 14.98, 11.0, 10.37, 24.37, 7.61, 10.9, 11.19, 10.6, 11.81, 11.31, 18.65, 6.05, 6.68, 12.0, 11.89, 21.98, 7.86, 4.86, 19.8, 8.01, 19.68, 9.28, 10.67, 10.19, 10.84, 69.42], [0.0, 44.18, 13.68, 23.9, 11.4, 18.95, 12.76, 7.16, 24.02, 33.07, 23.79, 29.64, 15.21, 19.73, 12.25, 17.32, 0.0, 40.34, 16.08, 8.21, 30.31, 14.71, 38.44, 15.86, 13.17, 13.01, 32.09, 13.34, 19.81, 11.17, 18.29, 16.24, 19.35, 9.51, 18.49, 16.03, 30.26, 13.13, 15.67, 14.76, 6.75, 37.27, 10.18, 22.02, 34.04, 17.29, 15.82, 19.94, 20.93, 19.26, 16.16, 66.73], [0.0, 18.43, 40.67, 19.68, 48.09, 22.54, 39.41, 34.25, 17.21, 7.28, 19.59, 14.12, 42.54, 21.86, 28.15, 24.41, 40.34, 0.0, 25.56, 45.48, 10.13, 30.33, 12.49, 30.54, 33.89, 27.34, 10.97, 34.94, 20.85, 48.72, 22.28, 26.84, 22.3, 31.24, 23.73, 27.38, 14.2, 27.22, 30.15, 26.03, 33.75, 12.07, 30.18, 21.38, 7.97, 23.43, 43.43, 21.0, 20.48, 21.49, 26.61, 88.66], [0.0, 29.1, 17.09, 7.85, 22.53, 10.3, 15.0, 12.37, 12.47, 18.41, 7.72, 13.6, 17.85, 10.76, 6.72, 10.88, 16.08, 25.56, 0.0, 19.98, 16.26, 5.69, 27.18, 6.68, 8.98, 5.78, 16.22, 10.14, 5.02, 23.18, 7.75, 10.67, 12.41, 9.62, 9.28, 11.27, 19.32, 5.25, 6.11, 8.91, 10.75, 23.06, 6.75, 6.02, 20.77, 7.96, 18.8, 9.55, 10.97, 4.34, 10.3, 68.95], [0.0, 49.07, 9.88, 27.11, 19.58, 25.72, 8.31, 14.95, 30.34, 38.25, 27.08, 33.23, 9.91, 26.49, 18.53, 21.18, 8.21, 45.48, 19.98, 0.0, 35.82, 16.27, 45.21, 16.82, 13.21, 19.0, 36.07, 12.67, 24.64, 19.38, 24.48, 19.14, 23.33, 16.61, 22.06, 18.71, 36.98, 18.92, 16.91, 19.5, 13.87, 42.77, 16.03, 25.17, 39.99, 23.7, 10.1, 26.34, 27.52, 23.99, 19.26, 58.84], [0.0, 14.13, 30.57, 12.25, 38.57, 12.5, 29.41, 24.13, 7.28, 9.58, 12.06, 9.2, 33.92, 11.86, 18.08, 15.23, 30.31, 10.13, 16.26, 35.82, 0.0, 21.54, 12.38, 22.04, 25.06, 17.31, 7.71, 26.18, 11.29, 39.11, 12.16, 17.92, 13.28, 21.13, 14.84, 18.51, 7.45, 17.22, 21.58, 16.33, 23.67, 6.98, 20.21, 13.43, 4.75, 13.3, 34.85, 10.89, 10.48, 11.96, 17.62, 82.84], [0.0, 33.61, 16.3, 11.04, 18.34, 15.64, 13.6, 13.71, 18.15, 23.38, 11.05, 17.19, 12.38, 16.19, 10.22, 6.42, 14.71, 30.33, 5.69, 16.27, 21.54, 0.0, 32.8, 9.17, 14.67, 9.65, 20.18, 4.65, 10.57, 19.19, 13.23, 11.46, 8.26, 11.88, 6.71, 11.88, 25.0, 9.15, 9.47, 7.05, 11.63, 28.14, 8.72, 9.14, 26.17, 13.22, 13.31, 15.11, 16.53, 9.91, 12.63, 63.34], [0.0, 15.38, 38.11, 24.55, 48.23, 19.55, 37.75, 31.44, 15.01, 12.69, 24.35, 21.26, 45.01, 18.77, 26.68, 26.38, 38.44, 12.49, 27.18, 45.21, 12.38, 32.8, 0.0, 33.55, 36.16, 26.25, 19.01, 37.31, 22.23, 48.55, 20.8, 29.21, 24.73, 28.94, 26.31, 29.82, 8.23, 26.38, 33.03, 26.56, 31.74, 9.8, 29.2, 25.55, 7.94, 21.52, 45.96, 18.9, 17.69, 22.9, 28.85, 95.09], [0.0, 33.71, 17.52, 11.0, 18.68, 16.84, 14.76, 15.16, 19.07, 23.72, 11.04, 17.09, 12.01, 17.35, 11.65, 7.22, 15.86, 30.54, 6.68, 16.82, 22.04, 9.17, 33.55, 0.0, 11.53, 11.04, 20.16, 4.52, 11.35, 19.6, 14.36, 4.39, 8.84, 13.35, 7.26, 12.19, 25.87, 10.54, 9.02, 8.28, 13.06, 28.51, 10.19, 9.18, 26.72, 14.44, 12.91, 16.21, 17.63, 10.7, 4.79, 62.27], [0.0, 37.16, 15.02, 14.53, 15.02, 18.35, 12.12, 13.98, 21.35, 26.95, 14.56, 20.66, 8.88, 18.96, 12.09, 9.87, 13.17, 33.89, 8.98, 13.21, 25.06, 14.67, 36.16, 11.53, 0.0, 11.77, 23.69, 14.24, 13.98, 15.95, 16.11, 7.14, 11.79, 12.88, 10.25, 6.57, 28.25, 11.35, 11.68, 9.88, 11.84, 31.7, 10.01, 12.66, 29.66, 15.92, 9.82, 18.06, 19.47, 13.3, 7.44, 60.61], [0.0, 31.2, 13.4, 12.7, 21.99, 6.99, 12.11, 7.45, 11.35, 20.07, 12.51, 17.56, 19.84, 7.71, 9.92, 6.56, 13.01, 27.34, 5.78, 19.0, 17.31, 9.65, 26.25, 11.04, 11.77, 0.0, 19.62, 12.86, 7.22, 22.34, 5.49, 7.72, 7.85, 4.37, 7.84, 8.05, 18.03, 9.12, 10.49, 10.92, 6.47, 24.27, 12.42, 11.18, 21.16, 4.75, 20.77, 7.35, 8.6, 6.81, 7.34, 72.34], [0.0, 13.64, 32.83, 9.17, 38.41, 17.27, 31.05, 27.04, 13.17, 6.32, 9.14, 15.07, 32.06, 16.86, 20.59, 14.98, 32.09, 10.97, 16.22, 36.07, 7.71, 20.18, 19.01, 20.16, 23.69, 19.62, 0.0, 24.66, 12.41, 39.17, 15.81, 16.95, 12.85, 23.93, 14.01, 17.42, 15.17, 19.32, 19.85, 17.33, 26.01, 10.3, 22.05, 11.04, 11.13, 17.03, 32.92, 15.4, 15.64, 12.89, 16.82, 77.86], [0.0, 38.17, 15.27, 15.5, 14.28, 19.48, 12.33, 14.7, 22.51, 28.03, 15.53, 21.61, 7.74, 20.1, 13.14, 11.0, 13.34, 34.94, 10.14, 12.67, 26.18, 4.65, 37.31, 4.52, 14.24, 12.86, 24.66, 0.0, 15.12, 15.26, 17.26, 8.26, 12.9, 13.77, 11.35, 7.67, 29.41, 12.45, 4.82, 11.04, 12.56, 32.79, 10.99, 13.65, 30.79, 17.06, 8.68, 19.21, 20.62, 14.45, 8.57, 59.49], [0.0, 24.53, 20.45, 6.31, 27.32, 7.49, 18.81, 14.67, 7.86, 13.61, 6.06, 10.38, 22.86, 7.62, 8.22, 10.37, 19.81, 20.85, 5.02, 24.64, 11.29, 10.57, 22.23, 11.35, 13.98, 7.22, 12.41, 15.12, 0.0, 27.9, 4.94, 6.99, 9.95, 11.58, 4.26, 7.59, 14.54, 6.92, 10.82, 5.18, 13.6, 18.17, 9.68, 5.51, 15.75, 5.88, 23.8, 6.03, 7.26, 9.36, 6.62, 73.43], [0.0, 52.28, 12.59, 30.15, 20.39, 29.05, 11.42, 18.12, 33.68, 41.51, 30.13, 36.29, 10.94, 29.82, 21.87, 24.37, 11.17, 48.72, 23.18, 19.38, 39.11, 19.19, 48.55, 19.6, 15.95, 22.34, 39.17, 15.26, 27.9, 0.0, 27.82, 22.23, 26.51, 19.9, 25.2, 21.77, 40.32, 22.26, 19.75, 22.78, 17.14, 46.05, 19.37, 28.21, 43.31, 27.04, 10.84, 29.68, 30.86, 27.25, 22.36, 56.74], [0.0, 26.25, 18.44, 11.22, 27.46, 11.22, 17.45, 11.97, 5.86, 15.11, 10.97, 14.43, 24.69, 10.51, 6.07, 7.61, 18.29, 22.28, 7.75, 24.48, 12.16, 13.23, 20.8, 14.36, 16.11, 5.49, 15.81, 17.26, 4.94, 27.82, 0.0, 10.13, 7.35, 8.97, 8.38, 10.67, 12.6, 5.58, 13.79, 6.24, 11.58, 19.04, 8.47, 10.43, 15.75, 10.24, 25.64, 10.97, 12.2, 5.11, 9.7, 76.57], [0.0, 30.21, 17.5, 7.99, 21.47, 12.69, 15.13, 13.54, 14.69, 19.83, 7.94, 14.08, 16.0, 13.15, 8.56, 10.9, 16.24, 26.84, 10.67, 19.14, 17.92, 11.46, 29.21, 4.39, 7.14, 7.72, 16.95, 8.26, 6.99, 22.23, 10.13, 0.0, 4.65, 11.07, 8.86, 9.26, 21.48, 7.18, 12.12, 4.42, 11.69, 24.56, 7.97, 6.04, 22.54, 10.34, 16.93, 11.92, 13.33, 6.33, 9.01, 66.63], [0.0, 25.78, 20.26, 4.86, 25.83, 9.99, 18.29, 15.09, 10.63, 15.22, 4.69, 10.29, 20.64, 10.22, 8.88, 11.19, 19.35, 22.3, 12.41, 23.33, 13.28, 8.26, 24.73, 8.84, 11.79, 7.85, 12.85, 12.9, 9.95, 26.51, 7.35, 4.65, 0.0, 12.12, 9.2, 5.23, 17.21, 7.4, 8.35, 4.77, 13.68, 19.94, 9.63, 10.35, 17.91, 8.05, 21.57, 8.7, 9.99, 9.34, 4.36, 70.71], [0.0, 35.18, 9.48, 16.99, 19.78, 9.43, 8.81, 11.81, 14.56, 24.03, 16.81, 21.93, 19.61, 10.21, 11.92, 10.6, 9.51, 31.24, 9.62, 16.61, 21.13, 11.88, 28.94, 13.35, 12.88, 4.37, 23.93, 13.77, 11.58, 19.9, 8.97, 11.07, 12.12, 0.0, 11.91, 11.23, 20.75, 4.75, 12.87, 7.48, 10.84, 28.01, 12.34, 15.39, 24.64, 7.88, 20.49, 10.49, 11.43, 11.18, 10.77, 72.5], [0.0, 27.14, 19.53, 5.41, 24.48, 11.04, 17.41, 14.75, 12.11, 16.71, 5.3, 11.28, 19.08, 11.35, 8.84, 11.81, 18.49, 23.73, 9.28, 22.06, 14.84, 6.71, 26.31, 7.26, 10.25, 7.84, 14.01, 11.35, 4.26, 25.2, 8.38, 8.86, 9.2, 11.91, 0.0, 9.28, 18.75, 7.34, 6.76, 4.44, 13.17, 21.45, 9.15, 9.77, 19.49, 8.92, 20.01, 9.91, 11.25, 9.01, 10.88, 69.18], [0.0, 30.73, 17.35, 8.4, 20.99, 13.22, 14.91, 13.6, 15.28, 20.39, 8.37, 14.52, 15.41, 13.69, 8.84, 11.31, 16.03, 27.38, 11.27, 18.71, 18.51, 11.88, 29.82, 12.19, 6.57, 8.05, 17.42, 7.67, 7.59, 21.77, 10.67, 9.26, 5.23, 11.23, 9.28, 0.0, 22.09, 7.51, 12.49, 4.84, 11.7, 25.14, 8.08, 6.46, 23.14, 10.85, 16.34, 12.48, 13.89, 6.93, 9.6, 66.05], [0.0, 18.16, 30.0, 18.0, 40.01, 11.33, 29.55, 23.32, 6.91, 9.75, 17.77, 16.39, 37.04, 10.55, 18.45, 18.65, 30.26, 14.2, 19.32, 36.98, 7.45, 25.0, 8.23, 25.87, 28.25, 18.03, 15.17, 29.41, 14.54, 40.32, 12.6, 21.48, 17.21, 20.75, 18.75, 22.09, 0.0, 18.16, 25.33, 18.5, 23.54, 10.42, 20.97, 18.61, 6.25, 13.29, 37.99, 10.68, 9.46, 15.17, 21.1, 87.91], [0.0, 31.05, 13.6, 12.26, 21.88, 7.25, 12.2, 7.79, 11.42, 19.94, 12.08, 17.22, 19.51, 7.95, 10.12, 6.05, 13.13, 27.22, 5.25, 18.92, 17.22, 9.15, 26.38, 10.54, 11.35, 9.12, 19.32, 12.45, 6.92, 22.26, 5.58, 7.18, 7.4, 4.75, 7.34, 7.51, 18.16, 0.0, 9.98, 11.04, 6.7, 24.19, 12.0, 10.71, 21.15, 4.94, 20.45, 7.49, 8.77, 6.47, 6.8, 71.94], [0.0, 33.36, 17.29, 10.68, 18.86, 16.27, 14.56, 14.74, 18.52, 23.3, 10.71, 16.8, 12.41, 16.78, 11.11, 6.68, 15.67, 30.15, 6.11, 16.91, 21.58, 9.47, 33.03, 9.02, 11.68, 10.49, 19.85, 4.82, 10.82, 19.75, 13.79, 12.12, 8.35, 12.87, 6.76, 12.49, 25.33, 9.98, 0.0, 7.7, 12.66, 28.08, 9.7, 8.83, 26.25, 13.86, 13.32, 15.64, 17.06, 10.17, 4.24, 62.84], [0.0, 29.72, 15.55, 9.59, 22.24, 8.6, 13.73, 10.36, 11.59, 18.77, 9.43, 14.96, 18.56, 9.15, 4.44, 12.0, 14.76, 26.03, 8.91, 19.5, 16.33, 7.05, 26.56, 8.28, 9.88, 10.92, 17.33, 11.04, 5.18, 22.78, 6.24, 4.42, 4.77, 7.48, 4.44, 4.84, 18.5, 11.04, 7.7, 0.0, 8.91, 23.27, 4.86, 7.92, 20.62, 6.18, 19.5, 8.18, 9.59, 4.57, 9.13, 70.35], [0.0, 37.65, 6.93, 18.49, 17.06, 12.21, 6.01, 12.06, 17.27, 26.5, 18.33, 23.8, 17.6, 12.99, 5.61, 11.89, 6.75, 33.75, 10.75, 13.87, 23.67, 11.63, 31.74, 13.06, 11.84, 6.47, 26.01, 12.56, 13.6, 17.14, 11.58, 11.69, 13.68, 10.84, 13.17, 11.7, 23.54, 6.7, 12.66, 8.91, 0.0, 30.6, 13.78, 16.74, 27.31, 10.55, 18.43, 13.19, 14.18, 13.12, 11.47, 70.43], [0.0, 7.82, 37.48, 18.01, 45.49, 19.08, 36.38, 30.97, 13.72, 4.8, 17.87, 13.16, 40.49, 18.37, 25.02, 21.98, 37.27, 12.07, 23.06, 42.77, 6.98, 28.14, 9.8, 28.51, 31.7, 24.27, 10.3, 32.79, 18.17, 46.05, 19.04, 24.56, 19.94, 28.01, 21.45, 25.14, 10.42, 24.19, 28.08, 23.27, 30.6, 0.0, 27.18, 19.52, 4.18, 20.14, 41.4, 17.63, 17.0, 18.83, 24.3, 88.04], [0.0, 34.0, 10.78, 14.44, 19.04, 9.8, 9.23, 5.64, 14.32, 22.91, 14.29, 19.78, 17.44, 10.55, 9.31, 7.86, 10.18, 30.18, 6.75, 16.03, 20.21, 8.72, 29.2, 10.19, 10.01, 12.42, 22.05, 10.99, 9.68, 19.37, 8.47, 7.97, 9.63, 12.34, 9.15, 8.08, 20.97, 12.0, 9.7, 4.86, 13.78, 27.18, 0.0, 12.71, 24.12, 7.68, 18.36, 10.31, 11.52, 9.16, 7.69, 70.21], [0.0, 24.53, 23.1, 11.49, 27.41, 13.0, 20.92, 18.28, 12.6, 14.72, 11.36, 8.07, 21.17, 13.12, 12.21, 4.86, 22.02, 21.38, 6.02, 25.17, 13.43, 9.14, 25.55, 9.18, 12.66, 11.18, 11.04, 13.65, 5.51, 28.21, 10.43, 6.04, 10.35, 15.39, 9.77, 6.46, 18.61, 10.71, 8.83, 7.92, 16.74, 19.52, 12.71, 0.0, 18.18, 11.27, 22.05, 11.51, 12.67, 5.34, 5.99, 69.54], [0.0, 11.99, 34.11, 16.98, 42.83, 15.43, 33.21, 27.5, 10.1, 4.83, 16.8, 13.33, 38.54, 14.69, 21.82, 19.8, 34.04, 7.97, 20.77, 39.99, 4.75, 26.17, 7.94, 26.72, 29.66, 21.16, 11.13, 30.79, 15.75, 43.31, 15.75, 22.54, 17.91, 24.64, 19.49, 23.14, 6.25, 21.15, 26.25, 20.62, 27.31, 4.18, 24.12, 18.18, 0.0, 16.76, 39.47, 14.15, 13.35, 16.43, 22.23, 87.55], [0.0, 27.41, 17.36, 12.18, 26.71, 11.73, 16.49, 10.83, 6.74, 16.28, 11.94, 15.62, 24.35, 11.4, 5.18, 8.01, 17.29, 23.43, 7.96, 23.7, 13.3, 13.22, 21.52, 14.44, 15.92, 4.75, 17.03, 17.06, 5.88, 27.04, 10.24, 10.34, 8.05, 7.88, 8.92, 10.85, 13.29, 4.94, 13.86, 6.18, 10.55, 20.14, 7.68, 11.27, 16.76, 0.0, 25.29, 11.9, 13.14, 5.93, 9.91, 76.49], [0.0, 46.53, 17.9, 23.81, 9.55, 27.67, 15.24, 20.31, 31.08, 36.62, 23.88, 29.79, 16.43, 28.34, 20.82, 19.68, 15.82, 43.43, 18.8, 10.1, 34.85, 13.31, 45.96, 12.91, 9.82, 20.77, 32.92, 8.68, 23.8, 10.84, 25.64, 16.93, 21.57, 20.49, 20.01, 16.34, 37.99, 20.45, 13.32, 19.5, 18.43, 41.4, 18.36, 22.05, 39.47, 25.29, 0.0, 27.61, 28.99, 23.12, 17.24, 52.02], [0.0, 25.02, 19.96, 12.01, 29.34, 13.52, 19.14, 13.37, 13.88, 13.96, 11.75, 14.41, 26.66, 13.65, 7.84, 9.28, 19.94, 21.0, 9.55, 26.34, 10.89, 15.11, 18.9, 16.21, 18.06, 7.35, 15.4, 19.21, 6.03, 29.68, 10.97, 11.92, 8.7, 10.49, 9.91, 12.48, 10.68, 7.49, 15.64, 8.18, 13.19, 17.63, 10.31, 11.51, 14.15, 11.9, 27.61, 0.0, 13.29, 6.37, 11.49, 78.45], [0.0, 24.54, 20.84, 13.03, 30.56, 14.75, 20.17, 14.19, 15.12, 13.61, 12.77, 14.94, 28.05, 14.88, 8.99, 10.67, 20.93, 20.48, 10.97, 27.52, 10.48, 16.53, 17.69, 17.63, 19.47, 8.6, 15.64, 20.62, 7.26, 30.86, 12.2, 13.33, 9.99, 11.43, 11.25, 13.89, 9.46, 8.77, 17.06, 9.59, 14.18, 17.0, 11.52, 12.67, 13.35, 13.14, 28.99, 13.29, 0.0, 7.66, 12.9, 79.88], [0.0, 25.15, 19.94, 6.33, 26.66, 7.72, 18.25, 14.26, 8.44, 14.26, 6.1, 10.75, 22.18, 7.91, 7.83, 10.19, 19.26, 21.49, 4.34, 23.99, 11.96, 9.91, 22.9, 10.7, 13.3, 6.81, 12.89, 14.45, 9.36, 27.25, 5.11, 6.33, 9.34, 11.18, 9.01, 6.93, 15.17, 6.47, 10.17, 4.57, 13.12, 18.83, 9.16, 5.34, 16.43, 5.93, 23.12, 6.37, 7.66, 0.0, 5.96, 72.83], [0.0, 30.02, 17.38, 7.93, 21.62, 12.26, 15.06, 13.29, 14.29, 19.57, 7.87, 13.99, 16.31, 12.72, 8.19, 10.84, 16.16, 26.61, 10.3, 19.26, 17.62, 12.63, 28.85, 4.79, 7.44, 7.34, 16.82, 8.57, 6.62, 22.36, 9.7, 9.01, 4.36, 10.77, 10.88, 9.6, 21.1, 6.8, 4.24, 9.13, 11.47, 24.3, 7.69, 5.99, 22.23, 9.91, 17.24, 11.49, 12.9, 5.96, 0.0, 67.05], [0.0, 0.0, 0.0, 0.0, 0.0, 0.0, 0.0, 0.0, 0.0, 0.0, 0.0, 0.0, 0.0, 0.0, 0.0, 0.0, 0.0, 0.0, 0.0, 0.0, 0.0, 0.0, 0.0, 0.0, 0.0, 0.0, 0.0, 0.0, 0.0, 0.0, 0.0, 0.0, 0.0, 0.0, 0.0, 0.0, 0.0, 0.0, 0.0, 0.0, 0.0, 0.0, 0.0, 0.0, 0.0, 0.0, 0.0, 0.0, 0.0, 0.0, 0.0, 0.0]], "time_windows": [[0.0, 5000.0], [0.0, 144.0], [0.0, 226.0], [0.0, 304.0], [0.0, 370.0], [0.0, 418.0], [0.0, 447.0], [0.0, 456.0], [0.0, 501.0], [0.0, 529.0], [0.0, 573.0], [0.0, 588.0], [0.0, 648.0], [0.0, 691.0], [0.0, 702.0], [0.0, 713.0], [0.0, 737.0], [0.0, 796.0], [0.0, 840.0], [0.0, 883.0], [0.0, 946.0], [0.0, 981.0], [0.0, 1024.0], [0.0, 1063.0], [0.0, 1076.0], [0.0, 1090.0], [0.0, 1111.0], [0.0, 1135.0], [0.0, 1150.0], [0.0, 1178.0], [0.0, 1206.0], [0.0, 1216.0], [0.0, 1221.0], [0.0, 1233.0], [0.0, 1245.0], [0.0, 1254.0], [0.0, 1276.0], [0.0, 1295.0], [0.0, 1304.0], [0.0, 1312.0], [0.0, 1321.0], [0.0, 1352.0], [0.0, 1379.0], [0.0, 1392.0], [0.0, 1410.0], [0.0, 1427.0], [0.0, 1452.0], [0.0, 1479.0], [0.0, 1493.0], [0.0, 1500.0], [0.0, 1506.0], [0.0, 5000.0]], "start_depot": 0, "end_depot": 51, "horizon": [0.0, 5000.0]}