{"digraph": {"vertex_count": 52, "arc_count": 2550, "arcs": [[0, 1, 1, 1, 1, 1, 1, 1, 1, 1, 1, 1, 1, 1, 1, 1, 1, 1, 1, 1, 1, 1, 1, 1, 1, 1, 1, 1, 1, 1, 1, 1, 1, 1, 1, 1, 1, 1, 1, 1, 1, 1, 1, 1, 1, 1, 1, 1, 1, 1, 1, 1], [0, 0, 1, 1, 1, 1, 1, 1, 1, 1, 1, 1, 1, 1, 1, 1, 1, 1, 1, 1, 1, 1, 1, 1, 1, 1, 1, 1, 1, 1, 1, 1, 1, 1, 1, 1, 1, 1, 1, 1, 1, 1, 1, 1, 1, 1, 1, 1, 1, 1, 1, 1], [0, 1, 0, 1, 1, 1, 1, 1, 1, 1, 1, 1, 1, 1, 1, 1, 1, 1, 1, 1, 1, 1, 1, 1, 1, 1, 1, 1, 1, 1, 1, 1, 1, 1, 1, 1, 1, 1, 1, 1, 1, 1, 1, 1, 1, 1, 1, 1, 1, 1, 1, 1], [0, 1, 1, 0, 1, 1, 1, 1, 1, 1, 1, 1, 1, 1, 1, 1, 1, 1, 1, 1, 1, 1, 1, 1, 1, 1, 1, 1, 1, 1, 1, 1, 1, 1, 1, 1, 1, 1, 1, 1, 1, 1, 1, 1, 1, 1, 1, 1, 1, 1, 1, 1], [0, 1, 1, 1, 0, 1, 1, 1, 1, 1, 1, 1, 1, 1, 1, 1, 1, 1, 1, 1, 1, 1, 1, 1, 1, 1, 1, 1, 1, 1, 1, 1, 1, 1, 1, 1, 1, 1, 1, 1, 1, 1, 1, 1, 1, 1, 1, 1, 1, 1, 1, 1], [0, 1, 1, 1, 1, 0, 1, 1, 1, 1, 1, 1, 1, 1, 1, 1, 1, 1, 1, 1, 1, 1, 1, 1, 1, 1, 1, 1, 1, 1, 1, 1, 1, 1, 1, 1, 1, 1, 1, 1, 1, 1, 1, 1, 1, 1, 1, 1, 1, 1, 1, 1], [0, 1, 1, 1, 1, 1, 0, 1, 1, 1, 1, 1, 1, 1, 1, 1, 1, 1, 1, 1, 1, 1, 1, 1, 1, 1, 1, 1, 1, 1, 1, 1, 1, 1, 1, 1, 1, 1, 1, 1, 1, 1, 1, 1, 1, 1, 1, 1, 1, 1, 1, 1], [0, 1, 1, 1, 1, 1, 1, 0, 1, 1, 1, 1, 1, 1, 1, 1, 1, 1, 1, 1, 1, 1, 1, 1, 1, 1, 1, 1, 1, 1, 1, 1, 1, 1, 1, 1, 1, 1, 1, 1, 1, 1, 1, 1, 1, 1, 1, 1, 1, 1, 1, 1], [0, 1, 1, 1, 1, 1, 1, 1, 0, 1, 1, 1, 1, 1, 1, 1, 1, 1, 1, 1, 1, 1, 1, 1, 1, 1, 1, 1, 1, 1, 1, 1, 1, 1, 1, 1, 1, 1, 1, 1, 1, 1, 1, 1, 1, 1, 1, 1, 1, 1, 1, 1], [0, 1, 1, 1, 1, 1, 1, 1, 1, 0, 1, 1, 1, 1, 1, 1, 1, 1, 1, 1, 1, 1, 1, 1, 1, 1, 1, 1, 1, 1, 1, 1, 1, 1, 1, 1, 1, 1, 1, 1, 1, 1, 1, 1, 1, 1, 1, 1, 1, 1, 1, 1], [0, 1, 1, 1, 1, 1, 1, 1, 1, 1, 0, 1, 1, 1, 1, 1, 1, 1, 1, 1, 1, 1, 1, 1, 1, 1, 1, 1, 1, 1, 1, 1, 1, 1, 1, 1, 1, 1, 1, 1, 1, 1, 1, 1, 1, 1, 1, 1, 1, 1, 1, 1], [0, 1, 1, 1, 1, 1, 1, 1, 1, 1, 1, 0, 1, 1, 1, 1, 1, 1, 1, 1, 1, 1, 1, 1, 1, 1, 1, 1, 1, 1, 1, 1, 1, 1, 1, 1, 1, 1, 1, 1, 1, 1, 1, 1, 1, 1, 1, 1, 1, 1, 1, 1], [0, 1, 1, 1, 1, 1, 1, 1, 1, 1, 1, 1, 0, 1, 1, 1, 1, 1, 1, 1, 1, 1, 1, 1, 1, 1, 1, 1, 1, 1, 1, 1, 1, 1, 1, 1, 1, 1, 1, 1, 1, 1, 1, 1, 1, 1, 1, 1, 1, 1, 1, 1], [0, 1, 1, 1, 1, 1, 1, 1, 1, 1, 1, 1, 1, 0, 1, 1, 1, 1, 1, 1, 1, 1, 1, 1, 1, 1, 1, 1, 1, 1, 1, 1, 1, 1, 1, 1, 1, 1, 1, 1, 1, 1, 1, 1, 1, 1, 1, 1, 1, 1, 1, 1], [0, 1, 1, 1, 1, 1, 1, 1, 1, 1, 1, 1, 1, 1, 0, 1, 1, 1, 1, 1, 1, 1, 1, 1, 1, 1, 1, 1, 1, 1, 1, 1, 1, 1, 1, 1, 1, 1, 1, 1, 1, 1, 1, 1, 1, 1, 1, 1, 1, 1, 1, 1], [0, 1, 1, 1, 1, 1, 1, 1, 1, 1, 1, 1, 1, 1, 1, 0, 1, 1, 1, 1, 1, 1, 1, 1, 1, 1, 1, 1, 1, 1, 1, 1, 1, 1, 1, 1, 1, 1, 1, 1, 1, 1, 1, 1, 1, 1, 1, 1, 1, 1, 1, 1], [0, 1, 1, 1, 1, 1, 1, 1, 1, 1, 1, 1, 1, 1, 1, 1, 0, 1, 1, 1, 1, 1, 1, 1, 1, 1, 1, 1, 1, 1, 1, 1, 1, 1, 1, 1, 1, 1, 1, 1, 1, 1, 1, 1, 1, 1, 1, 1, 1, 1, 1, 1], [0, 1, 1, 1, 1, 1, 1, 1, 1, 1, 1, 1, 1, 1, 1, 1, 1, 0, 1, 1, 1, 1, 1, 1, 1, 1, 1, 1, 1, 1, 1, 1, 1, 1, 1, 1, 1, 1, 1, 1, 1, 1, 1, 1, 1, 1, 1, 1, 1, 1, 1, 1], [0, 1, 1, 1, 1, 1, 1, 1, 1, 1, 1, 1, 1, 1, 1, 1, 1, 1, 0, 1, 1, 1, 1, 1, 1, 1, 1, 1, 1, 1, 1, 1, 1, 1, 1, 1, 1, 1, 1, 1, 1, 1, 1, 1, 1, 1, 1, 1, 1, 1, 1, 1], [0, 1, 1, 1, 1, 1, 1, 1, 1, 1, 1, 1, 1, 1, 1, 1, 1, 1, 1, 0, 1, 1, 1, 1, 1, 1, 1, 1, 1, 1, 1, 1, 1, 1, 1, 1, 1, 1, 1, 1, 1, 1, 1, 1, 1, 1, 1, 1, 1, 1, 1, 1], [0, 1, 1, 1, 1, 1, 1, 1, 1, 1, 1, 1, 1, 1, 1, 1, 1, 1, 1, 1, 0, 1, 1, 1, 1, 1, 1, 1, 1, 1, 1, 1, 1, 1, 1, 1, 1, 1, 1, 1, 1, 1, 1, 1, 1, 1, 1, 1, 1, 1, 1, 1], [0, 1, 1, 1, 1, 1, 1, 1, 1, 1, 1, 1, 1, 1, 1, 1, 1, 1, 1, 1, 1, 0, 1, 1, 1, 1, 1, 1, 1, 1, 1, 1, 1, 1, 1, 1, 1, 1, 1, 1, 1, 1, 1, 1, 1, 1, 1, 1, 1, 1, 1, 1], [0, 1, 1, 1, 1, 1, 1, 1, 1, 1, 1, 1, 1, 1, 1, 1, 1, 1, 1, 1, 1, 1, 0, 1, 1, 1, 1, 1, 1, 1, 1, 1, 1, 1, 1, 1, 1, 1, 1, 1, 1, 1, 1, 1, 1, 1, 1, 1, 1, 1, 1, 1], [0, 1, 1, 1, 1, 1, 1, 1, 1, 1, 1, 1, 1, 1, 1, 1, 1, 1, 1, 1, 1, 1, 1, 0, 1, 1, 1, 1, 1, 1, 1, 1, 1, 1, 1, 1, 1, 1, 1, 1, 1, 1, 1, 1, 1, 1, 1, 1, 1, 1, 1, 1], [0, 1, 1, 1, 1, 1, 1, 1, 1, 1, 1, 1, 1, 1, 1, 1, 1, 1, 1, 1, 1, 1, 1, 1, 0, 1, 1, 1, 1, 1, 1, 1, 1, 1, 1, 1, 1, 1, 1, 1, 1, 1, 1, 1, 1, 1, 1, 1, 1, 1, 1, 1], [0, 1, 1, 1, 1, 1, 1, 1, 1, 1, 1, 1, 1, 1, 1, 1, 1, 1, 1, 1, 1, 1, 1, 1, 1, 0, 1, 1, 1, 1, 1, 1, 1, 1, 1, 1, 1, 1, 1, 1, 1, 1, 1, 1, 1, 1, 1, 1, 1, 1, 1, 1], [0, 1, 1, 1, 1, 1, 1, 1, 1, 1, 1, 1, 1, 1, 1, 1, 1, 1, 1, 1, 1, 1, 1, 1, 1, 1, 0, 1, 1, 1, 1, 1, 1, 1, 1, 1, 1, 1, 1, 1, 1, 1, 1, 1, 1, 1, 1, 1, 1, 1, 1, 1], [0, 1, 1, 1, 1, 1, 1, 1, 1, 1, 1, 1, 1, 1, 1, 1, 1, 1, 1, 1, 1, 1, 1, 1, 1, 1, 1, 0, 1, 1, 1, 1, 1, 1, 1, 1, 1, 1, 1, 1, 1, 1, 1, 1, 1, 1, 1, 1, 1, 1, 1, 1], [0, 1, 1, 1, 1, 1, 1, 1, 1, 1, 1, 1, 1, 1, 1, 1, 1, 1, 1, 1, 1, 1, 1, 1, 1, 1, 1, 1, 0, 1, 1, 1, 1, 1, 1, 1, 1, 1, 1, 1, 1, 1, 1, 1, 1, 1, 1, 1, 1, 1, 1, 1], [0, 1, 1, 1, 1, 1, 1, 1, 1, 1, 1, 1, 1, 1, 1, 1, 1, 1, 1, 1, 1, 1, 1, 1, 1, 1, 1, 1, 1, 0, 1, 1, 1, 1, 1, 1, 1, 1, 1, 1, 1, 1, 1, 1, 1, 1, 1, 1, 1, 1, 1, 1], [0, 1, 1, 1, 1, 1, 1, 1, 1, 1, 1, 1, 1, 1, 1, 1, 1, 1, 1, 1, 1, 1, 1, 1, 1, 1, 1, 1, 1, 1, 0, 1, 1, 1, 1, 1, 1, 1, 1, 1, 1, 1, 1, 1, 1, 1, 1, 1, 1, 1, 1, 1], [0, 1, 1, 1, 1, 1, 1, 1, 1, 1, 1, 1, 1, 1, 1, 1, 1, 1, 1, 1, 1, 1, 1, 1, 1, 1, 1, 1, 1, 1, 1, 0, 1, 1, 1, 1, 1, 1, 1, 1, 1, 1, 1, 1, 1, 1, 1, 1, 1, 1, 1, 1], [0, 1, 1, 1, 1, 1, 1, 1, 1, 1, 1, 1, 1, 1, 1, 1, 1, 1, 1, 1, 1, 1, 1, 1, 1, 1, 1, 1, 1, 1, 1, 1, 0, 1, 1, 1, 1, 1, 1, 1, 1, 1, 1, 1, 1, 1, 1, 1, 1, 1, 1, 1], [0, 1, 1, 1, 1, 1, 1, 1, 1, 1, 1, 1, 1, 1, 1, 1, 1, 1, 1, 1, 1, 1, 1, 1, 1, 1, 1, 1, 1, 1, 1, 1, 1, 0, 1, 1, 1, 1, 1, 1, 1, 1, 1, 1, 1, 1, 1, 1, 1, 1, 1, 1], [0, 1, 1, 1, 1, 1, 1, 1, 1, 1, 1, 1, 1, 1, 1, 1, 1, 1, 1, 1, 1, 1, 1, 1, 1, 1, 1, 1, 1, 1, 1, 1, 1, 1, 0, 1, 1, 1, 1, 1, 1, 1, 1, 1, 1, 1, 1, 1, 1, 1, 1, 1], [0, 1, 1, 1, 1, 1, 1, 1, 1, 1, 1, 1, 1, 1, 1, 1, 1, 1, 1, 1, 1, 1, 1, 1, 1, 1, 1, 1, 1, 1, 1, 1, 1, 1, 1, 0, 1, 1, 1, 1, 1, 1, 1, 1, 1, 1, 1, 1, 1, 1, 1, 1], [0, 1, 1, 1, 1, 1, 1, 1, 1, 1, 1, 1, 1, 1, 1, 1, 1, 1, 1, 1, 1, 1, 1, 1, 1, 1, 1, 1, 1, 1, 1, 1, 1, 1, 1, 1, 0, 1, 1, 1, 1, 1, 1, 1, 1, 1, 1, 1, 1, 1, 1, 1], [0, 1, 1, 1, 1, 1, 1, 1, 1, 1, 1, 1, 1, 1, 1, 1, 1, 1, 1, 1, 1, 1, 1, 1, 1, 1, 1, 1, 1, 1, 1, 1, 1, 1, 1, 1, 1, 0, 1, 1, 1, 1, 1, 1, 1, 1, 1, 1, 1, 1, 1, 1], [0, 1, 1, 1, 1, 1, 1, 1, 1, 1, 1, 1, 1, 1, 1, 1, 1, 1, 1, 1, 1, 1, 1, 1, 1, 1, 1, 1, 1, 1, 1, 1, 1, 1, 1, 1, 1, 1, 0, 1, 1, 1, 1, 1, 1, 1, 1, 1, 1, 1, 1, 1], [0, 1, 1, 1, 1, 1, 1, 1, 1, 1, 1, 1, 1, 1, 1, 1, 1, 1, 1, 1, 1, 1, 1, 1, 1, 1, 1, 1, 1, 1, 1, 1, 1, 1, 1, 1, 1, 1, 1, 0, 1, 1, 1, 1, 1, 1, 1, 1, 1, 1, 1, 1], [0, 1, 1, 1, 1, 1, 1, 1, 1, 1, 1, 1, 1, 1, 1, 1, 1, 1, 1, 1, 1, 1, 1, 1, 1, 1, 1, 1, 1, 1, 1, 1, 1, 1, 1, 1, 1, 1, 1, 1, 0, 1, 1, 1, 1, 1, 1, 1, 1, 1, 1, 1], [0, 1, 1, 1, 1, 1, 1, 1, 1, 1, 1, 1, 1, 1, 1, 1, 1, 1, 1, 1, 1, 1, 1, 1, 1, 1, 1, 1, 1, 1, 1, 1, 1, 1, 1, 1, 1, 1, 1, 1, 1, 0, 1, 1, 1, 1, 1, 1, 1, 1, 1, 1], [0, 1, 1, 1, 1, 1, 1, 1, 1, 1, 1, 1, 1, 1, 1, 1, 1, 1, 1, 1, 1, 1, 1, 1, 1, 1, 1, 1, 1, 1, 1, 1, 1, 1, 1, 1, 1, 1, 1, 1, 1, 1, 0, 1, 1, 1, 1, 1, 1, 1, 1, 1], [0, 1, 1, 1, 1, 1, 1, 1, 1, 1, 1, 1, 1, 1, 1, 1, 1, 1, 1, 1, 1, 1, 1, 1, 1, 1, 1, 1, 1, 1, 1, 1, 1, 1, 1, 1, 1, 1, 1, 1, 1, 1, 1, 0, 1, 1, 1, 1, 1, 1, 1, 1], [0, 1, 1, 1, 1, 1, 1, 1, 1, 1, 1, 1, 1, 1, 1, 1, 1, 1, 1, 1, 1, 1, 1, 1, 1, 1, 1, 1, 1, 1, 1, 1, 1, 1, 1, 1, 1, 1, 1, 1, 1, 1, 1, 1, 0, 1, 1, 1, 1, 1, 1, 1], [0, 1, 1, 1, 1, 1, 1, 1, 1, 1, 1, 1, 1, 1, 1, 1, 1, 1, 1, 1, 1, 1, 1, 1, 1, 1, 1, 1, 1, 1, 1, 1, 1, 1, 1, 1, 1, 1, 1, 1, 1, 1, 1, 1, 1, 0, 1, 1, 1, 1, 1, 1], [0, 1, 1, 1, 1, 1, 1, 1, 1, 1, 1, 1, 1, 1, 1, 1, 1, 1, 1, 1, 1, 1, 1, 1, 1, 1, 1, 1, 1, 1, 1, 1, 1, 1, 1, 1, 1, 1, 1, 1, 1, 1, 1, 1, 1, 1, 0, 1, 1, 1, 1, 1], [0, 1, 1, 1, 1, 1, 1, 1, 1, 1, 1, 1, 1, 1, 1, 1, 1, 1, 1, 1, 1, 1, 1, 1, 1, 1, 1, 1, 1, 1, 1, 1, 1, 1, 1, 1, 1, 1, 1, 1, 1, 1, 1, 1, 1, 1, 1, 0, 1, 1, 1, 1], [0, 1, 1, 1, 1, 1, 1, 1, 1, 1, 1, 1, 1, 1, 1, 1, 1, 1, 1, 1, 1, 1, 1, 1, 1, 1, 1, 1, 1, 1, 1, 1, 1, 1, 1, 1, 1, 1, 1, 1, 1, 1, 1, 1, 1, 1, 1, 1, 0, 1, 1, 1], [0, 1, 1, 1, 1, 1, 1, 1, 1, 1, 1, 1, 1, 1, 1, 1, 1, 1, 1, 1, 1, 1, 1, 1, 1, 1, 1, 1, 1, 1, 1, 1, 1, 1, 1, 1, 1, 1, 1, 1, 1, 1, 1, 1, 1, 1, 1, 1, 1, 0, 1, 1], [0, 1, 1, 1, 1, 1, 1, 1, 1, 1, 1, 1, 1, 1, 1, 1, 1, 1, 1, 1, 1, 1, 1, 1, 1, 1, 1, 1, 1, 1, 1, 1, 1, 1, 1, 1, 1, 1, 1, 1, 1, 1, 1, 1, 1, 1, 1, 1, 1, 1, 0, 1], [0, 0, 0, 0, 0, 0, 0, 0, 0, 0, 0, 0, 0, 0, 0, 0, 0, 0, 0, 0, 0, 0, 0, 0, 0, 0, 0, 0, 0, 0, 0, 0, 0, 0, 0, 0, 0, 0, 0, 0, 0, 0, 0, 0, 0, 0, 0, 0, 0, 0, 0, 0]]}, "cluster_count": 3, "cluster_speeds": [[0.925, 0.85, 0.925, 1.0, 0.8325, 0.765, 0.8325, 0.9, 0.4625, 0.425, 0.4625, 0.5, 0.30525, 0.2805, 0.30525, 0.33, 0.37, 0.34, 0.37, 0.4, 0.555, 0.51, 0.555, 0.6, 0.6475, 0.595, 0.6475, 0.7, 0.37, 0.34, 0.37, 0.4, 0.30525, 0.2805, 0.30525, 0.33, 0.4625, 0.425, 0.4625, 0.5, 0.6475, 0.595, 0.6475, 0.7, 0.74, 0.68, 0.74, 0.8, 0.6475, 0.595, 0.6475, 0.7, 0.4625, 0.425, 0.4625, 0.5, 0.555, 0.51, 0.555, 0.6, 0.6475, 0.595, 0.6475, 0.7, 0.8325, 0.765, 0.8325, 0.9, 0.925, 0.85, 0.925, 1.0, 1.0], [0.7400000000000001, 0.68, 0.7400000000000001, 0.8, 0.666, 0.6120000000000001, 0.666, 0.7200000000000001, 0.37000000000000005, 0.34, 0.37000000000000005, 0.4, 0.24420000000000003, 0.22440000000000004, 0.24420000000000003, 0.264, 0.296, 0.272, 0.296, 0.32000000000000006, 0.44400000000000006, 0.40800000000000003, 0.44400000000000006, 0.48, 0.6475, 0.595, 0.6475, 0.7, 0.37, 0.34, 0.37, 0.4, 0.30525, 0.2805, 0.30525, 0.33, 0.4625, 0.425, 0.4625, 0.5, 0.6475, 0.595, 0.6475, 0.7, 0.74, 0.68, 0.74, 0.8, 0.518, 0.476, 0.518, 0.5599999999999999, 0.37000000000000005, 0.34, 0.37000000000000005, 0.4, 0.44400000000000006, 0.40800000000000003, 0.44400000000000006, 0.48, 0.518, 0.476, 0.518, 0.5599999999999999, 0.666, 0.6120000000000001, 0.666, 0.7200000000000001, 0.7400000000000001, 0.68, 0.7400000000000001, 0.8, 0.8], [0.87875, 0.8075, 0.87875, 0.95, 0.790875, 0.72675, 0.790875, 0.855, 0.439375, 0.40375, 0.439375, 0.475, 0.2899875, 0.266475, 0.2899875, 0.3135, 0.3515, 0.323, 0.3515, 0.38, 0.52725, 0.4845, 0.52725, 0.57, 0.6475, 0.595, 0.6475, 0.7, 0.37, 0.34, 0.37, 0.4, 0.30525, 0.2805, 0.30525, 0.33, 0.4625, 0.425, 0.4625, 0.5, 0.6475, 0.595, 0.6475, 0.7, 0.74, 0.68, 0.74, 0.8, 0.6151249999999999, 0.5652499999999999, 0.6151249999999999, 0.6649999999999999, 0.439375, 0.40375, 0.439375, 0.475, 0.52725, 0.4845, 0.52725, 0.57, 0.6151249999999999, 0.5652499999999999, 0.6151249999999999, 0.6649999999999999, 0.790875, 0.72675, 0.790875, 0.855, 0.87875, 0.8075, 0.87875, 0.95, 0.95]], "clusters": [[-1, 2, 2, 2, 2, 2, 2, 2, 2, 2, 2, 2, 2, 2, 2, 2, 2, 2, 2, 2, 2, 2, 2, 2, 2, 2, 2, 2, 2, 2, 2, 2, 2, 2, 2, 2, 2, 2, 2, 2, 2, 2, 2, 2, 2, 2, 2, 2, 2, 2, 2, 2], [1, -1, 1, 1, 1, 1, 1, 1, 1, 1, 1, 1, 1, 1, 1, 1, 1, 1, 1, 1, 1, 1, 1, 1, 1, 1, 1, 1, 1, 1, 1, 1, 1, 1, 1, 1, 1, 1, 1, 1, 1, 1, 1, 1, 1, 1, 1, 1, 1, 1, 1, 1], [0, 0, -1, 0, 0, 0, 0, 0, 0, 0, 0, 0, 0, 0, 0, 0, 0, 0, 0, 0, 0, 0, 0, 0, 0, 0, 0, 0, 0, 0, 0, 0, 0, 0, 0, 0, 0, 0, 0, 0, 0, 0, 0, 0, 0, 0, 0, 0, 0, 0, 0, 0], [0, 0, 0, -1, 0, 0, 0, 0, 0, 0, 0, 0, 0, 0, 0, 0, 0, 0, 0, 0, 0, 0, 0, 0, 0, 0, 0, 0, 0, 0, 0, 0, 0, 0, 0, 0, 0, 0, 0, 0, 0, 0, 0, 0, 0, 0, 0, 0, 0, 0, 0, 0], [0, 0, 0, 0, -1, 0, 0, 0, 0, 0, 0, 0, 0, 0, 0, 0, 0, 0, 0, 0, 0, 0, 0, 0, 0, 0, 0, 0, 0, 0, 0, 0, 0, 0, 0, 0, 0, 0, 0, 0, 0, 0, 0, 0, 0, 0, 0, 0, 0, 0, 0, 0], [0, 0, 0, 0, 0, -1, 0, 0, 0, 0, 0, 0, 0, 0, 0, 0, 0, 0, 0, 0, 0, 0, 0, 0, 0, 0, 0, 0, 0, 0, 0, 0, 0, 0, 0, 0, 0, 0, 0, 0, 0, 0, 0, 0, 0, 0, 0, 0, 0, 0, 0, 0], [1, 1, 1, 1, 1, 1, -1, 1, 1, 1, 1, 1, 1, 1, 1, 1, 1, 1, 1, 1, 1, 1, 1, 1, 1, 1, 1, 1, 1, 1, 1, 1, 1, 1, 1, 1, 1, 1, 1, 1, 1, 1, 1, 1, 1, 1, 1, 1, 1, 1, 1, 1], [0, 0, 0, 0, 0, 0, 0, -1, 0, 0, 0, 0, 0, 0, 0, 0, 0, 0, 0, 0, 0, 0, 0, 0, 0, 0, 0, 0, 0, 0, 0, 0, 0, 0, 0, 0, 0, 0, 0, 0, 0, 0, 0, 0, 0, 0, 0, 0, 0, 0, 0, 0], [2, 2, 2, 2, 2, 2, 2, 2, -1, 2, 2, 2, 2, 2, 2, 2, 2, 2, 2, 2, 2, 2, 2, 2, 2, 2, 2, 2, 2, 2, 2, 2, 2, 2, 2, 2, 2, 2, 2, 2, 2, 2, 2, 2, 2, 2, 2, 2, 2, 2, 2, 2], [0, 0, 0, 0, 0, 0, 0, 0, 0, -1, 0, 0, 0, 0, 0, 0, 0, 0, 0, 0, 0, 0, 0, 0, 0, 0, 0, 0, 0, 0, 0, 0, 0, 0, 0, 0, 0, 0, 0, 0, 0, 0, 0, 0, 0, 0, 0, 0, 0, 0, 0, 0], [0, 0, 0, 0, 0, 0, 0, 0, 0, 0, -1, 0, 0, 0, 0, 0, 0, 0, 0, 0, 0, 0, 0, 0, 0, 0, 0, 0, 0, 0, 0, 0, 0, 0, 0, 0, 0, 0, 0, 0, 0, 0, 0, 0, 0, 0, 0, 0, 0, 0, 0, 0], [0, 0, 0, 0, 0, 0, 0, 0, 0, 0, 0, -1, 0, 0, 0, 0, 0, 0, 0, 0, 0, 0, 0, 0, 0, 0, 0, 0, 0, 0, 0, 0, 0, 0, 0, 0, 0, 0, 0, 0, 0, 0, 0, 0, 0, 0, 0, 0, 0, 0, 0, 0], [0, 0, 0, 0, 0, 0, 0, 0, 0, 0, 0, 0, -1, 0, 0, 0, 0, 0, 0, 0, 0, 0, 0, 0, 0, 0, 0, 0, 0, 0, 0, 0, 0, 0, 0, 0, 0, 0, 0, 0, 0, 0, 0, 0, 0, 0, 0, 0, 0, 0, 0, 0], [1, 1, 1, 1, 1, 1, 1, 1, 1, 1, 1, 1, 1, -1, 1, 1, 1, 1, 1, 1, 1, 1, 1, 1, 1, 1, 1, 1, 1, 1, 1, 1, 1, 1, 1, 1, 1, 1, 1, 1, 1, 1, 1, 1, 1, 1, 1, 1, 1, 1, 1, 1], [1, 1, 1, 1, 1, 1, 1, 1, 1, 1, 1, 1, 1, 1, -1, 1, 1, 1, 1, 1, 1, 1, 1, 1, 1, 1, 1, 1, 1, 1, 1, 1, 1, 1, 1, 1, 1, 1, 1, 1, 1, 1, 1, 1, 1, 1, 1, 1, 1, 1, 1, 1], [0, 0, 0, 0, 0, 0, 0, 0, 0, 0, 0, 0, 0, 0, 0, -1, 0, 0, 0, 0, 0, 0, 0, 0, 0, 0, 0, 0, 0, 0, 0, 0, 0, 0, 0, 0, 0, 0, 0, 0, 0, 0, 0, 0, 0, 0, 0, 0, 0, 0, 0, 0], [1, 1, 1, 1, 1, 1, 1, 1, 1, 1, 1, 1, 1, 1, 1, 1, -1, 1, 1, 1, 1, 1, 1, 1, 1, 1, 1, 1, 1, 1, 1, 1, 1, 1, 1, 1, 1, 1, 1, 1, 1, 1, 1, 1, 1, 1, 1, 1, 1, 1, 1, 1], [0, 0, 0, 0, 0, 0, 0, 0, 0, 0, 0, 0, 0, 0, 0, 0, 0, -1, 0, 0, 0, 0, 0, 0, 0, 0, 0, 0, 0, 0, 0, 0, 0, 0, 0, 0, 0, 0, 0, 0, 0, 0, 0, 0, 0, 0, 0, 0, 0, 0, 0, 0], [2, 2, 2, 2, 2, 2, 2, 2, 2, 2, 2, 2, 2, 2, 2, 2, 2, 2, -1, 2, 2, 2, 2, 2, 2, 2, 2, 2, 2, 2, 2, 2, 2, 2, 2, 2, 2, 2, 2, 2, 2, 2, 2, 2, 2, 2, 2, 2, 2, 2, 2, 2], [0, 0, 0, 0, 0, 0, 0, 0, 0, 0, 0, 0, 0, 0, 0, 0, 0, 0, 0, -1, 0, 0, 0, 0, 0, 0, 0, 0, 0, 0, 0, 0, 0, 0, 0, 0, 0, 0, 0, 0, 0, 0, 0, 0, 0, 0, 0, 0, 0, 0, 0, 0], [1, 1, 1, 1, 1, 1, 1, 1, 1, 1, 1, 1, 1, 1, 1, 1, 1, 1, 1, 1, -1, 1, 1, 1, 1, 1, 1, 1, 1, 1, 1, 1, 1, 1, 1, 1, 1, 1, 1, 1, 1, 1, 1, 1, 1, 1, 1, 1, 1, 1, 1, 1], [1, 1, 1, 1, 1, 1, 1, 1, 1, 1, 1, 1, 1, 1, 1, 1, 1, 1, 1, 1, 1, -1, 1, 1, 1, 1, 1, 1, 1, 1, 1, 1, 1, 1, 1, 1, 1, 1, 1, 1, 1, 1, 1, 1, 1, 1, 1, 1, 1, 1, 1, 1], [0, 0, 0, 0, 0, 0, 0, 0, 0, 0, 0, 0, 0, 0, 0, 0, 0, 0, 0, 0, 0, 0, -1, 0, 0, 0, 0, 0, 0, 0, 0, 0, 0, 0, 0, 0, 0, 0, 0, 0, 0, 0, 0, 0, 0, 0, 0, 0, 0, 0, 0, 0], [1, 1, 1, 1, 1, 1, 1, 1, 1, 1, 1, 1, 1, 1, 1, 1, 1, 1, 1, 1, 1, 1, 1, -1, 1, 1, 1, 1, 1, 1, 1, 1, 1, 1, 1, 1, 1, 1, 1, 1, 1, 1, 1, 1, 1, 1, 1, 1, 1, 1, 1, 1], [0, 0, 0, 0, 0, 0, 0, 0, 0, 0, 0, 0, 0, 0, 0, 0, 0, 0, 0, 0, 0, 0, 0, 0, -1, 0, 0, 0, 0, 0, 0, 0, 0, 0, 0, 0, 0, 0, 0, 0, 0, 0, 0, 0, 0, 0, 0, 0, 0, 0, 0, 0], [2, 2, 2, 2, 2, 2, 2, 2, 2, 2, 2, 2, 2, 2, 2, 2, 2, 2, 2, 2, 2, 2, 2, 2, 2, -1, 2, 2, 2, 2, 2, 2, 2, 2, 2, 2, 2, 2, 2, 2, 2, 2, 2, 2, 2, 2, 2, 2, 2, 2, 2, 2], [1, 1, 1, 1, 1, 1, 1, 1, 1, 1, 1, 1, 1, 1, 1, 1, 1, 1, 1, 1, 1, 1, 1, 1, 1, 1, -1, 1, 1, 1, 1, 1, 1, 1, 1, 1, 1, 1, 1, 1, 1, 1, 1, 1, 1, 1, 1, 1, 1, 1, 1, 1], [0, 0, 0, 0, 0, 0, 0, 0, 0, 0, 0, 0, 0, 0, 0, 0, 0, 0, 0, 0, 0, 0, 0, 0, 0, 0, 0, -1, 0, 0, 0, 0, 0, 0, 0, 0, 0, 0, 0, 0, 0, 0, 0, 0, 0, 0, 0, 0, 0, 0, 0, 0], [0, 0, 0, 0, 0, 0, 0, 0, 0, 0, 0, 0, 0, 0, 0, 0, 0, 0, 0, 0, 0, 0, 0, 0, 0, 0, 0, 0, -1, 0, 0, 0, 0, 0, 0, 0, 0, 0, 0, 0, 0, 0, 0, 0, 0, 0, 0, 0, 0, 0, 0, 0], [0, 0, 0, 0, 0, 0, 0, 0, 0, 0, 0, 0, 0, 0, 0, 0, 0, 0, 0, 0, 0, 0, 0, 0, 0, 0, 0, 0, 0, -1, 0, 0, 0, 0, 0, 0, 0, 0, 0, 0, 0, 0, 0, 0, 0, 0, 0, 0, 0, 0, 0, 0], [1, 1, 1, 1, 1, 1, 1, 1, 1, 1, 1, 1, 1, 1, 1, 1, 1, 1, 1, 1, 1, 1, 1, 1, 1, 1, 1, 1, 1, 1, -1, 1, 1, 1, 1, 1, 1, 1, 1, 1, 1, 1, 1, 1, 1, 1, 1, 1, 1, 1, 1, 1], [1, 1, 1, 1, 1, 1, 1, 1, 1, 1, 1, 1, 1, 1, 1, 1, 1, 1, 1, 1, 1, 1, 1, 1, 1, 1, 1, 1, 1, 1, 1, -1, 1, 1, 1, 1, 1, 1, 1, 1, 1, 1, 1, 1, 1, 1, 1, 1, 1, 1, 1, 1], [0, 0, 0, 0, 0, 0, 0, 0, 0, 0, 0, 0, 0, 0, 0, 0, 0, 0, 0, 0, 0, 0, 0, 0, 0, 0, 0, 0, 0, 0, 0, 0, -1, 0, 0, 0, 0, 0, 0, 0, 0, 0, 0, 0, 0, 0, 0, 0, 0, 0, 0, 0], [1, 1, 1, 1, 1, 1, 1, 1, 1, 1, 1, 1, 1, 1, 1, 1, 1, 1, 1, 1, 1, 1, 1, 1, 1, 1, 1, 1, 1, 1, 1, 1, 1, -1, 1, 1, 1, 1, 1, 1, 1, 1, 1, 1, 1, 1, 1, 1, 1, 1, 1, 1], [2, 2, 2, 2, 2, 2, 2, 2, 2, 2, 2, 2, 2, 2, 2, 2, 2, 2, 2, 2, 2, 2, 2, 2, 2, 2, 2, 2, 2, 2, 2, 2, 2, 2, -1, 2, 2, 2, 2, 2, 2, 2, 2, 2, 2, 2, 2, 2, 2, 2, 2, 2], [1, 1, 1, 1, 1, 1, 1, 1, 1, 1, 1, 1, 1, 1, 1, 1, 1, 1, 1, 1, 1, 1, 1, 1, 1, 1, 1, 1, 1, 1, 1, 1, 1, 1, 1, -1, 1, 1, 1, 1, 1, 1, 1, 1, 1, 1, 1, 1, 1, 1, 1, 1], [1, 1, 1, 1, 1, 1, 1, 1, 1, 1, 1, 1, 1, 1, 1, 1, 1, 1, 1, 1, 1, 1, 1, 1, 1, 1, 1, 1, 1, 1, 1, 1, 1, 1, 1, 1, -1, 1, 1, 1, 1, 1, 1, 1, 1, 1, 1, 1, 1, 1, 1, 1], [0, 0, 0, 0, 0, 0, 0, 0, 0, 0, 0, 0, 0, 0, 0, 0, 0, 0, 0, 0, 0, 0, 0, 0, 0, 0, 0, 0, 0, 0, 0, 0, 0, 0, 0, 0, 0, -1, 0, 0, 0, 0, 0, 0, 0, 0, 0, 0, 0, 0, 0, 0], [0, 0, 0, 0, 0, 0, 0, 0, 0, 0, 0, 0, 0, 0, 0, 0, 0, 0, 0, 0, 0, 0, 0, 0, 0, 0, 0, 0, 0, 0, 0, 0, 0, 0, 0, 0, 0, 0, -1, 0, 0, 0, 0, 0, 0, 0, 0, 0, 0, 0, 0, 0], [1, 1, 1, 1, 1, 1, 1, 1, 1, 1, 1, 1, 1, 1, 1, 1, 1, 1, 1, 1, 1, 1, 1, 1, 1, 1, 1, 1, 1, 1, 1, 1, 1, 1, 1, 1, 1, 1, 1, -1, 1, 1, 1, 1, 1, 1, 1, 1, 1, 1, 1, 1], [1, 1, 1, 1, 1, 1, 1, 1, 1, 1, 1, 1, 1, 1, 1, 1, 1, 1, 1, 1, 1, 1, 1, 1, 1, 1, 1, 1, 1, 1, 1, 1, 1, 1, 1, 1, 1, 1, 1, 1, -1, 1, 1, 1, 1, 1, 1, 1, 1, 1, 1, 1], [1, 1, 1, 1, 1, 1, 1, 1, 1, 1, 1, 1, 1, 1, 1, 1, 1, 1, 1, 1, 1, 1, 1, 1, 1, 1, 1, 1, 1, 1, 1, 1, 1, 1, 1, 1, 1, 1, 1, 1, 1, -1, 1, 1, 1, 1, 1, 1, 1, 1, 1, 1], [0, 0, 0, 0, 0, 0, 0, 0, 0, 0, 0, 0, 0, 0, 0, 0, 0, 0, 0, 0, 0, 0, 0, 0, 0, 0, 0, 0, 0, 0, 0, 0, 0, 0, 0, 0, 0, 0, 0, 0, 0, 0, -1, 0, 0, 0, 0, 0, 0, 0, 0, 0], [1, 1, 1, 1, 1, 1, 1, 1, 1, 1, 1, 1, 1, 1, 1, 1, 1, 1, 1, 1, 1, 1, 1, 1, 1, 1, 1, 1, 1, 1, 1, 1, 1, 1, 1, 1, 1, 1, 1, 1, 1, 1, 1, -1, 1, 1, 1, 1, 1, 1, 1, 1], [0, 0, 0, 0, 0, 0, 0, 0, 0, 0, 0, 0, 0, 0, 0, 0, 0, 0, 0, 0, 0, 0, 0, 0, 0, 0, 0, 0, 0, 0, 0, 0, 0, 0, 0, 0, 0, 0, 0, 0, 0, 0, 0, 0, -1, 0, 0, 0, 0, 0, 0, 0], [0, 0, 0, 0, 0, 0, 0, 0, 0, 0, 0, 0, 0, 0, 0, 0, 0, 0, 0, 0, 0, 0, 0, 0, 0, 0, 0, 0, 0, 0, 0, 0, 0, 0, 0, 0, 0, 0, 0, 0, 0, 0, 0, 0, 0, -1, 0, 0, 0, 0, 0, 0], [2, 2, 2, 2, 2, 2, 2, 2, 2, 2, 2, 2, 2, 2, 2, 2, 2, 2, 2, 2, 2, 2, 2, 2, 2, 2, 2, 2, 2, 2, 2, 2, 2, 2, 2, 2, 2, 2, 2, 2, 2, 2, 2, 2, 2, 2, -1, 2, 2, 2, 2, 2], [0, 0, 0, 0, 0, 0, 0, 0, 0, 0, 0, 0, 0, 0, 0, 0, 0, 0, 0, 0, 0, 0, 0, 0, 0, 0, 0, 0, 0, 0, 0, 0, 0, 0, 0, 0, 0, 0, 0, 0, 0, 0, 0, 0, 0, 0, 0, -1, 0, 0, 0, 0], [1, 1, 1, 1, 1, 1, 1, 1, 1, 1, 1, 1, 1, 1, 1, 1, 1, 1, 1, 1, 1, 1, 1, 1, 1, 1, 1, 1, 1, 1, 1, 1, 1, 1, 1, 1, 1, 1, 1, 1, 1, 1, 1, 1, 1, 1, 1, 1, -1, 1, 1, 1], [1, 1, 1, 1, 1, 1, 1, 1, 1, 1, 1, 1, 1, 1, 1, 1, 1, 1, 1, 1, 1, 1, 1, 1, 1, 1, 1, 1, 1, 1, 1, 1, 1, 1, 1, 1, 1, 1, 1, 1, 1, 1, 1, 1, 1, 1, 1, 1, 1, -1, 1, 1], [1, 1, 1, 1, 1, 1, 1, 1, 1, 1, 1, 1, 1, 1, 1, 1, 1, 1, 1, 1, 1, 1, 1, 1, 1, 1, 1, 1, 1, 1, 1, 1, 1, 1, 1, 1, 1, 1, 1, 1, 1, 1, 1, 1, 1, 1, 1, 1, 1, 1, -1, 1], [2, 2, 2, 2, 2, 2, 2, 2, 2, 2, 2, 2, 2, 2, 2, 2, 2, 2, 2, 2, 2, 2, 2, 2, 2, 2, 2, 2, 2, 2, 2, 2, 2, 2, 2, 2, 2, 2, 2, 2, 2, 2, 2, 2, 2, 2, 2, 2, 2, 2, 2, -1]], "speed_zone_count": 73, "speed_zones": [[0.0, 15.0], [15.0, 30.0], [30.0, 45.0], [45.0, 60.0], [60.0, 75.0], [75.0, 90.0], [90.0, 105.0], [105.0, 120.0], [120.0, 135.0], [135.0, 150.0], [150.0, 165.0], [165.0, 180.0], [180.0, 195.0], [195.0, 210.0], [210.0, 225.0], [225.0, 240.0], [240.0, 255.0], [255.0, 270.0], [270.0, 285.0], [285.0, 300.0], [300.0, 315.0], [315.0, 330.0], [330.0, 345.0], [345.0, 360.0], [360.0, 375.0], [375.0, 390.0], [390.0, 405.0], [405.0, 420.0], [420.0, 435.0], [435.0, 450.0], [450.0, 465.0], [465.0, 480.0], [480.0, 495.0], [495.0, 510.0], [510.0, 525.0], [525.0, 540.0], [540.0, 555.0], [555.0, 570.0], [570.0, 585.0], [585.0, 600.0], [600.0, 615.0], [615.0, 630.0], [630.0, 645.0], [645.0, 660.0], [660.0, 675.0], [675.0, 690.0], [690.0, 705.0], [705.0, 720.0], [720.0, 735.0], [735.0, 750.0], [750.0, 765.0], [765.0, 780.0], [780.0, 795.0], [795.0, 810.0], [810.0, 825.0], [825.0, 840.0], [840.0, 855.0], [855.0, 870.0], [870.0, 885.0], [885.0, 900.0], [900.0, 915.0], [915.0, 930.0], [930.0, 945.0], [945.0, 960.0], [960.0, 975.0], [975.0, 990.0], [990.0, 1005.0], [1005.0, 1020.0], [1020.0, 1035.0], [1035.0, 1050.0], [1050.0, 1065.0], [1065.0, 1080.0], [1080.0, 5000.0]], "distances": [[0.0, 71.71, 67.28, 79.44, 74.54, 56.31, 88.0, 63.61, 73.35, 74.58, 74.7, 80.07, 57.72, 62.05, 74.28, 77.17, 75.72, 74.19, 44.19, 59.62, 85.6, 58.54, 74.44, 57.86, 74.29, 77.59, 69.61, 68.24, 67.83, 84.66, 54.09, 91.57, 67.97, 86.91, 93.78, 55.65, 68.25, 80.16, 74.62, 70.48, 70.14, 49.38, 77.34, 89.48, 72.93, 73.29, 46.92, 79.63, 65.73, 74.57, 76.08, 0.0], [0.0, 0.0, 29.2, 10.91, 28.2, 22.52, 25.4, 16.54, 46.79, 27.19, 7.03, 20.46, 19.11, 32.78, 35.95, 21.43, 13.56, 27.35, 56.71, 17.86, 22.15, 31.84, 26.38, 33.32, 32.5, 8.21, 39.36, 9.03, 11.09, 26.12, 26.33, 29.76, 12.57, 16.6, 22.07, 23.89, 41.35, 24.02, 12.93, 10.23, 36.62, 28.62, 14.82, 18.99, 20.23, 20.49, 35.59, 23.87, 38.02, 38.1, 4.39, 71.71], [0.0, 29.2, 0.0, 26.05, 7.61, 14.71, 24.59, 13.85, 17.74, 8.01, 24.54, 17.93, 16.49, 6.35, 8.9, 14.07, 30.74, 7.54, 35.26, 15.72, 23.66, 8.98, 8.23, 10.06, 7.3, 36.89, 10.2, 20.22, 18.15, 19.82, 14.59, 26.79, 16.63, 32.11, 42.1, 14.36, 12.18, 15.63, 18.87, 27.63, 7.65, 19.12, 19.62, 34.08, 11.21, 11.27, 20.41, 15.12, 9.13, 10.51, 31.34, 67.28], [0.0, 10.91, 26.05, 0.0, 22.34, 25.4, 14.75, 17.72, 42.22, 21.26, 4.89, 11.57, 22.77, 31.25, 30.53, 14.06, 8.66, 21.58, 58.51, 20.96, 11.56, 31.59, 20.48, 33.13, 26.91, 14.14, 35.41, 11.27, 12.11, 16.42, 28.94, 19.04, 12.58, 7.61, 16.67, 26.59, 37.83, 15.6, 7.26, 10.98, 32.46, 32.56, 6.78, 10.16, 15.03, 15.07, 38.58, 15.64, 35.16, 32.72, 8.98, 79.44], [0.0, 28.2, 7.61, 22.34, 0.0, 19.99, 17.6, 16.12, 19.95, 10.22, 22.24, 12.08, 20.68, 13.84, 8.19, 8.51, 28.77, 9.92, 42.56, 19.34, 17.22, 16.56, 11.01, 17.67, 4.57, 35.03, 13.69, 20.0, 18.11, 12.58, 20.94, 19.37, 16.57, 27.17, 37.16, 20.07, 16.33, 8.85, 15.91, 26.89, 10.74, 25.67, 15.55, 28.8, 7.98, 7.75, 27.82, 8.42, 14.66, 10.38, 29.32, 74.54], [0.0, 22.52, 14.71, 25.4, 19.99, 0.0, 31.7, 7.78, 30.55, 19.67, 21.5, 23.77, 13.71, 13.91, 23.6, 20.9, 25.66, 19.39, 34.21, 4.71, 29.4, 11.23, 19.29, 12.38, 21.7, 30.68, 23.18, 14.74, 13.38, 28.44, 12.04, 35.27, 12.84, 32.94, 41.8, 10.78, 24.06, 23.99, 19.15, 20.78, 21.49, 7.29, 21.59, 35.43, 16.67, 17.05, 13.34, 23.46, 20.2, 25.09, 26.24, 56.31], [0.0, 25.4, 24.59, 14.75, 17.6, 31.7, 0.0, 24.51, 35.87, 16.85, 18.51, 7.93, 30.44, 30.92, 24.41, 11.17, 23.41, 17.32, 59.85, 28.56, 11.34, 32.92, 16.44, 34.27, 21.28, 28.52, 30.84, 22.06, 21.51, 5.2, 34.25, 4.39, 20.83, 14.15, 22.71, 32.44, 33.56, 8.96, 14.64, 25.09, 28.03, 38.79, 11.81, 14.47, 15.32, 15.0, 42.99, 9.48, 32.25, 26.27, 23.7, 88.0], [0.0, 16.54, 13.85, 17.72, 16.12, 7.78, 24.51, 0.0, 31.52, 15.44, 14.12, 16.63, 5.93, 16.37, 22.09, 14.32, 19.07, 15.33, 41.14, 12.49, 21.99, 15.31, 14.82, 16.8, 19.26, 24.69, 23.92, 7.77, 6.0, 21.82, 11.22, 28.34, 5.15, 25.21, 34.25, 8.9, 25.57, 17.6, 11.38, 14.83, 21.5, 15.05, 13.89, 27.68, 10.36, 10.76, 20.86, 17.12, 21.98, 24.02, 19.67, 63.61], [0.0, 46.79, 17.74, 42.22, 19.95, 30.55, 35.87, 31.52, 0.0, 21.02, 41.6, 31.87, 33.19, 16.69, 11.84, 28.45, 48.02, 20.67, 32.58, 32.84, 36.37, 19.99, 21.78, 19.48, 15.42, 54.25, 7.61, 37.89, 35.83, 30.71, 28.78, 36.06, 34.29, 47.04, 56.98, 29.71, 6.57, 28.19, 35.48, 45.26, 10.17, 32.01, 35.45, 48.53, 27.36, 27.24, 29.21, 27.88, 10.42, 9.75, 48.6, 73.35], [0.0, 27.19, 8.01, 21.26, 10.22, 19.67, 16.85, 15.44, 21.02, 0.0, 21.18, 11.09, 20.19, 14.33, 9.27, 7.47, 27.71, 10.99, 43.16, 18.78, 16.33, 16.87, 12.08, 18.04, 5.65, 33.97, 14.67, 19.05, 17.19, 11.91, 20.81, 18.8, 15.66, 26.14, 36.14, 19.81, 17.3, 8.0, 14.84, 25.89, 11.71, 25.55, 14.48, 27.79, 6.95, 6.71, 27.98, 7.54, 15.5, 11.45, 28.26, 74.58], [0.0, 7.03, 24.54, 4.89, 22.24, 21.5, 18.51, 14.12, 41.6, 21.18, 0.0, 13.48, 18.6, 29.08, 30.28, 14.8, 6.53, 21.41, 55.25, 16.89, 15.26, 28.89, 20.37, 30.42, 26.72, 12.79, 34.42, 6.85, 8.16, 19.09, 25.19, 22.89, 9.06, 12.22, 20.32, 22.77, 36.65, 17.16, 6.38, 6.58, 31.55, 28.47, 7.85, 14.79, 14.34, 14.52, 34.82, 17.05, 33.64, 32.47, 7.08, 74.7], [0.0, 20.46, 17.93, 11.57, 12.08, 23.77, 7.93, 16.63, 31.87, 11.09, 13.48, 0.0, 22.56, 24.07, 20.03, 11.82, 19.58, 11.51, 52.87, 20.69, 5.94, 25.65, 10.44, 27.07, 16.49, 25.53, 25.76, 15.13, 14.21, 5.91, 26.37, 11.73, 13.31, 15.17, 25.12, 24.52, 28.38, 10.43, 7.93, 19.71, 22.8, 30.88, 5.64, 16.72, 7.58, 7.3, 35.26, 4.17, 26.41, 22.14, 20.03, 80.07], [0.0, 19.11, 16.49, 22.77, 20.68, 13.71, 30.44, 5.93, 33.19, 20.19, 18.6, 22.56, 0.0, 16.77, 25.33, 20.12, 22.37, 19.98, 37.6, 10.96, 27.91, 14.44, 19.68, 15.69, 23.04, 27.24, 25.69, 11.75, 10.66, 27.67, 7.27, 34.25, 10.43, 30.37, 38.91, 4.89, 26.81, 23.36, 17.02, 17.38, 23.74, 9.88, 19.66, 32.89, 16.03, 16.43, 16.53, 22.87, 22.98, 27.0, 22.94, 57.72], [0.0, 32.78, 6.35, 31.25, 13.84, 13.91, 30.92, 16.37, 16.69, 14.33, 29.08, 24.07, 16.77, 0.0, 12.32, 20.23, 34.89, 13.86, 28.93, 16.71, 29.89, 15.32, 14.58, 4.2, 12.37, 40.81, 9.58, 23.78, 21.77, 26.17, 12.16, 33.12, 20.41, 37.76, 47.66, 13.02, 10.16, 21.96, 24.0, 31.1, 8.68, 15.84, 25.17, 39.85, 16.97, 17.1, 15.22, 21.44, 6.29, 13.0, 35.5, 62.05], [0.0, 35.95, 8.9, 30.53, 8.19, 23.6, 24.41, 22.09, 11.84, 9.27, 30.28, 20.03, 25.33, 12.32, 0.0, 16.64, 36.78, 8.96, 38.28, 24.44, 24.65, 16.02, 10.05, 16.48, 11.31, 43.04, 6.73, 27.36, 25.36, 19.21, 23.22, 25.15, 23.79, 35.2, 45.14, 23.2, 9.42, 16.39, 24.01, 34.54, 4.53, 27.53, 23.75, 36.7, 15.93, 15.76, 27.53, 16.06, 9.45, 8.97, 37.34, 74.28], [0.0, 21.43, 14.07, 14.06, 8.51, 20.9, 11.17, 14.32, 28.45, 7.47, 14.8, 11.82, 20.12, 20.23, 16.64, 0.0, 21.25, 7.86, 49.07, 18.33, 9.68, 21.91, 6.76, 23.3, 13.04, 27.42, 22.09, 14.65, 13.27, 7.56, 23.2, 14.4, 12.05, 18.68, 28.69, 21.52, 24.68, 11.6, 8.51, 20.41, 19.12, 27.82, 7.35, 20.39, 4.24, 12.65, 31.82, 11.09, 22.59, 18.8, 21.76, 77.17], [0.0, 13.56, 30.74, 8.66, 28.77, 25.66, 23.41, 19.07, 48.02, 27.71, 6.53, 19.58, 22.37, 34.89, 36.78, 21.25, 0.0, 27.93, 59.86, 20.95, 20.22, 34.31, 26.9, 35.83, 33.23, 6.27, 40.76, 11.3, 13.2, 24.87, 29.47, 27.66, 14.49, 13.07, 18.06, 27.02, 42.91, 23.44, 12.9, 5.37, 37.92, 32.08, 14.09, 15.34, 20.85, 21.04, 38.9, 23.37, 39.77, 38.96, 11.21, 75.72], [0.0, 27.35, 7.54, 21.58, 9.92, 19.39, 17.32, 15.33, 20.67, 10.99, 21.41, 11.51, 19.98, 13.86, 8.96, 7.86, 27.93, 0.0, 42.68, 18.61, 16.79, 16.42, 11.78, 17.58, 5.35, 34.2, 14.25, 19.14, 17.25, 12.38, 20.47, 19.27, 15.71, 26.53, 36.54, 19.51, 16.87, 8.46, 15.09, 26.03, 11.29, 25.2, 14.8, 28.21, 7.13, 6.91, 27.56, 8.01, 15.04, 11.15, 28.49, 74.19], [0.0, 56.71, 35.26, 58.51, 42.56, 34.21, 59.85, 41.14, 32.58, 43.16, 55.25, 52.87, 37.6, 28.93, 38.28, 49.07, 59.86, 42.68, 0.0, 38.91, 58.75, 27.31, 43.47, 25.84, 40.02, 64.84, 31.88, 48.75, 47.13, 55.05, 30.4, 61.93, 46.22, 65.64, 75.17, 32.85, 29.57, 50.89, 51.47, 54.98, 33.76, 28.54, 53.2, 67.92, 45.5, 45.7, 21.31, 50.37, 28.86, 37.54, 60.44, 44.19], [0.0, 17.86, 15.72, 20.96, 19.34, 4.71, 28.56, 12.49, 32.84, 18.78, 16.89, 20.69, 10.96, 16.71, 24.44, 18.33, 20.95, 18.61, 38.91, 0.0, 26.01, 14.76, 18.24, 16.11, 21.96, 26.04, 25.27, 10.08, 8.85, 25.86, 8.52, 32.4, 8.55, 28.55, 37.21, 6.06, 26.57, 21.59, 15.12, 16.11, 23.16, 11.61, 17.75, 31.07, 14.28, 14.69, 18.03, 21.1, 22.79, 26.2, 21.53, 59.62], [0.0, 22.15, 23.66, 11.56, 17.22, 29.4, 11.34, 21.99, 36.37, 16.33, 15.26, 5.94, 27.91, 29.89, 24.65, 9.68, 20.22, 16.79, 58.75, 26.01, 0.0, 31.57, 15.8, 32.98, 21.3, 25.45, 30.81, 19.01, 18.58, 6.14, 32.16, 7.63, 18.02, 11.82, 21.08, 30.23, 33.5, 8.38, 11.63, 21.85, 27.91, 36.59, 8.77, 12.61, 13.51, 13.24, 41.16, 8.8, 31.83, 26.65, 20.52, 85.6], [0.0, 31.84, 8.98, 31.59, 16.56, 11.23, 32.92, 15.31, 19.99, 16.87, 28.89, 25.65, 14.44, 15.32, 16.02, 21.91, 34.31, 16.42, 27.31, 14.76, 31.57, 0.0, 16.98, 18.53, 15.75, 40.0, 13.19, 23.03, 21.12, 28.42, 8.85, 35.47, 19.92, 38.48, 48.2, 10.13, 13.42, 24.03, 24.4, 30.12, 12.45, 12.17, 25.95, 40.71, 18.21, 18.42, 11.63, 23.5, 9.61, 16.76, 34.91, 58.54], [0.0, 26.38, 8.23, 20.48, 11.01, 19.29, 16.44, 14.82, 21.78, 12.08, 20.37, 10.44, 19.68, 14.58, 10.05, 6.76, 26.9, 11.78, 43.47, 18.24, 15.8, 16.98, 0.0, 18.19, 6.44, 33.16, 15.34, 18.27, 16.42, 11.59, 20.56, 18.56, 14.9, 25.44, 35.45, 19.49, 17.95, 7.52, 14.03, 25.09, 12.38, 25.31, 13.7, 27.12, 6.14, 5.9, 27.95, 7.05, 16.04, 12.25, 27.45, 74.44], [0.0, 33.32, 10.06, 33.13, 17.67, 12.38, 34.27, 16.8, 19.48, 18.04, 30.42, 27.07, 15.69, 4.2, 16.48, 23.3, 35.83, 17.58, 25.84, 16.11, 32.98, 18.53, 18.19, 0.0, 16.53, 41.49, 13.04, 24.53, 22.64, 29.7, 9.68, 36.73, 21.45, 40.01, 49.74, 11.21, 12.95, 25.35, 25.94, 31.59, 12.64, 12.53, 27.47, 42.22, 19.66, 19.86, 11.05, 24.82, 9.26, 17.04, 36.43, 57.86], [0.0, 32.5, 7.3, 26.91, 4.57, 21.7, 21.28, 19.26, 15.42, 5.65, 26.72, 16.49, 23.04, 12.37, 11.31, 13.04, 33.23, 5.35, 40.02, 21.96, 21.3, 15.75, 6.44, 16.53, 0.0, 39.49, 9.56, 24.04, 22.07, 16.1, 21.87, 22.41, 20.51, 31.64, 41.61, 21.49, 12.28, 12.96, 20.42, 31.13, 6.77, 26.41, 20.13, 33.19, 12.38, 12.19, 27.36, 12.6, 11.33, 5.81, 33.79, 74.29], [0.0, 8.21, 36.89, 14.14, 35.03, 30.68, 28.52, 24.69, 54.25, 33.97, 12.79, 25.53, 27.24, 40.81, 43.04, 27.42, 6.27, 34.2, 64.84, 26.04, 25.45, 40.0, 33.16, 41.49, 39.49, 0.0, 46.95, 17.04, 19.04, 30.56, 34.49, 32.59, 20.44, 16.18, 17.58, 32.06, 49.07, 29.47, 19.15, 9.95, 44.13, 36.59, 20.17, 17.87, 27.11, 27.3, 43.65, 29.44, 45.86, 45.23, 5.71, 77.59], [0.0, 39.36, 10.2, 35.41, 13.69, 23.18, 30.84, 23.92, 7.61, 14.67, 34.42, 25.76, 25.69, 9.58, 6.73, 22.09, 40.76, 14.25, 31.88, 25.27, 30.81, 13.19, 15.34, 13.04, 9.56, 46.95, 0.0, 30.41, 28.34, 25.66, 21.73, 31.81, 26.81, 40.77, 50.78, 22.42, 13.82, 22.44, 28.46, 37.8, 10.1, 25.36, 28.72, 42.46, 20.4, 20.34, 23.7, 22.05, 14.72, 5.66, 41.35, 69.61], [0.0, 9.03, 20.22, 11.27, 20.0, 14.74, 22.06, 7.77, 37.89, 19.05, 6.85, 15.13, 11.75, 23.78, 27.36, 14.65, 11.3, 19.14, 48.75, 10.08, 19.01, 23.03, 18.27, 24.53, 24.04, 17.04, 30.41, 0.0, 13.77, 21.02, 18.49, 26.35, 12.92, 18.86, 27.16, 16.04, 32.35, 17.77, 7.42, 7.41, 27.73, 21.63, 10.25, 21.42, 12.27, 12.6, 28.08, 17.46, 28.99, 29.47, 11.9, 68.24], [0.0, 11.09, 18.15, 12.11, 18.11, 13.38, 21.51, 6.0, 35.83, 17.19, 8.16, 14.21, 10.66, 21.77, 25.36, 13.27, 13.2, 17.25, 47.13, 8.85, 18.58, 21.12, 16.42, 22.64, 22.07, 19.04, 28.34, 13.77, 0.0, 20.01, 17.03, 25.71, 11.15, 19.71, 28.42, 14.62, 30.28, 16.49, 6.99, 9.48, 25.66, 20.46, 9.84, 22.24, 10.53, 10.88, 26.67, 16.13, 26.93, 27.45, 13.8, 67.83], [0.0, 26.12, 19.82, 16.42, 12.58, 28.44, 5.2, 21.82, 30.71, 11.91, 19.09, 5.91, 27.67, 26.17, 19.21, 7.56, 24.87, 12.38, 55.05, 25.86, 6.14, 28.42, 11.59, 29.7, 16.1, 30.56, 25.66, 21.02, 20.01, 0.0, 30.62, 7.08, 19.02, 17.92, 27.2, 29.02, 28.38, 4.53, 13.83, 25.47, 22.87, 35.29, 11.39, 18.75, 11.77, 11.39, 38.93, 5.07, 27.16, 21.08, 25.27, 84.66], [0.0, 26.33, 14.59, 28.94, 20.94, 12.04, 34.25, 11.22, 28.78, 20.81, 25.19, 26.37, 7.27, 12.16, 23.22, 23.2, 29.47, 20.47, 30.4, 8.52, 32.16, 8.85, 20.56, 9.68, 21.87, 34.49, 21.73, 18.49, 17.03, 30.62, 0.0, 37.59, 16.37, 36.42, 45.44, 11.12, 22.21, 26.1, 22.45, 24.59, 20.47, 4.75, 24.74, 38.88, 18.97, 19.32, 9.65, 25.56, 18.36, 24.44, 30.05, 54.09], [0.0, 29.76, 26.79, 19.04, 19.37, 35.27, 4.39, 28.34, 36.06, 18.8, 22.89, 11.73, 34.25, 33.12, 25.15, 14.4, 27.66, 19.27, 61.93, 32.4, 7.63, 35.47, 18.56, 36.73, 22.41, 32.59, 31.81, 26.35, 25.71, 7.08, 37.59, 0.0, 24.94, 17.54, 25.11, 35.92, 34.53, 11.58, 18.92, 29.47, 29.16, 42.23, 16.12, 17.37, 18.65, 18.29, 46.0, 12.13, 33.69, 26.79, 27.93, 91.57], [0.0, 12.57, 16.63, 12.58, 16.57, 12.84, 20.83, 5.15, 34.29, 15.66, 9.06, 13.31, 10.43, 20.41, 23.79, 12.05, 14.49, 15.71, 46.22, 8.55, 18.02, 19.92, 14.9, 21.45, 20.51, 20.44, 26.81, 12.92, 11.15, 19.02, 16.37, 24.94, 0.0, 20.1, 29.1, 14.01, 28.78, 15.31, 6.65, 10.99, 24.12, 20.05, 9.41, 22.59, 9.08, 9.45, 26.01, 14.94, 25.46, 25.89, 15.09, 67.97], [0.0, 16.6, 32.11, 7.61, 27.17, 32.94, 14.15, 25.21, 47.04, 26.14, 12.22, 15.17, 30.37, 37.76, 35.2, 18.68, 13.07, 26.53, 65.64, 28.55, 11.82, 38.48, 25.44, 40.01, 31.64, 16.18, 40.77, 18.86, 19.71, 17.92, 36.42, 17.54, 20.1, 0.0, 10.03, 34.1, 43.33, 19.0, 14.18, 17.25, 37.79, 40.13, 12.59, 17.76, 20.91, 20.85, 46.04, 19.24, 41.04, 37.32, 13.05, 86.91], [0.0, 22.07, 42.1, 16.67, 37.16, 41.8, 22.71, 34.25, 56.98, 36.14, 20.32, 25.12, 38.91, 47.66, 45.14, 28.69, 18.06, 36.54, 75.17, 37.21, 21.08, 48.2, 35.45, 49.74, 41.61, 17.58, 50.78, 27.16, 28.42, 27.2, 45.44, 25.11, 29.1, 10.03, 0.0, 43.04, 53.36, 28.83, 23.8, 23.33, 47.81, 48.79, 22.51, 8.5, 30.9, 30.85, 55.09, 29.11, 51.06, 47.24, 17.71, 93.78], [0.0, 23.89, 14.36, 26.59, 20.07, 10.78, 32.44, 8.9, 29.71, 19.81, 22.77, 24.52, 4.89, 13.02, 23.2, 21.52, 27.02, 19.51, 32.85, 6.06, 30.23, 10.13, 19.49, 11.21, 21.49, 32.06, 22.42, 16.04, 14.62, 29.02, 11.12, 35.92, 14.01, 34.1, 43.04, 0.0, 23.18, 24.53, 20.21, 22.15, 20.87, 6.36, 22.59, 36.57, 17.28, 17.64, 12.05, 24.01, 19.31, 24.6, 27.59, 55.65], [0.0, 41.35, 12.18, 37.83, 16.33, 24.06, 33.56, 25.57, 6.57, 17.3, 36.65, 28.38, 26.81, 10.16, 9.42, 24.68, 42.91, 16.87, 29.57, 26.57, 33.5, 13.42, 17.95, 12.95, 12.28, 49.07, 13.82, 32.35, 30.28, 28.38, 22.21, 34.53, 28.78, 43.33, 53.36, 23.18, 0.0, 25.12, 30.8, 39.76, 5.59, 25.47, 31.18, 45.06, 22.81, 22.77, 23.03, 24.72, 10.51, 8.16, 43.51, 68.25], [0.0, 24.02, 15.63, 15.6, 8.85, 23.99, 8.96, 17.6, 28.19, 8.0, 17.16, 10.43, 23.36, 21.96, 16.39, 11.6, 23.44, 8.46, 50.89, 21.59, 8.38, 24.03, 7.52, 25.35, 12.96, 29.47, 22.44, 17.77, 16.49, 4.53, 26.1, 11.58, 15.31, 19.0, 28.83, 24.53, 25.12, 0.0, 11.15, 23.13, 19.53, 30.78, 9.36, 20.36, 7.35, 6.96, 34.42, 9.6, 23.5, 18.45, 23.91, 80.16], [0.0, 12.93, 18.87, 7.26, 15.91, 19.15, 14.64, 11.38, 35.48, 14.84, 6.38, 7.93, 17.02, 24.0, 24.01, 8.51, 12.9, 15.09, 51.47, 15.12, 11.63, 24.4, 14.03, 25.94, 20.42, 19.15, 28.46, 7.42, 6.99, 13.83, 22.45, 18.92, 6.65, 14.18, 23.8, 20.21, 30.8, 11.15, 0.0, 11.98, 25.54, 26.43, 13.57, 16.54, 8.12, 8.25, 31.99, 10.96, 28.0, 26.2, 13.44, 74.62], [0.0, 10.23, 27.63, 10.98, 26.89, 20.78, 25.09, 14.83, 45.26, 25.89, 6.58, 19.71, 17.38, 31.1, 34.54, 20.41, 5.37, 26.03, 54.98, 16.11, 21.85, 30.12, 25.09, 31.59, 31.13, 9.95, 37.8, 7.41, 9.48, 25.47, 24.59, 29.47, 10.99, 17.25, 23.33, 22.15, 39.76, 23.13, 11.98, 0.0, 35.09, 26.93, 14.1, 19.71, 18.95, 19.22, 33.87, 22.94, 36.4, 36.68, 5.84, 70.48], [0.0, 36.62, 7.65, 32.46, 10.74, 21.49, 28.03, 21.5, 10.17, 11.71, 31.55, 22.8, 23.74, 8.68, 4.53, 19.12, 37.92, 11.29, 33.76, 23.16, 27.91, 12.45, 12.38, 12.64, 6.77, 44.13, 10.1, 27.73, 25.66, 22.87, 20.47, 29.16, 24.12, 37.79, 47.81, 20.87, 5.59, 19.53, 25.54, 35.09, 0.0, 24.44, 25.76, 39.5, 17.46, 17.39, 23.64, 19.13, 4.92, 4.44, 38.51, 70.14], [0.0, 28.62, 19.12, 32.56, 25.67, 7.29, 38.79, 15.05, 32.01, 25.55, 28.47, 30.88, 9.88, 15.84, 27.53, 27.82, 32.08, 25.2, 28.54, 11.61, 36.59, 12.17, 25.31, 12.53, 26.41, 36.59, 25.36, 21.63, 20.46, 35.29, 4.75, 42.23, 20.05, 40.13, 48.79, 6.36, 25.47, 30.78, 26.43, 26.93, 24.44, 0.0, 28.88, 42.63, 23.58, 23.94, 7.25, 30.24, 21.73, 28.59, 32.63, 49.38], [0.0, 14.82, 19.62, 6.78, 15.55, 21.59, 11.81, 13.89, 35.45, 14.48, 7.85, 5.64, 19.66, 25.17, 23.75, 7.35, 14.09, 14.8, 53.2, 17.75, 8.77, 25.95, 13.7, 27.47, 20.13, 20.17, 28.72, 10.25, 9.84, 11.39, 24.74, 16.12, 9.41, 12.59, 22.51, 22.59, 31.18, 9.36, 13.57, 14.1, 25.76, 28.88, 0.0, 14.75, 8.44, 8.43, 34.17, 9.28, 28.65, 25.93, 14.56, 77.34], [0.0, 18.99, 34.08, 10.16, 28.8, 35.43, 14.47, 27.68, 48.53, 27.79, 14.79, 16.72, 32.89, 39.85, 36.7, 20.39, 15.34, 28.21, 67.92, 31.07, 12.61, 40.71, 27.12, 42.22, 33.19, 17.87, 42.46, 21.42, 22.24, 18.75, 38.88, 17.37, 22.59, 17.76, 8.5, 36.57, 45.06, 20.36, 16.54, 19.71, 39.5, 42.63, 14.75, 0.0, 22.92, 22.83, 48.47, 20.65, 42.91, 38.79, 15.26, 89.48], [0.0, 20.23, 11.21, 15.03, 7.98, 16.67, 15.32, 10.36, 27.36, 6.95, 14.34, 7.58, 16.03, 16.97, 15.93, 4.24, 20.85, 7.13, 45.5, 14.28, 13.51, 18.21, 6.14, 19.66, 12.38, 27.11, 20.4, 12.27, 10.53, 11.77, 18.97, 18.65, 9.08, 20.91, 30.9, 17.28, 22.81, 7.35, 8.12, 18.95, 17.46, 23.58, 8.44, 22.92, 0.0, 12.04, 27.71, 6.85, 20.22, 18.12, 21.41, 72.93], [0.0, 20.49, 11.27, 15.07, 7.75, 17.05, 15.0, 10.76, 27.24, 6.71, 14.52, 7.3, 16.43, 17.1, 15.76, 12.65, 21.04, 6.91, 45.7, 14.69, 13.24, 18.42, 5.9, 19.86, 12.19, 27.3, 20.34, 12.6, 10.88, 11.39, 19.32, 18.29, 9.45, 20.85, 30.85, 17.64, 22.77, 6.96, 8.25, 19.22, 17.39, 23.94, 8.43, 22.83, 12.04, 0.0, 28.01, 6.45, 20.23, 17.96, 21.6, 73.29], [0.0, 35.59, 20.41, 38.58, 27.82, 13.34, 42.99, 20.86, 29.21, 27.98, 34.82, 35.26, 16.53, 15.22, 27.53, 31.82, 38.9, 27.56, 21.31, 18.03, 41.16, 11.63, 27.95, 11.05, 27.36, 43.65, 23.7, 28.08, 26.67, 38.93, 9.65, 46.0, 26.01, 46.04, 55.09, 12.05, 23.03, 34.42, 31.99, 33.87, 23.64, 7.25, 34.17, 48.47, 27.71, 28.01, 0.0, 33.88, 19.78, 28.06, 39.47, 46.92], [0.0, 23.87, 15.12, 15.64, 8.42, 23.46, 9.48, 17.12, 27.88, 7.54, 17.05, 4.17, 22.87, 21.44, 16.06, 11.09, 23.37, 8.01, 50.37, 21.1, 8.8, 23.5, 7.05, 24.82, 12.6, 29.44, 22.05, 17.46, 16.13, 5.07, 25.56, 12.13, 14.94, 19.24, 29.11, 24.01, 24.72, 9.6, 10.96, 22.94, 19.13, 30.24, 9.28, 20.65, 6.85, 6.45, 33.88, 0.0, 23.05, 18.14, 23.85, 79.63], [0.0, 38.02, 9.13, 35.16, 14.66, 20.2, 32.25, 21.98, 10.42, 15.5, 33.64, 26.41, 22.98, 6.29, 9.45, 22.59, 39.77, 15.04, 28.86, 22.79, 31.83, 9.61, 16.04, 9.26, 11.33, 45.86, 14.72, 28.99, 26.93, 27.16, 18.36, 33.69, 25.46, 41.04, 51.06, 19.31, 10.51, 23.5, 28.0, 36.4, 4.92, 21.73, 28.65, 42.91, 20.22, 20.23, 19.78, 23.05, 0.0, 9.05, 40.37, 65.73], [0.0, 38.1, 10.51, 32.72, 10.38, 25.09, 26.27, 24.02, 9.75, 11.45, 32.47, 22.14, 27.0, 13.0, 8.97, 18.8, 38.96, 11.15, 37.54, 26.2, 26.65, 16.76, 12.25, 17.04, 5.81, 45.23, 5.66, 29.47, 27.45, 21.08, 24.44, 26.79, 25.89, 37.32, 47.24, 24.6, 8.16, 18.45, 26.2, 36.68, 4.44, 28.59, 25.93, 38.79, 18.12, 17.96, 28.06, 18.14, 9.05, 0.0, 39.53, 74.57], [0.0, 4.39, 31.34, 8.98, 29.32, 26.24, 23.7, 19.67, 48.6, 28.26, 7.08, 20.03, 22.94, 35.5, 37.34, 21.76, 11.21, 28.49, 60.44, 21.53, 20.52, 34.91, 27.45, 36.43, 33.79, 5.71, 41.35, 11.9, 13.8, 25.27, 30.05, 27.93, 15.09, 13.05, 17.71, 27.59, 43.51, 23.91, 13.44, 5.84, 38.51, 32.63, 14.56, 15.26, 21.41, 21.6, 39.47, 23.85, 40.37, 39.53, 0.0, 76.08], [0.0, 0.0, 0.0, 0.0, 0.0, 0.0, 0.0, 0.0, 0.0, 0.0, 0.0, 0.0, 0.0, 0.0, 0.0, 0.0, 0.0, 0.0, 0.0, 0.0, 0.0, 0.0, 0.0, 0.0, 0.0, 0.0, 0.0, 0.0, 0.0, 0.0, 0.0, 0.0, 0.0, 0.0, 0.0, 0.0, 0.0, 0.0, 0.0, 0.0, 0.0, 0.0, 0.0, 0.0, 0.0, 0.0, 0.0, 0.0, 0.0, 0.0, 0.0, 0.0]], "time_windows": [[0.0, 5000.0], [0.0, 120.0], [0.0, 155.0], [0.0, 208.0], [0.0, 274.0], [0.0, 329.0], [0.0, 390.0], [0.0, 430.0], [0.0, 492.0], [0.0, 554.0], [0.0, 609.0], [0.0, 638.0], [0.0, 674.0], [0.0, 699.0], [0.0, 716.0], [0.0, 740.0], [0.0, 768.0], [0.0, 812.0], [0.0, 897.0], [0.0, 964.0], [0.0, 1002.0], [0.0, 1042.0], [0.0, 1061.0], [0.0, 1081.0], [0.0, 1100.0], [0.0, 1139.0], [0.0, 1186.0], [0.0, 1217.0], [0.0, 1231.0], [0.0, 1251.0], [0.0, 1281.0], [0.0, 1319.0], [0.0, 1344.0], [0.0, 1364.0], [0.0, 1374.0], [0.0, 1417.0], [0.0, 1440.0], [0.0, 1465.0], [0.0, 1476.0], [0.0, 1488.0], [0.0, 1523.0], [0.0, 1548.0], [0.0, 1577.0], [0.0, 1591.0], [0.0, 1614.0], [0.0, 1626.0], [0.0, 1654.0], [0.0, 1688.0], [0.0, 1711.0], [0.0, 1720.0], [0.0, 1760.0], [0.0, 5000.0]], "start_depot": 0, "end_depot": 51, "horizon": [0.0, 5000.0]}