{"digraph": {"vertex_count": 52, "arc_count": 2550, "arcs": [[0, 1, 1, 1, 1, 1, 1, 1, 1, 1, 1, 1, 1, 1, 1, 1, 1, 1, 1, 1, 1, 1, 1, 1, 1, 1, 1, 1, 1, 1, 1, 1, 1, 1, 1, 1, 1, 1, 1, 1, 1, 1, 1, 1, 1, 1, 1, 1, 1, 1, 1, 1], [0, 0, 1, 1, 1, 1, 1, 1, 1, 1, 1, 1, 1, 1, 1, 1, 1, 1, 1, 1, 1, 1, 1, 1, 1, 1, 1, 1, 1, 1, 1, 1, 1, 1, 1, 1, 1, 1, 1, 1, 1, 1, 1, 1, 1, 1, 1, 1, 1, 1, 1, 1], [0, 1, 0, 1, 1, 1, 1, 1, 1, 1, 1, 1, 1, 1, 1, 1, 1, 1, 1, 1, 1, 1, 1, 1, 1, 1, 1, 1, 1, 1, 1, 1, 1, 1, 1, 1, 1, 1, 1, 1, 1, 1, 1, 1, 1, 1, 1, 1, 1, 1, 1, 1], [0, 1, 1, 0, 1, 1, 1, 1, 1, 1, 1, 1, 1, 1, 1, 1, 1, 1, 1, 1, 1, 1, 1, 1, 1, 1, 1, 1, 1, 1, 1, 1, 1, 1, 1, 1, 1, 1, 1, 1, 1, 1, 1, 1, 1, 1, 1, 1, 1, 1, 1, 1], [0, 1, 1, 1, 0, 1, 1, 1, 1, 1, 1, 1, 1, 1, 1, 1, 1, 1, 1, 1, 1, 1, 1, 1, 1, 1, 1, 1, 1, 1, 1, 1, 1, 1, 1, 1, 1, 1, 1, 1, 1, 1, 1, 1, 1, 1, 1, 1, 1, 1, 1, 1], [0, 1, 1, 1, 1, 0, 1, 1, 1, 1, 1, 1, 1, 1, 1, 1, 1, 1, 1, 1, 1, 1, 1, 1, 1, 1, 1, 1, 1, 1, 1, 1, 1, 1, 1, 1, 1, 1, 1, 1, 1, 1, 1, 1, 1, 1, 1, 1, 1, 1, 1, 1], [0, 1, 1, 1, 1, 1, 0, 1, 1, 1, 1, 1, 1, 1, 1, 1, 1, 1, 1, 1, 1, 1, 1, 1, 1, 1, 1, 1, 1, 1, 1, 1, 1, 1, 1, 1, 1, 1, 1, 1, 1, 1, 1, 1, 1, 1, 1, 1, 1, 1, 1, 1], [0, 1, 1, 1, 1, 1, 1, 0, 1, 1, 1, 1, 1, 1, 1, 1, 1, 1, 1, 1, 1, 1, 1, 1, 1, 1, 1, 1, 1, 1, 1, 1, 1, 1, 1, 1, 1, 1, 1, 1, 1, 1, 1, 1, 1, 1, 1, 1, 1, 1, 1, 1], [0, 1, 1, 1, 1, 1, 1, 1, 0, 1, 1, 1, 1, 1, 1, 1, 1, 1, 1, 1, 1, 1, 1, 1, 1, 1, 1, 1, 1, 1, 1, 1, 1, 1, 1, 1, 1, 1, 1, 1, 1, 1, 1, 1, 1, 1, 1, 1, 1, 1, 1, 1], [0, 1, 1, 1, 1, 1, 1, 1, 1, 0, 1, 1, 1, 1, 1, 1, 1, 1, 1, 1, 1, 1, 1, 1, 1, 1, 1, 1, 1, 1, 1, 1, 1, 1, 1, 1, 1, 1, 1, 1, 1, 1, 1, 1, 1, 1, 1, 1, 1, 1, 1, 1], [0, 1, 1, 1, 1, 1, 1, 1, 1, 1, 0, 1, 1, 1, 1, 1, 1, 1, 1, 1, 1, 1, 1, 1, 1, 1, 1, 1, 1, 1, 1, 1, 1, 1, 1, 1, 1, 1, 1, 1, 1, 1, 1, 1, 1, 1, 1, 1, 1, 1, 1, 1], [0, 1, 1, 1, 1, 1, 1, 1, 1, 1, 1, 0, 1, 1, 1, 1, 1, 1, 1, 1, 1, 1, 1, 1, 1, 1, 1, 1, 1, 1, 1, 1, 1, 1, 1, 1, 1, 1, 1, 1, 1, 1, 1, 1, 1, 1, 1, 1, 1, 1, 1, 1], [0, 1, 1, 1, 1, 1, 1, 1, 1, 1, 1, 1, 0, 1, 1, 1, 1, 1, 1, 1, 1, 1, 1, 1, 1, 1, 1, 1, 1, 1, 1, 1, 1, 1, 1, 1, 1, 1, 1, 1, 1, 1, 1, 1, 1, 1, 1, 1, 1, 1, 1, 1], [0, 1, 1, 1, 1, 1, 1, 1, 1, 1, 1, 1, 1, 0, 1, 1, 1, 1, 1, 1, 1, 1, 1, 1, 1, 1, 1, 1, 1, 1, 1, 1, 1, 1, 1, 1, 1, 1, 1, 1, 1, 1, 1, 1, 1, 1, 1, 1, 1, 1, 1, 1], [0, 1, 1, 1, 1, 1, 1, 1, 1, 1, 1, 1, 1, 1, 0, 1, 1, 1, 1, 1, 1, 1, 1, 1, 1, 1, 1, 1, 1, 1, 1, 1, 1, 1, 1, 1, 1, 1, 1, 1, 1, 1, 1, 1, 1, 1, 1, 1, 1, 1, 1, 1], [0, 1, 1, 1, 1, 1, 1, 1, 1, 1, 1, 1, 1, 1, 1, 0, 1, 1, 1, 1, 1, 1, 1, 1, 1, 1, 1, 1, 1, 1, 1, 1, 1, 1, 1, 1, 1, 1, 1, 1, 1, 1, 1, 1, 1, 1, 1, 1, 1, 1, 1, 1], [0, 1, 1, 1, 1, 1, 1, 1, 1, 1, 1, 1, 1, 1, 1, 1, 0, 1, 1, 1, 1, 1, 1, 1, 1, 1, 1, 1, 1, 1, 1, 1, 1, 1, 1, 1, 1, 1, 1, 1, 1, 1, 1, 1, 1, 1, 1, 1, 1, 1, 1, 1], [0, 1, 1, 1, 1, 1, 1, 1, 1, 1, 1, 1, 1, 1, 1, 1, 1, 0, 1, 1, 1, 1, 1, 1, 1, 1, 1, 1, 1, 1, 1, 1, 1, 1, 1, 1, 1, 1, 1, 1, 1, 1, 1, 1, 1, 1, 1, 1, 1, 1, 1, 1], [0, 1, 1, 1, 1, 1, 1, 1, 1, 1, 1, 1, 1, 1, 1, 1, 1, 1, 0, 1, 1, 1, 1, 1, 1, 1, 1, 1, 1, 1, 1, 1, 1, 1, 1, 1, 1, 1, 1, 1, 1, 1, 1, 1, 1, 1, 1, 1, 1, 1, 1, 1], [0, 1, 1, 1, 1, 1, 1, 1, 1, 1, 1, 1, 1, 1, 1, 1, 1, 1, 1, 0, 1, 1, 1, 1, 1, 1, 1, 1, 1, 1, 1, 1, 1, 1, 1, 1, 1, 1, 1, 1, 1, 1, 1, 1, 1, 1, 1, 1, 1, 1, 1, 1], [0, 1, 1, 1, 1, 1, 1, 1, 1, 1, 1, 1, 1, 1, 1, 1, 1, 1, 1, 1, 0, 1, 1, 1, 1, 1, 1, 1, 1, 1, 1, 1, 1, 1, 1, 1, 1, 1, 1, 1, 1, 1, 1, 1, 1, 1, 1, 1, 1, 1, 1, 1], [0, 1, 1, 1, 1, 1, 1, 1, 1, 1, 1, 1, 1, 1, 1, 1, 1, 1, 1, 1, 1, 0, 1, 1, 1, 1, 1, 1, 1, 1, 1, 1, 1, 1, 1, 1, 1, 1, 1, 1, 1, 1, 1, 1, 1, 1, 1, 1, 1, 1, 1, 1], [0, 1, 1, 1, 1, 1, 1, 1, 1, 1, 1, 1, 1, 1, 1, 1, 1, 1, 1, 1, 1, 1, 0, 1, 1, 1, 1, 1, 1, 1, 1, 1, 1, 1, 1, 1, 1, 1, 1, 1, 1, 1, 1, 1, 1, 1, 1, 1, 1, 1, 1, 1], [0, 1, 1, 1, 1, 1, 1, 1, 1, 1, 1, 1, 1, 1, 1, 1, 1, 1, 1, 1, 1, 1, 1, 0, 1, 1, 1, 1, 1, 1, 1, 1, 1, 1, 1, 1, 1, 1, 1, 1, 1, 1, 1, 1, 1, 1, 1, 1, 1, 1, 1, 1], [0, 1, 1, 1, 1, 1, 1, 1, 1, 1, 1, 1, 1, 1, 1, 1, 1, 1, 1, 1, 1, 1, 1, 1, 0, 1, 1, 1, 1, 1, 1, 1, 1, 1, 1, 1, 1, 1, 1, 1, 1, 1, 1, 1, 1, 1, 1, 1, 1, 1, 1, 1], [0, 1, 1, 1, 1, 1, 1, 1, 1, 1, 1, 1, 1, 1, 1, 1, 1, 1, 1, 1, 1, 1, 1, 1, 1, 0, 1, 1, 1, 1, 1, 1, 1, 1, 1, 1, 1, 1, 1, 1, 1, 1, 1, 1, 1, 1, 1, 1, 1, 1, 1, 1], [0, 1, 1, 1, 1, 1, 1, 1, 1, 1, 1, 1, 1, 1, 1, 1, 1, 1, 1, 1, 1, 1, 1, 1, 1, 1, 0, 1, 1, 1, 1, 1, 1, 1, 1, 1, 1, 1, 1, 1, 1, 1, 1, 1, 1, 1, 1, 1, 1, 1, 1, 1], [0, 1, 1, 1, 1, 1, 1, 1, 1, 1, 1, 1, 1, 1, 1, 1, 1, 1, 1, 1, 1, 1, 1, 1, 1, 1, 1, 0, 1, 1, 1, 1, 1, 1, 1, 1, 1, 1, 1, 1, 1, 1, 1, 1, 1, 1, 1, 1, 1, 1, 1, 1], [0, 1, 1, 1, 1, 1, 1, 1, 1, 1, 1, 1, 1, 1, 1, 1, 1, 1, 1, 1, 1, 1, 1, 1, 1, 1, 1, 1, 0, 1, 1, 1, 1, 1, 1, 1, 1, 1, 1, 1, 1, 1, 1, 1, 1, 1, 1, 1, 1, 1, 1, 1], [0, 1, 1, 1, 1, 1, 1, 1, 1, 1, 1, 1, 1, 1, 1, 1, 1, 1, 1, 1, 1, 1, 1, 1, 1, 1, 1, 1, 1, 0, 1, 1, 1, 1, 1, 1, 1, 1, 1, 1, 1, 1, 1, 1, 1, 1, 1, 1, 1, 1, 1, 1], [0, 1, 1, 1, 1, 1, 1, 1, 1, 1, 1, 1, 1, 1, 1, 1, 1, 1, 1, 1, 1, 1, 1, 1, 1, 1, 1, 1, 1, 1, 0, 1, 1, 1, 1, 1, 1, 1, 1, 1, 1, 1, 1, 1, 1, 1, 1, 1, 1, 1, 1, 1], [0, 1, 1, 1, 1, 1, 1, 1, 1, 1, 1, 1, 1, 1, 1, 1, 1, 1, 1, 1, 1, 1, 1, 1, 1, 1, 1, 1, 1, 1, 1, 0, 1, 1, 1, 1, 1, 1, 1, 1, 1, 1, 1, 1, 1, 1, 1, 1, 1, 1, 1, 1], [0, 1, 1, 1, 1, 1, 1, 1, 1, 1, 1, 1, 1, 1, 1, 1, 1, 1, 1, 1, 1, 1, 1, 1, 1, 1, 1, 1, 1, 1, 1, 1, 0, 1, 1, 1, 1, 1, 1, 1, 1, 1, 1, 1, 1, 1, 1, 1, 1, 1, 1, 1], [0, 1, 1, 1, 1, 1, 1, 1, 1, 1, 1, 1, 1, 1, 1, 1, 1, 1, 1, 1, 1, 1, 1, 1, 1, 1, 1, 1, 1, 1, 1, 1, 1, 0, 1, 1, 1, 1, 1, 1, 1, 1, 1, 1, 1, 1, 1, 1, 1, 1, 1, 1], [0, 1, 1, 1, 1, 1, 1, 1, 1, 1, 1, 1, 1, 1, 1, 1, 1, 1, 1, 1, 1, 1, 1, 1, 1, 1, 1, 1, 1, 1, 1, 1, 1, 1, 0, 1, 1, 1, 1, 1, 1, 1, 1, 1, 1, 1, 1, 1, 1, 1, 1, 1], [0, 1, 1, 1, 1, 1, 1, 1, 1, 1, 1, 1, 1, 1, 1, 1, 1, 1, 1, 1, 1, 1, 1, 1, 1, 1, 1, 1, 1, 1, 1, 1, 1, 1, 1, 0, 1, 1, 1, 1, 1, 1, 1, 1, 1, 1, 1, 1, 1, 1, 1, 1], [0, 1, 1, 1, 1, 1, 1, 1, 1, 1, 1, 1, 1, 1, 1, 1, 1, 1, 1, 1, 1, 1, 1, 1, 1, 1, 1, 1, 1, 1, 1, 1, 1, 1, 1, 1, 0, 1, 1, 1, 1, 1, 1, 1, 1, 1, 1, 1, 1, 1, 1, 1], [0, 1, 1, 1, 1, 1, 1, 1, 1, 1, 1, 1, 1, 1, 1, 1, 1, 1, 1, 1, 1, 1, 1, 1, 1, 1, 1, 1, 1, 1, 1, 1, 1, 1, 1, 1, 1, 0, 1, 1, 1, 1, 1, 1, 1, 1, 1, 1, 1, 1, 1, 1], [0, 1, 1, 1, 1, 1, 1, 1, 1, 1, 1, 1, 1, 1, 1, 1, 1, 1, 1, 1, 1, 1, 1, 1, 1, 1, 1, 1, 1, 1, 1, 1, 1, 1, 1, 1, 1, 1, 0, 1, 1, 1, 1, 1, 1, 1, 1, 1, 1, 1, 1, 1], [0, 1, 1, 1, 1, 1, 1, 1, 1, 1, 1, 1, 1, 1, 1, 1, 1, 1, 1, 1, 1, 1, 1, 1, 1, 1, 1, 1, 1, 1, 1, 1, 1, 1, 1, 1, 1, 1, 1, 0, 1, 1, 1, 1, 1, 1, 1, 1, 1, 1, 1, 1], [0, 1, 1, 1, 1, 1, 1, 1, 1, 1, 1, 1, 1, 1, 1, 1, 1, 1, 1, 1, 1, 1, 1, 1, 1, 1, 1, 1, 1, 1, 1, 1, 1, 1, 1, 1, 1, 1, 1, 1, 0, 1, 1, 1, 1, 1, 1, 1, 1, 1, 1, 1], [0, 1, 1, 1, 1, 1, 1, 1, 1, 1, 1, 1, 1, 1, 1, 1, 1, 1, 1, 1, 1, 1, 1, 1, 1, 1, 1, 1, 1, 1, 1, 1, 1, 1, 1, 1, 1, 1, 1, 1, 1, 0, 1, 1, 1, 1, 1, 1, 1, 1, 1, 1], [0, 1, 1, 1, 1, 1, 1, 1, 1, 1, 1, 1, 1, 1, 1, 1, 1, 1, 1, 1, 1, 1, 1, 1, 1, 1, 1, 1, 1, 1, 1, 1, 1, 1, 1, 1, 1, 1, 1, 1, 1, 1, 0, 1, 1, 1, 1, 1, 1, 1, 1, 1], [0, 1, 1, 1, 1, 1, 1, 1, 1, 1, 1, 1, 1, 1, 1, 1, 1, 1, 1, 1, 1, 1, 1, 1, 1, 1, 1, 1, 1, 1, 1, 1, 1, 1, 1, 1, 1, 1, 1, 1, 1, 1, 1, 0, 1, 1, 1, 1, 1, 1, 1, 1], [0, 1, 1, 1, 1, 1, 1, 1, 1, 1, 1, 1, 1, 1, 1, 1, 1, 1, 1, 1, 1, 1, 1, 1, 1, 1, 1, 1, 1, 1, 1, 1, 1, 1, 1, 1, 1, 1, 1, 1, 1, 1, 1, 1, 0, 1, 1, 1, 1, 1, 1, 1], [0, 1, 1, 1, 1, 1, 1, 1, 1, 1, 1, 1, 1, 1, 1, 1, 1, 1, 1, 1, 1, 1, 1, 1, 1, 1, 1, 1, 1, 1, 1, 1, 1, 1, 1, 1, 1, 1, 1, 1, 1, 1, 1, 1, 1, 0, 1, 1, 1, 1, 1, 1], [0, 1, 1, 1, 1, 1, 1, 1, 1, 1, 1, 1, 1, 1, 1, 1, 1, 1, 1, 1, 1, 1, 1, 1, 1, 1, 1, 1, 1, 1, 1, 1, 1, 1, 1, 1, 1, 1, 1, 1, 1, 1, 1, 1, 1, 1, 0, 1, 1, 1, 1, 1], [0, 1, 1, 1, 1, 1, 1, 1, 1, 1, 1, 1, 1, 1, 1, 1, 1, 1, 1, 1, 1, 1, 1, 1, 1, 1, 1, 1, 1, 1, 1, 1, 1, 1, 1, 1, 1, 1, 1, 1, 1, 1, 1, 1, 1, 1, 1, 0, 1, 1, 1, 1], [0, 1, 1, 1, 1, 1, 1, 1, 1, 1, 1, 1, 1, 1, 1, 1, 1, 1, 1, 1, 1, 1, 1, 1, 1, 1, 1, 1, 1, 1, 1, 1, 1, 1, 1, 1, 1, 1, 1, 1, 1, 1, 1, 1, 1, 1, 1, 1, 0, 1, 1, 1], [0, 1, 1, 1, 1, 1, 1, 1, 1, 1, 1, 1, 1, 1, 1, 1, 1, 1, 1, 1, 1, 1, 1, 1, 1, 1, 1, 1, 1, 1, 1, 1, 1, 1, 1, 1, 1, 1, 1, 1, 1, 1, 1, 1, 1, 1, 1, 1, 1, 0, 1, 1], [0, 1, 1, 1, 1, 1, 1, 1, 1, 1, 1, 1, 1, 1, 1, 1, 1, 1, 1, 1, 1, 1, 1, 1, 1, 1, 1, 1, 1, 1, 1, 1, 1, 1, 1, 1, 1, 1, 1, 1, 1, 1, 1, 1, 1, 1, 1, 1, 1, 1, 0, 1], [0, 0, 0, 0, 0, 0, 0, 0, 0, 0, 0, 0, 0, 0, 0, 0, 0, 0, 0, 0, 0, 0, 0, 0, 0, 0, 0, 0, 0, 0, 0, 0, 0, 0, 0, 0, 0, 0, 0, 0, 0, 0, 0, 0, 0, 0, 0, 0, 0, 0, 0, 0]]}, "cluster_count": 3, "cluster_speeds": [[0.925, 0.85, 0.925, 1.0, 0.8325, 0.765, 0.8325, 0.9, 0.4625, 0.425, 0.4625, 0.5, 0.30525, 0.2805, 0.30525, 0.33, 0.37, 0.34, 0.37, 0.4, 0.555, 0.51, 0.555, 0.6, 0.6475, 0.595, 0.6475, 0.7, 0.37, 0.34, 0.37, 0.4, 0.30525, 0.2805, 0.30525, 0.33, 0.4625, 0.425, 0.4625, 0.5, 0.6475, 0.595, 0.6475, 0.7, 0.74, 0.68, 0.74, 0.8, 0.6475, 0.595, 0.6475, 0.7, 0.4625, 0.425, 0.4625, 0.5, 0.555, 0.51, 0.555, 0.6, 0.6475, 0.595, 0.6475, 0.7, 0.8325, 0.765, 0.8325, 0.9, 0.925, 0.85, 0.925, 1.0, 1.0], [0.7400000000000001, 0.68, 0.7400000000000001, 0.8, 0.666, 0.6120000000000001, 0.666, 0.7200000000000001, 0.37000000000000005, 0.34, 0.37000000000000005, 0.4, 0.24420000000000003, 0.22440000000000004, 0.24420000000000003, 0.264, 0.296, 0.272, 0.296, 0.32000000000000006, 0.44400000000000006, 0.40800000000000003, 0.44400000000000006, 0.48, 0.6475, 0.595, 0.6475, 0.7, 0.37, 0.34, 0.37, 0.4, 0.30525, 0.2805, 0.30525, 0.33, 0.4625, 0.425, 0.4625, 0.5, 0.6475, 0.595, 0.6475, 0.7, 0.74, 0.68, 0.74, 0.8, 0.518, 0.476, 0.518, 0.5599999999999999, 0.37000000000000005, 0.34, 0.37000000000000005, 0.4, 0.44400000000000006, 0.40800000000000003, 0.44400000000000006, 0.48, 0.518, 0.476, 0.518, 0.5599999999999999, 0.666, 0.6120000000000001, 0.666, 0.7200000000000001, 0.7400000000000001, 0.68, 0.7400000000000001, 0.8, 0.8], [0.87875, 0.8075, 0.87875, 0.95, 0.790875, 0.72675, 0.790875, 0.855, 0.439375, 0.40375, 0.439375, 0.475, 0.2899875, 0.266475, 0.2899875, 0.3135, 0.3515, 0.323, 0.3515, 0.38, 0.52725, 0.4845, 0.52725, 0.57, 0.6475, 0.595, 0.6475, 0.7, 0.37, 0.34, 0.37, 0.4, 0.30525, 0.2805, 0.30525, 0.33, 0.4625, 0.425, 0.4625, 0.5, 0.6475, 0.595, 0.6475, 0.7, 0.74, 0.68, 0.74, 0.8, 0.6151249999999999, 0.5652499999999999, 0.6151249999999999, 0.6649999999999999, 0.439375, 0.40375, 0.439375, 0.475, 0.52725, 0.4845, 0.52725, 0.57, 0.6151249999999999, 0.5652499999999999, 0.6151249999999999, 0.6649999999999999, 0.790875, 0.72675, 0.790875, 0.855, 0.87875, 0.8075, 0.87875, 0.95, 0.95]], "clusters": [[-1, 2, 2, 2, 2, 2, 2, 2, 2, 2, 2, 2, 2, 2, 2, 2, 2, 2, 2, 2, 2, 2, 2, 2, 2, 2, 2, 2, 2, 2, 2, 2, 2, 2, 2, 2, 2, 2, 2, 2, 2, 2, 2, 2, 2, 2, 2, 2, 2, 2, 2, 2], [0, -1, 0, 0, 0, 0, 0, 0, 0, 0, 0, 0, 0, 0, 0, 0, 0, 0, 0, 0, 0, 0, 0, 0, 0, 0, 0, 0, 0, 0, 0, 0, 0, 0, 0, 0, 0, 0, 0, 0, 0, 0, 0, 0, 0, 0, 0, 0, 0, 0, 0, 0], [0, 0, -1, 0, 0, 0, 0, 0, 0, 0, 0, 0, 0, 0, 0, 0, 0, 0, 0, 0, 0, 0, 0, 0, 0, 0, 0, 0, 0, 0, 0, 0, 0, 0, 0, 0, 0, 0, 0, 0, 0, 0, 0, 0, 0, 0, 0, 0, 0, 0, 0, 0], [0, 0, 0, -1, 0, 0, 0, 0, 0, 0, 0, 0, 0, 0, 0, 0, 0, 0, 0, 0, 0, 0, 0, 0, 0, 0, 0, 0, 0, 0, 0, 0, 0, 0, 0, 0, 0, 0, 0, 0, 0, 0, 0, 0, 0, 0, 0, 0, 0, 0, 0, 0], [0, 0, 0, 0, -1, 0, 0, 0, 0, 0, 0, 0, 0, 0, 0, 0, 0, 0, 0, 0, 0, 0, 0, 0, 0, 0, 0, 0, 0, 0, 0, 0, 0, 0, 0, 0, 0, 0, 0, 0, 0, 0, 0, 0, 0, 0, 0, 0, 0, 0, 0, 0], [0, 0, 0, 0, 0, -1, 0, 0, 0, 0, 0, 0, 0, 0, 0, 0, 0, 0, 0, 0, 0, 0, 0, 0, 0, 0, 0, 0, 0, 0, 0, 0, 0, 0, 0, 0, 0, 0, 0, 0, 0, 0, 0, 0, 0, 0, 0, 0, 0, 0, 0, 0], [0, 0, 0, 0, 0, 0, -1, 0, 0, 0, 0, 0, 0, 0, 0, 0, 0, 0, 0, 0, 0, 0, 0, 0, 0, 0, 0, 0, 0, 0, 0, 0, 0, 0, 0, 0, 0, 0, 0, 0, 0, 0, 0, 0, 0, 0, 0, 0, 0, 0, 0, 0], [2, 2, 2, 2, 2, 2, 2, -1, 2, 2, 2, 2, 2, 2, 2, 2, 2, 2, 2, 2, 2, 2, 2, 2, 2, 2, 2, 2, 2, 2, 2, 2, 2, 2, 2, 2, 2, 2, 2, 2, 2, 2, 2, 2, 2, 2, 2, 2, 2, 2, 2, 2], [0, 0, 0, 0, 0, 0, 0, 0, -1, 0, 0, 0, 0, 0, 0, 0, 0, 0, 0, 0, 0, 0, 0, 0, 0, 0, 0, 0, 0, 0, 0, 0, 0, 0, 0, 0, 0, 0, 0, 0, 0, 0, 0, 0, 0, 0, 0, 0, 0, 0, 0, 0], [1, 1, 1, 1, 1, 1, 1, 1, 1, -1, 1, 1, 1, 1, 1, 1, 1, 1, 1, 1, 1, 1, 1, 1, 1, 1, 1, 1, 1, 1, 1, 1, 1, 1, 1, 1, 1, 1, 1, 1, 1, 1, 1, 1, 1, 1, 1, 1, 1, 1, 1, 1], [2, 2, 2, 2, 2, 2, 2, 2, 2, 2, -1, 2, 2, 2, 2, 2, 2, 2, 2, 2, 2, 2, 2, 2, 2, 2, 2, 2, 2, 2, 2, 2, 2, 2, 2, 2, 2, 2, 2, 2, 2, 2, 2, 2, 2, 2, 2, 2, 2, 2, 2, 2], [0, 0, 0, 0, 0, 0, 0, 0, 0, 0, 0, -1, 0, 0, 0, 0, 0, 0, 0, 0, 0, 0, 0, 0, 0, 0, 0, 0, 0, 0, 0, 0, 0, 0, 0, 0, 0, 0, 0, 0, 0, 0, 0, 0, 0, 0, 0, 0, 0, 0, 0, 0], [1, 1, 1, 1, 1, 1, 1, 1, 1, 1, 1, 1, -1, 1, 1, 1, 1, 1, 1, 1, 1, 1, 1, 1, 1, 1, 1, 1, 1, 1, 1, 1, 1, 1, 1, 1, 1, 1, 1, 1, 1, 1, 1, 1, 1, 1, 1, 1, 1, 1, 1, 1], [0, 0, 0, 0, 0, 0, 0, 0, 0, 0, 0, 0, 0, -1, 0, 0, 0, 0, 0, 0, 0, 0, 0, 0, 0, 0, 0, 0, 0, 0, 0, 0, 0, 0, 0, 0, 0, 0, 0, 0, 0, 0, 0, 0, 0, 0, 0, 0, 0, 0, 0, 0], [0, 0, 0, 0, 0, 0, 0, 0, 0, 0, 0, 0, 0, 0, -1, 0, 0, 0, 0, 0, 0, 0, 0, 0, 0, 0, 0, 0, 0, 0, 0, 0, 0, 0, 0, 0, 0, 0, 0, 0, 0, 0, 0, 0, 0, 0, 0, 0, 0, 0, 0, 0], [2, 2, 2, 2, 2, 2, 2, 2, 2, 2, 2, 2, 2, 2, 2, -1, 2, 2, 2, 2, 2, 2, 2, 2, 2, 2, 2, 2, 2, 2, 2, 2, 2, 2, 2, 2, 2, 2, 2, 2, 2, 2, 2, 2, 2, 2, 2, 2, 2, 2, 2, 2], [0, 0, 0, 0, 0, 0, 0, 0, 0, 0, 0, 0, 0, 0, 0, 0, -1, 0, 0, 0, 0, 0, 0, 0, 0, 0, 0, 0, 0, 0, 0, 0, 0, 0, 0, 0, 0, 0, 0, 0, 0, 0, 0, 0, 0, 0, 0, 0, 0, 0, 0, 0], [2, 2, 2, 2, 2, 2, 2, 2, 2, 2, 2, 2, 2, 2, 2, 2, 2, -1, 2, 2, 2, 2, 2, 2, 2, 2, 2, 2, 2, 2, 2, 2, 2, 2, 2, 2, 2, 2, 2, 2, 2, 2, 2, 2, 2, 2, 2, 2, 2, 2, 2, 2], [0, 0, 0, 0, 0, 0, 0, 0, 0, 0, 0, 0, 0, 0, 0, 0, 0, 0, -1, 0, 0, 0, 0, 0, 0, 0, 0, 0, 0, 0, 0, 0, 0, 0, 0, 0, 0, 0, 0, 0, 0, 0, 0, 0, 0, 0, 0, 0, 0, 0, 0, 0], [0, 0, 0, 0, 0, 0, 0, 0, 0, 0, 0, 0, 0, 0, 0, 0, 0, 0, 0, -1, 0, 0, 0, 0, 0, 0, 0, 0, 0, 0, 0, 0, 0, 0, 0, 0, 0, 0, 0, 0, 0, 0, 0, 0, 0, 0, 0, 0, 0, 0, 0, 0], [0, 0, 0, 0, 0, 0, 0, 0, 0, 0, 0, 0, 0, 0, 0, 0, 0, 0, 0, 0, -1, 0, 0, 0, 0, 0, 0, 0, 0, 0, 0, 0, 0, 0, 0, 0, 0, 0, 0, 0, 0, 0, 0, 0, 0, 0, 0, 0, 0, 0, 0, 0], [0, 0, 0, 0, 0, 0, 0, 0, 0, 0, 0, 0, 0, 0, 0, 0, 0, 0, 0, 0, 0, -1, 0, 0, 0, 0, 0, 0, 0, 0, 0, 0, 0, 0, 0, 0, 0, 0, 0, 0, 0, 0, 0, 0, 0, 0, 0, 0, 0, 0, 0, 0], [0, 0, 0, 0, 0, 0, 0, 0, 0, 0, 0, 0, 0, 0, 0, 0, 0, 0, 0, 0, 0, 0, -1, 0, 0, 0, 0, 0, 0, 0, 0, 0, 0, 0, 0, 0, 0, 0, 0, 0, 0, 0, 0, 0, 0, 0, 0, 0, 0, 0, 0, 0], [0, 0, 0, 0, 0, 0, 0, 0, 0, 0, 0, 0, 0, 0, 0, 0, 0, 0, 0, 0, 0, 0, 0, -1, 0, 0, 0, 0, 0, 0, 0, 0, 0, 0, 0, 0, 0, 0, 0, 0, 0, 0, 0, 0, 0, 0, 0, 0, 0, 0, 0, 0], [0, 0, 0, 0, 0, 0, 0, 0, 0, 0, 0, 0, 0, 0, 0, 0, 0, 0, 0, 0, 0, 0, 0, 0, -1, 0, 0, 0, 0, 0, 0, 0, 0, 0, 0, 0, 0, 0, 0, 0, 0, 0, 0, 0, 0, 0, 0, 0, 0, 0, 0, 0], [0, 0, 0, 0, 0, 0, 0, 0, 0, 0, 0, 0, 0, 0, 0, 0, 0, 0, 0, 0, 0, 0, 0, 0, 0, -1, 0, 0, 0, 0, 0, 0, 0, 0, 0, 0, 0, 0, 0, 0, 0, 0, 0, 0, 0, 0, 0, 0, 0, 0, 0, 0], [0, 0, 0, 0, 0, 0, 0, 0, 0, 0, 0, 0, 0, 0, 0, 0, 0, 0, 0, 0, 0, 0, 0, 0, 0, 0, -1, 0, 0, 0, 0, 0, 0, 0, 0, 0, 0, 0, 0, 0, 0, 0, 0, 0, 0, 0, 0, 0, 0, 0, 0, 0], [2, 2, 2, 2, 2, 2, 2, 2, 2, 2, 2, 2, 2, 2, 2, 2, 2, 2, 2, 2, 2, 2, 2, 2, 2, 2, 2, -1, 2, 2, 2, 2, 2, 2, 2, 2, 2, 2, 2, 2, 2, 2, 2, 2, 2, 2, 2, 2, 2, 2, 2, 2], [1, 1, 1, 1, 1, 1, 1, 1, 1, 1, 1, 1, 1, 1, 1, 1, 1, 1, 1, 1, 1, 1, 1, 1, 1, 1, 1, 1, -1, 1, 1, 1, 1, 1, 1, 1, 1, 1, 1, 1, 1, 1, 1, 1, 1, 1, 1, 1, 1, 1, 1, 1], [0, 0, 0, 0, 0, 0, 0, 0, 0, 0, 0, 0, 0, 0, 0, 0, 0, 0, 0, 0, 0, 0, 0, 0, 0, 0, 0, 0, 0, -1, 0, 0, 0, 0, 0, 0, 0, 0, 0, 0, 0, 0, 0, 0, 0, 0, 0, 0, 0, 0, 0, 0], [0, 0, 0, 0, 0, 0, 0, 0, 0, 0, 0, 0, 0, 0, 0, 0, 0, 0, 0, 0, 0, 0, 0, 0, 0, 0, 0, 0, 0, 0, -1, 0, 0, 0, 0, 0, 0, 0, 0, 0, 0, 0, 0, 0, 0, 0, 0, 0, 0, 0, 0, 0], [1, 1, 1, 1, 1, 1, 1, 1, 1, 1, 1, 1, 1, 1, 1, 1, 1, 1, 1, 1, 1, 1, 1, 1, 1, 1, 1, 1, 1, 1, 1, -1, 1, 1, 1, 1, 1, 1, 1, 1, 1, 1, 1, 1, 1, 1, 1, 1, 1, 1, 1, 1], [0, 0, 0, 0, 0, 0, 0, 0, 0, 0, 0, 0, 0, 0, 0, 0, 0, 0, 0, 0, 0, 0, 0, 0, 0, 0, 0, 0, 0, 0, 0, 0, -1, 0, 0, 0, 0, 0, 0, 0, 0, 0, 0, 0, 0, 0, 0, 0, 0, 0, 0, 0], [0, 0, 0, 0, 0, 0, 0, 0, 0, 0, 0, 0, 0, 0, 0, 0, 0, 0, 0, 0, 0, 0, 0, 0, 0, 0, 0, 0, 0, 0, 0, 0, 0, -1, 0, 0, 0, 0, 0, 0, 0, 0, 0, 0, 0, 0, 0, 0, 0, 0, 0, 0], [0, 0, 0, 0, 0, 0, 0, 0, 0, 0, 0, 0, 0, 0, 0, 0, 0, 0, 0, 0, 0, 0, 0, 0, 0, 0, 0, 0, 0, 0, 0, 0, 0, 0, -1, 0, 0, 0, 0, 0, 0, 0, 0, 0, 0, 0, 0, 0, 0, 0, 0, 0], [0, 0, 0, 0, 0, 0, 0, 0, 0, 0, 0, 0, 0, 0, 0, 0, 0, 0, 0, 0, 0, 0, 0, 0, 0, 0, 0, 0, 0, 0, 0, 0, 0, 0, 0, -1, 0, 0, 0, 0, 0, 0, 0, 0, 0, 0, 0, 0, 0, 0, 0, 0], [0, 0, 0, 0, 0, 0, 0, 0, 0, 0, 0, 0, 0, 0, 0, 0, 0, 0, 0, 0, 0, 0, 0, 0, 0, 0, 0, 0, 0, 0, 0, 0, 0, 0, 0, 0, -1, 0, 0, 0, 0, 0, 0, 0, 0, 0, 0, 0, 0, 0, 0, 0], [0, 0, 0, 0, 0, 0, 0, 0, 0, 0, 0, 0, 0, 0, 0, 0, 0, 0, 0, 0, 0, 0, 0, 0, 0, 0, 0, 0, 0, 0, 0, 0, 0, 0, 0, 0, 0, -1, 0, 0, 0, 0, 0, 0, 0, 0, 0, 0, 0, 0, 0, 0], [0, 0, 0, 0, 0, 0, 0, 0, 0, 0, 0, 0, 0, 0, 0, 0, 0, 0, 0, 0, 0, 0, 0, 0, 0, 0, 0, 0, 0, 0, 0, 0, 0, 0, 0, 0, 0, 0, -1, 0, 0, 0, 0, 0, 0, 0, 0, 0, 0, 0, 0, 0], [0, 0, 0, 0, 0, 0, 0, 0, 0, 0, 0, 0, 0, 0, 0, 0, 0, 0, 0, 0, 0, 0, 0, 0, 0, 0, 0, 0, 0, 0, 0, 0, 0, 0, 0, 0, 0, 0, 0, -1, 0, 0, 0, 0, 0, 0, 0, 0, 0, 0, 0, 0], [0, 0, 0, 0, 0, 0, 0, 0, 0, 0, 0, 0, 0, 0, 0, 0, 0, 0, 0, 0, 0, 0, 0, 0, 0, 0, 0, 0, 0, 0, 0, 0, 0, 0, 0, 0, 0, 0, 0, 0, -1, 0, 0, 0, 0, 0, 0, 0, 0, 0, 0, 0], [0, 0, 0, 0, 0, 0, 0, 0, 0, 0, 0, 0, 0, 0, 0, 0, 0, 0, 0, 0, 0, 0, 0, 0, 0, 0, 0, 0, 0, 0, 0, 0, 0, 0, 0, 0, 0, 0, 0, 0, 0, -1, 0, 0, 0, 0, 0, 0, 0, 0, 0, 0], [0, 0, 0, 0, 0, 0, 0, 0, 0, 0, 0, 0, 0, 0, 0, 0, 0, 0, 0, 0, 0, 0, 0, 0, 0, 0, 0, 0, 0, 0, 0, 0, 0, 0, 0, 0, 0, 0, 0, 0, 0, 0, -1, 0, 0, 0, 0, 0, 0, 0, 0, 0], [0, 0, 0, 0, 0, 0, 0, 0, 0, 0, 0, 0, 0, 0, 0, 0, 0, 0, 0, 0, 0, 0, 0, 0, 0, 0, 0, 0, 0, 0, 0, 0, 0, 0, 0, 0, 0, 0, 0, 0, 0, 0, 0, -1, 0, 0, 0, 0, 0, 0, 0, 0], [0, 0, 0, 0, 0, 0, 0, 0, 0, 0, 0, 0, 0, 0, 0, 0, 0, 0, 0, 0, 0, 0, 0, 0, 0, 0, 0, 0, 0, 0, 0, 0, 0, 0, 0, 0, 0, 0, 0, 0, 0, 0, 0, 0, -1, 0, 0, 0, 0, 0, 0, 0], [0, 0, 0, 0, 0, 0, 0, 0, 0, 0, 0, 0, 0, 0, 0, 0, 0, 0, 0, 0, 0, 0, 0, 0, 0, 0, 0, 0, 0, 0, 0, 0, 0, 0, 0, 0, 0, 0, 0, 0, 0, 0, 0, 0, 0, -1, 0, 0, 0, 0, 0, 0], [0, 0, 0, 0, 0, 0, 0, 0, 0, 0, 0, 0, 0, 0, 0, 0, 0, 0, 0, 0, 0, 0, 0, 0, 0, 0, 0, 0, 0, 0, 0, 0, 0, 0, 0, 0, 0, 0, 0, 0, 0, 0, 0, 0, 0, 0, -1, 0, 0, 0, 0, 0], [0, 0, 0, 0, 0, 0, 0, 0, 0, 0, 0, 0, 0, 0, 0, 0, 0, 0, 0, 0, 0, 0, 0, 0, 0, 0, 0, 0, 0, 0, 0, 0, 0, 0, 0, 0, 0, 0, 0, 0, 0, 0, 0, 0, 0, 0, 0, -1, 0, 0, 0, 0], [0, 0, 0, 0, 0, 0, 0, 0, 0, 0, 0, 0, 0, 0, 0, 0, 0, 0, 0, 0, 0, 0, 0, 0, 0, 0, 0, 0, 0, 0, 0, 0, 0, 0, 0, 0, 0, 0, 0, 0, 0, 0, 0, 0, 0, 0, 0, 0, -1, 0, 0, 0], [0, 0, 0, 0, 0, 0, 0, 0, 0, 0, 0, 0, 0, 0, 0, 0, 0, 0, 0, 0, 0, 0, 0, 0, 0, 0, 0, 0, 0, 0, 0, 0, 0, 0, 0, 0, 0, 0, 0, 0, 0, 0, 0, 0, 0, 0, 0, 0, 0, -1, 0, 0], [0, 0, 0, 0, 0, 0, 0, 0, 0, 0, 0, 0, 0, 0, 0, 0, 0, 0, 0, 0, 0, 0, 0, 0, 0, 0, 0, 0, 0, 0, 0, 0, 0, 0, 0, 0, 0, 0, 0, 0, 0, 0, 0, 0, 0, 0, 0, 0, 0, 0, -1, 0], [2, 2, 2, 2, 2, 2, 2, 2, 2, 2, 2, 2, 2, 2, 2, 2, 2, 2, 2, 2, 2, 2, 2, 2, 2, 2, 2, 2, 2, 2, 2, 2, 2, 2, 2, 2, 2, 2, 2, 2, 2, 2, 2, 2, 2, 2, 2, 2, 2, 2, 2, -1]], "speed_zone_count": 73, "speed_zones": [[0.0, 15.0], [15.0, 30.0], [30.0, 45.0], [45.0, 60.0], [60.0, 75.0], [75.0, 90.0], [90.0, 105.0], [105.0, 120.0], [120.0, 135.0], [135.0, 150.0], [150.0, 165.0], [165.0, 180.0], [180.0, 195.0], [195.0, 210.0], [210.0, 225.0], [225.0, 240.0], [240.0, 255.0], [255.0, 270.0], [270.0, 285.0], [285.0, 300.0], [300.0, 315.0], [315.0, 330.0], [330.0, 345.0], [345.0, 360.0], [360.0, 375.0], [375.0, 390.0], [390.0, 405.0], [405.0, 420.0], [420.0, 435.0], [435.0, 450.0], [450.0, 465.0], [465.0, 480.0], [480.0, 495.0], [495.0, 510.0], [510.0, 525.0], [525.0, 540.0], [540.0, 555.0], [555.0, 570.0], [570.0, 585.0], [585.0, 600.0], [600.0, 615.0], [615.0, 630.0], [630.0, 645.0], [645.0, 660.0], [660.0, 675.0], [675.0, 690.0], [690.0, 705.0], [705.0, 720.0], [720.0, 735.0], [735.0, 750.0], [750.0, 765.0], [765.0, 780.0], [780.0, 795.0], [795.0, 810.0], [810.0, 825.0], [825.0, 840.0], [840.0, 855.0], [855.0, 870.0], [870.0, 885.0], [885.0, 900.0], [900.0, 915.0], [915.0, 930.0], [930.0, 945.0], [945.0, 960.0], [960.0, 975.0], [975.0, 990.0], [990.0, 1005.0], [1005.0, 1020.0], [1020.0, 1035.0], [1035.0, 1050.0], [1050.0, 1065.0], [1065.0, 1080.0], [1080.0, 5000.0]], "distances": [[0.0, 71.82, 72.55, 66.75, 83.19, 70.38, 68.62, 82.77, 75.25, 53.83, 50.54, 70.11, 86.75, 77.8, 59.18, 45.07, 73.37, 83.78, 69.36, 63.54, 68.75, 71.33, 68.82, 72.84, 73.83, 72.58, 61.51, 102.13, 56.16, 77.48, 74.46, 90.98, 80.55, 68.49, 68.67, 72.87, 81.56, 65.24, 73.64, 64.34, 78.72, 78.5, 68.67, 59.47, 77.34, 71.27, 71.05, 72.49, 70.92, 70.21, 80.62, 0.0], [0.0, 0.0, 7.9, 12.2, 14.94, 18.64, 16.74, 35.69, 14.4, 19.44, 32.32, 18.32, 28.37, 12.76, 17.38, 27.11, 12.77, 38.01, 9.95, 14.12, 7.88, 12.68, 19.92, 19.46, 9.35, 11.34, 15.74, 37.0, 16.11, 12.36, 16.63, 26.78, 18.22, 11.46, 19.45, 4.9, 13.89, 13.29, 15.06, 11.87, 16.67, 11.26, 18.35, 13.2, 10.11, 15.92, 23.01, 12.78, 8.33, 22.86, 18.0, 71.82], [0.0, 7.9, 0.0, 6.81, 10.71, 11.14, 9.69, 27.8, 6.6, 18.74, 37.92, 10.88, 21.15, 6.12, 14.23, 29.47, 4.87, 30.12, 11.54, 9.9, 9.62, 4.78, 12.7, 11.66, 7.58, 9.52, 11.99, 31.92, 19.6, 5.71, 8.73, 20.96, 11.15, 8.88, 12.27, 10.53, 9.14, 8.39, 7.16, 8.41, 9.36, 6.02, 11.21, 13.31, 4.8, 8.28, 15.43, 4.88, 9.87, 15.39, 10.99, 72.55], [0.0, 12.2, 6.81, 0.0, 16.64, 7.86, 5.36, 26.44, 8.77, 13.17, 36.3, 7.46, 22.9, 11.07, 7.7, 25.28, 10.53, 28.64, 12.15, 11.16, 4.35, 9.2, 8.44, 9.75, 12.88, 13.97, 5.37, 36.12, 17.11, 10.78, 8.96, 24.87, 14.28, 11.17, 7.93, 8.97, 14.98, 9.98, 12.46, 9.27, 12.35, 12.1, 6.89, 9.19, 11.11, 6.25, 12.01, 10.04, 5.16, 11.62, 14.28, 66.75], [0.0, 14.94, 10.71, 16.64, 0.0, 16.52, 16.73, 26.34, 9.46, 29.37, 47.21, 16.52, 15.79, 5.77, 24.35, 40.08, 11.74, 28.57, 13.86, 19.91, 14.53, 13.39, 18.56, 15.25, 13.19, 15.63, 22.01, 22.07, 29.84, 5.97, 11.72, 12.09, 7.46, 17.61, 18.34, 11.31, 10.28, 18.23, 13.03, 18.86, 7.64, 4.7, 17.64, 24.02, 5.92, 14.07, 19.43, 12.53, 12.29, 19.86, 7.12, 83.19], [0.0, 18.64, 11.14, 7.86, 16.52, 0.0, 10.56, 18.61, 7.13, 18.77, 43.88, 8.8, 16.74, 11.07, 12.3, 31.66, 15.98, 20.79, 8.81, 9.22, 11.16, 15.4, 11.81, 8.63, 18.67, 20.38, 10.41, 31.77, 24.65, 11.06, 4.89, 20.74, 10.87, 18.45, 8.55, 14.23, 15.02, 8.15, 18.24, 10.42, 9.46, 13.27, 8.98, 16.46, 12.97, 11.38, 4.38, 15.85, 10.32, 4.25, 11.06, 70.38], [0.0, 16.74, 9.69, 5.36, 16.73, 10.56, 0.0, 21.19, 7.34, 16.4, 41.28, 10.83, 18.97, 11.02, 10.0, 29.21, 14.36, 23.35, 6.79, 6.65, 9.01, 13.54, 12.8, 4.88, 16.99, 18.51, 7.97, 33.52, 22.05, 10.91, 5.88, 22.36, 12.05, 16.25, 9.06, 12.63, 15.13, 5.55, 16.56, 7.84, 10.37, 12.93, 9.13, 13.87, 12.39, 11.61, 6.65, 14.12, 8.58, 6.31, 12.18, 68.62], [0.0, 35.69, 27.8, 26.44, 26.34, 18.61, 21.19, 0.0, 21.34, 36.15, 62.35, 19.01, 12.3, 23.97, 29.81, 49.12, 32.43, 26.46, 26.81, 27.64, 29.18, 32.57, 18.6, 16.8, 35.07, 37.26, 28.42, 26.41, 43.16, 24.28, 19.08, 20.15, 19.15, 36.32, 19.05, 30.82, 25.79, 26.73, 34.69, 29.02, 19.91, 26.31, 19.88, 34.92, 26.88, 20.5, 14.94, 32.63, 27.69, 15.61, 19.48, 82.77], [0.0, 14.4, 6.6, 8.77, 9.46, 7.13, 7.34, 21.34, 0.0, 21.91, 43.89, 7.09, 14.85, 10.76, 16.08, 33.95, 11.1, 23.66, 7.06, 11.8, 9.03, 11.37, 9.15, 6.32, 13.74, 15.93, 13.76, 27.35, 25.05, 11.16, 11.71, 16.1, 5.52, 15.44, 8.9, 9.51, 7.92, 10.13, 13.36, 11.55, 12.23, 6.27, 8.18, 17.68, 6.23, 4.63, 10.57, 11.32, 6.95, 10.83, 5.52, 75.25], [0.0, 19.44, 18.74, 13.17, 29.37, 18.77, 16.4, 36.15, 21.91, 0.0, 27.26, 18.4, 35.35, 24.06, 6.49, 13.01, 20.1, 38.05, 15.57, 10.17, 14.96, 18.09, 17.97, 21.24, 21.2, 20.71, 8.45, 49.25, 10.04, 23.73, 21.71, 38.0, 27.4, 16.41, 17.61, 19.32, 27.74, 11.8, 20.91, 10.57, 25.48, 24.68, 17.1, 6.24, 23.52, 18.61, 21.37, 19.26, 17.1, 20.63, 27.42, 53.83], [0.0, 32.32, 37.92, 36.3, 47.21, 43.88, 41.28, 62.35, 43.89, 27.26, 0.0, 43.47, 58.73, 43.97, 32.94, 16.57, 35.48, 64.43, 36.92, 34.72, 34.86, 33.97, 43.76, 46.01, 34.23, 31.95, 34.01, 69.26, 19.23, 43.55, 44.99, 58.71, 49.02, 29.63, 43.31, 36.14, 46.02, 35.74, 34.3, 33.52, 47.15, 43.13, 42.5, 27.44, 41.86, 42.55, 47.43, 34.72, 37.04, 46.81, 48.88, 50.54], [0.0, 18.32, 10.88, 7.46, 16.52, 8.8, 10.83, 19.01, 7.09, 18.4, 43.47, 0.0, 17.08, 11.01, 11.94, 31.28, 15.7, 21.19, 8.47, 8.82, 10.8, 15.09, 11.88, 8.97, 18.38, 20.07, 10.03, 32.02, 24.24, 10.98, 4.95, 20.97, 11.02, 18.1, 8.89, 13.95, 15.0, 7.74, 17.95, 10.02, 9.55, 13.17, 9.27, 16.05, 12.83, 11.67, 4.72, 15.55, 10.01, 4.54, 11.19, 70.11], [0.0, 28.37, 21.15, 22.9, 15.79, 16.74, 18.97, 12.3, 14.85, 35.35, 58.73, 17.08, 0.0, 15.62, 28.96, 48.04, 24.88, 14.16, 21.83, 25.35, 23.88, 25.7, 18.04, 14.23, 27.18, 29.62, 26.91, 16.32, 39.78, 16.02, 13.94, 7.89, 10.15, 29.99, 18.26, 23.6, 15.78, 23.89, 26.88, 25.79, 11.8, 17.41, 18.47, 32.08, 18.39, 16.83, 15.76, 25.35, 21.77, 16.59, 10.38, 86.75], [0.0, 12.76, 6.12, 11.07, 5.77, 11.07, 11.02, 23.97, 10.76, 24.06, 43.97, 11.01, 15.62, 0.0, 18.74, 35.4, 9.26, 26.29, 8.5, 14.31, 9.69, 10.21, 13.08, 10.21, 11.6, 14.01, 16.4, 25.84, 25.71, 10.88, 6.54, 14.84, 5.47, 14.58, 12.81, 8.06, 11.57, 12.62, 11.29, 13.5, 11.15, 10.47, 12.02, 19.11, 10.92, 8.44, 14.47, 9.77, 7.35, 14.77, 5.24, 77.8], [0.0, 17.38, 14.23, 7.7, 24.35, 12.3, 10.0, 29.81, 16.08, 6.49, 32.94, 11.94, 28.96, 18.74, 0.0, 19.47, 16.92, 31.76, 10.6, 4.44, 10.85, 15.11, 11.49, 14.79, 18.71, 18.98, 13.08, 43.25, 14.28, 18.46, 15.53, 32.0, 21.45, 15.06, 11.12, 15.69, 22.69, 6.12, 18.33, 5.93, 19.58, 19.78, 10.63, 6.63, 18.76, 12.37, 14.94, 16.21, 12.52, 14.22, 21.51, 59.18], [0.0, 27.11, 29.47, 25.28, 40.08, 31.66, 29.21, 49.12, 33.95, 13.01, 16.57, 31.28, 48.04, 35.4, 19.47, 0.0, 29.13, 50.99, 27.06, 22.69, 25.72, 27.16, 30.96, 34.09, 29.17, 27.69, 21.25, 61.15, 11.12, 35.02, 34.18, 49.97, 39.47, 23.78, 30.58, 28.98, 38.57, 24.16, 29.03, 22.42, 37.52, 35.44, 30.03, 16.32, 34.18, 31.21, 34.38, 28.25, 28.06, 33.63, 39.43, 45.07], [0.0, 12.77, 4.87, 10.53, 11.74, 15.98, 14.36, 32.43, 11.1, 20.1, 35.48, 15.7, 24.88, 9.26, 16.92, 29.13, 0.0, 34.76, 7.78, 13.07, 6.28, 9.65, 17.46, 16.52, 11.27, 4.85, 14.96, 33.79, 18.43, 8.86, 13.46, 23.39, 14.73, 5.88, 17.01, 11.16, 10.56, 11.89, 11.14, 11.04, 13.2, 7.81, 15.93, 14.02, 6.63, 13.14, 20.29, 9.5, 5.8, 20.23, 14.5, 73.37], [0.0, 38.01, 30.12, 28.64, 28.57, 20.79, 23.35, 26.46, 23.66, 38.05, 64.43, 21.19, 14.16, 26.29, 31.76, 50.99, 34.76, 0.0, 29.08, 29.74, 31.46, 34.88, 20.68, 19.05, 37.4, 39.58, 30.45, 27.43, 45.27, 26.6, 21.4, 21.91, 21.44, 38.62, 21.14, 33.14, 28.06, 28.88, 37.02, 31.18, 22.23, 28.62, 22.01, 37.02, 29.21, 22.75, 17.0, 34.95, 29.99, 17.63, 21.77, 83.78], [0.0, 9.95, 11.54, 12.15, 13.86, 8.81, 6.79, 26.81, 7.06, 15.57, 36.92, 8.47, 21.83, 8.5, 10.6, 27.06, 7.78, 29.08, 0.0, 6.21, 9.93, 6.76, 9.98, 10.06, 10.3, 11.72, 8.32, 34.09, 17.99, 8.16, 8.14, 22.91, 12.48, 9.66, 9.5, 6.12, 12.21, 4.65, 9.87, 5.01, 10.54, 9.22, 8.4, 10.74, 8.16, 6.35, 13.19, 7.42, 11.37, 12.98, 12.42, 69.36], [0.0, 14.12, 9.9, 11.16, 19.91, 9.22, 6.65, 27.64, 11.8, 10.17, 34.72, 8.82, 25.35, 14.31, 4.44, 22.69, 13.07, 29.74, 6.21, 0.0, 6.81, 11.46, 9.07, 11.52, 15.16, 15.84, 14.11, 39.1, 15.52, 14.03, 11.57, 27.85, 17.26, 12.4, 8.6, 11.68, 18.24, 10.56, 14.75, 10.37, 15.35, 15.35, 7.78, 7.28, 14.35, 8.52, 12.76, 12.45, 8.21, 12.19, 17.29, 63.54], [0.0, 7.88, 9.62, 4.35, 14.53, 11.16, 9.01, 29.18, 9.03, 14.96, 34.86, 10.8, 23.88, 9.69, 10.85, 25.72, 6.28, 31.46, 9.93, 6.81, 0.0, 4.84, 12.21, 12.44, 8.54, 9.66, 8.76, 35.52, 16.15, 9.3, 10.41, 24.44, 14.24, 7.3, 11.72, 4.88, 12.95, 5.62, 8.11, 4.91, 12.34, 9.83, 10.63, 9.51, 8.62, 8.74, 15.52, 5.72, 9.52, 15.27, 14.14, 68.75], [0.0, 12.68, 4.78, 9.2, 13.39, 15.4, 13.54, 32.57, 11.37, 18.09, 33.97, 15.09, 25.7, 10.21, 15.11, 27.16, 9.65, 34.88, 6.76, 11.46, 4.84, 0.0, 16.71, 16.24, 9.77, 4.98, 13.25, 35.35, 16.54, 9.8, 13.49, 24.75, 15.58, 4.38, 16.24, 9.72, 12.09, 10.42, 9.64, 9.32, 13.91, 9.15, 15.14, 11.99, 7.9, 12.69, 19.77, 9.48, 5.09, 19.63, 15.39, 71.33], [0.0, 19.92, 12.7, 8.44, 18.56, 11.81, 12.8, 18.6, 9.15, 17.97, 43.76, 11.88, 18.04, 13.08, 11.49, 30.96, 17.46, 20.68, 9.98, 9.07, 12.21, 16.71, 0.0, 13.36, 20.12, 21.69, 9.87, 33.42, 24.58, 13.05, 6.92, 22.5, 12.84, 19.44, 9.18, 15.72, 17.06, 8.33, 19.68, 10.65, 11.48, 15.24, 13.18, 16.33, 14.88, 4.76, 11.9, 17.26, 11.7, 11.88, 13.04, 68.82], [0.0, 19.46, 11.66, 9.75, 15.25, 8.63, 4.88, 16.8, 6.32, 21.24, 46.01, 8.97, 14.23, 10.21, 14.79, 34.09, 16.52, 19.05, 10.06, 11.52, 12.44, 16.24, 13.36, 0.0, 19.23, 21.15, 12.84, 29.34, 26.78, 10.29, 10.5, 18.4, 8.93, 19.68, 4.18, 14.79, 13.87, 10.29, 18.81, 12.49, 7.79, 12.58, 4.24, 18.66, 12.53, 8.6, 4.26, 16.52, 11.18, 4.61, 9.16, 72.84], [0.0, 9.35, 7.58, 12.88, 13.19, 18.67, 16.99, 35.07, 13.74, 21.2, 34.23, 18.38, 27.18, 11.6, 18.71, 29.17, 11.27, 37.4, 10.3, 15.16, 8.54, 9.77, 20.12, 19.23, 0.0, 9.7, 16.92, 35.19, 18.18, 11.22, 16.15, 25.15, 17.07, 5.39, 19.66, 4.45, 12.24, 14.13, 10.65, 12.99, 15.64, 9.84, 18.57, 14.99, 8.79, 15.84, 22.99, 10.48, 8.42, 22.92, 16.81, 73.83], [0.0, 11.34, 9.52, 13.97, 15.63, 20.38, 18.51, 37.26, 15.93, 20.71, 31.95, 20.07, 29.62, 14.01, 18.98, 27.69, 4.85, 39.58, 11.72, 15.84, 9.66, 4.98, 21.69, 21.15, 9.7, 0.0, 17.41, 37.6, 16.59, 13.62, 18.23, 27.63, 19.48, 4.31, 21.21, 6.44, 14.72, 15.04, 9.57, 13.58, 18.01, 12.31, 20.12, 14.48, 11.24, 17.64, 24.74, 4.65, 10.06, 24.61, 19.24, 72.58], [0.0, 15.74, 11.99, 5.37, 22.01, 10.41, 7.97, 28.42, 13.76, 8.45, 34.01, 10.03, 26.91, 16.4, 13.08, 21.25, 14.96, 30.45, 8.32, 14.11, 8.76, 13.25, 9.87, 12.84, 16.92, 17.41, 0.0, 40.98, 14.98, 16.12, 13.32, 29.73, 19.16, 13.72, 9.45, 13.64, 20.35, 12.97, 16.52, 13.12, 17.28, 17.46, 8.81, 6.83, 16.46, 10.18, 13.48, 14.3, 10.29, 12.82, 19.21, 61.51], [0.0, 37.0, 31.92, 36.12, 22.07, 31.77, 33.52, 26.41, 27.35, 49.25, 69.26, 32.02, 16.32, 25.84, 43.25, 61.15, 33.79, 27.43, 34.09, 39.1, 35.52, 35.35, 33.42, 29.34, 35.19, 37.6, 40.98, 0.0, 51.51, 26.23, 27.74, 11.26, 21.85, 39.64, 33.52, 33.21, 23.26, 37.46, 35.07, 38.87, 23.77, 26.24, 33.47, 44.83, 27.52, 30.93, 31.72, 34.55, 33.17, 32.53, 21.83, 102.13], [0.0, 16.11, 19.6, 17.11, 29.84, 24.65, 22.05, 43.16, 25.05, 10.04, 19.23, 24.24, 39.78, 25.71, 14.28, 11.12, 18.43, 45.27, 17.99, 15.52, 16.15, 16.54, 24.58, 26.78, 18.18, 16.59, 14.98, 51.51, 0.0, 25.3, 25.91, 40.54, 30.38, 12.82, 24.12, 18.54, 28.43, 16.51, 18.07, 14.3, 28.46, 25.34, 23.29, 8.25, 24.06, 23.36, 28.27, 17.56, 18.45, 27.68, 30.29, 56.16], [0.0, 12.36, 5.71, 10.78, 5.97, 11.06, 10.91, 24.28, 11.16, 23.73, 43.55, 10.98, 16.02, 10.88, 18.46, 35.02, 8.86, 26.6, 8.16, 14.03, 9.3, 9.8, 13.05, 10.29, 11.22, 13.62, 16.12, 26.23, 25.3, 0.0, 6.63, 15.25, 5.87, 14.16, 12.77, 7.65, 4.31, 12.34, 10.9, 13.17, 4.46, 10.67, 11.96, 18.74, 8.71, 8.37, 14.54, 9.35, 6.96, 14.82, 5.64, 77.48], [0.0, 16.63, 8.73, 8.96, 11.72, 4.89, 5.88, 19.08, 11.71, 21.71, 44.99, 4.95, 13.94, 6.54, 15.53, 34.18, 13.46, 21.4, 8.14, 11.57, 10.41, 13.49, 6.92, 10.5, 16.15, 18.23, 13.32, 27.74, 25.91, 6.63, 0.0, 16.53, 6.18, 17.31, 6.77, 11.79, 10.28, 10.02, 15.75, 11.85, 4.6, 8.93, 6.26, 18.14, 8.92, 11.2, 7.92, 13.59, 8.66, 8.24, 6.32, 74.46], [0.0, 26.78, 20.96, 24.87, 12.09, 20.74, 22.36, 20.15, 16.1, 38.0, 58.71, 20.97, 7.89, 14.84, 32.0, 49.97, 23.39, 21.91, 22.91, 27.85, 24.44, 24.75, 22.5, 18.4, 25.15, 27.63, 29.73, 11.26, 40.54, 15.25, 16.53, 0.0, 10.59, 29.12, 22.56, 22.58, 12.91, 26.2, 24.96, 27.64, 12.52, 15.61, 22.41, 33.65, 16.86, 19.72, 21.24, 24.08, 22.11, 22.0, 10.58, 90.98], [0.0, 18.22, 11.15, 14.28, 7.46, 10.87, 12.05, 19.15, 5.52, 27.4, 49.02, 11.02, 10.15, 5.47, 21.45, 39.47, 14.73, 21.44, 12.48, 17.26, 14.24, 15.58, 12.84, 8.93, 17.07, 19.48, 19.16, 21.85, 30.38, 5.87, 6.18, 10.59, 0.0, 19.91, 12.77, 13.47, 6.66, 15.61, 16.76, 17.08, 10.33, 7.43, 12.39, 23.18, 8.3, 9.32, 12.75, 15.21, 11.99, 13.32, 10.71, 80.55], [0.0, 11.46, 8.88, 11.17, 17.61, 18.45, 16.25, 36.32, 15.44, 16.41, 29.63, 18.1, 29.99, 14.58, 15.06, 23.78, 5.88, 38.62, 9.66, 12.4, 7.3, 4.38, 19.44, 19.68, 5.39, 4.31, 13.72, 39.64, 12.82, 14.16, 17.31, 29.12, 19.91, 0.0, 18.95, 6.56, 16.39, 11.92, 5.26, 10.1, 18.19, 13.51, 17.86, 10.2, 12.27, 16.0, 22.81, 5.09, 8.65, 22.54, 19.73, 68.49], [0.0, 19.45, 12.27, 7.93, 18.34, 8.55, 9.06, 19.05, 8.9, 17.61, 43.31, 8.89, 18.26, 12.81, 11.12, 30.58, 17.01, 21.14, 9.5, 8.6, 11.72, 16.24, 9.18, 4.18, 19.66, 21.21, 9.45, 33.52, 24.12, 12.77, 6.77, 22.56, 12.77, 18.95, 0.0, 15.27, 16.82, 7.84, 19.22, 10.16, 11.35, 14.93, 8.42, 15.87, 14.55, 4.43, 4.18, 16.79, 11.24, 8.79, 12.96, 68.67], [0.0, 4.9, 10.53, 8.97, 11.31, 14.23, 12.63, 30.82, 9.51, 19.32, 36.14, 13.95, 23.6, 8.06, 15.69, 28.98, 11.16, 33.14, 6.12, 11.68, 4.88, 9.72, 15.72, 14.79, 4.45, 6.44, 13.64, 33.21, 18.54, 7.65, 11.79, 22.58, 13.47, 6.56, 15.27, 0.0, 9.96, 10.4, 11.82, 9.76, 11.84, 6.99, 14.19, 13.4, 5.72, 11.39, 18.54, 10.6, 12.15, 18.48, 13.26, 72.87], [0.0, 13.89, 9.14, 14.98, 10.28, 15.02, 15.13, 25.79, 7.92, 27.74, 46.02, 15.0, 15.78, 11.57, 22.69, 38.57, 10.56, 28.06, 12.21, 18.24, 12.95, 12.09, 17.06, 13.87, 12.24, 14.72, 20.35, 23.26, 28.43, 4.31, 10.28, 12.91, 6.66, 16.39, 16.82, 9.96, 0.0, 16.57, 12.05, 17.22, 6.48, 12.87, 16.08, 22.45, 4.39, 12.51, 18.09, 11.3, 10.68, 18.48, 6.33, 81.56], [0.0, 13.29, 8.39, 9.98, 18.23, 8.15, 5.55, 26.73, 10.13, 11.8, 35.74, 7.74, 23.89, 12.62, 6.12, 24.16, 11.89, 28.88, 4.65, 10.56, 5.62, 10.42, 8.33, 10.29, 14.13, 15.04, 12.97, 37.46, 16.51, 12.34, 10.02, 26.2, 15.61, 11.92, 7.84, 10.4, 16.57, 0.0, 13.72, 9.66, 13.69, 13.7, 6.89, 8.37, 12.72, 7.07, 12.01, 11.35, 6.72, 11.52, 15.63, 65.24], [0.0, 15.06, 7.16, 12.46, 13.03, 18.24, 16.56, 34.69, 13.36, 20.91, 34.3, 17.95, 26.88, 11.29, 18.33, 29.03, 11.14, 37.02, 9.87, 14.75, 8.11, 9.64, 19.68, 18.81, 10.65, 9.57, 16.52, 35.07, 18.07, 10.9, 15.75, 24.96, 16.76, 5.26, 19.22, 11.82, 12.05, 13.72, 0.0, 12.6, 15.31, 9.58, 18.14, 14.7, 8.51, 15.42, 22.56, 10.35, 7.98, 22.49, 16.51, 73.64], [0.0, 11.87, 8.41, 9.27, 18.86, 10.42, 7.84, 29.02, 11.55, 10.57, 33.52, 10.02, 25.79, 13.5, 5.93, 22.42, 11.04, 31.18, 5.01, 10.37, 4.91, 9.32, 10.65, 12.49, 12.99, 13.58, 13.12, 38.87, 14.3, 13.17, 11.85, 27.64, 17.08, 10.1, 10.16, 9.76, 17.22, 9.66, 12.6, 0.0, 15.13, 14.2, 9.21, 6.29, 13.09, 9.1, 14.33, 10.37, 6.71, 13.84, 17.06, 64.34], [0.0, 16.67, 9.36, 12.35, 7.64, 9.46, 10.37, 19.91, 12.23, 25.48, 47.15, 9.55, 11.8, 11.15, 19.58, 37.52, 13.2, 22.23, 10.54, 15.35, 12.34, 13.91, 11.48, 7.79, 15.64, 18.01, 17.28, 23.77, 28.46, 4.46, 4.6, 12.52, 10.33, 18.19, 11.35, 11.84, 6.48, 13.69, 15.31, 15.13, 0.0, 6.39, 10.86, 21.23, 7.04, 7.61, 11.87, 13.61, 10.1, 12.35, 10.1, 78.72], [0.0, 11.26, 6.02, 12.1, 4.7, 13.27, 12.93, 26.31, 6.27, 24.68, 43.13, 13.17, 17.41, 10.47, 19.78, 35.44, 7.81, 28.62, 9.22, 15.35, 9.83, 9.15, 15.24, 12.58, 9.84, 12.31, 17.46, 26.24, 25.34, 10.67, 8.93, 15.61, 7.43, 13.51, 14.93, 6.99, 12.87, 13.7, 9.58, 14.2, 6.39, 0.0, 14.08, 19.33, 10.63, 10.51, 16.83, 8.47, 7.59, 17.1, 7.15, 78.5], [0.0, 18.35, 11.21, 6.89, 17.64, 8.98, 9.13, 19.88, 8.18, 17.1, 42.5, 9.27, 18.47, 12.02, 10.63, 30.03, 15.93, 22.01, 8.4, 7.78, 10.63, 15.14, 13.18, 4.24, 18.57, 20.12, 8.81, 33.47, 23.29, 11.96, 6.26, 22.41, 12.39, 17.86, 8.42, 14.19, 16.08, 6.89, 18.14, 9.21, 10.86, 14.08, 0.0, 15.06, 13.63, 11.86, 5.13, 15.71, 10.16, 4.73, 12.55, 68.67], [0.0, 13.2, 13.31, 9.19, 24.02, 16.46, 13.87, 34.92, 17.68, 6.24, 27.44, 16.05, 32.08, 19.11, 6.63, 16.32, 14.02, 37.02, 10.74, 7.28, 9.51, 11.99, 16.33, 18.66, 14.99, 14.48, 6.83, 44.83, 8.25, 18.74, 18.14, 33.65, 23.18, 10.2, 15.87, 13.4, 22.45, 8.37, 14.7, 6.29, 21.23, 19.33, 15.06, 0.0, 18.1, 15.38, 20.02, 13.16, 11.82, 19.43, 23.13, 59.47], [0.0, 10.11, 4.8, 11.11, 5.92, 12.97, 12.39, 26.88, 6.23, 23.52, 41.86, 12.83, 18.39, 10.92, 18.76, 34.18, 6.63, 29.21, 8.16, 14.35, 8.62, 7.9, 14.88, 12.53, 8.79, 11.24, 16.46, 27.52, 24.06, 8.71, 8.92, 16.86, 8.3, 12.27, 14.55, 5.72, 4.39, 12.72, 8.51, 13.09, 7.04, 10.63, 13.63, 18.1, 0.0, 10.13, 16.74, 7.25, 6.43, 16.94, 8.04, 77.34], [0.0, 15.92, 8.28, 6.25, 14.07, 11.38, 11.61, 20.5, 4.63, 18.61, 42.55, 11.67, 16.83, 8.44, 12.37, 31.21, 13.14, 22.75, 6.35, 8.52, 8.74, 12.69, 4.76, 8.6, 15.84, 17.64, 10.18, 30.93, 23.36, 8.37, 11.2, 19.72, 9.32, 16.0, 4.43, 11.39, 12.51, 7.07, 15.42, 9.1, 7.61, 10.51, 11.86, 15.38, 10.13, 0.0, 7.14, 13.06, 7.6, 7.13, 9.43, 71.27], [0.0, 23.01, 15.43, 12.01, 19.43, 4.38, 6.65, 14.94, 10.57, 21.37, 47.43, 4.72, 15.76, 14.47, 14.94, 34.38, 20.29, 17.0, 13.19, 12.76, 15.52, 19.77, 11.9, 4.26, 22.99, 24.74, 13.48, 31.72, 28.27, 14.54, 7.92, 21.24, 12.75, 22.81, 4.18, 18.54, 18.09, 12.01, 22.56, 14.33, 11.87, 16.83, 5.13, 20.02, 16.74, 7.14, 0.0, 20.19, 14.68, 8.63, 13.02, 71.05], [0.0, 12.78, 4.88, 10.04, 12.53, 15.85, 14.12, 32.63, 11.32, 19.26, 34.72, 15.55, 25.35, 9.77, 16.21, 28.25, 9.5, 34.95, 7.42, 12.45, 5.72, 9.48, 17.26, 16.52, 10.48, 4.65, 14.3, 34.55, 17.56, 9.35, 13.59, 24.08, 15.21, 5.09, 16.79, 10.6, 11.3, 11.35, 10.35, 10.37, 13.61, 8.47, 15.71, 13.16, 7.25, 13.06, 20.19, 0.0, 5.55, 20.09, 14.99, 72.49], [0.0, 8.33, 9.87, 5.16, 12.29, 10.32, 8.58, 27.69, 6.95, 17.1, 37.04, 10.01, 21.77, 7.35, 12.52, 28.06, 5.8, 29.99, 11.37, 8.21, 9.52, 5.09, 11.7, 11.18, 8.42, 10.06, 10.29, 33.17, 18.45, 6.96, 8.66, 22.11, 11.99, 8.65, 11.24, 12.15, 10.68, 6.72, 7.98, 6.71, 10.1, 7.59, 10.16, 11.82, 6.43, 7.6, 14.68, 5.55, 0.0, 14.56, 11.87, 70.92], [0.0, 22.86, 15.39, 11.62, 19.86, 4.25, 6.31, 15.61, 10.83, 20.63, 46.81, 4.54, 16.59, 14.77, 14.22, 33.63, 20.23, 17.63, 12.98, 12.19, 15.27, 19.63, 11.88, 4.61, 22.92, 24.61, 12.82, 32.53, 27.68, 14.82, 8.24, 22.0, 13.32, 22.54, 8.79, 18.48, 18.48, 11.52, 22.49, 13.84, 12.35, 17.1, 4.73, 19.43, 16.94, 7.13, 8.63, 20.09, 14.56, 0.0, 13.58, 70.21], [0.0, 18.0, 10.99, 14.28, 7.12, 11.06, 12.18, 19.48, 5.52, 27.42, 48.88, 11.19, 10.38, 5.24, 21.51, 39.43, 14.5, 21.77, 12.42, 17.29, 14.14, 15.39, 13.04, 9.16, 16.81, 19.24, 19.21, 21.83, 30.29, 5.64, 6.32, 10.58, 10.71, 19.73, 12.96, 13.26, 6.33, 15.63, 16.51, 17.06, 10.1, 7.15, 12.55, 23.13, 8.04, 9.43, 13.02, 14.99, 11.87, 13.58, 0.0, 80.62], [0.0, 0.0, 0.0, 0.0, 0.0, 0.0, 0.0, 0.0, 0.0, 0.0, 0.0, 0.0, 0.0, 0.0, 0.0, 0.0, 0.0, 0.0, 0.0, 0.0, 0.0, 0.0, 0.0, 0.0, 0.0, 0.0, 0.0, 0.0, 0.0, 0.0, 0.0, 0.0, 0.0, 0.0, 0.0, 0.0, 0.0, 0.0, 0.0, 0.0, 0.0, 0.0, 0.0, 0.0, 0.0, 0.0, 0.0, 0.0, 0.0, 0.0, 0.0, 0.0]], "time_windows": [[0.0, 5000.0], [0.0, 121.0], [0.0, 131.0], [0.0, 139.0], [0.0, 158.0], [0.0, 193.0], [0.0, 215.0], [0.0, 280.0], [0.0, 338.0], [0.0, 380.0], [0.0, 424.0], [0.0, 514.0], [0.0, 569.0], [0.0, 607.0], [0.0, 645.0], [0.0, 676.0], [0.0, 718.0], [0.0, 765.0], [0.0, 811.0], [0.0, 819.0], [0.0, 834.0], [0.0, 845.0], [0.0, 880.0], [0.0, 905.0], [0.0, 939.0], [0.0, 954.0], [0.0, 982.0], [0.0, 1036.0], [0.0, 1094.0], [0.0, 1120.0], [0.0, 1127.0], [0.0, 1143.0], [0.0, 1154.0], [0.0, 1174.0], [0.0, 1193.0], [0.0, 1208.0], [0.0, 1218.0], [0.0, 1235.0], [0.0, 1248.0], [0.0, 1261.0], [0.0, 1276.0], [0.0, 1283.0], [0.0, 1297.0], [0.0, 1312.0], [0.0, 1330.0], [0.0, 1340.0], [0.0, 1347.0], [0.0, 1367.0], [0.0, 1373.0], [0.0, 1387.0], [0.0, 1401.0], [0.0, 5000.0]], "start_depot": 0, "end_depot": 51, "horizon": [0.0, 5000.0]}