{"digraph": {"vertex_count": 52, "arc_count": 2550, "arcs": [[0, 1, 1, 1, 1, 1, 1, 1, 1, 1, 1, 1, 1, 1, 1, 1, 1, 1, 1, 1, 1, 1, 1, 1, 1, 1, 1, 1, 1, 1, 1, 1, 1, 1, 1, 1, 1, 1, 1, 1, 1, 1, 1, 1, 1, 1, 1, 1, 1, 1, 1, 1], [0, 0, 1, 1, 1, 1, 1, 1, 1, 1, 1, 1, 1, 1, 1, 1, 1, 1, 1, 1, 1, 1, 1, 1, 1, 1, 1, 1, 1, 1, 1, 1, 1, 1, 1, 1, 1, 1, 1, 1, 1, 1, 1, 1, 1, 1, 1, 1, 1, 1, 1, 1], [0, 1, 0, 1, 1, 1, 1, 1, 1, 1, 1, 1, 1, 1, 1, 1, 1, 1, 1, 1, 1, 1, 1, 1, 1, 1, 1, 1, 1, 1, 1, 1, 1, 1, 1, 1, 1, 1, 1, 1, 1, 1, 1, 1, 1, 1, 1, 1, 1, 1, 1, 1], [0, 1, 1, 0, 1, 1, 1, 1, 1, 1, 1, 1, 1, 1, 1, 1, 1, 1, 1, 1, 1, 1, 1, 1, 1, 1, 1, 1, 1, 1, 1, 1, 1, 1, 1, 1, 1, 1, 1, 1, 1, 1, 1, 1, 1, 1, 1, 1, 1, 1, 1, 1], [0, 1, 1, 1, 0, 1, 1, 1, 1, 1, 1, 1, 1, 1, 1, 1, 1, 1, 1, 1, 1, 1, 1, 1, 1, 1, 1, 1, 1, 1, 1, 1, 1, 1, 1, 1, 1, 1, 1, 1, 1, 1, 1, 1, 1, 1, 1, 1, 1, 1, 1, 1], [0, 1, 1, 1, 1, 0, 1, 1, 1, 1, 1, 1, 1, 1, 1, 1, 1, 1, 1, 1, 1, 1, 1, 1, 1, 1, 1, 1, 1, 1, 1, 1, 1, 1, 1, 1, 1, 1, 1, 1, 1, 1, 1, 1, 1, 1, 1, 1, 1, 1, 1, 1], [0, 1, 1, 1, 1, 1, 0, 1, 1, 1, 1, 1, 1, 1, 1, 1, 1, 1, 1, 1, 1, 1, 1, 1, 1, 1, 1, 1, 1, 1, 1, 1, 1, 1, 1, 1, 1, 1, 1, 1, 1, 1, 1, 1, 1, 1, 1, 1, 1, 1, 1, 1], [0, 1, 1, 1, 1, 1, 1, 0, 1, 1, 1, 1, 1, 1, 1, 1, 1, 1, 1, 1, 1, 1, 1, 1, 1, 1, 1, 1, 1, 1, 1, 1, 1, 1, 1, 1, 1, 1, 1, 1, 1, 1, 1, 1, 1, 1, 1, 1, 1, 1, 1, 1], [0, 1, 1, 1, 1, 1, 1, 1, 0, 1, 1, 1, 1, 1, 1, 1, 1, 1, 1, 1, 1, 1, 1, 1, 1, 1, 1, 1, 1, 1, 1, 1, 1, 1, 1, 1, 1, 1, 1, 1, 1, 1, 1, 1, 1, 1, 1, 1, 1, 1, 1, 1], [0, 1, 1, 1, 1, 1, 1, 1, 1, 0, 1, 1, 1, 1, 1, 1, 1, 1, 1, 1, 1, 1, 1, 1, 1, 1, 1, 1, 1, 1, 1, 1, 1, 1, 1, 1, 1, 1, 1, 1, 1, 1, 1, 1, 1, 1, 1, 1, 1, 1, 1, 1], [0, 1, 1, 1, 1, 1, 1, 1, 1, 1, 0, 1, 1, 1, 1, 1, 1, 1, 1, 1, 1, 1, 1, 1, 1, 1, 1, 1, 1, 1, 1, 1, 1, 1, 1, 1, 1, 1, 1, 1, 1, 1, 1, 1, 1, 1, 1, 1, 1, 1, 1, 1], [0, 1, 1, 1, 1, 1, 1, 1, 1, 1, 1, 0, 1, 1, 1, 1, 1, 1, 1, 1, 1, 1, 1, 1, 1, 1, 1, 1, 1, 1, 1, 1, 1, 1, 1, 1, 1, 1, 1, 1, 1, 1, 1, 1, 1, 1, 1, 1, 1, 1, 1, 1], [0, 1, 1, 1, 1, 1, 1, 1, 1, 1, 1, 1, 0, 1, 1, 1, 1, 1, 1, 1, 1, 1, 1, 1, 1, 1, 1, 1, 1, 1, 1, 1, 1, 1, 1, 1, 1, 1, 1, 1, 1, 1, 1, 1, 1, 1, 1, 1, 1, 1, 1, 1], [0, 1, 1, 1, 1, 1, 1, 1, 1, 1, 1, 1, 1, 0, 1, 1, 1, 1, 1, 1, 1, 1, 1, 1, 1, 1, 1, 1, 1, 1, 1, 1, 1, 1, 1, 1, 1, 1, 1, 1, 1, 1, 1, 1, 1, 1, 1, 1, 1, 1, 1, 1], [0, 1, 1, 1, 1, 1, 1, 1, 1, 1, 1, 1, 1, 1, 0, 1, 1, 1, 1, 1, 1, 1, 1, 1, 1, 1, 1, 1, 1, 1, 1, 1, 1, 1, 1, 1, 1, 1, 1, 1, 1, 1, 1, 1, 1, 1, 1, 1, 1, 1, 1, 1], [0, 1, 1, 1, 1, 1, 1, 1, 1, 1, 1, 1, 1, 1, 1, 0, 1, 1, 1, 1, 1, 1, 1, 1, 1, 1, 1, 1, 1, 1, 1, 1, 1, 1, 1, 1, 1, 1, 1, 1, 1, 1, 1, 1, 1, 1, 1, 1, 1, 1, 1, 1], [0, 1, 1, 1, 1, 1, 1, 1, 1, 1, 1, 1, 1, 1, 1, 1, 0, 1, 1, 1, 1, 1, 1, 1, 1, 1, 1, 1, 1, 1, 1, 1, 1, 1, 1, 1, 1, 1, 1, 1, 1, 1, 1, 1, 1, 1, 1, 1, 1, 1, 1, 1], [0, 1, 1, 1, 1, 1, 1, 1, 1, 1, 1, 1, 1, 1, 1, 1, 1, 0, 1, 1, 1, 1, 1, 1, 1, 1, 1, 1, 1, 1, 1, 1, 1, 1, 1, 1, 1, 1, 1, 1, 1, 1, 1, 1, 1, 1, 1, 1, 1, 1, 1, 1], [0, 1, 1, 1, 1, 1, 1, 1, 1, 1, 1, 1, 1, 1, 1, 1, 1, 1, 0, 1, 1, 1, 1, 1, 1, 1, 1, 1, 1, 1, 1, 1, 1, 1, 1, 1, 1, 1, 1, 1, 1, 1, 1, 1, 1, 1, 1, 1, 1, 1, 1, 1], [0, 1, 1, 1, 1, 1, 1, 1, 1, 1, 1, 1, 1, 1, 1, 1, 1, 1, 1, 0, 1, 1, 1, 1, 1, 1, 1, 1, 1, 1, 1, 1, 1, 1, 1, 1, 1, 1, 1, 1, 1, 1, 1, 1, 1, 1, 1, 1, 1, 1, 1, 1], [0, 1, 1, 1, 1, 1, 1, 1, 1, 1, 1, 1, 1, 1, 1, 1, 1, 1, 1, 1, 0, 1, 1, 1, 1, 1, 1, 1, 1, 1, 1, 1, 1, 1, 1, 1, 1, 1, 1, 1, 1, 1, 1, 1, 1, 1, 1, 1, 1, 1, 1, 1], [0, 1, 1, 1, 1, 1, 1, 1, 1, 1, 1, 1, 1, 1, 1, 1, 1, 1, 1, 1, 1, 0, 1, 1, 1, 1, 1, 1, 1, 1, 1, 1, 1, 1, 1, 1, 1, 1, 1, 1, 1, 1, 1, 1, 1, 1, 1, 1, 1, 1, 1, 1], [0, 1, 1, 1, 1, 1, 1, 1, 1, 1, 1, 1, 1, 1, 1, 1, 1, 1, 1, 1, 1, 1, 0, 1, 1, 1, 1, 1, 1, 1, 1, 1, 1, 1, 1, 1, 1, 1, 1, 1, 1, 1, 1, 1, 1, 1, 1, 1, 1, 1, 1, 1], [0, 1, 1, 1, 1, 1, 1, 1, 1, 1, 1, 1, 1, 1, 1, 1, 1, 1, 1, 1, 1, 1, 1, 0, 1, 1, 1, 1, 1, 1, 1, 1, 1, 1, 1, 1, 1, 1, 1, 1, 1, 1, 1, 1, 1, 1, 1, 1, 1, 1, 1, 1], [0, 1, 1, 1, 1, 1, 1, 1, 1, 1, 1, 1, 1, 1, 1, 1, 1, 1, 1, 1, 1, 1, 1, 1, 0, 1, 1, 1, 1, 1, 1, 1, 1, 1, 1, 1, 1, 1, 1, 1, 1, 1, 1, 1, 1, 1, 1, 1, 1, 1, 1, 1], [0, 1, 1, 1, 1, 1, 1, 1, 1, 1, 1, 1, 1, 1, 1, 1, 1, 1, 1, 1, 1, 1, 1, 1, 1, 0, 1, 1, 1, 1, 1, 1, 1, 1, 1, 1, 1, 1, 1, 1, 1, 1, 1, 1, 1, 1, 1, 1, 1, 1, 1, 1], [0, 1, 1, 1, 1, 1, 1, 1, 1, 1, 1, 1, 1, 1, 1, 1, 1, 1, 1, 1, 1, 1, 1, 1, 1, 1, 0, 1, 1, 1, 1, 1, 1, 1, 1, 1, 1, 1, 1, 1, 1, 1, 1, 1, 1, 1, 1, 1, 1, 1, 1, 1], [0, 1, 1, 1, 1, 1, 1, 1, 1, 1, 1, 1, 1, 1, 1, 1, 1, 1, 1, 1, 1, 1, 1, 1, 1, 1, 1, 0, 1, 1, 1, 1, 1, 1, 1, 1, 1, 1, 1, 1, 1, 1, 1, 1, 1, 1, 1, 1, 1, 1, 1, 1], [0, 1, 1, 1, 1, 1, 1, 1, 1, 1, 1, 1, 1, 1, 1, 1, 1, 1, 1, 1, 1, 1, 1, 1, 1, 1, 1, 1, 0, 1, 1, 1, 1, 1, 1, 1, 1, 1, 1, 1, 1, 1, 1, 1, 1, 1, 1, 1, 1, 1, 1, 1], [0, 1, 1, 1, 1, 1, 1, 1, 1, 1, 1, 1, 1, 1, 1, 1, 1, 1, 1, 1, 1, 1, 1, 1, 1, 1, 1, 1, 1, 0, 1, 1, 1, 1, 1, 1, 1, 1, 1, 1, 1, 1, 1, 1, 1, 1, 1, 1, 1, 1, 1, 1], [0, 1, 1, 1, 1, 1, 1, 1, 1, 1, 1, 1, 1, 1, 1, 1, 1, 1, 1, 1, 1, 1, 1, 1, 1, 1, 1, 1, 1, 1, 0, 1, 1, 1, 1, 1, 1, 1, 1, 1, 1, 1, 1, 1, 1, 1, 1, 1, 1, 1, 1, 1], [0, 1, 1, 1, 1, 1, 1, 1, 1, 1, 1, 1, 1, 1, 1, 1, 1, 1, 1, 1, 1, 1, 1, 1, 1, 1, 1, 1, 1, 1, 1, 0, 1, 1, 1, 1, 1, 1, 1, 1, 1, 1, 1, 1, 1, 1, 1, 1, 1, 1, 1, 1], [0, 1, 1, 1, 1, 1, 1, 1, 1, 1, 1, 1, 1, 1, 1, 1, 1, 1, 1, 1, 1, 1, 1, 1, 1, 1, 1, 1, 1, 1, 1, 1, 0, 1, 1, 1, 1, 1, 1, 1, 1, 1, 1, 1, 1, 1, 1, 1, 1, 1, 1, 1], [0, 1, 1, 1, 1, 1, 1, 1, 1, 1, 1, 1, 1, 1, 1, 1, 1, 1, 1, 1, 1, 1, 1, 1, 1, 1, 1, 1, 1, 1, 1, 1, 1, 0, 1, 1, 1, 1, 1, 1, 1, 1, 1, 1, 1, 1, 1, 1, 1, 1, 1, 1], [0, 1, 1, 1, 1, 1, 1, 1, 1, 1, 1, 1, 1, 1, 1, 1, 1, 1, 1, 1, 1, 1, 1, 1, 1, 1, 1, 1, 1, 1, 1, 1, 1, 1, 0, 1, 1, 1, 1, 1, 1, 1, 1, 1, 1, 1, 1, 1, 1, 1, 1, 1], [0, 1, 1, 1, 1, 1, 1, 1, 1, 1, 1, 1, 1, 1, 1, 1, 1, 1, 1, 1, 1, 1, 1, 1, 1, 1, 1, 1, 1, 1, 1, 1, 1, 1, 1, 0, 1, 1, 1, 1, 1, 1, 1, 1, 1, 1, 1, 1, 1, 1, 1, 1], [0, 1, 1, 1, 1, 1, 1, 1, 1, 1, 1, 1, 1, 1, 1, 1, 1, 1, 1, 1, 1, 1, 1, 1, 1, 1, 1, 1, 1, 1, 1, 1, 1, 1, 1, 1, 0, 1, 1, 1, 1, 1, 1, 1, 1, 1, 1, 1, 1, 1, 1, 1], [0, 1, 1, 1, 1, 1, 1, 1, 1, 1, 1, 1, 1, 1, 1, 1, 1, 1, 1, 1, 1, 1, 1, 1, 1, 1, 1, 1, 1, 1, 1, 1, 1, 1, 1, 1, 1, 0, 1, 1, 1, 1, 1, 1, 1, 1, 1, 1, 1, 1, 1, 1], [0, 1, 1, 1, 1, 1, 1, 1, 1, 1, 1, 1, 1, 1, 1, 1, 1, 1, 1, 1, 1, 1, 1, 1, 1, 1, 1, 1, 1, 1, 1, 1, 1, 1, 1, 1, 1, 1, 0, 1, 1, 1, 1, 1, 1, 1, 1, 1, 1, 1, 1, 1], [0, 1, 1, 1, 1, 1, 1, 1, 1, 1, 1, 1, 1, 1, 1, 1, 1, 1, 1, 1, 1, 1, 1, 1, 1, 1, 1, 1, 1, 1, 1, 1, 1, 1, 1, 1, 1, 1, 1, 0, 1, 1, 1, 1, 1, 1, 1, 1, 1, 1, 1, 1], [0, 1, 1, 1, 1, 1, 1, 1, 1, 1, 1, 1, 1, 1, 1, 1, 1, 1, 1, 1, 1, 1, 1, 1, 1, 1, 1, 1, 1, 1, 1, 1, 1, 1, 1, 1, 1, 1, 1, 1, 0, 1, 1, 1, 1, 1, 1, 1, 1, 1, 1, 1], [0, 1, 1, 1, 1, 1, 1, 1, 1, 1, 1, 1, 1, 1, 1, 1, 1, 1, 1, 1, 1, 1, 1, 1, 1, 1, 1, 1, 1, 1, 1, 1, 1, 1, 1, 1, 1, 1, 1, 1, 1, 0, 1, 1, 1, 1, 1, 1, 1, 1, 1, 1], [0, 1, 1, 1, 1, 1, 1, 1, 1, 1, 1, 1, 1, 1, 1, 1, 1, 1, 1, 1, 1, 1, 1, 1, 1, 1, 1, 1, 1, 1, 1, 1, 1, 1, 1, 1, 1, 1, 1, 1, 1, 1, 0, 1, 1, 1, 1, 1, 1, 1, 1, 1], [0, 1, 1, 1, 1, 1, 1, 1, 1, 1, 1, 1, 1, 1, 1, 1, 1, 1, 1, 1, 1, 1, 1, 1, 1, 1, 1, 1, 1, 1, 1, 1, 1, 1, 1, 1, 1, 1, 1, 1, 1, 1, 1, 0, 1, 1, 1, 1, 1, 1, 1, 1], [0, 1, 1, 1, 1, 1, 1, 1, 1, 1, 1, 1, 1, 1, 1, 1, 1, 1, 1, 1, 1, 1, 1, 1, 1, 1, 1, 1, 1, 1, 1, 1, 1, 1, 1, 1, 1, 1, 1, 1, 1, 1, 1, 1, 0, 1, 1, 1, 1, 1, 1, 1], [0, 1, 1, 1, 1, 1, 1, 1, 1, 1, 1, 1, 1, 1, 1, 1, 1, 1, 1, 1, 1, 1, 1, 1, 1, 1, 1, 1, 1, 1, 1, 1, 1, 1, 1, 1, 1, 1, 1, 1, 1, 1, 1, 1, 1, 0, 1, 1, 1, 1, 1, 1], [0, 1, 1, 1, 1, 1, 1, 1, 1, 1, 1, 1, 1, 1, 1, 1, 1, 1, 1, 1, 1, 1, 1, 1, 1, 1, 1, 1, 1, 1, 1, 1, 1, 1, 1, 1, 1, 1, 1, 1, 1, 1, 1, 1, 1, 1, 0, 1, 1, 1, 1, 1], [0, 1, 1, 1, 1, 1, 1, 1, 1, 1, 1, 1, 1, 1, 1, 1, 1, 1, 1, 1, 1, 1, 1, 1, 1, 1, 1, 1, 1, 1, 1, 1, 1, 1, 1, 1, 1, 1, 1, 1, 1, 1, 1, 1, 1, 1, 1, 0, 1, 1, 1, 1], [0, 1, 1, 1, 1, 1, 1, 1, 1, 1, 1, 1, 1, 1, 1, 1, 1, 1, 1, 1, 1, 1, 1, 1, 1, 1, 1, 1, 1, 1, 1, 1, 1, 1, 1, 1, 1, 1, 1, 1, 1, 1, 1, 1, 1, 1, 1, 1, 0, 1, 1, 1], [0, 1, 1, 1, 1, 1, 1, 1, 1, 1, 1, 1, 1, 1, 1, 1, 1, 1, 1, 1, 1, 1, 1, 1, 1, 1, 1, 1, 1, 1, 1, 1, 1, 1, 1, 1, 1, 1, 1, 1, 1, 1, 1, 1, 1, 1, 1, 1, 1, 0, 1, 1], [0, 1, 1, 1, 1, 1, 1, 1, 1, 1, 1, 1, 1, 1, 1, 1, 1, 1, 1, 1, 1, 1, 1, 1, 1, 1, 1, 1, 1, 1, 1, 1, 1, 1, 1, 1, 1, 1, 1, 1, 1, 1, 1, 1, 1, 1, 1, 1, 1, 1, 0, 1], [0, 0, 0, 0, 0, 0, 0, 0, 0, 0, 0, 0, 0, 0, 0, 0, 0, 0, 0, 0, 0, 0, 0, 0, 0, 0, 0, 0, 0, 0, 0, 0, 0, 0, 0, 0, 0, 0, 0, 0, 0, 0, 0, 0, 0, 0, 0, 0, 0, 0, 0, 0]]}, "cluster_count": 3, "cluster_speeds": [[0.925, 0.85, 0.925, 1.0, 0.8325, 0.765, 0.8325, 0.9, 0.4625, 0.425, 0.4625, 0.5, 0.30525, 0.2805, 0.30525, 0.33, 0.37, 0.34, 0.37, 0.4, 0.555, 0.51, 0.555, 0.6, 0.6475, 0.595, 0.6475, 0.7, 0.37, 0.34, 0.37, 0.4, 0.30525, 0.2805, 0.30525, 0.33, 0.4625, 0.425, 0.4625, 0.5, 0.6475, 0.595, 0.6475, 0.7, 0.74, 0.68, 0.74, 0.8, 0.6475, 0.595, 0.6475, 0.7, 0.4625, 0.425, 0.4625, 0.5, 0.555, 0.51, 0.555, 0.6, 0.6475, 0.595, 0.6475, 0.7, 0.8325, 0.765, 0.8325, 0.9, 0.925, 0.85, 0.925, 1.0, 1.0], [0.7400000000000001, 0.68, 0.7400000000000001, 0.8, 0.666, 0.6120000000000001, 0.666, 0.7200000000000001, 0.37000000000000005, 0.34, 0.37000000000000005, 0.4, 0.24420000000000003, 0.22440000000000004, 0.24420000000000003, 0.264, 0.296, 0.272, 0.296, 0.32000000000000006, 0.44400000000000006, 0.40800000000000003, 0.44400000000000006, 0.48, 0.6475, 0.595, 0.6475, 0.7, 0.37, 0.34, 0.37, 0.4, 0.30525, 0.2805, 0.30525, 0.33, 0.4625, 0.425, 0.4625, 0.5, 0.6475, 0.595, 0.6475, 0.7, 0.74, 0.68, 0.74, 0.8, 0.518, 0.476, 0.518, 0.5599999999999999, 0.37000000000000005, 0.34, 0.37000000000000005, 0.4, 0.44400000000000006, 0.40800000000000003, 0.44400000000000006, 0.48, 0.518, 0.476, 0.518, 0.5599999999999999, 0.666, 0.6120000000000001, 0.666, 0.7200000000000001, 0.7400000000000001, 0.68, 0.7400000000000001, 0.8, 0.8], [0.87875, 0.8075, 0.87875, 0.95, 0.790875, 0.72675, 0.790875, 0.855, 0.439375, 0.40375, 0.439375, 0.475, 0.2899875, 0.266475, 0.2899875, 0.3135, 0.3515, 0.323, 0.3515, 0.38, 0.52725, 0.4845, 0.52725, 0.57, 0.6475, 0.595, 0.6475, 0.7, 0.37, 0.34, 0.37, 0.4, 0.30525, 0.2805, 0.30525, 0.33, 0.4625, 0.425, 0.4625, 0.5, 0.6475, 0.595, 0.6475, 0.7, 0.74, 0.68, 0.74, 0.8, 0.6151249999999999, 0.5652499999999999, 0.6151249999999999, 0.6649999999999999, 0.439375, 0.40375, 0.439375, 0.475, 0.52725, 0.4845, 0.52725, 0.57, 0.6151249999999999, 0.5652499999999999, 0.6151249999999999, 0.6649999999999999, 0.790875, 0.72675, 0.790875, 0.855, 0.87875, 0.8075, 0.87875, 0.95, 0.95]], "clusters": [[-1, 2, 2, 2, 2, 2, 2, 2, 2, 2, 2, 2, 2, 2, 2, 2, 2, 2, 2, 2, 2, 2, 2, 2, 2, 2, 2, 2, 2, 2, 2, 2, 2, 2, 2, 2, 2, 2, 2, 2, 2, 2, 2, 2, 2, 2, 2, 2, 2, 2, 2, 2], [0, -1, 0, 0, 0, 0, 0, 0, 0, 0, 0, 0, 0, 0, 0, 0, 0, 0, 0, 0, 0, 0, 0, 0, 0, 0, 0, 0, 0, 0, 0, 0, 0, 0, 0, 0, 0, 0, 0, 0, 0, 0, 0, 0, 0, 0, 0, 0, 0, 0, 0, 0], [0, 0, -1, 0, 0, 0, 0, 0, 0, 0, 0, 0, 0, 0, 0, 0, 0, 0, 0, 0, 0, 0, 0, 0, 0, 0, 0, 0, 0, 0, 0, 0, 0, 0, 0, 0, 0, 0, 0, 0, 0, 0, 0, 0, 0, 0, 0, 0, 0, 0, 0, 0], [0, 0, 0, -1, 0, 0, 0, 0, 0, 0, 0, 0, 0, 0, 0, 0, 0, 0, 0, 0, 0, 0, 0, 0, 0, 0, 0, 0, 0, 0, 0, 0, 0, 0, 0, 0, 0, 0, 0, 0, 0, 0, 0, 0, 0, 0, 0, 0, 0, 0, 0, 0], [0, 0, 0, 0, -1, 0, 0, 0, 0, 0, 0, 0, 0, 0, 0, 0, 0, 0, 0, 0, 0, 0, 0, 0, 0, 0, 0, 0, 0, 0, 0, 0, 0, 0, 0, 0, 0, 0, 0, 0, 0, 0, 0, 0, 0, 0, 0, 0, 0, 0, 0, 0], [0, 0, 0, 0, 0, -1, 0, 0, 0, 0, 0, 0, 0, 0, 0, 0, 0, 0, 0, 0, 0, 0, 0, 0, 0, 0, 0, 0, 0, 0, 0, 0, 0, 0, 0, 0, 0, 0, 0, 0, 0, 0, 0, 0, 0, 0, 0, 0, 0, 0, 0, 0], [0, 0, 0, 0, 0, 0, -1, 0, 0, 0, 0, 0, 0, 0, 0, 0, 0, 0, 0, 0, 0, 0, 0, 0, 0, 0, 0, 0, 0, 0, 0, 0, 0, 0, 0, 0, 0, 0, 0, 0, 0, 0, 0, 0, 0, 0, 0, 0, 0, 0, 0, 0], [0, 0, 0, 0, 0, 0, 0, -1, 0, 0, 0, 0, 0, 0, 0, 0, 0, 0, 0, 0, 0, 0, 0, 0, 0, 0, 0, 0, 0, 0, 0, 0, 0, 0, 0, 0, 0, 0, 0, 0, 0, 0, 0, 0, 0, 0, 0, 0, 0, 0, 0, 0], [1, 1, 1, 1, 1, 1, 1, 1, -1, 1, 1, 1, 1, 1, 1, 1, 1, 1, 1, 1, 1, 1, 1, 1, 1, 1, 1, 1, 1, 1, 1, 1, 1, 1, 1, 1, 1, 1, 1, 1, 1, 1, 1, 1, 1, 1, 1, 1, 1, 1, 1, 1], [0, 0, 0, 0, 0, 0, 0, 0, 0, -1, 0, 0, 0, 0, 0, 0, 0, 0, 0, 0, 0, 0, 0, 0, 0, 0, 0, 0, 0, 0, 0, 0, 0, 0, 0, 0, 0, 0, 0, 0, 0, 0, 0, 0, 0, 0, 0, 0, 0, 0, 0, 0], [0, 0, 0, 0, 0, 0, 0, 0, 0, 0, -1, 0, 0, 0, 0, 0, 0, 0, 0, 0, 0, 0, 0, 0, 0, 0, 0, 0, 0, 0, 0, 0, 0, 0, 0, 0, 0, 0, 0, 0, 0, 0, 0, 0, 0, 0, 0, 0, 0, 0, 0, 0], [1, 1, 1, 1, 1, 1, 1, 1, 1, 1, 1, -1, 1, 1, 1, 1, 1, 1, 1, 1, 1, 1, 1, 1, 1, 1, 1, 1, 1, 1, 1, 1, 1, 1, 1, 1, 1, 1, 1, 1, 1, 1, 1, 1, 1, 1, 1, 1, 1, 1, 1, 1], [0, 0, 0, 0, 0, 0, 0, 0, 0, 0, 0, 0, -1, 0, 0, 0, 0, 0, 0, 0, 0, 0, 0, 0, 0, 0, 0, 0, 0, 0, 0, 0, 0, 0, 0, 0, 0, 0, 0, 0, 0, 0, 0, 0, 0, 0, 0, 0, 0, 0, 0, 0], [0, 0, 0, 0, 0, 0, 0, 0, 0, 0, 0, 0, 0, -1, 0, 0, 0, 0, 0, 0, 0, 0, 0, 0, 0, 0, 0, 0, 0, 0, 0, 0, 0, 0, 0, 0, 0, 0, 0, 0, 0, 0, 0, 0, 0, 0, 0, 0, 0, 0, 0, 0], [0, 0, 0, 0, 0, 0, 0, 0, 0, 0, 0, 0, 0, 0, -1, 0, 0, 0, 0, 0, 0, 0, 0, 0, 0, 0, 0, 0, 0, 0, 0, 0, 0, 0, 0, 0, 0, 0, 0, 0, 0, 0, 0, 0, 0, 0, 0, 0, 0, 0, 0, 0], [0, 0, 0, 0, 0, 0, 0, 0, 0, 0, 0, 0, 0, 0, 0, -1, 0, 0, 0, 0, 0, 0, 0, 0, 0, 0, 0, 0, 0, 0, 0, 0, 0, 0, 0, 0, 0, 0, 0, 0, 0, 0, 0, 0, 0, 0, 0, 0, 0, 0, 0, 0], [0, 0, 0, 0, 0, 0, 0, 0, 0, 0, 0, 0, 0, 0, 0, 0, -1, 0, 0, 0, 0, 0, 0, 0, 0, 0, 0, 0, 0, 0, 0, 0, 0, 0, 0, 0, 0, 0, 0, 0, 0, 0, 0, 0, 0, 0, 0, 0, 0, 0, 0, 0], [0, 0, 0, 0, 0, 0, 0, 0, 0, 0, 0, 0, 0, 0, 0, 0, 0, -1, 0, 0, 0, 0, 0, 0, 0, 0, 0, 0, 0, 0, 0, 0, 0, 0, 0, 0, 0, 0, 0, 0, 0, 0, 0, 0, 0, 0, 0, 0, 0, 0, 0, 0], [0, 0, 0, 0, 0, 0, 0, 0, 0, 0, 0, 0, 0, 0, 0, 0, 0, 0, -1, 0, 0, 0, 0, 0, 0, 0, 0, 0, 0, 0, 0, 0, 0, 0, 0, 0, 0, 0, 0, 0, 0, 0, 0, 0, 0, 0, 0, 0, 0, 0, 0, 0], [0, 0, 0, 0, 0, 0, 0, 0, 0, 0, 0, 0, 0, 0, 0, 0, 0, 0, 0, -1, 0, 0, 0, 0, 0, 0, 0, 0, 0, 0, 0, 0, 0, 0, 0, 0, 0, 0, 0, 0, 0, 0, 0, 0, 0, 0, 0, 0, 0, 0, 0, 0], [0, 0, 0, 0, 0, 0, 0, 0, 0, 0, 0, 0, 0, 0, 0, 0, 0, 0, 0, 0, -1, 0, 0, 0, 0, 0, 0, 0, 0, 0, 0, 0, 0, 0, 0, 0, 0, 0, 0, 0, 0, 0, 0, 0, 0, 0, 0, 0, 0, 0, 0, 0], [2, 2, 2, 2, 2, 2, 2, 2, 2, 2, 2, 2, 2, 2, 2, 2, 2, 2, 2, 2, 2, -1, 2, 2, 2, 2, 2, 2, 2, 2, 2, 2, 2, 2, 2, 2, 2, 2, 2, 2, 2, 2, 2, 2, 2, 2, 2, 2, 2, 2, 2, 2], [0, 0, 0, 0, 0, 0, 0, 0, 0, 0, 0, 0, 0, 0, 0, 0, 0, 0, 0, 0, 0, 0, -1, 0, 0, 0, 0, 0, 0, 0, 0, 0, 0, 0, 0, 0, 0, 0, 0, 0, 0, 0, 0, 0, 0, 0, 0, 0, 0, 0, 0, 0], [0, 0, 0, 0, 0, 0, 0, 0, 0, 0, 0, 0, 0, 0, 0, 0, 0, 0, 0, 0, 0, 0, 0, -1, 0, 0, 0, 0, 0, 0, 0, 0, 0, 0, 0, 0, 0, 0, 0, 0, 0, 0, 0, 0, 0, 0, 0, 0, 0, 0, 0, 0], [1, 1, 1, 1, 1, 1, 1, 1, 1, 1, 1, 1, 1, 1, 1, 1, 1, 1, 1, 1, 1, 1, 1, 1, -1, 1, 1, 1, 1, 1, 1, 1, 1, 1, 1, 1, 1, 1, 1, 1, 1, 1, 1, 1, 1, 1, 1, 1, 1, 1, 1, 1], [0, 0, 0, 0, 0, 0, 0, 0, 0, 0, 0, 0, 0, 0, 0, 0, 0, 0, 0, 0, 0, 0, 0, 0, 0, -1, 0, 0, 0, 0, 0, 0, 0, 0, 0, 0, 0, 0, 0, 0, 0, 0, 0, 0, 0, 0, 0, 0, 0, 0, 0, 0], [0, 0, 0, 0, 0, 0, 0, 0, 0, 0, 0, 0, 0, 0, 0, 0, 0, 0, 0, 0, 0, 0, 0, 0, 0, 0, -1, 0, 0, 0, 0, 0, 0, 0, 0, 0, 0, 0, 0, 0, 0, 0, 0, 0, 0, 0, 0, 0, 0, 0, 0, 0], [0, 0, 0, 0, 0, 0, 0, 0, 0, 0, 0, 0, 0, 0, 0, 0, 0, 0, 0, 0, 0, 0, 0, 0, 0, 0, 0, -1, 0, 0, 0, 0, 0, 0, 0, 0, 0, 0, 0, 0, 0, 0, 0, 0, 0, 0, 0, 0, 0, 0, 0, 0], [0, 0, 0, 0, 0, 0, 0, 0, 0, 0, 0, 0, 0, 0, 0, 0, 0, 0, 0, 0, 0, 0, 0, 0, 0, 0, 0, 0, -1, 0, 0, 0, 0, 0, 0, 0, 0, 0, 0, 0, 0, 0, 0, 0, 0, 0, 0, 0, 0, 0, 0, 0], [0, 0, 0, 0, 0, 0, 0, 0, 0, 0, 0, 0, 0, 0, 0, 0, 0, 0, 0, 0, 0, 0, 0, 0, 0, 0, 0, 0, 0, -1, 0, 0, 0, 0, 0, 0, 0, 0, 0, 0, 0, 0, 0, 0, 0, 0, 0, 0, 0, 0, 0, 0], [0, 0, 0, 0, 0, 0, 0, 0, 0, 0, 0, 0, 0, 0, 0, 0, 0, 0, 0, 0, 0, 0, 0, 0, 0, 0, 0, 0, 0, 0, -1, 0, 0, 0, 0, 0, 0, 0, 0, 0, 0, 0, 0, 0, 0, 0, 0, 0, 0, 0, 0, 0], [0, 0, 0, 0, 0, 0, 0, 0, 0, 0, 0, 0, 0, 0, 0, 0, 0, 0, 0, 0, 0, 0, 0, 0, 0, 0, 0, 0, 0, 0, 0, -1, 0, 0, 0, 0, 0, 0, 0, 0, 0, 0, 0, 0, 0, 0, 0, 0, 0, 0, 0, 0], [0, 0, 0, 0, 0, 0, 0, 0, 0, 0, 0, 0, 0, 0, 0, 0, 0, 0, 0, 0, 0, 0, 0, 0, 0, 0, 0, 0, 0, 0, 0, 0, -1, 0, 0, 0, 0, 0, 0, 0, 0, 0, 0, 0, 0, 0, 0, 0, 0, 0, 0, 0], [0, 0, 0, 0, 0, 0, 0, 0, 0, 0, 0, 0, 0, 0, 0, 0, 0, 0, 0, 0, 0, 0, 0, 0, 0, 0, 0, 0, 0, 0, 0, 0, 0, -1, 0, 0, 0, 0, 0, 0, 0, 0, 0, 0, 0, 0, 0, 0, 0, 0, 0, 0], [0, 0, 0, 0, 0, 0, 0, 0, 0, 0, 0, 0, 0, 0, 0, 0, 0, 0, 0, 0, 0, 0, 0, 0, 0, 0, 0, 0, 0, 0, 0, 0, 0, 0, -1, 0, 0, 0, 0, 0, 0, 0, 0, 0, 0, 0, 0, 0, 0, 0, 0, 0], [0, 0, 0, 0, 0, 0, 0, 0, 0, 0, 0, 0, 0, 0, 0, 0, 0, 0, 0, 0, 0, 0, 0, 0, 0, 0, 0, 0, 0, 0, 0, 0, 0, 0, 0, -1, 0, 0, 0, 0, 0, 0, 0, 0, 0, 0, 0, 0, 0, 0, 0, 0], [0, 0, 0, 0, 0, 0, 0, 0, 0, 0, 0, 0, 0, 0, 0, 0, 0, 0, 0, 0, 0, 0, 0, 0, 0, 0, 0, 0, 0, 0, 0, 0, 0, 0, 0, 0, -1, 0, 0, 0, 0, 0, 0, 0, 0, 0, 0, 0, 0, 0, 0, 0], [0, 0, 0, 0, 0, 0, 0, 0, 0, 0, 0, 0, 0, 0, 0, 0, 0, 0, 0, 0, 0, 0, 0, 0, 0, 0, 0, 0, 0, 0, 0, 0, 0, 0, 0, 0, 0, -1, 0, 0, 0, 0, 0, 0, 0, 0, 0, 0, 0, 0, 0, 0], [0, 0, 0, 0, 0, 0, 0, 0, 0, 0, 0, 0, 0, 0, 0, 0, 0, 0, 0, 0, 0, 0, 0, 0, 0, 0, 0, 0, 0, 0, 0, 0, 0, 0, 0, 0, 0, 0, -1, 0, 0, 0, 0, 0, 0, 0, 0, 0, 0, 0, 0, 0], [0, 0, 0, 0, 0, 0, 0, 0, 0, 0, 0, 0, 0, 0, 0, 0, 0, 0, 0, 0, 0, 0, 0, 0, 0, 0, 0, 0, 0, 0, 0, 0, 0, 0, 0, 0, 0, 0, 0, -1, 0, 0, 0, 0, 0, 0, 0, 0, 0, 0, 0, 0], [1, 1, 1, 1, 1, 1, 1, 1, 1, 1, 1, 1, 1, 1, 1, 1, 1, 1, 1, 1, 1, 1, 1, 1, 1, 1, 1, 1, 1, 1, 1, 1, 1, 1, 1, 1, 1, 1, 1, 1, -1, 1, 1, 1, 1, 1, 1, 1, 1, 1, 1, 1], [0, 0, 0, 0, 0, 0, 0, 0, 0, 0, 0, 0, 0, 0, 0, 0, 0, 0, 0, 0, 0, 0, 0, 0, 0, 0, 0, 0, 0, 0, 0, 0, 0, 0, 0, 0, 0, 0, 0, 0, 0, -1, 0, 0, 0, 0, 0, 0, 0, 0, 0, 0], [0, 0, 0, 0, 0, 0, 0, 0, 0, 0, 0, 0, 0, 0, 0, 0, 0, 0, 0, 0, 0, 0, 0, 0, 0, 0, 0, 0, 0, 0, 0, 0, 0, 0, 0, 0, 0, 0, 0, 0, 0, 0, -1, 0, 0, 0, 0, 0, 0, 0, 0, 0], [0, 0, 0, 0, 0, 0, 0, 0, 0, 0, 0, 0, 0, 0, 0, 0, 0, 0, 0, 0, 0, 0, 0, 0, 0, 0, 0, 0, 0, 0, 0, 0, 0, 0, 0, 0, 0, 0, 0, 0, 0, 0, 0, -1, 0, 0, 0, 0, 0, 0, 0, 0], [0, 0, 0, 0, 0, 0, 0, 0, 0, 0, 0, 0, 0, 0, 0, 0, 0, 0, 0, 0, 0, 0, 0, 0, 0, 0, 0, 0, 0, 0, 0, 0, 0, 0, 0, 0, 0, 0, 0, 0, 0, 0, 0, 0, -1, 0, 0, 0, 0, 0, 0, 0], [0, 0, 0, 0, 0, 0, 0, 0, 0, 0, 0, 0, 0, 0, 0, 0, 0, 0, 0, 0, 0, 0, 0, 0, 0, 0, 0, 0, 0, 0, 0, 0, 0, 0, 0, 0, 0, 0, 0, 0, 0, 0, 0, 0, 0, -1, 0, 0, 0, 0, 0, 0], [0, 0, 0, 0, 0, 0, 0, 0, 0, 0, 0, 0, 0, 0, 0, 0, 0, 0, 0, 0, 0, 0, 0, 0, 0, 0, 0, 0, 0, 0, 0, 0, 0, 0, 0, 0, 0, 0, 0, 0, 0, 0, 0, 0, 0, 0, -1, 0, 0, 0, 0, 0], [0, 0, 0, 0, 0, 0, 0, 0, 0, 0, 0, 0, 0, 0, 0, 0, 0, 0, 0, 0, 0, 0, 0, 0, 0, 0, 0, 0, 0, 0, 0, 0, 0, 0, 0, 0, 0, 0, 0, 0, 0, 0, 0, 0, 0, 0, 0, -1, 0, 0, 0, 0], [1, 1, 1, 1, 1, 1, 1, 1, 1, 1, 1, 1, 1, 1, 1, 1, 1, 1, 1, 1, 1, 1, 1, 1, 1, 1, 1, 1, 1, 1, 1, 1, 1, 1, 1, 1, 1, 1, 1, 1, 1, 1, 1, 1, 1, 1, 1, 1, -1, 1, 1, 1], [0, 0, 0, 0, 0, 0, 0, 0, 0, 0, 0, 0, 0, 0, 0, 0, 0, 0, 0, 0, 0, 0, 0, 0, 0, 0, 0, 0, 0, 0, 0, 0, 0, 0, 0, 0, 0, 0, 0, 0, 0, 0, 0, 0, 0, 0, 0, 0, 0, -1, 0, 0], [0, 0, 0, 0, 0, 0, 0, 0, 0, 0, 0, 0, 0, 0, 0, 0, 0, 0, 0, 0, 0, 0, 0, 0, 0, 0, 0, 0, 0, 0, 0, 0, 0, 0, 0, 0, 0, 0, 0, 0, 0, 0, 0, 0, 0, 0, 0, 0, 0, 0, -1, 0], [2, 2, 2, 2, 2, 2, 2, 2, 2, 2, 2, 2, 2, 2, 2, 2, 2, 2, 2, 2, 2, 2, 2, 2, 2, 2, 2, 2, 2, 2, 2, 2, 2, 2, 2, 2, 2, 2, 2, 2, 2, 2, 2, 2, 2, 2, 2, 2, 2, 2, 2, -1]], "speed_zone_count": 73, "speed_zones": [[0.0, 15.0], [15.0, 30.0], [30.0, 45.0], [45.0, 60.0], [60.0, 75.0], [75.0, 90.0], [90.0, 105.0], [105.0, 120.0], [120.0, 135.0], [135.0, 150.0], [150.0, 165.0], [165.0, 180.0], [180.0, 195.0], [195.0, 210.0], [210.0, 225.0], [225.0, 240.0], [240.0, 255.0], [255.0, 270.0], [270.0, 285.0], [285.0, 300.0], [300.0, 315.0], [315.0, 330.0], [330.0, 345.0], [345.0, 360.0], [360.0, 375.0], [375.0, 390.0], [390.0, 405.0], [405.0, 420.0], [420.0, 435.0], [435.0, 450.0], [450.0, 465.0], [465.0, 480.0], [480.0, 495.0], [495.0, 510.0], [510.0, 525.0], [525.0, 540.0], [540.0, 555.0], [555.0, 570.0], [570.0, 585.0], [585.0, 600.0], [600.0, 615.0], [615.0, 630.0], [630.0, 645.0], [645.0, 660.0], [660.0, 675.0], [675.0, 690.0], [690.0, 705.0], [705.0, 720.0], [720.0, 735.0], [735.0, 750.0], [750.0, 765.0], [765.0, 780.0], [780.0, 795.0], [795.0, 810.0], [810.0, 825.0], [825.0, 840.0], [840.0, 855.0], [855.0, 870.0], [870.0, 885.0], [885.0, 900.0], [900.0, 915.0], [915.0, 930.0], [930.0, 945.0], [945.0, 960.0], [960.0, 975.0], [975.0, 990.0], [990.0, 1005.0], [1005.0, 1020.0], [1020.0, 1035.0], [1035.0, 1050.0], [1050.0, 1065.0], [1065.0, 1080.0], [1080.0, 5000.0]], "distances": [[0.0, 64.29, 61.75, 76.35, 58.07, 70.04, 67.81, 63.67, 82.31, 76.01, 63.72, 79.42, 80.75, 64.45, 70.14, 72.3, 74.57, 69.56, 63.98, 65.36, 72.59, 62.96, 72.92, 72.13, 87.0, 66.07, 80.14, 82.72, 67.9, 61.53, 79.66, 75.64, 74.06, 69.81, 62.67, 77.09, 60.5, 64.27, 70.89, 81.2, 86.25, 70.82, 68.56, 69.67, 69.15, 69.86, 68.34, 67.54, 76.96, 81.39, 75.46, 0.0], [0.0, 0.0, 13.51, 12.28, 6.36, 5.78, 9.12, 9.37, 22.19, 13.4, 4.8, 19.7, 16.49, 9.31, 12.47, 9.04, 12.07, 6.08, 13.38, 10.47, 11.52, 25.57, 12.51, 10.96, 23.29, 10.49, 15.93, 18.5, 11.29, 9.16, 15.37, 11.72, 13.99, 7.53, 7.95, 13.13, 6.1, 10.55, 10.48, 18.0, 22.23, 8.65, 15.02, 7.4, 5.36, 8.54, 12.9, 11.13, 17.64, 18.8, 11.59, 64.29], [0.0, 13.51, 0.0, 14.64, 12.75, 8.32, 9.31, 10.51, 24.86, 16.16, 10.26, 22.32, 19.0, 13.52, 12.74, 10.94, 14.82, 8.86, 12.18, 9.75, 12.7, 23.94, 15.06, 12.14, 26.04, 4.58, 18.61, 21.17, 6.27, 7.44, 17.93, 13.98, 16.54, 10.18, 6.56, 15.42, 12.19, 9.53, 11.37, 20.78, 24.95, 11.31, 14.62, 10.05, 8.15, 11.07, 12.67, 5.94, 20.19, 21.58, 14.36, 61.75], [0.0, 12.28, 14.64, 0.0, 18.3, 6.55, 10.92, 12.85, 17.73, 9.59, 12.96, 16.59, 4.64, 12.06, 11.42, 4.58, 9.54, 8.88, 17.44, 14.23, 7.3, 28.88, 12.79, 7.27, 13.51, 10.63, 5.74, 7.74, 8.8, 16.5, 11.58, 10.21, 13.59, 10.33, 15.02, 8.92, 16.12, 15.18, 8.44, 10.5, 11.8, 10.24, 15.43, 10.38, 8.7, 11.47, 13.59, 9.17, 15.9, 12.19, 5.93, 76.35], [0.0, 6.36, 12.75, 18.3, 0.0, 12.0, 11.8, 5.72, 27.88, 19.48, 6.51, 25.22, 22.68, 6.46, 15.12, 14.47, 18.09, 12.25, 12.86, 11.26, 15.79, 23.51, 17.9, 15.25, 29.64, 8.18, 22.27, 24.84, 9.93, 7.83, 21.62, 17.62, 19.36, 13.29, 7.65, 19.07, 11.29, 10.7, 14.32, 24.26, 28.59, 14.43, 16.2, 13.15, 11.62, 13.98, 14.55, 9.59, 22.99, 24.96, 17.93, 58.07], [0.0, 5.78, 8.32, 6.55, 12.0, 0.0, 8.47, 6.39, 18.75, 9.52, 7.69, 16.7, 10.71, 5.6, 10.87, 4.38, 8.53, 11.72, 14.69, 11.3, 8.12, 27.02, 10.49, 7.66, 18.01, 11.93, 10.36, 12.9, 10.59, 12.05, 9.62, 6.1, 11.8, 5.97, 10.55, 7.45, 10.51, 11.91, 7.91, 13.22, 16.76, 6.59, 14.5, 5.94, 10.97, 7.38, 12.3, 10.91, 15.13, 14.37, 6.65, 70.04], [0.0, 9.12, 9.31, 10.92, 11.8, 8.47, 0.0, 9.18, 26.97, 17.79, 5.37, 25.09, 15.43, 8.76, 10.17, 6.44, 16.94, 12.0, 6.59, 11.12, 4.84, 18.65, 18.93, 4.44, 24.4, 9.06, 16.54, 18.66, 8.72, 6.32, 14.91, 9.92, 20.27, 14.16, 5.15, 11.15, 8.0, 4.29, 10.89, 20.69, 22.71, 14.95, 6.17, 14.09, 11.14, 15.53, 8.59, 8.8, 23.6, 22.12, 14.47, 67.81], [0.0, 9.37, 10.51, 12.85, 5.72, 6.39, 9.18, 0.0, 22.77, 14.02, 4.57, 20.26, 17.09, 9.08, 12.56, 9.5, 12.68, 6.71, 13.14, 10.33, 11.82, 25.25, 13.05, 11.26, 23.93, 10.26, 16.56, 19.13, 4.23, 8.78, 15.99, 12.28, 14.53, 8.1, 7.64, 13.69, 5.57, 10.34, 10.71, 18.64, 22.87, 9.23, 14.97, 7.97, 6.0, 9.07, 12.88, 10.9, 18.18, 19.43, 12.23, 63.67], [0.0, 22.19, 24.86, 17.73, 27.88, 18.75, 26.97, 22.77, 0.0, 9.23, 26.05, 11.67, 15.7, 22.28, 28.59, 20.98, 10.3, 16.22, 33.4, 30.0, 24.72, 45.63, 10.04, 24.54, 10.34, 20.63, 12.84, 12.83, 19.56, 30.61, 14.98, 18.6, 8.64, 14.68, 29.14, 18.26, 28.23, 30.66, 25.44, 7.66, 11.79, 13.55, 32.56, 14.82, 17.06, 13.9, 30.48, 19.73, 5.36, 5.81, 12.57, 82.31], [0.0, 13.4, 16.16, 9.59, 19.48, 9.52, 17.79, 14.02, 9.23, 0.0, 16.92, 7.35, 9.61, 13.44, 19.61, 12.02, 10.88, 7.31, 24.18, 20.78, 15.94, 36.44, 4.26, 15.68, 11.16, 11.71, 6.89, 8.72, 10.46, 21.44, 8.4, 10.25, 4.4, 6.31, 19.96, 10.38, 19.3, 21.43, 16.45, 5.23, 10.92, 5.23, 23.52, 6.46, 8.08, 6.15, 21.39, 10.66, 6.33, 5.51, 10.71, 76.01], [0.0, 4.8, 10.26, 12.96, 6.51, 7.69, 5.37, 4.57, 26.05, 16.92, 0.0, 23.75, 17.57, 4.51, 8.78, 8.62, 15.75, 9.89, 8.58, 5.81, 9.32, 20.8, 16.81, 8.79, 25.61, 5.69, 17.81, 20.26, 6.49, 4.59, 16.7, 12.12, 18.28, 11.76, 10.52, 13.55, 10.14, 5.77, 7.81, 20.91, 24.23, 12.79, 10.6, 11.65, 9.02, 12.95, 8.63, 6.33, 21.87, 22.01, 14.34, 63.72], [0.0, 19.7, 22.32, 16.59, 25.22, 16.7, 25.09, 20.26, 11.67, 7.35, 23.75, 0.0, 15.3, 19.82, 26.96, 19.37, 8.17, 13.86, 31.39, 28.0, 23.25, 43.72, 7.32, 23.01, 11.73, 18.22, 12.34, 12.92, 17.29, 28.34, 14.39, 17.37, 5.88, 12.16, 26.9, 17.24, 25.78, 28.59, 23.81, 7.55, 12.79, 11.05, 30.87, 12.29, 14.73, 11.27, 28.73, 17.42, 12.46, 5.87, 10.98, 79.42], [0.0, 16.49, 19.0, 4.64, 22.68, 10.71, 15.43, 17.09, 15.7, 9.61, 17.57, 15.3, 0.0, 16.31, 15.49, 9.2, 10.23, 12.04, 21.84, 18.73, 11.35, 32.87, 13.68, 11.45, 9.35, 14.74, 10.18, 11.91, 12.9, 21.14, 10.56, 5.57, 14.01, 12.87, 19.66, 4.28, 20.71, 19.72, 12.73, 8.05, 7.44, 12.39, 19.41, 12.97, 12.14, 13.69, 17.76, 13.26, 15.32, 9.9, 6.97, 80.75], [0.0, 9.31, 13.52, 12.06, 6.46, 5.6, 8.76, 9.08, 22.28, 13.44, 4.51, 19.82, 16.31, 0.0, 12.1, 8.74, 12.12, 6.13, 13.08, 10.14, 11.17, 25.29, 12.66, 10.61, 23.22, 10.19, 15.81, 18.37, 10.99, 8.92, 15.21, 11.48, 14.14, 7.66, 7.68, 12.9, 5.97, 10.24, 10.12, 17.98, 22.13, 8.77, 14.67, 7.53, 5.37, 8.7, 12.55, 10.84, 17.79, 18.81, 11.53, 64.45], [0.0, 12.47, 12.74, 11.42, 15.12, 10.87, 10.17, 12.56, 28.59, 19.61, 8.78, 26.96, 15.49, 12.1, 0.0, 7.61, 18.94, 14.62, 6.86, 4.79, 12.63, 17.46, 21.31, 12.33, 24.78, 12.22, 17.16, 18.96, 11.6, 8.77, 15.26, 10.43, 22.56, 16.8, 7.96, 11.34, 11.2, 5.88, 10.97, 21.79, 22.93, 17.47, 9.75, 16.75, 13.82, 18.2, 10.18, 11.74, 25.7, 23.38, 16.04, 70.14], [0.0, 9.04, 10.94, 4.58, 14.47, 4.38, 6.44, 9.5, 20.98, 12.02, 8.62, 19.37, 9.2, 8.74, 7.61, 0.0, 11.44, 8.06, 13.02, 9.74, 11.28, 24.82, 14.07, 10.88, 17.98, 7.75, 10.1, 12.28, 6.21, 11.94, 8.55, 10.48, 15.22, 10.11, 10.47, 5.0, 11.84, 10.65, 4.45, 14.34, 16.34, 10.52, 11.58, 10.1, 7.46, 11.49, 9.54, 6.53, 18.19, 15.86, 8.43, 72.3], [0.0, 12.07, 14.82, 9.54, 18.09, 8.53, 16.94, 12.68, 10.3, 10.88, 15.75, 8.17, 10.23, 12.12, 18.94, 11.44, 0.0, 6.0, 23.22, 19.83, 15.43, 35.55, 9.93, 15.13, 12.56, 10.42, 7.72, 9.77, 9.26, 20.3, 8.95, 10.08, 10.19, 4.88, 18.84, 10.41, 18.02, 20.43, 15.81, 6.64, 12.23, 15.13, 22.79, 5.02, 6.8, 4.73, 20.63, 9.44, 6.76, 6.94, 10.99, 74.57], [0.0, 6.08, 8.86, 8.88, 12.25, 11.72, 12.0, 6.71, 16.22, 7.31, 9.89, 13.86, 12.04, 6.13, 14.62, 8.06, 6.0, 0.0, 17.83, 14.51, 11.93, 30.23, 7.04, 11.48, 17.53, 4.42, 10.72, 13.27, 10.94, 14.48, 10.76, 8.8, 8.46, 10.53, 13.06, 9.88, 12.03, 14.97, 11.72, 12.02, 16.69, 11.38, 18.13, 10.42, 11.45, 10.72, 15.91, 14.36, 12.0, 12.73, 5.9, 69.56], [0.0, 13.38, 12.18, 17.44, 12.86, 14.69, 6.59, 13.14, 33.4, 24.18, 8.58, 31.39, 21.84, 13.08, 6.86, 13.02, 23.22, 17.83, 0.0, 9.57, 10.65, 12.41, 24.87, 10.45, 30.94, 14.07, 23.11, 25.17, 14.36, 5.03, 21.42, 16.43, 26.27, 19.89, 5.62, 17.58, 8.93, 8.93, 9.13, 27.27, 29.21, 20.82, 4.62, 19.8, 16.94, 21.19, 4.64, 14.33, 29.74, 28.67, 20.97, 63.98], [0.0, 10.47, 9.75, 14.23, 11.26, 11.3, 11.12, 10.33, 30.0, 20.78, 5.81, 28.0, 18.73, 10.14, 4.79, 9.74, 19.83, 14.51, 9.57, 0.0, 7.84, 15.75, 21.55, 7.54, 27.71, 10.94, 19.84, 21.97, 11.07, 10.4, 18.22, 13.23, 22.94, 16.61, 12.75, 14.45, 7.18, 10.51, 6.18, 23.9, 26.02, 17.5, 4.96, 16.52, 13.63, 17.93, 11.35, 11.06, 26.38, 25.29, 17.58, 65.36], [0.0, 11.52, 12.7, 7.3, 15.79, 8.12, 4.84, 11.82, 24.72, 15.94, 9.32, 23.25, 11.35, 11.17, 12.63, 11.28, 15.43, 11.93, 10.65, 7.84, 0.0, 21.6, 18.1, 9.28, 20.63, 10.69, 13.02, 14.81, 9.52, 11.15, 11.11, 6.32, 19.24, 14.04, 9.92, 7.19, 12.38, 8.93, 11.57, 17.74, 18.79, 14.51, 8.14, 14.02, 11.24, 15.43, 6.41, 9.77, 22.17, 19.38, 12.27, 72.59], [0.0, 25.57, 23.94, 28.88, 23.51, 27.02, 18.65, 25.25, 45.63, 36.44, 20.8, 43.72, 32.87, 25.29, 17.46, 24.82, 35.55, 30.23, 12.41, 15.75, 21.6, 0.0, 37.27, 21.61, 42.21, 26.41, 34.61, 36.39, 26.77, 16.52, 32.71, 27.88, 38.68, 32.29, 17.62, 28.79, 20.27, 15.27, 20.48, 39.16, 40.31, 33.22, 13.47, 32.2, 29.35, 33.58, 15.31, 26.73, 42.13, 40.68, 33.1, 62.96], [0.0, 12.51, 15.06, 12.79, 17.9, 10.49, 18.93, 13.05, 10.04, 4.26, 16.81, 7.32, 13.68, 12.66, 21.31, 14.07, 9.93, 7.04, 24.87, 21.55, 18.1, 37.27, 0.0, 17.74, 14.95, 11.16, 11.09, 12.99, 10.51, 21.4, 12.4, 13.24, 8.66, 5.05, 20.02, 13.71, 18.61, 22.01, 18.25, 9.04, 14.99, 9.49, 24.99, 5.17, 7.93, 10.42, 22.78, 10.58, 5.14, 8.67, 7.01, 72.92], [0.0, 10.96, 12.14, 7.27, 15.25, 7.66, 4.44, 11.26, 24.54, 15.68, 8.79, 23.01, 11.45, 10.61, 12.33, 10.88, 15.13, 11.48, 10.45, 7.54, 9.28, 21.61, 17.74, 0.0, 20.68, 10.14, 13.0, 14.87, 9.0, 10.74, 11.14, 6.27, 18.9, 13.6, 9.48, 7.23, 11.86, 8.61, 11.51, 17.64, 18.87, 14.11, 8.18, 13.58, 10.78, 15.0, 6.34, 9.25, 21.88, 19.25, 12.04, 72.13], [0.0, 23.29, 26.04, 13.51, 29.64, 18.01, 24.4, 23.93, 10.34, 11.16, 25.61, 11.73, 9.35, 23.22, 24.78, 17.98, 12.56, 17.53, 30.94, 27.71, 20.63, 42.21, 14.95, 20.68, 0.0, 21.47, 7.9, 5.82, 19.8, 29.65, 9.55, 14.51, 14.32, 17.2, 28.14, 13.45, 28.52, 28.63, 21.92, 5.96, 11.99, 16.23, 28.74, 17.34, 18.06, 17.27, 27.02, 20.12, 13.25, 6.5, 11.71, 87.0], [0.0, 10.49, 4.58, 10.63, 8.18, 11.93, 9.06, 10.26, 20.63, 11.71, 5.69, 18.22, 14.74, 10.19, 12.22, 7.75, 10.42, 4.42, 14.07, 10.94, 10.69, 26.41, 11.16, 10.14, 21.47, 0.0, 14.12, 16.69, 10.85, 10.25, 13.6, 10.14, 12.63, 6.11, 8.91, 11.52, 7.61, 11.19, 9.87, 16.22, 20.41, 7.18, 15.16, 5.99, 11.66, 7.26, 12.98, 10.52, 16.25, 17.06, 9.78, 66.07], [0.0, 15.93, 18.61, 5.74, 22.27, 10.36, 16.54, 16.56, 12.84, 6.89, 17.81, 12.34, 10.18, 15.81, 17.16, 10.1, 7.72, 10.72, 23.11, 19.84, 13.02, 34.61, 11.09, 13.0, 7.9, 14.12, 0.0, 10.57, 12.34, 21.77, 10.63, 6.74, 11.27, 11.1, 20.26, 5.9, 20.81, 20.75, 14.18, 5.21, 6.43, 10.43, 21.16, 11.21, 11.03, 11.69, 19.33, 12.68, 12.38, 7.04, 4.99, 80.14], [0.0, 18.5, 21.17, 7.74, 24.84, 12.9, 18.66, 19.13, 12.83, 8.72, 20.26, 12.92, 11.91, 18.37, 18.96, 12.28, 9.77, 13.27, 25.17, 21.97, 14.81, 36.39, 12.99, 14.87, 5.82, 16.69, 10.57, 0.0, 14.91, 24.11, 12.74, 8.74, 12.94, 13.54, 22.6, 7.63, 23.29, 22.92, 16.11, 5.37, 11.4, 12.8, 22.92, 13.66, 13.6, 14.03, 21.2, 15.25, 13.43, 7.14, 7.46, 82.72], [0.0, 11.29, 6.27, 8.8, 9.93, 10.59, 8.72, 4.23, 19.56, 10.46, 6.49, 17.29, 12.9, 10.99, 11.6, 6.21, 9.26, 10.94, 14.36, 11.07, 9.52, 26.77, 10.51, 9.0, 19.8, 10.85, 12.34, 14.91, 0.0, 11.06, 11.77, 8.34, 11.94, 5.54, 9.61, 9.7, 8.91, 11.5, 8.95, 14.7, 18.68, 6.46, 14.88, 5.45, 10.23, 6.87, 12.67, 10.93, 15.47, 15.66, 8.17, 67.9], [0.0, 9.16, 7.44, 16.5, 7.83, 12.05, 6.32, 8.78, 30.61, 21.44, 4.59, 28.34, 21.14, 8.92, 8.77, 11.94, 20.3, 14.48, 5.03, 10.4, 11.15, 16.52, 21.4, 10.74, 29.65, 10.25, 21.77, 24.11, 11.06, 0.0, 20.43, 15.57, 22.86, 16.35, 10.65, 16.92, 13.96, 10.36, 9.44, 25.24, 28.15, 17.39, 8.68, 16.24, 13.61, 17.52, 7.43, 10.91, 26.46, 26.42, 18.7, 61.53], [0.0, 15.37, 17.93, 11.58, 21.62, 9.62, 14.91, 15.99, 14.98, 8.4, 16.7, 14.39, 10.56, 15.21, 15.26, 8.55, 8.95, 10.76, 21.42, 18.22, 11.11, 32.71, 12.4, 11.14, 9.55, 13.6, 10.63, 12.74, 11.77, 20.43, 0.0, 4.99, 12.78, 11.55, 18.93, 12.43, 19.8, 19.17, 12.37, 7.37, 7.8, 11.06, 19.24, 11.64, 10.89, 12.36, 17.48, 12.13, 14.26, 9.21, 5.64, 79.66], [0.0, 11.72, 13.98, 10.21, 17.62, 6.1, 9.92, 12.28, 18.6, 10.25, 12.12, 17.37, 5.57, 11.48, 10.43, 10.48, 10.08, 8.8, 16.43, 13.23, 6.32, 27.88, 13.24, 6.27, 14.51, 10.14, 6.74, 8.74, 8.34, 15.57, 4.99, 0.0, 14.12, 10.42, 14.09, 9.85, 15.31, 14.19, 7.43, 11.44, 12.79, 10.43, 14.44, 10.46, 8.53, 11.63, 12.59, 8.71, 16.58, 13.12, 6.55, 75.64], [0.0, 13.99, 16.54, 13.59, 19.36, 11.8, 20.27, 14.53, 8.64, 4.4, 18.28, 5.88, 14.01, 14.14, 22.56, 15.22, 10.19, 8.46, 26.27, 22.94, 19.24, 38.68, 8.66, 18.9, 14.32, 12.63, 11.27, 12.94, 11.94, 22.86, 12.78, 14.12, 0.0, 6.52, 21.48, 14.46, 20.09, 23.42, 19.47, 8.53, 14.55, 5.49, 26.29, 6.64, 9.35, 5.47, 24.09, 12.02, 10.72, 7.89, 7.68, 74.06], [0.0, 7.53, 10.18, 10.33, 13.29, 5.97, 14.16, 8.1, 14.68, 6.31, 11.76, 12.16, 12.87, 7.66, 16.8, 10.11, 4.88, 10.53, 19.89, 16.61, 14.04, 32.29, 5.05, 13.6, 17.2, 6.11, 11.1, 13.54, 5.54, 16.35, 11.55, 10.42, 6.52, 0.0, 14.97, 11.34, 13.62, 17.02, 13.89, 11.41, 16.61, 11.54, 20.3, 9.9, 11.68, 9.61, 18.08, 5.57, 10.14, 11.82, 6.11, 69.81], [0.0, 7.95, 6.56, 15.02, 7.65, 10.55, 5.15, 7.64, 29.14, 19.96, 10.52, 26.9, 19.66, 7.68, 7.96, 10.47, 18.84, 13.06, 5.62, 12.75, 9.92, 17.62, 20.02, 9.48, 28.14, 8.91, 20.26, 22.6, 9.61, 10.65, 18.93, 14.09, 21.48, 14.97, 0.0, 15.47, 13.15, 9.44, 8.22, 23.72, 26.64, 15.99, 8.55, 14.86, 12.18, 16.17, 6.98, 9.48, 25.06, 24.91, 17.18, 62.67], [0.0, 13.13, 15.42, 8.92, 19.07, 7.45, 11.15, 13.69, 18.26, 10.38, 13.55, 17.24, 4.28, 12.9, 11.34, 5.0, 10.41, 9.88, 17.58, 14.45, 7.19, 28.79, 13.71, 7.23, 13.45, 11.52, 5.9, 7.63, 9.7, 16.92, 12.43, 9.85, 14.46, 11.34, 15.47, 0.0, 16.75, 15.44, 8.49, 10.88, 11.64, 11.23, 15.32, 11.39, 9.69, 12.47, 13.57, 10.07, 16.66, 12.63, 6.78, 77.09], [0.0, 6.1, 12.19, 16.12, 11.29, 10.51, 8.0, 5.57, 28.23, 19.3, 10.14, 25.78, 20.71, 5.97, 11.2, 11.84, 18.02, 12.03, 8.93, 7.18, 12.38, 20.27, 18.61, 11.86, 28.52, 7.61, 20.81, 23.29, 8.91, 13.96, 19.8, 15.31, 20.09, 13.62, 13.15, 16.75, 0.0, 6.63, 10.78, 23.6, 27.23, 14.73, 12.12, 13.5, 11.23, 14.63, 10.48, 8.67, 23.74, 24.57, 17.04, 60.5], [0.0, 10.55, 9.53, 15.18, 10.7, 11.91, 4.29, 10.34, 30.66, 21.43, 5.77, 28.59, 19.72, 10.24, 5.88, 10.65, 20.43, 14.97, 8.93, 10.51, 8.93, 15.27, 22.01, 8.61, 28.63, 11.19, 20.75, 22.92, 11.5, 10.36, 19.17, 14.19, 23.42, 17.02, 9.44, 15.44, 6.63, 0.0, 7.26, 24.7, 26.98, 17.96, 5.55, 16.93, 14.08, 18.31, 4.3, 11.45, 26.91, 26.05, 18.32, 64.27], [0.0, 10.48, 11.37, 8.44, 14.32, 7.91, 10.89, 10.71, 25.44, 16.45, 7.81, 23.81, 12.73, 10.12, 10.97, 4.45, 15.81, 11.72, 9.13, 6.18, 11.57, 20.48, 18.25, 11.51, 21.92, 9.87, 14.18, 16.11, 8.95, 9.44, 12.37, 7.43, 19.47, 13.89, 8.22, 8.49, 10.78, 7.26, 0.0, 18.69, 20.13, 14.48, 7.14, 13.85, 10.96, 15.29, 5.17, 9.15, 22.56, 20.26, 12.88, 70.89], [0.0, 18.0, 20.78, 10.5, 24.26, 13.22, 20.69, 18.64, 7.66, 5.23, 20.91, 7.55, 8.05, 17.98, 21.79, 14.34, 6.64, 12.02, 27.27, 23.9, 17.74, 39.16, 9.04, 17.64, 5.96, 16.22, 5.21, 5.37, 14.7, 25.24, 7.37, 11.44, 8.53, 11.41, 23.72, 10.88, 23.6, 24.7, 18.69, 0.0, 6.03, 10.38, 25.81, 11.55, 12.65, 11.37, 23.85, 14.97, 8.24, 10.74, 6.58, 81.2], [0.0, 22.23, 24.95, 11.8, 28.59, 16.76, 22.71, 22.87, 11.79, 10.92, 24.23, 12.79, 7.44, 22.13, 22.93, 16.34, 12.23, 16.69, 29.21, 26.02, 18.79, 40.31, 14.99, 18.87, 11.99, 20.41, 6.43, 11.4, 18.68, 28.15, 7.8, 12.79, 14.55, 16.61, 26.64, 11.64, 27.23, 26.98, 20.13, 6.03, 0.0, 15.72, 26.85, 16.74, 17.13, 16.86, 25.19, 19.01, 14.0, 7.11, 10.8, 86.25], [0.0, 8.65, 11.31, 10.24, 14.43, 6.59, 14.95, 9.23, 13.55, 5.23, 12.79, 11.05, 12.39, 8.77, 17.47, 10.52, 15.13, 11.38, 20.82, 17.5, 14.51, 33.22, 9.49, 14.11, 16.23, 7.18, 10.43, 12.8, 6.46, 17.39, 11.06, 10.43, 5.49, 11.54, 15.99, 11.23, 14.73, 17.96, 14.48, 10.38, 15.72, 0.0, 21.05, 11.69, 11.84, 10.96, 18.84, 6.53, 9.08, 10.73, 5.48, 70.82], [0.0, 15.02, 14.62, 15.43, 16.2, 14.5, 6.17, 14.97, 32.56, 23.52, 10.6, 30.87, 19.41, 14.67, 9.75, 11.58, 22.79, 18.13, 4.62, 4.96, 8.14, 13.47, 24.99, 8.18, 28.74, 15.16, 21.16, 22.92, 14.88, 8.68, 19.24, 14.44, 26.29, 20.3, 8.55, 15.32, 12.12, 5.55, 7.14, 25.81, 26.85, 21.05, 0.0, 20.23, 17.28, 21.68, 9.25, 14.97, 29.52, 27.39, 20.0, 68.56], [0.0, 7.4, 10.05, 10.38, 13.15, 5.94, 14.09, 7.97, 14.82, 6.46, 11.65, 12.29, 12.97, 7.53, 16.75, 10.1, 5.02, 10.42, 19.8, 16.52, 14.02, 32.2, 5.17, 13.58, 17.34, 5.99, 11.21, 13.66, 5.45, 16.24, 11.64, 10.46, 6.64, 9.9, 14.86, 11.39, 13.5, 16.93, 13.85, 11.55, 16.74, 11.69, 20.23, 0.0, 11.82, 9.75, 18.01, 5.47, 10.26, 11.96, 6.23, 69.67], [0.0, 5.36, 8.15, 8.7, 11.62, 10.97, 11.14, 6.0, 17.06, 8.08, 9.02, 14.73, 12.14, 5.37, 13.82, 7.46, 6.8, 11.45, 16.94, 13.63, 11.24, 29.35, 7.93, 10.78, 18.06, 11.66, 11.03, 13.6, 10.23, 13.61, 10.89, 8.53, 9.35, 11.68, 12.18, 9.69, 11.23, 14.08, 10.96, 12.65, 17.13, 11.84, 17.28, 11.82, 0.0, 4.4, 15.06, 11.27, 12.89, 13.44, 6.36, 69.15], [0.0, 8.54, 11.07, 11.47, 13.98, 7.38, 15.53, 9.07, 13.9, 6.15, 12.95, 11.27, 13.69, 8.7, 18.2, 11.49, 4.73, 10.72, 21.19, 17.93, 15.43, 33.58, 10.42, 15.0, 17.27, 7.26, 11.69, 14.03, 6.87, 17.52, 12.36, 11.63, 5.47, 9.61, 16.17, 12.47, 14.63, 18.31, 15.29, 11.37, 16.86, 10.96, 21.68, 9.75, 4.4, 0.0, 19.46, 6.87, 9.12, 11.56, 6.76, 69.86], [0.0, 12.9, 12.67, 13.59, 14.55, 12.3, 8.59, 12.88, 30.48, 21.39, 8.63, 28.73, 17.76, 12.55, 10.18, 9.54, 20.63, 15.91, 4.64, 11.35, 6.41, 15.31, 22.78, 6.34, 27.02, 12.98, 19.33, 21.2, 12.67, 7.43, 17.48, 12.59, 24.09, 18.08, 6.98, 13.57, 10.48, 4.3, 5.17, 23.85, 25.19, 18.84, 9.25, 18.01, 15.06, 19.46, 0.0, 12.75, 27.35, 25.39, 17.91, 68.34], [0.0, 11.13, 5.94, 9.17, 9.59, 10.91, 8.8, 10.9, 19.73, 10.66, 6.33, 17.42, 13.26, 10.84, 11.74, 6.53, 9.44, 14.36, 14.33, 11.06, 9.77, 26.73, 10.58, 9.25, 20.12, 10.52, 12.68, 15.25, 10.93, 10.91, 12.13, 8.71, 12.02, 5.57, 9.48, 10.07, 8.67, 11.45, 9.15, 14.97, 19.01, 6.53, 14.97, 5.47, 11.27, 6.87, 12.75, 0.0, 15.58, 15.91, 8.46, 67.54], [0.0, 17.64, 20.19, 15.9, 22.99, 15.13, 23.6, 18.18, 5.36, 6.33, 21.87, 12.46, 15.32, 17.79, 25.7, 18.19, 6.76, 12.0, 29.74, 26.38, 22.17, 42.13, 5.14, 21.88, 13.25, 16.25, 12.38, 13.43, 15.47, 26.46, 14.26, 16.58, 10.72, 10.14, 25.06, 16.66, 23.74, 26.91, 22.56, 8.24, 14.0, 9.08, 29.52, 10.26, 12.89, 9.12, 27.35, 15.58, 0.0, 6.89, 10.04, 76.96], [0.0, 18.8, 21.58, 12.19, 24.96, 14.37, 22.12, 19.43, 5.81, 5.51, 22.01, 5.87, 9.9, 18.81, 23.38, 15.86, 6.94, 12.73, 28.67, 25.29, 19.38, 40.68, 8.67, 19.25, 6.5, 17.06, 7.04, 7.14, 15.66, 26.42, 9.21, 13.12, 7.89, 11.82, 24.91, 12.63, 24.57, 26.05, 20.26, 10.74, 7.11, 10.73, 27.39, 11.96, 13.44, 11.56, 25.39, 15.91, 6.89, 0.0, 7.75, 81.39], [0.0, 11.59, 14.36, 5.93, 17.93, 6.65, 14.47, 12.23, 12.57, 10.71, 14.34, 10.98, 6.97, 11.53, 16.04, 8.43, 10.99, 5.9, 20.97, 17.58, 12.27, 33.1, 7.01, 12.04, 11.71, 9.78, 4.99, 7.46, 8.17, 18.7, 5.64, 6.55, 7.68, 6.11, 17.18, 6.78, 17.04, 18.32, 12.88, 6.58, 10.8, 5.48, 20.0, 6.23, 6.36, 6.76, 17.91, 8.46, 10.04, 7.75, 0.0, 75.46], [0.0, 0.0, 0.0, 0.0, 0.0, 0.0, 0.0, 0.0, 0.0, 0.0, 0.0, 0.0, 0.0, 0.0, 0.0, 0.0, 0.0, 0.0, 0.0, 0.0, 0.0, 0.0, 0.0, 0.0, 0.0, 0.0, 0.0, 0.0, 0.0, 0.0, 0.0, 0.0, 0.0, 0.0, 0.0, 0.0, 0.0, 0.0, 0.0, 0.0, 0.0, 0.0, 0.0, 0.0, 0.0, 0.0, 0.0, 0.0, 0.0, 0.0, 0.0, 0.0]], "time_windows": [[0.0, 5000.0], [0.0, 111.0], [0.0, 128.0], [0.0, 146.0], [0.0, 172.0], [0.0, 199.0], [0.0, 217.0], [0.0, 245.0], [0.0, 313.0], [0.0, 337.0], [0.0, 370.0], [0.0, 410.0], [0.0, 435.0], [0.0, 459.0], [0.0, 491.0], [0.0, 511.0], [0.0, 547.0], [0.0, 567.0], [0.0, 610.0], [0.0, 631.0], [0.0, 645.0], [0.0, 680.0], [0.0, 733.0], [0.0, 756.0], [0.0, 788.0], [0.0, 820.0], [0.0, 851.0], [0.0, 874.0], [0.0, 902.0], [0.0, 922.0], [0.0, 955.0], [0.0, 964.0], [0.0, 986.0], [0.0, 995.0], [0.0, 1014.0], [0.0, 1034.0], [0.0, 1053.0], [0.0, 1061.0], [0.0, 1069.0], [0.0, 1090.0], [0.0, 1097.0], [0.0, 1113.0], [0.0, 1134.0], [0.0, 1154.0], [0.0, 1166.0], [0.0, 1170.0], [0.0, 1190.0], [0.0, 1203.0], [0.0, 1218.0], [0.0, 1225.0], [0.0, 1233.0], [0.0, 5000.0]], "start_depot": 0, "end_depot": 51, "horizon": [0.0, 5000.0]}