{"digraph": {"vertex_count": 52, "arc_count": 2550, "arcs": [[0, 1, 1, 1, 1, 1, 1, 1, 1, 1, 1, 1, 1, 1, 1, 1, 1, 1, 1, 1, 1, 1, 1, 1, 1, 1, 1, 1, 1, 1, 1, 1, 1, 1, 1, 1, 1, 1, 1, 1, 1, 1, 1, 1, 1, 1, 1, 1, 1, 1, 1, 1], [0, 0, 1, 1, 1, 1, 1, 1, 1, 1, 1, 1, 1, 1, 1, 1, 1, 1, 1, 1, 1, 1, 1, 1, 1, 1, 1, 1, 1, 1, 1, 1, 1, 1, 1, 1, 1, 1, 1, 1, 1, 1, 1, 1, 1, 1, 1, 1, 1, 1, 1, 1], [0, 1, 0, 1, 1, 1, 1, 1, 1, 1, 1, 1, 1, 1, 1, 1, 1, 1, 1, 1, 1, 1, 1, 1, 1, 1, 1, 1, 1, 1, 1, 1, 1, 1, 1, 1, 1, 1, 1, 1, 1, 1, 1, 1, 1, 1, 1, 1, 1, 1, 1, 1], [0, 1, 1, 0, 1, 1, 1, 1, 1, 1, 1, 1, 1, 1, 1, 1, 1, 1, 1, 1, 1, 1, 1, 1, 1, 1, 1, 1, 1, 1, 1, 1, 1, 1, 1, 1, 1, 1, 1, 1, 1, 1, 1, 1, 1, 1, 1, 1, 1, 1, 1, 1], [0, 1, 1, 1, 0, 1, 1, 1, 1, 1, 1, 1, 1, 1, 1, 1, 1, 1, 1, 1, 1, 1, 1, 1, 1, 1, 1, 1, 1, 1, 1, 1, 1, 1, 1, 1, 1, 1, 1, 1, 1, 1, 1, 1, 1, 1, 1, 1, 1, 1, 1, 1], [0, 1, 1, 1, 1, 0, 1, 1, 1, 1, 1, 1, 1, 1, 1, 1, 1, 1, 1, 1, 1, 1, 1, 1, 1, 1, 1, 1, 1, 1, 1, 1, 1, 1, 1, 1, 1, 1, 1, 1, 1, 1, 1, 1, 1, 1, 1, 1, 1, 1, 1, 1], [0, 1, 1, 1, 1, 1, 0, 1, 1, 1, 1, 1, 1, 1, 1, 1, 1, 1, 1, 1, 1, 1, 1, 1, 1, 1, 1, 1, 1, 1, 1, 1, 1, 1, 1, 1, 1, 1, 1, 1, 1, 1, 1, 1, 1, 1, 1, 1, 1, 1, 1, 1], [0, 1, 1, 1, 1, 1, 1, 0, 1, 1, 1, 1, 1, 1, 1, 1, 1, 1, 1, 1, 1, 1, 1, 1, 1, 1, 1, 1, 1, 1, 1, 1, 1, 1, 1, 1, 1, 1, 1, 1, 1, 1, 1, 1, 1, 1, 1, 1, 1, 1, 1, 1], [0, 1, 1, 1, 1, 1, 1, 1, 0, 1, 1, 1, 1, 1, 1, 1, 1, 1, 1, 1, 1, 1, 1, 1, 1, 1, 1, 1, 1, 1, 1, 1, 1, 1, 1, 1, 1, 1, 1, 1, 1, 1, 1, 1, 1, 1, 1, 1, 1, 1, 1, 1], [0, 1, 1, 1, 1, 1, 1, 1, 1, 0, 1, 1, 1, 1, 1, 1, 1, 1, 1, 1, 1, 1, 1, 1, 1, 1, 1, 1, 1, 1, 1, 1, 1, 1, 1, 1, 1, 1, 1, 1, 1, 1, 1, 1, 1, 1, 1, 1, 1, 1, 1, 1], [0, 1, 1, 1, 1, 1, 1, 1, 1, 1, 0, 1, 1, 1, 1, 1, 1, 1, 1, 1, 1, 1, 1, 1, 1, 1, 1, 1, 1, 1, 1, 1, 1, 1, 1, 1, 1, 1, 1, 1, 1, 1, 1, 1, 1, 1, 1, 1, 1, 1, 1, 1], [0, 1, 1, 1, 1, 1, 1, 1, 1, 1, 1, 0, 1, 1, 1, 1, 1, 1, 1, 1, 1, 1, 1, 1, 1, 1, 1, 1, 1, 1, 1, 1, 1, 1, 1, 1, 1, 1, 1, 1, 1, 1, 1, 1, 1, 1, 1, 1, 1, 1, 1, 1], [0, 1, 1, 1, 1, 1, 1, 1, 1, 1, 1, 1, 0, 1, 1, 1, 1, 1, 1, 1, 1, 1, 1, 1, 1, 1, 1, 1, 1, 1, 1, 1, 1, 1, 1, 1, 1, 1, 1, 1, 1, 1, 1, 1, 1, 1, 1, 1, 1, 1, 1, 1], [0, 1, 1, 1, 1, 1, 1, 1, 1, 1, 1, 1, 1, 0, 1, 1, 1, 1, 1, 1, 1, 1, 1, 1, 1, 1, 1, 1, 1, 1, 1, 1, 1, 1, 1, 1, 1, 1, 1, 1, 1, 1, 1, 1, 1, 1, 1, 1, 1, 1, 1, 1], [0, 1, 1, 1, 1, 1, 1, 1, 1, 1, 1, 1, 1, 1, 0, 1, 1, 1, 1, 1, 1, 1, 1, 1, 1, 1, 1, 1, 1, 1, 1, 1, 1, 1, 1, 1, 1, 1, 1, 1, 1, 1, 1, 1, 1, 1, 1, 1, 1, 1, 1, 1], [0, 1, 1, 1, 1, 1, 1, 1, 1, 1, 1, 1, 1, 1, 1, 0, 1, 1, 1, 1, 1, 1, 1, 1, 1, 1, 1, 1, 1, 1, 1, 1, 1, 1, 1, 1, 1, 1, 1, 1, 1, 1, 1, 1, 1, 1, 1, 1, 1, 1, 1, 1], [0, 1, 1, 1, 1, 1, 1, 1, 1, 1, 1, 1, 1, 1, 1, 1, 0, 1, 1, 1, 1, 1, 1, 1, 1, 1, 1, 1, 1, 1, 1, 1, 1, 1, 1, 1, 1, 1, 1, 1, 1, 1, 1, 1, 1, 1, 1, 1, 1, 1, 1, 1], [0, 1, 1, 1, 1, 1, 1, 1, 1, 1, 1, 1, 1, 1, 1, 1, 1, 0, 1, 1, 1, 1, 1, 1, 1, 1, 1, 1, 1, 1, 1, 1, 1, 1, 1, 1, 1, 1, 1, 1, 1, 1, 1, 1, 1, 1, 1, 1, 1, 1, 1, 1], [0, 1, 1, 1, 1, 1, 1, 1, 1, 1, 1, 1, 1, 1, 1, 1, 1, 1, 0, 1, 1, 1, 1, 1, 1, 1, 1, 1, 1, 1, 1, 1, 1, 1, 1, 1, 1, 1, 1, 1, 1, 1, 1, 1, 1, 1, 1, 1, 1, 1, 1, 1], [0, 1, 1, 1, 1, 1, 1, 1, 1, 1, 1, 1, 1, 1, 1, 1, 1, 1, 1, 0, 1, 1, 1, 1, 1, 1, 1, 1, 1, 1, 1, 1, 1, 1, 1, 1, 1, 1, 1, 1, 1, 1, 1, 1, 1, 1, 1, 1, 1, 1, 1, 1], [0, 1, 1, 1, 1, 1, 1, 1, 1, 1, 1, 1, 1, 1, 1, 1, 1, 1, 1, 1, 0, 1, 1, 1, 1, 1, 1, 1, 1, 1, 1, 1, 1, 1, 1, 1, 1, 1, 1, 1, 1, 1, 1, 1, 1, 1, 1, 1, 1, 1, 1, 1], [0, 1, 1, 1, 1, 1, 1, 1, 1, 1, 1, 1, 1, 1, 1, 1, 1, 1, 1, 1, 1, 0, 1, 1, 1, 1, 1, 1, 1, 1, 1, 1, 1, 1, 1, 1, 1, 1, 1, 1, 1, 1, 1, 1, 1, 1, 1, 1, 1, 1, 1, 1], [0, 1, 1, 1, 1, 1, 1, 1, 1, 1, 1, 1, 1, 1, 1, 1, 1, 1, 1, 1, 1, 1, 0, 1, 1, 1, 1, 1, 1, 1, 1, 1, 1, 1, 1, 1, 1, 1, 1, 1, 1, 1, 1, 1, 1, 1, 1, 1, 1, 1, 1, 1], [0, 1, 1, 1, 1, 1, 1, 1, 1, 1, 1, 1, 1, 1, 1, 1, 1, 1, 1, 1, 1, 1, 1, 0, 1, 1, 1, 1, 1, 1, 1, 1, 1, 1, 1, 1, 1, 1, 1, 1, 1, 1, 1, 1, 1, 1, 1, 1, 1, 1, 1, 1], [0, 1, 1, 1, 1, 1, 1, 1, 1, 1, 1, 1, 1, 1, 1, 1, 1, 1, 1, 1, 1, 1, 1, 1, 0, 1, 1, 1, 1, 1, 1, 1, 1, 1, 1, 1, 1, 1, 1, 1, 1, 1, 1, 1, 1, 1, 1, 1, 1, 1, 1, 1], [0, 1, 1, 1, 1, 1, 1, 1, 1, 1, 1, 1, 1, 1, 1, 1, 1, 1, 1, 1, 1, 1, 1, 1, 1, 0, 1, 1, 1, 1, 1, 1, 1, 1, 1, 1, 1, 1, 1, 1, 1, 1, 1, 1, 1, 1, 1, 1, 1, 1, 1, 1], [0, 1, 1, 1, 1, 1, 1, 1, 1, 1, 1, 1, 1, 1, 1, 1, 1, 1, 1, 1, 1, 1, 1, 1, 1, 1, 0, 1, 1, 1, 1, 1, 1, 1, 1, 1, 1, 1, 1, 1, 1, 1, 1, 1, 1, 1, 1, 1, 1, 1, 1, 1], [0, 1, 1, 1, 1, 1, 1, 1, 1, 1, 1, 1, 1, 1, 1, 1, 1, 1, 1, 1, 1, 1, 1, 1, 1, 1, 1, 0, 1, 1, 1, 1, 1, 1, 1, 1, 1, 1, 1, 1, 1, 1, 1, 1, 1, 1, 1, 1, 1, 1, 1, 1], [0, 1, 1, 1, 1, 1, 1, 1, 1, 1, 1, 1, 1, 1, 1, 1, 1, 1, 1, 1, 1, 1, 1, 1, 1, 1, 1, 1, 0, 1, 1, 1, 1, 1, 1, 1, 1, 1, 1, 1, 1, 1, 1, 1, 1, 1, 1, 1, 1, 1, 1, 1], [0, 1, 1, 1, 1, 1, 1, 1, 1, 1, 1, 1, 1, 1, 1, 1, 1, 1, 1, 1, 1, 1, 1, 1, 1, 1, 1, 1, 1, 0, 1, 1, 1, 1, 1, 1, 1, 1, 1, 1, 1, 1, 1, 1, 1, 1, 1, 1, 1, 1, 1, 1], [0, 1, 1, 1, 1, 1, 1, 1, 1, 1, 1, 1, 1, 1, 1, 1, 1, 1, 1, 1, 1, 1, 1, 1, 1, 1, 1, 1, 1, 1, 0, 1, 1, 1, 1, 1, 1, 1, 1, 1, 1, 1, 1, 1, 1, 1, 1, 1, 1, 1, 1, 1], [0, 1, 1, 1, 1, 1, 1, 1, 1, 1, 1, 1, 1, 1, 1, 1, 1, 1, 1, 1, 1, 1, 1, 1, 1, 1, 1, 1, 1, 1, 1, 0, 1, 1, 1, 1, 1, 1, 1, 1, 1, 1, 1, 1, 1, 1, 1, 1, 1, 1, 1, 1], [0, 1, 1, 1, 1, 1, 1, 1, 1, 1, 1, 1, 1, 1, 1, 1, 1, 1, 1, 1, 1, 1, 1, 1, 1, 1, 1, 1, 1, 1, 1, 1, 0, 1, 1, 1, 1, 1, 1, 1, 1, 1, 1, 1, 1, 1, 1, 1, 1, 1, 1, 1], [0, 1, 1, 1, 1, 1, 1, 1, 1, 1, 1, 1, 1, 1, 1, 1, 1, 1, 1, 1, 1, 1, 1, 1, 1, 1, 1, 1, 1, 1, 1, 1, 1, 0, 1, 1, 1, 1, 1, 1, 1, 1, 1, 1, 1, 1, 1, 1, 1, 1, 1, 1], [0, 1, 1, 1, 1, 1, 1, 1, 1, 1, 1, 1, 1, 1, 1, 1, 1, 1, 1, 1, 1, 1, 1, 1, 1, 1, 1, 1, 1, 1, 1, 1, 1, 1, 0, 1, 1, 1, 1, 1, 1, 1, 1, 1, 1, 1, 1, 1, 1, 1, 1, 1], [0, 1, 1, 1, 1, 1, 1, 1, 1, 1, 1, 1, 1, 1, 1, 1, 1, 1, 1, 1, 1, 1, 1, 1, 1, 1, 1, 1, 1, 1, 1, 1, 1, 1, 1, 0, 1, 1, 1, 1, 1, 1, 1, 1, 1, 1, 1, 1, 1, 1, 1, 1], [0, 1, 1, 1, 1, 1, 1, 1, 1, 1, 1, 1, 1, 1, 1, 1, 1, 1, 1, 1, 1, 1, 1, 1, 1, 1, 1, 1, 1, 1, 1, 1, 1, 1, 1, 1, 0, 1, 1, 1, 1, 1, 1, 1, 1, 1, 1, 1, 1, 1, 1, 1], [0, 1, 1, 1, 1, 1, 1, 1, 1, 1, 1, 1, 1, 1, 1, 1, 1, 1, 1, 1, 1, 1, 1, 1, 1, 1, 1, 1, 1, 1, 1, 1, 1, 1, 1, 1, 1, 0, 1, 1, 1, 1, 1, 1, 1, 1, 1, 1, 1, 1, 1, 1], [0, 1, 1, 1, 1, 1, 1, 1, 1, 1, 1, 1, 1, 1, 1, 1, 1, 1, 1, 1, 1, 1, 1, 1, 1, 1, 1, 1, 1, 1, 1, 1, 1, 1, 1, 1, 1, 1, 0, 1, 1, 1, 1, 1, 1, 1, 1, 1, 1, 1, 1, 1], [0, 1, 1, 1, 1, 1, 1, 1, 1, 1, 1, 1, 1, 1, 1, 1, 1, 1, 1, 1, 1, 1, 1, 1, 1, 1, 1, 1, 1, 1, 1, 1, 1, 1, 1, 1, 1, 1, 1, 0, 1, 1, 1, 1, 1, 1, 1, 1, 1, 1, 1, 1], [0, 1, 1, 1, 1, 1, 1, 1, 1, 1, 1, 1, 1, 1, 1, 1, 1, 1, 1, 1, 1, 1, 1, 1, 1, 1, 1, 1, 1, 1, 1, 1, 1, 1, 1, 1, 1, 1, 1, 1, 0, 1, 1, 1, 1, 1, 1, 1, 1, 1, 1, 1], [0, 1, 1, 1, 1, 1, 1, 1, 1, 1, 1, 1, 1, 1, 1, 1, 1, 1, 1, 1, 1, 1, 1, 1, 1, 1, 1, 1, 1, 1, 1, 1, 1, 1, 1, 1, 1, 1, 1, 1, 1, 0, 1, 1, 1, 1, 1, 1, 1, 1, 1, 1], [0, 1, 1, 1, 1, 1, 1, 1, 1, 1, 1, 1, 1, 1, 1, 1, 1, 1, 1, 1, 1, 1, 1, 1, 1, 1, 1, 1, 1, 1, 1, 1, 1, 1, 1, 1, 1, 1, 1, 1, 1, 1, 0, 1, 1, 1, 1, 1, 1, 1, 1, 1], [0, 1, 1, 1, 1, 1, 1, 1, 1, 1, 1, 1, 1, 1, 1, 1, 1, 1, 1, 1, 1, 1, 1, 1, 1, 1, 1, 1, 1, 1, 1, 1, 1, 1, 1, 1, 1, 1, 1, 1, 1, 1, 1, 0, 1, 1, 1, 1, 1, 1, 1, 1], [0, 1, 1, 1, 1, 1, 1, 1, 1, 1, 1, 1, 1, 1, 1, 1, 1, 1, 1, 1, 1, 1, 1, 1, 1, 1, 1, 1, 1, 1, 1, 1, 1, 1, 1, 1, 1, 1, 1, 1, 1, 1, 1, 1, 0, 1, 1, 1, 1, 1, 1, 1], [0, 1, 1, 1, 1, 1, 1, 1, 1, 1, 1, 1, 1, 1, 1, 1, 1, 1, 1, 1, 1, 1, 1, 1, 1, 1, 1, 1, 1, 1, 1, 1, 1, 1, 1, 1, 1, 1, 1, 1, 1, 1, 1, 1, 1, 0, 1, 1, 1, 1, 1, 1], [0, 1, 1, 1, 1, 1, 1, 1, 1, 1, 1, 1, 1, 1, 1, 1, 1, 1, 1, 1, 1, 1, 1, 1, 1, 1, 1, 1, 1, 1, 1, 1, 1, 1, 1, 1, 1, 1, 1, 1, 1, 1, 1, 1, 1, 1, 0, 1, 1, 1, 1, 1], [0, 1, 1, 1, 1, 1, 1, 1, 1, 1, 1, 1, 1, 1, 1, 1, 1, 1, 1, 1, 1, 1, 1, 1, 1, 1, 1, 1, 1, 1, 1, 1, 1, 1, 1, 1, 1, 1, 1, 1, 1, 1, 1, 1, 1, 1, 1, 0, 1, 1, 1, 1], [0, 1, 1, 1, 1, 1, 1, 1, 1, 1, 1, 1, 1, 1, 1, 1, 1, 1, 1, 1, 1, 1, 1, 1, 1, 1, 1, 1, 1, 1, 1, 1, 1, 1, 1, 1, 1, 1, 1, 1, 1, 1, 1, 1, 1, 1, 1, 1, 0, 1, 1, 1], [0, 1, 1, 1, 1, 1, 1, 1, 1, 1, 1, 1, 1, 1, 1, 1, 1, 1, 1, 1, 1, 1, 1, 1, 1, 1, 1, 1, 1, 1, 1, 1, 1, 1, 1, 1, 1, 1, 1, 1, 1, 1, 1, 1, 1, 1, 1, 1, 1, 0, 1, 1], [0, 1, 1, 1, 1, 1, 1, 1, 1, 1, 1, 1, 1, 1, 1, 1, 1, 1, 1, 1, 1, 1, 1, 1, 1, 1, 1, 1, 1, 1, 1, 1, 1, 1, 1, 1, 1, 1, 1, 1, 1, 1, 1, 1, 1, 1, 1, 1, 1, 1, 0, 1], [0, 0, 0, 0, 0, 0, 0, 0, 0, 0, 0, 0, 0, 0, 0, 0, 0, 0, 0, 0, 0, 0, 0, 0, 0, 0, 0, 0, 0, 0, 0, 0, 0, 0, 0, 0, 0, 0, 0, 0, 0, 0, 0, 0, 0, 0, 0, 0, 0, 0, 0, 0]]}, "cluster_count": 3, "cluster_speeds": [[0.8325, 0.765, 0.8325, 0.9, 0.7492500000000001, 0.6885, 0.7492500000000001, 0.81, 0.41625, 0.3825, 0.41625, 0.45, 0.27472500000000005, 0.25245, 0.27472500000000005, 0.29700000000000004, 0.333, 0.30600000000000005, 0.333, 0.36000000000000004, 0.49950000000000006, 0.459, 0.49950000000000006, 0.54, 0.6475, 0.595, 0.6475, 0.7, 0.37, 0.34, 0.37, 0.4, 0.30525, 0.2805, 0.30525, 0.33, 0.4625, 0.425, 0.4625, 0.5, 0.6475, 0.595, 0.6475, 0.7, 0.74, 0.68, 0.74, 0.8, 0.58275, 0.5355, 0.58275, 0.63, 0.41625, 0.3825, 0.41625, 0.45, 0.49950000000000006, 0.459, 0.49950000000000006, 0.54, 0.58275, 0.5355, 0.58275, 0.63, 0.7492500000000001, 0.6885, 0.7492500000000001, 0.81, 0.8325, 0.765, 0.8325, 0.9, 0.9], [0.87875, 0.8075, 0.87875, 0.95, 0.790875, 0.72675, 0.790875, 0.855, 0.439375, 0.40375, 0.439375, 0.475, 0.2899875, 0.266475, 0.2899875, 0.3135, 0.3515, 0.323, 0.3515, 0.38, 0.52725, 0.4845, 0.52725, 0.57, 0.6475, 0.595, 0.6475, 0.7, 0.37, 0.34, 0.37, 0.4, 0.30525, 0.2805, 0.30525, 0.33, 0.4625, 0.425, 0.4625, 0.5, 0.6475, 0.595, 0.6475, 0.7, 0.74, 0.68, 0.74, 0.8, 0.6151249999999999, 0.5652499999999999, 0.6151249999999999, 0.6649999999999999, 0.439375, 0.40375, 0.439375, 0.475, 0.52725, 0.4845, 0.52725, 0.57, 0.6151249999999999, 0.5652499999999999, 0.6151249999999999, 0.6649999999999999, 0.790875, 0.72675, 0.790875, 0.855, 0.87875, 0.8075, 0.87875, 0.95, 0.95], [0.925, 0.85, 0.925, 1.0, 0.8325, 0.765, 0.8325, 0.9, 0.4625, 0.425, 0.4625, 0.5, 0.30525, 0.2805, 0.30525, 0.33, 0.37, 0.34, 0.37, 0.4, 0.555, 0.51, 0.555, 0.6, 0.6475, 0.595, 0.6475, 0.7, 0.37, 0.34, 0.37, 0.4, 0.30525, 0.2805, 0.30525, 0.33, 0.4625, 0.425, 0.4625, 0.5, 0.6475, 0.595, 0.6475, 0.7, 0.74, 0.68, 0.74, 0.8, 0.6475, 0.595, 0.6475, 0.7, 0.4625, 0.425, 0.4625, 0.5, 0.555, 0.51, 0.555, 0.6, 0.6475, 0.595, 0.6475, 0.7, 0.8325, 0.765, 0.8325, 0.9, 0.925, 0.85, 0.925, 1.0, 1.0]], "clusters": [[-1, 2, 2, 2, 2, 2, 2, 2, 2, 2, 2, 2, 2, 2, 2, 2, 2, 2, 2, 2, 2, 2, 2, 2, 2, 2, 2, 2, 2, 2, 2, 2, 2, 2, 2, 2, 2, 2, 2, 2, 2, 2, 2, 2, 2, 2, 2, 2, 2, 2, 2, 2], [1, -1, 1, 1, 1, 1, 1, 1, 1, 1, 1, 1, 1, 1, 1, 1, 1, 1, 1, 1, 1, 1, 1, 1, 1, 1, 1, 1, 1, 1, 1, 1, 1, 1, 1, 1, 1, 1, 1, 1, 1, 1, 1, 1, 1, 1, 1, 1, 1, 1, 1, 1], [0, 0, -1, 0, 0, 0, 0, 0, 0, 0, 0, 0, 0, 0, 0, 0, 0, 0, 0, 0, 0, 0, 0, 0, 0, 0, 0, 0, 0, 0, 0, 0, 0, 0, 0, 0, 0, 0, 0, 0, 0, 0, 0, 0, 0, 0, 0, 0, 0, 0, 0, 0], [0, 0, 0, -1, 0, 0, 0, 0, 0, 0, 0, 0, 0, 0, 0, 0, 0, 0, 0, 0, 0, 0, 0, 0, 0, 0, 0, 0, 0, 0, 0, 0, 0, 0, 0, 0, 0, 0, 0, 0, 0, 0, 0, 0, 0, 0, 0, 0, 0, 0, 0, 0], [0, 0, 0, 0, -1, 0, 0, 0, 0, 0, 0, 0, 0, 0, 0, 0, 0, 0, 0, 0, 0, 0, 0, 0, 0, 0, 0, 0, 0, 0, 0, 0, 0, 0, 0, 0, 0, 0, 0, 0, 0, 0, 0, 0, 0, 0, 0, 0, 0, 0, 0, 0], [0, 0, 0, 0, 0, -1, 0, 0, 0, 0, 0, 0, 0, 0, 0, 0, 0, 0, 0, 0, 0, 0, 0, 0, 0, 0, 0, 0, 0, 0, 0, 0, 0, 0, 0, 0, 0, 0, 0, 0, 0, 0, 0, 0, 0, 0, 0, 0, 0, 0, 0, 0], [1, 1, 1, 1, 1, 1, -1, 1, 1, 1, 1, 1, 1, 1, 1, 1, 1, 1, 1, 1, 1, 1, 1, 1, 1, 1, 1, 1, 1, 1, 1, 1, 1, 1, 1, 1, 1, 1, 1, 1, 1, 1, 1, 1, 1, 1, 1, 1, 1, 1, 1, 1], [0, 0, 0, 0, 0, 0, 0, -1, 0, 0, 0, 0, 0, 0, 0, 0, 0, 0, 0, 0, 0, 0, 0, 0, 0, 0, 0, 0, 0, 0, 0, 0, 0, 0, 0, 0, 0, 0, 0, 0, 0, 0, 0, 0, 0, 0, 0, 0, 0, 0, 0, 0], [0, 0, 0, 0, 0, 0, 0, 0, -1, 0, 0, 0, 0, 0, 0, 0, 0, 0, 0, 0, 0, 0, 0, 0, 0, 0, 0, 0, 0, 0, 0, 0, 0, 0, 0, 0, 0, 0, 0, 0, 0, 0, 0, 0, 0, 0, 0, 0, 0, 0, 0, 0], [0, 0, 0, 0, 0, 0, 0, 0, 0, -1, 0, 0, 0, 0, 0, 0, 0, 0, 0, 0, 0, 0, 0, 0, 0, 0, 0, 0, 0, 0, 0, 0, 0, 0, 0, 0, 0, 0, 0, 0, 0, 0, 0, 0, 0, 0, 0, 0, 0, 0, 0, 0], [0, 0, 0, 0, 0, 0, 0, 0, 0, 0, -1, 0, 0, 0, 0, 0, 0, 0, 0, 0, 0, 0, 0, 0, 0, 0, 0, 0, 0, 0, 0, 0, 0, 0, 0, 0, 0, 0, 0, 0, 0, 0, 0, 0, 0, 0, 0, 0, 0, 0, 0, 0], [1, 1, 1, 1, 1, 1, 1, 1, 1, 1, 1, -1, 1, 1, 1, 1, 1, 1, 1, 1, 1, 1, 1, 1, 1, 1, 1, 1, 1, 1, 1, 1, 1, 1, 1, 1, 1, 1, 1, 1, 1, 1, 1, 1, 1, 1, 1, 1, 1, 1, 1, 1], [0, 0, 0, 0, 0, 0, 0, 0, 0, 0, 0, 0, -1, 0, 0, 0, 0, 0, 0, 0, 0, 0, 0, 0, 0, 0, 0, 0, 0, 0, 0, 0, 0, 0, 0, 0, 0, 0, 0, 0, 0, 0, 0, 0, 0, 0, 0, 0, 0, 0, 0, 0], [0, 0, 0, 0, 0, 0, 0, 0, 0, 0, 0, 0, 0, -1, 0, 0, 0, 0, 0, 0, 0, 0, 0, 0, 0, 0, 0, 0, 0, 0, 0, 0, 0, 0, 0, 0, 0, 0, 0, 0, 0, 0, 0, 0, 0, 0, 0, 0, 0, 0, 0, 0], [1, 1, 1, 1, 1, 1, 1, 1, 1, 1, 1, 1, 1, 1, -1, 1, 1, 1, 1, 1, 1, 1, 1, 1, 1, 1, 1, 1, 1, 1, 1, 1, 1, 1, 1, 1, 1, 1, 1, 1, 1, 1, 1, 1, 1, 1, 1, 1, 1, 1, 1, 1], [0, 0, 0, 0, 0, 0, 0, 0, 0, 0, 0, 0, 0, 0, 0, -1, 0, 0, 0, 0, 0, 0, 0, 0, 0, 0, 0, 0, 0, 0, 0, 0, 0, 0, 0, 0, 0, 0, 0, 0, 0, 0, 0, 0, 0, 0, 0, 0, 0, 0, 0, 0], [0, 0, 0, 0, 0, 0, 0, 0, 0, 0, 0, 0, 0, 0, 0, 0, -1, 0, 0, 0, 0, 0, 0, 0, 0, 0, 0, 0, 0, 0, 0, 0, 0, 0, 0, 0, 0, 0, 0, 0, 0, 0, 0, 0, 0, 0, 0, 0, 0, 0, 0, 0], [0, 0, 0, 0, 0, 0, 0, 0, 0, 0, 0, 0, 0, 0, 0, 0, 0, -1, 0, 0, 0, 0, 0, 0, 0, 0, 0, 0, 0, 0, 0, 0, 0, 0, 0, 0, 0, 0, 0, 0, 0, 0, 0, 0, 0, 0, 0, 0, 0, 0, 0, 0], [0, 0, 0, 0, 0, 0, 0, 0, 0, 0, 0, 0, 0, 0, 0, 0, 0, 0, -1, 0, 0, 0, 0, 0, 0, 0, 0, 0, 0, 0, 0, 0, 0, 0, 0, 0, 0, 0, 0, 0, 0, 0, 0, 0, 0, 0, 0, 0, 0, 0, 0, 0], [0, 0, 0, 0, 0, 0, 0, 0, 0, 0, 0, 0, 0, 0, 0, 0, 0, 0, 0, -1, 0, 0, 0, 0, 0, 0, 0, 0, 0, 0, 0, 0, 0, 0, 0, 0, 0, 0, 0, 0, 0, 0, 0, 0, 0, 0, 0, 0, 0, 0, 0, 0], [0, 0, 0, 0, 0, 0, 0, 0, 0, 0, 0, 0, 0, 0, 0, 0, 0, 0, 0, 0, -1, 0, 0, 0, 0, 0, 0, 0, 0, 0, 0, 0, 0, 0, 0, 0, 0, 0, 0, 0, 0, 0, 0, 0, 0, 0, 0, 0, 0, 0, 0, 0], [1, 1, 1, 1, 1, 1, 1, 1, 1, 1, 1, 1, 1, 1, 1, 1, 1, 1, 1, 1, 1, -1, 1, 1, 1, 1, 1, 1, 1, 1, 1, 1, 1, 1, 1, 1, 1, 1, 1, 1, 1, 1, 1, 1, 1, 1, 1, 1, 1, 1, 1, 1], [0, 0, 0, 0, 0, 0, 0, 0, 0, 0, 0, 0, 0, 0, 0, 0, 0, 0, 0, 0, 0, 0, -1, 0, 0, 0, 0, 0, 0, 0, 0, 0, 0, 0, 0, 0, 0, 0, 0, 0, 0, 0, 0, 0, 0, 0, 0, 0, 0, 0, 0, 0], [0, 0, 0, 0, 0, 0, 0, 0, 0, 0, 0, 0, 0, 0, 0, 0, 0, 0, 0, 0, 0, 0, 0, -1, 0, 0, 0, 0, 0, 0, 0, 0, 0, 0, 0, 0, 0, 0, 0, 0, 0, 0, 0, 0, 0, 0, 0, 0, 0, 0, 0, 0], [1, 1, 1, 1, 1, 1, 1, 1, 1, 1, 1, 1, 1, 1, 1, 1, 1, 1, 1, 1, 1, 1, 1, 1, -1, 1, 1, 1, 1, 1, 1, 1, 1, 1, 1, 1, 1, 1, 1, 1, 1, 1, 1, 1, 1, 1, 1, 1, 1, 1, 1, 1], [0, 0, 0, 0, 0, 0, 0, 0, 0, 0, 0, 0, 0, 0, 0, 0, 0, 0, 0, 0, 0, 0, 0, 0, 0, -1, 0, 0, 0, 0, 0, 0, 0, 0, 0, 0, 0, 0, 0, 0, 0, 0, 0, 0, 0, 0, 0, 0, 0, 0, 0, 0], [0, 0, 0, 0, 0, 0, 0, 0, 0, 0, 0, 0, 0, 0, 0, 0, 0, 0, 0, 0, 0, 0, 0, 0, 0, 0, -1, 0, 0, 0, 0, 0, 0, 0, 0, 0, 0, 0, 0, 0, 0, 0, 0, 0, 0, 0, 0, 0, 0, 0, 0, 0], [0, 0, 0, 0, 0, 0, 0, 0, 0, 0, 0, 0, 0, 0, 0, 0, 0, 0, 0, 0, 0, 0, 0, 0, 0, 0, 0, -1, 0, 0, 0, 0, 0, 0, 0, 0, 0, 0, 0, 0, 0, 0, 0, 0, 0, 0, 0, 0, 0, 0, 0, 0], [1, 1, 1, 1, 1, 1, 1, 1, 1, 1, 1, 1, 1, 1, 1, 1, 1, 1, 1, 1, 1, 1, 1, 1, 1, 1, 1, 1, -1, 1, 1, 1, 1, 1, 1, 1, 1, 1, 1, 1, 1, 1, 1, 1, 1, 1, 1, 1, 1, 1, 1, 1], [0, 0, 0, 0, 0, 0, 0, 0, 0, 0, 0, 0, 0, 0, 0, 0, 0, 0, 0, 0, 0, 0, 0, 0, 0, 0, 0, 0, 0, -1, 0, 0, 0, 0, 0, 0, 0, 0, 0, 0, 0, 0, 0, 0, 0, 0, 0, 0, 0, 0, 0, 0], [0, 0, 0, 0, 0, 0, 0, 0, 0, 0, 0, 0, 0, 0, 0, 0, 0, 0, 0, 0, 0, 0, 0, 0, 0, 0, 0, 0, 0, 0, -1, 0, 0, 0, 0, 0, 0, 0, 0, 0, 0, 0, 0, 0, 0, 0, 0, 0, 0, 0, 0, 0], [1, 1, 1, 1, 1, 1, 1, 1, 1, 1, 1, 1, 1, 1, 1, 1, 1, 1, 1, 1, 1, 1, 1, 1, 1, 1, 1, 1, 1, 1, 1, -1, 1, 1, 1, 1, 1, 1, 1, 1, 1, 1, 1, 1, 1, 1, 1, 1, 1, 1, 1, 1], [0, 0, 0, 0, 0, 0, 0, 0, 0, 0, 0, 0, 0, 0, 0, 0, 0, 0, 0, 0, 0, 0, 0, 0, 0, 0, 0, 0, 0, 0, 0, 0, -1, 0, 0, 0, 0, 0, 0, 0, 0, 0, 0, 0, 0, 0, 0, 0, 0, 0, 0, 0], [0, 0, 0, 0, 0, 0, 0, 0, 0, 0, 0, 0, 0, 0, 0, 0, 0, 0, 0, 0, 0, 0, 0, 0, 0, 0, 0, 0, 0, 0, 0, 0, 0, -1, 0, 0, 0, 0, 0, 0, 0, 0, 0, 0, 0, 0, 0, 0, 0, 0, 0, 0], [0, 0, 0, 0, 0, 0, 0, 0, 0, 0, 0, 0, 0, 0, 0, 0, 0, 0, 0, 0, 0, 0, 0, 0, 0, 0, 0, 0, 0, 0, 0, 0, 0, 0, -1, 0, 0, 0, 0, 0, 0, 0, 0, 0, 0, 0, 0, 0, 0, 0, 0, 0], [0, 0, 0, 0, 0, 0, 0, 0, 0, 0, 0, 0, 0, 0, 0, 0, 0, 0, 0, 0, 0, 0, 0, 0, 0, 0, 0, 0, 0, 0, 0, 0, 0, 0, 0, -1, 0, 0, 0, 0, 0, 0, 0, 0, 0, 0, 0, 0, 0, 0, 0, 0], [0, 0, 0, 0, 0, 0, 0, 0, 0, 0, 0, 0, 0, 0, 0, 0, 0, 0, 0, 0, 0, 0, 0, 0, 0, 0, 0, 0, 0, 0, 0, 0, 0, 0, 0, 0, -1, 0, 0, 0, 0, 0, 0, 0, 0, 0, 0, 0, 0, 0, 0, 0], [0, 0, 0, 0, 0, 0, 0, 0, 0, 0, 0, 0, 0, 0, 0, 0, 0, 0, 0, 0, 0, 0, 0, 0, 0, 0, 0, 0, 0, 0, 0, 0, 0, 0, 0, 0, 0, -1, 0, 0, 0, 0, 0, 0, 0, 0, 0, 0, 0, 0, 0, 0], [1, 1, 1, 1, 1, 1, 1, 1, 1, 1, 1, 1, 1, 1, 1, 1, 1, 1, 1, 1, 1, 1, 1, 1, 1, 1, 1, 1, 1, 1, 1, 1, 1, 1, 1, 1, 1, 1, -1, 1, 1, 1, 1, 1, 1, 1, 1, 1, 1, 1, 1, 1], [0, 0, 0, 0, 0, 0, 0, 0, 0, 0, 0, 0, 0, 0, 0, 0, 0, 0, 0, 0, 0, 0, 0, 0, 0, 0, 0, 0, 0, 0, 0, 0, 0, 0, 0, 0, 0, 0, 0, -1, 0, 0, 0, 0, 0, 0, 0, 0, 0, 0, 0, 0], [0, 0, 0, 0, 0, 0, 0, 0, 0, 0, 0, 0, 0, 0, 0, 0, 0, 0, 0, 0, 0, 0, 0, 0, 0, 0, 0, 0, 0, 0, 0, 0, 0, 0, 0, 0, 0, 0, 0, 0, -1, 0, 0, 0, 0, 0, 0, 0, 0, 0, 0, 0], [2, 2, 2, 2, 2, 2, 2, 2, 2, 2, 2, 2, 2, 2, 2, 2, 2, 2, 2, 2, 2, 2, 2, 2, 2, 2, 2, 2, 2, 2, 2, 2, 2, 2, 2, 2, 2, 2, 2, 2, 2, -1, 2, 2, 2, 2, 2, 2, 2, 2, 2, 2], [0, 0, 0, 0, 0, 0, 0, 0, 0, 0, 0, 0, 0, 0, 0, 0, 0, 0, 0, 0, 0, 0, 0, 0, 0, 0, 0, 0, 0, 0, 0, 0, 0, 0, 0, 0, 0, 0, 0, 0, 0, 0, -1, 0, 0, 0, 0, 0, 0, 0, 0, 0], [0, 0, 0, 0, 0, 0, 0, 0, 0, 0, 0, 0, 0, 0, 0, 0, 0, 0, 0, 0, 0, 0, 0, 0, 0, 0, 0, 0, 0, 0, 0, 0, 0, 0, 0, 0, 0, 0, 0, 0, 0, 0, 0, -1, 0, 0, 0, 0, 0, 0, 0, 0], [0, 0, 0, 0, 0, 0, 0, 0, 0, 0, 0, 0, 0, 0, 0, 0, 0, 0, 0, 0, 0, 0, 0, 0, 0, 0, 0, 0, 0, 0, 0, 0, 0, 0, 0, 0, 0, 0, 0, 0, 0, 0, 0, 0, -1, 0, 0, 0, 0, 0, 0, 0], [0, 0, 0, 0, 0, 0, 0, 0, 0, 0, 0, 0, 0, 0, 0, 0, 0, 0, 0, 0, 0, 0, 0, 0, 0, 0, 0, 0, 0, 0, 0, 0, 0, 0, 0, 0, 0, 0, 0, 0, 0, 0, 0, 0, 0, -1, 0, 0, 0, 0, 0, 0], [1, 1, 1, 1, 1, 1, 1, 1, 1, 1, 1, 1, 1, 1, 1, 1, 1, 1, 1, 1, 1, 1, 1, 1, 1, 1, 1, 1, 1, 1, 1, 1, 1, 1, 1, 1, 1, 1, 1, 1, 1, 1, 1, 1, 1, 1, -1, 1, 1, 1, 1, 1], [0, 0, 0, 0, 0, 0, 0, 0, 0, 0, 0, 0, 0, 0, 0, 0, 0, 0, 0, 0, 0, 0, 0, 0, 0, 0, 0, 0, 0, 0, 0, 0, 0, 0, 0, 0, 0, 0, 0, 0, 0, 0, 0, 0, 0, 0, 0, -1, 0, 0, 0, 0], [1, 1, 1, 1, 1, 1, 1, 1, 1, 1, 1, 1, 1, 1, 1, 1, 1, 1, 1, 1, 1, 1, 1, 1, 1, 1, 1, 1, 1, 1, 1, 1, 1, 1, 1, 1, 1, 1, 1, 1, 1, 1, 1, 1, 1, 1, 1, 1, -1, 1, 1, 1], [0, 0, 0, 0, 0, 0, 0, 0, 0, 0, 0, 0, 0, 0, 0, 0, 0, 0, 0, 0, 0, 0, 0, 0, 0, 0, 0, 0, 0, 0, 0, 0, 0, 0, 0, 0, 0, 0, 0, 0, 0, 0, 0, 0, 0, 0, 0, 0, 0, -1, 0, 0], [0, 0, 0, 0, 0, 0, 0, 0, 0, 0, 0, 0, 0, 0, 0, 0, 0, 0, 0, 0, 0, 0, 0, 0, 0, 0, 0, 0, 0, 0, 0, 0, 0, 0, 0, 0, 0, 0, 0, 0, 0, 0, 0, 0, 0, 0, 0, 0, 0, 0, -1, 0], [2, 2, 2, 2, 2, 2, 2, 2, 2, 2, 2, 2, 2, 2, 2, 2, 2, 2, 2, 2, 2, 2, 2, 2, 2, 2, 2, 2, 2, 2, 2, 2, 2, 2, 2, 2, 2, 2, 2, 2, 2, 2, 2, 2, 2, 2, 2, 2, 2, 2, 2, -1]], "speed_zone_count": 73, "speed_zones": [[0.0, 15.0], [15.0, 30.0], [30.0, 45.0], [45.0, 60.0], [60.0, 75.0], [75.0, 90.0], [90.0, 105.0], [105.0, 120.0], [120.0, 135.0], [135.0, 150.0], [150.0, 165.0], [165.0, 180.0], [180.0, 195.0], [195.0, 210.0], [210.0, 225.0], [225.0, 240.0], [240.0, 255.0], [255.0, 270.0], [270.0, 285.0], [285.0, 300.0], [300.0, 315.0], [315.0, 330.0], [330.0, 345.0], [345.0, 360.0], [360.0, 375.0], [375.0, 390.0], [390.0, 405.0], [405.0, 420.0], [420.0, 435.0], [435.0, 450.0], [450.0, 465.0], [465.0, 480.0], [480.0, 495.0], [495.0, 510.0], [510.0, 525.0], [525.0, 540.0], [540.0, 555.0], [555.0, 570.0], [570.0, 585.0], [585.0, 600.0], [600.0, 615.0], [615.0, 630.0], [630.0, 645.0], [645.0, 660.0], [660.0, 675.0], [675.0, 690.0], [690.0, 705.0], [705.0, 720.0], [720.0, 735.0], [735.0, 750.0], [750.0, 765.0], [765.0, 780.0], [780.0, 795.0], [795.0, 810.0], [810.0, 825.0], [825.0, 840.0], [840.0, 855.0], [855.0, 870.0], [870.0, 885.0], [885.0, 900.0], [900.0, 915.0], [915.0, 930.0], [930.0, 945.0], [945.0, 960.0], [960.0, 975.0], [975.0, 990.0], [990.0, 1005.0], [1005.0, 1020.0], [1020.0, 1035.0], [1035.0, 1050.0], [1050.0, 1065.0], [1065.0, 1080.0], [1080.0, 5000.0]], "distances": [[0.0, 63.19, 72.28, 64.12, 85.41, 71.83, 76.89, 64.64, 83.57, 72.48, 64.58, 58.33, 72.01, 73.34, 77.1, 72.03, 80.75, 71.78, 57.21, 62.94, 76.3, 85.78, 69.45, 65.03, 66.64, 70.27, 70.96, 69.33, 66.81, 72.26, 70.65, 86.82, 71.28, 71.93, 68.07, 79.03, 70.38, 69.26, 78.02, 73.72, 59.45, 55.15, 70.21, 81.2, 75.43, 63.01, 53.28, 72.4, 78.57, 69.81, 65.93, 0.0], [0.0, 0.0, 21.39, 10.86, 28.15, 10.02, 33.24, 14.56, 28.16, 13.63, 12.07, 5.01, 12.12, 15.95, 32.1, 10.23, 23.55, 15.36, 8.58, 9.62, 18.53, 33.92, 6.28, 7.43, 7.12, 22.68, 11.17, 17.08, 11.9, 15.48, 20.16, 36.54, 10.59, 14.67, 14.54, 20.54, 19.77, 18.09, 32.15, 18.88, 11.81, 10.97, 19.51, 28.74, 18.6, 14.06, 10.81, 12.74, 33.63, 14.45, 14.11, 63.19], [0.0, 21.39, 0.0, 20.77, 13.75, 15.27, 12.12, 8.68, 11.39, 10.13, 10.27, 22.21, 11.84, 7.83, 10.83, 15.2, 9.92, 7.09, 19.19, 20.22, 8.36, 14.25, 20.11, 14.01, 27.05, 10.29, 12.07, 4.4, 22.27, 7.34, 9.24, 16.23, 13.34, 8.12, 6.92, 10.26, 9.19, 9.33, 10.78, 4.43, 14.54, 31.09, 9.16, 9.15, 6.99, 10.23, 23.12, 11.36, 12.29, 7.11, 8.09, 72.28], [0.0, 10.86, 20.77, 0.0, 27.23, 9.03, 32.7, 14.22, 27.29, 12.77, 11.7, 5.85, 11.21, 15.12, 31.53, 9.25, 22.66, 14.6, 9.04, 10.45, 17.65, 33.12, 5.34, 6.93, 7.13, 22.18, 10.28, 16.51, 11.91, 14.7, 19.59, 35.77, 9.66, 13.87, 13.97, 19.62, 19.21, 17.54, 31.55, 18.13, 11.87, 11.93, 18.95, 27.96, 17.76, 13.82, 11.55, 11.84, 33.04, 13.77, 13.68, 64.12], [0.0, 28.15, 13.75, 27.23, 0.0, 18.5, 18.45, 20.79, 9.7, 14.68, 21.14, 31.04, 16.05, 12.83, 16.91, 18.3, 4.84, 14.11, 29.7, 27.43, 9.87, 9.38, 23.83, 22.36, 31.2, 16.64, 17.04, 16.09, 27.02, 13.72, 15.18, 12.37, 17.57, 14.3, 17.46, 7.61, 15.37, 16.25, 15.95, 11.7, 26.24, 39.08, 15.49, 7.76, 10.32, 22.42, 33.91, 15.43, 17.12, 15.94, 19.55, 85.41], [0.0, 10.02, 15.27, 9.03, 18.5, 0.0, 27.28, 12.59, 18.99, 5.25, 10.55, 13.95, 12.21, 7.82, 25.88, 10.41, 14.18, 8.18, 14.72, 9.61, 9.52, 25.33, 5.46, 7.25, 12.92, 17.75, 12.83, 11.98, 8.53, 7.98, 14.7, 28.18, 12.44, 7.16, 10.08, 10.98, 14.4, 13.14, 25.63, 11.41, 14.24, 20.95, 14.19, 20.46, 10.07, 13.29, 18.54, 12.48, 27.19, 8.62, 11.27, 71.83], [0.0, 33.24, 12.12, 32.7, 18.45, 27.28, 0.0, 19.24, 15.15, 22.05, 21.46, 33.39, 23.83, 19.57, 19.85, 27.2, 17.57, 19.12, 29.63, 32.01, 19.05, 11.65, 32.23, 25.81, 39.14, 10.63, 24.15, 16.2, 34.36, 19.3, 13.12, 11.06, 25.39, 20.13, 18.73, 19.76, 13.5, 15.16, 18.9, 15.94, 24.49, 42.29, 13.76, 10.7, 17.91, 20.38, 33.04, 23.3, 20.14, 19.21, 19.27, 76.89], [0.0, 14.56, 8.68, 14.22, 20.79, 12.59, 19.24, 0.0, 19.17, 9.55, 10.73, 14.15, 10.22, 9.26, 18.31, 12.65, 16.12, 7.59, 10.61, 13.24, 11.97, 22.9, 15.58, 7.45, 21.21, 8.66, 9.64, 4.79, 16.62, 8.12, 7.04, 24.91, 10.79, 8.11, 11.39, 14.7, 6.66, 5.07, 18.59, 9.08, 5.86, 23.04, 6.41, 17.71, 10.93, 10.19, 14.45, 10.2, 19.94, 5.64, 9.5, 64.64], [0.0, 28.16, 11.39, 27.29, 9.7, 18.99, 15.15, 19.17, 0.0, 14.53, 19.89, 30.57, 16.12, 12.3, 13.61, 18.81, 4.86, 13.28, 28.74, 27.31, 9.65, 6.89, 24.44, 21.81, 31.9, 13.99, 17.01, 14.39, 27.49, 12.99, 12.96, 9.94, 17.76, 13.7, 16.13, 8.12, 13.21, 14.34, 12.65, 10.3, 24.86, 38.94, 13.37, 4.46, 9.64, 20.82, 32.92, 15.48, 13.84, 14.89, 18.08, 83.57], [0.0, 13.63, 10.13, 12.77, 14.68, 5.25, 22.05, 9.55, 14.53, 0.0, 8.37, 16.38, 9.68, 11.82, 20.64, 5.16, 9.96, 9.42, 15.54, 12.81, 4.9, 20.48, 10.51, 7.83, 17.87, 12.83, 9.55, 7.36, 13.23, 10.68, 9.74, 23.24, 10.86, 9.39, 6.18, 7.14, 9.48, 8.48, 20.38, 6.16, 13.24, 24.47, 9.3, 15.45, 5.06, 10.76, 19.72, 9.41, 21.93, 4.23, 8.04, 72.48], [0.0, 12.07, 10.27, 11.7, 21.14, 10.55, 21.46, 10.73, 19.89, 8.37, 0.0, 12.02, 8.64, 8.78, 20.44, 10.64, 16.34, 7.21, 9.02, 10.76, 11.72, 24.22, 13.14, 4.92, 18.68, 10.83, 7.88, 5.95, 14.1, 7.68, 8.75, 26.42, 8.89, 7.4, 11.95, 14.45, 8.35, 6.63, 20.64, 9.59, 5.14, 20.93, 8.09, 18.96, 10.91, 9.47, 13.1, 8.75, 22.05, 5.25, 11.06, 64.58], [0.0, 5.01, 22.21, 5.85, 31.04, 13.95, 33.39, 14.15, 30.57, 16.38, 12.02, 0.0, 15.21, 18.31, 32.43, 14.17, 26.26, 17.32, 4.86, 4.6, 21.18, 35.73, 11.16, 8.77, 11.03, 22.79, 14.15, 17.82, 8.93, 17.58, 20.75, 38.13, 13.97, 16.88, 15.35, 23.52, 20.34, 18.62, 32.65, 20.61, 9.63, 8.92, 20.08, 30.46, 20.95, 13.13, 5.88, 15.77, 34.05, 15.93, 14.23, 58.33], [0.0, 12.12, 11.84, 11.21, 16.05, 12.21, 23.83, 10.22, 16.12, 9.68, 8.64, 15.21, 0.0, 4.4, 22.43, 12.11, 11.44, 4.75, 14.86, 11.39, 6.48, 22.2, 8.7, 7.02, 16.08, 14.42, 9.41, 8.76, 11.48, 4.53, 11.34, 24.99, 10.47, 10.97, 7.19, 8.44, 11.06, 9.91, 22.18, 7.96, 13.15, 23.03, 10.86, 17.22, 6.81, 11.23, 18.96, 9.05, 23.73, 5.45, 8.76, 72.01], [0.0, 15.95, 7.83, 15.12, 12.83, 7.82, 19.57, 9.26, 12.3, 11.82, 8.78, 18.31, 4.4, 0.0, 18.14, 7.71, 8.0, 9.15, 16.91, 15.04, 10.88, 18.01, 13.09, 9.57, 20.43, 10.77, 5.02, 5.89, 15.77, 8.93, 7.7, 20.73, 6.08, 10.18, 5.64, 5.7, 7.51, 6.86, 17.84, 10.36, 13.89, 26.65, 7.38, 12.92, 11.2, 10.72, 21.13, 12.66, 19.4, 9.85, 7.78, 73.34], [0.0, 32.1, 10.83, 31.53, 16.91, 25.88, 19.85, 18.31, 13.61, 20.64, 20.44, 32.43, 22.43, 18.14, 0.0, 25.8, 15.98, 17.75, 28.81, 30.88, 17.52, 10.48, 30.89, 24.68, 37.88, 9.65, 22.78, 15.02, 33.1, 17.91, 11.94, 10.23, 24.02, 18.74, 17.56, 18.18, 12.33, 14.02, 17.35, 14.51, 23.71, 41.34, 12.59, 9.15, 16.41, 19.53, 32.33, 21.89, 18.6, 17.93, 18.24, 77.1], [0.0, 10.23, 15.2, 9.25, 18.3, 10.41, 27.2, 12.65, 18.81, 5.16, 10.64, 14.17, 12.11, 7.71, 25.8, 0.0, 14.0, 8.12, 14.91, 9.83, 9.36, 25.16, 5.63, 7.42, 13.09, 17.71, 12.72, 11.96, 8.72, 7.9, 14.65, 28.02, 12.36, 7.09, 10.1, 10.79, 14.36, 13.12, 25.53, 11.31, 14.38, 21.16, 14.15, 20.31, 9.93, 13.38, 18.74, 12.41, 27.09, 8.6, 11.32, 72.03], [0.0, 23.55, 9.92, 22.66, 4.84, 14.18, 17.57, 16.12, 4.86, 9.96, 16.34, 26.26, 11.44, 8.0, 15.98, 14.0, 0.0, 9.27, 24.86, 22.77, 5.08, 11.57, 19.62, 17.55, 27.06, 13.12, 12.39, 11.54, 22.7, 8.88, 11.11, 14.58, 13.04, 9.47, 12.71, 12.45, 11.23, 11.85, 15.22, 7.08, 21.46, 34.42, 11.3, 7.62, 5.48, 17.74, 29.07, 10.81, 16.65, 11.12, 14.83, 80.75], [0.0, 15.36, 7.09, 14.6, 14.11, 8.18, 19.12, 7.59, 13.28, 9.42, 7.21, 17.32, 4.75, 9.15, 17.75, 8.12, 9.27, 0.0, 15.6, 14.36, 4.52, 18.59, 13.16, 8.56, 20.33, 9.74, 5.03, 4.42, 15.58, 9.28, 6.65, 21.18, 6.27, 9.01, 11.2, 7.25, 6.39, 5.48, 17.56, 8.89, 12.34, 25.85, 6.22, 13.38, 10.47, 9.06, 19.81, 4.29, 19.11, 9.48, 6.11, 71.78], [0.0, 8.58, 19.19, 9.04, 29.7, 14.72, 29.63, 10.61, 28.74, 15.54, 9.02, 4.86, 14.86, 16.91, 28.81, 14.91, 24.86, 15.6, 0.0, 7.52, 19.93, 33.24, 13.68, 7.84, 15.44, 19.2, 13.8, 14.95, 12.38, 15.98, 17.6, 35.4, 14.07, 15.44, 12.74, 22.52, 17.2, 15.53, 29.15, 18.47, 5.21, 12.99, 16.95, 27.97, 19.39, 9.29, 4.21, 15.29, 30.46, 13.86, 11.12, 57.21], [0.0, 9.62, 20.22, 10.45, 27.43, 9.61, 32.01, 13.24, 27.31, 12.81, 10.76, 4.6, 11.39, 15.04, 30.88, 9.83, 22.77, 14.36, 7.52, 0.0, 17.71, 32.94, 6.6, 6.21, 8.43, 21.43, 10.39, 15.88, 4.86, 14.51, 18.95, 35.53, 9.95, 13.72, 13.33, 19.83, 18.56, 16.86, 30.95, 17.85, 10.5, 11.66, 18.3, 27.74, 17.7, 12.72, 10.14, 12.0, 32.43, 13.35, 12.83, 62.94], [0.0, 18.53, 8.36, 17.65, 9.87, 9.52, 19.05, 11.97, 9.65, 4.9, 11.72, 21.18, 6.48, 10.88, 17.52, 9.36, 5.08, 4.52, 19.93, 17.71, 0.0, 15.81, 14.98, 12.49, 22.43, 11.64, 7.37, 7.96, 17.91, 11.01, 8.83, 18.67, 8.14, 4.49, 8.36, 11.63, 8.77, 8.67, 17.05, 8.88, 16.86, 29.36, 8.72, 11.0, 9.96, 13.5, 24.14, 5.84, 18.59, 6.5, 10.54, 76.3], [0.0, 33.92, 14.25, 33.12, 9.38, 25.33, 11.65, 22.9, 6.89, 20.48, 24.22, 35.73, 22.2, 18.01, 10.48, 25.16, 11.57, 18.59, 33.24, 32.94, 15.81, 0.0, 30.79, 27.06, 38.23, 15.6, 22.98, 18.3, 33.68, 18.44, 15.93, 13.09, 23.89, 19.25, 20.54, 14.79, 16.29, 17.84, 9.35, 15.15, 28.77, 44.41, 16.52, 5.28, 15.42, 24.48, 37.27, 21.57, 9.88, 19.81, 22.14, 85.78], [0.0, 6.28, 20.11, 5.34, 23.83, 5.46, 32.23, 15.58, 24.44, 10.51, 13.14, 11.16, 8.7, 13.09, 30.89, 5.63, 19.62, 13.16, 13.68, 6.6, 14.98, 30.79, 0.0, 8.43, 7.46, 22.22, 8.15, 16.33, 11.46, 13.07, 19.29, 33.63, 7.02, 12.21, 14.04, 16.39, 18.95, 17.48, 30.72, 16.59, 15.16, 16.47, 18.71, 25.89, 15.48, 15.75, 16.71, 9.32, 32.27, 13.08, 14.57, 69.45], [0.0, 7.43, 14.01, 6.93, 22.36, 7.25, 25.81, 7.45, 21.81, 7.83, 4.92, 8.77, 7.02, 9.57, 24.68, 7.42, 17.55, 8.56, 7.84, 6.21, 12.49, 27.06, 8.43, 0.0, 13.79, 15.26, 5.95, 9.67, 9.18, 8.82, 12.74, 29.54, 6.29, 8.12, 7.12, 14.94, 12.35, 10.66, 24.74, 11.91, 7.1, 17.35, 12.09, 21.8, 12.19, 7.37, 11.95, 7.47, 26.22, 7.27, 6.77, 65.03], [0.0, 7.12, 27.05, 7.13, 31.2, 12.92, 39.14, 21.21, 31.9, 17.87, 18.68, 11.03, 16.08, 20.43, 37.88, 13.09, 27.06, 20.33, 15.44, 8.43, 22.43, 38.23, 7.46, 13.79, 0.0, 28.82, 15.43, 22.99, 4.78, 20.3, 26.05, 41.06, 14.39, 19.44, 20.52, 23.82, 25.68, 24.08, 37.79, 23.83, 18.93, 11.64, 25.43, 33.3, 22.88, 20.92, 16.79, 16.71, 39.32, 19.94, 20.54, 66.64], [0.0, 22.68, 10.29, 22.18, 16.64, 17.75, 10.63, 8.66, 13.99, 12.83, 10.83, 22.79, 14.42, 10.77, 9.65, 17.71, 13.12, 9.74, 19.2, 21.43, 11.64, 15.6, 22.22, 15.26, 28.82, 0.0, 14.47, 5.89, 24.05, 10.09, 12.44, 17.08, 15.78, 10.77, 8.29, 13.59, 12.4, 4.75, 9.95, 7.64, 14.18, 31.69, 12.36, 10.96, 10.25, 9.92, 22.83, 14.01, 11.28, 9.19, 8.65, 70.27], [0.0, 11.17, 12.07, 10.28, 17.04, 12.83, 24.15, 9.64, 17.01, 9.55, 7.88, 14.15, 9.41, 5.02, 22.78, 12.72, 12.39, 5.03, 13.8, 10.39, 7.37, 22.98, 8.15, 5.95, 15.43, 14.47, 0.0, 8.69, 10.75, 4.92, 11.43, 25.73, 11.03, 11.4, 6.85, 9.44, 11.12, 9.85, 22.58, 8.44, 12.23, 22.05, 10.91, 17.93, 7.56, 10.54, 17.89, 9.32, 24.13, 5.33, 8.23, 70.96], [0.0, 17.08, 4.4, 16.51, 16.09, 11.98, 16.2, 4.79, 14.39, 7.36, 5.95, 17.82, 8.76, 5.89, 15.02, 11.96, 11.54, 4.42, 14.95, 15.88, 7.96, 18.3, 16.33, 9.67, 22.99, 5.89, 8.69, 0.0, 18.21, 4.9, 9.27, 20.47, 10.0, 5.37, 9.4, 10.55, 9.22, 9.36, 15.07, 4.47, 10.57, 26.7, 9.19, 13.06, 6.71, 6.43, 18.97, 8.44, 16.55, 9.17, 10.53, 69.33], [0.0, 11.9, 22.27, 11.91, 27.02, 8.53, 34.36, 16.62, 27.49, 13.23, 14.1, 8.93, 11.48, 15.77, 33.1, 8.72, 22.7, 15.58, 12.38, 4.86, 17.91, 33.68, 11.46, 9.18, 4.78, 24.05, 10.75, 18.21, 0.0, 15.57, 21.27, 36.46, 9.79, 14.72, 15.76, 19.51, 20.9, 19.32, 33.01, 19.1, 14.98, 13.2, 20.65, 28.67, 18.28, 16.47, 14.76, 12.11, 34.54, 15.16, 15.87, 66.81], [0.0, 15.48, 7.34, 14.7, 13.72, 7.98, 19.3, 8.12, 12.99, 10.68, 7.68, 17.58, 4.53, 8.93, 17.91, 7.9, 8.88, 9.28, 15.98, 14.51, 11.01, 18.44, 13.07, 8.82, 20.3, 10.09, 4.92, 4.9, 15.57, 0.0, 7.0, 21.07, 6.11, 9.04, 4.5, 6.77, 6.76, 5.93, 17.68, 9.37, 12.81, 26.05, 6.6, 13.26, 11.33, 9.58, 20.19, 11.52, 19.23, 9.98, 6.64, 72.26], [0.0, 20.16, 9.24, 19.59, 15.18, 14.7, 13.12, 7.04, 12.96, 9.74, 8.75, 20.75, 11.34, 7.7, 11.94, 14.65, 11.11, 6.65, 17.6, 18.95, 8.83, 15.93, 19.29, 12.74, 26.05, 12.44, 11.43, 9.27, 21.27, 7.0, 0.0, 17.88, 12.73, 7.68, 5.63, 11.03, 9.56, 9.7, 12.01, 4.8, 12.88, 29.65, 9.53, 10.83, 7.45, 8.57, 21.48, 10.92, 13.47, 6.21, 6.54, 70.65], [0.0, 36.54, 16.23, 35.77, 12.37, 28.18, 11.06, 24.91, 9.94, 23.24, 26.42, 38.13, 24.99, 20.73, 10.23, 28.02, 14.58, 21.18, 35.4, 35.53, 18.67, 13.09, 33.63, 29.54, 41.06, 17.08, 25.73, 20.47, 36.46, 21.07, 17.88, 0.0, 26.69, 21.9, 22.82, 17.78, 18.26, 19.89, 9.15, 17.68, 30.76, 46.89, 18.5, 7.81, 18.19, 26.43, 39.35, 24.36, 9.19, 22.27, 24.28, 86.82], [0.0, 10.59, 13.34, 9.66, 17.57, 12.44, 25.39, 10.79, 17.76, 10.86, 8.89, 13.97, 10.47, 6.08, 24.02, 12.36, 13.04, 6.27, 14.07, 9.95, 8.14, 23.89, 7.02, 6.29, 14.39, 15.78, 11.03, 10.0, 9.79, 6.11, 12.73, 26.69, 0.0, 5.27, 8.13, 9.96, 12.43, 11.16, 23.79, 9.6, 12.96, 21.55, 12.22, 18.91, 8.5, 11.6, 18.08, 10.57, 25.34, 6.64, 9.41, 71.28], [0.0, 14.67, 8.12, 13.87, 14.3, 7.16, 20.13, 8.11, 13.7, 9.39, 7.4, 16.88, 10.97, 10.18, 18.74, 7.09, 9.47, 9.01, 15.44, 13.72, 4.49, 19.25, 12.21, 8.12, 19.44, 10.77, 11.4, 5.37, 14.72, 9.04, 7.68, 21.9, 5.27, 0.0, 4.54, 7.14, 7.42, 6.46, 18.53, 4.39, 12.49, 25.28, 7.25, 14.09, 11.92, 9.49, 19.65, 10.33, 20.08, 9.09, 6.6, 71.93], [0.0, 14.54, 6.92, 13.97, 17.46, 10.08, 18.73, 11.39, 16.13, 6.18, 11.95, 15.35, 7.19, 5.64, 17.56, 10.1, 12.71, 11.2, 12.74, 13.33, 8.36, 20.54, 14.04, 7.12, 20.52, 8.29, 6.85, 9.4, 15.76, 4.5, 5.63, 22.82, 8.13, 4.54, 0.0, 11.1, 5.24, 10.43, 17.62, 5.84, 8.78, 24.2, 4.98, 15.26, 7.38, 5.14, 16.85, 7.02, 19.1, 10.41, 10.86, 68.07], [0.0, 20.54, 10.26, 19.62, 7.61, 10.98, 19.76, 14.7, 8.12, 7.14, 14.45, 23.52, 8.44, 5.7, 18.18, 10.79, 12.45, 7.25, 22.52, 19.83, 11.63, 14.79, 16.39, 14.94, 23.82, 13.59, 9.44, 10.55, 19.51, 6.77, 11.03, 17.78, 9.96, 7.14, 11.1, 0.0, 11.03, 11.16, 17.56, 6.31, 19.58, 31.47, 11.02, 10.53, 12.2, 16.24, 26.72, 7.83, 19.05, 9.23, 13.27, 79.03], [0.0, 19.77, 9.19, 19.21, 15.37, 14.4, 13.5, 6.66, 13.21, 9.48, 8.35, 20.34, 11.06, 7.51, 12.33, 14.36, 11.23, 6.39, 17.2, 18.56, 8.77, 16.29, 18.95, 12.35, 25.68, 12.4, 11.12, 9.22, 20.9, 6.76, 9.56, 18.26, 12.43, 7.42, 5.24, 11.03, 0.0, 9.65, 12.41, 4.76, 12.51, 29.25, 9.48, 11.17, 7.39, 8.19, 21.1, 10.66, 13.87, 5.87, 6.14, 70.38], [0.0, 18.09, 9.33, 17.54, 16.25, 13.14, 15.16, 5.07, 14.34, 8.48, 6.63, 18.62, 9.91, 6.86, 14.02, 13.12, 11.85, 5.48, 15.53, 16.86, 8.67, 17.84, 17.48, 10.66, 24.08, 4.75, 9.85, 9.36, 19.32, 5.93, 9.7, 19.89, 11.16, 6.46, 10.43, 11.16, 9.65, 0.0, 14.12, 4.9, 10.93, 27.52, 9.62, 12.65, 7.35, 6.66, 19.47, 9.58, 15.58, 4.53, 4.43, 69.26], [0.0, 32.15, 10.78, 31.55, 15.95, 25.63, 18.9, 18.59, 12.65, 20.38, 20.64, 32.65, 22.18, 17.84, 17.35, 25.53, 15.22, 17.56, 29.15, 30.95, 17.05, 9.35, 30.72, 24.74, 37.79, 9.95, 22.58, 15.07, 33.01, 17.68, 12.01, 9.15, 23.79, 18.53, 17.62, 17.56, 12.41, 14.12, 0.0, 14.22, 24.1, 41.57, 12.67, 8.2, 15.98, 19.86, 32.74, 21.62, 17.64, 17.86, 18.42, 78.02], [0.0, 18.88, 4.43, 18.13, 11.7, 11.41, 15.94, 9.08, 10.3, 6.16, 9.59, 20.61, 7.96, 10.36, 14.51, 11.31, 7.08, 8.89, 18.47, 17.85, 8.88, 15.15, 16.59, 11.91, 23.83, 7.64, 8.44, 4.47, 19.1, 9.37, 4.8, 17.68, 9.6, 4.39, 5.84, 6.31, 4.76, 4.9, 14.22, 0.0, 14.61, 29.26, 4.72, 9.9, 10.36, 10.72, 22.63, 7.4, 15.78, 4.7, 7.86, 73.72], [0.0, 11.81, 14.54, 11.87, 26.24, 14.24, 24.49, 5.86, 24.86, 13.24, 5.14, 9.63, 13.15, 13.89, 23.71, 14.38, 21.46, 12.34, 5.21, 10.5, 16.86, 28.77, 15.16, 7.1, 18.93, 14.18, 12.23, 10.57, 14.98, 12.81, 12.88, 30.76, 12.96, 12.49, 8.78, 19.58, 12.51, 10.93, 24.1, 14.61, 0.0, 18.17, 12.27, 23.57, 16.04, 4.33, 8.67, 13.4, 25.38, 10.39, 6.78, 59.45], [0.0, 10.97, 31.09, 11.93, 39.08, 20.95, 42.29, 23.04, 38.94, 24.47, 20.93, 8.92, 23.03, 26.65, 41.34, 21.16, 34.42, 25.85, 12.99, 11.66, 29.36, 44.41, 16.47, 17.35, 11.64, 31.69, 22.05, 26.7, 13.2, 26.05, 29.65, 46.89, 21.55, 25.28, 24.2, 31.47, 29.25, 27.52, 41.57, 29.26, 18.17, 0.0, 28.98, 39.16, 29.31, 21.96, 11.05, 23.65, 42.96, 24.62, 23.15, 55.15], [0.0, 19.51, 9.16, 18.95, 15.49, 14.19, 13.76, 6.41, 13.37, 9.3, 8.09, 20.08, 10.86, 7.38, 12.59, 14.15, 11.3, 6.22, 16.95, 18.3, 8.72, 16.52, 18.71, 12.09, 25.43, 12.36, 10.91, 9.19, 20.65, 6.6, 9.53, 18.5, 12.22, 7.25, 4.98, 11.02, 9.48, 9.62, 12.67, 4.72, 12.27, 28.98, 0.0, 11.39, 7.35, 7.96, 20.85, 10.47, 14.13, 5.65, 5.88, 70.21], [0.0, 28.74, 9.15, 27.96, 7.76, 20.46, 10.7, 17.71, 4.46, 15.45, 18.96, 30.46, 17.22, 12.92, 9.15, 20.31, 7.62, 13.38, 27.97, 27.74, 11.0, 5.28, 25.89, 21.8, 33.3, 10.96, 17.93, 13.06, 28.67, 13.26, 10.83, 7.81, 18.91, 14.09, 15.26, 10.53, 11.17, 12.65, 8.2, 9.9, 23.57, 39.16, 11.39, 0.0, 10.42, 19.31, 32.02, 16.59, 9.44, 14.54, 16.9, 81.2], [0.0, 18.6, 6.99, 17.76, 10.32, 10.07, 17.91, 10.93, 9.64, 5.06, 10.91, 20.95, 6.81, 11.2, 16.41, 9.93, 5.48, 10.47, 19.39, 17.7, 9.96, 15.42, 15.48, 12.19, 22.88, 10.25, 7.56, 6.71, 18.28, 11.33, 7.45, 18.19, 8.5, 11.92, 7.38, 12.2, 7.39, 7.35, 15.98, 10.36, 16.04, 29.31, 7.35, 10.42, 0.0, 12.5, 23.59, 6.17, 17.54, 5.66, 9.54, 75.43], [0.0, 14.06, 10.23, 13.82, 22.42, 13.29, 20.38, 10.19, 20.82, 10.76, 9.47, 13.13, 11.23, 10.72, 19.53, 13.38, 17.74, 9.06, 9.29, 12.72, 13.5, 24.48, 15.75, 7.37, 20.92, 9.92, 10.54, 6.43, 16.47, 9.58, 8.57, 26.43, 11.6, 9.49, 5.14, 16.24, 8.19, 6.66, 19.86, 10.72, 4.33, 21.96, 7.96, 19.31, 12.5, 0.0, 12.98, 11.28, 21.18, 7.08, 11.09, 63.01], [0.0, 10.81, 23.12, 11.55, 33.91, 18.54, 33.04, 14.45, 32.92, 19.72, 13.1, 5.88, 18.96, 21.13, 32.33, 18.74, 29.07, 19.81, 4.21, 10.14, 24.14, 37.27, 16.71, 11.95, 16.79, 22.83, 17.89, 18.97, 14.76, 20.19, 21.48, 39.35, 18.08, 19.65, 16.85, 26.72, 21.1, 19.47, 32.74, 22.63, 8.67, 11.05, 20.85, 32.02, 23.59, 12.98, 0.0, 19.42, 33.99, 18.05, 15.13, 53.28], [0.0, 12.74, 11.36, 11.84, 15.43, 12.48, 23.3, 10.2, 15.48, 9.41, 8.75, 15.77, 9.05, 12.66, 21.89, 12.41, 10.81, 4.29, 15.29, 12.0, 5.84, 21.57, 9.32, 7.47, 16.71, 14.01, 9.32, 8.44, 12.11, 11.52, 10.92, 24.36, 10.57, 10.33, 7.02, 7.83, 10.66, 9.58, 21.62, 7.4, 13.4, 23.65, 10.47, 16.59, 6.17, 11.28, 19.42, 0.0, 23.18, 5.19, 8.71, 72.4], [0.0, 33.63, 12.29, 33.04, 17.12, 27.19, 20.14, 19.94, 13.84, 21.93, 22.05, 34.05, 23.73, 19.4, 18.6, 27.09, 16.65, 19.11, 30.46, 32.43, 18.59, 9.88, 32.27, 26.22, 39.32, 11.28, 24.13, 16.55, 34.54, 19.23, 13.47, 9.19, 25.34, 20.08, 19.1, 19.05, 13.87, 15.58, 17.64, 15.78, 25.38, 42.96, 14.13, 9.44, 17.54, 21.18, 33.99, 23.18, 0.0, 19.38, 19.84, 78.57], [0.0, 14.45, 7.11, 13.77, 15.94, 8.62, 19.21, 5.64, 14.89, 4.23, 5.25, 15.93, 5.45, 9.85, 17.93, 8.6, 11.12, 9.48, 13.86, 13.35, 6.5, 19.81, 13.08, 7.27, 19.94, 9.19, 5.33, 9.17, 15.16, 9.98, 6.21, 22.27, 6.64, 9.09, 10.41, 9.23, 5.87, 4.53, 17.86, 4.7, 10.39, 24.62, 5.65, 14.54, 5.66, 7.08, 18.05, 5.19, 19.38, 0.0, 8.96, 69.81], [0.0, 14.11, 8.09, 13.68, 19.55, 11.27, 19.27, 9.5, 18.08, 8.04, 11.06, 14.23, 8.76, 7.78, 18.24, 11.32, 14.83, 6.11, 11.12, 12.83, 10.54, 22.14, 14.57, 6.77, 20.54, 8.65, 8.23, 10.53, 15.87, 6.64, 6.54, 24.28, 9.41, 6.6, 10.86, 13.27, 6.14, 4.43, 18.42, 7.86, 6.78, 23.15, 5.88, 16.9, 9.54, 11.09, 15.13, 8.71, 19.84, 8.96, 0.0, 65.93], [0.0, 0.0, 0.0, 0.0, 0.0, 0.0, 0.0, 0.0, 0.0, 0.0, 0.0, 0.0, 0.0, 0.0, 0.0, 0.0, 0.0, 0.0, 0.0, 0.0, 0.0, 0.0, 0.0, 0.0, 0.0, 0.0, 0.0, 0.0, 0.0, 0.0, 0.0, 0.0, 0.0, 0.0, 0.0, 0.0, 0.0, 0.0, 0.0, 0.0, 0.0, 0.0, 0.0, 0.0, 0.0, 0.0, 0.0, 0.0, 0.0, 0.0, 0.0, 0.0]], "time_windows": [[0.0, 5000.0], [0.0, 110.0], [0.0, 137.0], [0.0, 160.0], [0.0, 219.0], [0.0, 279.0], [0.0, 349.0], [0.0, 385.0], [0.0, 416.0], [0.0, 439.0], [0.0, 452.0], [0.0, 476.0], [0.0, 518.0], [0.0, 531.0], [0.0, 587.0], [0.0, 642.0], [0.0, 665.0], [0.0, 679.0], [0.0, 702.0], [0.0, 712.0], [0.0, 737.0], [0.0, 758.0], [0.0, 806.0], [0.0, 818.0], [0.0, 847.0], [0.0, 905.0], [0.0, 931.0], [0.0, 945.0], [0.0, 974.0], [0.0, 997.0], [0.0, 1006.0], [0.0, 1029.0], [0.0, 1060.0], [0.0, 1066.0], [0.0, 1070.0], [0.0, 1083.0], [0.0, 1096.0], [0.0, 1106.0], [0.0, 1120.0], [0.0, 1134.0], [0.0, 1149.0], [0.0, 1167.0], [0.0, 1196.0], [0.0, 1207.0], [0.0, 1218.0], [0.0, 1230.0], [0.0, 1243.0], [0.0, 1263.0], [0.0, 1286.0], [0.0, 1305.0], [0.0, 1314.0], [0.0, 5000.0]], "start_depot": 0, "end_depot": 51, "horizon": [0.0, 5000.0]}