{"digraph": {"vertex_count": 52, "arc_count": 2550, "arcs": [[0, 1, 1, 1, 1, 1, 1, 1, 1, 1, 1, 1, 1, 1, 1, 1, 1, 1, 1, 1, 1, 1, 1, 1, 1, 1, 1, 1, 1, 1, 1, 1, 1, 1, 1, 1, 1, 1, 1, 1, 1, 1, 1, 1, 1, 1, 1, 1, 1, 1, 1, 1], [0, 0, 1, 1, 1, 1, 1, 1, 1, 1, 1, 1, 1, 1, 1, 1, 1, 1, 1, 1, 1, 1, 1, 1, 1, 1, 1, 1, 1, 1, 1, 1, 1, 1, 1, 1, 1, 1, 1, 1, 1, 1, 1, 1, 1, 1, 1, 1, 1, 1, 1, 1], [0, 1, 0, 1, 1, 1, 1, 1, 1, 1, 1, 1, 1, 1, 1, 1, 1, 1, 1, 1, 1, 1, 1, 1, 1, 1, 1, 1, 1, 1, 1, 1, 1, 1, 1, 1, 1, 1, 1, 1, 1, 1, 1, 1, 1, 1, 1, 1, 1, 1, 1, 1], [0, 1, 1, 0, 1, 1, 1, 1, 1, 1, 1, 1, 1, 1, 1, 1, 1, 1, 1, 1, 1, 1, 1, 1, 1, 1, 1, 1, 1, 1, 1, 1, 1, 1, 1, 1, 1, 1, 1, 1, 1, 1, 1, 1, 1, 1, 1, 1, 1, 1, 1, 1], [0, 1, 1, 1, 0, 1, 1, 1, 1, 1, 1, 1, 1, 1, 1, 1, 1, 1, 1, 1, 1, 1, 1, 1, 1, 1, 1, 1, 1, 1, 1, 1, 1, 1, 1, 1, 1, 1, 1, 1, 1, 1, 1, 1, 1, 1, 1, 1, 1, 1, 1, 1], [0, 1, 1, 1, 1, 0, 1, 1, 1, 1, 1, 1, 1, 1, 1, 1, 1, 1, 1, 1, 1, 1, 1, 1, 1, 1, 1, 1, 1, 1, 1, 1, 1, 1, 1, 1, 1, 1, 1, 1, 1, 1, 1, 1, 1, 1, 1, 1, 1, 1, 1, 1], [0, 1, 1, 1, 1, 1, 0, 1, 1, 1, 1, 1, 1, 1, 1, 1, 1, 1, 1, 1, 1, 1, 1, 1, 1, 1, 1, 1, 1, 1, 1, 1, 1, 1, 1, 1, 1, 1, 1, 1, 1, 1, 1, 1, 1, 1, 1, 1, 1, 1, 1, 1], [0, 1, 1, 1, 1, 1, 1, 0, 1, 1, 1, 1, 1, 1, 1, 1, 1, 1, 1, 1, 1, 1, 1, 1, 1, 1, 1, 1, 1, 1, 1, 1, 1, 1, 1, 1, 1, 1, 1, 1, 1, 1, 1, 1, 1, 1, 1, 1, 1, 1, 1, 1], [0, 1, 1, 1, 1, 1, 1, 1, 0, 1, 1, 1, 1, 1, 1, 1, 1, 1, 1, 1, 1, 1, 1, 1, 1, 1, 1, 1, 1, 1, 1, 1, 1, 1, 1, 1, 1, 1, 1, 1, 1, 1, 1, 1, 1, 1, 1, 1, 1, 1, 1, 1], [0, 1, 1, 1, 1, 1, 1, 1, 1, 0, 1, 1, 1, 1, 1, 1, 1, 1, 1, 1, 1, 1, 1, 1, 1, 1, 1, 1, 1, 1, 1, 1, 1, 1, 1, 1, 1, 1, 1, 1, 1, 1, 1, 1, 1, 1, 1, 1, 1, 1, 1, 1], [0, 1, 1, 1, 1, 1, 1, 1, 1, 1, 0, 1, 1, 1, 1, 1, 1, 1, 1, 1, 1, 1, 1, 1, 1, 1, 1, 1, 1, 1, 1, 1, 1, 1, 1, 1, 1, 1, 1, 1, 1, 1, 1, 1, 1, 1, 1, 1, 1, 1, 1, 1], [0, 1, 1, 1, 1, 1, 1, 1, 1, 1, 1, 0, 1, 1, 1, 1, 1, 1, 1, 1, 1, 1, 1, 1, 1, 1, 1, 1, 1, 1, 1, 1, 1, 1, 1, 1, 1, 1, 1, 1, 1, 1, 1, 1, 1, 1, 1, 1, 1, 1, 1, 1], [0, 1, 1, 1, 1, 1, 1, 1, 1, 1, 1, 1, 0, 1, 1, 1, 1, 1, 1, 1, 1, 1, 1, 1, 1, 1, 1, 1, 1, 1, 1, 1, 1, 1, 1, 1, 1, 1, 1, 1, 1, 1, 1, 1, 1, 1, 1, 1, 1, 1, 1, 1], [0, 1, 1, 1, 1, 1, 1, 1, 1, 1, 1, 1, 1, 0, 1, 1, 1, 1, 1, 1, 1, 1, 1, 1, 1, 1, 1, 1, 1, 1, 1, 1, 1, 1, 1, 1, 1, 1, 1, 1, 1, 1, 1, 1, 1, 1, 1, 1, 1, 1, 1, 1], [0, 1, 1, 1, 1, 1, 1, 1, 1, 1, 1, 1, 1, 1, 0, 1, 1, 1, 1, 1, 1, 1, 1, 1, 1, 1, 1, 1, 1, 1, 1, 1, 1, 1, 1, 1, 1, 1, 1, 1, 1, 1, 1, 1, 1, 1, 1, 1, 1, 1, 1, 1], [0, 1, 1, 1, 1, 1, 1, 1, 1, 1, 1, 1, 1, 1, 1, 0, 1, 1, 1, 1, 1, 1, 1, 1, 1, 1, 1, 1, 1, 1, 1, 1, 1, 1, 1, 1, 1, 1, 1, 1, 1, 1, 1, 1, 1, 1, 1, 1, 1, 1, 1, 1], [0, 1, 1, 1, 1, 1, 1, 1, 1, 1, 1, 1, 1, 1, 1, 1, 0, 1, 1, 1, 1, 1, 1, 1, 1, 1, 1, 1, 1, 1, 1, 1, 1, 1, 1, 1, 1, 1, 1, 1, 1, 1, 1, 1, 1, 1, 1, 1, 1, 1, 1, 1], [0, 1, 1, 1, 1, 1, 1, 1, 1, 1, 1, 1, 1, 1, 1, 1, 1, 0, 1, 1, 1, 1, 1, 1, 1, 1, 1, 1, 1, 1, 1, 1, 1, 1, 1, 1, 1, 1, 1, 1, 1, 1, 1, 1, 1, 1, 1, 1, 1, 1, 1, 1], [0, 1, 1, 1, 1, 1, 1, 1, 1, 1, 1, 1, 1, 1, 1, 1, 1, 1, 0, 1, 1, 1, 1, 1, 1, 1, 1, 1, 1, 1, 1, 1, 1, 1, 1, 1, 1, 1, 1, 1, 1, 1, 1, 1, 1, 1, 1, 1, 1, 1, 1, 1], [0, 1, 1, 1, 1, 1, 1, 1, 1, 1, 1, 1, 1, 1, 1, 1, 1, 1, 1, 0, 1, 1, 1, 1, 1, 1, 1, 1, 1, 1, 1, 1, 1, 1, 1, 1, 1, 1, 1, 1, 1, 1, 1, 1, 1, 1, 1, 1, 1, 1, 1, 1], [0, 1, 1, 1, 1, 1, 1, 1, 1, 1, 1, 1, 1, 1, 1, 1, 1, 1, 1, 1, 0, 1, 1, 1, 1, 1, 1, 1, 1, 1, 1, 1, 1, 1, 1, 1, 1, 1, 1, 1, 1, 1, 1, 1, 1, 1, 1, 1, 1, 1, 1, 1], [0, 1, 1, 1, 1, 1, 1, 1, 1, 1, 1, 1, 1, 1, 1, 1, 1, 1, 1, 1, 1, 0, 1, 1, 1, 1, 1, 1, 1, 1, 1, 1, 1, 1, 1, 1, 1, 1, 1, 1, 1, 1, 1, 1, 1, 1, 1, 1, 1, 1, 1, 1], [0, 1, 1, 1, 1, 1, 1, 1, 1, 1, 1, 1, 1, 1, 1, 1, 1, 1, 1, 1, 1, 1, 0, 1, 1, 1, 1, 1, 1, 1, 1, 1, 1, 1, 1, 1, 1, 1, 1, 1, 1, 1, 1, 1, 1, 1, 1, 1, 1, 1, 1, 1], [0, 1, 1, 1, 1, 1, 1, 1, 1, 1, 1, 1, 1, 1, 1, 1, 1, 1, 1, 1, 1, 1, 1, 0, 1, 1, 1, 1, 1, 1, 1, 1, 1, 1, 1, 1, 1, 1, 1, 1, 1, 1, 1, 1, 1, 1, 1, 1, 1, 1, 1, 1], [0, 1, 1, 1, 1, 1, 1, 1, 1, 1, 1, 1, 1, 1, 1, 1, 1, 1, 1, 1, 1, 1, 1, 1, 0, 1, 1, 1, 1, 1, 1, 1, 1, 1, 1, 1, 1, 1, 1, 1, 1, 1, 1, 1, 1, 1, 1, 1, 1, 1, 1, 1], [0, 1, 1, 1, 1, 1, 1, 1, 1, 1, 1, 1, 1, 1, 1, 1, 1, 1, 1, 1, 1, 1, 1, 1, 1, 0, 1, 1, 1, 1, 1, 1, 1, 1, 1, 1, 1, 1, 1, 1, 1, 1, 1, 1, 1, 1, 1, 1, 1, 1, 1, 1], [0, 1, 1, 1, 1, 1, 1, 1, 1, 1, 1, 1, 1, 1, 1, 1, 1, 1, 1, 1, 1, 1, 1, 1, 1, 1, 0, 1, 1, 1, 1, 1, 1, 1, 1, 1, 1, 1, 1, 1, 1, 1, 1, 1, 1, 1, 1, 1, 1, 1, 1, 1], [0, 1, 1, 1, 1, 1, 1, 1, 1, 1, 1, 1, 1, 1, 1, 1, 1, 1, 1, 1, 1, 1, 1, 1, 1, 1, 1, 0, 1, 1, 1, 1, 1, 1, 1, 1, 1, 1, 1, 1, 1, 1, 1, 1, 1, 1, 1, 1, 1, 1, 1, 1], [0, 1, 1, 1, 1, 1, 1, 1, 1, 1, 1, 1, 1, 1, 1, 1, 1, 1, 1, 1, 1, 1, 1, 1, 1, 1, 1, 1, 0, 1, 1, 1, 1, 1, 1, 1, 1, 1, 1, 1, 1, 1, 1, 1, 1, 1, 1, 1, 1, 1, 1, 1], [0, 1, 1, 1, 1, 1, 1, 1, 1, 1, 1, 1, 1, 1, 1, 1, 1, 1, 1, 1, 1, 1, 1, 1, 1, 1, 1, 1, 1, 0, 1, 1, 1, 1, 1, 1, 1, 1, 1, 1, 1, 1, 1, 1, 1, 1, 1, 1, 1, 1, 1, 1], [0, 1, 1, 1, 1, 1, 1, 1, 1, 1, 1, 1, 1, 1, 1, 1, 1, 1, 1, 1, 1, 1, 1, 1, 1, 1, 1, 1, 1, 1, 0, 1, 1, 1, 1, 1, 1, 1, 1, 1, 1, 1, 1, 1, 1, 1, 1, 1, 1, 1, 1, 1], [0, 1, 1, 1, 1, 1, 1, 1, 1, 1, 1, 1, 1, 1, 1, 1, 1, 1, 1, 1, 1, 1, 1, 1, 1, 1, 1, 1, 1, 1, 1, 0, 1, 1, 1, 1, 1, 1, 1, 1, 1, 1, 1, 1, 1, 1, 1, 1, 1, 1, 1, 1], [0, 1, 1, 1, 1, 1, 1, 1, 1, 1, 1, 1, 1, 1, 1, 1, 1, 1, 1, 1, 1, 1, 1, 1, 1, 1, 1, 1, 1, 1, 1, 1, 0, 1, 1, 1, 1, 1, 1, 1, 1, 1, 1, 1, 1, 1, 1, 1, 1, 1, 1, 1], [0, 1, 1, 1, 1, 1, 1, 1, 1, 1, 1, 1, 1, 1, 1, 1, 1, 1, 1, 1, 1, 1, 1, 1, 1, 1, 1, 1, 1, 1, 1, 1, 1, 0, 1, 1, 1, 1, 1, 1, 1, 1, 1, 1, 1, 1, 1, 1, 1, 1, 1, 1], [0, 1, 1, 1, 1, 1, 1, 1, 1, 1, 1, 1, 1, 1, 1, 1, 1, 1, 1, 1, 1, 1, 1, 1, 1, 1, 1, 1, 1, 1, 1, 1, 1, 1, 0, 1, 1, 1, 1, 1, 1, 1, 1, 1, 1, 1, 1, 1, 1, 1, 1, 1], [0, 1, 1, 1, 1, 1, 1, 1, 1, 1, 1, 1, 1, 1, 1, 1, 1, 1, 1, 1, 1, 1, 1, 1, 1, 1, 1, 1, 1, 1, 1, 1, 1, 1, 1, 0, 1, 1, 1, 1, 1, 1, 1, 1, 1, 1, 1, 1, 1, 1, 1, 1], [0, 1, 1, 1, 1, 1, 1, 1, 1, 1, 1, 1, 1, 1, 1, 1, 1, 1, 1, 1, 1, 1, 1, 1, 1, 1, 1, 1, 1, 1, 1, 1, 1, 1, 1, 1, 0, 1, 1, 1, 1, 1, 1, 1, 1, 1, 1, 1, 1, 1, 1, 1], [0, 1, 1, 1, 1, 1, 1, 1, 1, 1, 1, 1, 1, 1, 1, 1, 1, 1, 1, 1, 1, 1, 1, 1, 1, 1, 1, 1, 1, 1, 1, 1, 1, 1, 1, 1, 1, 0, 1, 1, 1, 1, 1, 1, 1, 1, 1, 1, 1, 1, 1, 1], [0, 1, 1, 1, 1, 1, 1, 1, 1, 1, 1, 1, 1, 1, 1, 1, 1, 1, 1, 1, 1, 1, 1, 1, 1, 1, 1, 1, 1, 1, 1, 1, 1, 1, 1, 1, 1, 1, 0, 1, 1, 1, 1, 1, 1, 1, 1, 1, 1, 1, 1, 1], [0, 1, 1, 1, 1, 1, 1, 1, 1, 1, 1, 1, 1, 1, 1, 1, 1, 1, 1, 1, 1, 1, 1, 1, 1, 1, 1, 1, 1, 1, 1, 1, 1, 1, 1, 1, 1, 1, 1, 0, 1, 1, 1, 1, 1, 1, 1, 1, 1, 1, 1, 1], [0, 1, 1, 1, 1, 1, 1, 1, 1, 1, 1, 1, 1, 1, 1, 1, 1, 1, 1, 1, 1, 1, 1, 1, 1, 1, 1, 1, 1, 1, 1, 1, 1, 1, 1, 1, 1, 1, 1, 1, 0, 1, 1, 1, 1, 1, 1, 1, 1, 1, 1, 1], [0, 1, 1, 1, 1, 1, 1, 1, 1, 1, 1, 1, 1, 1, 1, 1, 1, 1, 1, 1, 1, 1, 1, 1, 1, 1, 1, 1, 1, 1, 1, 1, 1, 1, 1, 1, 1, 1, 1, 1, 1, 0, 1, 1, 1, 1, 1, 1, 1, 1, 1, 1], [0, 1, 1, 1, 1, 1, 1, 1, 1, 1, 1, 1, 1, 1, 1, 1, 1, 1, 1, 1, 1, 1, 1, 1, 1, 1, 1, 1, 1, 1, 1, 1, 1, 1, 1, 1, 1, 1, 1, 1, 1, 1, 0, 1, 1, 1, 1, 1, 1, 1, 1, 1], [0, 1, 1, 1, 1, 1, 1, 1, 1, 1, 1, 1, 1, 1, 1, 1, 1, 1, 1, 1, 1, 1, 1, 1, 1, 1, 1, 1, 1, 1, 1, 1, 1, 1, 1, 1, 1, 1, 1, 1, 1, 1, 1, 0, 1, 1, 1, 1, 1, 1, 1, 1], [0, 1, 1, 1, 1, 1, 1, 1, 1, 1, 1, 1, 1, 1, 1, 1, 1, 1, 1, 1, 1, 1, 1, 1, 1, 1, 1, 1, 1, 1, 1, 1, 1, 1, 1, 1, 1, 1, 1, 1, 1, 1, 1, 1, 0, 1, 1, 1, 1, 1, 1, 1], [0, 1, 1, 1, 1, 1, 1, 1, 1, 1, 1, 1, 1, 1, 1, 1, 1, 1, 1, 1, 1, 1, 1, 1, 1, 1, 1, 1, 1, 1, 1, 1, 1, 1, 1, 1, 1, 1, 1, 1, 1, 1, 1, 1, 1, 0, 1, 1, 1, 1, 1, 1], [0, 1, 1, 1, 1, 1, 1, 1, 1, 1, 1, 1, 1, 1, 1, 1, 1, 1, 1, 1, 1, 1, 1, 1, 1, 1, 1, 1, 1, 1, 1, 1, 1, 1, 1, 1, 1, 1, 1, 1, 1, 1, 1, 1, 1, 1, 0, 1, 1, 1, 1, 1], [0, 1, 1, 1, 1, 1, 1, 1, 1, 1, 1, 1, 1, 1, 1, 1, 1, 1, 1, 1, 1, 1, 1, 1, 1, 1, 1, 1, 1, 1, 1, 1, 1, 1, 1, 1, 1, 1, 1, 1, 1, 1, 1, 1, 1, 1, 1, 0, 1, 1, 1, 1], [0, 1, 1, 1, 1, 1, 1, 1, 1, 1, 1, 1, 1, 1, 1, 1, 1, 1, 1, 1, 1, 1, 1, 1, 1, 1, 1, 1, 1, 1, 1, 1, 1, 1, 1, 1, 1, 1, 1, 1, 1, 1, 1, 1, 1, 1, 1, 1, 0, 1, 1, 1], [0, 1, 1, 1, 1, 1, 1, 1, 1, 1, 1, 1, 1, 1, 1, 1, 1, 1, 1, 1, 1, 1, 1, 1, 1, 1, 1, 1, 1, 1, 1, 1, 1, 1, 1, 1, 1, 1, 1, 1, 1, 1, 1, 1, 1, 1, 1, 1, 1, 0, 1, 1], [0, 1, 1, 1, 1, 1, 1, 1, 1, 1, 1, 1, 1, 1, 1, 1, 1, 1, 1, 1, 1, 1, 1, 1, 1, 1, 1, 1, 1, 1, 1, 1, 1, 1, 1, 1, 1, 1, 1, 1, 1, 1, 1, 1, 1, 1, 1, 1, 1, 1, 0, 1], [0, 0, 0, 0, 0, 0, 0, 0, 0, 0, 0, 0, 0, 0, 0, 0, 0, 0, 0, 0, 0, 0, 0, 0, 0, 0, 0, 0, 0, 0, 0, 0, 0, 0, 0, 0, 0, 0, 0, 0, 0, 0, 0, 0, 0, 0, 0, 0, 0, 0, 0, 0]]}, "cluster_count": 3, "cluster_speeds": [[0.925, 0.85, 0.925, 1.0, 0.8325, 0.765, 0.8325, 0.9, 0.4625, 0.425, 0.4625, 0.5, 0.30525, 0.2805, 0.30525, 0.33, 0.37, 0.34, 0.37, 0.4, 0.555, 0.51, 0.555, 0.6, 0.6475, 0.595, 0.6475, 0.7, 0.37, 0.34, 0.37, 0.4, 0.30525, 0.2805, 0.30525, 0.33, 0.4625, 0.425, 0.4625, 0.5, 0.6475, 0.595, 0.6475, 0.7, 0.74, 0.68, 0.74, 0.8, 0.6475, 0.595, 0.6475, 0.7, 0.4625, 0.425, 0.4625, 0.5, 0.555, 0.51, 0.555, 0.6, 0.6475, 0.595, 0.6475, 0.7, 0.8325, 0.765, 0.8325, 0.9, 0.925, 0.85, 0.925, 1.0, 1.0], [0.8325, 0.765, 0.8325, 0.9, 0.7492500000000001, 0.6885, 0.7492500000000001, 0.81, 0.41625, 0.3825, 0.41625, 0.45, 0.27472500000000005, 0.25245, 0.27472500000000005, 0.29700000000000004, 0.333, 0.30600000000000005, 0.333, 0.36000000000000004, 0.49950000000000006, 0.459, 0.49950000000000006, 0.54, 0.6475, 0.595, 0.6475, 0.7, 0.37, 0.34, 0.37, 0.4, 0.30525, 0.2805, 0.30525, 0.33, 0.4625, 0.425, 0.4625, 0.5, 0.6475, 0.595, 0.6475, 0.7, 0.74, 0.68, 0.74, 0.8, 0.58275, 0.5355, 0.58275, 0.63, 0.41625, 0.3825, 0.41625, 0.45, 0.49950000000000006, 0.459, 0.49950000000000006, 0.54, 0.58275, 0.5355, 0.58275, 0.63, 0.7492500000000001, 0.6885, 0.7492500000000001, 0.81, 0.8325, 0.765, 0.8325, 0.9, 0.9], [0.87875, 0.8075, 0.87875, 0.95, 0.790875, 0.72675, 0.790875, 0.855, 0.439375, 0.40375, 0.439375, 0.475, 0.2899875, 0.266475, 0.2899875, 0.3135, 0.3515, 0.323, 0.3515, 0.38, 0.52725, 0.4845, 0.52725, 0.57, 0.6475, 0.595, 0.6475, 0.7, 0.37, 0.34, 0.37, 0.4, 0.30525, 0.2805, 0.30525, 0.33, 0.4625, 0.425, 0.4625, 0.5, 0.6475, 0.595, 0.6475, 0.7, 0.74, 0.68, 0.74, 0.8, 0.6151249999999999, 0.5652499999999999, 0.6151249999999999, 0.6649999999999999, 0.439375, 0.40375, 0.439375, 0.475, 0.52725, 0.4845, 0.52725, 0.57, 0.6151249999999999, 0.5652499999999999, 0.6151249999999999, 0.6649999999999999, 0.790875, 0.72675, 0.790875, 0.855, 0.87875, 0.8075, 0.87875, 0.95, 0.95]], "clusters": [[-1, 2, 2, 2, 2, 2, 2, 2, 2, 2, 2, 2, 2, 2, 2, 2, 2, 2, 2, 2, 2, 2, 2, 2, 2, 2, 2, 2, 2, 2, 2, 2, 2, 2, 2, 2, 2, 2, 2, 2, 2, 2, 2, 2, 2, 2, 2, 2, 2, 2, 2, 2], [2, -1, 2, 2, 2, 2, 2, 2, 2, 2, 2, 2, 2, 2, 2, 2, 2, 2, 2, 2, 2, 2, 2, 2, 2, 2, 2, 2, 2, 2, 2, 2, 2, 2, 2, 2, 2, 2, 2, 2, 2, 2, 2, 2, 2, 2, 2, 2, 2, 2, 2, 2], [1, 1, -1, 1, 1, 1, 1, 1, 1, 1, 1, 1, 1, 1, 1, 1, 1, 1, 1, 1, 1, 1, 1, 1, 1, 1, 1, 1, 1, 1, 1, 1, 1, 1, 1, 1, 1, 1, 1, 1, 1, 1, 1, 1, 1, 1, 1, 1, 1, 1, 1, 1], [0, 0, 0, -1, 0, 0, 0, 0, 0, 0, 0, 0, 0, 0, 0, 0, 0, 0, 0, 0, 0, 0, 0, 0, 0, 0, 0, 0, 0, 0, 0, 0, 0, 0, 0, 0, 0, 0, 0, 0, 0, 0, 0, 0, 0, 0, 0, 0, 0, 0, 0, 0], [2, 2, 2, 2, -1, 2, 2, 2, 2, 2, 2, 2, 2, 2, 2, 2, 2, 2, 2, 2, 2, 2, 2, 2, 2, 2, 2, 2, 2, 2, 2, 2, 2, 2, 2, 2, 2, 2, 2, 2, 2, 2, 2, 2, 2, 2, 2, 2, 2, 2, 2, 2], [0, 0, 0, 0, 0, -1, 0, 0, 0, 0, 0, 0, 0, 0, 0, 0, 0, 0, 0, 0, 0, 0, 0, 0, 0, 0, 0, 0, 0, 0, 0, 0, 0, 0, 0, 0, 0, 0, 0, 0, 0, 0, 0, 0, 0, 0, 0, 0, 0, 0, 0, 0], [1, 1, 1, 1, 1, 1, -1, 1, 1, 1, 1, 1, 1, 1, 1, 1, 1, 1, 1, 1, 1, 1, 1, 1, 1, 1, 1, 1, 1, 1, 1, 1, 1, 1, 1, 1, 1, 1, 1, 1, 1, 1, 1, 1, 1, 1, 1, 1, 1, 1, 1, 1], [2, 2, 2, 2, 2, 2, 2, -1, 2, 2, 2, 2, 2, 2, 2, 2, 2, 2, 2, 2, 2, 2, 2, 2, 2, 2, 2, 2, 2, 2, 2, 2, 2, 2, 2, 2, 2, 2, 2, 2, 2, 2, 2, 2, 2, 2, 2, 2, 2, 2, 2, 2], [2, 2, 2, 2, 2, 2, 2, 2, -1, 2, 2, 2, 2, 2, 2, 2, 2, 2, 2, 2, 2, 2, 2, 2, 2, 2, 2, 2, 2, 2, 2, 2, 2, 2, 2, 2, 2, 2, 2, 2, 2, 2, 2, 2, 2, 2, 2, 2, 2, 2, 2, 2], [0, 0, 0, 0, 0, 0, 0, 0, 0, -1, 0, 0, 0, 0, 0, 0, 0, 0, 0, 0, 0, 0, 0, 0, 0, 0, 0, 0, 0, 0, 0, 0, 0, 0, 0, 0, 0, 0, 0, 0, 0, 0, 0, 0, 0, 0, 0, 0, 0, 0, 0, 0], [0, 0, 0, 0, 0, 0, 0, 0, 0, 0, -1, 0, 0, 0, 0, 0, 0, 0, 0, 0, 0, 0, 0, 0, 0, 0, 0, 0, 0, 0, 0, 0, 0, 0, 0, 0, 0, 0, 0, 0, 0, 0, 0, 0, 0, 0, 0, 0, 0, 0, 0, 0], [2, 2, 2, 2, 2, 2, 2, 2, 2, 2, 2, -1, 2, 2, 2, 2, 2, 2, 2, 2, 2, 2, 2, 2, 2, 2, 2, 2, 2, 2, 2, 2, 2, 2, 2, 2, 2, 2, 2, 2, 2, 2, 2, 2, 2, 2, 2, 2, 2, 2, 2, 2], [1, 1, 1, 1, 1, 1, 1, 1, 1, 1, 1, 1, -1, 1, 1, 1, 1, 1, 1, 1, 1, 1, 1, 1, 1, 1, 1, 1, 1, 1, 1, 1, 1, 1, 1, 1, 1, 1, 1, 1, 1, 1, 1, 1, 1, 1, 1, 1, 1, 1, 1, 1], [0, 0, 0, 0, 0, 0, 0, 0, 0, 0, 0, 0, 0, -1, 0, 0, 0, 0, 0, 0, 0, 0, 0, 0, 0, 0, 0, 0, 0, 0, 0, 0, 0, 0, 0, 0, 0, 0, 0, 0, 0, 0, 0, 0, 0, 0, 0, 0, 0, 0, 0, 0], [2, 2, 2, 2, 2, 2, 2, 2, 2, 2, 2, 2, 2, 2, -1, 2, 2, 2, 2, 2, 2, 2, 2, 2, 2, 2, 2, 2, 2, 2, 2, 2, 2, 2, 2, 2, 2, 2, 2, 2, 2, 2, 2, 2, 2, 2, 2, 2, 2, 2, 2, 2], [0, 0, 0, 0, 0, 0, 0, 0, 0, 0, 0, 0, 0, 0, 0, -1, 0, 0, 0, 0, 0, 0, 0, 0, 0, 0, 0, 0, 0, 0, 0, 0, 0, 0, 0, 0, 0, 0, 0, 0, 0, 0, 0, 0, 0, 0, 0, 0, 0, 0, 0, 0], [2, 2, 2, 2, 2, 2, 2, 2, 2, 2, 2, 2, 2, 2, 2, 2, -1, 2, 2, 2, 2, 2, 2, 2, 2, 2, 2, 2, 2, 2, 2, 2, 2, 2, 2, 2, 2, 2, 2, 2, 2, 2, 2, 2, 2, 2, 2, 2, 2, 2, 2, 2], [0, 0, 0, 0, 0, 0, 0, 0, 0, 0, 0, 0, 0, 0, 0, 0, 0, -1, 0, 0, 0, 0, 0, 0, 0, 0, 0, 0, 0, 0, 0, 0, 0, 0, 0, 0, 0, 0, 0, 0, 0, 0, 0, 0, 0, 0, 0, 0, 0, 0, 0, 0], [2, 2, 2, 2, 2, 2, 2, 2, 2, 2, 2, 2, 2, 2, 2, 2, 2, 2, -1, 2, 2, 2, 2, 2, 2, 2, 2, 2, 2, 2, 2, 2, 2, 2, 2, 2, 2, 2, 2, 2, 2, 2, 2, 2, 2, 2, 2, 2, 2, 2, 2, 2], [0, 0, 0, 0, 0, 0, 0, 0, 0, 0, 0, 0, 0, 0, 0, 0, 0, 0, 0, -1, 0, 0, 0, 0, 0, 0, 0, 0, 0, 0, 0, 0, 0, 0, 0, 0, 0, 0, 0, 0, 0, 0, 0, 0, 0, 0, 0, 0, 0, 0, 0, 0], [1, 1, 1, 1, 1, 1, 1, 1, 1, 1, 1, 1, 1, 1, 1, 1, 1, 1, 1, 1, -1, 1, 1, 1, 1, 1, 1, 1, 1, 1, 1, 1, 1, 1, 1, 1, 1, 1, 1, 1, 1, 1, 1, 1, 1, 1, 1, 1, 1, 1, 1, 1], [2, 2, 2, 2, 2, 2, 2, 2, 2, 2, 2, 2, 2, 2, 2, 2, 2, 2, 2, 2, 2, -1, 2, 2, 2, 2, 2, 2, 2, 2, 2, 2, 2, 2, 2, 2, 2, 2, 2, 2, 2, 2, 2, 2, 2, 2, 2, 2, 2, 2, 2, 2], [0, 0, 0, 0, 0, 0, 0, 0, 0, 0, 0, 0, 0, 0, 0, 0, 0, 0, 0, 0, 0, 0, -1, 0, 0, 0, 0, 0, 0, 0, 0, 0, 0, 0, 0, 0, 0, 0, 0, 0, 0, 0, 0, 0, 0, 0, 0, 0, 0, 0, 0, 0], [2, 2, 2, 2, 2, 2, 2, 2, 2, 2, 2, 2, 2, 2, 2, 2, 2, 2, 2, 2, 2, 2, 2, -1, 2, 2, 2, 2, 2, 2, 2, 2, 2, 2, 2, 2, 2, 2, 2, 2, 2, 2, 2, 2, 2, 2, 2, 2, 2, 2, 2, 2], [0, 0, 0, 0, 0, 0, 0, 0, 0, 0, 0, 0, 0, 0, 0, 0, 0, 0, 0, 0, 0, 0, 0, 0, -1, 0, 0, 0, 0, 0, 0, 0, 0, 0, 0, 0, 0, 0, 0, 0, 0, 0, 0, 0, 0, 0, 0, 0, 0, 0, 0, 0], [0, 0, 0, 0, 0, 0, 0, 0, 0, 0, 0, 0, 0, 0, 0, 0, 0, 0, 0, 0, 0, 0, 0, 0, 0, -1, 0, 0, 0, 0, 0, 0, 0, 0, 0, 0, 0, 0, 0, 0, 0, 0, 0, 0, 0, 0, 0, 0, 0, 0, 0, 0], [1, 1, 1, 1, 1, 1, 1, 1, 1, 1, 1, 1, 1, 1, 1, 1, 1, 1, 1, 1, 1, 1, 1, 1, 1, 1, -1, 1, 1, 1, 1, 1, 1, 1, 1, 1, 1, 1, 1, 1, 1, 1, 1, 1, 1, 1, 1, 1, 1, 1, 1, 1], [0, 0, 0, 0, 0, 0, 0, 0, 0, 0, 0, 0, 0, 0, 0, 0, 0, 0, 0, 0, 0, 0, 0, 0, 0, 0, 0, -1, 0, 0, 0, 0, 0, 0, 0, 0, 0, 0, 0, 0, 0, 0, 0, 0, 0, 0, 0, 0, 0, 0, 0, 0], [2, 2, 2, 2, 2, 2, 2, 2, 2, 2, 2, 2, 2, 2, 2, 2, 2, 2, 2, 2, 2, 2, 2, 2, 2, 2, 2, 2, -1, 2, 2, 2, 2, 2, 2, 2, 2, 2, 2, 2, 2, 2, 2, 2, 2, 2, 2, 2, 2, 2, 2, 2], [0, 0, 0, 0, 0, 0, 0, 0, 0, 0, 0, 0, 0, 0, 0, 0, 0, 0, 0, 0, 0, 0, 0, 0, 0, 0, 0, 0, 0, -1, 0, 0, 0, 0, 0, 0, 0, 0, 0, 0, 0, 0, 0, 0, 0, 0, 0, 0, 0, 0, 0, 0], [1, 1, 1, 1, 1, 1, 1, 1, 1, 1, 1, 1, 1, 1, 1, 1, 1, 1, 1, 1, 1, 1, 1, 1, 1, 1, 1, 1, 1, 1, -1, 1, 1, 1, 1, 1, 1, 1, 1, 1, 1, 1, 1, 1, 1, 1, 1, 1, 1, 1, 1, 1], [2, 2, 2, 2, 2, 2, 2, 2, 2, 2, 2, 2, 2, 2, 2, 2, 2, 2, 2, 2, 2, 2, 2, 2, 2, 2, 2, 2, 2, 2, 2, -1, 2, 2, 2, 2, 2, 2, 2, 2, 2, 2, 2, 2, 2, 2, 2, 2, 2, 2, 2, 2], [1, 1, 1, 1, 1, 1, 1, 1, 1, 1, 1, 1, 1, 1, 1, 1, 1, 1, 1, 1, 1, 1, 1, 1, 1, 1, 1, 1, 1, 1, 1, 1, -1, 1, 1, 1, 1, 1, 1, 1, 1, 1, 1, 1, 1, 1, 1, 1, 1, 1, 1, 1], [0, 0, 0, 0, 0, 0, 0, 0, 0, 0, 0, 0, 0, 0, 0, 0, 0, 0, 0, 0, 0, 0, 0, 0, 0, 0, 0, 0, 0, 0, 0, 0, 0, -1, 0, 0, 0, 0, 0, 0, 0, 0, 0, 0, 0, 0, 0, 0, 0, 0, 0, 0], [0, 0, 0, 0, 0, 0, 0, 0, 0, 0, 0, 0, 0, 0, 0, 0, 0, 0, 0, 0, 0, 0, 0, 0, 0, 0, 0, 0, 0, 0, 0, 0, 0, 0, -1, 0, 0, 0, 0, 0, 0, 0, 0, 0, 0, 0, 0, 0, 0, 0, 0, 0], [0, 0, 0, 0, 0, 0, 0, 0, 0, 0, 0, 0, 0, 0, 0, 0, 0, 0, 0, 0, 0, 0, 0, 0, 0, 0, 0, 0, 0, 0, 0, 0, 0, 0, 0, -1, 0, 0, 0, 0, 0, 0, 0, 0, 0, 0, 0, 0, 0, 0, 0, 0], [0, 0, 0, 0, 0, 0, 0, 0, 0, 0, 0, 0, 0, 0, 0, 0, 0, 0, 0, 0, 0, 0, 0, 0, 0, 0, 0, 0, 0, 0, 0, 0, 0, 0, 0, 0, -1, 0, 0, 0, 0, 0, 0, 0, 0, 0, 0, 0, 0, 0, 0, 0], [0, 0, 0, 0, 0, 0, 0, 0, 0, 0, 0, 0, 0, 0, 0, 0, 0, 0, 0, 0, 0, 0, 0, 0, 0, 0, 0, 0, 0, 0, 0, 0, 0, 0, 0, 0, 0, -1, 0, 0, 0, 0, 0, 0, 0, 0, 0, 0, 0, 0, 0, 0], [2, 2, 2, 2, 2, 2, 2, 2, 2, 2, 2, 2, 2, 2, 2, 2, 2, 2, 2, 2, 2, 2, 2, 2, 2, 2, 2, 2, 2, 2, 2, 2, 2, 2, 2, 2, 2, 2, -1, 2, 2, 2, 2, 2, 2, 2, 2, 2, 2, 2, 2, 2], [1, 1, 1, 1, 1, 1, 1, 1, 1, 1, 1, 1, 1, 1, 1, 1, 1, 1, 1, 1, 1, 1, 1, 1, 1, 1, 1, 1, 1, 1, 1, 1, 1, 1, 1, 1, 1, 1, 1, -1, 1, 1, 1, 1, 1, 1, 1, 1, 1, 1, 1, 1], [0, 0, 0, 0, 0, 0, 0, 0, 0, 0, 0, 0, 0, 0, 0, 0, 0, 0, 0, 0, 0, 0, 0, 0, 0, 0, 0, 0, 0, 0, 0, 0, 0, 0, 0, 0, 0, 0, 0, 0, -1, 0, 0, 0, 0, 0, 0, 0, 0, 0, 0, 0], [0, 0, 0, 0, 0, 0, 0, 0, 0, 0, 0, 0, 0, 0, 0, 0, 0, 0, 0, 0, 0, 0, 0, 0, 0, 0, 0, 0, 0, 0, 0, 0, 0, 0, 0, 0, 0, 0, 0, 0, 0, -1, 0, 0, 0, 0, 0, 0, 0, 0, 0, 0], [1, 1, 1, 1, 1, 1, 1, 1, 1, 1, 1, 1, 1, 1, 1, 1, 1, 1, 1, 1, 1, 1, 1, 1, 1, 1, 1, 1, 1, 1, 1, 1, 1, 1, 1, 1, 1, 1, 1, 1, 1, 1, -1, 1, 1, 1, 1, 1, 1, 1, 1, 1], [1, 1, 1, 1, 1, 1, 1, 1, 1, 1, 1, 1, 1, 1, 1, 1, 1, 1, 1, 1, 1, 1, 1, 1, 1, 1, 1, 1, 1, 1, 1, 1, 1, 1, 1, 1, 1, 1, 1, 1, 1, 1, 1, -1, 1, 1, 1, 1, 1, 1, 1, 1], [0, 0, 0, 0, 0, 0, 0, 0, 0, 0, 0, 0, 0, 0, 0, 0, 0, 0, 0, 0, 0, 0, 0, 0, 0, 0, 0, 0, 0, 0, 0, 0, 0, 0, 0, 0, 0, 0, 0, 0, 0, 0, 0, 0, -1, 0, 0, 0, 0, 0, 0, 0], [1, 1, 1, 1, 1, 1, 1, 1, 1, 1, 1, 1, 1, 1, 1, 1, 1, 1, 1, 1, 1, 1, 1, 1, 1, 1, 1, 1, 1, 1, 1, 1, 1, 1, 1, 1, 1, 1, 1, 1, 1, 1, 1, 1, 1, -1, 1, 1, 1, 1, 1, 1], [1, 1, 1, 1, 1, 1, 1, 1, 1, 1, 1, 1, 1, 1, 1, 1, 1, 1, 1, 1, 1, 1, 1, 1, 1, 1, 1, 1, 1, 1, 1, 1, 1, 1, 1, 1, 1, 1, 1, 1, 1, 1, 1, 1, 1, 1, -1, 1, 1, 1, 1, 1], [0, 0, 0, 0, 0, 0, 0, 0, 0, 0, 0, 0, 0, 0, 0, 0, 0, 0, 0, 0, 0, 0, 0, 0, 0, 0, 0, 0, 0, 0, 0, 0, 0, 0, 0, 0, 0, 0, 0, 0, 0, 0, 0, 0, 0, 0, 0, -1, 0, 0, 0, 0], [2, 2, 2, 2, 2, 2, 2, 2, 2, 2, 2, 2, 2, 2, 2, 2, 2, 2, 2, 2, 2, 2, 2, 2, 2, 2, 2, 2, 2, 2, 2, 2, 2, 2, 2, 2, 2, 2, 2, 2, 2, 2, 2, 2, 2, 2, 2, 2, -1, 2, 2, 2], [2, 2, 2, 2, 2, 2, 2, 2, 2, 2, 2, 2, 2, 2, 2, 2, 2, 2, 2, 2, 2, 2, 2, 2, 2, 2, 2, 2, 2, 2, 2, 2, 2, 2, 2, 2, 2, 2, 2, 2, 2, 2, 2, 2, 2, 2, 2, 2, 2, -1, 2, 2], [0, 0, 0, 0, 0, 0, 0, 0, 0, 0, 0, 0, 0, 0, 0, 0, 0, 0, 0, 0, 0, 0, 0, 0, 0, 0, 0, 0, 0, 0, 0, 0, 0, 0, 0, 0, 0, 0, 0, 0, 0, 0, 0, 0, 0, 0, 0, 0, 0, 0, -1, 0], [2, 2, 2, 2, 2, 2, 2, 2, 2, 2, 2, 2, 2, 2, 2, 2, 2, 2, 2, 2, 2, 2, 2, 2, 2, 2, 2, 2, 2, 2, 2, 2, 2, 2, 2, 2, 2, 2, 2, 2, 2, 2, 2, 2, 2, 2, 2, 2, 2, 2, 2, -1]], "speed_zone_count": 73, "speed_zones": [[0.0, 15.0], [15.0, 30.0], [30.0, 45.0], [45.0, 60.0], [60.0, 75.0], [75.0, 90.0], [90.0, 105.0], [105.0, 120.0], [120.0, 135.0], [135.0, 150.0], [150.0, 165.0], [165.0, 180.0], [180.0, 195.0], [195.0, 210.0], [210.0, 225.0], [225.0, 240.0], [240.0, 255.0], [255.0, 270.0], [270.0, 285.0], [285.0, 300.0], [300.0, 315.0], [315.0, 330.0], [330.0, 345.0], [345.0, 360.0], [360.0, 375.0], [375.0, 390.0], [390.0, 405.0], [405.0, 420.0], [420.0, 435.0], [435.0, 450.0], [450.0, 465.0], [465.0, 480.0], [480.0, 495.0], [495.0, 510.0], [510.0, 525.0], [525.0, 540.0], [540.0, 555.0], [555.0, 570.0], [570.0, 585.0], [585.0, 600.0], [600.0, 615.0], [615.0, 630.0], [630.0, 645.0], [645.0, 660.0], [660.0, 675.0], [675.0, 690.0], [690.0, 705.0], [705.0, 720.0], [720.0, 735.0], [735.0, 750.0], [750.0, 765.0], [765.0, 780.0], [780.0, 795.0], [795.0, 810.0], [810.0, 825.0], [825.0, 840.0], [840.0, 855.0], [855.0, 870.0], [870.0, 885.0], [885.0, 900.0], [900.0, 915.0], [915.0, 930.0], [930.0, 945.0], [945.0, 960.0], [960.0, 975.0], [975.0, 990.0], [990.0, 1005.0], [1005.0, 1020.0], [1020.0, 1035.0], [1035.0, 1050.0], [1050.0, 1065.0], [1065.0, 1080.0], [1080.0, 5000.0]], "distances": [[0.0, 97.51, 89.2, 84.91, 39.85, 82.37, 51.85, 74.68, 80.96, 82.27, 68.34, 48.76, 53.32, 68.0, 110.29, 60.8, 72.33, 73.74, 98.31, 68.58, 71.36, 56.19, 83.76, 98.26, 56.58, 74.48, 73.23, 61.17, 99.64, 73.03, 48.03, 104.67, 91.87, 74.18, 69.36, 68.19, 84.53, 82.68, 40.72, 62.61, 68.32, 73.08, 72.57, 53.63, 61.02, 89.41, 78.87, 71.09, 73.11, 96.54, 66.69, 0.0], [0.0, 0.0, 22.57, 26.89, 68.3, 28.38, 49.82, 58.0, 18.76, 25.8, 29.72, 68.9, 46.95, 31.89, 13.95, 39.03, 60.13, 35.95, 16.8, 32.48, 26.15, 72.72, 23.43, 26.17, 43.56, 36.47, 49.84, 39.1, 17.42, 33.72, 56.23, 15.73, 22.24, 32.06, 39.3, 32.18, 26.72, 26.99, 60.96, 55.55, 30.97, 31.18, 51.69, 53.16, 42.97, 24.6, 18.66, 26.53, 62.32, 15.91, 34.43, 97.51], [0.0, 22.57, 0.0, 5.33, 54.02, 7.77, 37.54, 36.26, 28.69, 6.96, 24.16, 51.81, 35.88, 22.03, 27.08, 28.68, 38.68, 17.24, 10.41, 20.92, 25.41, 53.65, 5.59, 20.07, 32.66, 17.15, 28.66, 28.17, 11.44, 16.67, 42.6, 38.26, 12.91, 15.27, 21.63, 21.58, 5.46, 6.9, 49.09, 36.44, 22.26, 16.13, 30.53, 37.98, 28.64, 9.96, 20.85, 23.9, 40.72, 9.3, 22.68, 89.2], [0.0, 26.89, 5.33, 0.0, 49.05, 9.54, 33.09, 31.29, 30.05, 11.9, 22.13, 46.55, 31.71, 18.98, 32.36, 24.97, 33.61, 12.07, 15.73, 17.47, 24.54, 48.32, 4.5, 24.7, 28.64, 11.88, 23.48, 24.34, 16.72, 11.94, 37.82, 42.4, 7.58, 10.73, 16.53, 18.35, 9.57, 11.37, 44.52, 31.11, 19.52, 12.1, 25.36, 33.01, 24.01, 4.63, 21.5, 22.72, 35.71, 14.62, 19.0, 84.91], [0.0, 68.3, 54.02, 49.05, 0.0, 46.44, 18.64, 34.9, 56.46, 47.2, 39.38, 10.49, 21.86, 36.42, 78.89, 29.46, 32.67, 37.04, 64.14, 35.92, 44.5, 19.78, 49.19, 67.95, 25.04, 37.46, 33.63, 29.27, 65.32, 37.38, 12.07, 79.71, 56.54, 38.87, 32.54, 36.13, 48.76, 47.13, 9.8, 22.83, 37.41, 38.6, 32.84, 16.05, 25.82, 53.67, 50.74, 43.16, 33.66, 62.62, 33.93, 39.85], [0.0, 28.38, 7.77, 9.54, 46.44, 0.0, 30.53, 29.61, 29.92, 14.51, 20.51, 44.04, 29.22, 16.95, 34.6, 22.64, 31.8, 9.49, 18.18, 15.3, 23.42, 46.0, 5.05, 26.4, 26.2, 9.38, 21.57, 21.98, 19.21, 9.36, 35.22, 43.69, 10.14, 8.23, 13.94, 16.26, 12.17, 13.97, 41.94, 28.75, 17.63, 9.77, 23.44, 30.4, 21.43, 7.23, 21.16, 21.49, 33.96, 16.97, 16.72, 82.37], [0.0, 49.82, 37.54, 33.09, 18.64, 30.53, 0.0, 31.65, 38.04, 30.58, 20.74, 22.19, 16.96, 17.96, 60.9, 10.84, 30.94, 22.01, 47.11, 17.76, 25.98, 29.69, 32.25, 49.63, 6.41, 22.86, 25.97, 10.72, 48.38, 21.18, 6.76, 61.09, 40.18, 22.37, 17.81, 17.78, 32.71, 30.88, 11.62, 19.17, 18.85, 21.46, 26.27, 7.44, 9.21, 37.62, 32.1, 24.55, 32.95, 45.45, 15.76, 51.85], [0.0, 58.0, 36.26, 31.29, 34.9, 29.61, 31.65, 0.0, 56.2, 32.24, 40.41, 26.44, 33.64, 34.99, 63.05, 33.92, 15.47, 23.38, 45.93, 32.84, 45.85, 22.45, 34.58, 55.97, 33.34, 22.45, 8.58, 32.94, 46.56, 26.48, 30.33, 73.17, 37.68, 27.84, 22.19, 34.04, 31.4, 31.01, 37.33, 13.11, 36.5, 29.79, 6.98, 25.12, 26.62, 34.63, 47.47, 43.64, 4.53, 45.29, 32.14, 74.68], [0.0, 18.76, 28.69, 30.05, 56.46, 29.92, 38.04, 56.2, 0.0, 27.02, 17.77, 59.59, 34.66, 22.46, 32.71, 27.69, 57.53, 32.91, 29.7, 24.2, 12.12, 65.44, 25.55, 20.98, 31.7, 33.95, 47.63, 28.2, 30.9, 29.74, 44.8, 23.99, 30.13, 28.46, 34.31, 23.24, 29.61, 28.63, 47.78, 49.64, 21.0, 26.42, 49.26, 43.4, 34.01, 30.71, 8.91, 13.86, 59.88, 27.95, 25.58, 80.96], [0.0, 25.8, 6.96, 11.9, 47.2, 14.51, 30.58, 32.24, 27.02, 0.0, 18.56, 45.41, 28.96, 15.6, 32.79, 21.91, 34.33, 10.87, 16.96, 14.25, 21.0, 47.87, 12.55, 23.98, 25.78, 11.06, 24.04, 21.35, 18.12, 9.82, 35.68, 40.96, 9.61, 8.35, 15.03, 15.04, 12.22, 13.86, 42.13, 30.57, 16.06, 9.2, 25.9, 31.16, 21.7, 7.28, 18.31, 19.15, 36.53, 15.53, 15.9, 82.27], [0.0, 29.72, 24.16, 22.13, 39.38, 20.51, 20.74, 40.41, 17.77, 18.56, 0.0, 41.86, 17.57, 5.43, 41.98, 10.04, 41.28, 18.51, 31.13, 7.63, 5.8, 47.71, 18.76, 30.06, 14.34, 19.77, 32.06, 10.46, 32.51, 15.3, 27.45, 40.35, 26.67, 14.72, 18.28, 6.39, 21.62, 19.83, 31.4, 32.33, 12.97, 12.3, 33.47, 25.65, 16.3, 25.34, 11.41, 14.28, 43.64, 29.23, 8.36, 68.34], [0.0, 68.9, 51.81, 46.55, 10.49, 44.04, 22.19, 26.44, 59.59, 45.41, 41.86, 0.0, 25.7, 37.81, 78.08, 31.91, 23.83, 34.61, 62.21, 36.71, 47.48, 9.41, 47.65, 68.04, 28.14, 34.68, 27.25, 31.4, 63.26, 35.86, 15.86, 81.71, 54.12, 37.5, 30.4, 37.27, 46.37, 44.99, 18.2, 16.46, 39.08, 37.89, 26.03, 16.21, 26.14, 51.06, 52.7, 45.78, 24.41, 60.91, 34.89, 48.76], [0.0, 46.95, 35.88, 31.71, 21.86, 29.22, 16.96, 33.64, 34.66, 28.96, 17.57, 25.7, 0.0, 15.3, 58.38, 7.96, 33.19, 21.33, 45.13, 15.44, 22.64, 33.08, 30.45, 46.91, 12.51, 22.31, 27.32, 8.08, 46.43, 20.0, 10.2, 57.87, 38.55, 21.0, 17.48, 15.26, 31.31, 29.42, 14.04, 21.64, 16.03, 19.76, 27.83, 10.56, 8.8, 36.14, 28.98, 21.31, 35.29, 43.4, 13.48, 53.32], [0.0, 31.89, 22.03, 18.98, 36.42, 16.95, 17.96, 34.99, 22.46, 15.6, 5.43, 37.81, 15.3, 0.0, 43.08, 7.36, 35.89, 13.37, 30.37, 13.05, 10.99, 43.08, 16.44, 31.68, 11.87, 14.63, 26.64, 7.26, 31.71, 10.26, 24.35, 43.91, 24.67, 10.0, 12.85, 11.81, 18.49, 16.59, 29.32, 27.22, 15.41, 7.66, 28.04, 21.67, 11.74, 22.81, 14.91, 8.85, 38.25, 28.56, 12.78, 68.0], [0.0, 13.95, 27.08, 32.36, 78.89, 34.6, 60.9, 63.05, 32.71, 32.79, 41.98, 78.08, 58.38, 43.08, 0.0, 50.43, 65.59, 43.65, 17.13, 43.14, 39.24, 80.59, 30.48, 12.22, 54.95, 43.81, 55.7, 50.32, 16.62, 42.23, 66.93, 21.43, 25.39, 40.59, 47.7, 43.15, 32.41, 33.44, 72.39, 63.31, 42.45, 40.42, 57.57, 63.14, 53.08, 28.49, 31.71, 39.26, 67.56, 17.83, 45.15, 110.29], [0.0, 39.03, 28.68, 24.97, 29.46, 22.64, 10.84, 33.92, 27.69, 21.91, 10.04, 31.91, 7.96, 7.36, 50.43, 0.0, 34.19, 16.27, 37.52, 7.8, 15.57, 38.16, 23.13, 38.95, 4.55, 17.46, 26.29, 9.21, 38.84, 14.04, 17.46, 50.34, 31.35, 14.61, 13.61, 7.41, 24.52, 22.6, 22.0, 23.88, 8.07, 12.88, 27.31, 15.74, 7.5, 29.18, 21.3, 13.93, 36.48, 35.75, 6.01, 60.8], [0.0, 60.13, 38.68, 33.61, 32.67, 31.8, 30.94, 15.47, 57.53, 34.33, 41.28, 23.83, 33.19, 35.89, 65.59, 34.19, 0.0, 24.96, 48.5, 33.8, 46.84, 19.43, 36.7, 58.2, 33.2, 24.13, 10.31, 33.23, 49.18, 27.93, 29.0, 75.15, 40.2, 29.38, 23.26, 34.96, 33.68, 33.17, 35.75, 11.89, 37.41, 31.19, 8.49, 24.07, 26.75, 37.12, 48.89, 44.65, 19.27, 47.79, 32.94, 72.33], [0.0, 35.95, 17.24, 12.07, 37.04, 9.49, 22.01, 23.38, 32.91, 10.87, 18.51, 34.61, 21.33, 13.37, 43.65, 16.27, 24.96, 0.0, 27.6, 11.12, 23.31, 37.07, 13.18, 34.46, 18.77, 9.63, 14.8, 15.38, 28.67, 10.1, 26.08, 50.47, 19.63, 4.46, 4.51, 12.4, 11.83, 10.38, 33.07, 19.77, 14.68, 6.59, 16.52, 21.04, 12.81, 16.67, 24.11, 21.1, 27.28, 26.3, 11.45, 73.74], [0.0, 16.8, 10.41, 15.73, 64.14, 18.18, 47.11, 45.93, 29.7, 16.96, 31.13, 62.21, 45.13, 30.37, 17.13, 37.52, 48.5, 27.6, 0.0, 29.75, 30.6, 64.02, 14.97, 13.53, 41.79, 27.55, 38.71, 37.16, 17.6, 26.78, 52.52, 31.99, 8.37, 25.26, 31.93, 30.14, 15.87, 17.22, 58.72, 46.84, 30.22, 25.71, 40.57, 48.11, 38.5, 11.51, 24.13, 29.71, 50.44, 15.98, 31.66, 98.31], [0.0, 32.48, 20.92, 17.47, 35.92, 15.3, 17.76, 32.84, 24.2, 14.25, 7.63, 36.71, 15.44, 13.05, 43.14, 7.8, 33.8, 11.12, 29.75, 0.0, 13.04, 41.62, 15.35, 32.03, 12.06, 12.4, 24.45, 7.41, 31.06, 8.06, 23.87, 45.03, 23.59, 7.93, 10.67, 12.52, 17.0, 15.08, 29.31, 25.45, 14.41, 5.7, 25.88, 20.73, 10.58, 21.52, 16.26, 10.86, 36.16, 27.99, 12.66, 68.58], [0.0, 26.15, 25.41, 24.54, 44.5, 23.42, 25.98, 45.85, 12.12, 21.0, 5.8, 47.48, 22.64, 10.99, 39.24, 15.57, 46.84, 23.31, 30.6, 13.04, 0.0, 53.49, 20.53, 27.06, 19.6, 24.51, 37.4, 16.1, 31.98, 20.03, 32.73, 35.34, 27.65, 19.15, 23.67, 11.9, 24.04, 22.47, 36.08, 38.11, 9.47, 16.79, 38.88, 31.29, 22.1, 26.95, 7.55, 15.46, 49.2, 28.68, 14.05, 71.36], [0.0, 72.72, 53.65, 48.32, 19.78, 46.0, 29.69, 22.45, 65.44, 47.87, 47.71, 9.41, 33.08, 43.08, 80.59, 38.16, 19.43, 37.07, 64.02, 41.62, 53.49, 0.0, 50.22, 71.45, 34.99, 36.8, 26.19, 37.49, 64.92, 39.01, 24.06, 86.44, 55.69, 40.68, 33.42, 42.4, 48.24, 47.15, 27.46, 17.3, 44.49, 41.59, 24.54, 22.71, 31.44, 52.55, 57.88, 51.59, 19.12, 62.94, 40.0, 56.19], [0.0, 23.43, 5.59, 4.5, 49.19, 5.05, 32.25, 34.58, 25.55, 12.55, 18.76, 47.65, 30.45, 16.44, 30.48, 23.13, 36.7, 13.18, 14.97, 15.35, 20.53, 50.22, 0.0, 21.58, 27.19, 13.43, 26.42, 22.65, 16.19, 11.89, 37.56, 38.66, 8.25, 10.33, 17.25, 15.99, 11.05, 12.5, 43.84, 32.92, 16.69, 10.79, 28.28, 33.18, 23.54, 6.58, 17.05, 18.85, 38.89, 13.44, 17.14, 83.76], [0.0, 26.17, 20.07, 24.7, 67.95, 26.4, 49.63, 55.97, 20.98, 23.98, 30.06, 68.04, 46.91, 31.68, 12.22, 38.95, 58.2, 34.46, 13.53, 32.03, 27.06, 71.45, 21.58, 0.0, 43.5, 34.88, 47.96, 38.94, 14.09, 32.47, 55.9, 18.61, 19.48, 30.8, 38.06, 31.87, 24.57, 25.04, 60.95, 54.2, 30.89, 30.16, 49.83, 52.54, 42.35, 22.03, 19.51, 27.17, 60.35, 12.78, 34.02, 98.26], [0.0, 43.56, 32.66, 28.64, 25.04, 26.2, 6.41, 33.34, 31.7, 25.78, 14.34, 28.14, 12.51, 11.87, 54.95, 4.55, 33.2, 18.77, 41.79, 12.06, 19.6, 34.99, 27.19, 43.5, 0.0, 19.84, 26.4, 4.67, 43.1, 17.13, 13.14, 54.68, 35.34, 18.0, 15.28, 11.85, 28.22, 26.32, 17.46, 22.11, 12.62, 16.6, 27.14, 12.28, 7.09, 33.01, 25.7, 18.14, 35.4, 40.05, 10.12, 56.58], [0.0, 36.47, 17.15, 11.88, 37.46, 9.38, 22.86, 22.45, 33.95, 11.06, 19.77, 34.68, 22.31, 14.63, 43.81, 17.46, 24.13, 9.63, 27.55, 12.4, 24.51, 36.8, 13.43, 34.88, 19.84, 0.0, 13.89, 16.55, 28.58, 4.49, 26.69, 51.15, 19.45, 5.51, 5.12, 13.67, 11.69, 10.4, 33.78, 19.51, 15.94, 7.74, 15.65, 21.52, 13.7, 16.43, 25.12, 22.3, 26.43, 26.31, 12.71, 74.48], [0.0, 49.84, 28.66, 23.48, 33.63, 21.57, 25.97, 8.58, 47.63, 24.04, 32.06, 27.25, 27.32, 26.64, 55.7, 26.29, 10.31, 14.8, 38.71, 24.45, 37.4, 26.19, 26.42, 47.96, 26.4, 13.89, 0.0, 25.29, 39.48, 17.89, 26.32, 64.84, 30.35, 19.26, 13.79, 25.68, 23.52, 22.92, 33.77, 10.95, 28.13, 21.21, 15.56, 20.63, 19.38, 27.23, 38.88, 35.19, 12.57, 37.88, 23.89, 73.23], [0.0, 39.1, 28.17, 24.34, 29.27, 21.98, 10.72, 32.94, 28.2, 21.35, 10.46, 31.4, 8.08, 7.26, 50.32, 9.21, 33.23, 15.38, 37.16, 7.41, 16.1, 37.49, 22.65, 38.94, 4.67, 16.55, 25.29, 0.0, 38.47, 13.24, 17.22, 50.65, 30.84, 13.88, 12.63, 7.19, 23.9, 21.99, 22.07, 23.01, 8.14, 12.24, 26.31, 15.2, 6.6, 28.61, 21.58, 14.38, 35.52, 35.41, 5.52, 61.17], [0.0, 17.42, 11.44, 16.72, 65.32, 19.21, 48.38, 46.56, 30.9, 18.12, 32.51, 63.26, 46.43, 31.71, 16.62, 38.84, 49.18, 28.67, 17.6, 31.06, 31.98, 64.92, 16.19, 14.09, 43.1, 28.58, 39.48, 38.47, 0.0, 27.94, 53.74, 32.37, 9.23, 26.45, 33.04, 31.47, 16.89, 18.31, 59.99, 47.78, 31.57, 26.96, 41.32, 49.28, 39.72, 12.37, 25.47, 31.09, 51.08, 16.85, 32.97, 99.64], [0.0, 33.72, 16.67, 11.94, 37.38, 9.36, 21.18, 26.48, 29.74, 9.82, 15.3, 35.86, 20.0, 10.26, 42.23, 14.04, 27.93, 10.1, 26.78, 8.06, 20.03, 39.01, 11.89, 32.47, 17.13, 4.49, 17.89, 13.24, 27.94, 0.0, 25.94, 47.9, 19.24, 10.0, 5.59, 9.32, 11.59, 9.83, 32.58, 21.84, 11.51, 12.23, 19.56, 21.34, 12.07, 16.52, 21.0, 17.82, 30.27, 25.31, 8.68, 73.03], [0.0, 56.23, 42.6, 37.82, 12.07, 35.22, 6.76, 30.33, 44.8, 35.68, 27.45, 15.86, 10.2, 24.35, 66.93, 17.46, 29.0, 26.08, 52.52, 23.87, 32.73, 24.06, 37.56, 55.9, 13.14, 26.69, 26.32, 17.22, 53.74, 25.94, 0.0, 67.79, 45.18, 27.34, 21.59, 24.06, 37.5, 35.77, 7.52, 17.23, 25.35, 26.84, 26.13, 5.75, 14.03, 42.43, 38.75, 31.28, 30.7, 50.94, 21.88, 48.03], [0.0, 15.73, 38.26, 42.4, 79.71, 43.69, 61.09, 73.17, 23.99, 40.96, 40.35, 81.71, 57.87, 43.91, 21.43, 50.34, 75.15, 50.47, 31.99, 45.03, 35.34, 86.44, 38.66, 18.61, 54.68, 51.15, 64.84, 50.65, 32.37, 47.9, 67.79, 0.0, 37.96, 46.29, 53.34, 44.44, 42.18, 42.26, 71.41, 69.6, 42.68, 45.01, 66.67, 65.58, 55.58, 40.31, 29.08, 36.56, 77.39, 31.38, 46.83, 104.67], [0.0, 22.24, 12.91, 7.58, 56.54, 10.14, 40.18, 37.68, 30.13, 9.61, 26.67, 54.12, 38.55, 24.67, 25.39, 31.35, 40.2, 19.63, 8.37, 23.59, 27.65, 55.69, 8.25, 19.48, 35.34, 19.45, 30.35, 30.84, 9.23, 19.24, 45.18, 37.96, 0.0, 17.87, 24.07, 24.23, 7.8, 9.43, 51.72, 38.56, 24.87, 18.79, 32.21, 40.49, 31.25, 12.2, 22.67, 26.23, 42.18, 7.62, 25.35, 91.87], [0.0, 32.06, 15.27, 10.73, 38.87, 8.23, 22.37, 27.84, 28.46, 8.35, 14.72, 37.5, 21.0, 10.0, 40.59, 14.61, 29.38, 4.46, 25.26, 7.93, 19.15, 40.68, 10.33, 30.8, 18.0, 5.51, 19.26, 13.88, 26.45, 10.0, 27.34, 46.29, 17.87, 0.0, 7.26, 9.11, 10.35, 8.51, 33.86, 23.5, 11.1, 11.05, 20.96, 22.86, 13.38, 15.25, 19.65, 16.95, 31.7, 23.77, 8.92, 74.18], [0.0, 39.3, 21.63, 16.53, 32.54, 13.94, 17.81, 22.19, 34.31, 15.03, 18.28, 30.4, 17.48, 12.85, 47.7, 13.61, 23.26, 4.51, 31.93, 10.67, 23.67, 33.42, 17.25, 38.06, 15.28, 5.12, 13.79, 12.63, 33.04, 5.59, 21.59, 53.34, 24.07, 7.26, 0.0, 11.89, 16.27, 14.73, 28.66, 16.29, 14.35, 8.34, 15.22, 16.53, 8.73, 21.15, 25.81, 21.46, 25.63, 30.56, 10.17, 69.36], [0.0, 32.18, 21.58, 18.35, 36.13, 16.26, 17.78, 34.04, 23.24, 15.04, 6.39, 37.27, 15.26, 11.81, 43.15, 7.41, 34.96, 12.4, 30.14, 12.52, 11.9, 42.4, 15.99, 31.87, 11.85, 13.67, 25.68, 7.19, 31.47, 9.32, 24.06, 44.44, 24.23, 9.11, 11.89, 0.0, 17.87, 15.96, 29.24, 26.41, 15.33, 6.82, 27.08, 21.19, 11.14, 22.28, 15.52, 9.74, 37.32, 28.35, 12.7, 68.19], [0.0, 26.72, 5.46, 9.57, 48.76, 12.17, 32.71, 31.4, 29.61, 12.22, 21.62, 46.37, 31.31, 18.49, 32.41, 24.52, 33.68, 11.83, 15.87, 17.0, 24.04, 48.24, 11.05, 24.57, 28.22, 11.69, 23.52, 23.9, 16.89, 11.59, 37.5, 42.18, 7.8, 10.35, 16.27, 17.87, 0.0, 11.68, 44.16, 31.0, 19.02, 11.66, 25.4, 32.72, 23.66, 4.94, 21.04, 22.21, 35.8, 14.71, 18.54, 84.53], [0.0, 26.99, 6.9, 11.37, 47.13, 13.97, 30.88, 31.01, 28.63, 13.86, 19.83, 44.99, 29.42, 16.59, 33.44, 22.6, 33.17, 10.38, 17.22, 15.08, 22.47, 47.15, 12.5, 25.04, 26.32, 10.4, 22.92, 21.99, 18.31, 9.83, 35.77, 42.26, 9.43, 8.51, 14.73, 15.96, 11.68, 0.0, 42.37, 29.87, 17.15, 9.74, 24.79, 31.08, 21.87, 6.74, 19.91, 20.59, 35.34, 15.93, 16.62, 82.68], [0.0, 60.96, 49.09, 44.52, 9.8, 41.94, 11.62, 37.33, 47.78, 42.13, 31.4, 18.2, 14.04, 29.32, 72.39, 22.0, 35.75, 33.07, 58.72, 29.31, 36.08, 27.46, 43.84, 60.95, 17.46, 33.78, 33.77, 22.07, 59.99, 32.58, 7.52, 71.41, 51.72, 33.86, 28.66, 29.24, 44.16, 42.37, 0.0, 24.25, 30.06, 33.05, 33.51, 13.26, 20.51, 49.09, 42.8, 34.98, 37.27, 57.06, 27.31, 40.72], [0.0, 55.55, 36.44, 31.11, 22.83, 28.75, 19.17, 13.11, 49.64, 30.57, 32.33, 16.46, 21.64, 27.22, 63.31, 23.88, 11.89, 19.77, 46.84, 25.45, 38.11, 17.3, 32.92, 54.2, 22.11, 19.51, 10.95, 23.01, 47.78, 21.84, 17.23, 69.6, 38.56, 23.5, 16.29, 26.41, 31.0, 29.87, 24.25, 0.0, 28.72, 24.59, 10.02, 12.19, 16.42, 35.43, 41.57, 36.04, 13.8, 45.71, 24.11, 62.61], [0.0, 30.97, 22.26, 19.52, 37.41, 17.63, 18.85, 36.5, 21.0, 16.06, 12.97, 39.08, 16.03, 15.41, 42.45, 8.07, 37.41, 14.68, 30.22, 14.41, 9.47, 44.49, 16.69, 30.89, 12.62, 15.94, 28.13, 8.14, 31.57, 11.51, 25.35, 42.68, 24.87, 11.1, 14.35, 15.33, 19.02, 17.15, 30.06, 28.72, 0.0, 8.71, 29.55, 22.9, 13.09, 23.17, 13.63, 7.34, 39.77, 28.38, 4.61, 68.32], [0.0, 31.18, 16.13, 12.1, 38.6, 9.77, 21.46, 29.79, 26.42, 9.2, 12.3, 37.89, 19.76, 7.66, 40.42, 12.88, 31.19, 6.59, 25.71, 5.7, 16.79, 41.59, 10.79, 30.16, 16.6, 7.74, 21.21, 12.24, 26.96, 12.23, 26.84, 45.01, 18.79, 11.05, 8.34, 6.82, 11.66, 9.74, 33.05, 24.59, 8.71, 0.0, 22.85, 22.72, 12.82, 16.41, 17.71, 14.58, 33.53, 24.11, 6.96, 73.08], [0.0, 51.69, 30.53, 25.36, 32.84, 23.44, 26.27, 6.98, 49.26, 25.9, 33.47, 26.03, 27.83, 28.04, 57.57, 27.31, 8.49, 16.52, 40.57, 25.88, 38.88, 24.54, 28.28, 49.83, 27.14, 15.65, 15.56, 26.31, 41.32, 19.56, 26.13, 66.67, 32.21, 20.96, 15.22, 27.08, 25.4, 24.79, 33.51, 10.02, 29.55, 22.85, 0.0, 20.53, 20.21, 29.09, 40.55, 36.67, 10.78, 39.74, 25.22, 72.57], [0.0, 53.16, 37.98, 33.01, 16.05, 30.4, 7.44, 25.12, 43.4, 31.16, 25.65, 16.21, 10.56, 21.67, 63.14, 15.74, 24.07, 21.04, 48.11, 20.73, 31.29, 22.71, 33.18, 52.54, 12.28, 21.52, 20.63, 15.2, 49.28, 21.34, 5.75, 65.58, 40.49, 22.86, 16.53, 21.19, 32.72, 31.08, 13.26, 12.19, 22.9, 22.72, 20.53, 0.0, 10.2, 37.63, 36.53, 29.57, 25.95, 46.62, 18.83, 53.63], [0.0, 42.97, 28.64, 24.01, 25.82, 21.43, 9.21, 26.62, 34.01, 21.7, 16.3, 26.14, 8.8, 11.74, 53.08, 7.5, 26.75, 12.81, 38.5, 10.58, 22.1, 31.44, 23.54, 42.35, 7.09, 13.7, 19.38, 6.6, 39.72, 12.07, 14.03, 55.58, 31.25, 13.38, 8.73, 11.14, 23.66, 21.87, 20.51, 16.42, 13.09, 12.82, 20.21, 10.2, 0.0, 28.59, 26.64, 20.16, 29.02, 36.91, 8.75, 61.02], [0.0, 24.6, 9.96, 4.63, 53.67, 7.23, 37.62, 34.63, 30.71, 7.28, 25.34, 51.06, 36.14, 22.81, 28.49, 29.18, 37.12, 16.67, 11.51, 21.52, 26.95, 52.55, 6.58, 22.03, 33.01, 16.43, 27.23, 28.61, 12.37, 16.52, 42.43, 40.31, 12.2, 15.25, 21.15, 22.28, 4.94, 6.74, 49.09, 35.43, 23.17, 16.41, 29.09, 37.63, 28.59, 0.0, 22.73, 25.35, 39.12, 10.67, 23.18, 89.41], [0.0, 18.66, 20.85, 21.5, 50.74, 21.16, 32.1, 47.47, 8.91, 18.31, 11.41, 52.7, 28.98, 14.91, 31.71, 21.3, 48.89, 24.11, 24.13, 16.26, 7.55, 57.88, 17.05, 19.51, 25.7, 25.12, 38.88, 21.58, 25.47, 21.0, 38.75, 29.08, 22.67, 19.65, 25.81, 15.52, 21.04, 19.91, 42.8, 41.57, 13.63, 17.71, 40.55, 36.53, 26.64, 22.73, 0.0, 7.92, 51.24, 22.23, 17.92, 78.87], [0.0, 26.53, 23.9, 22.72, 43.16, 21.49, 24.55, 43.64, 13.86, 19.15, 14.28, 45.78, 21.31, 8.85, 39.26, 13.93, 44.65, 21.1, 29.71, 10.86, 15.46, 51.59, 18.85, 27.17, 18.14, 22.3, 35.19, 14.38, 31.09, 17.82, 31.28, 36.56, 26.23, 16.95, 21.46, 9.74, 22.21, 20.59, 34.98, 36.04, 7.34, 14.58, 36.67, 29.57, 20.16, 25.35, 7.92, 0.0, 47.02, 27.78, 11.94, 71.09], [0.0, 62.32, 40.72, 35.71, 33.66, 33.96, 32.95, 4.53, 59.88, 36.53, 43.64, 24.41, 35.29, 38.25, 67.56, 36.48, 19.27, 27.28, 50.44, 36.16, 49.2, 19.12, 38.89, 60.35, 35.4, 26.43, 12.57, 35.52, 51.08, 30.27, 30.7, 77.39, 42.18, 31.7, 25.63, 37.32, 35.8, 35.34, 37.27, 13.8, 39.77, 33.53, 10.78, 25.95, 29.02, 39.12, 51.24, 47.02, 0.0, 49.78, 35.29, 73.11], [0.0, 15.91, 9.3, 14.62, 62.62, 16.97, 45.45, 45.29, 27.95, 15.53, 29.23, 60.91, 43.4, 28.56, 17.83, 35.75, 47.79, 26.3, 15.98, 27.99, 28.68, 62.94, 13.44, 12.78, 40.05, 26.31, 37.88, 35.41, 16.85, 25.31, 50.94, 31.38, 7.62, 23.77, 30.56, 28.35, 14.71, 15.93, 57.06, 45.71, 28.38, 24.11, 39.74, 46.62, 36.91, 10.67, 22.23, 27.78, 49.78, 0.0, 29.93, 96.54], [0.0, 34.43, 22.68, 19.0, 33.93, 16.72, 15.76, 32.14, 25.58, 15.9, 8.36, 34.89, 13.48, 12.78, 45.15, 6.01, 32.94, 11.45, 31.66, 12.66, 14.05, 40.0, 17.14, 34.02, 10.12, 12.71, 23.89, 5.52, 32.97, 8.68, 21.88, 46.83, 25.35, 8.92, 10.17, 12.7, 18.54, 16.62, 27.31, 24.11, 4.61, 6.96, 25.22, 18.83, 8.75, 23.18, 17.92, 11.94, 35.29, 29.93, 0.0, 66.69], [0.0, 0.0, 0.0, 0.0, 0.0, 0.0, 0.0, 0.0, 0.0, 0.0, 0.0, 0.0, 0.0, 0.0, 0.0, 0.0, 0.0, 0.0, 0.0, 0.0, 0.0, 0.0, 0.0, 0.0, 0.0, 0.0, 0.0, 0.0, 0.0, 0.0, 0.0, 0.0, 0.0, 0.0, 0.0, 0.0, 0.0, 0.0, 0.0, 0.0, 0.0, 0.0, 0.0, 0.0, 0.0, 0.0, 0.0, 0.0, 0.0, 0.0, 0.0, 0.0]], "time_windows": [[0.0, 5000.0], [0.0, 152.0], [0.0, 193.0], [0.0, 205.0], [0.0, 342.0], [0.0, 423.0], [0.0, 476.0], [0.0, 570.0], [0.0, 681.0], [0.0, 719.0], [0.0, 745.0], [0.0, 807.0], [0.0, 857.0], [0.0, 887.0], [0.0, 962.0], [0.0, 1032.0], [0.0, 1071.0], [0.0, 1099.0], [0.0, 1127.0], [0.0, 1157.0], [0.0, 1170.0], [0.0, 1223.0], [0.0, 1273.0], [0.0, 1295.0], [0.0, 1338.0], [0.0, 1358.0], [0.0, 1372.0], [0.0, 1397.0], [0.0, 1436.0], [0.0, 1464.0], [0.0, 1490.0], [0.0, 1558.0], [0.0, 1596.0], [0.0, 1613.0], [0.0, 1621.0], [0.0, 1633.0], [0.0, 1650.0], [0.0, 1662.0], [0.0, 1705.0], [0.0, 1729.0], [0.0, 1758.0], [0.0, 1766.0], [0.0, 1789.0], [0.0, 1810.0], [0.0, 1820.0], [0.0, 1848.0], [0.0, 1871.0], [0.0, 1879.0], [0.0, 1926.0], [0.0, 1976.0], [0.0, 2006.0], [0.0, 5000.0]], "start_depot": 0, "end_depot": 51, "horizon": [0.0, 5000.0]}