{"digraph": {"vertex_count": 52, "arc_count": 2550, "arcs": [[0, 1, 1, 1, 1, 1, 1, 1, 1, 1, 1, 1, 1, 1, 1, 1, 1, 1, 1, 1, 1, 1, 1, 1, 1, 1, 1, 1, 1, 1, 1, 1, 1, 1, 1, 1, 1, 1, 1, 1, 1, 1, 1, 1, 1, 1, 1, 1, 1, 1, 1, 1], [0, 0, 1, 1, 1, 1, 1, 1, 1, 1, 1, 1, 1, 1, 1, 1, 1, 1, 1, 1, 1, 1, 1, 1, 1, 1, 1, 1, 1, 1, 1, 1, 1, 1, 1, 1, 1, 1, 1, 1, 1, 1, 1, 1, 1, 1, 1, 1, 1, 1, 1, 1], [0, 1, 0, 1, 1, 1, 1, 1, 1, 1, 1, 1, 1, 1, 1, 1, 1, 1, 1, 1, 1, 1, 1, 1, 1, 1, 1, 1, 1, 1, 1, 1, 1, 1, 1, 1, 1, 1, 1, 1, 1, 1, 1, 1, 1, 1, 1, 1, 1, 1, 1, 1], [0, 1, 1, 0, 1, 1, 1, 1, 1, 1, 1, 1, 1, 1, 1, 1, 1, 1, 1, 1, 1, 1, 1, 1, 1, 1, 1, 1, 1, 1, 1, 1, 1, 1, 1, 1, 1, 1, 1, 1, 1, 1, 1, 1, 1, 1, 1, 1, 1, 1, 1, 1], [0, 1, 1, 1, 0, 1, 1, 1, 1, 1, 1, 1, 1, 1, 1, 1, 1, 1, 1, 1, 1, 1, 1, 1, 1, 1, 1, 1, 1, 1, 1, 1, 1, 1, 1, 1, 1, 1, 1, 1, 1, 1, 1, 1, 1, 1, 1, 1, 1, 1, 1, 1], [0, 1, 1, 1, 1, 0, 1, 1, 1, 1, 1, 1, 1, 1, 1, 1, 1, 1, 1, 1, 1, 1, 1, 1, 1, 1, 1, 1, 1, 1, 1, 1, 1, 1, 1, 1, 1, 1, 1, 1, 1, 1, 1, 1, 1, 1, 1, 1, 1, 1, 1, 1], [0, 1, 1, 1, 1, 1, 0, 1, 1, 1, 1, 1, 1, 1, 1, 1, 1, 1, 1, 1, 1, 1, 1, 1, 1, 1, 1, 1, 1, 1, 1, 1, 1, 1, 1, 1, 1, 1, 1, 1, 1, 1, 1, 1, 1, 1, 1, 1, 1, 1, 1, 1], [0, 1, 1, 1, 1, 1, 1, 0, 1, 1, 1, 1, 1, 1, 1, 1, 1, 1, 1, 1, 1, 1, 1, 1, 1, 1, 1, 1, 1, 1, 1, 1, 1, 1, 1, 1, 1, 1, 1, 1, 1, 1, 1, 1, 1, 1, 1, 1, 1, 1, 1, 1], [0, 1, 1, 1, 1, 1, 1, 1, 0, 1, 1, 1, 1, 1, 1, 1, 1, 1, 1, 1, 1, 1, 1, 1, 1, 1, 1, 1, 1, 1, 1, 1, 1, 1, 1, 1, 1, 1, 1, 1, 1, 1, 1, 1, 1, 1, 1, 1, 1, 1, 1, 1], [0, 1, 1, 1, 1, 1, 1, 1, 1, 0, 1, 1, 1, 1, 1, 1, 1, 1, 1, 1, 1, 1, 1, 1, 1, 1, 1, 1, 1, 1, 1, 1, 1, 1, 1, 1, 1, 1, 1, 1, 1, 1, 1, 1, 1, 1, 1, 1, 1, 1, 1, 1], [0, 1, 1, 1, 1, 1, 1, 1, 1, 1, 0, 1, 1, 1, 1, 1, 1, 1, 1, 1, 1, 1, 1, 1, 1, 1, 1, 1, 1, 1, 1, 1, 1, 1, 1, 1, 1, 1, 1, 1, 1, 1, 1, 1, 1, 1, 1, 1, 1, 1, 1, 1], [0, 1, 1, 1, 1, 1, 1, 1, 1, 1, 1, 0, 1, 1, 1, 1, 1, 1, 1, 1, 1, 1, 1, 1, 1, 1, 1, 1, 1, 1, 1, 1, 1, 1, 1, 1, 1, 1, 1, 1, 1, 1, 1, 1, 1, 1, 1, 1, 1, 1, 1, 1], [0, 1, 1, 1, 1, 1, 1, 1, 1, 1, 1, 1, 0, 1, 1, 1, 1, 1, 1, 1, 1, 1, 1, 1, 1, 1, 1, 1, 1, 1, 1, 1, 1, 1, 1, 1, 1, 1, 1, 1, 1, 1, 1, 1, 1, 1, 1, 1, 1, 1, 1, 1], [0, 1, 1, 1, 1, 1, 1, 1, 1, 1, 1, 1, 1, 0, 1, 1, 1, 1, 1, 1, 1, 1, 1, 1, 1, 1, 1, 1, 1, 1, 1, 1, 1, 1, 1, 1, 1, 1, 1, 1, 1, 1, 1, 1, 1, 1, 1, 1, 1, 1, 1, 1], [0, 1, 1, 1, 1, 1, 1, 1, 1, 1, 1, 1, 1, 1, 0, 1, 1, 1, 1, 1, 1, 1, 1, 1, 1, 1, 1, 1, 1, 1, 1, 1, 1, 1, 1, 1, 1, 1, 1, 1, 1, 1, 1, 1, 1, 1, 1, 1, 1, 1, 1, 1], [0, 1, 1, 1, 1, 1, 1, 1, 1, 1, 1, 1, 1, 1, 1, 0, 1, 1, 1, 1, 1, 1, 1, 1, 1, 1, 1, 1, 1, 1, 1, 1, 1, 1, 1, 1, 1, 1, 1, 1, 1, 1, 1, 1, 1, 1, 1, 1, 1, 1, 1, 1], [0, 1, 1, 1, 1, 1, 1, 1, 1, 1, 1, 1, 1, 1, 1, 1, 0, 1, 1, 1, 1, 1, 1, 1, 1, 1, 1, 1, 1, 1, 1, 1, 1, 1, 1, 1, 1, 1, 1, 1, 1, 1, 1, 1, 1, 1, 1, 1, 1, 1, 1, 1], [0, 1, 1, 1, 1, 1, 1, 1, 1, 1, 1, 1, 1, 1, 1, 1, 1, 0, 1, 1, 1, 1, 1, 1, 1, 1, 1, 1, 1, 1, 1, 1, 1, 1, 1, 1, 1, 1, 1, 1, 1, 1, 1, 1, 1, 1, 1, 1, 1, 1, 1, 1], [0, 1, 1, 1, 1, 1, 1, 1, 1, 1, 1, 1, 1, 1, 1, 1, 1, 1, 0, 1, 1, 1, 1, 1, 1, 1, 1, 1, 1, 1, 1, 1, 1, 1, 1, 1, 1, 1, 1, 1, 1, 1, 1, 1, 1, 1, 1, 1, 1, 1, 1, 1], [0, 1, 1, 1, 1, 1, 1, 1, 1, 1, 1, 1, 1, 1, 1, 1, 1, 1, 1, 0, 1, 1, 1, 1, 1, 1, 1, 1, 1, 1, 1, 1, 1, 1, 1, 1, 1, 1, 1, 1, 1, 1, 1, 1, 1, 1, 1, 1, 1, 1, 1, 1], [0, 1, 1, 1, 1, 1, 1, 1, 1, 1, 1, 1, 1, 1, 1, 1, 1, 1, 1, 1, 0, 1, 1, 1, 1, 1, 1, 1, 1, 1, 1, 1, 1, 1, 1, 1, 1, 1, 1, 1, 1, 1, 1, 1, 1, 1, 1, 1, 1, 1, 1, 1], [0, 1, 1, 1, 1, 1, 1, 1, 1, 1, 1, 1, 1, 1, 1, 1, 1, 1, 1, 1, 1, 0, 1, 1, 1, 1, 1, 1, 1, 1, 1, 1, 1, 1, 1, 1, 1, 1, 1, 1, 1, 1, 1, 1, 1, 1, 1, 1, 1, 1, 1, 1], [0, 1, 1, 1, 1, 1, 1, 1, 1, 1, 1, 1, 1, 1, 1, 1, 1, 1, 1, 1, 1, 1, 0, 1, 1, 1, 1, 1, 1, 1, 1, 1, 1, 1, 1, 1, 1, 1, 1, 1, 1, 1, 1, 1, 1, 1, 1, 1, 1, 1, 1, 1], [0, 1, 1, 1, 1, 1, 1, 1, 1, 1, 1, 1, 1, 1, 1, 1, 1, 1, 1, 1, 1, 1, 1, 0, 1, 1, 1, 1, 1, 1, 1, 1, 1, 1, 1, 1, 1, 1, 1, 1, 1, 1, 1, 1, 1, 1, 1, 1, 1, 1, 1, 1], [0, 1, 1, 1, 1, 1, 1, 1, 1, 1, 1, 1, 1, 1, 1, 1, 1, 1, 1, 1, 1, 1, 1, 1, 0, 1, 1, 1, 1, 1, 1, 1, 1, 1, 1, 1, 1, 1, 1, 1, 1, 1, 1, 1, 1, 1, 1, 1, 1, 1, 1, 1], [0, 1, 1, 1, 1, 1, 1, 1, 1, 1, 1, 1, 1, 1, 1, 1, 1, 1, 1, 1, 1, 1, 1, 1, 1, 0, 1, 1, 1, 1, 1, 1, 1, 1, 1, 1, 1, 1, 1, 1, 1, 1, 1, 1, 1, 1, 1, 1, 1, 1, 1, 1], [0, 1, 1, 1, 1, 1, 1, 1, 1, 1, 1, 1, 1, 1, 1, 1, 1, 1, 1, 1, 1, 1, 1, 1, 1, 1, 0, 1, 1, 1, 1, 1, 1, 1, 1, 1, 1, 1, 1, 1, 1, 1, 1, 1, 1, 1, 1, 1, 1, 1, 1, 1], [0, 1, 1, 1, 1, 1, 1, 1, 1, 1, 1, 1, 1, 1, 1, 1, 1, 1, 1, 1, 1, 1, 1, 1, 1, 1, 1, 0, 1, 1, 1, 1, 1, 1, 1, 1, 1, 1, 1, 1, 1, 1, 1, 1, 1, 1, 1, 1, 1, 1, 1, 1], [0, 1, 1, 1, 1, 1, 1, 1, 1, 1, 1, 1, 1, 1, 1, 1, 1, 1, 1, 1, 1, 1, 1, 1, 1, 1, 1, 1, 0, 1, 1, 1, 1, 1, 1, 1, 1, 1, 1, 1, 1, 1, 1, 1, 1, 1, 1, 1, 1, 1, 1, 1], [0, 1, 1, 1, 1, 1, 1, 1, 1, 1, 1, 1, 1, 1, 1, 1, 1, 1, 1, 1, 1, 1, 1, 1, 1, 1, 1, 1, 1, 0, 1, 1, 1, 1, 1, 1, 1, 1, 1, 1, 1, 1, 1, 1, 1, 1, 1, 1, 1, 1, 1, 1], [0, 1, 1, 1, 1, 1, 1, 1, 1, 1, 1, 1, 1, 1, 1, 1, 1, 1, 1, 1, 1, 1, 1, 1, 1, 1, 1, 1, 1, 1, 0, 1, 1, 1, 1, 1, 1, 1, 1, 1, 1, 1, 1, 1, 1, 1, 1, 1, 1, 1, 1, 1], [0, 1, 1, 1, 1, 1, 1, 1, 1, 1, 1, 1, 1, 1, 1, 1, 1, 1, 1, 1, 1, 1, 1, 1, 1, 1, 1, 1, 1, 1, 1, 0, 1, 1, 1, 1, 1, 1, 1, 1, 1, 1, 1, 1, 1, 1, 1, 1, 1, 1, 1, 1], [0, 1, 1, 1, 1, 1, 1, 1, 1, 1, 1, 1, 1, 1, 1, 1, 1, 1, 1, 1, 1, 1, 1, 1, 1, 1, 1, 1, 1, 1, 1, 1, 0, 1, 1, 1, 1, 1, 1, 1, 1, 1, 1, 1, 1, 1, 1, 1, 1, 1, 1, 1], [0, 1, 1, 1, 1, 1, 1, 1, 1, 1, 1, 1, 1, 1, 1, 1, 1, 1, 1, 1, 1, 1, 1, 1, 1, 1, 1, 1, 1, 1, 1, 1, 1, 0, 1, 1, 1, 1, 1, 1, 1, 1, 1, 1, 1, 1, 1, 1, 1, 1, 1, 1], [0, 1, 1, 1, 1, 1, 1, 1, 1, 1, 1, 1, 1, 1, 1, 1, 1, 1, 1, 1, 1, 1, 1, 1, 1, 1, 1, 1, 1, 1, 1, 1, 1, 1, 0, 1, 1, 1, 1, 1, 1, 1, 1, 1, 1, 1, 1, 1, 1, 1, 1, 1], [0, 1, 1, 1, 1, 1, 1, 1, 1, 1, 1, 1, 1, 1, 1, 1, 1, 1, 1, 1, 1, 1, 1, 1, 1, 1, 1, 1, 1, 1, 1, 1, 1, 1, 1, 0, 1, 1, 1, 1, 1, 1, 1, 1, 1, 1, 1, 1, 1, 1, 1, 1], [0, 1, 1, 1, 1, 1, 1, 1, 1, 1, 1, 1, 1, 1, 1, 1, 1, 1, 1, 1, 1, 1, 1, 1, 1, 1, 1, 1, 1, 1, 1, 1, 1, 1, 1, 1, 0, 1, 1, 1, 1, 1, 1, 1, 1, 1, 1, 1, 1, 1, 1, 1], [0, 1, 1, 1, 1, 1, 1, 1, 1, 1, 1, 1, 1, 1, 1, 1, 1, 1, 1, 1, 1, 1, 1, 1, 1, 1, 1, 1, 1, 1, 1, 1, 1, 1, 1, 1, 1, 0, 1, 1, 1, 1, 1, 1, 1, 1, 1, 1, 1, 1, 1, 1], [0, 1, 1, 1, 1, 1, 1, 1, 1, 1, 1, 1, 1, 1, 1, 1, 1, 1, 1, 1, 1, 1, 1, 1, 1, 1, 1, 1, 1, 1, 1, 1, 1, 1, 1, 1, 1, 1, 0, 1, 1, 1, 1, 1, 1, 1, 1, 1, 1, 1, 1, 1], [0, 1, 1, 1, 1, 1, 1, 1, 1, 1, 1, 1, 1, 1, 1, 1, 1, 1, 1, 1, 1, 1, 1, 1, 1, 1, 1, 1, 1, 1, 1, 1, 1, 1, 1, 1, 1, 1, 1, 0, 1, 1, 1, 1, 1, 1, 1, 1, 1, 1, 1, 1], [0, 1, 1, 1, 1, 1, 1, 1, 1, 1, 1, 1, 1, 1, 1, 1, 1, 1, 1, 1, 1, 1, 1, 1, 1, 1, 1, 1, 1, 1, 1, 1, 1, 1, 1, 1, 1, 1, 1, 1, 0, 1, 1, 1, 1, 1, 1, 1, 1, 1, 1, 1], [0, 1, 1, 1, 1, 1, 1, 1, 1, 1, 1, 1, 1, 1, 1, 1, 1, 1, 1, 1, 1, 1, 1, 1, 1, 1, 1, 1, 1, 1, 1, 1, 1, 1, 1, 1, 1, 1, 1, 1, 1, 0, 1, 1, 1, 1, 1, 1, 1, 1, 1, 1], [0, 1, 1, 1, 1, 1, 1, 1, 1, 1, 1, 1, 1, 1, 1, 1, 1, 1, 1, 1, 1, 1, 1, 1, 1, 1, 1, 1, 1, 1, 1, 1, 1, 1, 1, 1, 1, 1, 1, 1, 1, 1, 0, 1, 1, 1, 1, 1, 1, 1, 1, 1], [0, 1, 1, 1, 1, 1, 1, 1, 1, 1, 1, 1, 1, 1, 1, 1, 1, 1, 1, 1, 1, 1, 1, 1, 1, 1, 1, 1, 1, 1, 1, 1, 1, 1, 1, 1, 1, 1, 1, 1, 1, 1, 1, 0, 1, 1, 1, 1, 1, 1, 1, 1], [0, 1, 1, 1, 1, 1, 1, 1, 1, 1, 1, 1, 1, 1, 1, 1, 1, 1, 1, 1, 1, 1, 1, 1, 1, 1, 1, 1, 1, 1, 1, 1, 1, 1, 1, 1, 1, 1, 1, 1, 1, 1, 1, 1, 0, 1, 1, 1, 1, 1, 1, 1], [0, 1, 1, 1, 1, 1, 1, 1, 1, 1, 1, 1, 1, 1, 1, 1, 1, 1, 1, 1, 1, 1, 1, 1, 1, 1, 1, 1, 1, 1, 1, 1, 1, 1, 1, 1, 1, 1, 1, 1, 1, 1, 1, 1, 1, 0, 1, 1, 1, 1, 1, 1], [0, 1, 1, 1, 1, 1, 1, 1, 1, 1, 1, 1, 1, 1, 1, 1, 1, 1, 1, 1, 1, 1, 1, 1, 1, 1, 1, 1, 1, 1, 1, 1, 1, 1, 1, 1, 1, 1, 1, 1, 1, 1, 1, 1, 1, 1, 0, 1, 1, 1, 1, 1], [0, 1, 1, 1, 1, 1, 1, 1, 1, 1, 1, 1, 1, 1, 1, 1, 1, 1, 1, 1, 1, 1, 1, 1, 1, 1, 1, 1, 1, 1, 1, 1, 1, 1, 1, 1, 1, 1, 1, 1, 1, 1, 1, 1, 1, 1, 1, 0, 1, 1, 1, 1], [0, 1, 1, 1, 1, 1, 1, 1, 1, 1, 1, 1, 1, 1, 1, 1, 1, 1, 1, 1, 1, 1, 1, 1, 1, 1, 1, 1, 1, 1, 1, 1, 1, 1, 1, 1, 1, 1, 1, 1, 1, 1, 1, 1, 1, 1, 1, 1, 0, 1, 1, 1], [0, 1, 1, 1, 1, 1, 1, 1, 1, 1, 1, 1, 1, 1, 1, 1, 1, 1, 1, 1, 1, 1, 1, 1, 1, 1, 1, 1, 1, 1, 1, 1, 1, 1, 1, 1, 1, 1, 1, 1, 1, 1, 1, 1, 1, 1, 1, 1, 1, 0, 1, 1], [0, 1, 1, 1, 1, 1, 1, 1, 1, 1, 1, 1, 1, 1, 1, 1, 1, 1, 1, 1, 1, 1, 1, 1, 1, 1, 1, 1, 1, 1, 1, 1, 1, 1, 1, 1, 1, 1, 1, 1, 1, 1, 1, 1, 1, 1, 1, 1, 1, 1, 0, 1], [0, 0, 0, 0, 0, 0, 0, 0, 0, 0, 0, 0, 0, 0, 0, 0, 0, 0, 0, 0, 0, 0, 0, 0, 0, 0, 0, 0, 0, 0, 0, 0, 0, 0, 0, 0, 0, 0, 0, 0, 0, 0, 0, 0, 0, 0, 0, 0, 0, 0, 0, 0]]}, "cluster_count": 3, "cluster_speeds": [[0.925, 0.85, 0.925, 1.0, 0.8325, 0.765, 0.8325, 0.9, 0.4625, 0.425, 0.4625, 0.5, 0.30525, 0.2805, 0.30525, 0.33, 0.37, 0.34, 0.37, 0.4, 0.555, 0.51, 0.555, 0.6, 0.6475, 0.595, 0.6475, 0.7, 0.37, 0.34, 0.37, 0.4, 0.30525, 0.2805, 0.30525, 0.33, 0.4625, 0.425, 0.4625, 0.5, 0.6475, 0.595, 0.6475, 0.7, 0.74, 0.68, 0.74, 0.8, 0.6475, 0.595, 0.6475, 0.7, 0.4625, 0.425, 0.4625, 0.5, 0.555, 0.51, 0.555, 0.6, 0.6475, 0.595, 0.6475, 0.7, 0.8325, 0.765, 0.8325, 0.9, 0.925, 0.85, 0.925, 1.0, 1.0], [0.8325, 0.765, 0.8325, 0.9, 0.7492500000000001, 0.6885, 0.7492500000000001, 0.81, 0.41625, 0.3825, 0.41625, 0.45, 0.27472500000000005, 0.25245, 0.27472500000000005, 0.29700000000000004, 0.333, 0.30600000000000005, 0.333, 0.36000000000000004, 0.49950000000000006, 0.459, 0.49950000000000006, 0.54, 0.6475, 0.595, 0.6475, 0.7, 0.37, 0.34, 0.37, 0.4, 0.30525, 0.2805, 0.30525, 0.33, 0.4625, 0.425, 0.4625, 0.5, 0.6475, 0.595, 0.6475, 0.7, 0.74, 0.68, 0.74, 0.8, 0.58275, 0.5355, 0.58275, 0.63, 0.41625, 0.3825, 0.41625, 0.45, 0.49950000000000006, 0.459, 0.49950000000000006, 0.54, 0.58275, 0.5355, 0.58275, 0.63, 0.7492500000000001, 0.6885, 0.7492500000000001, 0.81, 0.8325, 0.765, 0.8325, 0.9, 0.9], [0.87875, 0.8075, 0.87875, 0.95, 0.790875, 0.72675, 0.790875, 0.855, 0.439375, 0.40375, 0.439375, 0.475, 0.2899875, 0.266475, 0.2899875, 0.3135, 0.3515, 0.323, 0.3515, 0.38, 0.52725, 0.4845, 0.52725, 0.57, 0.6475, 0.595, 0.6475, 0.7, 0.37, 0.34, 0.37, 0.4, 0.30525, 0.2805, 0.30525, 0.33, 0.4625, 0.425, 0.4625, 0.5, 0.6475, 0.595, 0.6475, 0.7, 0.74, 0.68, 0.74, 0.8, 0.6151249999999999, 0.5652499999999999, 0.6151249999999999, 0.6649999999999999, 0.439375, 0.40375, 0.439375, 0.475, 0.52725, 0.4845, 0.52725, 0.57, 0.6151249999999999, 0.5652499999999999, 0.6151249999999999, 0.6649999999999999, 0.790875, 0.72675, 0.790875, 0.855, 0.87875, 0.8075, 0.87875, 0.95, 0.95]], "clusters": [[-1, 2, 2, 2, 2, 2, 2, 2, 2, 2, 2, 2, 2, 2, 2, 2, 2, 2, 2, 2, 2, 2, 2, 2, 2, 2, 2, 2, 2, 2, 2, 2, 2, 2, 2, 2, 2, 2, 2, 2, 2, 2, 2, 2, 2, 2, 2, 2, 2, 2, 2, 2], [1, -1, 1, 1, 1, 1, 1, 1, 1, 1, 1, 1, 1, 1, 1, 1, 1, 1, 1, 1, 1, 1, 1, 1, 1, 1, 1, 1, 1, 1, 1, 1, 1, 1, 1, 1, 1, 1, 1, 1, 1, 1, 1, 1, 1, 1, 1, 1, 1, 1, 1, 1], [0, 0, -1, 0, 0, 0, 0, 0, 0, 0, 0, 0, 0, 0, 0, 0, 0, 0, 0, 0, 0, 0, 0, 0, 0, 0, 0, 0, 0, 0, 0, 0, 0, 0, 0, 0, 0, 0, 0, 0, 0, 0, 0, 0, 0, 0, 0, 0, 0, 0, 0, 0], [0, 0, 0, -1, 0, 0, 0, 0, 0, 0, 0, 0, 0, 0, 0, 0, 0, 0, 0, 0, 0, 0, 0, 0, 0, 0, 0, 0, 0, 0, 0, 0, 0, 0, 0, 0, 0, 0, 0, 0, 0, 0, 0, 0, 0, 0, 0, 0, 0, 0, 0, 0], [0, 0, 0, 0, -1, 0, 0, 0, 0, 0, 0, 0, 0, 0, 0, 0, 0, 0, 0, 0, 0, 0, 0, 0, 0, 0, 0, 0, 0, 0, 0, 0, 0, 0, 0, 0, 0, 0, 0, 0, 0, 0, 0, 0, 0, 0, 0, 0, 0, 0, 0, 0], [0, 0, 0, 0, 0, -1, 0, 0, 0, 0, 0, 0, 0, 0, 0, 0, 0, 0, 0, 0, 0, 0, 0, 0, 0, 0, 0, 0, 0, 0, 0, 0, 0, 0, 0, 0, 0, 0, 0, 0, 0, 0, 0, 0, 0, 0, 0, 0, 0, 0, 0, 0], [0, 0, 0, 0, 0, 0, -1, 0, 0, 0, 0, 0, 0, 0, 0, 0, 0, 0, 0, 0, 0, 0, 0, 0, 0, 0, 0, 0, 0, 0, 0, 0, 0, 0, 0, 0, 0, 0, 0, 0, 0, 0, 0, 0, 0, 0, 0, 0, 0, 0, 0, 0], [0, 0, 0, 0, 0, 0, 0, -1, 0, 0, 0, 0, 0, 0, 0, 0, 0, 0, 0, 0, 0, 0, 0, 0, 0, 0, 0, 0, 0, 0, 0, 0, 0, 0, 0, 0, 0, 0, 0, 0, 0, 0, 0, 0, 0, 0, 0, 0, 0, 0, 0, 0], [1, 1, 1, 1, 1, 1, 1, 1, -1, 1, 1, 1, 1, 1, 1, 1, 1, 1, 1, 1, 1, 1, 1, 1, 1, 1, 1, 1, 1, 1, 1, 1, 1, 1, 1, 1, 1, 1, 1, 1, 1, 1, 1, 1, 1, 1, 1, 1, 1, 1, 1, 1], [0, 0, 0, 0, 0, 0, 0, 0, 0, -1, 0, 0, 0, 0, 0, 0, 0, 0, 0, 0, 0, 0, 0, 0, 0, 0, 0, 0, 0, 0, 0, 0, 0, 0, 0, 0, 0, 0, 0, 0, 0, 0, 0, 0, 0, 0, 0, 0, 0, 0, 0, 0], [0, 0, 0, 0, 0, 0, 0, 0, 0, 0, -1, 0, 0, 0, 0, 0, 0, 0, 0, 0, 0, 0, 0, 0, 0, 0, 0, 0, 0, 0, 0, 0, 0, 0, 0, 0, 0, 0, 0, 0, 0, 0, 0, 0, 0, 0, 0, 0, 0, 0, 0, 0], [1, 1, 1, 1, 1, 1, 1, 1, 1, 1, 1, -1, 1, 1, 1, 1, 1, 1, 1, 1, 1, 1, 1, 1, 1, 1, 1, 1, 1, 1, 1, 1, 1, 1, 1, 1, 1, 1, 1, 1, 1, 1, 1, 1, 1, 1, 1, 1, 1, 1, 1, 1], [0, 0, 0, 0, 0, 0, 0, 0, 0, 0, 0, 0, -1, 0, 0, 0, 0, 0, 0, 0, 0, 0, 0, 0, 0, 0, 0, 0, 0, 0, 0, 0, 0, 0, 0, 0, 0, 0, 0, 0, 0, 0, 0, 0, 0, 0, 0, 0, 0, 0, 0, 0], [0, 0, 0, 0, 0, 0, 0, 0, 0, 0, 0, 0, 0, -1, 0, 0, 0, 0, 0, 0, 0, 0, 0, 0, 0, 0, 0, 0, 0, 0, 0, 0, 0, 0, 0, 0, 0, 0, 0, 0, 0, 0, 0, 0, 0, 0, 0, 0, 0, 0, 0, 0], [0, 0, 0, 0, 0, 0, 0, 0, 0, 0, 0, 0, 0, 0, -1, 0, 0, 0, 0, 0, 0, 0, 0, 0, 0, 0, 0, 0, 0, 0, 0, 0, 0, 0, 0, 0, 0, 0, 0, 0, 0, 0, 0, 0, 0, 0, 0, 0, 0, 0, 0, 0], [0, 0, 0, 0, 0, 0, 0, 0, 0, 0, 0, 0, 0, 0, 0, -1, 0, 0, 0, 0, 0, 0, 0, 0, 0, 0, 0, 0, 0, 0, 0, 0, 0, 0, 0, 0, 0, 0, 0, 0, 0, 0, 0, 0, 0, 0, 0, 0, 0, 0, 0, 0], [0, 0, 0, 0, 0, 0, 0, 0, 0, 0, 0, 0, 0, 0, 0, 0, -1, 0, 0, 0, 0, 0, 0, 0, 0, 0, 0, 0, 0, 0, 0, 0, 0, 0, 0, 0, 0, 0, 0, 0, 0, 0, 0, 0, 0, 0, 0, 0, 0, 0, 0, 0], [0, 0, 0, 0, 0, 0, 0, 0, 0, 0, 0, 0, 0, 0, 0, 0, 0, -1, 0, 0, 0, 0, 0, 0, 0, 0, 0, 0, 0, 0, 0, 0, 0, 0, 0, 0, 0, 0, 0, 0, 0, 0, 0, 0, 0, 0, 0, 0, 0, 0, 0, 0], [1, 1, 1, 1, 1, 1, 1, 1, 1, 1, 1, 1, 1, 1, 1, 1, 1, 1, -1, 1, 1, 1, 1, 1, 1, 1, 1, 1, 1, 1, 1, 1, 1, 1, 1, 1, 1, 1, 1, 1, 1, 1, 1, 1, 1, 1, 1, 1, 1, 1, 1, 1], [0, 0, 0, 0, 0, 0, 0, 0, 0, 0, 0, 0, 0, 0, 0, 0, 0, 0, 0, -1, 0, 0, 0, 0, 0, 0, 0, 0, 0, 0, 0, 0, 0, 0, 0, 0, 0, 0, 0, 0, 0, 0, 0, 0, 0, 0, 0, 0, 0, 0, 0, 0], [0, 0, 0, 0, 0, 0, 0, 0, 0, 0, 0, 0, 0, 0, 0, 0, 0, 0, 0, 0, -1, 0, 0, 0, 0, 0, 0, 0, 0, 0, 0, 0, 0, 0, 0, 0, 0, 0, 0, 0, 0, 0, 0, 0, 0, 0, 0, 0, 0, 0, 0, 0], [1, 1, 1, 1, 1, 1, 1, 1, 1, 1, 1, 1, 1, 1, 1, 1, 1, 1, 1, 1, 1, -1, 1, 1, 1, 1, 1, 1, 1, 1, 1, 1, 1, 1, 1, 1, 1, 1, 1, 1, 1, 1, 1, 1, 1, 1, 1, 1, 1, 1, 1, 1], [0, 0, 0, 0, 0, 0, 0, 0, 0, 0, 0, 0, 0, 0, 0, 0, 0, 0, 0, 0, 0, 0, -1, 0, 0, 0, 0, 0, 0, 0, 0, 0, 0, 0, 0, 0, 0, 0, 0, 0, 0, 0, 0, 0, 0, 0, 0, 0, 0, 0, 0, 0], [1, 1, 1, 1, 1, 1, 1, 1, 1, 1, 1, 1, 1, 1, 1, 1, 1, 1, 1, 1, 1, 1, 1, -1, 1, 1, 1, 1, 1, 1, 1, 1, 1, 1, 1, 1, 1, 1, 1, 1, 1, 1, 1, 1, 1, 1, 1, 1, 1, 1, 1, 1], [0, 0, 0, 0, 0, 0, 0, 0, 0, 0, 0, 0, 0, 0, 0, 0, 0, 0, 0, 0, 0, 0, 0, 0, -1, 0, 0, 0, 0, 0, 0, 0, 0, 0, 0, 0, 0, 0, 0, 0, 0, 0, 0, 0, 0, 0, 0, 0, 0, 0, 0, 0], [0, 0, 0, 0, 0, 0, 0, 0, 0, 0, 0, 0, 0, 0, 0, 0, 0, 0, 0, 0, 0, 0, 0, 0, 0, -1, 0, 0, 0, 0, 0, 0, 0, 0, 0, 0, 0, 0, 0, 0, 0, 0, 0, 0, 0, 0, 0, 0, 0, 0, 0, 0], [0, 0, 0, 0, 0, 0, 0, 0, 0, 0, 0, 0, 0, 0, 0, 0, 0, 0, 0, 0, 0, 0, 0, 0, 0, 0, -1, 0, 0, 0, 0, 0, 0, 0, 0, 0, 0, 0, 0, 0, 0, 0, 0, 0, 0, 0, 0, 0, 0, 0, 0, 0], [0, 0, 0, 0, 0, 0, 0, 0, 0, 0, 0, 0, 0, 0, 0, 0, 0, 0, 0, 0, 0, 0, 0, 0, 0, 0, 0, -1, 0, 0, 0, 0, 0, 0, 0, 0, 0, 0, 0, 0, 0, 0, 0, 0, 0, 0, 0, 0, 0, 0, 0, 0], [1, 1, 1, 1, 1, 1, 1, 1, 1, 1, 1, 1, 1, 1, 1, 1, 1, 1, 1, 1, 1, 1, 1, 1, 1, 1, 1, 1, -1, 1, 1, 1, 1, 1, 1, 1, 1, 1, 1, 1, 1, 1, 1, 1, 1, 1, 1, 1, 1, 1, 1, 1], [0, 0, 0, 0, 0, 0, 0, 0, 0, 0, 0, 0, 0, 0, 0, 0, 0, 0, 0, 0, 0, 0, 0, 0, 0, 0, 0, 0, 0, -1, 0, 0, 0, 0, 0, 0, 0, 0, 0, 0, 0, 0, 0, 0, 0, 0, 0, 0, 0, 0, 0, 0], [1, 1, 1, 1, 1, 1, 1, 1, 1, 1, 1, 1, 1, 1, 1, 1, 1, 1, 1, 1, 1, 1, 1, 1, 1, 1, 1, 1, 1, 1, -1, 1, 1, 1, 1, 1, 1, 1, 1, 1, 1, 1, 1, 1, 1, 1, 1, 1, 1, 1, 1, 1], [2, 2, 2, 2, 2, 2, 2, 2, 2, 2, 2, 2, 2, 2, 2, 2, 2, 2, 2, 2, 2, 2, 2, 2, 2, 2, 2, 2, 2, 2, 2, -1, 2, 2, 2, 2, 2, 2, 2, 2, 2, 2, 2, 2, 2, 2, 2, 2, 2, 2, 2, 2], [0, 0, 0, 0, 0, 0, 0, 0, 0, 0, 0, 0, 0, 0, 0, 0, 0, 0, 0, 0, 0, 0, 0, 0, 0, 0, 0, 0, 0, 0, 0, 0, -1, 0, 0, 0, 0, 0, 0, 0, 0, 0, 0, 0, 0, 0, 0, 0, 0, 0, 0, 0], [0, 0, 0, 0, 0, 0, 0, 0, 0, 0, 0, 0, 0, 0, 0, 0, 0, 0, 0, 0, 0, 0, 0, 0, 0, 0, 0, 0, 0, 0, 0, 0, 0, -1, 0, 0, 0, 0, 0, 0, 0, 0, 0, 0, 0, 0, 0, 0, 0, 0, 0, 0], [0, 0, 0, 0, 0, 0, 0, 0, 0, 0, 0, 0, 0, 0, 0, 0, 0, 0, 0, 0, 0, 0, 0, 0, 0, 0, 0, 0, 0, 0, 0, 0, 0, 0, -1, 0, 0, 0, 0, 0, 0, 0, 0, 0, 0, 0, 0, 0, 0, 0, 0, 0], [0, 0, 0, 0, 0, 0, 0, 0, 0, 0, 0, 0, 0, 0, 0, 0, 0, 0, 0, 0, 0, 0, 0, 0, 0, 0, 0, 0, 0, 0, 0, 0, 0, 0, 0, -1, 0, 0, 0, 0, 0, 0, 0, 0, 0, 0, 0, 0, 0, 0, 0, 0], [0, 0, 0, 0, 0, 0, 0, 0, 0, 0, 0, 0, 0, 0, 0, 0, 0, 0, 0, 0, 0, 0, 0, 0, 0, 0, 0, 0, 0, 0, 0, 0, 0, 0, 0, 0, -1, 0, 0, 0, 0, 0, 0, 0, 0, 0, 0, 0, 0, 0, 0, 0], [0, 0, 0, 0, 0, 0, 0, 0, 0, 0, 0, 0, 0, 0, 0, 0, 0, 0, 0, 0, 0, 0, 0, 0, 0, 0, 0, 0, 0, 0, 0, 0, 0, 0, 0, 0, 0, -1, 0, 0, 0, 0, 0, 0, 0, 0, 0, 0, 0, 0, 0, 0], [1, 1, 1, 1, 1, 1, 1, 1, 1, 1, 1, 1, 1, 1, 1, 1, 1, 1, 1, 1, 1, 1, 1, 1, 1, 1, 1, 1, 1, 1, 1, 1, 1, 1, 1, 1, 1, 1, -1, 1, 1, 1, 1, 1, 1, 1, 1, 1, 1, 1, 1, 1], [0, 0, 0, 0, 0, 0, 0, 0, 0, 0, 0, 0, 0, 0, 0, 0, 0, 0, 0, 0, 0, 0, 0, 0, 0, 0, 0, 0, 0, 0, 0, 0, 0, 0, 0, 0, 0, 0, 0, -1, 0, 0, 0, 0, 0, 0, 0, 0, 0, 0, 0, 0], [0, 0, 0, 0, 0, 0, 0, 0, 0, 0, 0, 0, 0, 0, 0, 0, 0, 0, 0, 0, 0, 0, 0, 0, 0, 0, 0, 0, 0, 0, 0, 0, 0, 0, 0, 0, 0, 0, 0, 0, -1, 0, 0, 0, 0, 0, 0, 0, 0, 0, 0, 0], [0, 0, 0, 0, 0, 0, 0, 0, 0, 0, 0, 0, 0, 0, 0, 0, 0, 0, 0, 0, 0, 0, 0, 0, 0, 0, 0, 0, 0, 0, 0, 0, 0, 0, 0, 0, 0, 0, 0, 0, 0, -1, 0, 0, 0, 0, 0, 0, 0, 0, 0, 0], [0, 0, 0, 0, 0, 0, 0, 0, 0, 0, 0, 0, 0, 0, 0, 0, 0, 0, 0, 0, 0, 0, 0, 0, 0, 0, 0, 0, 0, 0, 0, 0, 0, 0, 0, 0, 0, 0, 0, 0, 0, 0, -1, 0, 0, 0, 0, 0, 0, 0, 0, 0], [0, 0, 0, 0, 0, 0, 0, 0, 0, 0, 0, 0, 0, 0, 0, 0, 0, 0, 0, 0, 0, 0, 0, 0, 0, 0, 0, 0, 0, 0, 0, 0, 0, 0, 0, 0, 0, 0, 0, 0, 0, 0, 0, -1, 0, 0, 0, 0, 0, 0, 0, 0], [0, 0, 0, 0, 0, 0, 0, 0, 0, 0, 0, 0, 0, 0, 0, 0, 0, 0, 0, 0, 0, 0, 0, 0, 0, 0, 0, 0, 0, 0, 0, 0, 0, 0, 0, 0, 0, 0, 0, 0, 0, 0, 0, 0, -1, 0, 0, 0, 0, 0, 0, 0], [1, 1, 1, 1, 1, 1, 1, 1, 1, 1, 1, 1, 1, 1, 1, 1, 1, 1, 1, 1, 1, 1, 1, 1, 1, 1, 1, 1, 1, 1, 1, 1, 1, 1, 1, 1, 1, 1, 1, 1, 1, 1, 1, 1, 1, -1, 1, 1, 1, 1, 1, 1], [0, 0, 0, 0, 0, 0, 0, 0, 0, 0, 0, 0, 0, 0, 0, 0, 0, 0, 0, 0, 0, 0, 0, 0, 0, 0, 0, 0, 0, 0, 0, 0, 0, 0, 0, 0, 0, 0, 0, 0, 0, 0, 0, 0, 0, 0, -1, 0, 0, 0, 0, 0], [0, 0, 0, 0, 0, 0, 0, 0, 0, 0, 0, 0, 0, 0, 0, 0, 0, 0, 0, 0, 0, 0, 0, 0, 0, 0, 0, 0, 0, 0, 0, 0, 0, 0, 0, 0, 0, 0, 0, 0, 0, 0, 0, 0, 0, 0, 0, -1, 0, 0, 0, 0], [0, 0, 0, 0, 0, 0, 0, 0, 0, 0, 0, 0, 0, 0, 0, 0, 0, 0, 0, 0, 0, 0, 0, 0, 0, 0, 0, 0, 0, 0, 0, 0, 0, 0, 0, 0, 0, 0, 0, 0, 0, 0, 0, 0, 0, 0, 0, 0, -1, 0, 0, 0], [0, 0, 0, 0, 0, 0, 0, 0, 0, 0, 0, 0, 0, 0, 0, 0, 0, 0, 0, 0, 0, 0, 0, 0, 0, 0, 0, 0, 0, 0, 0, 0, 0, 0, 0, 0, 0, 0, 0, 0, 0, 0, 0, 0, 0, 0, 0, 0, 0, -1, 0, 0], [0, 0, 0, 0, 0, 0, 0, 0, 0, 0, 0, 0, 0, 0, 0, 0, 0, 0, 0, 0, 0, 0, 0, 0, 0, 0, 0, 0, 0, 0, 0, 0, 0, 0, 0, 0, 0, 0, 0, 0, 0, 0, 0, 0, 0, 0, 0, 0, 0, 0, -1, 0], [2, 2, 2, 2, 2, 2, 2, 2, 2, 2, 2, 2, 2, 2, 2, 2, 2, 2, 2, 2, 2, 2, 2, 2, 2, 2, 2, 2, 2, 2, 2, 2, 2, 2, 2, 2, 2, 2, 2, 2, 2, 2, 2, 2, 2, 2, 2, 2, 2, 2, 2, -1]], "speed_zone_count": 73, "speed_zones": [[0.0, 15.0], [15.0, 30.0], [30.0, 45.0], [45.0, 60.0], [60.0, 75.0], [75.0, 90.0], [90.0, 105.0], [105.0, 120.0], [120.0, 135.0], [135.0, 150.0], [150.0, 165.0], [165.0, 180.0], [180.0, 195.0], [195.0, 210.0], [210.0, 225.0], [225.0, 240.0], [240.0, 255.0], [255.0, 270.0], [270.0, 285.0], [285.0, 300.0], [300.0, 315.0], [315.0, 330.0], [330.0, 345.0], [345.0, 360.0], [360.0, 375.0], [375.0, 390.0], [390.0, 405.0], [405.0, 420.0], [420.0, 435.0], [435.0, 450.0], [450.0, 465.0], [465.0, 480.0], [480.0, 495.0], [495.0, 510.0], [510.0, 525.0], [525.0, 540.0], [540.0, 555.0], [555.0, 570.0], [570.0, 585.0], [585.0, 600.0], [600.0, 615.0], [615.0, 630.0], [630.0, 645.0], [645.0, 660.0], [660.0, 675.0], [675.0, 690.0], [690.0, 705.0], [705.0, 720.0], [720.0, 735.0], [735.0, 750.0], [750.0, 765.0], [765.0, 780.0], [780.0, 795.0], [795.0, 810.0], [810.0, 825.0], [825.0, 840.0], [840.0, 855.0], [855.0, 870.0], [870.0, 885.0], [885.0, 900.0], [900.0, 915.0], [915.0, 930.0], [930.0, 945.0], [945.0, 960.0], [960.0, 975.0], [975.0, 990.0], [990.0, 1005.0], [1005.0, 1020.0], [1020.0, 1035.0], [1035.0, 1050.0], [1050.0, 1065.0], [1065.0, 1080.0], [1080.0, 5000.0]], "distances": [[0.0, 67.07, 77.07, 80.33, 71.16, 68.68, 80.47, 65.41, 83.58, 79.95, 77.79, 54.42, 76.53, 61.26, 71.19, 74.83, 76.5, 69.3, 57.99, 62.02, 69.3, 90.18, 65.73, 69.85, 72.15, 84.48, 69.62, 70.56, 60.62, 77.23, 84.1, 89.33, 72.49, 71.2, 65.92, 85.15, 71.86, 59.18, 86.27, 81.29, 72.44, 69.94, 69.41, 77.61, 76.68, 55.62, 65.74, 69.43, 71.9, 70.75, 61.9, 0.0], [0.0, 0.0, 17.99, 21.89, 26.79, 16.67, 28.19, 15.82, 31.55, 21.19, 18.57, 13.93, 17.56, 14.43, 4.33, 29.44, 18.71, 20.96, 9.26, 15.77, 18.34, 34.73, 16.92, 10.21, 13.64, 26.24, 17.38, 23.82, 6.89, 19.91, 30.7, 44.96, 13.32, 6.89, 16.47, 26.63, 14.97, 12.9, 38.88, 22.06, 15.75, 12.36, 17.9, 18.58, 18.2, 15.99, 5.01, 19.09, 16.5, 5.97, 10.77, 67.07], [0.0, 17.99, 0.0, 12.76, 14.38, 14.34, 10.84, 11.85, 13.86, 12.27, 10.0, 23.78, 9.59, 15.8, 15.16, 14.97, 8.82, 10.58, 22.55, 15.14, 8.9, 16.82, 11.8, 16.28, 5.29, 8.56, 8.11, 11.94, 23.5, 9.81, 12.83, 27.79, 5.22, 11.19, 11.49, 9.07, 5.22, 18.16, 21.56, 4.52, 4.64, 7.52, 8.56, 9.81, 8.9, 21.52, 14.88, 9.2, 5.37, 12.12, 15.75, 77.07], [0.0, 21.89, 12.76, 0.0, 14.45, 18.25, 8.15, 14.92, 10.6, 9.8, 12.46, 27.54, 4.51, 19.19, 18.84, 13.97, 12.3, 12.17, 26.51, 18.31, 11.25, 12.86, 14.65, 20.05, 9.21, 4.59, 10.76, 12.63, 27.49, 12.07, 9.34, 24.69, 9.2, 15.03, 14.43, 5.14, 8.84, 21.78, 18.46, 8.78, 8.12, 11.39, 11.05, 12.53, 12.37, 24.99, 18.88, 11.31, 8.47, 15.97, 19.52, 80.33], [0.0, 26.79, 14.38, 14.45, 0.0, 23.6, 9.95, 11.59, 12.57, 14.65, 14.62, 24.53, 14.23, 15.42, 25.92, 14.73, 12.91, 5.84, 26.36, 13.69, 8.48, 19.45, 10.47, 26.42, 14.59, 16.43, 9.51, 12.45, 29.54, 12.49, 13.38, 20.7, 15.18, 21.69, 10.8, 17.09, 12.95, 18.79, 15.89, 15.64, 12.46, 14.83, 8.94, 14.38, 13.69, 20.09, 22.0, 7.72, 11.31, 22.43, 18.33, 71.16], [0.0, 16.67, 14.34, 18.25, 23.6, 0.0, 24.56, 13.11, 27.9, 17.55, 14.93, 14.56, 13.9, 12.64, 20.0, 26.07, 15.05, 17.79, 10.77, 13.7, 15.12, 31.1, 14.14, 19.51, 10.03, 22.63, 14.1, 20.6, 9.79, 16.25, 27.05, 41.37, 9.69, 15.8, 13.67, 23.03, 11.41, 11.95, 35.27, 18.45, 12.18, 8.91, 14.66, 14.93, 14.55, 15.48, 15.42, 15.88, 12.99, 16.52, 9.33, 68.68], [0.0, 28.19, 10.84, 8.15, 9.95, 24.56, 0.0, 16.75, 15.96, 8.76, 10.54, 30.58, 11.1, 21.35, 25.82, 7.53, 9.72, 11.42, 30.87, 19.94, 12.38, 9.72, 15.97, 26.83, 14.57, 7.56, 12.65, 9.91, 32.85, 8.58, 14.33, 16.97, 14.87, 21.67, 16.0, 8.1, 13.37, 24.54, 10.76, 8.96, 12.55, 16.15, 12.51, 10.41, 10.39, 26.96, 24.3, 11.93, 12.06, 22.59, 22.99, 80.47], [0.0, 15.82, 11.85, 14.92, 11.59, 13.11, 16.75, 0.0, 20.31, 14.55, 12.54, 13.86, 11.33, 4.61, 15.97, 14.92, 11.12, 6.05, 14.88, 11.91, 4.38, 25.86, 10.02, 16.06, 7.76, 19.15, 4.32, 8.86, 17.96, 11.82, 20.21, 31.65, 8.31, 12.24, 9.95, 19.8, 6.84, 7.82, 26.14, 15.89, 7.24, 6.18, 4.28, 12.33, 11.38, 10.34, 10.84, 4.86, 6.53, 12.71, 6.78, 65.41], [0.0, 31.55, 13.86, 10.6, 12.57, 27.9, 15.96, 20.31, 0.0, 11.29, 13.45, 34.16, 14.19, 24.9, 29.0, 9.38, 12.9, 14.86, 34.45, 23.47, 15.94, 6.98, 19.51, 30.06, 17.97, 8.4, 16.24, 13.08, 36.36, 11.71, 13.09, 14.1, 18.24, 24.92, 19.56, 8.71, 16.86, 28.11, 7.87, 11.13, 16.03, 19.65, 16.09, 13.36, 13.5, 30.48, 27.78, 15.48, 15.59, 25.85, 26.58, 83.58], [0.0, 21.19, 12.27, 9.8, 14.65, 17.55, 8.76, 14.55, 11.29, 0.0, 12.99, 27.01, 12.94, 18.76, 18.12, 14.35, 11.81, 12.08, 25.9, 17.93, 11.01, 13.55, 14.33, 19.33, 8.61, 5.21, 10.46, 12.71, 26.82, 12.7, 10.05, 25.38, 8.57, 14.32, 14.09, 5.73, 8.33, 21.29, 19.14, 9.4, 7.63, 10.81, 10.79, 12.8, 11.88, 24.54, 18.22, 11.12, 8.06, 15.26, 18.98, 79.95], [0.0, 18.57, 10.0, 12.46, 14.62, 14.93, 10.54, 12.54, 13.45, 12.99, 0.0, 24.52, 10.63, 16.53, 15.64, 15.02, 9.54, 11.06, 23.27, 15.85, 9.48, 16.19, 12.47, 16.8, 6.02, 7.87, 8.74, 12.27, 24.16, 10.52, 12.36, 27.44, 5.94, 11.74, 12.17, 8.37, 5.95, 18.9, 21.2, 12.06, 5.36, 8.26, 9.17, 10.53, 9.61, 22.25, 15.56, 9.75, 6.04, 12.67, 16.49, 77.79], [0.0, 13.93, 23.78, 27.54, 24.53, 14.56, 30.58, 13.86, 34.16, 27.01, 24.52, 0.0, 23.23, 9.33, 17.44, 28.24, 23.6, 19.69, 5.24, 10.94, 18.22, 39.45, 14.74, 16.34, 18.53, 32.07, 17.96, 22.25, 9.89, 24.6, 33.98, 45.15, 18.73, 16.81, 14.64, 32.66, 18.7, 6.05, 39.87, 28.27, 19.44, 16.27, 18.07, 24.38, 23.56, 4.9, 11.41, 18.72, 19.31, 16.42, 8.03, 54.42], [0.0, 17.56, 9.59, 4.51, 14.23, 13.9, 11.1, 11.33, 14.19, 12.94, 10.63, 23.23, 0.0, 15.26, 14.81, 14.96, 9.48, 10.25, 22.02, 14.61, 8.48, 17.3, 11.31, 15.9, 4.74, 9.09, 7.66, 11.72, 23.0, 10.27, 13.2, 28.07, 4.69, 10.78, 10.99, 9.61, 4.67, 17.61, 21.85, 5.07, 12.63, 6.97, 8.13, 10.46, 9.58, 20.97, 14.38, 8.81, 4.88, 11.72, 15.2, 76.53], [0.0, 14.43, 15.8, 19.19, 15.42, 12.64, 21.35, 4.61, 24.9, 18.76, 16.53, 9.33, 15.26, 0.0, 15.82, 19.02, 15.29, 10.37, 11.09, 12.84, 8.98, 30.45, 5.42, 15.47, 11.01, 23.55, 8.88, 12.98, 14.85, 16.12, 24.82, 35.9, 11.42, 12.98, 5.35, 24.19, 10.59, 12.42, 30.54, 20.09, 11.18, 8.9, 8.89, 16.35, 15.43, 5.81, 9.59, 9.43, 10.73, 13.13, 11.39, 61.26], [0.0, 4.33, 15.16, 18.84, 25.92, 20.0, 25.82, 15.97, 29.0, 18.12, 15.64, 17.44, 14.81, 15.82, 0.0, 28.1, 16.12, 20.2, 13.22, 16.82, 17.5, 31.53, 16.95, 9.45, 11.68, 22.96, 16.42, 22.92, 11.22, 17.29, 27.99, 42.77, 11.22, 4.29, 16.47, 23.28, 13.24, 15.16, 36.59, 18.83, 13.91, 11.09, 17.02, 15.69, 15.5, 18.66, 6.55, 18.25, 14.89, 10.3, 12.55, 71.19], [0.0, 29.44, 14.97, 13.97, 14.73, 26.07, 7.53, 14.92, 9.38, 14.35, 15.02, 28.24, 14.96, 19.02, 28.1, 0.0, 13.52, 8.89, 29.79, 17.33, 11.23, 16.36, 13.84, 28.77, 16.46, 14.85, 12.1, 6.07, 32.73, 12.78, 10.49, 16.91, 16.98, 23.81, 14.11, 15.46, 14.87, 22.4, 11.99, 15.07, 14.23, 17.16, 11.62, 14.81, 14.32, 23.9, 24.83, 10.5, 13.22, 24.63, 21.7, 74.83], [0.0, 18.71, 8.82, 12.3, 12.91, 15.05, 9.72, 11.12, 12.9, 11.81, 9.54, 23.6, 9.48, 15.29, 16.12, 13.52, 0.0, 9.29, 22.7, 14.48, 7.81, 16.4, 10.95, 17.16, 5.43, 8.48, 7.13, 10.51, 23.93, 9.34, 12.0, 26.69, 5.54, 12.02, 10.68, 9.06, 4.91, 17.84, 20.48, 4.8, 4.18, 7.52, 7.52, 9.35, 8.43, 21.07, 15.29, 8.03, 4.6, 12.95, 15.58, 76.5], [0.0, 20.96, 10.58, 12.17, 5.84, 17.79, 11.42, 6.05, 14.86, 12.08, 11.06, 19.69, 10.25, 10.37, 20.2, 8.89, 9.29, 0.0, 20.93, 8.78, 10.43, 20.99, 5.02, 20.64, 9.26, 15.57, 10.37, 12.79, 23.86, 9.38, 15.03, 25.61, 9.89, 16.03, 5.24, 16.26, 7.65, 13.72, 20.18, 13.34, 7.36, 9.14, 10.34, 10.81, 9.92, 15.7, 16.17, 10.51, 6.16, 16.73, 12.83, 69.3], [0.0, 9.26, 22.55, 26.51, 26.36, 10.77, 30.87, 14.88, 34.45, 25.9, 23.27, 5.24, 22.02, 11.09, 13.22, 29.79, 22.7, 20.93, 0.0, 12.85, 18.9, 39.04, 15.95, 11.92, 17.31, 31.1, 18.35, 23.73, 4.71, 23.82, 34.02, 46.49, 17.33, 13.62, 15.69, 31.63, 17.93, 7.93, 40.85, 27.05, 18.74, 15.19, 18.63, 23.18, 22.49, 9.08, 8.23, 19.54, 18.94, 13.01, 8.1, 57.99], [0.0, 15.77, 15.14, 18.31, 13.69, 13.7, 19.94, 11.91, 23.47, 17.93, 15.85, 10.94, 14.61, 12.84, 16.82, 17.33, 14.48, 8.78, 12.85, 0.0, 7.65, 29.19, 13.16, 16.6, 10.67, 22.56, 7.71, 11.31, 16.55, 15.22, 23.46, 34.22, 11.15, 13.65, 12.88, 23.21, 10.0, 5.1, 28.93, 19.27, 10.5, 8.74, 7.63, 15.65, 14.71, 7.03, 10.83, 8.02, 9.88, 13.92, 5.29, 62.02], [0.0, 18.34, 8.9, 11.25, 8.48, 15.12, 12.38, 4.38, 15.94, 11.01, 9.48, 18.22, 8.48, 8.98, 17.5, 11.23, 7.81, 10.43, 18.9, 7.65, 0.0, 21.54, 12.16, 17.95, 6.69, 15.19, 8.69, 5.49, 21.55, 8.22, 15.84, 27.62, 7.33, 13.32, 11.77, 15.86, 5.14, 12.17, 21.95, 12.34, 5.0, 6.43, 8.66, 9.25, 8.29, 14.67, 13.62, 9.24, 10.6, 14.03, 10.84, 69.3], [0.0, 34.73, 16.82, 12.86, 19.45, 31.1, 9.72, 25.86, 6.98, 13.55, 16.19, 39.45, 17.3, 30.45, 31.53, 16.36, 16.4, 20.99, 39.04, 29.19, 21.54, 0.0, 25.21, 32.8, 21.83, 8.57, 21.58, 19.63, 40.3, 15.25, 6.11, 15.73, 21.92, 27.86, 25.17, 8.31, 21.11, 33.46, 10.71, 12.71, 20.3, 23.86, 21.58, 16.21, 16.73, 36.2, 31.66, 21.22, 20.22, 28.79, 31.57, 90.18], [0.0, 16.92, 11.8, 14.65, 10.47, 14.14, 15.97, 10.02, 19.51, 14.33, 12.47, 14.74, 11.31, 5.42, 16.95, 13.84, 10.95, 5.02, 15.95, 13.16, 12.16, 25.21, 0.0, 17.09, 8.13, 18.76, 12.14, 7.78, 19.08, 11.56, 19.47, 30.62, 8.72, 13.14, 10.25, 19.42, 7.02, 8.73, 25.17, 15.67, 7.3, 6.8, 11.68, 12.25, 11.29, 11.01, 11.95, 10.79, 6.44, 13.65, 7.88, 65.73], [0.0, 10.21, 16.28, 20.05, 26.42, 19.51, 26.83, 16.06, 30.06, 19.33, 16.8, 16.34, 15.9, 15.47, 9.45, 28.77, 17.16, 20.64, 11.92, 16.6, 17.95, 32.8, 17.09, 0.0, 12.48, 24.25, 16.9, 23.42, 9.72, 18.35, 29.11, 43.74, 12.06, 5.16, 16.62, 24.59, 13.97, 14.5, 37.58, 20.1, 14.69, 11.63, 17.48, 16.84, 16.58, 17.87, 5.94, 18.7, 15.59, 4.24, 12.03, 69.85], [0.0, 13.64, 5.29, 9.21, 14.59, 10.03, 14.57, 7.76, 17.97, 8.61, 6.02, 18.53, 4.74, 11.01, 11.68, 16.46, 5.43, 9.26, 17.31, 10.67, 6.69, 21.83, 8.13, 12.48, 0.0, 13.8, 5.57, 11.66, 18.53, 6.59, 17.24, 31.34, 9.44, 7.39, 7.7, 14.34, 9.42, 13.04, 25.24, 9.81, 9.44, 10.91, 6.2, 5.91, 5.18, 16.54, 9.89, 7.34, 9.62, 8.26, 10.52, 72.15], [0.0, 26.24, 8.56, 4.59, 16.43, 22.63, 7.56, 19.15, 8.4, 5.21, 7.87, 32.07, 9.09, 23.55, 22.96, 14.85, 8.48, 15.57, 31.1, 22.56, 15.19, 8.57, 18.76, 24.25, 13.8, 0.0, 14.88, 15.31, 32.01, 7.49, 6.77, 22.08, 13.78, 19.36, 18.59, 8.81, 13.38, 26.26, 16.0, 4.19, 12.63, 15.97, 15.07, 7.94, 8.62, 29.37, 23.42, 15.1, 12.86, 20.28, 24.06, 84.48], [0.0, 17.38, 8.11, 10.76, 9.51, 14.1, 12.65, 4.32, 16.24, 10.46, 8.74, 17.96, 7.66, 8.88, 16.42, 12.1, 7.13, 10.37, 18.35, 7.71, 8.69, 21.58, 12.14, 16.9, 5.57, 14.88, 0.0, 6.52, 20.81, 7.68, 16.02, 28.28, 6.2, 12.22, 11.66, 15.54, 11.16, 11.93, 22.52, 11.8, 11.31, 5.34, 8.6, 8.5, 7.54, 14.65, 12.73, 9.18, 9.51, 12.94, 10.36, 69.62], [0.0, 23.82, 11.94, 12.63, 12.45, 20.6, 9.91, 8.86, 13.08, 12.71, 12.27, 22.25, 11.72, 12.98, 22.92, 6.07, 10.51, 12.79, 23.73, 11.31, 5.49, 19.63, 7.78, 23.42, 11.66, 15.31, 6.52, 0.0, 26.74, 10.27, 13.54, 22.92, 12.26, 18.7, 8.05, 16.0, 10.02, 16.36, 17.68, 13.83, 9.57, 11.83, 5.95, 12.02, 11.24, 18.04, 19.06, 4.73, 8.4, 19.44, 15.64, 70.56], [0.0, 6.89, 23.5, 27.49, 29.54, 9.79, 32.85, 17.96, 36.36, 26.82, 24.16, 9.89, 23.0, 14.85, 11.22, 32.73, 23.93, 23.86, 4.71, 16.55, 21.55, 40.3, 19.08, 9.72, 18.53, 32.01, 20.81, 26.74, 0.0, 25.11, 35.73, 49.08, 18.4, 13.09, 18.74, 32.46, 19.51, 12.03, 43.22, 27.84, 20.34, 16.71, 21.2, 24.11, 23.57, 13.72, 8.65, 22.25, 20.79, 12.27, 11.35, 60.62], [0.0, 19.91, 9.81, 12.07, 12.49, 16.25, 8.58, 11.82, 11.71, 12.7, 10.52, 24.6, 10.27, 16.12, 17.29, 12.78, 9.34, 9.38, 23.82, 15.22, 8.22, 15.25, 11.56, 18.35, 6.59, 7.49, 7.68, 10.27, 25.11, 0.0, 10.8, 25.55, 6.72, 13.21, 11.33, 8.1, 5.94, 18.77, 19.33, 11.67, 5.16, 8.62, 7.99, 10.33, 9.42, 21.92, 16.47, 8.34, 5.39, 14.14, 16.59, 77.23], [0.0, 30.7, 12.83, 9.34, 13.38, 27.05, 14.33, 20.21, 13.09, 10.05, 12.36, 33.98, 13.2, 24.82, 27.99, 10.49, 12.0, 15.03, 34.02, 23.46, 15.84, 6.11, 19.47, 29.11, 17.24, 6.77, 16.02, 13.54, 35.73, 10.8, 0.0, 15.48, 17.45, 23.98, 19.48, 7.05, 16.23, 27.95, 9.31, 9.75, 15.4, 19.03, 15.94, 12.3, 12.53, 30.48, 27.11, 15.44, 15.08, 24.92, 26.27, 84.1], [0.0, 44.96, 27.79, 24.69, 20.7, 41.37, 16.97, 31.65, 14.1, 25.38, 27.44, 45.15, 28.07, 35.9, 42.77, 16.91, 26.69, 25.61, 46.49, 34.22, 27.62, 15.73, 30.62, 43.74, 31.34, 22.08, 28.28, 22.92, 49.08, 25.55, 15.48, 0.0, 31.7, 38.58, 30.84, 22.21, 30.0, 39.28, 6.24, 25.21, 29.21, 32.68, 27.93, 27.33, 27.36, 40.79, 40.77, 26.96, 28.51, 39.49, 38.4, 89.33], [0.0, 13.32, 5.22, 9.2, 15.18, 9.69, 14.87, 8.31, 18.24, 8.57, 5.94, 18.73, 4.69, 11.42, 11.22, 16.98, 5.54, 9.89, 17.33, 11.15, 7.33, 21.92, 8.72, 12.06, 9.44, 13.78, 6.2, 12.26, 18.4, 6.72, 17.45, 31.7, 0.0, 6.94, 8.28, 14.3, 9.37, 13.34, 25.58, 9.73, 9.45, 11.54, 6.84, 5.85, 5.2, 16.88, 9.75, 7.97, 9.57, 7.82, 10.75, 72.49], [0.0, 6.89, 11.19, 15.03, 21.69, 15.8, 21.67, 12.24, 24.92, 14.32, 11.74, 16.81, 10.78, 12.98, 4.29, 23.81, 12.02, 16.03, 13.62, 13.65, 13.32, 27.86, 13.14, 5.16, 7.39, 19.36, 12.22, 18.7, 13.09, 13.21, 23.98, 38.58, 6.94, 0.0, 12.65, 19.74, 8.95, 13.15, 32.42, 15.17, 9.62, 6.89, 12.83, 11.76, 11.45, 16.88, 5.48, 14.06, 10.6, 9.4, 10.31, 71.2], [0.0, 16.47, 11.49, 14.43, 10.8, 13.67, 16.0, 9.95, 19.56, 14.09, 12.17, 14.64, 10.99, 5.35, 16.47, 14.11, 10.68, 5.24, 15.69, 12.88, 11.77, 25.17, 10.25, 16.62, 7.7, 18.59, 11.66, 8.05, 18.74, 11.33, 19.48, 30.84, 8.28, 12.65, 0.0, 19.25, 6.63, 8.6, 25.34, 15.43, 6.95, 6.32, 11.3, 11.95, 11.0, 11.03, 11.51, 10.49, 6.13, 13.16, 7.6, 65.92], [0.0, 26.63, 9.07, 5.14, 17.09, 23.03, 8.1, 19.8, 8.71, 5.73, 8.37, 32.66, 9.61, 24.19, 23.28, 15.46, 9.06, 16.26, 31.63, 23.21, 15.86, 8.31, 19.42, 24.59, 14.34, 8.81, 15.54, 16.0, 32.46, 8.1, 7.05, 22.21, 14.3, 19.74, 19.25, 0.0, 13.97, 26.87, 16.19, 4.62, 13.23, 16.52, 15.74, 8.45, 9.16, 30.0, 23.9, 15.78, 13.48, 20.66, 24.64, 85.15], [0.0, 14.97, 5.22, 8.84, 12.95, 11.41, 13.37, 6.84, 16.86, 8.33, 5.95, 18.7, 4.67, 10.59, 13.24, 14.87, 4.91, 7.65, 17.93, 10.0, 5.14, 21.11, 7.02, 13.97, 9.42, 13.38, 11.16, 10.02, 19.51, 5.94, 16.23, 30.0, 9.37, 8.95, 6.63, 13.97, 0.0, 12.97, 23.95, 9.61, 9.08, 10.61, 4.66, 5.78, 4.9, 16.3, 10.93, 5.76, 9.5, 9.78, 10.68, 71.86], [0.0, 12.9, 18.16, 21.78, 18.79, 11.95, 24.54, 7.82, 28.11, 21.29, 18.9, 6.05, 17.61, 12.42, 15.16, 22.4, 17.84, 13.72, 7.93, 5.1, 12.17, 33.46, 8.73, 14.5, 13.04, 26.26, 11.93, 16.36, 12.03, 18.77, 27.95, 39.28, 13.34, 13.15, 8.6, 26.87, 12.97, 0.0, 33.89, 22.59, 13.67, 10.79, 12.02, 18.74, 17.88, 10.94, 8.61, 12.68, 13.42, 13.07, 10.38, 59.18], [0.0, 38.88, 21.56, 18.46, 15.89, 35.27, 10.76, 26.14, 7.87, 19.14, 21.2, 39.87, 21.85, 30.54, 36.59, 11.99, 20.48, 20.18, 40.85, 28.93, 21.95, 10.71, 25.17, 37.58, 25.24, 16.0, 22.52, 17.68, 43.22, 19.33, 9.31, 6.24, 25.58, 32.42, 25.34, 16.19, 23.95, 33.89, 0.0, 18.99, 23.15, 26.67, 22.22, 21.1, 21.14, 35.72, 34.81, 21.34, 22.51, 33.34, 32.79, 86.27], [0.0, 22.06, 4.52, 8.78, 15.64, 18.45, 8.96, 15.89, 11.13, 9.4, 12.06, 28.27, 5.07, 20.09, 18.83, 15.07, 4.8, 13.34, 27.05, 19.27, 12.34, 12.71, 15.67, 20.1, 9.81, 4.19, 11.8, 13.83, 27.84, 11.67, 9.75, 25.21, 9.73, 15.17, 15.43, 4.62, 9.61, 22.59, 18.99, 0.0, 8.94, 12.03, 12.12, 12.13, 4.72, 25.86, 19.28, 12.43, 9.39, 16.1, 20.24, 81.29], [0.0, 15.75, 4.64, 8.12, 12.46, 12.18, 12.55, 7.24, 16.03, 7.63, 5.36, 19.44, 12.63, 11.18, 13.91, 14.23, 4.18, 7.36, 18.74, 10.5, 5.0, 20.3, 7.3, 14.69, 9.44, 12.63, 11.31, 9.57, 20.34, 5.16, 15.4, 29.21, 9.45, 9.62, 6.95, 13.23, 9.08, 13.67, 23.15, 8.94, 0.0, 10.5, 4.56, 5.17, 4.25, 16.93, 11.75, 5.55, 8.77, 10.48, 11.43, 72.44], [0.0, 12.36, 7.52, 11.39, 14.83, 8.91, 16.15, 6.18, 19.65, 10.81, 8.26, 16.27, 6.97, 8.9, 11.09, 17.16, 7.52, 9.14, 15.19, 8.74, 6.43, 23.86, 6.8, 11.63, 10.91, 15.97, 5.34, 11.83, 16.71, 8.62, 19.03, 32.68, 11.54, 6.89, 6.32, 16.52, 10.61, 10.79, 26.67, 12.03, 10.5, 0.0, 5.94, 8.13, 7.36, 14.33, 8.15, 7.17, 4.17, 7.61, 8.26, 69.94], [0.0, 17.9, 8.56, 11.05, 8.94, 14.66, 12.51, 4.28, 16.09, 10.79, 9.17, 18.07, 8.13, 8.89, 17.02, 11.62, 7.52, 10.34, 18.63, 7.63, 8.66, 21.58, 11.68, 17.48, 6.2, 15.07, 8.6, 5.95, 21.2, 7.99, 15.94, 27.93, 6.84, 12.83, 11.3, 15.74, 4.66, 12.02, 22.22, 12.12, 4.56, 5.94, 0.0, 8.93, 7.98, 14.62, 13.21, 9.15, 10.11, 13.54, 10.59, 69.41], [0.0, 18.58, 9.81, 12.53, 14.38, 14.93, 10.41, 12.33, 13.36, 12.8, 10.53, 24.38, 10.46, 16.35, 15.69, 14.81, 9.35, 10.81, 23.18, 15.65, 9.25, 16.21, 12.25, 16.84, 5.91, 7.94, 8.5, 12.02, 24.11, 10.33, 12.3, 27.33, 5.85, 11.76, 11.95, 8.45, 5.78, 18.74, 21.1, 12.13, 5.17, 8.13, 8.93, 0.0, 9.42, 22.08, 15.5, 9.5, 5.82, 12.69, 16.35, 77.61], [0.0, 18.2, 8.9, 12.37, 13.69, 14.55, 10.39, 11.38, 13.5, 11.88, 9.61, 23.56, 9.58, 15.43, 15.5, 14.32, 8.43, 9.92, 22.49, 14.71, 8.29, 16.73, 11.29, 16.58, 5.18, 8.62, 7.54, 11.24, 23.57, 9.42, 12.53, 27.36, 5.2, 11.45, 11.0, 9.16, 4.9, 17.88, 21.14, 4.72, 4.25, 7.36, 7.98, 9.42, 0.0, 21.18, 14.93, 8.57, 4.86, 12.39, 15.53, 76.68], [0.0, 15.99, 21.52, 24.99, 20.09, 15.48, 26.96, 10.34, 30.48, 24.54, 22.25, 4.9, 20.97, 5.81, 18.66, 23.9, 21.07, 15.7, 9.08, 7.03, 14.67, 36.2, 11.01, 17.87, 16.54, 29.37, 14.65, 18.04, 13.72, 21.92, 30.48, 40.79, 16.88, 16.88, 11.03, 30.0, 16.3, 10.94, 35.72, 25.86, 16.93, 14.33, 14.62, 22.08, 21.18, 0.0, 12.12, 15.04, 16.53, 16.75, 6.63, 55.62], [0.0, 5.01, 14.88, 18.88, 22.0, 15.42, 24.3, 10.84, 27.78, 18.22, 15.56, 11.41, 14.38, 9.59, 6.55, 24.83, 15.29, 16.17, 8.23, 10.83, 13.62, 31.66, 11.95, 5.94, 9.89, 23.42, 12.73, 19.06, 8.65, 16.47, 27.11, 40.77, 9.75, 5.48, 11.51, 23.9, 10.93, 8.61, 34.81, 19.28, 11.75, 8.15, 13.21, 15.5, 14.93, 12.12, 0.0, 14.37, 12.3, 5.01, 6.09, 65.74], [0.0, 19.09, 9.2, 11.31, 7.72, 15.88, 11.93, 4.86, 15.48, 11.12, 9.75, 18.72, 8.81, 9.43, 18.25, 10.5, 8.03, 10.51, 19.54, 8.02, 9.24, 21.22, 10.79, 18.7, 7.34, 15.1, 9.18, 4.73, 22.25, 8.34, 15.44, 26.96, 7.97, 14.06, 10.49, 15.78, 5.76, 12.68, 21.34, 12.43, 5.55, 7.17, 9.15, 9.5, 8.57, 15.04, 14.37, 0.0, 4.36, 14.77, 11.46, 69.43], [0.0, 16.5, 5.37, 8.47, 11.31, 12.99, 12.06, 6.53, 15.59, 8.06, 6.04, 19.31, 4.88, 10.73, 14.89, 13.22, 4.6, 6.16, 18.94, 9.88, 10.6, 20.22, 6.44, 15.59, 9.62, 12.86, 9.51, 8.4, 20.79, 5.39, 15.08, 28.51, 9.57, 10.6, 6.13, 13.48, 9.5, 13.42, 22.51, 9.39, 8.77, 4.17, 10.11, 5.82, 4.86, 16.53, 12.3, 4.36, 0.0, 11.42, 11.36, 71.9], [0.0, 5.97, 12.12, 15.97, 22.43, 16.52, 22.59, 12.71, 25.85, 15.26, 12.67, 16.42, 11.72, 13.13, 10.3, 24.63, 12.95, 16.73, 13.01, 13.92, 14.03, 28.79, 13.65, 4.24, 8.26, 20.28, 12.94, 19.44, 12.27, 14.14, 24.92, 39.49, 7.82, 9.4, 13.16, 20.66, 9.78, 13.07, 33.34, 16.1, 10.48, 7.61, 13.54, 12.69, 12.39, 16.75, 5.01, 14.77, 11.42, 0.0, 10.26, 70.75], [0.0, 10.77, 15.75, 19.52, 18.33, 9.33, 22.99, 6.78, 26.58, 18.98, 16.49, 8.03, 15.2, 11.39, 12.55, 21.7, 15.58, 12.83, 8.1, 5.29, 10.84, 31.57, 7.88, 12.03, 10.52, 24.06, 10.36, 15.64, 11.35, 16.59, 26.27, 38.4, 10.75, 10.31, 7.6, 24.64, 10.68, 10.38, 32.79, 20.24, 11.43, 8.26, 10.59, 16.35, 15.53, 6.63, 6.09, 11.46, 11.36, 10.26, 0.0, 61.9], [0.0, 0.0, 0.0, 0.0, 0.0, 0.0, 0.0, 0.0, 0.0, 0.0, 0.0, 0.0, 0.0, 0.0, 0.0, 0.0, 0.0, 0.0, 0.0, 0.0, 0.0, 0.0, 0.0, 0.0, 0.0, 0.0, 0.0, 0.0, 0.0, 0.0, 0.0, 0.0, 0.0, 0.0, 0.0, 0.0, 0.0, 0.0, 0.0, 0.0, 0.0, 0.0, 0.0, 0.0, 0.0, 0.0, 0.0, 0.0, 0.0, 0.0, 0.0, 0.0]], "time_windows": [[0.0, 5000.0], [0.0, 114.0], [0.0, 137.0], [0.0, 152.0], [0.0, 175.0], [0.0, 229.0], [0.0, 305.0], [0.0, 347.0], [0.0, 385.0], [0.0, 403.0], [0.0, 424.0], [0.0, 462.0], [0.0, 525.0], [0.0, 576.0], [0.0, 612.0], [0.0, 664.0], [0.0, 685.0], [0.0, 698.0], [0.0, 728.0], [0.0, 745.0], [0.0, 755.0], [0.0, 788.0], [0.0, 828.0], [0.0, 866.0], [0.0, 890.0], [0.0, 916.0], [0.0, 942.0], [0.0, 952.0], [0.0, 993.0], [0.0, 1026.0], [0.0, 1039.0], [0.0, 1057.0], [0.0, 1092.0], [0.0, 1100.0], [0.0, 1113.0], [0.0, 1132.0], [0.0, 1146.0], [0.0, 1159.0], [0.0, 1193.0], [0.0, 1212.0], [0.0, 1221.0], [0.0, 1231.0], [0.0, 1237.0], [0.0, 1246.0], [0.0, 1256.0], [0.0, 1277.0], [0.0, 1289.0], [0.0, 1303.0], [0.0, 1308.0], [0.0, 1319.0], [0.0, 1329.0], [0.0, 5000.0]], "start_depot": 0, "end_depot": 51, "horizon": [0.0, 5000.0]}