{"digraph": {"vertex_count": 52, "arc_count": 2550, "arcs": [[0, 1, 1, 1, 1, 1, 1, 1, 1, 1, 1, 1, 1, 1, 1, 1, 1, 1, 1, 1, 1, 1, 1, 1, 1, 1, 1, 1, 1, 1, 1, 1, 1, 1, 1, 1, 1, 1, 1, 1, 1, 1, 1, 1, 1, 1, 1, 1, 1, 1, 1, 1], [0, 0, 1, 1, 1, 1, 1, 1, 1, 1, 1, 1, 1, 1, 1, 1, 1, 1, 1, 1, 1, 1, 1, 1, 1, 1, 1, 1, 1, 1, 1, 1, 1, 1, 1, 1, 1, 1, 1, 1, 1, 1, 1, 1, 1, 1, 1, 1, 1, 1, 1, 1], [0, 1, 0, 1, 1, 1, 1, 1, 1, 1, 1, 1, 1, 1, 1, 1, 1, 1, 1, 1, 1, 1, 1, 1, 1, 1, 1, 1, 1, 1, 1, 1, 1, 1, 1, 1, 1, 1, 1, 1, 1, 1, 1, 1, 1, 1, 1, 1, 1, 1, 1, 1], [0, 1, 1, 0, 1, 1, 1, 1, 1, 1, 1, 1, 1, 1, 1, 1, 1, 1, 1, 1, 1, 1, 1, 1, 1, 1, 1, 1, 1, 1, 1, 1, 1, 1, 1, 1, 1, 1, 1, 1, 1, 1, 1, 1, 1, 1, 1, 1, 1, 1, 1, 1], [0, 1, 1, 1, 0, 1, 1, 1, 1, 1, 1, 1, 1, 1, 1, 1, 1, 1, 1, 1, 1, 1, 1, 1, 1, 1, 1, 1, 1, 1, 1, 1, 1, 1, 1, 1, 1, 1, 1, 1, 1, 1, 1, 1, 1, 1, 1, 1, 1, 1, 1, 1], [0, 1, 1, 1, 1, 0, 1, 1, 1, 1, 1, 1, 1, 1, 1, 1, 1, 1, 1, 1, 1, 1, 1, 1, 1, 1, 1, 1, 1, 1, 1, 1, 1, 1, 1, 1, 1, 1, 1, 1, 1, 1, 1, 1, 1, 1, 1, 1, 1, 1, 1, 1], [0, 1, 1, 1, 1, 1, 0, 1, 1, 1, 1, 1, 1, 1, 1, 1, 1, 1, 1, 1, 1, 1, 1, 1, 1, 1, 1, 1, 1, 1, 1, 1, 1, 1, 1, 1, 1, 1, 1, 1, 1, 1, 1, 1, 1, 1, 1, 1, 1, 1, 1, 1], [0, 1, 1, 1, 1, 1, 1, 0, 1, 1, 1, 1, 1, 1, 1, 1, 1, 1, 1, 1, 1, 1, 1, 1, 1, 1, 1, 1, 1, 1, 1, 1, 1, 1, 1, 1, 1, 1, 1, 1, 1, 1, 1, 1, 1, 1, 1, 1, 1, 1, 1, 1], [0, 1, 1, 1, 1, 1, 1, 1, 0, 1, 1, 1, 1, 1, 1, 1, 1, 1, 1, 1, 1, 1, 1, 1, 1, 1, 1, 1, 1, 1, 1, 1, 1, 1, 1, 1, 1, 1, 1, 1, 1, 1, 1, 1, 1, 1, 1, 1, 1, 1, 1, 1], [0, 1, 1, 1, 1, 1, 1, 1, 1, 0, 1, 1, 1, 1, 1, 1, 1, 1, 1, 1, 1, 1, 1, 1, 1, 1, 1, 1, 1, 1, 1, 1, 1, 1, 1, 1, 1, 1, 1, 1, 1, 1, 1, 1, 1, 1, 1, 1, 1, 1, 1, 1], [0, 1, 1, 1, 1, 1, 1, 1, 1, 1, 0, 1, 1, 1, 1, 1, 1, 1, 1, 1, 1, 1, 1, 1, 1, 1, 1, 1, 1, 1, 1, 1, 1, 1, 1, 1, 1, 1, 1, 1, 1, 1, 1, 1, 1, 1, 1, 1, 1, 1, 1, 1], [0, 1, 1, 1, 1, 1, 1, 1, 1, 1, 1, 0, 1, 1, 1, 1, 1, 1, 1, 1, 1, 1, 1, 1, 1, 1, 1, 1, 1, 1, 1, 1, 1, 1, 1, 1, 1, 1, 1, 1, 1, 1, 1, 1, 1, 1, 1, 1, 1, 1, 1, 1], [0, 1, 1, 1, 1, 1, 1, 1, 1, 1, 1, 1, 0, 1, 1, 1, 1, 1, 1, 1, 1, 1, 1, 1, 1, 1, 1, 1, 1, 1, 1, 1, 1, 1, 1, 1, 1, 1, 1, 1, 1, 1, 1, 1, 1, 1, 1, 1, 1, 1, 1, 1], [0, 1, 1, 1, 1, 1, 1, 1, 1, 1, 1, 1, 1, 0, 1, 1, 1, 1, 1, 1, 1, 1, 1, 1, 1, 1, 1, 1, 1, 1, 1, 1, 1, 1, 1, 1, 1, 1, 1, 1, 1, 1, 1, 1, 1, 1, 1, 1, 1, 1, 1, 1], [0, 1, 1, 1, 1, 1, 1, 1, 1, 1, 1, 1, 1, 1, 0, 1, 1, 1, 1, 1, 1, 1, 1, 1, 1, 1, 1, 1, 1, 1, 1, 1, 1, 1, 1, 1, 1, 1, 1, 1, 1, 1, 1, 1, 1, 1, 1, 1, 1, 1, 1, 1], [0, 1, 1, 1, 1, 1, 1, 1, 1, 1, 1, 1, 1, 1, 1, 0, 1, 1, 1, 1, 1, 1, 1, 1, 1, 1, 1, 1, 1, 1, 1, 1, 1, 1, 1, 1, 1, 1, 1, 1, 1, 1, 1, 1, 1, 1, 1, 1, 1, 1, 1, 1], [0, 1, 1, 1, 1, 1, 1, 1, 1, 1, 1, 1, 1, 1, 1, 1, 0, 1, 1, 1, 1, 1, 1, 1, 1, 1, 1, 1, 1, 1, 1, 1, 1, 1, 1, 1, 1, 1, 1, 1, 1, 1, 1, 1, 1, 1, 1, 1, 1, 1, 1, 1], [0, 1, 1, 1, 1, 1, 1, 1, 1, 1, 1, 1, 1, 1, 1, 1, 1, 0, 1, 1, 1, 1, 1, 1, 1, 1, 1, 1, 1, 1, 1, 1, 1, 1, 1, 1, 1, 1, 1, 1, 1, 1, 1, 1, 1, 1, 1, 1, 1, 1, 1, 1], [0, 1, 1, 1, 1, 1, 1, 1, 1, 1, 1, 1, 1, 1, 1, 1, 1, 1, 0, 1, 1, 1, 1, 1, 1, 1, 1, 1, 1, 1, 1, 1, 1, 1, 1, 1, 1, 1, 1, 1, 1, 1, 1, 1, 1, 1, 1, 1, 1, 1, 1, 1], [0, 1, 1, 1, 1, 1, 1, 1, 1, 1, 1, 1, 1, 1, 1, 1, 1, 1, 1, 0, 1, 1, 1, 1, 1, 1, 1, 1, 1, 1, 1, 1, 1, 1, 1, 1, 1, 1, 1, 1, 1, 1, 1, 1, 1, 1, 1, 1, 1, 1, 1, 1], [0, 1, 1, 1, 1, 1, 1, 1, 1, 1, 1, 1, 1, 1, 1, 1, 1, 1, 1, 1, 0, 1, 1, 1, 1, 1, 1, 1, 1, 1, 1, 1, 1, 1, 1, 1, 1, 1, 1, 1, 1, 1, 1, 1, 1, 1, 1, 1, 1, 1, 1, 1], [0, 1, 1, 1, 1, 1, 1, 1, 1, 1, 1, 1, 1, 1, 1, 1, 1, 1, 1, 1, 1, 0, 1, 1, 1, 1, 1, 1, 1, 1, 1, 1, 1, 1, 1, 1, 1, 1, 1, 1, 1, 1, 1, 1, 1, 1, 1, 1, 1, 1, 1, 1], [0, 1, 1, 1, 1, 1, 1, 1, 1, 1, 1, 1, 1, 1, 1, 1, 1, 1, 1, 1, 1, 1, 0, 1, 1, 1, 1, 1, 1, 1, 1, 1, 1, 1, 1, 1, 1, 1, 1, 1, 1, 1, 1, 1, 1, 1, 1, 1, 1, 1, 1, 1], [0, 1, 1, 1, 1, 1, 1, 1, 1, 1, 1, 1, 1, 1, 1, 1, 1, 1, 1, 1, 1, 1, 1, 0, 1, 1, 1, 1, 1, 1, 1, 1, 1, 1, 1, 1, 1, 1, 1, 1, 1, 1, 1, 1, 1, 1, 1, 1, 1, 1, 1, 1], [0, 1, 1, 1, 1, 1, 1, 1, 1, 1, 1, 1, 1, 1, 1, 1, 1, 1, 1, 1, 1, 1, 1, 1, 0, 1, 1, 1, 1, 1, 1, 1, 1, 1, 1, 1, 1, 1, 1, 1, 1, 1, 1, 1, 1, 1, 1, 1, 1, 1, 1, 1], [0, 1, 1, 1, 1, 1, 1, 1, 1, 1, 1, 1, 1, 1, 1, 1, 1, 1, 1, 1, 1, 1, 1, 1, 1, 0, 1, 1, 1, 1, 1, 1, 1, 1, 1, 1, 1, 1, 1, 1, 1, 1, 1, 1, 1, 1, 1, 1, 1, 1, 1, 1], [0, 1, 1, 1, 1, 1, 1, 1, 1, 1, 1, 1, 1, 1, 1, 1, 1, 1, 1, 1, 1, 1, 1, 1, 1, 1, 0, 1, 1, 1, 1, 1, 1, 1, 1, 1, 1, 1, 1, 1, 1, 1, 1, 1, 1, 1, 1, 1, 1, 1, 1, 1], [0, 1, 1, 1, 1, 1, 1, 1, 1, 1, 1, 1, 1, 1, 1, 1, 1, 1, 1, 1, 1, 1, 1, 1, 1, 1, 1, 0, 1, 1, 1, 1, 1, 1, 1, 1, 1, 1, 1, 1, 1, 1, 1, 1, 1, 1, 1, 1, 1, 1, 1, 1], [0, 1, 1, 1, 1, 1, 1, 1, 1, 1, 1, 1, 1, 1, 1, 1, 1, 1, 1, 1, 1, 1, 1, 1, 1, 1, 1, 1, 0, 1, 1, 1, 1, 1, 1, 1, 1, 1, 1, 1, 1, 1, 1, 1, 1, 1, 1, 1, 1, 1, 1, 1], [0, 1, 1, 1, 1, 1, 1, 1, 1, 1, 1, 1, 1, 1, 1, 1, 1, 1, 1, 1, 1, 1, 1, 1, 1, 1, 1, 1, 1, 0, 1, 1, 1, 1, 1, 1, 1, 1, 1, 1, 1, 1, 1, 1, 1, 1, 1, 1, 1, 1, 1, 1], [0, 1, 1, 1, 1, 1, 1, 1, 1, 1, 1, 1, 1, 1, 1, 1, 1, 1, 1, 1, 1, 1, 1, 1, 1, 1, 1, 1, 1, 1, 0, 1, 1, 1, 1, 1, 1, 1, 1, 1, 1, 1, 1, 1, 1, 1, 1, 1, 1, 1, 1, 1], [0, 1, 1, 1, 1, 1, 1, 1, 1, 1, 1, 1, 1, 1, 1, 1, 1, 1, 1, 1, 1, 1, 1, 1, 1, 1, 1, 1, 1, 1, 1, 0, 1, 1, 1, 1, 1, 1, 1, 1, 1, 1, 1, 1, 1, 1, 1, 1, 1, 1, 1, 1], [0, 1, 1, 1, 1, 1, 1, 1, 1, 1, 1, 1, 1, 1, 1, 1, 1, 1, 1, 1, 1, 1, 1, 1, 1, 1, 1, 1, 1, 1, 1, 1, 0, 1, 1, 1, 1, 1, 1, 1, 1, 1, 1, 1, 1, 1, 1, 1, 1, 1, 1, 1], [0, 1, 1, 1, 1, 1, 1, 1, 1, 1, 1, 1, 1, 1, 1, 1, 1, 1, 1, 1, 1, 1, 1, 1, 1, 1, 1, 1, 1, 1, 1, 1, 1, 0, 1, 1, 1, 1, 1, 1, 1, 1, 1, 1, 1, 1, 1, 1, 1, 1, 1, 1], [0, 1, 1, 1, 1, 1, 1, 1, 1, 1, 1, 1, 1, 1, 1, 1, 1, 1, 1, 1, 1, 1, 1, 1, 1, 1, 1, 1, 1, 1, 1, 1, 1, 1, 0, 1, 1, 1, 1, 1, 1, 1, 1, 1, 1, 1, 1, 1, 1, 1, 1, 1], [0, 1, 1, 1, 1, 1, 1, 1, 1, 1, 1, 1, 1, 1, 1, 1, 1, 1, 1, 1, 1, 1, 1, 1, 1, 1, 1, 1, 1, 1, 1, 1, 1, 1, 1, 0, 1, 1, 1, 1, 1, 1, 1, 1, 1, 1, 1, 1, 1, 1, 1, 1], [0, 1, 1, 1, 1, 1, 1, 1, 1, 1, 1, 1, 1, 1, 1, 1, 1, 1, 1, 1, 1, 1, 1, 1, 1, 1, 1, 1, 1, 1, 1, 1, 1, 1, 1, 1, 0, 1, 1, 1, 1, 1, 1, 1, 1, 1, 1, 1, 1, 1, 1, 1], [0, 1, 1, 1, 1, 1, 1, 1, 1, 1, 1, 1, 1, 1, 1, 1, 1, 1, 1, 1, 1, 1, 1, 1, 1, 1, 1, 1, 1, 1, 1, 1, 1, 1, 1, 1, 1, 0, 1, 1, 1, 1, 1, 1, 1, 1, 1, 1, 1, 1, 1, 1], [0, 1, 1, 1, 1, 1, 1, 1, 1, 1, 1, 1, 1, 1, 1, 1, 1, 1, 1, 1, 1, 1, 1, 1, 1, 1, 1, 1, 1, 1, 1, 1, 1, 1, 1, 1, 1, 1, 0, 1, 1, 1, 1, 1, 1, 1, 1, 1, 1, 1, 1, 1], [0, 1, 1, 1, 1, 1, 1, 1, 1, 1, 1, 1, 1, 1, 1, 1, 1, 1, 1, 1, 1, 1, 1, 1, 1, 1, 1, 1, 1, 1, 1, 1, 1, 1, 1, 1, 1, 1, 1, 0, 1, 1, 1, 1, 1, 1, 1, 1, 1, 1, 1, 1], [0, 1, 1, 1, 1, 1, 1, 1, 1, 1, 1, 1, 1, 1, 1, 1, 1, 1, 1, 1, 1, 1, 1, 1, 1, 1, 1, 1, 1, 1, 1, 1, 1, 1, 1, 1, 1, 1, 1, 1, 0, 1, 1, 1, 1, 1, 1, 1, 1, 1, 1, 1], [0, 1, 1, 1, 1, 1, 1, 1, 1, 1, 1, 1, 1, 1, 1, 1, 1, 1, 1, 1, 1, 1, 1, 1, 1, 1, 1, 1, 1, 1, 1, 1, 1, 1, 1, 1, 1, 1, 1, 1, 1, 0, 1, 1, 1, 1, 1, 1, 1, 1, 1, 1], [0, 1, 1, 1, 1, 1, 1, 1, 1, 1, 1, 1, 1, 1, 1, 1, 1, 1, 1, 1, 1, 1, 1, 1, 1, 1, 1, 1, 1, 1, 1, 1, 1, 1, 1, 1, 1, 1, 1, 1, 1, 1, 0, 1, 1, 1, 1, 1, 1, 1, 1, 1], [0, 1, 1, 1, 1, 1, 1, 1, 1, 1, 1, 1, 1, 1, 1, 1, 1, 1, 1, 1, 1, 1, 1, 1, 1, 1, 1, 1, 1, 1, 1, 1, 1, 1, 1, 1, 1, 1, 1, 1, 1, 1, 1, 0, 1, 1, 1, 1, 1, 1, 1, 1], [0, 1, 1, 1, 1, 1, 1, 1, 1, 1, 1, 1, 1, 1, 1, 1, 1, 1, 1, 1, 1, 1, 1, 1, 1, 1, 1, 1, 1, 1, 1, 1, 1, 1, 1, 1, 1, 1, 1, 1, 1, 1, 1, 1, 0, 1, 1, 1, 1, 1, 1, 1], [0, 1, 1, 1, 1, 1, 1, 1, 1, 1, 1, 1, 1, 1, 1, 1, 1, 1, 1, 1, 1, 1, 1, 1, 1, 1, 1, 1, 1, 1, 1, 1, 1, 1, 1, 1, 1, 1, 1, 1, 1, 1, 1, 1, 1, 0, 1, 1, 1, 1, 1, 1], [0, 1, 1, 1, 1, 1, 1, 1, 1, 1, 1, 1, 1, 1, 1, 1, 1, 1, 1, 1, 1, 1, 1, 1, 1, 1, 1, 1, 1, 1, 1, 1, 1, 1, 1, 1, 1, 1, 1, 1, 1, 1, 1, 1, 1, 1, 0, 1, 1, 1, 1, 1], [0, 1, 1, 1, 1, 1, 1, 1, 1, 1, 1, 1, 1, 1, 1, 1, 1, 1, 1, 1, 1, 1, 1, 1, 1, 1, 1, 1, 1, 1, 1, 1, 1, 1, 1, 1, 1, 1, 1, 1, 1, 1, 1, 1, 1, 1, 1, 0, 1, 1, 1, 1], [0, 1, 1, 1, 1, 1, 1, 1, 1, 1, 1, 1, 1, 1, 1, 1, 1, 1, 1, 1, 1, 1, 1, 1, 1, 1, 1, 1, 1, 1, 1, 1, 1, 1, 1, 1, 1, 1, 1, 1, 1, 1, 1, 1, 1, 1, 1, 1, 0, 1, 1, 1], [0, 1, 1, 1, 1, 1, 1, 1, 1, 1, 1, 1, 1, 1, 1, 1, 1, 1, 1, 1, 1, 1, 1, 1, 1, 1, 1, 1, 1, 1, 1, 1, 1, 1, 1, 1, 1, 1, 1, 1, 1, 1, 1, 1, 1, 1, 1, 1, 1, 0, 1, 1], [0, 1, 1, 1, 1, 1, 1, 1, 1, 1, 1, 1, 1, 1, 1, 1, 1, 1, 1, 1, 1, 1, 1, 1, 1, 1, 1, 1, 1, 1, 1, 1, 1, 1, 1, 1, 1, 1, 1, 1, 1, 1, 1, 1, 1, 1, 1, 1, 1, 1, 0, 1], [0, 0, 0, 0, 0, 0, 0, 0, 0, 0, 0, 0, 0, 0, 0, 0, 0, 0, 0, 0, 0, 0, 0, 0, 0, 0, 0, 0, 0, 0, 0, 0, 0, 0, 0, 0, 0, 0, 0, 0, 0, 0, 0, 0, 0, 0, 0, 0, 0, 0, 0, 0]]}, "cluster_count": 3, "cluster_speeds": [[0.8325, 0.765, 0.8325, 0.9, 0.7492500000000001, 0.6885, 0.7492500000000001, 0.81, 0.41625, 0.3825, 0.41625, 0.45, 0.27472500000000005, 0.25245, 0.27472500000000005, 0.29700000000000004, 0.333, 0.30600000000000005, 0.333, 0.36000000000000004, 0.49950000000000006, 0.459, 0.49950000000000006, 0.54, 0.6475, 0.595, 0.6475, 0.7, 0.37, 0.34, 0.37, 0.4, 0.30525, 0.2805, 0.30525, 0.33, 0.4625, 0.425, 0.4625, 0.5, 0.6475, 0.595, 0.6475, 0.7, 0.74, 0.68, 0.74, 0.8, 0.58275, 0.5355, 0.58275, 0.63, 0.41625, 0.3825, 0.41625, 0.45, 0.49950000000000006, 0.459, 0.49950000000000006, 0.54, 0.58275, 0.5355, 0.58275, 0.63, 0.7492500000000001, 0.6885, 0.7492500000000001, 0.81, 0.8325, 0.765, 0.8325, 0.9, 0.9], [0.87875, 0.8075, 0.87875, 0.95, 0.790875, 0.72675, 0.790875, 0.855, 0.439375, 0.40375, 0.439375, 0.475, 0.2899875, 0.266475, 0.2899875, 0.3135, 0.3515, 0.323, 0.3515, 0.38, 0.52725, 0.4845, 0.52725, 0.57, 0.6475, 0.595, 0.6475, 0.7, 0.37, 0.34, 0.37, 0.4, 0.30525, 0.2805, 0.30525, 0.33, 0.4625, 0.425, 0.4625, 0.5, 0.6475, 0.595, 0.6475, 0.7, 0.74, 0.68, 0.74, 0.8, 0.6151249999999999, 0.5652499999999999, 0.6151249999999999, 0.6649999999999999, 0.439375, 0.40375, 0.439375, 0.475, 0.52725, 0.4845, 0.52725, 0.57, 0.6151249999999999, 0.5652499999999999, 0.6151249999999999, 0.6649999999999999, 0.790875, 0.72675, 0.790875, 0.855, 0.87875, 0.8075, 0.87875, 0.95, 0.95], [0.925, 0.85, 0.925, 1.0, 0.8325, 0.765, 0.8325, 0.9, 0.4625, 0.425, 0.4625, 0.5, 0.30525, 0.2805, 0.30525, 0.33, 0.37, 0.34, 0.37, 0.4, 0.555, 0.51, 0.555, 0.6, 0.6475, 0.595, 0.6475, 0.7, 0.37, 0.34, 0.37, 0.4, 0.30525, 0.2805, 0.30525, 0.33, 0.4625, 0.425, 0.4625, 0.5, 0.6475, 0.595, 0.6475, 0.7, 0.74, 0.68, 0.74, 0.8, 0.6475, 0.595, 0.6475, 0.7, 0.4625, 0.425, 0.4625, 0.5, 0.555, 0.51, 0.555, 0.6, 0.6475, 0.595, 0.6475, 0.7, 0.8325, 0.765, 0.8325, 0.9, 0.925, 0.85, 0.925, 1.0, 1.0]], "clusters": [[-1, 2, 2, 2, 2, 2, 2, 2, 2, 2, 2, 2, 2, 2, 2, 2, 2, 2, 2, 2, 2, 2, 2, 2, 2, 2, 2, 2, 2, 2, 2, 2, 2, 2, 2, 2, 2, 2, 2, 2, 2, 2, 2, 2, 2, 2, 2, 2, 2, 2, 2, 2], [0, -1, 0, 0, 0, 0, 0, 0, 0, 0, 0, 0, 0, 0, 0, 0, 0, 0, 0, 0, 0, 0, 0, 0, 0, 0, 0, 0, 0, 0, 0, 0, 0, 0, 0, 0, 0, 0, 0, 0, 0, 0, 0, 0, 0, 0, 0, 0, 0, 0, 0, 0], [0, 0, -1, 0, 0, 0, 0, 0, 0, 0, 0, 0, 0, 0, 0, 0, 0, 0, 0, 0, 0, 0, 0, 0, 0, 0, 0, 0, 0, 0, 0, 0, 0, 0, 0, 0, 0, 0, 0, 0, 0, 0, 0, 0, 0, 0, 0, 0, 0, 0, 0, 0], [0, 0, 0, -1, 0, 0, 0, 0, 0, 0, 0, 0, 0, 0, 0, 0, 0, 0, 0, 0, 0, 0, 0, 0, 0, 0, 0, 0, 0, 0, 0, 0, 0, 0, 0, 0, 0, 0, 0, 0, 0, 0, 0, 0, 0, 0, 0, 0, 0, 0, 0, 0], [0, 0, 0, 0, -1, 0, 0, 0, 0, 0, 0, 0, 0, 0, 0, 0, 0, 0, 0, 0, 0, 0, 0, 0, 0, 0, 0, 0, 0, 0, 0, 0, 0, 0, 0, 0, 0, 0, 0, 0, 0, 0, 0, 0, 0, 0, 0, 0, 0, 0, 0, 0], [0, 0, 0, 0, 0, -1, 0, 0, 0, 0, 0, 0, 0, 0, 0, 0, 0, 0, 0, 0, 0, 0, 0, 0, 0, 0, 0, 0, 0, 0, 0, 0, 0, 0, 0, 0, 0, 0, 0, 0, 0, 0, 0, 0, 0, 0, 0, 0, 0, 0, 0, 0], [0, 0, 0, 0, 0, 0, -1, 0, 0, 0, 0, 0, 0, 0, 0, 0, 0, 0, 0, 0, 0, 0, 0, 0, 0, 0, 0, 0, 0, 0, 0, 0, 0, 0, 0, 0, 0, 0, 0, 0, 0, 0, 0, 0, 0, 0, 0, 0, 0, 0, 0, 0], [0, 0, 0, 0, 0, 0, 0, -1, 0, 0, 0, 0, 0, 0, 0, 0, 0, 0, 0, 0, 0, 0, 0, 0, 0, 0, 0, 0, 0, 0, 0, 0, 0, 0, 0, 0, 0, 0, 0, 0, 0, 0, 0, 0, 0, 0, 0, 0, 0, 0, 0, 0], [0, 0, 0, 0, 0, 0, 0, 0, -1, 0, 0, 0, 0, 0, 0, 0, 0, 0, 0, 0, 0, 0, 0, 0, 0, 0, 0, 0, 0, 0, 0, 0, 0, 0, 0, 0, 0, 0, 0, 0, 0, 0, 0, 0, 0, 0, 0, 0, 0, 0, 0, 0], [0, 0, 0, 0, 0, 0, 0, 0, 0, -1, 0, 0, 0, 0, 0, 0, 0, 0, 0, 0, 0, 0, 0, 0, 0, 0, 0, 0, 0, 0, 0, 0, 0, 0, 0, 0, 0, 0, 0, 0, 0, 0, 0, 0, 0, 0, 0, 0, 0, 0, 0, 0], [0, 0, 0, 0, 0, 0, 0, 0, 0, 0, -1, 0, 0, 0, 0, 0, 0, 0, 0, 0, 0, 0, 0, 0, 0, 0, 0, 0, 0, 0, 0, 0, 0, 0, 0, 0, 0, 0, 0, 0, 0, 0, 0, 0, 0, 0, 0, 0, 0, 0, 0, 0], [0, 0, 0, 0, 0, 0, 0, 0, 0, 0, 0, -1, 0, 0, 0, 0, 0, 0, 0, 0, 0, 0, 0, 0, 0, 0, 0, 0, 0, 0, 0, 0, 0, 0, 0, 0, 0, 0, 0, 0, 0, 0, 0, 0, 0, 0, 0, 0, 0, 0, 0, 0], [0, 0, 0, 0, 0, 0, 0, 0, 0, 0, 0, 0, -1, 0, 0, 0, 0, 0, 0, 0, 0, 0, 0, 0, 0, 0, 0, 0, 0, 0, 0, 0, 0, 0, 0, 0, 0, 0, 0, 0, 0, 0, 0, 0, 0, 0, 0, 0, 0, 0, 0, 0], [0, 0, 0, 0, 0, 0, 0, 0, 0, 0, 0, 0, 0, -1, 0, 0, 0, 0, 0, 0, 0, 0, 0, 0, 0, 0, 0, 0, 0, 0, 0, 0, 0, 0, 0, 0, 0, 0, 0, 0, 0, 0, 0, 0, 0, 0, 0, 0, 0, 0, 0, 0], [0, 0, 0, 0, 0, 0, 0, 0, 0, 0, 0, 0, 0, 0, -1, 0, 0, 0, 0, 0, 0, 0, 0, 0, 0, 0, 0, 0, 0, 0, 0, 0, 0, 0, 0, 0, 0, 0, 0, 0, 0, 0, 0, 0, 0, 0, 0, 0, 0, 0, 0, 0], [0, 0, 0, 0, 0, 0, 0, 0, 0, 0, 0, 0, 0, 0, 0, -1, 0, 0, 0, 0, 0, 0, 0, 0, 0, 0, 0, 0, 0, 0, 0, 0, 0, 0, 0, 0, 0, 0, 0, 0, 0, 0, 0, 0, 0, 0, 0, 0, 0, 0, 0, 0], [0, 0, 0, 0, 0, 0, 0, 0, 0, 0, 0, 0, 0, 0, 0, 0, -1, 0, 0, 0, 0, 0, 0, 0, 0, 0, 0, 0, 0, 0, 0, 0, 0, 0, 0, 0, 0, 0, 0, 0, 0, 0, 0, 0, 0, 0, 0, 0, 0, 0, 0, 0], [0, 0, 0, 0, 0, 0, 0, 0, 0, 0, 0, 0, 0, 0, 0, 0, 0, -1, 0, 0, 0, 0, 0, 0, 0, 0, 0, 0, 0, 0, 0, 0, 0, 0, 0, 0, 0, 0, 0, 0, 0, 0, 0, 0, 0, 0, 0, 0, 0, 0, 0, 0], [0, 0, 0, 0, 0, 0, 0, 0, 0, 0, 0, 0, 0, 0, 0, 0, 0, 0, -1, 0, 0, 0, 0, 0, 0, 0, 0, 0, 0, 0, 0, 0, 0, 0, 0, 0, 0, 0, 0, 0, 0, 0, 0, 0, 0, 0, 0, 0, 0, 0, 0, 0], [0, 0, 0, 0, 0, 0, 0, 0, 0, 0, 0, 0, 0, 0, 0, 0, 0, 0, 0, -1, 0, 0, 0, 0, 0, 0, 0, 0, 0, 0, 0, 0, 0, 0, 0, 0, 0, 0, 0, 0, 0, 0, 0, 0, 0, 0, 0, 0, 0, 0, 0, 0], [0, 0, 0, 0, 0, 0, 0, 0, 0, 0, 0, 0, 0, 0, 0, 0, 0, 0, 0, 0, -1, 0, 0, 0, 0, 0, 0, 0, 0, 0, 0, 0, 0, 0, 0, 0, 0, 0, 0, 0, 0, 0, 0, 0, 0, 0, 0, 0, 0, 0, 0, 0], [0, 0, 0, 0, 0, 0, 0, 0, 0, 0, 0, 0, 0, 0, 0, 0, 0, 0, 0, 0, 0, -1, 0, 0, 0, 0, 0, 0, 0, 0, 0, 0, 0, 0, 0, 0, 0, 0, 0, 0, 0, 0, 0, 0, 0, 0, 0, 0, 0, 0, 0, 0], [0, 0, 0, 0, 0, 0, 0, 0, 0, 0, 0, 0, 0, 0, 0, 0, 0, 0, 0, 0, 0, 0, -1, 0, 0, 0, 0, 0, 0, 0, 0, 0, 0, 0, 0, 0, 0, 0, 0, 0, 0, 0, 0, 0, 0, 0, 0, 0, 0, 0, 0, 0], [0, 0, 0, 0, 0, 0, 0, 0, 0, 0, 0, 0, 0, 0, 0, 0, 0, 0, 0, 0, 0, 0, 0, -1, 0, 0, 0, 0, 0, 0, 0, 0, 0, 0, 0, 0, 0, 0, 0, 0, 0, 0, 0, 0, 0, 0, 0, 0, 0, 0, 0, 0], [0, 0, 0, 0, 0, 0, 0, 0, 0, 0, 0, 0, 0, 0, 0, 0, 0, 0, 0, 0, 0, 0, 0, 0, -1, 0, 0, 0, 0, 0, 0, 0, 0, 0, 0, 0, 0, 0, 0, 0, 0, 0, 0, 0, 0, 0, 0, 0, 0, 0, 0, 0], [0, 0, 0, 0, 0, 0, 0, 0, 0, 0, 0, 0, 0, 0, 0, 0, 0, 0, 0, 0, 0, 0, 0, 0, 0, -1, 0, 0, 0, 0, 0, 0, 0, 0, 0, 0, 0, 0, 0, 0, 0, 0, 0, 0, 0, 0, 0, 0, 0, 0, 0, 0], [0, 0, 0, 0, 0, 0, 0, 0, 0, 0, 0, 0, 0, 0, 0, 0, 0, 0, 0, 0, 0, 0, 0, 0, 0, 0, -1, 0, 0, 0, 0, 0, 0, 0, 0, 0, 0, 0, 0, 0, 0, 0, 0, 0, 0, 0, 0, 0, 0, 0, 0, 0], [0, 0, 0, 0, 0, 0, 0, 0, 0, 0, 0, 0, 0, 0, 0, 0, 0, 0, 0, 0, 0, 0, 0, 0, 0, 0, 0, -1, 0, 0, 0, 0, 0, 0, 0, 0, 0, 0, 0, 0, 0, 0, 0, 0, 0, 0, 0, 0, 0, 0, 0, 0], [0, 0, 0, 0, 0, 0, 0, 0, 0, 0, 0, 0, 0, 0, 0, 0, 0, 0, 0, 0, 0, 0, 0, 0, 0, 0, 0, 0, -1, 0, 0, 0, 0, 0, 0, 0, 0, 0, 0, 0, 0, 0, 0, 0, 0, 0, 0, 0, 0, 0, 0, 0], [0, 0, 0, 0, 0, 0, 0, 0, 0, 0, 0, 0, 0, 0, 0, 0, 0, 0, 0, 0, 0, 0, 0, 0, 0, 0, 0, 0, 0, -1, 0, 0, 0, 0, 0, 0, 0, 0, 0, 0, 0, 0, 0, 0, 0, 0, 0, 0, 0, 0, 0, 0], [0, 0, 0, 0, 0, 0, 0, 0, 0, 0, 0, 0, 0, 0, 0, 0, 0, 0, 0, 0, 0, 0, 0, 0, 0, 0, 0, 0, 0, 0, -1, 0, 0, 0, 0, 0, 0, 0, 0, 0, 0, 0, 0, 0, 0, 0, 0, 0, 0, 0, 0, 0], [0, 0, 0, 0, 0, 0, 0, 0, 0, 0, 0, 0, 0, 0, 0, 0, 0, 0, 0, 0, 0, 0, 0, 0, 0, 0, 0, 0, 0, 0, 0, -1, 0, 0, 0, 0, 0, 0, 0, 0, 0, 0, 0, 0, 0, 0, 0, 0, 0, 0, 0, 0], [0, 0, 0, 0, 0, 0, 0, 0, 0, 0, 0, 0, 0, 0, 0, 0, 0, 0, 0, 0, 0, 0, 0, 0, 0, 0, 0, 0, 0, 0, 0, 0, -1, 0, 0, 0, 0, 0, 0, 0, 0, 0, 0, 0, 0, 0, 0, 0, 0, 0, 0, 0], [0, 0, 0, 0, 0, 0, 0, 0, 0, 0, 0, 0, 0, 0, 0, 0, 0, 0, 0, 0, 0, 0, 0, 0, 0, 0, 0, 0, 0, 0, 0, 0, 0, -1, 0, 0, 0, 0, 0, 0, 0, 0, 0, 0, 0, 0, 0, 0, 0, 0, 0, 0], [1, 1, 1, 1, 1, 1, 1, 1, 1, 1, 1, 1, 1, 1, 1, 1, 1, 1, 1, 1, 1, 1, 1, 1, 1, 1, 1, 1, 1, 1, 1, 1, 1, 1, -1, 1, 1, 1, 1, 1, 1, 1, 1, 1, 1, 1, 1, 1, 1, 1, 1, 1], [0, 0, 0, 0, 0, 0, 0, 0, 0, 0, 0, 0, 0, 0, 0, 0, 0, 0, 0, 0, 0, 0, 0, 0, 0, 0, 0, 0, 0, 0, 0, 0, 0, 0, 0, -1, 0, 0, 0, 0, 0, 0, 0, 0, 0, 0, 0, 0, 0, 0, 0, 0], [0, 0, 0, 0, 0, 0, 0, 0, 0, 0, 0, 0, 0, 0, 0, 0, 0, 0, 0, 0, 0, 0, 0, 0, 0, 0, 0, 0, 0, 0, 0, 0, 0, 0, 0, 0, -1, 0, 0, 0, 0, 0, 0, 0, 0, 0, 0, 0, 0, 0, 0, 0], [0, 0, 0, 0, 0, 0, 0, 0, 0, 0, 0, 0, 0, 0, 0, 0, 0, 0, 0, 0, 0, 0, 0, 0, 0, 0, 0, 0, 0, 0, 0, 0, 0, 0, 0, 0, 0, -1, 0, 0, 0, 0, 0, 0, 0, 0, 0, 0, 0, 0, 0, 0], [0, 0, 0, 0, 0, 0, 0, 0, 0, 0, 0, 0, 0, 0, 0, 0, 0, 0, 0, 0, 0, 0, 0, 0, 0, 0, 0, 0, 0, 0, 0, 0, 0, 0, 0, 0, 0, 0, -1, 0, 0, 0, 0, 0, 0, 0, 0, 0, 0, 0, 0, 0], [0, 0, 0, 0, 0, 0, 0, 0, 0, 0, 0, 0, 0, 0, 0, 0, 0, 0, 0, 0, 0, 0, 0, 0, 0, 0, 0, 0, 0, 0, 0, 0, 0, 0, 0, 0, 0, 0, 0, -1, 0, 0, 0, 0, 0, 0, 0, 0, 0, 0, 0, 0], [0, 0, 0, 0, 0, 0, 0, 0, 0, 0, 0, 0, 0, 0, 0, 0, 0, 0, 0, 0, 0, 0, 0, 0, 0, 0, 0, 0, 0, 0, 0, 0, 0, 0, 0, 0, 0, 0, 0, 0, -1, 0, 0, 0, 0, 0, 0, 0, 0, 0, 0, 0], [0, 0, 0, 0, 0, 0, 0, 0, 0, 0, 0, 0, 0, 0, 0, 0, 0, 0, 0, 0, 0, 0, 0, 0, 0, 0, 0, 0, 0, 0, 0, 0, 0, 0, 0, 0, 0, 0, 0, 0, 0, -1, 0, 0, 0, 0, 0, 0, 0, 0, 0, 0], [0, 0, 0, 0, 0, 0, 0, 0, 0, 0, 0, 0, 0, 0, 0, 0, 0, 0, 0, 0, 0, 0, 0, 0, 0, 0, 0, 0, 0, 0, 0, 0, 0, 0, 0, 0, 0, 0, 0, 0, 0, 0, -1, 0, 0, 0, 0, 0, 0, 0, 0, 0], [0, 0, 0, 0, 0, 0, 0, 0, 0, 0, 0, 0, 0, 0, 0, 0, 0, 0, 0, 0, 0, 0, 0, 0, 0, 0, 0, 0, 0, 0, 0, 0, 0, 0, 0, 0, 0, 0, 0, 0, 0, 0, 0, -1, 0, 0, 0, 0, 0, 0, 0, 0], [0, 0, 0, 0, 0, 0, 0, 0, 0, 0, 0, 0, 0, 0, 0, 0, 0, 0, 0, 0, 0, 0, 0, 0, 0, 0, 0, 0, 0, 0, 0, 0, 0, 0, 0, 0, 0, 0, 0, 0, 0, 0, 0, 0, -1, 0, 0, 0, 0, 0, 0, 0], [0, 0, 0, 0, 0, 0, 0, 0, 0, 0, 0, 0, 0, 0, 0, 0, 0, 0, 0, 0, 0, 0, 0, 0, 0, 0, 0, 0, 0, 0, 0, 0, 0, 0, 0, 0, 0, 0, 0, 0, 0, 0, 0, 0, 0, -1, 0, 0, 0, 0, 0, 0], [0, 0, 0, 0, 0, 0, 0, 0, 0, 0, 0, 0, 0, 0, 0, 0, 0, 0, 0, 0, 0, 0, 0, 0, 0, 0, 0, 0, 0, 0, 0, 0, 0, 0, 0, 0, 0, 0, 0, 0, 0, 0, 0, 0, 0, 0, -1, 0, 0, 0, 0, 0], [0, 0, 0, 0, 0, 0, 0, 0, 0, 0, 0, 0, 0, 0, 0, 0, 0, 0, 0, 0, 0, 0, 0, 0, 0, 0, 0, 0, 0, 0, 0, 0, 0, 0, 0, 0, 0, 0, 0, 0, 0, 0, 0, 0, 0, 0, 0, -1, 0, 0, 0, 0], [0, 0, 0, 0, 0, 0, 0, 0, 0, 0, 0, 0, 0, 0, 0, 0, 0, 0, 0, 0, 0, 0, 0, 0, 0, 0, 0, 0, 0, 0, 0, 0, 0, 0, 0, 0, 0, 0, 0, 0, 0, 0, 0, 0, 0, 0, 0, 0, -1, 0, 0, 0], [0, 0, 0, 0, 0, 0, 0, 0, 0, 0, 0, 0, 0, 0, 0, 0, 0, 0, 0, 0, 0, 0, 0, 0, 0, 0, 0, 0, 0, 0, 0, 0, 0, 0, 0, 0, 0, 0, 0, 0, 0, 0, 0, 0, 0, 0, 0, 0, 0, -1, 0, 0], [0, 0, 0, 0, 0, 0, 0, 0, 0, 0, 0, 0, 0, 0, 0, 0, 0, 0, 0, 0, 0, 0, 0, 0, 0, 0, 0, 0, 0, 0, 0, 0, 0, 0, 0, 0, 0, 0, 0, 0, 0, 0, 0, 0, 0, 0, 0, 0, 0, 0, -1, 0], [2, 2, 2, 2, 2, 2, 2, 2, 2, 2, 2, 2, 2, 2, 2, 2, 2, 2, 2, 2, 2, 2, 2, 2, 2, 2, 2, 2, 2, 2, 2, 2, 2, 2, 2, 2, 2, 2, 2, 2, 2, 2, 2, 2, 2, 2, 2, 2, 2, 2, 2, -1]], "speed_zone_count": 73, "speed_zones": [[0.0, 15.0], [15.0, 30.0], [30.0, 45.0], [45.0, 60.0], [60.0, 75.0], [75.0, 90.0], [90.0, 105.0], [105.0, 120.0], [120.0, 135.0], [135.0, 150.0], [150.0, 165.0], [165.0, 180.0], [180.0, 195.0], [195.0, 210.0], [210.0, 225.0], [225.0, 240.0], [240.0, 255.0], [255.0, 270.0], [270.0, 285.0], [285.0, 300.0], [300.0, 315.0], [315.0, 330.0], [330.0, 345.0], [345.0, 360.0], [360.0, 375.0], [375.0, 390.0], [390.0, 405.0], [405.0, 420.0], [420.0, 435.0], [435.0, 450.0], [450.0, 465.0], [465.0, 480.0], [480.0, 495.0], [495.0, 510.0], [510.0, 525.0], [525.0, 540.0], [540.0, 555.0], [555.0, 570.0], [570.0, 585.0], [585.0, 600.0], [600.0, 615.0], [615.0, 630.0], [630.0, 645.0], [645.0, 660.0], [660.0, 675.0], [675.0, 690.0], [690.0, 705.0], [705.0, 720.0], [720.0, 735.0], [735.0, 750.0], [750.0, 765.0], [765.0, 780.0], [780.0, 795.0], [795.0, 810.0], [810.0, 825.0], [825.0, 840.0], [840.0, 855.0], [855.0, 870.0], [870.0, 885.0], [885.0, 900.0], [900.0, 915.0], [915.0, 930.0], [930.0, 945.0], [945.0, 960.0], [960.0, 975.0], [975.0, 990.0], [990.0, 1005.0], [1005.0, 1020.0], [1020.0, 1035.0], [1035.0, 1050.0], [1050.0, 1065.0], [1065.0, 1080.0], [1080.0, 5000.0]], "distances": [[0.0, 74.85, 67.55, 70.34, 64.58, 78.15, 58.94, 60.27, 72.52, 70.72, 81.43, 65.61, 66.39, 56.65, 70.44, 72.79, 71.82, 61.13, 64.09, 76.47, 76.15, 75.73, 66.04, 69.08, 69.22, 68.78, 69.34, 71.06, 78.53, 63.93, 69.27, 59.55, 76.26, 72.66, 84.8, 60.93, 73.37, 67.31, 70.67, 71.05, 68.31, 59.45, 79.06, 79.63, 67.54, 81.44, 68.53, 69.8, 71.45, 71.15, 67.12, 0.0], [0.0, 0.0, 17.46, 25.45, 20.13, 12.43, 19.23, 20.5, 17.97, 8.7, 8.66, 14.01, 18.6, 23.17, 12.59, 4.37, 14.24, 19.65, 14.7, 12.65, 6.91, 10.64, 19.9, 15.56, 9.3, 22.28, 10.78, 26.15, 14.3, 15.96, 10.58, 26.26, 5.84, 6.19, 11.5, 20.61, 13.87, 27.76, 5.04, 20.23, 12.42, 23.07, 8.63, 14.55, 19.85, 10.75, 12.31, 11.11, 22.94, 5.29, 24.39, 74.85], [0.0, 17.46, 0.0, 8.95, 10.38, 11.65, 9.43, 7.31, 5.14, 8.77, 17.85, 5.24, 10.14, 10.9, 5.1, 13.1, 4.86, 6.49, 6.23, 9.83, 12.87, 19.37, 10.09, 9.65, 8.41, 5.35, 6.73, 9.86, 11.42, 5.12, 6.96, 10.11, 13.76, 11.37, 20.68, 6.62, 6.38, 10.45, 13.13, 4.91, 5.2, 8.4, 14.72, 12.52, 10.28, 16.28, 5.26, 6.35, 7.24, 12.43, 7.03, 67.55], [0.0, 25.45, 8.95, 0.0, 8.73, 16.09, 16.45, 13.25, 7.78, 17.01, 23.52, 14.15, 8.58, 15.84, 12.96, 21.16, 11.24, 12.93, 14.93, 14.6, 19.64, 27.35, 7.63, 10.23, 17.03, 13.3, 15.25, 11.17, 14.82, 13.57, 15.51, 10.92, 20.72, 19.28, 25.6, 12.32, 11.91, 13.44, 21.66, 5.25, 13.93, 12.31, 20.47, 15.66, 6.6, 21.12, 13.94, 14.69, 11.88, 20.83, 10.69, 70.34], [0.0, 20.13, 10.38, 8.73, 0.0, 15.08, 7.79, 4.83, 7.96, 11.52, 21.2, 6.54, 9.85, 8.12, 8.3, 15.81, 8.3, 4.31, 6.77, 13.26, 16.09, 22.01, 10.03, 5.53, 10.84, 5.37, 9.38, 9.72, 14.79, 5.26, 9.57, 6.7, 16.92, 14.23, 24.09, 9.91, 9.8, 8.93, 15.48, 6.66, 7.72, 5.16, 18.08, 15.89, 9.85, 19.7, 7.85, 9.18, 8.05, 14.92, 5.74, 64.58], [0.0, 12.43, 11.65, 16.09, 15.08, 0.0, 19.21, 18.32, 8.55, 8.36, 7.52, 12.54, 13.05, 21.91, 7.71, 9.54, 6.8, 17.38, 14.08, 10.62, 5.54, 13.99, 13.98, 9.64, 9.77, 14.05, 9.05, 16.46, 10.46, 14.24, 9.18, 21.7, 6.59, 8.06, 9.56, 17.85, 5.27, 19.37, 11.53, 11.21, 9.86, 19.93, 4.72, 10.92, 12.99, 5.05, 9.64, 8.47, 13.34, 10.51, 16.56, 78.15], [0.0, 19.23, 9.43, 16.45, 7.79, 19.21, 0.0, 9.66, 14.55, 12.35, 23.35, 6.72, 8.74, 8.55, 11.5, 15.63, 13.0, 10.24, 5.27, 17.53, 17.88, 20.84, 9.13, 10.43, 10.96, 13.16, 10.62, 17.44, 19.63, 5.0, 10.61, 9.4, 18.29, 14.79, 26.63, 4.27, 14.52, 15.96, 14.2, 14.07, 9.42, 5.68, 20.6, 20.72, 10.58, 22.81, 9.64, 10.99, 15.8, 14.16, 13.22, 58.94], [0.0, 20.5, 7.31, 13.25, 4.83, 18.32, 9.66, 0.0, 12.39, 12.67, 23.41, 6.71, 6.27, 12.59, 10.73, 16.51, 11.67, 9.15, 5.8, 16.54, 17.99, 22.25, 6.3, 8.85, 11.5, 10.12, 10.64, 14.24, 18.42, 4.66, 10.72, 6.4, 18.59, 15.33, 26.55, 9.32, 13.24, 12.58, 15.5, 11.45, 9.12, 10.0, 20.45, 19.52, 7.83, 22.43, 9.33, 10.78, 12.86, 15.24, 9.93, 60.27], [0.0, 17.97, 5.14, 7.78, 7.96, 8.55, 14.55, 12.39, 0.0, 9.98, 15.82, 9.38, 6.15, 15.93, 6.07, 13.8, 10.01, 11.61, 10.74, 6.92, 11.89, 19.84, 6.53, 4.51, 10.42, 5.52, 8.66, 8.33, 7.61, 9.96, 8.94, 13.96, 12.98, 11.89, 18.11, 11.65, 4.17, 10.85, 14.68, 9.93, 7.88, 13.12, 12.74, 8.61, 5.14, 13.59, 7.78, 7.97, 5.08, 13.75, 8.04, 72.52], [0.0, 8.7, 8.77, 17.01, 11.52, 8.36, 12.35, 12.67, 9.98, 0.0, 11.0, 5.96, 9.92, 15.86, 10.86, 4.33, 6.14, 11.75, 7.14, 7.28, 5.54, 10.6, 11.21, 6.91, 9.4, 13.69, 10.77, 17.78, 9.61, 8.01, 10.58, 17.89, 5.97, 14.23, 14.3, 12.58, 6.42, 19.11, 4.71, 11.91, 10.72, 15.01, 8.36, 10.45, 11.17, 10.72, 10.57, 10.25, 14.65, 11.27, 15.72, 70.72], [0.0, 8.66, 17.85, 23.52, 21.2, 7.52, 23.35, 23.41, 15.82, 11.0, 0.0, 16.82, 19.25, 26.76, 12.95, 8.78, 13.18, 22.46, 18.12, 8.92, 5.47, 9.36, 20.38, 15.7, 12.43, 21.2, 12.82, 23.94, 9.14, 18.83, 12.79, 27.89, 5.18, 8.79, 13.71, 23.17, 11.96, 26.66, 11.05, 18.48, 14.29, 25.51, 12.25, 8.74, 19.68, 10.97, 14.08, 12.62, 20.77, 10.4, 23.67, 81.43], [0.0, 14.01, 5.24, 14.15, 6.54, 12.54, 6.72, 6.71, 9.38, 5.96, 16.82, 0.0, 5.67, 9.94, 4.9, 9.88, 6.77, 5.8, 10.01, 10.91, 11.37, 15.83, 6.86, 4.87, 4.82, 10.52, 9.9, 15.08, 13.1, 10.36, 10.16, 12.26, 11.91, 8.62, 20.04, 6.67, 8.15, 15.23, 9.13, 10.0, 10.44, 9.13, 13.97, 14.16, 7.56, 16.11, 10.5, 4.28, 12.47, 8.72, 11.85, 65.61], [0.0, 18.6, 10.14, 8.58, 9.85, 13.05, 8.74, 6.27, 6.15, 9.92, 19.25, 5.67, 0.0, 9.78, 6.43, 14.25, 6.27, 5.53, 6.35, 11.23, 14.22, 20.5, 10.51, 10.54, 9.42, 4.96, 7.82, 9.54, 12.77, 5.02, 8.03, 8.7, 15.09, 12.57, 22.09, 5.5, 7.77, 9.61, 14.13, 5.33, 6.21, 7.09, 16.12, 13.87, 10.76, 17.69, 6.3, 7.52, 7.28, 13.48, 6.2, 66.39], [0.0, 23.17, 10.9, 15.84, 8.12, 21.91, 8.55, 12.59, 15.93, 15.86, 26.76, 9.94, 9.78, 0.0, 14.27, 19.43, 15.29, 4.54, 8.74, 20.14, 21.3, 24.83, 9.62, 12.48, 14.57, 13.1, 13.94, 16.79, 22.04, 7.93, 13.97, 6.51, 21.82, 18.43, 29.96, 4.29, 16.86, 14.44, 18.14, 14.78, 12.51, 13.28, 23.87, 23.15, 11.16, 25.92, 12.72, 14.16, 15.88, 18.03, 12.38, 56.65], [0.0, 12.59, 5.1, 12.96, 8.3, 7.71, 11.5, 10.73, 6.07, 10.86, 12.95, 4.9, 6.43, 14.27, 0.0, 8.24, 9.97, 9.78, 6.46, 6.03, 7.8, 14.5, 7.66, 9.77, 4.34, 9.7, 11.28, 13.73, 8.2, 6.52, 11.14, 14.96, 8.66, 6.41, 15.95, 10.37, 10.24, 15.18, 8.74, 7.86, 10.3, 12.62, 9.88, 9.26, 7.34, 11.72, 10.36, 9.18, 10.6, 7.87, 11.82, 70.44], [0.0, 4.37, 13.1, 21.16, 15.81, 9.54, 15.63, 16.51, 13.8, 4.33, 8.78, 9.88, 14.25, 19.43, 8.24, 0.0, 10.0, 15.63, 10.75, 9.25, 4.37, 6.27, 15.54, 11.2, 5.07, 17.94, 6.44, 21.88, 11.27, 11.89, 6.25, 22.06, 10.21, 10.55, 12.11, 16.54, 9.82, 23.4, 9.04, 15.97, 8.1, 19.01, 7.17, 11.78, 15.48, 9.69, 7.97, 6.75, 18.69, 9.66, 20.02, 72.79], [0.0, 14.24, 4.86, 11.24, 8.3, 6.8, 13.0, 11.67, 10.01, 6.14, 13.18, 6.77, 6.27, 15.29, 9.97, 10.0, 0.0, 10.76, 8.31, 4.98, 8.57, 16.12, 7.28, 8.77, 6.67, 8.3, 4.98, 11.92, 6.75, 8.02, 5.25, 14.96, 9.6, 8.1, 15.89, 11.14, 9.28, 13.85, 10.83, 6.0, 4.59, 13.15, 10.03, 7.86, 6.5, 11.45, 4.43, 4.26, 8.7, 9.9, 10.65, 71.82], [0.0, 19.65, 6.49, 12.93, 4.31, 17.38, 10.24, 9.15, 11.61, 11.75, 22.46, 5.8, 5.53, 4.54, 9.78, 15.63, 10.76, 0.0, 4.97, 15.61, 17.05, 21.42, 5.72, 7.96, 10.61, 9.68, 9.71, 13.92, 17.51, 9.57, 9.79, 6.97, 17.66, 14.42, 25.61, 8.83, 12.32, 12.53, 14.67, 10.8, 8.18, 9.48, 19.51, 18.61, 7.22, 21.49, 8.38, 9.84, 12.36, 14.38, 9.71, 61.13], [0.0, 14.7, 6.23, 14.93, 6.77, 14.08, 5.27, 5.8, 10.74, 7.14, 18.12, 10.01, 6.35, 8.74, 6.46, 10.75, 8.31, 4.97, 0.0, 12.46, 12.65, 16.46, 7.4, 6.24, 5.83, 11.31, 5.35, 15.89, 14.66, 8.81, 5.34, 11.79, 13.11, 9.69, 21.38, 5.96, 9.71, 15.67, 9.71, 11.12, 4.22, 8.41, 15.34, 15.72, 8.35, 17.54, 4.44, 5.73, 13.46, 9.44, 12.37, 64.09], [0.0, 12.65, 9.83, 14.6, 13.26, 10.62, 17.53, 16.54, 6.92, 7.28, 8.92, 10.91, 11.23, 20.14, 6.03, 9.25, 4.98, 15.61, 12.46, 0.0, 5.82, 14.34, 12.17, 7.82, 8.58, 12.38, 7.63, 15.04, 11.73, 12.54, 7.79, 19.88, 6.95, 7.55, 11.23, 16.06, 11.09, 17.77, 11.0, 9.58, 8.26, 18.12, 5.9, 12.3, 11.2, 6.71, 8.05, 6.99, 11.85, 9.97, 14.88, 76.47], [0.0, 6.91, 12.87, 19.64, 16.09, 5.54, 17.88, 17.99, 11.89, 5.54, 5.47, 11.37, 14.22, 21.3, 7.8, 4.37, 8.57, 17.05, 12.65, 5.82, 0.0, 8.54, 15.43, 10.73, 6.99, 16.86, 7.37, 20.22, 7.4, 13.39, 7.33, 22.73, 10.65, 12.06, 8.76, 17.8, 7.73, 22.42, 6.64, 14.41, 8.88, 20.17, 10.27, 7.71, 14.93, 5.5, 8.68, 7.22, 16.97, 5.74, 19.22, 76.15], [0.0, 10.64, 19.37, 27.35, 22.01, 13.99, 20.84, 22.25, 19.84, 10.6, 9.36, 15.83, 20.5, 24.83, 14.5, 6.27, 16.12, 21.42, 16.46, 14.34, 8.54, 0.0, 21.8, 17.47, 11.17, 24.19, 12.68, 28.04, 15.88, 17.76, 12.47, 28.09, 7.43, 8.09, 11.84, 22.39, 15.72, 29.67, 6.75, 22.12, 14.31, 24.85, 9.89, 16.05, 21.76, 11.79, 14.2, 13.02, 24.82, 7.12, 26.3, 75.73], [0.0, 19.9, 10.09, 7.63, 10.03, 13.98, 9.13, 6.3, 6.53, 11.21, 20.38, 6.86, 10.51, 9.62, 7.66, 15.54, 7.28, 5.72, 7.4, 12.17, 15.43, 21.8, 0.0, 4.7, 10.72, 11.5, 9.12, 8.61, 13.58, 5.97, 9.33, 7.72, 16.32, 13.86, 23.17, 5.43, 8.72, 8.37, 15.43, 5.17, 7.51, 6.6, 17.24, 14.66, 9.01, 18.73, 7.61, 8.81, 6.68, 14.78, 5.0, 66.04], [0.0, 15.56, 9.65, 10.23, 5.53, 9.64, 10.43, 8.85, 4.51, 6.91, 15.7, 4.87, 10.54, 12.48, 9.77, 11.2, 8.77, 7.96, 6.24, 7.82, 10.73, 17.47, 4.7, 0.0, 6.8, 6.8, 5.03, 11.06, 9.58, 5.59, 5.29, 12.23, 11.64, 9.4, 18.55, 8.3, 4.42, 12.21, 11.46, 5.42, 10.17, 10.3, 12.57, 10.69, 4.31, 14.17, 9.99, 4.52, 8.09, 10.68, 8.83, 69.08], [0.0, 9.3, 8.41, 17.03, 10.84, 9.77, 10.96, 11.5, 10.42, 9.4, 12.43, 4.82, 9.42, 14.57, 4.34, 5.07, 6.67, 10.61, 5.83, 8.58, 6.99, 11.17, 10.72, 6.8, 0.0, 13.58, 11.16, 17.85, 10.93, 6.85, 10.92, 16.99, 7.33, 10.75, 15.75, 11.49, 7.26, 18.86, 4.72, 12.08, 10.06, 13.95, 9.85, 11.82, 10.88, 12.23, 10.27, 9.1, 14.81, 12.22, 15.44, 69.22], [0.0, 22.28, 5.35, 13.3, 5.37, 14.05, 13.16, 10.12, 5.52, 13.69, 21.2, 10.52, 4.96, 13.1, 9.7, 17.94, 8.3, 9.68, 11.31, 12.38, 16.86, 24.19, 11.5, 6.8, 13.58, 0.0, 11.82, 4.58, 13.11, 9.97, 12.07, 9.33, 17.89, 16.09, 23.6, 9.21, 9.27, 5.56, 18.26, 10.26, 10.42, 9.71, 18.08, 14.09, 10.66, 19.08, 10.45, 11.31, 10.61, 17.48, 8.99, 68.78], [0.0, 10.78, 6.73, 15.25, 9.38, 9.05, 10.62, 10.64, 8.66, 10.77, 12.82, 9.9, 7.82, 13.94, 11.28, 6.44, 4.98, 9.71, 5.35, 7.63, 7.37, 12.68, 9.12, 5.03, 11.16, 11.82, 0.0, 16.06, 9.96, 6.02, 9.6, 15.75, 7.95, 4.87, 16.05, 10.5, 5.76, 17.15, 6.44, 10.29, 9.57, 12.92, 9.99, 10.93, 9.18, 12.19, 9.42, 9.24, 13.02, 5.7, 13.74, 69.34], [0.0, 26.15, 9.86, 11.17, 9.72, 16.46, 17.44, 14.24, 8.33, 17.78, 23.94, 15.08, 9.54, 16.79, 13.73, 21.88, 11.92, 13.92, 15.89, 15.04, 20.22, 28.04, 8.61, 11.06, 17.85, 4.58, 16.06, 0.0, 15.11, 14.54, 16.32, 11.74, 21.31, 19.99, 25.92, 13.3, 12.49, 10.14, 22.45, 5.92, 14.78, 13.26, 20.93, 15.9, 7.55, 21.47, 14.78, 15.49, 8.89, 21.6, 4.41, 71.06], [0.0, 14.3, 11.42, 14.82, 14.79, 10.46, 19.63, 18.42, 7.61, 9.61, 9.14, 13.1, 12.77, 22.04, 8.2, 11.27, 6.75, 17.51, 14.66, 11.73, 7.4, 15.88, 13.58, 9.58, 10.93, 13.11, 9.96, 15.11, 0.0, 14.63, 10.13, 21.27, 8.47, 9.69, 10.81, 17.87, 5.18, 18.24, 13.16, 10.2, 10.5, 19.81, 6.53, 11.47, 12.43, 6.42, 10.29, 9.3, 12.09, 12.13, 15.63, 78.53], [0.0, 15.96, 5.12, 13.57, 5.26, 14.24, 5.0, 4.66, 9.96, 8.01, 18.83, 10.36, 5.02, 7.93, 6.52, 11.89, 8.02, 9.57, 8.81, 12.54, 13.39, 17.76, 5.97, 5.59, 6.85, 9.97, 6.02, 14.54, 14.63, 0.0, 6.08, 10.37, 13.95, 10.67, 22.03, 4.66, 9.52, 14.17, 11.02, 10.03, 4.59, 7.12, 15.94, 15.71, 7.03, 18.03, 4.8, 6.23, 12.24, 10.67, 10.91, 63.93], [0.0, 10.58, 6.96, 15.51, 9.57, 9.18, 10.61, 10.72, 8.94, 10.58, 12.79, 10.16, 8.03, 13.97, 11.14, 6.25, 5.25, 9.79, 5.34, 7.79, 7.33, 12.47, 9.33, 5.29, 10.92, 12.07, 9.6, 16.32, 10.13, 6.08, 0.0, 15.89, 7.88, 4.73, 16.04, 10.6, 6.0, 17.39, 6.19, 10.56, 9.57, 13.02, 9.99, 11.09, 9.41, 12.23, 9.69, 9.51, 13.29, 5.47, 13.98, 69.27], [0.0, 26.26, 10.11, 10.92, 6.7, 21.7, 9.4, 6.4, 13.96, 17.89, 27.89, 12.26, 8.7, 6.51, 14.96, 22.06, 14.96, 6.97, 11.79, 19.88, 22.73, 28.09, 7.72, 12.23, 16.99, 9.33, 15.75, 11.74, 21.27, 10.37, 15.89, 0.0, 23.51, 20.62, 30.78, 5.91, 16.43, 8.57, 21.38, 11.91, 14.09, 11.86, 24.78, 22.35, 8.87, 26.39, 14.25, 15.66, 11.91, 20.97, 7.58, 59.55], [0.0, 5.84, 13.76, 20.72, 16.92, 6.59, 18.29, 18.59, 12.98, 5.97, 5.18, 11.91, 15.09, 21.82, 8.66, 10.21, 9.6, 17.66, 13.11, 6.95, 10.65, 7.43, 16.32, 11.64, 7.33, 17.89, 7.95, 21.31, 8.47, 13.95, 7.88, 23.51, 0.0, 12.03, 8.54, 18.44, 8.82, 23.45, 6.19, 15.48, 9.53, 20.85, 11.32, 8.72, 15.89, 5.82, 9.34, 7.89, 18.07, 5.4, 20.22, 76.26], [0.0, 6.19, 11.37, 19.28, 14.23, 8.06, 14.79, 15.33, 11.89, 14.23, 8.79, 8.62, 12.57, 18.43, 6.41, 10.55, 8.1, 14.42, 9.69, 7.55, 12.06, 8.09, 13.86, 9.4, 10.75, 16.09, 4.87, 19.99, 9.69, 10.67, 4.73, 20.62, 12.03, 0.0, 12.14, 15.27, 7.91, 21.59, 10.92, 14.07, 6.54, 17.72, 6.57, 10.3, 13.71, 9.08, 6.39, 5.06, 16.79, 10.19, 18.23, 72.66], [0.0, 11.5, 20.68, 25.6, 24.09, 9.56, 26.63, 26.55, 18.11, 14.3, 13.71, 20.04, 22.09, 29.96, 15.95, 12.11, 15.89, 25.61, 21.38, 11.23, 8.76, 11.84, 23.17, 18.55, 15.75, 23.6, 16.05, 25.92, 10.81, 22.03, 16.04, 30.78, 8.54, 12.14, 0.0, 26.28, 14.54, 28.93, 14.36, 20.77, 17.45, 28.57, 6.1, 10.11, 22.34, 4.52, 17.24, 15.8, 22.86, 13.75, 26.1, 84.8], [0.0, 20.61, 6.62, 12.32, 9.91, 17.85, 4.27, 9.32, 11.65, 12.58, 23.17, 6.67, 5.5, 4.29, 10.37, 16.54, 11.14, 8.83, 5.96, 16.06, 17.8, 22.39, 5.43, 8.3, 11.49, 9.21, 10.5, 13.3, 17.87, 4.66, 10.6, 5.91, 18.44, 15.27, 26.28, 0.0, 12.71, 11.69, 15.65, 10.6, 8.92, 9.95, 20.18, 18.98, 6.98, 22.09, 9.12, 10.58, 11.95, 15.33, 9.01, 60.93], [0.0, 13.87, 6.38, 11.91, 9.8, 5.27, 14.52, 13.24, 4.17, 6.42, 11.96, 8.15, 7.77, 16.86, 10.24, 9.82, 9.28, 12.32, 9.71, 11.09, 7.73, 15.72, 8.72, 4.42, 7.26, 9.27, 5.76, 12.49, 5.18, 9.52, 6.0, 16.43, 8.82, 7.91, 14.54, 12.71, 0.0, 14.79, 10.97, 6.69, 5.75, 14.71, 8.82, 6.29, 7.81, 10.05, 5.57, 5.02, 9.25, 9.98, 11.72, 73.37], [0.0, 27.76, 10.45, 13.44, 8.93, 19.37, 15.96, 12.58, 10.85, 19.11, 26.66, 15.23, 9.61, 14.44, 15.18, 23.4, 13.85, 12.53, 15.67, 17.77, 22.42, 29.67, 8.37, 12.21, 18.86, 5.56, 17.15, 10.14, 18.24, 14.17, 17.39, 8.57, 23.45, 21.59, 28.93, 11.69, 14.79, 0.0, 23.58, 8.18, 15.65, 10.94, 23.56, 19.13, 7.98, 24.42, 15.71, 16.71, 6.23, 22.85, 10.71, 67.31], [0.0, 5.04, 13.13, 21.66, 15.48, 11.53, 14.2, 15.5, 14.68, 4.71, 11.05, 9.13, 14.13, 18.14, 8.74, 9.04, 10.83, 14.67, 9.71, 11.0, 6.64, 6.75, 15.43, 11.46, 4.72, 18.26, 6.44, 22.45, 13.16, 11.02, 6.19, 21.38, 6.19, 10.92, 14.36, 15.65, 10.97, 23.58, 0.0, 16.6, 7.94, 18.11, 9.49, 13.77, 15.6, 12.01, 7.87, 6.97, 19.34, 10.32, 20.16, 70.67], [0.0, 20.23, 4.91, 5.25, 6.66, 11.21, 14.07, 11.45, 9.93, 11.91, 18.48, 10.0, 5.33, 14.78, 7.86, 15.97, 6.0, 10.8, 11.12, 9.58, 14.41, 22.12, 5.17, 5.42, 12.08, 10.26, 10.29, 5.92, 10.2, 10.03, 10.56, 11.91, 15.48, 14.07, 20.77, 10.6, 6.69, 8.18, 16.6, 0.0, 9.16, 11.64, 15.38, 11.16, 9.73, 16.25, 9.13, 9.67, 9.91, 15.73, 5.44, 71.05], [0.0, 12.42, 5.2, 13.93, 7.72, 9.86, 9.42, 9.12, 7.88, 10.72, 14.29, 10.44, 6.21, 12.51, 10.3, 8.1, 4.59, 8.18, 4.22, 8.26, 8.88, 14.31, 7.51, 10.17, 10.06, 10.42, 9.57, 14.78, 10.5, 4.59, 9.57, 14.09, 9.53, 6.54, 17.45, 8.92, 5.75, 15.65, 7.94, 9.16, 0.0, 11.32, 11.36, 11.54, 7.67, 13.44, 8.66, 8.84, 11.84, 7.27, 12.23, 68.31], [0.0, 23.07, 8.4, 12.31, 5.16, 19.93, 5.68, 10.0, 13.12, 15.01, 25.51, 9.13, 7.09, 13.28, 12.62, 19.01, 13.15, 9.48, 8.41, 18.12, 20.17, 24.85, 6.6, 10.3, 13.95, 9.71, 12.92, 13.26, 19.81, 7.12, 13.02, 11.86, 20.85, 17.72, 28.57, 9.95, 14.71, 10.94, 18.11, 11.64, 11.32, 0.0, 22.48, 20.91, 8.09, 24.32, 11.5, 12.96, 12.49, 17.79, 8.84, 59.45], [0.0, 8.63, 14.72, 20.47, 18.08, 4.72, 20.6, 20.45, 12.74, 8.36, 12.25, 13.97, 16.12, 23.87, 9.88, 7.17, 10.03, 19.51, 15.34, 5.9, 10.27, 9.89, 17.24, 12.57, 9.85, 18.08, 9.99, 20.93, 6.53, 15.94, 9.99, 24.78, 11.32, 6.57, 6.1, 20.18, 8.82, 23.56, 9.49, 15.38, 11.36, 22.48, 0.0, 6.4, 16.53, 9.77, 11.15, 9.71, 17.74, 8.64, 20.54, 79.06], [0.0, 14.55, 12.52, 15.66, 15.89, 10.92, 20.72, 19.52, 8.61, 10.45, 8.74, 14.16, 13.87, 23.15, 9.26, 11.78, 7.86, 18.61, 15.72, 12.3, 7.71, 16.05, 14.66, 10.69, 11.82, 14.09, 10.93, 15.9, 11.47, 15.71, 11.09, 22.35, 8.72, 10.3, 10.11, 18.98, 6.29, 19.13, 13.77, 11.16, 11.54, 20.91, 6.4, 0.0, 13.5, 5.87, 11.32, 10.29, 12.94, 12.75, 16.6, 79.63], [0.0, 19.85, 10.28, 6.6, 9.85, 12.99, 10.58, 7.83, 5.14, 11.17, 19.68, 7.56, 10.76, 11.16, 7.34, 15.48, 6.5, 7.22, 8.35, 11.2, 14.93, 21.76, 9.01, 4.31, 10.88, 10.66, 9.18, 7.55, 12.43, 7.03, 9.41, 8.87, 15.89, 13.71, 22.34, 6.98, 7.81, 7.98, 15.6, 9.73, 7.67, 8.09, 16.53, 13.5, 0.0, 17.86, 7.73, 8.75, 5.28, 14.88, 4.56, 67.54], [0.0, 10.75, 16.28, 21.12, 19.7, 5.05, 22.81, 22.43, 13.59, 10.72, 10.97, 16.11, 17.69, 25.92, 11.72, 9.69, 11.45, 21.49, 17.54, 6.71, 5.5, 11.79, 18.73, 14.17, 12.23, 19.08, 12.19, 21.47, 6.42, 18.03, 12.23, 26.39, 5.82, 9.08, 4.52, 22.09, 10.05, 24.42, 12.01, 16.25, 13.44, 24.32, 9.77, 5.87, 17.86, 0.0, 13.23, 11.83, 18.38, 11.18, 21.58, 81.44], [0.0, 12.31, 5.26, 13.94, 7.85, 9.64, 9.64, 9.33, 7.78, 10.57, 14.08, 10.5, 6.3, 12.72, 10.36, 7.97, 4.43, 8.38, 4.44, 8.05, 8.68, 14.2, 7.61, 9.99, 10.27, 10.45, 9.42, 14.78, 10.29, 4.8, 9.69, 14.25, 9.34, 6.39, 17.24, 9.12, 5.57, 15.71, 7.87, 9.13, 8.66, 11.5, 11.15, 11.32, 7.73, 13.23, 0.0, 8.69, 11.82, 7.18, 12.29, 68.53], [0.0, 11.11, 6.35, 14.69, 9.18, 8.47, 10.99, 10.78, 7.97, 10.25, 12.62, 4.28, 7.52, 14.16, 9.18, 6.75, 4.26, 9.84, 5.73, 6.99, 7.22, 13.02, 8.81, 4.52, 9.1, 11.31, 9.24, 15.49, 9.3, 6.23, 9.51, 15.66, 7.89, 5.06, 15.8, 10.58, 5.02, 16.71, 6.97, 9.67, 8.84, 12.96, 9.71, 10.29, 8.75, 11.83, 8.69, 0.0, 12.41, 6.16, 13.31, 69.8], [0.0, 22.94, 7.24, 11.88, 8.05, 13.34, 15.8, 12.86, 5.08, 14.65, 20.77, 12.47, 7.28, 15.88, 10.6, 18.69, 8.7, 12.36, 13.46, 11.85, 16.97, 24.82, 6.68, 8.09, 14.81, 10.61, 13.02, 8.89, 12.09, 12.24, 13.29, 11.91, 18.07, 16.79, 22.86, 11.95, 9.25, 6.23, 19.34, 9.91, 11.84, 12.49, 17.74, 12.94, 5.28, 18.38, 11.82, 12.41, 0.0, 18.47, 4.47, 71.45], [0.0, 5.29, 12.43, 20.83, 14.92, 10.51, 14.16, 15.24, 13.75, 11.27, 10.4, 8.72, 13.48, 18.03, 7.87, 9.66, 9.9, 14.38, 9.44, 9.97, 5.74, 7.12, 14.78, 10.68, 12.22, 17.48, 5.7, 21.6, 12.13, 10.67, 5.47, 20.97, 5.4, 10.19, 13.75, 15.33, 9.98, 22.85, 10.32, 15.73, 7.27, 17.79, 8.64, 12.75, 14.88, 11.18, 7.18, 6.16, 18.47, 0.0, 19.44, 71.15], [0.0, 24.39, 7.03, 10.69, 5.74, 16.56, 13.22, 9.93, 8.04, 15.72, 23.67, 11.85, 6.2, 12.38, 11.82, 20.02, 10.65, 9.71, 12.37, 14.88, 19.22, 26.3, 5.0, 8.83, 15.44, 8.99, 13.74, 4.41, 15.63, 10.91, 13.98, 7.58, 20.22, 18.23, 26.1, 9.01, 11.72, 10.71, 20.16, 5.44, 12.23, 8.84, 20.54, 16.6, 4.56, 21.58, 12.29, 13.31, 4.47, 19.44, 0.0, 67.12], [0.0, 0.0, 0.0, 0.0, 0.0, 0.0, 0.0, 0.0, 0.0, 0.0, 0.0, 0.0, 0.0, 0.0, 0.0, 0.0, 0.0, 0.0, 0.0, 0.0, 0.0, 0.0, 0.0, 0.0, 0.0, 0.0, 0.0, 0.0, 0.0, 0.0, 0.0, 0.0, 0.0, 0.0, 0.0, 0.0, 0.0, 0.0, 0.0, 0.0, 0.0, 0.0, 0.0, 0.0, 0.0, 0.0, 0.0, 0.0, 0.0, 0.0, 0.0, 0.0]], "time_windows": [[0.0, 5000.0], [0.0, 124.0], [0.0, 146.0], [0.0, 156.0], [0.0, 170.0], [0.0, 204.0], [0.0, 258.0], [0.0, 287.0], [0.0, 322.0], [0.0, 345.0], [0.0, 366.0], [0.0, 396.0], [0.0, 405.0], [0.0, 420.0], [0.0, 443.0], [0.0, 455.0], [0.0, 477.0], [0.0, 507.0], [0.0, 520.0], [0.0, 562.0], [0.0, 580.0], [0.0, 599.0], [0.0, 644.0], [0.0, 651.0], [0.0, 662.0], [0.0, 684.0], [0.0, 701.0], [0.0, 723.0], [0.0, 744.0], [0.0, 763.0], [0.0, 773.0], [0.0, 798.0], [0.0, 839.0], [0.0, 866.0], [0.0, 889.0], [0.0, 937.0], [0.0, 957.0], [0.0, 981.0], [0.0, 1013.0], [0.0, 1034.0], [0.0, 1045.0], [0.0, 1057.0], [0.0, 1082.0], [0.0, 1090.0], [0.0, 1104.0], [0.0, 1122.0], [0.0, 1136.0], [0.0, 1144.0], [0.0, 1157.0], [0.0, 1175.0], [0.0, 1195.0], [0.0, 5000.0]], "start_depot": 0, "end_depot": 51, "horizon": [0.0, 5000.0]}