{"digraph": {"vertex_count": 52, "arc_count": 2550, "arcs": [[0, 1, 1, 1, 1, 1, 1, 1, 1, 1, 1, 1, 1, 1, 1, 1, 1, 1, 1, 1, 1, 1, 1, 1, 1, 1, 1, 1, 1, 1, 1, 1, 1, 1, 1, 1, 1, 1, 1, 1, 1, 1, 1, 1, 1, 1, 1, 1, 1, 1, 1, 1], [0, 0, 1, 1, 1, 1, 1, 1, 1, 1, 1, 1, 1, 1, 1, 1, 1, 1, 1, 1, 1, 1, 1, 1, 1, 1, 1, 1, 1, 1, 1, 1, 1, 1, 1, 1, 1, 1, 1, 1, 1, 1, 1, 1, 1, 1, 1, 1, 1, 1, 1, 1], [0, 1, 0, 1, 1, 1, 1, 1, 1, 1, 1, 1, 1, 1, 1, 1, 1, 1, 1, 1, 1, 1, 1, 1, 1, 1, 1, 1, 1, 1, 1, 1, 1, 1, 1, 1, 1, 1, 1, 1, 1, 1, 1, 1, 1, 1, 1, 1, 1, 1, 1, 1], [0, 1, 1, 0, 1, 1, 1, 1, 1, 1, 1, 1, 1, 1, 1, 1, 1, 1, 1, 1, 1, 1, 1, 1, 1, 1, 1, 1, 1, 1, 1, 1, 1, 1, 1, 1, 1, 1, 1, 1, 1, 1, 1, 1, 1, 1, 1, 1, 1, 1, 1, 1], [0, 1, 1, 1, 0, 1, 1, 1, 1, 1, 1, 1, 1, 1, 1, 1, 1, 1, 1, 1, 1, 1, 1, 1, 1, 1, 1, 1, 1, 1, 1, 1, 1, 1, 1, 1, 1, 1, 1, 1, 1, 1, 1, 1, 1, 1, 1, 1, 1, 1, 1, 1], [0, 1, 1, 1, 1, 0, 1, 1, 1, 1, 1, 1, 1, 1, 1, 1, 1, 1, 1, 1, 1, 1, 1, 1, 1, 1, 1, 1, 1, 1, 1, 1, 1, 1, 1, 1, 1, 1, 1, 1, 1, 1, 1, 1, 1, 1, 1, 1, 1, 1, 1, 1], [0, 1, 1, 1, 1, 1, 0, 1, 1, 1, 1, 1, 1, 1, 1, 1, 1, 1, 1, 1, 1, 1, 1, 1, 1, 1, 1, 1, 1, 1, 1, 1, 1, 1, 1, 1, 1, 1, 1, 1, 1, 1, 1, 1, 1, 1, 1, 1, 1, 1, 1, 1], [0, 1, 1, 1, 1, 1, 1, 0, 1, 1, 1, 1, 1, 1, 1, 1, 1, 1, 1, 1, 1, 1, 1, 1, 1, 1, 1, 1, 1, 1, 1, 1, 1, 1, 1, 1, 1, 1, 1, 1, 1, 1, 1, 1, 1, 1, 1, 1, 1, 1, 1, 1], [0, 1, 1, 1, 1, 1, 1, 1, 0, 1, 1, 1, 1, 1, 1, 1, 1, 1, 1, 1, 1, 1, 1, 1, 1, 1, 1, 1, 1, 1, 1, 1, 1, 1, 1, 1, 1, 1, 1, 1, 1, 1, 1, 1, 1, 1, 1, 1, 1, 1, 1, 1], [0, 1, 1, 1, 1, 1, 1, 1, 1, 0, 1, 1, 1, 1, 1, 1, 1, 1, 1, 1, 1, 1, 1, 1, 1, 1, 1, 1, 1, 1, 1, 1, 1, 1, 1, 1, 1, 1, 1, 1, 1, 1, 1, 1, 1, 1, 1, 1, 1, 1, 1, 1], [0, 1, 1, 1, 1, 1, 1, 1, 1, 1, 0, 1, 1, 1, 1, 1, 1, 1, 1, 1, 1, 1, 1, 1, 1, 1, 1, 1, 1, 1, 1, 1, 1, 1, 1, 1, 1, 1, 1, 1, 1, 1, 1, 1, 1, 1, 1, 1, 1, 1, 1, 1], [0, 1, 1, 1, 1, 1, 1, 1, 1, 1, 1, 0, 1, 1, 1, 1, 1, 1, 1, 1, 1, 1, 1, 1, 1, 1, 1, 1, 1, 1, 1, 1, 1, 1, 1, 1, 1, 1, 1, 1, 1, 1, 1, 1, 1, 1, 1, 1, 1, 1, 1, 1], [0, 1, 1, 1, 1, 1, 1, 1, 1, 1, 1, 1, 0, 1, 1, 1, 1, 1, 1, 1, 1, 1, 1, 1, 1, 1, 1, 1, 1, 1, 1, 1, 1, 1, 1, 1, 1, 1, 1, 1, 1, 1, 1, 1, 1, 1, 1, 1, 1, 1, 1, 1], [0, 1, 1, 1, 1, 1, 1, 1, 1, 1, 1, 1, 1, 0, 1, 1, 1, 1, 1, 1, 1, 1, 1, 1, 1, 1, 1, 1, 1, 1, 1, 1, 1, 1, 1, 1, 1, 1, 1, 1, 1, 1, 1, 1, 1, 1, 1, 1, 1, 1, 1, 1], [0, 1, 1, 1, 1, 1, 1, 1, 1, 1, 1, 1, 1, 1, 0, 1, 1, 1, 1, 1, 1, 1, 1, 1, 1, 1, 1, 1, 1, 1, 1, 1, 1, 1, 1, 1, 1, 1, 1, 1, 1, 1, 1, 1, 1, 1, 1, 1, 1, 1, 1, 1], [0, 1, 1, 1, 1, 1, 1, 1, 1, 1, 1, 1, 1, 1, 1, 0, 1, 1, 1, 1, 1, 1, 1, 1, 1, 1, 1, 1, 1, 1, 1, 1, 1, 1, 1, 1, 1, 1, 1, 1, 1, 1, 1, 1, 1, 1, 1, 1, 1, 1, 1, 1], [0, 1, 1, 1, 1, 1, 1, 1, 1, 1, 1, 1, 1, 1, 1, 1, 0, 1, 1, 1, 1, 1, 1, 1, 1, 1, 1, 1, 1, 1, 1, 1, 1, 1, 1, 1, 1, 1, 1, 1, 1, 1, 1, 1, 1, 1, 1, 1, 1, 1, 1, 1], [0, 1, 1, 1, 1, 1, 1, 1, 1, 1, 1, 1, 1, 1, 1, 1, 1, 0, 1, 1, 1, 1, 1, 1, 1, 1, 1, 1, 1, 1, 1, 1, 1, 1, 1, 1, 1, 1, 1, 1, 1, 1, 1, 1, 1, 1, 1, 1, 1, 1, 1, 1], [0, 1, 1, 1, 1, 1, 1, 1, 1, 1, 1, 1, 1, 1, 1, 1, 1, 1, 0, 1, 1, 1, 1, 1, 1, 1, 1, 1, 1, 1, 1, 1, 1, 1, 1, 1, 1, 1, 1, 1, 1, 1, 1, 1, 1, 1, 1, 1, 1, 1, 1, 1], [0, 1, 1, 1, 1, 1, 1, 1, 1, 1, 1, 1, 1, 1, 1, 1, 1, 1, 1, 0, 1, 1, 1, 1, 1, 1, 1, 1, 1, 1, 1, 1, 1, 1, 1, 1, 1, 1, 1, 1, 1, 1, 1, 1, 1, 1, 1, 1, 1, 1, 1, 1], [0, 1, 1, 1, 1, 1, 1, 1, 1, 1, 1, 1, 1, 1, 1, 1, 1, 1, 1, 1, 0, 1, 1, 1, 1, 1, 1, 1, 1, 1, 1, 1, 1, 1, 1, 1, 1, 1, 1, 1, 1, 1, 1, 1, 1, 1, 1, 1, 1, 1, 1, 1], [0, 1, 1, 1, 1, 1, 1, 1, 1, 1, 1, 1, 1, 1, 1, 1, 1, 1, 1, 1, 1, 0, 1, 1, 1, 1, 1, 1, 1, 1, 1, 1, 1, 1, 1, 1, 1, 1, 1, 1, 1, 1, 1, 1, 1, 1, 1, 1, 1, 1, 1, 1], [0, 1, 1, 1, 1, 1, 1, 1, 1, 1, 1, 1, 1, 1, 1, 1, 1, 1, 1, 1, 1, 1, 0, 1, 1, 1, 1, 1, 1, 1, 1, 1, 1, 1, 1, 1, 1, 1, 1, 1, 1, 1, 1, 1, 1, 1, 1, 1, 1, 1, 1, 1], [0, 1, 1, 1, 1, 1, 1, 1, 1, 1, 1, 1, 1, 1, 1, 1, 1, 1, 1, 1, 1, 1, 1, 0, 1, 1, 1, 1, 1, 1, 1, 1, 1, 1, 1, 1, 1, 1, 1, 1, 1, 1, 1, 1, 1, 1, 1, 1, 1, 1, 1, 1], [0, 1, 1, 1, 1, 1, 1, 1, 1, 1, 1, 1, 1, 1, 1, 1, 1, 1, 1, 1, 1, 1, 1, 1, 0, 1, 1, 1, 1, 1, 1, 1, 1, 1, 1, 1, 1, 1, 1, 1, 1, 1, 1, 1, 1, 1, 1, 1, 1, 1, 1, 1], [0, 1, 1, 1, 1, 1, 1, 1, 1, 1, 1, 1, 1, 1, 1, 1, 1, 1, 1, 1, 1, 1, 1, 1, 1, 0, 1, 1, 1, 1, 1, 1, 1, 1, 1, 1, 1, 1, 1, 1, 1, 1, 1, 1, 1, 1, 1, 1, 1, 1, 1, 1], [0, 1, 1, 1, 1, 1, 1, 1, 1, 1, 1, 1, 1, 1, 1, 1, 1, 1, 1, 1, 1, 1, 1, 1, 1, 1, 0, 1, 1, 1, 1, 1, 1, 1, 1, 1, 1, 1, 1, 1, 1, 1, 1, 1, 1, 1, 1, 1, 1, 1, 1, 1], [0, 1, 1, 1, 1, 1, 1, 1, 1, 1, 1, 1, 1, 1, 1, 1, 1, 1, 1, 1, 1, 1, 1, 1, 1, 1, 1, 0, 1, 1, 1, 1, 1, 1, 1, 1, 1, 1, 1, 1, 1, 1, 1, 1, 1, 1, 1, 1, 1, 1, 1, 1], [0, 1, 1, 1, 1, 1, 1, 1, 1, 1, 1, 1, 1, 1, 1, 1, 1, 1, 1, 1, 1, 1, 1, 1, 1, 1, 1, 1, 0, 1, 1, 1, 1, 1, 1, 1, 1, 1, 1, 1, 1, 1, 1, 1, 1, 1, 1, 1, 1, 1, 1, 1], [0, 1, 1, 1, 1, 1, 1, 1, 1, 1, 1, 1, 1, 1, 1, 1, 1, 1, 1, 1, 1, 1, 1, 1, 1, 1, 1, 1, 1, 0, 1, 1, 1, 1, 1, 1, 1, 1, 1, 1, 1, 1, 1, 1, 1, 1, 1, 1, 1, 1, 1, 1], [0, 1, 1, 1, 1, 1, 1, 1, 1, 1, 1, 1, 1, 1, 1, 1, 1, 1, 1, 1, 1, 1, 1, 1, 1, 1, 1, 1, 1, 1, 0, 1, 1, 1, 1, 1, 1, 1, 1, 1, 1, 1, 1, 1, 1, 1, 1, 1, 1, 1, 1, 1], [0, 1, 1, 1, 1, 1, 1, 1, 1, 1, 1, 1, 1, 1, 1, 1, 1, 1, 1, 1, 1, 1, 1, 1, 1, 1, 1, 1, 1, 1, 1, 0, 1, 1, 1, 1, 1, 1, 1, 1, 1, 1, 1, 1, 1, 1, 1, 1, 1, 1, 1, 1], [0, 1, 1, 1, 1, 1, 1, 1, 1, 1, 1, 1, 1, 1, 1, 1, 1, 1, 1, 1, 1, 1, 1, 1, 1, 1, 1, 1, 1, 1, 1, 1, 0, 1, 1, 1, 1, 1, 1, 1, 1, 1, 1, 1, 1, 1, 1, 1, 1, 1, 1, 1], [0, 1, 1, 1, 1, 1, 1, 1, 1, 1, 1, 1, 1, 1, 1, 1, 1, 1, 1, 1, 1, 1, 1, 1, 1, 1, 1, 1, 1, 1, 1, 1, 1, 0, 1, 1, 1, 1, 1, 1, 1, 1, 1, 1, 1, 1, 1, 1, 1, 1, 1, 1], [0, 1, 1, 1, 1, 1, 1, 1, 1, 1, 1, 1, 1, 1, 1, 1, 1, 1, 1, 1, 1, 1, 1, 1, 1, 1, 1, 1, 1, 1, 1, 1, 1, 1, 0, 1, 1, 1, 1, 1, 1, 1, 1, 1, 1, 1, 1, 1, 1, 1, 1, 1], [0, 1, 1, 1, 1, 1, 1, 1, 1, 1, 1, 1, 1, 1, 1, 1, 1, 1, 1, 1, 1, 1, 1, 1, 1, 1, 1, 1, 1, 1, 1, 1, 1, 1, 1, 0, 1, 1, 1, 1, 1, 1, 1, 1, 1, 1, 1, 1, 1, 1, 1, 1], [0, 1, 1, 1, 1, 1, 1, 1, 1, 1, 1, 1, 1, 1, 1, 1, 1, 1, 1, 1, 1, 1, 1, 1, 1, 1, 1, 1, 1, 1, 1, 1, 1, 1, 1, 1, 0, 1, 1, 1, 1, 1, 1, 1, 1, 1, 1, 1, 1, 1, 1, 1], [0, 1, 1, 1, 1, 1, 1, 1, 1, 1, 1, 1, 1, 1, 1, 1, 1, 1, 1, 1, 1, 1, 1, 1, 1, 1, 1, 1, 1, 1, 1, 1, 1, 1, 1, 1, 1, 0, 1, 1, 1, 1, 1, 1, 1, 1, 1, 1, 1, 1, 1, 1], [0, 1, 1, 1, 1, 1, 1, 1, 1, 1, 1, 1, 1, 1, 1, 1, 1, 1, 1, 1, 1, 1, 1, 1, 1, 1, 1, 1, 1, 1, 1, 1, 1, 1, 1, 1, 1, 1, 0, 1, 1, 1, 1, 1, 1, 1, 1, 1, 1, 1, 1, 1], [0, 1, 1, 1, 1, 1, 1, 1, 1, 1, 1, 1, 1, 1, 1, 1, 1, 1, 1, 1, 1, 1, 1, 1, 1, 1, 1, 1, 1, 1, 1, 1, 1, 1, 1, 1, 1, 1, 1, 0, 1, 1, 1, 1, 1, 1, 1, 1, 1, 1, 1, 1], [0, 1, 1, 1, 1, 1, 1, 1, 1, 1, 1, 1, 1, 1, 1, 1, 1, 1, 1, 1, 1, 1, 1, 1, 1, 1, 1, 1, 1, 1, 1, 1, 1, 1, 1, 1, 1, 1, 1, 1, 0, 1, 1, 1, 1, 1, 1, 1, 1, 1, 1, 1], [0, 1, 1, 1, 1, 1, 1, 1, 1, 1, 1, 1, 1, 1, 1, 1, 1, 1, 1, 1, 1, 1, 1, 1, 1, 1, 1, 1, 1, 1, 1, 1, 1, 1, 1, 1, 1, 1, 1, 1, 1, 0, 1, 1, 1, 1, 1, 1, 1, 1, 1, 1], [0, 1, 1, 1, 1, 1, 1, 1, 1, 1, 1, 1, 1, 1, 1, 1, 1, 1, 1, 1, 1, 1, 1, 1, 1, 1, 1, 1, 1, 1, 1, 1, 1, 1, 1, 1, 1, 1, 1, 1, 1, 1, 0, 1, 1, 1, 1, 1, 1, 1, 1, 1], [0, 1, 1, 1, 1, 1, 1, 1, 1, 1, 1, 1, 1, 1, 1, 1, 1, 1, 1, 1, 1, 1, 1, 1, 1, 1, 1, 1, 1, 1, 1, 1, 1, 1, 1, 1, 1, 1, 1, 1, 1, 1, 1, 0, 1, 1, 1, 1, 1, 1, 1, 1], [0, 1, 1, 1, 1, 1, 1, 1, 1, 1, 1, 1, 1, 1, 1, 1, 1, 1, 1, 1, 1, 1, 1, 1, 1, 1, 1, 1, 1, 1, 1, 1, 1, 1, 1, 1, 1, 1, 1, 1, 1, 1, 1, 1, 0, 1, 1, 1, 1, 1, 1, 1], [0, 1, 1, 1, 1, 1, 1, 1, 1, 1, 1, 1, 1, 1, 1, 1, 1, 1, 1, 1, 1, 1, 1, 1, 1, 1, 1, 1, 1, 1, 1, 1, 1, 1, 1, 1, 1, 1, 1, 1, 1, 1, 1, 1, 1, 0, 1, 1, 1, 1, 1, 1], [0, 1, 1, 1, 1, 1, 1, 1, 1, 1, 1, 1, 1, 1, 1, 1, 1, 1, 1, 1, 1, 1, 1, 1, 1, 1, 1, 1, 1, 1, 1, 1, 1, 1, 1, 1, 1, 1, 1, 1, 1, 1, 1, 1, 1, 1, 0, 1, 1, 1, 1, 1], [0, 1, 1, 1, 1, 1, 1, 1, 1, 1, 1, 1, 1, 1, 1, 1, 1, 1, 1, 1, 1, 1, 1, 1, 1, 1, 1, 1, 1, 1, 1, 1, 1, 1, 1, 1, 1, 1, 1, 1, 1, 1, 1, 1, 1, 1, 1, 0, 1, 1, 1, 1], [0, 1, 1, 1, 1, 1, 1, 1, 1, 1, 1, 1, 1, 1, 1, 1, 1, 1, 1, 1, 1, 1, 1, 1, 1, 1, 1, 1, 1, 1, 1, 1, 1, 1, 1, 1, 1, 1, 1, 1, 1, 1, 1, 1, 1, 1, 1, 1, 0, 1, 1, 1], [0, 1, 1, 1, 1, 1, 1, 1, 1, 1, 1, 1, 1, 1, 1, 1, 1, 1, 1, 1, 1, 1, 1, 1, 1, 1, 1, 1, 1, 1, 1, 1, 1, 1, 1, 1, 1, 1, 1, 1, 1, 1, 1, 1, 1, 1, 1, 1, 1, 0, 1, 1], [0, 1, 1, 1, 1, 1, 1, 1, 1, 1, 1, 1, 1, 1, 1, 1, 1, 1, 1, 1, 1, 1, 1, 1, 1, 1, 1, 1, 1, 1, 1, 1, 1, 1, 1, 1, 1, 1, 1, 1, 1, 1, 1, 1, 1, 1, 1, 1, 1, 1, 0, 1], [0, 0, 0, 0, 0, 0, 0, 0, 0, 0, 0, 0, 0, 0, 0, 0, 0, 0, 0, 0, 0, 0, 0, 0, 0, 0, 0, 0, 0, 0, 0, 0, 0, 0, 0, 0, 0, 0, 0, 0, 0, 0, 0, 0, 0, 0, 0, 0, 0, 0, 0, 0]]}, "cluster_count": 3, "cluster_speeds": [[0.8325, 0.765, 0.8325, 0.9, 0.7492500000000001, 0.6885, 0.7492500000000001, 0.81, 0.41625, 0.3825, 0.41625, 0.45, 0.27472500000000005, 0.25245, 0.27472500000000005, 0.29700000000000004, 0.333, 0.30600000000000005, 0.333, 0.36000000000000004, 0.49950000000000006, 0.459, 0.49950000000000006, 0.54, 0.6475, 0.595, 0.6475, 0.7, 0.37, 0.34, 0.37, 0.4, 0.30525, 0.2805, 0.30525, 0.33, 0.4625, 0.425, 0.4625, 0.5, 0.6475, 0.595, 0.6475, 0.7, 0.74, 0.68, 0.74, 0.8, 0.58275, 0.5355, 0.58275, 0.63, 0.41625, 0.3825, 0.41625, 0.45, 0.49950000000000006, 0.459, 0.49950000000000006, 0.54, 0.58275, 0.5355, 0.58275, 0.63, 0.7492500000000001, 0.6885, 0.7492500000000001, 0.81, 0.8325, 0.765, 0.8325, 0.9, 0.9], [0.87875, 0.8075, 0.87875, 0.95, 0.790875, 0.72675, 0.790875, 0.855, 0.439375, 0.40375, 0.439375, 0.475, 0.2899875, 0.266475, 0.2899875, 0.3135, 0.3515, 0.323, 0.3515, 0.38, 0.52725, 0.4845, 0.52725, 0.57, 0.6475, 0.595, 0.6475, 0.7, 0.37, 0.34, 0.37, 0.4, 0.30525, 0.2805, 0.30525, 0.33, 0.4625, 0.425, 0.4625, 0.5, 0.6475, 0.595, 0.6475, 0.7, 0.74, 0.68, 0.74, 0.8, 0.6151249999999999, 0.5652499999999999, 0.6151249999999999, 0.6649999999999999, 0.439375, 0.40375, 0.439375, 0.475, 0.52725, 0.4845, 0.52725, 0.57, 0.6151249999999999, 0.5652499999999999, 0.6151249999999999, 0.6649999999999999, 0.790875, 0.72675, 0.790875, 0.855, 0.87875, 0.8075, 0.87875, 0.95, 0.95], [0.925, 0.85, 0.925, 1.0, 0.8325, 0.765, 0.8325, 0.9, 0.4625, 0.425, 0.4625, 0.5, 0.30525, 0.2805, 0.30525, 0.33, 0.37, 0.34, 0.37, 0.4, 0.555, 0.51, 0.555, 0.6, 0.6475, 0.595, 0.6475, 0.7, 0.37, 0.34, 0.37, 0.4, 0.30525, 0.2805, 0.30525, 0.33, 0.4625, 0.425, 0.4625, 0.5, 0.6475, 0.595, 0.6475, 0.7, 0.74, 0.68, 0.74, 0.8, 0.6475, 0.595, 0.6475, 0.7, 0.4625, 0.425, 0.4625, 0.5, 0.555, 0.51, 0.555, 0.6, 0.6475, 0.595, 0.6475, 0.7, 0.8325, 0.765, 0.8325, 0.9, 0.925, 0.85, 0.925, 1.0, 1.0]], "clusters": [[-1, 2, 2, 2, 2, 2, 2, 2, 2, 2, 2, 2, 2, 2, 2, 2, 2, 2, 2, 2, 2, 2, 2, 2, 2, 2, 2, 2, 2, 2, 2, 2, 2, 2, 2, 2, 2, 2, 2, 2, 2, 2, 2, 2, 2, 2, 2, 2, 2, 2, 2, 2], [1, -1, 1, 1, 1, 1, 1, 1, 1, 1, 1, 1, 1, 1, 1, 1, 1, 1, 1, 1, 1, 1, 1, 1, 1, 1, 1, 1, 1, 1, 1, 1, 1, 1, 1, 1, 1, 1, 1, 1, 1, 1, 1, 1, 1, 1, 1, 1, 1, 1, 1, 1], [2, 2, -1, 2, 2, 2, 2, 2, 2, 2, 2, 2, 2, 2, 2, 2, 2, 2, 2, 2, 2, 2, 2, 2, 2, 2, 2, 2, 2, 2, 2, 2, 2, 2, 2, 2, 2, 2, 2, 2, 2, 2, 2, 2, 2, 2, 2, 2, 2, 2, 2, 2], [0, 0, 0, -1, 0, 0, 0, 0, 0, 0, 0, 0, 0, 0, 0, 0, 0, 0, 0, 0, 0, 0, 0, 0, 0, 0, 0, 0, 0, 0, 0, 0, 0, 0, 0, 0, 0, 0, 0, 0, 0, 0, 0, 0, 0, 0, 0, 0, 0, 0, 0, 0], [2, 2, 2, 2, -1, 2, 2, 2, 2, 2, 2, 2, 2, 2, 2, 2, 2, 2, 2, 2, 2, 2, 2, 2, 2, 2, 2, 2, 2, 2, 2, 2, 2, 2, 2, 2, 2, 2, 2, 2, 2, 2, 2, 2, 2, 2, 2, 2, 2, 2, 2, 2], [2, 2, 2, 2, 2, -1, 2, 2, 2, 2, 2, 2, 2, 2, 2, 2, 2, 2, 2, 2, 2, 2, 2, 2, 2, 2, 2, 2, 2, 2, 2, 2, 2, 2, 2, 2, 2, 2, 2, 2, 2, 2, 2, 2, 2, 2, 2, 2, 2, 2, 2, 2], [0, 0, 0, 0, 0, 0, -1, 0, 0, 0, 0, 0, 0, 0, 0, 0, 0, 0, 0, 0, 0, 0, 0, 0, 0, 0, 0, 0, 0, 0, 0, 0, 0, 0, 0, 0, 0, 0, 0, 0, 0, 0, 0, 0, 0, 0, 0, 0, 0, 0, 0, 0], [0, 0, 0, 0, 0, 0, 0, -1, 0, 0, 0, 0, 0, 0, 0, 0, 0, 0, 0, 0, 0, 0, 0, 0, 0, 0, 0, 0, 0, 0, 0, 0, 0, 0, 0, 0, 0, 0, 0, 0, 0, 0, 0, 0, 0, 0, 0, 0, 0, 0, 0, 0], [0, 0, 0, 0, 0, 0, 0, 0, -1, 0, 0, 0, 0, 0, 0, 0, 0, 0, 0, 0, 0, 0, 0, 0, 0, 0, 0, 0, 0, 0, 0, 0, 0, 0, 0, 0, 0, 0, 0, 0, 0, 0, 0, 0, 0, 0, 0, 0, 0, 0, 0, 0], [2, 2, 2, 2, 2, 2, 2, 2, 2, -1, 2, 2, 2, 2, 2, 2, 2, 2, 2, 2, 2, 2, 2, 2, 2, 2, 2, 2, 2, 2, 2, 2, 2, 2, 2, 2, 2, 2, 2, 2, 2, 2, 2, 2, 2, 2, 2, 2, 2, 2, 2, 2], [0, 0, 0, 0, 0, 0, 0, 0, 0, 0, -1, 0, 0, 0, 0, 0, 0, 0, 0, 0, 0, 0, 0, 0, 0, 0, 0, 0, 0, 0, 0, 0, 0, 0, 0, 0, 0, 0, 0, 0, 0, 0, 0, 0, 0, 0, 0, 0, 0, 0, 0, 0], [1, 1, 1, 1, 1, 1, 1, 1, 1, 1, 1, -1, 1, 1, 1, 1, 1, 1, 1, 1, 1, 1, 1, 1, 1, 1, 1, 1, 1, 1, 1, 1, 1, 1, 1, 1, 1, 1, 1, 1, 1, 1, 1, 1, 1, 1, 1, 1, 1, 1, 1, 1], [1, 1, 1, 1, 1, 1, 1, 1, 1, 1, 1, 1, -1, 1, 1, 1, 1, 1, 1, 1, 1, 1, 1, 1, 1, 1, 1, 1, 1, 1, 1, 1, 1, 1, 1, 1, 1, 1, 1, 1, 1, 1, 1, 1, 1, 1, 1, 1, 1, 1, 1, 1], [0, 0, 0, 0, 0, 0, 0, 0, 0, 0, 0, 0, 0, -1, 0, 0, 0, 0, 0, 0, 0, 0, 0, 0, 0, 0, 0, 0, 0, 0, 0, 0, 0, 0, 0, 0, 0, 0, 0, 0, 0, 0, 0, 0, 0, 0, 0, 0, 0, 0, 0, 0], [2, 2, 2, 2, 2, 2, 2, 2, 2, 2, 2, 2, 2, 2, -1, 2, 2, 2, 2, 2, 2, 2, 2, 2, 2, 2, 2, 2, 2, 2, 2, 2, 2, 2, 2, 2, 2, 2, 2, 2, 2, 2, 2, 2, 2, 2, 2, 2, 2, 2, 2, 2], [0, 0, 0, 0, 0, 0, 0, 0, 0, 0, 0, 0, 0, 0, 0, -1, 0, 0, 0, 0, 0, 0, 0, 0, 0, 0, 0, 0, 0, 0, 0, 0, 0, 0, 0, 0, 0, 0, 0, 0, 0, 0, 0, 0, 0, 0, 0, 0, 0, 0, 0, 0], [1, 1, 1, 1, 1, 1, 1, 1, 1, 1, 1, 1, 1, 1, 1, 1, -1, 1, 1, 1, 1, 1, 1, 1, 1, 1, 1, 1, 1, 1, 1, 1, 1, 1, 1, 1, 1, 1, 1, 1, 1, 1, 1, 1, 1, 1, 1, 1, 1, 1, 1, 1], [0, 0, 0, 0, 0, 0, 0, 0, 0, 0, 0, 0, 0, 0, 0, 0, 0, -1, 0, 0, 0, 0, 0, 0, 0, 0, 0, 0, 0, 0, 0, 0, 0, 0, 0, 0, 0, 0, 0, 0, 0, 0, 0, 0, 0, 0, 0, 0, 0, 0, 0, 0], [1, 1, 1, 1, 1, 1, 1, 1, 1, 1, 1, 1, 1, 1, 1, 1, 1, 1, -1, 1, 1, 1, 1, 1, 1, 1, 1, 1, 1, 1, 1, 1, 1, 1, 1, 1, 1, 1, 1, 1, 1, 1, 1, 1, 1, 1, 1, 1, 1, 1, 1, 1], [0, 0, 0, 0, 0, 0, 0, 0, 0, 0, 0, 0, 0, 0, 0, 0, 0, 0, 0, -1, 0, 0, 0, 0, 0, 0, 0, 0, 0, 0, 0, 0, 0, 0, 0, 0, 0, 0, 0, 0, 0, 0, 0, 0, 0, 0, 0, 0, 0, 0, 0, 0], [0, 0, 0, 0, 0, 0, 0, 0, 0, 0, 0, 0, 0, 0, 0, 0, 0, 0, 0, 0, -1, 0, 0, 0, 0, 0, 0, 0, 0, 0, 0, 0, 0, 0, 0, 0, 0, 0, 0, 0, 0, 0, 0, 0, 0, 0, 0, 0, 0, 0, 0, 0], [1, 1, 1, 1, 1, 1, 1, 1, 1, 1, 1, 1, 1, 1, 1, 1, 1, 1, 1, 1, 1, -1, 1, 1, 1, 1, 1, 1, 1, 1, 1, 1, 1, 1, 1, 1, 1, 1, 1, 1, 1, 1, 1, 1, 1, 1, 1, 1, 1, 1, 1, 1], [1, 1, 1, 1, 1, 1, 1, 1, 1, 1, 1, 1, 1, 1, 1, 1, 1, 1, 1, 1, 1, 1, -1, 1, 1, 1, 1, 1, 1, 1, 1, 1, 1, 1, 1, 1, 1, 1, 1, 1, 1, 1, 1, 1, 1, 1, 1, 1, 1, 1, 1, 1], [0, 0, 0, 0, 0, 0, 0, 0, 0, 0, 0, 0, 0, 0, 0, 0, 0, 0, 0, 0, 0, 0, 0, -1, 0, 0, 0, 0, 0, 0, 0, 0, 0, 0, 0, 0, 0, 0, 0, 0, 0, 0, 0, 0, 0, 0, 0, 0, 0, 0, 0, 0], [0, 0, 0, 0, 0, 0, 0, 0, 0, 0, 0, 0, 0, 0, 0, 0, 0, 0, 0, 0, 0, 0, 0, 0, -1, 0, 0, 0, 0, 0, 0, 0, 0, 0, 0, 0, 0, 0, 0, 0, 0, 0, 0, 0, 0, 0, 0, 0, 0, 0, 0, 0], [1, 1, 1, 1, 1, 1, 1, 1, 1, 1, 1, 1, 1, 1, 1, 1, 1, 1, 1, 1, 1, 1, 1, 1, 1, -1, 1, 1, 1, 1, 1, 1, 1, 1, 1, 1, 1, 1, 1, 1, 1, 1, 1, 1, 1, 1, 1, 1, 1, 1, 1, 1], [0, 0, 0, 0, 0, 0, 0, 0, 0, 0, 0, 0, 0, 0, 0, 0, 0, 0, 0, 0, 0, 0, 0, 0, 0, 0, -1, 0, 0, 0, 0, 0, 0, 0, 0, 0, 0, 0, 0, 0, 0, 0, 0, 0, 0, 0, 0, 0, 0, 0, 0, 0], [0, 0, 0, 0, 0, 0, 0, 0, 0, 0, 0, 0, 0, 0, 0, 0, 0, 0, 0, 0, 0, 0, 0, 0, 0, 0, 0, -1, 0, 0, 0, 0, 0, 0, 0, 0, 0, 0, 0, 0, 0, 0, 0, 0, 0, 0, 0, 0, 0, 0, 0, 0], [1, 1, 1, 1, 1, 1, 1, 1, 1, 1, 1, 1, 1, 1, 1, 1, 1, 1, 1, 1, 1, 1, 1, 1, 1, 1, 1, 1, -1, 1, 1, 1, 1, 1, 1, 1, 1, 1, 1, 1, 1, 1, 1, 1, 1, 1, 1, 1, 1, 1, 1, 1], [0, 0, 0, 0, 0, 0, 0, 0, 0, 0, 0, 0, 0, 0, 0, 0, 0, 0, 0, 0, 0, 0, 0, 0, 0, 0, 0, 0, 0, -1, 0, 0, 0, 0, 0, 0, 0, 0, 0, 0, 0, 0, 0, 0, 0, 0, 0, 0, 0, 0, 0, 0], [0, 0, 0, 0, 0, 0, 0, 0, 0, 0, 0, 0, 0, 0, 0, 0, 0, 0, 0, 0, 0, 0, 0, 0, 0, 0, 0, 0, 0, 0, -1, 0, 0, 0, 0, 0, 0, 0, 0, 0, 0, 0, 0, 0, 0, 0, 0, 0, 0, 0, 0, 0], [0, 0, 0, 0, 0, 0, 0, 0, 0, 0, 0, 0, 0, 0, 0, 0, 0, 0, 0, 0, 0, 0, 0, 0, 0, 0, 0, 0, 0, 0, 0, -1, 0, 0, 0, 0, 0, 0, 0, 0, 0, 0, 0, 0, 0, 0, 0, 0, 0, 0, 0, 0], [0, 0, 0, 0, 0, 0, 0, 0, 0, 0, 0, 0, 0, 0, 0, 0, 0, 0, 0, 0, 0, 0, 0, 0, 0, 0, 0, 0, 0, 0, 0, 0, -1, 0, 0, 0, 0, 0, 0, 0, 0, 0, 0, 0, 0, 0, 0, 0, 0, 0, 0, 0], [0, 0, 0, 0, 0, 0, 0, 0, 0, 0, 0, 0, 0, 0, 0, 0, 0, 0, 0, 0, 0, 0, 0, 0, 0, 0, 0, 0, 0, 0, 0, 0, 0, -1, 0, 0, 0, 0, 0, 0, 0, 0, 0, 0, 0, 0, 0, 0, 0, 0, 0, 0], [0, 0, 0, 0, 0, 0, 0, 0, 0, 0, 0, 0, 0, 0, 0, 0, 0, 0, 0, 0, 0, 0, 0, 0, 0, 0, 0, 0, 0, 0, 0, 0, 0, 0, -1, 0, 0, 0, 0, 0, 0, 0, 0, 0, 0, 0, 0, 0, 0, 0, 0, 0], [0, 0, 0, 0, 0, 0, 0, 0, 0, 0, 0, 0, 0, 0, 0, 0, 0, 0, 0, 0, 0, 0, 0, 0, 0, 0, 0, 0, 0, 0, 0, 0, 0, 0, 0, -1, 0, 0, 0, 0, 0, 0, 0, 0, 0, 0, 0, 0, 0, 0, 0, 0], [1, 1, 1, 1, 1, 1, 1, 1, 1, 1, 1, 1, 1, 1, 1, 1, 1, 1, 1, 1, 1, 1, 1, 1, 1, 1, 1, 1, 1, 1, 1, 1, 1, 1, 1, 1, -1, 1, 1, 1, 1, 1, 1, 1, 1, 1, 1, 1, 1, 1, 1, 1], [0, 0, 0, 0, 0, 0, 0, 0, 0, 0, 0, 0, 0, 0, 0, 0, 0, 0, 0, 0, 0, 0, 0, 0, 0, 0, 0, 0, 0, 0, 0, 0, 0, 0, 0, 0, 0, -1, 0, 0, 0, 0, 0, 0, 0, 0, 0, 0, 0, 0, 0, 0], [0, 0, 0, 0, 0, 0, 0, 0, 0, 0, 0, 0, 0, 0, 0, 0, 0, 0, 0, 0, 0, 0, 0, 0, 0, 0, 0, 0, 0, 0, 0, 0, 0, 0, 0, 0, 0, 0, -1, 0, 0, 0, 0, 0, 0, 0, 0, 0, 0, 0, 0, 0], [0, 0, 0, 0, 0, 0, 0, 0, 0, 0, 0, 0, 0, 0, 0, 0, 0, 0, 0, 0, 0, 0, 0, 0, 0, 0, 0, 0, 0, 0, 0, 0, 0, 0, 0, 0, 0, 0, 0, -1, 0, 0, 0, 0, 0, 0, 0, 0, 0, 0, 0, 0], [0, 0, 0, 0, 0, 0, 0, 0, 0, 0, 0, 0, 0, 0, 0, 0, 0, 0, 0, 0, 0, 0, 0, 0, 0, 0, 0, 0, 0, 0, 0, 0, 0, 0, 0, 0, 0, 0, 0, 0, -1, 0, 0, 0, 0, 0, 0, 0, 0, 0, 0, 0], [0, 0, 0, 0, 0, 0, 0, 0, 0, 0, 0, 0, 0, 0, 0, 0, 0, 0, 0, 0, 0, 0, 0, 0, 0, 0, 0, 0, 0, 0, 0, 0, 0, 0, 0, 0, 0, 0, 0, 0, 0, -1, 0, 0, 0, 0, 0, 0, 0, 0, 0, 0], [1, 1, 1, 1, 1, 1, 1, 1, 1, 1, 1, 1, 1, 1, 1, 1, 1, 1, 1, 1, 1, 1, 1, 1, 1, 1, 1, 1, 1, 1, 1, 1, 1, 1, 1, 1, 1, 1, 1, 1, 1, 1, -1, 1, 1, 1, 1, 1, 1, 1, 1, 1], [0, 0, 0, 0, 0, 0, 0, 0, 0, 0, 0, 0, 0, 0, 0, 0, 0, 0, 0, 0, 0, 0, 0, 0, 0, 0, 0, 0, 0, 0, 0, 0, 0, 0, 0, 0, 0, 0, 0, 0, 0, 0, 0, -1, 0, 0, 0, 0, 0, 0, 0, 0], [0, 0, 0, 0, 0, 0, 0, 0, 0, 0, 0, 0, 0, 0, 0, 0, 0, 0, 0, 0, 0, 0, 0, 0, 0, 0, 0, 0, 0, 0, 0, 0, 0, 0, 0, 0, 0, 0, 0, 0, 0, 0, 0, 0, -1, 0, 0, 0, 0, 0, 0, 0], [0, 0, 0, 0, 0, 0, 0, 0, 0, 0, 0, 0, 0, 0, 0, 0, 0, 0, 0, 0, 0, 0, 0, 0, 0, 0, 0, 0, 0, 0, 0, 0, 0, 0, 0, 0, 0, 0, 0, 0, 0, 0, 0, 0, 0, -1, 0, 0, 0, 0, 0, 0], [1, 1, 1, 1, 1, 1, 1, 1, 1, 1, 1, 1, 1, 1, 1, 1, 1, 1, 1, 1, 1, 1, 1, 1, 1, 1, 1, 1, 1, 1, 1, 1, 1, 1, 1, 1, 1, 1, 1, 1, 1, 1, 1, 1, 1, 1, -1, 1, 1, 1, 1, 1], [0, 0, 0, 0, 0, 0, 0, 0, 0, 0, 0, 0, 0, 0, 0, 0, 0, 0, 0, 0, 0, 0, 0, 0, 0, 0, 0, 0, 0, 0, 0, 0, 0, 0, 0, 0, 0, 0, 0, 0, 0, 0, 0, 0, 0, 0, 0, -1, 0, 0, 0, 0], [0, 0, 0, 0, 0, 0, 0, 0, 0, 0, 0, 0, 0, 0, 0, 0, 0, 0, 0, 0, 0, 0, 0, 0, 0, 0, 0, 0, 0, 0, 0, 0, 0, 0, 0, 0, 0, 0, 0, 0, 0, 0, 0, 0, 0, 0, 0, 0, -1, 0, 0, 0], [1, 1, 1, 1, 1, 1, 1, 1, 1, 1, 1, 1, 1, 1, 1, 1, 1, 1, 1, 1, 1, 1, 1, 1, 1, 1, 1, 1, 1, 1, 1, 1, 1, 1, 1, 1, 1, 1, 1, 1, 1, 1, 1, 1, 1, 1, 1, 1, 1, -1, 1, 1], [1, 1, 1, 1, 1, 1, 1, 1, 1, 1, 1, 1, 1, 1, 1, 1, 1, 1, 1, 1, 1, 1, 1, 1, 1, 1, 1, 1, 1, 1, 1, 1, 1, 1, 1, 1, 1, 1, 1, 1, 1, 1, 1, 1, 1, 1, 1, 1, 1, 1, -1, 1], [2, 2, 2, 2, 2, 2, 2, 2, 2, 2, 2, 2, 2, 2, 2, 2, 2, 2, 2, 2, 2, 2, 2, 2, 2, 2, 2, 2, 2, 2, 2, 2, 2, 2, 2, 2, 2, 2, 2, 2, 2, 2, 2, 2, 2, 2, 2, 2, 2, 2, 2, -1]], "speed_zone_count": 73, "speed_zones": [[0.0, 15.0], [15.0, 30.0], [30.0, 45.0], [45.0, 60.0], [60.0, 75.0], [75.0, 90.0], [90.0, 105.0], [105.0, 120.0], [120.0, 135.0], [135.0, 150.0], [150.0, 165.0], [165.0, 180.0], [180.0, 195.0], [195.0, 210.0], [210.0, 225.0], [225.0, 240.0], [240.0, 255.0], [255.0, 270.0], [270.0, 285.0], [285.0, 300.0], [300.0, 315.0], [315.0, 330.0], [330.0, 345.0], [345.0, 360.0], [360.0, 375.0], [375.0, 390.0], [390.0, 405.0], [405.0, 420.0], [420.0, 435.0], [435.0, 450.0], [450.0, 465.0], [465.0, 480.0], [480.0, 495.0], [495.0, 510.0], [510.0, 525.0], [525.0, 540.0], [540.0, 555.0], [555.0, 570.0], [570.0, 585.0], [585.0, 600.0], [600.0, 615.0], [615.0, 630.0], [630.0, 645.0], [645.0, 660.0], [660.0, 675.0], [675.0, 690.0], [690.0, 705.0], [705.0, 720.0], [720.0, 735.0], [735.0, 750.0], [750.0, 765.0], [765.0, 780.0], [780.0, 795.0], [795.0, 810.0], [810.0, 825.0], [825.0, 840.0], [840.0, 855.0], [855.0, 870.0], [870.0, 885.0], [885.0, 900.0], [900.0, 915.0], [915.0, 930.0], [930.0, 945.0], [945.0, 960.0], [960.0, 975.0], [975.0, 990.0], [990.0, 1005.0], [1005.0, 1020.0], [1020.0, 1035.0], [1035.0, 1050.0], [1050.0, 1065.0], [1065.0, 1080.0], [1080.0, 5000.0]], "distances": [[0.0, 73.05, 99.34, 75.65, 63.09, 44.58, 73.04, 73.57, 71.02, 56.25, 61.06, 88.18, 70.95, 68.54, 64.04, 73.29, 77.63, 66.06, 71.02, 61.7, 81.87, 53.05, 55.11, 73.58, 70.83, 87.02, 63.07, 64.36, 49.7, 70.29, 74.18, 72.38, 56.39, 60.8, 79.35, 79.02, 79.16, 63.92, 68.29, 68.58, 68.29, 68.7, 72.19, 82.45, 60.54, 68.59, 54.66, 79.26, 73.84, 92.06, 56.15, 0.0], [0.0, 0.0, 29.48, 20.37, 48.71, 36.93, 29.98, 13.51, 28.65, 41.24, 20.14, 24.64, 37.98, 11.26, 65.34, 19.31, 4.58, 23.78, 36.48, 27.29, 19.63, 24.75, 27.05, 25.8, 10.96, 16.43, 17.71, 25.27, 30.75, 17.04, 5.45, 20.03, 25.86, 18.42, 19.32, 11.56, 6.57, 27.24, 21.23, 11.17, 31.43, 13.71, 37.63, 22.3, 20.46, 13.36, 36.04, 10.35, 8.19, 21.08, 27.34, 73.05], [0.0, 29.48, 0.0, 25.73, 56.87, 57.38, 34.15, 25.87, 34.85, 54.02, 38.86, 13.76, 42.33, 30.81, 73.28, 27.62, 25.74, 36.06, 40.97, 41.21, 18.58, 46.63, 45.84, 30.75, 28.52, 13.11, 36.57, 38.16, 51.16, 29.77, 26.18, 28.79, 44.43, 38.73, 21.32, 20.45, 26.2, 39.53, 33.04, 30.78, 38.96, 30.72, 41.15, 19.35, 39.38, 30.79, 51.12, 20.53, 25.79, 8.49, 45.23, 99.34], [0.0, 20.37, 25.73, 0.0, 32.98, 32.15, 10.77, 6.9, 10.37, 28.6, 14.73, 12.76, 19.6, 11.56, 49.94, 10.8, 20.99, 10.37, 18.05, 15.5, 7.17, 22.73, 20.76, 6.38, 10.23, 17.51, 13.18, 12.45, 26.21, 6.01, 15.04, 11.8, 19.4, 15.51, 4.47, 11.5, 23.74, 13.82, 7.52, 11.61, 14.3, 9.45, 18.85, 6.86, 15.23, 9.81, 25.4, 13.17, 12.2, 21.23, 19.95, 75.65], [0.0, 48.71, 56.87, 32.98, 0.0, 24.45, 22.86, 37.4, 22.65, 9.95, 29.27, 43.12, 14.62, 37.49, 17.0, 32.2, 51.31, 25.13, 15.91, 21.52, 39.63, 29.44, 24.61, 26.8, 38.27, 50.49, 31.32, 23.47, 25.22, 32.63, 44.77, 31.02, 25.1, 31.39, 37.19, 43.87, 54.18, 21.5, 28.09, 37.58, 18.68, 35.19, 15.91, 37.95, 29.11, 35.5, 15.52, 45.36, 42.16, 53.96, 23.56, 63.09], [0.0, 36.93, 57.38, 32.15, 24.45, 0.0, 28.46, 31.85, 26.45, 14.77, 18.77, 44.91, 27.18, 28.18, 35.81, 29.97, 41.02, 21.99, 26.98, 17.27, 38.97, 12.19, 11.53, 29.21, 30.18, 46.52, 21.28, 20.1, 6.4, 27.61, 35.51, 28.9, 12.95, 19.5, 36.29, 38.34, 43.47, 19.44, 24.63, 28.25, 23.76, 27.29, 28.28, 39.0, 18.27, 27.34, 10.83, 39.13, 34.03, 51.29, 12.21, 44.58], [0.0, 29.98, 34.15, 10.77, 22.86, 28.46, 0.0, 16.75, 8.59, 20.47, 16.52, 20.38, 8.87, 19.39, 39.64, 10.87, 31.3, 9.13, 7.34, 11.68, 16.86, 22.88, 18.88, 4.41, 19.06, 27.96, 16.69, 9.78, 23.83, 13.04, 24.99, 9.99, 17.94, 18.41, 14.58, 22.25, 34.13, 9.44, 9.68, 19.47, 5.21, 16.8, 8.08, 15.08, 16.81, 17.2, 19.1, 23.89, 22.13, 31.16, 17.59, 73.04], [0.0, 13.51, 25.87, 6.9, 37.4, 31.85, 16.75, 0.0, 15.72, 31.5, 13.11, 15.34, 25.2, 5.73, 54.38, 5.9, 14.56, 12.55, 23.66, 17.32, 8.94, 20.76, 20.39, 12.44, 10.99, 14.76, 10.73, 14.53, 25.52, 4.91, 8.29, 6.8, 18.97, 12.86, 7.19, 6.83, 17.4, 16.39, 9.39, 5.74, 19.06, 4.88, 24.67, 10.7, 13.63, 5.0, 27.27, 8.09, 5.41, 19.45, 20.0, 73.57], [0.0, 28.65, 34.85, 10.37, 22.65, 26.45, 8.59, 15.72, 0.0, 19.3, 14.33, 21.15, 9.48, 17.81, 39.59, 9.97, 30.25, 6.93, 7.94, 9.5, 17.02, 20.62, 16.66, 4.18, 17.69, 27.85, 14.61, 7.52, 21.67, 11.61, 23.83, 8.94, 15.7, 16.26, 14.54, 21.63, 33.1, 7.25, 7.83, 17.89, 12.46, 15.21, 9.0, 15.56, 14.6, 15.6, 17.42, 23.23, 20.99, 31.34, 15.39, 71.02], [0.0, 41.24, 54.02, 28.6, 9.95, 14.77, 20.47, 31.5, 19.3, 0.0, 21.17, 40.4, 15.23, 30.33, 24.49, 27.2, 44.37, 19.0, 15.71, 14.28, 35.73, 19.91, 15.36, 23.3, 31.55, 45.71, 23.53, 16.97, 15.32, 26.6, 37.96, 25.96, 16.11, 23.09, 33.06, 38.29, 47.17, 15.16, 22.21, 30.42, 15.31, 28.34, 16.58, 34.67, 20.9, 28.59, 5.81, 39.59, 35.61, 49.78, 14.53, 56.25], [0.0, 20.14, 38.86, 14.73, 29.27, 18.77, 16.52, 13.11, 14.33, 21.17, 0.0, 27.12, 21.45, 9.76, 45.48, 12.32, 23.55, 7.4, 20.24, 7.94, 20.84, 8.02, 7.46, 14.55, 11.54, 27.75, 14.56, 7.36, 12.41, 9.25, 17.41, 11.54, 6.09, 13.54, 18.29, 19.58, 26.27, 8.9, 7.95, 9.84, 14.82, 8.54, 21.68, 21.43, 11.72, 8.62, 15.9, 20.44, 15.54, 32.54, 7.39, 61.06], [0.0, 24.64, 13.76, 12.76, 43.12, 44.91, 20.38, 15.34, 21.15, 40.4, 27.12, 0.0, 28.63, 21.03, 59.63, 14.99, 22.72, 23.06, 27.25, 28.13, 6.45, 35.13, 33.5, 17.1, 18.86, 11.84, 25.19, 25.09, 38.94, 17.89, 19.64, 16.02, 32.13, 27.51, 8.83, 13.12, 24.6, 26.28, 20.28, 21.03, 25.24, 20.02, 27.48, 5.93, 27.63, 20.22, 37.8, 14.32, 17.85, 12.49, 32.71, 88.18], [0.0, 37.98, 42.33, 19.6, 14.62, 27.18, 8.87, 25.2, 9.48, 15.23, 21.45, 28.63, 0.0, 26.94, 31.02, 19.44, 39.72, 14.8, 12.23, 14.11, 25.66, 25.56, 20.66, 13.21, 27.04, 36.82, 22.55, 14.13, 24.31, 20.97, 33.28, 18.42, 20.28, 23.63, 23.44, 31.02, 42.58, 12.59, 16.82, 27.02, 6.78, 24.37, 13.65, 23.7, 21.55, 24.75, 16.46, 32.64, 30.45, 39.9, 19.27, 70.95], [0.0, 11.26, 30.81, 11.56, 37.49, 28.18, 19.39, 5.73, 17.81, 30.33, 9.76, 21.03, 26.94, 0.0, 54.19, 9.66, 14.04, 12.53, 25.46, 16.18, 14.65, 16.39, 17.17, 15.56, 12.51, 18.71, 7.15, 14.03, 21.79, 6.44, 7.7, 9.93, 15.83, 8.68, 12.86, 10.54, 16.85, 15.99, 10.12, 11.46, 20.28, 10.6, 26.69, 16.39, 10.19, 10.73, 25.41, 11.06, 5.85, 23.68, 17.14, 68.54], [0.0, 65.34, 73.28, 49.94, 17.0, 35.81, 39.64, 54.38, 39.59, 24.49, 45.48, 59.63, 31.02, 54.19, 0.0, 49.2, 68.13, 42.01, 32.45, 38.05, 56.49, 44.14, 39.81, 43.71, 55.11, 67.44, 47.72, 40.25, 38.87, 49.57, 61.61, 48.02, 40.59, 47.49, 54.11, 60.87, 70.99, 38.29, 45.03, 54.28, 35.66, 51.98, 32.15, 54.68, 45.25, 52.27, 30.2, 62.36, 59.05, 70.8, 39.01, 64.04], [0.0, 19.31, 27.62, 10.8, 32.2, 29.97, 10.87, 5.9, 9.97, 27.2, 12.32, 14.99, 19.44, 9.66, 49.2, 0.0, 20.44, 8.49, 17.89, 13.64, 9.06, 20.33, 18.52, 6.54, 8.66, 18.55, 10.75, 10.6, 23.95, 9.95, 14.18, 9.7, 17.14, 13.08, 6.34, 11.71, 23.26, 12.15, 5.41, 9.72, 13.59, 7.35, 18.84, 9.16, 12.82, 7.73, 23.66, 13.28, 11.3, 22.61, 17.76, 73.29], [0.0, 4.58, 25.74, 20.99, 51.31, 41.02, 31.3, 14.56, 30.25, 44.37, 23.55, 22.72, 39.72, 14.04, 68.13, 20.44, 0.0, 26.18, 38.18, 30.19, 18.64, 28.83, 30.73, 26.96, 13.04, 12.99, 21.01, 27.88, 34.75, 18.88, 6.55, 21.35, 29.48, 22.04, 18.97, 10.36, 11.15, 29.85, 23.34, 13.95, 33.42, 16.15, 39.22, 21.46, 23.93, 15.86, 39.39, 8.76, 9.28, 17.26, 30.9, 77.63], [0.0, 23.78, 36.06, 10.37, 25.13, 21.99, 9.13, 12.55, 6.93, 19.0, 7.4, 23.06, 14.8, 12.53, 42.01, 8.49, 26.18, 0.0, 13.43, 5.16, 17.48, 14.15, 10.96, 7.71, 13.14, 26.78, 7.86, 14.45, 16.36, 7.65, 19.64, 7.29, 9.74, 9.34, 14.74, 19.3, 29.05, 14.18, 11.57, 12.61, 8.02, 10.1, 14.8, 17.13, 7.68, 10.44, 15.17, 20.64, 17.04, 31.03, 9.93, 66.06], [0.0, 36.48, 40.97, 18.05, 15.91, 26.98, 7.34, 23.66, 7.94, 15.71, 20.24, 27.25, 12.23, 25.46, 32.45, 17.89, 38.18, 13.43, 0.0, 13.1, 24.16, 24.68, 19.87, 11.67, 25.53, 35.3, 21.23, 12.89, 23.77, 19.46, 31.75, 16.87, 19.4, 22.4, 21.91, 29.47, 41.04, 11.45, 15.35, 25.55, 5.45, 22.89, 12.32, 22.24, 20.36, 23.27, 16.39, 31.09, 28.92, 38.42, 18.48, 71.02], [0.0, 27.29, 41.21, 15.5, 21.52, 17.27, 11.68, 17.32, 9.5, 14.28, 7.94, 28.13, 14.11, 16.18, 38.05, 13.64, 30.19, 5.16, 13.1, 0.0, 22.63, 11.68, 7.24, 11.94, 17.28, 31.81, 9.81, 13.61, 12.19, 12.44, 23.72, 12.45, 6.46, 10.14, 19.9, 24.14, 33.02, 14.07, 8.3, 16.27, 8.06, 14.09, 14.59, 22.2, 7.89, 14.35, 10.05, 25.38, 21.34, 36.13, 5.92, 61.7], [0.0, 19.63, 18.58, 7.17, 39.63, 38.97, 16.86, 8.94, 17.02, 35.73, 20.84, 6.45, 25.66, 14.65, 56.49, 9.06, 18.64, 17.48, 24.16, 22.63, 0.0, 28.83, 27.48, 12.84, 12.54, 11.28, 18.82, 19.58, 32.88, 11.59, 14.3, 10.21, 26.08, 21.12, 11.64, 8.3, 20.98, 20.99, 14.47, 14.66, 21.09, 13.57, 24.71, 12.38, 21.36, 13.78, 32.56, 9.88, 12.08, 14.33, 26.78, 81.87], [0.0, 24.75, 46.63, 22.73, 29.44, 12.19, 22.88, 20.76, 20.62, 19.91, 8.02, 35.13, 25.56, 16.39, 44.14, 20.33, 28.83, 14.15, 24.68, 11.68, 28.83, 0.0, 5.08, 21.83, 18.53, 35.04, 10.08, 13.1, 6.09, 17.25, 23.45, 19.5, 5.29, 7.91, 26.31, 26.83, 31.28, 13.7, 15.65, 16.45, 19.74, 15.95, 26.17, 29.45, 7.51, 15.91, 14.1, 27.44, 22.18, 39.96, 6.39, 53.05], [0.0, 27.05, 45.84, 20.76, 24.61, 11.53, 18.88, 20.39, 16.66, 15.36, 7.46, 33.5, 20.66, 17.17, 39.81, 18.52, 30.73, 10.96, 19.87, 7.24, 27.48, 5.08, 0.0, 18.58, 19.0, 35.11, 10.06, 9.39, 5.46, 16.08, 24.77, 17.49, 10.36, 8.69, 24.81, 26.99, 33.38, 9.44, 13.27, 17.25, 15.18, 15.97, 21.35, 27.63, 6.99, 16.07, 9.61, 27.88, 22.98, 39.83, 11.47, 55.11], [0.0, 25.8, 30.75, 6.38, 26.8, 29.21, 4.41, 12.44, 4.18, 23.3, 14.55, 17.1, 13.21, 15.56, 43.71, 6.54, 26.96, 7.71, 11.67, 11.94, 12.84, 21.83, 18.58, 0.0, 14.98, 23.75, 14.08, 9.23, 23.91, 9.12, 20.71, 5.78, 17.42, 16.11, 10.39, 17.84, 29.77, 9.8, 6.77, 15.63, 8.28, 13.01, 12.48, 11.42, 14.94, 13.41, 20.94, 19.49, 17.83, 27.17, 17.46, 73.58], [0.0, 10.96, 28.52, 10.23, 38.27, 30.18, 19.06, 10.99, 17.69, 31.55, 11.54, 18.86, 27.04, 12.51, 55.11, 8.66, 13.04, 13.14, 25.53, 17.28, 12.54, 18.53, 19.0, 14.98, 0.0, 16.51, 8.95, 14.86, 23.78, 6.08, 6.5, 9.2, 17.62, 10.71, 10.92, 8.31, 15.91, 16.82, 10.36, 12.59, 20.54, 14.96, 26.67, 14.43, 12.01, 10.39, 26.84, 8.96, 13.7, 21.46, 18.85, 70.83], [0.0, 16.43, 13.11, 17.51, 50.49, 46.52, 27.96, 14.76, 27.85, 45.71, 27.75, 11.84, 36.82, 18.71, 67.44, 18.55, 12.99, 26.78, 35.3, 31.81, 11.28, 35.04, 35.11, 23.75, 16.51, 0.0, 25.25, 28.87, 40.15, 19.44, 13.16, 19.78, 33.7, 27.18, 13.39, 8.21, 14.04, 30.58, 23.56, 18.66, 31.81, 19.23, 35.92, 13.72, 28.25, 19.2, 41.85, 7.77, 13.18, 5.04, 34.76, 87.02], [0.0, 17.71, 36.57, 13.18, 31.32, 21.28, 16.69, 10.73, 14.61, 23.53, 14.56, 25.19, 22.55, 7.15, 47.72, 10.75, 21.01, 7.86, 21.23, 9.81, 18.82, 10.08, 10.06, 14.08, 8.95, 25.25, 0.0, 8.5, 14.9, 7.34, 14.82, 10.16, 8.69, 14.05, 16.38, 17.06, 23.75, 10.3, 7.31, 7.23, 15.79, 6.02, 22.63, 19.66, 14.33, 6.06, 18.39, 17.87, 12.93, 30.08, 9.99, 63.07], [0.0, 25.27, 38.16, 12.45, 23.47, 20.1, 9.78, 14.53, 7.52, 16.97, 7.36, 25.09, 14.13, 14.03, 40.25, 10.6, 27.88, 14.45, 12.89, 13.61, 19.58, 13.1, 9.39, 9.23, 14.86, 28.87, 8.5, 0.0, 14.68, 9.62, 21.36, 9.4, 8.29, 9.51, 16.84, 21.32, 30.74, 12.36, 5.31, 14.12, 7.46, 11.73, 14.32, 19.16, 7.51, 12.04, 13.06, 22.62, 18.84, 33.14, 8.24, 64.36], [0.0, 30.75, 51.16, 26.21, 25.22, 6.4, 23.83, 25.52, 21.67, 15.32, 12.41, 38.94, 24.31, 21.79, 38.87, 23.95, 34.75, 16.36, 23.77, 12.19, 32.88, 6.09, 5.46, 23.91, 23.78, 40.15, 14.9, 14.68, 0.0, 21.4, 29.14, 22.94, 6.82, 13.11, 30.22, 31.96, 37.25, 14.44, 18.73, 21.85, 19.65, 20.92, 25.2, 33.08, 11.9, 20.96, 9.77, 32.74, 27.64, 44.95, 6.45, 49.7], [0.0, 17.04, 29.77, 6.01, 32.63, 27.61, 13.04, 4.91, 11.61, 26.6, 9.25, 17.89, 20.97, 6.44, 49.57, 9.95, 18.88, 7.65, 19.46, 12.44, 11.59, 17.25, 16.08, 9.12, 6.08, 19.44, 7.34, 9.62, 21.4, 0.0, 12.36, 8.82, 14.66, 9.68, 9.07, 11.71, 21.75, 11.48, 4.54, 6.51, 14.54, 9.79, 20.59, 12.32, 9.77, 4.31, 22.44, 13.0, 9.61, 23.94, 15.53, 70.29], [0.0, 5.45, 26.18, 15.04, 44.77, 35.51, 24.99, 8.29, 23.83, 37.96, 17.41, 19.64, 33.28, 7.7, 61.61, 14.18, 6.55, 19.64, 31.75, 23.72, 14.3, 23.45, 24.77, 20.71, 6.5, 13.16, 14.82, 21.36, 29.14, 12.36, 0.0, 15.0, 23.45, 16.13, 13.87, 6.56, 9.42, 23.32, 16.8, 7.61, 26.91, 9.65, 32.83, 16.9, 17.83, 9.38, 33.1, 5.79, 11.21, 18.17, 24.8, 74.18], [0.0, 20.03, 28.79, 11.8, 31.02, 28.9, 9.99, 6.8, 8.94, 25.96, 11.54, 16.02, 18.42, 9.93, 48.02, 9.7, 21.35, 7.29, 16.87, 12.45, 10.21, 19.5, 17.49, 5.78, 9.2, 19.78, 10.16, 9.4, 22.94, 8.82, 15.0, 0.0, 16.13, 12.46, 7.48, 12.86, 24.19, 10.92, 4.28, 10.0, 12.44, 7.48, 17.88, 10.14, 12.03, 7.88, 22.44, 14.4, 12.14, 23.84, 16.69, 72.38], [0.0, 25.86, 44.43, 19.4, 25.1, 12.95, 17.94, 18.97, 15.7, 16.11, 6.09, 32.13, 20.28, 15.83, 40.59, 17.14, 29.48, 9.74, 19.4, 6.46, 26.08, 5.29, 10.36, 17.42, 17.62, 33.7, 8.69, 8.29, 6.82, 14.66, 23.45, 16.13, 0.0, 7.45, 23.42, 25.58, 32.14, 8.57, 11.93, 15.91, 14.51, 14.58, 20.89, 26.26, 5.64, 14.68, 10.46, 26.49, 21.62, 38.41, 11.68, 56.39], [0.0, 18.42, 38.73, 15.51, 31.39, 19.5, 18.41, 12.86, 16.26, 23.09, 13.54, 27.51, 23.63, 8.68, 47.49, 13.08, 22.04, 9.34, 22.4, 10.14, 21.12, 7.91, 8.69, 16.11, 10.71, 27.18, 14.05, 9.51, 13.11, 9.68, 16.13, 12.46, 7.45, 0.0, 18.7, 18.97, 24.7, 11.1, 9.36, 8.75, 16.96, 8.04, 23.83, 21.99, 13.09, 8.01, 17.69, 19.67, 14.53, 32.07, 8.92, 60.8], [0.0, 19.32, 21.32, 4.47, 37.19, 36.29, 14.58, 7.19, 14.54, 33.06, 18.29, 8.83, 23.44, 12.86, 54.11, 6.34, 18.97, 14.74, 21.91, 19.9, 11.64, 26.31, 24.81, 10.39, 10.92, 13.39, 16.38, 16.84, 30.22, 9.07, 13.87, 7.48, 23.42, 18.7, 0.0, 8.72, 21.52, 18.27, 11.74, 12.88, 18.57, 11.45, 22.56, 11.33, 18.81, 11.7, 29.84, 10.42, 11.33, 16.84, 24.09, 79.35], [0.0, 11.56, 20.45, 11.5, 43.87, 38.34, 22.25, 6.83, 21.63, 38.29, 19.58, 13.12, 31.02, 10.54, 60.87, 11.71, 10.36, 19.3, 29.47, 24.14, 8.3, 26.83, 26.99, 17.84, 8.31, 8.21, 17.06, 21.32, 31.96, 11.71, 6.56, 12.86, 25.58, 18.97, 8.72, 0.0, 12.82, 23.14, 16.1, 10.5, 25.3, 11.05, 30.32, 11.1, 20.08, 11.0, 34.1, 10.8, 5.38, 13.15, 26.69, 79.02], [0.0, 6.57, 26.2, 23.74, 54.18, 43.47, 34.13, 17.4, 33.1, 47.17, 26.27, 24.6, 42.58, 16.85, 70.99, 23.26, 11.15, 29.05, 41.04, 33.02, 20.98, 31.28, 33.38, 29.77, 15.91, 14.04, 23.75, 30.74, 37.25, 21.75, 9.42, 24.19, 32.14, 24.7, 21.52, 12.82, 0.0, 32.71, 26.21, 16.76, 36.29, 19.01, 42.07, 23.83, 26.63, 18.71, 42.14, 11.15, 12.15, 17.76, 33.59, 79.16], [0.0, 27.24, 39.53, 13.82, 21.5, 19.44, 9.44, 16.39, 7.25, 15.16, 8.9, 26.28, 12.59, 15.99, 38.29, 12.15, 29.85, 14.18, 11.45, 14.07, 20.99, 13.7, 9.44, 9.8, 16.82, 30.58, 10.3, 12.36, 14.44, 11.48, 23.32, 10.92, 8.57, 11.1, 18.27, 23.14, 32.71, 0.0, 7.05, 16.08, 6.16, 13.7, 12.92, 20.37, 8.97, 14.0, 11.58, 24.48, 20.79, 34.76, 8.15, 63.92], [0.0, 21.23, 33.04, 7.52, 28.09, 24.63, 9.68, 9.39, 7.83, 22.21, 7.95, 20.28, 16.82, 10.12, 45.03, 5.41, 23.34, 11.57, 15.35, 8.3, 14.47, 15.65, 13.27, 6.77, 10.36, 23.56, 7.31, 5.31, 18.73, 4.54, 16.8, 4.28, 11.93, 9.36, 11.74, 16.1, 26.21, 7.05, 0.0, 10.2, 10.2, 7.55, 16.58, 14.37, 8.38, 7.93, 18.35, 17.47, 14.1, 27.84, 12.43, 68.29], [0.0, 11.17, 30.78, 11.61, 37.58, 28.25, 19.47, 5.74, 17.89, 30.42, 9.84, 21.03, 27.02, 11.46, 54.28, 9.72, 13.95, 12.61, 25.55, 16.27, 14.66, 16.45, 17.25, 15.63, 12.59, 18.66, 7.23, 14.12, 21.85, 6.51, 7.61, 10.0, 15.91, 8.75, 12.88, 10.5, 16.76, 16.08, 10.2, 0.0, 20.37, 10.61, 26.77, 16.4, 10.27, 10.74, 25.5, 11.0, 5.78, 23.64, 17.22, 68.58], [0.0, 31.43, 38.96, 14.3, 18.68, 23.76, 5.21, 19.06, 12.46, 15.31, 14.82, 25.24, 6.78, 20.28, 35.66, 13.59, 33.42, 8.02, 5.45, 8.06, 21.09, 19.74, 15.18, 8.28, 20.54, 31.81, 15.79, 7.46, 19.65, 14.54, 26.91, 12.44, 14.51, 16.96, 18.57, 25.3, 36.29, 6.16, 10.2, 20.37, 0.0, 17.74, 6.87, 19.67, 14.96, 18.11, 13.99, 26.84, 24.14, 35.4, 13.81, 68.29], [0.0, 13.71, 30.72, 9.45, 35.19, 27.29, 16.8, 4.88, 15.21, 28.34, 8.54, 20.02, 24.37, 10.6, 51.98, 7.35, 16.15, 10.1, 22.89, 14.09, 13.57, 15.95, 15.97, 13.01, 14.96, 19.23, 6.02, 11.73, 20.92, 9.79, 9.65, 7.48, 14.58, 8.04, 11.45, 11.05, 19.01, 13.7, 7.55, 10.61, 17.74, 0.0, 24.1, 14.94, 9.04, 9.88, 23.64, 11.91, 7.29, 24.07, 15.75, 68.7], [0.0, 37.63, 41.15, 18.85, 15.91, 28.28, 8.08, 24.67, 9.0, 16.58, 21.68, 27.48, 13.65, 26.69, 32.15, 18.84, 39.22, 14.8, 12.32, 14.59, 24.71, 26.17, 21.35, 12.48, 26.67, 35.92, 22.63, 14.32, 25.2, 20.59, 32.83, 17.88, 20.89, 23.83, 22.56, 30.32, 42.07, 12.92, 16.58, 26.77, 6.87, 24.1, 0.0, 22.67, 21.81, 24.49, 17.62, 31.97, 29.98, 38.89, 19.96, 72.19], [0.0, 22.3, 19.35, 6.86, 37.95, 39.0, 15.08, 10.7, 15.56, 34.67, 21.43, 5.93, 23.7, 16.39, 54.68, 9.16, 21.46, 17.13, 22.24, 22.2, 12.38, 29.45, 27.63, 11.42, 14.43, 13.72, 19.66, 19.16, 33.08, 12.32, 16.9, 10.14, 26.26, 21.99, 11.33, 11.1, 23.83, 20.37, 14.37, 16.4, 19.67, 14.94, 22.67, 0.0, 21.94, 15.2, 31.91, 12.71, 14.53, 16.22, 26.81, 82.45], [0.0, 20.46, 39.38, 15.23, 29.11, 18.27, 16.81, 13.63, 14.6, 20.9, 11.72, 27.63, 21.55, 10.19, 45.25, 12.82, 23.93, 7.68, 20.36, 7.89, 21.36, 7.51, 6.99, 14.94, 12.01, 28.25, 14.33, 7.51, 11.9, 9.77, 17.83, 12.03, 5.64, 13.09, 18.81, 20.08, 26.63, 8.97, 8.38, 10.27, 14.96, 9.04, 21.81, 21.94, 0.0, 9.1, 15.58, 20.92, 15.99, 33.04, 6.98, 60.54], [0.0, 13.36, 30.79, 9.81, 35.5, 27.34, 17.2, 5.0, 15.6, 28.59, 8.62, 20.22, 24.75, 10.73, 52.27, 7.73, 15.86, 10.44, 23.27, 14.35, 13.78, 15.91, 16.07, 13.41, 10.39, 19.2, 6.06, 12.04, 20.96, 4.31, 9.38, 7.88, 14.68, 8.01, 11.7, 11.0, 18.71, 14.0, 7.93, 10.74, 18.11, 9.88, 24.49, 15.2, 9.1, 0.0, 23.85, 11.82, 7.09, 24.06, 15.88, 68.59], [0.0, 36.04, 51.12, 25.4, 15.52, 10.83, 19.1, 27.27, 17.42, 5.81, 15.9, 37.8, 16.46, 25.41, 30.2, 23.66, 39.39, 15.17, 16.39, 10.05, 32.56, 14.1, 9.61, 20.94, 26.84, 41.85, 18.39, 13.06, 9.77, 22.44, 33.1, 22.44, 10.46, 17.69, 29.84, 34.1, 42.14, 11.58, 18.35, 25.5, 13.99, 23.64, 17.62, 31.91, 15.58, 23.85, 0.0, 35.27, 30.93, 46.19, 8.89, 54.66], [0.0, 10.35, 20.53, 13.17, 45.36, 39.13, 23.89, 8.09, 23.23, 39.59, 20.44, 14.32, 32.64, 11.06, 62.36, 13.28, 8.76, 20.64, 31.09, 25.38, 9.88, 27.44, 27.88, 19.49, 8.96, 7.77, 17.87, 22.62, 32.74, 13.0, 5.79, 14.4, 26.49, 19.67, 10.42, 10.8, 11.15, 24.48, 17.47, 11.0, 26.84, 11.91, 31.97, 12.71, 20.92, 11.82, 35.27, 0.0, 5.42, 12.81, 27.66, 79.26], [0.0, 8.19, 25.79, 12.2, 42.16, 34.03, 22.13, 5.41, 20.99, 35.61, 15.54, 17.85, 30.45, 5.85, 59.05, 11.3, 9.28, 17.04, 28.92, 21.34, 12.08, 22.18, 22.98, 17.83, 13.7, 13.18, 12.93, 18.84, 27.64, 9.61, 11.21, 12.14, 21.62, 14.53, 11.33, 5.38, 12.15, 20.79, 14.1, 5.78, 24.14, 7.29, 29.98, 14.53, 15.99, 7.09, 30.93, 5.42, 0.0, 18.22, 22.89, 73.84], [0.0, 21.08, 8.49, 21.23, 53.96, 51.29, 31.16, 19.45, 31.34, 49.78, 32.54, 12.49, 39.9, 23.68, 70.8, 22.61, 17.26, 31.03, 38.42, 36.13, 14.33, 39.96, 39.83, 27.17, 21.46, 5.04, 30.08, 33.14, 44.95, 23.94, 18.17, 23.84, 38.41, 32.07, 16.84, 13.15, 17.76, 34.76, 27.84, 23.64, 35.4, 24.07, 38.89, 16.22, 33.04, 24.06, 46.19, 12.81, 18.22, 0.0, 39.41, 92.06], [0.0, 27.34, 45.23, 19.95, 23.56, 12.21, 17.59, 20.0, 15.39, 14.53, 7.39, 32.71, 19.27, 17.14, 39.01, 17.76, 30.9, 9.93, 18.48, 5.92, 26.78, 6.39, 11.47, 17.46, 18.85, 34.76, 9.99, 8.24, 6.45, 15.53, 24.8, 16.69, 11.68, 8.92, 24.09, 26.69, 33.59, 8.15, 12.43, 17.22, 13.81, 15.75, 19.96, 26.81, 6.98, 15.88, 8.89, 27.66, 22.89, 39.41, 0.0, 56.15], [0.0, 0.0, 0.0, 0.0, 0.0, 0.0, 0.0, 0.0, 0.0, 0.0, 0.0, 0.0, 0.0, 0.0, 0.0, 0.0, 0.0, 0.0, 0.0, 0.0, 0.0, 0.0, 0.0, 0.0, 0.0, 0.0, 0.0, 0.0, 0.0, 0.0, 0.0, 0.0, 0.0, 0.0, 0.0, 0.0, 0.0, 0.0, 0.0, 0.0, 0.0, 0.0, 0.0, 0.0, 0.0, 0.0, 0.0, 0.0, 0.0, 0.0, 0.0, 0.0]], "time_windows": [[0.0, 5000.0], [0.0, 122.0], [0.0, 157.0], [0.0, 211.0], [0.0, 308.0], [0.0, 363.0], [0.0, 412.0], [0.0, 439.0], [0.0, 463.0], [0.0, 515.0], [0.0, 582.0], [0.0, 641.0], [0.0, 686.0], [0.0, 724.0], [0.0, 803.0], [0.0, 897.0], [0.0, 934.0], [0.0, 976.0], [0.0, 996.0], [0.0, 1013.0], [0.0, 1041.0], [0.0, 1073.0], [0.0, 1079.0], [0.0, 1100.0], [0.0, 1115.0], [0.0, 1132.0], [0.0, 1157.0], [0.0, 1166.0], [0.0, 1180.0], [0.0, 1202.0], [0.0, 1214.0], [0.0, 1229.0], [0.0, 1245.0], [0.0, 1253.0], [0.0, 1271.0], [0.0, 1280.0], [0.0, 1293.0], [0.0, 1326.0], [0.0, 1333.0], [0.0, 1343.0], [0.0, 1363.0], [0.0, 1381.0], [0.0, 1405.0], [0.0, 1428.0], [0.0, 1450.0], [0.0, 1459.0], [0.0, 1483.0], [0.0, 1518.0], [0.0, 1523.0], [0.0, 1541.0], [0.0, 1581.0], [0.0, 5000.0]], "start_depot": 0, "end_depot": 51, "horizon": [0.0, 5000.0]}