{"digraph": {"vertex_count": 57, "arc_count": 3080, "arcs": [[0, 1, 1, 1, 1, 1, 1, 1, 1, 1, 1, 1, 1, 1, 1, 1, 1, 1, 1, 1, 1, 1, 1, 1, 1, 1, 1, 1, 1, 1, 1, 1, 1, 1, 1, 1, 1, 1, 1, 1, 1, 1, 1, 1, 1, 1, 1, 1, 1, 1, 1, 1, 1, 1, 1, 1, 1], [0, 0, 1, 1, 1, 1, 1, 1, 1, 1, 1, 1, 1, 1, 1, 1, 1, 1, 1, 1, 1, 1, 1, 1, 1, 1, 1, 1, 1, 1, 1, 1, 1, 1, 1, 1, 1, 1, 1, 1, 1, 1, 1, 1, 1, 1, 1, 1, 1, 1, 1, 1, 1, 1, 1, 1, 1], [0, 1, 0, 1, 1, 1, 1, 1, 1, 1, 1, 1, 1, 1, 1, 1, 1, 1, 1, 1, 1, 1, 1, 1, 1, 1, 1, 1, 1, 1, 1, 1, 1, 1, 1, 1, 1, 1, 1, 1, 1, 1, 1, 1, 1, 1, 1, 1, 1, 1, 1, 1, 1, 1, 1, 1, 1], [0, 1, 1, 0, 1, 1, 1, 1, 1, 1, 1, 1, 1, 1, 1, 1, 1, 1, 1, 1, 1, 1, 1, 1, 1, 1, 1, 1, 1, 1, 1, 1, 1, 1, 1, 1, 1, 1, 1, 1, 1, 1, 1, 1, 1, 1, 1, 1, 1, 1, 1, 1, 1, 1, 1, 1, 1], [0, 1, 1, 1, 0, 1, 1, 1, 1, 1, 1, 1, 1, 1, 1, 1, 1, 1, 1, 1, 1, 1, 1, 1, 1, 1, 1, 1, 1, 1, 1, 1, 1, 1, 1, 1, 1, 1, 1, 1, 1, 1, 1, 1, 1, 1, 1, 1, 1, 1, 1, 1, 1, 1, 1, 1, 1], [0, 1, 1, 1, 1, 0, 1, 1, 1, 1, 1, 1, 1, 1, 1, 1, 1, 1, 1, 1, 1, 1, 1, 1, 1, 1, 1, 1, 1, 1, 1, 1, 1, 1, 1, 1, 1, 1, 1, 1, 1, 1, 1, 1, 1, 1, 1, 1, 1, 1, 1, 1, 1, 1, 1, 1, 1], [0, 1, 1, 1, 1, 1, 0, 1, 1, 1, 1, 1, 1, 1, 1, 1, 1, 1, 1, 1, 1, 1, 1, 1, 1, 1, 1, 1, 1, 1, 1, 1, 1, 1, 1, 1, 1, 1, 1, 1, 1, 1, 1, 1, 1, 1, 1, 1, 1, 1, 1, 1, 1, 1, 1, 1, 1], [0, 1, 1, 1, 1, 1, 1, 0, 1, 1, 1, 1, 1, 1, 1, 1, 1, 1, 1, 1, 1, 1, 1, 1, 1, 1, 1, 1, 1, 1, 1, 1, 1, 1, 1, 1, 1, 1, 1, 1, 1, 1, 1, 1, 1, 1, 1, 1, 1, 1, 1, 1, 1, 1, 1, 1, 1], [0, 1, 1, 1, 1, 1, 1, 1, 0, 1, 1, 1, 1, 1, 1, 1, 1, 1, 1, 1, 1, 1, 1, 1, 1, 1, 1, 1, 1, 1, 1, 1, 1, 1, 1, 1, 1, 1, 1, 1, 1, 1, 1, 1, 1, 1, 1, 1, 1, 1, 1, 1, 1, 1, 1, 1, 1], [0, 1, 1, 1, 1, 1, 1, 1, 1, 0, 1, 1, 1, 1, 1, 1, 1, 1, 1, 1, 1, 1, 1, 1, 1, 1, 1, 1, 1, 1, 1, 1, 1, 1, 1, 1, 1, 1, 1, 1, 1, 1, 1, 1, 1, 1, 1, 1, 1, 1, 1, 1, 1, 1, 1, 1, 1], [0, 1, 1, 1, 1, 1, 1, 1, 1, 1, 0, 1, 1, 1, 1, 1, 1, 1, 1, 1, 1, 1, 1, 1, 1, 1, 1, 1, 1, 1, 1, 1, 1, 1, 1, 1, 1, 1, 1, 1, 1, 1, 1, 1, 1, 1, 1, 1, 1, 1, 1, 1, 1, 1, 1, 1, 1], [0, 1, 1, 1, 1, 1, 1, 1, 1, 1, 1, 0, 1, 1, 1, 1, 1, 1, 1, 1, 1, 1, 1, 1, 1, 1, 1, 1, 1, 1, 1, 1, 1, 1, 1, 1, 1, 1, 1, 1, 1, 1, 1, 1, 1, 1, 1, 1, 1, 1, 1, 1, 1, 1, 1, 1, 1], [0, 1, 1, 1, 1, 1, 1, 1, 1, 1, 1, 1, 0, 1, 1, 1, 1, 1, 1, 1, 1, 1, 1, 1, 1, 1, 1, 1, 1, 1, 1, 1, 1, 1, 1, 1, 1, 1, 1, 1, 1, 1, 1, 1, 1, 1, 1, 1, 1, 1, 1, 1, 1, 1, 1, 1, 1], [0, 1, 1, 1, 1, 1, 1, 1, 1, 1, 1, 1, 1, 0, 1, 1, 1, 1, 1, 1, 1, 1, 1, 1, 1, 1, 1, 1, 1, 1, 1, 1, 1, 1, 1, 1, 1, 1, 1, 1, 1, 1, 1, 1, 1, 1, 1, 1, 1, 1, 1, 1, 1, 1, 1, 1, 1], [0, 1, 1, 1, 1, 1, 1, 1, 1, 1, 1, 1, 1, 1, 0, 1, 1, 1, 1, 1, 1, 1, 1, 1, 1, 1, 1, 1, 1, 1, 1, 1, 1, 1, 1, 1, 1, 1, 1, 1, 1, 1, 1, 1, 1, 1, 1, 1, 1, 1, 1, 1, 1, 1, 1, 1, 1], [0, 1, 1, 1, 1, 1, 1, 1, 1, 1, 1, 1, 1, 1, 1, 0, 1, 1, 1, 1, 1, 1, 1, 1, 1, 1, 1, 1, 1, 1, 1, 1, 1, 1, 1, 1, 1, 1, 1, 1, 1, 1, 1, 1, 1, 1, 1, 1, 1, 1, 1, 1, 1, 1, 1, 1, 1], [0, 1, 1, 1, 1, 1, 1, 1, 1, 1, 1, 1, 1, 1, 1, 1, 0, 1, 1, 1, 1, 1, 1, 1, 1, 1, 1, 1, 1, 1, 1, 1, 1, 1, 1, 1, 1, 1, 1, 1, 1, 1, 1, 1, 1, 1, 1, 1, 1, 1, 1, 1, 1, 1, 1, 1, 1], [0, 1, 1, 1, 1, 1, 1, 1, 1, 1, 1, 1, 1, 1, 1, 1, 1, 0, 1, 1, 1, 1, 1, 1, 1, 1, 1, 1, 1, 1, 1, 1, 1, 1, 1, 1, 1, 1, 1, 1, 1, 1, 1, 1, 1, 1, 1, 1, 1, 1, 1, 1, 1, 1, 1, 1, 1], [0, 1, 1, 1, 1, 1, 1, 1, 1, 1, 1, 1, 1, 1, 1, 1, 1, 1, 0, 1, 1, 1, 1, 1, 1, 1, 1, 1, 1, 1, 1, 1, 1, 1, 1, 1, 1, 1, 1, 1, 1, 1, 1, 1, 1, 1, 1, 1, 1, 1, 1, 1, 1, 1, 1, 1, 1], [0, 1, 1, 1, 1, 1, 1, 1, 1, 1, 1, 1, 1, 1, 1, 1, 1, 1, 1, 0, 1, 1, 1, 1, 1, 1, 1, 1, 1, 1, 1, 1, 1, 1, 1, 1, 1, 1, 1, 1, 1, 1, 1, 1, 1, 1, 1, 1, 1, 1, 1, 1, 1, 1, 1, 1, 1], [0, 1, 1, 1, 1, 1, 1, 1, 1, 1, 1, 1, 1, 1, 1, 1, 1, 1, 1, 1, 0, 1, 1, 1, 1, 1, 1, 1, 1, 1, 1, 1, 1, 1, 1, 1, 1, 1, 1, 1, 1, 1, 1, 1, 1, 1, 1, 1, 1, 1, 1, 1, 1, 1, 1, 1, 1], [0, 1, 1, 1, 1, 1, 1, 1, 1, 1, 1, 1, 1, 1, 1, 1, 1, 1, 1, 1, 1, 0, 1, 1, 1, 1, 1, 1, 1, 1, 1, 1, 1, 1, 1, 1, 1, 1, 1, 1, 1, 1, 1, 1, 1, 1, 1, 1, 1, 1, 1, 1, 1, 1, 1, 1, 1], [0, 1, 1, 1, 1, 1, 1, 1, 1, 1, 1, 1, 1, 1, 1, 1, 1, 1, 1, 1, 1, 1, 0, 1, 1, 1, 1, 1, 1, 1, 1, 1, 1, 1, 1, 1, 1, 1, 1, 1, 1, 1, 1, 1, 1, 1, 1, 1, 1, 1, 1, 1, 1, 1, 1, 1, 1], [0, 1, 1, 1, 1, 1, 1, 1, 1, 1, 1, 1, 1, 1, 1, 1, 1, 1, 1, 1, 1, 1, 1, 0, 1, 1, 1, 1, 1, 1, 1, 1, 1, 1, 1, 1, 1, 1, 1, 1, 1, 1, 1, 1, 1, 1, 1, 1, 1, 1, 1, 1, 1, 1, 1, 1, 1], [0, 1, 1, 1, 1, 1, 1, 1, 1, 1, 1, 1, 1, 1, 1, 1, 1, 1, 1, 1, 1, 1, 1, 1, 0, 1, 1, 1, 1, 1, 1, 1, 1, 1, 1, 1, 1, 1, 1, 1, 1, 1, 1, 1, 1, 1, 1, 1, 1, 1, 1, 1, 1, 1, 1, 1, 1], [0, 1, 1, 1, 1, 1, 1, 1, 1, 1, 1, 1, 1, 1, 1, 1, 1, 1, 1, 1, 1, 1, 1, 1, 1, 0, 1, 1, 1, 1, 1, 1, 1, 1, 1, 1, 1, 1, 1, 1, 1, 1, 1, 1, 1, 1, 1, 1, 1, 1, 1, 1, 1, 1, 1, 1, 1], [0, 1, 1, 1, 1, 1, 1, 1, 1, 1, 1, 1, 1, 1, 1, 1, 1, 1, 1, 1, 1, 1, 1, 1, 1, 1, 0, 1, 1, 1, 1, 1, 1, 1, 1, 1, 1, 1, 1, 1, 1, 1, 1, 1, 1, 1, 1, 1, 1, 1, 1, 1, 1, 1, 1, 1, 1], [0, 1, 1, 1, 1, 1, 1, 1, 1, 1, 1, 1, 1, 1, 1, 1, 1, 1, 1, 1, 1, 1, 1, 1, 1, 1, 1, 0, 1, 1, 1, 1, 1, 1, 1, 1, 1, 1, 1, 1, 1, 1, 1, 1, 1, 1, 1, 1, 1, 1, 1, 1, 1, 1, 1, 1, 1], [0, 1, 1, 1, 1, 1, 1, 1, 1, 1, 1, 1, 1, 1, 1, 1, 1, 1, 1, 1, 1, 1, 1, 1, 1, 1, 1, 1, 0, 1, 1, 1, 1, 1, 1, 1, 1, 1, 1, 1, 1, 1, 1, 1, 1, 1, 1, 1, 1, 1, 1, 1, 1, 1, 1, 1, 1], [0, 1, 1, 1, 1, 1, 1, 1, 1, 1, 1, 1, 1, 1, 1, 1, 1, 1, 1, 1, 1, 1, 1, 1, 1, 1, 1, 1, 1, 0, 1, 1, 1, 1, 1, 1, 1, 1, 1, 1, 1, 1, 1, 1, 1, 1, 1, 1, 1, 1, 1, 1, 1, 1, 1, 1, 1], [0, 1, 1, 1, 1, 1, 1, 1, 1, 1, 1, 1, 1, 1, 1, 1, 1, 1, 1, 1, 1, 1, 1, 1, 1, 1, 1, 1, 1, 1, 0, 1, 1, 1, 1, 1, 1, 1, 1, 1, 1, 1, 1, 1, 1, 1, 1, 1, 1, 1, 1, 1, 1, 1, 1, 1, 1], [0, 1, 1, 1, 1, 1, 1, 1, 1, 1, 1, 1, 1, 1, 1, 1, 1, 1, 1, 1, 1, 1, 1, 1, 1, 1, 1, 1, 1, 1, 1, 0, 1, 1, 1, 1, 1, 1, 1, 1, 1, 1, 1, 1, 1, 1, 1, 1, 1, 1, 1, 1, 1, 1, 1, 1, 1], [0, 1, 1, 1, 1, 1, 1, 1, 1, 1, 1, 1, 1, 1, 1, 1, 1, 1, 1, 1, 1, 1, 1, 1, 1, 1, 1, 1, 1, 1, 1, 1, 0, 1, 1, 1, 1, 1, 1, 1, 1, 1, 1, 1, 1, 1, 1, 1, 1, 1, 1, 1, 1, 1, 1, 1, 1], [0, 1, 1, 1, 1, 1, 1, 1, 1, 1, 1, 1, 1, 1, 1, 1, 1, 1, 1, 1, 1, 1, 1, 1, 1, 1, 1, 1, 1, 1, 1, 1, 1, 0, 1, 1, 1, 1, 1, 1, 1, 1, 1, 1, 1, 1, 1, 1, 1, 1, 1, 1, 1, 1, 1, 1, 1], [0, 1, 1, 1, 1, 1, 1, 1, 1, 1, 1, 1, 1, 1, 1, 1, 1, 1, 1, 1, 1, 1, 1, 1, 1, 1, 1, 1, 1, 1, 1, 1, 1, 1, 0, 1, 1, 1, 1, 1, 1, 1, 1, 1, 1, 1, 1, 1, 1, 1, 1, 1, 1, 1, 1, 1, 1], [0, 1, 1, 1, 1, 1, 1, 1, 1, 1, 1, 1, 1, 1, 1, 1, 1, 1, 1, 1, 1, 1, 1, 1, 1, 1, 1, 1, 1, 1, 1, 1, 1, 1, 1, 0, 1, 1, 1, 1, 1, 1, 1, 1, 1, 1, 1, 1, 1, 1, 1, 1, 1, 1, 1, 1, 1], [0, 1, 1, 1, 1, 1, 1, 1, 1, 1, 1, 1, 1, 1, 1, 1, 1, 1, 1, 1, 1, 1, 1, 1, 1, 1, 1, 1, 1, 1, 1, 1, 1, 1, 1, 1, 0, 1, 1, 1, 1, 1, 1, 1, 1, 1, 1, 1, 1, 1, 1, 1, 1, 1, 1, 1, 1], [0, 1, 1, 1, 1, 1, 1, 1, 1, 1, 1, 1, 1, 1, 1, 1, 1, 1, 1, 1, 1, 1, 1, 1, 1, 1, 1, 1, 1, 1, 1, 1, 1, 1, 1, 1, 1, 0, 1, 1, 1, 1, 1, 1, 1, 1, 1, 1, 1, 1, 1, 1, 1, 1, 1, 1, 1], [0, 1, 1, 1, 1, 1, 1, 1, 1, 1, 1, 1, 1, 1, 1, 1, 1, 1, 1, 1, 1, 1, 1, 1, 1, 1, 1, 1, 1, 1, 1, 1, 1, 1, 1, 1, 1, 1, 0, 1, 1, 1, 1, 1, 1, 1, 1, 1, 1, 1, 1, 1, 1, 1, 1, 1, 1], [0, 1, 1, 1, 1, 1, 1, 1, 1, 1, 1, 1, 1, 1, 1, 1, 1, 1, 1, 1, 1, 1, 1, 1, 1, 1, 1, 1, 1, 1, 1, 1, 1, 1, 1, 1, 1, 1, 1, 0, 1, 1, 1, 1, 1, 1, 1, 1, 1, 1, 1, 1, 1, 1, 1, 1, 1], [0, 1, 1, 1, 1, 1, 1, 1, 1, 1, 1, 1, 1, 1, 1, 1, 1, 1, 1, 1, 1, 1, 1, 1, 1, 1, 1, 1, 1, 1, 1, 1, 1, 1, 1, 1, 1, 1, 1, 1, 0, 1, 1, 1, 1, 1, 1, 1, 1, 1, 1, 1, 1, 1, 1, 1, 1], [0, 1, 1, 1, 1, 1, 1, 1, 1, 1, 1, 1, 1, 1, 1, 1, 1, 1, 1, 1, 1, 1, 1, 1, 1, 1, 1, 1, 1, 1, 1, 1, 1, 1, 1, 1, 1, 1, 1, 1, 1, 0, 1, 1, 1, 1, 1, 1, 1, 1, 1, 1, 1, 1, 1, 1, 1], [0, 1, 1, 1, 1, 1, 1, 1, 1, 1, 1, 1, 1, 1, 1, 1, 1, 1, 1, 1, 1, 1, 1, 1, 1, 1, 1, 1, 1, 1, 1, 1, 1, 1, 1, 1, 1, 1, 1, 1, 1, 1, 0, 1, 1, 1, 1, 1, 1, 1, 1, 1, 1, 1, 1, 1, 1], [0, 1, 1, 1, 1, 1, 1, 1, 1, 1, 1, 1, 1, 1, 1, 1, 1, 1, 1, 1, 1, 1, 1, 1, 1, 1, 1, 1, 1, 1, 1, 1, 1, 1, 1, 1, 1, 1, 1, 1, 1, 1, 1, 0, 1, 1, 1, 1, 1, 1, 1, 1, 1, 1, 1, 1, 1], [0, 1, 1, 1, 1, 1, 1, 1, 1, 1, 1, 1, 1, 1, 1, 1, 1, 1, 1, 1, 1, 1, 1, 1, 1, 1, 1, 1, 1, 1, 1, 1, 1, 1, 1, 1, 1, 1, 1, 1, 1, 1, 1, 1, 0, 1, 1, 1, 1, 1, 1, 1, 1, 1, 1, 1, 1], [0, 1, 1, 1, 1, 1, 1, 1, 1, 1, 1, 1, 1, 1, 1, 1, 1, 1, 1, 1, 1, 1, 1, 1, 1, 1, 1, 1, 1, 1, 1, 1, 1, 1, 1, 1, 1, 1, 1, 1, 1, 1, 1, 1, 1, 0, 1, 1, 1, 1, 1, 1, 1, 1, 1, 1, 1], [0, 1, 1, 1, 1, 1, 1, 1, 1, 1, 1, 1, 1, 1, 1, 1, 1, 1, 1, 1, 1, 1, 1, 1, 1, 1, 1, 1, 1, 1, 1, 1, 1, 1, 1, 1, 1, 1, 1, 1, 1, 1, 1, 1, 1, 1, 0, 1, 1, 1, 1, 1, 1, 1, 1, 1, 1], [0, 1, 1, 1, 1, 1, 1, 1, 1, 1, 1, 1, 1, 1, 1, 1, 1, 1, 1, 1, 1, 1, 1, 1, 1, 1, 1, 1, 1, 1, 1, 1, 1, 1, 1, 1, 1, 1, 1, 1, 1, 1, 1, 1, 1, 1, 1, 0, 1, 1, 1, 1, 1, 1, 1, 1, 1], [0, 1, 1, 1, 1, 1, 1, 1, 1, 1, 1, 1, 1, 1, 1, 1, 1, 1, 1, 1, 1, 1, 1, 1, 1, 1, 1, 1, 1, 1, 1, 1, 1, 1, 1, 1, 1, 1, 1, 1, 1, 1, 1, 1, 1, 1, 1, 1, 0, 1, 1, 1, 1, 1, 1, 1, 1], [0, 1, 1, 1, 1, 1, 1, 1, 1, 1, 1, 1, 1, 1, 1, 1, 1, 1, 1, 1, 1, 1, 1, 1, 1, 1, 1, 1, 1, 1, 1, 1, 1, 1, 1, 1, 1, 1, 1, 1, 1, 1, 1, 1, 1, 1, 1, 1, 1, 0, 1, 1, 1, 1, 1, 1, 1], [0, 1, 1, 1, 1, 1, 1, 1, 1, 1, 1, 1, 1, 1, 1, 1, 1, 1, 1, 1, 1, 1, 1, 1, 1, 1, 1, 1, 1, 1, 1, 1, 1, 1, 1, 1, 1, 1, 1, 1, 1, 1, 1, 1, 1, 1, 1, 1, 1, 1, 0, 1, 1, 1, 1, 1, 1], [0, 1, 1, 1, 1, 1, 1, 1, 1, 1, 1, 1, 1, 1, 1, 1, 1, 1, 1, 1, 1, 1, 1, 1, 1, 1, 1, 1, 1, 1, 1, 1, 1, 1, 1, 1, 1, 1, 1, 1, 1, 1, 1, 1, 1, 1, 1, 1, 1, 1, 1, 0, 1, 1, 1, 1, 1], [0, 1, 1, 1, 1, 1, 1, 1, 1, 1, 1, 1, 1, 1, 1, 1, 1, 1, 1, 1, 1, 1, 1, 1, 1, 1, 1, 1, 1, 1, 1, 1, 1, 1, 1, 1, 1, 1, 1, 1, 1, 1, 1, 1, 1, 1, 1, 1, 1, 1, 1, 1, 0, 1, 1, 1, 1], [0, 1, 1, 1, 1, 1, 1, 1, 1, 1, 1, 1, 1, 1, 1, 1, 1, 1, 1, 1, 1, 1, 1, 1, 1, 1, 1, 1, 1, 1, 1, 1, 1, 1, 1, 1, 1, 1, 1, 1, 1, 1, 1, 1, 1, 1, 1, 1, 1, 1, 1, 1, 1, 0, 1, 1, 1], [0, 1, 1, 1, 1, 1, 1, 1, 1, 1, 1, 1, 1, 1, 1, 1, 1, 1, 1, 1, 1, 1, 1, 1, 1, 1, 1, 1, 1, 1, 1, 1, 1, 1, 1, 1, 1, 1, 1, 1, 1, 1, 1, 1, 1, 1, 1, 1, 1, 1, 1, 1, 1, 1, 0, 1, 1], [0, 1, 1, 1, 1, 1, 1, 1, 1, 1, 1, 1, 1, 1, 1, 1, 1, 1, 1, 1, 1, 1, 1, 1, 1, 1, 1, 1, 1, 1, 1, 1, 1, 1, 1, 1, 1, 1, 1, 1, 1, 1, 1, 1, 1, 1, 1, 1, 1, 1, 1, 1, 1, 1, 1, 0, 1], [0, 0, 0, 0, 0, 0, 0, 0, 0, 0, 0, 0, 0, 0, 0, 0, 0, 0, 0, 0, 0, 0, 0, 0, 0, 0, 0, 0, 0, 0, 0, 0, 0, 0, 0, 0, 0, 0, 0, 0, 0, 0, 0, 0, 0, 0, 0, 0, 0, 0, 0, 0, 0, 0, 0, 0, 0]]}, "cluster_count": 3, "cluster_speeds": [[0.925, 0.85, 0.925, 1.0, 0.8325, 0.765, 0.8325, 0.9, 0.4625, 0.425, 0.4625, 0.5, 0.30525, 0.2805, 0.30525, 0.33, 0.37, 0.34, 0.37, 0.4, 0.555, 0.51, 0.555, 0.6, 0.6475, 0.595, 0.6475, 0.7, 0.37, 0.34, 0.37, 0.4, 0.30525, 0.2805, 0.30525, 0.33, 0.4625, 0.425, 0.4625, 0.5, 0.6475, 0.595, 0.6475, 0.7, 0.74, 0.68, 0.74, 0.8, 0.6475, 0.595, 0.6475, 0.7, 0.4625, 0.425, 0.4625, 0.5, 0.555, 0.51, 0.555, 0.6, 0.6475, 0.595, 0.6475, 0.7, 0.8325, 0.765, 0.8325, 0.9, 0.925, 0.85, 0.925, 1.0, 1.0], [0.6475, 0.595, 0.6475, 0.7, 0.58275, 0.5355, 0.58275, 0.63, 0.32375, 0.2975, 0.32375, 0.35, 0.213675, 0.19635, 0.213675, 0.23099999999999998, 0.259, 0.238, 0.259, 0.27999999999999997, 0.3885, 0.357, 0.3885, 0.42, 0.6475, 0.595, 0.6475, 0.7, 0.37, 0.34, 0.37, 0.4, 0.30525, 0.2805, 0.30525, 0.33, 0.4625, 0.425, 0.4625, 0.5, 0.6475, 0.595, 0.6475, 0.7, 0.74, 0.68, 0.74, 0.8, 0.45324999999999993, 0.4165, 0.45324999999999993, 0.48999999999999994, 0.32375, 0.2975, 0.32375, 0.35, 0.3885, 0.357, 0.3885, 0.42, 0.45324999999999993, 0.4165, 0.45324999999999993, 0.48999999999999994, 0.58275, 0.5355, 0.58275, 0.63, 0.6475, 0.595, 0.6475, 0.7, 0.7], [0.87875, 0.8075, 0.87875, 0.95, 0.790875, 0.72675, 0.790875, 0.855, 0.439375, 0.40375, 0.439375, 0.475, 0.2899875, 0.266475, 0.2899875, 0.3135, 0.3515, 0.323, 0.3515, 0.38, 0.52725, 0.4845, 0.52725, 0.57, 0.6475, 0.595, 0.6475, 0.7, 0.37, 0.34, 0.37, 0.4, 0.30525, 0.2805, 0.30525, 0.33, 0.4625, 0.425, 0.4625, 0.5, 0.6475, 0.595, 0.6475, 0.7, 0.74, 0.68, 0.74, 0.8, 0.6151249999999999, 0.5652499999999999, 0.6151249999999999, 0.6649999999999999, 0.439375, 0.40375, 0.439375, 0.475, 0.52725, 0.4845, 0.52725, 0.57, 0.6151249999999999, 0.5652499999999999, 0.6151249999999999, 0.6649999999999999, 0.790875, 0.72675, 0.790875, 0.855, 0.87875, 0.8075, 0.87875, 0.95, 0.95]], "clusters": [[-1, 2, 2, 2, 2, 2, 2, 2, 2, 2, 2, 2, 2, 2, 2, 2, 2, 2, 2, 2, 2, 2, 2, 2, 2, 2, 2, 2, 2, 2, 2, 2, 2, 2, 2, 2, 2, 2, 2, 2, 2, 2, 2, 2, 2, 2, 2, 2, 2, 2, 2, 2, 2, 2, 2, 2, 2], [0, -1, 0, 0, 0, 0, 0, 0, 0, 0, 0, 0, 0, 0, 0, 0, 0, 0, 0, 0, 0, 0, 0, 0, 0, 0, 0, 0, 0, 0, 0, 0, 0, 0, 0, 0, 0, 0, 0, 0, 0, 0, 0, 0, 0, 0, 0, 0, 0, 0, 0, 0, 0, 0, 0, 0, 0], [1, 1, -1, 1, 1, 1, 1, 1, 1, 1, 1, 1, 1, 1, 1, 1, 1, 1, 1, 1, 1, 1, 1, 1, 1, 1, 1, 1, 1, 1, 1, 1, 1, 1, 1, 1, 1, 1, 1, 1, 1, 1, 1, 1, 1, 1, 1, 1, 1, 1, 1, 1, 1, 1, 1, 1, 1], [0, 0, 0, -1, 0, 0, 0, 0, 0, 0, 0, 0, 0, 0, 0, 0, 0, 0, 0, 0, 0, 0, 0, 0, 0, 0, 0, 0, 0, 0, 0, 0, 0, 0, 0, 0, 0, 0, 0, 0, 0, 0, 0, 0, 0, 0, 0, 0, 0, 0, 0, 0, 0, 0, 0, 0, 0], [0, 0, 0, 0, -1, 0, 0, 0, 0, 0, 0, 0, 0, 0, 0, 0, 0, 0, 0, 0, 0, 0, 0, 0, 0, 0, 0, 0, 0, 0, 0, 0, 0, 0, 0, 0, 0, 0, 0, 0, 0, 0, 0, 0, 0, 0, 0, 0, 0, 0, 0, 0, 0, 0, 0, 0, 0], [0, 0, 0, 0, 0, -1, 0, 0, 0, 0, 0, 0, 0, 0, 0, 0, 0, 0, 0, 0, 0, 0, 0, 0, 0, 0, 0, 0, 0, 0, 0, 0, 0, 0, 0, 0, 0, 0, 0, 0, 0, 0, 0, 0, 0, 0, 0, 0, 0, 0, 0, 0, 0, 0, 0, 0, 0], [0, 0, 0, 0, 0, 0, -1, 0, 0, 0, 0, 0, 0, 0, 0, 0, 0, 0, 0, 0, 0, 0, 0, 0, 0, 0, 0, 0, 0, 0, 0, 0, 0, 0, 0, 0, 0, 0, 0, 0, 0, 0, 0, 0, 0, 0, 0, 0, 0, 0, 0, 0, 0, 0, 0, 0, 0], [0, 0, 0, 0, 0, 0, 0, -1, 0, 0, 0, 0, 0, 0, 0, 0, 0, 0, 0, 0, 0, 0, 0, 0, 0, 0, 0, 0, 0, 0, 0, 0, 0, 0, 0, 0, 0, 0, 0, 0, 0, 0, 0, 0, 0, 0, 0, 0, 0, 0, 0, 0, 0, 0, 0, 0, 0], [0, 0, 0, 0, 0, 0, 0, 0, -1, 0, 0, 0, 0, 0, 0, 0, 0, 0, 0, 0, 0, 0, 0, 0, 0, 0, 0, 0, 0, 0, 0, 0, 0, 0, 0, 0, 0, 0, 0, 0, 0, 0, 0, 0, 0, 0, 0, 0, 0, 0, 0, 0, 0, 0, 0, 0, 0], [0, 0, 0, 0, 0, 0, 0, 0, 0, -1, 0, 0, 0, 0, 0, 0, 0, 0, 0, 0, 0, 0, 0, 0, 0, 0, 0, 0, 0, 0, 0, 0, 0, 0, 0, 0, 0, 0, 0, 0, 0, 0, 0, 0, 0, 0, 0, 0, 0, 0, 0, 0, 0, 0, 0, 0, 0], [0, 0, 0, 0, 0, 0, 0, 0, 0, 0, -1, 0, 0, 0, 0, 0, 0, 0, 0, 0, 0, 0, 0, 0, 0, 0, 0, 0, 0, 0, 0, 0, 0, 0, 0, 0, 0, 0, 0, 0, 0, 0, 0, 0, 0, 0, 0, 0, 0, 0, 0, 0, 0, 0, 0, 0, 0], [0, 0, 0, 0, 0, 0, 0, 0, 0, 0, 0, -1, 0, 0, 0, 0, 0, 0, 0, 0, 0, 0, 0, 0, 0, 0, 0, 0, 0, 0, 0, 0, 0, 0, 0, 0, 0, 0, 0, 0, 0, 0, 0, 0, 0, 0, 0, 0, 0, 0, 0, 0, 0, 0, 0, 0, 0], [0, 0, 0, 0, 0, 0, 0, 0, 0, 0, 0, 0, -1, 0, 0, 0, 0, 0, 0, 0, 0, 0, 0, 0, 0, 0, 0, 0, 0, 0, 0, 0, 0, 0, 0, 0, 0, 0, 0, 0, 0, 0, 0, 0, 0, 0, 0, 0, 0, 0, 0, 0, 0, 0, 0, 0, 0], [0, 0, 0, 0, 0, 0, 0, 0, 0, 0, 0, 0, 0, -1, 0, 0, 0, 0, 0, 0, 0, 0, 0, 0, 0, 0, 0, 0, 0, 0, 0, 0, 0, 0, 0, 0, 0, 0, 0, 0, 0, 0, 0, 0, 0, 0, 0, 0, 0, 0, 0, 0, 0, 0, 0, 0, 0], [0, 0, 0, 0, 0, 0, 0, 0, 0, 0, 0, 0, 0, 0, -1, 0, 0, 0, 0, 0, 0, 0, 0, 0, 0, 0, 0, 0, 0, 0, 0, 0, 0, 0, 0, 0, 0, 0, 0, 0, 0, 0, 0, 0, 0, 0, 0, 0, 0, 0, 0, 0, 0, 0, 0, 0, 0], [0, 0, 0, 0, 0, 0, 0, 0, 0, 0, 0, 0, 0, 0, 0, -1, 0, 0, 0, 0, 0, 0, 0, 0, 0, 0, 0, 0, 0, 0, 0, 0, 0, 0, 0, 0, 0, 0, 0, 0, 0, 0, 0, 0, 0, 0, 0, 0, 0, 0, 0, 0, 0, 0, 0, 0, 0], [0, 0, 0, 0, 0, 0, 0, 0, 0, 0, 0, 0, 0, 0, 0, 0, -1, 0, 0, 0, 0, 0, 0, 0, 0, 0, 0, 0, 0, 0, 0, 0, 0, 0, 0, 0, 0, 0, 0, 0, 0, 0, 0, 0, 0, 0, 0, 0, 0, 0, 0, 0, 0, 0, 0, 0, 0], [0, 0, 0, 0, 0, 0, 0, 0, 0, 0, 0, 0, 0, 0, 0, 0, 0, -1, 0, 0, 0, 0, 0, 0, 0, 0, 0, 0, 0, 0, 0, 0, 0, 0, 0, 0, 0, 0, 0, 0, 0, 0, 0, 0, 0, 0, 0, 0, 0, 0, 0, 0, 0, 0, 0, 0, 0], [0, 0, 0, 0, 0, 0, 0, 0, 0, 0, 0, 0, 0, 0, 0, 0, 0, 0, -1, 0, 0, 0, 0, 0, 0, 0, 0, 0, 0, 0, 0, 0, 0, 0, 0, 0, 0, 0, 0, 0, 0, 0, 0, 0, 0, 0, 0, 0, 0, 0, 0, 0, 0, 0, 0, 0, 0], [0, 0, 0, 0, 0, 0, 0, 0, 0, 0, 0, 0, 0, 0, 0, 0, 0, 0, 0, -1, 0, 0, 0, 0, 0, 0, 0, 0, 0, 0, 0, 0, 0, 0, 0, 0, 0, 0, 0, 0, 0, 0, 0, 0, 0, 0, 0, 0, 0, 0, 0, 0, 0, 0, 0, 0, 0], [0, 0, 0, 0, 0, 0, 0, 0, 0, 0, 0, 0, 0, 0, 0, 0, 0, 0, 0, 0, -1, 0, 0, 0, 0, 0, 0, 0, 0, 0, 0, 0, 0, 0, 0, 0, 0, 0, 0, 0, 0, 0, 0, 0, 0, 0, 0, 0, 0, 0, 0, 0, 0, 0, 0, 0, 0], [0, 0, 0, 0, 0, 0, 0, 0, 0, 0, 0, 0, 0, 0, 0, 0, 0, 0, 0, 0, 0, -1, 0, 0, 0, 0, 0, 0, 0, 0, 0, 0, 0, 0, 0, 0, 0, 0, 0, 0, 0, 0, 0, 0, 0, 0, 0, 0, 0, 0, 0, 0, 0, 0, 0, 0, 0], [0, 0, 0, 0, 0, 0, 0, 0, 0, 0, 0, 0, 0, 0, 0, 0, 0, 0, 0, 0, 0, 0, -1, 0, 0, 0, 0, 0, 0, 0, 0, 0, 0, 0, 0, 0, 0, 0, 0, 0, 0, 0, 0, 0, 0, 0, 0, 0, 0, 0, 0, 0, 0, 0, 0, 0, 0], [1, 1, 1, 1, 1, 1, 1, 1, 1, 1, 1, 1, 1, 1, 1, 1, 1, 1, 1, 1, 1, 1, 1, -1, 1, 1, 1, 1, 1, 1, 1, 1, 1, 1, 1, 1, 1, 1, 1, 1, 1, 1, 1, 1, 1, 1, 1, 1, 1, 1, 1, 1, 1, 1, 1, 1, 1], [0, 0, 0, 0, 0, 0, 0, 0, 0, 0, 0, 0, 0, 0, 0, 0, 0, 0, 0, 0, 0, 0, 0, 0, -1, 0, 0, 0, 0, 0, 0, 0, 0, 0, 0, 0, 0, 0, 0, 0, 0, 0, 0, 0, 0, 0, 0, 0, 0, 0, 0, 0, 0, 0, 0, 0, 0], [0, 0, 0, 0, 0, 0, 0, 0, 0, 0, 0, 0, 0, 0, 0, 0, 0, 0, 0, 0, 0, 0, 0, 0, 0, -1, 0, 0, 0, 0, 0, 0, 0, 0, 0, 0, 0, 0, 0, 0, 0, 0, 0, 0, 0, 0, 0, 0, 0, 0, 0, 0, 0, 0, 0, 0, 0], [0, 0, 0, 0, 0, 0, 0, 0, 0, 0, 0, 0, 0, 0, 0, 0, 0, 0, 0, 0, 0, 0, 0, 0, 0, 0, -1, 0, 0, 0, 0, 0, 0, 0, 0, 0, 0, 0, 0, 0, 0, 0, 0, 0, 0, 0, 0, 0, 0, 0, 0, 0, 0, 0, 0, 0, 0], [0, 0, 0, 0, 0, 0, 0, 0, 0, 0, 0, 0, 0, 0, 0, 0, 0, 0, 0, 0, 0, 0, 0, 0, 0, 0, 0, -1, 0, 0, 0, 0, 0, 0, 0, 0, 0, 0, 0, 0, 0, 0, 0, 0, 0, 0, 0, 0, 0, 0, 0, 0, 0, 0, 0, 0, 0], [0, 0, 0, 0, 0, 0, 0, 0, 0, 0, 0, 0, 0, 0, 0, 0, 0, 0, 0, 0, 0, 0, 0, 0, 0, 0, 0, 0, -1, 0, 0, 0, 0, 0, 0, 0, 0, 0, 0, 0, 0, 0, 0, 0, 0, 0, 0, 0, 0, 0, 0, 0, 0, 0, 0, 0, 0], [0, 0, 0, 0, 0, 0, 0, 0, 0, 0, 0, 0, 0, 0, 0, 0, 0, 0, 0, 0, 0, 0, 0, 0, 0, 0, 0, 0, 0, -1, 0, 0, 0, 0, 0, 0, 0, 0, 0, 0, 0, 0, 0, 0, 0, 0, 0, 0, 0, 0, 0, 0, 0, 0, 0, 0, 0], [0, 0, 0, 0, 0, 0, 0, 0, 0, 0, 0, 0, 0, 0, 0, 0, 0, 0, 0, 0, 0, 0, 0, 0, 0, 0, 0, 0, 0, 0, -1, 0, 0, 0, 0, 0, 0, 0, 0, 0, 0, 0, 0, 0, 0, 0, 0, 0, 0, 0, 0, 0, 0, 0, 0, 0, 0], [0, 0, 0, 0, 0, 0, 0, 0, 0, 0, 0, 0, 0, 0, 0, 0, 0, 0, 0, 0, 0, 0, 0, 0, 0, 0, 0, 0, 0, 0, 0, -1, 0, 0, 0, 0, 0, 0, 0, 0, 0, 0, 0, 0, 0, 0, 0, 0, 0, 0, 0, 0, 0, 0, 0, 0, 0], [0, 0, 0, 0, 0, 0, 0, 0, 0, 0, 0, 0, 0, 0, 0, 0, 0, 0, 0, 0, 0, 0, 0, 0, 0, 0, 0, 0, 0, 0, 0, 0, -1, 0, 0, 0, 0, 0, 0, 0, 0, 0, 0, 0, 0, 0, 0, 0, 0, 0, 0, 0, 0, 0, 0, 0, 0], [0, 0, 0, 0, 0, 0, 0, 0, 0, 0, 0, 0, 0, 0, 0, 0, 0, 0, 0, 0, 0, 0, 0, 0, 0, 0, 0, 0, 0, 0, 0, 0, 0, -1, 0, 0, 0, 0, 0, 0, 0, 0, 0, 0, 0, 0, 0, 0, 0, 0, 0, 0, 0, 0, 0, 0, 0], [0, 0, 0, 0, 0, 0, 0, 0, 0, 0, 0, 0, 0, 0, 0, 0, 0, 0, 0, 0, 0, 0, 0, 0, 0, 0, 0, 0, 0, 0, 0, 0, 0, 0, -1, 0, 0, 0, 0, 0, 0, 0, 0, 0, 0, 0, 0, 0, 0, 0, 0, 0, 0, 0, 0, 0, 0], [0, 0, 0, 0, 0, 0, 0, 0, 0, 0, 0, 0, 0, 0, 0, 0, 0, 0, 0, 0, 0, 0, 0, 0, 0, 0, 0, 0, 0, 0, 0, 0, 0, 0, 0, -1, 0, 0, 0, 0, 0, 0, 0, 0, 0, 0, 0, 0, 0, 0, 0, 0, 0, 0, 0, 0, 0], [0, 0, 0, 0, 0, 0, 0, 0, 0, 0, 0, 0, 0, 0, 0, 0, 0, 0, 0, 0, 0, 0, 0, 0, 0, 0, 0, 0, 0, 0, 0, 0, 0, 0, 0, 0, -1, 0, 0, 0, 0, 0, 0, 0, 0, 0, 0, 0, 0, 0, 0, 0, 0, 0, 0, 0, 0], [0, 0, 0, 0, 0, 0, 0, 0, 0, 0, 0, 0, 0, 0, 0, 0, 0, 0, 0, 0, 0, 0, 0, 0, 0, 0, 0, 0, 0, 0, 0, 0, 0, 0, 0, 0, 0, -1, 0, 0, 0, 0, 0, 0, 0, 0, 0, 0, 0, 0, 0, 0, 0, 0, 0, 0, 0], [0, 0, 0, 0, 0, 0, 0, 0, 0, 0, 0, 0, 0, 0, 0, 0, 0, 0, 0, 0, 0, 0, 0, 0, 0, 0, 0, 0, 0, 0, 0, 0, 0, 0, 0, 0, 0, 0, -1, 0, 0, 0, 0, 0, 0, 0, 0, 0, 0, 0, 0, 0, 0, 0, 0, 0, 0], [1, 1, 1, 1, 1, 1, 1, 1, 1, 1, 1, 1, 1, 1, 1, 1, 1, 1, 1, 1, 1, 1, 1, 1, 1, 1, 1, 1, 1, 1, 1, 1, 1, 1, 1, 1, 1, 1, 1, -1, 1, 1, 1, 1, 1, 1, 1, 1, 1, 1, 1, 1, 1, 1, 1, 1, 1], [0, 0, 0, 0, 0, 0, 0, 0, 0, 0, 0, 0, 0, 0, 0, 0, 0, 0, 0, 0, 0, 0, 0, 0, 0, 0, 0, 0, 0, 0, 0, 0, 0, 0, 0, 0, 0, 0, 0, 0, -1, 0, 0, 0, 0, 0, 0, 0, 0, 0, 0, 0, 0, 0, 0, 0, 0], [0, 0, 0, 0, 0, 0, 0, 0, 0, 0, 0, 0, 0, 0, 0, 0, 0, 0, 0, 0, 0, 0, 0, 0, 0, 0, 0, 0, 0, 0, 0, 0, 0, 0, 0, 0, 0, 0, 0, 0, 0, -1, 0, 0, 0, 0, 0, 0, 0, 0, 0, 0, 0, 0, 0, 0, 0], [0, 0, 0, 0, 0, 0, 0, 0, 0, 0, 0, 0, 0, 0, 0, 0, 0, 0, 0, 0, 0, 0, 0, 0, 0, 0, 0, 0, 0, 0, 0, 0, 0, 0, 0, 0, 0, 0, 0, 0, 0, 0, -1, 0, 0, 0, 0, 0, 0, 0, 0, 0, 0, 0, 0, 0, 0], [0, 0, 0, 0, 0, 0, 0, 0, 0, 0, 0, 0, 0, 0, 0, 0, 0, 0, 0, 0, 0, 0, 0, 0, 0, 0, 0, 0, 0, 0, 0, 0, 0, 0, 0, 0, 0, 0, 0, 0, 0, 0, 0, -1, 0, 0, 0, 0, 0, 0, 0, 0, 0, 0, 0, 0, 0], [0, 0, 0, 0, 0, 0, 0, 0, 0, 0, 0, 0, 0, 0, 0, 0, 0, 0, 0, 0, 0, 0, 0, 0, 0, 0, 0, 0, 0, 0, 0, 0, 0, 0, 0, 0, 0, 0, 0, 0, 0, 0, 0, 0, -1, 0, 0, 0, 0, 0, 0, 0, 0, 0, 0, 0, 0], [0, 0, 0, 0, 0, 0, 0, 0, 0, 0, 0, 0, 0, 0, 0, 0, 0, 0, 0, 0, 0, 0, 0, 0, 0, 0, 0, 0, 0, 0, 0, 0, 0, 0, 0, 0, 0, 0, 0, 0, 0, 0, 0, 0, 0, -1, 0, 0, 0, 0, 0, 0, 0, 0, 0, 0, 0], [0, 0, 0, 0, 0, 0, 0, 0, 0, 0, 0, 0, 0, 0, 0, 0, 0, 0, 0, 0, 0, 0, 0, 0, 0, 0, 0, 0, 0, 0, 0, 0, 0, 0, 0, 0, 0, 0, 0, 0, 0, 0, 0, 0, 0, 0, -1, 0, 0, 0, 0, 0, 0, 0, 0, 0, 0], [0, 0, 0, 0, 0, 0, 0, 0, 0, 0, 0, 0, 0, 0, 0, 0, 0, 0, 0, 0, 0, 0, 0, 0, 0, 0, 0, 0, 0, 0, 0, 0, 0, 0, 0, 0, 0, 0, 0, 0, 0, 0, 0, 0, 0, 0, 0, -1, 0, 0, 0, 0, 0, 0, 0, 0, 0], [0, 0, 0, 0, 0, 0, 0, 0, 0, 0, 0, 0, 0, 0, 0, 0, 0, 0, 0, 0, 0, 0, 0, 0, 0, 0, 0, 0, 0, 0, 0, 0, 0, 0, 0, 0, 0, 0, 0, 0, 0, 0, 0, 0, 0, 0, 0, 0, -1, 0, 0, 0, 0, 0, 0, 0, 0], [0, 0, 0, 0, 0, 0, 0, 0, 0, 0, 0, 0, 0, 0, 0, 0, 0, 0, 0, 0, 0, 0, 0, 0, 0, 0, 0, 0, 0, 0, 0, 0, 0, 0, 0, 0, 0, 0, 0, 0, 0, 0, 0, 0, 0, 0, 0, 0, 0, -1, 0, 0, 0, 0, 0, 0, 0], [0, 0, 0, 0, 0, 0, 0, 0, 0, 0, 0, 0, 0, 0, 0, 0, 0, 0, 0, 0, 0, 0, 0, 0, 0, 0, 0, 0, 0, 0, 0, 0, 0, 0, 0, 0, 0, 0, 0, 0, 0, 0, 0, 0, 0, 0, 0, 0, 0, 0, -1, 0, 0, 0, 0, 0, 0], [0, 0, 0, 0, 0, 0, 0, 0, 0, 0, 0, 0, 0, 0, 0, 0, 0, 0, 0, 0, 0, 0, 0, 0, 0, 0, 0, 0, 0, 0, 0, 0, 0, 0, 0, 0, 0, 0, 0, 0, 0, 0, 0, 0, 0, 0, 0, 0, 0, 0, 0, -1, 0, 0, 0, 0, 0], [0, 0, 0, 0, 0, 0, 0, 0, 0, 0, 0, 0, 0, 0, 0, 0, 0, 0, 0, 0, 0, 0, 0, 0, 0, 0, 0, 0, 0, 0, 0, 0, 0, 0, 0, 0, 0, 0, 0, 0, 0, 0, 0, 0, 0, 0, 0, 0, 0, 0, 0, 0, -1, 0, 0, 0, 0], [0, 0, 0, 0, 0, 0, 0, 0, 0, 0, 0, 0, 0, 0, 0, 0, 0, 0, 0, 0, 0, 0, 0, 0, 0, 0, 0, 0, 0, 0, 0, 0, 0, 0, 0, 0, 0, 0, 0, 0, 0, 0, 0, 0, 0, 0, 0, 0, 0, 0, 0, 0, 0, -1, 0, 0, 0], [0, 0, 0, 0, 0, 0, 0, 0, 0, 0, 0, 0, 0, 0, 0, 0, 0, 0, 0, 0, 0, 0, 0, 0, 0, 0, 0, 0, 0, 0, 0, 0, 0, 0, 0, 0, 0, 0, 0, 0, 0, 0, 0, 0, 0, 0, 0, 0, 0, 0, 0, 0, 0, 0, -1, 0, 0], [0, 0, 0, 0, 0, 0, 0, 0, 0, 0, 0, 0, 0, 0, 0, 0, 0, 0, 0, 0, 0, 0, 0, 0, 0, 0, 0, 0, 0, 0, 0, 0, 0, 0, 0, 0, 0, 0, 0, 0, 0, 0, 0, 0, 0, 0, 0, 0, 0, 0, 0, 0, 0, 0, 0, -1, 0], [2, 2, 2, 2, 2, 2, 2, 2, 2, 2, 2, 2, 2, 2, 2, 2, 2, 2, 2, 2, 2, 2, 2, 2, 2, 2, 2, 2, 2, 2, 2, 2, 2, 2, 2, 2, 2, 2, 2, 2, 2, 2, 2, 2, 2, 2, 2, 2, 2, 2, 2, 2, 2, 2, 2, 2, -1]], "speed_zone_count": 73, "speed_zones": [[0.0, 15.0], [15.0, 30.0], [30.0, 45.0], [45.0, 60.0], [60.0, 75.0], [75.0, 90.0], [90.0, 105.0], [105.0, 120.0], [120.0, 135.0], [135.0, 150.0], [150.0, 165.0], [165.0, 180.0], [180.0, 195.0], [195.0, 210.0], [210.0, 225.0], [225.0, 240.0], [240.0, 255.0], [255.0, 270.0], [270.0, 285.0], [285.0, 300.0], [300.0, 315.0], [315.0, 330.0], [330.0, 345.0], [345.0, 360.0], [360.0, 375.0], [375.0, 390.0], [390.0, 405.0], [405.0, 420.0], [420.0, 435.0], [435.0, 450.0], [450.0, 465.0], [465.0, 480.0], [480.0, 495.0], [495.0, 510.0], [510.0, 525.0], [525.0, 540.0], [540.0, 555.0], [555.0, 570.0], [570.0, 585.0], [585.0, 600.0], [600.0, 615.0], [615.0, 630.0], [630.0, 645.0], [645.0, 660.0], [660.0, 675.0], [675.0, 690.0], [690.0, 705.0], [705.0, 720.0], [720.0, 735.0], [735.0, 750.0], [750.0, 765.0], [765.0, 780.0], [780.0, 795.0], [795.0, 810.0], [810.0, 825.0], [825.0, 840.0], [840.0, 855.0], [855.0, 870.0], [870.0, 885.0], [885.0, 900.0], [900.0, 915.0], [915.0, 930.0], [930.0, 945.0], [945.0, 960.0], [960.0, 975.0], [975.0, 990.0], [990.0, 1005.0], [1005.0, 1020.0], [1020.0, 1035.0], [1035.0, 1050.0], [1050.0, 1065.0], [1065.0, 1080.0], [1080.0, 5000.0]], "distances": [[0.0, 63.05, 89.4, 77.42, 69.25, 69.69, 70.62, 68.77, 74.85, 72.48, 63.51, 79.35, 67.15, 70.6, 72.53, 72.44, 75.39, 64.19, 65.99, 71.98, 73.94, 72.62, 72.32, 54.57, 65.15, 78.14, 64.33, 72.48, 63.91, 72.17, 73.12, 69.34, 69.31, 69.17, 77.68, 62.37, 81.13, 69.27, 78.52, 81.6, 63.17, 68.47, 75.42, 72.6, 70.09, 69.81, 60.04, 73.97, 79.8, 71.82, 72.0, 58.58, 75.15, 67.47, 71.99, 72.76, 0.0], [0.0, 0.0, 26.5, 14.82, 6.74, 8.28, 11.37, 7.83, 13.01, 10.52, 11.5, 16.31, 4.26, 15.65, 10.35, 11.01, 12.35, 11.94, 7.32, 12.27, 10.94, 12.99, 10.2, 16.99, 11.0, 15.15, 5.89, 10.16, 6.42, 11.35, 15.43, 11.99, 7.61, 6.97, 14.71, 9.88, 18.11, 6.74, 16.79, 21.17, 8.72, 12.39, 12.48, 9.95, 10.51, 11.18, 11.79, 11.2, 18.04, 8.82, 9.02, 6.46, 12.22, 10.46, 13.0, 13.27, 63.05], [0.0, 26.5, 0.0, 12.05, 20.15, 21.57, 20.11, 22.59, 14.97, 18.92, 26.06, 10.42, 22.3, 26.88, 18.62, 17.4, 14.28, 25.24, 25.77, 21.7, 16.0, 18.4, 18.86, 40.19, 24.28, 11.37, 26.85, 18.48, 27.51, 20.42, 19.64, 25.06, 20.22, 20.26, 12.68, 27.45, 9.25, 20.13, 11.86, 11.93, 26.49, 26.41, 14.84, 16.8, 20.35, 23.78, 29.67, 15.43, 10.78, 18.05, 17.89, 31.9, 15.11, 26.07, 22.44, 18.39, 89.4], [0.0, 14.82, 12.05, 0.0, 8.21, 12.05, 8.8, 12.96, 10.0, 10.25, 14.43, 4.2, 10.55, 20.15, 9.75, 5.57, 4.22, 13.39, 15.92, 14.22, 6.05, 7.6, 9.96, 30.12, 12.44, 10.28, 16.47, 9.42, 17.21, 12.46, 10.07, 17.09, 8.17, 8.25, 5.65, 16.02, 6.25, 8.2, 11.27, 8.35, 14.94, 18.39, 6.09, 4.88, 8.8, 15.6, 18.07, 10.11, 11.43, 7.43, 7.36, 20.72, 6.22, 17.33, 15.28, 7.73, 77.42], [0.0, 6.74, 20.15, 8.21, 0.0, 7.96, 6.24, 8.36, 6.29, 8.34, 6.42, 10.45, 9.77, 17.19, 7.88, 4.51, 6.7, 5.2, 10.25, 11.94, 6.08, 7.22, 7.9, 23.12, 4.26, 9.04, 9.99, 7.51, 10.74, 10.31, 10.18, 13.45, 9.3, 8.68, 9.55, 8.19, 12.5, 8.52, 10.05, 14.55, 7.01, 14.43, 7.7, 10.33, 5.46, 12.11, 10.02, 4.73, 11.3, 4.59, 4.78, 13.01, 7.51, 12.77, 12.99, 7.51, 69.25], [0.0, 8.28, 21.57, 12.05, 7.96, 0.0, 14.15, 8.68, 12.26, 10.32, 7.78, 11.28, 6.82, 9.24, 8.86, 11.65, 8.01, 8.49, 4.2, 4.23, 6.07, 14.82, 8.71, 18.64, 8.0, 10.85, 5.47, 9.25, 6.03, 10.35, 17.92, 5.57, 9.72, 8.69, 8.89, 7.94, 12.37, 7.91, 15.19, 20.2, 7.7, 6.68, 6.8, 8.72, 13.4, 8.53, 10.26, 8.99, 16.14, 4.78, 4.79, 11.11, 6.55, 5.34, 5.19, 15.11, 69.69], [0.0, 11.37, 20.11, 8.8, 6.24, 14.15, 0.0, 14.6, 5.46, 14.1, 11.26, 12.7, 8.27, 23.39, 13.59, 10.75, 10.23, 9.55, 16.4, 17.97, 10.72, 9.79, 13.67, 28.35, 8.92, 11.08, 15.92, 13.19, 16.66, 16.25, 12.53, 19.68, 4.51, 5.55, 13.06, 13.16, 14.87, 6.29, 8.3, 11.04, 11.95, 20.67, 12.01, 6.47, 10.3, 18.31, 14.31, 7.41, 9.49, 10.11, 10.25, 17.79, 11.93, 19.01, 19.05, 9.95, 70.62], [0.0, 7.83, 22.59, 12.96, 8.36, 8.68, 14.6, 0.0, 13.02, 10.45, 7.35, 12.3, 6.92, 8.87, 9.07, 12.27, 8.97, 8.25, 9.88, 4.44, 7.03, 15.38, 8.92, 17.62, 7.86, 11.83, 4.49, 9.46, 5.03, 9.88, 18.45, 5.1, 10.11, 9.07, 9.91, 7.3, 13.39, 8.31, 16.06, 21.06, 7.18, 6.09, 7.81, 9.43, 13.82, 10.71, 9.55, 9.81, 17.04, 5.61, 5.64, 10.2, 7.56, 4.57, 5.26, 15.67, 68.77], [0.0, 13.01, 14.97, 10.0, 6.29, 12.26, 5.46, 13.02, 0.0, 11.17, 12.7, 7.38, 8.86, 21.11, 10.63, 10.8, 5.78, 11.38, 15.63, 15.26, 7.03, 4.33, 10.79, 29.25, 10.48, 5.78, 15.8, 10.24, 16.56, 13.45, 7.08, 17.71, 5.63, 6.05, 8.21, 14.47, 9.51, 6.29, 10.86, 8.34, 13.3, 18.91, 7.8, 10.79, 5.49, 16.23, 16.28, 10.17, 5.08, 7.51, 7.53, 19.29, 7.82, 17.58, 16.36, 4.49, 74.85], [0.0, 10.52, 18.92, 10.25, 8.34, 10.32, 14.1, 10.45, 11.17, 0.0, 10.0, 8.8, 8.06, 9.98, 10.92, 11.12, 6.04, 10.35, 6.93, 12.06, 4.25, 14.39, 8.65, 21.28, 9.67, 8.61, 8.29, 11.27, 8.84, 10.51, 17.52, 6.85, 10.0, 9.05, 6.28, 10.48, 9.67, 8.29, 13.58, 18.58, 10.05, 8.17, 4.42, 7.95, 13.45, 5.37, 12.84, 7.77, 14.39, 11.99, 11.97, 13.92, 4.21, 7.34, 5.19, 14.66, 72.48], [0.0, 11.5, 26.06, 14.43, 6.42, 7.78, 11.26, 7.35, 12.7, 10.0, 0.0, 15.85, 13.27, 15.27, 9.83, 10.75, 11.89, 11.62, 6.96, 11.79, 10.45, 12.84, 9.69, 17.1, 10.68, 14.71, 5.61, 9.65, 6.19, 10.85, 15.34, 11.59, 7.38, 6.69, 14.22, 10.04, 17.63, 6.41, 16.47, 20.9, 10.68, 12.03, 11.99, 9.58, 10.4, 10.75, 11.69, 10.8, 17.71, 8.34, 8.53, 6.66, 11.73, 10.1, 12.54, 13.11, 63.51], [0.0, 16.31, 10.42, 4.2, 10.45, 11.28, 12.7, 12.3, 7.38, 8.8, 15.85, 0.0, 12.25, 17.94, 8.42, 9.25, 8.42, 15.22, 15.46, 12.2, 5.58, 11.7, 8.66, 29.92, 14.28, 8.67, 16.46, 8.22, 17.13, 10.64, 14.26, 15.42, 11.03, 10.75, 9.85, 17.12, 10.27, 10.42, 7.07, 11.36, 16.23, 16.78, 4.48, 7.32, 12.55, 14.01, 19.39, 5.91, 7.23, 7.65, 7.49, 21.49, 4.74, 16.12, 13.13, 11.85, 79.35], [0.0, 4.26, 22.3, 10.55, 9.77, 6.82, 8.27, 6.92, 8.86, 8.06, 13.27, 12.25, 0.0, 15.76, 7.71, 7.06, 8.31, 12.47, 8.19, 11.04, 7.16, 9.54, 7.66, 20.56, 9.88, 11.0, 7.65, 7.41, 8.39, 9.62, 12.35, 11.96, 11.31, 10.43, 10.91, 5.61, 14.16, 9.71, 12.6, 17.13, 4.46, 12.78, 8.79, 5.69, 7.42, 10.74, 7.53, 6.94, 13.83, 5.17, 5.38, 10.43, 8.55, 10.99, 12.01, 9.83, 67.15], [0.0, 15.65, 26.88, 20.15, 17.19, 9.24, 23.39, 8.87, 21.11, 9.98, 15.27, 17.94, 15.76, 0.0, 10.51, 20.8, 15.94, 16.59, 8.34, 5.93, 14.22, 24.01, 10.34, 16.28, 16.42, 18.19, 9.99, 10.89, 9.74, 7.71, 27.13, 12.49, 18.95, 17.91, 15.36, 14.39, 18.03, 17.14, 23.52, 28.49, 14.85, 10.64, 14.1, 17.74, 22.64, 5.08, 16.0, 17.73, 24.26, 13.68, 13.62, 14.6, 13.95, 5.21, 4.88, 24.3, 70.6], [0.0, 10.35, 18.62, 9.75, 7.88, 8.86, 13.59, 9.07, 10.63, 10.92, 9.83, 8.42, 7.71, 10.51, 0.0, 10.59, 5.55, 10.09, 7.17, 4.63, 11.67, 13.86, 9.1, 21.57, 9.39, 8.17, 8.44, 9.64, 9.02, 12.12, 16.99, 7.33, 9.53, 8.59, 5.95, 10.4, 9.39, 7.83, 13.07, 18.07, 9.91, 8.65, 11.91, 7.42, 12.95, 5.86, 12.77, 7.24, 13.89, 11.45, 11.45, 13.99, 11.88, 7.75, 5.73, 14.13, 72.53], [0.0, 11.01, 17.4, 5.57, 4.51, 11.65, 10.75, 12.27, 10.8, 11.12, 10.75, 9.25, 7.06, 20.8, 10.59, 0.0, 6.73, 9.3, 14.54, 15.13, 7.4, 11.73, 10.7, 27.62, 8.44, 7.63, 14.44, 10.18, 15.21, 13.35, 6.4, 17.21, 13.3, 12.42, 9.54, 12.59, 11.44, 4.53, 6.1, 10.17, 11.39, 18.32, 8.57, 10.45, 9.97, 15.77, 14.23, 9.24, 7.39, 7.16, 7.26, 17.41, 8.52, 16.82, 16.23, 12.02, 72.44], [0.0, 12.35, 14.28, 4.22, 6.7, 8.01, 10.23, 8.97, 5.78, 6.04, 11.89, 8.42, 8.31, 15.94, 5.55, 6.73, 0.0, 11.28, 12.05, 10.01, 10.27, 9.79, 5.76, 26.44, 10.34, 11.56, 12.83, 5.23, 13.54, 8.25, 12.77, 12.88, 7.57, 7.1, 9.87, 13.19, 5.86, 6.66, 7.58, 12.56, 12.27, 14.19, 9.99, 9.09, 9.86, 11.41, 15.44, 11.37, 8.35, 11.2, 11.38, 17.63, 10.25, 13.21, 11.08, 10.01, 75.39], [0.0, 11.94, 25.24, 13.39, 5.2, 8.49, 9.55, 8.25, 11.38, 10.35, 11.62, 15.22, 12.47, 16.59, 10.09, 9.3, 11.28, 0.0, 8.39, 12.66, 10.07, 11.19, 9.99, 18.8, 9.46, 13.96, 7.22, 9.85, 7.84, 11.52, 13.62, 12.84, 5.88, 5.33, 13.83, 11.64, 17.12, 5.21, 15.18, 19.46, 12.21, 13.4, 11.67, 8.51, 8.7, 11.87, 4.94, 9.83, 16.44, 8.02, 8.22, 8.26, 11.43, 11.49, 13.5, 11.46, 64.19], [0.0, 7.32, 25.77, 15.92, 10.25, 4.2, 16.4, 9.88, 15.63, 6.93, 6.96, 15.46, 8.19, 8.34, 7.17, 14.54, 12.05, 8.39, 0.0, 6.16, 10.12, 17.46, 6.93, 14.46, 8.37, 14.95, 9.66, 7.29, 10.23, 6.18, 20.42, 4.79, 11.9, 10.89, 13.09, 6.09, 16.56, 10.21, 18.89, 23.84, 6.52, 5.07, 10.98, 12.0, 15.57, 4.34, 7.92, 12.59, 19.93, 8.49, 8.56, 7.61, 10.72, 9.53, 6.49, 17.75, 65.99], [0.0, 12.27, 21.7, 14.22, 11.94, 4.23, 17.97, 4.44, 15.26, 12.06, 11.79, 12.2, 11.04, 5.93, 4.63, 15.13, 10.01, 12.66, 6.16, 0.0, 8.31, 18.39, 4.48, 19.13, 12.22, 12.33, 8.01, 5.02, 8.24, 10.39, 21.52, 9.54, 13.68, 12.67, 9.6, 11.61, 12.57, 11.88, 17.59, 22.57, 11.6, 4.71, 8.19, 11.99, 17.27, 10.12, 13.76, 11.87, 18.34, 7.96, 7.88, 13.76, 8.03, 4.72, 9.25, 18.66, 71.98], [0.0, 10.94, 16.0, 6.05, 6.08, 6.07, 10.72, 7.03, 7.03, 4.25, 10.45, 5.58, 7.16, 14.22, 11.67, 7.4, 10.27, 10.07, 10.12, 8.31, 0.0, 10.63, 11.79, 24.53, 9.17, 4.84, 10.95, 11.27, 11.65, 6.52, 13.72, 11.05, 7.33, 6.63, 10.53, 11.6, 7.19, 6.03, 9.34, 14.35, 10.77, 12.34, 8.67, 4.25, 10.21, 9.56, 13.91, 9.23, 10.19, 10.57, 10.76, 15.91, 8.46, 11.3, 9.4, 10.88, 73.94], [0.0, 12.99, 18.4, 7.6, 7.22, 14.82, 9.79, 15.38, 4.33, 14.39, 12.84, 11.7, 9.54, 24.01, 13.86, 11.73, 9.79, 11.19, 17.46, 18.39, 10.63, 0.0, 13.97, 29.93, 10.48, 10.11, 17.16, 13.45, 17.91, 16.62, 11.41, 20.38, 5.65, 6.61, 12.44, 14.74, 13.83, 7.25, 6.53, 9.03, 13.52, 21.46, 11.72, 6.46, 9.82, 18.96, 16.04, 7.05, 7.67, 10.42, 10.52, 19.45, 11.68, 19.89, 19.49, 8.82, 72.62], [0.0, 10.2, 18.86, 9.96, 7.9, 8.71, 13.67, 8.92, 10.79, 8.65, 9.69, 8.66, 7.66, 10.34, 9.1, 10.7, 5.76, 9.99, 6.93, 4.48, 11.79, 13.97, 0.0, 21.33, 9.3, 8.4, 8.21, 9.49, 8.78, 10.71, 17.1, 7.13, 9.57, 8.61, 6.19, 10.23, 9.63, 7.85, 13.27, 18.27, 9.76, 8.43, 4.23, 7.54, 13.02, 5.65, 12.59, 7.4, 14.1, 11.61, 11.61, 13.77, 12.03, 7.52, 5.58, 14.24, 72.32], [0.0, 16.99, 40.19, 30.12, 23.12, 18.64, 28.35, 17.62, 29.25, 21.28, 17.1, 29.92, 20.56, 16.28, 21.57, 27.62, 26.44, 18.8, 14.46, 19.13, 24.53, 29.93, 21.33, 0.0, 19.46, 29.37, 13.65, 21.73, 12.92, 20.0, 32.42, 15.93, 24.38, 23.56, 27.52, 15.2, 30.95, 23.1, 32.81, 37.59, 16.42, 14.77, 25.44, 25.73, 27.49, 16.87, 14.26, 26.59, 33.95, 22.75, 22.85, 10.65, 25.18, 14.42, 18.76, 30.21, 54.57], [0.0, 11.0, 24.28, 12.44, 4.26, 8.0, 8.92, 7.86, 10.48, 9.67, 10.68, 14.28, 9.88, 16.42, 9.39, 8.44, 10.34, 9.46, 8.37, 12.22, 9.17, 10.48, 9.3, 19.46, 0.0, 13.0, 7.39, 9.12, 8.06, 10.98, 13.02, 12.64, 5.04, 4.42, 12.93, 4.26, 16.19, 4.26, 14.27, 18.61, 11.27, 13.28, 10.79, 7.56, 8.06, 11.58, 5.81, 8.87, 15.53, 7.14, 7.35, 9.01, 10.55, 11.4, 13.1, 10.76, 65.15], [0.0, 15.15, 11.37, 10.28, 9.04, 10.85, 11.08, 11.83, 5.78, 8.61, 14.71, 8.67, 11.0, 18.19, 8.17, 7.63, 11.56, 13.96, 14.95, 12.33, 4.84, 10.11, 8.4, 29.37, 13.0, 0.0, 15.79, 7.9, 16.49, 10.65, 12.73, 15.41, 9.5, 9.29, 10.08, 16.08, 9.98, 9.01, 5.9, 10.54, 15.13, 16.75, 4.19, 5.82, 10.93, 13.96, 18.3, 4.39, 6.29, 6.75, 6.62, 20.58, 4.4, 15.92, 13.33, 10.27, 78.14], [0.0, 5.89, 26.85, 16.47, 9.99, 5.47, 15.92, 4.49, 15.8, 8.29, 5.61, 16.46, 7.65, 9.99, 8.44, 14.44, 12.83, 7.22, 9.66, 8.01, 10.95, 17.16, 8.21, 13.65, 7.39, 15.79, 0.0, 8.49, 9.26, 7.87, 20.0, 6.6, 11.52, 10.56, 14.21, 4.42, 17.73, 9.95, 19.24, 24.11, 5.07, 6.7, 12.01, 12.2, 15.07, 6.22, 6.08, 12.98, 20.35, 9.11, 9.21, 5.81, 11.75, 4.8, 8.38, 17.45, 64.33], [0.0, 10.16, 18.48, 9.42, 7.51, 9.25, 13.19, 9.46, 10.24, 11.27, 9.65, 8.22, 7.41, 10.89, 9.64, 10.18, 5.23, 9.85, 7.29, 5.02, 11.27, 13.45, 9.49, 21.73, 9.12, 7.9, 8.49, 0.0, 9.09, 12.45, 16.59, 7.67, 9.14, 8.21, 5.79, 10.29, 9.27, 7.45, 12.72, 17.73, 9.75, 8.97, 11.52, 7.02, 12.55, 6.19, 12.66, 6.85, 13.56, 11.06, 11.06, 13.97, 11.49, 8.02, 6.12, 13.73, 72.48], [0.0, 6.42, 27.51, 17.21, 10.74, 6.03, 16.66, 5.03, 16.56, 8.84, 6.19, 17.13, 8.39, 9.74, 9.02, 15.21, 13.54, 7.84, 10.23, 8.24, 11.65, 17.91, 8.78, 12.92, 8.06, 16.49, 9.26, 9.09, 0.0, 8.26, 20.74, 6.52, 12.27, 11.31, 14.84, 4.84, 18.35, 10.71, 20.0, 24.87, 5.6, 6.47, 12.67, 12.96, 15.8, 6.32, 6.26, 13.73, 21.1, 9.83, 9.93, 5.53, 12.4, 4.63, 8.52, 18.21, 63.91], [0.0, 11.35, 20.42, 12.46, 10.31, 10.35, 16.25, 9.88, 13.45, 10.51, 10.85, 10.64, 9.62, 7.71, 12.12, 13.35, 8.25, 11.52, 6.18, 10.39, 6.52, 16.62, 10.71, 20.0, 10.98, 10.65, 7.87, 12.45, 8.26, 0.0, 19.75, 4.78, 12.02, 11.03, 8.05, 10.94, 11.2, 10.25, 15.82, 20.81, 10.75, 6.14, 6.48, 10.21, 15.57, 10.52, 13.2, 10.06, 16.59, 6.19, 6.1, 13.68, 6.3, 5.66, 10.19, 16.89, 72.17], [0.0, 15.43, 19.64, 10.07, 10.18, 17.92, 12.53, 18.45, 7.08, 17.52, 15.34, 14.26, 12.35, 27.13, 16.99, 6.4, 12.77, 13.62, 20.42, 21.52, 13.72, 11.41, 17.1, 32.42, 13.02, 12.73, 20.0, 16.59, 20.74, 19.75, 0.0, 23.48, 8.52, 9.53, 15.28, 17.24, 16.3, 10.22, 8.1, 8.8, 16.03, 24.53, 14.74, 9.58, 4.97, 22.07, 18.3, 10.09, 8.94, 13.56, 13.65, 21.82, 14.72, 22.93, 22.62, 11.57, 73.12], [0.0, 11.99, 25.06, 17.09, 13.45, 5.57, 19.68, 5.1, 17.71, 6.85, 11.59, 15.42, 11.96, 12.49, 7.33, 17.21, 12.88, 12.84, 4.79, 9.54, 11.05, 20.38, 7.13, 15.93, 12.64, 15.41, 6.6, 7.67, 6.52, 4.78, 23.48, 0.0, 15.21, 14.17, 12.83, 10.86, 15.9, 13.4, 20.38, 25.4, 11.21, 9.86, 11.22, 14.23, 18.91, 9.12, 12.68, 14.36, 21.22, 10.21, 10.17, 11.85, 11.03, 9.66, 10.35, 20.67, 69.34], [0.0, 7.61, 20.22, 8.17, 9.3, 9.72, 4.51, 10.11, 5.63, 10.0, 7.38, 11.03, 11.31, 18.95, 9.53, 13.3, 7.57, 5.88, 11.9, 13.68, 7.33, 5.65, 9.57, 24.38, 5.04, 9.5, 11.52, 9.14, 12.27, 12.02, 8.52, 15.21, 0.0, 9.46, 10.51, 9.25, 13.17, 9.3, 9.43, 13.58, 8.03, 16.18, 8.88, 10.98, 11.12, 13.87, 10.82, 5.12, 10.7, 6.14, 6.31, 14.04, 8.72, 14.5, 14.74, 5.94, 69.31], [0.0, 6.97, 20.26, 8.25, 8.68, 8.69, 5.55, 9.07, 6.05, 9.05, 6.69, 10.75, 10.43, 17.91, 8.59, 12.42, 7.1, 5.33, 10.89, 12.67, 6.63, 6.61, 8.61, 23.56, 4.42, 9.29, 10.56, 8.21, 11.31, 11.03, 9.53, 14.17, 9.46, 0.0, 10.0, 8.52, 12.84, 8.69, 9.85, 14.22, 7.32, 15.14, 8.23, 10.75, 4.75, 12.83, 10.23, 4.92, 11.12, 5.26, 5.44, 13.33, 8.06, 13.46, 13.72, 6.9, 69.17], [0.0, 14.71, 12.68, 5.65, 9.55, 8.89, 13.06, 9.91, 8.21, 6.28, 14.22, 9.85, 10.91, 15.36, 5.95, 9.54, 9.87, 13.83, 13.09, 9.6, 10.53, 12.44, 6.19, 27.52, 12.93, 10.08, 14.21, 5.79, 14.84, 8.05, 15.28, 12.83, 10.51, 10.0, 0.0, 15.31, 11.91, 9.51, 8.96, 13.6, 14.52, 14.19, 10.37, 6.91, 12.74, 11.43, 17.64, 5.69, 9.37, 5.88, 5.69, 19.46, 10.33, 13.58, 10.54, 12.64, 77.68], [0.0, 9.88, 27.45, 16.02, 8.19, 7.94, 13.16, 7.3, 14.47, 10.48, 10.04, 17.12, 5.61, 14.39, 10.4, 12.59, 13.19, 11.64, 6.09, 11.61, 11.6, 14.74, 10.23, 15.2, 4.26, 16.08, 4.42, 10.29, 4.84, 10.94, 17.24, 10.86, 9.25, 8.52, 15.31, 0.0, 18.79, 8.18, 18.21, 22.72, 9.49, 11.1, 13.05, 11.22, 12.3, 10.23, 10.07, 12.37, 19.43, 9.49, 9.67, 4.82, 12.78, 9.18, 12.22, 15.02, 62.37], [0.0, 18.11, 9.25, 6.25, 12.5, 12.37, 14.87, 13.39, 9.51, 9.67, 17.63, 10.27, 14.16, 18.03, 9.39, 11.44, 5.86, 17.12, 16.56, 12.57, 7.19, 13.83, 9.63, 30.95, 16.19, 9.98, 17.73, 9.27, 18.35, 11.2, 16.3, 15.9, 13.17, 12.84, 11.91, 18.79, 0.0, 12.47, 8.77, 12.56, 17.96, 17.26, 5.79, 9.45, 14.74, 14.58, 21.1, 8.05, 8.68, 9.31, 9.13, 22.99, 6.06, 16.84, 13.39, 13.97, 81.13], [0.0, 6.74, 20.13, 8.2, 8.52, 7.91, 6.29, 8.31, 6.29, 8.29, 6.41, 10.42, 9.71, 17.14, 7.83, 4.53, 6.66, 5.21, 10.21, 11.88, 6.03, 7.25, 7.85, 23.1, 4.26, 9.01, 9.95, 7.45, 10.71, 10.25, 10.22, 13.4, 9.3, 8.69, 9.51, 8.18, 12.47, 0.0, 10.06, 14.56, 7.01, 14.38, 7.65, 10.28, 5.51, 12.06, 10.02, 4.71, 11.3, 4.54, 4.73, 13.0, 7.46, 12.73, 12.94, 7.55, 69.27], [0.0, 16.79, 11.86, 11.27, 10.05, 15.19, 8.3, 16.06, 10.86, 13.58, 16.47, 7.07, 12.6, 23.52, 13.07, 6.1, 7.58, 15.18, 18.89, 17.59, 9.34, 6.53, 13.27, 32.81, 14.27, 5.9, 19.24, 12.72, 20.0, 15.82, 8.1, 20.38, 9.43, 9.85, 8.96, 18.21, 8.77, 10.06, 0.0, 5.02, 17.06, 21.66, 9.5, 7.09, 8.63, 18.9, 20.06, 6.3, 9.28, 10.45, 10.42, 23.01, 9.62, 20.52, 18.66, 6.53, 78.52], [0.0, 21.17, 11.93, 8.35, 14.55, 20.2, 11.04, 21.06, 8.34, 18.58, 20.9, 11.36, 17.13, 28.49, 18.07, 10.17, 12.56, 19.46, 23.84, 22.57, 14.35, 9.03, 18.27, 37.59, 18.61, 10.54, 24.11, 17.73, 24.87, 20.81, 8.8, 25.4, 13.58, 14.22, 13.6, 22.72, 12.56, 14.56, 5.02, 0.0, 21.53, 26.68, 14.42, 11.9, 11.67, 23.91, 24.4, 11.26, 4.26, 15.45, 15.42, 27.54, 14.56, 25.53, 23.62, 8.87, 81.6], [0.0, 8.72, 26.49, 14.94, 7.01, 7.7, 11.95, 7.18, 13.3, 10.05, 10.68, 16.23, 4.46, 14.85, 9.91, 11.39, 12.27, 12.21, 6.52, 11.6, 10.77, 13.52, 9.76, 16.42, 11.27, 15.13, 5.07, 9.75, 5.6, 10.75, 16.03, 11.21, 8.03, 7.32, 14.52, 9.49, 17.96, 7.01, 17.06, 21.53, 0.0, 11.59, 12.27, 10.11, 11.09, 10.44, 11.15, 11.3, 18.29, 8.65, 8.84, 6.02, 12.01, 9.66, 12.3, 13.8, 63.17], [0.0, 12.39, 26.41, 18.39, 14.43, 6.68, 20.67, 6.09, 18.91, 8.17, 12.03, 16.78, 12.78, 10.64, 8.65, 18.32, 14.19, 13.4, 5.07, 4.71, 12.34, 21.46, 8.43, 14.77, 13.28, 16.75, 6.7, 8.97, 6.47, 6.14, 24.53, 9.86, 16.18, 15.14, 14.19, 11.1, 17.26, 14.38, 21.66, 26.68, 11.59, 0.0, 12.56, 15.39, 19.89, 9.41, 12.72, 15.59, 22.52, 11.41, 11.38, 11.51, 12.36, 9.44, 11.34, 21.75, 68.47], [0.0, 12.48, 14.84, 6.09, 7.7, 6.8, 12.01, 7.81, 7.8, 4.42, 11.99, 4.48, 8.79, 14.1, 11.91, 8.57, 9.99, 11.67, 10.98, 8.19, 8.67, 11.72, 4.23, 25.44, 10.79, 4.19, 12.01, 11.52, 12.67, 6.48, 14.74, 11.22, 8.88, 8.23, 10.37, 13.05, 5.79, 7.65, 9.5, 14.42, 12.27, 12.56, 0.0, 5.57, 11.57, 9.77, 15.38, 4.67, 10.17, 8.89, 8.89, 17.2, 8.6, 11.75, 9.22, 11.95, 75.42], [0.0, 9.95, 16.8, 4.88, 10.33, 8.72, 6.47, 9.43, 10.79, 7.95, 9.58, 7.32, 5.69, 17.74, 7.42, 10.45, 9.09, 8.51, 12.0, 11.99, 4.25, 6.46, 7.54, 25.73, 7.56, 5.82, 12.2, 7.02, 12.96, 10.21, 9.58, 14.23, 10.98, 10.75, 6.91, 11.22, 9.45, 10.28, 7.09, 11.9, 10.11, 15.39, 5.57, 0.0, 6.0, 12.77, 13.22, 10.11, 8.26, 10.86, 11.07, 15.99, 5.47, 14.0, 13.1, 6.73, 72.6], [0.0, 10.51, 20.35, 8.8, 5.46, 13.4, 10.3, 13.82, 5.49, 13.45, 10.4, 12.55, 7.42, 22.64, 12.95, 9.97, 9.86, 8.7, 15.57, 17.27, 10.21, 9.82, 13.02, 27.49, 8.06, 10.93, 15.07, 12.55, 15.8, 15.57, 4.97, 18.91, 11.12, 4.75, 12.74, 12.3, 14.74, 5.51, 8.63, 11.67, 11.09, 19.89, 11.57, 6.0, 0.0, 17.55, 13.47, 7.05, 9.86, 9.48, 9.62, 16.94, 11.47, 18.21, 18.35, 9.98, 70.09], [0.0, 11.18, 23.78, 15.6, 12.11, 8.53, 18.31, 10.71, 16.23, 5.37, 10.75, 14.01, 10.74, 5.08, 5.86, 15.77, 11.41, 11.87, 4.34, 10.12, 9.56, 18.96, 5.65, 16.87, 11.58, 13.96, 6.22, 6.19, 6.32, 10.52, 22.07, 9.12, 13.87, 12.83, 11.43, 10.23, 14.58, 12.06, 18.9, 23.91, 10.44, 9.41, 9.77, 12.77, 17.55, 0.0, 12.22, 12.88, 19.74, 8.74, 8.7, 11.82, 9.57, 10.29, 9.96, 19.25, 69.81], [0.0, 11.79, 29.67, 18.07, 10.02, 1