{"digraph": {"vertex_count": 57, "arc_count": 3080, "arcs": [[0, 1, 1, 1, 1, 1, 1, 1, 1, 1, 1, 1, 1, 1, 1, 1, 1, 1, 1, 1, 1, 1, 1, 1, 1, 1, 1, 1, 1, 1, 1, 1, 1, 1, 1, 1, 1, 1, 1, 1, 1, 1, 1, 1, 1, 1, 1, 1, 1, 1, 1, 1, 1, 1, 1, 1, 1], [0, 0, 1, 1, 1, 1, 1, 1, 1, 1, 1, 1, 1, 1, 1, 1, 1, 1, 1, 1, 1, 1, 1, 1, 1, 1, 1, 1, 1, 1, 1, 1, 1, 1, 1, 1, 1, 1, 1, 1, 1, 1, 1, 1, 1, 1, 1, 1, 1, 1, 1, 1, 1, 1, 1, 1, 1], [0, 1, 0, 1, 1, 1, 1, 1, 1, 1, 1, 1, 1, 1, 1, 1, 1, 1, 1, 1, 1, 1, 1, 1, 1, 1, 1, 1, 1, 1, 1, 1, 1, 1, 1, 1, 1, 1, 1, 1, 1, 1, 1, 1, 1, 1, 1, 1, 1, 1, 1, 1, 1, 1, 1, 1, 1], [0, 1, 1, 0, 1, 1, 1, 1, 1, 1, 1, 1, 1, 1, 1, 1, 1, 1, 1, 1, 1, 1, 1, 1, 1, 1, 1, 1, 1, 1, 1, 1, 1, 1, 1, 1, 1, 1, 1, 1, 1, 1, 1, 1, 1, 1, 1, 1, 1, 1, 1, 1, 1, 1, 1, 1, 1], [0, 1, 1, 1, 0, 1, 1, 1, 1, 1, 1, 1, 1, 1, 1, 1, 1, 1, 1, 1, 1, 1, 1, 1, 1, 1, 1, 1, 1, 1, 1, 1, 1, 1, 1, 1, 1, 1, 1, 1, 1, 1, 1, 1, 1, 1, 1, 1, 1, 1, 1, 1, 1, 1, 1, 1, 1], [0, 1, 1, 1, 1, 0, 1, 1, 1, 1, 1, 1, 1, 1, 1, 1, 1, 1, 1, 1, 1, 1, 1, 1, 1, 1, 1, 1, 1, 1, 1, 1, 1, 1, 1, 1, 1, 1, 1, 1, 1, 1, 1, 1, 1, 1, 1, 1, 1, 1, 1, 1, 1, 1, 1, 1, 1], [0, 1, 1, 1, 1, 1, 0, 1, 1, 1, 1, 1, 1, 1, 1, 1, 1, 1, 1, 1, 1, 1, 1, 1, 1, 1, 1, 1, 1, 1, 1, 1, 1, 1, 1, 1, 1, 1, 1, 1, 1, 1, 1, 1, 1, 1, 1, 1, 1, 1, 1, 1, 1, 1, 1, 1, 1], [0, 1, 1, 1, 1, 1, 1, 0, 1, 1, 1, 1, 1, 1, 1, 1, 1, 1, 1, 1, 1, 1, 1, 1, 1, 1, 1, 1, 1, 1, 1, 1, 1, 1, 1, 1, 1, 1, 1, 1, 1, 1, 1, 1, 1, 1, 1, 1, 1, 1, 1, 1, 1, 1, 1, 1, 1], [0, 1, 1, 1, 1, 1, 1, 1, 0, 1, 1, 1, 1, 1, 1, 1, 1, 1, 1, 1, 1, 1, 1, 1, 1, 1, 1, 1, 1, 1, 1, 1, 1, 1, 1, 1, 1, 1, 1, 1, 1, 1, 1, 1, 1, 1, 1, 1, 1, 1, 1, 1, 1, 1, 1, 1, 1], [0, 1, 1, 1, 1, 1, 1, 1, 1, 0, 1, 1, 1, 1, 1, 1, 1, 1, 1, 1, 1, 1, 1, 1, 1, 1, 1, 1, 1, 1, 1, 1, 1, 1, 1, 1, 1, 1, 1, 1, 1, 1, 1, 1, 1, 1, 1, 1, 1, 1, 1, 1, 1, 1, 1, 1, 1], [0, 1, 1, 1, 1, 1, 1, 1, 1, 1, 0, 1, 1, 1, 1, 1, 1, 1, 1, 1, 1, 1, 1, 1, 1, 1, 1, 1, 1, 1, 1, 1, 1, 1, 1, 1, 1, 1, 1, 1, 1, 1, 1, 1, 1, 1, 1, 1, 1, 1, 1, 1, 1, 1, 1, 1, 1], [0, 1, 1, 1, 1, 1, 1, 1, 1, 1, 1, 0, 1, 1, 1, 1, 1, 1, 1, 1, 1, 1, 1, 1, 1, 1, 1, 1, 1, 1, 1, 1, 1, 1, 1, 1, 1, 1, 1, 1, 1, 1, 1, 1, 1, 1, 1, 1, 1, 1, 1, 1, 1, 1, 1, 1, 1], [0, 1, 1, 1, 1, 1, 1, 1, 1, 1, 1, 1, 0, 1, 1, 1, 1, 1, 1, 1, 1, 1, 1, 1, 1, 1, 1, 1, 1, 1, 1, 1, 1, 1, 1, 1, 1, 1, 1, 1, 1, 1, 1, 1, 1, 1, 1, 1, 1, 1, 1, 1, 1, 1, 1, 1, 1], [0, 1, 1, 1, 1, 1, 1, 1, 1, 1, 1, 1, 1, 0, 1, 1, 1, 1, 1, 1, 1, 1, 1, 1, 1, 1, 1, 1, 1, 1, 1, 1, 1, 1, 1, 1, 1, 1, 1, 1, 1, 1, 1, 1, 1, 1, 1, 1, 1, 1, 1, 1, 1, 1, 1, 1, 1], [0, 1, 1, 1, 1, 1, 1, 1, 1, 1, 1, 1, 1, 1, 0, 1, 1, 1, 1, 1, 1, 1, 1, 1, 1, 1, 1, 1, 1, 1, 1, 1, 1, 1, 1, 1, 1, 1, 1, 1, 1, 1, 1, 1, 1, 1, 1, 1, 1, 1, 1, 1, 1, 1, 1, 1, 1], [0, 1, 1, 1, 1, 1, 1, 1, 1, 1, 1, 1, 1, 1, 1, 0, 1, 1, 1, 1, 1, 1, 1, 1, 1, 1, 1, 1, 1, 1, 1, 1, 1, 1, 1, 1, 1, 1, 1, 1, 1, 1, 1, 1, 1, 1, 1, 1, 1, 1, 1, 1, 1, 1, 1, 1, 1], [0, 1, 1, 1, 1, 1, 1, 1, 1, 1, 1, 1, 1, 1, 1, 1, 0, 1, 1, 1, 1, 1, 1, 1, 1, 1, 1, 1, 1, 1, 1, 1, 1, 1, 1, 1, 1, 1, 1, 1, 1, 1, 1, 1, 1, 1, 1, 1, 1, 1, 1, 1, 1, 1, 1, 1, 1], [0, 1, 1, 1, 1, 1, 1, 1, 1, 1, 1, 1, 1, 1, 1, 1, 1, 0, 1, 1, 1, 1, 1, 1, 1, 1, 1, 1, 1, 1, 1, 1, 1, 1, 1, 1, 1, 1, 1, 1, 1, 1, 1, 1, 1, 1, 1, 1, 1, 1, 1, 1, 1, 1, 1, 1, 1], [0, 1, 1, 1, 1, 1, 1, 1, 1, 1, 1, 1, 1, 1, 1, 1, 1, 1, 0, 1, 1, 1, 1, 1, 1, 1, 1, 1, 1, 1, 1, 1, 1, 1, 1, 1, 1, 1, 1, 1, 1, 1, 1, 1, 1, 1, 1, 1, 1, 1, 1, 1, 1, 1, 1, 1, 1], [0, 1, 1, 1, 1, 1, 1, 1, 1, 1, 1, 1, 1, 1, 1, 1, 1, 1, 1, 0, 1, 1, 1, 1, 1, 1, 1, 1, 1, 1, 1, 1, 1, 1, 1, 1, 1, 1, 1, 1, 1, 1, 1, 1, 1, 1, 1, 1, 1, 1, 1, 1, 1, 1, 1, 1, 1], [0, 1, 1, 1, 1, 1, 1, 1, 1, 1, 1, 1, 1, 1, 1, 1, 1, 1, 1, 1, 0, 1, 1, 1, 1, 1, 1, 1, 1, 1, 1, 1, 1, 1, 1, 1, 1, 1, 1, 1, 1, 1, 1, 1, 1, 1, 1, 1, 1, 1, 1, 1, 1, 1, 1, 1, 1], [0, 1, 1, 1, 1, 1, 1, 1, 1, 1, 1, 1, 1, 1, 1, 1, 1, 1, 1, 1, 1, 0, 1, 1, 1, 1, 1, 1, 1, 1, 1, 1, 1, 1, 1, 1, 1, 1, 1, 1, 1, 1, 1, 1, 1, 1, 1, 1, 1, 1, 1, 1, 1, 1, 1, 1, 1], [0, 1, 1, 1, 1, 1, 1, 1, 1, 1, 1, 1, 1, 1, 1, 1, 1, 1, 1, 1, 1, 1, 0, 1, 1, 1, 1, 1, 1, 1, 1, 1, 1, 1, 1, 1, 1, 1, 1, 1, 1, 1, 1, 1, 1, 1, 1, 1, 1, 1, 1, 1, 1, 1, 1, 1, 1], [0, 1, 1, 1, 1, 1, 1, 1, 1, 1, 1, 1, 1, 1, 1, 1, 1, 1, 1, 1, 1, 1, 1, 0, 1, 1, 1, 1, 1, 1, 1, 1, 1, 1, 1, 1, 1, 1, 1, 1, 1, 1, 1, 1, 1, 1, 1, 1, 1, 1, 1, 1, 1, 1, 1, 1, 1], [0, 1, 1, 1, 1, 1, 1, 1, 1, 1, 1, 1, 1, 1, 1, 1, 1, 1, 1, 1, 1, 1, 1, 1, 0, 1, 1, 1, 1, 1, 1, 1, 1, 1, 1, 1, 1, 1, 1, 1, 1, 1, 1, 1, 1, 1, 1, 1, 1, 1, 1, 1, 1, 1, 1, 1, 1], [0, 1, 1, 1, 1, 1, 1, 1, 1, 1, 1, 1, 1, 1, 1, 1, 1, 1, 1, 1, 1, 1, 1, 1, 1, 0, 1, 1, 1, 1, 1, 1, 1, 1, 1, 1, 1, 1, 1, 1, 1, 1, 1, 1, 1, 1, 1, 1, 1, 1, 1, 1, 1, 1, 1, 1, 1], [0, 1, 1, 1, 1, 1, 1, 1, 1, 1, 1, 1, 1, 1, 1, 1, 1, 1, 1, 1, 1, 1, 1, 1, 1, 1, 0, 1, 1, 1, 1, 1, 1, 1, 1, 1, 1, 1, 1, 1, 1, 1, 1, 1, 1, 1, 1, 1, 1, 1, 1, 1, 1, 1, 1, 1, 1], [0, 1, 1, 1, 1, 1, 1, 1, 1, 1, 1, 1, 1, 1, 1, 1, 1, 1, 1, 1, 1, 1, 1, 1, 1, 1, 1, 0, 1, 1, 1, 1, 1, 1, 1, 1, 1, 1, 1, 1, 1, 1, 1, 1, 1, 1, 1, 1, 1, 1, 1, 1, 1, 1, 1, 1, 1], [0, 1, 1, 1, 1, 1, 1, 1, 1, 1, 1, 1, 1, 1, 1, 1, 1, 1, 1, 1, 1, 1, 1, 1, 1, 1, 1, 1, 0, 1, 1, 1, 1, 1, 1, 1, 1, 1, 1, 1, 1, 1, 1, 1, 1, 1, 1, 1, 1, 1, 1, 1, 1, 1, 1, 1, 1], [0, 1, 1, 1, 1, 1, 1, 1, 1, 1, 1, 1, 1, 1, 1, 1, 1, 1, 1, 1, 1, 1, 1, 1, 1, 1, 1, 1, 1, 0, 1, 1, 1, 1, 1, 1, 1, 1, 1, 1, 1, 1, 1, 1, 1, 1, 1, 1, 1, 1, 1, 1, 1, 1, 1, 1, 1], [0, 1, 1, 1, 1, 1, 1, 1, 1, 1, 1, 1, 1, 1, 1, 1, 1, 1, 1, 1, 1, 1, 1, 1, 1, 1, 1, 1, 1, 1, 0, 1, 1, 1, 1, 1, 1, 1, 1, 1, 1, 1, 1, 1, 1, 1, 1, 1, 1, 1, 1, 1, 1, 1, 1, 1, 1], [0, 1, 1, 1, 1, 1, 1, 1, 1, 1, 1, 1, 1, 1, 1, 1, 1, 1, 1, 1, 1, 1, 1, 1, 1, 1, 1, 1, 1, 1, 1, 0, 1, 1, 1, 1, 1, 1, 1, 1, 1, 1, 1, 1, 1, 1, 1, 1, 1, 1, 1, 1, 1, 1, 1, 1, 1], [0, 1, 1, 1, 1, 1, 1, 1, 1, 1, 1, 1, 1, 1, 1, 1, 1, 1, 1, 1, 1, 1, 1, 1, 1, 1, 1, 1, 1, 1, 1, 1, 0, 1, 1, 1, 1, 1, 1, 1, 1, 1, 1, 1, 1, 1, 1, 1, 1, 1, 1, 1, 1, 1, 1, 1, 1], [0, 1, 1, 1, 1, 1, 1, 1, 1, 1, 1, 1, 1, 1, 1, 1, 1, 1, 1, 1, 1, 1, 1, 1, 1, 1, 1, 1, 1, 1, 1, 1, 1, 0, 1, 1, 1, 1, 1, 1, 1, 1, 1, 1, 1, 1, 1, 1, 1, 1, 1, 1, 1, 1, 1, 1, 1], [0, 1, 1, 1, 1, 1, 1, 1, 1, 1, 1, 1, 1, 1, 1, 1, 1, 1, 1, 1, 1, 1, 1, 1, 1, 1, 1, 1, 1, 1, 1, 1, 1, 1, 0, 1, 1, 1, 1, 1, 1, 1, 1, 1, 1, 1, 1, 1, 1, 1, 1, 1, 1, 1, 1, 1, 1], [0, 1, 1, 1, 1, 1, 1, 1, 1, 1, 1, 1, 1, 1, 1, 1, 1, 1, 1, 1, 1, 1, 1, 1, 1, 1, 1, 1, 1, 1, 1, 1, 1, 1, 1, 0, 1, 1, 1, 1, 1, 1, 1, 1, 1, 1, 1, 1, 1, 1, 1, 1, 1, 1, 1, 1, 1], [0, 1, 1, 1, 1, 1, 1, 1, 1, 1, 1, 1, 1, 1, 1, 1, 1, 1, 1, 1, 1, 1, 1, 1, 1, 1, 1, 1, 1, 1, 1, 1, 1, 1, 1, 1, 0, 1, 1, 1, 1, 1, 1, 1, 1, 1, 1, 1, 1, 1, 1, 1, 1, 1, 1, 1, 1], [0, 1, 1, 1, 1, 1, 1, 1, 1, 1, 1, 1, 1, 1, 1, 1, 1, 1, 1, 1, 1, 1, 1, 1, 1, 1, 1, 1, 1, 1, 1, 1, 1, 1, 1, 1, 1, 0, 1, 1, 1, 1, 1, 1, 1, 1, 1, 1, 1, 1, 1, 1, 1, 1, 1, 1, 1], [0, 1, 1, 1, 1, 1, 1, 1, 1, 1, 1, 1, 1, 1, 1, 1, 1, 1, 1, 1, 1, 1, 1, 1, 1, 1, 1, 1, 1, 1, 1, 1, 1, 1, 1, 1, 1, 1, 0, 1, 1, 1, 1, 1, 1, 1, 1, 1, 1, 1, 1, 1, 1, 1, 1, 1, 1], [0, 1, 1, 1, 1, 1, 1, 1, 1, 1, 1, 1, 1, 1, 1, 1, 1, 1, 1, 1, 1, 1, 1, 1, 1, 1, 1, 1, 1, 1, 1, 1, 1, 1, 1, 1, 1, 1, 1, 0, 1, 1, 1, 1, 1, 1, 1, 1, 1, 1, 1, 1, 1, 1, 1, 1, 1], [0, 1, 1, 1, 1, 1, 1, 1, 1, 1, 1, 1, 1, 1, 1, 1, 1, 1, 1, 1, 1, 1, 1, 1, 1, 1, 1, 1, 1, 1, 1, 1, 1, 1, 1, 1, 1, 1, 1, 1, 0, 1, 1, 1, 1, 1, 1, 1, 1, 1, 1, 1, 1, 1, 1, 1, 1], [0, 1, 1, 1, 1, 1, 1, 1, 1, 1, 1, 1, 1, 1, 1, 1, 1, 1, 1, 1, 1, 1, 1, 1, 1, 1, 1, 1, 1, 1, 1, 1, 1, 1, 1, 1, 1, 1, 1, 1, 1, 0, 1, 1, 1, 1, 1, 1, 1, 1, 1, 1, 1, 1, 1, 1, 1], [0, 1, 1, 1, 1, 1, 1, 1, 1, 1, 1, 1, 1, 1, 1, 1, 1, 1, 1, 1, 1, 1, 1, 1, 1, 1, 1, 1, 1, 1, 1, 1, 1, 1, 1, 1, 1, 1, 1, 1, 1, 1, 0, 1, 1, 1, 1, 1, 1, 1, 1, 1, 1, 1, 1, 1, 1], [0, 1, 1, 1, 1, 1, 1, 1, 1, 1, 1, 1, 1, 1, 1, 1, 1, 1, 1, 1, 1, 1, 1, 1, 1, 1, 1, 1, 1, 1, 1, 1, 1, 1, 1, 1, 1, 1, 1, 1, 1, 1, 1, 0, 1, 1, 1, 1, 1, 1, 1, 1, 1, 1, 1, 1, 1], [0, 1, 1, 1, 1, 1, 1, 1, 1, 1, 1, 1, 1, 1, 1, 1, 1, 1, 1, 1, 1, 1, 1, 1, 1, 1, 1, 1, 1, 1, 1, 1, 1, 1, 1, 1, 1, 1, 1, 1, 1, 1, 1, 1, 0, 1, 1, 1, 1, 1, 1, 1, 1, 1, 1, 1, 1], [0, 1, 1, 1, 1, 1, 1, 1, 1, 1, 1, 1, 1, 1, 1, 1, 1, 1, 1, 1, 1, 1, 1, 1, 1, 1, 1, 1, 1, 1, 1, 1, 1, 1, 1, 1, 1, 1, 1, 1, 1, 1, 1, 1, 1, 0, 1, 1, 1, 1, 1, 1, 1, 1, 1, 1, 1], [0, 1, 1, 1, 1, 1, 1, 1, 1, 1, 1, 1, 1, 1, 1, 1, 1, 1, 1, 1, 1, 1, 1, 1, 1, 1, 1, 1, 1, 1, 1, 1, 1, 1, 1, 1, 1, 1, 1, 1, 1, 1, 1, 1, 1, 1, 0, 1, 1, 1, 1, 1, 1, 1, 1, 1, 1], [0, 1, 1, 1, 1, 1, 1, 1, 1, 1, 1, 1, 1, 1, 1, 1, 1, 1, 1, 1, 1, 1, 1, 1, 1, 1, 1, 1, 1, 1, 1, 1, 1, 1, 1, 1, 1, 1, 1, 1, 1, 1, 1, 1, 1, 1, 1, 0, 1, 1, 1, 1, 1, 1, 1, 1, 1], [0, 1, 1, 1, 1, 1, 1, 1, 1, 1, 1, 1, 1, 1, 1, 1, 1, 1, 1, 1, 1, 1, 1, 1, 1, 1, 1, 1, 1, 1, 1, 1, 1, 1, 1, 1, 1, 1, 1, 1, 1, 1, 1, 1, 1, 1, 1, 1, 0, 1, 1, 1, 1, 1, 1, 1, 1], [0, 1, 1, 1, 1, 1, 1, 1, 1, 1, 1, 1, 1, 1, 1, 1, 1, 1, 1, 1, 1, 1, 1, 1, 1, 1, 1, 1, 1, 1, 1, 1, 1, 1, 1, 1, 1, 1, 1, 1, 1, 1, 1, 1, 1, 1, 1, 1, 1, 0, 1, 1, 1, 1, 1, 1, 1], [0, 1, 1, 1, 1, 1, 1, 1, 1, 1, 1, 1, 1, 1, 1, 1, 1, 1, 1, 1, 1, 1, 1, 1, 1, 1, 1, 1, 1, 1, 1, 1, 1, 1, 1, 1, 1, 1, 1, 1, 1, 1, 1, 1, 1, 1, 1, 1, 1, 1, 0, 1, 1, 1, 1, 1, 1], [0, 1, 1, 1, 1, 1, 1, 1, 1, 1, 1, 1, 1, 1, 1, 1, 1, 1, 1, 1, 1, 1, 1, 1, 1, 1, 1, 1, 1, 1, 1, 1, 1, 1, 1, 1, 1, 1, 1, 1, 1, 1, 1, 1, 1, 1, 1, 1, 1, 1, 1, 0, 1, 1, 1, 1, 1], [0, 1, 1, 1, 1, 1, 1, 1, 1, 1, 1, 1, 1, 1, 1, 1, 1, 1, 1, 1, 1, 1, 1, 1, 1, 1, 1, 1, 1, 1, 1, 1, 1, 1, 1, 1, 1, 1, 1, 1, 1, 1, 1, 1, 1, 1, 1, 1, 1, 1, 1, 1, 0, 1, 1, 1, 1], [0, 1, 1, 1, 1, 1, 1, 1, 1, 1, 1, 1, 1, 1, 1, 1, 1, 1, 1, 1, 1, 1, 1, 1, 1, 1, 1, 1, 1, 1, 1, 1, 1, 1, 1, 1, 1, 1, 1, 1, 1, 1, 1, 1, 1, 1, 1, 1, 1, 1, 1, 1, 1, 0, 1, 1, 1], [0, 1, 1, 1, 1, 1, 1, 1, 1, 1, 1, 1, 1, 1, 1, 1, 1, 1, 1, 1, 1, 1, 1, 1, 1, 1, 1, 1, 1, 1, 1, 1, 1, 1, 1, 1, 1, 1, 1, 1, 1, 1, 1, 1, 1, 1, 1, 1, 1, 1, 1, 1, 1, 1, 0, 1, 1], [0, 1, 1, 1, 1, 1, 1, 1, 1, 1, 1, 1, 1, 1, 1, 1, 1, 1, 1, 1, 1, 1, 1, 1, 1, 1, 1, 1, 1, 1, 1, 1, 1, 1, 1, 1, 1, 1, 1, 1, 1, 1, 1, 1, 1, 1, 1, 1, 1, 1, 1, 1, 1, 1, 1, 0, 1], [0, 0, 0, 0, 0, 0, 0, 0, 0, 0, 0, 0, 0, 0, 0, 0, 0, 0, 0, 0, 0, 0, 0, 0, 0, 0, 0, 0, 0, 0, 0, 0, 0, 0, 0, 0, 0, 0, 0, 0, 0, 0, 0, 0, 0, 0, 0, 0, 0, 0, 0, 0, 0, 0, 0, 0, 0]]}, "cluster_count": 3, "cluster_speeds": [[0.925, 0.85, 0.925, 1.0, 0.8325, 0.765, 0.8325, 0.9, 0.4625, 0.425, 0.4625, 0.5, 0.30525, 0.2805, 0.30525, 0.33, 0.37, 0.34, 0.37, 0.4, 0.555, 0.51, 0.555, 0.6, 0.6475, 0.595, 0.6475, 0.7, 0.37, 0.34, 0.37, 0.4, 0.30525, 0.2805, 0.30525, 0.33, 0.4625, 0.425, 0.4625, 0.5, 0.6475, 0.595, 0.6475, 0.7, 0.74, 0.68, 0.74, 0.8, 0.6475, 0.595, 0.6475, 0.7, 0.4625, 0.425, 0.4625, 0.5, 0.555, 0.51, 0.555, 0.6, 0.6475, 0.595, 0.6475, 0.7, 0.8325, 0.765, 0.8325, 0.9, 0.925, 0.85, 0.925, 1.0, 1.0], [0.6475, 0.595, 0.6475, 0.7, 0.58275, 0.5355, 0.58275, 0.63, 0.32375, 0.2975, 0.32375, 0.35, 0.213675, 0.19635, 0.213675, 0.23099999999999998, 0.259, 0.238, 0.259, 0.27999999999999997, 0.3885, 0.357, 0.3885, 0.42, 0.6475, 0.595, 0.6475, 0.7, 0.37, 0.34, 0.37, 0.4, 0.30525, 0.2805, 0.30525, 0.33, 0.4625, 0.425, 0.4625, 0.5, 0.6475, 0.595, 0.6475, 0.7, 0.74, 0.68, 0.74, 0.8, 0.45324999999999993, 0.4165, 0.45324999999999993, 0.48999999999999994, 0.32375, 0.2975, 0.32375, 0.35, 0.3885, 0.357, 0.3885, 0.42, 0.45324999999999993, 0.4165, 0.45324999999999993, 0.48999999999999994, 0.58275, 0.5355, 0.58275, 0.63, 0.6475, 0.595, 0.6475, 0.7, 0.7], [0.87875, 0.8075, 0.87875, 0.95, 0.790875, 0.72675, 0.790875, 0.855, 0.439375, 0.40375, 0.439375, 0.475, 0.2899875, 0.266475, 0.2899875, 0.3135, 0.3515, 0.323, 0.3515, 0.38, 0.52725, 0.4845, 0.52725, 0.57, 0.6475, 0.595, 0.6475, 0.7, 0.37, 0.34, 0.37, 0.4, 0.30525, 0.2805, 0.30525, 0.33, 0.4625, 0.425, 0.4625, 0.5, 0.6475, 0.595, 0.6475, 0.7, 0.74, 0.68, 0.74, 0.8, 0.6151249999999999, 0.5652499999999999, 0.6151249999999999, 0.6649999999999999, 0.439375, 0.40375, 0.439375, 0.475, 0.52725, 0.4845, 0.52725, 0.57, 0.6151249999999999, 0.5652499999999999, 0.6151249999999999, 0.6649999999999999, 0.790875, 0.72675, 0.790875, 0.855, 0.87875, 0.8075, 0.87875, 0.95, 0.95]], "clusters": [[-1, 2, 2, 2, 2, 2, 2, 2, 2, 2, 2, 2, 2, 2, 2, 2, 2, 2, 2, 2, 2, 2, 2, 2, 2, 2, 2, 2, 2, 2, 2, 2, 2, 2, 2, 2, 2, 2, 2, 2, 2, 2, 2, 2, 2, 2, 2, 2, 2, 2, 2, 2, 2, 2, 2, 2, 2], [0, -1, 0, 0, 0, 0, 0, 0, 0, 0, 0, 0, 0, 0, 0, 0, 0, 0, 0, 0, 0, 0, 0, 0, 0, 0, 0, 0, 0, 0, 0, 0, 0, 0, 0, 0, 0, 0, 0, 0, 0, 0, 0, 0, 0, 0, 0, 0, 0, 0, 0, 0, 0, 0, 0, 0, 0], [1, 1, -1, 1, 1, 1, 1, 1, 1, 1, 1, 1, 1, 1, 1, 1, 1, 1, 1, 1, 1, 1, 1, 1, 1, 1, 1, 1, 1, 1, 1, 1, 1, 1, 1, 1, 1, 1, 1, 1, 1, 1, 1, 1, 1, 1, 1, 1, 1, 1, 1, 1, 1, 1, 1, 1, 1], [1, 1, 1, -1, 1, 1, 1, 1, 1, 1, 1, 1, 1, 1, 1, 1, 1, 1, 1, 1, 1, 1, 1, 1, 1, 1, 1, 1, 1, 1, 1, 1, 1, 1, 1, 1, 1, 1, 1, 1, 1, 1, 1, 1, 1, 1, 1, 1, 1, 1, 1, 1, 1, 1, 1, 1, 1], [0, 0, 0, 0, -1, 0, 0, 0, 0, 0, 0, 0, 0, 0, 0, 0, 0, 0, 0, 0, 0, 0, 0, 0, 0, 0, 0, 0, 0, 0, 0, 0, 0, 0, 0, 0, 0, 0, 0, 0, 0, 0, 0, 0, 0, 0, 0, 0, 0, 0, 0, 0, 0, 0, 0, 0, 0], [2, 2, 2, 2, 2, -1, 2, 2, 2, 2, 2, 2, 2, 2, 2, 2, 2, 2, 2, 2, 2, 2, 2, 2, 2, 2, 2, 2, 2, 2, 2, 2, 2, 2, 2, 2, 2, 2, 2, 2, 2, 2, 2, 2, 2, 2, 2, 2, 2, 2, 2, 2, 2, 2, 2, 2, 2], [0, 0, 0, 0, 0, 0, -1, 0, 0, 0, 0, 0, 0, 0, 0, 0, 0, 0, 0, 0, 0, 0, 0, 0, 0, 0, 0, 0, 0, 0, 0, 0, 0, 0, 0, 0, 0, 0, 0, 0, 0, 0, 0, 0, 0, 0, 0, 0, 0, 0, 0, 0, 0, 0, 0, 0, 0], [1, 1, 1, 1, 1, 1, 1, -1, 1, 1, 1, 1, 1, 1, 1, 1, 1, 1, 1, 1, 1, 1, 1, 1, 1, 1, 1, 1, 1, 1, 1, 1, 1, 1, 1, 1, 1, 1, 1, 1, 1, 1, 1, 1, 1, 1, 1, 1, 1, 1, 1, 1, 1, 1, 1, 1, 1], [0, 0, 0, 0, 0, 0, 0, 0, -1, 0, 0, 0, 0, 0, 0, 0, 0, 0, 0, 0, 0, 0, 0, 0, 0, 0, 0, 0, 0, 0, 0, 0, 0, 0, 0, 0, 0, 0, 0, 0, 0, 0, 0, 0, 0, 0, 0, 0, 0, 0, 0, 0, 0, 0, 0, 0, 0], [1, 1, 1, 1, 1, 1, 1, 1, 1, -1, 1, 1, 1, 1, 1, 1, 1, 1, 1, 1, 1, 1, 1, 1, 1, 1, 1, 1, 1, 1, 1, 1, 1, 1, 1, 1, 1, 1, 1, 1, 1, 1, 1, 1, 1, 1, 1, 1, 1, 1, 1, 1, 1, 1, 1, 1, 1], [0, 0, 0, 0, 0, 0, 0, 0, 0, 0, -1, 0, 0, 0, 0, 0, 0, 0, 0, 0, 0, 0, 0, 0, 0, 0, 0, 0, 0, 0, 0, 0, 0, 0, 0, 0, 0, 0, 0, 0, 0, 0, 0, 0, 0, 0, 0, 0, 0, 0, 0, 0, 0, 0, 0, 0, 0], [0, 0, 0, 0, 0, 0, 0, 0, 0, 0, 0, -1, 0, 0, 0, 0, 0, 0, 0, 0, 0, 0, 0, 0, 0, 0, 0, 0, 0, 0, 0, 0, 0, 0, 0, 0, 0, 0, 0, 0, 0, 0, 0, 0, 0, 0, 0, 0, 0, 0, 0, 0, 0, 0, 0, 0, 0], [1, 1, 1, 1, 1, 1, 1, 1, 1, 1, 1, 1, -1, 1, 1, 1, 1, 1, 1, 1, 1, 1, 1, 1, 1, 1, 1, 1, 1, 1, 1, 1, 1, 1, 1, 1, 1, 1, 1, 1, 1, 1, 1, 1, 1, 1, 1, 1, 1, 1, 1, 1, 1, 1, 1, 1, 1], [1, 1, 1, 1, 1, 1, 1, 1, 1, 1, 1, 1, 1, -1, 1, 1, 1, 1, 1, 1, 1, 1, 1, 1, 1, 1, 1, 1, 1, 1, 1, 1, 1, 1, 1, 1, 1, 1, 1, 1, 1, 1, 1, 1, 1, 1, 1, 1, 1, 1, 1, 1, 1, 1, 1, 1, 1], [0, 0, 0, 0, 0, 0, 0, 0, 0, 0, 0, 0, 0, 0, -1, 0, 0, 0, 0, 0, 0, 0, 0, 0, 0, 0, 0, 0, 0, 0, 0, 0, 0, 0, 0, 0, 0, 0, 0, 0, 0, 0, 0, 0, 0, 0, 0, 0, 0, 0, 0, 0, 0, 0, 0, 0, 0], [0, 0, 0, 0, 0, 0, 0, 0, 0, 0, 0, 0, 0, 0, 0, -1, 0, 0, 0, 0, 0, 0, 0, 0, 0, 0, 0, 0, 0, 0, 0, 0, 0, 0, 0, 0, 0, 0, 0, 0, 0, 0, 0, 0, 0, 0, 0, 0, 0, 0, 0, 0, 0, 0, 0, 0, 0], [1, 1, 1, 1, 1, 1, 1, 1, 1, 1, 1, 1, 1, 1, 1, 1, -1, 1, 1, 1, 1, 1, 1, 1, 1, 1, 1, 1, 1, 1, 1, 1, 1, 1, 1, 1, 1, 1, 1, 1, 1, 1, 1, 1, 1, 1, 1, 1, 1, 1, 1, 1, 1, 1, 1, 1, 1], [0, 0, 0, 0, 0, 0, 0, 0, 0, 0, 0, 0, 0, 0, 0, 0, 0, -1, 0, 0, 0, 0, 0, 0, 0, 0, 0, 0, 0, 0, 0, 0, 0, 0, 0, 0, 0, 0, 0, 0, 0, 0, 0, 0, 0, 0, 0, 0, 0, 0, 0, 0, 0, 0, 0, 0, 0], [0, 0, 0, 0, 0, 0, 0, 0, 0, 0, 0, 0, 0, 0, 0, 0, 0, 0, -1, 0, 0, 0, 0, 0, 0, 0, 0, 0, 0, 0, 0, 0, 0, 0, 0, 0, 0, 0, 0, 0, 0, 0, 0, 0, 0, 0, 0, 0, 0, 0, 0, 0, 0, 0, 0, 0, 0], [1, 1, 1, 1, 1, 1, 1, 1, 1, 1, 1, 1, 1, 1, 1, 1, 1, 1, 1, -1, 1, 1, 1, 1, 1, 1, 1, 1, 1, 1, 1, 1, 1, 1, 1, 1, 1, 1, 1, 1, 1, 1, 1, 1, 1, 1, 1, 1, 1, 1, 1, 1, 1, 1, 1, 1, 1], [0, 0, 0, 0, 0, 0, 0, 0, 0, 0, 0, 0, 0, 0, 0, 0, 0, 0, 0, 0, -1, 0, 0, 0, 0, 0, 0, 0, 0, 0, 0, 0, 0, 0, 0, 0, 0, 0, 0, 0, 0, 0, 0, 0, 0, 0, 0, 0, 0, 0, 0, 0, 0, 0, 0, 0, 0], [0, 0, 0, 0, 0, 0, 0, 0, 0, 0, 0, 0, 0, 0, 0, 0, 0, 0, 0, 0, 0, -1, 0, 0, 0, 0, 0, 0, 0, 0, 0, 0, 0, 0, 0, 0, 0, 0, 0, 0, 0, 0, 0, 0, 0, 0, 0, 0, 0, 0, 0, 0, 0, 0, 0, 0, 0], [0, 0, 0, 0, 0, 0, 0, 0, 0, 0, 0, 0, 0, 0, 0, 0, 0, 0, 0, 0, 0, 0, -1, 0, 0, 0, 0, 0, 0, 0, 0, 0, 0, 0, 0, 0, 0, 0, 0, 0, 0, 0, 0, 0, 0, 0, 0, 0, 0, 0, 0, 0, 0, 0, 0, 0, 0], [0, 0, 0, 0, 0, 0, 0, 0, 0, 0, 0, 0, 0, 0, 0, 0, 0, 0, 0, 0, 0, 0, 0, -1, 0, 0, 0, 0, 0, 0, 0, 0, 0, 0, 0, 0, 0, 0, 0, 0, 0, 0, 0, 0, 0, 0, 0, 0, 0, 0, 0, 0, 0, 0, 0, 0, 0], [0, 0, 0, 0, 0, 0, 0, 0, 0, 0, 0, 0, 0, 0, 0, 0, 0, 0, 0, 0, 0, 0, 0, 0, -1, 0, 0, 0, 0, 0, 0, 0, 0, 0, 0, 0, 0, 0, 0, 0, 0, 0, 0, 0, 0, 0, 0, 0, 0, 0, 0, 0, 0, 0, 0, 0, 0], [0, 0, 0, 0, 0, 0, 0, 0, 0, 0, 0, 0, 0, 0, 0, 0, 0, 0, 0, 0, 0, 0, 0, 0, 0, -1, 0, 0, 0, 0, 0, 0, 0, 0, 0, 0, 0, 0, 0, 0, 0, 0, 0, 0, 0, 0, 0, 0, 0, 0, 0, 0, 0, 0, 0, 0, 0], [0, 0, 0, 0, 0, 0, 0, 0, 0, 0, 0, 0, 0, 0, 0, 0, 0, 0, 0, 0, 0, 0, 0, 0, 0, 0, -1, 0, 0, 0, 0, 0, 0, 0, 0, 0, 0, 0, 0, 0, 0, 0, 0, 0, 0, 0, 0, 0, 0, 0, 0, 0, 0, 0, 0, 0, 0], [1, 1, 1, 1, 1, 1, 1, 1, 1, 1, 1, 1, 1, 1, 1, 1, 1, 1, 1, 1, 1, 1, 1, 1, 1, 1, 1, -1, 1, 1, 1, 1, 1, 1, 1, 1, 1, 1, 1, 1, 1, 1, 1, 1, 1, 1, 1, 1, 1, 1, 1, 1, 1, 1, 1, 1, 1], [0, 0, 0, 0, 0, 0, 0, 0, 0, 0, 0, 0, 0, 0, 0, 0, 0, 0, 0, 0, 0, 0, 0, 0, 0, 0, 0, 0, -1, 0, 0, 0, 0, 0, 0, 0, 0, 0, 0, 0, 0, 0, 0, 0, 0, 0, 0, 0, 0, 0, 0, 0, 0, 0, 0, 0, 0], [0, 0, 0, 0, 0, 0, 0, 0, 0, 0, 0, 0, 0, 0, 0, 0, 0, 0, 0, 0, 0, 0, 0, 0, 0, 0, 0, 0, 0, -1, 0, 0, 0, 0, 0, 0, 0, 0, 0, 0, 0, 0, 0, 0, 0, 0, 0, 0, 0, 0, 0, 0, 0, 0, 0, 0, 0], [0, 0, 0, 0, 0, 0, 0, 0, 0, 0, 0, 0, 0, 0, 0, 0, 0, 0, 0, 0, 0, 0, 0, 0, 0, 0, 0, 0, 0, 0, -1, 0, 0, 0, 0, 0, 0, 0, 0, 0, 0, 0, 0, 0, 0, 0, 0, 0, 0, 0, 0, 0, 0, 0, 0, 0, 0], [0, 0, 0, 0, 0, 0, 0, 0, 0, 0, 0, 0, 0, 0, 0, 0, 0, 0, 0, 0, 0, 0, 0, 0, 0, 0, 0, 0, 0, 0, 0, -1, 0, 0, 0, 0, 0, 0, 0, 0, 0, 0, 0, 0, 0, 0, 0, 0, 0, 0, 0, 0, 0, 0, 0, 0, 0], [0, 0, 0, 0, 0, 0, 0, 0, 0, 0, 0, 0, 0, 0, 0, 0, 0, 0, 0, 0, 0, 0, 0, 0, 0, 0, 0, 0, 0, 0, 0, 0, -1, 0, 0, 0, 0, 0, 0, 0, 0, 0, 0, 0, 0, 0, 0, 0, 0, 0, 0, 0, 0, 0, 0, 0, 0], [1, 1, 1, 1, 1, 1, 1, 1, 1, 1, 1, 1, 1, 1, 1, 1, 1, 1, 1, 1, 1, 1, 1, 1, 1, 1, 1, 1, 1, 1, 1, 1, 1, -1, 1, 1, 1, 1, 1, 1, 1, 1, 1, 1, 1, 1, 1, 1, 1, 1, 1, 1, 1, 1, 1, 1, 1], [0, 0, 0, 0, 0, 0, 0, 0, 0, 0, 0, 0, 0, 0, 0, 0, 0, 0, 0, 0, 0, 0, 0, 0, 0, 0, 0, 0, 0, 0, 0, 0, 0, 0, -1, 0, 0, 0, 0, 0, 0, 0, 0, 0, 0, 0, 0, 0, 0, 0, 0, 0, 0, 0, 0, 0, 0], [0, 0, 0, 0, 0, 0, 0, 0, 0, 0, 0, 0, 0, 0, 0, 0, 0, 0, 0, 0, 0, 0, 0, 0, 0, 0, 0, 0, 0, 0, 0, 0, 0, 0, 0, -1, 0, 0, 0, 0, 0, 0, 0, 0, 0, 0, 0, 0, 0, 0, 0, 0, 0, 0, 0, 0, 0], [0, 0, 0, 0, 0, 0, 0, 0, 0, 0, 0, 0, 0, 0, 0, 0, 0, 0, 0, 0, 0, 0, 0, 0, 0, 0, 0, 0, 0, 0, 0, 0, 0, 0, 0, 0, -1, 0, 0, 0, 0, 0, 0, 0, 0, 0, 0, 0, 0, 0, 0, 0, 0, 0, 0, 0, 0], [1, 1, 1, 1, 1, 1, 1, 1, 1, 1, 1, 1, 1, 1, 1, 1, 1, 1, 1, 1, 1, 1, 1, 1, 1, 1, 1, 1, 1, 1, 1, 1, 1, 1, 1, 1, 1, -1, 1, 1, 1, 1, 1, 1, 1, 1, 1, 1, 1, 1, 1, 1, 1, 1, 1, 1, 1], [0, 0, 0, 0, 0, 0, 0, 0, 0, 0, 0, 0, 0, 0, 0, 0, 0, 0, 0, 0, 0, 0, 0, 0, 0, 0, 0, 0, 0, 0, 0, 0, 0, 0, 0, 0, 0, 0, -1, 0, 0, 0, 0, 0, 0, 0, 0, 0, 0, 0, 0, 0, 0, 0, 0, 0, 0], [0, 0, 0, 0, 0, 0, 0, 0, 0, 0, 0, 0, 0, 0, 0, 0, 0, 0, 0, 0, 0, 0, 0, 0, 0, 0, 0, 0, 0, 0, 0, 0, 0, 0, 0, 0, 0, 0, 0, -1, 0, 0, 0, 0, 0, 0, 0, 0, 0, 0, 0, 0, 0, 0, 0, 0, 0], [1, 1, 1, 1, 1, 1, 1, 1, 1, 1, 1, 1, 1, 1, 1, 1, 1, 1, 1, 1, 1, 1, 1, 1, 1, 1, 1, 1, 1, 1, 1, 1, 1, 1, 1, 1, 1, 1, 1, 1, -1, 1, 1, 1, 1, 1, 1, 1, 1, 1, 1, 1, 1, 1, 1, 1, 1], [1, 1, 1, 1, 1, 1, 1, 1, 1, 1, 1, 1, 1, 1, 1, 1, 1, 1, 1, 1, 1, 1, 1, 1, 1, 1, 1, 1, 1, 1, 1, 1, 1, 1, 1, 1, 1, 1, 1, 1, 1, -1, 1, 1, 1, 1, 1, 1, 1, 1, 1, 1, 1, 1, 1, 1, 1], [0, 0, 0, 0, 0, 0, 0, 0, 0, 0, 0, 0, 0, 0, 0, 0, 0, 0, 0, 0, 0, 0, 0, 0, 0, 0, 0, 0, 0, 0, 0, 0, 0, 0, 0, 0, 0, 0, 0, 0, 0, 0, -1, 0, 0, 0, 0, 0, 0, 0, 0, 0, 0, 0, 0, 0, 0], [1, 1, 1, 1, 1, 1, 1, 1, 1, 1, 1, 1, 1, 1, 1, 1, 1, 1, 1, 1, 1, 1, 1, 1, 1, 1, 1, 1, 1, 1, 1, 1, 1, 1, 1, 1, 1, 1, 1, 1, 1, 1, 1, -1, 1, 1, 1, 1, 1, 1, 1, 1, 1, 1, 1, 1, 1], [0, 0, 0, 0, 0, 0, 0, 0, 0, 0, 0, 0, 0, 0, 0, 0, 0, 0, 0, 0, 0, 0, 0, 0, 0, 0, 0, 0, 0, 0, 0, 0, 0, 0, 0, 0, 0, 0, 0, 0, 0, 0, 0, 0, -1, 0, 0, 0, 0, 0, 0, 0, 0, 0, 0, 0, 0], [0, 0, 0, 0, 0, 0, 0, 0, 0, 0, 0, 0, 0, 0, 0, 0, 0, 0, 0, 0, 0, 0, 0, 0, 0, 0, 0, 0, 0, 0, 0, 0, 0, 0, 0, 0, 0, 0, 0, 0, 0, 0, 0, 0, 0, -1, 0, 0, 0, 0, 0, 0, 0, 0, 0, 0, 0], [0, 0, 0, 0, 0, 0, 0, 0, 0, 0, 0, 0, 0, 0, 0, 0, 0, 0, 0, 0, 0, 0, 0, 0, 0, 0, 0, 0, 0, 0, 0, 0, 0, 0, 0, 0, 0, 0, 0, 0, 0, 0, 0, 0, 0, 0, -1, 0, 0, 0, 0, 0, 0, 0, 0, 0, 0], [1, 1, 1, 1, 1, 1, 1, 1, 1, 1, 1, 1, 1, 1, 1, 1, 1, 1, 1, 1, 1, 1, 1, 1, 1, 1, 1, 1, 1, 1, 1, 1, 1, 1, 1, 1, 1, 1, 1, 1, 1, 1, 1, 1, 1, 1, 1, -1, 1, 1, 1, 1, 1, 1, 1, 1, 1], [0, 0, 0, 0, 0, 0, 0, 0, 0, 0, 0, 0, 0, 0, 0, 0, 0, 0, 0, 0, 0, 0, 0, 0, 0, 0, 0, 0, 0, 0, 0, 0, 0, 0, 0, 0, 0, 0, 0, 0, 0, 0, 0, 0, 0, 0, 0, 0, -1, 0, 0, 0, 0, 0, 0, 0, 0], [0, 0, 0, 0, 0, 0, 0, 0, 0, 0, 0, 0, 0, 0, 0, 0, 0, 0, 0, 0, 0, 0, 0, 0, 0, 0, 0, 0, 0, 0, 0, 0, 0, 0, 0, 0, 0, 0, 0, 0, 0, 0, 0, 0, 0, 0, 0, 0, 0, -1, 0, 0, 0, 0, 0, 0, 0], [0, 0, 0, 0, 0, 0, 0, 0, 0, 0, 0, 0, 0, 0, 0, 0, 0, 0, 0, 0, 0, 0, 0, 0, 0, 0, 0, 0, 0, 0, 0, 0, 0, 0, 0, 0, 0, 0, 0, 0, 0, 0, 0, 0, 0, 0, 0, 0, 0, 0, -1, 0, 0, 0, 0, 0, 0], [1, 1, 1, 1, 1, 1, 1, 1, 1, 1, 1, 1, 1, 1, 1, 1, 1, 1, 1, 1, 1, 1, 1, 1, 1, 1, 1, 1, 1, 1, 1, 1, 1, 1, 1, 1, 1, 1, 1, 1, 1, 1, 1, 1, 1, 1, 1, 1, 1, 1, 1, -1, 1, 1, 1, 1, 1], [0, 0, 0, 0, 0, 0, 0, 0, 0, 0, 0, 0, 0, 0, 0, 0, 0, 0, 0, 0, 0, 0, 0, 0, 0, 0, 0, 0, 0, 0, 0, 0, 0, 0, 0, 0, 0, 0, 0, 0, 0, 0, 0, 0, 0, 0, 0, 0, 0, 0, 0, 0, -1, 0, 0, 0, 0], [0, 0, 0, 0, 0, 0, 0, 0, 0, 0, 0, 0, 0, 0, 0, 0, 0, 0, 0, 0, 0, 0, 0, 0, 0, 0, 0, 0, 0, 0, 0, 0, 0, 0, 0, 0, 0, 0, 0, 0, 0, 0, 0, 0, 0, 0, 0, 0, 0, 0, 0, 0, 0, -1, 0, 0, 0], [1, 1, 1, 1, 1, 1, 1, 1, 1, 1, 1, 1, 1, 1, 1, 1, 1, 1, 1, 1, 1, 1, 1, 1, 1, 1, 1, 1, 1, 1, 1, 1, 1, 1, 1, 1, 1, 1, 1, 1, 1, 1, 1, 1, 1, 1, 1, 1, 1, 1, 1, 1, 1, 1, -1, 1, 1], [0, 0, 0, 0, 0, 0, 0, 0, 0, 0, 0, 0, 0, 0, 0, 0, 0, 0, 0, 0, 0, 0, 0, 0, 0, 0, 0, 0, 0, 0, 0, 0, 0, 0, 0, 0, 0, 0, 0, 0, 0, 0, 0, 0, 0, 0, 0, 0, 0, 0, 0, 0, 0, 0, 0, -1, 0], [2, 2, 2, 2, 2, 2, 2, 2, 2, 2, 2, 2, 2, 2, 2, 2, 2, 2, 2, 2, 2, 2, 2, 2, 2, 2, 2, 2, 2, 2, 2, 2, 2, 2, 2, 2, 2, 2, 2, 2, 2, 2, 2, 2, 2, 2, 2, 2, 2, 2, 2, 2, 2, 2, 2, 2, -1]], "speed_zone_count": 73, "speed_zones": [[0.0, 15.0], [15.0, 30.0], [30.0, 45.0], [45.0, 60.0], [60.0, 75.0], [75.0, 90.0], [90.0, 105.0], [105.0, 120.0], [120.0, 135.0], [135.0, 150.0], [150.0, 165.0], [165.0, 180.0], [180.0, 195.0], [195.0, 210.0], [210.0, 225.0], [225.0, 240.0], [240.0, 255.0], [255.0, 270.0], [270.0, 285.0], [285.0, 300.0], [300.0, 315.0], [315.0, 330.0], [330.0, 345.0], [345.0, 360.0], [360.0, 375.0], [375.0, 390.0], [390.0, 405.0], [405.0, 420.0], [420.0, 435.0], [435.0, 450.0], [450.0, 465.0], [465.0, 480.0], [480.0, 495.0], [495.0, 510.0], [510.0, 525.0], [525.0, 540.0], [540.0, 555.0], [555.0, 570.0], [570.0, 585.0], [585.0, 600.0], [600.0, 615.0], [615.0, 630.0], [630.0, 645.0], [645.0, 660.0], [660.0, 675.0], [675.0, 690.0], [690.0, 705.0], [705.0, 720.0], [720.0, 735.0], [735.0, 750.0], [750.0, 765.0], [765.0, 780.0], [780.0, 795.0], [795.0, 810.0], [810.0, 825.0], [825.0, 840.0], [840.0, 855.0], [855.0, 870.0], [870.0, 885.0], [885.0, 900.0], [900.0, 915.0], [915.0, 930.0], [930.0, 945.0], [945.0, 960.0], [960.0, 975.0], [975.0, 990.0], [990.0, 1005.0], [1005.0, 1020.0], [1020.0, 1035.0], [1035.0, 1050.0], [1050.0, 1065.0], [1065.0, 1080.0], [1080.0, 5000.0]], "distances": [[0.0, 61.06, 88.18, 70.95, 68.54, 64.04, 73.29, 77.63, 66.06, 71.02, 61.7, 81.87, 53.05, 55.11, 73.58, 70.83, 87.02, 63.07, 64.36, 49.7, 70.29, 74.18, 72.38, 56.39, 60.8, 79.35, 79.02, 79.16, 63.92, 68.29, 68.58, 68.29, 68.7, 72.19, 82.45, 60.54, 68.59, 54.66, 79.26, 73.84, 92.06, 56.15, 74.71, 66.8, 71.09, 71.52, 67.12, 54.07, 83.36, 84.09, 66.19, 86.89, 67.45, 69.37, 72.37, 71.71, 0.0], [0.0, 0.0, 27.12, 21.45, 9.76, 45.48, 12.32, 23.55, 7.4, 20.24, 7.94, 20.84, 8.02, 7.46, 14.55, 11.54, 27.75, 11.08, 7.36, 12.41, 9.25, 17.41, 11.54, 6.09, 12.69, 18.29, 19.58, 26.27, 8.9, 7.95, 9.84, 14.82, 8.54, 21.68, 21.43, 11.72, 8.62, 15.9, 20.44, 15.54, 32.54, 7.39, 13.78, 21.27, 16.18, 14.78, 6.36, 11.08, 23.4, 23.05, 10.38, 26.52, 6.69, 8.84, 18.15, 15.62, 61.06], [0.0, 27.12, 0.0, 28.63, 21.03, 59.63, 14.99, 22.72, 23.06, 27.25, 28.13, 6.45, 35.13, 33.5, 17.1, 18.86, 11.84, 25.19, 25.09, 38.94, 17.89, 19.64, 16.02, 32.13, 27.51, 8.83, 13.12, 24.6, 26.28, 20.28, 21.03, 25.24, 20.02, 27.48, 5.93, 27.63, 20.22, 37.8, 14.32, 17.85, 12.49, 32.71, 13.65, 32.59, 22.91, 20.84, 21.19, 35.64, 9.79, 4.29, 24.51, 7.36, 20.86, 19.15, 23.24, 21.44, 88.18], [0.0, 21.45, 28.63, 0.0, 26.94, 31.02, 19.44, 39.72, 14.8, 10.29, 14.11, 25.66, 25.56, 20.66, 13.21, 27.04, 36.82, 22.55, 14.13, 24.31, 20.97, 33.28, 18.42, 20.28, 23.63, 23.44, 31.02, 42.58, 12.59, 16.82, 27.02, 6.78, 24.37, 10.53, 23.7, 21.55, 24.75, 16.46, 32.64, 30.45, 39.9, 19.27, 19.44, 4.69, 33.99, 9.43, 22.35, 18.99, 32.26, 24.92, 11.21, 33.19, 22.37, 23.54, 5.66, 32.75, 70.95], [0.0, 9.76, 21.03, 26.94, 0.0, 54.19, 9.66, 14.04, 12.53, 25.46, 16.18, 14.65, 16.39, 17.17, 15.56, 10.14, 18.71, 7.15, 14.03, 21.79, 6.44, 7.7, 9.93, 15.83, 8.68, 12.86, 10.54, 16.85, 15.99, 10.12, 9.37, 20.28, 13.14, 26.69, 16.39, 10.19, 10.75, 25.41, 11.06, 5.85, 23.68, 17.14, 10.83, 28.19, 7.18, 18.05, 4.74, 20.83, 14.82, 17.72, 16.22, 18.38, 4.64, 13.43, 22.13, 6.2, 68.54], [0.0, 45.48, 59.63, 31.02, 54.19, 0.0, 49.2, 68.13, 42.01, 32.45, 38.05, 56.49, 44.14, 39.81, 43.71, 55.11, 67.44, 47.72, 40.25, 38.87, 49.57, 61.61, 48.02, 40.59, 47.49, 54.11, 60.87, 70.99, 38.29, 45.03, 54.28, 35.66, 51.98, 32.15, 54.68, 45.25, 52.27, 30.2, 62.36, 59.05, 70.8, 39.01, 49.58, 27.45, 61.27, 39.72, 49.52, 35.8, 62.77, 55.93, 38.59, 64.05, 49.68, 51.5, 36.55, 60.39, 64.04], [0.0, 12.32, 14.99, 19.44, 9.66, 49.2, 0.0, 20.44, 8.49, 17.89, 13.64, 9.06, 20.33, 18.52, 6.54, 8.66, 18.55, 10.75, 10.6, 23.95, 9.95, 14.18, 9.7, 17.14, 13.08, 6.34, 11.71, 23.26, 12.15, 5.41, 9.72, 13.59, 7.35, 18.84, 9.16, 12.82, 7.73, 23.66, 13.28, 11.3, 22.61, 17.76, 11.52, 21.91, 15.64, 10.01, 7.17, 20.84, 13.82, 10.81, 10.97, 15.95, 6.9, 6.23, 13.99, 14.18, 73.29], [0.0, 23.55, 22.72, 39.72, 14.04, 68.13, 20.44, 0.0, 26.18, 38.18, 30.19, 18.64, 28.83, 30.73, 26.96, 13.04, 12.99, 21.01, 27.88, 34.75, 18.88, 6.55, 21.35, 29.48, 22.04, 18.97, 10.36, 15.96, 29.85, 23.34, 13.95, 33.42, 16.15, 39.22, 21.46, 23.93, 15.86, 39.39, 8.76, 9.28, 17.26, 30.9, 20.8, 41.63, 7.54, 30.35, 18.63, 34.59, 12.94, 21.83, 29.76, 16.13, 18.45, 16.67, 34.4, 7.93, 77.63], [0.0, 7.4, 23.06, 14.8, 12.53, 42.01, 8.49, 26.18, 0.0, 13.43, 5.16, 17.48, 14.15, 10.96, 7.71, 13.14, 26.78, 7.86, 14.76, 16.36, 7.65, 19.64, 7.29, 9.74, 9.34, 14.74, 19.3, 29.05, 14.18, 11.57, 12.61, 8.02, 10.1, 14.8, 17.13, 7.68, 10.44, 15.17, 20.64, 17.04, 31.03, 9.93, 9.57, 15.67, 19.7, 7.38, 7.79, 12.59, 22.08, 18.78, 9.72, 24.42, 7.89, 9.52, 10.87, 18.63, 66.06], [0.0, 20.24, 27.25, 10.29, 25.46, 32.45, 17.89, 38.18, 13.43, 0.0, 13.1, 24.16, 24.68, 19.87, 11.67, 25.53, 35.3, 21.23, 12.89, 23.77, 19.46, 31.75, 16.87, 19.4, 22.4, 21.91, 29.47, 41.04, 11.45, 15.35, 25.55, 5.45, 22.89, 11.68, 22.24, 20.36, 23.27, 16.39, 31.09, 28.92, 38.42, 18.48, 17.89, 5.6, 32.5, 7.88, 20.9, 18.47, 30.72, 23.49, 9.91, 31.7, 20.92, 22.04, 9.64, 31.24, 71.02], [0.0, 7.94, 28.13, 14.11, 16.18, 38.05, 13.64, 30.19, 5.16, 13.1, 0.0, 22.63, 11.68, 7.24, 11.94, 17.28, 31.81, 9.81, 13.61, 12.19, 12.44, 23.72, 12.45, 6.46, 10.14, 19.9, 24.14, 33.02, 14.07, 8.3, 16.27, 8.06, 14.09, 14.59, 22.2, 7.89, 14.35, 10.05, 25.38, 21.34, 36.13, 5.92, 14.72, 13.38, 23.22, 10.01, 11.58, 7.73, 27.13, 23.84, 4.57, 29.56, 11.78, 13.77, 12.08, 22.37, 61.7], [0.0, 20.84, 6.45, 25.66, 14.65, 56.49, 9.06, 18.64, 17.48, 24.16, 22.63, 0.0, 28.83, 27.48, 12.84, 12.54, 11.28, 18.82, 19.58, 32.88, 11.59, 14.3, 10.21, 26.08, 21.12, 13.1, 8.3, 20.98, 20.99, 14.47, 14.66, 21.09, 13.57, 24.71, 12.38, 21.36, 13.78, 32.56, 9.88, 12.08, 14.33, 26.78, 7.92, 29.06, 17.29, 16.82, 14.79, 29.9, 7.08, 10.74, 19.5, 7.56, 14.46, 12.71, 20.02, 15.75, 81.87], [0.0, 8.02, 35.13, 25.56, 16.39, 44.14, 20.33, 28.83, 14.15, 24.68, 11.68, 28.83, 0.0, 5.08, 21.83, 18.53, 35.04, 10.08, 13.1, 6.09, 17.25, 23.45, 19.5, 5.29, 7.91, 26.31, 26.83, 31.28, 13.7, 15.65, 16.45, 19.74, 15.95, 26.17, 29.45, 7.51, 15.91, 14.1, 27.44, 22.18, 39.96, 6.39, 21.78, 23.92, 21.31, 21.12, 14.13, 8.52, 30.91, 31.08, 15.87, 34.21, 14.46, 16.49, 23.71, 21.24, 53.05], [0.0, 7.46, 33.5, 20.66, 17.17, 39.81, 18.52, 30.73, 10.96, 19.87, 7.24, 27.48, 5.08, 0.0, 18.58, 19.0, 35.11, 10.06, 9.39, 5.46, 16.08, 24.77, 17.49, 10.36, 8.69, 24.81, 26.99, 33.38, 9.44, 13.27, 17.25, 15.18, 15.97, 21.35, 27.63, 6.99, 16.07, 9.61, 27.88, 22.98, 39.83, 11.47, 19.86, 18.86, 23.25, 17.17, 13.67, 10.78, 30.68, 29.28, 11.74, 33.65, 13.99, 16.18, 19.28, 22.85, 55.11], [0.0, 14.55, 17.1, 13.21, 15.56, 43.71, 6.54, 26.96, 7.71, 11.67, 11.94, 12.84, 21.83, 18.58, 0.0, 14.98, 23.75, 14.08, 9.23, 23.91, 9.12, 20.71, 5.78, 17.42, 16.11, 10.39, 17.84, 29.77, 9.8, 6.77, 15.63, 8.28, 13.01, 12.48, 11.42, 14.94, 13.41, 20.94, 19.49, 17.83, 27.17, 17.46, 6.27, 16.26, 22.03, 12.68, 11.82, 19.66, 19.12, 12.92, 7.7, 20.39, 11.68, 11.96, 7.61, 20.62, 73.58], [0.0, 11.54, 18.86, 27.04, 10.14, 55.11, 8.66, 13.04, 13.14, 25.53, 17.28, 12.54, 18.53, 19.0, 14.98, 0.0, 16.51, 8.95, 14.86, 23.78, 6.08, 6.5, 9.2, 17.62, 10.71, 10.92, 8.31, 15.91, 16.82, 10.36, 10.23, 20.54, 14.25, 26.67, 14.43, 12.01, 10.39, 26.84, 8.96, 12.29, 21.46, 18.85, 9.62, 28.66, 7.07, 17.87, 5.73, 22.51, 12.54, 15.69, 16.74, 16.08, 5.51, 14.89, 21.97, 5.72, 70.83], [0.0, 27.75, 11.84, 36.82, 18.71, 67.44, 18.55, 12.99, 26.78, 35.3, 31.81, 11.28, 35.04, 35.11, 23.75, 16.51, 0.0, 25.25, 28.87, 40.15, 19.44, 13.16, 19.78, 33.7, 27.18, 13.39, 8.21, 14.04, 30.58, 23.56, 18.66, 31.81, 19.23, 35.92, 13.72, 28.25, 19.2, 41.85, 7.77, 13.18, 5.04, 34.76, 17.94, 39.99, 16.58, 27.73, 21.44, 38.26, 4.73, 13.12, 29.52, 4.5, 21.13, 18.94, 31.16, 15.61, 87.02], [0.0, 11.08, 25.19, 22.55, 7.15, 47.72, 10.75, 21.01, 7.86, 21.23, 9.81, 18.82, 10.08, 10.06, 14.08, 8.95, 25.25, 0.0, 8.5, 14.9, 7.34, 14.82, 10.16, 8.69, 11.05, 16.38, 17.06, 23.75, 10.3, 7.31, 7.23, 15.79, 6.02, 22.63, 19.66, 11.59, 6.06, 18.39, 17.87, 12.93, 30.08, 9.99, 12.23, 22.84, 13.71, 15.01, 11.89, 13.68, 20.96, 21.24, 11.34, 24.18, 4.39, 6.43, 18.7, 13.07, 63.07], [0.0, 7.36, 25.09, 14.13, 14.03, 40.25, 10.6, 27.88, 14.76, 12.89, 13.61, 19.58, 13.1, 9.39, 9.23, 14.86, 28.87, 8.5, 0.0, 14.68, 9.62, 21.36, 9.4, 8.29, 9.51, 16.84, 21.32, 30.74, 12.36, 5.31, 14.12, 7.46, 11.73, 14.32, 19.16, 7.51, 12.04, 13.06, 22.62, 18.84, 33.14, 8.24, 11.66, 14.41, 21.19, 8.02, 9.3, 10.62, 24.17, 20.81, 11.77, 26.53, 9.45, 11.27, 10.92, 20.2, 64.36], [0.0, 12.41, 38.94, 24.31, 21.79, 38.87, 23.95, 34.75, 16.36, 23.77, 12.19, 32.88, 6.09, 5.46, 23.91, 23.78, 40.15, 14.9, 14.68, 0.0, 21.4, 29.14, 22.94, 6.82, 13.11, 30.22, 31.96, 37.25, 14.44, 18.73, 21.85, 19.65, 20.92, 25.2, 33.08, 11.9, 20.96, 9.77, 32.74, 27.64, 44.95, 6.45, 25.3, 21.66, 27.21, 22.19, 18.77, 5.33, 35.81, 34.73, 16.75, 38.89, 19.09, 21.25, 23.84, 27.04, 49.7], [0.0, 9.25, 17.89, 20.97, 6.44, 49.57, 9.95, 18.88, 7.65, 19.46, 12.44, 11.59, 17.25, 16.08, 9.12, 6.08, 19.44, 7.34, 9.62, 21.4, 0.0, 12.36, 8.82, 14.66, 9.68, 9.07, 11.71, 21.75, 11.48, 4.54, 6.51, 14.54, 12.09, 20.59, 12.32, 9.77, 4.31, 22.44, 13.0, 9.61, 23.94, 15.53, 5.1, 22.76, 13.11, 11.8, 10.16, 18.9, 14.83, 13.9, 10.99, 17.6, 10.14, 11.31, 15.9, 11.8, 70.29], [0.0, 17.41, 19.64, 33.28, 7.7, 61.61, 14.18, 6.55, 19.64, 31.75, 23.72, 14.3, 23.45, 24.77, 20.71, 6.5, 13.16, 14.82, 21.36, 29.14, 12.36, 0.0, 15.0, 23.45, 16.13, 13.87, 6.56, 9.42, 23.32, 16.8, 7.61, 26.91, 9.65, 32.83, 16.9, 17.83, 9.38, 33.1, 5.79, 11.21, 18.17, 24.8, 14.72, 35.1, 13.57, 23.96, 12.15, 28.5, 10.74, 17.67, 23.22, 14.53, 11.95, 10.12, 28.04, 12.22, 74.18], [0.0, 11.54, 16.02, 18.42, 9.93, 48.02, 9.7, 21.35, 7.29, 16.87, 12.45, 10.21, 19.5, 17.49, 5.78, 9.2, 19.78, 10.16, 9.4, 22.94, 8.82, 15.0, 0.0, 16.13, 12.46, 7.48, 12.86, 24.19, 10.92, 4.28, 10.0, 12.44, 7.48, 17.88, 10.14, 12.03, 7.88, 22.44, 14.4, 12.14, 23.84, 16.69, 10.92, 20.77, 16.25, 9.01, 6.87, 19.71, 15.05, 11.79, 9.74, 17.17, 6.65, 6.38, 13.05, 14.84, 72.38], [0.0, 6.09, 32.13, 20.28, 15.83, 40.59, 17.14, 29.48, 9.74, 19.4, 6.46, 26.08, 5.29, 10.36, 17.42, 17.62, 33.7, 8.69, 8.29, 6.82, 14.66, 23.45, 16.13, 0.0, 7.45, 23.42, 25.58, 32.14, 8.57, 11.93, 15.91, 14.51, 14.58, 20.89, 26.26, 5.64, 14.68, 10.46, 26.49, 21.62, 38.41, 11.68, 18.49, 18.79, 22.02, 16.21, 12.26, 5.15, 29.26, 27.92, 10.83, 32.23, 12.57, 14.77, 18.54, 21.57, 56.39], [0.0, 12.69, 27.51, 23.63, 8.68, 47.49, 13.08, 22.04, 9.34, 22.4, 10.14, 21.12, 7.91, 8.69, 16.11, 10.71, 27.18, 11.05, 9.51, 13.11, 9.68, 16.13, 12.46, 7.45, 0.0, 18.7, 18.97, 24.7, 11.1, 9.36, 8.75, 16.96, 8.04, 23.83, 21.99, 13.09, 8.01, 17.69, 19.67, 14.53, 32.07, 8.92, 14.56, 23.48, 14.57, 16.69, 6.33, 12.59, 23.0, 23.57, 12.51, 26.31, 6.66, 8.6, 20.18, 14.16, 60.8], [0.0, 18.29, 8.83, 23.44, 12.86, 54.11, 6.34, 18.97, 14.74, 21.91, 19.9, 13.1, 26.31, 24.81, 10.39, 10.92, 13.39, 16.38, 16.84, 30.22, 9.07, 13.87, 7.48, 23.42, 18.7, 0.0, 8.72, 21.52, 18.27, 11.74, 12.88, 18.57, 11.45, 22.56, 12.96, 18.81, 11.7, 29.84, 10.42, 11.33, 16.84, 24.09, 5.18, 26.66, 16.51, 14.39, 12.4, 27.18, 8.84, 4.95, 16.81, 10.06, 12.08, 10.49, 17.78, 14.94, 79.35], [0.0, 19.58, 13.12, 31.02, 10.54, 60.87, 11.71, 10.36, 19.3, 29.47, 24.14, 8.3, 26.83, 26.99, 17.84, 8.31, 8.21, 17.06, 21.32, 31.96, 11.71, 6.56, 12.86, 25.58, 18.97, 8.72, 0.0, 12.82, 23.14, 16.1, 10.5, 25.3, 11.05, 30.32, 11.1, 20.08, 11.0, 34.1, 9.44, 5.38, 13.15, 26.69, 11.58, 33.62, 9.96, 21.62, 13.32, 30.25, 4.47, 11.57, 22.39, 8.25, 13.02, 10.83, 25.45, 8.6, 79.02], [0.0, 26.27, 24.6, 42.58, 16.85, 70.99, 23.26, 15.96, 29.05, 41.04, 33.02, 20.98, 31.28, 33.38, 29.77, 15.91, 14.04, 23.75, 30.74, 37.25, 21.75, 9.42, 24.19, 32.14, 24.7, 21.52, 12.82, 0.0, 32.71, 26.21, 16.76, 36.29, 19.01, 42.07, 23.83, 26.63, 18.71, 42.14, 11.15, 12.15, 17.76, 33.59, 23.58, 44.51, 10.13, 33.2, 21.48, 37.28, 14.83, 24.08, 32.64, 17.68, 21.3, 19.54, 37.24, 10.69, 79.16], [0.0, 8.9, 26.28, 12.59, 15.99, 38.29, 12.15, 29.85, 14.18, 11.45, 14.07, 20.99, 13.7, 9.44, 9.8, 16.82, 30.58, 10.3, 12.36, 14.44, 11.48, 23.32, 10.92, 8.57, 11.1, 18.27, 23.14, 32.71, 0.0, 7.05, 16.08, 6.16, 13.7, 12.92, 20.37, 8.97, 14.0, 11.58, 24.48, 20.79, 34.76, 8.15, 13.09, 12.54, 23.15, 7.76, 11.27, 9.89, 25.87, 21.99, 10.62, 28.1, 11.42, 13.22, 10.01, 22.17, 63.92], [0.0, 7.95, 20.28, 16.82, 10.12, 45.03, 5.41, 23.34, 11.57, 15.35, 8.3, 14.47, 15.65, 13.27, 6.77, 10.36, 23.56, 7.31, 5.31, 18.73, 4.54, 16.8, 4.28, 11.93, 9.36, 11.74, 16.1, 26.21, 7.05, 0.0, 10.2, 10.2, 7.55, 16.58, 14.37, 8.38, 7.93, 18.35, 17.47, 14.1, 27.84, 12.43, 6.64, 18.3, 17.2, 8.14, 5.62, 15.43, 18.86, 16.03, 6.46, 21.26, 5.6, 6.77, 12.13, 16.01, 68.29], [0.0, 9.84, 21.03, 27.02, 9.37, 54.28, 9.72, 13.95, 12.61, 25.55, 16.27, 14.66, 16.45, 17.25, 15.63, 10.23, 18.66, 7.23, 14.12, 21.85, 6.51, 7.61, 10.0, 15.91, 8.75, 12.88, 10.5, 16.76, 16.08, 10.2, 0.0, 20.37, 13.08, 26.77, 16.4, 10.27, 10.82, 25.5, 11.0, 5.78, 23.64, 17.22, 10.88, 28.28, 7.09, 18.13, 4.83, 20.91, 14.78, 17.73, 16.31, 18.35, 4.73, 13.37, 22.21, 6.11, 68.58], [0.0, 14.82, 25.24, 6.78, 20.28, 35.66, 13.59, 33.42, 8.02, 5.45, 8.06, 21.09, 19.74, 15.18, 8.28, 20.54, 31.81, 15.79, 7.46, 19.65, 14.54, 26.91, 12.44, 14.51, 16.96, 18.57, 25.3, 36.29, 6.16, 10.2, 20.37, 0.0, 17.74, 6.87, 19.67, 14.96, 18.11, 13.99, 26.84, 24.14, 35.4, 13.81, 13.92, 8.33, 27.4, 4.4, 15.64, 14.55, 27.12, 21.13, 4.46, 28.62, 15.68, 16.97, 4.19, 26.21, 68.29], [0.0, 8.54, 20.02, 24.37, 13.14, 51.98, 7.35, 16.15, 10.1, 22.89, 14.09, 13.57, 15.95, 15.97, 13.01, 14.25, 19.23, 6.02, 11.73, 20.92, 12.09, 9.65, 7.48, 14.58, 8.04, 11.45, 11.05, 19.01, 13.7, 7.55, 13.08, 17.74, 0.0, 24.1, 14.94, 9.04, 12.08, 23.64, 11.91, 7.29, 24.07, 15.75, 8.64, 25.73, 9.66, 15.45, 13.18, 19.38, 14.97, 16.39, 13.77, 18.28, 10.41, 12.45, 19.53, 8.53, 68.7], [0.0, 21.68, 27.48, 10.53, 26.69, 32.15, 18.84, 39.22, 14.8, 11.68, 14.59, 24.71, 26.17, 21.35, 12.48, 26.67, 35.92, 22.63, 14.32, 25.2, 20.59, 32.83, 17.88, 20.89, 23.83, 22.56, 30.32, 42.07, 12.92, 16.58, 26.77, 6.87, 24.1, 0.0, 22.67, 21.81, 24.49, 17.62, 31.97, 29.98, 38.89, 19.96, 18.75, 6.08, 33.68, 8.87, 22.17, 19.89, 31.4, 23.85, 11.33, 32.21, 22.18, 23.23, 4.87, 32.39, 72.19], [0.0, 21.43, 5.93, 23.7, 16.39, 54.68, 9.16, 21.46, 17.13, 22.24, 22.2, 12.38, 29.45, 27.63, 11.42, 14.43, 13.72, 19.66, 19.16, 33.08, 12.32, 16.9, 10.14, 26.26, 21.99, 12.96, 11.1, 23.83, 20.37, 14.37, 16.4, 19.67, 14.94, 22.67, 0.0, 21.94, 15.2, 31.91, 12.71, 14.53, 16.22, 26.81, 7.78, 27.36, 19.75, 15.3, 15.75, 29.71, 9.8, 10.22, 18.64, 9.64, 15.44, 13.96, 18.13, 18.19, 82.45], [0.0, 11.72, 27.63, 21.55, 10.19, 45.25, 12.82, 23.93, 7.68, 20.36, 7.89, 21.36, 7.51, 6.99, 14.94, 12.01, 28.25, 11.59, 7.51, 11.9, 9.77, 17.83, 12.03, 5.64, 13.09, 18.81, 20.08, 26.63, 8.97, 8.38, 10.27, 14.96, 9.04, 21.81, 21.94, 0.0, 9.1, 15.58, 20.92, 15.99, 33.04, 6.98, 14.28, 21.26, 16.53, 15.06, 6.87, 10.68, 23.91, 23.56, 10.54, 27.04, 7.2, 9.35, 18.36, 16.0, 60.54], [0.0, 8.62, 20.22, 24.75, 10.75, 52.27, 7.73, 15.86, 10.44, 23.27, 14.35, 13.78, 15.91, 16.07, 13.41, 10.39, 19.2, 6.06, 12.04, 20.96, 4.31, 9.38, 7.88, 14.68, 8.01, 11.7, 11.0, 18.71, 14.0, 7.93, 10.82, 18.11, 12.08, 24.49, 15.2, 9.1, 0.0, 23.85, 11.82, 7.09, 24.06, 15.88, 9.0, 26.08, 9.3, 15.85, 13.56, 19.52, 15.0, 16.64, 14.11, 18.35, 10.45, 12.5, 19.93, 8.19, 68.59], [0.0, 15.9, 37.8, 16.46, 25.41, 30.2, 23.66, 39.39, 15.17, 16.39, 10.05, 32.56, 14.1, 9.61, 20.94, 26.84, 41.85, 18.39, 13.06, 9.77, 22.44, 33.1, 22.44, 10.46, 17.69, 29.84, 34.1, 42.14, 11.58, 18.35, 25.5, 13.99, 23.64, 17.62, 31.91, 15.58, 23.85, 0.0, 35.27, 30.93, 46.19, 8.89, 24.66, 12.85, 32.08, 17.87, 21.14, 5.62, 37.18, 33.53, 13.31, 39.59, 21.39, 23.5, 17.88, 31.46, 54.66], [0.0, 20.44, 14.32, 32.64, 11.06, 62.36, 13.28, 8.76, 20.64, 31.09, 25.38, 9.88, 27.44, 27.88, 19.49, 8.96, 7.77, 17.87, 22.62, 32.74, 13.0, 5.79, 14.4, 26.49, 19.67, 10.42, 9.44, 11.15, 24.48, 17.47, 11.0, 26.84, 11.91, 31.97, 12.71, 20.92, 11.82, 35.27, 0.0, 5.42, 12.81, 27.66, 13.22, 35.17, 9.29, 23.23, 14.3, 31.26, 4.97, 13.08, 23.82, 8.74, 14.01, 11.83, 27.09, 8.09, 79.26], [0.0, 15.54, 17.85, 30.45, 5.85, 59.05, 11.3, 9.28, 17.04, 28.92, 21.34, 12.08, 22.18, 22.98, 17.83, 12.29, 13.18, 12.93, 18.84, 27.64, 9.61, 11.21, 12.14, 21.62, 14.53, 11.33, 5.38, 12.15, 20.79, 14.1, 5.78, 24.14, 7.29, 29.98, 14.53, 15.99, 7.09, 30.93, 5.42, 0.0, 18.22, 22.89, 11.85, 32.37, 5.22, 21.11, 9.81, 26.56, 9.85, 15.45, 20.55, 13.62, 9.58, 7.58, 25.18, 11.89, 73.84], [0.0, 32.54, 12.49, 39.9, 23.68, 70.8, 22.61, 17.26, 31.03, 38.42, 36.13, 14.33, 39.96, 39.83, 27.17, 21.46, 5.04, 30.08, 33.14, 44.95, 23.94, 18.17, 23.84, 38.41, 32.07, 16.84, 13.15, 17.76, 34.76, 27.84, 23.64, 35.4, 24.07, 38.89, 16.22, 33.04, 24.06, 46.19, 12.81, 18.22, 0.0, 39.41, 21.8, 43.39, 21.55, 31.16, 26.19, 42.84, 9.15, 15.18, 33.51, 6.78, 25.87, 23.7, 34.28, 20.62, 92.06], [0.0, 7.39, 32.71, 19.27, 17.14, 39.01, 17.76, 30.9, 9.93, 18.48, 5.92, 26.78, 6.39, 11.47, 17.46, 18.85, 34.76, 9.99, 8.24, 6.45, 15.53, 24.8, 16.69, 11.68, 8.92, 24.09, 26.69, 33.59, 8.15, 12.43, 17.22, 13.81, 15.75, 19.96, 26.81, 6.98, 15.88, 8.89, 27.66, 22.89, 39.41, 0.0, 19.06, 17.53, 23.47, 15.9, 13.37, 11.77, 30.26, 28.46, 10.46, 33.13, 13.67, 15.86, 17.92, 22.98, 56.15], [0.0, 13.78, 13.65, 19.44, 10.83, 49.58, 11.52, 20.8, 9.57, 17.89, 14.72, 7.92, 21.78, 19.86, 6.27, 9.62, 17.94, 12.23, 11.66, 25.3, 5.1, 14.72, 10.92, 18.49, 14.56, 5.18, 11.58, 23.58, 13.09, 6.64, 10.88, 13.92, 8.64, 18.75, 7.78, 14.28, 9.0, 24.66, 13.22, 11.85, 21.8, 19.06, 0.0, 22.18, 16.45, 10.05, 8.62, 22.05, 13.23, 9.43, 11.71, 15.07, 8.35, 7.52, 13.87, 14.95, 74.71], [0.0, 21.27, 32.59, 4.69, 28.19, 27.45, 21.91, 41.63, 15.67, 5.6, 13.38, 29.06, 23.92, 18.86, 16.26, 28.66, 39.99, 22.84, 14.41, 21.66, 22.76, 35.1, 20.77, 18.79, 23.48, 26.66, 33.62, 44.51, 12.54, 18.3, 28.28, 8.33, 25.73, 6.08, 27.36, 21.26, 26.08, 12.85, 35.17, 32.37, 43.39, 17.53, 22.18, 0.0, 35.37, 12.27, 23.47, 16.41, 35.33, 28.7, 11.97, 36.62, 23.56, 25.05, 9.36, 34.26, 66.8], [0.0, 16.18, 22.91, 33.99, 7.18, 61.27, 15.64, 7.54, 19.7, 32.5, 23.22, 17.29, 21.31, 23.25, 22.03, 7.07, 16.58, 13.71, 21.19, 27.21, 13.11, 13.57, 16.25, 22.02, 14.57, 16.51, 9.96, 10.13, 23.15, 17.2, 7.09, 27.4, 9.66, 33.68, 19.75, 16.53, 9.3, 32.08, 9.29, 5.22, 21.5