{"digraph": {"vertex_count": 57, "arc_count": 3080, "arcs": [[0, 1, 1, 1, 1, 1, 1, 1, 1, 1, 1, 1, 1, 1, 1, 1, 1, 1, 1, 1, 1, 1, 1, 1, 1, 1, 1, 1, 1, 1, 1, 1, 1, 1, 1, 1, 1, 1, 1, 1, 1, 1, 1, 1, 1, 1, 1, 1, 1, 1, 1, 1, 1, 1, 1, 1, 1], [0, 0, 1, 1, 1, 1, 1, 1, 1, 1, 1, 1, 1, 1, 1, 1, 1, 1, 1, 1, 1, 1, 1, 1, 1, 1, 1, 1, 1, 1, 1, 1, 1, 1, 1, 1, 1, 1, 1, 1, 1, 1, 1, 1, 1, 1, 1, 1, 1, 1, 1, 1, 1, 1, 1, 1, 1], [0, 1, 0, 1, 1, 1, 1, 1, 1, 1, 1, 1, 1, 1, 1, 1, 1, 1, 1, 1, 1, 1, 1, 1, 1, 1, 1, 1, 1, 1, 1, 1, 1, 1, 1, 1, 1, 1, 1, 1, 1, 1, 1, 1, 1, 1, 1, 1, 1, 1, 1, 1, 1, 1, 1, 1, 1], [0, 1, 1, 0, 1, 1, 1, 1, 1, 1, 1, 1, 1, 1, 1, 1, 1, 1, 1, 1, 1, 1, 1, 1, 1, 1, 1, 1, 1, 1, 1, 1, 1, 1, 1, 1, 1, 1, 1, 1, 1, 1, 1, 1, 1, 1, 1, 1, 1, 1, 1, 1, 1, 1, 1, 1, 1], [0, 1, 1, 1, 0, 1, 1, 1, 1, 1, 1, 1, 1, 1, 1, 1, 1, 1, 1, 1, 1, 1, 1, 1, 1, 1, 1, 1, 1, 1, 1, 1, 1, 1, 1, 1, 1, 1, 1, 1, 1, 1, 1, 1, 1, 1, 1, 1, 1, 1, 1, 1, 1, 1, 1, 1, 1], [0, 1, 1, 1, 1, 0, 1, 1, 1, 1, 1, 1, 1, 1, 1, 1, 1, 1, 1, 1, 1, 1, 1, 1, 1, 1, 1, 1, 1, 1, 1, 1, 1, 1, 1, 1, 1, 1, 1, 1, 1, 1, 1, 1, 1, 1, 1, 1, 1, 1, 1, 1, 1, 1, 1, 1, 1], [0, 1, 1, 1, 1, 1, 0, 1, 1, 1, 1, 1, 1, 1, 1, 1, 1, 1, 1, 1, 1, 1, 1, 1, 1, 1, 1, 1, 1, 1, 1, 1, 1, 1, 1, 1, 1, 1, 1, 1, 1, 1, 1, 1, 1, 1, 1, 1, 1, 1, 1, 1, 1, 1, 1, 1, 1], [0, 1, 1, 1, 1, 1, 1, 0, 1, 1, 1, 1, 1, 1, 1, 1, 1, 1, 1, 1, 1, 1, 1, 1, 1, 1, 1, 1, 1, 1, 1, 1, 1, 1, 1, 1, 1, 1, 1, 1, 1, 1, 1, 1, 1, 1, 1, 1, 1, 1, 1, 1, 1, 1, 1, 1, 1], [0, 1, 1, 1, 1, 1, 1, 1, 0, 1, 1, 1, 1, 1, 1, 1, 1, 1, 1, 1, 1, 1, 1, 1, 1, 1, 1, 1, 1, 1, 1, 1, 1, 1, 1, 1, 1, 1, 1, 1, 1, 1, 1, 1, 1, 1, 1, 1, 1, 1, 1, 1, 1, 1, 1, 1, 1], [0, 1, 1, 1, 1, 1, 1, 1, 1, 0, 1, 1, 1, 1, 1, 1, 1, 1, 1, 1, 1, 1, 1, 1, 1, 1, 1, 1, 1, 1, 1, 1, 1, 1, 1, 1, 1, 1, 1, 1, 1, 1, 1, 1, 1, 1, 1, 1, 1, 1, 1, 1, 1, 1, 1, 1, 1], [0, 1, 1, 1, 1, 1, 1, 1, 1, 1, 0, 1, 1, 1, 1, 1, 1, 1, 1, 1, 1, 1, 1, 1, 1, 1, 1, 1, 1, 1, 1, 1, 1, 1, 1, 1, 1, 1, 1, 1, 1, 1, 1, 1, 1, 1, 1, 1, 1, 1, 1, 1, 1, 1, 1, 1, 1], [0, 1, 1, 1, 1, 1, 1, 1, 1, 1, 1, 0, 1, 1, 1, 1, 1, 1, 1, 1, 1, 1, 1, 1, 1, 1, 1, 1, 1, 1, 1, 1, 1, 1, 1, 1, 1, 1, 1, 1, 1, 1, 1, 1, 1, 1, 1, 1, 1, 1, 1, 1, 1, 1, 1, 1, 1], [0, 1, 1, 1, 1, 1, 1, 1, 1, 1, 1, 1, 0, 1, 1, 1, 1, 1, 1, 1, 1, 1, 1, 1, 1, 1, 1, 1, 1, 1, 1, 1, 1, 1, 1, 1, 1, 1, 1, 1, 1, 1, 1, 1, 1, 1, 1, 1, 1, 1, 1, 1, 1, 1, 1, 1, 1], [0, 1, 1, 1, 1, 1, 1, 1, 1, 1, 1, 1, 1, 0, 1, 1, 1, 1, 1, 1, 1, 1, 1, 1, 1, 1, 1, 1, 1, 1, 1, 1, 1, 1, 1, 1, 1, 1, 1, 1, 1, 1, 1, 1, 1, 1, 1, 1, 1, 1, 1, 1, 1, 1, 1, 1, 1], [0, 1, 1, 1, 1, 1, 1, 1, 1, 1, 1, 1, 1, 1, 0, 1, 1, 1, 1, 1, 1, 1, 1, 1, 1, 1, 1, 1, 1, 1, 1, 1, 1, 1, 1, 1, 1, 1, 1, 1, 1, 1, 1, 1, 1, 1, 1, 1, 1, 1, 1, 1, 1, 1, 1, 1, 1], [0, 1, 1, 1, 1, 1, 1, 1, 1, 1, 1, 1, 1, 1, 1, 0, 1, 1, 1, 1, 1, 1, 1, 1, 1, 1, 1, 1, 1, 1, 1, 1, 1, 1, 1, 1, 1, 1, 1, 1, 1, 1, 1, 1, 1, 1, 1, 1, 1, 1, 1, 1, 1, 1, 1, 1, 1], [0, 1, 1, 1, 1, 1, 1, 1, 1, 1, 1, 1, 1, 1, 1, 1, 0, 1, 1, 1, 1, 1, 1, 1, 1, 1, 1, 1, 1, 1, 1, 1, 1, 1, 1, 1, 1, 1, 1, 1, 1, 1, 1, 1, 1, 1, 1, 1, 1, 1, 1, 1, 1, 1, 1, 1, 1], [0, 1, 1, 1, 1, 1, 1, 1, 1, 1, 1, 1, 1, 1, 1, 1, 1, 0, 1, 1, 1, 1, 1, 1, 1, 1, 1, 1, 1, 1, 1, 1, 1, 1, 1, 1, 1, 1, 1, 1, 1, 1, 1, 1, 1, 1, 1, 1, 1, 1, 1, 1, 1, 1, 1, 1, 1], [0, 1, 1, 1, 1, 1, 1, 1, 1, 1, 1, 1, 1, 1, 1, 1, 1, 1, 0, 1, 1, 1, 1, 1, 1, 1, 1, 1, 1, 1, 1, 1, 1, 1, 1, 1, 1, 1, 1, 1, 1, 1, 1, 1, 1, 1, 1, 1, 1, 1, 1, 1, 1, 1, 1, 1, 1], [0, 1, 1, 1, 1, 1, 1, 1, 1, 1, 1, 1, 1, 1, 1, 1, 1, 1, 1, 0, 1, 1, 1, 1, 1, 1, 1, 1, 1, 1, 1, 1, 1, 1, 1, 1, 1, 1, 1, 1, 1, 1, 1, 1, 1, 1, 1, 1, 1, 1, 1, 1, 1, 1, 1, 1, 1], [0, 1, 1, 1, 1, 1, 1, 1, 1, 1, 1, 1, 1, 1, 1, 1, 1, 1, 1, 1, 0, 1, 1, 1, 1, 1, 1, 1, 1, 1, 1, 1, 1, 1, 1, 1, 1, 1, 1, 1, 1, 1, 1, 1, 1, 1, 1, 1, 1, 1, 1, 1, 1, 1, 1, 1, 1], [0, 1, 1, 1, 1, 1, 1, 1, 1, 1, 1, 1, 1, 1, 1, 1, 1, 1, 1, 1, 1, 0, 1, 1, 1, 1, 1, 1, 1, 1, 1, 1, 1, 1, 1, 1, 1, 1, 1, 1, 1, 1, 1, 1, 1, 1, 1, 1, 1, 1, 1, 1, 1, 1, 1, 1, 1], [0, 1, 1, 1, 1, 1, 1, 1, 1, 1, 1, 1, 1, 1, 1, 1, 1, 1, 1, 1, 1, 1, 0, 1, 1, 1, 1, 1, 1, 1, 1, 1, 1, 1, 1, 1, 1, 1, 1, 1, 1, 1, 1, 1, 1, 1, 1, 1, 1, 1, 1, 1, 1, 1, 1, 1, 1], [0, 1, 1, 1, 1, 1, 1, 1, 1, 1, 1, 1, 1, 1, 1, 1, 1, 1, 1, 1, 1, 1, 1, 0, 1, 1, 1, 1, 1, 1, 1, 1, 1, 1, 1, 1, 1, 1, 1, 1, 1, 1, 1, 1, 1, 1, 1, 1, 1, 1, 1, 1, 1, 1, 1, 1, 1], [0, 1, 1, 1, 1, 1, 1, 1, 1, 1, 1, 1, 1, 1, 1, 1, 1, 1, 1, 1, 1, 1, 1, 1, 0, 1, 1, 1, 1, 1, 1, 1, 1, 1, 1, 1, 1, 1, 1, 1, 1, 1, 1, 1, 1, 1, 1, 1, 1, 1, 1, 1, 1, 1, 1, 1, 1], [0, 1, 1, 1, 1, 1, 1, 1, 1, 1, 1, 1, 1, 1, 1, 1, 1, 1, 1, 1, 1, 1, 1, 1, 1, 0, 1, 1, 1, 1, 1, 1, 1, 1, 1, 1, 1, 1, 1, 1, 1, 1, 1, 1, 1, 1, 1, 1, 1, 1, 1, 1, 1, 1, 1, 1, 1], [0, 1, 1, 1, 1, 1, 1, 1, 1, 1, 1, 1, 1, 1, 1, 1, 1, 1, 1, 1, 1, 1, 1, 1, 1, 1, 0, 1, 1, 1, 1, 1, 1, 1, 1, 1, 1, 1, 1, 1, 1, 1, 1, 1, 1, 1, 1, 1, 1, 1, 1, 1, 1, 1, 1, 1, 1], [0, 1, 1, 1, 1, 1, 1, 1, 1, 1, 1, 1, 1, 1, 1, 1, 1, 1, 1, 1, 1, 1, 1, 1, 1, 1, 1, 0, 1, 1, 1, 1, 1, 1, 1, 1, 1, 1, 1, 1, 1, 1, 1, 1, 1, 1, 1, 1, 1, 1, 1, 1, 1, 1, 1, 1, 1], [0, 1, 1, 1, 1, 1, 1, 1, 1, 1, 1, 1, 1, 1, 1, 1, 1, 1, 1, 1, 1, 1, 1, 1, 1, 1, 1, 1, 0, 1, 1, 1, 1, 1, 1, 1, 1, 1, 1, 1, 1, 1, 1, 1, 1, 1, 1, 1, 1, 1, 1, 1, 1, 1, 1, 1, 1], [0, 1, 1, 1, 1, 1, 1, 1, 1, 1, 1, 1, 1, 1, 1, 1, 1, 1, 1, 1, 1, 1, 1, 1, 1, 1, 1, 1, 1, 0, 1, 1, 1, 1, 1, 1, 1, 1, 1, 1, 1, 1, 1, 1, 1, 1, 1, 1, 1, 1, 1, 1, 1, 1, 1, 1, 1], [0, 1, 1, 1, 1, 1, 1, 1, 1, 1, 1, 1, 1, 1, 1, 1, 1, 1, 1, 1, 1, 1, 1, 1, 1, 1, 1, 1, 1, 1, 0, 1, 1, 1, 1, 1, 1, 1, 1, 1, 1, 1, 1, 1, 1, 1, 1, 1, 1, 1, 1, 1, 1, 1, 1, 1, 1], [0, 1, 1, 1, 1, 1, 1, 1, 1, 1, 1, 1, 1, 1, 1, 1, 1, 1, 1, 1, 1, 1, 1, 1, 1, 1, 1, 1, 1, 1, 1, 0, 1, 1, 1, 1, 1, 1, 1, 1, 1, 1, 1, 1, 1, 1, 1, 1, 1, 1, 1, 1, 1, 1, 1, 1, 1], [0, 1, 1, 1, 1, 1, 1, 1, 1, 1, 1, 1, 1, 1, 1, 1, 1, 1, 1, 1, 1, 1, 1, 1, 1, 1, 1, 1, 1, 1, 1, 1, 0, 1, 1, 1, 1, 1, 1, 1, 1, 1, 1, 1, 1, 1, 1, 1, 1, 1, 1, 1, 1, 1, 1, 1, 1], [0, 1, 1, 1, 1, 1, 1, 1, 1, 1, 1, 1, 1, 1, 1, 1, 1, 1, 1, 1, 1, 1, 1, 1, 1, 1, 1, 1, 1, 1, 1, 1, 1, 0, 1, 1, 1, 1, 1, 1, 1, 1, 1, 1, 1, 1, 1, 1, 1, 1, 1, 1, 1, 1, 1, 1, 1], [0, 1, 1, 1, 1, 1, 1, 1, 1, 1, 1, 1, 1, 1, 1, 1, 1, 1, 1, 1, 1, 1, 1, 1, 1, 1, 1, 1, 1, 1, 1, 1, 1, 1, 0, 1, 1, 1, 1, 1, 1, 1, 1, 1, 1, 1, 1, 1, 1, 1, 1, 1, 1, 1, 1, 1, 1], [0, 1, 1, 1, 1, 1, 1, 1, 1, 1, 1, 1, 1, 1, 1, 1, 1, 1, 1, 1, 1, 1, 1, 1, 1, 1, 1, 1, 1, 1, 1, 1, 1, 1, 1, 0, 1, 1, 1, 1, 1, 1, 1, 1, 1, 1, 1, 1, 1, 1, 1, 1, 1, 1, 1, 1, 1], [0, 1, 1, 1, 1, 1, 1, 1, 1, 1, 1, 1, 1, 1, 1, 1, 1, 1, 1, 1, 1, 1, 1, 1, 1, 1, 1, 1, 1, 1, 1, 1, 1, 1, 1, 1, 0, 1, 1, 1, 1, 1, 1, 1, 1, 1, 1, 1, 1, 1, 1, 1, 1, 1, 1, 1, 1], [0, 1, 1, 1, 1, 1, 1, 1, 1, 1, 1, 1, 1, 1, 1, 1, 1, 1, 1, 1, 1, 1, 1, 1, 1, 1, 1, 1, 1, 1, 1, 1, 1, 1, 1, 1, 1, 0, 1, 1, 1, 1, 1, 1, 1, 1, 1, 1, 1, 1, 1, 1, 1, 1, 1, 1, 1], [0, 1, 1, 1, 1, 1, 1, 1, 1, 1, 1, 1, 1, 1, 1, 1, 1, 1, 1, 1, 1, 1, 1, 1, 1, 1, 1, 1, 1, 1, 1, 1, 1, 1, 1, 1, 1, 1, 0, 1, 1, 1, 1, 1, 1, 1, 1, 1, 1, 1, 1, 1, 1, 1, 1, 1, 1], [0, 1, 1, 1, 1, 1, 1, 1, 1, 1, 1, 1, 1, 1, 1, 1, 1, 1, 1, 1, 1, 1, 1, 1, 1, 1, 1, 1, 1, 1, 1, 1, 1, 1, 1, 1, 1, 1, 1, 0, 1, 1, 1, 1, 1, 1, 1, 1, 1, 1, 1, 1, 1, 1, 1, 1, 1], [0, 1, 1, 1, 1, 1, 1, 1, 1, 1, 1, 1, 1, 1, 1, 1, 1, 1, 1, 1, 1, 1, 1, 1, 1, 1, 1, 1, 1, 1, 1, 1, 1, 1, 1, 1, 1, 1, 1, 1, 0, 1, 1, 1, 1, 1, 1, 1, 1, 1, 1, 1, 1, 1, 1, 1, 1], [0, 1, 1, 1, 1, 1, 1, 1, 1, 1, 1, 1, 1, 1, 1, 1, 1, 1, 1, 1, 1, 1, 1, 1, 1, 1, 1, 1, 1, 1, 1, 1, 1, 1, 1, 1, 1, 1, 1, 1, 1, 0, 1, 1, 1, 1, 1, 1, 1, 1, 1, 1, 1, 1, 1, 1, 1], [0, 1, 1, 1, 1, 1, 1, 1, 1, 1, 1, 1, 1, 1, 1, 1, 1, 1, 1, 1, 1, 1, 1, 1, 1, 1, 1, 1, 1, 1, 1, 1, 1, 1, 1, 1, 1, 1, 1, 1, 1, 1, 0, 1, 1, 1, 1, 1, 1, 1, 1, 1, 1, 1, 1, 1, 1], [0, 1, 1, 1, 1, 1, 1, 1, 1, 1, 1, 1, 1, 1, 1, 1, 1, 1, 1, 1, 1, 1, 1, 1, 1, 1, 1, 1, 1, 1, 1, 1, 1, 1, 1, 1, 1, 1, 1, 1, 1, 1, 1, 0, 1, 1, 1, 1, 1, 1, 1, 1, 1, 1, 1, 1, 1], [0, 1, 1, 1, 1, 1, 1, 1, 1, 1, 1, 1, 1, 1, 1, 1, 1, 1, 1, 1, 1, 1, 1, 1, 1, 1, 1, 1, 1, 1, 1, 1, 1, 1, 1, 1, 1, 1, 1, 1, 1, 1, 1, 1, 0, 1, 1, 1, 1, 1, 1, 1, 1, 1, 1, 1, 1], [0, 1, 1, 1, 1, 1, 1, 1, 1, 1, 1, 1, 1, 1, 1, 1, 1, 1, 1, 1, 1, 1, 1, 1, 1, 1, 1, 1, 1, 1, 1, 1, 1, 1, 1, 1, 1, 1, 1, 1, 1, 1, 1, 1, 1, 0, 1, 1, 1, 1, 1, 1, 1, 1, 1, 1, 1], [0, 1, 1, 1, 1, 1, 1, 1, 1, 1, 1, 1, 1, 1, 1, 1, 1, 1, 1, 1, 1, 1, 1, 1, 1, 1, 1, 1, 1, 1, 1, 1, 1, 1, 1, 1, 1, 1, 1, 1, 1, 1, 1, 1, 1, 1, 0, 1, 1, 1, 1, 1, 1, 1, 1, 1, 1], [0, 1, 1, 1, 1, 1, 1, 1, 1, 1, 1, 1, 1, 1, 1, 1, 1, 1, 1, 1, 1, 1, 1, 1, 1, 1, 1, 1, 1, 1, 1, 1, 1, 1, 1, 1, 1, 1, 1, 1, 1, 1, 1, 1, 1, 1, 1, 0, 1, 1, 1, 1, 1, 1, 1, 1, 1], [0, 1, 1, 1, 1, 1, 1, 1, 1, 1, 1, 1, 1, 1, 1, 1, 1, 1, 1, 1, 1, 1, 1, 1, 1, 1, 1, 1, 1, 1, 1, 1, 1, 1, 1, 1, 1, 1, 1, 1, 1, 1, 1, 1, 1, 1, 1, 1, 0, 1, 1, 1, 1, 1, 1, 1, 1], [0, 1, 1, 1, 1, 1, 1, 1, 1, 1, 1, 1, 1, 1, 1, 1, 1, 1, 1, 1, 1, 1, 1, 1, 1, 1, 1, 1, 1, 1, 1, 1, 1, 1, 1, 1, 1, 1, 1, 1, 1, 1, 1, 1, 1, 1, 1, 1, 1, 0, 1, 1, 1, 1, 1, 1, 1], [0, 1, 1, 1, 1, 1, 1, 1, 1, 1, 1, 1, 1, 1, 1, 1, 1, 1, 1, 1, 1, 1, 1, 1, 1, 1, 1, 1, 1, 1, 1, 1, 1, 1, 1, 1, 1, 1, 1, 1, 1, 1, 1, 1, 1, 1, 1, 1, 1, 1, 0, 1, 1, 1, 1, 1, 1], [0, 1, 1, 1, 1, 1, 1, 1, 1, 1, 1, 1, 1, 1, 1, 1, 1, 1, 1, 1, 1, 1, 1, 1, 1, 1, 1, 1, 1, 1, 1, 1, 1, 1, 1, 1, 1, 1, 1, 1, 1, 1, 1, 1, 1, 1, 1, 1, 1, 1, 1, 0, 1, 1, 1, 1, 1], [0, 1, 1, 1, 1, 1, 1, 1, 1, 1, 1, 1, 1, 1, 1, 1, 1, 1, 1, 1, 1, 1, 1, 1, 1, 1, 1, 1, 1, 1, 1, 1, 1, 1, 1, 1, 1, 1, 1, 1, 1, 1, 1, 1, 1, 1, 1, 1, 1, 1, 1, 1, 0, 1, 1, 1, 1], [0, 1, 1, 1, 1, 1, 1, 1, 1, 1, 1, 1, 1, 1, 1, 1, 1, 1, 1, 1, 1, 1, 1, 1, 1, 1, 1, 1, 1, 1, 1, 1, 1, 1, 1, 1, 1, 1, 1, 1, 1, 1, 1, 1, 1, 1, 1, 1, 1, 1, 1, 1, 1, 0, 1, 1, 1], [0, 1, 1, 1, 1, 1, 1, 1, 1, 1, 1, 1, 1, 1, 1, 1, 1, 1, 1, 1, 1, 1, 1, 1, 1, 1, 1, 1, 1, 1, 1, 1, 1, 1, 1, 1, 1, 1, 1, 1, 1, 1, 1, 1, 1, 1, 1, 1, 1, 1, 1, 1, 1, 1, 0, 1, 1], [0, 1, 1, 1, 1, 1, 1, 1, 1, 1, 1, 1, 1, 1, 1, 1, 1, 1, 1, 1, 1, 1, 1, 1, 1, 1, 1, 1, 1, 1, 1, 1, 1, 1, 1, 1, 1, 1, 1, 1, 1, 1, 1, 1, 1, 1, 1, 1, 1, 1, 1, 1, 1, 1, 1, 0, 1], [0, 0, 0, 0, 0, 0, 0, 0, 0, 0, 0, 0, 0, 0, 0, 0, 0, 0, 0, 0, 0, 0, 0, 0, 0, 0, 0, 0, 0, 0, 0, 0, 0, 0, 0, 0, 0, 0, 0, 0, 0, 0, 0, 0, 0, 0, 0, 0, 0, 0, 0, 0, 0, 0, 0, 0, 0]]}, "cluster_count": 3, "cluster_speeds": [[0.925, 0.85, 0.925, 1.0, 0.8325, 0.765, 0.8325, 0.9, 0.4625, 0.425, 0.4625, 0.5, 0.30525, 0.2805, 0.30525, 0.33, 0.37, 0.34, 0.37, 0.4, 0.555, 0.51, 0.555, 0.6, 0.6475, 0.595, 0.6475, 0.7, 0.37, 0.34, 0.37, 0.4, 0.30525, 0.2805, 0.30525, 0.33, 0.4625, 0.425, 0.4625, 0.5, 0.6475, 0.595, 0.6475, 0.7, 0.74, 0.68, 0.74, 0.8, 0.6475, 0.595, 0.6475, 0.7, 0.4625, 0.425, 0.4625, 0.5, 0.555, 0.51, 0.555, 0.6, 0.6475, 0.595, 0.6475, 0.7, 0.8325, 0.765, 0.8325, 0.9, 0.925, 0.85, 0.925, 1.0, 1.0], [0.6475, 0.595, 0.6475, 0.7, 0.58275, 0.5355, 0.58275, 0.63, 0.32375, 0.2975, 0.32375, 0.35, 0.213675, 0.19635, 0.213675, 0.23099999999999998, 0.259, 0.238, 0.259, 0.27999999999999997, 0.3885, 0.357, 0.3885, 0.42, 0.6475, 0.595, 0.6475, 0.7, 0.37, 0.34, 0.37, 0.4, 0.30525, 0.2805, 0.30525, 0.33, 0.4625, 0.425, 0.4625, 0.5, 0.6475, 0.595, 0.6475, 0.7, 0.74, 0.68, 0.74, 0.8, 0.45324999999999993, 0.4165, 0.45324999999999993, 0.48999999999999994, 0.32375, 0.2975, 0.32375, 0.35, 0.3885, 0.357, 0.3885, 0.42, 0.45324999999999993, 0.4165, 0.45324999999999993, 0.48999999999999994, 0.58275, 0.5355, 0.58275, 0.63, 0.6475, 0.595, 0.6475, 0.7, 0.7], [0.87875, 0.8075, 0.87875, 0.95, 0.790875, 0.72675, 0.790875, 0.855, 0.439375, 0.40375, 0.439375, 0.475, 0.2899875, 0.266475, 0.2899875, 0.3135, 0.3515, 0.323, 0.3515, 0.38, 0.52725, 0.4845, 0.52725, 0.57, 0.6475, 0.595, 0.6475, 0.7, 0.37, 0.34, 0.37, 0.4, 0.30525, 0.2805, 0.30525, 0.33, 0.4625, 0.425, 0.4625, 0.5, 0.6475, 0.595, 0.6475, 0.7, 0.74, 0.68, 0.74, 0.8, 0.6151249999999999, 0.5652499999999999, 0.6151249999999999, 0.6649999999999999, 0.439375, 0.40375, 0.439375, 0.475, 0.52725, 0.4845, 0.52725, 0.57, 0.6151249999999999, 0.5652499999999999, 0.6151249999999999, 0.6649999999999999, 0.790875, 0.72675, 0.790875, 0.855, 0.87875, 0.8075, 0.87875, 0.95, 0.95]], "clusters": [[-1, 2, 2, 2, 2, 2, 2, 2, 2, 2, 2, 2, 2, 2, 2, 2, 2, 2, 2, 2, 2, 2, 2, 2, 2, 2, 2, 2, 2, 2, 2, 2, 2, 2, 2, 2, 2, 2, 2, 2, 2, 2, 2, 2, 2, 2, 2, 2, 2, 2, 2, 2, 2, 2, 2, 2, 2], [0, -1, 0, 0, 0, 0, 0, 0, 0, 0, 0, 0, 0, 0, 0, 0, 0, 0, 0, 0, 0, 0, 0, 0, 0, 0, 0, 0, 0, 0, 0, 0, 0, 0, 0, 0, 0, 0, 0, 0, 0, 0, 0, 0, 0, 0, 0, 0, 0, 0, 0, 0, 0, 0, 0, 0, 0], [0, 0, -1, 0, 0, 0, 0, 0, 0, 0, 0, 0, 0, 0, 0, 0, 0, 0, 0, 0, 0, 0, 0, 0, 0, 0, 0, 0, 0, 0, 0, 0, 0, 0, 0, 0, 0, 0, 0, 0, 0, 0, 0, 0, 0, 0, 0, 0, 0, 0, 0, 0, 0, 0, 0, 0, 0], [0, 0, 0, -1, 0, 0, 0, 0, 0, 0, 0, 0, 0, 0, 0, 0, 0, 0, 0, 0, 0, 0, 0, 0, 0, 0, 0, 0, 0, 0, 0, 0, 0, 0, 0, 0, 0, 0, 0, 0, 0, 0, 0, 0, 0, 0, 0, 0, 0, 0, 0, 0, 0, 0, 0, 0, 0], [0, 0, 0, 0, -1, 0, 0, 0, 0, 0, 0, 0, 0, 0, 0, 0, 0, 0, 0, 0, 0, 0, 0, 0, 0, 0, 0, 0, 0, 0, 0, 0, 0, 0, 0, 0, 0, 0, 0, 0, 0, 0, 0, 0, 0, 0, 0, 0, 0, 0, 0, 0, 0, 0, 0, 0, 0], [0, 0, 0, 0, 0, -1, 0, 0, 0, 0, 0, 0, 0, 0, 0, 0, 0, 0, 0, 0, 0, 0, 0, 0, 0, 0, 0, 0, 0, 0, 0, 0, 0, 0, 0, 0, 0, 0, 0, 0, 0, 0, 0, 0, 0, 0, 0, 0, 0, 0, 0, 0, 0, 0, 0, 0, 0], [0, 0, 0, 0, 0, 0, -1, 0, 0, 0, 0, 0, 0, 0, 0, 0, 0, 0, 0, 0, 0, 0, 0, 0, 0, 0, 0, 0, 0, 0, 0, 0, 0, 0, 0, 0, 0, 0, 0, 0, 0, 0, 0, 0, 0, 0, 0, 0, 0, 0, 0, 0, 0, 0, 0, 0, 0], [0, 0, 0, 0, 0, 0, 0, -1, 0, 0, 0, 0, 0, 0, 0, 0, 0, 0, 0, 0, 0, 0, 0, 0, 0, 0, 0, 0, 0, 0, 0, 0, 0, 0, 0, 0, 0, 0, 0, 0, 0, 0, 0, 0, 0, 0, 0, 0, 0, 0, 0, 0, 0, 0, 0, 0, 0], [0, 0, 0, 0, 0, 0, 0, 0, -1, 0, 0, 0, 0, 0, 0, 0, 0, 0, 0, 0, 0, 0, 0, 0, 0, 0, 0, 0, 0, 0, 0, 0, 0, 0, 0, 0, 0, 0, 0, 0, 0, 0, 0, 0, 0, 0, 0, 0, 0, 0, 0, 0, 0, 0, 0, 0, 0], [0, 0, 0, 0, 0, 0, 0, 0, 0, -1, 0, 0, 0, 0, 0, 0, 0, 0, 0, 0, 0, 0, 0, 0, 0, 0, 0, 0, 0, 0, 0, 0, 0, 0, 0, 0, 0, 0, 0, 0, 0, 0, 0, 0, 0, 0, 0, 0, 0, 0, 0, 0, 0, 0, 0, 0, 0], [0, 0, 0, 0, 0, 0, 0, 0, 0, 0, -1, 0, 0, 0, 0, 0, 0, 0, 0, 0, 0, 0, 0, 0, 0, 0, 0, 0, 0, 0, 0, 0, 0, 0, 0, 0, 0, 0, 0, 0, 0, 0, 0, 0, 0, 0, 0, 0, 0, 0, 0, 0, 0, 0, 0, 0, 0], [2, 2, 2, 2, 2, 2, 2, 2, 2, 2, 2, -1, 2, 2, 2, 2, 2, 2, 2, 2, 2, 2, 2, 2, 2, 2, 2, 2, 2, 2, 2, 2, 2, 2, 2, 2, 2, 2, 2, 2, 2, 2, 2, 2, 2, 2, 2, 2, 2, 2, 2, 2, 2, 2, 2, 2, 2], [0, 0, 0, 0, 0, 0, 0, 0, 0, 0, 0, 0, -1, 0, 0, 0, 0, 0, 0, 0, 0, 0, 0, 0, 0, 0, 0, 0, 0, 0, 0, 0, 0, 0, 0, 0, 0, 0, 0, 0, 0, 0, 0, 0, 0, 0, 0, 0, 0, 0, 0, 0, 0, 0, 0, 0, 0], [0, 0, 0, 0, 0, 0, 0, 0, 0, 0, 0, 0, 0, -1, 0, 0, 0, 0, 0, 0, 0, 0, 0, 0, 0, 0, 0, 0, 0, 0, 0, 0, 0, 0, 0, 0, 0, 0, 0, 0, 0, 0, 0, 0, 0, 0, 0, 0, 0, 0, 0, 0, 0, 0, 0, 0, 0], [0, 0, 0, 0, 0, 0, 0, 0, 0, 0, 0, 0, 0, 0, -1, 0, 0, 0, 0, 0, 0, 0, 0, 0, 0, 0, 0, 0, 0, 0, 0, 0, 0, 0, 0, 0, 0, 0, 0, 0, 0, 0, 0, 0, 0, 0, 0, 0, 0, 0, 0, 0, 0, 0, 0, 0, 0], [0, 0, 0, 0, 0, 0, 0, 0, 0, 0, 0, 0, 0, 0, 0, -1, 0, 0, 0, 0, 0, 0, 0, 0, 0, 0, 0, 0, 0, 0, 0, 0, 0, 0, 0, 0, 0, 0, 0, 0, 0, 0, 0, 0, 0, 0, 0, 0, 0, 0, 0, 0, 0, 0, 0, 0, 0], [0, 0, 0, 0, 0, 0, 0, 0, 0, 0, 0, 0, 0, 0, 0, 0, -1, 0, 0, 0, 0, 0, 0, 0, 0, 0, 0, 0, 0, 0, 0, 0, 0, 0, 0, 0, 0, 0, 0, 0, 0, 0, 0, 0, 0, 0, 0, 0, 0, 0, 0, 0, 0, 0, 0, 0, 0], [0, 0, 0, 0, 0, 0, 0, 0, 0, 0, 0, 0, 0, 0, 0, 0, 0, -1, 0, 0, 0, 0, 0, 0, 0, 0, 0, 0, 0, 0, 0, 0, 0, 0, 0, 0, 0, 0, 0, 0, 0, 0, 0, 0, 0, 0, 0, 0, 0, 0, 0, 0, 0, 0, 0, 0, 0], [0, 0, 0, 0, 0, 0, 0, 0, 0, 0, 0, 0, 0, 0, 0, 0, 0, 0, -1, 0, 0, 0, 0, 0, 0, 0, 0, 0, 0, 0, 0, 0, 0, 0, 0, 0, 0, 0, 0, 0, 0, 0, 0, 0, 0, 0, 0, 0, 0, 0, 0, 0, 0, 0, 0, 0, 0], [0, 0, 0, 0, 0, 0, 0, 0, 0, 0, 0, 0, 0, 0, 0, 0, 0, 0, 0, -1, 0, 0, 0, 0, 0, 0, 0, 0, 0, 0, 0, 0, 0, 0, 0, 0, 0, 0, 0, 0, 0, 0, 0, 0, 0, 0, 0, 0, 0, 0, 0, 0, 0, 0, 0, 0, 0], [0, 0, 0, 0, 0, 0, 0, 0, 0, 0, 0, 0, 0, 0, 0, 0, 0, 0, 0, 0, -1, 0, 0, 0, 0, 0, 0, 0, 0, 0, 0, 0, 0, 0, 0, 0, 0, 0, 0, 0, 0, 0, 0, 0, 0, 0, 0, 0, 0, 0, 0, 0, 0, 0, 0, 0, 0], [0, 0, 0, 0, 0, 0, 0, 0, 0, 0, 0, 0, 0, 0, 0, 0, 0, 0, 0, 0, 0, -1, 0, 0, 0, 0, 0, 0, 0, 0, 0, 0, 0, 0, 0, 0, 0, 0, 0, 0, 0, 0, 0, 0, 0, 0, 0, 0, 0, 0, 0, 0, 0, 0, 0, 0, 0], [0, 0, 0, 0, 0, 0, 0, 0, 0, 0, 0, 0, 0, 0, 0, 0, 0, 0, 0, 0, 0, 0, -1, 0, 0, 0, 0, 0, 0, 0, 0, 0, 0, 0, 0, 0, 0, 0, 0, 0, 0, 0, 0, 0, 0, 0, 0, 0, 0, 0, 0, 0, 0, 0, 0, 0, 0], [0, 0, 0, 0, 0, 0, 0, 0, 0, 0, 0, 0, 0, 0, 0, 0, 0, 0, 0, 0, 0, 0, 0, -1, 0, 0, 0, 0, 0, 0, 0, 0, 0, 0, 0, 0, 0, 0, 0, 0, 0, 0, 0, 0, 0, 0, 0, 0, 0, 0, 0, 0, 0, 0, 0, 0, 0], [0, 0, 0, 0, 0, 0, 0, 0, 0, 0, 0, 0, 0, 0, 0, 0, 0, 0, 0, 0, 0, 0, 0, 0, -1, 0, 0, 0, 0, 0, 0, 0, 0, 0, 0, 0, 0, 0, 0, 0, 0, 0, 0, 0, 0, 0, 0, 0, 0, 0, 0, 0, 0, 0, 0, 0, 0], [1, 1, 1, 1, 1, 1, 1, 1, 1, 1, 1, 1, 1, 1, 1, 1, 1, 1, 1, 1, 1, 1, 1, 1, 1, -1, 1, 1, 1, 1, 1, 1, 1, 1, 1, 1, 1, 1, 1, 1, 1, 1, 1, 1, 1, 1, 1, 1, 1, 1, 1, 1, 1, 1, 1, 1, 1], [0, 0, 0, 0, 0, 0, 0, 0, 0, 0, 0, 0, 0, 0, 0, 0, 0, 0, 0, 0, 0, 0, 0, 0, 0, 0, -1, 0, 0, 0, 0, 0, 0, 0, 0, 0, 0, 0, 0, 0, 0, 0, 0, 0, 0, 0, 0, 0, 0, 0, 0, 0, 0, 0, 0, 0, 0], [0, 0, 0, 0, 0, 0, 0, 0, 0, 0, 0, 0, 0, 0, 0, 0, 0, 0, 0, 0, 0, 0, 0, 0, 0, 0, 0, -1, 0, 0, 0, 0, 0, 0, 0, 0, 0, 0, 0, 0, 0, 0, 0, 0, 0, 0, 0, 0, 0, 0, 0, 0, 0, 0, 0, 0, 0], [0, 0, 0, 0, 0, 0, 0, 0, 0, 0, 0, 0, 0, 0, 0, 0, 0, 0, 0, 0, 0, 0, 0, 0, 0, 0, 0, 0, -1, 0, 0, 0, 0, 0, 0, 0, 0, 0, 0, 0, 0, 0, 0, 0, 0, 0, 0, 0, 0, 0, 0, 0, 0, 0, 0, 0, 0], [0, 0, 0, 0, 0, 0, 0, 0, 0, 0, 0, 0, 0, 0, 0, 0, 0, 0, 0, 0, 0, 0, 0, 0, 0, 0, 0, 0, 0, -1, 0, 0, 0, 0, 0, 0, 0, 0, 0, 0, 0, 0, 0, 0, 0, 0, 0, 0, 0, 0, 0, 0, 0, 0, 0, 0, 0], [0, 0, 0, 0, 0, 0, 0, 0, 0, 0, 0, 0, 0, 0, 0, 0, 0, 0, 0, 0, 0, 0, 0, 0, 0, 0, 0, 0, 0, 0, -1, 0, 0, 0, 0, 0, 0, 0, 0, 0, 0, 0, 0, 0, 0, 0, 0, 0, 0, 0, 0, 0, 0, 0, 0, 0, 0], [0, 0, 0, 0, 0, 0, 0, 0, 0, 0, 0, 0, 0, 0, 0, 0, 0, 0, 0, 0, 0, 0, 0, 0, 0, 0, 0, 0, 0, 0, 0, -1, 0, 0, 0, 0, 0, 0, 0, 0, 0, 0, 0, 0, 0, 0, 0, 0, 0, 0, 0, 0, 0, 0, 0, 0, 0], [0, 0, 0, 0, 0, 0, 0, 0, 0, 0, 0, 0, 0, 0, 0, 0, 0, 0, 0, 0, 0, 0, 0, 0, 0, 0, 0, 0, 0, 0, 0, 0, -1, 0, 0, 0, 0, 0, 0, 0, 0, 0, 0, 0, 0, 0, 0, 0, 0, 0, 0, 0, 0, 0, 0, 0, 0], [0, 0, 0, 0, 0, 0, 0, 0, 0, 0, 0, 0, 0, 0, 0, 0, 0, 0, 0, 0, 0, 0, 0, 0, 0, 0, 0, 0, 0, 0, 0, 0, 0, -1, 0, 0, 0, 0, 0, 0, 0, 0, 0, 0, 0, 0, 0, 0, 0, 0, 0, 0, 0, 0, 0, 0, 0], [0, 0, 0, 0, 0, 0, 0, 0, 0, 0, 0, 0, 0, 0, 0, 0, 0, 0, 0, 0, 0, 0, 0, 0, 0, 0, 0, 0, 0, 0, 0, 0, 0, 0, -1, 0, 0, 0, 0, 0, 0, 0, 0, 0, 0, 0, 0, 0, 0, 0, 0, 0, 0, 0, 0, 0, 0], [1, 1, 1, 1, 1, 1, 1, 1, 1, 1, 1, 1, 1, 1, 1, 1, 1, 1, 1, 1, 1, 1, 1, 1, 1, 1, 1, 1, 1, 1, 1, 1, 1, 1, 1, -1, 1, 1, 1, 1, 1, 1, 1, 1, 1, 1, 1, 1, 1, 1, 1, 1, 1, 1, 1, 1, 1], [0, 0, 0, 0, 0, 0, 0, 0, 0, 0, 0, 0, 0, 0, 0, 0, 0, 0, 0, 0, 0, 0, 0, 0, 0, 0, 0, 0, 0, 0, 0, 0, 0, 0, 0, 0, -1, 0, 0, 0, 0, 0, 0, 0, 0, 0, 0, 0, 0, 0, 0, 0, 0, 0, 0, 0, 0], [0, 0, 0, 0, 0, 0, 0, 0, 0, 0, 0, 0, 0, 0, 0, 0, 0, 0, 0, 0, 0, 0, 0, 0, 0, 0, 0, 0, 0, 0, 0, 0, 0, 0, 0, 0, 0, -1, 0, 0, 0, 0, 0, 0, 0, 0, 0, 0, 0, 0, 0, 0, 0, 0, 0, 0, 0], [0, 0, 0, 0, 0, 0, 0, 0, 0, 0, 0, 0, 0, 0, 0, 0, 0, 0, 0, 0, 0, 0, 0, 0, 0, 0, 0, 0, 0, 0, 0, 0, 0, 0, 0, 0, 0, 0, -1, 0, 0, 0, 0, 0, 0, 0, 0, 0, 0, 0, 0, 0, 0, 0, 0, 0, 0], [0, 0, 0, 0, 0, 0, 0, 0, 0, 0, 0, 0, 0, 0, 0, 0, 0, 0, 0, 0, 0, 0, 0, 0, 0, 0, 0, 0, 0, 0, 0, 0, 0, 0, 0, 0, 0, 0, 0, -1, 0, 0, 0, 0, 0, 0, 0, 0, 0, 0, 0, 0, 0, 0, 0, 0, 0], [0, 0, 0, 0, 0, 0, 0, 0, 0, 0, 0, 0, 0, 0, 0, 0, 0, 0, 0, 0, 0, 0, 0, 0, 0, 0, 0, 0, 0, 0, 0, 0, 0, 0, 0, 0, 0, 0, 0, 0, -1, 0, 0, 0, 0, 0, 0, 0, 0, 0, 0, 0, 0, 0, 0, 0, 0], [0, 0, 0, 0, 0, 0, 0, 0, 0, 0, 0, 0, 0, 0, 0, 0, 0, 0, 0, 0, 0, 0, 0, 0, 0, 0, 0, 0, 0, 0, 0, 0, 0, 0, 0, 0, 0, 0, 0, 0, 0, -1, 0, 0, 0, 0, 0, 0, 0, 0, 0, 0, 0, 0, 0, 0, 0], [0, 0, 0, 0, 0, 0, 0, 0, 0, 0, 0, 0, 0, 0, 0, 0, 0, 0, 0, 0, 0, 0, 0, 0, 0, 0, 0, 0, 0, 0, 0, 0, 0, 0, 0, 0, 0, 0, 0, 0, 0, 0, -1, 0, 0, 0, 0, 0, 0, 0, 0, 0, 0, 0, 0, 0, 0], [0, 0, 0, 0, 0, 0, 0, 0, 0, 0, 0, 0, 0, 0, 0, 0, 0, 0, 0, 0, 0, 0, 0, 0, 0, 0, 0, 0, 0, 0, 0, 0, 0, 0, 0, 0, 0, 0, 0, 0, 0, 0, 0, -1, 0, 0, 0, 0, 0, 0, 0, 0, 0, 0, 0, 0, 0], [0, 0, 0, 0, 0, 0, 0, 0, 0, 0, 0, 0, 0, 0, 0, 0, 0, 0, 0, 0, 0, 0, 0, 0, 0, 0, 0, 0, 0, 0, 0, 0, 0, 0, 0, 0, 0, 0, 0, 0, 0, 0, 0, 0, -1, 0, 0, 0, 0, 0, 0, 0, 0, 0, 0, 0, 0], [0, 0, 0, 0, 0, 0, 0, 0, 0, 0, 0, 0, 0, 0, 0, 0, 0, 0, 0, 0, 0, 0, 0, 0, 0, 0, 0, 0, 0, 0, 0, 0, 0, 0, 0, 0, 0, 0, 0, 0, 0, 0, 0, 0, 0, -1, 0, 0, 0, 0, 0, 0, 0, 0, 0, 0, 0], [0, 0, 0, 0, 0, 0, 0, 0, 0, 0, 0, 0, 0, 0, 0, 0, 0, 0, 0, 0, 0, 0, 0, 0, 0, 0, 0, 0, 0, 0, 0, 0, 0, 0, 0, 0, 0, 0, 0, 0, 0, 0, 0, 0, 0, 0, -1, 0, 0, 0, 0, 0, 0, 0, 0, 0, 0], [0, 0, 0, 0, 0, 0, 0, 0, 0, 0, 0, 0, 0, 0, 0, 0, 0, 0, 0, 0, 0, 0, 0, 0, 0, 0, 0, 0, 0, 0, 0, 0, 0, 0, 0, 0, 0, 0, 0, 0, 0, 0, 0, 0, 0, 0, 0, -1, 0, 0, 0, 0, 0, 0, 0, 0, 0], [0, 0, 0, 0, 0, 0, 0, 0, 0, 0, 0, 0, 0, 0, 0, 0, 0, 0, 0, 0, 0, 0, 0, 0, 0, 0, 0, 0, 0, 0, 0, 0, 0, 0, 0, 0, 0, 0, 0, 0, 0, 0, 0, 0, 0, 0, 0, 0, -1, 0, 0, 0, 0, 0, 0, 0, 0], [0, 0, 0, 0, 0, 0, 0, 0, 0, 0, 0, 0, 0, 0, 0, 0, 0, 0, 0, 0, 0, 0, 0, 0, 0, 0, 0, 0, 0, 0, 0, 0, 0, 0, 0, 0, 0, 0, 0, 0, 0, 0, 0, 0, 0, 0, 0, 0, 0, -1, 0, 0, 0, 0, 0, 0, 0], [0, 0, 0, 0, 0, 0, 0, 0, 0, 0, 0, 0, 0, 0, 0, 0, 0, 0, 0, 0, 0, 0, 0, 0, 0, 0, 0, 0, 0, 0, 0, 0, 0, 0, 0, 0, 0, 0, 0, 0, 0, 0, 0, 0, 0, 0, 0, 0, 0, 0, -1, 0, 0, 0, 0, 0, 0], [1, 1, 1, 1, 1, 1, 1, 1, 1, 1, 1, 1, 1, 1, 1, 1, 1, 1, 1, 1, 1, 1, 1, 1, 1, 1, 1, 1, 1, 1, 1, 1, 1, 1, 1, 1, 1, 1, 1, 1, 1, 1, 1, 1, 1, 1, 1, 1, 1, 1, 1, -1, 1, 1, 1, 1, 1], [0, 0, 0, 0, 0, 0, 0, 0, 0, 0, 0, 0, 0, 0, 0, 0, 0, 0, 0, 0, 0, 0, 0, 0, 0, 0, 0, 0, 0, 0, 0, 0, 0, 0, 0, 0, 0, 0, 0, 0, 0, 0, 0, 0, 0, 0, 0, 0, 0, 0, 0, 0, -1, 0, 0, 0, 0], [0, 0, 0, 0, 0, 0, 0, 0, 0, 0, 0, 0, 0, 0, 0, 0, 0, 0, 0, 0, 0, 0, 0, 0, 0, 0, 0, 0, 0, 0, 0, 0, 0, 0, 0, 0, 0, 0, 0, 0, 0, 0, 0, 0, 0, 0, 0, 0, 0, 0, 0, 0, 0, -1, 0, 0, 0], [0, 0, 0, 0, 0, 0, 0, 0, 0, 0, 0, 0, 0, 0, 0, 0, 0, 0, 0, 0, 0, 0, 0, 0, 0, 0, 0, 0, 0, 0, 0, 0, 0, 0, 0, 0, 0, 0, 0, 0, 0, 0, 0, 0, 0, 0, 0, 0, 0, 0, 0, 0, 0, 0, -1, 0, 0], [0, 0, 0, 0, 0, 0, 0, 0, 0, 0, 0, 0, 0, 0, 0, 0, 0, 0, 0, 0, 0, 0, 0, 0, 0, 0, 0, 0, 0, 0, 0, 0, 0, 0, 0, 0, 0, 0, 0, 0, 0, 0, 0, 0, 0, 0, 0, 0, 0, 0, 0, 0, 0, 0, 0, -1, 0], [2, 2, 2, 2, 2, 2, 2, 2, 2, 2, 2, 2, 2, 2, 2, 2, 2, 2, 2, 2, 2, 2, 2, 2, 2, 2, 2, 2, 2, 2, 2, 2, 2, 2, 2, 2, 2, 2, 2, 2, 2, 2, 2, 2, 2, 2, 2, 2, 2, 2, 2, 2, 2, 2, 2, 2, -1]], "speed_zone_count": 73, "speed_zones": [[0.0, 15.0], [15.0, 30.0], [30.0, 45.0], [45.0, 60.0], [60.0, 75.0], [75.0, 90.0], [90.0, 105.0], [105.0, 120.0], [120.0, 135.0], [135.0, 150.0], [150.0, 165.0], [165.0, 180.0], [180.0, 195.0], [195.0, 210.0], [210.0, 225.0], [225.0, 240.0], [240.0, 255.0], [255.0, 270.0], [270.0, 285.0], [285.0, 300.0], [300.0, 315.0], [315.0, 330.0], [330.0, 345.0], [345.0, 360.0], [360.0, 375.0], [375.0, 390.0], [390.0, 405.0], [405.0, 420.0], [420.0, 435.0], [435.0, 450.0], [450.0, 465.0], [465.0, 480.0], [480.0, 495.0], [495.0, 510.0], [510.0, 525.0], [525.0, 540.0], [540.0, 555.0], [555.0, 570.0], [570.0, 585.0], [585.0, 600.0], [600.0, 615.0], [615.0, 630.0], [630.0, 645.0], [645.0, 660.0], [660.0, 675.0], [675.0, 690.0], [690.0, 705.0], [705.0, 720.0], [720.0, 735.0], [735.0, 750.0], [750.0, 765.0], [765.0, 780.0], [780.0, 795.0], [795.0, 810.0], [810.0, 825.0], [825.0, 840.0], [840.0, 855.0], [855.0, 870.0], [870.0, 885.0], [885.0, 900.0], [900.0, 915.0], [915.0, 930.0], [930.0, 945.0], [945.0, 960.0], [960.0, 975.0], [975.0, 990.0], [990.0, 1005.0], [1005.0, 1020.0], [1020.0, 1035.0], [1035.0, 1050.0], [1050.0, 1065.0], [1065.0, 1080.0], [1080.0, 5000.0]], "distances": [[0.0, 82.61, 66.82, 68.49, 71.14, 77.46, 77.47, 59.08, 61.87, 72.52, 70.37, 89.0, 61.31, 66.76, 75.63, 70.06, 72.15, 71.96, 69.72, 64.89, 75.55, 73.48, 64.25, 66.28, 74.55, 56.64, 69.36, 69.47, 80.36, 77.73, 64.61, 67.29, 81.37, 75.98, 74.56, 87.38, 61.42, 73.42, 63.07, 70.24, 70.97, 69.68, 69.91, 78.25, 80.29, 72.67, 60.74, 68.18, 77.66, 71.76, 71.16, 88.18, 61.35, 62.42, 72.0, 63.88, 0.0], [0.0, 0.0, 16.03, 16.24, 12.61, 6.67, 6.86, 23.87, 23.12, 13.99, 12.34, 14.82, 21.78, 18.01, 9.52, 12.83, 11.06, 20.46, 13.51, 17.92, 8.54, 11.04, 21.42, 19.14, 8.14, 27.77, 19.23, 13.32, 4.49, 7.89, 18.55, 15.66, 8.6, 6.83, 10.34, 11.94, 22.52, 11.1, 20.82, 13.09, 16.87, 20.91, 13.16, 4.4, 11.02, 14.94, 23.59, 14.73, 5.38, 18.32, 12.04, 9.06, 22.37, 22.81, 12.61, 19.27, 82.61], [0.0, 16.03, 0.0, 5.0, 8.46, 12.46, 10.75, 7.85, 8.43, 8.38, 11.2, 26.7, 5.77, 5.23, 9.37, 5.93, 7.89, 14.13, 6.81, 9.97, 8.9, 7.31, 7.94, 6.54, 8.53, 12.12, 10.34, 10.45, 13.57, 11.29, 9.91, 9.42, 15.69, 10.05, 8.39, 24.15, 7.02, 7.25, 5.53, 7.27, 9.41, 12.59, 9.49, 11.87, 13.47, 9.48, 8.27, 9.6, 11.75, 11.82, 7.35, 23.28, 6.72, 8.42, 6.29, 9.74, 66.82], [0.0, 16.24, 5.0, 0.0, 12.5, 14.69, 9.69, 9.91, 7.03, 4.24, 6.2, 28.97, 7.7, 9.22, 7.36, 9.97, 11.39, 9.13, 11.11, 5.91, 7.8, 5.35, 5.18, 9.43, 10.56, 12.07, 5.42, 5.47, 12.66, 9.49, 4.91, 4.42, 17.03, 11.87, 6.31, 26.23, 7.07, 5.29, 5.43, 11.46, 4.45, 7.7, 4.48, 12.85, 12.89, 4.94, 7.83, 4.6, 13.34, 6.82, 11.18, 24.62, 7.16, 6.64, 9.64, 5.46, 68.49], [0.0, 12.61, 8.46, 12.5, 0.0, 6.42, 11.25, 14.57, 16.81, 13.97, 6.42, 19.17, 13.15, 13.39, 11.91, 9.95, 10.26, 21.09, 10.8, 9.48, 10.47, 10.97, 16.37, 14.77, 5.21, 19.78, 17.8, 7.03, 12.74, 12.69, 10.97, 8.68, 10.42, 5.98, 11.53, 16.92, 15.12, 10.96, 13.85, 10.49, 16.18, 20.09, 8.12, 8.45, 12.14, 15.33, 16.41, 8.09, 7.24, 18.58, 9.43, 17.08, 14.71, 16.84, 11.26, 11.42, 71.14], [0.0, 6.67, 12.46, 14.69, 6.42, 0.0, 8.51, 19.85, 20.66, 14.24, 8.98, 14.36, 18.05, 16.15, 10.49, 7.51, 5.33, 21.56, 7.74, 14.08, 8.93, 10.78, 19.55, 17.5, 10.52, 24.56, 19.16, 9.99, 8.46, 10.12, 15.19, 12.35, 14.19, 9.62, 10.71, 11.72, 19.47, 10.81, 17.91, 7.22, 17.03, 21.26, 10.46, 11.07, 7.65, 15.52, 20.69, 11.47, 11.05, 19.1, 6.3, 11.01, 19.18, 20.52, 11.89, 15.82, 77.46], [0.0, 6.86, 10.75, 9.69, 11.25, 8.51, 0.0, 18.39, 16.7, 7.13, 7.56, 21.08, 16.17, 11.51, 11.6, 10.06, 9.4, 13.84, 11.21, 12.67, 10.97, 4.35, 14.82, 12.51, 6.15, 21.61, 12.37, 8.27, 9.91, 8.6, 12.87, 10.22, 8.81, 6.15, 12.87, 18.2, 16.42, 4.41, 14.71, 11.06, 10.02, 14.1, 7.61, 5.06, 11.91, 8.11, 17.37, 9.38, 6.44, 11.58, 10.07, 15.8, 16.37, 16.33, 5.96, 13.6, 77.47], [0.0, 23.87, 7.85, 9.91, 14.57, 19.85, 18.39, 0.0, 5.88, 14.15, 11.53, 33.68, 10.8, 8.49, 16.63, 12.51, 14.74, 16.96, 12.8, 5.96, 16.48, 14.48, 7.76, 8.68, 16.19, 5.55, 13.09, 10.55, 21.29, 18.7, 5.53, 8.26, 23.35, 17.7, 15.57, 31.3, 9.82, 14.41, 4.75, 13.37, 13.6, 14.72, 10.86, 19.67, 21.26, 14.72, 4.36, 9.17, 19.42, 15.41, 13.92, 30.83, 10.99, 6.43, 13.07, 4.81, 59.08], [0.0, 23.12, 8.43, 7.03, 16.81, 20.66, 16.7, 5.88, 0.0, 10.71, 11.68, 35.01, 4.92, 5.21, 14.38, 14.33, 16.32, 11.53, 15.08, 7.41, 14.79, 12.37, 11.16, 4.44, 16.58, 5.23, 7.95, 10.67, 19.68, 16.5, 5.84, 8.38, 23.53, 18.04, 13.34, 32.38, 9.62, 12.31, 10.63, 15.59, 9.16, 9.18, 10.29, 19.44, 19.88, 10.8, 9.48, 9.22, 19.66, 10.41, 15.76, 31.17, 9.9, 10.03, 10.76, 5.46, 61.87], [0.0, 13.99, 8.38, 4.24, 13.97, 14.24, 7.13, 14.15, 10.71, 0.0, 7.71, 27.92, 11.94, 5.8, 4.47, 11.72, 12.44, 7.37, 12.99, 9.77, 5.65, 9.59, 8.46, 6.28, 10.46, 15.92, 5.25, 7.51, 9.83, 6.33, 9.03, 7.72, 15.64, 11.38, 10.55, 25.07, 11.17, 9.53, 9.6, 13.17, 8.69, 7.11, 6.27, 11.52, 10.28, 9.18, 11.78, 7.43, 12.47, 4.87, 12.58, 22.89, 11.32, 10.21, 11.36, 9.64, 72.52], [0.0, 12.34, 11.2, 6.2, 6.42, 8.98, 7.56, 11.53, 11.68, 7.71, 0.0, 23.33, 9.48, 7.37, 6.85, 9.66, 5.19, 14.68, 5.29, 5.58, 5.92, 5.21, 10.67, 8.75, 4.92, 15.75, 11.4, 9.95, 10.18, 8.43, 6.36, 10.62, 12.03, 6.41, 6.09, 20.7, 10.57, 5.18, 8.96, 5.51, 9.76, 13.67, 9.48, 8.17, 9.99, 9.04, 11.76, 10.15, 8.09, 12.18, 5.06, 19.64, 10.32, 11.55, 5.02, 7.04, 70.37], [0.0, 14.82, 26.7, 28.97, 19.17, 14.36, 21.08, 33.68, 35.01, 27.92, 23.33, 0.0, 32.09, 30.49, 23.63, 21.19, 18.99, 34.92, 20.91, 28.19, 22.28, 24.56, 33.91, 31.82, 18.49, 38.7, 33.08, 24.33, 19.25, 22.41, 29.43, 26.65, 12.3, 17.11, 24.19, 21.74, 33.72, 24.6, 32.21, 20.34, 30.82, 35.02, 24.82, 16.41, 18.49, 29.07, 34.97, 25.79, 15.66, 32.61, 19.77, 6.46, 33.39, 34.88, 25.89, 30.02, 89.0], [0.0, 21.78, 5.77, 7.7, 13.15, 18.05, 16.17, 10.8, 4.92, 11.94, 9.48, 32.09, 0.0, 6.37, 14.38, 10.91, 13.1, 15.19, 11.37, 11.9, 14.25, 12.22, 6.24, 6.73, 14.26, 6.63, 11.25, 8.47, 19.09, 16.45, 10.76, 6.12, 21.43, 15.77, 13.32, 29.63, 11.74, 12.16, 11.31, 11.93, 11.54, 13.04, 8.68, 17.65, 19.08, 12.56, 10.88, 7.05, 17.49, 13.48, 12.35, 28.98, 10.69, 5.33, 10.82, 10.38, 61.31], [0.0, 18.01, 5.23, 9.22, 13.39, 16.15, 11.51, 8.49, 5.21, 5.8, 7.37, 30.49, 6.37, 0.0, 9.18, 10.83, 12.47, 9.32, 11.87, 5.52, 9.6, 7.17, 9.97, 9.64, 12.01, 10.27, 5.36, 6.49, 14.48, 11.31, 9.66, 4.81, 18.68, 13.38, 8.13, 27.78, 5.37, 7.11, 9.96, 12.27, 5.2, 7.52, 5.73, 14.51, 14.69, 6.24, 6.05, 5.3, 14.91, 7.3, 12.14, 26.29, 5.52, 4.83, 5.56, 4.5, 66.76], [0.0, 9.52, 9.37, 7.36, 11.91, 10.49, 11.6, 16.63, 14.38, 4.47, 6.85, 23.63, 14.38, 9.18, 0.0, 10.2, 10.12, 11.31, 11.46, 11.2, 10.12, 10.23, 12.37, 10.08, 7.31, 19.42, 9.71, 7.27, 5.44, 10.81, 11.11, 8.77, 11.33, 7.8, 10.36, 20.76, 14.31, 10.21, 12.62, 11.44, 7.36, 11.46, 6.31, 7.35, 5.83, 5.47, 15.17, 8.05, 8.53, 8.98, 10.59, 18.45, 14.32, 13.97, 11.87, 11.83, 75.63], [0.0, 12.83, 5.93, 9.97, 9.95, 7.51, 10.06, 12.51, 14.33, 11.72, 9.66, 21.19, 10.91, 10.83, 10.2, 0.0, 10.3, 18.69, 10.23, 7.09, 8.92, 8.95, 13.82, 12.21, 4.74, 17.54, 15.32, 4.52, 12.04, 11.32, 8.51, 6.13, 11.32, 6.01, 9.66, 18.79, 12.73, 8.93, 11.39, 10.02, 13.77, 17.6, 5.66, 8.45, 11.59, 13.06, 14.01, 5.53, 7.62, 16.2, 8.95, 18.51, 12.35, 14.34, 9.01, 9.01, 70.06], [0.0, 11.06, 7.89, 11.39, 10.26, 5.33, 9.4, 14.74, 16.32, 12.44, 5.19, 18.99, 13.1, 12.47, 10.12, 10.3, 0.0, 19.67, 10.48, 9.22, 8.65, 9.31, 15.63, 13.86, 10.11, 19.71, 16.55, 5.98, 10.92, 10.84, 10.56, 7.98, 9.23, 4.28, 9.79, 16.57, 14.82, 9.3, 13.41, 10.59, 14.79, 18.81, 6.91, 6.78, 10.35, 13.81, 16.09, 7.24, 5.72, 17.15, 9.53, 16.3, 14.46, 16.28, 9.74, 11.1, 72.15], [0.0, 20.46, 14.13, 9.13, 21.09, 21.56, 13.84, 16.96, 11.53, 7.37, 14.68, 34.92, 15.19, 9.32, 11.31, 18.69, 19.67, 0.0, 19.92, 14.81, 12.75, 10.81, 9.26, 8.52, 17.83, 16.21, 10.43, 14.22, 16.01, 12.59, 13.46, 13.55, 22.63, 18.73, 10.88, 32.04, 13.23, 10.79, 12.35, 20.18, 4.92, 9.15, 13.04, 18.65, 16.66, 6.05, 13.09, 13.65, 19.72, 12.24, 19.71, 29.52, 13.64, 10.9, 9.97, 13.77, 71.96], [0.0, 13.51, 6.81, 11.11, 10.8, 7.74, 11.21, 12.8, 15.08, 12.99, 5.29, 20.91, 11.37, 11.87, 11.46, 10.23, 10.48, 19.92, 0.0, 7.72, 10.14, 10.24, 14.74, 13.23, 5.58, 18.0, 16.49, 5.71, 13.05, 12.51, 9.24, 7.09, 11.68, 6.69, 10.93, 18.62, 13.36, 10.22, 12.12, 10.8, 15.0, 18.78, 6.88, 9.18, 12.55, 14.33, 14.65, 6.58, 8.18, 17.43, 9.8, 18.61, 12.95, 15.14, 10.29, 9.67, 69.72], [0.0, 17.92, 9.97, 5.91, 9.48, 14.08, 12.67, 5.96, 7.41, 9.77, 5.58, 28.19, 11.9, 5.52, 11.2, 7.09, 9.22, 14.81, 7.72, 0.0, 10.8, 9.1, 7.46, 6.61, 10.28, 10.51, 10.88, 4.61, 15.49, 13.17, 9.93, 10.0, 17.46, 11.8, 10.2, 25.7, 5.65, 9.04, 4.44, 8.25, 10.34, 13.04, 5.05, 13.72, 15.4, 10.73, 6.93, 10.51, 13.52, 12.65, 8.54, 25.0, 5.25, 7.52, 7.95, 10.03, 64.89], [0.0, 8.54, 8.9, 7.8, 10.47, 8.93, 10.97, 16.48, 14.79, 5.65, 5.92, 22.28, 14.25, 9.6, 10.12, 8.92, 8.65, 12.75, 10.14, 10.8, 0.0, 10.11, 12.95, 10.65, 5.74, 19.68, 10.86, 6.52, 4.92, 11.98, 10.95, 8.35, 9.99, 6.22, 11.15, 19.43, 14.48, 10.06, 12.76, 10.08, 8.55, 12.74, 5.76, 5.91, 5.09, 6.79, 15.43, 7.53, 7.0, 10.36, 9.18, 17.28, 14.43, 14.43, 10.94, 11.67, 75.55], [0.0, 11.04, 7.31, 5.35, 10.97, 10.78, 4.35, 14.48, 12.37, 9.59, 5.21, 24.56, 12.22, 7.17, 10.23, 8.95, 9.31, 10.81, 10.24, 9.1, 10.11, 0.0, 10.47, 8.17, 7.05, 17.34, 8.53, 5.43, 7.31, 4.25, 8.96, 6.68, 12.32, 7.92, 9.66, 21.72, 12.2, 8.57, 10.5, 10.32, 6.29, 10.52, 4.35, 8.15, 7.56, 4.76, 13.09, 6.02, 9.02, 8.33, 9.59, 19.72, 12.19, 11.99, 10.04, 9.68, 73.48], [0.0, 21.42, 7.94, 5.18, 16.37, 19.55, 14.82, 7.76, 11.16, 8.46, 10.67, 33.91, 6.24, 9.97, 12.37, 13.82, 15.63, 9.26, 14.74, 7.46, 12.95, 10.47, 0.0, 9.91, 15.42, 7.62, 5.56, 9.73, 17.76, 14.47, 5.81, 7.7, 22.14, 16.81, 11.36, 31.21, 10.09, 10.41, 10.61, 15.2, 6.74, 6.97, 9.1, 17.97, 18.03, 8.44, 10.73, 8.39, 18.36, 8.0, 15.2, 29.75, 4.44, 11.34, 8.86, 5.73, 64.25], [0.0, 19.14, 6.54, 9.43, 14.77, 17.5, 12.51, 8.68, 4.44, 6.28, 8.75, 31.82, 6.73, 9.64, 10.08, 12.21, 13.86, 8.52, 13.23, 6.61, 10.65, 8.17, 9.91, 0.0, 13.36, 9.65, 4.55, 7.88, 15.46, 12.18, 5.09, 6.15, 19.94, 14.71, 9.06, 29.09, 5.18, 8.11, 11.05, 13.65, 4.99, 6.52, 7.1, 15.76, 15.73, 6.42, 5.58, 6.69, 16.21, 6.75, 13.53, 27.54, 5.47, 10.91, 6.56, 5.3, 66.28], [0.0, 8.14, 8.53, 10.56, 5.21, 10.52, 6.15, 16.19, 16.58, 10.46, 4.92, 18.49, 14.26, 12.01, 7.31, 4.74, 10.11, 17.83, 5.58, 10.28, 5.74, 7.05, 15.42, 13.36, 0.0, 20.64, 15.18, 5.95, 7.54, 7.67, 11.25, 8.35, 7.17, 9.46, 7.24, 15.82, 15.48, 7.06, 13.88, 5.28, 13.14, 17.33, 6.33, 11.22, 6.99, 11.8, 16.68, 7.44, 10.93, 15.33, 4.22, 14.75, 15.22, 16.42, 7.95, 11.91, 74.55], [0.0, 27.77, 12.12, 12.07, 19.78, 24.56, 21.61, 5.55, 5.23, 15.92, 15.75, 38.7, 6.63, 10.27, 19.42, 17.54, 19.71, 16.21, 18.0, 10.51, 19.68, 17.34, 7.62, 9.65, 20.64, 0.0, 12.97, 14.72, 24.59, 21.55, 9.4, 12.3, 27.78, 22.15, 18.36, 36.21, 5.25, 17.28, 6.95, 18.56, 14.36, 13.82, 14.64, 23.84, 24.72, 16.03, 4.25, 13.23, 23.84, 15.43, 18.98, 35.39, 5.43, 5.79, 15.76, 8.74, 56.64], [0.0, 19.23, 10.34, 5.42, 17.8, 19.16, 12.37, 13.09, 7.95, 5.25, 11.4, 33.08, 11.25, 5.36, 9.71, 15.32, 16.55, 10.43, 16.49, 10.88, 10.86, 8.53, 5.56, 4.55, 15.18, 12.97, 0.0, 10.79, 15.0, 11.48, 9.49, 9.8, 20.83, 16.28, 8.97, 30.25, 9.41, 8.49, 8.41, 16.81, 9.53, 10.37, 9.69, 16.67, 15.5, 4.38, 9.44, 10.01, 17.51, 10.12, 16.45, 28.13, 9.79, 7.33, 7.27, 9.79, 69.36], [0.0, 13.32, 10.45, 5.47, 7.03, 9.99, 8.27, 10.55, 10.67, 7.51, 9.95, 24.33, 8.47, 6.49, 7.27, 4.52, 5.98, 14.22, 5.71, 4.61, 6.52, 5.43, 9.73, 7.88, 5.95, 14.72, 10.79, 0.0, 10.99, 9.0, 5.33, 9.89, 13.06, 7.45, 6.41, 21.71, 9.53, 5.39, 7.93, 6.01, 9.31, 13.08, 9.66, 9.18, 10.85, 8.79, 10.73, 10.05, 9.13, 11.75, 5.72, 20.68, 9.29, 10.55, 4.93, 6.02, 69.47], [0.0, 4.49, 13.57, 12.66, 12.74, 8.46, 9.91, 21.29, 19.68, 9.83, 10.18, 19.25, 19.09, 14.48, 5.44, 12.04, 10.92, 16.01, 13.05, 15.49, 4.92, 7.31, 17.76, 15.46, 7.54, 24.59, 15.0, 10.99, 0.0, 11.48, 15.79, 13.07, 7.37, 6.92, 6.4, 16.37, 19.4, 7.37, 17.68, 12.8, 12.64, 16.56, 10.46, 4.85, 10.01, 10.65, 20.35, 12.2, 6.43, 13.93, 11.75, 13.54, 19.34, 19.3, 8.92, 16.52, 80.36], [0.0, 7.89, 11.29, 9.49, 12.69, 10.12, 8.6, 18.7, 16.5, 6.33, 8.43, 22.41, 16.45, 11.31, 10.81, 11.32, 10.84, 12.59, 12.51, 13.17, 11.98, 4.25, 14.47, 12.18, 7.67, 21.55, 11.48, 9.0, 11.48, 0.0, 13.17, 10.71, 10.21, 7.75, 12.01, 19.53, 16.44, 4.31, 14.74, 12.41, 9.11, 13.05, 8.17, 6.63, 11.81, 7.12, 17.3, 9.94, 8.04, 10.44, 11.46, 16.93, 16.44, 16.08, 5.79, 13.89, 77.73], [0.0, 18.55, 9.91, 4.91, 10.97, 15.19, 12.87, 5.53, 5.84, 9.03, 6.36, 29.43, 10.76, 9.66, 11.11, 8.51, 10.56, 13.46, 9.24, 9.93, 10.95, 8.96, 5.81, 5.09, 11.25, 9.4, 9.49, 5.33, 15.79, 13.17, 0.0, 9.32, 18.39, 12.76, 10.06, 26.88, 4.28, 8.9, 10.28, 9.75, 9.19, 11.58, 5.41, 14.5, 15.78, 9.84, 5.54, 9.5, 14.45, 11.4, 9.95, 25.99, 10.25, 5.92, 7.61, 10.34, 64.61], [0.0, 15.66, 9.42, 4.42, 8.68, 12.35, 10.22, 8.26, 8.38, 7.72, 10.62, 26.65, 6.12, 4.81, 8.77, 6.13, 7.98, 13.55, 7.09, 10.0, 8.35, 6.68, 7.7, 6.15, 8.35, 12.3, 9.8, 9.89, 13.07, 10.71, 9.32, 0.0, 15.47, 9.85, 7.77, 24.07, 7.13, 6.63, 5.56, 7.53, 8.79, 12.06, 8.9, 11.58, 13.01, 8.82, 8.34, 9.01, 11.54, 11.21, 7.51, 23.09, 6.88, 8.32, 5.63, 9.31, 67.29], [0.0, 8.6, 15.69, 17.03, 10.42, 14.19, 8.81, 23.35, 23.53, 15.64, 12.03, 12.3, 21.43, 18.68, 11.33, 11.32, 9.23, 22.63, 11.68, 17.46, 9.99, 12.32, 22.14, 19.94, 7.17, 27.78, 20.83, 13.06, 7.37, 10.21, 18.39, 15.47, 0.0, 5.66, 11.9, 9.44, 22.58, 12.36, 20.95, 11.18, 18.54, 22.73, 13.25, 4.2, 6.53, 16.77, 23.75, 14.55, 12.18, 20.31, 10.22, 7.64, 22.35, 23.31, 13.73, 19.06, 81.37], [0.0, 6.83, 10.05, 11.87, 5.98, 9.62, 6.15, 17.7, 18.04, 11.38, 6.41, 17.11, 15.77, 13.38, 7.8, 6.01, 4.28, 18.73, 6.69, 11.8, 6.22, 7.92, 16.81, 14.71, 9.46, 22.15, 16.28, 7.45, 6.92, 7.75, 12.76, 9.85, 5.66, 0.0, 7.92, 14.4, 16.98, 7.95, 15.37, 6.31, 14.16, 18.38, 7.76, 9.86, 6.25, 12.68, 18.17, 8.93, 10.0, 16.25, 5.24, 13.24, 16.73, 17.86, 9.01, 13.42, 75.98], [0.0, 10.34, 8.39, 6.31, 11.53, 10.71, 12.87, 15.57, 13.34, 10.55, 6.09, 24.19, 13.32, 8.13, 10.36, 9.66, 9.79, 10.88, 10.93, 10.2, 11.15, 9.66, 11.36, 9.06, 7.24, 18.36, 8.97, 6.41, 6.4, 12.01, 10.06, 7.77, 11.9, 7.92, 0.0, 21.34, 13.25, 9.64, 11.55, 10.97, 6.65, 10.83, 5.38, 7.81, 6.73, 4.89, 14.11, 7.08, 8.84, 8.47, 10.17, 19.16, 13.25, 12.93, 11.11, 10.77, 74.56], [0.0, 11.94, 24.15, 26.23, 16.92, 11.72, 18.2, 31.3, 32.38, 25.07, 20.7, 21.74, 29.63, 27.78, 20.76, 18.79, 16.57, 32.04, 18.62, 25.7, 19.43, 21.72, 31.21, 29.09, 15.82, 36.21, 30.25, 21.71, 16.37, 19.53, 26.88, 24.07, 9.44, 14.4, 21.34, 0.0, 31.16, 21.77, 29.63, 18.05, 27.97, 32.17, 22.14, 13.58, 15.6, 26.21, 32.4, 23.18, 12.89, 29.74, 17.4, 17.08, 30.86, 32.23, 23.08, 27.49, 87.38], [0.0, 22.52, 7.02, 7.07, 15.12, 19.47, 16.42, 9.82, 9.62, 11.17, 10.57, 33.72, 11.74, 5.37, 14.31, 12.73, 14.82, 13.23, 13.36, 5.65, 14.48, 12.2, 10.09, 5.18, 15.48, 5.25, 9.41, 9.53, 19.4, 16.44, 4.28, 7.13, 22.58, 16.98, 13.25, 31.16, 0.0, 12.14, 10.08, 13.9, 10.17, 10.96, 9.4, 18.6, 19.5, 11.52, 9.5, 8.04, 18.66, 11.79, 14.18, 30.21, 10.65, 10.2, 10.65, 9.87, 61.42], [0.0, 11.1, 7.25, 5.29, 10.96, 10.81, 4.41, 14.41, 12.31, 9.53, 5.18, 24.6, 12.16, 7.11, 10.21, 8.93, 9.3, 10.79, 10.22, 9.04, 10.06, 8.57, 10.41, 8.11, 7.06, 17.28, 8.49, 5.39, 7.37, 4.31, 8.9, 6.63, 12.36, 7.95, 9.64, 21.77, 12.14, 0.0, 10.43, 10.3, 6.25, 10.49, 4.3, 8.19, 7.62, 4.74, 13.03, 5.96, 9.06, 8.3, 9.58, 19.77, 12.13, 11.93, 10.11, 9.61, 73.42], [0.0, 20.82, 5.53, 5.43, 13.85, 17.91, 14.71, 4.75, 10.63, 9.6, 8.96, 32.21, 11.31, 9.96, 12.62, 11.39, 13.41, 12.35, 12.12, 4.44, 12.76, 10.5, 10.61, 11.05, 13.88, 6.95, 8.41, 7.93, 17.68, 14.74, 10.28, 5.56, 20.95, 15.37, 11.55, 29.63, 10.08, 10.43, 0.0, 12.63, 8.85, 10.2, 7.73, 16.94, 17.79, 10.05, 9.11, 6.45, 17.03, 10.68, 12.83, 28.58, 9.69, 11.18, 8.96, 9.56, 63.07], [0.0, 13.09, 7.27, 11.46, 10.49, 7.22, 11.06, 13.37, 15.59, 13.17, 5.51, 20.34, 11.93, 12.27, 11.44, 10.02, 10.59, 20.18, 10.8, 8.25, 10.08, 10.32, 15.2, 13.65, 5.28, 18.56, 16.81, 6.01, 12.8, 12.41, 9.75, 7.53, 11.18, 6.31, 10.97, 18.05, 13.9, 10.3, 12.63, 0.0, 15.26, 19.09, 7.15, 8.8, 12.27, 14.52, 15.19, 6.97, 7.75, 17.68, 9.5, 18.06, 13.49, 15.64, 10.46, 10.2, 70.24], [0.0, 16.87, 9.41, 4.45, 16.18, 17.03, 10.02, 13.6, 9.16, 8.69, 9.76, 30.82, 11.54, 5.2, 7.36, 13.77, 14.79, 4.92, 15.0, 10.34, 8.55, 6.29, 6.74, 4.99, 13.14, 14.36, 9.53, 9.31, 12.64, 9.11, 9.19, 8.79, 18.54, 14.16, 6.65, 27.97, 10.17, 6.25, 8.85, 15.26, 0.0, 4.23, 8.12, 14.41, 13.13, 9.39, 10.48, 8.8, 15.31, 11.27, 14.8, 25.79, 10.45, 8.58, 5.19, 9.65, 70.97], [0.0, 20.91, 12.59, 7.7, 20.09, 21.26, 14.1, 14.72, 9.18, 7.11, 13.67, 35.02, 13.04, 7.52, 11.46, 17.6, 18.81, 9.15, 18.78, 13.04, 12.74, 10.52, 6.97, 6.52, 17.33, 13.82, 10.37, 13.08, 16.56, 13.05, 11.58, 12.06, 22.73, 18.38, 10.83, 32.17, 10.96, 10.49, 10.2, 19.09, 4.23, 0.0, 11.97, 18.62, 17.12, 5.99, 10.76, 12.3, 19.54, 11.98, 18.73, 29.9, 11.39, 8.56, 9.39, 11.82, 69.68], [0.0, 13.16, 9.49, 4.48, 8.12, 10.46, 7.61, 10.86, 10.29, 6.27, 9.48, 24.82, 8.68, 5.73, 6.31, 5.66, 6.91, 13.04, 6.88, 5.05, 5.76, 4.35, 9.1, 7.1, 6.33, 14.64, 9.69, 9.66, 10.46, 8.17, 5.41, 8.9, 13.25, 7.76, 5.38, 22.14, 9.4, 4.3, 7.73, 7.15, 8.12, 11.97, 0.0, 9.21, 10.41, 7.56, 10.53, 9.08, 9.37, 10.55, 6.76, 20.89, 9.22, 10.1, 11.29, 6.13, 69.91], [0.0, 4.4, 11.87, 12.85, 8.45, 11.07, 5.06, 19.67, 19.44, 11.52, 8.17, 16.41, 17.65, 14.51, 7.35, 8.45, 6.78, 18.65, 9.18, 13.72, 5.91, 8.15, 17.97, 15.76, 11.22, 23.84, 16.67, 9.18, 4.85, 6.63, 14.5, 11.58, 4.2, 9.86, 7.81, 13.58, 18.6, 8.19, 16.94, 8.8, 14.41, 18.62, 9.21, 0.0, 10.74, 12.7, 19.74, 10.64, 9.77, 16.27, 7.74, 11.78, 18.41, 19.19, 9.53, 15.19, 78.25], [0.0, 11.02, 13.47, 12.89, 12.14, 7.65, 11.91, 21.26, 19.88, 10.28, 9.99, 18.49, 19.08, 14.69, 5.83, 11.59, 10.35, 16.66, 12.55, 15.4, 5.09, 7.56, 18.03, 15.73, 6.99, 24.72, 15.5, 10.85, 10.01, 11.81, 15.78, 13.01, 6.53, 6.25, 6.73, 15.6, 19.5, 7.62, 17.79, 12.27, 13.13, 17.12, 10.41, 10.74, 0.0, 11.17, 20.49, 12.11, 5.65, 14.52, 11.21, 12.86, 19.42, 19.52, 9.17, 16.51, 80.29], [0.0, 14.94, 9.48, 4.94, 15.33, 15.52, 8.11, 14.72, 10.8, 9.18, 9.04, 29.07, 12.56, 6.24, 5.47, 13.06, 13.81, 6.05, 14.33, 10.73, 6.79, 4.76, 8.44, 6.42, 11.8, 16.03, 4.38, 8.79, 10.65, 7.12, 9.84, 8.82, 16.77, 12.68, 4.89, 26.21, 11.52, 4.74, 10.05, 14.52, 9.39, 5.99, 7.56, 12.7, 11.17, 0.0, 12.0, 8.61, 13.71, 11.76, 13.94, 23.91, 11.73, 10.25, 1