{"digraph": {"vertex_count": 57, "arc_count": 3080, "arcs": [[0, 1, 1, 1, 1, 1, 1, 1, 1, 1, 1, 1, 1, 1, 1, 1, 1, 1, 1, 1, 1, 1, 1, 1, 1, 1, 1, 1, 1, 1, 1, 1, 1, 1, 1, 1, 1, 1, 1, 1, 1, 1, 1, 1, 1, 1, 1, 1, 1, 1, 1, 1, 1, 1, 1, 1, 1], [0, 0, 1, 1, 1, 1, 1, 1, 1, 1, 1, 1, 1, 1, 1, 1, 1, 1, 1, 1, 1, 1, 1, 1, 1, 1, 1, 1, 1, 1, 1, 1, 1, 1, 1, 1, 1, 1, 1, 1, 1, 1, 1, 1, 1, 1, 1, 1, 1, 1, 1, 1, 1, 1, 1, 1, 1], [0, 1, 0, 1, 1, 1, 1, 1, 1, 1, 1, 1, 1, 1, 1, 1, 1, 1, 1, 1, 1, 1, 1, 1, 1, 1, 1, 1, 1, 1, 1, 1, 1, 1, 1, 1, 1, 1, 1, 1, 1, 1, 1, 1, 1, 1, 1, 1, 1, 1, 1, 1, 1, 1, 1, 1, 1], [0, 1, 1, 0, 1, 1, 1, 1, 1, 1, 1, 1, 1, 1, 1, 1, 1, 1, 1, 1, 1, 1, 1, 1, 1, 1, 1, 1, 1, 1, 1, 1, 1, 1, 1, 1, 1, 1, 1, 1, 1, 1, 1, 1, 1, 1, 1, 1, 1, 1, 1, 1, 1, 1, 1, 1, 1], [0, 1, 1, 1, 0, 1, 1, 1, 1, 1, 1, 1, 1, 1, 1, 1, 1, 1, 1, 1, 1, 1, 1, 1, 1, 1, 1, 1, 1, 1, 1, 1, 1, 1, 1, 1, 1, 1, 1, 1, 1, 1, 1, 1, 1, 1, 1, 1, 1, 1, 1, 1, 1, 1, 1, 1, 1], [0, 1, 1, 1, 1, 0, 1, 1, 1, 1, 1, 1, 1, 1, 1, 1, 1, 1, 1, 1, 1, 1, 1, 1, 1, 1, 1, 1, 1, 1, 1, 1, 1, 1, 1, 1, 1, 1, 1, 1, 1, 1, 1, 1, 1, 1, 1, 1, 1, 1, 1, 1, 1, 1, 1, 1, 1], [0, 1, 1, 1, 1, 1, 0, 1, 1, 1, 1, 1, 1, 1, 1, 1, 1, 1, 1, 1, 1, 1, 1, 1, 1, 1, 1, 1, 1, 1, 1, 1, 1, 1, 1, 1, 1, 1, 1, 1, 1, 1, 1, 1, 1, 1, 1, 1, 1, 1, 1, 1, 1, 1, 1, 1, 1], [0, 1, 1, 1, 1, 1, 1, 0, 1, 1, 1, 1, 1, 1, 1, 1, 1, 1, 1, 1, 1, 1, 1, 1, 1, 1, 1, 1, 1, 1, 1, 1, 1, 1, 1, 1, 1, 1, 1, 1, 1, 1, 1, 1, 1, 1, 1, 1, 1, 1, 1, 1, 1, 1, 1, 1, 1], [0, 1, 1, 1, 1, 1, 1, 1, 0, 1, 1, 1, 1, 1, 1, 1, 1, 1, 1, 1, 1, 1, 1, 1, 1, 1, 1, 1, 1, 1, 1, 1, 1, 1, 1, 1, 1, 1, 1, 1, 1, 1, 1, 1, 1, 1, 1, 1, 1, 1, 1, 1, 1, 1, 1, 1, 1], [0, 1, 1, 1, 1, 1, 1, 1, 1, 0, 1, 1, 1, 1, 1, 1, 1, 1, 1, 1, 1, 1, 1, 1, 1, 1, 1, 1, 1, 1, 1, 1, 1, 1, 1, 1, 1, 1, 1, 1, 1, 1, 1, 1, 1, 1, 1, 1, 1, 1, 1, 1, 1, 1, 1, 1, 1], [0, 1, 1, 1, 1, 1, 1, 1, 1, 1, 0, 1, 1, 1, 1, 1, 1, 1, 1, 1, 1, 1, 1, 1, 1, 1, 1, 1, 1, 1, 1, 1, 1, 1, 1, 1, 1, 1, 1, 1, 1, 1, 1, 1, 1, 1, 1, 1, 1, 1, 1, 1, 1, 1, 1, 1, 1], [0, 1, 1, 1, 1, 1, 1, 1, 1, 1, 1, 0, 1, 1, 1, 1, 1, 1, 1, 1, 1, 1, 1, 1, 1, 1, 1, 1, 1, 1, 1, 1, 1, 1, 1, 1, 1, 1, 1, 1, 1, 1, 1, 1, 1, 1, 1, 1, 1, 1, 1, 1, 1, 1, 1, 1, 1], [0, 1, 1, 1, 1, 1, 1, 1, 1, 1, 1, 1, 0, 1, 1, 1, 1, 1, 1, 1, 1, 1, 1, 1, 1, 1, 1, 1, 1, 1, 1, 1, 1, 1, 1, 1, 1, 1, 1, 1, 1, 1, 1, 1, 1, 1, 1, 1, 1, 1, 1, 1, 1, 1, 1, 1, 1], [0, 1, 1, 1, 1, 1, 1, 1, 1, 1, 1, 1, 1, 0, 1, 1, 1, 1, 1, 1, 1, 1, 1, 1, 1, 1, 1, 1, 1, 1, 1, 1, 1, 1, 1, 1, 1, 1, 1, 1, 1, 1, 1, 1, 1, 1, 1, 1, 1, 1, 1, 1, 1, 1, 1, 1, 1], [0, 1, 1, 1, 1, 1, 1, 1, 1, 1, 1, 1, 1, 1, 0, 1, 1, 1, 1, 1, 1, 1, 1, 1, 1, 1, 1, 1, 1, 1, 1, 1, 1, 1, 1, 1, 1, 1, 1, 1, 1, 1, 1, 1, 1, 1, 1, 1, 1, 1, 1, 1, 1, 1, 1, 1, 1], [0, 1, 1, 1, 1, 1, 1, 1, 1, 1, 1, 1, 1, 1, 1, 0, 1, 1, 1, 1, 1, 1, 1, 1, 1, 1, 1, 1, 1, 1, 1, 1, 1, 1, 1, 1, 1, 1, 1, 1, 1, 1, 1, 1, 1, 1, 1, 1, 1, 1, 1, 1, 1, 1, 1, 1, 1], [0, 1, 1, 1, 1, 1, 1, 1, 1, 1, 1, 1, 1, 1, 1, 1, 0, 1, 1, 1, 1, 1, 1, 1, 1, 1, 1, 1, 1, 1, 1, 1, 1, 1, 1, 1, 1, 1, 1, 1, 1, 1, 1, 1, 1, 1, 1, 1, 1, 1, 1, 1, 1, 1, 1, 1, 1], [0, 1, 1, 1, 1, 1, 1, 1, 1, 1, 1, 1, 1, 1, 1, 1, 1, 0, 1, 1, 1, 1, 1, 1, 1, 1, 1, 1, 1, 1, 1, 1, 1, 1, 1, 1, 1, 1, 1, 1, 1, 1, 1, 1, 1, 1, 1, 1, 1, 1, 1, 1, 1, 1, 1, 1, 1], [0, 1, 1, 1, 1, 1, 1, 1, 1, 1, 1, 1, 1, 1, 1, 1, 1, 1, 0, 1, 1, 1, 1, 1, 1, 1, 1, 1, 1, 1, 1, 1, 1, 1, 1, 1, 1, 1, 1, 1, 1, 1, 1, 1, 1, 1, 1, 1, 1, 1, 1, 1, 1, 1, 1, 1, 1], [0, 1, 1, 1, 1, 1, 1, 1, 1, 1, 1, 1, 1, 1, 1, 1, 1, 1, 1, 0, 1, 1, 1, 1, 1, 1, 1, 1, 1, 1, 1, 1, 1, 1, 1, 1, 1, 1, 1, 1, 1, 1, 1, 1, 1, 1, 1, 1, 1, 1, 1, 1, 1, 1, 1, 1, 1], [0, 1, 1, 1, 1, 1, 1, 1, 1, 1, 1, 1, 1, 1, 1, 1, 1, 1, 1, 1, 0, 1, 1, 1, 1, 1, 1, 1, 1, 1, 1, 1, 1, 1, 1, 1, 1, 1, 1, 1, 1, 1, 1, 1, 1, 1, 1, 1, 1, 1, 1, 1, 1, 1, 1, 1, 1], [0, 1, 1, 1, 1, 1, 1, 1, 1, 1, 1, 1, 1, 1, 1, 1, 1, 1, 1, 1, 1, 0, 1, 1, 1, 1, 1, 1, 1, 1, 1, 1, 1, 1, 1, 1, 1, 1, 1, 1, 1, 1, 1, 1, 1, 1, 1, 1, 1, 1, 1, 1, 1, 1, 1, 1, 1], [0, 1, 1, 1, 1, 1, 1, 1, 1, 1, 1, 1, 1, 1, 1, 1, 1, 1, 1, 1, 1, 1, 0, 1, 1, 1, 1, 1, 1, 1, 1, 1, 1, 1, 1, 1, 1, 1, 1, 1, 1, 1, 1, 1, 1, 1, 1, 1, 1, 1, 1, 1, 1, 1, 1, 1, 1], [0, 1, 1, 1, 1, 1, 1, 1, 1, 1, 1, 1, 1, 1, 1, 1, 1, 1, 1, 1, 1, 1, 1, 0, 1, 1, 1, 1, 1, 1, 1, 1, 1, 1, 1, 1, 1, 1, 1, 1, 1, 1, 1, 1, 1, 1, 1, 1, 1, 1, 1, 1, 1, 1, 1, 1, 1], [0, 1, 1, 1, 1, 1, 1, 1, 1, 1, 1, 1, 1, 1, 1, 1, 1, 1, 1, 1, 1, 1, 1, 1, 0, 1, 1, 1, 1, 1, 1, 1, 1, 1, 1, 1, 1, 1, 1, 1, 1, 1, 1, 1, 1, 1, 1, 1, 1, 1, 1, 1, 1, 1, 1, 1, 1], [0, 1, 1, 1, 1, 1, 1, 1, 1, 1, 1, 1, 1, 1, 1, 1, 1, 1, 1, 1, 1, 1, 1, 1, 1, 0, 1, 1, 1, 1, 1, 1, 1, 1, 1, 1, 1, 1, 1, 1, 1, 1, 1, 1, 1, 1, 1, 1, 1, 1, 1, 1, 1, 1, 1, 1, 1], [0, 1, 1, 1, 1, 1, 1, 1, 1, 1, 1, 1, 1, 1, 1, 1, 1, 1, 1, 1, 1, 1, 1, 1, 1, 1, 0, 1, 1, 1, 1, 1, 1, 1, 1, 1, 1, 1, 1, 1, 1, 1, 1, 1, 1, 1, 1, 1, 1, 1, 1, 1, 1, 1, 1, 1, 1], [0, 1, 1, 1, 1, 1, 1, 1, 1, 1, 1, 1, 1, 1, 1, 1, 1, 1, 1, 1, 1, 1, 1, 1, 1, 1, 1, 0, 1, 1, 1, 1, 1, 1, 1, 1, 1, 1, 1, 1, 1, 1, 1, 1, 1, 1, 1, 1, 1, 1, 1, 1, 1, 1, 1, 1, 1], [0, 1, 1, 1, 1, 1, 1, 1, 1, 1, 1, 1, 1, 1, 1, 1, 1, 1, 1, 1, 1, 1, 1, 1, 1, 1, 1, 1, 0, 1, 1, 1, 1, 1, 1, 1, 1, 1, 1, 1, 1, 1, 1, 1, 1, 1, 1, 1, 1, 1, 1, 1, 1, 1, 1, 1, 1], [0, 1, 1, 1, 1, 1, 1, 1, 1, 1, 1, 1, 1, 1, 1, 1, 1, 1, 1, 1, 1, 1, 1, 1, 1, 1, 1, 1, 1, 0, 1, 1, 1, 1, 1, 1, 1, 1, 1, 1, 1, 1, 1, 1, 1, 1, 1, 1, 1, 1, 1, 1, 1, 1, 1, 1, 1], [0, 1, 1, 1, 1, 1, 1, 1, 1, 1, 1, 1, 1, 1, 1, 1, 1, 1, 1, 1, 1, 1, 1, 1, 1, 1, 1, 1, 1, 1, 0, 1, 1, 1, 1, 1, 1, 1, 1, 1, 1, 1, 1, 1, 1, 1, 1, 1, 1, 1, 1, 1, 1, 1, 1, 1, 1], [0, 1, 1, 1, 1, 1, 1, 1, 1, 1, 1, 1, 1, 1, 1, 1, 1, 1, 1, 1, 1, 1, 1, 1, 1, 1, 1, 1, 1, 1, 1, 0, 1, 1, 1, 1, 1, 1, 1, 1, 1, 1, 1, 1, 1, 1, 1, 1, 1, 1, 1, 1, 1, 1, 1, 1, 1], [0, 1, 1, 1, 1, 1, 1, 1, 1, 1, 1, 1, 1, 1, 1, 1, 1, 1, 1, 1, 1, 1, 1, 1, 1, 1, 1, 1, 1, 1, 1, 1, 0, 1, 1, 1, 1, 1, 1, 1, 1, 1, 1, 1, 1, 1, 1, 1, 1, 1, 1, 1, 1, 1, 1, 1, 1], [0, 1, 1, 1, 1, 1, 1, 1, 1, 1, 1, 1, 1, 1, 1, 1, 1, 1, 1, 1, 1, 1, 1, 1, 1, 1, 1, 1, 1, 1, 1, 1, 1, 0, 1, 1, 1, 1, 1, 1, 1, 1, 1, 1, 1, 1, 1, 1, 1, 1, 1, 1, 1, 1, 1, 1, 1], [0, 1, 1, 1, 1, 1, 1, 1, 1, 1, 1, 1, 1, 1, 1, 1, 1, 1, 1, 1, 1, 1, 1, 1, 1, 1, 1, 1, 1, 1, 1, 1, 1, 1, 0, 1, 1, 1, 1, 1, 1, 1, 1, 1, 1, 1, 1, 1, 1, 1, 1, 1, 1, 1, 1, 1, 1], [0, 1, 1, 1, 1, 1, 1, 1, 1, 1, 1, 1, 1, 1, 1, 1, 1, 1, 1, 1, 1, 1, 1, 1, 1, 1, 1, 1, 1, 1, 1, 1, 1, 1, 1, 0, 1, 1, 1, 1, 1, 1, 1, 1, 1, 1, 1, 1, 1, 1, 1, 1, 1, 1, 1, 1, 1], [0, 1, 1, 1, 1, 1, 1, 1, 1, 1, 1, 1, 1, 1, 1, 1, 1, 1, 1, 1, 1, 1, 1, 1, 1, 1, 1, 1, 1, 1, 1, 1, 1, 1, 1, 1, 0, 1, 1, 1, 1, 1, 1, 1, 1, 1, 1, 1, 1, 1, 1, 1, 1, 1, 1, 1, 1], [0, 1, 1, 1, 1, 1, 1, 1, 1, 1, 1, 1, 1, 1, 1, 1, 1, 1, 1, 1, 1, 1, 1, 1, 1, 1, 1, 1, 1, 1, 1, 1, 1, 1, 1, 1, 1, 0, 1, 1, 1, 1, 1, 1, 1, 1, 1, 1, 1, 1, 1, 1, 1, 1, 1, 1, 1], [0, 1, 1, 1, 1, 1, 1, 1, 1, 1, 1, 1, 1, 1, 1, 1, 1, 1, 1, 1, 1, 1, 1, 1, 1, 1, 1, 1, 1, 1, 1, 1, 1, 1, 1, 1, 1, 1, 0, 1, 1, 1, 1, 1, 1, 1, 1, 1, 1, 1, 1, 1, 1, 1, 1, 1, 1], [0, 1, 1, 1, 1, 1, 1, 1, 1, 1, 1, 1, 1, 1, 1, 1, 1, 1, 1, 1, 1, 1, 1, 1, 1, 1, 1, 1, 1, 1, 1, 1, 1, 1, 1, 1, 1, 1, 1, 0, 1, 1, 1, 1, 1, 1, 1, 1, 1, 1, 1, 1, 1, 1, 1, 1, 1], [0, 1, 1, 1, 1, 1, 1, 1, 1, 1, 1, 1, 1, 1, 1, 1, 1, 1, 1, 1, 1, 1, 1, 1, 1, 1, 1, 1, 1, 1, 1, 1, 1, 1, 1, 1, 1, 1, 1, 1, 0, 1, 1, 1, 1, 1, 1, 1, 1, 1, 1, 1, 1, 1, 1, 1, 1], [0, 1, 1, 1, 1, 1, 1, 1, 1, 1, 1, 1, 1, 1, 1, 1, 1, 1, 1, 1, 1, 1, 1, 1, 1, 1, 1, 1, 1, 1, 1, 1, 1, 1, 1, 1, 1, 1, 1, 1, 1, 0, 1, 1, 1, 1, 1, 1, 1, 1, 1, 1, 1, 1, 1, 1, 1], [0, 1, 1, 1, 1, 1, 1, 1, 1, 1, 1, 1, 1, 1, 1, 1, 1, 1, 1, 1, 1, 1, 1, 1, 1, 1, 1, 1, 1, 1, 1, 1, 1, 1, 1, 1, 1, 1, 1, 1, 1, 1, 0, 1, 1, 1, 1, 1, 1, 1, 1, 1, 1, 1, 1, 1, 1], [0, 1, 1, 1, 1, 1, 1, 1, 1, 1, 1, 1, 1, 1, 1, 1, 1, 1, 1, 1, 1, 1, 1, 1, 1, 1, 1, 1, 1, 1, 1, 1, 1, 1, 1, 1, 1, 1, 1, 1, 1, 1, 1, 0, 1, 1, 1, 1, 1, 1, 1, 1, 1, 1, 1, 1, 1], [0, 1, 1, 1, 1, 1, 1, 1, 1, 1, 1, 1, 1, 1, 1, 1, 1, 1, 1, 1, 1, 1, 1, 1, 1, 1, 1, 1, 1, 1, 1, 1, 1, 1, 1, 1, 1, 1, 1, 1, 1, 1, 1, 1, 0, 1, 1, 1, 1, 1, 1, 1, 1, 1, 1, 1, 1], [0, 1, 1, 1, 1, 1, 1, 1, 1, 1, 1, 1, 1, 1, 1, 1, 1, 1, 1, 1, 1, 1, 1, 1, 1, 1, 1, 1, 1, 1, 1, 1, 1, 1, 1, 1, 1, 1, 1, 1, 1, 1, 1, 1, 1, 0, 1, 1, 1, 1, 1, 1, 1, 1, 1, 1, 1], [0, 1, 1, 1, 1, 1, 1, 1, 1, 1, 1, 1, 1, 1, 1, 1, 1, 1, 1, 1, 1, 1, 1, 1, 1, 1, 1, 1, 1, 1, 1, 1, 1, 1, 1, 1, 1, 1, 1, 1, 1, 1, 1, 1, 1, 1, 0, 1, 1, 1, 1, 1, 1, 1, 1, 1, 1], [0, 1, 1, 1, 1, 1, 1, 1, 1, 1, 1, 1, 1, 1, 1, 1, 1, 1, 1, 1, 1, 1, 1, 1, 1, 1, 1, 1, 1, 1, 1, 1, 1, 1, 1, 1, 1, 1, 1, 1, 1, 1, 1, 1, 1, 1, 1, 0, 1, 1, 1, 1, 1, 1, 1, 1, 1], [0, 1, 1, 1, 1, 1, 1, 1, 1, 1, 1, 1, 1, 1, 1, 1, 1, 1, 1, 1, 1, 1, 1, 1, 1, 1, 1, 1, 1, 1, 1, 1, 1, 1, 1, 1, 1, 1, 1, 1, 1, 1, 1, 1, 1, 1, 1, 1, 0, 1, 1, 1, 1, 1, 1, 1, 1], [0, 1, 1, 1, 1, 1, 1, 1, 1, 1, 1, 1, 1, 1, 1, 1, 1, 1, 1, 1, 1, 1, 1, 1, 1, 1, 1, 1, 1, 1, 1, 1, 1, 1, 1, 1, 1, 1, 1, 1, 1, 1, 1, 1, 1, 1, 1, 1, 1, 0, 1, 1, 1, 1, 1, 1, 1], [0, 1, 1, 1, 1, 1, 1, 1, 1, 1, 1, 1, 1, 1, 1, 1, 1, 1, 1, 1, 1, 1, 1, 1, 1, 1, 1, 1, 1, 1, 1, 1, 1, 1, 1, 1, 1, 1, 1, 1, 1, 1, 1, 1, 1, 1, 1, 1, 1, 1, 0, 1, 1, 1, 1, 1, 1], [0, 1, 1, 1, 1, 1, 1, 1, 1, 1, 1, 1, 1, 1, 1, 1, 1, 1, 1, 1, 1, 1, 1, 1, 1, 1, 1, 1, 1, 1, 1, 1, 1, 1, 1, 1, 1, 1, 1, 1, 1, 1, 1, 1, 1, 1, 1, 1, 1, 1, 1, 0, 1, 1, 1, 1, 1], [0, 1, 1, 1, 1, 1, 1, 1, 1, 1, 1, 1, 1, 1, 1, 1, 1, 1, 1, 1, 1, 1, 1, 1, 1, 1, 1, 1, 1, 1, 1, 1, 1, 1, 1, 1, 1, 1, 1, 1, 1, 1, 1, 1, 1, 1, 1, 1, 1, 1, 1, 1, 0, 1, 1, 1, 1], [0, 1, 1, 1, 1, 1, 1, 1, 1, 1, 1, 1, 1, 1, 1, 1, 1, 1, 1, 1, 1, 1, 1, 1, 1, 1, 1, 1, 1, 1, 1, 1, 1, 1, 1, 1, 1, 1, 1, 1, 1, 1, 1, 1, 1, 1, 1, 1, 1, 1, 1, 1, 1, 0, 1, 1, 1], [0, 1, 1, 1, 1, 1, 1, 1, 1, 1, 1, 1, 1, 1, 1, 1, 1, 1, 1, 1, 1, 1, 1, 1, 1, 1, 1, 1, 1, 1, 1, 1, 1, 1, 1, 1, 1, 1, 1, 1, 1, 1, 1, 1, 1, 1, 1, 1, 1, 1, 1, 1, 1, 1, 0, 1, 1], [0, 1, 1, 1, 1, 1, 1, 1, 1, 1, 1, 1, 1, 1, 1, 1, 1, 1, 1, 1, 1, 1, 1, 1, 1, 1, 1, 1, 1, 1, 1, 1, 1, 1, 1, 1, 1, 1, 1, 1, 1, 1, 1, 1, 1, 1, 1, 1, 1, 1, 1, 1, 1, 1, 1, 0, 1], [0, 0, 0, 0, 0, 0, 0, 0, 0, 0, 0, 0, 0, 0, 0, 0, 0, 0, 0, 0, 0, 0, 0, 0, 0, 0, 0, 0, 0, 0, 0, 0, 0, 0, 0, 0, 0, 0, 0, 0, 0, 0, 0, 0, 0, 0, 0, 0, 0, 0, 0, 0, 0, 0, 0, 0, 0]]}, "cluster_count": 3, "cluster_speeds": [[0.6475, 0.595, 0.6475, 0.7, 0.58275, 0.5355, 0.58275, 0.63, 0.32375, 0.2975, 0.32375, 0.35, 0.213675, 0.19635, 0.213675, 0.23099999999999998, 0.259, 0.238, 0.259, 0.27999999999999997, 0.3885, 0.357, 0.3885, 0.42, 0.6475, 0.595, 0.6475, 0.7, 0.37, 0.34, 0.37, 0.4, 0.30525, 0.2805, 0.30525, 0.33, 0.4625, 0.425, 0.4625, 0.5, 0.6475, 0.595, 0.6475, 0.7, 0.74, 0.68, 0.74, 0.8, 0.45324999999999993, 0.4165, 0.45324999999999993, 0.48999999999999994, 0.32375, 0.2975, 0.32375, 0.35, 0.3885, 0.357, 0.3885, 0.42, 0.45324999999999993, 0.4165, 0.45324999999999993, 0.48999999999999994, 0.58275, 0.5355, 0.58275, 0.63, 0.6475, 0.595, 0.6475, 0.7, 0.7], [0.7400000000000001, 0.68, 0.7400000000000001, 0.8, 0.666, 0.6120000000000001, 0.666, 0.7200000000000001, 0.37000000000000005, 0.34, 0.37000000000000005, 0.4, 0.24420000000000003, 0.22440000000000004, 0.24420000000000003, 0.264, 0.296, 0.272, 0.296, 0.32000000000000006, 0.44400000000000006, 0.40800000000000003, 0.44400000000000006, 0.48, 0.6475, 0.595, 0.6475, 0.7, 0.37, 0.34, 0.37, 0.4, 0.30525, 0.2805, 0.30525, 0.33, 0.4625, 0.425, 0.4625, 0.5, 0.6475, 0.595, 0.6475, 0.7, 0.74, 0.68, 0.74, 0.8, 0.518, 0.476, 0.518, 0.5599999999999999, 0.37000000000000005, 0.34, 0.37000000000000005, 0.4, 0.44400000000000006, 0.40800000000000003, 0.44400000000000006, 0.48, 0.518, 0.476, 0.518, 0.5599999999999999, 0.666, 0.6120000000000001, 0.666, 0.7200000000000001, 0.7400000000000001, 0.68, 0.7400000000000001, 0.8, 0.8], [0.925, 0.85, 0.925, 1.0, 0.8325, 0.765, 0.8325, 0.9, 0.4625, 0.425, 0.4625, 0.5, 0.30525, 0.2805, 0.30525, 0.33, 0.37, 0.34, 0.37, 0.4, 0.555, 0.51, 0.555, 0.6, 0.6475, 0.595, 0.6475, 0.7, 0.37, 0.34, 0.37, 0.4, 0.30525, 0.2805, 0.30525, 0.33, 0.4625, 0.425, 0.4625, 0.5, 0.6475, 0.595, 0.6475, 0.7, 0.74, 0.68, 0.74, 0.8, 0.6475, 0.595, 0.6475, 0.7, 0.4625, 0.425, 0.4625, 0.5, 0.555, 0.51, 0.555, 0.6, 0.6475, 0.595, 0.6475, 0.7, 0.8325, 0.765, 0.8325, 0.9, 0.925, 0.85, 0.925, 1.0, 1.0]], "clusters": [[-1, 2, 2, 2, 2, 2, 2, 2, 2, 2, 2, 2, 2, 2, 2, 2, 2, 2, 2, 2, 2, 2, 2, 2, 2, 2, 2, 2, 2, 2, 2, 2, 2, 2, 2, 2, 2, 2, 2, 2, 2, 2, 2, 2, 2, 2, 2, 2, 2, 2, 2, 2, 2, 2, 2, 2, 2], [0, -1, 0, 0, 0, 0, 0, 0, 0, 0, 0, 0, 0, 0, 0, 0, 0, 0, 0, 0, 0, 0, 0, 0, 0, 0, 0, 0, 0, 0, 0, 0, 0, 0, 0, 0, 0, 0, 0, 0, 0, 0, 0, 0, 0, 0, 0, 0, 0, 0, 0, 0, 0, 0, 0, 0, 0], [0, 0, -1, 0, 0, 0, 0, 0, 0, 0, 0, 0, 0, 0, 0, 0, 0, 0, 0, 0, 0, 0, 0, 0, 0, 0, 0, 0, 0, 0, 0, 0, 0, 0, 0, 0, 0, 0, 0, 0, 0, 0, 0, 0, 0, 0, 0, 0, 0, 0, 0, 0, 0, 0, 0, 0, 0], [1, 1, 1, -1, 1, 1, 1, 1, 1, 1, 1, 1, 1, 1, 1, 1, 1, 1, 1, 1, 1, 1, 1, 1, 1, 1, 1, 1, 1, 1, 1, 1, 1, 1, 1, 1, 1, 1, 1, 1, 1, 1, 1, 1, 1, 1, 1, 1, 1, 1, 1, 1, 1, 1, 1, 1, 1], [0, 0, 0, 0, -1, 0, 0, 0, 0, 0, 0, 0, 0, 0, 0, 0, 0, 0, 0, 0, 0, 0, 0, 0, 0, 0, 0, 0, 0, 0, 0, 0, 0, 0, 0, 0, 0, 0, 0, 0, 0, 0, 0, 0, 0, 0, 0, 0, 0, 0, 0, 0, 0, 0, 0, 0, 0], [0, 0, 0, 0, 0, -1, 0, 0, 0, 0, 0, 0, 0, 0, 0, 0, 0, 0, 0, 0, 0, 0, 0, 0, 0, 0, 0, 0, 0, 0, 0, 0, 0, 0, 0, 0, 0, 0, 0, 0, 0, 0, 0, 0, 0, 0, 0, 0, 0, 0, 0, 0, 0, 0, 0, 0, 0], [1, 1, 1, 1, 1, 1, -1, 1, 1, 1, 1, 1, 1, 1, 1, 1, 1, 1, 1, 1, 1, 1, 1, 1, 1, 1, 1, 1, 1, 1, 1, 1, 1, 1, 1, 1, 1, 1, 1, 1, 1, 1, 1, 1, 1, 1, 1, 1, 1, 1, 1, 1, 1, 1, 1, 1, 1], [0, 0, 0, 0, 0, 0, 0, -1, 0, 0, 0, 0, 0, 0, 0, 0, 0, 0, 0, 0, 0, 0, 0, 0, 0, 0, 0, 0, 0, 0, 0, 0, 0, 0, 0, 0, 0, 0, 0, 0, 0, 0, 0, 0, 0, 0, 0, 0, 0, 0, 0, 0, 0, 0, 0, 0, 0], [0, 0, 0, 0, 0, 0, 0, 0, -1, 0, 0, 0, 0, 0, 0, 0, 0, 0, 0, 0, 0, 0, 0, 0, 0, 0, 0, 0, 0, 0, 0, 0, 0, 0, 0, 0, 0, 0, 0, 0, 0, 0, 0, 0, 0, 0, 0, 0, 0, 0, 0, 0, 0, 0, 0, 0, 0], [0, 0, 0, 0, 0, 0, 0, 0, 0, -1, 0, 0, 0, 0, 0, 0, 0, 0, 0, 0, 0, 0, 0, 0, 0, 0, 0, 0, 0, 0, 0, 0, 0, 0, 0, 0, 0, 0, 0, 0, 0, 0, 0, 0, 0, 0, 0, 0, 0, 0, 0, 0, 0, 0, 0, 0, 0], [1, 1, 1, 1, 1, 1, 1, 1, 1, 1, -1, 1, 1, 1, 1, 1, 1, 1, 1, 1, 1, 1, 1, 1, 1, 1, 1, 1, 1, 1, 1, 1, 1, 1, 1, 1, 1, 1, 1, 1, 1, 1, 1, 1, 1, 1, 1, 1, 1, 1, 1, 1, 1, 1, 1, 1, 1], [0, 0, 0, 0, 0, 0, 0, 0, 0, 0, 0, -1, 0, 0, 0, 0, 0, 0, 0, 0, 0, 0, 0, 0, 0, 0, 0, 0, 0, 0, 0, 0, 0, 0, 0, 0, 0, 0, 0, 0, 0, 0, 0, 0, 0, 0, 0, 0, 0, 0, 0, 0, 0, 0, 0, 0, 0], [1, 1, 1, 1, 1, 1, 1, 1, 1, 1, 1, 1, -1, 1, 1, 1, 1, 1, 1, 1, 1, 1, 1, 1, 1, 1, 1, 1, 1, 1, 1, 1, 1, 1, 1, 1, 1, 1, 1, 1, 1, 1, 1, 1, 1, 1, 1, 1, 1, 1, 1, 1, 1, 1, 1, 1, 1], [1, 1, 1, 1, 1, 1, 1, 1, 1, 1, 1, 1, 1, -1, 1, 1, 1, 1, 1, 1, 1, 1, 1, 1, 1, 1, 1, 1, 1, 1, 1, 1, 1, 1, 1, 1, 1, 1, 1, 1, 1, 1, 1, 1, 1, 1, 1, 1, 1, 1, 1, 1, 1, 1, 1, 1, 1], [0, 0, 0, 0, 0, 0, 0, 0, 0, 0, 0, 0, 0, 0, -1, 0, 0, 0, 0, 0, 0, 0, 0, 0, 0, 0, 0, 0, 0, 0, 0, 0, 0, 0, 0, 0, 0, 0, 0, 0, 0, 0, 0, 0, 0, 0, 0, 0, 0, 0, 0, 0, 0, 0, 0, 0, 0], [0, 0, 0, 0, 0, 0, 0, 0, 0, 0, 0, 0, 0, 0, 0, -1, 0, 0, 0, 0, 0, 0, 0, 0, 0, 0, 0, 0, 0, 0, 0, 0, 0, 0, 0, 0, 0, 0, 0, 0, 0, 0, 0, 0, 0, 0, 0, 0, 0, 0, 0, 0, 0, 0, 0, 0, 0], [1, 1, 1, 1, 1, 1, 1, 1, 1, 1, 1, 1, 1, 1, 1, 1, -1, 1, 1, 1, 1, 1, 1, 1, 1, 1, 1, 1, 1, 1, 1, 1, 1, 1, 1, 1, 1, 1, 1, 1, 1, 1, 1, 1, 1, 1, 1, 1, 1, 1, 1, 1, 1, 1, 1, 1, 1], [0, 0, 0, 0, 0, 0, 0, 0, 0, 0, 0, 0, 0, 0, 0, 0, 0, -1, 0, 0, 0, 0, 0, 0, 0, 0, 0, 0, 0, 0, 0, 0, 0, 0, 0, 0, 0, 0, 0, 0, 0, 0, 0, 0, 0, 0, 0, 0, 0, 0, 0, 0, 0, 0, 0, 0, 0], [2, 2, 2, 2, 2, 2, 2, 2, 2, 2, 2, 2, 2, 2, 2, 2, 2, 2, -1, 2, 2, 2, 2, 2, 2, 2, 2, 2, 2, 2, 2, 2, 2, 2, 2, 2, 2, 2, 2, 2, 2, 2, 2, 2, 2, 2, 2, 2, 2, 2, 2, 2, 2, 2, 2, 2, 2], [0, 0, 0, 0, 0, 0, 0, 0, 0, 0, 0, 0, 0, 0, 0, 0, 0, 0, 0, -1, 0, 0, 0, 0, 0, 0, 0, 0, 0, 0, 0, 0, 0, 0, 0, 0, 0, 0, 0, 0, 0, 0, 0, 0, 0, 0, 0, 0, 0, 0, 0, 0, 0, 0, 0, 0, 0], [1, 1, 1, 1, 1, 1, 1, 1, 1, 1, 1, 1, 1, 1, 1, 1, 1, 1, 1, 1, -1, 1, 1, 1, 1, 1, 1, 1, 1, 1, 1, 1, 1, 1, 1, 1, 1, 1, 1, 1, 1, 1, 1, 1, 1, 1, 1, 1, 1, 1, 1, 1, 1, 1, 1, 1, 1], [0, 0, 0, 0, 0, 0, 0, 0, 0, 0, 0, 0, 0, 0, 0, 0, 0, 0, 0, 0, 0, -1, 0, 0, 0, 0, 0, 0, 0, 0, 0, 0, 0, 0, 0, 0, 0, 0, 0, 0, 0, 0, 0, 0, 0, 0, 0, 0, 0, 0, 0, 0, 0, 0, 0, 0, 0], [2, 2, 2, 2, 2, 2, 2, 2, 2, 2, 2, 2, 2, 2, 2, 2, 2, 2, 2, 2, 2, 2, -1, 2, 2, 2, 2, 2, 2, 2, 2, 2, 2, 2, 2, 2, 2, 2, 2, 2, 2, 2, 2, 2, 2, 2, 2, 2, 2, 2, 2, 2, 2, 2, 2, 2, 2], [1, 1, 1, 1, 1, 1, 1, 1, 1, 1, 1, 1, 1, 1, 1, 1, 1, 1, 1, 1, 1, 1, 1, -1, 1, 1, 1, 1, 1, 1, 1, 1, 1, 1, 1, 1, 1, 1, 1, 1, 1, 1, 1, 1, 1, 1, 1, 1, 1, 1, 1, 1, 1, 1, 1, 1, 1], [1, 1, 1, 1, 1, 1, 1, 1, 1, 1, 1, 1, 1, 1, 1, 1, 1, 1, 1, 1, 1, 1, 1, 1, -1, 1, 1, 1, 1, 1, 1, 1, 1, 1, 1, 1, 1, 1, 1, 1, 1, 1, 1, 1, 1, 1, 1, 1, 1, 1, 1, 1, 1, 1, 1, 1, 1], [0, 0, 0, 0, 0, 0, 0, 0, 0, 0, 0, 0, 0, 0, 0, 0, 0, 0, 0, 0, 0, 0, 0, 0, 0, -1, 0, 0, 0, 0, 0, 0, 0, 0, 0, 0, 0, 0, 0, 0, 0, 0, 0, 0, 0, 0, 0, 0, 0, 0, 0, 0, 0, 0, 0, 0, 0], [1, 1, 1, 1, 1, 1, 1, 1, 1, 1, 1, 1, 1, 1, 1, 1, 1, 1, 1, 1, 1, 1, 1, 1, 1, 1, -1, 1, 1, 1, 1, 1, 1, 1, 1, 1, 1, 1, 1, 1, 1, 1, 1, 1, 1, 1, 1, 1, 1, 1, 1, 1, 1, 1, 1, 1, 1], [0, 0, 0, 0, 0, 0, 0, 0, 0, 0, 0, 0, 0, 0, 0, 0, 0, 0, 0, 0, 0, 0, 0, 0, 0, 0, 0, -1, 0, 0, 0, 0, 0, 0, 0, 0, 0, 0, 0, 0, 0, 0, 0, 0, 0, 0, 0, 0, 0, 0, 0, 0, 0, 0, 0, 0, 0], [0, 0, 0, 0, 0, 0, 0, 0, 0, 0, 0, 0, 0, 0, 0, 0, 0, 0, 0, 0, 0, 0, 0, 0, 0, 0, 0, 0, -1, 0, 0, 0, 0, 0, 0, 0, 0, 0, 0, 0, 0, 0, 0, 0, 0, 0, 0, 0, 0, 0, 0, 0, 0, 0, 0, 0, 0], [0, 0, 0, 0, 0, 0, 0, 0, 0, 0, 0, 0, 0, 0, 0, 0, 0, 0, 0, 0, 0, 0, 0, 0, 0, 0, 0, 0, 0, -1, 0, 0, 0, 0, 0, 0, 0, 0, 0, 0, 0, 0, 0, 0, 0, 0, 0, 0, 0, 0, 0, 0, 0, 0, 0, 0, 0], [1, 1, 1, 1, 1, 1, 1, 1, 1, 1, 1, 1, 1, 1, 1, 1, 1, 1, 1, 1, 1, 1, 1, 1, 1, 1, 1, 1, 1, 1, -1, 1, 1, 1, 1, 1, 1, 1, 1, 1, 1, 1, 1, 1, 1, 1, 1, 1, 1, 1, 1, 1, 1, 1, 1, 1, 1], [0, 0, 0, 0, 0, 0, 0, 0, 0, 0, 0, 0, 0, 0, 0, 0, 0, 0, 0, 0, 0, 0, 0, 0, 0, 0, 0, 0, 0, 0, 0, -1, 0, 0, 0, 0, 0, 0, 0, 0, 0, 0, 0, 0, 0, 0, 0, 0, 0, 0, 0, 0, 0, 0, 0, 0, 0], [1, 1, 1, 1, 1, 1, 1, 1, 1, 1, 1, 1, 1, 1, 1, 1, 1, 1, 1, 1, 1, 1, 1, 1, 1, 1, 1, 1, 1, 1, 1, 1, -1, 1, 1, 1, 1, 1, 1, 1, 1, 1, 1, 1, 1, 1, 1, 1, 1, 1, 1, 1, 1, 1, 1, 1, 1], [1, 1, 1, 1, 1, 1, 1, 1, 1, 1, 1, 1, 1, 1, 1, 1, 1, 1, 1, 1, 1, 1, 1, 1, 1, 1, 1, 1, 1, 1, 1, 1, 1, -1, 1, 1, 1, 1, 1, 1, 1, 1, 1, 1, 1, 1, 1, 1, 1, 1, 1, 1, 1, 1, 1, 1, 1], [1, 1, 1, 1, 1, 1, 1, 1, 1, 1, 1, 1, 1, 1, 1, 1, 1, 1, 1, 1, 1, 1, 1, 1, 1, 1, 1, 1, 1, 1, 1, 1, 1, 1, -1, 1, 1, 1, 1, 1, 1, 1, 1, 1, 1, 1, 1, 1, 1, 1, 1, 1, 1, 1, 1, 1, 1], [0, 0, 0, 0, 0, 0, 0, 0, 0, 0, 0, 0, 0, 0, 0, 0, 0, 0, 0, 0, 0, 0, 0, 0, 0, 0, 0, 0, 0, 0, 0, 0, 0, 0, 0, -1, 0, 0, 0, 0, 0, 0, 0, 0, 0, 0, 0, 0, 0, 0, 0, 0, 0, 0, 0, 0, 0], [1, 1, 1, 1, 1, 1, 1, 1, 1, 1, 1, 1, 1, 1, 1, 1, 1, 1, 1, 1, 1, 1, 1, 1, 1, 1, 1, 1, 1, 1, 1, 1, 1, 1, 1, 1, -1, 1, 1, 1, 1, 1, 1, 1, 1, 1, 1, 1, 1, 1, 1, 1, 1, 1, 1, 1, 1], [0, 0, 0, 0, 0, 0, 0, 0, 0, 0, 0, 0, 0, 0, 0, 0, 0, 0, 0, 0, 0, 0, 0, 0, 0, 0, 0, 0, 0, 0, 0, 0, 0, 0, 0, 0, 0, -1, 0, 0, 0, 0, 0, 0, 0, 0, 0, 0, 0, 0, 0, 0, 0, 0, 0, 0, 0], [2, 2, 2, 2, 2, 2, 2, 2, 2, 2, 2, 2, 2, 2, 2, 2, 2, 2, 2, 2, 2, 2, 2, 2, 2, 2, 2, 2, 2, 2, 2, 2, 2, 2, 2, 2, 2, 2, -1, 2, 2, 2, 2, 2, 2, 2, 2, 2, 2, 2, 2, 2, 2, 2, 2, 2, 2], [0, 0, 0, 0, 0, 0, 0, 0, 0, 0, 0, 0, 0, 0, 0, 0, 0, 0, 0, 0, 0, 0, 0, 0, 0, 0, 0, 0, 0, 0, 0, 0, 0, 0, 0, 0, 0, 0, 0, -1, 0, 0, 0, 0, 0, 0, 0, 0, 0, 0, 0, 0, 0, 0, 0, 0, 0], [1, 1, 1, 1, 1, 1, 1, 1, 1, 1, 1, 1, 1, 1, 1, 1, 1, 1, 1, 1, 1, 1, 1, 1, 1, 1, 1, 1, 1, 1, 1, 1, 1, 1, 1, 1, 1, 1, 1, 1, -1, 1, 1, 1, 1, 1, 1, 1, 1, 1, 1, 1, 1, 1, 1, 1, 1], [0, 0, 0, 0, 0, 0, 0, 0, 0, 0, 0, 0, 0, 0, 0, 0, 0, 0, 0, 0, 0, 0, 0, 0, 0, 0, 0, 0, 0, 0, 0, 0, 0, 0, 0, 0, 0, 0, 0, 0, 0, -1, 0, 0, 0, 0, 0, 0, 0, 0, 0, 0, 0, 0, 0, 0, 0], [0, 0, 0, 0, 0, 0, 0, 0, 0, 0, 0, 0, 0, 0, 0, 0, 0, 0, 0, 0, 0, 0, 0, 0, 0, 0, 0, 0, 0, 0, 0, 0, 0, 0, 0, 0, 0, 0, 0, 0, 0, 0, -1, 0, 0, 0, 0, 0, 0, 0, 0, 0, 0, 0, 0, 0, 0], [2, 2, 2, 2, 2, 2, 2, 2, 2, 2, 2, 2, 2, 2, 2, 2, 2, 2, 2, 2, 2, 2, 2, 2, 2, 2, 2, 2, 2, 2, 2, 2, 2, 2, 2, 2, 2, 2, 2, 2, 2, 2, 2, -1, 2, 2, 2, 2, 2, 2, 2, 2, 2, 2, 2, 2, 2], [0, 0, 0, 0, 0, 0, 0, 0, 0, 0, 0, 0, 0, 0, 0, 0, 0, 0, 0, 0, 0, 0, 0, 0, 0, 0, 0, 0, 0, 0, 0, 0, 0, 0, 0, 0, 0, 0, 0, 0, 0, 0, 0, 0, -1, 0, 0, 0, 0, 0, 0, 0, 0, 0, 0, 0, 0], [0, 0, 0, 0, 0, 0, 0, 0, 0, 0, 0, 0, 0, 0, 0, 0, 0, 0, 0, 0, 0, 0, 0, 0, 0, 0, 0, 0, 0, 0, 0, 0, 0, 0, 0, 0, 0, 0, 0, 0, 0, 0, 0, 0, 0, -1, 0, 0, 0, 0, 0, 0, 0, 0, 0, 0, 0], [2, 2, 2, 2, 2, 2, 2, 2, 2, 2, 2, 2, 2, 2, 2, 2, 2, 2, 2, 2, 2, 2, 2, 2, 2, 2, 2, 2, 2, 2, 2, 2, 2, 2, 2, 2, 2, 2, 2, 2, 2, 2, 2, 2, 2, 2, -1, 2, 2, 2, 2, 2, 2, 2, 2, 2, 2], [0, 0, 0, 0, 0, 0, 0, 0, 0, 0, 0, 0, 0, 0, 0, 0, 0, 0, 0, 0, 0, 0, 0, 0, 0, 0, 0, 0, 0, 0, 0, 0, 0, 0, 0, 0, 0, 0, 0, 0, 0, 0, 0, 0, 0, 0, 0, -1, 0, 0, 0, 0, 0, 0, 0, 0, 0], [1, 1, 1, 1, 1, 1, 1, 1, 1, 1, 1, 1, 1, 1, 1, 1, 1, 1, 1, 1, 1, 1, 1, 1, 1, 1, 1, 1, 1, 1, 1, 1, 1, 1, 1, 1, 1, 1, 1, 1, 1, 1, 1, 1, 1, 1, 1, 1, -1, 1, 1, 1, 1, 1, 1, 1, 1], [0, 0, 0, 0, 0, 0, 0, 0, 0, 0, 0, 0, 0, 0, 0, 0, 0, 0, 0, 0, 0, 0, 0, 0, 0, 0, 0, 0, 0, 0, 0, 0, 0, 0, 0, 0, 0, 0, 0, 0, 0, 0, 0, 0, 0, 0, 0, 0, 0, -1, 0, 0, 0, 0, 0, 0, 0], [1, 1, 1, 1, 1, 1, 1, 1, 1, 1, 1, 1, 1, 1, 1, 1, 1, 1, 1, 1, 1, 1, 1, 1, 1, 1, 1, 1, 1, 1, 1, 1, 1, 1, 1, 1, 1, 1, 1, 1, 1, 1, 1, 1, 1, 1, 1, 1, 1, 1, -1, 1, 1, 1, 1, 1, 1], [0, 0, 0, 0, 0, 0, 0, 0, 0, 0, 0, 0, 0, 0, 0, 0, 0, 0, 0, 0, 0, 0, 0, 0, 0, 0, 0, 0, 0, 0, 0, 0, 0, 0, 0, 0, 0, 0, 0, 0, 0, 0, 0, 0, 0, 0, 0, 0, 0, 0, 0, -1, 0, 0, 0, 0, 0], [0, 0, 0, 0, 0, 0, 0, 0, 0, 0, 0, 0, 0, 0, 0, 0, 0, 0, 0, 0, 0, 0, 0, 0, 0, 0, 0, 0, 0, 0, 0, 0, 0, 0, 0, 0, 0, 0, 0, 0, 0, 0, 0, 0, 0, 0, 0, 0, 0, 0, 0, 0, -1, 0, 0, 0, 0], [2, 2, 2, 2, 2, 2, 2, 2, 2, 2, 2, 2, 2, 2, 2, 2, 2, 2, 2, 2, 2, 2, 2, 2, 2, 2, 2, 2, 2, 2, 2, 2, 2, 2, 2, 2, 2, 2, 2, 2, 2, 2, 2, 2, 2, 2, 2, 2, 2, 2, 2, 2, 2, -1, 2, 2, 2], [1, 1, 1, 1, 1, 1, 1, 1, 1, 1, 1, 1, 1, 1, 1, 1, 1, 1, 1, 1, 1, 1, 1, 1, 1, 1, 1, 1, 1, 1, 1, 1, 1, 1, 1, 1, 1, 1, 1, 1, 1, 1, 1, 1, 1, 1, 1, 1, 1, 1, 1, 1, 1, 1, -1, 1, 1], [0, 0, 0, 0, 0, 0, 0, 0, 0, 0, 0, 0, 0, 0, 0, 0, 0, 0, 0, 0, 0, 0, 0, 0, 0, 0, 0, 0, 0, 0, 0, 0, 0, 0, 0, 0, 0, 0, 0, 0, 0, 0, 0, 0, 0, 0, 0, 0, 0, 0, 0, 0, 0, 0, 0, -1, 0], [2, 2, 2, 2, 2, 2, 2, 2, 2, 2, 2, 2, 2, 2, 2, 2, 2, 2, 2, 2, 2, 2, 2, 2, 2, 2, 2, 2, 2, 2, 2, 2, 2, 2, 2, 2, 2, 2, 2, 2, 2, 2, 2, 2, 2, 2, 2, 2, 2, 2, 2, 2, 2, 2, 2, 2, -1]], "speed_zone_count": 73, "speed_zones": [[0.0, 15.0], [15.0, 30.0], [30.0, 45.0], [45.0, 60.0], [60.0, 75.0], [75.0, 90.0], [90.0, 105.0], [105.0, 120.0], [120.0, 135.0], [135.0, 150.0], [150.0, 165.0], [165.0, 180.0], [180.0, 195.0], [195.0, 210.0], [210.0, 225.0], [225.0, 240.0], [240.0, 255.0], [255.0, 270.0], [270.0, 285.0], [285.0, 300.0], [300.0, 315.0], [315.0, 330.0], [330.0, 345.0], [345.0, 360.0], [360.0, 375.0], [375.0, 390.0], [390.0, 405.0], [405.0, 420.0], [420.0, 435.0], [435.0, 450.0], [450.0, 465.0], [465.0, 480.0], [480.0, 495.0], [495.0, 510.0], [510.0, 525.0], [525.0, 540.0], [540.0, 555.0], [555.0, 570.0], [570.0, 585.0], [585.0, 600.0], [600.0, 615.0], [615.0, 630.0], [630.0, 645.0], [645.0, 660.0], [660.0, 675.0], [675.0, 690.0], [690.0, 705.0], [705.0, 720.0], [720.0, 735.0], [735.0, 750.0], [750.0, 765.0], [765.0, 780.0], [780.0, 795.0], [795.0, 810.0], [810.0, 825.0], [825.0, 840.0], [840.0, 855.0], [855.0, 870.0], [870.0, 885.0], [885.0, 900.0], [900.0, 915.0], [915.0, 930.0], [930.0, 945.0], [945.0, 960.0], [960.0, 975.0], [975.0, 990.0], [990.0, 1005.0], [1005.0, 1020.0], [1020.0, 1035.0], [1035.0, 1050.0], [1050.0, 1065.0], [1065.0, 1080.0], [1080.0, 5000.0]], "distances": [[0.0, 72.65, 60.47, 87.24, 67.82, 82.45, 54.65, 83.17, 57.35, 69.31, 64.0, 66.16, 74.89, 82.08, 71.46, 57.57, 88.82, 57.69, 90.88, 72.57, 80.8, 60.91, 87.99, 61.81, 54.17, 60.49, 91.05, 72.58, 83.9, 64.21, 88.98, 83.15, 72.62, 53.36, 49.82, 65.61, 79.23, 72.9, 95.14, 81.29, 51.88, 69.47, 73.09, 92.53, 73.24, 77.14, 68.05, 70.71, 71.52, 69.01, 65.83, 77.08, 57.82, 92.85, 93.75, 61.1, 0.0], [0.0, 0.0, 12.45, 17.85, 6.84, 10.03, 18.14, 10.97, 16.0, 6.0, 15.39, 7.62, 21.14, 21.63, 10.41, 15.31, 16.87, 15.28, 37.73, 9.13, 20.32, 12.75, 30.01, 20.3, 18.75, 13.3, 19.43, 10.41, 11.56, 10.13, 19.69, 13.69, 14.91, 23.74, 24.35, 11.41, 26.04, 10.47, 25.81, 8.68, 22.07, 14.45, 11.57, 26.88, 5.78, 4.54, 24.92, 16.62, 17.05, 6.84, 20.85, 6.37, 15.46, 30.41, 23.38, 12.76, 72.65], [0.0, 12.45, 0.0, 27.58, 7.6, 22.0, 5.81, 22.71, 11.5, 9.08, 14.44, 8.31, 22.0, 26.34, 11.01, 5.49, 28.4, 10.57, 40.9, 12.33, 24.86, 12.47, 34.47, 18.04, 6.33, 12.23, 30.72, 17.08, 23.44, 4.62, 29.42, 23.29, 20.2, 16.4, 14.48, 11.79, 27.68, 17.34, 35.74, 20.91, 12.4, 13.74, 14.94, 34.85, 14.97, 16.79, 25.91, 16.21, 21.15, 8.99, 21.07, 16.68, 11.07, 36.99, 33.88, 7.32, 60.47], [0.0, 17.85, 27.58, 0.0, 19.98, 9.85, 33.23, 8.61, 30.16, 18.51, 33.07, 25.4, 17.68, 11.65, 17.63, 32.02, 6.3, 30.12, 25.13, 17.77, 11.55, 26.64, 17.06, 37.96, 33.52, 26.98, 6.04, 26.13, 8.79, 23.31, 10.51, 4.32, 30.29, 41.45, 41.41, 29.17, 18.76, 26.03, 8.18, 11.54, 39.16, 18.58, 14.35, 9.81, 21.72, 14.1, 41.31, 18.35, 32.75, 18.6, 37.87, 11.59, 29.76, 14.48, 6.54, 30.32, 87.24], [0.0, 6.84, 7.6, 19.98, 0.0, 14.95, 13.32, 15.51, 10.47, 12.38, 17.24, 8.61, 16.98, 19.78, 4.55, 12.31, 21.02, 10.21, 35.21, 6.62, 18.31, 6.92, 28.17, 21.84, 13.7, 7.37, 23.25, 15.61, 16.3, 12.22, 21.82, 15.69, 19.8, 22.67, 21.71, 13.43, 22.47, 15.77, 28.14, 14.12, 19.52, 9.06, 8.24, 27.5, 11.73, 10.27, 28.26, 11.57, 21.51, 8.95, 23.66, 9.28, 10.0, 30.01, 26.28, 11.77, 67.82], [0.0, 10.03, 22.0, 9.85, 14.95, 0.0, 27.8, 12.03, 25.28, 13.53, 24.14, 17.46, 21.6, 18.48, 10.99, 25.32, 6.94, 24.8, 33.9, 10.06, 17.66, 21.8, 25.76, 28.91, 28.32, 22.28, 9.59, 16.5, 12.34, 18.66, 11.41, 7.1, 20.52, 33.47, 34.36, 20.45, 24.84, 16.36, 16.83, 11.76, 32.08, 18.32, 13.82, 19.66, 12.38, 5.51, 31.6, 19.43, 22.99, 14.04, 28.38, 6.01, 24.78, 24.17, 14.02, 22.71, 82.45], [0.0, 18.14, 5.81, 33.23, 13.32, 27.8, 0.0, 28.52, 11.61, 14.82, 16.1, 12.77, 25.8, 31.05, 16.81, 5.14, 34.21, 10.23, 44.73, 18.03, 29.58, 6.66, 38.86, 18.36, 11.23, 6.41, 36.52, 21.15, 29.25, 9.95, 35.06, 28.98, 23.49, 13.93, 10.35, 14.75, 31.42, 21.45, 41.36, 26.68, 8.78, 17.91, 20.03, 40.11, 19.94, 22.54, 26.92, 20.14, 23.9, 14.64, 22.19, 22.49, 11.35, 41.91, 39.59, 9.33, 54.65], [0.0, 10.97, 22.71, 8.61, 15.51, 12.03, 28.52, 0.0, 25.91, 14.05, 25.31, 18.48, 21.04, 17.57, 11.74, 26.2, 5.9, 25.49, 32.84, 10.98, 16.81, 22.4, 24.69, 30.1, 29.01, 22.87, 8.5, 17.75, 11.3, 19.21, 10.15, 6.06, 21.78, 34.54, 35.31, 21.59, 24.06, 17.62, 15.6, 12.08, 33.04, 18.24, 13.68, 18.42, 13.59, 6.52, 32.86, 19.19, 24.25, 14.51, 29.62, 6.33, 25.42, 22.97, 12.82, 23.71, 83.17], [0.0, 16.0, 11.5, 30.16, 10.47, 25.28, 11.61, 25.91, 0.0, 11.96, 17.01, 11.87, 22.43, 27.65, 14.37, 6.47, 31.48, 11.56, 41.37, 15.85, 26.19, 14.05, 35.46, 20.0, 12.56, 14.22, 33.7, 20.6, 26.68, 6.88, 31.97, 25.95, 23.5, 16.72, 13.62, 14.88, 28.07, 20.88, 38.25, 24.29, 11.88, 14.51, 16.71, 36.81, 18.66, 20.22, 28.29, 16.75, 24.26, 11.68, 23.46, 19.74, 12.68, 38.53, 36.59, 9.83, 57.35], [0.0, 6.0, 9.08, 18.51, 12.38, 13.53, 14.82, 14.05, 11.96, 0.0, 17.89, 9.19, 16.48, 18.76, 13.23, 13.66, 19.53, 11.71, 34.39, 5.76, 17.31, 8.41, 27.2, 22.59, 15.19, 8.85, 21.75, 15.47, 14.85, 5.16, 20.36, 14.21, 19.79, 23.86, 23.08, 13.99, 21.84, 15.61, 26.68, 12.76, 20.87, 8.91, 7.35, 26.17, 11.32, 9.0, 28.69, 11.31, 21.63, 9.97, 24.18, 7.79, 11.49, 28.81, 24.8, 12.83, 69.31], [0.0, 15.39, 14.44, 33.07, 17.24, 24.14, 16.1, 25.31, 17.01, 17.89, 0.0, 8.71, 34.22, 36.42, 16.42, 10.97, 30.99, 15.57, 52.26, 15.52, 35.02, 16.58, 44.88, 4.91, 17.05, 17.01, 33.68, 9.07, 25.64, 17.19, 34.88, 29.02, 8.71, 10.85, 14.42, 12.66, 39.7, 9.37, 40.81, 22.45, 12.7, 26.14, 25.23, 42.27, 11.84, 19.03, 11.49, 28.7, 8.23, 18.51, 6.67, 21.76, 16.61, 45.75, 38.12, 7.2, 64.0], [0.0, 7.62, 8.31, 25.4, 8.61, 17.46, 12.77, 18.48, 11.87, 9.19, 8.71, 0.0, 25.57, 27.77, 7.99, 8.65, 24.38, 10.67, 43.55, 7.66, 26.35, 9.87, 36.23, 13.46, 13.6, 10.42, 26.98, 8.77, 19.01, 9.27, 27.25, 21.17, 12.14, 16.12, 17.02, 4.83, 31.01, 9.03, 33.41, 15.96, 14.76, 17.62, 16.52, 34.16, 7.24, 11.97, 19.67, 20.16, 13.44, 9.82, 15.06, 13.81, 11.34, 37.36, 30.99, 5.28, 66.16], [0.0, 21.14, 22.0, 17.68, 16.98, 21.6, 25.8, 21.04, 22.43, 16.48, 34.22, 25.57, 0.0, 7.64, 19.0, 27.48, 23.07, 23.23, 18.96, 20.9, 6.77, 19.96, 13.46, 38.75, 25.58, 19.91, 23.63, 31.49, 21.85, 17.71, 18.61, 15.93, 35.96, 38.4, 36.01, 30.4, 5.69, 31.57, 23.16, 22.26, 34.14, 8.3, 9.57, 18.44, 26.91, 21.08, 45.17, 5.79, 37.95, 15.78, 40.62, 17.17, 22.32, 17.97, 23.32, 28.3, 74.89], [0.0, 21.63, 26.34, 11.65, 19.78, 18.48, 31.05, 17.57, 27.65, 18.76, 36.42, 27.77, 7.64, 0.0, 20.08, 31.69, 17.77, 28.16, 16.13, 21.44, 14.41, 24.63, 8.47, 41.23, 31.0, 24.73, 17.65, 31.83, 18.19, 21.75, 12.06, 11.58, 36.33, 42.37, 40.81, 32.42, 7.11, 31.83, 15.77, 19.65, 38.75, 13.25, 11.56, 10.8, 27.07, 19.94, 46.54, 11.49, 38.59, 18.32, 42.35, 16.01, 27.42, 10.99, 16.36, 31.55, 82.08], [0.0, 10.41, 11.01, 17.63, 4.55, 10.99, 16.81, 11.74, 14.37, 13.23, 16.42, 7.99, 19.0, 20.08, 0.0, 14.6, 17.53, 13.82, 36.09, 10.47, 18.72, 10.96, 28.54, 21.29, 17.34, 11.48, 19.96, 12.5, 12.45, 8.07, 19.5, 13.34, 16.95, 23.85, 23.9, 12.4, 24.07, 12.6, 25.76, 9.93, 21.63, 12.06, 9.47, 26.19, 8.05, 5.88, 26.55, 14.29, 18.98, 4.4, 22.28, 6.09, 13.85, 29.39, 23.54, 12.7, 71.46], [0.0, 15.31, 5.49, 32.02, 12.31, 25.32, 5.14, 26.2, 6.47, 13.66, 10.97, 8.65, 27.48, 31.69, 14.6, 0.0, 32.06, 5.09, 46.38, 15.26, 30.21, 7.58, 39.89, 13.56, 6.09, 7.75, 34.54, 16.42, 26.84, 9.97, 33.88, 27.69, 18.45, 10.92, 9.42, 9.75, 33.17, 16.73, 40.19, 23.99, 7.21, 19.22, 20.19, 39.81, 15.87, 19.85, 21.97, 21.69, 18.78, 13.8, 17.18, 20.65, 6.21, 42.21, 38.1, 4.29, 57.57], [0.0, 16.87, 28.4, 6.3, 21.02, 6.94, 34.21, 5.9, 31.48, 19.53, 30.99, 24.38, 23.07, 17.77, 17.53, 32.06, 0.0, 31.15, 31.31, 16.88, 17.48, 27.93, 23.3, 35.72, 34.66, 28.37, 12.34, 23.01, 5.4, 24.67, 6.85, 7.28, 26.73, 40.41, 41.21, 27.36, 24.82, 22.84, 10.61, 8.57, 38.93, 22.21, 17.63, 15.07, 19.17, 12.41, 37.86, 22.6, 29.21, 19.88, 34.94, 11.75, 31.01, 20.15, 7.51, 29.61, 88.82], [0.0, 15.28, 10.57, 30.12, 10.21, 24.8, 10.23, 25.49, 11.56, 11.71, 15.57, 10.67, 23.23, 28.16, 13.82, 5.09, 31.15, 0.0, 42.19, 15.16, 26.69, 12.67, 36.1, 18.59, 11.18, 12.83, 33.43, 19.35, 26.23, 6.84, 31.94, 25.86, 22.15, 15.56, 12.79, 13.5, 28.9, 19.63, 38.25, 23.73, 10.92, 15.16, 17.01, 37.07, 17.6, 19.62, 26.85, 17.49, 22.87, 11.53, 22.03, 19.41, 11.3, 38.97, 36.48, 8.4, 57.69], [0.0, 37.73, 40.9, 25.13, 35.21, 33.9, 44.73, 32.84, 41.37, 34.39, 52.26, 43.55, 18.96, 16.13, 36.09, 46.38, 31.31, 42.19, 0.0, 37.53, 17.41, 38.9, 8.15, 56.99, 44.46, 38.87, 30.12, 47.96, 33.31, 36.49, 24.5, 26.8, 52.46, 57.28, 54.97, 48.3, 13.31, 47.96, 24.18, 35.27, 53.09, 27.16, 27.04, 17.3, 43.2, 36.0, 62.61, 24.72, 54.71, 33.84, 58.35, 32.1, 41.27, 12.24, 26.59, 46.89, 90.88], [0.0, 9.13, 12.33, 17.77, 6.62, 10.06, 18.03, 10.98, 15.85, 5.76, 15.52, 7.66, 20.9, 21.44, 10.47, 15.26, 16.88, 15.16, 37.53, 0.0, 20.12, 12.59, 29.83, 20.43, 18.63, 13.14, 19.43, 10.63, 11.59, 9.94, 19.62, 13.59, 15.13, 23.78, 24.33, 11.53, 25.82, 10.69, 25.76, 8.75, 22.05, 14.21, 11.34, 26.77, 6.01, 4.59, 25.11, 16.38, 17.26, 6.6, 21.02, 6.26, 15.32, 30.27, 23.34, 12.77, 72.57], [0.0, 20.32, 24.86, 11.55, 18.31, 17.66, 29.58, 16.81, 26.19, 17.31, 35.02, 26.35, 6.77, 14.41, 18.72, 30.21, 17.48, 26.69, 17.41, 20.12, 0.0, 23.15, 9.89, 39.81, 29.54, 23.26, 17.59, 30.57, 17.48, 20.26, 12.19, 10.94, 35.08, 40.9, 39.33, 31.02, 7.37, 30.59, 16.4, 18.74, 37.26, 11.82, 10.09, 11.88, 25.82, 18.81, 45.21, 10.13, 37.32, 16.86, 40.99, 14.84, 25.95, 12.41, 16.72, 30.08, 80.8], [0.0, 12.75, 12.47, 26.64, 6.92, 21.8, 6.66, 22.4, 14.05, 8.41, 16.58, 9.87, 19.96, 24.63, 10.96, 7.58, 27.93, 12.67, 38.9, 12.59, 23.15, 0.0, 32.64, 20.26, 6.89, 13.07, 30.15, 18.58, 23.17, 12.92, 28.45, 22.41, 21.96, 18.48, 16.21, 13.74, 25.65, 18.83, 34.74, 20.85, 14.23, 11.77, 13.42, 33.48, 16.03, 16.83, 28.06, 14.18, 23.04, 8.12, 23.22, 16.19, 13.79, 35.4, 33.04, 9.51, 60.91], [0.0, 30.01, 34.47, 17.06, 28.17, 25.76, 38.86, 24.69, 35.46, 27.2, 44.88, 36.23, 13.46, 8.47, 28.54, 39.89, 23.3, 36.1, 8.15, 29.83, 9.89, 32.64, 0.0, 49.7, 38.72, 32.69, 22.3, 40.1, 25.16, 29.92, 16.57, 18.66, 44.58, 50.67, 48.85, 40.88, 8.79, 40.09, 17.23, 27.14, 46.85, 20.95, 19.93, 10.33, 35.35, 28.01, 54.93, 18.78, 46.88, 26.73, 50.79, 24.18, 35.27, 6.42, 19.21, 39.94, 87.99], [0.0, 20.3, 18.04, 37.96, 21.84, 28.91, 18.36, 30.1, 20.0, 22.59, 4.91, 13.46, 38.75, 41.23, 21.29, 13.56, 35.72, 18.59, 56.99, 20.43, 39.81, 20.26, 49.7, 0.0, 19.27, 20.61, 38.41, 13.18, 30.4, 21.37, 39.75, 33.92, 11.34, 8.68, 13.62, 8.92, 44.29, 13.43, 45.64, 27.2, 12.54, 30.57, 29.94, 47.18, 16.55, 23.89, 8.69, 33.14, 9.8, 23.16, 4.42, 26.67, 19.69, 50.64, 42.92, 10.78, 61.81], [0.0, 18.75, 6.33, 33.52, 13.7, 28.32, 11.23, 29.01, 12.56, 15.19, 17.05, 13.6, 25.58, 31.0, 17.34, 6.09, 34.66, 11.18, 44.46, 18.63, 29.54, 6.89, 38.72, 19.27, 0.0, 6.57, 36.93, 22.04, 29.75, 10.22, 35.34, 29.29, 24.42, 14.63, 10.8, 15.68, 31.16, 22.33, 41.63, 27.24, 9.36, 17.81, 20.12, 40.23, 20.73, 23.12, 27.84, 19.97, 24.84, 14.97, 23.12, 22.92, 12.3, 41.91, 39.92, 10.26, 54.17], [0.0, 13.3, 12.23, 26.98, 7.37, 22.28, 6.41, 22.87, 14.22, 8.85, 17.01, 10.42, 19.91, 24.73, 11.48, 7.75, 28.37, 12.83, 38.87, 13.14, 23.26, 13.07, 32.69, 20.61, 6.57, 0.0, 30.56, 19.15, 23.65, 13.33, 28.78, 22.77, 22.5, 18.61, 16.17, 14.24, 25.59, 19.4, 35.07, 21.36, 14.23, 11.77, 13.62, 33.7, 16.61, 17.35, 28.48, 14.14, 23.56, 8.52, 23.64, 16.64, 13.96, 35.55, 33.4, 9.9, 60.49], [0.0, 19.43, 30.72, 6.04, 23.25, 9.59, 36.52, 8.5, 33.7, 21.75, 33.68, 26.98, 23.63, 17.65, 19.96, 34.54, 12.34, 33.43, 30.12, 19.43, 17.59, 30.15, 22.3, 38.41, 36.93, 30.56, 0.0, 25.69, 8.06, 26.85, 5.8, 8.52, 29.38, 43.04, 43.74, 30.03, 24.77, 25.52, 8.16, 11.25, 41.46, 23.67, 19.17, 13.34, 21.87, 15.02, 40.51, 23.8, 31.86, 22.04, 37.62, 14.04, 33.24, 18.54, 4.98, 32.19, 91.05], [0.0, 10.41, 17.08, 26.13, 15.61, 16.5, 21.15, 17.75, 20.6, 15.47, 9.07, 8.77, 31.49, 31.83, 12.5, 16.42, 23.01, 19.35, 47.96, 10.63, 30.57, 18.58, 40.1, 13.18, 22.04, 19.15, 25.69, 0.0, 17.88, 17.48, 27.81, 22.51, 4.52, 19.84, 22.76, 7.03, 36.45, 9.01, 33.31, 14.76, 20.74, 24.38, 21.93, 35.79, 4.76, 12.29, 15.19, 26.72, 6.79, 16.3, 11.93, 15.93, 20.08, 39.86, 30.41, 12.19, 72.58], [0.0, 11.56, 23.44, 8.79, 16.3, 12.34, 29.25, 11.3, 26.68, 14.85, 25.64, 19.01, 21.85, 18.19, 12.45, 26.84, 5.4, 26.23, 33.31, 11.59, 17.48, 23.17, 25.16, 30.4, 29.75, 23.65, 8.06, 17.88, 0.0, 20.0, 10.23, 6.63, 21.81, 35.02, 35.9, 21.97, 24.77, 17.73, 15.43, 12.92, 33.62, 19.13, 14.56, 18.58, 13.85, 7.05, 32.92, 20.06, 24.3, 15.32, 29.79, 7.17, 26.18, 23.24, 12.56, 24.25, 83.9], [0.0, 10.13, 4.62, 23.31, 12.22, 18.66, 9.95, 19.21, 6.88, 5.16, 17.19, 9.27, 17.71, 21.75, 8.07, 9.97, 24.67, 6.84, 36.49, 9.94, 20.26, 12.92, 29.92, 21.37, 10.22, 13.33, 26.85, 17.48, 20.0, 0.0, 25.12, 19.08, 21.3, 20.8, 19.1, 13.8, 23.38, 17.69, 31.42, 17.82, 17.01, 9.41, 10.33, 30.29, 14.24, 13.9, 28.59, 11.95, 22.7, 4.81, 23.83, 12.95, 6.45, 32.38, 29.71, 10.68, 64.21], [0.0, 19.69, 29.42, 10.51, 21.82, 11.41, 35.06, 10.15, 31.97, 20.36, 34.88, 27.25, 18.61, 12.06, 19.5, 33.88, 6.85, 31.94, 24.5, 19.62, 12.19, 28.45, 16.57, 39.75, 35.34, 28.78, 5.8, 27.81, 10.23, 25.12, 0.0, 6.18, 31.91, 43.31, 43.28, 30.99, 19.16, 27.69, 6.32, 13.12, 41.02, 20.11, 15.99, 8.43, 23.45, 15.87, 42.97, 19.73, 34.38, 20.43, 39.59, 13.45, 31.56, 13.36, 4.96, 32.18, 88.98], [0.0, 13.69, 23.29, 4.32, 15.69, 7.1, 28.98, 6.06, 25.95, 14.21, 29.02, 21.17, 15.93, 11.58, 13.34, 27.69, 7.28, 25.86, 26.8, 13.59, 10.94, 22.41, 18.66, 33.92, 29.29, 22.77, 8.52, 22.51, 6.63, 19.08, 6.18, 0.0, 26.81, 37.18, 37.09, 25.07, 18.29, 22.43, 12.5, 8.53, 34.84, 15.15, 10.67, 13.34, 17.94, 10.25, 37.69, 15.36, 29.24, 14.33, 34.05, 7.35, 25.53, 17.41, 10.63, 26.03, 83.15], [0.0, 14.91, 20.2, 30.29, 19.8, 20.52, 23.49, 21.78, 23.5, 19.79, 8.71, 12.14, 35.96, 36.33, 16.95, 18.45, 26.73, 22.15, 52.46, 15.13, 35.08, 21.96, 44.58, 11.34, 24.42, 22.5, 29.38, 4.52, 21.81, 21.3, 31.91, 26.81, 0.0, 19.3, 23.14, 8.74, 40.95, 4.5, 37.21, 18.79, 21.37, 28.7, 26.41, 40.03, 9.26, 16.68, 11.13, 31.09, 11.31, 20.6, 8.77, 20.4, 23.01, 44.21, 34.22, 14.17, 72.62], [0.0, 23.74, 16.4, 41.45, 22.67, 33.47, 13.93, 34.54, 16.72, 23.86, 10.85, 16.12, 38.4, 42.37, 23.85, 10.92, 40.41, 15.56, 57.28, 23.78, 40.9, 18.48, 50.67, 8.68, 14.63, 18.61, 43.04, 19.84, 35.02, 20.8, 43.31, 37.18, 19.3, 0.0, 5.51, 13.42, 44.09, 20.14, 49.52, 31.9, 5.51, 30.13, 30.82, 49.9, 21.82, 28.03, 16.59, 32.61, 18.19, 24.16, 13.03, 29.86, 16.64, 52.67, 47.11, 11.17, 53.36], [0.0, 24.35, 14.48, 41.41, 21.71, 34.36, 10.35, 35.31, 13.62, 23.08, 14.42, 17.02, 36.01, 40.81, 23.9, 9.42, 41.21, 12.79, 54.97, 24.33, 39.33, 16.21, 48.85, 13.62, 10.8, 16.17, 43.74, 22.76, 35.9, 19.1, 43.28, 37.09, 23.14, 5.51, 0.0, 15.8, 41.67, 23.08, 49.58, 32.93, 11.02, 27.94, 29.42, 49.2, 23.72, 28.85, 21.93, 30.28, 22.45, 23.19, 18.04, 29.98, 13.7, 51.47, 47.44, 11.74, 49.82], [0.0, 11.41, 11.79, 29.17, 13.43, 20.45, 14.75, 21.59, 14.88, 13.99, 12.66, 4.83, 30.4, 32.42, 12.4, 9.75, 27.36, 13.5, 48.3, 11.53, 31.02, 13.74, 40.88, 8.92, 15.68, 14.24, 30.03, 7.03, 21.97, 13.8, 30.99, 25.07, 8.74, 13.42, 15.8, 0.0, 35.83, 7.35, 36.98, 18.79, 13.73, 22.44, 21.3, 38.29, 8.42, 15.2, 14.87, 24.98, 9.39, 14.64, 10.23, 17.78, 14.41, 41.73, 34.37, 5.45, 65.61], [0.0, 26.04, 27.68, 18.76, 22.47, 24.84, 31.42, 24.06, 28.07, 21.84, 39.7, 31.01, 5.69, 7.11, 24.07, 33.17, 24.82, 28.9, 13.31, 25.82, 7.37, 25.65, 8.79, 44.29, 31.16, 25.59, 24.77, 36.45, 24.77, 23.38, 19.16, 18.29, 40.95, 44.09, 41.67, 35.83, 0.0, 36.5, 22.34, 25.8, 39.81, 13.98, 14.64, 16.41, 31.77, 25.33, 50.49, 11.48, 43.04, 21.19, 46.02, 21.32, 27.96, 14.44, 23.29, 33.93, 79.23], [0.0, 10.47, 17.34, 26.03, 15.77, 16.36, 21.45, 17.62, 20.88, 15.61, 9.37, 9.03, 31.57, 31.83, 12.6, 16.73, 22.84, 19.63, 47.96, 10.69, 30.59, 18.83, 40.09, 13.43, 22.33, 19.4, 25.52, 9.01, 17.73, 17.69, 27.69, 22.43, 4.5, 20.14, 23.08, 7.35, 36.5, 0.0, 33.17, 14.62, 21.06, 24.51, 22.01, 35.7, 4.77, 12.23, 15.29, 26.83, 6.83, 16.44, 12.1, 15.91, 20.35, 39.8, 30.26, 12.5, 72.9], [0.0, 25.81, 35.74, 8.18, 28.14, 16.83, 41.36, 15.6, 38.25, 26.68, 40.81, 33.41, 23.16, 15.77, 25.76, 40.19, 10.61, 38.25, 24.18, 25.76, 16.4, 34.74, 17.23, 45.64, 41.63, 35.07, 8.16, 33.31, 15.43, 31.42, 6.32, 12.5, 37.21, 49.52, 49.58, 36.98, 22.34, 33.17, 0.0, 18.57, 47.33, 25.95, 22.05, 6.94, 29.17, 21.79, 48.33, 25.25, 39.69, 26.75, 45.21, 19.68, 37.86, 11.97, 11.29, 38.42, 95.14], [0.0, 8.68, 20.91, 11.54, 14.12, 11.76, 26.68, 12.08, 24.29, 12.76, 22.45, 15.96, 22.26, 19.65, 9.93, 23.99, 8.57, 23.73, 35.27, 8.75, 18.74, 20.85, 27.14, 27.2, 27.24, 21.36, 11.25, 14.76, 12.92, 17.82, 13.12, 8.53, 18.79, 31.9, 32.93, 18.79, 25.8, 14.62, 18.57, 0.0, 30.65, 18.35, 13.98, 21.33, 10.66, 13.22, 29.87, 19.66, 21.27, 13.35, 26.64, 5.75, 23.78, 25.77, 15.74, 21.23, 81.29], [0.0, 22.07, 12.4, 39.16, 19.52, 32.08, 8.78, 33.04, 11.88, 20.87, 12.7, 14.76, 34.14, 38.75, 21.63, 7.21, 38.93, 10.92, 53.09, 22.05, 37.26, 14.23, 46.85, 12.54, 9.36, 14.23, 41.46, 20.74, 33.62, 17.01, 41.02, 34.84, 21.37, 5.51, 11.02, 13.73, 39.81, 21.06, 47.33, 30.65, 0.0, 25.99, 27.31, 47.01, 21.52, 26.57, 21.1, 28.38, 20.85, 21.0, 16.93, 27.71, 11.9, 49.36, 45.17, 9.49, 51.88], [0.0, 14.45, 13.74, 18.58, 9.06, 18.32, 17.91, 18.24, 14.51, 8.91, 26.14, 17.62, 8.3, 13.25, 12.06, 19.22, 22.21, 15.16, 27.16, 14.21, 11.82, 11.77, 20.95, 30.57, 17.81, 11.77, 23.67, 24.38, 19.13, 9.41, 20.11, 15.15, 28.7, 30.13, 27.94, 22.44, 13.98, 24.51, 25.95, 18.35, 25.99, 0.0, 4.61, 23.13, 20.09, 15.83, 37.29, 10.31, 30.51, 8.1, 32.66, 12.61, 14.32, 24.23, 25.06, 20.03, 69.47], [0.0, 11.57, 14.94, 14.35, 8.24, 13.82, 20.03, 13.68, 16.71, 7.35, 25.23, 16.52, 9.57, 11.56, 9.47, 20.19, 17.63, 17.01, 27.04, 11.34, 10.09, 13.42, 19.93, 29.94, 20.12, 13.62, 19.17, 21.93, 14.56, 10.33, 15.99, 10.67, 26.41, 30.82, 29.42, 21.3, 14.64, 22.01, 22.05, 13.98, 27.31, 4.61, 0.0, 20.1, 17.35, 11.92, 35.86, 5.7, 28.44, 6.82, 31.44, 8.33, 16.4, 22.05, 20.88, 20.01, 73.09], [0.0, 26.88, 34.85, 9.81, 27.5, 19.66, 40.11, 18.42, 36.81, 26.17, 42.27, 34.16, 18.44, 10.8, 26.19, 39.81, 15.07, 37.07, 17.3, 26.77, 11.88, 33.48, 10.33, 47.18, 40.23, 33.7, 13.34, 35.79, 18.58, 30.29, 8.43, 13.34, 40.03, 49.9, 49.2, 38.29, 16.41, 35.7, 6.94, 21.33, 47.01, 23.13, 20.1, 0.0, 31.26, 23.58, 50.98, 21.83, 42.47, 26.02, 47.39, 20.51, 36.49, 5.25, 9.32, 38.75, 92.53], [0.0,