{"digraph": {"vertex_count": 57, "arc_count": 3080, "arcs": [[0, 1, 1, 1, 1, 1, 1, 1, 1, 1, 1, 1, 1, 1, 1, 1, 1, 1, 1, 1, 1, 1, 1, 1, 1, 1, 1, 1, 1, 1, 1, 1, 1, 1, 1, 1, 1, 1, 1, 1, 1, 1, 1, 1, 1, 1, 1, 1, 1, 1, 1, 1, 1, 1, 1, 1, 1], [0, 0, 1, 1, 1, 1, 1, 1, 1, 1, 1, 1, 1, 1, 1, 1, 1, 1, 1, 1, 1, 1, 1, 1, 1, 1, 1, 1, 1, 1, 1, 1, 1, 1, 1, 1, 1, 1, 1, 1, 1, 1, 1, 1, 1, 1, 1, 1, 1, 1, 1, 1, 1, 1, 1, 1, 1], [0, 1, 0, 1, 1, 1, 1, 1, 1, 1, 1, 1, 1, 1, 1, 1, 1, 1, 1, 1, 1, 1, 1, 1, 1, 1, 1, 1, 1, 1, 1, 1, 1, 1, 1, 1, 1, 1, 1, 1, 1, 1, 1, 1, 1, 1, 1, 1, 1, 1, 1, 1, 1, 1, 1, 1, 1], [0, 1, 1, 0, 1, 1, 1, 1, 1, 1, 1, 1, 1, 1, 1, 1, 1, 1, 1, 1, 1, 1, 1, 1, 1, 1, 1, 1, 1, 1, 1, 1, 1, 1, 1, 1, 1, 1, 1, 1, 1, 1, 1, 1, 1, 1, 1, 1, 1, 1, 1, 1, 1, 1, 1, 1, 1], [0, 1, 1, 1, 0, 1, 1, 1, 1, 1, 1, 1, 1, 1, 1, 1, 1, 1, 1, 1, 1, 1, 1, 1, 1, 1, 1, 1, 1, 1, 1, 1, 1, 1, 1, 1, 1, 1, 1, 1, 1, 1, 1, 1, 1, 1, 1, 1, 1, 1, 1, 1, 1, 1, 1, 1, 1], [0, 1, 1, 1, 1, 0, 1, 1, 1, 1, 1, 1, 1, 1, 1, 1, 1, 1, 1, 1, 1, 1, 1, 1, 1, 1, 1, 1, 1, 1, 1, 1, 1, 1, 1, 1, 1, 1, 1, 1, 1, 1, 1, 1, 1, 1, 1, 1, 1, 1, 1, 1, 1, 1, 1, 1, 1], [0, 1, 1, 1, 1, 1, 0, 1, 1, 1, 1, 1, 1, 1, 1, 1, 1, 1, 1, 1, 1, 1, 1, 1, 1, 1, 1, 1, 1, 1, 1, 1, 1, 1, 1, 1, 1, 1, 1, 1, 1, 1, 1, 1, 1, 1, 1, 1, 1, 1, 1, 1, 1, 1, 1, 1, 1], [0, 1, 1, 1, 1, 1, 1, 0, 1, 1, 1, 1, 1, 1, 1, 1, 1, 1, 1, 1, 1, 1, 1, 1, 1, 1, 1, 1, 1, 1, 1, 1, 1, 1, 1, 1, 1, 1, 1, 1, 1, 1, 1, 1, 1, 1, 1, 1, 1, 1, 1, 1, 1, 1, 1, 1, 1], [0, 1, 1, 1, 1, 1, 1, 1, 0, 1, 1, 1, 1, 1, 1, 1, 1, 1, 1, 1, 1, 1, 1, 1, 1, 1, 1, 1, 1, 1, 1, 1, 1, 1, 1, 1, 1, 1, 1, 1, 1, 1, 1, 1, 1, 1, 1, 1, 1, 1, 1, 1, 1, 1, 1, 1, 1], [0, 1, 1, 1, 1, 1, 1, 1, 1, 0, 1, 1, 1, 1, 1, 1, 1, 1, 1, 1, 1, 1, 1, 1, 1, 1, 1, 1, 1, 1, 1, 1, 1, 1, 1, 1, 1, 1, 1, 1, 1, 1, 1, 1, 1, 1, 1, 1, 1, 1, 1, 1, 1, 1, 1, 1, 1], [0, 1, 1, 1, 1, 1, 1, 1, 1, 1, 0, 1, 1, 1, 1, 1, 1, 1, 1, 1, 1, 1, 1, 1, 1, 1, 1, 1, 1, 1, 1, 1, 1, 1, 1, 1, 1, 1, 1, 1, 1, 1, 1, 1, 1, 1, 1, 1, 1, 1, 1, 1, 1, 1, 1, 1, 1], [0, 1, 1, 1, 1, 1, 1, 1, 1, 1, 1, 0, 1, 1, 1, 1, 1, 1, 1, 1, 1, 1, 1, 1, 1, 1, 1, 1, 1, 1, 1, 1, 1, 1, 1, 1, 1, 1, 1, 1, 1, 1, 1, 1, 1, 1, 1, 1, 1, 1, 1, 1, 1, 1, 1, 1, 1], [0, 1, 1, 1, 1, 1, 1, 1, 1, 1, 1, 1, 0, 1, 1, 1, 1, 1, 1, 1, 1, 1, 1, 1, 1, 1, 1, 1, 1, 1, 1, 1, 1, 1, 1, 1, 1, 1, 1, 1, 1, 1, 1, 1, 1, 1, 1, 1, 1, 1, 1, 1, 1, 1, 1, 1, 1], [0, 1, 1, 1, 1, 1, 1, 1, 1, 1, 1, 1, 1, 0, 1, 1, 1, 1, 1, 1, 1, 1, 1, 1, 1, 1, 1, 1, 1, 1, 1, 1, 1, 1, 1, 1, 1, 1, 1, 1, 1, 1, 1, 1, 1, 1, 1, 1, 1, 1, 1, 1, 1, 1, 1, 1, 1], [0, 1, 1, 1, 1, 1, 1, 1, 1, 1, 1, 1, 1, 1, 0, 1, 1, 1, 1, 1, 1, 1, 1, 1, 1, 1, 1, 1, 1, 1, 1, 1, 1, 1, 1, 1, 1, 1, 1, 1, 1, 1, 1, 1, 1, 1, 1, 1, 1, 1, 1, 1, 1, 1, 1, 1, 1], [0, 1, 1, 1, 1, 1, 1, 1, 1, 1, 1, 1, 1, 1, 1, 0, 1, 1, 1, 1, 1, 1, 1, 1, 1, 1, 1, 1, 1, 1, 1, 1, 1, 1, 1, 1, 1, 1, 1, 1, 1, 1, 1, 1, 1, 1, 1, 1, 1, 1, 1, 1, 1, 1, 1, 1, 1], [0, 1, 1, 1, 1, 1, 1, 1, 1, 1, 1, 1, 1, 1, 1, 1, 0, 1, 1, 1, 1, 1, 1, 1, 1, 1, 1, 1, 1, 1, 1, 1, 1, 1, 1, 1, 1, 1, 1, 1, 1, 1, 1, 1, 1, 1, 1, 1, 1, 1, 1, 1, 1, 1, 1, 1, 1], [0, 1, 1, 1, 1, 1, 1, 1, 1, 1, 1, 1, 1, 1, 1, 1, 1, 0, 1, 1, 1, 1, 1, 1, 1, 1, 1, 1, 1, 1, 1, 1, 1, 1, 1, 1, 1, 1, 1, 1, 1, 1, 1, 1, 1, 1, 1, 1, 1, 1, 1, 1, 1, 1, 1, 1, 1], [0, 1, 1, 1, 1, 1, 1, 1, 1, 1, 1, 1, 1, 1, 1, 1, 1, 1, 0, 1, 1, 1, 1, 1, 1, 1, 1, 1, 1, 1, 1, 1, 1, 1, 1, 1, 1, 1, 1, 1, 1, 1, 1, 1, 1, 1, 1, 1, 1, 1, 1, 1, 1, 1, 1, 1, 1], [0, 1, 1, 1, 1, 1, 1, 1, 1, 1, 1, 1, 1, 1, 1, 1, 1, 1, 1, 0, 1, 1, 1, 1, 1, 1, 1, 1, 1, 1, 1, 1, 1, 1, 1, 1, 1, 1, 1, 1, 1, 1, 1, 1, 1, 1, 1, 1, 1, 1, 1, 1, 1, 1, 1, 1, 1], [0, 1, 1, 1, 1, 1, 1, 1, 1, 1, 1, 1, 1, 1, 1, 1, 1, 1, 1, 1, 0, 1, 1, 1, 1, 1, 1, 1, 1, 1, 1, 1, 1, 1, 1, 1, 1, 1, 1, 1, 1, 1, 1, 1, 1, 1, 1, 1, 1, 1, 1, 1, 1, 1, 1, 1, 1], [0, 1, 1, 1, 1, 1, 1, 1, 1, 1, 1, 1, 1, 1, 1, 1, 1, 1, 1, 1, 1, 0, 1, 1, 1, 1, 1, 1, 1, 1, 1, 1, 1, 1, 1, 1, 1, 1, 1, 1, 1, 1, 1, 1, 1, 1, 1, 1, 1, 1, 1, 1, 1, 1, 1, 1, 1], [0, 1, 1, 1, 1, 1, 1, 1, 1, 1, 1, 1, 1, 1, 1, 1, 1, 1, 1, 1, 1, 1, 0, 1, 1, 1, 1, 1, 1, 1, 1, 1, 1, 1, 1, 1, 1, 1, 1, 1, 1, 1, 1, 1, 1, 1, 1, 1, 1, 1, 1, 1, 1, 1, 1, 1, 1], [0, 1, 1, 1, 1, 1, 1, 1, 1, 1, 1, 1, 1, 1, 1, 1, 1, 1, 1, 1, 1, 1, 1, 0, 1, 1, 1, 1, 1, 1, 1, 1, 1, 1, 1, 1, 1, 1, 1, 1, 1, 1, 1, 1, 1, 1, 1, 1, 1, 1, 1, 1, 1, 1, 1, 1, 1], [0, 1, 1, 1, 1, 1, 1, 1, 1, 1, 1, 1, 1, 1, 1, 1, 1, 1, 1, 1, 1, 1, 1, 1, 0, 1, 1, 1, 1, 1, 1, 1, 1, 1, 1, 1, 1, 1, 1, 1, 1, 1, 1, 1, 1, 1, 1, 1, 1, 1, 1, 1, 1, 1, 1, 1, 1], [0, 1, 1, 1, 1, 1, 1, 1, 1, 1, 1, 1, 1, 1, 1, 1, 1, 1, 1, 1, 1, 1, 1, 1, 1, 0, 1, 1, 1, 1, 1, 1, 1, 1, 1, 1, 1, 1, 1, 1, 1, 1, 1, 1, 1, 1, 1, 1, 1, 1, 1, 1, 1, 1, 1, 1, 1], [0, 1, 1, 1, 1, 1, 1, 1, 1, 1, 1, 1, 1, 1, 1, 1, 1, 1, 1, 1, 1, 1, 1, 1, 1, 1, 0, 1, 1, 1, 1, 1, 1, 1, 1, 1, 1, 1, 1, 1, 1, 1, 1, 1, 1, 1, 1, 1, 1, 1, 1, 1, 1, 1, 1, 1, 1], [0, 1, 1, 1, 1, 1, 1, 1, 1, 1, 1, 1, 1, 1, 1, 1, 1, 1, 1, 1, 1, 1, 1, 1, 1, 1, 1, 0, 1, 1, 1, 1, 1, 1, 1, 1, 1, 1, 1, 1, 1, 1, 1, 1, 1, 1, 1, 1, 1, 1, 1, 1, 1, 1, 1, 1, 1], [0, 1, 1, 1, 1, 1, 1, 1, 1, 1, 1, 1, 1, 1, 1, 1, 1, 1, 1, 1, 1, 1, 1, 1, 1, 1, 1, 1, 0, 1, 1, 1, 1, 1, 1, 1, 1, 1, 1, 1, 1, 1, 1, 1, 1, 1, 1, 1, 1, 1, 1, 1, 1, 1, 1, 1, 1], [0, 1, 1, 1, 1, 1, 1, 1, 1, 1, 1, 1, 1, 1, 1, 1, 1, 1, 1, 1, 1, 1, 1, 1, 1, 1, 1, 1, 1, 0, 1, 1, 1, 1, 1, 1, 1, 1, 1, 1, 1, 1, 1, 1, 1, 1, 1, 1, 1, 1, 1, 1, 1, 1, 1, 1, 1], [0, 1, 1, 1, 1, 1, 1, 1, 1, 1, 1, 1, 1, 1, 1, 1, 1, 1, 1, 1, 1, 1, 1, 1, 1, 1, 1, 1, 1, 1, 0, 1, 1, 1, 1, 1, 1, 1, 1, 1, 1, 1, 1, 1, 1, 1, 1, 1, 1, 1, 1, 1, 1, 1, 1, 1, 1], [0, 1, 1, 1, 1, 1, 1, 1, 1, 1, 1, 1, 1, 1, 1, 1, 1, 1, 1, 1, 1, 1, 1, 1, 1, 1, 1, 1, 1, 1, 1, 0, 1, 1, 1, 1, 1, 1, 1, 1, 1, 1, 1, 1, 1, 1, 1, 1, 1, 1, 1, 1, 1, 1, 1, 1, 1], [0, 1, 1, 1, 1, 1, 1, 1, 1, 1, 1, 1, 1, 1, 1, 1, 1, 1, 1, 1, 1, 1, 1, 1, 1, 1, 1, 1, 1, 1, 1, 1, 0, 1, 1, 1, 1, 1, 1, 1, 1, 1, 1, 1, 1, 1, 1, 1, 1, 1, 1, 1, 1, 1, 1, 1, 1], [0, 1, 1, 1, 1, 1, 1, 1, 1, 1, 1, 1, 1, 1, 1, 1, 1, 1, 1, 1, 1, 1, 1, 1, 1, 1, 1, 1, 1, 1, 1, 1, 1, 0, 1, 1, 1, 1, 1, 1, 1, 1, 1, 1, 1, 1, 1, 1, 1, 1, 1, 1, 1, 1, 1, 1, 1], [0, 1, 1, 1, 1, 1, 1, 1, 1, 1, 1, 1, 1, 1, 1, 1, 1, 1, 1, 1, 1, 1, 1, 1, 1, 1, 1, 1, 1, 1, 1, 1, 1, 1, 0, 1, 1, 1, 1, 1, 1, 1, 1, 1, 1, 1, 1, 1, 1, 1, 1, 1, 1, 1, 1, 1, 1], [0, 1, 1, 1, 1, 1, 1, 1, 1, 1, 1, 1, 1, 1, 1, 1, 1, 1, 1, 1, 1, 1, 1, 1, 1, 1, 1, 1, 1, 1, 1, 1, 1, 1, 1, 0, 1, 1, 1, 1, 1, 1, 1, 1, 1, 1, 1, 1, 1, 1, 1, 1, 1, 1, 1, 1, 1], [0, 1, 1, 1, 1, 1, 1, 1, 1, 1, 1, 1, 1, 1, 1, 1, 1, 1, 1, 1, 1, 1, 1, 1, 1, 1, 1, 1, 1, 1, 1, 1, 1, 1, 1, 1, 0, 1, 1, 1, 1, 1, 1, 1, 1, 1, 1, 1, 1, 1, 1, 1, 1, 1, 1, 1, 1], [0, 1, 1, 1, 1, 1, 1, 1, 1, 1, 1, 1, 1, 1, 1, 1, 1, 1, 1, 1, 1, 1, 1, 1, 1, 1, 1, 1, 1, 1, 1, 1, 1, 1, 1, 1, 1, 0, 1, 1, 1, 1, 1, 1, 1, 1, 1, 1, 1, 1, 1, 1, 1, 1, 1, 1, 1], [0, 1, 1, 1, 1, 1, 1, 1, 1, 1, 1, 1, 1, 1, 1, 1, 1, 1, 1, 1, 1, 1, 1, 1, 1, 1, 1, 1, 1, 1, 1, 1, 1, 1, 1, 1, 1, 1, 0, 1, 1, 1, 1, 1, 1, 1, 1, 1, 1, 1, 1, 1, 1, 1, 1, 1, 1], [0, 1, 1, 1, 1, 1, 1, 1, 1, 1, 1, 1, 1, 1, 1, 1, 1, 1, 1, 1, 1, 1, 1, 1, 1, 1, 1, 1, 1, 1, 1, 1, 1, 1, 1, 1, 1, 1, 1, 0, 1, 1, 1, 1, 1, 1, 1, 1, 1, 1, 1, 1, 1, 1, 1, 1, 1], [0, 1, 1, 1, 1, 1, 1, 1, 1, 1, 1, 1, 1, 1, 1, 1, 1, 1, 1, 1, 1, 1, 1, 1, 1, 1, 1, 1, 1, 1, 1, 1, 1, 1, 1, 1, 1, 1, 1, 1, 0, 1, 1, 1, 1, 1, 1, 1, 1, 1, 1, 1, 1, 1, 1, 1, 1], [0, 1, 1, 1, 1, 1, 1, 1, 1, 1, 1, 1, 1, 1, 1, 1, 1, 1, 1, 1, 1, 1, 1, 1, 1, 1, 1, 1, 1, 1, 1, 1, 1, 1, 1, 1, 1, 1, 1, 1, 1, 0, 1, 1, 1, 1, 1, 1, 1, 1, 1, 1, 1, 1, 1, 1, 1], [0, 1, 1, 1, 1, 1, 1, 1, 1, 1, 1, 1, 1, 1, 1, 1, 1, 1, 1, 1, 1, 1, 1, 1, 1, 1, 1, 1, 1, 1, 1, 1, 1, 1, 1, 1, 1, 1, 1, 1, 1, 1, 0, 1, 1, 1, 1, 1, 1, 1, 1, 1, 1, 1, 1, 1, 1], [0, 1, 1, 1, 1, 1, 1, 1, 1, 1, 1, 1, 1, 1, 1, 1, 1, 1, 1, 1, 1, 1, 1, 1, 1, 1, 1, 1, 1, 1, 1, 1, 1, 1, 1, 1, 1, 1, 1, 1, 1, 1, 1, 0, 1, 1, 1, 1, 1, 1, 1, 1, 1, 1, 1, 1, 1], [0, 1, 1, 1, 1, 1, 1, 1, 1, 1, 1, 1, 1, 1, 1, 1, 1, 1, 1, 1, 1, 1, 1, 1, 1, 1, 1, 1, 1, 1, 1, 1, 1, 1, 1, 1, 1, 1, 1, 1, 1, 1, 1, 1, 0, 1, 1, 1, 1, 1, 1, 1, 1, 1, 1, 1, 1], [0, 1, 1, 1, 1, 1, 1, 1, 1, 1, 1, 1, 1, 1, 1, 1, 1, 1, 1, 1, 1, 1, 1, 1, 1, 1, 1, 1, 1, 1, 1, 1, 1, 1, 1, 1, 1, 1, 1, 1, 1, 1, 1, 1, 1, 0, 1, 1, 1, 1, 1, 1, 1, 1, 1, 1, 1], [0, 1, 1, 1, 1, 1, 1, 1, 1, 1, 1, 1, 1, 1, 1, 1, 1, 1, 1, 1, 1, 1, 1, 1, 1, 1, 1, 1, 1, 1, 1, 1, 1, 1, 1, 1, 1, 1, 1, 1, 1, 1, 1, 1, 1, 1, 0, 1, 1, 1, 1, 1, 1, 1, 1, 1, 1], [0, 1, 1, 1, 1, 1, 1, 1, 1, 1, 1, 1, 1, 1, 1, 1, 1, 1, 1, 1, 1, 1, 1, 1, 1, 1, 1, 1, 1, 1, 1, 1, 1, 1, 1, 1, 1, 1, 1, 1, 1, 1, 1, 1, 1, 1, 1, 0, 1, 1, 1, 1, 1, 1, 1, 1, 1], [0, 1, 1, 1, 1, 1, 1, 1, 1, 1, 1, 1, 1, 1, 1, 1, 1, 1, 1, 1, 1, 1, 1, 1, 1, 1, 1, 1, 1, 1, 1, 1, 1, 1, 1, 1, 1, 1, 1, 1, 1, 1, 1, 1, 1, 1, 1, 1, 0, 1, 1, 1, 1, 1, 1, 1, 1], [0, 1, 1, 1, 1, 1, 1, 1, 1, 1, 1, 1, 1, 1, 1, 1, 1, 1, 1, 1, 1, 1, 1, 1, 1, 1, 1, 1, 1, 1, 1, 1, 1, 1, 1, 1, 1, 1, 1, 1, 1, 1, 1, 1, 1, 1, 1, 1, 1, 0, 1, 1, 1, 1, 1, 1, 1], [0, 1, 1, 1, 1, 1, 1, 1, 1, 1, 1, 1, 1, 1, 1, 1, 1, 1, 1, 1, 1, 1, 1, 1, 1, 1, 1, 1, 1, 1, 1, 1, 1, 1, 1, 1, 1, 1, 1, 1, 1, 1, 1, 1, 1, 1, 1, 1, 1, 1, 0, 1, 1, 1, 1, 1, 1], [0, 1, 1, 1, 1, 1, 1, 1, 1, 1, 1, 1, 1, 1, 1, 1, 1, 1, 1, 1, 1, 1, 1, 1, 1, 1, 1, 1, 1, 1, 1, 1, 1, 1, 1, 1, 1, 1, 1, 1, 1, 1, 1, 1, 1, 1, 1, 1, 1, 1, 1, 0, 1, 1, 1, 1, 1], [0, 1, 1, 1, 1, 1, 1, 1, 1, 1, 1, 1, 1, 1, 1, 1, 1, 1, 1, 1, 1, 1, 1, 1, 1, 1, 1, 1, 1, 1, 1, 1, 1, 1, 1, 1, 1, 1, 1, 1, 1, 1, 1, 1, 1, 1, 1, 1, 1, 1, 1, 1, 0, 1, 1, 1, 1], [0, 1, 1, 1, 1, 1, 1, 1, 1, 1, 1, 1, 1, 1, 1, 1, 1, 1, 1, 1, 1, 1, 1, 1, 1, 1, 1, 1, 1, 1, 1, 1, 1, 1, 1, 1, 1, 1, 1, 1, 1, 1, 1, 1, 1, 1, 1, 1, 1, 1, 1, 1, 1, 0, 1, 1, 1], [0, 1, 1, 1, 1, 1, 1, 1, 1, 1, 1, 1, 1, 1, 1, 1, 1, 1, 1, 1, 1, 1, 1, 1, 1, 1, 1, 1, 1, 1, 1, 1, 1, 1, 1, 1, 1, 1, 1, 1, 1, 1, 1, 1, 1, 1, 1, 1, 1, 1, 1, 1, 1, 1, 0, 1, 1], [0, 1, 1, 1, 1, 1, 1, 1, 1, 1, 1, 1, 1, 1, 1, 1, 1, 1, 1, 1, 1, 1, 1, 1, 1, 1, 1, 1, 1, 1, 1, 1, 1, 1, 1, 1, 1, 1, 1, 1, 1, 1, 1, 1, 1, 1, 1, 1, 1, 1, 1, 1, 1, 1, 1, 0, 1], [0, 0, 0, 0, 0, 0, 0, 0, 0, 0, 0, 0, 0, 0, 0, 0, 0, 0, 0, 0, 0, 0, 0, 0, 0, 0, 0, 0, 0, 0, 0, 0, 0, 0, 0, 0, 0, 0, 0, 0, 0, 0, 0, 0, 0, 0, 0, 0, 0, 0, 0, 0, 0, 0, 0, 0, 0]]}, "cluster_count": 3, "cluster_speeds": [[0.925, 0.85, 0.925, 1.0, 0.8325, 0.765, 0.8325, 0.9, 0.4625, 0.425, 0.4625, 0.5, 0.30525, 0.2805, 0.30525, 0.33, 0.37, 0.34, 0.37, 0.4, 0.555, 0.51, 0.555, 0.6, 0.6475, 0.595, 0.6475, 0.7, 0.37, 0.34, 0.37, 0.4, 0.30525, 0.2805, 0.30525, 0.33, 0.4625, 0.425, 0.4625, 0.5, 0.6475, 0.595, 0.6475, 0.7, 0.74, 0.68, 0.74, 0.8, 0.6475, 0.595, 0.6475, 0.7, 0.4625, 0.425, 0.4625, 0.5, 0.555, 0.51, 0.555, 0.6, 0.6475, 0.595, 0.6475, 0.7, 0.8325, 0.765, 0.8325, 0.9, 0.925, 0.85, 0.925, 1.0, 1.0], [0.6475, 0.595, 0.6475, 0.7, 0.58275, 0.5355, 0.58275, 0.63, 0.32375, 0.2975, 0.32375, 0.35, 0.213675, 0.19635, 0.213675, 0.23099999999999998, 0.259, 0.238, 0.259, 0.27999999999999997, 0.3885, 0.357, 0.3885, 0.42, 0.6475, 0.595, 0.6475, 0.7, 0.37, 0.34, 0.37, 0.4, 0.30525, 0.2805, 0.30525, 0.33, 0.4625, 0.425, 0.4625, 0.5, 0.6475, 0.595, 0.6475, 0.7, 0.74, 0.68, 0.74, 0.8, 0.45324999999999993, 0.4165, 0.45324999999999993, 0.48999999999999994, 0.32375, 0.2975, 0.32375, 0.35, 0.3885, 0.357, 0.3885, 0.42, 0.45324999999999993, 0.4165, 0.45324999999999993, 0.48999999999999994, 0.58275, 0.5355, 0.58275, 0.63, 0.6475, 0.595, 0.6475, 0.7, 0.7], [0.87875, 0.8075, 0.87875, 0.95, 0.790875, 0.72675, 0.790875, 0.855, 0.439375, 0.40375, 0.439375, 0.475, 0.2899875, 0.266475, 0.2899875, 0.3135, 0.3515, 0.323, 0.3515, 0.38, 0.52725, 0.4845, 0.52725, 0.57, 0.6475, 0.595, 0.6475, 0.7, 0.37, 0.34, 0.37, 0.4, 0.30525, 0.2805, 0.30525, 0.33, 0.4625, 0.425, 0.4625, 0.5, 0.6475, 0.595, 0.6475, 0.7, 0.74, 0.68, 0.74, 0.8, 0.6151249999999999, 0.5652499999999999, 0.6151249999999999, 0.6649999999999999, 0.439375, 0.40375, 0.439375, 0.475, 0.52725, 0.4845, 0.52725, 0.57, 0.6151249999999999, 0.5652499999999999, 0.6151249999999999, 0.6649999999999999, 0.790875, 0.72675, 0.790875, 0.855, 0.87875, 0.8075, 0.87875, 0.95, 0.95]], "clusters": [[-1, 2, 2, 2, 2, 2, 2, 2, 2, 2, 2, 2, 2, 2, 2, 2, 2, 2, 2, 2, 2, 2, 2, 2, 2, 2, 2, 2, 2, 2, 2, 2, 2, 2, 2, 2, 2, 2, 2, 2, 2, 2, 2, 2, 2, 2, 2, 2, 2, 2, 2, 2, 2, 2, 2, 2, 2], [2, -1, 2, 2, 2, 2, 2, 2, 2, 2, 2, 2, 2, 2, 2, 2, 2, 2, 2, 2, 2, 2, 2, 2, 2, 2, 2, 2, 2, 2, 2, 2, 2, 2, 2, 2, 2, 2, 2, 2, 2, 2, 2, 2, 2, 2, 2, 2, 2, 2, 2, 2, 2, 2, 2, 2, 2], [0, 0, -1, 0, 0, 0, 0, 0, 0, 0, 0, 0, 0, 0, 0, 0, 0, 0, 0, 0, 0, 0, 0, 0, 0, 0, 0, 0, 0, 0, 0, 0, 0, 0, 0, 0, 0, 0, 0, 0, 0, 0, 0, 0, 0, 0, 0, 0, 0, 0, 0, 0, 0, 0, 0, 0, 0], [1, 1, 1, -1, 1, 1, 1, 1, 1, 1, 1, 1, 1, 1, 1, 1, 1, 1, 1, 1, 1, 1, 1, 1, 1, 1, 1, 1, 1, 1, 1, 1, 1, 1, 1, 1, 1, 1, 1, 1, 1, 1, 1, 1, 1, 1, 1, 1, 1, 1, 1, 1, 1, 1, 1, 1, 1], [0, 0, 0, 0, -1, 0, 0, 0, 0, 0, 0, 0, 0, 0, 0, 0, 0, 0, 0, 0, 0, 0, 0, 0, 0, 0, 0, 0, 0, 0, 0, 0, 0, 0, 0, 0, 0, 0, 0, 0, 0, 0, 0, 0, 0, 0, 0, 0, 0, 0, 0, 0, 0, 0, 0, 0, 0], [0, 0, 0, 0, 0, -1, 0, 0, 0, 0, 0, 0, 0, 0, 0, 0, 0, 0, 0, 0, 0, 0, 0, 0, 0, 0, 0, 0, 0, 0, 0, 0, 0, 0, 0, 0, 0, 0, 0, 0, 0, 0, 0, 0, 0, 0, 0, 0, 0, 0, 0, 0, 0, 0, 0, 0, 0], [0, 0, 0, 0, 0, 0, -1, 0, 0, 0, 0, 0, 0, 0, 0, 0, 0, 0, 0, 0, 0, 0, 0, 0, 0, 0, 0, 0, 0, 0, 0, 0, 0, 0, 0, 0, 0, 0, 0, 0, 0, 0, 0, 0, 0, 0, 0, 0, 0, 0, 0, 0, 0, 0, 0, 0, 0], [0, 0, 0, 0, 0, 0, 0, -1, 0, 0, 0, 0, 0, 0, 0, 0, 0, 0, 0, 0, 0, 0, 0, 0, 0, 0, 0, 0, 0, 0, 0, 0, 0, 0, 0, 0, 0, 0, 0, 0, 0, 0, 0, 0, 0, 0, 0, 0, 0, 0, 0, 0, 0, 0, 0, 0, 0], [1, 1, 1, 1, 1, 1, 1, 1, -1, 1, 1, 1, 1, 1, 1, 1, 1, 1, 1, 1, 1, 1, 1, 1, 1, 1, 1, 1, 1, 1, 1, 1, 1, 1, 1, 1, 1, 1, 1, 1, 1, 1, 1, 1, 1, 1, 1, 1, 1, 1, 1, 1, 1, 1, 1, 1, 1], [2, 2, 2, 2, 2, 2, 2, 2, 2, -1, 2, 2, 2, 2, 2, 2, 2, 2, 2, 2, 2, 2, 2, 2, 2, 2, 2, 2, 2, 2, 2, 2, 2, 2, 2, 2, 2, 2, 2, 2, 2, 2, 2, 2, 2, 2, 2, 2, 2, 2, 2, 2, 2, 2, 2, 2, 2], [1, 1, 1, 1, 1, 1, 1, 1, 1, 1, -1, 1, 1, 1, 1, 1, 1, 1, 1, 1, 1, 1, 1, 1, 1, 1, 1, 1, 1, 1, 1, 1, 1, 1, 1, 1, 1, 1, 1, 1, 1, 1, 1, 1, 1, 1, 1, 1, 1, 1, 1, 1, 1, 1, 1, 1, 1], [2, 2, 2, 2, 2, 2, 2, 2, 2, 2, 2, -1, 2, 2, 2, 2, 2, 2, 2, 2, 2, 2, 2, 2, 2, 2, 2, 2, 2, 2, 2, 2, 2, 2, 2, 2, 2, 2, 2, 2, 2, 2, 2, 2, 2, 2, 2, 2, 2, 2, 2, 2, 2, 2, 2, 2, 2], [0, 0, 0, 0, 0, 0, 0, 0, 0, 0, 0, 0, -1, 0, 0, 0, 0, 0, 0, 0, 0, 0, 0, 0, 0, 0, 0, 0, 0, 0, 0, 0, 0, 0, 0, 0, 0, 0, 0, 0, 0, 0, 0, 0, 0, 0, 0, 0, 0, 0, 0, 0, 0, 0, 0, 0, 0], [0, 0, 0, 0, 0, 0, 0, 0, 0, 0, 0, 0, 0, -1, 0, 0, 0, 0, 0, 0, 0, 0, 0, 0, 0, 0, 0, 0, 0, 0, 0, 0, 0, 0, 0, 0, 0, 0, 0, 0, 0, 0, 0, 0, 0, 0, 0, 0, 0, 0, 0, 0, 0, 0, 0, 0, 0], [0, 0, 0, 0, 0, 0, 0, 0, 0, 0, 0, 0, 0, 0, -1, 0, 0, 0, 0, 0, 0, 0, 0, 0, 0, 0, 0, 0, 0, 0, 0, 0, 0, 0, 0, 0, 0, 0, 0, 0, 0, 0, 0, 0, 0, 0, 0, 0, 0, 0, 0, 0, 0, 0, 0, 0, 0], [1, 1, 1, 1, 1, 1, 1, 1, 1, 1, 1, 1, 1, 1, 1, -1, 1, 1, 1, 1, 1, 1, 1, 1, 1, 1, 1, 1, 1, 1, 1, 1, 1, 1, 1, 1, 1, 1, 1, 1, 1, 1, 1, 1, 1, 1, 1, 1, 1, 1, 1, 1, 1, 1, 1, 1, 1], [0, 0, 0, 0, 0, 0, 0, 0, 0, 0, 0, 0, 0, 0, 0, 0, -1, 0, 0, 0, 0, 0, 0, 0, 0, 0, 0, 0, 0, 0, 0, 0, 0, 0, 0, 0, 0, 0, 0, 0, 0, 0, 0, 0, 0, 0, 0, 0, 0, 0, 0, 0, 0, 0, 0, 0, 0], [0, 0, 0, 0, 0, 0, 0, 0, 0, 0, 0, 0, 0, 0, 0, 0, 0, -1, 0, 0, 0, 0, 0, 0, 0, 0, 0, 0, 0, 0, 0, 0, 0, 0, 0, 0, 0, 0, 0, 0, 0, 0, 0, 0, 0, 0, 0, 0, 0, 0, 0, 0, 0, 0, 0, 0, 0], [1, 1, 1, 1, 1, 1, 1, 1, 1, 1, 1, 1, 1, 1, 1, 1, 1, 1, -1, 1, 1, 1, 1, 1, 1, 1, 1, 1, 1, 1, 1, 1, 1, 1, 1, 1, 1, 1, 1, 1, 1, 1, 1, 1, 1, 1, 1, 1, 1, 1, 1, 1, 1, 1, 1, 1, 1], [0, 0, 0, 0, 0, 0, 0, 0, 0, 0, 0, 0, 0, 0, 0, 0, 0, 0, 0, -1, 0, 0, 0, 0, 0, 0, 0, 0, 0, 0, 0, 0, 0, 0, 0, 0, 0, 0, 0, 0, 0, 0, 0, 0, 0, 0, 0, 0, 0, 0, 0, 0, 0, 0, 0, 0, 0], [0, 0, 0, 0, 0, 0, 0, 0, 0, 0, 0, 0, 0, 0, 0, 0, 0, 0, 0, 0, -1, 0, 0, 0, 0, 0, 0, 0, 0, 0, 0, 0, 0, 0, 0, 0, 0, 0, 0, 0, 0, 0, 0, 0, 0, 0, 0, 0, 0, 0, 0, 0, 0, 0, 0, 0, 0], [0, 0, 0, 0, 0, 0, 0, 0, 0, 0, 0, 0, 0, 0, 0, 0, 0, 0, 0, 0, 0, -1, 0, 0, 0, 0, 0, 0, 0, 0, 0, 0, 0, 0, 0, 0, 0, 0, 0, 0, 0, 0, 0, 0, 0, 0, 0, 0, 0, 0, 0, 0, 0, 0, 0, 0, 0], [1, 1, 1, 1, 1, 1, 1, 1, 1, 1, 1, 1, 1, 1, 1, 1, 1, 1, 1, 1, 1, 1, -1, 1, 1, 1, 1, 1, 1, 1, 1, 1, 1, 1, 1, 1, 1, 1, 1, 1, 1, 1, 1, 1, 1, 1, 1, 1, 1, 1, 1, 1, 1, 1, 1, 1, 1], [0, 0, 0, 0, 0, 0, 0, 0, 0, 0, 0, 0, 0, 0, 0, 0, 0, 0, 0, 0, 0, 0, 0, -1, 0, 0, 0, 0, 0, 0, 0, 0, 0, 0, 0, 0, 0, 0, 0, 0, 0, 0, 0, 0, 0, 0, 0, 0, 0, 0, 0, 0, 0, 0, 0, 0, 0], [0, 0, 0, 0, 0, 0, 0, 0, 0, 0, 0, 0, 0, 0, 0, 0, 0, 0, 0, 0, 0, 0, 0, 0, -1, 0, 0, 0, 0, 0, 0, 0, 0, 0, 0, 0, 0, 0, 0, 0, 0, 0, 0, 0, 0, 0, 0, 0, 0, 0, 0, 0, 0, 0, 0, 0, 0], [1, 1, 1, 1, 1, 1, 1, 1, 1, 1, 1, 1, 1, 1, 1, 1, 1, 1, 1, 1, 1, 1, 1, 1, 1, -1, 1, 1, 1, 1, 1, 1, 1, 1, 1, 1, 1, 1, 1, 1, 1, 1, 1, 1, 1, 1, 1, 1, 1, 1, 1, 1, 1, 1, 1, 1, 1], [0, 0, 0, 0, 0, 0, 0, 0, 0, 0, 0, 0, 0, 0, 0, 0, 0, 0, 0, 0, 0, 0, 0, 0, 0, 0, -1, 0, 0, 0, 0, 0, 0, 0, 0, 0, 0, 0, 0, 0, 0, 0, 0, 0, 0, 0, 0, 0, 0, 0, 0, 0, 0, 0, 0, 0, 0], [0, 0, 0, 0, 0, 0, 0, 0, 0, 0, 0, 0, 0, 0, 0, 0, 0, 0, 0, 0, 0, 0, 0, 0, 0, 0, 0, -1, 0, 0, 0, 0, 0, 0, 0, 0, 0, 0, 0, 0, 0, 0, 0, 0, 0, 0, 0, 0, 0, 0, 0, 0, 0, 0, 0, 0, 0], [2, 2, 2, 2, 2, 2, 2, 2, 2, 2, 2, 2, 2, 2, 2, 2, 2, 2, 2, 2, 2, 2, 2, 2, 2, 2, 2, 2, -1, 2, 2, 2, 2, 2, 2, 2, 2, 2, 2, 2, 2, 2, 2, 2, 2, 2, 2, 2, 2, 2, 2, 2, 2, 2, 2, 2, 2], [0, 0, 0, 0, 0, 0, 0, 0, 0, 0, 0, 0, 0, 0, 0, 0, 0, 0, 0, 0, 0, 0, 0, 0, 0, 0, 0, 0, 0, -1, 0, 0, 0, 0, 0, 0, 0, 0, 0, 0, 0, 0, 0, 0, 0, 0, 0, 0, 0, 0, 0, 0, 0, 0, 0, 0, 0], [0, 0, 0, 0, 0, 0, 0, 0, 0, 0, 0, 0, 0, 0, 0, 0, 0, 0, 0, 0, 0, 0, 0, 0, 0, 0, 0, 0, 0, 0, -1, 0, 0, 0, 0, 0, 0, 0, 0, 0, 0, 0, 0, 0, 0, 0, 0, 0, 0, 0, 0, 0, 0, 0, 0, 0, 0], [0, 0, 0, 0, 0, 0, 0, 0, 0, 0, 0, 0, 0, 0, 0, 0, 0, 0, 0, 0, 0, 0, 0, 0, 0, 0, 0, 0, 0, 0, 0, -1, 0, 0, 0, 0, 0, 0, 0, 0, 0, 0, 0, 0, 0, 0, 0, 0, 0, 0, 0, 0, 0, 0, 0, 0, 0], [0, 0, 0, 0, 0, 0, 0, 0, 0, 0, 0, 0, 0, 0, 0, 0, 0, 0, 0, 0, 0, 0, 0, 0, 0, 0, 0, 0, 0, 0, 0, 0, -1, 0, 0, 0, 0, 0, 0, 0, 0, 0, 0, 0, 0, 0, 0, 0, 0, 0, 0, 0, 0, 0, 0, 0, 0], [0, 0, 0, 0, 0, 0, 0, 0, 0, 0, 0, 0, 0, 0, 0, 0, 0, 0, 0, 0, 0, 0, 0, 0, 0, 0, 0, 0, 0, 0, 0, 0, 0, -1, 0, 0, 0, 0, 0, 0, 0, 0, 0, 0, 0, 0, 0, 0, 0, 0, 0, 0, 0, 0, 0, 0, 0], [0, 0, 0, 0, 0, 0, 0, 0, 0, 0, 0, 0, 0, 0, 0, 0, 0, 0, 0, 0, 0, 0, 0, 0, 0, 0, 0, 0, 0, 0, 0, 0, 0, 0, -1, 0, 0, 0, 0, 0, 0, 0, 0, 0, 0, 0, 0, 0, 0, 0, 0, 0, 0, 0, 0, 0, 0], [0, 0, 0, 0, 0, 0, 0, 0, 0, 0, 0, 0, 0, 0, 0, 0, 0, 0, 0, 0, 0, 0, 0, 0, 0, 0, 0, 0, 0, 0, 0, 0, 0, 0, 0, -1, 0, 0, 0, 0, 0, 0, 0, 0, 0, 0, 0, 0, 0, 0, 0, 0, 0, 0, 0, 0, 0], [0, 0, 0, 0, 0, 0, 0, 0, 0, 0, 0, 0, 0, 0, 0, 0, 0, 0, 0, 0, 0, 0, 0, 0, 0, 0, 0, 0, 0, 0, 0, 0, 0, 0, 0, 0, -1, 0, 0, 0, 0, 0, 0, 0, 0, 0, 0, 0, 0, 0, 0, 0, 0, 0, 0, 0, 0], [0, 0, 0, 0, 0, 0, 0, 0, 0, 0, 0, 0, 0, 0, 0, 0, 0, 0, 0, 0, 0, 0, 0, 0, 0, 0, 0, 0, 0, 0, 0, 0, 0, 0, 0, 0, 0, -1, 0, 0, 0, 0, 0, 0, 0, 0, 0, 0, 0, 0, 0, 0, 0, 0, 0, 0, 0], [0, 0, 0, 0, 0, 0, 0, 0, 0, 0, 0, 0, 0, 0, 0, 0, 0, 0, 0, 0, 0, 0, 0, 0, 0, 0, 0, 0, 0, 0, 0, 0, 0, 0, 0, 0, 0, 0, -1, 0, 0, 0, 0, 0, 0, 0, 0, 0, 0, 0, 0, 0, 0, 0, 0, 0, 0], [1, 1, 1, 1, 1, 1, 1, 1, 1, 1, 1, 1, 1, 1, 1, 1, 1, 1, 1, 1, 1, 1, 1, 1, 1, 1, 1, 1, 1, 1, 1, 1, 1, 1, 1, 1, 1, 1, 1, -1, 1, 1, 1, 1, 1, 1, 1, 1, 1, 1, 1, 1, 1, 1, 1, 1, 1], [0, 0, 0, 0, 0, 0, 0, 0, 0, 0, 0, 0, 0, 0, 0, 0, 0, 0, 0, 0, 0, 0, 0, 0, 0, 0, 0, 0, 0, 0, 0, 0, 0, 0, 0, 0, 0, 0, 0, 0, -1, 0, 0, 0, 0, 0, 0, 0, 0, 0, 0, 0, 0, 0, 0, 0, 0], [0, 0, 0, 0, 0, 0, 0, 0, 0, 0, 0, 0, 0, 0, 0, 0, 0, 0, 0, 0, 0, 0, 0, 0, 0, 0, 0, 0, 0, 0, 0, 0, 0, 0, 0, 0, 0, 0, 0, 0, 0, -1, 0, 0, 0, 0, 0, 0, 0, 0, 0, 0, 0, 0, 0, 0, 0], [0, 0, 0, 0, 0, 0, 0, 0, 0, 0, 0, 0, 0, 0, 0, 0, 0, 0, 0, 0, 0, 0, 0, 0, 0, 0, 0, 0, 0, 0, 0, 0, 0, 0, 0, 0, 0, 0, 0, 0, 0, 0, -1, 0, 0, 0, 0, 0, 0, 0, 0, 0, 0, 0, 0, 0, 0], [0, 0, 0, 0, 0, 0, 0, 0, 0, 0, 0, 0, 0, 0, 0, 0, 0, 0, 0, 0, 0, 0, 0, 0, 0, 0, 0, 0, 0, 0, 0, 0, 0, 0, 0, 0, 0, 0, 0, 0, 0, 0, 0, -1, 0, 0, 0, 0, 0, 0, 0, 0, 0, 0, 0, 0, 0], [0, 0, 0, 0, 0, 0, 0, 0, 0, 0, 0, 0, 0, 0, 0, 0, 0, 0, 0, 0, 0, 0, 0, 0, 0, 0, 0, 0, 0, 0, 0, 0, 0, 0, 0, 0, 0, 0, 0, 0, 0, 0, 0, 0, -1, 0, 0, 0, 0, 0, 0, 0, 0, 0, 0, 0, 0], [0, 0, 0, 0, 0, 0, 0, 0, 0, 0, 0, 0, 0, 0, 0, 0, 0, 0, 0, 0, 0, 0, 0, 0, 0, 0, 0, 0, 0, 0, 0, 0, 0, 0, 0, 0, 0, 0, 0, 0, 0, 0, 0, 0, 0, -1, 0, 0, 0, 0, 0, 0, 0, 0, 0, 0, 0], [0, 0, 0, 0, 0, 0, 0, 0, 0, 0, 0, 0, 0, 0, 0, 0, 0, 0, 0, 0, 0, 0, 0, 0, 0, 0, 0, 0, 0, 0, 0, 0, 0, 0, 0, 0, 0, 0, 0, 0, 0, 0, 0, 0, 0, 0, -1, 0, 0, 0, 0, 0, 0, 0, 0, 0, 0], [0, 0, 0, 0, 0, 0, 0, 0, 0, 0, 0, 0, 0, 0, 0, 0, 0, 0, 0, 0, 0, 0, 0, 0, 0, 0, 0, 0, 0, 0, 0, 0, 0, 0, 0, 0, 0, 0, 0, 0, 0, 0, 0, 0, 0, 0, 0, -1, 0, 0, 0, 0, 0, 0, 0, 0, 0], [0, 0, 0, 0, 0, 0, 0, 0, 0, 0, 0, 0, 0, 0, 0, 0, 0, 0, 0, 0, 0, 0, 0, 0, 0, 0, 0, 0, 0, 0, 0, 0, 0, 0, 0, 0, 0, 0, 0, 0, 0, 0, 0, 0, 0, 0, 0, 0, -1, 0, 0, 0, 0, 0, 0, 0, 0], [2, 2, 2, 2, 2, 2, 2, 2, 2, 2, 2, 2, 2, 2, 2, 2, 2, 2, 2, 2, 2, 2, 2, 2, 2, 2, 2, 2, 2, 2, 2, 2, 2, 2, 2, 2, 2, 2, 2, 2, 2, 2, 2, 2, 2, 2, 2, 2, 2, -1, 2, 2, 2, 2, 2, 2, 2], [0, 0, 0, 0, 0, 0, 0, 0, 0, 0, 0, 0, 0, 0, 0, 0, 0, 0, 0, 0, 0, 0, 0, 0, 0, 0, 0, 0, 0, 0, 0, 0, 0, 0, 0, 0, 0, 0, 0, 0, 0, 0, 0, 0, 0, 0, 0, 0, 0, 0, -1, 0, 0, 0, 0, 0, 0], [0, 0, 0, 0, 0, 0, 0, 0, 0, 0, 0, 0, 0, 0, 0, 0, 0, 0, 0, 0, 0, 0, 0, 0, 0, 0, 0, 0, 0, 0, 0, 0, 0, 0, 0, 0, 0, 0, 0, 0, 0, 0, 0, 0, 0, 0, 0, 0, 0, 0, 0, -1, 0, 0, 0, 0, 0], [0, 0, 0, 0, 0, 0, 0, 0, 0, 0, 0, 0, 0, 0, 0, 0, 0, 0, 0, 0, 0, 0, 0, 0, 0, 0, 0, 0, 0, 0, 0, 0, 0, 0, 0, 0, 0, 0, 0, 0, 0, 0, 0, 0, 0, 0, 0, 0, 0, 0, 0, 0, -1, 0, 0, 0, 0], [0, 0, 0, 0, 0, 0, 0, 0, 0, 0, 0, 0, 0, 0, 0, 0, 0, 0, 0, 0, 0, 0, 0, 0, 0, 0, 0, 0, 0, 0, 0, 0, 0, 0, 0, 0, 0, 0, 0, 0, 0, 0, 0, 0, 0, 0, 0, 0, 0, 0, 0, 0, 0, -1, 0, 0, 0], [0, 0, 0, 0, 0, 0, 0, 0, 0, 0, 0, 0, 0, 0, 0, 0, 0, 0, 0, 0, 0, 0, 0, 0, 0, 0, 0, 0, 0, 0, 0, 0, 0, 0, 0, 0, 0, 0, 0, 0, 0, 0, 0, 0, 0, 0, 0, 0, 0, 0, 0, 0, 0, 0, -1, 0, 0], [0, 0, 0, 0, 0, 0, 0, 0, 0, 0, 0, 0, 0, 0, 0, 0, 0, 0, 0, 0, 0, 0, 0, 0, 0, 0, 0, 0, 0, 0, 0, 0, 0, 0, 0, 0, 0, 0, 0, 0, 0, 0, 0, 0, 0, 0, 0, 0, 0, 0, 0, 0, 0, 0, 0, -1, 0], [2, 2, 2, 2, 2, 2, 2, 2, 2, 2, 2, 2, 2, 2, 2, 2, 2, 2, 2, 2, 2, 2, 2, 2, 2, 2, 2, 2, 2, 2, 2, 2, 2, 2, 2, 2, 2, 2, 2, 2, 2, 2, 2, 2, 2, 2, 2, 2, 2, 2, 2, 2, 2, 2, 2, 2, -1]], "speed_zone_count": 73, "speed_zones": [[0.0, 15.0], [15.0, 30.0], [30.0, 45.0], [45.0, 60.0], [60.0, 75.0], [75.0, 90.0], [90.0, 105.0], [105.0, 120.0], [120.0, 135.0], [135.0, 150.0], [150.0, 165.0], [165.0, 180.0], [180.0, 195.0], [195.0, 210.0], [210.0, 225.0], [225.0, 240.0], [240.0, 255.0], [255.0, 270.0], [270.0, 285.0], [285.0, 300.0], [300.0, 315.0], [315.0, 330.0], [330.0, 345.0], [345.0, 360.0], [360.0, 375.0], [375.0, 390.0], [390.0, 405.0], [405.0, 420.0], [420.0, 435.0], [435.0, 450.0], [450.0, 465.0], [465.0, 480.0], [480.0, 495.0], [495.0, 510.0], [510.0, 525.0], [525.0, 540.0], [540.0, 555.0], [555.0, 570.0], [570.0, 585.0], [585.0, 600.0], [600.0, 615.0], [615.0, 630.0], [630.0, 645.0], [645.0, 660.0], [660.0, 675.0], [675.0, 690.0], [690.0, 705.0], [705.0, 720.0], [720.0, 735.0], [735.0, 750.0], [750.0, 765.0], [765.0, 780.0], [780.0, 795.0], [795.0, 810.0], [810.0, 825.0], [825.0, 840.0], [840.0, 855.0], [855.0, 870.0], [870.0, 885.0], [885.0, 900.0], [900.0, 915.0], [915.0, 930.0], [930.0, 945.0], [945.0, 960.0], [960.0, 975.0], [975.0, 990.0], [990.0, 1005.0], [1005.0, 1020.0], [1020.0, 1035.0], [1035.0, 1050.0], [1050.0, 1065.0], [1065.0, 1080.0], [1080.0, 5000.0]], "distances": [[0.0, 98.91, 67.37, 72.69, 66.29, 75.1, 68.82, 69.58, 70.51, 95.83, 55.55, 106.27, 73.16, 66.17, 77.49, 53.31, 56.09, 72.44, 78.16, 59.37, 72.97, 65.78, 54.73, 57.83, 75.27, 50.6, 76.18, 59.21, 98.78, 80.84, 68.58, 69.32, 71.03, 67.97, 77.1, 73.47, 59.92, 83.68, 65.37, 71.63, 73.53, 73.5, 77.73, 60.95, 63.91, 73.01, 75.56, 74.03, 73.23, 48.37, 62.37, 81.87, 61.35, 73.44, 60.78, 73.15, 0.0], [0.0, 0.0, 40.33, 26.34, 36.58, 30.75, 41.26, 30.01, 51.25, 16.95, 50.78, 7.73, 33.79, 35.24, 25.83, 50.0, 44.73, 38.63, 22.93, 41.55, 31.82, 37.25, 49.71, 42.83, 24.81, 56.98, 22.95, 42.32, 14.14, 20.95, 32.21, 38.83, 27.88, 40.26, 22.81, 35.65, 41.84, 22.83, 36.05, 49.73, 34.98, 26.03, 26.83, 39.87, 44.79, 41.09, 29.72, 24.88, 35.32, 66.11, 38.53, 22.73, 45.64, 34.55, 46.76, 38.66, 98.91], [0.0, 40.33, 0.0, 24.17, 7.06, 9.72, 9.46, 16.07, 14.6, 47.68, 12.2, 47.91, 6.82, 9.94, 14.51, 14.15, 14.0, 5.35, 32.14, 12.03, 8.53, 6.7, 12.64, 13.32, 17.64, 18.2, 21.38, 11.02, 34.2, 19.46, 12.12, 10.42, 21.48, 9.28, 19.36, 6.19, 10.3, 18.7, 9.81, 13.84, 6.42, 18.11, 13.56, 11.67, 4.51, 7.4, 10.68, 22.72, 6.08, 26.2, 11.12, 17.91, 6.24, 6.53, 7.12, 6.18, 67.37], [0.0, 26.34, 24.17, 0.0, 17.43, 18.99, 26.52, 8.12, 38.65, 26.0, 29.88, 33.59, 20.88, 14.72, 15.33, 27.41, 21.06, 26.21, 8.24, 18.52, 17.92, 17.98, 27.91, 19.28, 9.0, 35.38, 6.01, 19.78, 29.89, 13.96, 12.07, 23.85, 11.75, 24.57, 9.05, 23.54, 19.64, 20.11, 15.21, 37.7, 22.76, 7.05, 17.07, 17.07, 27.37, 29.44, 18.14, 11.95, 22.91, 45.27, 16.16, 17.71, 26.68, 22.15, 27.8, 26.82, 72.69], [0.0, 36.58, 7.06, 17.43, 0.0, 8.94, 9.72, 9.32, 21.64, 41.97, 14.22, 44.29, 7.8, 11.37, 11.55, 13.8, 10.37, 10.85, 25.57, 7.32, 6.73, 9.96, 13.21, 8.9, 12.22, 20.4, 15.51, 7.13, 32.87, 15.86, 5.44, 7.42, 14.67, 7.61, 14.17, 9.5, 6.39, 17.43, 10.59, 20.9, 9.07, 12.04, 11.5, 6.15, 9.95, 13.75, 9.28, 16.25, 8.94, 29.71, 5.03, 15.82, 9.62, 8.66, 10.78, 11.67, 66.29], [0.0, 30.75, 9.72, 18.99, 8.94, 0.0, 10.53, 12.16, 21.54, 39.41, 21.33, 38.27, 13.19, 10.04, 5.25, 22.09, 19.31, 8.37, 25.91, 16.22, 9.35, 9.38, 21.08, 17.81, 10.44, 27.53, 14.38, 16.05, 24.74, 10.16, 9.42, 8.1, 16.84, 9.56, 11.57, 5.29, 15.3, 9.12, 10.65, 20.25, 4.51, 11.97, 12.65, 14.91, 14.23, 11.39, 10.11, 16.84, 4.8, 35.89, 13.61, 8.19, 15.59, 12.74, 16.61, 8.69, 75.1], [0.0, 41.26, 9.46, 26.52, 9.72, 10.53, 0.0, 18.48, 12.13, 49.42, 13.3, 48.74, 7.48, 12.58, 15.66, 15.94, 16.52, 11.17, 34.37, 14.72, 9.87, 9.4, 14.23, 15.95, 19.51, 18.92, 23.36, 13.64, 34.22, 20.63, 14.56, 8.94, 23.88, 9.71, 21.12, 5.85, 12.94, 19.03, 12.51, 11.25, 6.39, 20.21, 14.45, 14.41, 4.94, 4.82, 11.59, 24.94, 6.03, 26.12, 13.89, 18.58, 7.49, 6.74, 8.05, 4.34, 68.82], [0.0, 30.01, 16.07, 8.12, 9.32, 12.16, 18.48, 0.0, 30.6, 33.11, 22.41, 37.67, 13.43, 6.7, 10.25, 20.57, 14.8, 18.47, 16.25, 11.75, 10.6, 9.89, 20.72, 12.9, 5.75, 28.23, 7.21, 12.74, 29.73, 11.71, 13.16, 15.84, 5.41, 16.49, 7.52, 16.02, 12.42, 16.44, 7.28, 29.7, 15.29, 10.68, 11.58, 10.1, 19.27, 21.67, 11.57, 7.03, 15.38, 37.99, 8.91, 14.08, 18.72, 14.69, 19.86, 19.14, 69.58], [0.0, 51.25, 14.6, 38.65, 21.64, 21.54, 12.13, 30.6, 0.0, 60.95, 17.94, 58.37, 18.71, 24.52, 26.77, 22.35, 25.83, 13.17, 46.47, 25.11, 21.52, 21.23, 20.28, 25.93, 31.39, 20.57, 35.3, 23.74, 41.94, 31.58, 26.67, 14.82, 36.01, 14.13, 32.86, 16.26, 23.21, 28.42, 24.33, 19.16, 17.04, 32.26, 25.25, 25.31, 12.77, 10.27, 22.64, 37.04, 16.76, 23.05, 25.14, 28.73, 15.07, 17.6, 14.56, 12.89, 70.51], [0.0, 16.95, 47.68, 26.0, 41.97, 39.41, 49.42, 33.11, 60.95, 0.0, 55.52, 18.25, 42.27, 39.69, 34.19, 53.36, 47.06, 47.78, 18.42, 44.44, 39.58, 42.61, 53.73, 45.26, 30.05, 61.23, 26.47, 45.63, 30.62, 29.53, 36.63, 46.71, 28.63, 47.86, 28.33, 44.7, 45.41, 34.17, 40.34, 59.65, 43.91, 29.92, 35.78, 42.91, 51.65, 50.77, 38.31, 26.16, 44.2, 71.06, 41.88, 32.97, 51.59, 43.35, 52.74, 48.09, 95.83], [0.0, 50.78, 12.2, 29.88, 14.22, 21.33, 13.3, 22.41, 17.94, 55.52, 0.0, 58.49, 18.74, 15.97, 25.33, 4.65, 10.28, 16.96, 38.09, 11.62, 19.6, 13.55, 11.71, 11.43, 26.35, 6.25, 29.33, 10.22, 46.07, 29.95, 19.1, 14.17, 27.11, 12.7, 28.33, 18.39, 10.26, 30.45, 15.25, 18.37, 18.61, 25.84, 24.84, 12.88, 8.37, 17.5, 22.11, 29.37, 18.27, 15.6, 13.72, 29.29, 5.97, 18.67, 5.25, 17.64, 55.55], [0.0, 7.73, 47.91, 33.59, 44.29, 38.27, 48.74, 37.67, 58.37, 18.25, 58.49, 0.0, 41.3, 42.97, 33.45, 57.73, 52.43, 45.99, 29.23, 49.26, 39.43, 44.96, 57.44, 50.52, 32.53, 64.7, 30.56, 50.04, 18.57, 28.61, 39.93, 46.37, 35.31, 47.81, 30.53, 43.05, 49.56, 30.02, 43.77, 56.82, 42.41, 33.71, 34.37, 47.57, 52.39, 48.32, 37.26, 32.31, 42.76, 73.79, 46.24, 30.16, 53.31, 42.01, 54.42, 45.97, 106.27], [0.0, 33.79, 6.82, 20.88, 7.8, 13.19, 7.48, 13.43, 18.71, 42.27, 18.74, 41.3, 0.0, 9.7, 8.22, 19.92, 17.89, 5.58, 28.2, 15.04, 12.21, 8.05, 18.74, 16.6, 12.82, 24.88, 16.77, 14.61, 27.41, 13.18, 10.05, 5.09, 18.52, 6.59, 14.18, 9.32, 13.84, 11.88, 10.13, 17.48, 9.58, 14.02, 6.97, 13.95, 11.32, 8.74, 14.21, 18.92, 12.24, 33.01, 12.8, 11.17, 12.88, 9.74, 13.85, 6.04, 73.16], [0.0, 35.24, 9.94, 14.72, 11.37, 10.04, 12.58, 6.7, 24.52, 39.69, 15.97, 42.97, 9.7, 0.0, 11.32, 14.76, 10.1, 13.48, 22.92, 6.81, 7.84, 11.16, 14.55, 8.34, 10.49, 21.98, 13.37, 7.21, 32.64, 15.0, 13.03, 10.21, 11.94, 10.48, 12.5, 11.78, 6.65, 17.61, 9.67, 23.78, 11.23, 9.87, 11.72, 5.23, 12.67, 16.49, 10.08, 13.72, 11.18, 31.57, 12.89, 15.7, 12.02, 10.74, 13.16, 14.28, 66.17], [0.0, 25.83, 14.51, 15.33, 11.55, 5.25, 15.66, 10.25, 26.77, 34.19, 25.33, 33.45, 8.22, 11.32, 0.0, 25.35, 21.4, 13.61, 21.43, 18.11, 5.99, 12.16, 24.66, 19.66, 6.33, 31.58, 9.96, 18.36, 21.38, 4.97, 9.24, 13.1, 13.69, 14.47, 6.86, 10.52, 17.7, 6.44, 12.12, 25.46, 9.75, 8.43, 8.84, 16.55, 18.96, 16.57, 11.64, 12.92, 10.05, 40.39, 15.13, 4.38, 19.91, 9.21, 21.01, 13.9, 77.49], [0.0, 50.0, 14.15, 27.41, 13.8, 22.09, 15.94, 20.57, 22.35, 53.36, 4.65, 57.73, 19.92, 14.76, 25.35, 0.0, 6.59, 19.39, 35.46, 8.92, 20.09, 13.18, 14.29, 8.19, 25.22, 8.09, 27.74, 7.83, 46.6, 29.58, 17.81, 16.06, 24.73, 14.79, 27.23, 20.18, 8.21, 31.04, 13.96, 22.64, 20.22, 24.32, 25.18, 10.49, 11.37, 20.56, 22.69, 27.26, 19.92, 18.03, 11.67, 29.57, 8.55, 20.14, 8.4, 20.16, 53.31], [0.0, 44.73, 14.0, 21.06, 10.37, 19.31, 16.52, 14.8, 25.83, 47.06, 10.28, 52.43, 17.89, 10.1, 21.4, 6.59, 0.0, 19.25, 29.01, 15.29, 17.1, 9.95, 7.7, 10.93, 19.99, 14.68, 22.01, 14.41, 42.75, 25.03, 12.76, 15.53, 18.46, 14.73, 21.96, 19.01, 14.79, 27.6, 9.29, 25.73, 18.78, 18.73, 21.65, 4.96, 13.27, 21.33, 19.63, 21.14, 18.57, 24.6, 6.37, 25.78, 10.76, 18.51, 11.32, 20.11, 56.09], [0.0, 38.63, 5.35, 26.21, 10.85, 8.37, 11.17, 18.47, 13.17, 47.78, 16.96, 45.99, 5.58, 13.48, 13.61, 19.39, 19.25, 0.0, 33.7, 17.04, 8.49, 10.76, 17.77, 18.42, 18.38, 22.61, 22.33, 16.16, 30.88, 18.47, 14.75, 9.07, 23.73, 4.65, 19.75, 10.36, 15.41, 16.02, 13.63, 11.91, 10.66, 19.49, 12.14, 16.42, 8.63, 11.32, 9.47, 24.36, 10.31, 29.61, 15.63, 15.91, 11.09, 4.43, 11.72, 9.26, 72.44], [0.0, 22.93, 32.14, 8.24, 25.57, 25.91, 34.37, 16.25, 46.47, 18.42, 38.09, 29.23, 28.2, 22.92, 21.43, 35.46, 29.01, 33.7, 0.0, 26.64, 25.24, 26.14, 36.06, 27.29, 15.47, 43.49, 11.55, 27.94, 30.35, 18.42, 20.15, 31.65, 11.04, 32.5, 14.57, 30.85, 27.84, 24.65, 23.43, 45.42, 30.05, 14.23, 23.24, 25.24, 35.52, 36.91, 24.93, 9.43, 30.24, 53.41, 24.38, 22.51, 34.91, 29.44, 36.03, 34.23, 78.16], [0.0, 41.55, 12.03, 18.52, 7.32, 16.22, 14.72, 11.75, 25.11, 44.44, 11.62, 49.26, 15.04, 6.81, 18.11, 8.92, 15.29, 17.04, 26.64, 0.0, 13.99, 6.99, 9.43, 13.54, 16.77, 16.86, 18.96, 12.39, 39.45, 21.73, 9.48, 13.3, 15.82, 12.76, 18.75, 16.4, 11.83, 24.34, 6.0, 24.8, 16.1, 15.61, 18.41, 10.44, 12.33, 19.43, 16.48, 18.35, 15.92, 26.77, 11.92, 22.49, 10.28, 15.77, 11.12, 17.9, 59.37], [0.0, 31.82, 8.53, 17.92, 6.73, 9.35, 9.87, 10.6, 21.52, 39.58, 19.6, 39.43, 12.21, 7.84, 5.99, 20.09, 17.1, 8.49, 25.24, 13.99, 0.0, 7.2, 19.17, 15.59, 9.9, 25.83, 13.85, 13.86, 26.57, 10.93, 7.49, 7.21, 15.59, 8.52, 11.35, 5.63, 13.12, 10.96, 8.44, 20.34, 4.85, 11.05, 5.24, 12.67, 12.97, 11.68, 9.3, 15.95, 5.01, 34.46, 11.38, 9.7, 14.01, 4.23, 15.09, 9.0, 72.97], [0.0, 37.25, 6.7, 17.98, 9.96, 9.38, 9.4, 9.89, 21.23, 42.61, 13.55, 44.96, 8.05, 11.16, 12.16, 13.18, 9.95, 10.76, 26.14, 6.99, 7.2, 0.0, 12.56, 8.56, 12.89, 19.73, 16.16, 6.68, 33.45, 16.51, 6.05, 7.23, 15.22, 7.29, 14.85, 9.6, 5.93, 17.98, 10.38, 20.53, 9.21, 12.69, 12.06, 5.93, 9.38, 13.58, 9.78, 16.85, 9.06, 29.04, 4.93, 16.41, 8.98, 8.83, 10.13, 11.59, 65.78], [0.0, 49.71, 12.64, 27.91, 13.21, 21.08, 14.23, 20.72, 20.28, 53.73, 11.71, 57.44, 18.74, 14.55, 24.66, 14.29, 7.7, 17.77, 36.06, 9.43, 19.17, 12.56, 0.0, 9.02, 25.04, 7.51, 27.79, 8.13, 45.74, 29.07, 17.67, 14.59, 25.17, 13.24, 27.05, 18.77, 8.32, 30.13, 13.78, 20.58, 18.88, 24.33, 24.35, 10.84, 9.52, 18.75, 21.76, 27.57, 18.56, 17.37, 11.85, 28.79, 6.75, 18.85, 6.46, 18.51, 54.73], [0.0, 42.83, 13.32, 19.28, 8.9, 17.81, 15.95, 12.9, 25.93, 45.26, 11.43, 50.52, 16.6, 8.34, 19.66, 8.19, 10.93, 18.42, 27.29, 13.54, 15.59, 8.56, 9.02, 0.0, 18.09, 16.26, 20.11, 13.93, 40.97, 23.19, 10.9, 14.68, 16.64, 14.04, 20.07, 17.9, 13.37, 25.91, 7.54, 25.71, 17.62, 16.83, 19.99, 11.99, 13.2, 20.71, 18.07, 19.28, 17.43, 26.19, 4.55, 24.04, 10.93, 17.3, 11.65, 19.28, 57.83], [0.0, 24.81, 17.64, 9.0, 12.22, 10.44, 19.51, 5.75, 31.39, 30.05, 26.35, 32.53, 12.82, 10.49, 6.33, 25.22, 19.99, 18.38, 15.47, 16.77, 9.9, 12.89, 25.04, 18.09, 0.0, 32.44, 12.96, 17.51, 24.0, 6.09, 7.41, 16.77, 7.54, 17.84, 11.11, 15.45, 17.03, 11.54, 11.28, 30.24, 14.64, 11.5, 8.09, 15.08, 21.62, 21.56, 9.47, 6.6, 14.86, 41.91, 13.72, 9.11, 21.78, 14.04, 22.93, 18.86, 75.27], [0.0, 56.98, 18.2, 35.38, 20.4, 27.53, 18.92, 28.23, 20.57, 61.23, 6.25, 64.7, 24.88, 21.98, 31.58, 8.09, 14.68, 22.61, 43.49, 16.86, 25.83, 19.73, 7.51, 16.26, 32.44, 0.0, 35.28, 15.61, 52.26, 36.18, 25.11, 20.14, 32.66, 18.63, 34.44, 24.34, 15.83, 36.65, 21.23, 21.43, 24.62, 31.81, 31.07, 18.33, 14.02, 22.64, 28.34, 35.08, 24.27, 9.94, 19.37, 35.53, 12.01, 24.73, 11.09, 23.2, 50.6], [0.0, 22.95, 21.38, 6.01, 15.51, 14.38, 23.36, 7.21, 35.3, 26.47, 29.33, 30.56, 16.77, 13.37, 9.96, 27.74, 22.01, 22.33, 11.55, 18.96, 13.85, 16.16, 27.79, 20.11, 12.96, 35.28, 0.0, 19.92, 24.42, 7.96, 10.25, 20.62, 5.74, 21.63, 12.98, 19.4, 19.55, 14.16, 14.08, 34.18, 18.6, 11.01, 11.76, 17.31, 25.21, 25.51, 13.39, 14.25, 18.81, 44.94, 16.07, 11.79, 25.13, 17.99, 26.29, 22.82, 76.18], [0.0, 42.32, 11.02, 19.78, 7.13, 16.05, 13.64, 12.74, 23.74, 45.63, 10.22, 50.04, 14.61, 7.21, 18.36, 7.83, 14.41, 16.16, 27.94, 12.39, 13.86, 6.68, 8.13, 13.93, 17.51, 15.61, 19.92, 0.0, 39.74, 22.22, 10.12, 12.42, 17.05, 11.75, 19.51, 15.77, 12.22, 24.46, 6.39, 23.48, 15.53, 16.51, 18.52, 10.83, 10.98, 18.41, 16.41, 19.49, 15.32, 25.49, 11.61, 22.72, 8.84, 15.24, 9.65, 17.02, 59.21], [0.0, 14.14, 34.2, 29.89, 32.87, 24.74, 34.22, 29.73, 41.94, 30.62, 46.07, 18.57, 27.41, 32.64, 21.38, 46.6, 42.75, 30.88, 30.35, 39.45, 26.57, 33.45, 45.74, 40.97, 24.0, 52.26, 24.42, 39.74, 0.0, 18.07, 30.22, 32.35, 30.15, 33.88, 22.45, 28.38, 39.08, 15.62, 33.45, 40.3, 27.92, 26.1, 21.42, 37.85, 38.65, 32.54, 23.99, 27.59, 28.29, 60.29, 36.42, 17.05, 40.28, 27.71, 41.26, 30.62, 98.78], [0.0, 20.95, 19.46, 13.96, 15.86, 10.16, 20.63, 11.71, 31.58, 29.53, 29.95, 28.61, 13.18, 15.0, 4.97, 29.58, 25.03, 18.47, 18.42, 21.73, 10.93, 16.51, 29.07, 23.19, 6.09, 36.18, 7.96, 22.22, 18.07, 0.0, 12.31, 18.07, 13.2, 19.44, 5.02, 15.38, 21.63, 6.3, 15.83, 30.22, 14.63, 8.37, 6.33, 20.08, 23.88, 21.33, 9.07, 11.4, 14.94, 45.18, 18.66, 9.36, 24.7, 14.12, 25.82, 18.69, 80.84], [0.0, 32.21, 12.12, 12.07, 5.44, 9.42, 14.56, 13.16, 26.67, 36.63, 19.1, 39.93, 10.05, 13.03, 9.24, 17.81, 12.76, 14.75, 20.15, 9.48, 7.49, 6.05, 17.67, 10.9, 7.41, 25.11, 10.25, 10.12, 30.22, 12.31, 0.0, 11.95, 9.36, 12.55, 9.42, 12.51, 9.63, 15.67, 12.25, 25.8, 11.84, 6.75, 10.04, 7.8, 15.38, 17.92, 9.12, 10.81, 11.87, 34.7, 6.4, 13.56, 14.99, 11.26, 16.14, 15.47, 68.58], [0.0, 38.83, 10.42, 23.85, 7.42, 8.1, 8.94, 15.84, 14.82, 46.71, 14.17, 46.37, 5.09, 10.21, 13.1, 16.06, 15.53, 9.07, 31.65, 13.3, 7.21, 7.23, 14.59, 14.68, 16.77, 20.14, 20.62, 12.42, 32.35, 18.07, 11.95, 0.0, 21.23, 9.94, 18.39, 4.23, 11.67, 16.92, 10.24, 13.86, 4.49, 17.48, 12.0, 12.73, 6.3, 6.36, 9.11, 22.23, 12.22, 27.97, 12.0, 16.26, 8.2, 4.65, 9.05, 4.6, 69.32], [0.0, 27.88, 21.48, 11.75, 14.67, 16.84, 23.88, 5.41, 36.01, 28.63, 27.11, 35.31, 18.52, 11.94, 13.69, 24.73, 18.46, 23.73, 11.04, 15.82, 15.59, 15.22, 25.17, 16.64, 7.54, 32.66, 5.74, 17.05, 30.15, 13.2, 9.36, 21.23, 0.0, 21.9, 8.18, 21.15, 16.89, 19.04, 12.41, 35.09, 20.39, 5.27, 15.34, 14.33, 24.6, 26.95, 16.07, 10.17, 20.51, 42.54, 13.39, 16.61, 23.88, 19.78, 25.0, 24.37, 71.03], [0.0, 40.26, 9.28, 24.57, 7.61, 9.56, 9.71, 16.49, 14.13, 47.86, 12.7, 47.81, 6.59, 10.48, 14.47, 14.79, 14.73, 4.65, 32.5, 12.76, 8.52, 7.29, 13.24, 14.04, 17.84, 18.63, 21.63, 11.75, 33.88, 19.44, 12.55, 9.94, 21.9, 0.0, 19.53, 5.71, 11.02, 18.45, 10.39, 13.31, 6.01, 18.4, 13.44, 12.37, 4.77, 6.67, 10.56, 23.06, 5.65, 26.45, 11.8, 17.75, 6.73, 6.18, 7.55, 5.47, 67.97], [0.0, 22.81, 19.36, 9.05, 14.17, 11.57, 21.12, 7.52, 32.86, 28.33, 28.33, 30.53, 14.18, 12.5, 6.86, 27.23, 21.96, 19.75, 14.57, 18.75, 11.35, 14.85, 27.05, 20.07, 11.11, 34.44, 12.98, 19.51, 22.45, 5.02, 9.42, 18.39, 8.18, 19.53, 0.0, 16.74, 19.04, 11.06, 13.29, 31.66, 15.94, 11.4, 8.67, 17.07, 23.44, 22.88, 10.53, 6.5, 16.18, 43.88, 15.72, 8.66, 23.69, 15.35, 24.84, 20.18, 77.1], [0.0, 35.65, 6.19, 23.54, 9.5, 5.29, 5.85, 16.02, 16.26, 44.7, 18.39, 43.05, 9.32, 11.78, 10.52, 20.18, 19.01, 10.36, 30.85, 16.4, 5.63, 9.6, 18.77, 17.9, 15.45, 24.34, 19.4, 15.77, 28.38, 15.38, 12.51, 4.23, 21.15, 5.71, 16.74, 0.0, 14.99, 13.2, 12.09, 14.97, 8.71, 16.68, 9.06, 15.51, 10.39, 6.14, 6.38, 21.58, 10.09, 31.93, 14.51, 12.91, 12.43, 8.87, 13.26, 8.83, 73.47], [0.0, 41.84, 10.3, 19.64, 6.39, 15.3, 12.94, 12.42, 23.21, 45.41, 10.26, 49.56, 13.84, 6.65, 17.7, 8.21, 14.79, 15.41, 27.84, 11.83, 13.12, 5.93, 8.32, 13.37, 17.03, 15.83, 19.55, 12.22, 39.08, 21.63, 9.63, 11.67, 16.89, 11.02, 19.04, 14.99, 0.0, 23.77, 5.83, 22.91, 14.75, 16.12, 17.82, 10.27, 10.44, 17.69, 15.67, 19.25, 14.54, 25.67, 10.86, 22.05, 8.42, 14.46, 9.29, 16.27, 59.92], [0.0, 22.83, 18.7, 20.11, 17.43, 9.12, 19.03, 16.44, 28.42, 34.17, 30.45, 30.02, 11.88, 17.61, 6.44, 31.04, 27.6, 16.02, 24.65, 24.34, 10.96, 17.98, 30.13, 25.91, 11.54, 36.65, 14.16, 24.46, 15.62, 6.3, 15.67, 16.92, 19.04, 18.45, 11.06, 13.2, 23.77, 0.0, 18.38, 26.91, 12.63, 13.88, 5.95, 22.83, 23.2, 18.3, 8.37, 17.56, 13.0, 44.89, 21.42, 10.41, 24.69, 12.33, 25.7, 15.96, 83.68], [0.0, 36.05, 9.81, 15.21, 10.59, 10.65, 12.51, 7.28, 24.33, 40.34, 15.25, 43.77, 10.13, 9.67, 12.12, 13.96, 9.29, 13.63, 23.43, 6.0, 8.44, 10.38, 13.78, 7.54, 11.28, 21.23, 14.08, 6.39, 33.45, 15.83, 12.25, 10.24, 12.41, 10.39, 13.29, 12.09, 5.83, 18.38, 0.0, 23.64, 11.59, 10.59, 12.47, 4.44, 12.29, 16.57, 10.75, 14.31, 11.5, 30.86, 12.1, 16.5, 11.48, 11.12, 12.6, 14.44, 65.37], [0.0, 49.73, 13.84, 37.7, 20.9, 20.25, 11.25, 29.7, 19.16, 59.65, 18.37, 56.82, 17.48, 23.78, 25.46, 22.64, 25.73, 11.91, 45.42, 24.8, 20.34, 20.53, 20.58, 25.71, 30.24, 21.43, 34.18, 23.48, 40.3, 30.22, 25.8, 13.86, 35.09, 13.31, 31.66, 14.97, 22.91, 26.91, 23.64, 0.0, 15.76, 31.2, 23.9, 24.9, 12.51, 8.89, 21.34, 36.02, 15.5, 24.43, 24.64, 27.28, 14.99, 16.34, 14.61, 11.56, 71.63], [0.0, 34.98, 6.42, 22.76, 9.07, 4.51, 6.39, 15.29, 17.04, 43.91, 18.61, 42.41, 9.58, 11.23, 9.75, 20.22, 18.78, 10.66, 30.05, 16.1, 4.85, 9.21, 18.88, 17.62, 14.64, 24.62, 18.6, 15.53, 27.92, 14.63, 11.84, 4.49, 20.39, 6.01, 15.94, 8.71, 14.75, 12.63, 11.59, 15.76, 0.0, 15.89, 8.31, 15.14, 10.75, 6.94, 5.61, 20.79, 9.31, 32.37, 14.09, 12.25, 12.66, 9.06, 13.53, 4.23, 73.53], [0.0, 26.03, 18.11, 7.05, 12.04, 11.97, 20.21, 10.68, 32.26, 29.92, 25.84, 33.71, 14.02, 9.87, 8.43, 24.32, 18.73, 19.49, 14.23, 15.61, 11.05, 12.69, 24.33, 16.83, 11.5, 31.81, 11.01, 16.51, 26.1, 8.37, 6.75, 17.48, 5.27, 18.4, 11.4, 16.68, 16.12, 13.88, 10.59, 31.2, 15.89, 0.0, 10.11, 13.94, 21.82, 22.7, 11.1, 4.9, 16.07, 41.44, 12.67, 11.45, 21.67, 15.28, 22.82, 20.04, 73.5], [0.0, 26.83, 13.56, 17.07, 11.5, 12.65, 14.45, 11.58, 25.25, 35.78, 24.84, 34.37, 6.97, 11.72, 8.84, 25.18, 21.65, 12.14, 23.24, 18.41, 5.24, 12.06, 24.35, 19.99, 8.09, 31.07, 11.76, 18.52, 21.42, 6.33, 10.04, 12.0, 15.34, 13.44, 8.67, 9.06, 17.82, 5.95, 12.47, 23.9, 8.31, 10.11, 0.0, 16.91, 18.06, 15.01, 11.72, 14.69, 8.64, 39.65, 15.52, 4.46, 19.24, 7.82, 20.3, 12.36, 77.73], [0.0, 39.87, 11.67, 17.07, 6.15, 14.91, 14.41, 10.1, 25.31, 42.91, 12.88, 47.57, 13.95, 5.23, 16.55, 10.49, 4.96, 16.42, 25.24, 10.44, 12.67, 5.93, 10.84, 11.99, 15.08, 18.33, 17.31, 10.83, 37.85, 20.08, 7.8, 12.73, 14.33, 12.37, 17.07, 15.51, 10.27, 22.83, 4.44, 24.9, 15.14, 13.94, 16.91, 0.0, 12.59, 19.0, 15.09, 16.78, 14.99, 28.21, 10.86, 20.93, 10.83, 14.77, 11.78, 17.28, 60.95], [0.0, 44.79, 4.51, 27.37, 9.95, 14.23, 4.94, 19.27, 12.77, 51.65, 8.37, 52.39, 11.32, 12.67, 18.96, 11.37, 13.27, 8.63, 35.52, 12.33, 12.97, 9.38, 9.52, 13.2, 21.62, 14.02, 25.21, 10.98, 38.65, 23.88, 15.38, 6.3, 24.6, 4.77, 23.44, 10