{"digraph": {"vertex_count": 57, "arc_count": 3080, "arcs": [[0, 1, 1, 1, 1, 1, 1, 1, 1, 1, 1, 1, 1, 1, 1, 1, 1, 1, 1, 1, 1, 1, 1, 1, 1, 1, 1, 1, 1, 1, 1, 1, 1, 1, 1, 1, 1, 1, 1, 1, 1, 1, 1, 1, 1, 1, 1, 1, 1, 1, 1, 1, 1, 1, 1, 1, 1], [0, 0, 1, 1, 1, 1, 1, 1, 1, 1, 1, 1, 1, 1, 1, 1, 1, 1, 1, 1, 1, 1, 1, 1, 1, 1, 1, 1, 1, 1, 1, 1, 1, 1, 1, 1, 1, 1, 1, 1, 1, 1, 1, 1, 1, 1, 1, 1, 1, 1, 1, 1, 1, 1, 1, 1, 1], [0, 1, 0, 1, 1, 1, 1, 1, 1, 1, 1, 1, 1, 1, 1, 1, 1, 1, 1, 1, 1, 1, 1, 1, 1, 1, 1, 1, 1, 1, 1, 1, 1, 1, 1, 1, 1, 1, 1, 1, 1, 1, 1, 1, 1, 1, 1, 1, 1, 1, 1, 1, 1, 1, 1, 1, 1], [0, 1, 1, 0, 1, 1, 1, 1, 1, 1, 1, 1, 1, 1, 1, 1, 1, 1, 1, 1, 1, 1, 1, 1, 1, 1, 1, 1, 1, 1, 1, 1, 1, 1, 1, 1, 1, 1, 1, 1, 1, 1, 1, 1, 1, 1, 1, 1, 1, 1, 1, 1, 1, 1, 1, 1, 1], [0, 1, 1, 1, 0, 1, 1, 1, 1, 1, 1, 1, 1, 1, 1, 1, 1, 1, 1, 1, 1, 1, 1, 1, 1, 1, 1, 1, 1, 1, 1, 1, 1, 1, 1, 1, 1, 1, 1, 1, 1, 1, 1, 1, 1, 1, 1, 1, 1, 1, 1, 1, 1, 1, 1, 1, 1], [0, 1, 1, 1, 1, 0, 1, 1, 1, 1, 1, 1, 1, 1, 1, 1, 1, 1, 1, 1, 1, 1, 1, 1, 1, 1, 1, 1, 1, 1, 1, 1, 1, 1, 1, 1, 1, 1, 1, 1, 1, 1, 1, 1, 1, 1, 1, 1, 1, 1, 1, 1, 1, 1, 1, 1, 1], [0, 1, 1, 1, 1, 1, 0, 1, 1, 1, 1, 1, 1, 1, 1, 1, 1, 1, 1, 1, 1, 1, 1, 1, 1, 1, 1, 1, 1, 1, 1, 1, 1, 1, 1, 1, 1, 1, 1, 1, 1, 1, 1, 1, 1, 1, 1, 1, 1, 1, 1, 1, 1, 1, 1, 1, 1], [0, 1, 1, 1, 1, 1, 1, 0, 1, 1, 1, 1, 1, 1, 1, 1, 1, 1, 1, 1, 1, 1, 1, 1, 1, 1, 1, 1, 1, 1, 1, 1, 1, 1, 1, 1, 1, 1, 1, 1, 1, 1, 1, 1, 1, 1, 1, 1, 1, 1, 1, 1, 1, 1, 1, 1, 1], [0, 1, 1, 1, 1, 1, 1, 1, 0, 1, 1, 1, 1, 1, 1, 1, 1, 1, 1, 1, 1, 1, 1, 1, 1, 1, 1, 1, 1, 1, 1, 1, 1, 1, 1, 1, 1, 1, 1, 1, 1, 1, 1, 1, 1, 1, 1, 1, 1, 1, 1, 1, 1, 1, 1, 1, 1], [0, 1, 1, 1, 1, 1, 1, 1, 1, 0, 1, 1, 1, 1, 1, 1, 1, 1, 1, 1, 1, 1, 1, 1, 1, 1, 1, 1, 1, 1, 1, 1, 1, 1, 1, 1, 1, 1, 1, 1, 1, 1, 1, 1, 1, 1, 1, 1, 1, 1, 1, 1, 1, 1, 1, 1, 1], [0, 1, 1, 1, 1, 1, 1, 1, 1, 1, 0, 1, 1, 1, 1, 1, 1, 1, 1, 1, 1, 1, 1, 1, 1, 1, 1, 1, 1, 1, 1, 1, 1, 1, 1, 1, 1, 1, 1, 1, 1, 1, 1, 1, 1, 1, 1, 1, 1, 1, 1, 1, 1, 1, 1, 1, 1], [0, 1, 1, 1, 1, 1, 1, 1, 1, 1, 1, 0, 1, 1, 1, 1, 1, 1, 1, 1, 1, 1, 1, 1, 1, 1, 1, 1, 1, 1, 1, 1, 1, 1, 1, 1, 1, 1, 1, 1, 1, 1, 1, 1, 1, 1, 1, 1, 1, 1, 1, 1, 1, 1, 1, 1, 1], [0, 1, 1, 1, 1, 1, 1, 1, 1, 1, 1, 1, 0, 1, 1, 1, 1, 1, 1, 1, 1, 1, 1, 1, 1, 1, 1, 1, 1, 1, 1, 1, 1, 1, 1, 1, 1, 1, 1, 1, 1, 1, 1, 1, 1, 1, 1, 1, 1, 1, 1, 1, 1, 1, 1, 1, 1], [0, 1, 1, 1, 1, 1, 1, 1, 1, 1, 1, 1, 1, 0, 1, 1, 1, 1, 1, 1, 1, 1, 1, 1, 1, 1, 1, 1, 1, 1, 1, 1, 1, 1, 1, 1, 1, 1, 1, 1, 1, 1, 1, 1, 1, 1, 1, 1, 1, 1, 1, 1, 1, 1, 1, 1, 1], [0, 1, 1, 1, 1, 1, 1, 1, 1, 1, 1, 1, 1, 1, 0, 1, 1, 1, 1, 1, 1, 1, 1, 1, 1, 1, 1, 1, 1, 1, 1, 1, 1, 1, 1, 1, 1, 1, 1, 1, 1, 1, 1, 1, 1, 1, 1, 1, 1, 1, 1, 1, 1, 1, 1, 1, 1], [0, 1, 1, 1, 1, 1, 1, 1, 1, 1, 1, 1, 1, 1, 1, 0, 1, 1, 1, 1, 1, 1, 1, 1, 1, 1, 1, 1, 1, 1, 1, 1, 1, 1, 1, 1, 1, 1, 1, 1, 1, 1, 1, 1, 1, 1, 1, 1, 1, 1, 1, 1, 1, 1, 1, 1, 1], [0, 1, 1, 1, 1, 1, 1, 1, 1, 1, 1, 1, 1, 1, 1, 1, 0, 1, 1, 1, 1, 1, 1, 1, 1, 1, 1, 1, 1, 1, 1, 1, 1, 1, 1, 1, 1, 1, 1, 1, 1, 1, 1, 1, 1, 1, 1, 1, 1, 1, 1, 1, 1, 1, 1, 1, 1], [0, 1, 1, 1, 1, 1, 1, 1, 1, 1, 1, 1, 1, 1, 1, 1, 1, 0, 1, 1, 1, 1, 1, 1, 1, 1, 1, 1, 1, 1, 1, 1, 1, 1, 1, 1, 1, 1, 1, 1, 1, 1, 1, 1, 1, 1, 1, 1, 1, 1, 1, 1, 1, 1, 1, 1, 1], [0, 1, 1, 1, 1, 1, 1, 1, 1, 1, 1, 1, 1, 1, 1, 1, 1, 1, 0, 1, 1, 1, 1, 1, 1, 1, 1, 1, 1, 1, 1, 1, 1, 1, 1, 1, 1, 1, 1, 1, 1, 1, 1, 1, 1, 1, 1, 1, 1, 1, 1, 1, 1, 1, 1, 1, 1], [0, 1, 1, 1, 1, 1, 1, 1, 1, 1, 1, 1, 1, 1, 1, 1, 1, 1, 1, 0, 1, 1, 1, 1, 1, 1, 1, 1, 1, 1, 1, 1, 1, 1, 1, 1, 1, 1, 1, 1, 1, 1, 1, 1, 1, 1, 1, 1, 1, 1, 1, 1, 1, 1, 1, 1, 1], [0, 1, 1, 1, 1, 1, 1, 1, 1, 1, 1, 1, 1, 1, 1, 1, 1, 1, 1, 1, 0, 1, 1, 1, 1, 1, 1, 1, 1, 1, 1, 1, 1, 1, 1, 1, 1, 1, 1, 1, 1, 1, 1, 1, 1, 1, 1, 1, 1, 1, 1, 1, 1, 1, 1, 1, 1], [0, 1, 1, 1, 1, 1, 1, 1, 1, 1, 1, 1, 1, 1, 1, 1, 1, 1, 1, 1, 1, 0, 1, 1, 1, 1, 1, 1, 1, 1, 1, 1, 1, 1, 1, 1, 1, 1, 1, 1, 1, 1, 1, 1, 1, 1, 1, 1, 1, 1, 1, 1, 1, 1, 1, 1, 1], [0, 1, 1, 1, 1, 1, 1, 1, 1, 1, 1, 1, 1, 1, 1, 1, 1, 1, 1, 1, 1, 1, 0, 1, 1, 1, 1, 1, 1, 1, 1, 1, 1, 1, 1, 1, 1, 1, 1, 1, 1, 1, 1, 1, 1, 1, 1, 1, 1, 1, 1, 1, 1, 1, 1, 1, 1], [0, 1, 1, 1, 1, 1, 1, 1, 1, 1, 1, 1, 1, 1, 1, 1, 1, 1, 1, 1, 1, 1, 1, 0, 1, 1, 1, 1, 1, 1, 1, 1, 1, 1, 1, 1, 1, 1, 1, 1, 1, 1, 1, 1, 1, 1, 1, 1, 1, 1, 1, 1, 1, 1, 1, 1, 1], [0, 1, 1, 1, 1, 1, 1, 1, 1, 1, 1, 1, 1, 1, 1, 1, 1, 1, 1, 1, 1, 1, 1, 1, 0, 1, 1, 1, 1, 1, 1, 1, 1, 1, 1, 1, 1, 1, 1, 1, 1, 1, 1, 1, 1, 1, 1, 1, 1, 1, 1, 1, 1, 1, 1, 1, 1], [0, 1, 1, 1, 1, 1, 1, 1, 1, 1, 1, 1, 1, 1, 1, 1, 1, 1, 1, 1, 1, 1, 1, 1, 1, 0, 1, 1, 1, 1, 1, 1, 1, 1, 1, 1, 1, 1, 1, 1, 1, 1, 1, 1, 1, 1, 1, 1, 1, 1, 1, 1, 1, 1, 1, 1, 1], [0, 1, 1, 1, 1, 1, 1, 1, 1, 1, 1, 1, 1, 1, 1, 1, 1, 1, 1, 1, 1, 1, 1, 1, 1, 1, 0, 1, 1, 1, 1, 1, 1, 1, 1, 1, 1, 1, 1, 1, 1, 1, 1, 1, 1, 1, 1, 1, 1, 1, 1, 1, 1, 1, 1, 1, 1], [0, 1, 1, 1, 1, 1, 1, 1, 1, 1, 1, 1, 1, 1, 1, 1, 1, 1, 1, 1, 1, 1, 1, 1, 1, 1, 1, 0, 1, 1, 1, 1, 1, 1, 1, 1, 1, 1, 1, 1, 1, 1, 1, 1, 1, 1, 1, 1, 1, 1, 1, 1, 1, 1, 1, 1, 1], [0, 1, 1, 1, 1, 1, 1, 1, 1, 1, 1, 1, 1, 1, 1, 1, 1, 1, 1, 1, 1, 1, 1, 1, 1, 1, 1, 1, 0, 1, 1, 1, 1, 1, 1, 1, 1, 1, 1, 1, 1, 1, 1, 1, 1, 1, 1, 1, 1, 1, 1, 1, 1, 1, 1, 1, 1], [0, 1, 1, 1, 1, 1, 1, 1, 1, 1, 1, 1, 1, 1, 1, 1, 1, 1, 1, 1, 1, 1, 1, 1, 1, 1, 1, 1, 1, 0, 1, 1, 1, 1, 1, 1, 1, 1, 1, 1, 1, 1, 1, 1, 1, 1, 1, 1, 1, 1, 1, 1, 1, 1, 1, 1, 1], [0, 1, 1, 1, 1, 1, 1, 1, 1, 1, 1, 1, 1, 1, 1, 1, 1, 1, 1, 1, 1, 1, 1, 1, 1, 1, 1, 1, 1, 1, 0, 1, 1, 1, 1, 1, 1, 1, 1, 1, 1, 1, 1, 1, 1, 1, 1, 1, 1, 1, 1, 1, 1, 1, 1, 1, 1], [0, 1, 1, 1, 1, 1, 1, 1, 1, 1, 1, 1, 1, 1, 1, 1, 1, 1, 1, 1, 1, 1, 1, 1, 1, 1, 1, 1, 1, 1, 1, 0, 1, 1, 1, 1, 1, 1, 1, 1, 1, 1, 1, 1, 1, 1, 1, 1, 1, 1, 1, 1, 1, 1, 1, 1, 1], [0, 1, 1, 1, 1, 1, 1, 1, 1, 1, 1, 1, 1, 1, 1, 1, 1, 1, 1, 1, 1, 1, 1, 1, 1, 1, 1, 1, 1, 1, 1, 1, 0, 1, 1, 1, 1, 1, 1, 1, 1, 1, 1, 1, 1, 1, 1, 1, 1, 1, 1, 1, 1, 1, 1, 1, 1], [0, 1, 1, 1, 1, 1, 1, 1, 1, 1, 1, 1, 1, 1, 1, 1, 1, 1, 1, 1, 1, 1, 1, 1, 1, 1, 1, 1, 1, 1, 1, 1, 1, 0, 1, 1, 1, 1, 1, 1, 1, 1, 1, 1, 1, 1, 1, 1, 1, 1, 1, 1, 1, 1, 1, 1, 1], [0, 1, 1, 1, 1, 1, 1, 1, 1, 1, 1, 1, 1, 1, 1, 1, 1, 1, 1, 1, 1, 1, 1, 1, 1, 1, 1, 1, 1, 1, 1, 1, 1, 1, 0, 1, 1, 1, 1, 1, 1, 1, 1, 1, 1, 1, 1, 1, 1, 1, 1, 1, 1, 1, 1, 1, 1], [0, 1, 1, 1, 1, 1, 1, 1, 1, 1, 1, 1, 1, 1, 1, 1, 1, 1, 1, 1, 1, 1, 1, 1, 1, 1, 1, 1, 1, 1, 1, 1, 1, 1, 1, 0, 1, 1, 1, 1, 1, 1, 1, 1, 1, 1, 1, 1, 1, 1, 1, 1, 1, 1, 1, 1, 1], [0, 1, 1, 1, 1, 1, 1, 1, 1, 1, 1, 1, 1, 1, 1, 1, 1, 1, 1, 1, 1, 1, 1, 1, 1, 1, 1, 1, 1, 1, 1, 1, 1, 1, 1, 1, 0, 1, 1, 1, 1, 1, 1, 1, 1, 1, 1, 1, 1, 1, 1, 1, 1, 1, 1, 1, 1], [0, 1, 1, 1, 1, 1, 1, 1, 1, 1, 1, 1, 1, 1, 1, 1, 1, 1, 1, 1, 1, 1, 1, 1, 1, 1, 1, 1, 1, 1, 1, 1, 1, 1, 1, 1, 1, 0, 1, 1, 1, 1, 1, 1, 1, 1, 1, 1, 1, 1, 1, 1, 1, 1, 1, 1, 1], [0, 1, 1, 1, 1, 1, 1, 1, 1, 1, 1, 1, 1, 1, 1, 1, 1, 1, 1, 1, 1, 1, 1, 1, 1, 1, 1, 1, 1, 1, 1, 1, 1, 1, 1, 1, 1, 1, 0, 1, 1, 1, 1, 1, 1, 1, 1, 1, 1, 1, 1, 1, 1, 1, 1, 1, 1], [0, 1, 1, 1, 1, 1, 1, 1, 1, 1, 1, 1, 1, 1, 1, 1, 1, 1, 1, 1, 1, 1, 1, 1, 1, 1, 1, 1, 1, 1, 1, 1, 1, 1, 1, 1, 1, 1, 1, 0, 1, 1, 1, 1, 1, 1, 1, 1, 1, 1, 1, 1, 1, 1, 1, 1, 1], [0, 1, 1, 1, 1, 1, 1, 1, 1, 1, 1, 1, 1, 1, 1, 1, 1, 1, 1, 1, 1, 1, 1, 1, 1, 1, 1, 1, 1, 1, 1, 1, 1, 1, 1, 1, 1, 1, 1, 1, 0, 1, 1, 1, 1, 1, 1, 1, 1, 1, 1, 1, 1, 1, 1, 1, 1], [0, 1, 1, 1, 1, 1, 1, 1, 1, 1, 1, 1, 1, 1, 1, 1, 1, 1, 1, 1, 1, 1, 1, 1, 1, 1, 1, 1, 1, 1, 1, 1, 1, 1, 1, 1, 1, 1, 1, 1, 1, 0, 1, 1, 1, 1, 1, 1, 1, 1, 1, 1, 1, 1, 1, 1, 1], [0, 1, 1, 1, 1, 1, 1, 1, 1, 1, 1, 1, 1, 1, 1, 1, 1, 1, 1, 1, 1, 1, 1, 1, 1, 1, 1, 1, 1, 1, 1, 1, 1, 1, 1, 1, 1, 1, 1, 1, 1, 1, 0, 1, 1, 1, 1, 1, 1, 1, 1, 1, 1, 1, 1, 1, 1], [0, 1, 1, 1, 1, 1, 1, 1, 1, 1, 1, 1, 1, 1, 1, 1, 1, 1, 1, 1, 1, 1, 1, 1, 1, 1, 1, 1, 1, 1, 1, 1, 1, 1, 1, 1, 1, 1, 1, 1, 1, 1, 1, 0, 1, 1, 1, 1, 1, 1, 1, 1, 1, 1, 1, 1, 1], [0, 1, 1, 1, 1, 1, 1, 1, 1, 1, 1, 1, 1, 1, 1, 1, 1, 1, 1, 1, 1, 1, 1, 1, 1, 1, 1, 1, 1, 1, 1, 1, 1, 1, 1, 1, 1, 1, 1, 1, 1, 1, 1, 1, 0, 1, 1, 1, 1, 1, 1, 1, 1, 1, 1, 1, 1], [0, 1, 1, 1, 1, 1, 1, 1, 1, 1, 1, 1, 1, 1, 1, 1, 1, 1, 1, 1, 1, 1, 1, 1, 1, 1, 1, 1, 1, 1, 1, 1, 1, 1, 1, 1, 1, 1, 1, 1, 1, 1, 1, 1, 1, 0, 1, 1, 1, 1, 1, 1, 1, 1, 1, 1, 1], [0, 1, 1, 1, 1, 1, 1, 1, 1, 1, 1, 1, 1, 1, 1, 1, 1, 1, 1, 1, 1, 1, 1, 1, 1, 1, 1, 1, 1, 1, 1, 1, 1, 1, 1, 1, 1, 1, 1, 1, 1, 1, 1, 1, 1, 1, 0, 1, 1, 1, 1, 1, 1, 1, 1, 1, 1], [0, 1, 1, 1, 1, 1, 1, 1, 1, 1, 1, 1, 1, 1, 1, 1, 1, 1, 1, 1, 1, 1, 1, 1, 1, 1, 1, 1, 1, 1, 1, 1, 1, 1, 1, 1, 1, 1, 1, 1, 1, 1, 1, 1, 1, 1, 1, 0, 1, 1, 1, 1, 1, 1, 1, 1, 1], [0, 1, 1, 1, 1, 1, 1, 1, 1, 1, 1, 1, 1, 1, 1, 1, 1, 1, 1, 1, 1, 1, 1, 1, 1, 1, 1, 1, 1, 1, 1, 1, 1, 1, 1, 1, 1, 1, 1, 1, 1, 1, 1, 1, 1, 1, 1, 1, 0, 1, 1, 1, 1, 1, 1, 1, 1], [0, 1, 1, 1, 1, 1, 1, 1, 1, 1, 1, 1, 1, 1, 1, 1, 1, 1, 1, 1, 1, 1, 1, 1, 1, 1, 1, 1, 1, 1, 1, 1, 1, 1, 1, 1, 1, 1, 1, 1, 1, 1, 1, 1, 1, 1, 1, 1, 1, 0, 1, 1, 1, 1, 1, 1, 1], [0, 1, 1, 1, 1, 1, 1, 1, 1, 1, 1, 1, 1, 1, 1, 1, 1, 1, 1, 1, 1, 1, 1, 1, 1, 1, 1, 1, 1, 1, 1, 1, 1, 1, 1, 1, 1, 1, 1, 1, 1, 1, 1, 1, 1, 1, 1, 1, 1, 1, 0, 1, 1, 1, 1, 1, 1], [0, 1, 1, 1, 1, 1, 1, 1, 1, 1, 1, 1, 1, 1, 1, 1, 1, 1, 1, 1, 1, 1, 1, 1, 1, 1, 1, 1, 1, 1, 1, 1, 1, 1, 1, 1, 1, 1, 1, 1, 1, 1, 1, 1, 1, 1, 1, 1, 1, 1, 1, 0, 1, 1, 1, 1, 1], [0, 1, 1, 1, 1, 1, 1, 1, 1, 1, 1, 1, 1, 1, 1, 1, 1, 1, 1, 1, 1, 1, 1, 1, 1, 1, 1, 1, 1, 1, 1, 1, 1, 1, 1, 1, 1, 1, 1, 1, 1, 1, 1, 1, 1, 1, 1, 1, 1, 1, 1, 1, 0, 1, 1, 1, 1], [0, 1, 1, 1, 1, 1, 1, 1, 1, 1, 1, 1, 1, 1, 1, 1, 1, 1, 1, 1, 1, 1, 1, 1, 1, 1, 1, 1, 1, 1, 1, 1, 1, 1, 1, 1, 1, 1, 1, 1, 1, 1, 1, 1, 1, 1, 1, 1, 1, 1, 1, 1, 1, 0, 1, 1, 1], [0, 1, 1, 1, 1, 1, 1, 1, 1, 1, 1, 1, 1, 1, 1, 1, 1, 1, 1, 1, 1, 1, 1, 1, 1, 1, 1, 1, 1, 1, 1, 1, 1, 1, 1, 1, 1, 1, 1, 1, 1, 1, 1, 1, 1, 1, 1, 1, 1, 1, 1, 1, 1, 1, 0, 1, 1], [0, 1, 1, 1, 1, 1, 1, 1, 1, 1, 1, 1, 1, 1, 1, 1, 1, 1, 1, 1, 1, 1, 1, 1, 1, 1, 1, 1, 1, 1, 1, 1, 1, 1, 1, 1, 1, 1, 1, 1, 1, 1, 1, 1, 1, 1, 1, 1, 1, 1, 1, 1, 1, 1, 1, 0, 1], [0, 0, 0, 0, 0, 0, 0, 0, 0, 0, 0, 0, 0, 0, 0, 0, 0, 0, 0, 0, 0, 0, 0, 0, 0, 0, 0, 0, 0, 0, 0, 0, 0, 0, 0, 0, 0, 0, 0, 0, 0, 0, 0, 0, 0, 0, 0, 0, 0, 0, 0, 0, 0, 0, 0, 0, 0]]}, "cluster_count": 3, "cluster_speeds": [[0.925, 0.85, 0.925, 1.0, 0.8325, 0.765, 0.8325, 0.9, 0.4625, 0.425, 0.4625, 0.5, 0.30525, 0.2805, 0.30525, 0.33, 0.37, 0.34, 0.37, 0.4, 0.555, 0.51, 0.555, 0.6, 0.6475, 0.595, 0.6475, 0.7, 0.37, 0.34, 0.37, 0.4, 0.30525, 0.2805, 0.30525, 0.33, 0.4625, 0.425, 0.4625, 0.5, 0.6475, 0.595, 0.6475, 0.7, 0.74, 0.68, 0.74, 0.8, 0.6475, 0.595, 0.6475, 0.7, 0.4625, 0.425, 0.4625, 0.5, 0.555, 0.51, 0.555, 0.6, 0.6475, 0.595, 0.6475, 0.7, 0.8325, 0.765, 0.8325, 0.9, 0.925, 0.85, 0.925, 1.0, 1.0], [0.6475, 0.595, 0.6475, 0.7, 0.58275, 0.5355, 0.58275, 0.63, 0.32375, 0.2975, 0.32375, 0.35, 0.213675, 0.19635, 0.213675, 0.23099999999999998, 0.259, 0.238, 0.259, 0.27999999999999997, 0.3885, 0.357, 0.3885, 0.42, 0.6475, 0.595, 0.6475, 0.7, 0.37, 0.34, 0.37, 0.4, 0.30525, 0.2805, 0.30525, 0.33, 0.4625, 0.425, 0.4625, 0.5, 0.6475, 0.595, 0.6475, 0.7, 0.74, 0.68, 0.74, 0.8, 0.45324999999999993, 0.4165, 0.45324999999999993, 0.48999999999999994, 0.32375, 0.2975, 0.32375, 0.35, 0.3885, 0.357, 0.3885, 0.42, 0.45324999999999993, 0.4165, 0.45324999999999993, 0.48999999999999994, 0.58275, 0.5355, 0.58275, 0.63, 0.6475, 0.595, 0.6475, 0.7, 0.7], [0.87875, 0.8075, 0.87875, 0.95, 0.790875, 0.72675, 0.790875, 0.855, 0.439375, 0.40375, 0.439375, 0.475, 0.2899875, 0.266475, 0.2899875, 0.3135, 0.3515, 0.323, 0.3515, 0.38, 0.52725, 0.4845, 0.52725, 0.57, 0.6475, 0.595, 0.6475, 0.7, 0.37, 0.34, 0.37, 0.4, 0.30525, 0.2805, 0.30525, 0.33, 0.4625, 0.425, 0.4625, 0.5, 0.6475, 0.595, 0.6475, 0.7, 0.74, 0.68, 0.74, 0.8, 0.6151249999999999, 0.5652499999999999, 0.6151249999999999, 0.6649999999999999, 0.439375, 0.40375, 0.439375, 0.475, 0.52725, 0.4845, 0.52725, 0.57, 0.6151249999999999, 0.5652499999999999, 0.6151249999999999, 0.6649999999999999, 0.790875, 0.72675, 0.790875, 0.855, 0.87875, 0.8075, 0.87875, 0.95, 0.95]], "clusters": [[-1, 2, 2, 2, 2, 2, 2, 2, 2, 2, 2, 2, 2, 2, 2, 2, 2, 2, 2, 2, 2, 2, 2, 2, 2, 2, 2, 2, 2, 2, 2, 2, 2, 2, 2, 2, 2, 2, 2, 2, 2, 2, 2, 2, 2, 2, 2, 2, 2, 2, 2, 2, 2, 2, 2, 2, 2], [2, -1, 2, 2, 2, 2, 2, 2, 2, 2, 2, 2, 2, 2, 2, 2, 2, 2, 2, 2, 2, 2, 2, 2, 2, 2, 2, 2, 2, 2, 2, 2, 2, 2, 2, 2, 2, 2, 2, 2, 2, 2, 2, 2, 2, 2, 2, 2, 2, 2, 2, 2, 2, 2, 2, 2, 2], [0, 0, -1, 0, 0, 0, 0, 0, 0, 0, 0, 0, 0, 0, 0, 0, 0, 0, 0, 0, 0, 0, 0, 0, 0, 0, 0, 0, 0, 0, 0, 0, 0, 0, 0, 0, 0, 0, 0, 0, 0, 0, 0, 0, 0, 0, 0, 0, 0, 0, 0, 0, 0, 0, 0, 0, 0], [1, 1, 1, -1, 1, 1, 1, 1, 1, 1, 1, 1, 1, 1, 1, 1, 1, 1, 1, 1, 1, 1, 1, 1, 1, 1, 1, 1, 1, 1, 1, 1, 1, 1, 1, 1, 1, 1, 1, 1, 1, 1, 1, 1, 1, 1, 1, 1, 1, 1, 1, 1, 1, 1, 1, 1, 1], [0, 0, 0, 0, -1, 0, 0, 0, 0, 0, 0, 0, 0, 0, 0, 0, 0, 0, 0, 0, 0, 0, 0, 0, 0, 0, 0, 0, 0, 0, 0, 0, 0, 0, 0, 0, 0, 0, 0, 0, 0, 0, 0, 0, 0, 0, 0, 0, 0, 0, 0, 0, 0, 0, 0, 0, 0], [1, 1, 1, 1, 1, -1, 1, 1, 1, 1, 1, 1, 1, 1, 1, 1, 1, 1, 1, 1, 1, 1, 1, 1, 1, 1, 1, 1, 1, 1, 1, 1, 1, 1, 1, 1, 1, 1, 1, 1, 1, 1, 1, 1, 1, 1, 1, 1, 1, 1, 1, 1, 1, 1, 1, 1, 1], [2, 2, 2, 2, 2, 2, -1, 2, 2, 2, 2, 2, 2, 2, 2, 2, 2, 2, 2, 2, 2, 2, 2, 2, 2, 2, 2, 2, 2, 2, 2, 2, 2, 2, 2, 2, 2, 2, 2, 2, 2, 2, 2, 2, 2, 2, 2, 2, 2, 2, 2, 2, 2, 2, 2, 2, 2], [1, 1, 1, 1, 1, 1, 1, -1, 1, 1, 1, 1, 1, 1, 1, 1, 1, 1, 1, 1, 1, 1, 1, 1, 1, 1, 1, 1, 1, 1, 1, 1, 1, 1, 1, 1, 1, 1, 1, 1, 1, 1, 1, 1, 1, 1, 1, 1, 1, 1, 1, 1, 1, 1, 1, 1, 1], [1, 1, 1, 1, 1, 1, 1, 1, -1, 1, 1, 1, 1, 1, 1, 1, 1, 1, 1, 1, 1, 1, 1, 1, 1, 1, 1, 1, 1, 1, 1, 1, 1, 1, 1, 1, 1, 1, 1, 1, 1, 1, 1, 1, 1, 1, 1, 1, 1, 1, 1, 1, 1, 1, 1, 1, 1], [0, 0, 0, 0, 0, 0, 0, 0, 0, -1, 0, 0, 0, 0, 0, 0, 0, 0, 0, 0, 0, 0, 0, 0, 0, 0, 0, 0, 0, 0, 0, 0, 0, 0, 0, 0, 0, 0, 0, 0, 0, 0, 0, 0, 0, 0, 0, 0, 0, 0, 0, 0, 0, 0, 0, 0, 0], [0, 0, 0, 0, 0, 0, 0, 0, 0, 0, -1, 0, 0, 0, 0, 0, 0, 0, 0, 0, 0, 0, 0, 0, 0, 0, 0, 0, 0, 0, 0, 0, 0, 0, 0, 0, 0, 0, 0, 0, 0, 0, 0, 0, 0, 0, 0, 0, 0, 0, 0, 0, 0, 0, 0, 0, 0], [0, 0, 0, 0, 0, 0, 0, 0, 0, 0, 0, -1, 0, 0, 0, 0, 0, 0, 0, 0, 0, 0, 0, 0, 0, 0, 0, 0, 0, 0, 0, 0, 0, 0, 0, 0, 0, 0, 0, 0, 0, 0, 0, 0, 0, 0, 0, 0, 0, 0, 0, 0, 0, 0, 0, 0, 0], [0, 0, 0, 0, 0, 0, 0, 0, 0, 0, 0, 0, -1, 0, 0, 0, 0, 0, 0, 0, 0, 0, 0, 0, 0, 0, 0, 0, 0, 0, 0, 0, 0, 0, 0, 0, 0, 0, 0, 0, 0, 0, 0, 0, 0, 0, 0, 0, 0, 0, 0, 0, 0, 0, 0, 0, 0], [2, 2, 2, 2, 2, 2, 2, 2, 2, 2, 2, 2, 2, -1, 2, 2, 2, 2, 2, 2, 2, 2, 2, 2, 2, 2, 2, 2, 2, 2, 2, 2, 2, 2, 2, 2, 2, 2, 2, 2, 2, 2, 2, 2, 2, 2, 2, 2, 2, 2, 2, 2, 2, 2, 2, 2, 2], [0, 0, 0, 0, 0, 0, 0, 0, 0, 0, 0, 0, 0, 0, -1, 0, 0, 0, 0, 0, 0, 0, 0, 0, 0, 0, 0, 0, 0, 0, 0, 0, 0, 0, 0, 0, 0, 0, 0, 0, 0, 0, 0, 0, 0, 0, 0, 0, 0, 0, 0, 0, 0, 0, 0, 0, 0], [1, 1, 1, 1, 1, 1, 1, 1, 1, 1, 1, 1, 1, 1, 1, -1, 1, 1, 1, 1, 1, 1, 1, 1, 1, 1, 1, 1, 1, 1, 1, 1, 1, 1, 1, 1, 1, 1, 1, 1, 1, 1, 1, 1, 1, 1, 1, 1, 1, 1, 1, 1, 1, 1, 1, 1, 1], [2, 2, 2, 2, 2, 2, 2, 2, 2, 2, 2, 2, 2, 2, 2, 2, -1, 2, 2, 2, 2, 2, 2, 2, 2, 2, 2, 2, 2, 2, 2, 2, 2, 2, 2, 2, 2, 2, 2, 2, 2, 2, 2, 2, 2, 2, 2, 2, 2, 2, 2, 2, 2, 2, 2, 2, 2], [1, 1, 1, 1, 1, 1, 1, 1, 1, 1, 1, 1, 1, 1, 1, 1, 1, -1, 1, 1, 1, 1, 1, 1, 1, 1, 1, 1, 1, 1, 1, 1, 1, 1, 1, 1, 1, 1, 1, 1, 1, 1, 1, 1, 1, 1, 1, 1, 1, 1, 1, 1, 1, 1, 1, 1, 1], [0, 0, 0, 0, 0, 0, 0, 0, 0, 0, 0, 0, 0, 0, 0, 0, 0, 0, -1, 0, 0, 0, 0, 0, 0, 0, 0, 0, 0, 0, 0, 0, 0, 0, 0, 0, 0, 0, 0, 0, 0, 0, 0, 0, 0, 0, 0, 0, 0, 0, 0, 0, 0, 0, 0, 0, 0], [0, 0, 0, 0, 0, 0, 0, 0, 0, 0, 0, 0, 0, 0, 0, 0, 0, 0, 0, -1, 0, 0, 0, 0, 0, 0, 0, 0, 0, 0, 0, 0, 0, 0, 0, 0, 0, 0, 0, 0, 0, 0, 0, 0, 0, 0, 0, 0, 0, 0, 0, 0, 0, 0, 0, 0, 0], [0, 0, 0, 0, 0, 0, 0, 0, 0, 0, 0, 0, 0, 0, 0, 0, 0, 0, 0, 0, -1, 0, 0, 0, 0, 0, 0, 0, 0, 0, 0, 0, 0, 0, 0, 0, 0, 0, 0, 0, 0, 0, 0, 0, 0, 0, 0, 0, 0, 0, 0, 0, 0, 0, 0, 0, 0], [1, 1, 1, 1, 1, 1, 1, 1, 1, 1, 1, 1, 1, 1, 1, 1, 1, 1, 1, 1, 1, -1, 1, 1, 1, 1, 1, 1, 1, 1, 1, 1, 1, 1, 1, 1, 1, 1, 1, 1, 1, 1, 1, 1, 1, 1, 1, 1, 1, 1, 1, 1, 1, 1, 1, 1, 1], [0, 0, 0, 0, 0, 0, 0, 0, 0, 0, 0, 0, 0, 0, 0, 0, 0, 0, 0, 0, 0, 0, -1, 0, 0, 0, 0, 0, 0, 0, 0, 0, 0, 0, 0, 0, 0, 0, 0, 0, 0, 0, 0, 0, 0, 0, 0, 0, 0, 0, 0, 0, 0, 0, 0, 0, 0], [2, 2, 2, 2, 2, 2, 2, 2, 2, 2, 2, 2, 2, 2, 2, 2, 2, 2, 2, 2, 2, 2, 2, -1, 2, 2, 2, 2, 2, 2, 2, 2, 2, 2, 2, 2, 2, 2, 2, 2, 2, 2, 2, 2, 2, 2, 2, 2, 2, 2, 2, 2, 2, 2, 2, 2, 2], [0, 0, 0, 0, 0, 0, 0, 0, 0, 0, 0, 0, 0, 0, 0, 0, 0, 0, 0, 0, 0, 0, 0, 0, -1, 0, 0, 0, 0, 0, 0, 0, 0, 0, 0, 0, 0, 0, 0, 0, 0, 0, 0, 0, 0, 0, 0, 0, 0, 0, 0, 0, 0, 0, 0, 0, 0], [0, 0, 0, 0, 0, 0, 0, 0, 0, 0, 0, 0, 0, 0, 0, 0, 0, 0, 0, 0, 0, 0, 0, 0, 0, -1, 0, 0, 0, 0, 0, 0, 0, 0, 0, 0, 0, 0, 0, 0, 0, 0, 0, 0, 0, 0, 0, 0, 0, 0, 0, 0, 0, 0, 0, 0, 0], [0, 0, 0, 0, 0, 0, 0, 0, 0, 0, 0, 0, 0, 0, 0, 0, 0, 0, 0, 0, 0, 0, 0, 0, 0, 0, -1, 0, 0, 0, 0, 0, 0, 0, 0, 0, 0, 0, 0, 0, 0, 0, 0, 0, 0, 0, 0, 0, 0, 0, 0, 0, 0, 0, 0, 0, 0], [0, 0, 0, 0, 0, 0, 0, 0, 0, 0, 0, 0, 0, 0, 0, 0, 0, 0, 0, 0, 0, 0, 0, 0, 0, 0, 0, -1, 0, 0, 0, 0, 0, 0, 0, 0, 0, 0, 0, 0, 0, 0, 0, 0, 0, 0, 0, 0, 0, 0, 0, 0, 0, 0, 0, 0, 0], [0, 0, 0, 0, 0, 0, 0, 0, 0, 0, 0, 0, 0, 0, 0, 0, 0, 0, 0, 0, 0, 0, 0, 0, 0, 0, 0, 0, -1, 0, 0, 0, 0, 0, 0, 0, 0, 0, 0, 0, 0, 0, 0, 0, 0, 0, 0, 0, 0, 0, 0, 0, 0, 0, 0, 0, 0], [0, 0, 0, 0, 0, 0, 0, 0, 0, 0, 0, 0, 0, 0, 0, 0, 0, 0, 0, 0, 0, 0, 0, 0, 0, 0, 0, 0, 0, -1, 0, 0, 0, 0, 0, 0, 0, 0, 0, 0, 0, 0, 0, 0, 0, 0, 0, 0, 0, 0, 0, 0, 0, 0, 0, 0, 0], [0, 0, 0, 0, 0, 0, 0, 0, 0, 0, 0, 0, 0, 0, 0, 0, 0, 0, 0, 0, 0, 0, 0, 0, 0, 0, 0, 0, 0, 0, -1, 0, 0, 0, 0, 0, 0, 0, 0, 0, 0, 0, 0, 0, 0, 0, 0, 0, 0, 0, 0, 0, 0, 0, 0, 0, 0], [1, 1, 1, 1, 1, 1, 1, 1, 1, 1, 1, 1, 1, 1, 1, 1, 1, 1, 1, 1, 1, 1, 1, 1, 1, 1, 1, 1, 1, 1, 1, -1, 1, 1, 1, 1, 1, 1, 1, 1, 1, 1, 1, 1, 1, 1, 1, 1, 1, 1, 1, 1, 1, 1, 1, 1, 1], [0, 0, 0, 0, 0, 0, 0, 0, 0, 0, 0, 0, 0, 0, 0, 0, 0, 0, 0, 0, 0, 0, 0, 0, 0, 0, 0, 0, 0, 0, 0, 0, -1, 0, 0, 0, 0, 0, 0, 0, 0, 0, 0, 0, 0, 0, 0, 0, 0, 0, 0, 0, 0, 0, 0, 0, 0], [2, 2, 2, 2, 2, 2, 2, 2, 2, 2, 2, 2, 2, 2, 2, 2, 2, 2, 2, 2, 2, 2, 2, 2, 2, 2, 2, 2, 2, 2, 2, 2, 2, -1, 2, 2, 2, 2, 2, 2, 2, 2, 2, 2, 2, 2, 2, 2, 2, 2, 2, 2, 2, 2, 2, 2, 2], [0, 0, 0, 0, 0, 0, 0, 0, 0, 0, 0, 0, 0, 0, 0, 0, 0, 0, 0, 0, 0, 0, 0, 0, 0, 0, 0, 0, 0, 0, 0, 0, 0, 0, -1, 0, 0, 0, 0, 0, 0, 0, 0, 0, 0, 0, 0, 0, 0, 0, 0, 0, 0, 0, 0, 0, 0], [0, 0, 0, 0, 0, 0, 0, 0, 0, 0, 0, 0, 0, 0, 0, 0, 0, 0, 0, 0, 0, 0, 0, 0, 0, 0, 0, 0, 0, 0, 0, 0, 0, 0, 0, -1, 0, 0, 0, 0, 0, 0, 0, 0, 0, 0, 0, 0, 0, 0, 0, 0, 0, 0, 0, 0, 0], [0, 0, 0, 0, 0, 0, 0, 0, 0, 0, 0, 0, 0, 0, 0, 0, 0, 0, 0, 0, 0, 0, 0, 0, 0, 0, 0, 0, 0, 0, 0, 0, 0, 0, 0, 0, -1, 0, 0, 0, 0, 0, 0, 0, 0, 0, 0, 0, 0, 0, 0, 0, 0, 0, 0, 0, 0], [1, 1, 1, 1, 1, 1, 1, 1, 1, 1, 1, 1, 1, 1, 1, 1, 1, 1, 1, 1, 1, 1, 1, 1, 1, 1, 1, 1, 1, 1, 1, 1, 1, 1, 1, 1, 1, -1, 1, 1, 1, 1, 1, 1, 1, 1, 1, 1, 1, 1, 1, 1, 1, 1, 1, 1, 1], [0, 0, 0, 0, 0, 0, 0, 0, 0, 0, 0, 0, 0, 0, 0, 0, 0, 0, 0, 0, 0, 0, 0, 0, 0, 0, 0, 0, 0, 0, 0, 0, 0, 0, 0, 0, 0, 0, -1, 0, 0, 0, 0, 0, 0, 0, 0, 0, 0, 0, 0, 0, 0, 0, 0, 0, 0], [0, 0, 0, 0, 0, 0, 0, 0, 0, 0, 0, 0, 0, 0, 0, 0, 0, 0, 0, 0, 0, 0, 0, 0, 0, 0, 0, 0, 0, 0, 0, 0, 0, 0, 0, 0, 0, 0, 0, -1, 0, 0, 0, 0, 0, 0, 0, 0, 0, 0, 0, 0, 0, 0, 0, 0, 0], [0, 0, 0, 0, 0, 0, 0, 0, 0, 0, 0, 0, 0, 0, 0, 0, 0, 0, 0, 0, 0, 0, 0, 0, 0, 0, 0, 0, 0, 0, 0, 0, 0, 0, 0, 0, 0, 0, 0, 0, -1, 0, 0, 0, 0, 0, 0, 0, 0, 0, 0, 0, 0, 0, 0, 0, 0], [2, 2, 2, 2, 2, 2, 2, 2, 2, 2, 2, 2, 2, 2, 2, 2, 2, 2, 2, 2, 2, 2, 2, 2, 2, 2, 2, 2, 2, 2, 2, 2, 2, 2, 2, 2, 2, 2, 2, 2, 2, -1, 2, 2, 2, 2, 2, 2, 2, 2, 2, 2, 2, 2, 2, 2, 2], [0, 0, 0, 0, 0, 0, 0, 0, 0, 0, 0, 0, 0, 0, 0, 0, 0, 0, 0, 0, 0, 0, 0, 0, 0, 0, 0, 0, 0, 0, 0, 0, 0, 0, 0, 0, 0, 0, 0, 0, 0, 0, -1, 0, 0, 0, 0, 0, 0, 0, 0, 0, 0, 0, 0, 0, 0], [0, 0, 0, 0, 0, 0, 0, 0, 0, 0, 0, 0, 0, 0, 0, 0, 0, 0, 0, 0, 0, 0, 0, 0, 0, 0, 0, 0, 0, 0, 0, 0, 0, 0, 0, 0, 0, 0, 0, 0, 0, 0, 0, -1, 0, 0, 0, 0, 0, 0, 0, 0, 0, 0, 0, 0, 0], [0, 0, 0, 0, 0, 0, 0, 0, 0, 0, 0, 0, 0, 0, 0, 0, 0, 0, 0, 0, 0, 0, 0, 0, 0, 0, 0, 0, 0, 0, 0, 0, 0, 0, 0, 0, 0, 0, 0, 0, 0, 0, 0, 0, -1, 0, 0, 0, 0, 0, 0, 0, 0, 0, 0, 0, 0], [1, 1, 1, 1, 1, 1, 1, 1, 1, 1, 1, 1, 1, 1, 1, 1, 1, 1, 1, 1, 1, 1, 1, 1, 1, 1, 1, 1, 1, 1, 1, 1, 1, 1, 1, 1, 1, 1, 1, 1, 1, 1, 1, 1, 1, -1, 1, 1, 1, 1, 1, 1, 1, 1, 1, 1, 1], [0, 0, 0, 0, 0, 0, 0, 0, 0, 0, 0, 0, 0, 0, 0, 0, 0, 0, 0, 0, 0, 0, 0, 0, 0, 0, 0, 0, 0, 0, 0, 0, 0, 0, 0, 0, 0, 0, 0, 0, 0, 0, 0, 0, 0, 0, -1, 0, 0, 0, 0, 0, 0, 0, 0, 0, 0], [1, 1, 1, 1, 1, 1, 1, 1, 1, 1, 1, 1, 1, 1, 1, 1, 1, 1, 1, 1, 1, 1, 1, 1, 1, 1, 1, 1, 1, 1, 1, 1, 1, 1, 1, 1, 1, 1, 1, 1, 1, 1, 1, 1, 1, 1, 1, -1, 1, 1, 1, 1, 1, 1, 1, 1, 1], [1, 1, 1, 1, 1, 1, 1, 1, 1, 1, 1, 1, 1, 1, 1, 1, 1, 1, 1, 1, 1, 1, 1, 1, 1, 1, 1, 1, 1, 1, 1, 1, 1, 1, 1, 1, 1, 1, 1, 1, 1, 1, 1, 1, 1, 1, 1, 1, -1, 1, 1, 1, 1, 1, 1, 1, 1], [0, 0, 0, 0, 0, 0, 0, 0, 0, 0, 0, 0, 0, 0, 0, 0, 0, 0, 0, 0, 0, 0, 0, 0, 0, 0, 0, 0, 0, 0, 0, 0, 0, 0, 0, 0, 0, 0, 0, 0, 0, 0, 0, 0, 0, 0, 0, 0, 0, -1, 0, 0, 0, 0, 0, 0, 0], [0, 0, 0, 0, 0, 0, 0, 0, 0, 0, 0, 0, 0, 0, 0, 0, 0, 0, 0, 0, 0, 0, 0, 0, 0, 0, 0, 0, 0, 0, 0, 0, 0, 0, 0, 0, 0, 0, 0, 0, 0, 0, 0, 0, 0, 0, 0, 0, 0, 0, -1, 0, 0, 0, 0, 0, 0], [0, 0, 0, 0, 0, 0, 0, 0, 0, 0, 0, 0, 0, 0, 0, 0, 0, 0, 0, 0, 0, 0, 0, 0, 0, 0, 0, 0, 0, 0, 0, 0, 0, 0, 0, 0, 0, 0, 0, 0, 0, 0, 0, 0, 0, 0, 0, 0, 0, 0, 0, -1, 0, 0, 0, 0, 0], [0, 0, 0, 0, 0, 0, 0, 0, 0, 0, 0, 0, 0, 0, 0, 0, 0, 0, 0, 0, 0, 0, 0, 0, 0, 0, 0, 0, 0, 0, 0, 0, 0, 0, 0, 0, 0, 0, 0, 0, 0, 0, 0, 0, 0, 0, 0, 0, 0, 0, 0, 0, -1, 0, 0, 0, 0], [0, 0, 0, 0, 0, 0, 0, 0, 0, 0, 0, 0, 0, 0, 0, 0, 0, 0, 0, 0, 0, 0, 0, 0, 0, 0, 0, 0, 0, 0, 0, 0, 0, 0, 0, 0, 0, 0, 0, 0, 0, 0, 0, 0, 0, 0, 0, 0, 0, 0, 0, 0, 0, -1, 0, 0, 0], [0, 0, 0, 0, 0, 0, 0, 0, 0, 0, 0, 0, 0, 0, 0, 0, 0, 0, 0, 0, 0, 0, 0, 0, 0, 0, 0, 0, 0, 0, 0, 0, 0, 0, 0, 0, 0, 0, 0, 0, 0, 0, 0, 0, 0, 0, 0, 0, 0, 0, 0, 0, 0, 0, -1, 0, 0], [0, 0, 0, 0, 0, 0, 0, 0, 0, 0, 0, 0, 0, 0, 0, 0, 0, 0, 0, 0, 0, 0, 0, 0, 0, 0, 0, 0, 0, 0, 0, 0, 0, 0, 0, 0, 0, 0, 0, 0, 0, 0, 0, 0, 0, 0, 0, 0, 0, 0, 0, 0, 0, 0, 0, -1, 0], [2, 2, 2, 2, 2, 2, 2, 2, 2, 2, 2, 2, 2, 2, 2, 2, 2, 2, 2, 2, 2, 2, 2, 2, 2, 2, 2, 2, 2, 2, 2, 2, 2, 2, 2, 2, 2, 2, 2, 2, 2, 2, 2, 2, 2, 2, 2, 2, 2, 2, 2, 2, 2, 2, 2, 2, -1]], "speed_zone_count": 73, "speed_zones": [[0.0, 15.0], [15.0, 30.0], [30.0, 45.0], [45.0, 60.0], [60.0, 75.0], [75.0, 90.0], [90.0, 105.0], [105.0, 120.0], [120.0, 135.0], [135.0, 150.0], [150.0, 165.0], [165.0, 180.0], [180.0, 195.0], [195.0, 210.0], [210.0, 225.0], [225.0, 240.0], [240.0, 255.0], [255.0, 270.0], [270.0, 285.0], [285.0, 300.0], [300.0, 315.0], [315.0, 330.0], [330.0, 345.0], [345.0, 360.0], [360.0, 375.0], [375.0, 390.0], [390.0, 405.0], [405.0, 420.0], [420.0, 435.0], [435.0, 450.0], [450.0, 465.0], [465.0, 480.0], [480.0, 495.0], [495.0, 510.0], [510.0, 525.0], [525.0, 540.0], [540.0, 555.0], [555.0, 570.0], [570.0, 585.0], [585.0, 600.0], [600.0, 615.0], [615.0, 630.0], [630.0, 645.0], [645.0, 660.0], [660.0, 675.0], [675.0, 690.0], [690.0, 705.0], [705.0, 720.0], [720.0, 735.0], [735.0, 750.0], [750.0, 765.0], [765.0, 780.0], [780.0, 795.0], [795.0, 810.0], [810.0, 825.0], [825.0, 840.0], [840.0, 855.0], [855.0, 870.0], [870.0, 885.0], [885.0, 900.0], [900.0, 915.0], [915.0, 930.0], [930.0, 945.0], [945.0, 960.0], [960.0, 975.0], [975.0, 990.0], [990.0, 1005.0], [1005.0, 1020.0], [1020.0, 1035.0], [1035.0, 1050.0], [1050.0, 1065.0], [1065.0, 1080.0], [1080.0, 5000.0]], "distances": [[0.0, 46.4, 68.62, 66.42, 67.22, 79.93, 52.87, 50.09, 72.56, 75.97, 58.55, 68.82, 73.34, 82.98, 79.56, 78.21, 51.9, 85.54, 59.63, 71.8, 73.78, 76.99, 62.62, 98.56, 56.13, 76.31, 73.44, 75.33, 67.99, 69.33, 68.94, 67.65, 80.47, 37.54, 71.76, 68.46, 74.79, 88.82, 65.55, 60.18, 78.77, 93.07, 70.38, 72.38, 73.31, 72.28, 79.33, 50.7, 51.63, 82.59, 69.92, 69.77, 72.37, 69.79, 67.27, 69.32, 0.0], [0.0, 0.0, 33.25, 20.05, 30.53, 51.41, 8.0, 14.79, 43.21, 36.58, 24.23, 35.63, 31.58, 55.06, 43.86, 49.68, 14.33, 53.82, 21.9, 37.37, 30.24, 48.41, 27.16, 60.7, 21.25, 38.55, 36.63, 35.22, 24.61, 26.57, 36.58, 21.46, 40.15, 8.93, 31.16, 33.69, 39.03, 49.1, 23.01, 21.54, 38.26, 61.15, 38.52, 30.75, 37.57, 27.06, 41.83, 10.93, 15.89, 44.9, 31.95, 31.88, 28.25, 36.1, 24.56, 32.15, 46.4], [0.0, 33.25, 0.0, 28.38, 11.03, 19.16, 35.62, 20.35, 11.92, 9.23, 10.34, 10.14, 12.21, 22.72, 11.24, 17.64, 44.86, 20.58, 11.37, 11.31, 16.61, 16.53, 6.42, 30.0, 13.22, 8.0, 4.94, 9.86, 15.79, 14.14, 5.02, 26.32, 13.71, 37.44, 9.44, 9.39, 6.29, 20.65, 14.41, 11.76, 12.68, 27.91, 6.6, 11.69, 4.76, 21.74, 10.76, 22.62, 18.77, 13.99, 4.37, 4.22, 17.96, 9.06, 14.31, 9.47, 68.62], [0.0, 20.05, 28.38, 0.0, 25.42, 47.21, 15.16, 22.85, 40.29, 26.18, 25.12, 31.91, 19.59, 50.62, 35.45, 45.83, 22.35, 46.84, 20.78, 31.91, 15.79, 44.8, 25.09, 47.94, 23.75, 29.41, 29.07, 24.34, 12.89, 14.98, 33.26, 17.4, 27.79, 28.88, 21.0, 29.23, 31.79, 35.91, 13.98, 19.58, 26.08, 52.96, 34.97, 19.26, 30.79, 9.98, 32.15, 19.12, 22.39, 34.39, 24.78, 24.84, 13.33, 31.75, 14.18, 25.81, 66.42], [0.0, 30.53, 11.03, 25.42, 0.0, 22.19, 32.66, 18.17, 14.88, 9.15, 8.67, 6.49, 10.37, 25.75, 13.49, 20.67, 41.91, 23.41, 8.77, 7.04, 14.43, 19.56, 4.61, 31.73, 11.25, 9.11, 6.44, 9.19, 12.98, 11.48, 7.85, 23.41, 13.81, 35.09, 7.57, 11.26, 8.55, 21.63, 11.44, 8.99, 12.45, 30.63, 9.56, 9.69, 7.06, 19.16, 12.26, 20.05, 16.56, 15.53, 11.21, 11.24, 15.52, 6.39, 11.45, 10.97, 67.22], [0.0, 51.41, 19.16, 47.21, 22.19, 0.0, 54.57, 37.21, 8.28, 22.59, 27.2, 16.04, 28.78, 14.55, 13.89, 14.79, 63.78, 7.28, 29.83, 15.33, 33.45, 13.5, 24.43, 25.0, 30.22, 19.02, 18.36, 24.37, 34.36, 32.4, 14.93, 45.0, 24.12, 54.09, 26.62, 18.44, 15.74, 23.88, 33.39, 30.5, 24.72, 13.6, 12.99, 28.73, 16.51, 39.44, 17.72, 40.49, 35.82, 17.92, 22.43, 22.38, 35.42, 15.85, 33.04, 21.45, 79.93], [0.0, 8.0, 35.62, 15.16, 32.66, 54.57, 0.0, 20.28, 46.63, 36.98, 28.09, 38.53, 31.09, 58.2, 45.28, 52.93, 9.24, 56.0, 24.79, 39.7, 28.64, 51.72, 30.19, 60.57, 25.42, 39.52, 38.15, 35.37, 23.7, 25.9, 39.65, 17.24, 39.84, 16.27, 31.4, 36.23, 40.75, 48.62, 22.96, 24.07, 37.97, 62.97, 41.58, 30.42, 39.42, 24.09, 42.69, 15.75, 20.93, 45.5, 33.39, 33.37, 26.33, 38.79, 24.17, 33.92, 52.87], [0.0, 14.79, 20.35, 22.85, 18.17, 37.21, 20.28, 0.0, 28.93, 26.2, 10.24, 22.0, 23.26, 40.84, 31.55, 35.44, 28.66, 40.39, 9.72, 24.27, 24.16, 34.15, 13.93, 49.83, 7.2, 27.13, 24.61, 25.37, 18.61, 19.57, 22.74, 22.57, 30.55, 17.15, 21.69, 20.55, 26.58, 39.18, 15.91, 10.13, 28.79, 47.94, 24.62, 22.3, 25.05, 24.22, 30.37, 4.6, 9.8, 33.62, 20.44, 20.32, 23.17, 22.67, 17.6, 20.15, 50.09], [0.0, 43.21, 11.92, 40.29, 14.88, 8.28, 46.63, 28.93, 0.0, 17.87, 18.98, 8.4, 23.14, 11.91, 11.78, 6.51, 55.81, 12.99, 21.84, 8.85, 27.8, 5.22, 16.45, 28.52, 21.98, 14.61, 12.78, 19.37, 27.67, 25.93, 7.11, 38.23, 20.79, 45.82, 20.61, 11.06, 10.77, 23.65, 26.31, 22.6, 20.77, 20.52, 5.32, 22.86, 10.83, 33.38, 14.77, 32.28, 27.55, 16.47, 15.84, 15.74, 29.46, 8.55, 26.21, 14.63, 72.56], [0.0, 36.58, 9.23, 26.18, 9.15, 22.59, 36.98, 26.2, 17.87, 0.0, 17.62, 11.82, 6.63, 25.59, 9.42, 21.6, 46.02, 20.85, 16.48, 9.43, 11.07, 20.89, 13.65, 24.14, 19.84, 11.07, 5.27, 9.84, 13.64, 11.4, 12.94, 23.72, 4.66, 42.39, 5.58, 9.96, 7.16, 12.99, 14.02, 16.15, 12.81, 26.79, 13.54, 6.93, 7.12, 17.27, 5.97, 27.08, 24.6, 8.52, 6.17, 6.34, 13.28, 10.88, 12.87, 7.12, 75.97], [0.0, 24.23, 10.34, 25.12, 8.67, 27.2, 28.09, 10.24, 18.98, 17.62, 0.0, 11.76, 16.8, 30.85, 21.58, 25.46, 37.13, 30.15, 4.36, 14.1, 19.48, 24.19, 9.76, 40.26, 10.86, 17.76, 14.95, 17.29, 15.46, 15.18, 12.53, 23.79, 22.24, 27.39, 14.43, 10.42, 16.63, 30.3, 12.79, 5.6, 20.71, 37.7, 14.43, 15.88, 15.1, 22.16, 20.84, 13.3, 8.74, 24.11, 11.46, 11.31, 19.54, 12.43, 13.91, 10.78, 58.55], [0.0, 35.63, 10.14, 31.91, 6.49, 16.04, 38.53, 22.0, 8.4, 11.82, 11.76, 0.0, 15.69, 19.67, 10.83, 14.43, 47.75, 18.39, 13.85, 12.69, 20.18, 13.25, 8.48, 29.86, 14.81, 9.63, 6.7, 12.82, 19.41, 17.79, 11.56, 29.9, 15.91, 39.15, 12.96, 10.23, 6.53, 21.7, 17.93, 14.47, 15.21, 25.95, 11.85, 15.23, 5.38, 25.39, 11.61, 24.79, 20.49, 14.55, 7.92, 7.79, 21.59, 9.67, 17.91, 6.57, 68.82], [0.0, 31.58, 12.21, 19.59, 10.37, 28.78, 31.09, 23.26, 23.14, 6.63, 16.8, 15.69, 0.0, 31.93, 16.02, 27.64, 39.97, 27.46, 14.11, 14.3, 4.69, 26.81, 13.6, 29.49, 18.13, 10.04, 10.52, 4.77, 7.41, 5.19, 17.02, 17.11, 8.75, 38.21, 11.22, 13.15, 13.04, 17.62, 8.57, 13.32, 6.88, 33.38, 18.19, 9.65, 12.46, 10.72, 12.58, 23.11, 21.77, 14.85, 7.84, 8.0, 6.7, 15.04, 7.05, 9.25, 73.34], [0.0, 55.06, 22.72, 50.62, 25.75, 14.55, 58.2, 40.84, 11.91, 25.59, 30.85, 19.67, 31.93, 0.0, 16.51, 5.4, 67.42, 7.28, 33.48, 18.83, 36.56, 6.69, 28.08, 24.74, 33.87, 22.02, 21.63, 27.41, 37.75, 35.74, 18.57, 48.37, 26.69, 57.69, 29.88, 22.03, 18.96, 25.37, 36.87, 34.14, 27.46, 11.61, 16.64, 31.93, 19.84, 42.63, 20.36, 44.14, 39.46, 20.1, 25.86, 25.82, 38.61, 19.44, 36.46, 24.93, 82.98], [0.0, 43.86, 11.24, 35.45, 13.49, 13.89, 45.28, 31.55, 11.78, 9.42, 21.58, 10.83, 16.02, 16.51, 0.0, 13.28, 54.47, 11.44, 22.25, 7.77, 20.48, 12.9, 17.64, 19.04, 24.45, 6.04, 7.23, 11.29, 22.7, 20.51, 10.99, 33.04, 10.23, 48.56, 14.48, 11.21, 4.97, 11.93, 22.54, 22.4, 10.95, 17.74, 10.12, 16.23, 6.51, 26.69, 10.07, 33.52, 29.96, 4.69, 11.96, 12.01, 22.7, 9.8, 21.68, 11.72, 79.56], [0.0, 49.68, 17.64, 45.83, 20.67, 14.79, 52.93, 35.44, 6.51, 21.6, 25.46, 14.43, 27.64, 5.4, 13.28, 0.0, 62.13, 8.36, 28.17, 13.92, 32.33, 11.73, 22.77, 25.82, 28.48, 18.05, 17.15, 23.34, 33.01, 31.1, 13.28, 43.65, 23.43, 52.31, 25.39, 16.89, 14.61, 23.86, 31.96, 28.86, 23.91, 15.13, 11.35, 27.54, 15.26, 38.24, 17.02, 38.75, 34.06, 17.55, 21.06, 21.0, 34.24, 14.3, 31.66, 20.03, 78.21], [0.0, 14.33, 44.86, 22.35, 41.91, 63.78, 9.24, 28.66, 55.81, 46.02, 37.13, 47.75, 39.97, 67.42, 54.47, 62.13, 0.0, 65.24, 33.97, 48.94, 37.17, 60.92, 39.37, 69.35, 34.36, 48.66, 47.36, 44.37, 32.56, 34.8, 48.86, 24.77, 48.69, 19.44, 40.45, 45.47, 49.98, 57.34, 32.05, 33.28, 46.84, 72.17, 50.79, 39.35, 48.65, 32.07, 51.8, 24.32, 29.52, 54.54, 42.61, 42.59, 34.77, 48.02, 33.16, 43.15, 51.9], [0.0, 53.82, 20.58, 46.84, 23.41, 7.28, 56.0, 40.39, 12.99, 20.85, 30.15, 18.39, 27.46, 7.28, 11.44, 8.36, 65.24, 0.0, 31.92, 16.46, 31.89, 9.24, 26.73, 17.78, 33.2, 17.45, 18.01, 22.72, 34.02, 31.86, 17.7, 44.45, 20.96, 57.53, 25.84, 20.13, 15.32, 18.37, 33.64, 32.34, 22.05, 7.66, 15.89, 27.65, 16.59, 38.12, 15.06, 43.09, 38.88, 13.96, 22.69, 22.69, 34.13, 17.79, 32.92, 22.08, 85.54], [0.0, 21.9, 11.37, 20.78, 8.77, 29.83, 24.79, 9.72, 21.84, 16.48, 4.36, 13.85, 14.11, 33.48, 22.25, 28.17, 33.97, 31.92, 0.0, 15.47, 16.03, 26.94, 5.4, 40.19, 12.21, 17.5, 15.13, 15.71, 11.45, 11.52, 14.9, 19.43, 20.87, 26.36, 12.19, 11.8, 17.32, 29.46, 8.68, 9.96, 19.15, 39.27, 16.84, 13.14, 15.82, 18.07, 20.76, 11.29, 8.12, 23.99, 10.76, 10.65, 15.76, 14.24, 9.98, 10.61, 59.63], [0.0, 37.37, 11.31, 31.91, 7.04, 15.33, 39.7, 24.27, 8.85, 9.43, 14.1, 12.69, 14.3, 18.83, 7.77, 13.92, 48.94, 16.46, 15.47, 0.0, 18.95, 12.91, 10.38, 26.8, 17.08, 6.75, 10.64, 10.73, 19.11, 17.24, 14.06, 29.74, 13.14, 41.4, 11.78, 12.25, 12.74, 18.54, 18.06, 15.88, 12.67, 23.82, 14.17, 14.02, 11.08, 24.58, 8.46, 26.69, 22.71, 11.38, 7.16, 7.09, 20.64, 12.24, 17.74, 6.12, 71.8], [0.0, 30.24, 16.61, 15.79, 14.43, 33.45, 28.64, 24.16, 27.8, 11.07, 19.48, 20.18, 4.69, 36.56, 20.48, 32.33, 37.17, 31.89, 16.03, 18.95, 0.0, 31.49, 16.91, 32.29, 20.19, 14.59, 15.21, 9.2, 5.83, 4.62, 21.53, 13.23, 12.01, 37.62, 7.23, 17.56, 17.72, 20.25, 8.28, 14.99, 10.35, 37.52, 22.79, 4.96, 17.15, 6.26, 16.87, 23.1, 22.81, 18.78, 12.26, 12.4, 9.01, 19.6, 6.57, 13.63, 73.78], [0.0, 48.41, 16.53, 44.8, 19.56, 13.5, 51.72, 34.15, 5.22, 20.89, 24.19, 13.25, 26.81, 6.69, 12.9, 11.73, 60.92, 9.24, 26.94, 12.91, 31.49, 0.0, 21.54, 26.42, 27.2, 17.37, 16.29, 22.59, 32.02, 30.13, 12.07, 42.65, 22.94, 51.01, 24.49, 15.76, 13.82, 23.85, 30.89, 27.66, 23.33, 16.25, 10.16, 26.67, 14.37, 37.35, 16.55, 37.48, 32.78, 17.32, 20.07, 19.99, 33.36, 13.17, 30.64, 18.99, 76.99], [0.0, 27.16, 6.42, 25.09, 4.61, 24.43, 30.19, 13.93, 16.45, 13.65, 9.76, 8.48, 13.6, 28.08, 17.64, 22.77, 39.37, 26.73, 5.4, 10.38, 16.91, 21.54, 0.0, 36.21, 6.81, 13.69, 10.9, 13.47, 13.87, 13.04, 9.51, 23.41, 18.3, 31.03, 11.01, 6.66, 12.67, 26.24, 11.58, 6.17, 16.84, 34.18, 11.44, 12.75, 11.14, 20.54, 16.77, 16.37, 12.36, 20.05, 7.48, 7.32, 17.41, 8.95, 12.25, 6.71, 62.62], [0.0, 60.7, 30.0, 47.94, 31.73, 25.0, 60.57, 49.83, 28.52, 24.14, 40.26, 29.86, 29.49, 24.74, 19.04, 25.82, 69.35, 17.78, 40.19, 26.8, 32.29, 26.42, 36.21, 0.0, 42.97, 22.7, 25.32, 25.49, 36.87, 34.68, 29.93, 45.37, 20.73, 66.44, 29.55, 30.11, 23.77, 12.04, 37.87, 40.05, 22.62, 15.14, 28.79, 30.2, 25.27, 38.0, 19.48, 51.14, 48.22, 16.21, 29.42, 29.54, 34.73, 28.84, 36.49, 29.7, 98.56], [0.0, 21.25, 13.22, 23.75, 11.25, 30.22, 25.42, 7.2, 21.98, 19.84, 10.86, 14.81, 18.13, 33.87, 24.45, 28.48, 34.36, 33.2, 12.21, 17.08, 20.19, 27.2, 6.81, 42.97, 0.0, 20.34, 17.66, 19.3, 15.5, 15.67, 15.58, 22.69, 24.39, 24.35, 16.04, 13.37, 19.48, 32.71, 12.69, 5.26, 22.75, 40.74, 17.49, 17.18, 17.95, 22.02, 23.5, 10.32, 5.68, 26.77, 13.81, 13.66, 19.88, 15.46, 14.08, 13.31, 56.13], [0.0, 38.55, 8.0, 29.41, 9.11, 19.02, 39.52, 27.13, 14.61, 11.07, 17.76, 9.63, 10.04, 22.02, 6.04, 18.05, 48.66, 17.45, 17.5, 6.75, 14.59, 17.37, 13.69, 22.7, 20.34, 0.0, 11.5, 5.4, 16.67, 14.47, 10.51, 27.0, 6.41, 43.81, 8.46, 8.47, 11.01, 12.67, 16.64, 17.41, 6.16, 23.69, 10.73, 10.2, 4.33, 20.75, 10.65, 28.57, 25.52, 6.5, 6.74, 6.85, 16.74, 8.57, 15.7, 7.03, 76.31], [0.0, 36.63, 4.94, 29.07, 6.44, 18.36, 38.15, 24.61, 12.78, 5.27, 14.95, 6.7, 10.52, 21.63, 7.23, 17.15, 47.36, 18.01, 15.13, 10.64, 15.21, 16.29, 10.9, 25.32, 17.66, 11.5, 0.0, 6.61, 16.18, 14.13, 7.73, 26.77, 9.21, 41.49, 8.26, 5.38, 10.99, 15.71, 15.64, 15.21, 8.55, 24.82, 8.28, 10.39, 9.7, 21.09, 5.89, 26.36, 23.0, 9.16, 4.76, 4.8, 17.09, 5.7, 14.99, 4.53, 73.44], [0.0, 35.22, 9.86, 24.34, 9.19, 24.37, 35.37, 25.37, 19.37, 9.84, 17.29, 12.82, 4.77, 27.41, 11.29, 23.34, 44.37, 22.72, 15.71, 10.73, 9.2, 22.59, 13.47, 25.49, 19.3, 5.4, 6.61, 0.0, 11.89, 9.65, 14.02, 21.87, 5.18, 41.28, 11.22, 10.69, 8.79, 14.01, 12.45, 15.25, 11.55, 28.62, 14.82, 5.12, 8.55, 15.4, 7.82, 25.98, 23.79, 10.21, 6.15, 6.33, 11.41, 11.96, 11.21, 7.35, 75.33], [0.0, 24.61, 15.79, 12.89, 12.98, 34.36, 23.7, 18.61, 27.67, 13.64, 15.46, 19.41, 7.41, 37.75, 22.7, 33.01, 32.56, 34.02, 11.45, 19.11, 5.83, 32.02, 13.87, 36.87, 15.5, 16.67, 16.18, 11.89, 0.0, 8.95, 20.78, 10.64, 16.15, 31.82, 8.22, 16.69, 18.9, 24.94, 11.91, 10.25, 14.28, 40.35, 22.38, 6.8, 17.9, 6.73, 19.58, 17.3, 17.35, 22.1, 11.95, 12.02, 4.56, 19.13, 10.37, 13.06, 67.99], [0.0, 26.57, 14.14, 14.98, 11.48, 32.4, 25.9, 19.57, 25.93, 11.4, 15.18, 17.79, 5.19, 35.74, 20.51, 31.1, 34.8, 31.86, 11.52, 17.24, 4.62, 30.13, 13.04, 34.68, 15.67, 14.47, 14.13, 9.65, 8.95, 0.0, 19.17, 12.65, 13.94, 33.53, 6.03, 15.07, 16.83, 22.78, 11.74, 10.43, 12.07, 38.13, 20.68, 4.56, 15.9, 7.69, 17.35, 18.72, 18.21, 19.85, 10.1, 10.19, 4.39, 17.42, 10.2, 11.3, 69.33], [0.0, 36.58, 5.02, 33.26, 7.85, 14.93, 39.65, 22.74, 7.11, 12.94, 12.53, 11.56, 17.02, 18.57, 10.99, 13.28, 48.86, 17.7, 14.9, 14.06, 21.53, 12.07, 9.51, 29.93, 15.58, 10.51, 7.73, 14.02, 20.78, 19.17, 0.0, 31.26, 16.87, 39.85, 14.31, 11.04, 7.12, 22.25, 19.28, 15.59, 16.28, 25.31, 11.63, 16.59, 6.19, 26.76, 12.2, 25.7, 21.26, 15.0, 9.29, 9.16, 22.96, 10.48, 19.28, 7.95, 68.94], [0.0, 21.46, 26.32, 17.4, 23.41, 45.0, 17.24, 22.57, 38.23, 23.72, 23.79, 29.9, 17.11, 48.37, 33.04, 43.65, 24.77, 44.45, 19.43, 29.74, 13.23, 42.65, 23.41, 45.37, 22.69, 27.0, 26.77, 21.87, 10.64, 12.65, 31.26, 0.0, 25.24, 30.13, 18.63, 27.19, 29.48, 33.34, 12.03, 18.2, 23.54, 50.49, 32.92, 16.82, 28.53, 7.42, 29.69, 19.19, 21.93, 31.87, 22.59, 22.65, 10.78, 29.68, 12.02, 23.67, 67.65], [0.0, 40.15, 13.71, 27.79, 13.81, 24.12, 39.84, 30.55, 20.79, 4.66, 22.24, 15.91, 8.75, 26.69, 10.23, 23.43, 48.69, 20.96, 20.87, 13.14, 12.01, 22.94, 18.3, 20.73, 24.39, 6.41, 9.21, 5.18, 16.15, 13.94, 16.87, 25.24, 0.0, 46.39, 9.09, 14.37, 10.19, 8.95, 17.19, 20.43, 12.56, 25.82, 17.14, 9.47, 10.72, 18.15, 6.42, 31.12, 28.97, 7.11, 10.82, 10.99, 14.46, 14.89, 15.77, 11.77, 80.47], [0.0, 8.93, 37.44, 28.88, 35.09, 54.09, 16.27, 17.15, 45.82, 42.39, 27.39, 39.15, 38.21, 57.69, 48.56, 52.31, 19.44, 57.53, 26.36, 41.4, 37.62, 51.01, 31.03, 66.44, 24.35, 43.81, 41.49, 41.28, 31.82, 33.53, 39.85, 30.13, 46.39, 0.0, 37.31, 37.68, 43.6, 55.28, 29.77, 26.4, 44.54, 65.09, 41.72, 37.31, 42.07, 35.2, 47.09, 15.31, 18.69, 50.3, 37.07, 36.97, 35.87, 39.82, 31.45, 36.97, 37.54], [0.0, 31.16, 9.44, 21.0, 7.57, 26.62, 31.4, 21.69, 20.61, 5.58, 14.43, 12.96, 11.22, 29.88, 14.48, 25.39, 40.45, 25.84, 12.19, 11.78, 7.23, 24.49, 11.01, 29.55, 16.04, 8.46, 8.26, 11.22, 8.22, 6.03, 14.31, 18.63, 9.09, 37.31, 0.0, 10.38, 10.92, 18.01, 8.44, 11.58, 7.23, 32.14, 15.56, 10.58, 10.13, 12.86, 11.41, 22.04, 20.14, 14.1, 5.07, 5.22, 8.88, 12.37, 7.31, 6.47, 71.76], [0.0, 33.69, 9.39, 29.23, 11.26, 18.44, 36.23, 20.55, 11.06, 9.96, 10.42, 10.23, 13.15, 22.03, 11.21, 16.89, 45.47, 20.13, 11.8, 12.25, 17.56, 15.76, 6.66, 30.11, 13.37, 8.47, 5.38, 10.69, 16.69, 15.07, 11.04, 27.19, 14.37, 37.68, 10.38, 0.0, 6.34, 21.05, 15.25, 12.27, 13.42, 27.53, 5.74, 12.64, 4.85, 22.68, 11.05, 22.98, 18.99, 14.23, 5.31, 5.17, 18.9, 9.15, 15.2, 9.91, 68.46], [0.0, 39.03, 6.29, 31.79, 8.55, 15.74, 40.75, 26.58, 10.77, 7.16, 16.63, 6.53, 13.04, 18.96, 4.97, 14.61, 49.98, 15.32, 17.32, 12.74, 17.72, 13.82, 12.67, 23.77, 19.48, 11.01, 10.99, 8.79, 18.9, 16.83, 7.12, 29.48, 10.19, 43.6, 10.92, 6.34, 0.0, 15.18, 18.34, 17.51, 10.01, 22.24, 7.02, 12.99, 9.73, 23.7, 5.09, 28.6, 24.99, 8.05, 7.38, 7.39, 19.68, 5.43, 17.71, 6.9, 74.79], [0.0, 49.1, 20.65, 35.91, 21.63, 23.88, 48.62, 39.18, 23.65, 12.99, 30.3, 21.7, 17.62, 25.37, 11.93, 23.86, 57.34, 18.37, 29.46, 18.54, 20.25, 23.85, 26.24, 12.04, 32.71, 12.67, 15.71, 14.01, 24.94, 22.78, 22.25, 33.34, 8.95, 55.28, 18.01, 21.05, 15.18, 0.0, 26.12, 29.13, 10.84, 20.69, 21.77, 18.39, 16.4, 25.99, 10.1, 39.98, 37.59, 7.34, 18.91, 19.05, 22.69, 20.61, 24.66, 19.52, 88.82], [0.0, 23.01, 14.41, 13.98, 11.44, 33.39, 22.96, 15.91, 26.31, 14.02, 12.79, 17.93, 8.57, 36.87, 22.54, 31.96, 32.05, 33.64, 8.68, 18.06, 8.28, 30.89, 11.58, 37.87, 12.69, 16.64, 15.64, 12.45, 11.91, 11.74, 19.28, 12.03, 17.19, 29.77, 8.44, 15.25, 18.34, 26.12, 0.0, 7.47, 15.29, 40.28, 20.99, 7.74, 17.18, 9.39, 19.76, 14.92, 14.61, 22.54, 11.05, 11.08, 7.35, 17.79, 13.15, 11.95, 65.55], [0.0, 21.54, 11.76, 19.58, 8.99, 30.5, 24.07, 10.13, 22.6, 16.15, 5.6, 14.47, 13.32, 34.14, 22.4, 28.86, 33.28, 32.34, 9.96, 15.88, 14.99, 27.66, 6.17, 40.05, 5.26, 17.41, 15.21, 15.25, 10.25, 10.43, 15.59, 18.2, 20.43, 26.4, 11.58, 12.27, 17.51, 29.13, 7.47, 0.0, 18.67, 39.61, 17.51, 12.35, 16.04, 16.84, 20.7, 11.17, 8.56, 23.9, 10.68, 10.58, 14.62, 14.78, 8.82, 10.68, 60.18], [0.0, 38.26, 12.68, 26.08, 12.45, 24.72, 37.97, 28.79, 20.77, 12.81, 20.71, 15.21, 6.88, 27.46, 10.95, 23.91, 46.84, 22.05, 19.15, 12.67, 10.35, 23.33, 16.84, 22.62, 22.75, 6.16, 8.55, 11.55, 14.28, 12.07, 16.28, 23.54, 12.56, 44.54, 7.23, 13.42, 10.01, 10.84, 15.29, 18.67, 0.0, 27.25, 16.75, 7.58, 10.28, 16.56, 7.11, 29.27, 27.22, 8.48, 9.41, 9.59, 12.77, 14.24, 13.87, 10.48, 78.77], [0.0, 61.15, 27.91, 52.96, 30.63, 13.6, 62.97, 47.94, 20.52, 26.79, 37.7, 25.95, 33.38, 11.61, 17.74, 15.13, 72.17, 7.66, 39.27, 23.82, 37.52, 16.25, 34.18, 15.14, 40.74, 23.69, 24.82, 28.62, 40.35, 38.13, 25.31, 50.49, 25.82, 65.09, 32.14, 27.53, 22.24, 20.69, 40.28, 39.61, 27.25, 0.0, 23.53, 33.72, 23.64, 43.77, 20.81, 50.51, 46.42, 18.78, 29.58, 29.6, 39.88, 25.29, 39.39, 29.13, 93.07], [0.0, 38.52, 6.6, 34.97, 9.56, 12.99, 41.58, 24.62, 5.32, 13.54, 14.43, 11.85, 18.19, 16.64, 10.12, 11.35, 50.79, 15.89, 16.84, 14.17, 22.79, 10.16, 11.44, 28.79, 17.49, 10.73, 8.28, 14.82, 22.38, 20.68, 11.63, 32.92, 17.14, 41.72, 15.56, 5.74, 7.02, 21.77, 20.99, 17.51, 16.75, 23.53, 0.0, 17.83, 6.47, 28.2, 11.92, 27.63, 23.16, 14.44, 10.65, 10.54, 24.34, 10.77, 20.91, 9.38, 70.38], [0.0, 30.75, 11.69, 19.26, 9.69, 28.73, 30.42, 22.3, 22.86, 6.93, 15.88, 15.23, 9.65, 31.93, 16.23, 27.54, 39.35, 27.65, 13.14, 14.02, 4.96, 26.67, 12.75, 30.2, 17.18, 10.2, 10.39, 5.12, 6.8, 4.56, 16.59, 16.82, 9.47, 37.31, 10.58, 12.64, 12.99, 18.39, 7.74, 12.35, 7.58, 33.72, 17.83, 0.0, 12.3, 10.71, 12.9, 22.18, 20.8, 15.32, 7.33, 7.47, 6.7, 14.64, 6.29, 8.72, 72.38], [0.0, 37.57, 4.76, 30.79, 7.06, 16.51, 39.42, 25.05, 10.83, 7.12, 15.1, 5.38, 12.46, 19.84, 6.51, 15.26, 48.65, 16.59, 15.82, 11.08, 17.15, 14.37, 11.14, 25.27, 17.95