{"digraph": {"vertex_count": 57, "arc_count": 3080, "arcs": [[0, 1, 1, 1, 1, 1, 1, 1, 1, 1, 1, 1, 1, 1, 1, 1, 1, 1, 1, 1, 1, 1, 1, 1, 1, 1, 1, 1, 1, 1, 1, 1, 1, 1, 1, 1, 1, 1, 1, 1, 1, 1, 1, 1, 1, 1, 1, 1, 1, 1, 1, 1, 1, 1, 1, 1, 1], [0, 0, 1, 1, 1, 1, 1, 1, 1, 1, 1, 1, 1, 1, 1, 1, 1, 1, 1, 1, 1, 1, 1, 1, 1, 1, 1, 1, 1, 1, 1, 1, 1, 1, 1, 1, 1, 1, 1, 1, 1, 1, 1, 1, 1, 1, 1, 1, 1, 1, 1, 1, 1, 1, 1, 1, 1], [0, 1, 0, 1, 1, 1, 1, 1, 1, 1, 1, 1, 1, 1, 1, 1, 1, 1, 1, 1, 1, 1, 1, 1, 1, 1, 1, 1, 1, 1, 1, 1, 1, 1, 1, 1, 1, 1, 1, 1, 1, 1, 1, 1, 1, 1, 1, 1, 1, 1, 1, 1, 1, 1, 1, 1, 1], [0, 1, 1, 0, 1, 1, 1, 1, 1, 1, 1, 1, 1, 1, 1, 1, 1, 1, 1, 1, 1, 1, 1, 1, 1, 1, 1, 1, 1, 1, 1, 1, 1, 1, 1, 1, 1, 1, 1, 1, 1, 1, 1, 1, 1, 1, 1, 1, 1, 1, 1, 1, 1, 1, 1, 1, 1], [0, 1, 1, 1, 0, 1, 1, 1, 1, 1, 1, 1, 1, 1, 1, 1, 1, 1, 1, 1, 1, 1, 1, 1, 1, 1, 1, 1, 1, 1, 1, 1, 1, 1, 1, 1, 1, 1, 1, 1, 1, 1, 1, 1, 1, 1, 1, 1, 1, 1, 1, 1, 1, 1, 1, 1, 1], [0, 1, 1, 1, 1, 0, 1, 1, 1, 1, 1, 1, 1, 1, 1, 1, 1, 1, 1, 1, 1, 1, 1, 1, 1, 1, 1, 1, 1, 1, 1, 1, 1, 1, 1, 1, 1, 1, 1, 1, 1, 1, 1, 1, 1, 1, 1, 1, 1, 1, 1, 1, 1, 1, 1, 1, 1], [0, 1, 1, 1, 1, 1, 0, 1, 1, 1, 1, 1, 1, 1, 1, 1, 1, 1, 1, 1, 1, 1, 1, 1, 1, 1, 1, 1, 1, 1, 1, 1, 1, 1, 1, 1, 1, 1, 1, 1, 1, 1, 1, 1, 1, 1, 1, 1, 1, 1, 1, 1, 1, 1, 1, 1, 1], [0, 1, 1, 1, 1, 1, 1, 0, 1, 1, 1, 1, 1, 1, 1, 1, 1, 1, 1, 1, 1, 1, 1, 1, 1, 1, 1, 1, 1, 1, 1, 1, 1, 1, 1, 1, 1, 1, 1, 1, 1, 1, 1, 1, 1, 1, 1, 1, 1, 1, 1, 1, 1, 1, 1, 1, 1], [0, 1, 1, 1, 1, 1, 1, 1, 0, 1, 1, 1, 1, 1, 1, 1, 1, 1, 1, 1, 1, 1, 1, 1, 1, 1, 1, 1, 1, 1, 1, 1, 1, 1, 1, 1, 1, 1, 1, 1, 1, 1, 1, 1, 1, 1, 1, 1, 1, 1, 1, 1, 1, 1, 1, 1, 1], [0, 1, 1, 1, 1, 1, 1, 1, 1, 0, 1, 1, 1, 1, 1, 1, 1, 1, 1, 1, 1, 1, 1, 1, 1, 1, 1, 1, 1, 1, 1, 1, 1, 1, 1, 1, 1, 1, 1, 1, 1, 1, 1, 1, 1, 1, 1, 1, 1, 1, 1, 1, 1, 1, 1, 1, 1], [0, 1, 1, 1, 1, 1, 1, 1, 1, 1, 0, 1, 1, 1, 1, 1, 1, 1, 1, 1, 1, 1, 1, 1, 1, 1, 1, 1, 1, 1, 1, 1, 1, 1, 1, 1, 1, 1, 1, 1, 1, 1, 1, 1, 1, 1, 1, 1, 1, 1, 1, 1, 1, 1, 1, 1, 1], [0, 1, 1, 1, 1, 1, 1, 1, 1, 1, 1, 0, 1, 1, 1, 1, 1, 1, 1, 1, 1, 1, 1, 1, 1, 1, 1, 1, 1, 1, 1, 1, 1, 1, 1, 1, 1, 1, 1, 1, 1, 1, 1, 1, 1, 1, 1, 1, 1, 1, 1, 1, 1, 1, 1, 1, 1], [0, 1, 1, 1, 1, 1, 1, 1, 1, 1, 1, 1, 0, 1, 1, 1, 1, 1, 1, 1, 1, 1, 1, 1, 1, 1, 1, 1, 1, 1, 1, 1, 1, 1, 1, 1, 1, 1, 1, 1, 1, 1, 1, 1, 1, 1, 1, 1, 1, 1, 1, 1, 1, 1, 1, 1, 1], [0, 1, 1, 1, 1, 1, 1, 1, 1, 1, 1, 1, 1, 0, 1, 1, 1, 1, 1, 1, 1, 1, 1, 1, 1, 1, 1, 1, 1, 1, 1, 1, 1, 1, 1, 1, 1, 1, 1, 1, 1, 1, 1, 1, 1, 1, 1, 1, 1, 1, 1, 1, 1, 1, 1, 1, 1], [0, 1, 1, 1, 1, 1, 1, 1, 1, 1, 1, 1, 1, 1, 0, 1, 1, 1, 1, 1, 1, 1, 1, 1, 1, 1, 1, 1, 1, 1, 1, 1, 1, 1, 1, 1, 1, 1, 1, 1, 1, 1, 1, 1, 1, 1, 1, 1, 1, 1, 1, 1, 1, 1, 1, 1, 1], [0, 1, 1, 1, 1, 1, 1, 1, 1, 1, 1, 1, 1, 1, 1, 0, 1, 1, 1, 1, 1, 1, 1, 1, 1, 1, 1, 1, 1, 1, 1, 1, 1, 1, 1, 1, 1, 1, 1, 1, 1, 1, 1, 1, 1, 1, 1, 1, 1, 1, 1, 1, 1, 1, 1, 1, 1], [0, 1, 1, 1, 1, 1, 1, 1, 1, 1, 1, 1, 1, 1, 1, 1, 0, 1, 1, 1, 1, 1, 1, 1, 1, 1, 1, 1, 1, 1, 1, 1, 1, 1, 1, 1, 1, 1, 1, 1, 1, 1, 1, 1, 1, 1, 1, 1, 1, 1, 1, 1, 1, 1, 1, 1, 1], [0, 1, 1, 1, 1, 1, 1, 1, 1, 1, 1, 1, 1, 1, 1, 1, 1, 0, 1, 1, 1, 1, 1, 1, 1, 1, 1, 1, 1, 1, 1, 1, 1, 1, 1, 1, 1, 1, 1, 1, 1, 1, 1, 1, 1, 1, 1, 1, 1, 1, 1, 1, 1, 1, 1, 1, 1], [0, 1, 1, 1, 1, 1, 1, 1, 1, 1, 1, 1, 1, 1, 1, 1, 1, 1, 0, 1, 1, 1, 1, 1, 1, 1, 1, 1, 1, 1, 1, 1, 1, 1, 1, 1, 1, 1, 1, 1, 1, 1, 1, 1, 1, 1, 1, 1, 1, 1, 1, 1, 1, 1, 1, 1, 1], [0, 1, 1, 1, 1, 1, 1, 1, 1, 1, 1, 1, 1, 1, 1, 1, 1, 1, 1, 0, 1, 1, 1, 1, 1, 1, 1, 1, 1, 1, 1, 1, 1, 1, 1, 1, 1, 1, 1, 1, 1, 1, 1, 1, 1, 1, 1, 1, 1, 1, 1, 1, 1, 1, 1, 1, 1], [0, 1, 1, 1, 1, 1, 1, 1, 1, 1, 1, 1, 1, 1, 1, 1, 1, 1, 1, 1, 0, 1, 1, 1, 1, 1, 1, 1, 1, 1, 1, 1, 1, 1, 1, 1, 1, 1, 1, 1, 1, 1, 1, 1, 1, 1, 1, 1, 1, 1, 1, 1, 1, 1, 1, 1, 1], [0, 1, 1, 1, 1, 1, 1, 1, 1, 1, 1, 1, 1, 1, 1, 1, 1, 1, 1, 1, 1, 0, 1, 1, 1, 1, 1, 1, 1, 1, 1, 1, 1, 1, 1, 1, 1, 1, 1, 1, 1, 1, 1, 1, 1, 1, 1, 1, 1, 1, 1, 1, 1, 1, 1, 1, 1], [0, 1, 1, 1, 1, 1, 1, 1, 1, 1, 1, 1, 1, 1, 1, 1, 1, 1, 1, 1, 1, 1, 0, 1, 1, 1, 1, 1, 1, 1, 1, 1, 1, 1, 1, 1, 1, 1, 1, 1, 1, 1, 1, 1, 1, 1, 1, 1, 1, 1, 1, 1, 1, 1, 1, 1, 1], [0, 1, 1, 1, 1, 1, 1, 1, 1, 1, 1, 1, 1, 1, 1, 1, 1, 1, 1, 1, 1, 1, 1, 0, 1, 1, 1, 1, 1, 1, 1, 1, 1, 1, 1, 1, 1, 1, 1, 1, 1, 1, 1, 1, 1, 1, 1, 1, 1, 1, 1, 1, 1, 1, 1, 1, 1], [0, 1, 1, 1, 1, 1, 1, 1, 1, 1, 1, 1, 1, 1, 1, 1, 1, 1, 1, 1, 1, 1, 1, 1, 0, 1, 1, 1, 1, 1, 1, 1, 1, 1, 1, 1, 1, 1, 1, 1, 1, 1, 1, 1, 1, 1, 1, 1, 1, 1, 1, 1, 1, 1, 1, 1, 1], [0, 1, 1, 1, 1, 1, 1, 1, 1, 1, 1, 1, 1, 1, 1, 1, 1, 1, 1, 1, 1, 1, 1, 1, 1, 0, 1, 1, 1, 1, 1, 1, 1, 1, 1, 1, 1, 1, 1, 1, 1, 1, 1, 1, 1, 1, 1, 1, 1, 1, 1, 1, 1, 1, 1, 1, 1], [0, 1, 1, 1, 1, 1, 1, 1, 1, 1, 1, 1, 1, 1, 1, 1, 1, 1, 1, 1, 1, 1, 1, 1, 1, 1, 0, 1, 1, 1, 1, 1, 1, 1, 1, 1, 1, 1, 1, 1, 1, 1, 1, 1, 1, 1, 1, 1, 1, 1, 1, 1, 1, 1, 1, 1, 1], [0, 1, 1, 1, 1, 1, 1, 1, 1, 1, 1, 1, 1, 1, 1, 1, 1, 1, 1, 1, 1, 1, 1, 1, 1, 1, 1, 0, 1, 1, 1, 1, 1, 1, 1, 1, 1, 1, 1, 1, 1, 1, 1, 1, 1, 1, 1, 1, 1, 1, 1, 1, 1, 1, 1, 1, 1], [0, 1, 1, 1, 1, 1, 1, 1, 1, 1, 1, 1, 1, 1, 1, 1, 1, 1, 1, 1, 1, 1, 1, 1, 1, 1, 1, 1, 0, 1, 1, 1, 1, 1, 1, 1, 1, 1, 1, 1, 1, 1, 1, 1, 1, 1, 1, 1, 1, 1, 1, 1, 1, 1, 1, 1, 1], [0, 1, 1, 1, 1, 1, 1, 1, 1, 1, 1, 1, 1, 1, 1, 1, 1, 1, 1, 1, 1, 1, 1, 1, 1, 1, 1, 1, 1, 0, 1, 1, 1, 1, 1, 1, 1, 1, 1, 1, 1, 1, 1, 1, 1, 1, 1, 1, 1, 1, 1, 1, 1, 1, 1, 1, 1], [0, 1, 1, 1, 1, 1, 1, 1, 1, 1, 1, 1, 1, 1, 1, 1, 1, 1, 1, 1, 1, 1, 1, 1, 1, 1, 1, 1, 1, 1, 0, 1, 1, 1, 1, 1, 1, 1, 1, 1, 1, 1, 1, 1, 1, 1, 1, 1, 1, 1, 1, 1, 1, 1, 1, 1, 1], [0, 1, 1, 1, 1, 1, 1, 1, 1, 1, 1, 1, 1, 1, 1, 1, 1, 1, 1, 1, 1, 1, 1, 1, 1, 1, 1, 1, 1, 1, 1, 0, 1, 1, 1, 1, 1, 1, 1, 1, 1, 1, 1, 1, 1, 1, 1, 1, 1, 1, 1, 1, 1, 1, 1, 1, 1], [0, 1, 1, 1, 1, 1, 1, 1, 1, 1, 1, 1, 1, 1, 1, 1, 1, 1, 1, 1, 1, 1, 1, 1, 1, 1, 1, 1, 1, 1, 1, 1, 0, 1, 1, 1, 1, 1, 1, 1, 1, 1, 1, 1, 1, 1, 1, 1, 1, 1, 1, 1, 1, 1, 1, 1, 1], [0, 1, 1, 1, 1, 1, 1, 1, 1, 1, 1, 1, 1, 1, 1, 1, 1, 1, 1, 1, 1, 1, 1, 1, 1, 1, 1, 1, 1, 1, 1, 1, 1, 0, 1, 1, 1, 1, 1, 1, 1, 1, 1, 1, 1, 1, 1, 1, 1, 1, 1, 1, 1, 1, 1, 1, 1], [0, 1, 1, 1, 1, 1, 1, 1, 1, 1, 1, 1, 1, 1, 1, 1, 1, 1, 1, 1, 1, 1, 1, 1, 1, 1, 1, 1, 1, 1, 1, 1, 1, 1, 0, 1, 1, 1, 1, 1, 1, 1, 1, 1, 1, 1, 1, 1, 1, 1, 1, 1, 1, 1, 1, 1, 1], [0, 1, 1, 1, 1, 1, 1, 1, 1, 1, 1, 1, 1, 1, 1, 1, 1, 1, 1, 1, 1, 1, 1, 1, 1, 1, 1, 1, 1, 1, 1, 1, 1, 1, 1, 0, 1, 1, 1, 1, 1, 1, 1, 1, 1, 1, 1, 1, 1, 1, 1, 1, 1, 1, 1, 1, 1], [0, 1, 1, 1, 1, 1, 1, 1, 1, 1, 1, 1, 1, 1, 1, 1, 1, 1, 1, 1, 1, 1, 1, 1, 1, 1, 1, 1, 1, 1, 1, 1, 1, 1, 1, 1, 0, 1, 1, 1, 1, 1, 1, 1, 1, 1, 1, 1, 1, 1, 1, 1, 1, 1, 1, 1, 1], [0, 1, 1, 1, 1, 1, 1, 1, 1, 1, 1, 1, 1, 1, 1, 1, 1, 1, 1, 1, 1, 1, 1, 1, 1, 1, 1, 1, 1, 1, 1, 1, 1, 1, 1, 1, 1, 0, 1, 1, 1, 1, 1, 1, 1, 1, 1, 1, 1, 1, 1, 1, 1, 1, 1, 1, 1], [0, 1, 1, 1, 1, 1, 1, 1, 1, 1, 1, 1, 1, 1, 1, 1, 1, 1, 1, 1, 1, 1, 1, 1, 1, 1, 1, 1, 1, 1, 1, 1, 1, 1, 1, 1, 1, 1, 0, 1, 1, 1, 1, 1, 1, 1, 1, 1, 1, 1, 1, 1, 1, 1, 1, 1, 1], [0, 1, 1, 1, 1, 1, 1, 1, 1, 1, 1, 1, 1, 1, 1, 1, 1, 1, 1, 1, 1, 1, 1, 1, 1, 1, 1, 1, 1, 1, 1, 1, 1, 1, 1, 1, 1, 1, 1, 0, 1, 1, 1, 1, 1, 1, 1, 1, 1, 1, 1, 1, 1, 1, 1, 1, 1], [0, 1, 1, 1, 1, 1, 1, 1, 1, 1, 1, 1, 1, 1, 1, 1, 1, 1, 1, 1, 1, 1, 1, 1, 1, 1, 1, 1, 1, 1, 1, 1, 1, 1, 1, 1, 1, 1, 1, 1, 0, 1, 1, 1, 1, 1, 1, 1, 1, 1, 1, 1, 1, 1, 1, 1, 1], [0, 1, 1, 1, 1, 1, 1, 1, 1, 1, 1, 1, 1, 1, 1, 1, 1, 1, 1, 1, 1, 1, 1, 1, 1, 1, 1, 1, 1, 1, 1, 1, 1, 1, 1, 1, 1, 1, 1, 1, 1, 0, 1, 1, 1, 1, 1, 1, 1, 1, 1, 1, 1, 1, 1, 1, 1], [0, 1, 1, 1, 1, 1, 1, 1, 1, 1, 1, 1, 1, 1, 1, 1, 1, 1, 1, 1, 1, 1, 1, 1, 1, 1, 1, 1, 1, 1, 1, 1, 1, 1, 1, 1, 1, 1, 1, 1, 1, 1, 0, 1, 1, 1, 1, 1, 1, 1, 1, 1, 1, 1, 1, 1, 1], [0, 1, 1, 1, 1, 1, 1, 1, 1, 1, 1, 1, 1, 1, 1, 1, 1, 1, 1, 1, 1, 1, 1, 1, 1, 1, 1, 1, 1, 1, 1, 1, 1, 1, 1, 1, 1, 1, 1, 1, 1, 1, 1, 0, 1, 1, 1, 1, 1, 1, 1, 1, 1, 1, 1, 1, 1], [0, 1, 1, 1, 1, 1, 1, 1, 1, 1, 1, 1, 1, 1, 1, 1, 1, 1, 1, 1, 1, 1, 1, 1, 1, 1, 1, 1, 1, 1, 1, 1, 1, 1, 1, 1, 1, 1, 1, 1, 1, 1, 1, 1, 0, 1, 1, 1, 1, 1, 1, 1, 1, 1, 1, 1, 1], [0, 1, 1, 1, 1, 1, 1, 1, 1, 1, 1, 1, 1, 1, 1, 1, 1, 1, 1, 1, 1, 1, 1, 1, 1, 1, 1, 1, 1, 1, 1, 1, 1, 1, 1, 1, 1, 1, 1, 1, 1, 1, 1, 1, 1, 0, 1, 1, 1, 1, 1, 1, 1, 1, 1, 1, 1], [0, 1, 1, 1, 1, 1, 1, 1, 1, 1, 1, 1, 1, 1, 1, 1, 1, 1, 1, 1, 1, 1, 1, 1, 1, 1, 1, 1, 1, 1, 1, 1, 1, 1, 1, 1, 1, 1, 1, 1, 1, 1, 1, 1, 1, 1, 0, 1, 1, 1, 1, 1, 1, 1, 1, 1, 1], [0, 1, 1, 1, 1, 1, 1, 1, 1, 1, 1, 1, 1, 1, 1, 1, 1, 1, 1, 1, 1, 1, 1, 1, 1, 1, 1, 1, 1, 1, 1, 1, 1, 1, 1, 1, 1, 1, 1, 1, 1, 1, 1, 1, 1, 1, 1, 0, 1, 1, 1, 1, 1, 1, 1, 1, 1], [0, 1, 1, 1, 1, 1, 1, 1, 1, 1, 1, 1, 1, 1, 1, 1, 1, 1, 1, 1, 1, 1, 1, 1, 1, 1, 1, 1, 1, 1, 1, 1, 1, 1, 1, 1, 1, 1, 1, 1, 1, 1, 1, 1, 1, 1, 1, 1, 0, 1, 1, 1, 1, 1, 1, 1, 1], [0, 1, 1, 1, 1, 1, 1, 1, 1, 1, 1, 1, 1, 1, 1, 1, 1, 1, 1, 1, 1, 1, 1, 1, 1, 1, 1, 1, 1, 1, 1, 1, 1, 1, 1, 1, 1, 1, 1, 1, 1, 1, 1, 1, 1, 1, 1, 1, 1, 0, 1, 1, 1, 1, 1, 1, 1], [0, 1, 1, 1, 1, 1, 1, 1, 1, 1, 1, 1, 1, 1, 1, 1, 1, 1, 1, 1, 1, 1, 1, 1, 1, 1, 1, 1, 1, 1, 1, 1, 1, 1, 1, 1, 1, 1, 1, 1, 1, 1, 1, 1, 1, 1, 1, 1, 1, 1, 0, 1, 1, 1, 1, 1, 1], [0, 1, 1, 1, 1, 1, 1, 1, 1, 1, 1, 1, 1, 1, 1, 1, 1, 1, 1, 1, 1, 1, 1, 1, 1, 1, 1, 1, 1, 1, 1, 1, 1, 1, 1, 1, 1, 1, 1, 1, 1, 1, 1, 1, 1, 1, 1, 1, 1, 1, 1, 0, 1, 1, 1, 1, 1], [0, 1, 1, 1, 1, 1, 1, 1, 1, 1, 1, 1, 1, 1, 1, 1, 1, 1, 1, 1, 1, 1, 1, 1, 1, 1, 1, 1, 1, 1, 1, 1, 1, 1, 1, 1, 1, 1, 1, 1, 1, 1, 1, 1, 1, 1, 1, 1, 1, 1, 1, 1, 0, 1, 1, 1, 1], [0, 1, 1, 1, 1, 1, 1, 1, 1, 1, 1, 1, 1, 1, 1, 1, 1, 1, 1, 1, 1, 1, 1, 1, 1, 1, 1, 1, 1, 1, 1, 1, 1, 1, 1, 1, 1, 1, 1, 1, 1, 1, 1, 1, 1, 1, 1, 1, 1, 1, 1, 1, 1, 0, 1, 1, 1], [0, 1, 1, 1, 1, 1, 1, 1, 1, 1, 1, 1, 1, 1, 1, 1, 1, 1, 1, 1, 1, 1, 1, 1, 1, 1, 1, 1, 1, 1, 1, 1, 1, 1, 1, 1, 1, 1, 1, 1, 1, 1, 1, 1, 1, 1, 1, 1, 1, 1, 1, 1, 1, 1, 0, 1, 1], [0, 1, 1, 1, 1, 1, 1, 1, 1, 1, 1, 1, 1, 1, 1, 1, 1, 1, 1, 1, 1, 1, 1, 1, 1, 1, 1, 1, 1, 1, 1, 1, 1, 1, 1, 1, 1, 1, 1, 1, 1, 1, 1, 1, 1, 1, 1, 1, 1, 1, 1, 1, 1, 1, 1, 0, 1], [0, 0, 0, 0, 0, 0, 0, 0, 0, 0, 0, 0, 0, 0, 0, 0, 0, 0, 0, 0, 0, 0, 0, 0, 0, 0, 0, 0, 0, 0, 0, 0, 0, 0, 0, 0, 0, 0, 0, 0, 0, 0, 0, 0, 0, 0, 0, 0, 0, 0, 0, 0, 0, 0, 0, 0, 0]]}, "cluster_count": 3, "cluster_speeds": [[0.925, 0.85, 0.925, 1.0, 0.8325, 0.765, 0.8325, 0.9, 0.4625, 0.425, 0.4625, 0.5, 0.30525, 0.2805, 0.30525, 0.33, 0.37, 0.34, 0.37, 0.4, 0.555, 0.51, 0.555, 0.6, 0.6475, 0.595, 0.6475, 0.7, 0.37, 0.34, 0.37, 0.4, 0.30525, 0.2805, 0.30525, 0.33, 0.4625, 0.425, 0.4625, 0.5, 0.6475, 0.595, 0.6475, 0.7, 0.74, 0.68, 0.74, 0.8, 0.6475, 0.595, 0.6475, 0.7, 0.4625, 0.425, 0.4625, 0.5, 0.555, 0.51, 0.555, 0.6, 0.6475, 0.595, 0.6475, 0.7, 0.8325, 0.765, 0.8325, 0.9, 0.925, 0.85, 0.925, 1.0, 1.0], [0.6475, 0.595, 0.6475, 0.7, 0.58275, 0.5355, 0.58275, 0.63, 0.32375, 0.2975, 0.32375, 0.35, 0.213675, 0.19635, 0.213675, 0.23099999999999998, 0.259, 0.238, 0.259, 0.27999999999999997, 0.3885, 0.357, 0.3885, 0.42, 0.6475, 0.595, 0.6475, 0.7, 0.37, 0.34, 0.37, 0.4, 0.30525, 0.2805, 0.30525, 0.33, 0.4625, 0.425, 0.4625, 0.5, 0.6475, 0.595, 0.6475, 0.7, 0.74, 0.68, 0.74, 0.8, 0.45324999999999993, 0.4165, 0.45324999999999993, 0.48999999999999994, 0.32375, 0.2975, 0.32375, 0.35, 0.3885, 0.357, 0.3885, 0.42, 0.45324999999999993, 0.4165, 0.45324999999999993, 0.48999999999999994, 0.58275, 0.5355, 0.58275, 0.63, 0.6475, 0.595, 0.6475, 0.7, 0.7], [0.87875, 0.8075, 0.87875, 0.95, 0.790875, 0.72675, 0.790875, 0.855, 0.439375, 0.40375, 0.439375, 0.475, 0.2899875, 0.266475, 0.2899875, 0.3135, 0.3515, 0.323, 0.3515, 0.38, 0.52725, 0.4845, 0.52725, 0.57, 0.6475, 0.595, 0.6475, 0.7, 0.37, 0.34, 0.37, 0.4, 0.30525, 0.2805, 0.30525, 0.33, 0.4625, 0.425, 0.4625, 0.5, 0.6475, 0.595, 0.6475, 0.7, 0.74, 0.68, 0.74, 0.8, 0.6151249999999999, 0.5652499999999999, 0.6151249999999999, 0.6649999999999999, 0.439375, 0.40375, 0.439375, 0.475, 0.52725, 0.4845, 0.52725, 0.57, 0.6151249999999999, 0.5652499999999999, 0.6151249999999999, 0.6649999999999999, 0.790875, 0.72675, 0.790875, 0.855, 0.87875, 0.8075, 0.87875, 0.95, 0.95]], "clusters": [[-1, 2, 2, 2, 2, 2, 2, 2, 2, 2, 2, 2, 2, 2, 2, 2, 2, 2, 2, 2, 2, 2, 2, 2, 2, 2, 2, 2, 2, 2, 2, 2, 2, 2, 2, 2, 2, 2, 2, 2, 2, 2, 2, 2, 2, 2, 2, 2, 2, 2, 2, 2, 2, 2, 2, 2, 2], [0, -1, 0, 0, 0, 0, 0, 0, 0, 0, 0, 0, 0, 0, 0, 0, 0, 0, 0, 0, 0, 0, 0, 0, 0, 0, 0, 0, 0, 0, 0, 0, 0, 0, 0, 0, 0, 0, 0, 0, 0, 0, 0, 0, 0, 0, 0, 0, 0, 0, 0, 0, 0, 0, 0, 0, 0], [0, 0, -1, 0, 0, 0, 0, 0, 0, 0, 0, 0, 0, 0, 0, 0, 0, 0, 0, 0, 0, 0, 0, 0, 0, 0, 0, 0, 0, 0, 0, 0, 0, 0, 0, 0, 0, 0, 0, 0, 0, 0, 0, 0, 0, 0, 0, 0, 0, 0, 0, 0, 0, 0, 0, 0, 0], [0, 0, 0, -1, 0, 0, 0, 0, 0, 0, 0, 0, 0, 0, 0, 0, 0, 0, 0, 0, 0, 0, 0, 0, 0, 0, 0, 0, 0, 0, 0, 0, 0, 0, 0, 0, 0, 0, 0, 0, 0, 0, 0, 0, 0, 0, 0, 0, 0, 0, 0, 0, 0, 0, 0, 0, 0], [1, 1, 1, 1, -1, 1, 1, 1, 1, 1, 1, 1, 1, 1, 1, 1, 1, 1, 1, 1, 1, 1, 1, 1, 1, 1, 1, 1, 1, 1, 1, 1, 1, 1, 1, 1, 1, 1, 1, 1, 1, 1, 1, 1, 1, 1, 1, 1, 1, 1, 1, 1, 1, 1, 1, 1, 1], [1, 1, 1, 1, 1, -1, 1, 1, 1, 1, 1, 1, 1, 1, 1, 1, 1, 1, 1, 1, 1, 1, 1, 1, 1, 1, 1, 1, 1, 1, 1, 1, 1, 1, 1, 1, 1, 1, 1, 1, 1, 1, 1, 1, 1, 1, 1, 1, 1, 1, 1, 1, 1, 1, 1, 1, 1], [0, 0, 0, 0, 0, 0, -1, 0, 0, 0, 0, 0, 0, 0, 0, 0, 0, 0, 0, 0, 0, 0, 0, 0, 0, 0, 0, 0, 0, 0, 0, 0, 0, 0, 0, 0, 0, 0, 0, 0, 0, 0, 0, 0, 0, 0, 0, 0, 0, 0, 0, 0, 0, 0, 0, 0, 0], [1, 1, 1, 1, 1, 1, 1, -1, 1, 1, 1, 1, 1, 1, 1, 1, 1, 1, 1, 1, 1, 1, 1, 1, 1, 1, 1, 1, 1, 1, 1, 1, 1, 1, 1, 1, 1, 1, 1, 1, 1, 1, 1, 1, 1, 1, 1, 1, 1, 1, 1, 1, 1, 1, 1, 1, 1], [0, 0, 0, 0, 0, 0, 0, 0, -1, 0, 0, 0, 0, 0, 0, 0, 0, 0, 0, 0, 0, 0, 0, 0, 0, 0, 0, 0, 0, 0, 0, 0, 0, 0, 0, 0, 0, 0, 0, 0, 0, 0, 0, 0, 0, 0, 0, 0, 0, 0, 0, 0, 0, 0, 0, 0, 0], [1, 1, 1, 1, 1, 1, 1, 1, 1, -1, 1, 1, 1, 1, 1, 1, 1, 1, 1, 1, 1, 1, 1, 1, 1, 1, 1, 1, 1, 1, 1, 1, 1, 1, 1, 1, 1, 1, 1, 1, 1, 1, 1, 1, 1, 1, 1, 1, 1, 1, 1, 1, 1, 1, 1, 1, 1], [0, 0, 0, 0, 0, 0, 0, 0, 0, 0, -1, 0, 0, 0, 0, 0, 0, 0, 0, 0, 0, 0, 0, 0, 0, 0, 0, 0, 0, 0, 0, 0, 0, 0, 0, 0, 0, 0, 0, 0, 0, 0, 0, 0, 0, 0, 0, 0, 0, 0, 0, 0, 0, 0, 0, 0, 0], [0, 0, 0, 0, 0, 0, 0, 0, 0, 0, 0, -1, 0, 0, 0, 0, 0, 0, 0, 0, 0, 0, 0, 0, 0, 0, 0, 0, 0, 0, 0, 0, 0, 0, 0, 0, 0, 0, 0, 0, 0, 0, 0, 0, 0, 0, 0, 0, 0, 0, 0, 0, 0, 0, 0, 0, 0], [0, 0, 0, 0, 0, 0, 0, 0, 0, 0, 0, 0, -1, 0, 0, 0, 0, 0, 0, 0, 0, 0, 0, 0, 0, 0, 0, 0, 0, 0, 0, 0, 0, 0, 0, 0, 0, 0, 0, 0, 0, 0, 0, 0, 0, 0, 0, 0, 0, 0, 0, 0, 0, 0, 0, 0, 0], [0, 0, 0, 0, 0, 0, 0, 0, 0, 0, 0, 0, 0, -1, 0, 0, 0, 0, 0, 0, 0, 0, 0, 0, 0, 0, 0, 0, 0, 0, 0, 0, 0, 0, 0, 0, 0, 0, 0, 0, 0, 0, 0, 0, 0, 0, 0, 0, 0, 0, 0, 0, 0, 0, 0, 0, 0], [1, 1, 1, 1, 1, 1, 1, 1, 1, 1, 1, 1, 1, 1, -1, 1, 1, 1, 1, 1, 1, 1, 1, 1, 1, 1, 1, 1, 1, 1, 1, 1, 1, 1, 1, 1, 1, 1, 1, 1, 1, 1, 1, 1, 1, 1, 1, 1, 1, 1, 1, 1, 1, 1, 1, 1, 1], [0, 0, 0, 0, 0, 0, 0, 0, 0, 0, 0, 0, 0, 0, 0, -1, 0, 0, 0, 0, 0, 0, 0, 0, 0, 0, 0, 0, 0, 0, 0, 0, 0, 0, 0, 0, 0, 0, 0, 0, 0, 0, 0, 0, 0, 0, 0, 0, 0, 0, 0, 0, 0, 0, 0, 0, 0], [0, 0, 0, 0, 0, 0, 0, 0, 0, 0, 0, 0, 0, 0, 0, 0, -1, 0, 0, 0, 0, 0, 0, 0, 0, 0, 0, 0, 0, 0, 0, 0, 0, 0, 0, 0, 0, 0, 0, 0, 0, 0, 0, 0, 0, 0, 0, 0, 0, 0, 0, 0, 0, 0, 0, 0, 0], [1, 1, 1, 1, 1, 1, 1, 1, 1, 1, 1, 1, 1, 1, 1, 1, 1, -1, 1, 1, 1, 1, 1, 1, 1, 1, 1, 1, 1, 1, 1, 1, 1, 1, 1, 1, 1, 1, 1, 1, 1, 1, 1, 1, 1, 1, 1, 1, 1, 1, 1, 1, 1, 1, 1, 1, 1], [0, 0, 0, 0, 0, 0, 0, 0, 0, 0, 0, 0, 0, 0, 0, 0, 0, 0, -1, 0, 0, 0, 0, 0, 0, 0, 0, 0, 0, 0, 0, 0, 0, 0, 0, 0, 0, 0, 0, 0, 0, 0, 0, 0, 0, 0, 0, 0, 0, 0, 0, 0, 0, 0, 0, 0, 0], [0, 0, 0, 0, 0, 0, 0, 0, 0, 0, 0, 0, 0, 0, 0, 0, 0, 0, 0, -1, 0, 0, 0, 0, 0, 0, 0, 0, 0, 0, 0, 0, 0, 0, 0, 0, 0, 0, 0, 0, 0, 0, 0, 0, 0, 0, 0, 0, 0, 0, 0, 0, 0, 0, 0, 0, 0], [0, 0, 0, 0, 0, 0, 0, 0, 0, 0, 0, 0, 0, 0, 0, 0, 0, 0, 0, 0, -1, 0, 0, 0, 0, 0, 0, 0, 0, 0, 0, 0, 0, 0, 0, 0, 0, 0, 0, 0, 0, 0, 0, 0, 0, 0, 0, 0, 0, 0, 0, 0, 0, 0, 0, 0, 0], [1, 1, 1, 1, 1, 1, 1, 1, 1, 1, 1, 1, 1, 1, 1, 1, 1, 1, 1, 1, 1, -1, 1, 1, 1, 1, 1, 1, 1, 1, 1, 1, 1, 1, 1, 1, 1, 1, 1, 1, 1, 1, 1, 1, 1, 1, 1, 1, 1, 1, 1, 1, 1, 1, 1, 1, 1], [0, 0, 0, 0, 0, 0, 0, 0, 0, 0, 0, 0, 0, 0, 0, 0, 0, 0, 0, 0, 0, 0, -1, 0, 0, 0, 0, 0, 0, 0, 0, 0, 0, 0, 0, 0, 0, 0, 0, 0, 0, 0, 0, 0, 0, 0, 0, 0, 0, 0, 0, 0, 0, 0, 0, 0, 0], [0, 0, 0, 0, 0, 0, 0, 0, 0, 0, 0, 0, 0, 0, 0, 0, 0, 0, 0, 0, 0, 0, 0, -1, 0, 0, 0, 0, 0, 0, 0, 0, 0, 0, 0, 0, 0, 0, 0, 0, 0, 0, 0, 0, 0, 0, 0, 0, 0, 0, 0, 0, 0, 0, 0, 0, 0], [1, 1, 1, 1, 1, 1, 1, 1, 1, 1, 1, 1, 1, 1, 1, 1, 1, 1, 1, 1, 1, 1, 1, 1, -1, 1, 1, 1, 1, 1, 1, 1, 1, 1, 1, 1, 1, 1, 1, 1, 1, 1, 1, 1, 1, 1, 1, 1, 1, 1, 1, 1, 1, 1, 1, 1, 1], [1, 1, 1, 1, 1, 1, 1, 1, 1, 1, 1, 1, 1, 1, 1, 1, 1, 1, 1, 1, 1, 1, 1, 1, 1, -1, 1, 1, 1, 1, 1, 1, 1, 1, 1, 1, 1, 1, 1, 1, 1, 1, 1, 1, 1, 1, 1, 1, 1, 1, 1, 1, 1, 1, 1, 1, 1], [0, 0, 0, 0, 0, 0, 0, 0, 0, 0, 0, 0, 0, 0, 0, 0, 0, 0, 0, 0, 0, 0, 0, 0, 0, 0, -1, 0, 0, 0, 0, 0, 0, 0, 0, 0, 0, 0, 0, 0, 0, 0, 0, 0, 0, 0, 0, 0, 0, 0, 0, 0, 0, 0, 0, 0, 0], [1, 1, 1, 1, 1, 1, 1, 1, 1, 1, 1, 1, 1, 1, 1, 1, 1, 1, 1, 1, 1, 1, 1, 1, 1, 1, 1, -1, 1, 1, 1, 1, 1, 1, 1, 1, 1, 1, 1, 1, 1, 1, 1, 1, 1, 1, 1, 1, 1, 1, 1, 1, 1, 1, 1, 1, 1], [0, 0, 0, 0, 0, 0, 0, 0, 0, 0, 0, 0, 0, 0, 0, 0, 0, 0, 0, 0, 0, 0, 0, 0, 0, 0, 0, 0, -1, 0, 0, 0, 0, 0, 0, 0, 0, 0, 0, 0, 0, 0, 0, 0, 0, 0, 0, 0, 0, 0, 0, 0, 0, 0, 0, 0, 0], [1, 1, 1, 1, 1, 1, 1, 1, 1, 1, 1, 1, 1, 1, 1, 1, 1, 1, 1, 1, 1, 1, 1, 1, 1, 1, 1, 1, 1, -1, 1, 1, 1, 1, 1, 1, 1, 1, 1, 1, 1, 1, 1, 1, 1, 1, 1, 1, 1, 1, 1, 1, 1, 1, 1, 1, 1], [0, 0, 0, 0, 0, 0, 0, 0, 0, 0, 0, 0, 0, 0, 0, 0, 0, 0, 0, 0, 0, 0, 0, 0, 0, 0, 0, 0, 0, 0, -1, 0, 0, 0, 0, 0, 0, 0, 0, 0, 0, 0, 0, 0, 0, 0, 0, 0, 0, 0, 0, 0, 0, 0, 0, 0, 0], [1, 1, 1, 1, 1, 1, 1, 1, 1, 1, 1, 1, 1, 1, 1, 1, 1, 1, 1, 1, 1, 1, 1, 1, 1, 1, 1, 1, 1, 1, 1, -1, 1, 1, 1, 1, 1, 1, 1, 1, 1, 1, 1, 1, 1, 1, 1, 1, 1, 1, 1, 1, 1, 1, 1, 1, 1], [0, 0, 0, 0, 0, 0, 0, 0, 0, 0, 0, 0, 0, 0, 0, 0, 0, 0, 0, 0, 0, 0, 0, 0, 0, 0, 0, 0, 0, 0, 0, 0, -1, 0, 0, 0, 0, 0, 0, 0, 0, 0, 0, 0, 0, 0, 0, 0, 0, 0, 0, 0, 0, 0, 0, 0, 0], [1, 1, 1, 1, 1, 1, 1, 1, 1, 1, 1, 1, 1, 1, 1, 1, 1, 1, 1, 1, 1, 1, 1, 1, 1, 1, 1, 1, 1, 1, 1, 1, 1, -1, 1, 1, 1, 1, 1, 1, 1, 1, 1, 1, 1, 1, 1, 1, 1, 1, 1, 1, 1, 1, 1, 1, 1], [1, 1, 1, 1, 1, 1, 1, 1, 1, 1, 1, 1, 1, 1, 1, 1, 1, 1, 1, 1, 1, 1, 1, 1, 1, 1, 1, 1, 1, 1, 1, 1, 1, 1, -1, 1, 1, 1, 1, 1, 1, 1, 1, 1, 1, 1, 1, 1, 1, 1, 1, 1, 1, 1, 1, 1, 1], [0, 0, 0, 0, 0, 0, 0, 0, 0, 0, 0, 0, 0, 0, 0, 0, 0, 0, 0, 0, 0, 0, 0, 0, 0, 0, 0, 0, 0, 0, 0, 0, 0, 0, 0, -1, 0, 0, 0, 0, 0, 0, 0, 0, 0, 0, 0, 0, 0, 0, 0, 0, 0, 0, 0, 0, 0], [0, 0, 0, 0, 0, 0, 0, 0, 0, 0, 0, 0, 0, 0, 0, 0, 0, 0, 0, 0, 0, 0, 0, 0, 0, 0, 0, 0, 0, 0, 0, 0, 0, 0, 0, 0, -1, 0, 0, 0, 0, 0, 0, 0, 0, 0, 0, 0, 0, 0, 0, 0, 0, 0, 0, 0, 0], [0, 0, 0, 0, 0, 0, 0, 0, 0, 0, 0, 0, 0, 0, 0, 0, 0, 0, 0, 0, 0, 0, 0, 0, 0, 0, 0, 0, 0, 0, 0, 0, 0, 0, 0, 0, 0, -1, 0, 0, 0, 0, 0, 0, 0, 0, 0, 0, 0, 0, 0, 0, 0, 0, 0, 0, 0], [0, 0, 0, 0, 0, 0, 0, 0, 0, 0, 0, 0, 0, 0, 0, 0, 0, 0, 0, 0, 0, 0, 0, 0, 0, 0, 0, 0, 0, 0, 0, 0, 0, 0, 0, 0, 0, 0, -1, 0, 0, 0, 0, 0, 0, 0, 0, 0, 0, 0, 0, 0, 0, 0, 0, 0, 0], [0, 0, 0, 0, 0, 0, 0, 0, 0, 0, 0, 0, 0, 0, 0, 0, 0, 0, 0, 0, 0, 0, 0, 0, 0, 0, 0, 0, 0, 0, 0, 0, 0, 0, 0, 0, 0, 0, 0, -1, 0, 0, 0, 0, 0, 0, 0, 0, 0, 0, 0, 0, 0, 0, 0, 0, 0], [0, 0, 0, 0, 0, 0, 0, 0, 0, 0, 0, 0, 0, 0, 0, 0, 0, 0, 0, 0, 0, 0, 0, 0, 0, 0, 0, 0, 0, 0, 0, 0, 0, 0, 0, 0, 0, 0, 0, 0, -1, 0, 0, 0, 0, 0, 0, 0, 0, 0, 0, 0, 0, 0, 0, 0, 0], [1, 1, 1, 1, 1, 1, 1, 1, 1, 1, 1, 1, 1, 1, 1, 1, 1, 1, 1, 1, 1, 1, 1, 1, 1, 1, 1, 1, 1, 1, 1, 1, 1, 1, 1, 1, 1, 1, 1, 1, 1, -1, 1, 1, 1, 1, 1, 1, 1, 1, 1, 1, 1, 1, 1, 1, 1], [0, 0, 0, 0, 0, 0, 0, 0, 0, 0, 0, 0, 0, 0, 0, 0, 0, 0, 0, 0, 0, 0, 0, 0, 0, 0, 0, 0, 0, 0, 0, 0, 0, 0, 0, 0, 0, 0, 0, 0, 0, 0, -1, 0, 0, 0, 0, 0, 0, 0, 0, 0, 0, 0, 0, 0, 0], [0, 0, 0, 0, 0, 0, 0, 0, 0, 0, 0, 0, 0, 0, 0, 0, 0, 0, 0, 0, 0, 0, 0, 0, 0, 0, 0, 0, 0, 0, 0, 0, 0, 0, 0, 0, 0, 0, 0, 0, 0, 0, 0, -1, 0, 0, 0, 0, 0, 0, 0, 0, 0, 0, 0, 0, 0], [2, 2, 2, 2, 2, 2, 2, 2, 2, 2, 2, 2, 2, 2, 2, 2, 2, 2, 2, 2, 2, 2, 2, 2, 2, 2, 2, 2, 2, 2, 2, 2, 2, 2, 2, 2, 2, 2, 2, 2, 2, 2, 2, 2, -1, 2, 2, 2, 2, 2, 2, 2, 2, 2, 2, 2, 2], [1, 1, 1, 1, 1, 1, 1, 1, 1, 1, 1, 1, 1, 1, 1, 1, 1, 1, 1, 1, 1, 1, 1, 1, 1, 1, 1, 1, 1, 1, 1, 1, 1, 1, 1, 1, 1, 1, 1, 1, 1, 1, 1, 1, 1, -1, 1, 1, 1, 1, 1, 1, 1, 1, 1, 1, 1], [0, 0, 0, 0, 0, 0, 0, 0, 0, 0, 0, 0, 0, 0, 0, 0, 0, 0, 0, 0, 0, 0, 0, 0, 0, 0, 0, 0, 0, 0, 0, 0, 0, 0, 0, 0, 0, 0, 0, 0, 0, 0, 0, 0, 0, 0, -1, 0, 0, 0, 0, 0, 0, 0, 0, 0, 0], [0, 0, 0, 0, 0, 0, 0, 0, 0, 0, 0, 0, 0, 0, 0, 0, 0, 0, 0, 0, 0, 0, 0, 0, 0, 0, 0, 0, 0, 0, 0, 0, 0, 0, 0, 0, 0, 0, 0, 0, 0, 0, 0, 0, 0, 0, 0, -1, 0, 0, 0, 0, 0, 0, 0, 0, 0], [0, 0, 0, 0, 0, 0, 0, 0, 0, 0, 0, 0, 0, 0, 0, 0, 0, 0, 0, 0, 0, 0, 0, 0, 0, 0, 0, 0, 0, 0, 0, 0, 0, 0, 0, 0, 0, 0, 0, 0, 0, 0, 0, 0, 0, 0, 0, 0, -1, 0, 0, 0, 0, 0, 0, 0, 0], [0, 0, 0, 0, 0, 0, 0, 0, 0, 0, 0, 0, 0, 0, 0, 0, 0, 0, 0, 0, 0, 0, 0, 0, 0, 0, 0, 0, 0, 0, 0, 0, 0, 0, 0, 0, 0, 0, 0, 0, 0, 0, 0, 0, 0, 0, 0, 0, 0, -1, 0, 0, 0, 0, 0, 0, 0], [0, 0, 0, 0, 0, 0, 0, 0, 0, 0, 0, 0, 0, 0, 0, 0, 0, 0, 0, 0, 0, 0, 0, 0, 0, 0, 0, 0, 0, 0, 0, 0, 0, 0, 0, 0, 0, 0, 0, 0, 0, 0, 0, 0, 0, 0, 0, 0, 0, 0, -1, 0, 0, 0, 0, 0, 0], [1, 1, 1, 1, 1, 1, 1, 1, 1, 1, 1, 1, 1, 1, 1, 1, 1, 1, 1, 1, 1, 1, 1, 1, 1, 1, 1, 1, 1, 1, 1, 1, 1, 1, 1, 1, 1, 1, 1, 1, 1, 1, 1, 1, 1, 1, 1, 1, 1, 1, 1, -1, 1, 1, 1, 1, 1], [0, 0, 0, 0, 0, 0, 0, 0, 0, 0, 0, 0, 0, 0, 0, 0, 0, 0, 0, 0, 0, 0, 0, 0, 0, 0, 0, 0, 0, 0, 0, 0, 0, 0, 0, 0, 0, 0, 0, 0, 0, 0, 0, 0, 0, 0, 0, 0, 0, 0, 0, 0, -1, 0, 0, 0, 0], [0, 0, 0, 0, 0, 0, 0, 0, 0, 0, 0, 0, 0, 0, 0, 0, 0, 0, 0, 0, 0, 0, 0, 0, 0, 0, 0, 0, 0, 0, 0, 0, 0, 0, 0, 0, 0, 0, 0, 0, 0, 0, 0, 0, 0, 0, 0, 0, 0, 0, 0, 0, 0, -1, 0, 0, 0], [0, 0, 0, 0, 0, 0, 0, 0, 0, 0, 0, 0, 0, 0, 0, 0, 0, 0, 0, 0, 0, 0, 0, 0, 0, 0, 0, 0, 0, 0, 0, 0, 0, 0, 0, 0, 0, 0, 0, 0, 0, 0, 0, 0, 0, 0, 0, 0, 0, 0, 0, 0, 0, 0, -1, 0, 0], [0, 0, 0, 0, 0, 0, 0, 0, 0, 0, 0, 0, 0, 0, 0, 0, 0, 0, 0, 0, 0, 0, 0, 0, 0, 0, 0, 0, 0, 0, 0, 0, 0, 0, 0, 0, 0, 0, 0, 0, 0, 0, 0, 0, 0, 0, 0, 0, 0, 0, 0, 0, 0, 0, 0, -1, 0], [2, 2, 2, 2, 2, 2, 2, 2, 2, 2, 2, 2, 2, 2, 2, 2, 2, 2, 2, 2, 2, 2, 2, 2, 2, 2, 2, 2, 2, 2, 2, 2, 2, 2, 2, 2, 2, 2, 2, 2, 2, 2, 2, 2, 2, 2, 2, 2, 2, 2, 2, 2, 2, 2, 2, 2, -1]], "speed_zone_count": 73, "speed_zones": [[0.0, 15.0], [15.0, 30.0], [30.0, 45.0], [45.0, 60.0], [60.0, 75.0], [75.0, 90.0], [90.0, 105.0], [105.0, 120.0], [120.0, 135.0], [135.0, 150.0], [150.0, 165.0], [165.0, 180.0], [180.0, 195.0], [195.0, 210.0], [210.0, 225.0], [225.0, 240.0], [240.0, 255.0], [255.0, 270.0], [270.0, 285.0], [285.0, 300.0], [300.0, 315.0], [315.0, 330.0], [330.0, 345.0], [345.0, 360.0], [360.0, 375.0], [375.0, 390.0], [390.0, 405.0], [405.0, 420.0], [420.0, 435.0], [435.0, 450.0], [450.0, 465.0], [465.0, 480.0], [480.0, 495.0], [495.0, 510.0], [510.0, 525.0], [525.0, 540.0], [540.0, 555.0], [555.0, 570.0], [570.0, 585.0], [585.0, 600.0], [600.0, 615.0], [615.0, 630.0], [630.0, 645.0], [645.0, 660.0], [660.0, 675.0], [675.0, 690.0], [690.0, 705.0], [705.0, 720.0], [720.0, 735.0], [735.0, 750.0], [750.0, 765.0], [765.0, 780.0], [780.0, 795.0], [795.0, 810.0], [810.0, 825.0], [825.0, 840.0], [840.0, 855.0], [855.0, 870.0], [870.0, 885.0], [885.0, 900.0], [900.0, 915.0], [915.0, 930.0], [930.0, 945.0], [945.0, 960.0], [960.0, 975.0], [975.0, 990.0], [990.0, 1005.0], [1005.0, 1020.0], [1020.0, 1035.0], [1035.0, 1050.0], [1050.0, 1065.0], [1065.0, 1080.0], [1080.0, 5000.0]], "distances": [[0.0, 61.9, 78.96, 71.5, 58.65, 56.55, 67.09, 75.7, 71.89, 86.89, 77.76, 57.97, 69.68, 72.19, 84.98, 72.29, 74.99, 67.75, 70.43, 70.65, 69.57, 66.64, 74.95, 62.11, 84.99, 86.02, 64.2, 50.4, 79.3, 53.58, 69.28, 66.9, 68.38, 76.22, 57.29, 56.93, 71.53, 74.21, 62.6, 69.33, 72.4, 78.13, 76.53, 75.11, 55.3, 80.17, 63.3, 71.35, 72.57, 74.33, 65.31, 89.2, 60.99, 74.42, 72.51, 73.78, 0.0], [0.0, 0.0, 18.47, 12.3, 7.27, 6.28, 6.5, 22.12, 11.15, 26.8, 16.0, 4.79, 12.82, 13.46, 26.54, 10.59, 13.24, 14.63, 14.46, 12.52, 9.2, 11.45, 13.78, 11.26, 28.14, 25.41, 10.94, 13.09, 17.6, 12.42, 9.75, 12.56, 7.96, 22.06, 14.4, 4.99, 16.71, 12.71, 4.5, 11.41, 10.52, 24.49, 16.92, 20.95, 20.49, 23.46, 11.47, 12.49, 11.23, 20.13, 5.78, 28.68, 9.79, 13.6, 12.14, 12.06, 61.9], [0.0, 18.47, 0.0, 17.87, 24.79, 24.74, 16.71, 12.19, 14.95, 8.33, 5.68, 23.23, 10.11, 7.12, 8.89, 11.96, 6.84, 25.12, 10.25, 19.49, 9.55, 22.7, 4.9, 17.02, 11.61, 7.09, 17.35, 31.56, 5.03, 30.52, 9.69, 23.62, 10.81, 11.48, 30.98, 22.91, 10.81, 6.34, 16.5, 9.91, 10.59, 12.86, 9.65, 11.29, 37.02, 8.67, 16.52, 7.79, 13.22, 11.18, 13.8, 10.34, 18.31, 4.87, 6.53, 7.48, 78.96], [0.0, 12.3, 17.87, 0.0, 12.86, 15.43, 5.82, 27.3, 10.72, 24.81, 12.53, 14.25, 19.14, 17.6, 26.68, 6.17, 11.11, 7.42, 20.72, 10.26, 13.73, 5.84, 13.6, 15.34, 29.47, 22.82, 9.45, 21.1, 13.91, 18.13, 15.11, 6.37, 13.4, 26.88, 15.98, 16.56, 22.86, 12.07, 15.34, 17.54, 7.72, 29.01, 18.35, 26.09, 21.19, 25.96, 12.59, 17.0, 4.7, 25.5, 14.29, 25.68, 15.21, 14.4, 14.66, 10.82, 71.5], [0.0, 7.27, 24.79, 12.86, 0.0, 12.33, 8.95, 29.39, 13.42, 33.01, 21.27, 12.07, 20.08, 20.54, 33.27, 14.54, 18.68, 11.04, 21.74, 12.12, 16.1, 8.68, 19.91, 11.1, 35.11, 31.41, 7.45, 8.26, 22.91, 5.85, 16.84, 9.37, 14.93, 29.32, 7.17, 6.9, 23.98, 18.59, 11.56, 18.65, 15.19, 31.76, 23.65, 28.22, 13.22, 30.53, 9.43, 19.59, 14.39, 27.4, 13.04, 34.64, 9.79, 19.99, 18.84, 17.65, 58.65], [0.0, 6.28, 24.74, 15.43, 12.33, 0.0, 10.54, 27.79, 15.39, 33.06, 21.96, 11.08, 18.63, 19.62, 32.8, 15.82, 19.24, 14.61, 20.19, 14.97, 15.47, 12.02, 20.0, 9.15, 34.32, 31.63, 7.84, 6.85, 23.59, 6.47, 15.92, 12.83, 14.21, 27.81, 9.91, 11.27, 22.34, 18.85, 9.68, 17.36, 16.13, 30.25, 23.19, 26.66, 15.51, 29.57, 8.36, 18.64, 16.02, 25.81, 11.75, 34.9, 7.68, 19.87, 18.42, 18.1, 56.55], [0.0, 6.5, 16.71, 5.82, 8.95, 10.54, 0.0, 23.88, 4.89, 24.65, 12.53, 9.16, 14.96, 14.19, 25.52, 5.61, 10.12, 9.91, 16.64, 6.26, 9.75, 6.82, 11.85, 9.61, 27.81, 22.91, 13.23, 16.96, 14.16, 14.77, 10.97, 7.94, 9.01, 23.6, 14.33, 11.01, 18.91, 10.36, 9.66, 13.33, 6.42, 25.91, 16.22, 22.66, 20.32, 23.67, 6.83, 13.38, 5.52, 21.95, 9.04, 26.07, 9.4, 12.23, 11.69, 9.26, 67.09], [0.0, 22.12, 12.19, 27.3, 29.39, 27.79, 23.88, 0.0, 24.33, 14.89, 17.2, 26.54, 9.32, 9.76, 10.93, 21.18, 16.89, 33.65, 7.66, 28.69, 14.13, 30.68, 14.21, 18.64, 9.62, 15.52, 22.61, 33.82, 17.05, 34.25, 12.98, 31.78, 15.0, 10.48, 36.47, 24.72, 5.45, 15.56, 18.11, 10.83, 19.63, 10.48, 9.88, 9.79, 42.6, 5.64, 19.97, 10.51, 22.75, 11.79, 16.36, 17.48, 20.11, 13.19, 12.64, 16.73, 75.7], [0.0, 11.15, 14.95, 10.72, 13.42, 15.39, 4.89, 24.33, 0.0, 22.12, 9.75, 14.04, 16.34, 14.67, 23.8, 10.5, 8.15, 10.19, 17.89, 4.55, 10.96, 8.06, 10.61, 13.57, 26.53, 20.17, 8.34, 21.62, 11.22, 19.08, 12.35, 8.84, 10.76, 23.9, 17.68, 15.85, 19.99, 9.07, 13.47, 14.76, 4.73, 26.02, 15.36, 23.13, 23.25, 22.97, 10.95, 14.1, 10.41, 22.55, 12.05, 23.14, 13.69, 11.4, 11.7, 7.83, 71.89], [0.0, 26.8, 8.33, 24.81, 33.01, 33.06, 24.65, 14.89, 22.12, 0.0, 12.38, 31.55, 17.3, 14.71, 4.63, 19.46, 14.53, 32.22, 16.84, 26.46, 17.83, 30.14, 13.12, 25.24, 7.98, 10.84, 25.61, 39.89, 10.9, 38.79, 17.82, 30.96, 19.1, 14.08, 38.98, 31.21, 16.42, 14.43, 24.7, 17.56, 18.29, 14.0, 10.39, 14.61, 44.93, 9.3, 24.85, 15.56, 20.44, 15.0, 22.03, 11.55, 26.56, 13.2, 14.8, 15.43, 86.89], [0.0, 16.0, 5.68, 12.53, 21.27, 21.96, 12.53, 17.2, 9.75, 12.38, 0.0, 20.44, 12.24, 9.32, 14.22, 7.11, 11.84, 19.91, 13.11, 14.18, 8.9, 17.76, 10.58, 15.86, 17.18, 10.49, 14.16, 28.77, 10.71, 27.12, 9.81, 18.58, 9.85, 16.57, 26.8, 20.89, 14.47, 10.53, 15.44, 11.28, 6.11, 18.23, 7.32, 16.15, 32.65, 14.31, 14.46, 9.43, 8.06, 15.84, 12.83, 13.58, 16.84, 4.94, 6.82, 11.22, 77.76], [0.0, 4.79, 23.23, 14.25, 12.07, 11.08, 9.16, 26.54, 14.04, 31.55, 20.44, 0.0, 17.32, 18.2, 31.34, 14.35, 17.71, 14.06, 18.91, 13.91, 14.0, 11.29, 18.48, 7.93, 32.9, 30.11, 6.33, 8.37, 22.07, 7.73, 14.5, 12.18, 12.75, 26.54, 10.58, 9.78, 21.09, 17.33, 8.45, 16.01, 14.63, 28.98, 21.72, 25.4, 16.42, 28.17, 6.91, 17.23, 14.61, 24.55, 10.38, 33.38, 6.51, 18.36, 16.93, 16.58, 57.97], [0.0, 12.82, 10.11, 19.14, 20.08, 18.63, 14.96, 9.32, 16.34, 17.3, 12.24, 17.32, 0.0, 9.95, 15.42, 13.41, 10.56, 24.86, 12.25, 20.34, 5.41, 21.77, 8.41, 9.54, 16.16, 16.72, 13.35, 24.92, 12.99, 25.05, 11.33, 22.9, 5.95, 9.24, 27.15, 15.78, 12.48, 9.05, 8.99, 10.02, 11.96, 11.68, 7.22, 8.13, 33.28, 11.24, 10.65, 10.64, 14.99, 7.32, 7.04, 19.74, 11.03, 7.3, 5.55, 9.84, 69.68], [0.0, 13.46, 7.12, 17.6, 20.54, 19.62, 14.19, 9.76, 14.67, 14.71, 9.32, 18.2, 9.95, 0.0, 13.4, 11.57, 7.95, 23.9, 11.57, 18.96, 4.54, 20.95, 5.55, 10.92, 14.7, 13.93, 13.33, 26.21, 9.97, 25.88, 9.73, 22.04, 5.62, 9.43, 27.4, 17.15, 5.47, 6.46, 10.36, 9.94, 10.03, 11.72, 4.36, 8.54, 33.56, 10.0, 11.3, 8.9, 13.15, 7.91, 7.9, 17.04, 12.36, 4.41, 9.19, 7.44, 72.19], [0.0, 26.54, 8.89, 26.68, 33.27, 32.8, 25.52, 10.93, 23.8, 4.63, 14.22, 31.34, 15.42, 13.4, 0.0, 20.84, 15.72, 33.98, 14.55, 28.31, 17.34, 31.59, 13.67, 24.32, 10.27, 6.21, 25.82, 39.51, 13.06, 38.87, 16.96, 32.51, 18.59, 10.15, 39.69, 30.53, 13.58, 15.18, 23.76, 16.09, 19.48, 9.66, 9.63, 10.9, 45.78, 5.33, 24.45, 14.36, 22.07, 11.45, 21.24, 6.92, 25.74, 13.35, 14.45, 16.35, 84.98], [0.0, 10.59, 11.96, 6.17, 14.54, 15.82, 5.61, 21.18, 10.5, 19.46, 7.11, 14.35, 13.41, 11.57, 20.84, 0.0, 5.12, 13.18, 14.9, 7.68, 8.12, 10.76, 7.47, 12.08, 23.48, 17.6, 8.09, 22.44, 8.7, 20.38, 9.51, 11.66, 8.13, 20.74, 19.71, 15.55, 16.94, 5.92, 11.86, 11.88, 10.35, 22.85, 12.21, 19.99, 25.54, 19.82, 9.77, 11.05, 10.81, 19.42, 9.97, 20.69, 12.53, 8.23, 8.57, 4.68, 72.29], [0.0, 13.24, 6.84, 11.11, 18.68, 19.24, 10.12, 16.89, 8.15, 14.53, 11.84, 17.71, 10.56, 7.95, 15.72, 5.12, 0.0, 18.29, 11.7, 12.7, 6.46, 15.87, 9.19, 13.13, 18.38, 12.79, 11.46, 26.06, 4.37, 24.52, 7.55, 16.78, 7.27, 16.36, 24.46, 18.11, 13.39, 9.5, 12.73, 9.36, 12.04, 18.28, 7.35, 15.75, 30.41, 14.9, 11.68, 7.79, 6.42, 15.3, 10.17, 15.98, 14.08, 10.16, 5.02, 9.43, 74.99], [0.0, 14.63, 25.12, 7.42, 11.04, 14.61, 9.91, 33.65, 10.19, 32.22, 19.91, 14.06, 24.86, 23.9, 33.98, 13.18, 18.29, 0.0, 26.54, 5.76, 19.58, 10.18, 20.62, 18.61, 36.66, 30.23, 12.41, 18.22, 21.32, 14.45, 20.85, 10.57, 18.91, 33.33, 10.55, 17.17, 28.8, 19.06, 18.82, 23.23, 14.64, 35.57, 25.31, 32.43, 14.63, 32.91, 15.93, 23.15, 11.91, 31.76, 18.77, 33.09, 17.9, 21.28, 21.17, 17.82, 67.75], [0.0, 14.46, 10.25, 20.72, 21.74, 20.19, 16.64, 7.66, 17.89, 16.84, 13.11, 18.91, 12.25, 11.57, 14.55, 14.9, 11.7, 26.54, 0.0, 21.96, 7.02, 23.46, 9.35, 11.06, 14.98, 16.46, 15.05, 26.38, 13.68, 26.63, 5.7, 24.59, 7.64, 7.63, 28.82, 17.24, 10.83, 10.19, 10.51, 11.17, 13.41, 10.07, 7.25, 6.49, 34.94, 10.04, 12.31, 12.33, 16.48, 5.66, 8.7, 19.35, 12.54, 8.21, 6.7, 11.09, 70.43], [0.0, 12.52, 19.49, 10.26, 12.12, 14.97, 6.26, 28.69, 4.55, 26.46, 14.18, 13.91, 20.34, 18.96, 28.31, 7.68, 12.7, 5.76, 21.96, 0.0, 14.94, 4.42, 15.15, 15.87, 31.08, 24.47, 9.75, 20.3, 15.57, 17.14, 16.3, 4.81, 14.51, 28.3, 14.64, 16.45, 24.14, 13.61, 15.92, 18.73, 9.21, 30.45, 19.89, 27.48, 19.69, 27.5, 13.08, 18.31, 6.28, 26.87, 15.13, 27.33, 15.58, 15.91, 16.06, 12.36, 70.65], [0.0, 9.2, 9.55, 13.73, 16.1, 15.47, 9.75, 14.13, 10.96, 17.83, 8.9, 14.0, 5.41, 4.54, 17.34, 8.12, 6.46, 19.58, 7.02, 14.94, 0.0, 16.56, 5.47, 7.49, 19.01, 16.63, 8.81, 22.21, 10.17, 21.57, 8.55, 17.67, 10.17, 13.87, 22.88, 13.39, 9.23, 5.16, 6.98, 9.91, 6.76, 16.21, 7.73, 12.91, 29.04, 14.45, 7.12, 9.34, 9.67, 12.2, 4.27, 19.89, 8.75, 4.85, 9.81, 5.4, 69.57], [0.0, 11.45, 22.7, 5.84, 8.68, 12.02, 6.82, 30.68, 8.06, 30.14, 17.76, 11.29, 21.77, 20.95, 31.59, 10.76, 15.87, 10.18, 23.46, 4.42, 16.56, 0.0, 18.03, 15.4, 34.13, 28.22, 9.18, 16.5, 19.27, 13.06, 17.79, 9.23, 15.82, 30.38, 10.23, 14.27, 25.73, 16.48, 15.6, 20.14, 12.11, 32.66, 22.64, 29.45, 15.35, 30.2, 12.71, 20.17, 9.7, 28.76, 15.57, 31.21, 14.71, 18.6, 18.32, 15.27, 66.64], [0.0, 13.78, 4.9, 13.6, 19.91, 20.0, 11.85, 14.21, 10.61, 13.12, 10.58, 18.48, 8.41, 5.55, 13.67, 7.47, 9.19, 20.62, 9.35, 15.15, 5.47, 18.03, 0.0, 12.84, 16.09, 11.64, 12.49, 26.84, 4.82, 25.67, 6.15, 19.01, 6.59, 13.68, 26.09, 18.41, 10.87, 9.95, 12.36, 7.45, 5.98, 15.61, 4.75, 13.08, 32.14, 12.36, 11.94, 5.6, 8.91, 12.65, 9.66, 14.91, 13.99, 9.77, 9.57, 10.37, 74.95], [0.0, 11.26, 17.02, 15.34, 11.1, 9.15, 9.61, 18.64, 13.57, 25.24, 15.86, 7.93, 9.54, 10.92, 24.32, 12.08, 13.13, 18.61, 11.06, 15.87, 7.49, 15.4, 12.84, 0.0, 25.51, 24.11, 6.28, 15.4, 17.31, 15.61, 7.44, 16.53, 6.27, 18.67, 18.26, 6.27, 13.19, 12.18, 12.05, 8.4, 11.47, 21.11, 14.94, 17.52, 24.26, 20.66, 12.12, 9.96, 13.15, 16.67, 11.72, 27.36, 11.07, 12.33, 10.49, 11.93, 62.11], [0.0, 28.14, 11.61, 29.47, 35.11, 34.32, 27.81, 9.62, 26.53, 7.98, 17.18, 32.9, 16.16, 14.7, 10.27, 23.48, 18.38, 36.66, 14.98, 31.08, 19.01, 34.13, 16.09, 25.51, 0.0, 9.7, 27.74, 40.88, 16.17, 40.56, 18.41, 35.09, 20.21, 8.96, 41.77, 31.78, 13.53, 17.64, 24.94, 17.12, 22.04, 7.68, 11.61, 9.97, 47.9, 4.94, 25.99, 15.68, 24.8, 10.71, 22.59, 10.0, 26.97, 15.59, 16.33, 18.87, 84.99], [0.0, 25.41, 7.09, 22.82, 31.41, 31.63, 22.91, 15.52, 20.17, 10.84, 10.49, 30.11, 16.72, 13.93, 6.21, 17.6, 12.79, 30.23, 16.46, 24.47, 16.63, 28.22, 11.64, 24.11, 9.7, 0.0, 24.06, 38.48, 8.96, 37.22, 16.77, 29.01, 17.88, 14.7, 37.23, 29.95, 16.33, 12.84, 23.58, 16.78, 16.5, 14.96, 9.56, 15.08, 43.13, 10.13, 23.52, 14.71, 18.52, 15.35, 20.88, 13.13, 25.38, 11.86, 13.62, 13.76, 86.02], [0.0, 10.94, 17.35, 9.45, 7.45, 7.84, 13.23, 22.61, 8.34, 25.61, 14.16, 6.33, 13.35, 13.33, 25.82, 8.09, 11.46, 12.41, 15.05, 9.75, 8.81, 9.18, 12.49, 6.28, 27.74, 24.06, 0.0, 14.62, 15.79, 13.18, 9.71, 10.33, 7.72, 22.45, 14.07, 7.56, 17.34, 11.21, 6.44, 11.79, 8.3, 24.85, 16.23, 21.4, 20.23, 23.25, 13.24, 12.41, 8.55, 20.63, 6.58, 27.31, 5.84, 12.54, 11.42, 10.36, 64.2], [0.0, 13.09, 31.56, 21.1, 8.26, 6.85, 16.96, 33.82, 21.62, 39.89, 28.77, 8.37, 24.92, 26.21, 39.51, 22.44, 26.06, 18.22, 26.38, 20.3, 22.21, 16.5, 26.84, 15.4, 40.88, 38.48, 14.62, 0.0, 30.41, 13.32, 22.56, 16.95, 20.94, 33.93, 9.34, 9.15, 28.41, 25.7, 15.96, 23.79, 22.87, 36.34, 29.93, 32.75, 12.64, 36.05, 15.09, 25.23, 22.47, 31.88, 18.31, 41.75, 13.92, 26.69, 25.19, 24.94, 50.4], [0.0, 17.6, 5.03, 13.91, 22.91, 23.59, 14.16, 17.05, 11.22, 10.9, 10.71, 22.07, 12.99, 9.97, 13.06, 8.7, 4.37, 21.32, 13.68, 15.57, 10.17, 19.27, 4.82, 17.31, 16.17, 8.96, 15.79, 30.41, 0.0, 28.77, 10.95, 20.06, 11.2, 16.38, 28.41, 22.47, 14.83, 5.13, 16.87, 12.19, 7.75, 17.86, 7.25, 16.07, 34.23, 13.68, 16.02, 10.22, 9.56, 15.85, 14.23, 11.99, 18.34, 5.79, 7.79, 5.55, 79.3], [0.0, 12.42, 30.52, 18.13, 5.85, 6.47, 14.77, 34.25, 19.08, 38.79, 27.12, 7.73, 25.05, 25.88, 38.87, 20.38, 24.52, 14.45, 26.63, 17.14, 21.57, 13.06, 25.67, 15.61, 40.56, 37.22, 13.18, 13.32, 28.77, 0.0, 22.16, 13.36, 20.35, 34.26, 5.33, 9.85, 28.8, 24.38, 16.14, 23.74, 21.05, 36.7, 29.24, 33.11, 9.55, 35.87, 14.58, 24.91, 20.16, 32.27, 18.1, 40.46, 14.15, 25.69, 24.42, 23.48, 53.58], [0.0, 9.75, 9.69, 15.11, 16.84, 15.92, 10.97, 12.98, 12.35, 17.82, 9.81, 14.5, 11.33, 9.73, 16.96, 9.51, 7.55, 20.85, 5.7, 16.3, 8.55, 17.79, 6.15, 7.44, 18.41, 16.77, 9.71, 22.56, 10.95, 22.16, 0.0, 18.91, 11.39, 12.77, 23.74, 13.57, 7.94, 6.15, 6.89, 9.93, 8.14, 15.15, 7.5, 11.76, 29.9, 13.72, 7.59, 9.82, 11.07, 11.02, 4.28, 19.99, 8.82, 5.32, 10.98, 6.57, 69.28], [0.0, 12.56, 23.62, 6.37, 9.37, 12.83, 7.94, 31.78, 8.84, 30.96, 18.58, 12.18, 22.9, 22.04, 32.51, 11.66, 16.78, 10.57, 24.59, 4.81, 17.67, 9.23, 19.01, 16.53, 35.09, 29.01, 10.33, 16.95, 20.06, 13.36, 18.91, 0.0, 16.95, 31.47, 10.1, 15.23, 26.85, 17.45, 16.74, 21.27, 13.06, 33.75, 23.64, 30.55, 14.9, 31.22, 13.85, 21.27, 10.52, 29.87, 16.72, 31.95, 15.83, 19.61, 19.38, 16.23, 66.9], [0.0, 7.96, 10.81, 13.4, 14.93, 14.21, 9.01, 15.0, 10.76, 19.1, 9.85, 12.75, 5.95, 5.62, 18.59, 8.13, 7.27, 18.91, 7.64, 14.51, 10.17, 15.82, 6.59, 6.27, 20.21, 17.88, 7.72, 20.94, 11.2, 20.35, 11.39, 16.95, 0.0, 14.79, 21.78, 12.12, 9.91, 6.1, 5.78, 4.32, 6.92, 17.16, 9.0, 13.78, 27.94, 15.6, 5.85, 4.69, 9.62, 13.03, 9.97, 21.15, 7.5, 6.07, 4.3, 6.13, 68.38], [0.0, 22.06, 11.48, 26.88, 29.32, 27.81, 23.6, 10.48, 23.9, 14.08, 16.57, 26.54, 9.24, 9.43, 10.15, 20.74, 16.36, 33.33, 7.63, 28.3, 13.87, 30.38, 13.68, 18.67, 8.96, 14.7, 22.45, 33.93, 16.38, 34.26, 12.77, 31.47, 14.79, 0.0, 36.37, 24.81, 5.52, 15.06, 18.13, 10.7, 19.19, 9.69, 9.26, 9.86, 42.51, 4.85, 19.89, 10.22, 22.3, 11.0, 16.29, 16.67, 20.15, 12.68, 12.23, 16.25, 76.22], [0.0, 14.4, 30.98, 15.98, 7.17, 9.91, 14.33, 36.47, 17.68, 38.98, 26.8, 10.58, 27.15, 27.4, 39.69, 19.71, 24.46, 10.55, 28.82, 14.64, 22.88, 10.23, 26.09, 18.26, 41.77, 37.23, 14.07, 9.34, 28.41, 5.33, 23.74, 10.1, 21.78, 36.37, 0.0, 13.52, 31.08, 24.65, 18.72, 25.67, 20.73, 38.79, 30.19, 35.28, 6.16, 37.33, 16.52, 26.47, 19.09, 34.48, 20.12, 40.37, 16.94, 26.34, 25.43, 23.57, 57.29], [0.0, 4.99, 22.91, 16.56, 6.9, 11.27, 11.01, 24.72, 15.85, 31.21, 20.89, 9.78, 15.78, 17.15, 30.53, 15.55, 18.11, 17.17, 17.24, 16.45, 13.39, 14.27, 18.41, 6.27, 31.78, 29.95, 7.56, 9.15, 22.47, 9.85, 13.57, 15.23, 12.12, 24.81, 13.52, 0.0, 19.29, 17.47, 6.83, 14.66, 15.51, 27.23, 21.04, 23.63, 19.1, 26.93, 6.48, 16.19, 16.11, 22.77, 9.29, 33.22, 4.8, 18.09, 16.41, 16.92, 56.93], [0.0, 16.71, 10.81, 22.86, 23.98, 22.34, 18.91, 5.45, 19.99, 16.42, 14.47, 21.09, 12.48, 5.47, 13.58, 16.94, 13.39, 28.8, 10.83, 24.14, 9.23, 25.73, 10.87, 13.19, 13.53, 16.33, 17.34, 28.41, 14.83, 28.8, 7.94, 26.85, 9.91, 5.52, 31.08, 19.29, 0.0, 11.91, 12.65, 5.61, 15.43, 7.94, 7.85, 4.34, 37.2, 8.65, 14.56, 5.9, 18.53, 12.4, 10.96, 19.01, 14.66, 9.73, 8.52, 12.91, 71.53], [0.0, 12.71, 6.34, 12.07, 18.59, 18.85, 10.36, 15.56, 9.07, 14.43, 10.53, 17.33, 9.05, 6.46, 15.18, 5.92, 9.5, 19.06, 10.19, 13.61, 5.16, 16.48, 9.95, 12.18, 17.64, 12.84, 11.21, 25.7, 5.13, 24.38, 6.15, 17.45, 6.1, 15.06, 24.65, 17.47, 11.91, 0.0, 11.74, 7.87, 4.42, 17.06, 6.28, 14.4, 30.67, 13.9, 10.99, 6.28, 7.38, 13.93, 9.1, 16.09, 13.23, 10.02, 10.4, 10.57, 74.21], [0.0, 4.5, 16.5, 15.34, 11.56, 9.68, 9.66, 18.11, 13.47, 24.7, 15.44, 8.45, 8.99, 10.36, 23.76, 11.86, 12.73, 18.82, 10.51, 15.92, 6.98, 15.6, 12.36, 12.05, 24.94, 23.58, 6.44, 15.96, 16.87, 16.14, 6.89, 16.74, 5.78, 18.13, 18.72, 6.83, 12.65, 11.74, 0.0, 7.83, 11.2, 20.57, 14.39, 16.98, 24.74, 20.1, 11.63, 9.4, 12.98, 16.13, 10.28, 26.83, 11.64, 11.83, 9.97, 11.53, 62.6], [0.0, 11.41, 9.91, 17.54, 18.65, 17.36, 13.33, 10.83, 14.76, 17.56, 11.28, 16.01, 10.02, 9.94, 16.09, 11.88, 9.36, 23.23, 11.17, 18.73, 9.91, 20.14, 7.45, 8.4, 17.12, 16.78, 11.79, 23.79, 12.19, 23.74, 9.93, 21.27, 4.32, 10.7, 25.67, 14.66, 5.61, 7.87, 7.83, 0.0, 10.46, 13.12, 7.23, 9.63, 31.82, 12.27, 9.23, 9.01, 13.45, 8.84, 5.65, 19.91, 9.87, 6.41, 4.47, 8.54, 69.33], [0.0, 10.52, 10.59, 7.72, 15.19, 16.13, 6.42, 19.63, 4.73, 18.29, 6.11, 14.63, 11.96, 10.03, 19.48, 10.35, 12.04, 14.64, 13.41, 9.21, 6.76, 12.11, 5.98, 11.47, 22.04, 16.5, 8.3, 22.87, 7.75, 21.05, 8.14, 13.06, 6.92, 19.19, 20.73, 15.51, 15.43, 4.42, 11.2, 10.46, 0.0, 21.29, 10.69, 18.43, 26.64, 18.31, 9.41, 9.53, 11.8, 17.87, 9.07, 19.65, 12.09, 6.69, 7.02, 11.42, 72.4], [0.0, 24.49, 12.86, 29.01, 31.76, 30.25, 25.91, 10.48, 26.02, 14.0, 18.23, 28.98, 11.68, 11.72, 9.66, 22.85, 18.28, 35.57, 10.07, 30.45, 16.21, 32.66, 15.61, 21.11, 7.68, 14.96, 24.85, 36.34, 17.86, 36.7, 15.15, 33.75, 17.16, 9.69, 38.79, 27.23, 7.94, 17.06, 20.57, 13.12, 21.29, 0.0, 11.0, 10.42, 44.94, 4.84, 22.33, 12.55, 24.38, 4.46, 18.72, 16.49, 22.59, 14.68, 14.42, 18.27, 78.13], [0.0, 16.92, 9.65, 18.35, 23.65, 23.19, 16.22, 9.88, 15.36, 10.39, 7.32, 21.72, 7.22, 4.36, 9.63, 12.21, 7.35, 25.31, 7.25, 19.89, 7.73, 22.64, 4.75, 14.94, 11.61, 9.56, 16.23, 29.93, 7.25, 29.24, 7.5, 23.64, 9.0, 9.26, 30.19, 21.04, 7.85, 6.28, 14.39, 7.23, 10.69, 11.0, 0.0, 8.85, 36.31, 7.62, 14.85, 5.18, 13.66, 8.6, 11.77, 12.69, 16.31, 8.77, 4.82, 7.53, 76.53], [0.0, 20.95, 11.29, 26.09, 28.22, 26.66, 22.66, 9.79, 23.13, 14.61, 16.15, 25.4, 8.13, 8.54, 10.9, 19.99, 15.75, 32.43, 6.49, 27.48, 12.91, 29.45, 13.08, 17.52, 9.97, 15.08, 21.4, 32.75, 16.07, 33.11, 11.76, 30.55, 13.78, 9.86, 35.28, 23.63, 4.34, 14.4, 16.98, 9.63, 18.43, 10.42, 8.85, 0.0, 41.42, 5.57, 18.79, 9.28, 21.56, 11.72, 15.18, 17.22, 18.99, 12.04, 11.43, 15.56, 75.11], [0.0, 20.49, 37.02, 21.19, 13.22, 15.51, 20.32, 42.6, 23.25, 44.93, 32.65, 16.42, 33.28, 33.56, 45.78, 25.54, 30.41, 14.63, 34.94, 19.69, 29.04, 15.35, 32.14, 24.26, 47.9, 43.13, 20.23, 12.64, 34.23, 9.55, 29.9, 14.9, 27.94, 42.51, 6.16, 19.1, 37.2, 30.67, 24.74, 31.82, 26.64, 44.94, 36.31, 41.42, 0.0, 43.48, 22.64, 32.62, 24.77, 40.6, 26.24, 46.22, 22.9, 32.43, 31.57, 29.57, 55.3], [