{"digraph": {"vertex_count": 57, "arc_count": 3080, "arcs": [[0, 1, 1, 1, 1, 1, 1, 1, 1, 1, 1, 1, 1, 1, 1, 1, 1, 1, 1, 1, 1, 1, 1, 1, 1, 1, 1, 1, 1, 1, 1, 1, 1, 1, 1, 1, 1, 1, 1, 1, 1, 1, 1, 1, 1, 1, 1, 1, 1, 1, 1, 1, 1, 1, 1, 1, 1], [0, 0, 1, 1, 1, 1, 1, 1, 1, 1, 1, 1, 1, 1, 1, 1, 1, 1, 1, 1, 1, 1, 1, 1, 1, 1, 1, 1, 1, 1, 1, 1, 1, 1, 1, 1, 1, 1, 1, 1, 1, 1, 1, 1, 1, 1, 1, 1, 1, 1, 1, 1, 1, 1, 1, 1, 1], [0, 1, 0, 1, 1, 1, 1, 1, 1, 1, 1, 1, 1, 1, 1, 1, 1, 1, 1, 1, 1, 1, 1, 1, 1, 1, 1, 1, 1, 1, 1, 1, 1, 1, 1, 1, 1, 1, 1, 1, 1, 1, 1, 1, 1, 1, 1, 1, 1, 1, 1, 1, 1, 1, 1, 1, 1], [0, 1, 1, 0, 1, 1, 1, 1, 1, 1, 1, 1, 1, 1, 1, 1, 1, 1, 1, 1, 1, 1, 1, 1, 1, 1, 1, 1, 1, 1, 1, 1, 1, 1, 1, 1, 1, 1, 1, 1, 1, 1, 1, 1, 1, 1, 1, 1, 1, 1, 1, 1, 1, 1, 1, 1, 1], [0, 1, 1, 1, 0, 1, 1, 1, 1, 1, 1, 1, 1, 1, 1, 1, 1, 1, 1, 1, 1, 1, 1, 1, 1, 1, 1, 1, 1, 1, 1, 1, 1, 1, 1, 1, 1, 1, 1, 1, 1, 1, 1, 1, 1, 1, 1, 1, 1, 1, 1, 1, 1, 1, 1, 1, 1], [0, 1, 1, 1, 1, 0, 1, 1, 1, 1, 1, 1, 1, 1, 1, 1, 1, 1, 1, 1, 1, 1, 1, 1, 1, 1, 1, 1, 1, 1, 1, 1, 1, 1, 1, 1, 1, 1, 1, 1, 1, 1, 1, 1, 1, 1, 1, 1, 1, 1, 1, 1, 1, 1, 1, 1, 1], [0, 1, 1, 1, 1, 1, 0, 1, 1, 1, 1, 1, 1, 1, 1, 1, 1, 1, 1, 1, 1, 1, 1, 1, 1, 1, 1, 1, 1, 1, 1, 1, 1, 1, 1, 1, 1, 1, 1, 1, 1, 1, 1, 1, 1, 1, 1, 1, 1, 1, 1, 1, 1, 1, 1, 1, 1], [0, 1, 1, 1, 1, 1, 1, 0, 1, 1, 1, 1, 1, 1, 1, 1, 1, 1, 1, 1, 1, 1, 1, 1, 1, 1, 1, 1, 1, 1, 1, 1, 1, 1, 1, 1, 1, 1, 1, 1, 1, 1, 1, 1, 1, 1, 1, 1, 1, 1, 1, 1, 1, 1, 1, 1, 1], [0, 1, 1, 1, 1, 1, 1, 1, 0, 1, 1, 1, 1, 1, 1, 1, 1, 1, 1, 1, 1, 1, 1, 1, 1, 1, 1, 1, 1, 1, 1, 1, 1, 1, 1, 1, 1, 1, 1, 1, 1, 1, 1, 1, 1, 1, 1, 1, 1, 1, 1, 1, 1, 1, 1, 1, 1], [0, 1, 1, 1, 1, 1, 1, 1, 1, 0, 1, 1, 1, 1, 1, 1, 1, 1, 1, 1, 1, 1, 1, 1, 1, 1, 1, 1, 1, 1, 1, 1, 1, 1, 1, 1, 1, 1, 1, 1, 1, 1, 1, 1, 1, 1, 1, 1, 1, 1, 1, 1, 1, 1, 1, 1, 1], [0, 1, 1, 1, 1, 1, 1, 1, 1, 1, 0, 1, 1, 1, 1, 1, 1, 1, 1, 1, 1, 1, 1, 1, 1, 1, 1, 1, 1, 1, 1, 1, 1, 1, 1, 1, 1, 1, 1, 1, 1, 1, 1, 1, 1, 1, 1, 1, 1, 1, 1, 1, 1, 1, 1, 1, 1], [0, 1, 1, 1, 1, 1, 1, 1, 1, 1, 1, 0, 1, 1, 1, 1, 1, 1, 1, 1, 1, 1, 1, 1, 1, 1, 1, 1, 1, 1, 1, 1, 1, 1, 1, 1, 1, 1, 1, 1, 1, 1, 1, 1, 1, 1, 1, 1, 1, 1, 1, 1, 1, 1, 1, 1, 1], [0, 1, 1, 1, 1, 1, 1, 1, 1, 1, 1, 1, 0, 1, 1, 1, 1, 1, 1, 1, 1, 1, 1, 1, 1, 1, 1, 1, 1, 1, 1, 1, 1, 1, 1, 1, 1, 1, 1, 1, 1, 1, 1, 1, 1, 1, 1, 1, 1, 1, 1, 1, 1, 1, 1, 1, 1], [0, 1, 1, 1, 1, 1, 1, 1, 1, 1, 1, 1, 1, 0, 1, 1, 1, 1, 1, 1, 1, 1, 1, 1, 1, 1, 1, 1, 1, 1, 1, 1, 1, 1, 1, 1, 1, 1, 1, 1, 1, 1, 1, 1, 1, 1, 1, 1, 1, 1, 1, 1, 1, 1, 1, 1, 1], [0, 1, 1, 1, 1, 1, 1, 1, 1, 1, 1, 1, 1, 1, 0, 1, 1, 1, 1, 1, 1, 1, 1, 1, 1, 1, 1, 1, 1, 1, 1, 1, 1, 1, 1, 1, 1, 1, 1, 1, 1, 1, 1, 1, 1, 1, 1, 1, 1, 1, 1, 1, 1, 1, 1, 1, 1], [0, 1, 1, 1, 1, 1, 1, 1, 1, 1, 1, 1, 1, 1, 1, 0, 1, 1, 1, 1, 1, 1, 1, 1, 1, 1, 1, 1, 1, 1, 1, 1, 1, 1, 1, 1, 1, 1, 1, 1, 1, 1, 1, 1, 1, 1, 1, 1, 1, 1, 1, 1, 1, 1, 1, 1, 1], [0, 1, 1, 1, 1, 1, 1, 1, 1, 1, 1, 1, 1, 1, 1, 1, 0, 1, 1, 1, 1, 1, 1, 1, 1, 1, 1, 1, 1, 1, 1, 1, 1, 1, 1, 1, 1, 1, 1, 1, 1, 1, 1, 1, 1, 1, 1, 1, 1, 1, 1, 1, 1, 1, 1, 1, 1], [0, 1, 1, 1, 1, 1, 1, 1, 1, 1, 1, 1, 1, 1, 1, 1, 1, 0, 1, 1, 1, 1, 1, 1, 1, 1, 1, 1, 1, 1, 1, 1, 1, 1, 1, 1, 1, 1, 1, 1, 1, 1, 1, 1, 1, 1, 1, 1, 1, 1, 1, 1, 1, 1, 1, 1, 1], [0, 1, 1, 1, 1, 1, 1, 1, 1, 1, 1, 1, 1, 1, 1, 1, 1, 1, 0, 1, 1, 1, 1, 1, 1, 1, 1, 1, 1, 1, 1, 1, 1, 1, 1, 1, 1, 1, 1, 1, 1, 1, 1, 1, 1, 1, 1, 1, 1, 1, 1, 1, 1, 1, 1, 1, 1], [0, 1, 1, 1, 1, 1, 1, 1, 1, 1, 1, 1, 1, 1, 1, 1, 1, 1, 1, 0, 1, 1, 1, 1, 1, 1, 1, 1, 1, 1, 1, 1, 1, 1, 1, 1, 1, 1, 1, 1, 1, 1, 1, 1, 1, 1, 1, 1, 1, 1, 1, 1, 1, 1, 1, 1, 1], [0, 1, 1, 1, 1, 1, 1, 1, 1, 1, 1, 1, 1, 1, 1, 1, 1, 1, 1, 1, 0, 1, 1, 1, 1, 1, 1, 1, 1, 1, 1, 1, 1, 1, 1, 1, 1, 1, 1, 1, 1, 1, 1, 1, 1, 1, 1, 1, 1, 1, 1, 1, 1, 1, 1, 1, 1], [0, 1, 1, 1, 1, 1, 1, 1, 1, 1, 1, 1, 1, 1, 1, 1, 1, 1, 1, 1, 1, 0, 1, 1, 1, 1, 1, 1, 1, 1, 1, 1, 1, 1, 1, 1, 1, 1, 1, 1, 1, 1, 1, 1, 1, 1, 1, 1, 1, 1, 1, 1, 1, 1, 1, 1, 1], [0, 1, 1, 1, 1, 1, 1, 1, 1, 1, 1, 1, 1, 1, 1, 1, 1, 1, 1, 1, 1, 1, 0, 1, 1, 1, 1, 1, 1, 1, 1, 1, 1, 1, 1, 1, 1, 1, 1, 1, 1, 1, 1, 1, 1, 1, 1, 1, 1, 1, 1, 1, 1, 1, 1, 1, 1], [0, 1, 1, 1, 1, 1, 1, 1, 1, 1, 1, 1, 1, 1, 1, 1, 1, 1, 1, 1, 1, 1, 1, 0, 1, 1, 1, 1, 1, 1, 1, 1, 1, 1, 1, 1, 1, 1, 1, 1, 1, 1, 1, 1, 1, 1, 1, 1, 1, 1, 1, 1, 1, 1, 1, 1, 1], [0, 1, 1, 1, 1, 1, 1, 1, 1, 1, 1, 1, 1, 1, 1, 1, 1, 1, 1, 1, 1, 1, 1, 1, 0, 1, 1, 1, 1, 1, 1, 1, 1, 1, 1, 1, 1, 1, 1, 1, 1, 1, 1, 1, 1, 1, 1, 1, 1, 1, 1, 1, 1, 1, 1, 1, 1], [0, 1, 1, 1, 1, 1, 1, 1, 1, 1, 1, 1, 1, 1, 1, 1, 1, 1, 1, 1, 1, 1, 1, 1, 1, 0, 1, 1, 1, 1, 1, 1, 1, 1, 1, 1, 1, 1, 1, 1, 1, 1, 1, 1, 1, 1, 1, 1, 1, 1, 1, 1, 1, 1, 1, 1, 1], [0, 1, 1, 1, 1, 1, 1, 1, 1, 1, 1, 1, 1, 1, 1, 1, 1, 1, 1, 1, 1, 1, 1, 1, 1, 1, 0, 1, 1, 1, 1, 1, 1, 1, 1, 1, 1, 1, 1, 1, 1, 1, 1, 1, 1, 1, 1, 1, 1, 1, 1, 1, 1, 1, 1, 1, 1], [0, 1, 1, 1, 1, 1, 1, 1, 1, 1, 1, 1, 1, 1, 1, 1, 1, 1, 1, 1, 1, 1, 1, 1, 1, 1, 1, 0, 1, 1, 1, 1, 1, 1, 1, 1, 1, 1, 1, 1, 1, 1, 1, 1, 1, 1, 1, 1, 1, 1, 1, 1, 1, 1, 1, 1, 1], [0, 1, 1, 1, 1, 1, 1, 1, 1, 1, 1, 1, 1, 1, 1, 1, 1, 1, 1, 1, 1, 1, 1, 1, 1, 1, 1, 1, 0, 1, 1, 1, 1, 1, 1, 1, 1, 1, 1, 1, 1, 1, 1, 1, 1, 1, 1, 1, 1, 1, 1, 1, 1, 1, 1, 1, 1], [0, 1, 1, 1, 1, 1, 1, 1, 1, 1, 1, 1, 1, 1, 1, 1, 1, 1, 1, 1, 1, 1, 1, 1, 1, 1, 1, 1, 1, 0, 1, 1, 1, 1, 1, 1, 1, 1, 1, 1, 1, 1, 1, 1, 1, 1, 1, 1, 1, 1, 1, 1, 1, 1, 1, 1, 1], [0, 1, 1, 1, 1, 1, 1, 1, 1, 1, 1, 1, 1, 1, 1, 1, 1, 1, 1, 1, 1, 1, 1, 1, 1, 1, 1, 1, 1, 1, 0, 1, 1, 1, 1, 1, 1, 1, 1, 1, 1, 1, 1, 1, 1, 1, 1, 1, 1, 1, 1, 1, 1, 1, 1, 1, 1], [0, 1, 1, 1, 1, 1, 1, 1, 1, 1, 1, 1, 1, 1, 1, 1, 1, 1, 1, 1, 1, 1, 1, 1, 1, 1, 1, 1, 1, 1, 1, 0, 1, 1, 1, 1, 1, 1, 1, 1, 1, 1, 1, 1, 1, 1, 1, 1, 1, 1, 1, 1, 1, 1, 1, 1, 1], [0, 1, 1, 1, 1, 1, 1, 1, 1, 1, 1, 1, 1, 1, 1, 1, 1, 1, 1, 1, 1, 1, 1, 1, 1, 1, 1, 1, 1, 1, 1, 1, 0, 1, 1, 1, 1, 1, 1, 1, 1, 1, 1, 1, 1, 1, 1, 1, 1, 1, 1, 1, 1, 1, 1, 1, 1], [0, 1, 1, 1, 1, 1, 1, 1, 1, 1, 1, 1, 1, 1, 1, 1, 1, 1, 1, 1, 1, 1, 1, 1, 1, 1, 1, 1, 1, 1, 1, 1, 1, 0, 1, 1, 1, 1, 1, 1, 1, 1, 1, 1, 1, 1, 1, 1, 1, 1, 1, 1, 1, 1, 1, 1, 1], [0, 1, 1, 1, 1, 1, 1, 1, 1, 1, 1, 1, 1, 1, 1, 1, 1, 1, 1, 1, 1, 1, 1, 1, 1, 1, 1, 1, 1, 1, 1, 1, 1, 1, 0, 1, 1, 1, 1, 1, 1, 1, 1, 1, 1, 1, 1, 1, 1, 1, 1, 1, 1, 1, 1, 1, 1], [0, 1, 1, 1, 1, 1, 1, 1, 1, 1, 1, 1, 1, 1, 1, 1, 1, 1, 1, 1, 1, 1, 1, 1, 1, 1, 1, 1, 1, 1, 1, 1, 1, 1, 1, 0, 1, 1, 1, 1, 1, 1, 1, 1, 1, 1, 1, 1, 1, 1, 1, 1, 1, 1, 1, 1, 1], [0, 1, 1, 1, 1, 1, 1, 1, 1, 1, 1, 1, 1, 1, 1, 1, 1, 1, 1, 1, 1, 1, 1, 1, 1, 1, 1, 1, 1, 1, 1, 1, 1, 1, 1, 1, 0, 1, 1, 1, 1, 1, 1, 1, 1, 1, 1, 1, 1, 1, 1, 1, 1, 1, 1, 1, 1], [0, 1, 1, 1, 1, 1, 1, 1, 1, 1, 1, 1, 1, 1, 1, 1, 1, 1, 1, 1, 1, 1, 1, 1, 1, 1, 1, 1, 1, 1, 1, 1, 1, 1, 1, 1, 1, 0, 1, 1, 1, 1, 1, 1, 1, 1, 1, 1, 1, 1, 1, 1, 1, 1, 1, 1, 1], [0, 1, 1, 1, 1, 1, 1, 1, 1, 1, 1, 1, 1, 1, 1, 1, 1, 1, 1, 1, 1, 1, 1, 1, 1, 1, 1, 1, 1, 1, 1, 1, 1, 1, 1, 1, 1, 1, 0, 1, 1, 1, 1, 1, 1, 1, 1, 1, 1, 1, 1, 1, 1, 1, 1, 1, 1], [0, 1, 1, 1, 1, 1, 1, 1, 1, 1, 1, 1, 1, 1, 1, 1, 1, 1, 1, 1, 1, 1, 1, 1, 1, 1, 1, 1, 1, 1, 1, 1, 1, 1, 1, 1, 1, 1, 1, 0, 1, 1, 1, 1, 1, 1, 1, 1, 1, 1, 1, 1, 1, 1, 1, 1, 1], [0, 1, 1, 1, 1, 1, 1, 1, 1, 1, 1, 1, 1, 1, 1, 1, 1, 1, 1, 1, 1, 1, 1, 1, 1, 1, 1, 1, 1, 1, 1, 1, 1, 1, 1, 1, 1, 1, 1, 1, 0, 1, 1, 1, 1, 1, 1, 1, 1, 1, 1, 1, 1, 1, 1, 1, 1], [0, 1, 1, 1, 1, 1, 1, 1, 1, 1, 1, 1, 1, 1, 1, 1, 1, 1, 1, 1, 1, 1, 1, 1, 1, 1, 1, 1, 1, 1, 1, 1, 1, 1, 1, 1, 1, 1, 1, 1, 1, 0, 1, 1, 1, 1, 1, 1, 1, 1, 1, 1, 1, 1, 1, 1, 1], [0, 1, 1, 1, 1, 1, 1, 1, 1, 1, 1, 1, 1, 1, 1, 1, 1, 1, 1, 1, 1, 1, 1, 1, 1, 1, 1, 1, 1, 1, 1, 1, 1, 1, 1, 1, 1, 1, 1, 1, 1, 1, 0, 1, 1, 1, 1, 1, 1, 1, 1, 1, 1, 1, 1, 1, 1], [0, 1, 1, 1, 1, 1, 1, 1, 1, 1, 1, 1, 1, 1, 1, 1, 1, 1, 1, 1, 1, 1, 1, 1, 1, 1, 1, 1, 1, 1, 1, 1, 1, 1, 1, 1, 1, 1, 1, 1, 1, 1, 1, 0, 1, 1, 1, 1, 1, 1, 1, 1, 1, 1, 1, 1, 1], [0, 1, 1, 1, 1, 1, 1, 1, 1, 1, 1, 1, 1, 1, 1, 1, 1, 1, 1, 1, 1, 1, 1, 1, 1, 1, 1, 1, 1, 1, 1, 1, 1, 1, 1, 1, 1, 1, 1, 1, 1, 1, 1, 1, 0, 1, 1, 1, 1, 1, 1, 1, 1, 1, 1, 1, 1], [0, 1, 1, 1, 1, 1, 1, 1, 1, 1, 1, 1, 1, 1, 1, 1, 1, 1, 1, 1, 1, 1, 1, 1, 1, 1, 1, 1, 1, 1, 1, 1, 1, 1, 1, 1, 1, 1, 1, 1, 1, 1, 1, 1, 1, 0, 1, 1, 1, 1, 1, 1, 1, 1, 1, 1, 1], [0, 1, 1, 1, 1, 1, 1, 1, 1, 1, 1, 1, 1, 1, 1, 1, 1, 1, 1, 1, 1, 1, 1, 1, 1, 1, 1, 1, 1, 1, 1, 1, 1, 1, 1, 1, 1, 1, 1, 1, 1, 1, 1, 1, 1, 1, 0, 1, 1, 1, 1, 1, 1, 1, 1, 1, 1], [0, 1, 1, 1, 1, 1, 1, 1, 1, 1, 1, 1, 1, 1, 1, 1, 1, 1, 1, 1, 1, 1, 1, 1, 1, 1, 1, 1, 1, 1, 1, 1, 1, 1, 1, 1, 1, 1, 1, 1, 1, 1, 1, 1, 1, 1, 1, 0, 1, 1, 1, 1, 1, 1, 1, 1, 1], [0, 1, 1, 1, 1, 1, 1, 1, 1, 1, 1, 1, 1, 1, 1, 1, 1, 1, 1, 1, 1, 1, 1, 1, 1, 1, 1, 1, 1, 1, 1, 1, 1, 1, 1, 1, 1, 1, 1, 1, 1, 1, 1, 1, 1, 1, 1, 1, 0, 1, 1, 1, 1, 1, 1, 1, 1], [0, 1, 1, 1, 1, 1, 1, 1, 1, 1, 1, 1, 1, 1, 1, 1, 1, 1, 1, 1, 1, 1, 1, 1, 1, 1, 1, 1, 1, 1, 1, 1, 1, 1, 1, 1, 1, 1, 1, 1, 1, 1, 1, 1, 1, 1, 1, 1, 1, 0, 1, 1, 1, 1, 1, 1, 1], [0, 1, 1, 1, 1, 1, 1, 1, 1, 1, 1, 1, 1, 1, 1, 1, 1, 1, 1, 1, 1, 1, 1, 1, 1, 1, 1, 1, 1, 1, 1, 1, 1, 1, 1, 1, 1, 1, 1, 1, 1, 1, 1, 1, 1, 1, 1, 1, 1, 1, 0, 1, 1, 1, 1, 1, 1], [0, 1, 1, 1, 1, 1, 1, 1, 1, 1, 1, 1, 1, 1, 1, 1, 1, 1, 1, 1, 1, 1, 1, 1, 1, 1, 1, 1, 1, 1, 1, 1, 1, 1, 1, 1, 1, 1, 1, 1, 1, 1, 1, 1, 1, 1, 1, 1, 1, 1, 1, 0, 1, 1, 1, 1, 1], [0, 1, 1, 1, 1, 1, 1, 1, 1, 1, 1, 1, 1, 1, 1, 1, 1, 1, 1, 1, 1, 1, 1, 1, 1, 1, 1, 1, 1, 1, 1, 1, 1, 1, 1, 1, 1, 1, 1, 1, 1, 1, 1, 1, 1, 1, 1, 1, 1, 1, 1, 1, 0, 1, 1, 1, 1], [0, 1, 1, 1, 1, 1, 1, 1, 1, 1, 1, 1, 1, 1, 1, 1, 1, 1, 1, 1, 1, 1, 1, 1, 1, 1, 1, 1, 1, 1, 1, 1, 1, 1, 1, 1, 1, 1, 1, 1, 1, 1, 1, 1, 1, 1, 1, 1, 1, 1, 1, 1, 1, 0, 1, 1, 1], [0, 1, 1, 1, 1, 1, 1, 1, 1, 1, 1, 1, 1, 1, 1, 1, 1, 1, 1, 1, 1, 1, 1, 1, 1, 1, 1, 1, 1, 1, 1, 1, 1, 1, 1, 1, 1, 1, 1, 1, 1, 1, 1, 1, 1, 1, 1, 1, 1, 1, 1, 1, 1, 1, 0, 1, 1], [0, 1, 1, 1, 1, 1, 1, 1, 1, 1, 1, 1, 1, 1, 1, 1, 1, 1, 1, 1, 1, 1, 1, 1, 1, 1, 1, 1, 1, 1, 1, 1, 1, 1, 1, 1, 1, 1, 1, 1, 1, 1, 1, 1, 1, 1, 1, 1, 1, 1, 1, 1, 1, 1, 1, 0, 1], [0, 0, 0, 0, 0, 0, 0, 0, 0, 0, 0, 0, 0, 0, 0, 0, 0, 0, 0, 0, 0, 0, 0, 0, 0, 0, 0, 0, 0, 0, 0, 0, 0, 0, 0, 0, 0, 0, 0, 0, 0, 0, 0, 0, 0, 0, 0, 0, 0, 0, 0, 0, 0, 0, 0, 0, 0]]}, "cluster_count": 3, "cluster_speeds": [[0.925, 0.85, 0.925, 1.0, 0.8325, 0.765, 0.8325, 0.9, 0.4625, 0.425, 0.4625, 0.5, 0.30525, 0.2805, 0.30525, 0.33, 0.37, 0.34, 0.37, 0.4, 0.555, 0.51, 0.555, 0.6, 0.6475, 0.595, 0.6475, 0.7, 0.37, 0.34, 0.37, 0.4, 0.30525, 0.2805, 0.30525, 0.33, 0.4625, 0.425, 0.4625, 0.5, 0.6475, 0.595, 0.6475, 0.7, 0.74, 0.68, 0.74, 0.8, 0.6475, 0.595, 0.6475, 0.7, 0.4625, 0.425, 0.4625, 0.5, 0.555, 0.51, 0.555, 0.6, 0.6475, 0.595, 0.6475, 0.7, 0.8325, 0.765, 0.8325, 0.9, 0.925, 0.85, 0.925, 1.0, 1.0], [0.6475, 0.595, 0.6475, 0.7, 0.58275, 0.5355, 0.58275, 0.63, 0.32375, 0.2975, 0.32375, 0.35, 0.213675, 0.19635, 0.213675, 0.23099999999999998, 0.259, 0.238, 0.259, 0.27999999999999997, 0.3885, 0.357, 0.3885, 0.42, 0.6475, 0.595, 0.6475, 0.7, 0.37, 0.34, 0.37, 0.4, 0.30525, 0.2805, 0.30525, 0.33, 0.4625, 0.425, 0.4625, 0.5, 0.6475, 0.595, 0.6475, 0.7, 0.74, 0.68, 0.74, 0.8, 0.45324999999999993, 0.4165, 0.45324999999999993, 0.48999999999999994, 0.32375, 0.2975, 0.32375, 0.35, 0.3885, 0.357, 0.3885, 0.42, 0.45324999999999993, 0.4165, 0.45324999999999993, 0.48999999999999994, 0.58275, 0.5355, 0.58275, 0.63, 0.6475, 0.595, 0.6475, 0.7, 0.7], [0.87875, 0.8075, 0.87875, 0.95, 0.790875, 0.72675, 0.790875, 0.855, 0.439375, 0.40375, 0.439375, 0.475, 0.2899875, 0.266475, 0.2899875, 0.3135, 0.3515, 0.323, 0.3515, 0.38, 0.52725, 0.4845, 0.52725, 0.57, 0.6475, 0.595, 0.6475, 0.7, 0.37, 0.34, 0.37, 0.4, 0.30525, 0.2805, 0.30525, 0.33, 0.4625, 0.425, 0.4625, 0.5, 0.6475, 0.595, 0.6475, 0.7, 0.74, 0.68, 0.74, 0.8, 0.6151249999999999, 0.5652499999999999, 0.6151249999999999, 0.6649999999999999, 0.439375, 0.40375, 0.439375, 0.475, 0.52725, 0.4845, 0.52725, 0.57, 0.6151249999999999, 0.5652499999999999, 0.6151249999999999, 0.6649999999999999, 0.790875, 0.72675, 0.790875, 0.855, 0.87875, 0.8075, 0.87875, 0.95, 0.95]], "clusters": [[-1, 2, 2, 2, 2, 2, 2, 2, 2, 2, 2, 2, 2, 2, 2, 2, 2, 2, 2, 2, 2, 2, 2, 2, 2, 2, 2, 2, 2, 2, 2, 2, 2, 2, 2, 2, 2, 2, 2, 2, 2, 2, 2, 2, 2, 2, 2, 2, 2, 2, 2, 2, 2, 2, 2, 2, 2], [0, -1, 0, 0, 0, 0, 0, 0, 0, 0, 0, 0, 0, 0, 0, 0, 0, 0, 0, 0, 0, 0, 0, 0, 0, 0, 0, 0, 0, 0, 0, 0, 0, 0, 0, 0, 0, 0, 0, 0, 0, 0, 0, 0, 0, 0, 0, 0, 0, 0, 0, 0, 0, 0, 0, 0, 0], [0, 0, -1, 0, 0, 0, 0, 0, 0, 0, 0, 0, 0, 0, 0, 0, 0, 0, 0, 0, 0, 0, 0, 0, 0, 0, 0, 0, 0, 0, 0, 0, 0, 0, 0, 0, 0, 0, 0, 0, 0, 0, 0, 0, 0, 0, 0, 0, 0, 0, 0, 0, 0, 0, 0, 0, 0], [1, 1, 1, -1, 1, 1, 1, 1, 1, 1, 1, 1, 1, 1, 1, 1, 1, 1, 1, 1, 1, 1, 1, 1, 1, 1, 1, 1, 1, 1, 1, 1, 1, 1, 1, 1, 1, 1, 1, 1, 1, 1, 1, 1, 1, 1, 1, 1, 1, 1, 1, 1, 1, 1, 1, 1, 1], [0, 0, 0, 0, -1, 0, 0, 0, 0, 0, 0, 0, 0, 0, 0, 0, 0, 0, 0, 0, 0, 0, 0, 0, 0, 0, 0, 0, 0, 0, 0, 0, 0, 0, 0, 0, 0, 0, 0, 0, 0, 0, 0, 0, 0, 0, 0, 0, 0, 0, 0, 0, 0, 0, 0, 0, 0], [0, 0, 0, 0, 0, -1, 0, 0, 0, 0, 0, 0, 0, 0, 0, 0, 0, 0, 0, 0, 0, 0, 0, 0, 0, 0, 0, 0, 0, 0, 0, 0, 0, 0, 0, 0, 0, 0, 0, 0, 0, 0, 0, 0, 0, 0, 0, 0, 0, 0, 0, 0, 0, 0, 0, 0, 0], [2, 2, 2, 2, 2, 2, -1, 2, 2, 2, 2, 2, 2, 2, 2, 2, 2, 2, 2, 2, 2, 2, 2, 2, 2, 2, 2, 2, 2, 2, 2, 2, 2, 2, 2, 2, 2, 2, 2, 2, 2, 2, 2, 2, 2, 2, 2, 2, 2, 2, 2, 2, 2, 2, 2, 2, 2], [1, 1, 1, 1, 1, 1, 1, -1, 1, 1, 1, 1, 1, 1, 1, 1, 1, 1, 1, 1, 1, 1, 1, 1, 1, 1, 1, 1, 1, 1, 1, 1, 1, 1, 1, 1, 1, 1, 1, 1, 1, 1, 1, 1, 1, 1, 1, 1, 1, 1, 1, 1, 1, 1, 1, 1, 1], [1, 1, 1, 1, 1, 1, 1, 1, -1, 1, 1, 1, 1, 1, 1, 1, 1, 1, 1, 1, 1, 1, 1, 1, 1, 1, 1, 1, 1, 1, 1, 1, 1, 1, 1, 1, 1, 1, 1, 1, 1, 1, 1, 1, 1, 1, 1, 1, 1, 1, 1, 1, 1, 1, 1, 1, 1], [2, 2, 2, 2, 2, 2, 2, 2, 2, -1, 2, 2, 2, 2, 2, 2, 2, 2, 2, 2, 2, 2, 2, 2, 2, 2, 2, 2, 2, 2, 2, 2, 2, 2, 2, 2, 2, 2, 2, 2, 2, 2, 2, 2, 2, 2, 2, 2, 2, 2, 2, 2, 2, 2, 2, 2, 2], [1, 1, 1, 1, 1, 1, 1, 1, 1, 1, -1, 1, 1, 1, 1, 1, 1, 1, 1, 1, 1, 1, 1, 1, 1, 1, 1, 1, 1, 1, 1, 1, 1, 1, 1, 1, 1, 1, 1, 1, 1, 1, 1, 1, 1, 1, 1, 1, 1, 1, 1, 1, 1, 1, 1, 1, 1], [0, 0, 0, 0, 0, 0, 0, 0, 0, 0, 0, -1, 0, 0, 0, 0, 0, 0, 0, 0, 0, 0, 0, 0, 0, 0, 0, 0, 0, 0, 0, 0, 0, 0, 0, 0, 0, 0, 0, 0, 0, 0, 0, 0, 0, 0, 0, 0, 0, 0, 0, 0, 0, 0, 0, 0, 0], [0, 0, 0, 0, 0, 0, 0, 0, 0, 0, 0, 0, -1, 0, 0, 0, 0, 0, 0, 0, 0, 0, 0, 0, 0, 0, 0, 0, 0, 0, 0, 0, 0, 0, 0, 0, 0, 0, 0, 0, 0, 0, 0, 0, 0, 0, 0, 0, 0, 0, 0, 0, 0, 0, 0, 0, 0], [2, 2, 2, 2, 2, 2, 2, 2, 2, 2, 2, 2, 2, -1, 2, 2, 2, 2, 2, 2, 2, 2, 2, 2, 2, 2, 2, 2, 2, 2, 2, 2, 2, 2, 2, 2, 2, 2, 2, 2, 2, 2, 2, 2, 2, 2, 2, 2, 2, 2, 2, 2, 2, 2, 2, 2, 2], [0, 0, 0, 0, 0, 0, 0, 0, 0, 0, 0, 0, 0, 0, -1, 0, 0, 0, 0, 0, 0, 0, 0, 0, 0, 0, 0, 0, 0, 0, 0, 0, 0, 0, 0, 0, 0, 0, 0, 0, 0, 0, 0, 0, 0, 0, 0, 0, 0, 0, 0, 0, 0, 0, 0, 0, 0], [2, 2, 2, 2, 2, 2, 2, 2, 2, 2, 2, 2, 2, 2, 2, -1, 2, 2, 2, 2, 2, 2, 2, 2, 2, 2, 2, 2, 2, 2, 2, 2, 2, 2, 2, 2, 2, 2, 2, 2, 2, 2, 2, 2, 2, 2, 2, 2, 2, 2, 2, 2, 2, 2, 2, 2, 2], [2, 2, 2, 2, 2, 2, 2, 2, 2, 2, 2, 2, 2, 2, 2, 2, -1, 2, 2, 2, 2, 2, 2, 2, 2, 2, 2, 2, 2, 2, 2, 2, 2, 2, 2, 2, 2, 2, 2, 2, 2, 2, 2, 2, 2, 2, 2, 2, 2, 2, 2, 2, 2, 2, 2, 2, 2], [0, 0, 0, 0, 0, 0, 0, 0, 0, 0, 0, 0, 0, 0, 0, 0, 0, -1, 0, 0, 0, 0, 0, 0, 0, 0, 0, 0, 0, 0, 0, 0, 0, 0, 0, 0, 0, 0, 0, 0, 0, 0, 0, 0, 0, 0, 0, 0, 0, 0, 0, 0, 0, 0, 0, 0, 0], [2, 2, 2, 2, 2, 2, 2, 2, 2, 2, 2, 2, 2, 2, 2, 2, 2, 2, -1, 2, 2, 2, 2, 2, 2, 2, 2, 2, 2, 2, 2, 2, 2, 2, 2, 2, 2, 2, 2, 2, 2, 2, 2, 2, 2, 2, 2, 2, 2, 2, 2, 2, 2, 2, 2, 2, 2], [2, 2, 2, 2, 2, 2, 2, 2, 2, 2, 2, 2, 2, 2, 2, 2, 2, 2, 2, -1, 2, 2, 2, 2, 2, 2, 2, 2, 2, 2, 2, 2, 2, 2, 2, 2, 2, 2, 2, 2, 2, 2, 2, 2, 2, 2, 2, 2, 2, 2, 2, 2, 2, 2, 2, 2, 2], [1, 1, 1, 1, 1, 1, 1, 1, 1, 1, 1, 1, 1, 1, 1, 1, 1, 1, 1, 1, -1, 1, 1, 1, 1, 1, 1, 1, 1, 1, 1, 1, 1, 1, 1, 1, 1, 1, 1, 1, 1, 1, 1, 1, 1, 1, 1, 1, 1, 1, 1, 1, 1, 1, 1, 1, 1], [2, 2, 2, 2, 2, 2, 2, 2, 2, 2, 2, 2, 2, 2, 2, 2, 2, 2, 2, 2, 2, -1, 2, 2, 2, 2, 2, 2, 2, 2, 2, 2, 2, 2, 2, 2, 2, 2, 2, 2, 2, 2, 2, 2, 2, 2, 2, 2, 2, 2, 2, 2, 2, 2, 2, 2, 2], [0, 0, 0, 0, 0, 0, 0, 0, 0, 0, 0, 0, 0, 0, 0, 0, 0, 0, 0, 0, 0, 0, -1, 0, 0, 0, 0, 0, 0, 0, 0, 0, 0, 0, 0, 0, 0, 0, 0, 0, 0, 0, 0, 0, 0, 0, 0, 0, 0, 0, 0, 0, 0, 0, 0, 0, 0], [2, 2, 2, 2, 2, 2, 2, 2, 2, 2, 2, 2, 2, 2, 2, 2, 2, 2, 2, 2, 2, 2, 2, -1, 2, 2, 2, 2, 2, 2, 2, 2, 2, 2, 2, 2, 2, 2, 2, 2, 2, 2, 2, 2, 2, 2, 2, 2, 2, 2, 2, 2, 2, 2, 2, 2, 2], [0, 0, 0, 0, 0, 0, 0, 0, 0, 0, 0, 0, 0, 0, 0, 0, 0, 0, 0, 0, 0, 0, 0, 0, -1, 0, 0, 0, 0, 0, 0, 0, 0, 0, 0, 0, 0, 0, 0, 0, 0, 0, 0, 0, 0, 0, 0, 0, 0, 0, 0, 0, 0, 0, 0, 0, 0], [0, 0, 0, 0, 0, 0, 0, 0, 0, 0, 0, 0, 0, 0, 0, 0, 0, 0, 0, 0, 0, 0, 0, 0, 0, -1, 0, 0, 0, 0, 0, 0, 0, 0, 0, 0, 0, 0, 0, 0, 0, 0, 0, 0, 0, 0, 0, 0, 0, 0, 0, 0, 0, 0, 0, 0, 0], [2, 2, 2, 2, 2, 2, 2, 2, 2, 2, 2, 2, 2, 2, 2, 2, 2, 2, 2, 2, 2, 2, 2, 2, 2, 2, -1, 2, 2, 2, 2, 2, 2, 2, 2, 2, 2, 2, 2, 2, 2, 2, 2, 2, 2, 2, 2, 2, 2, 2, 2, 2, 2, 2, 2, 2, 2], [0, 0, 0, 0, 0, 0, 0, 0, 0, 0, 0, 0, 0, 0, 0, 0, 0, 0, 0, 0, 0, 0, 0, 0, 0, 0, 0, -1, 0, 0, 0, 0, 0, 0, 0, 0, 0, 0, 0, 0, 0, 0, 0, 0, 0, 0, 0, 0, 0, 0, 0, 0, 0, 0, 0, 0, 0], [0, 0, 0, 0, 0, 0, 0, 0, 0, 0, 0, 0, 0, 0, 0, 0, 0, 0, 0, 0, 0, 0, 0, 0, 0, 0, 0, 0, -1, 0, 0, 0, 0, 0, 0, 0, 0, 0, 0, 0, 0, 0, 0, 0, 0, 0, 0, 0, 0, 0, 0, 0, 0, 0, 0, 0, 0], [2, 2, 2, 2, 2, 2, 2, 2, 2, 2, 2, 2, 2, 2, 2, 2, 2, 2, 2, 2, 2, 2, 2, 2, 2, 2, 2, 2, 2, -1, 2, 2, 2, 2, 2, 2, 2, 2, 2, 2, 2, 2, 2, 2, 2, 2, 2, 2, 2, 2, 2, 2, 2, 2, 2, 2, 2], [1, 1, 1, 1, 1, 1, 1, 1, 1, 1, 1, 1, 1, 1, 1, 1, 1, 1, 1, 1, 1, 1, 1, 1, 1, 1, 1, 1, 1, 1, -1, 1, 1, 1, 1, 1, 1, 1, 1, 1, 1, 1, 1, 1, 1, 1, 1, 1, 1, 1, 1, 1, 1, 1, 1, 1, 1], [1, 1, 1, 1, 1, 1, 1, 1, 1, 1, 1, 1, 1, 1, 1, 1, 1, 1, 1, 1, 1, 1, 1, 1, 1, 1, 1, 1, 1, 1, 1, -1, 1, 1, 1, 1, 1, 1, 1, 1, 1, 1, 1, 1, 1, 1, 1, 1, 1, 1, 1, 1, 1, 1, 1, 1, 1], [0, 0, 0, 0, 0, 0, 0, 0, 0, 0, 0, 0, 0, 0, 0, 0, 0, 0, 0, 0, 0, 0, 0, 0, 0, 0, 0, 0, 0, 0, 0, 0, -1, 0, 0, 0, 0, 0, 0, 0, 0, 0, 0, 0, 0, 0, 0, 0, 0, 0, 0, 0, 0, 0, 0, 0, 0], [2, 2, 2, 2, 2, 2, 2, 2, 2, 2, 2, 2, 2, 2, 2, 2, 2, 2, 2, 2, 2, 2, 2, 2, 2, 2, 2, 2, 2, 2, 2, 2, 2, -1, 2, 2, 2, 2, 2, 2, 2, 2, 2, 2, 2, 2, 2, 2, 2, 2, 2, 2, 2, 2, 2, 2, 2], [2, 2, 2, 2, 2, 2, 2, 2, 2, 2, 2, 2, 2, 2, 2, 2, 2, 2, 2, 2, 2, 2, 2, 2, 2, 2, 2, 2, 2, 2, 2, 2, 2, 2, -1, 2, 2, 2, 2, 2, 2, 2, 2, 2, 2, 2, 2, 2, 2, 2, 2, 2, 2, 2, 2, 2, 2], [0, 0, 0, 0, 0, 0, 0, 0, 0, 0, 0, 0, 0, 0, 0, 0, 0, 0, 0, 0, 0, 0, 0, 0, 0, 0, 0, 0, 0, 0, 0, 0, 0, 0, 0, -1, 0, 0, 0, 0, 0, 0, 0, 0, 0, 0, 0, 0, 0, 0, 0, 0, 0, 0, 0, 0, 0], [2, 2, 2, 2, 2, 2, 2, 2, 2, 2, 2, 2, 2, 2, 2, 2, 2, 2, 2, 2, 2, 2, 2, 2, 2, 2, 2, 2, 2, 2, 2, 2, 2, 2, 2, 2, -1, 2, 2, 2, 2, 2, 2, 2, 2, 2, 2, 2, 2, 2, 2, 2, 2, 2, 2, 2, 2], [2, 2, 2, 2, 2, 2, 2, 2, 2, 2, 2, 2, 2, 2, 2, 2, 2, 2, 2, 2, 2, 2, 2, 2, 2, 2, 2, 2, 2, 2, 2, 2, 2, 2, 2, 2, 2, -1, 2, 2, 2, 2, 2, 2, 2, 2, 2, 2, 2, 2, 2, 2, 2, 2, 2, 2, 2], [1, 1, 1, 1, 1, 1, 1, 1, 1, 1, 1, 1, 1, 1, 1, 1, 1, 1, 1, 1, 1, 1, 1, 1, 1, 1, 1, 1, 1, 1, 1, 1, 1, 1, 1, 1, 1, 1, -1, 1, 1, 1, 1, 1, 1, 1, 1, 1, 1, 1, 1, 1, 1, 1, 1, 1, 1], [2, 2, 2, 2, 2, 2, 2, 2, 2, 2, 2, 2, 2, 2, 2, 2, 2, 2, 2, 2, 2, 2, 2, 2, 2, 2, 2, 2, 2, 2, 2, 2, 2, 2, 2, 2, 2, 2, 2, -1, 2, 2, 2, 2, 2, 2, 2, 2, 2, 2, 2, 2, 2, 2, 2, 2, 2], [1, 1, 1, 1, 1, 1, 1, 1, 1, 1, 1, 1, 1, 1, 1, 1, 1, 1, 1, 1, 1, 1, 1, 1, 1, 1, 1, 1, 1, 1, 1, 1, 1, 1, 1, 1, 1, 1, 1, 1, -1, 1, 1, 1, 1, 1, 1, 1, 1, 1, 1, 1, 1, 1, 1, 1, 1], [0, 0, 0, 0, 0, 0, 0, 0, 0, 0, 0, 0, 0, 0, 0, 0, 0, 0, 0, 0, 0, 0, 0, 0, 0, 0, 0, 0, 0, 0, 0, 0, 0, 0, 0, 0, 0, 0, 0, 0, 0, -1, 0, 0, 0, 0, 0, 0, 0, 0, 0, 0, 0, 0, 0, 0, 0], [0, 0, 0, 0, 0, 0, 0, 0, 0, 0, 0, 0, 0, 0, 0, 0, 0, 0, 0, 0, 0, 0, 0, 0, 0, 0, 0, 0, 0, 0, 0, 0, 0, 0, 0, 0, 0, 0, 0, 0, 0, 0, -1, 0, 0, 0, 0, 0, 0, 0, 0, 0, 0, 0, 0, 0, 0], [2, 2, 2, 2, 2, 2, 2, 2, 2, 2, 2, 2, 2, 2, 2, 2, 2, 2, 2, 2, 2, 2, 2, 2, 2, 2, 2, 2, 2, 2, 2, 2, 2, 2, 2, 2, 2, 2, 2, 2, 2, 2, 2, -1, 2, 2, 2, 2, 2, 2, 2, 2, 2, 2, 2, 2, 2], [0, 0, 0, 0, 0, 0, 0, 0, 0, 0, 0, 0, 0, 0, 0, 0, 0, 0, 0, 0, 0, 0, 0, 0, 0, 0, 0, 0, 0, 0, 0, 0, 0, 0, 0, 0, 0, 0, 0, 0, 0, 0, 0, 0, -1, 0, 0, 0, 0, 0, 0, 0, 0, 0, 0, 0, 0], [0, 0, 0, 0, 0, 0, 0, 0, 0, 0, 0, 0, 0, 0, 0, 0, 0, 0, 0, 0, 0, 0, 0, 0, 0, 0, 0, 0, 0, 0, 0, 0, 0, 0, 0, 0, 0, 0, 0, 0, 0, 0, 0, 0, 0, -1, 0, 0, 0, 0, 0, 0, 0, 0, 0, 0, 0], [2, 2, 2, 2, 2, 2, 2, 2, 2, 2, 2, 2, 2, 2, 2, 2, 2, 2, 2, 2, 2, 2, 2, 2, 2, 2, 2, 2, 2, 2, 2, 2, 2, 2, 2, 2, 2, 2, 2, 2, 2, 2, 2, 2, 2, 2, -1, 2, 2, 2, 2, 2, 2, 2, 2, 2, 2], [0, 0, 0, 0, 0, 0, 0, 0, 0, 0, 0, 0, 0, 0, 0, 0, 0, 0, 0, 0, 0, 0, 0, 0, 0, 0, 0, 0, 0, 0, 0, 0, 0, 0, 0, 0, 0, 0, 0, 0, 0, 0, 0, 0, 0, 0, 0, -1, 0, 0, 0, 0, 0, 0, 0, 0, 0], [0, 0, 0, 0, 0, 0, 0, 0, 0, 0, 0, 0, 0, 0, 0, 0, 0, 0, 0, 0, 0, 0, 0, 0, 0, 0, 0, 0, 0, 0, 0, 0, 0, 0, 0, 0, 0, 0, 0, 0, 0, 0, 0, 0, 0, 0, 0, 0, -1, 0, 0, 0, 0, 0, 0, 0, 0], [0, 0, 0, 0, 0, 0, 0, 0, 0, 0, 0, 0, 0, 0, 0, 0, 0, 0, 0, 0, 0, 0, 0, 0, 0, 0, 0, 0, 0, 0, 0, 0, 0, 0, 0, 0, 0, 0, 0, 0, 0, 0, 0, 0, 0, 0, 0, 0, 0, -1, 0, 0, 0, 0, 0, 0, 0], [1, 1, 1, 1, 1, 1, 1, 1, 1, 1, 1, 1, 1, 1, 1, 1, 1, 1, 1, 1, 1, 1, 1, 1, 1, 1, 1, 1, 1, 1, 1, 1, 1, 1, 1, 1, 1, 1, 1, 1, 1, 1, 1, 1, 1, 1, 1, 1, 1, 1, -1, 1, 1, 1, 1, 1, 1], [0, 0, 0, 0, 0, 0, 0, 0, 0, 0, 0, 0, 0, 0, 0, 0, 0, 0, 0, 0, 0, 0, 0, 0, 0, 0, 0, 0, 0, 0, 0, 0, 0, 0, 0, 0, 0, 0, 0, 0, 0, 0, 0, 0, 0, 0, 0, 0, 0, 0, 0, -1, 0, 0, 0, 0, 0], [0, 0, 0, 0, 0, 0, 0, 0, 0, 0, 0, 0, 0, 0, 0, 0, 0, 0, 0, 0, 0, 0, 0, 0, 0, 0, 0, 0, 0, 0, 0, 0, 0, 0, 0, 0, 0, 0, 0, 0, 0, 0, 0, 0, 0, 0, 0, 0, 0, 0, 0, 0, -1, 0, 0, 0, 0], [2, 2, 2, 2, 2, 2, 2, 2, 2, 2, 2, 2, 2, 2, 2, 2, 2, 2, 2, 2, 2, 2, 2, 2, 2, 2, 2, 2, 2, 2, 2, 2, 2, 2, 2, 2, 2, 2, 2, 2, 2, 2, 2, 2, 2, 2, 2, 2, 2, 2, 2, 2, 2, -1, 2, 2, 2], [0, 0, 0, 0, 0, 0, 0, 0, 0, 0, 0, 0, 0, 0, 0, 0, 0, 0, 0, 0, 0, 0, 0, 0, 0, 0, 0, 0, 0, 0, 0, 0, 0, 0, 0, 0, 0, 0, 0, 0, 0, 0, 0, 0, 0, 0, 0, 0, 0, 0, 0, 0, 0, 0, -1, 0, 0], [1, 1, 1, 1, 1, 1, 1, 1, 1, 1, 1, 1, 1, 1, 1, 1, 1, 1, 1, 1, 1, 1, 1, 1, 1, 1, 1, 1, 1, 1, 1, 1, 1, 1, 1, 1, 1, 1, 1, 1, 1, 1, 1, 1, 1, 1, 1, 1, 1, 1, 1, 1, 1, 1, 1, -1, 1], [2, 2, 2, 2, 2, 2, 2, 2, 2, 2, 2, 2, 2, 2, 2, 2, 2, 2, 2, 2, 2, 2, 2, 2, 2, 2, 2, 2, 2, 2, 2, 2, 2, 2, 2, 2, 2, 2, 2, 2, 2, 2, 2, 2, 2, 2, 2, 2, 2, 2, 2, 2, 2, 2, 2, 2, -1]], "speed_zone_count": 73, "speed_zones": [[0.0, 15.0], [15.0, 30.0], [30.0, 45.0], [45.0, 60.0], [60.0, 75.0], [75.0, 90.0], [90.0, 105.0], [105.0, 120.0], [120.0, 135.0], [135.0, 150.0], [150.0, 165.0], [165.0, 180.0], [180.0, 195.0], [195.0, 210.0], [210.0, 225.0], [225.0, 240.0], [240.0, 255.0], [255.0, 270.0], [270.0, 285.0], [285.0, 300.0], [300.0, 315.0], [315.0, 330.0], [330.0, 345.0], [345.0, 360.0], [360.0, 375.0], [375.0, 390.0], [390.0, 405.0], [405.0, 420.0], [420.0, 435.0], [435.0, 450.0], [450.0, 465.0], [465.0, 480.0], [480.0, 495.0], [495.0, 510.0], [510.0, 525.0], [525.0, 540.0], [540.0, 555.0], [555.0, 570.0], [570.0, 585.0], [585.0, 600.0], [600.0, 615.0], [615.0, 630.0], [630.0, 645.0], [645.0, 660.0], [660.0, 675.0], [675.0, 690.0], [690.0, 705.0], [705.0, 720.0], [720.0, 735.0], [735.0, 750.0], [750.0, 765.0], [765.0, 780.0], [780.0, 795.0], [795.0, 810.0], [810.0, 825.0], [825.0, 840.0], [840.0, 855.0], [855.0, 870.0], [870.0, 885.0], [885.0, 900.0], [900.0, 915.0], [915.0, 930.0], [930.0, 945.0], [945.0, 960.0], [960.0, 975.0], [975.0, 990.0], [990.0, 1005.0], [1005.0, 1020.0], [1020.0, 1035.0], [1035.0, 1050.0], [1050.0, 1065.0], [1065.0, 1080.0], [1080.0, 5000.0]], "distances": [[0.0, 67.26, 69.58, 63.0, 59.85, 59.07, 88.58, 86.84, 55.93, 96.88, 53.0, 68.75, 74.35, 85.22, 61.95, 83.32, 58.81, 74.36, 60.42, 100.19, 74.02, 86.65, 58.62, 96.71, 74.45, 58.45, 48.77, 73.72, 76.01, 86.5, 74.42, 90.82, 72.87, 44.59, 57.69, 81.89, 102.1, 70.88, 59.94, 68.84, 70.91, 71.68, 68.05, 66.58, 73.82, 71.05, 104.81, 72.53, 73.19, 65.45, 87.36, 70.47, 68.05, 88.1, 76.79, 48.21, 0.0], [0.0, 0.0, 14.57, 10.49, 16.87, 16.61, 41.38, 26.42, 18.77, 34.83, 18.75, 23.43, 9.72, 39.3, 8.59, 41.17, 17.92, 26.33, 16.28, 38.8, 7.76, 50.54, 17.85, 38.46, 9.47, 13.48, 23.43, 7.03, 13.99, 47.98, 8.03, 29.4, 13.06, 22.93, 16.16, 19.25, 49.96, 14.17, 7.31, 27.79, 30.3, 4.89, 18.5, 18.25, 13.17, 24.49, 55.32, 5.28, 11.49, 13.94, 23.67, 23.79, 20.8, 47.78, 20.14, 20.82, 67.26], [0.0, 14.57, 0.0, 24.48, 9.9, 10.58, 27.45, 17.34, 13.81, 27.34, 16.59, 9.36, 9.64, 25.08, 10.32, 26.67, 31.24, 11.78, 29.92, 30.79, 19.45, 35.97, 11.23, 28.28, 10.13, 11.54, 33.86, 12.93, 7.68, 33.44, 19.41, 21.27, 4.44, 29.26, 28.97, 12.71, 37.62, 28.58, 16.73, 42.32, 16.07, 12.91, 4.62, 32.76, 5.47, 10.02, 42.44, 15.5, 6.19, 9.7, 18.16, 9.38, 6.89, 33.31, 7.7, 21.67, 69.58], [0.0, 10.49, 24.48, 0.0, 23.81, 23.2, 51.7, 36.72, 24.17, 44.67, 22.56, 32.62, 20.01, 49.5, 15.74, 51.12, 7.62, 36.21, 5.84, 48.68, 12.73, 60.24, 24.35, 48.76, 19.7, 19.3, 15.37, 16.62, 24.44, 57.83, 13.17, 39.5, 23.5, 18.94, 6.49, 29.46, 60.44, 8.59, 9.47, 18.25, 39.44, 14.73, 27.85, 8.91, 23.65, 34.02, 65.8, 13.58, 21.97, 22.87, 33.47, 33.27, 30.01, 57.77, 30.57, 21.94, 63.0], [0.0, 16.87, 9.9, 23.81, 0.0, 12.42, 33.03, 26.99, 10.03, 37.04, 7.13, 11.2, 17.44, 30.07, 8.46, 30.32, 28.88, 16.61, 28.11, 40.35, 24.07, 38.29, 9.79, 37.23, 17.78, 4.73, 28.52, 19.19, 17.18, 36.35, 24.21, 30.99, 13.83, 21.81, 26.24, 22.59, 44.94, 30.38, 14.39, 41.97, 17.06, 18.09, 8.5, 32.72, 14.88, 13.39, 49.08, 20.41, 14.87, 5.92, 28.06, 12.61, 9.31, 36.82, 16.95, 12.63, 59.85], [0.0, 16.61, 10.58, 23.2, 12.42, 0.0, 33.99, 27.76, 16.27, 37.81, 6.24, 12.17, 17.72, 31.04, 8.09, 31.27, 28.12, 17.57, 27.39, 41.14, 23.94, 39.19, 12.4, 38.1, 18.04, 12.16, 27.6, 19.28, 17.7, 37.27, 24.09, 31.75, 14.37, 20.85, 25.47, 23.2, 45.89, 29.94, 13.75, 41.32, 17.97, 18.09, 9.41, 32.11, 15.4, 14.35, 50.05, 20.35, 15.3, 6.51, 28.69, 13.58, 10.27, 37.76, 17.75, 11.71, 59.07], [0.0, 41.38, 27.45, 51.7, 33.03, 33.99, 0.0, 20.28, 36.1, 23.35, 39.75, 21.86, 33.04, 11.03, 37.53, 6.7, 58.67, 16.5, 57.28, 23.13, 43.92, 13.94, 33.69, 16.53, 33.51, 37.04, 60.86, 37.13, 28.33, 10.79, 43.7, 21.42, 28.35, 54.84, 56.42, 25.89, 13.77, 54.48, 44.13, 69.0, 17.78, 38.22, 25.24, 59.54, 28.41, 19.64, 16.41, 40.46, 30.14, 30.17, 26.35, 20.42, 23.8, 9.07, 21.34, 45.3, 88.58], [0.0, 26.42, 17.34, 36.72, 26.99, 27.76, 20.28, 0.0, 30.92, 10.06, 33.9, 20.08, 16.73, 20.08, 26.59, 23.94, 44.29, 16.15, 42.56, 13.45, 26.24, 33.51, 28.24, 12.05, 17.03, 28.82, 49.24, 20.26, 12.62, 30.35, 25.92, 12.6, 14.86, 46.06, 42.57, 7.31, 24.43, 37.18, 31.74, 52.09, 22.7, 22.01, 19.05, 43.12, 14.19, 18.34, 30.27, 23.58, 15.5, 21.47, 6.07, 18.54, 19.67, 29.06, 10.12, 39.01, 86.84], [0.0, 18.77, 13.81, 24.17, 10.03, 16.27, 36.1, 30.92, 0.0, 40.97, 11.22, 14.27, 20.82, 33.03, 10.2, 32.89, 28.33, 19.89, 27.82, 44.26, 26.34, 40.3, 10.36, 41.05, 21.12, 5.3, 26.65, 22.13, 20.95, 38.58, 26.53, 34.92, 17.62, 19.06, 25.63, 26.46, 48.37, 31.46, 14.77, 41.97, 19.34, 20.78, 12.26, 33.02, 18.65, 16.57, 52.32, 22.91, 18.51, 9.76, 31.94, 15.83, 12.75, 39.24, 20.86, 9.21, 55.93], [0.0, 34.83, 27.34, 44.67, 37.04, 37.81, 23.35, 10.06, 40.97, 0.0, 43.92, 29.73, 25.21, 24.56, 36.2, 28.86, 52.29, 25.18, 50.44, 14.4, 32.96, 37.29, 38.3, 7.79, 25.39, 38.74, 58.14, 28.08, 21.83, 34.14, 32.58, 6.07, 24.51, 55.65, 50.85, 15.88, 21.31, 43.64, 40.83, 58.41, 31.32, 30.08, 29.08, 50.03, 23.71, 27.81, 27.41, 31.11, 24.8, 31.47, 11.2, 28.11, 29.57, 32.36, 20.17, 48.97, 96.88], [0.0, 18.75, 16.59, 22.56, 7.13, 6.24, 39.75, 33.9, 11.22, 43.92, 0.0, 17.91, 22.44, 36.69, 10.62, 36.53, 25.91, 23.51, 25.61, 47.31, 26.5, 43.82, 6.16, 44.34, 22.68, 5.92, 23.38, 23.14, 23.24, 42.16, 26.74, 37.85, 20.0, 15.46, 23.19, 28.99, 51.95, 30.36, 13.5, 39.85, 22.96, 21.54, 15.63, 31.22, 20.99, 20.2, 55.96, 23.4, 20.59, 12.45, 34.48, 19.45, 16.3, 42.86, 23.95, 5.57, 53.0], [0.0, 23.43, 9.36, 32.62, 11.2, 12.17, 21.86, 20.08, 14.27, 29.73, 17.91, 0.0, 18.78, 18.87, 17.09, 19.25, 38.73, 5.71, 37.65, 32.4, 28.79, 27.76, 11.83, 28.13, 19.29, 15.48, 39.51, 22.27, 15.68, 25.56, 28.77, 24.02, 13.16, 33.01, 36.23, 18.65, 34.19, 37.59, 23.85, 50.79, 6.88, 22.25, 4.94, 41.27, 13.98, 11.12, 38.05, 24.85, 15.2, 9.75, 23.35, 10.35, 13.03, 25.84, 10.74, 23.47, 68.75], [0.0, 9.72, 9.64, 20.01, 17.44, 17.72, 33.04, 16.73, 20.82, 25.21, 22.44, 18.78, 0.0, 31.37, 12.41, 33.86, 27.56, 19.75, 25.85, 29.16, 10.97, 43.61, 18.77, 28.77, 9.9, 16.53, 32.92, 13.51, 4.72, 40.8, 10.81, 19.69, 5.69, 31.11, 25.87, 9.53, 40.58, 21.46, 15.75, 36.15, 25.16, 5.38, 14.25, 26.86, 5.08, 18.97, 46.1, 7.42, 13.51, 11.96, 14.16, 18.46, 16.47, 40.27, 11.84, 26.33, 74.35], [0.0, 39.3, 25.08, 49.5, 30.07, 31.04, 11.03, 20.08, 33.03, 24.56, 36.69, 18.87, 31.37, 0.0, 34.97, 4.32, 56.31, 13.72, 55.0, 24.85, 42.33, 13.42, 30.68, 18.36, 31.86, 34.21, 58.14, 35.47, 26.73, 10.27, 42.14, 21.82, 26.4, 51.88, 54.0, 24.95, 17.11, 52.7, 41.65, 67.04, 14.47, 36.41, 22.53, 57.53, 26.56, 16.72, 19.7, 38.74, 28.29, 27.53, 26.1, 17.51, 20.94, 9.15, 19.54, 42.21, 85.22], [0.0, 8.59, 10.32, 15.74, 8.46, 8.09, 37.53, 26.59, 10.2, 36.2, 10.62, 17.09, 12.41, 34.97, 0.0, 36.07, 21.64, 21.3, 20.57, 39.92, 16.15, 44.85, 9.33, 38.14, 12.55, 4.96, 23.54, 12.57, 14.44, 42.58, 16.35, 30.25, 11.73, 19.48, 19.18, 20.45, 47.94, 21.93, 6.77, 33.99, 23.81, 10.92, 12.57, 24.58, 12.49, 18.71, 52.75, 12.84, 11.49, 7.48, 25.77, 17.93, 14.55, 42.73, 17.8, 13.94, 61.95], [0.0, 41.17, 26.67, 51.12, 30.32, 31.27, 6.7, 23.94, 32.89, 28.86, 36.53, 19.25, 33.86, 4.32, 36.07, 0.0, 57.65, 14.91, 56.45, 29.16, 44.83, 9.87, 30.74, 22.66, 34.37, 34.72, 58.76, 37.93, 29.35, 6.94, 44.67, 25.94, 28.59, 51.93, 55.24, 28.24, 20.05, 54.9, 42.83, 68.96, 13.62, 38.68, 23.51, 59.41, 28.89, 17.38, 21.6, 41.11, 30.58, 28.59, 29.87, 18.17, 21.62, 6.66, 22.08, 41.95, 83.32], [0.0, 17.92, 31.24, 7.62, 28.88, 28.12, 58.67, 44.29, 28.33, 52.29, 25.91, 38.73, 27.56, 56.31, 21.64, 57.65, 0.0, 42.79, 13.46, 56.3, 20.04, 66.49, 29.13, 56.33, 27.27, 24.16, 10.03, 24.24, 31.91, 64.22, 20.48, 47.11, 30.74, 17.17, 14.12, 37.05, 67.84, 12.55, 14.88, 14.23, 45.38, 22.33, 34.17, 7.89, 30.98, 40.34, 73.11, 21.19, 29.34, 29.09, 41.09, 39.56, 36.19, 64.31, 37.77, 23.65, 58.81], [0.0, 26.33, 11.78, 36.21, 16.61, 17.57, 16.5, 16.15, 19.89, 25.18, 23.51, 5.71, 19.75, 13.72, 21.3, 14.91, 42.79, 0.0, 41.56, 27.5, 30.53, 24.23, 17.37, 22.79, 20.27, 20.55, 44.42, 23.68, 15.66, 21.66, 30.42, 19.84, 14.17, 38.39, 40.42, 16.72, 28.5, 40.22, 28.03, 54.1, 6.67, 24.16, 8.81, 44.54, 14.67, 11.57, 32.48, 26.68, 16.25, 13.84, 20.51, 13.4, 7.31, 21.56, 8.87, 29.08, 74.36], [0.0, 16.28, 29.92, 5.84, 28.11, 27.39, 57.28, 42.56, 27.82, 50.44, 25.61, 37.65, 25.85, 55.0, 20.57, 56.45, 13.46, 41.56, 0.0, 54.46, 18.08, 65.4, 28.44, 54.6, 25.53, 23.42, 11.7, 22.44, 30.26, 63.07, 18.51, 45.32, 29.21, 18.09, 12.33, 35.3, 66.24, 10.68, 13.87, 14.25, 44.38, 20.57, 33.01, 6.69, 29.41, 39.19, 71.56, 19.34, 27.75, 27.96, 39.25, 38.43, 35.09, 63.11, 36.27, 23.76, 60.42], [0.0, 38.8, 30.79, 48.68, 40.35, 41.14, 23.13, 13.45, 44.26, 14.4, 47.31, 32.4, 29.16, 24.85, 39.92, 29.16, 56.3, 27.5, 54.46, 0.0, 36.98, 36.9, 41.57, 6.61, 29.35, 42.27, 62.07, 32.08, 25.64, 33.82, 36.59, 9.67, 28.2, 59.4, 54.85, 19.74, 18.76, 47.64, 44.71, 62.38, 33.29, 34.07, 32.19, 54.04, 27.44, 30.35, 24.75, 35.13, 28.6, 34.91, 15.21, 30.73, 32.48, 31.89, 23.4, 52.46, 100.19], [0.0, 7.76, 19.45, 12.73, 24.07, 23.94, 43.92, 26.24, 26.34, 32.96, 26.5, 28.79, 10.97, 42.33, 16.15, 44.83, 20.04, 30.53, 18.08, 36.98, 0.0, 54.54, 25.17, 37.97, 10.48, 21.1, 27.9, 6.9, 15.61, 51.76, 13.09, 28.35, 16.36, 29.44, 19.23, 19.01, 50.63, 10.94, 14.51, 25.86, 35.5, 6.55, 23.93, 17.08, 15.95, 29.37, 56.36, 13.04, 14.3, 20.14, 21.95, 28.78, 26.27, 51.25, 22.81, 28.48, 74.02], [0.0, 50.54, 35.97, 60.24, 38.29, 39.19, 13.94, 33.51, 40.3, 37.29, 43.82, 27.76, 43.61, 13.42, 44.85, 9.87, 66.49, 24.23, 65.4, 36.9, 54.54, 0.0, 38.48, 30.3, 44.11, 42.91, 66.77, 47.65, 39.15, 16.81, 54.4, 35.13, 38.23, 59.26, 63.99, 38.09, 23.3, 64.44, 51.61, 78.27, 21.25, 48.3, 32.4, 68.72, 38.59, 26.23, 22.13, 50.78, 40.26, 37.44, 39.51, 26.99, 30.31, 5.03, 31.88, 48.96, 86.65], [0.0, 17.85, 11.23, 24.35, 9.79, 12.4, 33.69, 28.24, 10.36, 38.3, 6.16, 11.83, 18.77, 30.68, 9.33, 30.74, 29.13, 17.37, 28.44, 41.57, 25.17, 38.48, 0.0, 38.35, 19.1, 5.06, 28.29, 20.44, 18.54, 36.63, 25.32, 32.25, 15.19, 21.23, 26.46, 23.93, 45.8, 31.16, 14.89, 42.42, 17.33, 19.28, 9.56, 33.26, 16.24, 14.08, 49.84, 21.56, 16.23, 7.28, 29.39, 13.32, 10.14, 37.19, 18.17, 11.72, 58.62], [0.0, 38.46, 28.28, 48.76, 37.23, 38.1, 16.53, 12.05, 41.05, 7.79, 44.34, 28.13, 28.77, 18.36, 38.14, 22.66, 56.33, 22.79, 54.6, 6.61, 37.97, 30.3, 38.35, 0.0, 29.07, 39.78, 61.14, 32.24, 24.6, 27.21, 37.63, 9.71, 26.55, 57.49, 54.61, 19.31, 13.77, 48.89, 43.62, 63.79, 28.0, 34.04, 28.79, 54.99, 25.99, 25.92, 19.89, 35.52, 27.41, 32.25, 16.25, 26.41, 28.66, 25.29, 20.59, 49.72, 96.71], [0.0, 9.47, 10.13, 19.7, 17.78, 18.04, 33.51, 17.03, 21.12, 25.39, 22.68, 19.29, 9.9, 31.86, 12.55, 34.37, 27.27, 20.27, 25.53, 29.35, 10.48, 44.11, 19.1, 29.07, 0.0, 16.76, 32.76, 13.97, 5.18, 41.3, 10.31, 19.93, 6.2, 31.09, 25.61, 9.79, 40.96, 21.01, 15.67, 35.72, 25.68, 5.01, 14.74, 26.45, 5.6, 19.48, 46.5, 6.97, 13.14, 12.36, 14.29, 18.97, 16.96, 40.77, 12.33, 26.49, 74.45], [0.0, 13.48, 11.54, 19.3, 4.73, 12.16, 37.04, 28.82, 5.3, 38.74, 5.92, 15.48, 16.53, 34.21, 4.96, 34.72, 24.16, 20.55, 23.42, 42.27, 21.1, 42.91, 5.06, 39.78, 16.76, 0.0, 24.03, 17.29, 17.57, 40.89, 21.31, 32.69, 14.42, 18.03, 21.51, 23.44, 48.43, 26.28, 9.84, 37.37, 21.66, 15.78, 11.88, 28.21, 15.37, 17.5, 52.85, 17.78, 14.82, 7.54, 28.91, 16.71, 13.27, 41.29, 19.19, 10.27, 58.45], [0.0, 23.43, 33.86, 15.37, 28.52, 27.6, 60.86, 49.24, 26.65, 58.14, 23.38, 39.51, 32.92, 58.14, 23.54, 58.76, 10.03, 44.42, 11.7, 62.07, 27.9, 66.77, 28.29, 61.14, 32.76, 24.03, 0.0, 30.42, 36.62, 64.87, 28.34, 52.52, 34.65, 9.72, 9.2, 42.35, 71.46, 22.32, 17.53, 22.07, 45.57, 28.3, 35.63, 17.85, 35.16, 41.49, 76.28, 27.94, 33.74, 30.71, 47.04, 40.7, 37.24, 65.31, 41.23, 19.26, 48.77], [0.0, 7.03, 12.93, 16.62, 19.19, 19.28, 37.13, 20.26, 22.13, 28.08, 23.14, 22.27, 13.51, 35.47, 12.57, 37.93, 24.24, 23.68, 22.44, 32.08, 6.9, 47.65, 20.44, 32.24, 13.97, 17.29, 30.42, 0.0, 8.79, 44.86, 6.75, 22.88, 9.51, 29.72, 22.78, 12.95, 44.4, 17.41, 14.04, 32.16, 28.84, 11.92, 17.52, 22.96, 9.06, 22.67, 50.0, 12.31, 7.43, 14.37, 16.88, 22.11, 19.82, 44.36, 15.93, 26.31, 73.72], [0.0, 13.99, 7.68, 24.44, 17.18, 17.7, 28.33, 12.62, 20.95, 21.83, 23.24, 15.68, 4.72, 26.73, 14.44, 29.35, 31.91, 15.66, 30.26, 25.64, 15.61, 39.15, 18.54, 24.6, 5.18, 17.57, 36.62, 8.79, 0.0, 36.28, 15.41, 15.99, 10.41, 33.84, 30.08, 6.02, 36.01, 26.18, 19.14, 40.86, 21.55, 10.04, 11.79, 31.54, 9.8, 15.41, 41.46, 12.14, 13.86, 11.27, 11.39, 15.02, 13.71, 35.69, 7.27, 27.79, 76.01], [0.0, 47.98, 33.44, 57.83, 36.35, 37.27, 10.79, 30.35, 38.58, 34.14, 42.16, 25.56, 40.8, 10.27, 42.58, 6.94, 64.22, 21.66, 63.07, 33.82, 51.76, 16.81, 36.63, 27.21, 41.3, 40.89, 64.87, 44.86, 36.28, 0.0, 51.6, 31.95, 35.5, 57.63, 61.76, 35.04, 20.95, 61.79, 49.35, 75.76, 19.31, 45.59, 30.06, 66.2, 35.82, 23.88, 20.46, 48.03, 37.5, 35.13, 36.36, 24.66, 28.04, 13.6, 29.02, 47.43, 86.5], [0.0, 8.03, 19.41, 13.17, 24.21, 24.09, 43.7, 25.92, 26.53, 32.58, 26.74, 28.77, 10.81, 42.14, 16.35, 44.67, 20.48, 30.42, 18.51, 36.59, 13.09, 54.4, 25.32, 37.63, 10.31, 21.31, 28.34, 6.75, 15.41, 51.6, 0.0, 27.99, 16.25, 29.84, 19.67, 18.71, 50.32, 11.27, 14.85, 26.18, 35.44, 6.54, 23.92, 17.46, 15.82, 29.31, 56.06, 13.31, 14.18, 20.2, 21.58, 28.72, 26.25, 51.07, 22.63, 28.78, 74.42], [0.0, 29.4, 21.27, 39.5, 30.99, 31.75, 21.42, 12.6, 34.92, 6.07, 37.85, 24.02, 19.69, 21.82, 30.25, 25.94, 47.11, 19.84, 45.32, 9.67, 28.35, 35.13, 32.25, 9.71, 19.93, 32.69, 52.52, 22.88, 15.99, 31.95, 27.99, 0.0, 18.53, 49.73, 45.53, 10.18, 23.13, 39.23, 35.11, 54.12, 26.25, 24.78, 23.08, 45.41, 17.77, 22.21, 29.17, 26.08, 18.94, 25.41, 6.53, 22.44, 23.68, 30.45, 14.15, 42.91, 90.82], [0.0, 13.06, 4.44, 23.5, 13.83, 14.37, 28.35, 14.86, 17.62, 24.51, 20.0, 13.16, 5.69, 26.4, 11.73, 28.59, 30.74, 14.17, 29.21, 28.2, 16.36, 38.23, 15.19, 26.55, 6.2, 14.42, 34.65, 9.51, 10.41, 35.5, 16.25, 18.53, 0.0, 31.21, 28.71, 9.02, 37.16, 26.34, 17.13, 40.67, 19.48, 10.09, 8.84, 31.19, 9.92, 13.28, 42.37, 12.55, 10.63, 7.92, 14.5, 12.78, 10.95, 35.11, 7.08, 24.69, 72.87], [0.0, 22.93, 29.26, 18.94, 21.81, 20.85, 54.84, 46.06, 19.06, 55.65, 15.46, 33.01, 31.11, 51.88, 19.48, 51.93, 17.17, 38.39, 18.09, 59.4, 29.44, 59.26, 21.23, 57.49, 31.09, 18.03, 9.72, 29.72, 33.84, 57.63, 29.84, 49.73, 31.21, 0.0, 15.05, 39.84, 66.46, 27.36, 15.69, 30.89, 38.4, 27.6, 29.88, 24.78, 31.96, 35.2, 70.82, 28.14, 30.87, 25.49, 45.04, 34.42, 31.07, 58.3, 36.95, 10.43, 44.59], [0.0, 16.16, 28.97, 6.49, 26.24, 25.47, 56.42, 42.57, 25.63, 50.85, 23.19, 36.23, 25.87, 54.0, 19.18, 55.24, 14.12, 40.42, 12.33, 54.85, 19.23, 63.99, 26.46, 54.61, 25.61, 21.51, 9.2, 22.78, 30.08, 61.76, 19.67, 45.53, 28.71, 15.05, 0.0, 35.4, 65.87, 13.2, 12.41, 16.87, 42.85, 20.77, 31.74, 9.73, 29.01, 37.89, 71.05, 19.9, 27.41, 26.66, 39.65, 37.11, 33.72, 61.9, 35.69, 21.0, 57.69], [0.0, 19.25, 12.71, 29.46, 22.59, 23.2, 25.89, 7.31, 26.46, 15.88, 28.99, 18.65, 9.53, 24.95, 20.45, 28.24, 37.05, 16.72, 35.3, 19.74, 19.01, 38.09, 23.93, 19.31, 9.79, 23.44, 42.35, 12.95, 6.02, 35.04, 18.71, 10.18, 9.02, 39.84, 35.4, 0.0, 31.62, 29.95, 24.97, 44.84, 23.28, 14.74, 15.91, 35.83, 8.09, 17.65, 37.36, 16.27, 8.97, 16.7, 5.49, 17.52, 17.31, 34.1, 8.06, 33.7, 81.89], [0.0, 49.96, 37.62, 60.44, 44.94, 45.89, 13.77, 24.43, 48.37, 21.31, 51.95, 34.19, 40.58, 17.11, 47.94, 20.05, 67.84, 28.5, 66.24, 18.76, 50.63, 23.3, 45.8, 13.77, 40.96, 48.43, 71.46, 44.4, 36.01, 20.95, 50.32, 23.13, 37.16, 66.46, 65.87, 31.62, 0.0, 61.56, 54.11, 76.46, 31.19, 45.96, 36.6, 67.36, 36.87, 31.85, 6.12, 47.77, 38.5, 41.06, 29.57, 32.56, 35.65, 18.69, 30.28, 57.52, 102.1], [0.0, 14.17, 28.58, 8.59, 30.38, 29.94, 54.48, 37.18, 31.46, 43.64, 30.36, 37.59, 21.46, 52.7, 21.93, 54.9, 12.55, 40.22, 10.68, 47.64, 10.94, 64.44, 31.16, 48.89, 21.01, 26.28, 22.32, 17.41, 26.18, 61.79, 11.27, 39.23, 26.34, 27.36, 13.2, 29.95, 61.56, 0.0, 16.86, 14.92, 44.46, 16.29, 32.65, 6.69, 26.14, 38.58, 67.27, 14.04, 24.41, 28.09, 32.78, 37.9, 34.96, 61.44, 33.18, 30.33, 70.88], [0.0, 7.31, 16.73, 9.47, 14.39, 13.75, 44.13, 31.74, 14.77, 40.83, 13.5, 23.85, 15.75, 41.65, 6.77, 42.83, 14.88, 28.03, 13.87, 44.71, 14.51, 51.61, 14.89, 43.62, 15.67, 9.84, 17.53, 14.04, 19.14, 49.35, 14.85, 35.11, 17.13, 15.69, 12.41, 24.97, 54.11, 16.86, 0.0, 27.58, 30.53, 11.91, 19.33, 18.37, 17.63, 25.48, 59.09, 12.59, 16.24, 14.24, 29.89, 24.7, 21.32, 49.49, 23.82, 14.21, 59.94], [0.0, 27.79, 42.32, 18.25, 41.97, 41.32, 69.0, 52.09, 41.97, 58.41, 39.85, 50.79, 36.15, 67.04, 33.99, 68.96, 14.23, 54.1, 14.25, 62.38, 25.86, 78.27, 42.42, 63.79, 35.72, 37.37, 22.07, 32.16, 40.86, 75.76, 26.18, 54.12, 40.67, 30.89, 16.87, 44.84, 76.46, 14.92, 27.58, 0.0, 57.64, 30.84, 45.96, 9.56, 40.59, 52.09, 82.13, 28.78, 38.86, 41.05, 47.65, 51.36, 48.17, 75.58, 47.66, 37.87, 68.84], [0.0, 30.3, 16.07, 39.44, 17.06, 17.97, 17.78, 22.7, 19.34, 31.32, 22.96, 6.88, 25.16, 14.47, 23.81, 13.62, 45.38, 6.67, 44.38, 33.29, 35.5, 21.25, 17.33, 28.0, 25.68, 21.66, 45.57, 28.84, 21.55, 19.31, 35.44, 26.25, 19.48, 38.4, 42.85, 23.28, 31.19, 44.46, 30.53, 57.64, 0.0, 28.97, 11.8, 48.12, 20.17, 6.2, 34.17, 31.56, 21.57, 16.59, 27.18, 6.73, 9.51, 19.9, 15.29, 28.34, 70.91], [0.0, 4.89, 12.91, 14.73, 18.09, 18.09, 38.22, 22.01, 20.78, 30.08, 21.54, 22.25, 5.38, 36.41, 10.92, 38.68, 22.33, 24.16, 20.57, 34.07, 6.55, 48.3, 19.28, 34.04, 5.01, 15.78, 28.3, 11.92, 10.04, 45.59, 6.54, 24.78, 10.09, 27.6, 20.77, 14.74, 45.96, 16.29, 11.91, 30.84, 28.97, 0.0, 17.38, 21.5, 9.85, 22.87, 51.48, 10.17, 8.12, 13.72, 18.89, 22.26, 19.72, 45.18, 16.89, 24.46, 71.68], [0.0, 18.5, 4.62, 27.85, 8.5, 9.41, 25.24, 19.05, 12.26, 29.08, 15.63, 4.94, 14.25, 22.53, 12.57, 23.51, 34.17, 8.81, 33.01, 32.19, 23.93, 32.4, 9.56, 28.79, 14.74, 11.88, 35.63, 17.52, 11.79, 30.06, 23.92, 23.08, 8.84, 29.88, 31.74, 15.91, 36.6, 32.65, 19.33, 45.96, 11.8, 17.38, 0.0, 36.42, 9.79, 6.18, 40.97, 19.98, 10.74, 5.08, 21.11, 5.42, 10.43, 30.16, 8.94, 21.12, 68.05], [0.0, 18.25, 32.76, 8.91, 32.72, 32.11, 59.54, 43.12, 33.02, 50.03, 31.22, 41.27, 26.86, 57.53, 24.58, 59.41, 7.89, 44.54, 6.69, 54.04, 17.08, 68.72, 33.26, 54.99, 26.45, 28.21, 17.85, 22.96, 31.54, 66.2, 17.46, 45.41, 31.19, 24.78, 9.73, 35.83, 67.36, 6.69, 18.37, 9.56, 48.12, 21.5, 36.42, 0.0, 31.16, 42.54, 72.95, 19.59, 29.43, 31.54, 39.03, 41.81, 38.64, 66.03, 38.22, 29.98, 66.58], [0.0, 13.17, 5.47, 23.65, 14.88, 