{"digraph": {"vertex_count": 57, "arc_count": 3080, "arcs": [[0, 1, 1, 1, 1, 1, 1, 1, 1, 1, 1, 1, 1, 1, 1, 1, 1, 1, 1, 1, 1, 1, 1, 1, 1, 1, 1, 1, 1, 1, 1, 1, 1, 1, 1, 1, 1, 1, 1, 1, 1, 1, 1, 1, 1, 1, 1, 1, 1, 1, 1, 1, 1, 1, 1, 1, 1], [0, 0, 1, 1, 1, 1, 1, 1, 1, 1, 1, 1, 1, 1, 1, 1, 1, 1, 1, 1, 1, 1, 1, 1, 1, 1, 1, 1, 1, 1, 1, 1, 1, 1, 1, 1, 1, 1, 1, 1, 1, 1, 1, 1, 1, 1, 1, 1, 1, 1, 1, 1, 1, 1, 1, 1, 1], [0, 1, 0, 1, 1, 1, 1, 1, 1, 1, 1, 1, 1, 1, 1, 1, 1, 1, 1, 1, 1, 1, 1, 1, 1, 1, 1, 1, 1, 1, 1, 1, 1, 1, 1, 1, 1, 1, 1, 1, 1, 1, 1, 1, 1, 1, 1, 1, 1, 1, 1, 1, 1, 1, 1, 1, 1], [0, 1, 1, 0, 1, 1, 1, 1, 1, 1, 1, 1, 1, 1, 1, 1, 1, 1, 1, 1, 1, 1, 1, 1, 1, 1, 1, 1, 1, 1, 1, 1, 1, 1, 1, 1, 1, 1, 1, 1, 1, 1, 1, 1, 1, 1, 1, 1, 1, 1, 1, 1, 1, 1, 1, 1, 1], [0, 1, 1, 1, 0, 1, 1, 1, 1, 1, 1, 1, 1, 1, 1, 1, 1, 1, 1, 1, 1, 1, 1, 1, 1, 1, 1, 1, 1, 1, 1, 1, 1, 1, 1, 1, 1, 1, 1, 1, 1, 1, 1, 1, 1, 1, 1, 1, 1, 1, 1, 1, 1, 1, 1, 1, 1], [0, 1, 1, 1, 1, 0, 1, 1, 1, 1, 1, 1, 1, 1, 1, 1, 1, 1, 1, 1, 1, 1, 1, 1, 1, 1, 1, 1, 1, 1, 1, 1, 1, 1, 1, 1, 1, 1, 1, 1, 1, 1, 1, 1, 1, 1, 1, 1, 1, 1, 1, 1, 1, 1, 1, 1, 1], [0, 1, 1, 1, 1, 1, 0, 1, 1, 1, 1, 1, 1, 1, 1, 1, 1, 1, 1, 1, 1, 1, 1, 1, 1, 1, 1, 1, 1, 1, 1, 1, 1, 1, 1, 1, 1, 1, 1, 1, 1, 1, 1, 1, 1, 1, 1, 1, 1, 1, 1, 1, 1, 1, 1, 1, 1], [0, 1, 1, 1, 1, 1, 1, 0, 1, 1, 1, 1, 1, 1, 1, 1, 1, 1, 1, 1, 1, 1, 1, 1, 1, 1, 1, 1, 1, 1, 1, 1, 1, 1, 1, 1, 1, 1, 1, 1, 1, 1, 1, 1, 1, 1, 1, 1, 1, 1, 1, 1, 1, 1, 1, 1, 1], [0, 1, 1, 1, 1, 1, 1, 1, 0, 1, 1, 1, 1, 1, 1, 1, 1, 1, 1, 1, 1, 1, 1, 1, 1, 1, 1, 1, 1, 1, 1, 1, 1, 1, 1, 1, 1, 1, 1, 1, 1, 1, 1, 1, 1, 1, 1, 1, 1, 1, 1, 1, 1, 1, 1, 1, 1], [0, 1, 1, 1, 1, 1, 1, 1, 1, 0, 1, 1, 1, 1, 1, 1, 1, 1, 1, 1, 1, 1, 1, 1, 1, 1, 1, 1, 1, 1, 1, 1, 1, 1, 1, 1, 1, 1, 1, 1, 1, 1, 1, 1, 1, 1, 1, 1, 1, 1, 1, 1, 1, 1, 1, 1, 1], [0, 1, 1, 1, 1, 1, 1, 1, 1, 1, 0, 1, 1, 1, 1, 1, 1, 1, 1, 1, 1, 1, 1, 1, 1, 1, 1, 1, 1, 1, 1, 1, 1, 1, 1, 1, 1, 1, 1, 1, 1, 1, 1, 1, 1, 1, 1, 1, 1, 1, 1, 1, 1, 1, 1, 1, 1], [0, 1, 1, 1, 1, 1, 1, 1, 1, 1, 1, 0, 1, 1, 1, 1, 1, 1, 1, 1, 1, 1, 1, 1, 1, 1, 1, 1, 1, 1, 1, 1, 1, 1, 1, 1, 1, 1, 1, 1, 1, 1, 1, 1, 1, 1, 1, 1, 1, 1, 1, 1, 1, 1, 1, 1, 1], [0, 1, 1, 1, 1, 1, 1, 1, 1, 1, 1, 1, 0, 1, 1, 1, 1, 1, 1, 1, 1, 1, 1, 1, 1, 1, 1, 1, 1, 1, 1, 1, 1, 1, 1, 1, 1, 1, 1, 1, 1, 1, 1, 1, 1, 1, 1, 1, 1, 1, 1, 1, 1, 1, 1, 1, 1], [0, 1, 1, 1, 1, 1, 1, 1, 1, 1, 1, 1, 1, 0, 1, 1, 1, 1, 1, 1, 1, 1, 1, 1, 1, 1, 1, 1, 1, 1, 1, 1, 1, 1, 1, 1, 1, 1, 1, 1, 1, 1, 1, 1, 1, 1, 1, 1, 1, 1, 1, 1, 1, 1, 1, 1, 1], [0, 1, 1, 1, 1, 1, 1, 1, 1, 1, 1, 1, 1, 1, 0, 1, 1, 1, 1, 1, 1, 1, 1, 1, 1, 1, 1, 1, 1, 1, 1, 1, 1, 1, 1, 1, 1, 1, 1, 1, 1, 1, 1, 1, 1, 1, 1, 1, 1, 1, 1, 1, 1, 1, 1, 1, 1], [0, 1, 1, 1, 1, 1, 1, 1, 1, 1, 1, 1, 1, 1, 1, 0, 1, 1, 1, 1, 1, 1, 1, 1, 1, 1, 1, 1, 1, 1, 1, 1, 1, 1, 1, 1, 1, 1, 1, 1, 1, 1, 1, 1, 1, 1, 1, 1, 1, 1, 1, 1, 1, 1, 1, 1, 1], [0, 1, 1, 1, 1, 1, 1, 1, 1, 1, 1, 1, 1, 1, 1, 1, 0, 1, 1, 1, 1, 1, 1, 1, 1, 1, 1, 1, 1, 1, 1, 1, 1, 1, 1, 1, 1, 1, 1, 1, 1, 1, 1, 1, 1, 1, 1, 1, 1, 1, 1, 1, 1, 1, 1, 1, 1], [0, 1, 1, 1, 1, 1, 1, 1, 1, 1, 1, 1, 1, 1, 1, 1, 1, 0, 1, 1, 1, 1, 1, 1, 1, 1, 1, 1, 1, 1, 1, 1, 1, 1, 1, 1, 1, 1, 1, 1, 1, 1, 1, 1, 1, 1, 1, 1, 1, 1, 1, 1, 1, 1, 1, 1, 1], [0, 1, 1, 1, 1, 1, 1, 1, 1, 1, 1, 1, 1, 1, 1, 1, 1, 1, 0, 1, 1, 1, 1, 1, 1, 1, 1, 1, 1, 1, 1, 1, 1, 1, 1, 1, 1, 1, 1, 1, 1, 1, 1, 1, 1, 1, 1, 1, 1, 1, 1, 1, 1, 1, 1, 1, 1], [0, 1, 1, 1, 1, 1, 1, 1, 1, 1, 1, 1, 1, 1, 1, 1, 1, 1, 1, 0, 1, 1, 1, 1, 1, 1, 1, 1, 1, 1, 1, 1, 1, 1, 1, 1, 1, 1, 1, 1, 1, 1, 1, 1, 1, 1, 1, 1, 1, 1, 1, 1, 1, 1, 1, 1, 1], [0, 1, 1, 1, 1, 1, 1, 1, 1, 1, 1, 1, 1, 1, 1, 1, 1, 1, 1, 1, 0, 1, 1, 1, 1, 1, 1, 1, 1, 1, 1, 1, 1, 1, 1, 1, 1, 1, 1, 1, 1, 1, 1, 1, 1, 1, 1, 1, 1, 1, 1, 1, 1, 1, 1, 1, 1], [0, 1, 1, 1, 1, 1, 1, 1, 1, 1, 1, 1, 1, 1, 1, 1, 1, 1, 1, 1, 1, 0, 1, 1, 1, 1, 1, 1, 1, 1, 1, 1, 1, 1, 1, 1, 1, 1, 1, 1, 1, 1, 1, 1, 1, 1, 1, 1, 1, 1, 1, 1, 1, 1, 1, 1, 1], [0, 1, 1, 1, 1, 1, 1, 1, 1, 1, 1, 1, 1, 1, 1, 1, 1, 1, 1, 1, 1, 1, 0, 1, 1, 1, 1, 1, 1, 1, 1, 1, 1, 1, 1, 1, 1, 1, 1, 1, 1, 1, 1, 1, 1, 1, 1, 1, 1, 1, 1, 1, 1, 1, 1, 1, 1], [0, 1, 1, 1, 1, 1, 1, 1, 1, 1, 1, 1, 1, 1, 1, 1, 1, 1, 1, 1, 1, 1, 1, 0, 1, 1, 1, 1, 1, 1, 1, 1, 1, 1, 1, 1, 1, 1, 1, 1, 1, 1, 1, 1, 1, 1, 1, 1, 1, 1, 1, 1, 1, 1, 1, 1, 1], [0, 1, 1, 1, 1, 1, 1, 1, 1, 1, 1, 1, 1, 1, 1, 1, 1, 1, 1, 1, 1, 1, 1, 1, 0, 1, 1, 1, 1, 1, 1, 1, 1, 1, 1, 1, 1, 1, 1, 1, 1, 1, 1, 1, 1, 1, 1, 1, 1, 1, 1, 1, 1, 1, 1, 1, 1], [0, 1, 1, 1, 1, 1, 1, 1, 1, 1, 1, 1, 1, 1, 1, 1, 1, 1, 1, 1, 1, 1, 1, 1, 1, 0, 1, 1, 1, 1, 1, 1, 1, 1, 1, 1, 1, 1, 1, 1, 1, 1, 1, 1, 1, 1, 1, 1, 1, 1, 1, 1, 1, 1, 1, 1, 1], [0, 1, 1, 1, 1, 1, 1, 1, 1, 1, 1, 1, 1, 1, 1, 1, 1, 1, 1, 1, 1, 1, 1, 1, 1, 1, 0, 1, 1, 1, 1, 1, 1, 1, 1, 1, 1, 1, 1, 1, 1, 1, 1, 1, 1, 1, 1, 1, 1, 1, 1, 1, 1, 1, 1, 1, 1], [0, 1, 1, 1, 1, 1, 1, 1, 1, 1, 1, 1, 1, 1, 1, 1, 1, 1, 1, 1, 1, 1, 1, 1, 1, 1, 1, 0, 1, 1, 1, 1, 1, 1, 1, 1, 1, 1, 1, 1, 1, 1, 1, 1, 1, 1, 1, 1, 1, 1, 1, 1, 1, 1, 1, 1, 1], [0, 1, 1, 1, 1, 1, 1, 1, 1, 1, 1, 1, 1, 1, 1, 1, 1, 1, 1, 1, 1, 1, 1, 1, 1, 1, 1, 1, 0, 1, 1, 1, 1, 1, 1, 1, 1, 1, 1, 1, 1, 1, 1, 1, 1, 1, 1, 1, 1, 1, 1, 1, 1, 1, 1, 1, 1], [0, 1, 1, 1, 1, 1, 1, 1, 1, 1, 1, 1, 1, 1, 1, 1, 1, 1, 1, 1, 1, 1, 1, 1, 1, 1, 1, 1, 1, 0, 1, 1, 1, 1, 1, 1, 1, 1, 1, 1, 1, 1, 1, 1, 1, 1, 1, 1, 1, 1, 1, 1, 1, 1, 1, 1, 1], [0, 1, 1, 1, 1, 1, 1, 1, 1, 1, 1, 1, 1, 1, 1, 1, 1, 1, 1, 1, 1, 1, 1, 1, 1, 1, 1, 1, 1, 1, 0, 1, 1, 1, 1, 1, 1, 1, 1, 1, 1, 1, 1, 1, 1, 1, 1, 1, 1, 1, 1, 1, 1, 1, 1, 1, 1], [0, 1, 1, 1, 1, 1, 1, 1, 1, 1, 1, 1, 1, 1, 1, 1, 1, 1, 1, 1, 1, 1, 1, 1, 1, 1, 1, 1, 1, 1, 1, 0, 1, 1, 1, 1, 1, 1, 1, 1, 1, 1, 1, 1, 1, 1, 1, 1, 1, 1, 1, 1, 1, 1, 1, 1, 1], [0, 1, 1, 1, 1, 1, 1, 1, 1, 1, 1, 1, 1, 1, 1, 1, 1, 1, 1, 1, 1, 1, 1, 1, 1, 1, 1, 1, 1, 1, 1, 1, 0, 1, 1, 1, 1, 1, 1, 1, 1, 1, 1, 1, 1, 1, 1, 1, 1, 1, 1, 1, 1, 1, 1, 1, 1], [0, 1, 1, 1, 1, 1, 1, 1, 1, 1, 1, 1, 1, 1, 1, 1, 1, 1, 1, 1, 1, 1, 1, 1, 1, 1, 1, 1, 1, 1, 1, 1, 1, 0, 1, 1, 1, 1, 1, 1, 1, 1, 1, 1, 1, 1, 1, 1, 1, 1, 1, 1, 1, 1, 1, 1, 1], [0, 1, 1, 1, 1, 1, 1, 1, 1, 1, 1, 1, 1, 1, 1, 1, 1, 1, 1, 1, 1, 1, 1, 1, 1, 1, 1, 1, 1, 1, 1, 1, 1, 1, 0, 1, 1, 1, 1, 1, 1, 1, 1, 1, 1, 1, 1, 1, 1, 1, 1, 1, 1, 1, 1, 1, 1], [0, 1, 1, 1, 1, 1, 1, 1, 1, 1, 1, 1, 1, 1, 1, 1, 1, 1, 1, 1, 1, 1, 1, 1, 1, 1, 1, 1, 1, 1, 1, 1, 1, 1, 1, 0, 1, 1, 1, 1, 1, 1, 1, 1, 1, 1, 1, 1, 1, 1, 1, 1, 1, 1, 1, 1, 1], [0, 1, 1, 1, 1, 1, 1, 1, 1, 1, 1, 1, 1, 1, 1, 1, 1, 1, 1, 1, 1, 1, 1, 1, 1, 1, 1, 1, 1, 1, 1, 1, 1, 1, 1, 1, 0, 1, 1, 1, 1, 1, 1, 1, 1, 1, 1, 1, 1, 1, 1, 1, 1, 1, 1, 1, 1], [0, 1, 1, 1, 1, 1, 1, 1, 1, 1, 1, 1, 1, 1, 1, 1, 1, 1, 1, 1, 1, 1, 1, 1, 1, 1, 1, 1, 1, 1, 1, 1, 1, 1, 1, 1, 1, 0, 1, 1, 1, 1, 1, 1, 1, 1, 1, 1, 1, 1, 1, 1, 1, 1, 1, 1, 1], [0, 1, 1, 1, 1, 1, 1, 1, 1, 1, 1, 1, 1, 1, 1, 1, 1, 1, 1, 1, 1, 1, 1, 1, 1, 1, 1, 1, 1, 1, 1, 1, 1, 1, 1, 1, 1, 1, 0, 1, 1, 1, 1, 1, 1, 1, 1, 1, 1, 1, 1, 1, 1, 1, 1, 1, 1], [0, 1, 1, 1, 1, 1, 1, 1, 1, 1, 1, 1, 1, 1, 1, 1, 1, 1, 1, 1, 1, 1, 1, 1, 1, 1, 1, 1, 1, 1, 1, 1, 1, 1, 1, 1, 1, 1, 1, 0, 1, 1, 1, 1, 1, 1, 1, 1, 1, 1, 1, 1, 1, 1, 1, 1, 1], [0, 1, 1, 1, 1, 1, 1, 1, 1, 1, 1, 1, 1, 1, 1, 1, 1, 1, 1, 1, 1, 1, 1, 1, 1, 1, 1, 1, 1, 1, 1, 1, 1, 1, 1, 1, 1, 1, 1, 1, 0, 1, 1, 1, 1, 1, 1, 1, 1, 1, 1, 1, 1, 1, 1, 1, 1], [0, 1, 1, 1, 1, 1, 1, 1, 1, 1, 1, 1, 1, 1, 1, 1, 1, 1, 1, 1, 1, 1, 1, 1, 1, 1, 1, 1, 1, 1, 1, 1, 1, 1, 1, 1, 1, 1, 1, 1, 1, 0, 1, 1, 1, 1, 1, 1, 1, 1, 1, 1, 1, 1, 1, 1, 1], [0, 1, 1, 1, 1, 1, 1, 1, 1, 1, 1, 1, 1, 1, 1, 1, 1, 1, 1, 1, 1, 1, 1, 1, 1, 1, 1, 1, 1, 1, 1, 1, 1, 1, 1, 1, 1, 1, 1, 1, 1, 1, 0, 1, 1, 1, 1, 1, 1, 1, 1, 1, 1, 1, 1, 1, 1], [0, 1, 1, 1, 1, 1, 1, 1, 1, 1, 1, 1, 1, 1, 1, 1, 1, 1, 1, 1, 1, 1, 1, 1, 1, 1, 1, 1, 1, 1, 1, 1, 1, 1, 1, 1, 1, 1, 1, 1, 1, 1, 1, 0, 1, 1, 1, 1, 1, 1, 1, 1, 1, 1, 1, 1, 1], [0, 1, 1, 1, 1, 1, 1, 1, 1, 1, 1, 1, 1, 1, 1, 1, 1, 1, 1, 1, 1, 1, 1, 1, 1, 1, 1, 1, 1, 1, 1, 1, 1, 1, 1, 1, 1, 1, 1, 1, 1, 1, 1, 1, 0, 1, 1, 1, 1, 1, 1, 1, 1, 1, 1, 1, 1], [0, 1, 1, 1, 1, 1, 1, 1, 1, 1, 1, 1, 1, 1, 1, 1, 1, 1, 1, 1, 1, 1, 1, 1, 1, 1, 1, 1, 1, 1, 1, 1, 1, 1, 1, 1, 1, 1, 1, 1, 1, 1, 1, 1, 1, 0, 1, 1, 1, 1, 1, 1, 1, 1, 1, 1, 1], [0, 1, 1, 1, 1, 1, 1, 1, 1, 1, 1, 1, 1, 1, 1, 1, 1, 1, 1, 1, 1, 1, 1, 1, 1, 1, 1, 1, 1, 1, 1, 1, 1, 1, 1, 1, 1, 1, 1, 1, 1, 1, 1, 1, 1, 1, 0, 1, 1, 1, 1, 1, 1, 1, 1, 1, 1], [0, 1, 1, 1, 1, 1, 1, 1, 1, 1, 1, 1, 1, 1, 1, 1, 1, 1, 1, 1, 1, 1, 1, 1, 1, 1, 1, 1, 1, 1, 1, 1, 1, 1, 1, 1, 1, 1, 1, 1, 1, 1, 1, 1, 1, 1, 1, 0, 1, 1, 1, 1, 1, 1, 1, 1, 1], [0, 1, 1, 1, 1, 1, 1, 1, 1, 1, 1, 1, 1, 1, 1, 1, 1, 1, 1, 1, 1, 1, 1, 1, 1, 1, 1, 1, 1, 1, 1, 1, 1, 1, 1, 1, 1, 1, 1, 1, 1, 1, 1, 1, 1, 1, 1, 1, 0, 1, 1, 1, 1, 1, 1, 1, 1], [0, 1, 1, 1, 1, 1, 1, 1, 1, 1, 1, 1, 1, 1, 1, 1, 1, 1, 1, 1, 1, 1, 1, 1, 1, 1, 1, 1, 1, 1, 1, 1, 1, 1, 1, 1, 1, 1, 1, 1, 1, 1, 1, 1, 1, 1, 1, 1, 1, 0, 1, 1, 1, 1, 1, 1, 1], [0, 1, 1, 1, 1, 1, 1, 1, 1, 1, 1, 1, 1, 1, 1, 1, 1, 1, 1, 1, 1, 1, 1, 1, 1, 1, 1, 1, 1, 1, 1, 1, 1, 1, 1, 1, 1, 1, 1, 1, 1, 1, 1, 1, 1, 1, 1, 1, 1, 1, 0, 1, 1, 1, 1, 1, 1], [0, 1, 1, 1, 1, 1, 1, 1, 1, 1, 1, 1, 1, 1, 1, 1, 1, 1, 1, 1, 1, 1, 1, 1, 1, 1, 1, 1, 1, 1, 1, 1, 1, 1, 1, 1, 1, 1, 1, 1, 1, 1, 1, 1, 1, 1, 1, 1, 1, 1, 1, 0, 1, 1, 1, 1, 1], [0, 1, 1, 1, 1, 1, 1, 1, 1, 1, 1, 1, 1, 1, 1, 1, 1, 1, 1, 1, 1, 1, 1, 1, 1, 1, 1, 1, 1, 1, 1, 1, 1, 1, 1, 1, 1, 1, 1, 1, 1, 1, 1, 1, 1, 1, 1, 1, 1, 1, 1, 1, 0, 1, 1, 1, 1], [0, 1, 1, 1, 1, 1, 1, 1, 1, 1, 1, 1, 1, 1, 1, 1, 1, 1, 1, 1, 1, 1, 1, 1, 1, 1, 1, 1, 1, 1, 1, 1, 1, 1, 1, 1, 1, 1, 1, 1, 1, 1, 1, 1, 1, 1, 1, 1, 1, 1, 1, 1, 1, 0, 1, 1, 1], [0, 1, 1, 1, 1, 1, 1, 1, 1, 1, 1, 1, 1, 1, 1, 1, 1, 1, 1, 1, 1, 1, 1, 1, 1, 1, 1, 1, 1, 1, 1, 1, 1, 1, 1, 1, 1, 1, 1, 1, 1, 1, 1, 1, 1, 1, 1, 1, 1, 1, 1, 1, 1, 1, 0, 1, 1], [0, 1, 1, 1, 1, 1, 1, 1, 1, 1, 1, 1, 1, 1, 1, 1, 1, 1, 1, 1, 1, 1, 1, 1, 1, 1, 1, 1, 1, 1, 1, 1, 1, 1, 1, 1, 1, 1, 1, 1, 1, 1, 1, 1, 1, 1, 1, 1, 1, 1, 1, 1, 1, 1, 1, 0, 1], [0, 0, 0, 0, 0, 0, 0, 0, 0, 0, 0, 0, 0, 0, 0, 0, 0, 0, 0, 0, 0, 0, 0, 0, 0, 0, 0, 0, 0, 0, 0, 0, 0, 0, 0, 0, 0, 0, 0, 0, 0, 0, 0, 0, 0, 0, 0, 0, 0, 0, 0, 0, 0, 0, 0, 0, 0]]}, "cluster_count": 3, "cluster_speeds": [[0.8325, 0.765, 0.8325, 0.9, 0.7492500000000001, 0.6885, 0.7492500000000001, 0.81, 0.41625, 0.3825, 0.41625, 0.45, 0.27472500000000005, 0.25245, 0.27472500000000005, 0.29700000000000004, 0.333, 0.30600000000000005, 0.333, 0.36000000000000004, 0.49950000000000006, 0.459, 0.49950000000000006, 0.54, 0.6475, 0.595, 0.6475, 0.7, 0.37, 0.34, 0.37, 0.4, 0.30525, 0.2805, 0.30525, 0.33, 0.4625, 0.425, 0.4625, 0.5, 0.6475, 0.595, 0.6475, 0.7, 0.74, 0.68, 0.74, 0.8, 0.58275, 0.5355, 0.58275, 0.63, 0.41625, 0.3825, 0.41625, 0.45, 0.49950000000000006, 0.459, 0.49950000000000006, 0.54, 0.58275, 0.5355, 0.58275, 0.63, 0.7492500000000001, 0.6885, 0.7492500000000001, 0.81, 0.8325, 0.765, 0.8325, 0.9, 0.9], [0.87875, 0.8075, 0.87875, 0.95, 0.790875, 0.72675, 0.790875, 0.855, 0.439375, 0.40375, 0.439375, 0.475, 0.2899875, 0.266475, 0.2899875, 0.3135, 0.3515, 0.323, 0.3515, 0.38, 0.52725, 0.4845, 0.52725, 0.57, 0.6475, 0.595, 0.6475, 0.7, 0.37, 0.34, 0.37, 0.4, 0.30525, 0.2805, 0.30525, 0.33, 0.4625, 0.425, 0.4625, 0.5, 0.6475, 0.595, 0.6475, 0.7, 0.74, 0.68, 0.74, 0.8, 0.6151249999999999, 0.5652499999999999, 0.6151249999999999, 0.6649999999999999, 0.439375, 0.40375, 0.439375, 0.475, 0.52725, 0.4845, 0.52725, 0.57, 0.6151249999999999, 0.5652499999999999, 0.6151249999999999, 0.6649999999999999, 0.790875, 0.72675, 0.790875, 0.855, 0.87875, 0.8075, 0.87875, 0.95, 0.95], [0.925, 0.85, 0.925, 1.0, 0.8325, 0.765, 0.8325, 0.9, 0.4625, 0.425, 0.4625, 0.5, 0.30525, 0.2805, 0.30525, 0.33, 0.37, 0.34, 0.37, 0.4, 0.555, 0.51, 0.555, 0.6, 0.6475, 0.595, 0.6475, 0.7, 0.37, 0.34, 0.37, 0.4, 0.30525, 0.2805, 0.30525, 0.33, 0.4625, 0.425, 0.4625, 0.5, 0.6475, 0.595, 0.6475, 0.7, 0.74, 0.68, 0.74, 0.8, 0.6475, 0.595, 0.6475, 0.7, 0.4625, 0.425, 0.4625, 0.5, 0.555, 0.51, 0.555, 0.6, 0.6475, 0.595, 0.6475, 0.7, 0.8325, 0.765, 0.8325, 0.9, 0.925, 0.85, 0.925, 1.0, 1.0]], "clusters": [[-1, 2, 2, 2, 2, 2, 2, 2, 2, 2, 2, 2, 2, 2, 2, 2, 2, 2, 2, 2, 2, 2, 2, 2, 2, 2, 2, 2, 2, 2, 2, 2, 2, 2, 2, 2, 2, 2, 2, 2, 2, 2, 2, 2, 2, 2, 2, 2, 2, 2, 2, 2, 2, 2, 2, 2, 2], [0, -1, 0, 0, 0, 0, 0, 0, 0, 0, 0, 0, 0, 0, 0, 0, 0, 0, 0, 0, 0, 0, 0, 0, 0, 0, 0, 0, 0, 0, 0, 0, 0, 0, 0, 0, 0, 0, 0, 0, 0, 0, 0, 0, 0, 0, 0, 0, 0, 0, 0, 0, 0, 0, 0, 0, 0], [0, 0, -1, 0, 0, 0, 0, 0, 0, 0, 0, 0, 0, 0, 0, 0, 0, 0, 0, 0, 0, 0, 0, 0, 0, 0, 0, 0, 0, 0, 0, 0, 0, 0, 0, 0, 0, 0, 0, 0, 0, 0, 0, 0, 0, 0, 0, 0, 0, 0, 0, 0, 0, 0, 0, 0, 0], [1, 1, 1, -1, 1, 1, 1, 1, 1, 1, 1, 1, 1, 1, 1, 1, 1, 1, 1, 1, 1, 1, 1, 1, 1, 1, 1, 1, 1, 1, 1, 1, 1, 1, 1, 1, 1, 1, 1, 1, 1, 1, 1, 1, 1, 1, 1, 1, 1, 1, 1, 1, 1, 1, 1, 1, 1], [0, 0, 0, 0, -1, 0, 0, 0, 0, 0, 0, 0, 0, 0, 0, 0, 0, 0, 0, 0, 0, 0, 0, 0, 0, 0, 0, 0, 0, 0, 0, 0, 0, 0, 0, 0, 0, 0, 0, 0, 0, 0, 0, 0, 0, 0, 0, 0, 0, 0, 0, 0, 0, 0, 0, 0, 0], [0, 0, 0, 0, 0, -1, 0, 0, 0, 0, 0, 0, 0, 0, 0, 0, 0, 0, 0, 0, 0, 0, 0, 0, 0, 0, 0, 0, 0, 0, 0, 0, 0, 0, 0, 0, 0, 0, 0, 0, 0, 0, 0, 0, 0, 0, 0, 0, 0, 0, 0, 0, 0, 0, 0, 0, 0], [0, 0, 0, 0, 0, 0, -1, 0, 0, 0, 0, 0, 0, 0, 0, 0, 0, 0, 0, 0, 0, 0, 0, 0, 0, 0, 0, 0, 0, 0, 0, 0, 0, 0, 0, 0, 0, 0, 0, 0, 0, 0, 0, 0, 0, 0, 0, 0, 0, 0, 0, 0, 0, 0, 0, 0, 0], [1, 1, 1, 1, 1, 1, 1, -1, 1, 1, 1, 1, 1, 1, 1, 1, 1, 1, 1, 1, 1, 1, 1, 1, 1, 1, 1, 1, 1, 1, 1, 1, 1, 1, 1, 1, 1, 1, 1, 1, 1, 1, 1, 1, 1, 1, 1, 1, 1, 1, 1, 1, 1, 1, 1, 1, 1], [0, 0, 0, 0, 0, 0, 0, 0, -1, 0, 0, 0, 0, 0, 0, 0, 0, 0, 0, 0, 0, 0, 0, 0, 0, 0, 0, 0, 0, 0, 0, 0, 0, 0, 0, 0, 0, 0, 0, 0, 0, 0, 0, 0, 0, 0, 0, 0, 0, 0, 0, 0, 0, 0, 0, 0, 0], [0, 0, 0, 0, 0, 0, 0, 0, 0, -1, 0, 0, 0, 0, 0, 0, 0, 0, 0, 0, 0, 0, 0, 0, 0, 0, 0, 0, 0, 0, 0, 0, 0, 0, 0, 0, 0, 0, 0, 0, 0, 0, 0, 0, 0, 0, 0, 0, 0, 0, 0, 0, 0, 0, 0, 0, 0], [1, 1, 1, 1, 1, 1, 1, 1, 1, 1, -1, 1, 1, 1, 1, 1, 1, 1, 1, 1, 1, 1, 1, 1, 1, 1, 1, 1, 1, 1, 1, 1, 1, 1, 1, 1, 1, 1, 1, 1, 1, 1, 1, 1, 1, 1, 1, 1, 1, 1, 1, 1, 1, 1, 1, 1, 1], [0, 0, 0, 0, 0, 0, 0, 0, 0, 0, 0, -1, 0, 0, 0, 0, 0, 0, 0, 0, 0, 0, 0, 0, 0, 0, 0, 0, 0, 0, 0, 0, 0, 0, 0, 0, 0, 0, 0, 0, 0, 0, 0, 0, 0, 0, 0, 0, 0, 0, 0, 0, 0, 0, 0, 0, 0], [0, 0, 0, 0, 0, 0, 0, 0, 0, 0, 0, 0, -1, 0, 0, 0, 0, 0, 0, 0, 0, 0, 0, 0, 0, 0, 0, 0, 0, 0, 0, 0, 0, 0, 0, 0, 0, 0, 0, 0, 0, 0, 0, 0, 0, 0, 0, 0, 0, 0, 0, 0, 0, 0, 0, 0, 0], [1, 1, 1, 1, 1, 1, 1, 1, 1, 1, 1, 1, 1, -1, 1, 1, 1, 1, 1, 1, 1, 1, 1, 1, 1, 1, 1, 1, 1, 1, 1, 1, 1, 1, 1, 1, 1, 1, 1, 1, 1, 1, 1, 1, 1, 1, 1, 1, 1, 1, 1, 1, 1, 1, 1, 1, 1], [0, 0, 0, 0, 0, 0, 0, 0, 0, 0, 0, 0, 0, 0, -1, 0, 0, 0, 0, 0, 0, 0, 0, 0, 0, 0, 0, 0, 0, 0, 0, 0, 0, 0, 0, 0, 0, 0, 0, 0, 0, 0, 0, 0, 0, 0, 0, 0, 0, 0, 0, 0, 0, 0, 0, 0, 0], [1, 1, 1, 1, 1, 1, 1, 1, 1, 1, 1, 1, 1, 1, 1, -1, 1, 1, 1, 1, 1, 1, 1, 1, 1, 1, 1, 1, 1, 1, 1, 1, 1, 1, 1, 1, 1, 1, 1, 1, 1, 1, 1, 1, 1, 1, 1, 1, 1, 1, 1, 1, 1, 1, 1, 1, 1], [0, 0, 0, 0, 0, 0, 0, 0, 0, 0, 0, 0, 0, 0, 0, 0, -1, 0, 0, 0, 0, 0, 0, 0, 0, 0, 0, 0, 0, 0, 0, 0, 0, 0, 0, 0, 0, 0, 0, 0, 0, 0, 0, 0, 0, 0, 0, 0, 0, 0, 0, 0, 0, 0, 0, 0, 0], [1, 1, 1, 1, 1, 1, 1, 1, 1, 1, 1, 1, 1, 1, 1, 1, 1, -1, 1, 1, 1, 1, 1, 1, 1, 1, 1, 1, 1, 1, 1, 1, 1, 1, 1, 1, 1, 1, 1, 1, 1, 1, 1, 1, 1, 1, 1, 1, 1, 1, 1, 1, 1, 1, 1, 1, 1], [0, 0, 0, 0, 0, 0, 0, 0, 0, 0, 0, 0, 0, 0, 0, 0, 0, 0, -1, 0, 0, 0, 0, 0, 0, 0, 0, 0, 0, 0, 0, 0, 0, 0, 0, 0, 0, 0, 0, 0, 0, 0, 0, 0, 0, 0, 0, 0, 0, 0, 0, 0, 0, 0, 0, 0, 0], [0, 0, 0, 0, 0, 0, 0, 0, 0, 0, 0, 0, 0, 0, 0, 0, 0, 0, 0, -1, 0, 0, 0, 0, 0, 0, 0, 0, 0, 0, 0, 0, 0, 0, 0, 0, 0, 0, 0, 0, 0, 0, 0, 0, 0, 0, 0, 0, 0, 0, 0, 0, 0, 0, 0, 0, 0], [1, 1, 1, 1, 1, 1, 1, 1, 1, 1, 1, 1, 1, 1, 1, 1, 1, 1, 1, 1, -1, 1, 1, 1, 1, 1, 1, 1, 1, 1, 1, 1, 1, 1, 1, 1, 1, 1, 1, 1, 1, 1, 1, 1, 1, 1, 1, 1, 1, 1, 1, 1, 1, 1, 1, 1, 1], [0, 0, 0, 0, 0, 0, 0, 0, 0, 0, 0, 0, 0, 0, 0, 0, 0, 0, 0, 0, 0, -1, 0, 0, 0, 0, 0, 0, 0, 0, 0, 0, 0, 0, 0, 0, 0, 0, 0, 0, 0, 0, 0, 0, 0, 0, 0, 0, 0, 0, 0, 0, 0, 0, 0, 0, 0], [1, 1, 1, 1, 1, 1, 1, 1, 1, 1, 1, 1, 1, 1, 1, 1, 1, 1, 1, 1, 1, 1, -1, 1, 1, 1, 1, 1, 1, 1, 1, 1, 1, 1, 1, 1, 1, 1, 1, 1, 1, 1, 1, 1, 1, 1, 1, 1, 1, 1, 1, 1, 1, 1, 1, 1, 1], [0, 0, 0, 0, 0, 0, 0, 0, 0, 0, 0, 0, 0, 0, 0, 0, 0, 0, 0, 0, 0, 0, 0, -1, 0, 0, 0, 0, 0, 0, 0, 0, 0, 0, 0, 0, 0, 0, 0, 0, 0, 0, 0, 0, 0, 0, 0, 0, 0, 0, 0, 0, 0, 0, 0, 0, 0], [0, 0, 0, 0, 0, 0, 0, 0, 0, 0, 0, 0, 0, 0, 0, 0, 0, 0, 0, 0, 0, 0, 0, 0, -1, 0, 0, 0, 0, 0, 0, 0, 0, 0, 0, 0, 0, 0, 0, 0, 0, 0, 0, 0, 0, 0, 0, 0, 0, 0, 0, 0, 0, 0, 0, 0, 0], [0, 0, 0, 0, 0, 0, 0, 0, 0, 0, 0, 0, 0, 0, 0, 0, 0, 0, 0, 0, 0, 0, 0, 0, 0, -1, 0, 0, 0, 0, 0, 0, 0, 0, 0, 0, 0, 0, 0, 0, 0, 0, 0, 0, 0, 0, 0, 0, 0, 0, 0, 0, 0, 0, 0, 0, 0], [0, 0, 0, 0, 0, 0, 0, 0, 0, 0, 0, 0, 0, 0, 0, 0, 0, 0, 0, 0, 0, 0, 0, 0, 0, 0, -1, 0, 0, 0, 0, 0, 0, 0, 0, 0, 0, 0, 0, 0, 0, 0, 0, 0, 0, 0, 0, 0, 0, 0, 0, 0, 0, 0, 0, 0, 0], [1, 1, 1, 1, 1, 1, 1, 1, 1, 1, 1, 1, 1, 1, 1, 1, 1, 1, 1, 1, 1, 1, 1, 1, 1, 1, 1, -1, 1, 1, 1, 1, 1, 1, 1, 1, 1, 1, 1, 1, 1, 1, 1, 1, 1, 1, 1, 1, 1, 1, 1, 1, 1, 1, 1, 1, 1], [0, 0, 0, 0, 0, 0, 0, 0, 0, 0, 0, 0, 0, 0, 0, 0, 0, 0, 0, 0, 0, 0, 0, 0, 0, 0, 0, 0, -1, 0, 0, 0, 0, 0, 0, 0, 0, 0, 0, 0, 0, 0, 0, 0, 0, 0, 0, 0, 0, 0, 0, 0, 0, 0, 0, 0, 0], [0, 0, 0, 0, 0, 0, 0, 0, 0, 0, 0, 0, 0, 0, 0, 0, 0, 0, 0, 0, 0, 0, 0, 0, 0, 0, 0, 0, 0, -1, 0, 0, 0, 0, 0, 0, 0, 0, 0, 0, 0, 0, 0, 0, 0, 0, 0, 0, 0, 0, 0, 0, 0, 0, 0, 0, 0], [0, 0, 0, 0, 0, 0, 0, 0, 0, 0, 0, 0, 0, 0, 0, 0, 0, 0, 0, 0, 0, 0, 0, 0, 0, 0, 0, 0, 0, 0, -1, 0, 0, 0, 0, 0, 0, 0, 0, 0, 0, 0, 0, 0, 0, 0, 0, 0, 0, 0, 0, 0, 0, 0, 0, 0, 0], [0, 0, 0, 0, 0, 0, 0, 0, 0, 0, 0, 0, 0, 0, 0, 0, 0, 0, 0, 0, 0, 0, 0, 0, 0, 0, 0, 0, 0, 0, 0, -1, 0, 0, 0, 0, 0, 0, 0, 0, 0, 0, 0, 0, 0, 0, 0, 0, 0, 0, 0, 0, 0, 0, 0, 0, 0], [2, 2, 2, 2, 2, 2, 2, 2, 2, 2, 2, 2, 2, 2, 2, 2, 2, 2, 2, 2, 2, 2, 2, 2, 2, 2, 2, 2, 2, 2, 2, 2, -1, 2, 2, 2, 2, 2, 2, 2, 2, 2, 2, 2, 2, 2, 2, 2, 2, 2, 2, 2, 2, 2, 2, 2, 2], [0, 0, 0, 0, 0, 0, 0, 0, 0, 0, 0, 0, 0, 0, 0, 0, 0, 0, 0, 0, 0, 0, 0, 0, 0, 0, 0, 0, 0, 0, 0, 0, 0, -1, 0, 0, 0, 0, 0, 0, 0, 0, 0, 0, 0, 0, 0, 0, 0, 0, 0, 0, 0, 0, 0, 0, 0], [0, 0, 0, 0, 0, 0, 0, 0, 0, 0, 0, 0, 0, 0, 0, 0, 0, 0, 0, 0, 0, 0, 0, 0, 0, 0, 0, 0, 0, 0, 0, 0, 0, 0, -1, 0, 0, 0, 0, 0, 0, 0, 0, 0, 0, 0, 0, 0, 0, 0, 0, 0, 0, 0, 0, 0, 0], [0, 0, 0, 0, 0, 0, 0, 0, 0, 0, 0, 0, 0, 0, 0, 0, 0, 0, 0, 0, 0, 0, 0, 0, 0, 0, 0, 0, 0, 0, 0, 0, 0, 0, 0, -1, 0, 0, 0, 0, 0, 0, 0, 0, 0, 0, 0, 0, 0, 0, 0, 0, 0, 0, 0, 0, 0], [0, 0, 0, 0, 0, 0, 0, 0, 0, 0, 0, 0, 0, 0, 0, 0, 0, 0, 0, 0, 0, 0, 0, 0, 0, 0, 0, 0, 0, 0, 0, 0, 0, 0, 0, 0, -1, 0, 0, 0, 0, 0, 0, 0, 0, 0, 0, 0, 0, 0, 0, 0, 0, 0, 0, 0, 0], [1, 1, 1, 1, 1, 1, 1, 1, 1, 1, 1, 1, 1, 1, 1, 1, 1, 1, 1, 1, 1, 1, 1, 1, 1, 1, 1, 1, 1, 1, 1, 1, 1, 1, 1, 1, 1, -1, 1, 1, 1, 1, 1, 1, 1, 1, 1, 1, 1, 1, 1, 1, 1, 1, 1, 1, 1], [0, 0, 0, 0, 0, 0, 0, 0, 0, 0, 0, 0, 0, 0, 0, 0, 0, 0, 0, 0, 0, 0, 0, 0, 0, 0, 0, 0, 0, 0, 0, 0, 0, 0, 0, 0, 0, 0, -1, 0, 0, 0, 0, 0, 0, 0, 0, 0, 0, 0, 0, 0, 0, 0, 0, 0, 0], [0, 0, 0, 0, 0, 0, 0, 0, 0, 0, 0, 0, 0, 0, 0, 0, 0, 0, 0, 0, 0, 0, 0, 0, 0, 0, 0, 0, 0, 0, 0, 0, 0, 0, 0, 0, 0, 0, 0, -1, 0, 0, 0, 0, 0, 0, 0, 0, 0, 0, 0, 0, 0, 0, 0, 0, 0], [0, 0, 0, 0, 0, 0, 0, 0, 0, 0, 0, 0, 0, 0, 0, 0, 0, 0, 0, 0, 0, 0, 0, 0, 0, 0, 0, 0, 0, 0, 0, 0, 0, 0, 0, 0, 0, 0, 0, 0, -1, 0, 0, 0, 0, 0, 0, 0, 0, 0, 0, 0, 0, 0, 0, 0, 0], [0, 0, 0, 0, 0, 0, 0, 0, 0, 0, 0, 0, 0, 0, 0, 0, 0, 0, 0, 0, 0, 0, 0, 0, 0, 0, 0, 0, 0, 0, 0, 0, 0, 0, 0, 0, 0, 0, 0, 0, 0, -1, 0, 0, 0, 0, 0, 0, 0, 0, 0, 0, 0, 0, 0, 0, 0], [0, 0, 0, 0, 0, 0, 0, 0, 0, 0, 0, 0, 0, 0, 0, 0, 0, 0, 0, 0, 0, 0, 0, 0, 0, 0, 0, 0, 0, 0, 0, 0, 0, 0, 0, 0, 0, 0, 0, 0, 0, 0, -1, 0, 0, 0, 0, 0, 0, 0, 0, 0, 0, 0, 0, 0, 0], [0, 0, 0, 0, 0, 0, 0, 0, 0, 0, 0, 0, 0, 0, 0, 0, 0, 0, 0, 0, 0, 0, 0, 0, 0, 0, 0, 0, 0, 0, 0, 0, 0, 0, 0, 0, 0, 0, 0, 0, 0, 0, 0, -1, 0, 0, 0, 0, 0, 0, 0, 0, 0, 0, 0, 0, 0], [0, 0, 0, 0, 0, 0, 0, 0, 0, 0, 0, 0, 0, 0, 0, 0, 0, 0, 0, 0, 0, 0, 0, 0, 0, 0, 0, 0, 0, 0, 0, 0, 0, 0, 0, 0, 0, 0, 0, 0, 0, 0, 0, 0, -1, 0, 0, 0, 0, 0, 0, 0, 0, 0, 0, 0, 0], [0, 0, 0, 0, 0, 0, 0, 0, 0, 0, 0, 0, 0, 0, 0, 0, 0, 0, 0, 0, 0, 0, 0, 0, 0, 0, 0, 0, 0, 0, 0, 0, 0, 0, 0, 0, 0, 0, 0, 0, 0, 0, 0, 0, 0, -1, 0, 0, 0, 0, 0, 0, 0, 0, 0, 0, 0], [0, 0, 0, 0, 0, 0, 0, 0, 0, 0, 0, 0, 0, 0, 0, 0, 0, 0, 0, 0, 0, 0, 0, 0, 0, 0, 0, 0, 0, 0, 0, 0, 0, 0, 0, 0, 0, 0, 0, 0, 0, 0, 0, 0, 0, 0, -1, 0, 0, 0, 0, 0, 0, 0, 0, 0, 0], [0, 0, 0, 0, 0, 0, 0, 0, 0, 0, 0, 0, 0, 0, 0, 0, 0, 0, 0, 0, 0, 0, 0, 0, 0, 0, 0, 0, 0, 0, 0, 0, 0, 0, 0, 0, 0, 0, 0, 0, 0, 0, 0, 0, 0, 0, 0, -1, 0, 0, 0, 0, 0, 0, 0, 0, 0], [2, 2, 2, 2, 2, 2, 2, 2, 2, 2, 2, 2, 2, 2, 2, 2, 2, 2, 2, 2, 2, 2, 2, 2, 2, 2, 2, 2, 2, 2, 2, 2, 2, 2, 2, 2, 2, 2, 2, 2, 2, 2, 2, 2, 2, 2, 2, 2, -1, 2, 2, 2, 2, 2, 2, 2, 2], [0, 0, 0, 0, 0, 0, 0, 0, 0, 0, 0, 0, 0, 0, 0, 0, 0, 0, 0, 0, 0, 0, 0, 0, 0, 0, 0, 0, 0, 0, 0, 0, 0, 0, 0, 0, 0, 0, 0, 0, 0, 0, 0, 0, 0, 0, 0, 0, 0, -1, 0, 0, 0, 0, 0, 0, 0], [0, 0, 0, 0, 0, 0, 0, 0, 0, 0, 0, 0, 0, 0, 0, 0, 0, 0, 0, 0, 0, 0, 0, 0, 0, 0, 0, 0, 0, 0, 0, 0, 0, 0, 0, 0, 0, 0, 0, 0, 0, 0, 0, 0, 0, 0, 0, 0, 0, 0, -1, 0, 0, 0, 0, 0, 0], [0, 0, 0, 0, 0, 0, 0, 0, 0, 0, 0, 0, 0, 0, 0, 0, 0, 0, 0, 0, 0, 0, 0, 0, 0, 0, 0, 0, 0, 0, 0, 0, 0, 0, 0, 0, 0, 0, 0, 0, 0, 0, 0, 0, 0, 0, 0, 0, 0, 0, 0, -1, 0, 0, 0, 0, 0], [0, 0, 0, 0, 0, 0, 0, 0, 0, 0, 0, 0, 0, 0, 0, 0, 0, 0, 0, 0, 0, 0, 0, 0, 0, 0, 0, 0, 0, 0, 0, 0, 0, 0, 0, 0, 0, 0, 0, 0, 0, 0, 0, 0, 0, 0, 0, 0, 0, 0, 0, 0, -1, 0, 0, 0, 0], [0, 0, 0, 0, 0, 0, 0, 0, 0, 0, 0, 0, 0, 0, 0, 0, 0, 0, 0, 0, 0, 0, 0, 0, 0, 0, 0, 0, 0, 0, 0, 0, 0, 0, 0, 0, 0, 0, 0, 0, 0, 0, 0, 0, 0, 0, 0, 0, 0, 0, 0, 0, 0, -1, 0, 0, 0], [0, 0, 0, 0, 0, 0, 0, 0, 0, 0, 0, 0, 0, 0, 0, 0, 0, 0, 0, 0, 0, 0, 0, 0, 0, 0, 0, 0, 0, 0, 0, 0, 0, 0, 0, 0, 0, 0, 0, 0, 0, 0, 0, 0, 0, 0, 0, 0, 0, 0, 0, 0, 0, 0, -1, 0, 0], [0, 0, 0, 0, 0, 0, 0, 0, 0, 0, 0, 0, 0, 0, 0, 0, 0, 0, 0, 0, 0, 0, 0, 0, 0, 0, 0, 0, 0, 0, 0, 0, 0, 0, 0, 0, 0, 0, 0, 0, 0, 0, 0, 0, 0, 0, 0, 0, 0, 0, 0, 0, 0, 0, 0, -1, 0], [2, 2, 2, 2, 2, 2, 2, 2, 2, 2, 2, 2, 2, 2, 2, 2, 2, 2, 2, 2, 2, 2, 2, 2, 2, 2, 2, 2, 2, 2, 2, 2, 2, 2, 2, 2, 2, 2, 2, 2, 2, 2, 2, 2, 2, 2, 2, 2, 2, 2, 2, 2, 2, 2, 2, 2, -1]], "speed_zone_count": 73, "speed_zones": [[0.0, 15.0], [15.0, 30.0], [30.0, 45.0], [45.0, 60.0], [60.0, 75.0], [75.0, 90.0], [90.0, 105.0], [105.0, 120.0], [120.0, 135.0], [135.0, 150.0], [150.0, 165.0], [165.0, 180.0], [180.0, 195.0], [195.0, 210.0], [210.0, 225.0], [225.0, 240.0], [240.0, 255.0], [255.0, 270.0], [270.0, 285.0], [285.0, 300.0], [300.0, 315.0], [315.0, 330.0], [330.0, 345.0], [345.0, 360.0], [360.0, 375.0], [375.0, 390.0], [390.0, 405.0], [405.0, 420.0], [420.0, 435.0], [435.0, 450.0], [450.0, 465.0], [465.0, 480.0], [480.0, 495.0], [495.0, 510.0], [510.0, 525.0], [525.0, 540.0], [540.0, 555.0], [555.0, 570.0], [570.0, 585.0], [585.0, 600.0], [600.0, 615.0], [615.0, 630.0], [630.0, 645.0], [645.0, 660.0], [660.0, 675.0], [675.0, 690.0], [690.0, 705.0], [705.0, 720.0], [720.0, 735.0], [735.0, 750.0], [750.0, 765.0], [765.0, 780.0], [780.0, 795.0], [795.0, 810.0], [810.0, 825.0], [825.0, 840.0], [840.0, 855.0], [855.0, 870.0], [870.0, 885.0], [885.0, 900.0], [900.0, 915.0], [915.0, 930.0], [930.0, 945.0], [945.0, 960.0], [960.0, 975.0], [975.0, 990.0], [990.0, 1005.0], [1005.0, 1020.0], [1020.0, 1035.0], [1035.0, 1050.0], [1050.0, 1065.0], [1065.0, 1080.0], [1080.0, 5000.0]], "distances": [[0.0, 69.6, 64.53, 86.7, 59.47, 74.62, 68.31, 85.2, 70.82, 63.6, 55.16, 72.56, 65.72, 80.36, 71.08, 55.29, 69.26, 55.75, 80.72, 72.39, 90.63, 63.32, 63.64, 71.71, 71.96, 79.07, 73.26, 53.97, 69.32, 77.99, 71.16, 72.15, 95.07, 65.06, 82.34, 71.6, 69.19, 63.84, 82.61, 66.82, 68.49, 71.14, 77.46, 77.47, 59.08, 61.87, 72.52, 70.37, 89.0, 61.31, 66.76, 75.63, 70.06, 72.15, 71.96, 69.72, 0.0], [0.0, 0.0, 7.92, 17.11, 10.42, 9.82, 9.78, 16.64, 9.74, 6.01, 20.06, 9.6, 10.53, 21.97, 13.19, 14.71, 8.95, 17.87, 12.33, 5.73, 23.45, 7.49, 18.52, 6.27, 10.0, 9.82, 4.81, 19.65, 10.14, 13.09, 10.2, 11.28, 28.35, 4.71, 12.87, 11.03, 9.89, 23.83, 13.29, 10.01, 5.01, 7.51, 10.22, 8.02, 10.61, 10.45, 6.99, 9.87, 24.58, 8.49, 6.11, 6.89, 5.02, 6.39, 13.71, 6.22, 69.6], [0.0, 7.92, 0.0, 23.33, 6.04, 17.59, 5.22, 24.05, 9.57, 5.71, 12.33, 8.73, 6.07, 29.51, 9.22, 9.48, 7.2, 10.33, 19.96, 7.98, 31.09, 9.38, 11.13, 7.2, 17.21, 15.07, 9.31, 12.21, 9.48, 20.98, 8.72, 8.8, 36.0, 4.71, 18.47, 11.31, 9.2, 16.52, 20.31, 6.33, 4.17, 14.77, 18.12, 13.85, 6.93, 10.03, 7.99, 9.18, 32.49, 5.11, 9.06, 11.53, 12.23, 14.07, 10.09, 13.13, 64.53], [0.0, 17.11, 23.33, 0.0, 27.42, 15.03, 18.68, 6.12, 15.9, 23.12, 35.35, 14.62, 20.98, 21.81, 21.73, 31.69, 17.48, 33.58, 8.09, 15.55, 11.71, 23.92, 30.54, 16.57, 18.02, 8.36, 14.02, 35.49, 17.49, 13.81, 15.58, 19.34, 15.75, 21.72, 5.03, 15.33, 17.59, 34.82, 4.81, 19.89, 19.16, 17.38, 11.47, 9.49, 27.7, 26.18, 16.08, 16.34, 16.47, 25.52, 20.98, 11.85, 17.4, 15.76, 21.43, 18.17, 86.7], [0.0, 10.42, 6.04, 27.42, 0.0, 18.33, 8.85, 26.97, 11.87, 4.66, 11.55, 13.09, 6.7, 29.13, 15.11, 4.29, 9.96, 9.06, 22.55, 13.1, 33.52, 11.37, 14.51, 12.61, 16.95, 19.6, 13.8, 10.44, 10.81, 21.99, 11.86, 14.83, 38.38, 5.72, 22.9, 13.13, 10.6, 19.57, 23.71, 7.71, 9.26, 14.89, 19.95, 18.04, 8.53, 4.85, 13.48, 11.42, 33.92, 9.77, 7.75, 16.17, 12.73, 14.94, 16.01, 13.11, 59.47], [0.0, 9.82, 17.59, 15.03, 18.33, 0.0, 12.65, 11.1, 8.29, 13.77, 29.27, 11.78, 12.07, 12.23, 22.32, 22.26, 10.57, 26.91, 7.07, 13.95, 16.05, 16.68, 28.34, 14.95, 10.68, 12.5, 11.96, 28.55, 8.12, 12.93, 9.69, 20.08, 20.67, 13.44, 13.46, 6.45, 8.4, 33.64, 10.22, 11.42, 14.75, 11.14, 13.04, 10.87, 18.06, 19.85, 15.31, 8.58, 15.62, 16.53, 15.93, 12.29, 5.62, 12.72, 22.66, 5.3, 74.62], [0.0, 9.78, 5.22, 18.68, 8.85, 12.65, 0.0, 18.92, 4.43, 5.21, 17.51, 4.26, 9.62, 24.78, 10.8, 13.07, 9.64, 15.41, 14.76, 4.72, 25.9, 5.26, 15.69, 4.73, 12.72, 10.76, 4.97, 17.25, 4.8, 15.9, 9.43, 9.17, 30.81, 9.7, 14.06, 6.23, 4.52, 21.01, 15.3, 10.52, 8.85, 10.23, 12.93, 9.23, 9.28, 7.91, 5.61, 8.74, 27.29, 7.03, 9.69, 7.35, 7.68, 9.21, 11.42, 8.79, 68.31], [0.0, 16.64, 24.05, 6.12, 26.97, 11.1, 18.92, 0.0, 15.11, 22.36, 36.38, 15.58, 20.26, 15.76, 24.74, 31.22, 17.22, 34.33, 4.5, 17.18, 7.29, 24.08, 32.92, 18.32, 14.11, 10.93, 15.2, 36.18, 16.23, 8.78, 15.44, 22.25, 12.1, 21.32, 8.75, 13.89, 16.42, 37.68, 4.19, 19.26, 20.09, 14.25, 7.83, 10.99, 27.01, 26.82, 18.11, 15.56, 10.86, 25.03, 21.81, 13.65, 15.14, 13.07, 24.65, 15.52, 85.2], [0.0, 9.74, 9.57, 15.9, 11.87, 8.29, 4.43, 15.11, 0.0, 7.33, 21.7, 4.4, 5.2, 20.49, 14.34, 16.15, 9.6, 19.5, 10.75, 6.38, 21.84, 9.12, 20.07, 7.14, 8.75, 9.09, 4.93, 21.28, 9.22, 11.48, 10.66, 12.29, 26.74, 6.21, 11.91, 10.23, 8.95, 25.36, 11.89, 10.77, 6.47, 6.3, 8.57, 7.19, 11.99, 12.1, 7.73, 8.89, 22.93, 9.94, 7.7, 6.61, 11.68, 4.96, 14.79, 5.27, 70.82], [0.0, 6.01, 5.71, 23.12, 4.66, 13.77, 5.21, 22.36, 7.33, 0.0, 15.62, 9.32, 11.3, 24.97, 14.43, 8.86, 5.68, 13.21, 17.92, 9.92, 28.86, 9.55, 16.58, 9.78, 12.64, 15.64, 10.05, 14.79, 6.16, 17.41, 7.57, 13.4, 33.72, 9.92, 18.81, 8.49, 5.96, 21.93, 19.22, 11.14, 6.63, 10.44, 15.29, 13.93, 4.66, 6.77, 10.68, 6.87, 29.32, 10.82, 5.91, 12.4, 8.15, 10.33, 15.22, 8.66, 63.6], [0.0, 20.06, 12.33, 35.35, 11.55, 29.27, 17.51, 36.38, 21.7, 15.62, 0.0, 20.95, 17.19, 40.56, 16.11, 9.38, 19.38, 16.41, 32.27, 19.8, 43.41, 12.65, 8.79, 18.79, 28.26, 27.0, 21.45, 17.12, 21.24, 32.83, 21.02, 17.56, 48.32, 15.83, 30.38, 23.34, 20.98, 11.35, 32.59, 17.9, 16.36, 26.04, 30.26, 25.99, 12.24, 9.62, 19.37, 21.29, 44.58, 13.0, 14.59, 23.51, 23.66, 25.75, 16.93, 24.27, 55.16], [0.0, 9.6, 8.73, 14.62, 13.09, 11.78, 4.26, 15.58, 4.4, 9.32, 20.95, 0.0, 7.4, 23.93, 10.58, 17.29, 8.87, 19.04, 11.81, 8.98, 22.78, 9.35, 17.6, 8.99, 12.86, 6.52, 9.23, 20.94, 6.05, 14.37, 9.78, 8.3, 27.65, 7.65, 9.87, 5.82, 5.91, 22.64, 11.66, 6.37, 4.6, 10.51, 10.88, 5.13, 13.54, 11.58, 8.84, 4.49, 24.86, 11.28, 6.4, 11.01, 8.37, 8.93, 10.89, 9.65, 72.56], [0.0, 10.53, 6.07, 20.98, 6.7, 12.07, 9.62, 20.26, 5.2, 11.3, 17.19, 7.4, 0.0, 23.64, 13.85, 10.96, 9.8, 14.85, 15.85, 8.27, 26.85, 4.67, 17.2, 8.32, 11.29, 13.59, 8.13, 16.53, 12.62, 15.65, 5.46, 12.5, 31.72, 9.74, 16.71, 6.44, 11.5, 22.59, 17.08, 9.82, 5.52, 8.93, 13.32, 11.85, 6.79, 7.88, 9.2, 4.74, 27.49, 4.77, 5.4, 10.43, 6.48, 8.56, 14.56, 7.21, 65.72], [0.0, 21.97, 29.51, 21.81, 29.13, 12.23, 24.78, 15.76, 20.49, 24.97, 40.56, 23.93, 23.64, 0.0, 34.5, 32.51, 22.72, 38.11, 14.93, 26.1, 14.87, 28.31, 40.46, 27.13, 12.36, 23.21, 24.04, 39.57, 20.08, 9.8, 21.92, 32.21, 17.26, 25.06, 22.82, 18.66, 20.36, 45.79, 18.09, 23.2, 26.95, 14.74, 13.53, 22.03, 28.61, 31.52, 27.44, 20.75, 10.22, 27.56, 28.03, 23.98, 17.28, 15.57, 34.8, 16.44, 80.36], [0.0, 13.19, 9.22, 21.73, 15.11, 22.32, 10.8, 24.74, 14.34, 14.43, 16.11, 10.58, 13.85, 34.5, 0.0, 17.81, 12.53, 15.34, 21.72, 8.42, 32.01, 11.43, 9.1, 7.37, 23.09, 13.87, 10.53, 17.12, 15.38, 24.93, 12.75, 11.89, 36.71, 12.9, 16.79, 16.08, 15.13, 13.1, 20.55, 13.46, 8.48, 20.62, 21.36, 13.84, 16.06, 10.61, 7.12, 14.2, 34.89, 14.32, 8.55, 11.26, 18.19, 19.26, 14.49, 19.4, 71.08], [0.0, 14.71, 9.48, 31.69, 4.29, 22.26, 13.07, 31.22, 16.15, 8.86, 9.38, 17.29, 10.96, 32.51, 17.81, 0.0, 14.25, 7.02, 26.78, 17.12, 37.69, 8.03, 14.93, 16.52, 20.61, 23.81, 17.98, 7.74, 15.02, 25.94, 16.15, 18.01, 42.53, 10.01, 27.13, 17.35, 14.82, 19.37, 28.0, 11.98, 13.23, 18.74, 24.09, 22.29, 4.24, 7.25, 17.36, 15.69, 37.88, 6.22, 11.56, 20.34, 16.74, 18.97, 18.74, 16.98, 55.29], [0.0, 8.95, 7.2, 17.48, 9.96, 10.57, 9.64, 17.22, 9.6, 5.68, 19.38, 8.87, 9.8, 22.72, 12.53, 14.25, 0.0, 17.21, 12.95, 5.32, 24.08, 6.86, 17.77, 5.76, 10.73, 9.98, 4.67, 19.01, 9.67, 13.84, 9.46, 10.68, 28.99, 4.24, 13.12, 10.89, 9.42, 23.08, 13.78, 9.28, 4.28, 8.23, 10.93, 8.25, 10.21, 9.76, 6.52, 9.73, 25.29, 8.04, 5.36, 6.89, 5.71, 7.14, 13.07, 6.89, 69.26], [0.0, 17.87, 10.33, 33.58, 9.06, 26.91, 15.41, 34.33, 19.5, 13.21, 16.41, 19.04, 14.85, 38.11, 15.34, 7.02, 17.21, 0.0, 30.15, 18.07, 41.29, 10.39, 9.3, 17.12, 25.83, 25.26, 19.59, 14.76, 18.94, 30.5, 18.91, 16.49, 46.19, 13.52, 28.66, 21.09, 18.69, 12.84, 30.63, 15.6, 14.46, 23.64, 28.02, 24.14, 9.75, 7.52, 17.76, 19.07, 42.31, 10.55, 12.65, 21.74, 21.3, 23.41, 16.22, 21.87, 55.75], [0.0, 12.33, 19.96, 8.09, 22.55, 7.07, 14.76, 4.5, 10.75, 17.92, 32.27, 11.81, 15.85, 14.93, 21.72, 26.78, 12.95, 30.15, 0.0, 13.66, 11.14, 19.81, 29.4, 14.81, 10.11, 8.64, 11.56, 31.96, 11.78, 5.86, 11.25, 19.25, 16.05, 16.95, 7.89, 9.44, 11.97, 34.35, 8.69, 14.87, 16.15, 9.91, 12.33, 7.97, 22.57, 22.66, 14.76, 11.19, 13.17, 20.62, 17.8, 10.47, 10.65, 8.61, 21.77, 11.08, 80.72], [0.0, 5.73, 7.98, 15.55, 13.1, 13.95, 4.72, 17.18, 6.38, 9.92, 19.8, 8.98, 8.27, 26.1, 8.42, 17.12, 5.32, 18.07, 13.66, 0.0, 24.44, 9.09, 15.78, 9.45, 14.99, 7.2, 9.69, 19.98, 7.85, 16.51, 4.71, 6.12, 29.28, 8.14, 10.59, 7.93, 7.66, 20.7, 13.12, 7.37, 9.6, 12.6, 12.97, 6.3, 13.69, 10.8, 10.33, 6.38, 26.79, 11.44, 5.66, 10.01, 10.37, 11.07, 8.71, 11.65, 72.39], [0.0, 23.45, 31.09, 11.71, 33.52, 16.05, 25.9, 7.29, 21.84, 28.86, 43.41, 22.78, 26.85, 14.87, 32.01, 37.69, 24.08, 41.29, 11.14, 24.44, 0.0, 30.94, 40.2, 25.59, 18.67, 18.16, 22.43, 43.09, 22.71, 12.65, 22.39, 29.53, 4.91, 28.01, 15.68, 20.41, 22.92, 44.97, 11.46, 25.92, 27.22, 19.6, 13.62, 18.28, 33.46, 33.8, 25.39, 22.28, 5.75, 31.61, 28.91, 20.93, 21.1, 18.88, 31.91, 21.17, 90.63], [0.0, 7.49, 9.38, 23.92, 11.37, 16.68, 5.26, 24.08, 9.12, 9.55, 12.65, 9.35, 4.67, 28.31, 11.43, 8.03, 6.86, 10.39, 19.81, 9.09, 30.94, 0.0, 12.85, 8.53, 15.95, 15.86, 10.01, 12.16, 8.6, 20.21, 8.65, 10.87, 35.84, 10.09, 19.22, 10.7, 8.34, 18.21, 20.54, 5.27, 5.21, 13.6, 17.63, 14.44, 4.89, 10.77, 9.4, 8.68, 31.94, 9.44, 10.07, 12.36, 11.13, 13.15, 12.29, 11.88, 63.32], [0.0, 18.52, 11.13, 30.54, 14.51, 28.34, 15.69, 32.92, 20.07, 16.58, 8.79, 17.6, 17.2, 40.46, 9.1, 14.93, 17.77, 9.3, 29.4, 15.78, 40.2, 12.85, 0.0, 14.62, 28.26, 22.39, 17.84, 10.49, 20.38, 31.5, 18.83, 11.27, 45.02, 15.83, 25.53, 21.9, 20.1, 5.39, 28.81, 17.41, 13.64, 25.78, 28.28, 21.95, 15.52, 10.0, 14.82, 19.76, 42.45, 14.91, 12.43, 19.29, 23.22, 24.89, 9.68, 24.2, 63.64], [0.0, 6.27, 7.2, 16.57, 12.61, 14.95, 4.73, 18.32, 7.14, 9.78, 18.79, 8.99, 8.32, 27.13, 7.37, 16.52, 5.76, 17.12, 14.81, 9.45, 25.59, 8.53, 14.62, 0.0, 15.85, 8.21, 9.7, 19.04, 8.46, 17.59, 5.49, 5.17, 30.43, 7.99, 11.59, 8.79, 8.25, 19.55, 14.26, 7.52, 10.03, 13.43, 14.08, 7.41, 13.26, 9.97, 9.27, 7.08, 27.94, 11.04, 4.96, 4.8, 11.11, 11.96, 7.73, 12.37, 71.71], [0.0, 10.0, 17.21, 18.02, 16.95, 10.68, 12.72, 14.11, 8.75, 12.64, 28.26, 12.86, 11.29, 12.36, 23.09, 20.61, 10.73, 25.83, 10.11, 14.99, 18.67, 15.95, 28.26, 15.85, 0.0, 14.81, 13.2, 27.36, 7.93, 6.03, 10.37, 21.01, 23.14, 12.71, 16.16, 7.06, 8.2, 33.63, 13.21, 10.89, 15.0, 11.75, 6.58, 13.03, 16.53, 19.16, 16.36, 8.9, 17.59, 15.29, 15.88, 14.0, 5.05, 11.91, 23.54, 12.49, 71.96], [0.0, 9.82, 15.07, 8.36, 19.6, 12.5, 10.76, 10.93, 9.09, 15.64, 27.0, 6.52, 13.59, 23.21, 13.87, 23.81, 9.98, 25.26, 8.64, 7.2, 18.16, 15.86, 22.39, 8.21, 14.81, 0.0, 5.85, 27.17, 10.92, 13.5, 8.18, 11.4, 22.84, 14.05, 11.67, 9.32, 10.92, 26.92, 6.74, 12.49, 10.9, 13.12, 9.84, 10.4, 20.01, 17.92, 7.73, 9.44, 21.45, 17.77, 12.72, 12.2, 12.0, 11.26, 13.74, 13.13, 79.07], [0.0, 4.81, 9.31, 14.02, 13.8, 11.96, 4.97, 15.2, 4.93, 10.05, 21.45, 9.23, 8.13, 24.04, 10.53, 17.98, 4.67, 19.59, 11.56, 9.69, 22.43, 10.01, 17.84, 9.7, 13.2, 5.85, 0.0, 21.49, 6.65, 14.4, 10.33, 8.18, 27.29, 8.37, 9.22, 6.22, 6.52, 22.81, 11.22, 7.1, 5.14, 10.9, 10.84, 4.55, 14.25, 12.16, 9.38, 5.06, 24.67, 12.0, 6.96, 11.54, 8.85, 9.25, 10.77, 10.13, 73.26], [0.0, 19.65, 12.21, 35.49, 10.44, 28.55, 17.25, 36.18, 21.28, 14.79, 17.12, 20.94, 16.53, 39.57, 17.12, 7.74, 19.01, 14.76, 31.96, 19.98, 43.09, 12.16, 10.49, 19.04, 27.36, 27.17, 21.49, 0.0, 20.65, 32.17, 20.74, 18.35, 48.0, 15.22, 30.58, 22.83, 20.4, 13.37, 32.5, 17.32, 16.35, 25.22, 29.77, 26.04, 11.02, 9.38, 19.68, 20.84, 44.01, 12.07, 14.54, 23.65, 22.93, 25.07, 17.99, 23.44, 53.97], [0.0, 10.14, 9.48, 17.49, 10.81, 8.12, 4.8, 16.23, 9.22, 6.16, 21.24, 6.05, 12.62, 20.08, 15.38, 15.02, 9.67, 18.94, 11.78, 7.85, 22.71, 8.6, 20.38, 8.46, 7.93, 10.92, 6.65, 20.65, 0.0, 11.61, 11.11, 13.49, 27.57, 5.43, 13.67, 10.12, 9.32, 25.74, 13.29, 12.1, 7.09, 5.43, 9.17, 9.01, 10.79, 11.74, 9.15, 9.78, 23.37, 8.9, 7.96, 8.44, 12.48, 4.6, 15.91, 13.42, 69.32], [0.0, 13.09, 20.98, 13.81, 21.99, 12.93, 15.9, 8.78, 11.48, 17.41, 32.83, 14.37, 15.65, 9.8, 24.93, 25.94, 13.84, 30.5, 5.86, 16.51, 12.65, 20.21, 31.5, 17.59, 6.03, 13.5, 14.4, 32.17, 11.61, 0.0, 12.69, 22.57, 17.14, 17.0, 13.54, 9.68, 11.87, 36.74, 9.29, 14.94, 17.86, 7.26, 12.43, 12.24, 21.74, 23.35, 17.81, 11.83, 11.94, 20.18, 19.18, 14.19, 9.27, 7.1, 25.17, 8.98, 77.99], [0.0, 10.2, 8.72, 15.58, 11.86, 9.69, 9.43, 15.44, 10.66, 7.57, 21.02, 9.78, 5.46, 21.92, 12.75, 16.15, 9.46, 18.91, 11.25, 4.71, 22.39, 8.65, 18.83, 5.49, 10.37, 8.18, 10.33, 20.74, 11.11, 12.69, 0.0, 10.65, 27.29, 6.15, 11.25, 9.89, 11.22, 24.06, 11.91, 4.36, 5.19, 7.94, 9.52, 6.39, 12.12, 11.42, 6.06, 10.2, 23.85, 9.95, 6.65, 5.3, 5.66, 6.51, 13.17, 6.94, 71.16], [0.0, 11.28, 8.8, 19.34, 14.83, 20.08, 9.17, 22.25, 12.29, 13.4, 17.56, 8.3, 12.5, 32.21, 11.89, 18.01, 10.68, 16.49, 19.25, 6.12, 29.53, 10.87, 11.27, 5.17, 21.01, 11.4, 8.18, 18.35, 13.49, 22.57, 10.65, 0.0, 34.24, 11.74, 14.37, 13.96, 13.26, 15.53, 18.07, 11.95, 6.98, 18.58, 18.97, 11.35, 15.71, 10.77, 4.77, 12.19, 32.41, 13.76, 7.53, 8.78, 16.22, 17.13, 12.14, 17.47, 72.15], [0.0, 28.35, 36.0, 15.75, 38.38, 20.67, 30.81, 12.1, 26.74, 33.72, 48.32, 27.65, 31.72, 17.26, 36.71, 42.53, 28.99, 46.19, 16.05, 29.28, 4.91, 35.84, 45.02, 30.43, 23.14, 22.84, 27.29, 48.0, 27.57, 17.14, 27.29, 34.24, 0.0, 32.9, 20.15, 25.28, 27.79, 49.72, 16.22, 30.8, 32.12, 24.26, 18.45, 23.07, 38.29, 38.71, 30.2, 27.18, 7.04, 36.47, 33.81, 25.73, 25.88, 23.65, 36.57, 25.88, 95.07], [0.0, 4.71, 4.71, 21.72, 5.72, 13.44, 9.7, 21.32, 6.21, 9.92, 15.83, 7.65, 9.74, 25.06, 12.9, 10.01, 4.24, 13.52, 16.95, 8.14, 28.01, 10.09, 15.83, 7.99, 12.71, 14.05, 8.37, 15.22, 5.43, 17.0, 6.15, 11.74, 32.9, 0.0, 17.28, 7.63, 5.18, 21.21, 18.0, 9.58, 4.88, 10.34, 14.56, 12.41, 5.99, 6.46, 8.9, 5.76, 28.79, 9.82, 4.35, 10.74, 7.88, 9.92, 13.66, 8.63, 65.06], [0.0, 12.87, 18.47, 5.03, 22.9, 13.46, 14.06, 8.75, 11.91, 18.81, 30.38, 9.87, 16.71, 22.82, 16.79, 27.13, 13.12, 28.66, 7.89, 10.59, 15.68, 19.22, 25.53, 11.59, 16.16, 11.67, 9.22, 30.58, 13.67, 13.54, 11.25, 14.37, 20.15, 17.28, 0.0, 11.78, 13.71, 29.89, 4.92, 15.61, 14.3, 14.88, 10.23, 4.88, 23.26, 21.32, 11.06, 12.31, 19.59, 21.04, 16.12, 6.94, 14.25, 13.08, 16.55, 15.25, 82.34], [0.0, 11.03, 11.31, 15.33, 13.13, 6.45, 6.23, 13.89, 10.23, 8.49, 23.34, 5.82, 6.44, 18.66, 16.08, 17.35, 10.89, 21.09, 9.44, 7.93, 20.41, 10.7, 21.9, 8.79, 7.06, 9.32, 6.22, 22.83, 10.12, 9.68, 9.89, 13.96, 25.28, 7.63, 11.78, 0.0, 10.39, 27.19, 11.01, 5.53, 8.3, 4.68, 6.94, 7.38, 13.13, 13.76, 9.3, 10.31, 21.25, 11.21, 9.51, 7.45, 11.46, 12.27, 16.5, 11.75, 71.6], [0.0, 9.89, 9.2, 17.59, 10.6, 8.4, 4.52, 16.42, 8.95, 5.96, 20.98, 5.91, 11.5, 20.36, 15.13, 14.82, 9.42, 18.69, 11.97, 7.66, 22.92, 8.34, 20.1, 8.25, 8.2, 10.92, 6.52, 20.4, 9.32, 11.87, 11.22, 13.26, 27.79, 5.18, 13.71, 10.39, 0.0, 25.46, 13.43, 11.09, 6.83, 5.71, 9.4, 9.02, 10.6, 11.48, 8.95, 9.58, 23.62, 8.68, 7.69, 8.37, 12.2, 4.87, 15.67, 4.29, 69.19], [0.0, 23.83, 16.52, 34.82, 19.57, 33.64, 21.01, 37.68, 25.36, 21.93, 11.35, 22.64, 22.59, 45.79, 13.1, 19.37, 23.08, 12.84, 34.35, 20.7, 44.97, 18.21, 5.39, 19.55, 33.63, 26.92, 22.81, 13.37, 25.74, 36.74, 24.06, 15.53, 49.72, 21.21, 29.89, 27.19, 25.46, 0.0, 33.52, 22.79, 18.9, 31.15, 33.44, 26.69, 20.56, 15.27, 19.62, 25.07, 47.48, 20.15, 17.77, 24.05, 28.59, 30.22, 13.41, 29.58, 63.84], [0.0, 13.29, 20.31, 4.81, 23.71, 10.22, 15.3, 4.19, 11.89, 19.22, 32.59, 11.66, 17.08, 18.09, 20.55, 28.0, 13.78, 30.63, 8.69, 13.12, 11.46, 20.54, 28.81, 14.26, 13.21, 6.74, 11.22, 32.5, 13.29, 9.29, 11.91, 18.07, 16.22, 18.0, 4.92, 11.01, 13.43, 33.52, 0.0, 16.03, 16.24, 12.61, 6.67, 6.86, 23.87, 23.12, 13.99, 12.34, 14.82, 21.78, 18.01, 9.52, 12.83, 11.06, 20.46, 13.51, 82.61], [0.0, 10.01, 6.33, 19.89, 7.71, 11.42, 10.52, 19.26, 10.77, 11.14, 17.9, 6.37, 9.82, 23.2, 13.46, 11.98, 9.28, 15.6, 14.87, 7.37, 25.92, 5.27, 17.41, 7.52, 10.89, 12.49, 7.1, 17.32, 12.1, 14.94, 4.36, 11.95, 30.8, 9.58, 15.61, 5.53, 11.09, 22.79, 16.03, 0.0, 5.0, 8.46, 12.46, 10.75, 7.85, 8.43, 8.38, 10.85, 26.7, 5.77, 5.23, 9.37, 5.93, 7.89, 14.13, 6.81, 66.82], [0.0, 5.01, 4.17, 19.16, 9.26, 14.75, 8.85, 20.09, 6.47, 6.63, 16.36, 4.6, 5.52, 26.95, 8.48, 13.23, 4.28, 14.46, 16.15, 9.6, 27.22, 5.21, 13.64, 10.03, 15.0, 10.9, 5.14, 16.35, 7.09, 17.86, 5.19, 6.98, 32.12, 4.88, 14.3, 8.3, 6.83, 18.9, 16.24, 5.0, 0.0, 12.5, 14.69, 9.69, 9.91, 7.03, 4.24, 6.2, 28.97, 7.7, 9.23, 7.36, 9.97, 11.39, 9.13, 11.11, 68.49], [0.0, 7.51, 14.77, 17.38, 14.89, 11.14, 10.23, 14.25, 6.3, 10.44, 26.04, 10.51, 8.93, 14.74, 20.62, 18.74, 8.23, 23.64, 9.91, 12.6, 19.6, 13.6, 25.78, 13.43, 11.75, 13.12, 10.9, 25.22, 5.43, 7.26, 7.94, 18.58, 24.26, 10.34, 14.88, 4.68, 5.71, 31.15, 12.61, 8.46, 12.5, 0.0, 6.42, 11.25, 14.57, 16.81, 13.97, 6.42, 19.17, 13.15, 13.39, 11.91, 12.52, 10.03, 21.09, 10.0, 71.14], [0.0, 10.22, 18.12, 11.47, 19.95, 13.04, 12.93, 7.83, 8.57, 15.29, 30.26, 10.88, 13.32, 13.53, 21.36, 24.09, 10.93, 28.02, 12.33, 12.97, 13.62, 17.63, 28.28, 14.08, 6.58, 9.84, 10.84, 29.77, 9.17, 12.43, 9.52, 18.97, 18.45, 14.56, 10.23, 6.94, 9.4, 33.44, 6.67, 12.46, 14.69, 6.42, 0.0, 8.51, 19.85, 20.66, 14.24, 8.98, 14.36, 18.05, 16.15, 10.49, 7.51, 5.33, 21.56, 7.74, 77.46], [0.0, 8.02, 13.85, 9.49, 18.04, 10.87, 9.23, 10.99, 7.19, 13.93, 25.99, 5.13, 11.85, 22.03, 13.84, 22.29, 8.25, 24.14, 7.97, 6.3, 18.28, 14.44, 21.95, 7.41, 13.03, 10.4, 4.55, 26.04, 9.01, 12.24, 6.39, 11.35, 23.07, 12.41, 4.88, 7.38, 9.02, 26.69, 6.86, 10.75, 9.69, 11.25, 8.51, 0.0, 18.39, 16.7, 7.13, 7.56, 21.08, 16.17, 11.51, 11.6, 10.06, 9.4, 13.84, 11.21, 77.47], [0.0, 10.61, 6.93, 27.7, 8.53, 18.06, 9.28, 27.01, 11.99, 4.66, 12.24, 13.54, 6.79, 28.61, 16.06, 4.24, 10.21, 9.75, 22.57, 13.69, 33.46, 4.89, 15.52, 13.26, 16.53, 20.01, 14.25, 11.02, 10.79, 21.74, 12.12, 15.71, 38.29, 5.99, 23.26, 13.13, 10.6, 20.56, 23.87, 7.85, 9.91, 14.57, 19.85, 18.39, 0.0, 5.88, 14.15, 11.53, 33.68, 10.46, 8.49, 16.63, 12.51, 14.74, 16.96, 12.8, 59.08], [0.0, 10.45, 10.03, 26.18, 4.85, 19.85, 7.91, 26.82, 12.1, 6.77, 9.62, 11.58, 7.88, 31.52, 10.61, 7.25,