{"digraph": {"vertex_count": 57, "arc_count": 3080, "arcs": [[0, 1, 1, 1, 1, 1, 1, 1, 1, 1, 1, 1, 1, 1, 1, 1, 1, 1, 1, 1, 1, 1, 1, 1, 1, 1, 1, 1, 1, 1, 1, 1, 1, 1, 1, 1, 1, 1, 1, 1, 1, 1, 1, 1, 1, 1, 1, 1, 1, 1, 1, 1, 1, 1, 1, 1, 1], [0, 0, 1, 1, 1, 1, 1, 1, 1, 1, 1, 1, 1, 1, 1, 1, 1, 1, 1, 1, 1, 1, 1, 1, 1, 1, 1, 1, 1, 1, 1, 1, 1, 1, 1, 1, 1, 1, 1, 1, 1, 1, 1, 1, 1, 1, 1, 1, 1, 1, 1, 1, 1, 1, 1, 1, 1], [0, 1, 0, 1, 1, 1, 1, 1, 1, 1, 1, 1, 1, 1, 1, 1, 1, 1, 1, 1, 1, 1, 1, 1, 1, 1, 1, 1, 1, 1, 1, 1, 1, 1, 1, 1, 1, 1, 1, 1, 1, 1, 1, 1, 1, 1, 1, 1, 1, 1, 1, 1, 1, 1, 1, 1, 1], [0, 1, 1, 0, 1, 1, 1, 1, 1, 1, 1, 1, 1, 1, 1, 1, 1, 1, 1, 1, 1, 1, 1, 1, 1, 1, 1, 1, 1, 1, 1, 1, 1, 1, 1, 1, 1, 1, 1, 1, 1, 1, 1, 1, 1, 1, 1, 1, 1, 1, 1, 1, 1, 1, 1, 1, 1], [0, 1, 1, 1, 0, 1, 1, 1, 1, 1, 1, 1, 1, 1, 1, 1, 1, 1, 1, 1, 1, 1, 1, 1, 1, 1, 1, 1, 1, 1, 1, 1, 1, 1, 1, 1, 1, 1, 1, 1, 1, 1, 1, 1, 1, 1, 1, 1, 1, 1, 1, 1, 1, 1, 1, 1, 1], [0, 1, 1, 1, 1, 0, 1, 1, 1, 1, 1, 1, 1, 1, 1, 1, 1, 1, 1, 1, 1, 1, 1, 1, 1, 1, 1, 1, 1, 1, 1, 1, 1, 1, 1, 1, 1, 1, 1, 1, 1, 1, 1, 1, 1, 1, 1, 1, 1, 1, 1, 1, 1, 1, 1, 1, 1], [0, 1, 1, 1, 1, 1, 0, 1, 1, 1, 1, 1, 1, 1, 1, 1, 1, 1, 1, 1, 1, 1, 1, 1, 1, 1, 1, 1, 1, 1, 1, 1, 1, 1, 1, 1, 1, 1, 1, 1, 1, 1, 1, 1, 1, 1, 1, 1, 1, 1, 1, 1, 1, 1, 1, 1, 1], [0, 1, 1, 1, 1, 1, 1, 0, 1, 1, 1, 1, 1, 1, 1, 1, 1, 1, 1, 1, 1, 1, 1, 1, 1, 1, 1, 1, 1, 1, 1, 1, 1, 1, 1, 1, 1, 1, 1, 1, 1, 1, 1, 1, 1, 1, 1, 1, 1, 1, 1, 1, 1, 1, 1, 1, 1], [0, 1, 1, 1, 1, 1, 1, 1, 0, 1, 1, 1, 1, 1, 1, 1, 1, 1, 1, 1, 1, 1, 1, 1, 1, 1, 1, 1, 1, 1, 1, 1, 1, 1, 1, 1, 1, 1, 1, 1, 1, 1, 1, 1, 1, 1, 1, 1, 1, 1, 1, 1, 1, 1, 1, 1, 1], [0, 1, 1, 1, 1, 1, 1, 1, 1, 0, 1, 1, 1, 1, 1, 1, 1, 1, 1, 1, 1, 1, 1, 1, 1, 1, 1, 1, 1, 1, 1, 1, 1, 1, 1, 1, 1, 1, 1, 1, 1, 1, 1, 1, 1, 1, 1, 1, 1, 1, 1, 1, 1, 1, 1, 1, 1], [0, 1, 1, 1, 1, 1, 1, 1, 1, 1, 0, 1, 1, 1, 1, 1, 1, 1, 1, 1, 1, 1, 1, 1, 1, 1, 1, 1, 1, 1, 1, 1, 1, 1, 1, 1, 1, 1, 1, 1, 1, 1, 1, 1, 1, 1, 1, 1, 1, 1, 1, 1, 1, 1, 1, 1, 1], [0, 1, 1, 1, 1, 1, 1, 1, 1, 1, 1, 0, 1, 1, 1, 1, 1, 1, 1, 1, 1, 1, 1, 1, 1, 1, 1, 1, 1, 1, 1, 1, 1, 1, 1, 1, 1, 1, 1, 1, 1, 1, 1, 1, 1, 1, 1, 1, 1, 1, 1, 1, 1, 1, 1, 1, 1], [0, 1, 1, 1, 1, 1, 1, 1, 1, 1, 1, 1, 0, 1, 1, 1, 1, 1, 1, 1, 1, 1, 1, 1, 1, 1, 1, 1, 1, 1, 1, 1, 1, 1, 1, 1, 1, 1, 1, 1, 1, 1, 1, 1, 1, 1, 1, 1, 1, 1, 1, 1, 1, 1, 1, 1, 1], [0, 1, 1, 1, 1, 1, 1, 1, 1, 1, 1, 1, 1, 0, 1, 1, 1, 1, 1, 1, 1, 1, 1, 1, 1, 1, 1, 1, 1, 1, 1, 1, 1, 1, 1, 1, 1, 1, 1, 1, 1, 1, 1, 1, 1, 1, 1, 1, 1, 1, 1, 1, 1, 1, 1, 1, 1], [0, 1, 1, 1, 1, 1, 1, 1, 1, 1, 1, 1, 1, 1, 0, 1, 1, 1, 1, 1, 1, 1, 1, 1, 1, 1, 1, 1, 1, 1, 1, 1, 1, 1, 1, 1, 1, 1, 1, 1, 1, 1, 1, 1, 1, 1, 1, 1, 1, 1, 1, 1, 1, 1, 1, 1, 1], [0, 1, 1, 1, 1, 1, 1, 1, 1, 1, 1, 1, 1, 1, 1, 0, 1, 1, 1, 1, 1, 1, 1, 1, 1, 1, 1, 1, 1, 1, 1, 1, 1, 1, 1, 1, 1, 1, 1, 1, 1, 1, 1, 1, 1, 1, 1, 1, 1, 1, 1, 1, 1, 1, 1, 1, 1], [0, 1, 1, 1, 1, 1, 1, 1, 1, 1, 1, 1, 1, 1, 1, 1, 0, 1, 1, 1, 1, 1, 1, 1, 1, 1, 1, 1, 1, 1, 1, 1, 1, 1, 1, 1, 1, 1, 1, 1, 1, 1, 1, 1, 1, 1, 1, 1, 1, 1, 1, 1, 1, 1, 1, 1, 1], [0, 1, 1, 1, 1, 1, 1, 1, 1, 1, 1, 1, 1, 1, 1, 1, 1, 0, 1, 1, 1, 1, 1, 1, 1, 1, 1, 1, 1, 1, 1, 1, 1, 1, 1, 1, 1, 1, 1, 1, 1, 1, 1, 1, 1, 1, 1, 1, 1, 1, 1, 1, 1, 1, 1, 1, 1], [0, 1, 1, 1, 1, 1, 1, 1, 1, 1, 1, 1, 1, 1, 1, 1, 1, 1, 0, 1, 1, 1, 1, 1, 1, 1, 1, 1, 1, 1, 1, 1, 1, 1, 1, 1, 1, 1, 1, 1, 1, 1, 1, 1, 1, 1, 1, 1, 1, 1, 1, 1, 1, 1, 1, 1, 1], [0, 1, 1, 1, 1, 1, 1, 1, 1, 1, 1, 1, 1, 1, 1, 1, 1, 1, 1, 0, 1, 1, 1, 1, 1, 1, 1, 1, 1, 1, 1, 1, 1, 1, 1, 1, 1, 1, 1, 1, 1, 1, 1, 1, 1, 1, 1, 1, 1, 1, 1, 1, 1, 1, 1, 1, 1], [0, 1, 1, 1, 1, 1, 1, 1, 1, 1, 1, 1, 1, 1, 1, 1, 1, 1, 1, 1, 0, 1, 1, 1, 1, 1, 1, 1, 1, 1, 1, 1, 1, 1, 1, 1, 1, 1, 1, 1, 1, 1, 1, 1, 1, 1, 1, 1, 1, 1, 1, 1, 1, 1, 1, 1, 1], [0, 1, 1, 1, 1, 1, 1, 1, 1, 1, 1, 1, 1, 1, 1, 1, 1, 1, 1, 1, 1, 0, 1, 1, 1, 1, 1, 1, 1, 1, 1, 1, 1, 1, 1, 1, 1, 1, 1, 1, 1, 1, 1, 1, 1, 1, 1, 1, 1, 1, 1, 1, 1, 1, 1, 1, 1], [0, 1, 1, 1, 1, 1, 1, 1, 1, 1, 1, 1, 1, 1, 1, 1, 1, 1, 1, 1, 1, 1, 0, 1, 1, 1, 1, 1, 1, 1, 1, 1, 1, 1, 1, 1, 1, 1, 1, 1, 1, 1, 1, 1, 1, 1, 1, 1, 1, 1, 1, 1, 1, 1, 1, 1, 1], [0, 1, 1, 1, 1, 1, 1, 1, 1, 1, 1, 1, 1, 1, 1, 1, 1, 1, 1, 1, 1, 1, 1, 0, 1, 1, 1, 1, 1, 1, 1, 1, 1, 1, 1, 1, 1, 1, 1, 1, 1, 1, 1, 1, 1, 1, 1, 1, 1, 1, 1, 1, 1, 1, 1, 1, 1], [0, 1, 1, 1, 1, 1, 1, 1, 1, 1, 1, 1, 1, 1, 1, 1, 1, 1, 1, 1, 1, 1, 1, 1, 0, 1, 1, 1, 1, 1, 1, 1, 1, 1, 1, 1, 1, 1, 1, 1, 1, 1, 1, 1, 1, 1, 1, 1, 1, 1, 1, 1, 1, 1, 1, 1, 1], [0, 1, 1, 1, 1, 1, 1, 1, 1, 1, 1, 1, 1, 1, 1, 1, 1, 1, 1, 1, 1, 1, 1, 1, 1, 0, 1, 1, 1, 1, 1, 1, 1, 1, 1, 1, 1, 1, 1, 1, 1, 1, 1, 1, 1, 1, 1, 1, 1, 1, 1, 1, 1, 1, 1, 1, 1], [0, 1, 1, 1, 1, 1, 1, 1, 1, 1, 1, 1, 1, 1, 1, 1, 1, 1, 1, 1, 1, 1, 1, 1, 1, 1, 0, 1, 1, 1, 1, 1, 1, 1, 1, 1, 1, 1, 1, 1, 1, 1, 1, 1, 1, 1, 1, 1, 1, 1, 1, 1, 1, 1, 1, 1, 1], [0, 1, 1, 1, 1, 1, 1, 1, 1, 1, 1, 1, 1, 1, 1, 1, 1, 1, 1, 1, 1, 1, 1, 1, 1, 1, 1, 0, 1, 1, 1, 1, 1, 1, 1, 1, 1, 1, 1, 1, 1, 1, 1, 1, 1, 1, 1, 1, 1, 1, 1, 1, 1, 1, 1, 1, 1], [0, 1, 1, 1, 1, 1, 1, 1, 1, 1, 1, 1, 1, 1, 1, 1, 1, 1, 1, 1, 1, 1, 1, 1, 1, 1, 1, 1, 0, 1, 1, 1, 1, 1, 1, 1, 1, 1, 1, 1, 1, 1, 1, 1, 1, 1, 1, 1, 1, 1, 1, 1, 1, 1, 1, 1, 1], [0, 1, 1, 1, 1, 1, 1, 1, 1, 1, 1, 1, 1, 1, 1, 1, 1, 1, 1, 1, 1, 1, 1, 1, 1, 1, 1, 1, 1, 0, 1, 1, 1, 1, 1, 1, 1, 1, 1, 1, 1, 1, 1, 1, 1, 1, 1, 1, 1, 1, 1, 1, 1, 1, 1, 1, 1], [0, 1, 1, 1, 1, 1, 1, 1, 1, 1, 1, 1, 1, 1, 1, 1, 1, 1, 1, 1, 1, 1, 1, 1, 1, 1, 1, 1, 1, 1, 0, 1, 1, 1, 1, 1, 1, 1, 1, 1, 1, 1, 1, 1, 1, 1, 1, 1, 1, 1, 1, 1, 1, 1, 1, 1, 1], [0, 1, 1, 1, 1, 1, 1, 1, 1, 1, 1, 1, 1, 1, 1, 1, 1, 1, 1, 1, 1, 1, 1, 1, 1, 1, 1, 1, 1, 1, 1, 0, 1, 1, 1, 1, 1, 1, 1, 1, 1, 1, 1, 1, 1, 1, 1, 1, 1, 1, 1, 1, 1, 1, 1, 1, 1], [0, 1, 1, 1, 1, 1, 1, 1, 1, 1, 1, 1, 1, 1, 1, 1, 1, 1, 1, 1, 1, 1, 1, 1, 1, 1, 1, 1, 1, 1, 1, 1, 0, 1, 1, 1, 1, 1, 1, 1, 1, 1, 1, 1, 1, 1, 1, 1, 1, 1, 1, 1, 1, 1, 1, 1, 1], [0, 1, 1, 1, 1, 1, 1, 1, 1, 1, 1, 1, 1, 1, 1, 1, 1, 1, 1, 1, 1, 1, 1, 1, 1, 1, 1, 1, 1, 1, 1, 1, 1, 0, 1, 1, 1, 1, 1, 1, 1, 1, 1, 1, 1, 1, 1, 1, 1, 1, 1, 1, 1, 1, 1, 1, 1], [0, 1, 1, 1, 1, 1, 1, 1, 1, 1, 1, 1, 1, 1, 1, 1, 1, 1, 1, 1, 1, 1, 1, 1, 1, 1, 1, 1, 1, 1, 1, 1, 1, 1, 0, 1, 1, 1, 1, 1, 1, 1, 1, 1, 1, 1, 1, 1, 1, 1, 1, 1, 1, 1, 1, 1, 1], [0, 1, 1, 1, 1, 1, 1, 1, 1, 1, 1, 1, 1, 1, 1, 1, 1, 1, 1, 1, 1, 1, 1, 1, 1, 1, 1, 1, 1, 1, 1, 1, 1, 1, 1, 0, 1, 1, 1, 1, 1, 1, 1, 1, 1, 1, 1, 1, 1, 1, 1, 1, 1, 1, 1, 1, 1], [0, 1, 1, 1, 1, 1, 1, 1, 1, 1, 1, 1, 1, 1, 1, 1, 1, 1, 1, 1, 1, 1, 1, 1, 1, 1, 1, 1, 1, 1, 1, 1, 1, 1, 1, 1, 0, 1, 1, 1, 1, 1, 1, 1, 1, 1, 1, 1, 1, 1, 1, 1, 1, 1, 1, 1, 1], [0, 1, 1, 1, 1, 1, 1, 1, 1, 1, 1, 1, 1, 1, 1, 1, 1, 1, 1, 1, 1, 1, 1, 1, 1, 1, 1, 1, 1, 1, 1, 1, 1, 1, 1, 1, 1, 0, 1, 1, 1, 1, 1, 1, 1, 1, 1, 1, 1, 1, 1, 1, 1, 1, 1, 1, 1], [0, 1, 1, 1, 1, 1, 1, 1, 1, 1, 1, 1, 1, 1, 1, 1, 1, 1, 1, 1, 1, 1, 1, 1, 1, 1, 1, 1, 1, 1, 1, 1, 1, 1, 1, 1, 1, 1, 0, 1, 1, 1, 1, 1, 1, 1, 1, 1, 1, 1, 1, 1, 1, 1, 1, 1, 1], [0, 1, 1, 1, 1, 1, 1, 1, 1, 1, 1, 1, 1, 1, 1, 1, 1, 1, 1, 1, 1, 1, 1, 1, 1, 1, 1, 1, 1, 1, 1, 1, 1, 1, 1, 1, 1, 1, 1, 0, 1, 1, 1, 1, 1, 1, 1, 1, 1, 1, 1, 1, 1, 1, 1, 1, 1], [0, 1, 1, 1, 1, 1, 1, 1, 1, 1, 1, 1, 1, 1, 1, 1, 1, 1, 1, 1, 1, 1, 1, 1, 1, 1, 1, 1, 1, 1, 1, 1, 1, 1, 1, 1, 1, 1, 1, 1, 0, 1, 1, 1, 1, 1, 1, 1, 1, 1, 1, 1, 1, 1, 1, 1, 1], [0, 1, 1, 1, 1, 1, 1, 1, 1, 1, 1, 1, 1, 1, 1, 1, 1, 1, 1, 1, 1, 1, 1, 1, 1, 1, 1, 1, 1, 1, 1, 1, 1, 1, 1, 1, 1, 1, 1, 1, 1, 0, 1, 1, 1, 1, 1, 1, 1, 1, 1, 1, 1, 1, 1, 1, 1], [0, 1, 1, 1, 1, 1, 1, 1, 1, 1, 1, 1, 1, 1, 1, 1, 1, 1, 1, 1, 1, 1, 1, 1, 1, 1, 1, 1, 1, 1, 1, 1, 1, 1, 1, 1, 1, 1, 1, 1, 1, 1, 0, 1, 1, 1, 1, 1, 1, 1, 1, 1, 1, 1, 1, 1, 1], [0, 1, 1, 1, 1, 1, 1, 1, 1, 1, 1, 1, 1, 1, 1, 1, 1, 1, 1, 1, 1, 1, 1, 1, 1, 1, 1, 1, 1, 1, 1, 1, 1, 1, 1, 1, 1, 1, 1, 1, 1, 1, 1, 0, 1, 1, 1, 1, 1, 1, 1, 1, 1, 1, 1, 1, 1], [0, 1, 1, 1, 1, 1, 1, 1, 1, 1, 1, 1, 1, 1, 1, 1, 1, 1, 1, 1, 1, 1, 1, 1, 1, 1, 1, 1, 1, 1, 1, 1, 1, 1, 1, 1, 1, 1, 1, 1, 1, 1, 1, 1, 0, 1, 1, 1, 1, 1, 1, 1, 1, 1, 1, 1, 1], [0, 1, 1, 1, 1, 1, 1, 1, 1, 1, 1, 1, 1, 1, 1, 1, 1, 1, 1, 1, 1, 1, 1, 1, 1, 1, 1, 1, 1, 1, 1, 1, 1, 1, 1, 1, 1, 1, 1, 1, 1, 1, 1, 1, 1, 0, 1, 1, 1, 1, 1, 1, 1, 1, 1, 1, 1], [0, 1, 1, 1, 1, 1, 1, 1, 1, 1, 1, 1, 1, 1, 1, 1, 1, 1, 1, 1, 1, 1, 1, 1, 1, 1, 1, 1, 1, 1, 1, 1, 1, 1, 1, 1, 1, 1, 1, 1, 1, 1, 1, 1, 1, 1, 0, 1, 1, 1, 1, 1, 1, 1, 1, 1, 1], [0, 1, 1, 1, 1, 1, 1, 1, 1, 1, 1, 1, 1, 1, 1, 1, 1, 1, 1, 1, 1, 1, 1, 1, 1, 1, 1, 1, 1, 1, 1, 1, 1, 1, 1, 1, 1, 1, 1, 1, 1, 1, 1, 1, 1, 1, 1, 0, 1, 1, 1, 1, 1, 1, 1, 1, 1], [0, 1, 1, 1, 1, 1, 1, 1, 1, 1, 1, 1, 1, 1, 1, 1, 1, 1, 1, 1, 1, 1, 1, 1, 1, 1, 1, 1, 1, 1, 1, 1, 1, 1, 1, 1, 1, 1, 1, 1, 1, 1, 1, 1, 1, 1, 1, 1, 0, 1, 1, 1, 1, 1, 1, 1, 1], [0, 1, 1, 1, 1, 1, 1, 1, 1, 1, 1, 1, 1, 1, 1, 1, 1, 1, 1, 1, 1, 1, 1, 1, 1, 1, 1, 1, 1, 1, 1, 1, 1, 1, 1, 1, 1, 1, 1, 1, 1, 1, 1, 1, 1, 1, 1, 1, 1, 0, 1, 1, 1, 1, 1, 1, 1], [0, 1, 1, 1, 1, 1, 1, 1, 1, 1, 1, 1, 1, 1, 1, 1, 1, 1, 1, 1, 1, 1, 1, 1, 1, 1, 1, 1, 1, 1, 1, 1, 1, 1, 1, 1, 1, 1, 1, 1, 1, 1, 1, 1, 1, 1, 1, 1, 1, 1, 0, 1, 1, 1, 1, 1, 1], [0, 1, 1, 1, 1, 1, 1, 1, 1, 1, 1, 1, 1, 1, 1, 1, 1, 1, 1, 1, 1, 1, 1, 1, 1, 1, 1, 1, 1, 1, 1, 1, 1, 1, 1, 1, 1, 1, 1, 1, 1, 1, 1, 1, 1, 1, 1, 1, 1, 1, 1, 0, 1, 1, 1, 1, 1], [0, 1, 1, 1, 1, 1, 1, 1, 1, 1, 1, 1, 1, 1, 1, 1, 1, 1, 1, 1, 1, 1, 1, 1, 1, 1, 1, 1, 1, 1, 1, 1, 1, 1, 1, 1, 1, 1, 1, 1, 1, 1, 1, 1, 1, 1, 1, 1, 1, 1, 1, 1, 0, 1, 1, 1, 1], [0, 1, 1, 1, 1, 1, 1, 1, 1, 1, 1, 1, 1, 1, 1, 1, 1, 1, 1, 1, 1, 1, 1, 1, 1, 1, 1, 1, 1, 1, 1, 1, 1, 1, 1, 1, 1, 1, 1, 1, 1, 1, 1, 1, 1, 1, 1, 1, 1, 1, 1, 1, 1, 0, 1, 1, 1], [0, 1, 1, 1, 1, 1, 1, 1, 1, 1, 1, 1, 1, 1, 1, 1, 1, 1, 1, 1, 1, 1, 1, 1, 1, 1, 1, 1, 1, 1, 1, 1, 1, 1, 1, 1, 1, 1, 1, 1, 1, 1, 1, 1, 1, 1, 1, 1, 1, 1, 1, 1, 1, 1, 0, 1, 1], [0, 1, 1, 1, 1, 1, 1, 1, 1, 1, 1, 1, 1, 1, 1, 1, 1, 1, 1, 1, 1, 1, 1, 1, 1, 1, 1, 1, 1, 1, 1, 1, 1, 1, 1, 1, 1, 1, 1, 1, 1, 1, 1, 1, 1, 1, 1, 1, 1, 1, 1, 1, 1, 1, 1, 0, 1], [0, 0, 0, 0, 0, 0, 0, 0, 0, 0, 0, 0, 0, 0, 0, 0, 0, 0, 0, 0, 0, 0, 0, 0, 0, 0, 0, 0, 0, 0, 0, 0, 0, 0, 0, 0, 0, 0, 0, 0, 0, 0, 0, 0, 0, 0, 0, 0, 0, 0, 0, 0, 0, 0, 0, 0, 0]]}, "cluster_count": 3, "cluster_speeds": [[0.925, 0.85, 0.925, 1.0, 0.8325, 0.765, 0.8325, 0.9, 0.4625, 0.425, 0.4625, 0.5, 0.30525, 0.2805, 0.30525, 0.33, 0.37, 0.34, 0.37, 0.4, 0.555, 0.51, 0.555, 0.6, 0.6475, 0.595, 0.6475, 0.7, 0.37, 0.34, 0.37, 0.4, 0.30525, 0.2805, 0.30525, 0.33, 0.4625, 0.425, 0.4625, 0.5, 0.6475, 0.595, 0.6475, 0.7, 0.74, 0.68, 0.74, 0.8, 0.6475, 0.595, 0.6475, 0.7, 0.4625, 0.425, 0.4625, 0.5, 0.555, 0.51, 0.555, 0.6, 0.6475, 0.595, 0.6475, 0.7, 0.8325, 0.765, 0.8325, 0.9, 0.925, 0.85, 0.925, 1.0, 1.0], [0.8325, 0.765, 0.8325, 0.9, 0.7492500000000001, 0.6885, 0.7492500000000001, 0.81, 0.41625, 0.3825, 0.41625, 0.45, 0.27472500000000005, 0.25245, 0.27472500000000005, 0.29700000000000004, 0.333, 0.30600000000000005, 0.333, 0.36000000000000004, 0.49950000000000006, 0.459, 0.49950000000000006, 0.54, 0.6475, 0.595, 0.6475, 0.7, 0.37, 0.34, 0.37, 0.4, 0.30525, 0.2805, 0.30525, 0.33, 0.4625, 0.425, 0.4625, 0.5, 0.6475, 0.595, 0.6475, 0.7, 0.74, 0.68, 0.74, 0.8, 0.58275, 0.5355, 0.58275, 0.63, 0.41625, 0.3825, 0.41625, 0.45, 0.49950000000000006, 0.459, 0.49950000000000006, 0.54, 0.58275, 0.5355, 0.58275, 0.63, 0.7492500000000001, 0.6885, 0.7492500000000001, 0.81, 0.8325, 0.765, 0.8325, 0.9, 0.9], [0.87875, 0.8075, 0.87875, 0.95, 0.790875, 0.72675, 0.790875, 0.855, 0.439375, 0.40375, 0.439375, 0.475, 0.2899875, 0.266475, 0.2899875, 0.3135, 0.3515, 0.323, 0.3515, 0.38, 0.52725, 0.4845, 0.52725, 0.57, 0.6475, 0.595, 0.6475, 0.7, 0.37, 0.34, 0.37, 0.4, 0.30525, 0.2805, 0.30525, 0.33, 0.4625, 0.425, 0.4625, 0.5, 0.6475, 0.595, 0.6475, 0.7, 0.74, 0.68, 0.74, 0.8, 0.6151249999999999, 0.5652499999999999, 0.6151249999999999, 0.6649999999999999, 0.439375, 0.40375, 0.439375, 0.475, 0.52725, 0.4845, 0.52725, 0.57, 0.6151249999999999, 0.5652499999999999, 0.6151249999999999, 0.6649999999999999, 0.790875, 0.72675, 0.790875, 0.855, 0.87875, 0.8075, 0.87875, 0.95, 0.95]], "clusters": [[-1, 2, 2, 2, 2, 2, 2, 2, 2, 2, 2, 2, 2, 2, 2, 2, 2, 2, 2, 2, 2, 2, 2, 2, 2, 2, 2, 2, 2, 2, 2, 2, 2, 2, 2, 2, 2, 2, 2, 2, 2, 2, 2, 2, 2, 2, 2, 2, 2, 2, 2, 2, 2, 2, 2, 2, 2], [2, -1, 2, 2, 2, 2, 2, 2, 2, 2, 2, 2, 2, 2, 2, 2, 2, 2, 2, 2, 2, 2, 2, 2, 2, 2, 2, 2, 2, 2, 2, 2, 2, 2, 2, 2, 2, 2, 2, 2, 2, 2, 2, 2, 2, 2, 2, 2, 2, 2, 2, 2, 2, 2, 2, 2, 2], [0, 0, -1, 0, 0, 0, 0, 0, 0, 0, 0, 0, 0, 0, 0, 0, 0, 0, 0, 0, 0, 0, 0, 0, 0, 0, 0, 0, 0, 0, 0, 0, 0, 0, 0, 0, 0, 0, 0, 0, 0, 0, 0, 0, 0, 0, 0, 0, 0, 0, 0, 0, 0, 0, 0, 0, 0], [0, 0, 0, -1, 0, 0, 0, 0, 0, 0, 0, 0, 0, 0, 0, 0, 0, 0, 0, 0, 0, 0, 0, 0, 0, 0, 0, 0, 0, 0, 0, 0, 0, 0, 0, 0, 0, 0, 0, 0, 0, 0, 0, 0, 0, 0, 0, 0, 0, 0, 0, 0, 0, 0, 0, 0, 0], [0, 0, 0, 0, -1, 0, 0, 0, 0, 0, 0, 0, 0, 0, 0, 0, 0, 0, 0, 0, 0, 0, 0, 0, 0, 0, 0, 0, 0, 0, 0, 0, 0, 0, 0, 0, 0, 0, 0, 0, 0, 0, 0, 0, 0, 0, 0, 0, 0, 0, 0, 0, 0, 0, 0, 0, 0], [0, 0, 0, 0, 0, -1, 0, 0, 0, 0, 0, 0, 0, 0, 0, 0, 0, 0, 0, 0, 0, 0, 0, 0, 0, 0, 0, 0, 0, 0, 0, 0, 0, 0, 0, 0, 0, 0, 0, 0, 0, 0, 0, 0, 0, 0, 0, 0, 0, 0, 0, 0, 0, 0, 0, 0, 0], [0, 0, 0, 0, 0, 0, -1, 0, 0, 0, 0, 0, 0, 0, 0, 0, 0, 0, 0, 0, 0, 0, 0, 0, 0, 0, 0, 0, 0, 0, 0, 0, 0, 0, 0, 0, 0, 0, 0, 0, 0, 0, 0, 0, 0, 0, 0, 0, 0, 0, 0, 0, 0, 0, 0, 0, 0], [0, 0, 0, 0, 0, 0, 0, -1, 0, 0, 0, 0, 0, 0, 0, 0, 0, 0, 0, 0, 0, 0, 0, 0, 0, 0, 0, 0, 0, 0, 0, 0, 0, 0, 0, 0, 0, 0, 0, 0, 0, 0, 0, 0, 0, 0, 0, 0, 0, 0, 0, 0, 0, 0, 0, 0, 0], [0, 0, 0, 0, 0, 0, 0, 0, -1, 0, 0, 0, 0, 0, 0, 0, 0, 0, 0, 0, 0, 0, 0, 0, 0, 0, 0, 0, 0, 0, 0, 0, 0, 0, 0, 0, 0, 0, 0, 0, 0, 0, 0, 0, 0, 0, 0, 0, 0, 0, 0, 0, 0, 0, 0, 0, 0], [0, 0, 0, 0, 0, 0, 0, 0, 0, -1, 0, 0, 0, 0, 0, 0, 0, 0, 0, 0, 0, 0, 0, 0, 0, 0, 0, 0, 0, 0, 0, 0, 0, 0, 0, 0, 0, 0, 0, 0, 0, 0, 0, 0, 0, 0, 0, 0, 0, 0, 0, 0, 0, 0, 0, 0, 0], [0, 0, 0, 0, 0, 0, 0, 0, 0, 0, -1, 0, 0, 0, 0, 0, 0, 0, 0, 0, 0, 0, 0, 0, 0, 0, 0, 0, 0, 0, 0, 0, 0, 0, 0, 0, 0, 0, 0, 0, 0, 0, 0, 0, 0, 0, 0, 0, 0, 0, 0, 0, 0, 0, 0, 0, 0], [2, 2, 2, 2, 2, 2, 2, 2, 2, 2, 2, -1, 2, 2, 2, 2, 2, 2, 2, 2, 2, 2, 2, 2, 2, 2, 2, 2, 2, 2, 2, 2, 2, 2, 2, 2, 2, 2, 2, 2, 2, 2, 2, 2, 2, 2, 2, 2, 2, 2, 2, 2, 2, 2, 2, 2, 2], [1, 1, 1, 1, 1, 1, 1, 1, 1, 1, 1, 1, -1, 1, 1, 1, 1, 1, 1, 1, 1, 1, 1, 1, 1, 1, 1, 1, 1, 1, 1, 1, 1, 1, 1, 1, 1, 1, 1, 1, 1, 1, 1, 1, 1, 1, 1, 1, 1, 1, 1, 1, 1, 1, 1, 1, 1], [0, 0, 0, 0, 0, 0, 0, 0, 0, 0, 0, 0, 0, -1, 0, 0, 0, 0, 0, 0, 0, 0, 0, 0, 0, 0, 0, 0, 0, 0, 0, 0, 0, 0, 0, 0, 0, 0, 0, 0, 0, 0, 0, 0, 0, 0, 0, 0, 0, 0, 0, 0, 0, 0, 0, 0, 0], [0, 0, 0, 0, 0, 0, 0, 0, 0, 0, 0, 0, 0, 0, -1, 0, 0, 0, 0, 0, 0, 0, 0, 0, 0, 0, 0, 0, 0, 0, 0, 0, 0, 0, 0, 0, 0, 0, 0, 0, 0, 0, 0, 0, 0, 0, 0, 0, 0, 0, 0, 0, 0, 0, 0, 0, 0], [1, 1, 1, 1, 1, 1, 1, 1, 1, 1, 1, 1, 1, 1, 1, -1, 1, 1, 1, 1, 1, 1, 1, 1, 1, 1, 1, 1, 1, 1, 1, 1, 1, 1, 1, 1, 1, 1, 1, 1, 1, 1, 1, 1, 1, 1, 1, 1, 1, 1, 1, 1, 1, 1, 1, 1, 1], [0, 0, 0, 0, 0, 0, 0, 0, 0, 0, 0, 0, 0, 0, 0, 0, -1, 0, 0, 0, 0, 0, 0, 0, 0, 0, 0, 0, 0, 0, 0, 0, 0, 0, 0, 0, 0, 0, 0, 0, 0, 0, 0, 0, 0, 0, 0, 0, 0, 0, 0, 0, 0, 0, 0, 0, 0], [0, 0, 0, 0, 0, 0, 0, 0, 0, 0, 0, 0, 0, 0, 0, 0, 0, -1, 0, 0, 0, 0, 0, 0, 0, 0, 0, 0, 0, 0, 0, 0, 0, 0, 0, 0, 0, 0, 0, 0, 0, 0, 0, 0, 0, 0, 0, 0, 0, 0, 0, 0, 0, 0, 0, 0, 0], [0, 0, 0, 0, 0, 0, 0, 0, 0, 0, 0, 0, 0, 0, 0, 0, 0, 0, -1, 0, 0, 0, 0, 0, 0, 0, 0, 0, 0, 0, 0, 0, 0, 0, 0, 0, 0, 0, 0, 0, 0, 0, 0, 0, 0, 0, 0, 0, 0, 0, 0, 0, 0, 0, 0, 0, 0], [0, 0, 0, 0, 0, 0, 0, 0, 0, 0, 0, 0, 0, 0, 0, 0, 0, 0, 0, -1, 0, 0, 0, 0, 0, 0, 0, 0, 0, 0, 0, 0, 0, 0, 0, 0, 0, 0, 0, 0, 0, 0, 0, 0, 0, 0, 0, 0, 0, 0, 0, 0, 0, 0, 0, 0, 0], [0, 0, 0, 0, 0, 0, 0, 0, 0, 0, 0, 0, 0, 0, 0, 0, 0, 0, 0, 0, -1, 0, 0, 0, 0, 0, 0, 0, 0, 0, 0, 0, 0, 0, 0, 0, 0, 0, 0, 0, 0, 0, 0, 0, 0, 0, 0, 0, 0, 0, 0, 0, 0, 0, 0, 0, 0], [0, 0, 0, 0, 0, 0, 0, 0, 0, 0, 0, 0, 0, 0, 0, 0, 0, 0, 0, 0, 0, -1, 0, 0, 0, 0, 0, 0, 0, 0, 0, 0, 0, 0, 0, 0, 0, 0, 0, 0, 0, 0, 0, 0, 0, 0, 0, 0, 0, 0, 0, 0, 0, 0, 0, 0, 0], [0, 0, 0, 0, 0, 0, 0, 0, 0, 0, 0, 0, 0, 0, 0, 0, 0, 0, 0, 0, 0, 0, -1, 0, 0, 0, 0, 0, 0, 0, 0, 0, 0, 0, 0, 0, 0, 0, 0, 0, 0, 0, 0, 0, 0, 0, 0, 0, 0, 0, 0, 0, 0, 0, 0, 0, 0], [0, 0, 0, 0, 0, 0, 0, 0, 0, 0, 0, 0, 0, 0, 0, 0, 0, 0, 0, 0, 0, 0, 0, -1, 0, 0, 0, 0, 0, 0, 0, 0, 0, 0, 0, 0, 0, 0, 0, 0, 0, 0, 0, 0, 0, 0, 0, 0, 0, 0, 0, 0, 0, 0, 0, 0, 0], [0, 0, 0, 0, 0, 0, 0, 0, 0, 0, 0, 0, 0, 0, 0, 0, 0, 0, 0, 0, 0, 0, 0, 0, -1, 0, 0, 0, 0, 0, 0, 0, 0, 0, 0, 0, 0, 0, 0, 0, 0, 0, 0, 0, 0, 0, 0, 0, 0, 0, 0, 0, 0, 0, 0, 0, 0], [0, 0, 0, 0, 0, 0, 0, 0, 0, 0, 0, 0, 0, 0, 0, 0, 0, 0, 0, 0, 0, 0, 0, 0, 0, -1, 0, 0, 0, 0, 0, 0, 0, 0, 0, 0, 0, 0, 0, 0, 0, 0, 0, 0, 0, 0, 0, 0, 0, 0, 0, 0, 0, 0, 0, 0, 0], [0, 0, 0, 0, 0, 0, 0, 0, 0, 0, 0, 0, 0, 0, 0, 0, 0, 0, 0, 0, 0, 0, 0, 0, 0, 0, -1, 0, 0, 0, 0, 0, 0, 0, 0, 0, 0, 0, 0, 0, 0, 0, 0, 0, 0, 0, 0, 0, 0, 0, 0, 0, 0, 0, 0, 0, 0], [0, 0, 0, 0, 0, 0, 0, 0, 0, 0, 0, 0, 0, 0, 0, 0, 0, 0, 0, 0, 0, 0, 0, 0, 0, 0, 0, -1, 0, 0, 0, 0, 0, 0, 0, 0, 0, 0, 0, 0, 0, 0, 0, 0, 0, 0, 0, 0, 0, 0, 0, 0, 0, 0, 0, 0, 0], [0, 0, 0, 0, 0, 0, 0, 0, 0, 0, 0, 0, 0, 0, 0, 0, 0, 0, 0, 0, 0, 0, 0, 0, 0, 0, 0, 0, -1, 0, 0, 0, 0, 0, 0, 0, 0, 0, 0, 0, 0, 0, 0, 0, 0, 0, 0, 0, 0, 0, 0, 0, 0, 0, 0, 0, 0], [0, 0, 0, 0, 0, 0, 0, 0, 0, 0, 0, 0, 0, 0, 0, 0, 0, 0, 0, 0, 0, 0, 0, 0, 0, 0, 0, 0, 0, -1, 0, 0, 0, 0, 0, 0, 0, 0, 0, 0, 0, 0, 0, 0, 0, 0, 0, 0, 0, 0, 0, 0, 0, 0, 0, 0, 0], [0, 0, 0, 0, 0, 0, 0, 0, 0, 0, 0, 0, 0, 0, 0, 0, 0, 0, 0, 0, 0, 0, 0, 0, 0, 0, 0, 0, 0, 0, -1, 0, 0, 0, 0, 0, 0, 0, 0, 0, 0, 0, 0, 0, 0, 0, 0, 0, 0, 0, 0, 0, 0, 0, 0, 0, 0], [0, 0, 0, 0, 0, 0, 0, 0, 0, 0, 0, 0, 0, 0, 0, 0, 0, 0, 0, 0, 0, 0, 0, 0, 0, 0, 0, 0, 0, 0, 0, -1, 0, 0, 0, 0, 0, 0, 0, 0, 0, 0, 0, 0, 0, 0, 0, 0, 0, 0, 0, 0, 0, 0, 0, 0, 0], [0, 0, 0, 0, 0, 0, 0, 0, 0, 0, 0, 0, 0, 0, 0, 0, 0, 0, 0, 0, 0, 0, 0, 0, 0, 0, 0, 0, 0, 0, 0, 0, -1, 0, 0, 0, 0, 0, 0, 0, 0, 0, 0, 0, 0, 0, 0, 0, 0, 0, 0, 0, 0, 0, 0, 0, 0], [0, 0, 0, 0, 0, 0, 0, 0, 0, 0, 0, 0, 0, 0, 0, 0, 0, 0, 0, 0, 0, 0, 0, 0, 0, 0, 0, 0, 0, 0, 0, 0, 0, -1, 0, 0, 0, 0, 0, 0, 0, 0, 0, 0, 0, 0, 0, 0, 0, 0, 0, 0, 0, 0, 0, 0, 0], [0, 0, 0, 0, 0, 0, 0, 0, 0, 0, 0, 0, 0, 0, 0, 0, 0, 0, 0, 0, 0, 0, 0, 0, 0, 0, 0, 0, 0, 0, 0, 0, 0, 0, -1, 0, 0, 0, 0, 0, 0, 0, 0, 0, 0, 0, 0, 0, 0, 0, 0, 0, 0, 0, 0, 0, 0], [0, 0, 0, 0, 0, 0, 0, 0, 0, 0, 0, 0, 0, 0, 0, 0, 0, 0, 0, 0, 0, 0, 0, 0, 0, 0, 0, 0, 0, 0, 0, 0, 0, 0, 0, -1, 0, 0, 0, 0, 0, 0, 0, 0, 0, 0, 0, 0, 0, 0, 0, 0, 0, 0, 0, 0, 0], [1, 1, 1, 1, 1, 1, 1, 1, 1, 1, 1, 1, 1, 1, 1, 1, 1, 1, 1, 1, 1, 1, 1, 1, 1, 1, 1, 1, 1, 1, 1, 1, 1, 1, 1, 1, -1, 1, 1, 1, 1, 1, 1, 1, 1, 1, 1, 1, 1, 1, 1, 1, 1, 1, 1, 1, 1], [0, 0, 0, 0, 0, 0, 0, 0, 0, 0, 0, 0, 0, 0, 0, 0, 0, 0, 0, 0, 0, 0, 0, 0, 0, 0, 0, 0, 0, 0, 0, 0, 0, 0, 0, 0, 0, -1, 0, 0, 0, 0, 0, 0, 0, 0, 0, 0, 0, 0, 0, 0, 0, 0, 0, 0, 0], [0, 0, 0, 0, 0, 0, 0, 0, 0, 0, 0, 0, 0, 0, 0, 0, 0, 0, 0, 0, 0, 0, 0, 0, 0, 0, 0, 0, 0, 0, 0, 0, 0, 0, 0, 0, 0, 0, -1, 0, 0, 0, 0, 0, 0, 0, 0, 0, 0, 0, 0, 0, 0, 0, 0, 0, 0], [2, 2, 2, 2, 2, 2, 2, 2, 2, 2, 2, 2, 2, 2, 2, 2, 2, 2, 2, 2, 2, 2, 2, 2, 2, 2, 2, 2, 2, 2, 2, 2, 2, 2, 2, 2, 2, 2, 2, -1, 2, 2, 2, 2, 2, 2, 2, 2, 2, 2, 2, 2, 2, 2, 2, 2, 2], [0, 0, 0, 0, 0, 0, 0, 0, 0, 0, 0, 0, 0, 0, 0, 0, 0, 0, 0, 0, 0, 0, 0, 0, 0, 0, 0, 0, 0, 0, 0, 0, 0, 0, 0, 0, 0, 0, 0, 0, -1, 0, 0, 0, 0, 0, 0, 0, 0, 0, 0, 0, 0, 0, 0, 0, 0], [0, 0, 0, 0, 0, 0, 0, 0, 0, 0, 0, 0, 0, 0, 0, 0, 0, 0, 0, 0, 0, 0, 0, 0, 0, 0, 0, 0, 0, 0, 0, 0, 0, 0, 0, 0, 0, 0, 0, 0, 0, -1, 0, 0, 0, 0, 0, 0, 0, 0, 0, 0, 0, 0, 0, 0, 0], [0, 0, 0, 0, 0, 0, 0, 0, 0, 0, 0, 0, 0, 0, 0, 0, 0, 0, 0, 0, 0, 0, 0, 0, 0, 0, 0, 0, 0, 0, 0, 0, 0, 0, 0, 0, 0, 0, 0, 0, 0, 0, -1, 0, 0, 0, 0, 0, 0, 0, 0, 0, 0, 0, 0, 0, 0], [0, 0, 0, 0, 0, 0, 0, 0, 0, 0, 0, 0, 0, 0, 0, 0, 0, 0, 0, 0, 0, 0, 0, 0, 0, 0, 0, 0, 0, 0, 0, 0, 0, 0, 0, 0, 0, 0, 0, 0, 0, 0, 0, -1, 0, 0, 0, 0, 0, 0, 0, 0, 0, 0, 0, 0, 0], [0, 0, 0, 0, 0, 0, 0, 0, 0, 0, 0, 0, 0, 0, 0, 0, 0, 0, 0, 0, 0, 0, 0, 0, 0, 0, 0, 0, 0, 0, 0, 0, 0, 0, 0, 0, 0, 0, 0, 0, 0, 0, 0, 0, -1, 0, 0, 0, 0, 0, 0, 0, 0, 0, 0, 0, 0], [0, 0, 0, 0, 0, 0, 0, 0, 0, 0, 0, 0, 0, 0, 0, 0, 0, 0, 0, 0, 0, 0, 0, 0, 0, 0, 0, 0, 0, 0, 0, 0, 0, 0, 0, 0, 0, 0, 0, 0, 0, 0, 0, 0, 0, -1, 0, 0, 0, 0, 0, 0, 0, 0, 0, 0, 0], [1, 1, 1, 1, 1, 1, 1, 1, 1, 1, 1, 1, 1, 1, 1, 1, 1, 1, 1, 1, 1, 1, 1, 1, 1, 1, 1, 1, 1, 1, 1, 1, 1, 1, 1, 1, 1, 1, 1, 1, 1, 1, 1, 1, 1, 1, -1, 1, 1, 1, 1, 1, 1, 1, 1, 1, 1], [1, 1, 1, 1, 1, 1, 1, 1, 1, 1, 1, 1, 1, 1, 1, 1, 1, 1, 1, 1, 1, 1, 1, 1, 1, 1, 1, 1, 1, 1, 1, 1, 1, 1, 1, 1, 1, 1, 1, 1, 1, 1, 1, 1, 1, 1, 1, -1, 1, 1, 1, 1, 1, 1, 1, 1, 1], [1, 1, 1, 1, 1, 1, 1, 1, 1, 1, 1, 1, 1, 1, 1, 1, 1, 1, 1, 1, 1, 1, 1, 1, 1, 1, 1, 1, 1, 1, 1, 1, 1, 1, 1, 1, 1, 1, 1, 1, 1, 1, 1, 1, 1, 1, 1, 1, -1, 1, 1, 1, 1, 1, 1, 1, 1], [0, 0, 0, 0, 0, 0, 0, 0, 0, 0, 0, 0, 0, 0, 0, 0, 0, 0, 0, 0, 0, 0, 0, 0, 0, 0, 0, 0, 0, 0, 0, 0, 0, 0, 0, 0, 0, 0, 0, 0, 0, 0, 0, 0, 0, 0, 0, 0, 0, -1, 0, 0, 0, 0, 0, 0, 0], [1, 1, 1, 1, 1, 1, 1, 1, 1, 1, 1, 1, 1, 1, 1, 1, 1, 1, 1, 1, 1, 1, 1, 1, 1, 1, 1, 1, 1, 1, 1, 1, 1, 1, 1, 1, 1, 1, 1, 1, 1, 1, 1, 1, 1, 1, 1, 1, 1, 1, -1, 1, 1, 1, 1, 1, 1], [0, 0, 0, 0, 0, 0, 0, 0, 0, 0, 0, 0, 0, 0, 0, 0, 0, 0, 0, 0, 0, 0, 0, 0, 0, 0, 0, 0, 0, 0, 0, 0, 0, 0, 0, 0, 0, 0, 0, 0, 0, 0, 0, 0, 0, 0, 0, 0, 0, 0, 0, -1, 0, 0, 0, 0, 0], [1, 1, 1, 1, 1, 1, 1, 1, 1, 1, 1, 1, 1, 1, 1, 1, 1, 1, 1, 1, 1, 1, 1, 1, 1, 1, 1, 1, 1, 1, 1, 1, 1, 1, 1, 1, 1, 1, 1, 1, 1, 1, 1, 1, 1, 1, 1, 1, 1, 1, 1, 1, -1, 1, 1, 1, 1], [0, 0, 0, 0, 0, 0, 0, 0, 0, 0, 0, 0, 0, 0, 0, 0, 0, 0, 0, 0, 0, 0, 0, 0, 0, 0, 0, 0, 0, 0, 0, 0, 0, 0, 0, 0, 0, 0, 0, 0, 0, 0, 0, 0, 0, 0, 0, 0, 0, 0, 0, 0, 0, -1, 0, 0, 0], [0, 0, 0, 0, 0, 0, 0, 0, 0, 0, 0, 0, 0, 0, 0, 0, 0, 0, 0, 0, 0, 0, 0, 0, 0, 0, 0, 0, 0, 0, 0, 0, 0, 0, 0, 0, 0, 0, 0, 0, 0, 0, 0, 0, 0, 0, 0, 0, 0, 0, 0, 0, 0, 0, -1, 0, 0], [1, 1, 1, 1, 1, 1, 1, 1, 1, 1, 1, 1, 1, 1, 1, 1, 1, 1, 1, 1, 1, 1, 1, 1, 1, 1, 1, 1, 1, 1, 1, 1, 1, 1, 1, 1, 1, 1, 1, 1, 1, 1, 1, 1, 1, 1, 1, 1, 1, 1, 1, 1, 1, 1, 1, -1, 1], [2, 2, 2, 2, 2, 2, 2, 2, 2, 2, 2, 2, 2, 2, 2, 2, 2, 2, 2, 2, 2, 2, 2, 2, 2, 2, 2, 2, 2, 2, 2, 2, 2, 2, 2, 2, 2, 2, 2, 2, 2, 2, 2, 2, 2, 2, 2, 2, 2, 2, 2, 2, 2, 2, 2, 2, -1]], "speed_zone_count": 73, "speed_zones": [[0.0, 15.0], [15.0, 30.0], [30.0, 45.0], [45.0, 60.0], [60.0, 75.0], [75.0, 90.0], [90.0, 105.0], [105.0, 120.0], [120.0, 135.0], [135.0, 150.0], [150.0, 165.0], [165.0, 180.0], [180.0, 195.0], [195.0, 210.0], [210.0, 225.0], [225.0, 240.0], [240.0, 255.0], [255.0, 270.0], [270.0, 285.0], [285.0, 300.0], [300.0, 315.0], [315.0, 330.0], [330.0, 345.0], [345.0, 360.0], [360.0, 375.0], [375.0, 390.0], [390.0, 405.0], [405.0, 420.0], [420.0, 435.0], [435.0, 450.0], [450.0, 465.0], [465.0, 480.0], [480.0, 495.0], [495.0, 510.0], [510.0, 525.0], [525.0, 540.0], [540.0, 555.0], [555.0, 570.0], [570.0, 585.0], [585.0, 600.0], [600.0, 615.0], [615.0, 630.0], [630.0, 645.0], [645.0, 660.0], [660.0, 675.0], [675.0, 690.0], [690.0, 705.0], [705.0, 720.0], [720.0, 735.0], [735.0, 750.0], [750.0, 765.0], [765.0, 780.0], [780.0, 795.0], [795.0, 810.0], [810.0, 825.0], [825.0, 840.0], [840.0, 855.0], [855.0, 870.0], [870.0, 885.0], [885.0, 900.0], [900.0, 915.0], [915.0, 930.0], [930.0, 945.0], [945.0, 960.0], [960.0, 975.0], [975.0, 990.0], [990.0, 1005.0], [1005.0, 1020.0], [1020.0, 1035.0], [1035.0, 1050.0], [1050.0, 1065.0], [1065.0, 1080.0], [1080.0, 5000.0]], "distances": [[0.0, 83.78, 69.36, 63.54, 68.75, 71.33, 68.82, 72.84, 73.83, 72.58, 61.51, 102.13, 56.16, 77.48, 74.46, 90.98, 80.55, 68.49, 68.67, 72.87, 81.56, 65.24, 73.64, 64.34, 78.72, 78.5, 68.67, 59.47, 77.34, 71.27, 71.05, 72.49, 70.92, 70.21, 80.62, 72.88, 87.41, 83.33, 70.53, 88.14, 71.96, 69.86, 73.33, 73.32, 59.43, 71.19, 55.59, 79.68, 93.77, 78.7, 55.07, 80.39, 54.77, 68.46, 66.84, 54.47, 0.0], [0.0, 0.0, 29.08, 29.74, 31.46, 34.88, 20.68, 19.05, 37.4, 39.58, 30.45, 27.43, 45.27, 26.6, 21.4, 21.91, 21.44, 38.62, 21.14, 33.14, 28.06, 28.88, 37.02, 31.18, 22.23, 28.62, 22.01, 37.02, 29.21, 22.75, 17.0, 34.95, 29.99, 17.63, 21.77, 31.62, 19.92, 20.71, 27.82, 5.77, 41.52, 20.36, 34.82, 28.9, 37.5, 24.56, 35.28, 13.3, 21.28, 28.95, 36.97, 28.09, 40.95, 23.95, 41.99, 45.91, 83.78], [0.0, 29.08, 0.0, 6.21, 9.25, 6.76, 9.98, 10.06, 10.3, 11.72, 8.32, 34.09, 17.99, 8.16, 8.14, 22.91, 12.48, 9.66, 9.5, 6.12, 12.21, 4.65, 9.87, 5.01, 10.54, 9.22, 8.4, 10.74, 8.16, 6.35, 13.19, 7.42, 10.18, 12.98, 12.42, 4.97, 19.77, 15.37, 10.03, 29.32, 13.36, 9.62, 7.8, 10.12, 11.01, 4.53, 13.83, 16.75, 26.27, 9.46, 14.31, 11.05, 15.77, 6.19, 12.93, 19.16, 69.36], [0.0, 29.74, 6.21, 0.0, 6.81, 11.46, 9.07, 11.52, 15.16, 15.84, 13.73, 39.1, 15.52, 14.03, 11.57, 27.85, 17.26, 12.4, 8.6, 11.68, 18.24, 10.86, 14.75, 11.22, 15.35, 15.35, 7.78, 7.28, 14.35, 8.52, 12.76, 12.45, 8.21, 12.19, 17.29, 10.88, 24.44, 20.14, 7.12, 31.15, 16.98, 9.44, 13.07, 10.26, 7.76, 7.85, 7.99, 19.15, 30.98, 15.61, 8.87, 17.11, 11.65, 6.15, 14.65, 16.24, 63.54], [0.0, 31.46, 9.25, 6.81, 0.0, 4.84, 12.21, 12.44, 8.54, 9.66, 8.76, 35.52, 16.15, 9.3, 10.41, 24.44, 14.24, 7.3, 11.72, 4.88, 12.95, 5.62, 8.11, 4.91, 12.34, 9.83, 10.63, 9.51, 8.62, 8.74, 15.52, 5.72, 9.93, 15.27, 14.14, 4.28, 21.46, 17.08, 9.33, 31.62, 11.17, 11.93, 6.29, 4.79, 9.68, 6.9, 13.58, 19.04, 27.89, 9.99, 13.75, 11.78, 14.52, 8.4, 10.55, 17.42, 68.75], [0.0, 34.88, 6.76, 11.46, 4.84, 0.0, 16.71, 16.24, 9.77, 4.98, 13.25, 35.35, 16.54, 9.8, 13.49, 24.75, 15.58, 4.38, 16.24, 9.72, 12.09, 10.42, 9.64, 9.32, 13.91, 9.15, 15.14, 11.99, 7.9, 12.69, 19.77, 9.48, 5.09, 19.63, 15.39, 9.12, 22.27, 18.11, 7.49, 34.4, 6.74, 16.28, 9.77, 6.06, 11.95, 10.74, 17.27, 21.92, 28.35, 9.12, 17.02, 11.04, 16.56, 12.95, 7.92, 18.08, 71.33], [0.0, 20.68, 9.98, 9.07, 12.21, 16.71, 0.0, 12.0, 20.12, 21.69, 9.87, 33.42, 24.58, 13.05, 6.92, 22.5, 12.84, 19.44, 9.18, 15.72, 17.06, 8.33, 19.68, 10.65, 11.48, 15.24, 11.48, 16.33, 14.88, 4.76, 11.9, 17.26, 11.7, 11.88, 13.04, 14.29, 18.86, 15.21, 9.3, 22.36, 23.33, 12.18, 17.5, 12.02, 16.82, 6.43, 15.28, 11.14, 25.03, 15.61, 16.77, 16.22, 20.4, 12.93, 22.43, 25.25, 68.82], [0.0, 19.05, 10.06, 11.52, 12.44, 16.24, 12.0, 0.0, 19.23, 21.15, 12.84, 29.34, 26.78, 10.29, 10.5, 18.4, 8.93, 19.68, 4.18, 14.79, 13.87, 10.29, 18.81, 12.49, 7.79, 12.58, 4.24, 18.66, 12.53, 8.6, 4.26, 16.52, 11.18, 4.61, 9.16, 13.26, 14.76, 11.16, 8.88, 19.75, 22.98, 11.32, 16.57, 10.64, 19.1, 5.57, 18.67, 7.65, 20.96, 12.97, 19.99, 13.19, 23.16, 5.36, 22.99, 27.64, 72.84], [0.0, 37.4, 10.3, 15.16, 8.54, 9.77, 20.12, 19.23, 0.0, 9.7, 16.92, 35.19, 18.18, 11.22, 16.15, 25.15, 17.07, 5.39, 19.66, 4.45, 12.24, 14.13, 9.25, 12.99, 15.64, 9.84, 18.57, 14.99, 8.79, 15.84, 22.99, 10.48, 8.42, 22.92, 16.81, 5.97, 23.1, 19.26, 10.82, 36.45, 4.49, 19.59, 11.2, 8.62, 14.86, 13.91, 20.63, 24.21, 28.78, 9.67, 20.22, 11.4, 19.17, 16.43, 8.05, 19.82, 73.83], [0.0, 39.58, 11.72, 15.84, 9.66, 4.98, 21.69, 21.15, 9.7, 0.0, 17.41, 37.6, 16.59, 13.62, 18.23, 27.63, 19.48, 4.31, 21.21, 6.44, 14.72, 15.04, 9.57, 13.58, 18.01, 12.31, 20.12, 14.48, 11.24, 17.64, 24.74, 4.65, 10.06, 24.61, 19.24, 7.98, 25.58, 21.72, 12.47, 38.79, 9.04, 21.26, 4.79, 10.69, 14.27, 15.7, 20.46, 26.46, 31.26, 12.14, 19.83, 13.88, 18.23, 17.92, 6.05, 18.26, 72.58], [0.0, 30.45, 8.32, 13.73, 8.76, 13.25, 9.87, 12.84, 16.92, 17.41, 0.0, 40.98, 14.98, 16.12, 13.32, 29.73, 19.16, 13.72, 9.45, 13.64, 20.35, 12.56, 16.52, 13.12, 17.28, 17.46, 8.81, 6.83, 16.46, 10.18, 13.48, 14.3, 10.29, 12.82, 19.21, 12.92, 26.28, 22.02, 9.22, 32.2, 18.4, 10.44, 14.95, 12.37, 7.36, 9.74, 6.06, 20.48, 32.8, 17.72, 7.18, 19.22, 10.54, 7.57, 15.59, 15.5, 61.51], [0.0, 27.43, 34.09, 39.1, 35.52, 35.35, 33.42, 29.34, 35.19, 37.6, 40.98, 0.0, 51.51, 26.23, 27.74, 11.26, 21.85, 39.64, 33.52, 33.21, 23.26, 37.46, 35.07, 38.87, 23.77, 26.24, 33.47, 44.83, 27.52, 30.93, 31.72, 34.55, 33.17, 32.53, 21.83, 32.38, 14.73, 18.97, 32.68, 21.84, 39.44, 32.35, 33.85, 30.76, 45.08, 31.26, 47.04, 23.22, 8.39, 26.24, 47.96, 24.32, 49.86, 33.72, 42.99, 52.87, 102.13], [0.0, 45.27, 17.99, 15.52, 16.15, 16.54, 24.58, 26.78, 18.18, 16.59, 14.98, 51.51, 0.0, 25.3, 25.91, 40.54, 30.38, 12.82, 24.12, 18.54, 28.43, 16.51, 18.07, 14.3, 28.46, 25.34, 23.29, 8.25, 24.06, 23.36, 28.27, 17.56, 18.45, 27.68, 30.29, 19.17, 37.6, 33.23, 19.48, 46.53, 15.81, 24.95, 18.37, 20.8, 7.76, 22.02, 12.11, 34.23, 44.02, 25.39, 10.3, 27.3, 5.67, 21.49, 10.7, 11.11, 56.16], [0.0, 26.6, 8.16, 14.03, 9.3, 9.8, 13.05, 10.29, 11.22, 13.62, 16.12, 26.23, 25.3, 0.0, 6.63, 15.25, 5.87, 14.16, 12.77, 7.65, 4.31, 12.34, 10.9, 13.17, 4.46, 9.71, 11.96, 18.74, 8.71, 8.37, 14.54, 9.35, 6.96, 14.82, 5.64, 6.45, 12.52, 8.32, 6.95, 25.28, 15.64, 12.09, 8.93, 4.52, 18.95, 7.24, 21.91, 13.3, 18.78, 9.93, 22.46, 10.58, 23.77, 10.68, 17.72, 26.65, 77.48], [0.0, 21.4, 8.14, 11.57, 10.41, 13.49, 6.92, 10.5, 16.15, 18.23, 13.32, 27.74, 25.91, 6.63, 0.0, 16.53, 6.18, 17.31, 6.77, 11.79, 10.28, 10.02, 15.75, 11.85, 4.6, 8.93, 6.26, 18.14, 8.92, 11.2, 7.92, 13.59, 8.66, 8.24, 6.32, 10.26, 13.01, 8.87, 6.72, 21.22, 20.15, 5.85, 13.51, 7.55, 18.51, 11.3, 19.37, 8.64, 19.5, 9.31, 20.42, 9.56, 22.97, 6.0, 20.78, 26.95, 74.46], [0.0, 21.91, 22.91, 27.85, 24.44, 24.75, 22.5, 18.4, 25.15, 27.63, 29.73, 11.26, 40.54, 15.25, 16.53, 0.0, 10.59, 29.12, 22.56, 22.58, 12.91, 26.2, 24.96, 27.64, 12.52, 15.61, 22.41, 33.65, 16.86, 19.72, 21.24, 24.08, 22.11, 22.0, 10.58, 21.59, 12.11, 7.71, 21.48, 17.55, 29.58, 21.4, 23.46, 19.74, 33.92, 20.01, 35.79, 13.3, 18.63, 15.69, 36.7, 13.82, 38.67, 22.53, 32.59, 41.86, 90.98], [0.0, 21.44, 12.48, 17.26, 14.24, 15.58, 12.84, 8.93, 17.07, 19.48, 19.16, 21.85, 30.38, 5.87, 6.18, 10.59, 0.0, 19.91, 12.77, 13.47, 6.66, 15.61, 16.76, 17.08, 10.33, 7.43, 12.39, 23.18, 8.3, 9.32, 12.75, 15.21, 11.99, 13.32, 11.51, 12.17, 7.3, 11.69, 11.01, 19.6, 21.51, 11.72, 14.8, 9.83, 23.47, 9.43, 25.21, 8.34, 13.83, 7.72, 26.11, 6.65, 28.16, 12.14, 23.48, 31.61, 80.55], [0.0, 38.62, 9.66, 12.4, 7.3, 4.38, 19.44, 19.68, 5.39, 4.31, 13.72, 39.64, 12.82, 14.16, 17.31, 29.12, 19.91, 0.0, 18.95, 6.56, 16.39, 11.92, 5.26, 10.1, 18.19, 13.51, 17.86, 10.2, 12.27, 16.0, 22.81, 5.09, 8.65, 22.54, 19.73, 7.74, 26.65, 22.48, 10.81, 38.45, 4.73, 19.21, 5.81, 10.21, 9.97, 14.11, 16.26, 25.9, 32.73, 13.46, 15.55, 15.37, 13.97, 15.63, 9.85, 14.44, 68.49], [0.0, 21.14, 9.5, 8.6, 11.72, 16.24, 9.18, 4.18, 19.66, 21.21, 9.45, 33.52, 24.12, 12.77, 6.77, 22.56, 12.77, 18.95, 0.0, 15.27, 16.82, 7.84, 19.22, 10.16, 11.35, 14.93, 8.42, 15.87, 14.55, 4.43, 4.18, 16.79, 11.24, 8.79, 12.96, 13.85, 18.92, 15.2, 8.84, 22.75, 22.85, 11.78, 17.05, 11.61, 16.36, 6.04, 14.94, 11.41, 25.14, 15.31, 16.4, 15.96, 19.98, 9.54, 21.93, 24.8, 68.67], [0.0, 33.14, 6.12, 11.68, 4.88, 9.72, 15.72, 14.79, 4.45, 6.44, 13.64, 33.21, 18.54, 7.65, 11.79, 22.58, 13.47, 6.56, 15.27, 0.0, 9.96, 10.4, 11.82, 9.76, 11.84, 6.99, 14.19, 13.4, 5.72, 11.39, 18.54, 10.3, 12.15, 18.48, 13.26, 9.15, 20.09, 15.96, 6.43, 32.47, 8.39, 15.16, 10.22, 4.25, 13.43, 9.46, 18.23, 20.06, 26.18, 6.97, 18.18, 8.89, 18.17, 12.08, 10.09, 20.03, 72.87], [0.0, 28.06, 12.21, 18.24, 12.95, 12.09, 17.06, 13.87, 12.24, 14.72, 20.35, 23.26, 28.43, 4.31, 10.28, 12.91, 6.66, 16.39, 16.82, 9.96, 0.0, 16.57, 12.05, 17.22, 6.48, 12.87, 16.08, 22.45, 4.39, 12.51, 18.09, 11.3, 10.68, 18.48, 6.33, 9.27, 11.02, 7.75, 11.13, 25.87, 16.69, 16.04, 10.63, 8.25, 22.61, 11.53, 26.04, 15.0, 16.54, 13.21, 26.49, 12.6, 27.45, 14.94, 19.78, 29.87, 81.56], [0.0, 28.88, 4.65, 10.86, 5.62, 10.42, 8.33, 10.29, 14.13, 15.04, 12.56, 37.46, 16.51, 12.34, 10.02, 26.2, 15.61, 11.92, 7.84, 10.4, 16.57, 0.0, 13.72, 9.66, 13.69, 13.7, 6.89, 8.37, 12.72, 7.07, 12.01, 11.35, 6.72, 11.52, 15.63, 9.48, 22.82, 18.5, 5.45, 30.03, 16.34, 8.52, 11.9, 8.65, 8.81, 6.23, 9.67, 17.85, 29.36, 13.97, 10.5, 15.44, 13.0, 4.98, 14.5, 17.35, 65.24], [0.0, 37.02, 9.87, 14.75, 8.11, 9.64, 19.68, 18.81, 9.25, 9.57, 16.52, 35.07, 18.07, 10.9, 15.75, 24.96, 16.76, 5.26, 19.22, 11.82, 12.05, 13.72, 0.0, 12.6, 15.31, 9.58, 18.14, 14.7, 8.51, 15.42, 22.56, 10.35, 7.98, 22.49, 16.51, 5.56, 22.86, 18.99, 10.39, 36.11, 4.76, 19.17, 11.07, 8.22, 14.59, 13.49, 20.3, 23.84, 28.59, 9.42, 19.91, 11.18, 18.95, 15.99, 8.07, 19.7, 73.64], [0.0, 31.18, 5.01, 11.22, 4.91, 9.32, 10.65, 12.49, 12.99, 13.58, 13.12, 38.87, 14.3, 13.17, 11.85, 27.64, 17.08, 10.1, 10.16, 9.76, 17.22, 9.66, 12.6, 0.0, 15.13, 14.2, 9.21, 6.29, 13.09, 9.1, 14.33, 10.37, 6.71, 13.84, 17.06, 9.16, 24.36, 19.99, 6.26, 32.24, 14.68, 10.83, 11.03, 9.01, 6.69, 7.95, 8.85, 19.96, 30.9, 14.42, 9.3, 16.06, 11.15, 7.25, 12.41, 15.21, 64.34], [0.0, 22.23, 10.54, 15.35, 12.34, 13.91, 11.48, 7.79, 15.64, 18.01, 17.28, 23.77, 28.46, 4.46, 4.6, 12.52, 10.33, 18.19, 11.35, 11.84, 6.48, 13.69, 15.31, 15.13, 0.0, 6.39, 10.86, 21.23, 7.04, 7.61, 11.87, 13.61, 10.1, 12.35, 10.1, 10.47, 9.25, 4.86, 9.07, 20.83, 20.03, 10.38, 13.26, 8.03, 21.52, 7.55, 23.32, 8.94, 15.78, 6.73, 24.19, 6.12, 26.21, 10.4, 21.76, 29.68, 78.72], [0.0, 28.62, 9.22, 15.35, 9.83, 9.15, 15.24, 12.58, 9.84, 12.31, 17.46, 26.24, 25.34, 9.71, 8.93, 15.61, 7.43, 13.51, 14.93, 6.99, 12.87, 13.7, 9.58, 14.2, 6.39, 0.0, 14.08, 19.33, 11.05, 10.51, 16.83, 8.47, 7.59, 17.1, 7.15, 6.17, 13.3, 9.43, 8.25, 27.03, 14.33, 14.31, 7.88, 5.19, 19.48, 9.2, 23.04, 15.33, 19.22, 10.6, 23.43, 12.27, 24.32, 12.64, 16.98, 26.77, 78.5], [0.0, 22.01, 8.4, 7.78, 10.63, 15.14, 11.48, 4.24, 18.57, 20.12, 8.81, 33.47, 23.29, 11.96, 6.26, 22.41, 12.39, 17.86, 8.42, 14.19, 16.08, 6.89, 18.14, 9.21, 10.86, 14.08, 0.0, 15.06, 13.63, 11.86, 5.13, 15.71, 10.16, 4.73, 12.55, 12.78, 18.79, 14.93, 7.76, 23.42, 21.76, 10.79, 15.97, 10.59, 15.53, 5.04, 14.49, 11.77, 25.1, 14.44, 15.87, 15.19, 19.29, 9.61, 20.87, 24.02, 68.67], [0.0, 37.02, 10.74, 7.28, 9.51, 11.99, 16.33, 18.66, 14.99, 14.48, 6.83, 44.83, 8.25, 18.74, 18.14, 33.65, 23.18, 10.2, 15.87, 13.4, 22.45, 8.37, 14.7, 6.29, 21.23, 19.33, 15.06, 0.0, 18.1, 15.38, 20.02, 13.16, 11.82, 19.43, 23.13, 13.45, 30.47, 26.08, 12.17, 38.38, 14.76, 16.71, 13.99, 14.28, 9.88, 14.23, 6.28, 26.21, 36.99, 19.47, 5.36, 21.29, 5.04, 13.33, 10.62, 8.98, 59.47], [0.0, 29.21, 8.16, 14.35, 8.62, 7.9, 14.88, 12.53, 8.79, 11.24, 16.46, 27.52, 24.06, 8.71, 8.92, 16.86, 8.3, 12.27, 14.55, 5.72, 4.39, 12.72, 8.51, 13.09, 7.04, 11.05, 13.63, 18.1, 0.0, 10.13, 16.74, 7.25, 6.43, 16.94, 8.04, 4.88, 14.47, 10.49, 7.32, 27.83, 13.26, 14.01, 6.7, 9.97, 18.24, 8.65, 21.94, 15.9, 20.46, 11.11, 22.29, 13.02, 23.08, 12.05, 15.76, 25.49, 77.34], [0.0, 22.75, 6.35, 8.52, 8.74, 12.69, 4.76, 8.6, 15.84, 17.64, 10.18, 30.93, 23.36, 8.37, 11.2, 19.72, 9.32, 16.0, 4.43, 11.39, 12.51, 7.07, 15.42, 9.1, 7.61, 10.51, 11.86, 15.38, 10.13, 0.0, 7.14, 13.06, 7.6, 7.13, 9.43, 9.89, 16.2, 12.06, 5.23, 23.28, 19.42, 14.03, 13.18, 7.43, 15.78, 10.46, 16.22, 10.87, 22.67, 10.88, 17.33, 11.6, 20.08, 10.9, 19.28, 24.3, 71.27], [0.0, 17.0, 13.19, 12.76, 15.52, 19.77, 11.9, 4.26, 22.99, 24.74, 13.48, 31.72, 28.27, 14.54, 7.92, 21.24, 12.75, 22.81, 4.18, 18.54, 18.09, 12.01, 22.56, 14.33, 11.87, 16.83, 5.13, 20.02, 16.74, 7.14, 0.0, 20.19, 14.68, 8.87, 13.02, 17.04, 17.63, 14.59, 12.27, 18.91, 26.48, 13.77, 20.33, 14.54, 20.51, 9.07, 18.64, 8.66, 23.36, 17.22, 20.22, 17.44, 24.0, 7.28, 25.91, 28.92, 71.05], [0.0, 34.95, 7.42, 12.45, 5.72, 9.48, 17.26, 16.52, 10.48, 4.65, 14.3, 34.55, 17.56, 9.35, 13.59, 24.08, 15.21, 5.09, 16.79, 10.3, 11.3, 11.35, 10.35, 10.37, 13.61, 8.47, 15.71, 13.16, 7.25, 13.06, 20.19, 0.0, 5.55, 20.09, 14.99, 10.0, 21.71, 17.64, 7.97, 34.28, 6.57, 16.76, 9.44, 6.05, 13.12, 11.12, 18.42, 21.87, 27.69, 8.4, 18.19, 10.29, 17.71, 13.55, 8.51, 19.11, 72.49], [0.0, 29.99, 10.18, 8.21, 9.93, 5.09, 11.7, 11.18, 8.42, 10.06, 10.29, 33.17, 18.45, 6.96, 8.66, 22.11, 11.99, 8.65, 11.24, 12.15, 10.68, 6.72, 7.98, 6.71, 10.1, 7.59, 10.16, 11.82, 6.43, 7.6, 14.68, 5.55, 0.0, 14.56, 11.87, 11.31, 19.16, 14.8, 12.17, 29.84, 11.83, 11.22, 5.83, 11.15, 12.01, 5.65, 15.55, 17.27, 25.58, 7.77, 15.86, 9.51, 16.84, 8.02, 12.12, 19.75, 70.92], [0.0, 17.63, 12.98, 12.19, 15.27, 19.63, 11.88, 4.61, 22.92, 24.61, 12.82, 32.53, 27.68, 14.82, 8.24, 22.0, 13.32, 22.54, 8.79, 18.48, 18.48, 11.52, 22.49, 13.84, 12.35, 17.1, 4.73, 19.43, 16.94, 7.13, 8.87, 20.09, 14.56, 0.0, 13.58, 17.0, 18.38, 15.25, 12.14, 19.68, 26.32, 14.08, 20.27, 14.56, 19.92, 9.02, 17.89, 9.49, 24.16, 17.48, 19.48, 17.79, 23.33, 6.94, 25.59, 28.29, 70.21], [0.0, 21.77, 12.42, 17.29, 14.14, 15.39, 13.04, 9.16, 16.81, 19.24, 19.21, 21.83, 30.29, 5.64, 6.32, 10.58, 11.51, 19.73, 12.96, 13.26, 6.33, 15.63, 16.51, 17.06, 10.1, 7.15, 12.55, 23.13, 8.04, 9.43, 13.02, 14.99, 11.87, 13.58, 0.0, 11.98, 7.35, 11.74, 10.96, 19.9, 21.26, 11.92, 14.57, 9.68, 23.42, 9.47, 25.25, 8.68, 13.86, 7.43, 26.13, 6.33, 28.13, 12.25, 23.29, 31.53, 80.62], [0.0, 31.62, 4.97, 10.88, 4.28, 9.12, 14.29, 13.26, 5.97, 7.98, 12.92, 32.38, 19.17, 6.45, 10.26, 21.59, 12.17, 7.74, 13.85, 9.15, 9.27, 9.48, 5.56, 9.16, 10.47, 6.17, 12.78, 13.45, 4.88, 9.89, 17.04, 10.0, 11.31, 17.0, 11.98, 0.0, 18.96, 14.75, 5.06, 31.0, 9.91, 13.7, 10.56, 9.07, 13.54, 7.98, 17.86, 18.56, 25.16, 6.23, 17.97, 8.13, 18.36, 10.72, 11.31, 20.61, 72.88], [0.0, 19.92, 19.77, 24.44, 21.46, 22.27, 18.86, 14.76, 23.1, 25.58, 26.28, 14.73, 37.6, 12.52, 13.01, 12.11, 7.3, 26.65, 18.92, 20.09, 11.02, 22.82, 22.86, 24.36, 9.25, 13.3, 18.79, 30.47, 14.47, 16.2, 17.63, 21.71, 19.16, 18.38, 7.35, 18.96, 0.0, 4.4, 18.31, 16.28, 27.58, 17.77, 21.16, 16.88, 30.76, 16.6, 32.34, 9.91, 6.54, 13.45, 33.31, 11.72, 35.46, 18.99, 30.18, 38.86, 87.41], [0.0, 20.71, 15.37, 20.14, 17.08, 18.11, 15.21, 11.16, 19.26, 21.72, 22.02, 18.97, 33.23, 8.32, 8.87, 7.71, 11.69, 22.48, 15.2, 15.96, 7.75, 18.5, 18.99, 19.99, 4.86, 9.43, 14.93, 26.08, 10.49, 12.06, 14.59, 17.64, 14.8, 15.25, 11.74, 14.75, 4.4, 0.0, 13.91, 18.16, 23.74, 14.09, 17.15, 12.56, 26.37, 12.3, 28.08, 8.44, 10.92, 9.64, 29.0, 8.15, 31.07, 14.88, 26.04, 34.47, 83.33], [0.0, 27.82, 10.03, 7.12, 9.33, 7.49, 9.3, 8.88, 10.82, 12.47, 9.22, 32.68, 19.48, 6.95, 6.72, 21.48, 11.01, 10.81, 8.84, 6.43, 11.13, 5.45, 10.39, 6.26, 9.07, 8.25, 7.76, 12.17, 7.32, 5.23, 12.27, 7.97, 12.17, 12.14, 10.96, 5.06, 18.31, 13.91, 0.0, 27.93, 14.21, 8.8, 8.2, 10.68, 12.46, 11.68, 14.95, 15.35, 24.82, 8.53, 15.54, 9.99, 17.19, 5.66, 14.18, 20.65, 70.53], [0.0, 5.77, 29.32, 31.15, 31.62, 34.4, 22.36, 19.75, 36.45, 38.79, 32.2, 21.84, 46.53, 25.28, 21.22, 17.55, 19.6, 38.45, 22.75, 32.47, 25.87, 30.03, 36.11, 32.24, 20.83, 27.03, 23.42, 38.38, 27.83, 23.28, 18.91, 34.28, 29.84, 19.68, 19.9, 31.0, 16.28, 18.16, 27.93, 0.0, 40.79, 21.77, 34.01, 28.34, 38.83, 24.86, 37.55, 12.58, 16.31, 27.32, 39.11, 26.13, 42.71, 25.06, 41.96, 47.36, 88.14], [0.0, 41.52, 13.36, 16.98, 11.17, 6.74, 23.33, 22.98, 4.49, 9.04, 18.4, 39.44, 15.81, 15.64, 20.15, 29.58, 21.51, 4.73, 22.85, 8.39, 16.69, 16.34, 4.76, 14.68, 20.03, 14.33, 21.76, 14.76, 13.26, 19.42, 26.48, 6.57, 11.83, 26.32, 21.26, 9.91, 27.58, 23.74, 14.21, 40.79, 0.0, 22.96, 6.78, 12.62, 14.49, 17.48, 20.92, 28.44, 33.21, 14.15, 20.12, 15.87, 18.06, 19.53, 5.11, 17.5, 71.96], [0.0, 20.36, 9.62, 9.44, 11.93, 16.28, 12.18, 11.32, 19.59, 21.26, 10.44, 32.35, 24.95, 12.09, 5.85, 21.4, 11.72, 19.21, 11.78, 15.16, 16.04, 8.52, 19.17, 10.83, 10.38, 14.31, 10.79, 16.71, 14.01, 14.03, 13.77, 16.76, 11.22, 14.08, 11.92, 13.7, 17.77, 14.09, 8.8, 21.77, 22.96, 0.0, 16.95, 11.33, 17.19, 5.75, 16.04, 10.26, 23.96, 14.68, 17.46, 15.23, 20.94, 11.85, 22.3, 25.68, 69.86], [0.0, 34.82, 7.8, 13.07, 6.29, 9.77, 17.5, 16.57, 11.2, 4.79, 14.95, 33.85, 18.37, 8.93, 13.51, 23.46, 14.8, 5.81, 17.05, 10.22, 10.63, 11.9, 11.07, 11.03, 13.26, 7.88, 15.97, 13.99, 6.7, 13.18, 20.33, 9.44, 5.83, 20.27, 14.57, 10.56, 21.16, 17.15, 8.2, 34.01, 6.78, 16.95, 0.0, 5.97, 13.95, 11.26, 19.19, 21.67, 27.08, 7.78, 18.99, 9.65, 18.56, 13.84, 9.15, 19.93, 73.33], [0.0, 28.9, 10.12, 10.26, 4.79, 6.06, 12.02, 10.64, 8.62, 10.69, 12.37, 30.76, 20.8, 4.52, 7.55, 19.74, 9.83, 10.21, 11.61, 4.25, 8.25, 8.65, 8.22, 9.01, 8.03, 5.19, 10.59, 14.28, 9.97, 7.43, 14.54, 6.05, 11.15, 14.56, 9.68, 9.07, 16.88, 12.56, 10.68, 28.34, 12.62, 11.33, 5.97, 0.0, 14.47, 5.6, 17.86, 15.87, 23.24, 5.41, 18.25, 7.08, 19.3, 8.69, 13.77, 22.13, 73.32], [0.0, 37.5, 11.01, 7.76, 9.68, 11.95, 16.82, 19.1, 14.86, 14.27, 7.36, 45.08, 7.76, 18.95, 18.51, 33.92, 23.47, 9.97, 16.36, 13.43, 22.61, 8.81, 14.59, 6.69, 21.52, 19.48, 15.53, 9.88, 18.24, 15.78, 20.51, 13.12, 12.01, 19.92, 23.42, 13.54, 30.76, 26.37, 12.46, 38.83, 14.49, 17.19, 13.95, 14.47, 0.0, 14.6, 6.68, 26.63, 37.28, 19.61, 5.65, 21