{"digraph": {"vertex_count": 57, "arc_count": 3080, "arcs": [[0, 1, 1, 1, 1, 1, 1, 1, 1, 1, 1, 1, 1, 1, 1, 1, 1, 1, 1, 1, 1, 1, 1, 1, 1, 1, 1, 1, 1, 1, 1, 1, 1, 1, 1, 1, 1, 1, 1, 1, 1, 1, 1, 1, 1, 1, 1, 1, 1, 1, 1, 1, 1, 1, 1, 1, 1], [0, 0, 1, 1, 1, 1, 1, 1, 1, 1, 1, 1, 1, 1, 1, 1, 1, 1, 1, 1, 1, 1, 1, 1, 1, 1, 1, 1, 1, 1, 1, 1, 1, 1, 1, 1, 1, 1, 1, 1, 1, 1, 1, 1, 1, 1, 1, 1, 1, 1, 1, 1, 1, 1, 1, 1, 1], [0, 1, 0, 1, 1, 1, 1, 1, 1, 1, 1, 1, 1, 1, 1, 1, 1, 1, 1, 1, 1, 1, 1, 1, 1, 1, 1, 1, 1, 1, 1, 1, 1, 1, 1, 1, 1, 1, 1, 1, 1, 1, 1, 1, 1, 1, 1, 1, 1, 1, 1, 1, 1, 1, 1, 1, 1], [0, 1, 1, 0, 1, 1, 1, 1, 1, 1, 1, 1, 1, 1, 1, 1, 1, 1, 1, 1, 1, 1, 1, 1, 1, 1, 1, 1, 1, 1, 1, 1, 1, 1, 1, 1, 1, 1, 1, 1, 1, 1, 1, 1, 1, 1, 1, 1, 1, 1, 1, 1, 1, 1, 1, 1, 1], [0, 1, 1, 1, 0, 1, 1, 1, 1, 1, 1, 1, 1, 1, 1, 1, 1, 1, 1, 1, 1, 1, 1, 1, 1, 1, 1, 1, 1, 1, 1, 1, 1, 1, 1, 1, 1, 1, 1, 1, 1, 1, 1, 1, 1, 1, 1, 1, 1, 1, 1, 1, 1, 1, 1, 1, 1], [0, 1, 1, 1, 1, 0, 1, 1, 1, 1, 1, 1, 1, 1, 1, 1, 1, 1, 1, 1, 1, 1, 1, 1, 1, 1, 1, 1, 1, 1, 1, 1, 1, 1, 1, 1, 1, 1, 1, 1, 1, 1, 1, 1, 1, 1, 1, 1, 1, 1, 1, 1, 1, 1, 1, 1, 1], [0, 1, 1, 1, 1, 1, 0, 1, 1, 1, 1, 1, 1, 1, 1, 1, 1, 1, 1, 1, 1, 1, 1, 1, 1, 1, 1, 1, 1, 1, 1, 1, 1, 1, 1, 1, 1, 1, 1, 1, 1, 1, 1, 1, 1, 1, 1, 1, 1, 1, 1, 1, 1, 1, 1, 1, 1], [0, 1, 1, 1, 1, 1, 1, 0, 1, 1, 1, 1, 1, 1, 1, 1, 1, 1, 1, 1, 1, 1, 1, 1, 1, 1, 1, 1, 1, 1, 1, 1, 1, 1, 1, 1, 1, 1, 1, 1, 1, 1, 1, 1, 1, 1, 1, 1, 1, 1, 1, 1, 1, 1, 1, 1, 1], [0, 1, 1, 1, 1, 1, 1, 1, 0, 1, 1, 1, 1, 1, 1, 1, 1, 1, 1, 1, 1, 1, 1, 1, 1, 1, 1, 1, 1, 1, 1, 1, 1, 1, 1, 1, 1, 1, 1, 1, 1, 1, 1, 1, 1, 1, 1, 1, 1, 1, 1, 1, 1, 1, 1, 1, 1], [0, 1, 1, 1, 1, 1, 1, 1, 1, 0, 1, 1, 1, 1, 1, 1, 1, 1, 1, 1, 1, 1, 1, 1, 1, 1, 1, 1, 1, 1, 1, 1, 1, 1, 1, 1, 1, 1, 1, 1, 1, 1, 1, 1, 1, 1, 1, 1, 1, 1, 1, 1, 1, 1, 1, 1, 1], [0, 1, 1, 1, 1, 1, 1, 1, 1, 1, 0, 1, 1, 1, 1, 1, 1, 1, 1, 1, 1, 1, 1, 1, 1, 1, 1, 1, 1, 1, 1, 1, 1, 1, 1, 1, 1, 1, 1, 1, 1, 1, 1, 1, 1, 1, 1, 1, 1, 1, 1, 1, 1, 1, 1, 1, 1], [0, 1, 1, 1, 1, 1, 1, 1, 1, 1, 1, 0, 1, 1, 1, 1, 1, 1, 1, 1, 1, 1, 1, 1, 1, 1, 1, 1, 1, 1, 1, 1, 1, 1, 1, 1, 1, 1, 1, 1, 1, 1, 1, 1, 1, 1, 1, 1, 1, 1, 1, 1, 1, 1, 1, 1, 1], [0, 1, 1, 1, 1, 1, 1, 1, 1, 1, 1, 1, 0, 1, 1, 1, 1, 1, 1, 1, 1, 1, 1, 1, 1, 1, 1, 1, 1, 1, 1, 1, 1, 1, 1, 1, 1, 1, 1, 1, 1, 1, 1, 1, 1, 1, 1, 1, 1, 1, 1, 1, 1, 1, 1, 1, 1], [0, 1, 1, 1, 1, 1, 1, 1, 1, 1, 1, 1, 1, 0, 1, 1, 1, 1, 1, 1, 1, 1, 1, 1, 1, 1, 1, 1, 1, 1, 1, 1, 1, 1, 1, 1, 1, 1, 1, 1, 1, 1, 1, 1, 1, 1, 1, 1, 1, 1, 1, 1, 1, 1, 1, 1, 1], [0, 1, 1, 1, 1, 1, 1, 1, 1, 1, 1, 1, 1, 1, 0, 1, 1, 1, 1, 1, 1, 1, 1, 1, 1, 1, 1, 1, 1, 1, 1, 1, 1, 1, 1, 1, 1, 1, 1, 1, 1, 1, 1, 1, 1, 1, 1, 1, 1, 1, 1, 1, 1, 1, 1, 1, 1], [0, 1, 1, 1, 1, 1, 1, 1, 1, 1, 1, 1, 1, 1, 1, 0, 1, 1, 1, 1, 1, 1, 1, 1, 1, 1, 1, 1, 1, 1, 1, 1, 1, 1, 1, 1, 1, 1, 1, 1, 1, 1, 1, 1, 1, 1, 1, 1, 1, 1, 1, 1, 1, 1, 1, 1, 1], [0, 1, 1, 1, 1, 1, 1, 1, 1, 1, 1, 1, 1, 1, 1, 1, 0, 1, 1, 1, 1, 1, 1, 1, 1, 1, 1, 1, 1, 1, 1, 1, 1, 1, 1, 1, 1, 1, 1, 1, 1, 1, 1, 1, 1, 1, 1, 1, 1, 1, 1, 1, 1, 1, 1, 1, 1], [0, 1, 1, 1, 1, 1, 1, 1, 1, 1, 1, 1, 1, 1, 1, 1, 1, 0, 1, 1, 1, 1, 1, 1, 1, 1, 1, 1, 1, 1, 1, 1, 1, 1, 1, 1, 1, 1, 1, 1, 1, 1, 1, 1, 1, 1, 1, 1, 1, 1, 1, 1, 1, 1, 1, 1, 1], [0, 1, 1, 1, 1, 1, 1, 1, 1, 1, 1, 1, 1, 1, 1, 1, 1, 1, 0, 1, 1, 1, 1, 1, 1, 1, 1, 1, 1, 1, 1, 1, 1, 1, 1, 1, 1, 1, 1, 1, 1, 1, 1, 1, 1, 1, 1, 1, 1, 1, 1, 1, 1, 1, 1, 1, 1], [0, 1, 1, 1, 1, 1, 1, 1, 1, 1, 1, 1, 1, 1, 1, 1, 1, 1, 1, 0, 1, 1, 1, 1, 1, 1, 1, 1, 1, 1, 1, 1, 1, 1, 1, 1, 1, 1, 1, 1, 1, 1, 1, 1, 1, 1, 1, 1, 1, 1, 1, 1, 1, 1, 1, 1, 1], [0, 1, 1, 1, 1, 1, 1, 1, 1, 1, 1, 1, 1, 1, 1, 1, 1, 1, 1, 1, 0, 1, 1, 1, 1, 1, 1, 1, 1, 1, 1, 1, 1, 1, 1, 1, 1, 1, 1, 1, 1, 1, 1, 1, 1, 1, 1, 1, 1, 1, 1, 1, 1, 1, 1, 1, 1], [0, 1, 1, 1, 1, 1, 1, 1, 1, 1, 1, 1, 1, 1, 1, 1, 1, 1, 1, 1, 1, 0, 1, 1, 1, 1, 1, 1, 1, 1, 1, 1, 1, 1, 1, 1, 1, 1, 1, 1, 1, 1, 1, 1, 1, 1, 1, 1, 1, 1, 1, 1, 1, 1, 1, 1, 1], [0, 1, 1, 1, 1, 1, 1, 1, 1, 1, 1, 1, 1, 1, 1, 1, 1, 1, 1, 1, 1, 1, 0, 1, 1, 1, 1, 1, 1, 1, 1, 1, 1, 1, 1, 1, 1, 1, 1, 1, 1, 1, 1, 1, 1, 1, 1, 1, 1, 1, 1, 1, 1, 1, 1, 1, 1], [0, 1, 1, 1, 1, 1, 1, 1, 1, 1, 1, 1, 1, 1, 1, 1, 1, 1, 1, 1, 1, 1, 1, 0, 1, 1, 1, 1, 1, 1, 1, 1, 1, 1, 1, 1, 1, 1, 1, 1, 1, 1, 1, 1, 1, 1, 1, 1, 1, 1, 1, 1, 1, 1, 1, 1, 1], [0, 1, 1, 1, 1, 1, 1, 1, 1, 1, 1, 1, 1, 1, 1, 1, 1, 1, 1, 1, 1, 1, 1, 1, 0, 1, 1, 1, 1, 1, 1, 1, 1, 1, 1, 1, 1, 1, 1, 1, 1, 1, 1, 1, 1, 1, 1, 1, 1, 1, 1, 1, 1, 1, 1, 1, 1], [0, 1, 1, 1, 1, 1, 1, 1, 1, 1, 1, 1, 1, 1, 1, 1, 1, 1, 1, 1, 1, 1, 1, 1, 1, 0, 1, 1, 1, 1, 1, 1, 1, 1, 1, 1, 1, 1, 1, 1, 1, 1, 1, 1, 1, 1, 1, 1, 1, 1, 1, 1, 1, 1, 1, 1, 1], [0, 1, 1, 1, 1, 1, 1, 1, 1, 1, 1, 1, 1, 1, 1, 1, 1, 1, 1, 1, 1, 1, 1, 1, 1, 1, 0, 1, 1, 1, 1, 1, 1, 1, 1, 1, 1, 1, 1, 1, 1, 1, 1, 1, 1, 1, 1, 1, 1, 1, 1, 1, 1, 1, 1, 1, 1], [0, 1, 1, 1, 1, 1, 1, 1, 1, 1, 1, 1, 1, 1, 1, 1, 1, 1, 1, 1, 1, 1, 1, 1, 1, 1, 1, 0, 1, 1, 1, 1, 1, 1, 1, 1, 1, 1, 1, 1, 1, 1, 1, 1, 1, 1, 1, 1, 1, 1, 1, 1, 1, 1, 1, 1, 1], [0, 1, 1, 1, 1, 1, 1, 1, 1, 1, 1, 1, 1, 1, 1, 1, 1, 1, 1, 1, 1, 1, 1, 1, 1, 1, 1, 1, 0, 1, 1, 1, 1, 1, 1, 1, 1, 1, 1, 1, 1, 1, 1, 1, 1, 1, 1, 1, 1, 1, 1, 1, 1, 1, 1, 1, 1], [0, 1, 1, 1, 1, 1, 1, 1, 1, 1, 1, 1, 1, 1, 1, 1, 1, 1, 1, 1, 1, 1, 1, 1, 1, 1, 1, 1, 1, 0, 1, 1, 1, 1, 1, 1, 1, 1, 1, 1, 1, 1, 1, 1, 1, 1, 1, 1, 1, 1, 1, 1, 1, 1, 1, 1, 1], [0, 1, 1, 1, 1, 1, 1, 1, 1, 1, 1, 1, 1, 1, 1, 1, 1, 1, 1, 1, 1, 1, 1, 1, 1, 1, 1, 1, 1, 1, 0, 1, 1, 1, 1, 1, 1, 1, 1, 1, 1, 1, 1, 1, 1, 1, 1, 1, 1, 1, 1, 1, 1, 1, 1, 1, 1], [0, 1, 1, 1, 1, 1, 1, 1, 1, 1, 1, 1, 1, 1, 1, 1, 1, 1, 1, 1, 1, 1, 1, 1, 1, 1, 1, 1, 1, 1, 1, 0, 1, 1, 1, 1, 1, 1, 1, 1, 1, 1, 1, 1, 1, 1, 1, 1, 1, 1, 1, 1, 1, 1, 1, 1, 1], [0, 1, 1, 1, 1, 1, 1, 1, 1, 1, 1, 1, 1, 1, 1, 1, 1, 1, 1, 1, 1, 1, 1, 1, 1, 1, 1, 1, 1, 1, 1, 1, 0, 1, 1, 1, 1, 1, 1, 1, 1, 1, 1, 1, 1, 1, 1, 1, 1, 1, 1, 1, 1, 1, 1, 1, 1], [0, 1, 1, 1, 1, 1, 1, 1, 1, 1, 1, 1, 1, 1, 1, 1, 1, 1, 1, 1, 1, 1, 1, 1, 1, 1, 1, 1, 1, 1, 1, 1, 1, 0, 1, 1, 1, 1, 1, 1, 1, 1, 1, 1, 1, 1, 1, 1, 1, 1, 1, 1, 1, 1, 1, 1, 1], [0, 1, 1, 1, 1, 1, 1, 1, 1, 1, 1, 1, 1, 1, 1, 1, 1, 1, 1, 1, 1, 1, 1, 1, 1, 1, 1, 1, 1, 1, 1, 1, 1, 1, 0, 1, 1, 1, 1, 1, 1, 1, 1, 1, 1, 1, 1, 1, 1, 1, 1, 1, 1, 1, 1, 1, 1], [0, 1, 1, 1, 1, 1, 1, 1, 1, 1, 1, 1, 1, 1, 1, 1, 1, 1, 1, 1, 1, 1, 1, 1, 1, 1, 1, 1, 1, 1, 1, 1, 1, 1, 1, 0, 1, 1, 1, 1, 1, 1, 1, 1, 1, 1, 1, 1, 1, 1, 1, 1, 1, 1, 1, 1, 1], [0, 1, 1, 1, 1, 1, 1, 1, 1, 1, 1, 1, 1, 1, 1, 1, 1, 1, 1, 1, 1, 1, 1, 1, 1, 1, 1, 1, 1, 1, 1, 1, 1, 1, 1, 1, 0, 1, 1, 1, 1, 1, 1, 1, 1, 1, 1, 1, 1, 1, 1, 1, 1, 1, 1, 1, 1], [0, 1, 1, 1, 1, 1, 1, 1, 1, 1, 1, 1, 1, 1, 1, 1, 1, 1, 1, 1, 1, 1, 1, 1, 1, 1, 1, 1, 1, 1, 1, 1, 1, 1, 1, 1, 1, 0, 1, 1, 1, 1, 1, 1, 1, 1, 1, 1, 1, 1, 1, 1, 1, 1, 1, 1, 1], [0, 1, 1, 1, 1, 1, 1, 1, 1, 1, 1, 1, 1, 1, 1, 1, 1, 1, 1, 1, 1, 1, 1, 1, 1, 1, 1, 1, 1, 1, 1, 1, 1, 1, 1, 1, 1, 1, 0, 1, 1, 1, 1, 1, 1, 1, 1, 1, 1, 1, 1, 1, 1, 1, 1, 1, 1], [0, 1, 1, 1, 1, 1, 1, 1, 1, 1, 1, 1, 1, 1, 1, 1, 1, 1, 1, 1, 1, 1, 1, 1, 1, 1, 1, 1, 1, 1, 1, 1, 1, 1, 1, 1, 1, 1, 1, 0, 1, 1, 1, 1, 1, 1, 1, 1, 1, 1, 1, 1, 1, 1, 1, 1, 1], [0, 1, 1, 1, 1, 1, 1, 1, 1, 1, 1, 1, 1, 1, 1, 1, 1, 1, 1, 1, 1, 1, 1, 1, 1, 1, 1, 1, 1, 1, 1, 1, 1, 1, 1, 1, 1, 1, 1, 1, 0, 1, 1, 1, 1, 1, 1, 1, 1, 1, 1, 1, 1, 1, 1, 1, 1], [0, 1, 1, 1, 1, 1, 1, 1, 1, 1, 1, 1, 1, 1, 1, 1, 1, 1, 1, 1, 1, 1, 1, 1, 1, 1, 1, 1, 1, 1, 1, 1, 1, 1, 1, 1, 1, 1, 1, 1, 1, 0, 1, 1, 1, 1, 1, 1, 1, 1, 1, 1, 1, 1, 1, 1, 1], [0, 1, 1, 1, 1, 1, 1, 1, 1, 1, 1, 1, 1, 1, 1, 1, 1, 1, 1, 1, 1, 1, 1, 1, 1, 1, 1, 1, 1, 1, 1, 1, 1, 1, 1, 1, 1, 1, 1, 1, 1, 1, 0, 1, 1, 1, 1, 1, 1, 1, 1, 1, 1, 1, 1, 1, 1], [0, 1, 1, 1, 1, 1, 1, 1, 1, 1, 1, 1, 1, 1, 1, 1, 1, 1, 1, 1, 1, 1, 1, 1, 1, 1, 1, 1, 1, 1, 1, 1, 1, 1, 1, 1, 1, 1, 1, 1, 1, 1, 1, 0, 1, 1, 1, 1, 1, 1, 1, 1, 1, 1, 1, 1, 1], [0, 1, 1, 1, 1, 1, 1, 1, 1, 1, 1, 1, 1, 1, 1, 1, 1, 1, 1, 1, 1, 1, 1, 1, 1, 1, 1, 1, 1, 1, 1, 1, 1, 1, 1, 1, 1, 1, 1, 1, 1, 1, 1, 1, 0, 1, 1, 1, 1, 1, 1, 1, 1, 1, 1, 1, 1], [0, 1, 1, 1, 1, 1, 1, 1, 1, 1, 1, 1, 1, 1, 1, 1, 1, 1, 1, 1, 1, 1, 1, 1, 1, 1, 1, 1, 1, 1, 1, 1, 1, 1, 1, 1, 1, 1, 1, 1, 1, 1, 1, 1, 1, 0, 1, 1, 1, 1, 1, 1, 1, 1, 1, 1, 1], [0, 1, 1, 1, 1, 1, 1, 1, 1, 1, 1, 1, 1, 1, 1, 1, 1, 1, 1, 1, 1, 1, 1, 1, 1, 1, 1, 1, 1, 1, 1, 1, 1, 1, 1, 1, 1, 1, 1, 1, 1, 1, 1, 1, 1, 1, 0, 1, 1, 1, 1, 1, 1, 1, 1, 1, 1], [0, 1, 1, 1, 1, 1, 1, 1, 1, 1, 1, 1, 1, 1, 1, 1, 1, 1, 1, 1, 1, 1, 1, 1, 1, 1, 1, 1, 1, 1, 1, 1, 1, 1, 1, 1, 1, 1, 1, 1, 1, 1, 1, 1, 1, 1, 1, 0, 1, 1, 1, 1, 1, 1, 1, 1, 1], [0, 1, 1, 1, 1, 1, 1, 1, 1, 1, 1, 1, 1, 1, 1, 1, 1, 1, 1, 1, 1, 1, 1, 1, 1, 1, 1, 1, 1, 1, 1, 1, 1, 1, 1, 1, 1, 1, 1, 1, 1, 1, 1, 1, 1, 1, 1, 1, 0, 1, 1, 1, 1, 1, 1, 1, 1], [0, 1, 1, 1, 1, 1, 1, 1, 1, 1, 1, 1, 1, 1, 1, 1, 1, 1, 1, 1, 1, 1, 1, 1, 1, 1, 1, 1, 1, 1, 1, 1, 1, 1, 1, 1, 1, 1, 1, 1, 1, 1, 1, 1, 1, 1, 1, 1, 1, 0, 1, 1, 1, 1, 1, 1, 1], [0, 1, 1, 1, 1, 1, 1, 1, 1, 1, 1, 1, 1, 1, 1, 1, 1, 1, 1, 1, 1, 1, 1, 1, 1, 1, 1, 1, 1, 1, 1, 1, 1, 1, 1, 1, 1, 1, 1, 1, 1, 1, 1, 1, 1, 1, 1, 1, 1, 1, 0, 1, 1, 1, 1, 1, 1], [0, 1, 1, 1, 1, 1, 1, 1, 1, 1, 1, 1, 1, 1, 1, 1, 1, 1, 1, 1, 1, 1, 1, 1, 1, 1, 1, 1, 1, 1, 1, 1, 1, 1, 1, 1, 1, 1, 1, 1, 1, 1, 1, 1, 1, 1, 1, 1, 1, 1, 1, 0, 1, 1, 1, 1, 1], [0, 1, 1, 1, 1, 1, 1, 1, 1, 1, 1, 1, 1, 1, 1, 1, 1, 1, 1, 1, 1, 1, 1, 1, 1, 1, 1, 1, 1, 1, 1, 1, 1, 1, 1, 1, 1, 1, 1, 1, 1, 1, 1, 1, 1, 1, 1, 1, 1, 1, 1, 1, 0, 1, 1, 1, 1], [0, 1, 1, 1, 1, 1, 1, 1, 1, 1, 1, 1, 1, 1, 1, 1, 1, 1, 1, 1, 1, 1, 1, 1, 1, 1, 1, 1, 1, 1, 1, 1, 1, 1, 1, 1, 1, 1, 1, 1, 1, 1, 1, 1, 1, 1, 1, 1, 1, 1, 1, 1, 1, 0, 1, 1, 1], [0, 1, 1, 1, 1, 1, 1, 1, 1, 1, 1, 1, 1, 1, 1, 1, 1, 1, 1, 1, 1, 1, 1, 1, 1, 1, 1, 1, 1, 1, 1, 1, 1, 1, 1, 1, 1, 1, 1, 1, 1, 1, 1, 1, 1, 1, 1, 1, 1, 1, 1, 1, 1, 1, 0, 1, 1], [0, 1, 1, 1, 1, 1, 1, 1, 1, 1, 1, 1, 1, 1, 1, 1, 1, 1, 1, 1, 1, 1, 1, 1, 1, 1, 1, 1, 1, 1, 1, 1, 1, 1, 1, 1, 1, 1, 1, 1, 1, 1, 1, 1, 1, 1, 1, 1, 1, 1, 1, 1, 1, 1, 1, 0, 1], [0, 0, 0, 0, 0, 0, 0, 0, 0, 0, 0, 0, 0, 0, 0, 0, 0, 0, 0, 0, 0, 0, 0, 0, 0, 0, 0, 0, 0, 0, 0, 0, 0, 0, 0, 0, 0, 0, 0, 0, 0, 0, 0, 0, 0, 0, 0, 0, 0, 0, 0, 0, 0, 0, 0, 0, 0]]}, "cluster_count": 3, "cluster_speeds": [[0.925, 0.85, 0.925, 1.0, 0.8325, 0.765, 0.8325, 0.9, 0.4625, 0.425, 0.4625, 0.5, 0.30525, 0.2805, 0.30525, 0.33, 0.37, 0.34, 0.37, 0.4, 0.555, 0.51, 0.555, 0.6, 0.6475, 0.595, 0.6475, 0.7, 0.37, 0.34, 0.37, 0.4, 0.30525, 0.2805, 0.30525, 0.33, 0.4625, 0.425, 0.4625, 0.5, 0.6475, 0.595, 0.6475, 0.7, 0.74, 0.68, 0.74, 0.8, 0.6475, 0.595, 0.6475, 0.7, 0.4625, 0.425, 0.4625, 0.5, 0.555, 0.51, 0.555, 0.6, 0.6475, 0.595, 0.6475, 0.7, 0.8325, 0.765, 0.8325, 0.9, 0.925, 0.85, 0.925, 1.0, 1.0], [0.8325, 0.765, 0.8325, 0.9, 0.7492500000000001, 0.6885, 0.7492500000000001, 0.81, 0.41625, 0.3825, 0.41625, 0.45, 0.27472500000000005, 0.25245, 0.27472500000000005, 0.29700000000000004, 0.333, 0.30600000000000005, 0.333, 0.36000000000000004, 0.49950000000000006, 0.459, 0.49950000000000006, 0.54, 0.6475, 0.595, 0.6475, 0.7, 0.37, 0.34, 0.37, 0.4, 0.30525, 0.2805, 0.30525, 0.33, 0.4625, 0.425, 0.4625, 0.5, 0.6475, 0.595, 0.6475, 0.7, 0.74, 0.68, 0.74, 0.8, 0.58275, 0.5355, 0.58275, 0.63, 0.41625, 0.3825, 0.41625, 0.45, 0.49950000000000006, 0.459, 0.49950000000000006, 0.54, 0.58275, 0.5355, 0.58275, 0.63, 0.7492500000000001, 0.6885, 0.7492500000000001, 0.81, 0.8325, 0.765, 0.8325, 0.9, 0.9], [0.87875, 0.8075, 0.87875, 0.95, 0.790875, 0.72675, 0.790875, 0.855, 0.439375, 0.40375, 0.439375, 0.475, 0.2899875, 0.266475, 0.2899875, 0.3135, 0.3515, 0.323, 0.3515, 0.38, 0.52725, 0.4845, 0.52725, 0.57, 0.6475, 0.595, 0.6475, 0.7, 0.37, 0.34, 0.37, 0.4, 0.30525, 0.2805, 0.30525, 0.33, 0.4625, 0.425, 0.4625, 0.5, 0.6475, 0.595, 0.6475, 0.7, 0.74, 0.68, 0.74, 0.8, 0.6151249999999999, 0.5652499999999999, 0.6151249999999999, 0.6649999999999999, 0.439375, 0.40375, 0.439375, 0.475, 0.52725, 0.4845, 0.52725, 0.57, 0.6151249999999999, 0.5652499999999999, 0.6151249999999999, 0.6649999999999999, 0.790875, 0.72675, 0.790875, 0.855, 0.87875, 0.8075, 0.87875, 0.95, 0.95]], "clusters": [[-1, 2, 2, 2, 2, 2, 2, 2, 2, 2, 2, 2, 2, 2, 2, 2, 2, 2, 2, 2, 2, 2, 2, 2, 2, 2, 2, 2, 2, 2, 2, 2, 2, 2, 2, 2, 2, 2, 2, 2, 2, 2, 2, 2, 2, 2, 2, 2, 2, 2, 2, 2, 2, 2, 2, 2, 2], [2, -1, 2, 2, 2, 2, 2, 2, 2, 2, 2, 2, 2, 2, 2, 2, 2, 2, 2, 2, 2, 2, 2, 2, 2, 2, 2, 2, 2, 2, 2, 2, 2, 2, 2, 2, 2, 2, 2, 2, 2, 2, 2, 2, 2, 2, 2, 2, 2, 2, 2, 2, 2, 2, 2, 2, 2], [1, 1, -1, 1, 1, 1, 1, 1, 1, 1, 1, 1, 1, 1, 1, 1, 1, 1, 1, 1, 1, 1, 1, 1, 1, 1, 1, 1, 1, 1, 1, 1, 1, 1, 1, 1, 1, 1, 1, 1, 1, 1, 1, 1, 1, 1, 1, 1, 1, 1, 1, 1, 1, 1, 1, 1, 1], [1, 1, 1, -1, 1, 1, 1, 1, 1, 1, 1, 1, 1, 1, 1, 1, 1, 1, 1, 1, 1, 1, 1, 1, 1, 1, 1, 1, 1, 1, 1, 1, 1, 1, 1, 1, 1, 1, 1, 1, 1, 1, 1, 1, 1, 1, 1, 1, 1, 1, 1, 1, 1, 1, 1, 1, 1], [0, 0, 0, 0, -1, 0, 0, 0, 0, 0, 0, 0, 0, 0, 0, 0, 0, 0, 0, 0, 0, 0, 0, 0, 0, 0, 0, 0, 0, 0, 0, 0, 0, 0, 0, 0, 0, 0, 0, 0, 0, 0, 0, 0, 0, 0, 0, 0, 0, 0, 0, 0, 0, 0, 0, 0, 0], [2, 2, 2, 2, 2, -1, 2, 2, 2, 2, 2, 2, 2, 2, 2, 2, 2, 2, 2, 2, 2, 2, 2, 2, 2, 2, 2, 2, 2, 2, 2, 2, 2, 2, 2, 2, 2, 2, 2, 2, 2, 2, 2, 2, 2, 2, 2, 2, 2, 2, 2, 2, 2, 2, 2, 2, 2], [0, 0, 0, 0, 0, 0, -1, 0, 0, 0, 0, 0, 0, 0, 0, 0, 0, 0, 0, 0, 0, 0, 0, 0, 0, 0, 0, 0, 0, 0, 0, 0, 0, 0, 0, 0, 0, 0, 0, 0, 0, 0, 0, 0, 0, 0, 0, 0, 0, 0, 0, 0, 0, 0, 0, 0, 0], [0, 0, 0, 0, 0, 0, 0, -1, 0, 0, 0, 0, 0, 0, 0, 0, 0, 0, 0, 0, 0, 0, 0, 0, 0, 0, 0, 0, 0, 0, 0, 0, 0, 0, 0, 0, 0, 0, 0, 0, 0, 0, 0, 0, 0, 0, 0, 0, 0, 0, 0, 0, 0, 0, 0, 0, 0], [2, 2, 2, 2, 2, 2, 2, 2, -1, 2, 2, 2, 2, 2, 2, 2, 2, 2, 2, 2, 2, 2, 2, 2, 2, 2, 2, 2, 2, 2, 2, 2, 2, 2, 2, 2, 2, 2, 2, 2, 2, 2, 2, 2, 2, 2, 2, 2, 2, 2, 2, 2, 2, 2, 2, 2, 2], [1, 1, 1, 1, 1, 1, 1, 1, 1, -1, 1, 1, 1, 1, 1, 1, 1, 1, 1, 1, 1, 1, 1, 1, 1, 1, 1, 1, 1, 1, 1, 1, 1, 1, 1, 1, 1, 1, 1, 1, 1, 1, 1, 1, 1, 1, 1, 1, 1, 1, 1, 1, 1, 1, 1, 1, 1], [0, 0, 0, 0, 0, 0, 0, 0, 0, 0, -1, 0, 0, 0, 0, 0, 0, 0, 0, 0, 0, 0, 0, 0, 0, 0, 0, 0, 0, 0, 0, 0, 0, 0, 0, 0, 0, 0, 0, 0, 0, 0, 0, 0, 0, 0, 0, 0, 0, 0, 0, 0, 0, 0, 0, 0, 0], [2, 2, 2, 2, 2, 2, 2, 2, 2, 2, 2, -1, 2, 2, 2, 2, 2, 2, 2, 2, 2, 2, 2, 2, 2, 2, 2, 2, 2, 2, 2, 2, 2, 2, 2, 2, 2, 2, 2, 2, 2, 2, 2, 2, 2, 2, 2, 2, 2, 2, 2, 2, 2, 2, 2, 2, 2], [1, 1, 1, 1, 1, 1, 1, 1, 1, 1, 1, 1, -1, 1, 1, 1, 1, 1, 1, 1, 1, 1, 1, 1, 1, 1, 1, 1, 1, 1, 1, 1, 1, 1, 1, 1, 1, 1, 1, 1, 1, 1, 1, 1, 1, 1, 1, 1, 1, 1, 1, 1, 1, 1, 1, 1, 1], [2, 2, 2, 2, 2, 2, 2, 2, 2, 2, 2, 2, 2, -1, 2, 2, 2, 2, 2, 2, 2, 2, 2, 2, 2, 2, 2, 2, 2, 2, 2, 2, 2, 2, 2, 2, 2, 2, 2, 2, 2, 2, 2, 2, 2, 2, 2, 2, 2, 2, 2, 2, 2, 2, 2, 2, 2], [1, 1, 1, 1, 1, 1, 1, 1, 1, 1, 1, 1, 1, 1, -1, 1, 1, 1, 1, 1, 1, 1, 1, 1, 1, 1, 1, 1, 1, 1, 1, 1, 1, 1, 1, 1, 1, 1, 1, 1, 1, 1, 1, 1, 1, 1, 1, 1, 1, 1, 1, 1, 1, 1, 1, 1, 1], [2, 2, 2, 2, 2, 2, 2, 2, 2, 2, 2, 2, 2, 2, 2, -1, 2, 2, 2, 2, 2, 2, 2, 2, 2, 2, 2, 2, 2, 2, 2, 2, 2, 2, 2, 2, 2, 2, 2, 2, 2, 2, 2, 2, 2, 2, 2, 2, 2, 2, 2, 2, 2, 2, 2, 2, 2], [1, 1, 1, 1, 1, 1, 1, 1, 1, 1, 1, 1, 1, 1, 1, 1, -1, 1, 1, 1, 1, 1, 1, 1, 1, 1, 1, 1, 1, 1, 1, 1, 1, 1, 1, 1, 1, 1, 1, 1, 1, 1, 1, 1, 1, 1, 1, 1, 1, 1, 1, 1, 1, 1, 1, 1, 1], [1, 1, 1, 1, 1, 1, 1, 1, 1, 1, 1, 1, 1, 1, 1, 1, 1, -1, 1, 1, 1, 1, 1, 1, 1, 1, 1, 1, 1, 1, 1, 1, 1, 1, 1, 1, 1, 1, 1, 1, 1, 1, 1, 1, 1, 1, 1, 1, 1, 1, 1, 1, 1, 1, 1, 1, 1], [2, 2, 2, 2, 2, 2, 2, 2, 2, 2, 2, 2, 2, 2, 2, 2, 2, 2, -1, 2, 2, 2, 2, 2, 2, 2, 2, 2, 2, 2, 2, 2, 2, 2, 2, 2, 2, 2, 2, 2, 2, 2, 2, 2, 2, 2, 2, 2, 2, 2, 2, 2, 2, 2, 2, 2, 2], [1, 1, 1, 1, 1, 1, 1, 1, 1, 1, 1, 1, 1, 1, 1, 1, 1, 1, 1, -1, 1, 1, 1, 1, 1, 1, 1, 1, 1, 1, 1, 1, 1, 1, 1, 1, 1, 1, 1, 1, 1, 1, 1, 1, 1, 1, 1, 1, 1, 1, 1, 1, 1, 1, 1, 1, 1], [2, 2, 2, 2, 2, 2, 2, 2, 2, 2, 2, 2, 2, 2, 2, 2, 2, 2, 2, 2, -1, 2, 2, 2, 2, 2, 2, 2, 2, 2, 2, 2, 2, 2, 2, 2, 2, 2, 2, 2, 2, 2, 2, 2, 2, 2, 2, 2, 2, 2, 2, 2, 2, 2, 2, 2, 2], [2, 2, 2, 2, 2, 2, 2, 2, 2, 2, 2, 2, 2, 2, 2, 2, 2, 2, 2, 2, 2, -1, 2, 2, 2, 2, 2, 2, 2, 2, 2, 2, 2, 2, 2, 2, 2, 2, 2, 2, 2, 2, 2, 2, 2, 2, 2, 2, 2, 2, 2, 2, 2, 2, 2, 2, 2], [1, 1, 1, 1, 1, 1, 1, 1, 1, 1, 1, 1, 1, 1, 1, 1, 1, 1, 1, 1, 1, 1, -1, 1, 1, 1, 1, 1, 1, 1, 1, 1, 1, 1, 1, 1, 1, 1, 1, 1, 1, 1, 1, 1, 1, 1, 1, 1, 1, 1, 1, 1, 1, 1, 1, 1, 1], [0, 0, 0, 0, 0, 0, 0, 0, 0, 0, 0, 0, 0, 0, 0, 0, 0, 0, 0, 0, 0, 0, 0, -1, 0, 0, 0, 0, 0, 0, 0, 0, 0, 0, 0, 0, 0, 0, 0, 0, 0, 0, 0, 0, 0, 0, 0, 0, 0, 0, 0, 0, 0, 0, 0, 0, 0], [0, 0, 0, 0, 0, 0, 0, 0, 0, 0, 0, 0, 0, 0, 0, 0, 0, 0, 0, 0, 0, 0, 0, 0, -1, 0, 0, 0, 0, 0, 0, 0, 0, 0, 0, 0, 0, 0, 0, 0, 0, 0, 0, 0, 0, 0, 0, 0, 0, 0, 0, 0, 0, 0, 0, 0, 0], [2, 2, 2, 2, 2, 2, 2, 2, 2, 2, 2, 2, 2, 2, 2, 2, 2, 2, 2, 2, 2, 2, 2, 2, 2, -1, 2, 2, 2, 2, 2, 2, 2, 2, 2, 2, 2, 2, 2, 2, 2, 2, 2, 2, 2, 2, 2, 2, 2, 2, 2, 2, 2, 2, 2, 2, 2], [2, 2, 2, 2, 2, 2, 2, 2, 2, 2, 2, 2, 2, 2, 2, 2, 2, 2, 2, 2, 2, 2, 2, 2, 2, 2, -1, 2, 2, 2, 2, 2, 2, 2, 2, 2, 2, 2, 2, 2, 2, 2, 2, 2, 2, 2, 2, 2, 2, 2, 2, 2, 2, 2, 2, 2, 2], [0, 0, 0, 0, 0, 0, 0, 0, 0, 0, 0, 0, 0, 0, 0, 0, 0, 0, 0, 0, 0, 0, 0, 0, 0, 0, 0, -1, 0, 0, 0, 0, 0, 0, 0, 0, 0, 0, 0, 0, 0, 0, 0, 0, 0, 0, 0, 0, 0, 0, 0, 0, 0, 0, 0, 0, 0], [2, 2, 2, 2, 2, 2, 2, 2, 2, 2, 2, 2, 2, 2, 2, 2, 2, 2, 2, 2, 2, 2, 2, 2, 2, 2, 2, 2, -1, 2, 2, 2, 2, 2, 2, 2, 2, 2, 2, 2, 2, 2, 2, 2, 2, 2, 2, 2, 2, 2, 2, 2, 2, 2, 2, 2, 2], [2, 2, 2, 2, 2, 2, 2, 2, 2, 2, 2, 2, 2, 2, 2, 2, 2, 2, 2, 2, 2, 2, 2, 2, 2, 2, 2, 2, 2, -1, 2, 2, 2, 2, 2, 2, 2, 2, 2, 2, 2, 2, 2, 2, 2, 2, 2, 2, 2, 2, 2, 2, 2, 2, 2, 2, 2], [0, 0, 0, 0, 0, 0, 0, 0, 0, 0, 0, 0, 0, 0, 0, 0, 0, 0, 0, 0, 0, 0, 0, 0, 0, 0, 0, 0, 0, 0, -1, 0, 0, 0, 0, 0, 0, 0, 0, 0, 0, 0, 0, 0, 0, 0, 0, 0, 0, 0, 0, 0, 0, 0, 0, 0, 0], [2, 2, 2, 2, 2, 2, 2, 2, 2, 2, 2, 2, 2, 2, 2, 2, 2, 2, 2, 2, 2, 2, 2, 2, 2, 2, 2, 2, 2, 2, 2, -1, 2, 2, 2, 2, 2, 2, 2, 2, 2, 2, 2, 2, 2, 2, 2, 2, 2, 2, 2, 2, 2, 2, 2, 2, 2], [1, 1, 1, 1, 1, 1, 1, 1, 1, 1, 1, 1, 1, 1, 1, 1, 1, 1, 1, 1, 1, 1, 1, 1, 1, 1, 1, 1, 1, 1, 1, 1, -1, 1, 1, 1, 1, 1, 1, 1, 1, 1, 1, 1, 1, 1, 1, 1, 1, 1, 1, 1, 1, 1, 1, 1, 1], [1, 1, 1, 1, 1, 1, 1, 1, 1, 1, 1, 1, 1, 1, 1, 1, 1, 1, 1, 1, 1, 1, 1, 1, 1, 1, 1, 1, 1, 1, 1, 1, 1, -1, 1, 1, 1, 1, 1, 1, 1, 1, 1, 1, 1, 1, 1, 1, 1, 1, 1, 1, 1, 1, 1, 1, 1], [0, 0, 0, 0, 0, 0, 0, 0, 0, 0, 0, 0, 0, 0, 0, 0, 0, 0, 0, 0, 0, 0, 0, 0, 0, 0, 0, 0, 0, 0, 0, 0, 0, 0, -1, 0, 0, 0, 0, 0, 0, 0, 0, 0, 0, 0, 0, 0, 0, 0, 0, 0, 0, 0, 0, 0, 0], [2, 2, 2, 2, 2, 2, 2, 2, 2, 2, 2, 2, 2, 2, 2, 2, 2, 2, 2, 2, 2, 2, 2, 2, 2, 2, 2, 2, 2, 2, 2, 2, 2, 2, 2, -1, 2, 2, 2, 2, 2, 2, 2, 2, 2, 2, 2, 2, 2, 2, 2, 2, 2, 2, 2, 2, 2], [1, 1, 1, 1, 1, 1, 1, 1, 1, 1, 1, 1, 1, 1, 1, 1, 1, 1, 1, 1, 1, 1, 1, 1, 1, 1, 1, 1, 1, 1, 1, 1, 1, 1, 1, 1, -1, 1, 1, 1, 1, 1, 1, 1, 1, 1, 1, 1, 1, 1, 1, 1, 1, 1, 1, 1, 1], [0, 0, 0, 0, 0, 0, 0, 0, 0, 0, 0, 0, 0, 0, 0, 0, 0, 0, 0, 0, 0, 0, 0, 0, 0, 0, 0, 0, 0, 0, 0, 0, 0, 0, 0, 0, 0, -1, 0, 0, 0, 0, 0, 0, 0, 0, 0, 0, 0, 0, 0, 0, 0, 0, 0, 0, 0], [2, 2, 2, 2, 2, 2, 2, 2, 2, 2, 2, 2, 2, 2, 2, 2, 2, 2, 2, 2, 2, 2, 2, 2, 2, 2, 2, 2, 2, 2, 2, 2, 2, 2, 2, 2, 2, 2, -1, 2, 2, 2, 2, 2, 2, 2, 2, 2, 2, 2, 2, 2, 2, 2, 2, 2, 2], [0, 0, 0, 0, 0, 0, 0, 0, 0, 0, 0, 0, 0, 0, 0, 0, 0, 0, 0, 0, 0, 0, 0, 0, 0, 0, 0, 0, 0, 0, 0, 0, 0, 0, 0, 0, 0, 0, 0, -1, 0, 0, 0, 0, 0, 0, 0, 0, 0, 0, 0, 0, 0, 0, 0, 0, 0], [0, 0, 0, 0, 0, 0, 0, 0, 0, 0, 0, 0, 0, 0, 0, 0, 0, 0, 0, 0, 0, 0, 0, 0, 0, 0, 0, 0, 0, 0, 0, 0, 0, 0, 0, 0, 0, 0, 0, 0, -1, 0, 0, 0, 0, 0, 0, 0, 0, 0, 0, 0, 0, 0, 0, 0, 0], [0, 0, 0, 0, 0, 0, 0, 0, 0, 0, 0, 0, 0, 0, 0, 0, 0, 0, 0, 0, 0, 0, 0, 0, 0, 0, 0, 0, 0, 0, 0, 0, 0, 0, 0, 0, 0, 0, 0, 0, 0, -1, 0, 0, 0, 0, 0, 0, 0, 0, 0, 0, 0, 0, 0, 0, 0], [1, 1, 1, 1, 1, 1, 1, 1, 1, 1, 1, 1, 1, 1, 1, 1, 1, 1, 1, 1, 1, 1, 1, 1, 1, 1, 1, 1, 1, 1, 1, 1, 1, 1, 1, 1, 1, 1, 1, 1, 1, 1, -1, 1, 1, 1, 1, 1, 1, 1, 1, 1, 1, 1, 1, 1, 1], [0, 0, 0, 0, 0, 0, 0, 0, 0, 0, 0, 0, 0, 0, 0, 0, 0, 0, 0, 0, 0, 0, 0, 0, 0, 0, 0, 0, 0, 0, 0, 0, 0, 0, 0, 0, 0, 0, 0, 0, 0, 0, 0, -1, 0, 0, 0, 0, 0, 0, 0, 0, 0, 0, 0, 0, 0], [0, 0, 0, 0, 0, 0, 0, 0, 0, 0, 0, 0, 0, 0, 0, 0, 0, 0, 0, 0, 0, 0, 0, 0, 0, 0, 0, 0, 0, 0, 0, 0, 0, 0, 0, 0, 0, 0, 0, 0, 0, 0, 0, 0, -1, 0, 0, 0, 0, 0, 0, 0, 0, 0, 0, 0, 0], [2, 2, 2, 2, 2, 2, 2, 2, 2, 2, 2, 2, 2, 2, 2, 2, 2, 2, 2, 2, 2, 2, 2, 2, 2, 2, 2, 2, 2, 2, 2, 2, 2, 2, 2, 2, 2, 2, 2, 2, 2, 2, 2, 2, 2, -1, 2, 2, 2, 2, 2, 2, 2, 2, 2, 2, 2], [0, 0, 0, 0, 0, 0, 0, 0, 0, 0, 0, 0, 0, 0, 0, 0, 0, 0, 0, 0, 0, 0, 0, 0, 0, 0, 0, 0, 0, 0, 0, 0, 0, 0, 0, 0, 0, 0, 0, 0, 0, 0, 0, 0, 0, 0, -1, 0, 0, 0, 0, 0, 0, 0, 0, 0, 0], [1, 1, 1, 1, 1, 1, 1, 1, 1, 1, 1, 1, 1, 1, 1, 1, 1, 1, 1, 1, 1, 1, 1, 1, 1, 1, 1, 1, 1, 1, 1, 1, 1, 1, 1, 1, 1, 1, 1, 1, 1, 1, 1, 1, 1, 1, 1, -1, 1, 1, 1, 1, 1, 1, 1, 1, 1], [0, 0, 0, 0, 0, 0, 0, 0, 0, 0, 0, 0, 0, 0, 0, 0, 0, 0, 0, 0, 0, 0, 0, 0, 0, 0, 0, 0, 0, 0, 0, 0, 0, 0, 0, 0, 0, 0, 0, 0, 0, 0, 0, 0, 0, 0, 0, 0, -1, 0, 0, 0, 0, 0, 0, 0, 0], [1, 1, 1, 1, 1, 1, 1, 1, 1, 1, 1, 1, 1, 1, 1, 1, 1, 1, 1, 1, 1, 1, 1, 1, 1, 1, 1, 1, 1, 1, 1, 1, 1, 1, 1, 1, 1, 1, 1, 1, 1, 1, 1, 1, 1, 1, 1, 1, 1, -1, 1, 1, 1, 1, 1, 1, 1], [2, 2, 2, 2, 2, 2, 2, 2, 2, 2, 2, 2, 2, 2, 2, 2, 2, 2, 2, 2, 2, 2, 2, 2, 2, 2, 2, 2, 2, 2, 2, 2, 2, 2, 2, 2, 2, 2, 2, 2, 2, 2, 2, 2, 2, 2, 2, 2, 2, 2, -1, 2, 2, 2, 2, 2, 2], [0, 0, 0, 0, 0, 0, 0, 0, 0, 0, 0, 0, 0, 0, 0, 0, 0, 0, 0, 0, 0, 0, 0, 0, 0, 0, 0, 0, 0, 0, 0, 0, 0, 0, 0, 0, 0, 0, 0, 0, 0, 0, 0, 0, 0, 0, 0, 0, 0, 0, 0, -1, 0, 0, 0, 0, 0], [0, 0, 0, 0, 0, 0, 0, 0, 0, 0, 0, 0, 0, 0, 0, 0, 0, 0, 0, 0, 0, 0, 0, 0, 0, 0, 0, 0, 0, 0, 0, 0, 0, 0, 0, 0, 0, 0, 0, 0, 0, 0, 0, 0, 0, 0, 0, 0, 0, 0, 0, 0, -1, 0, 0, 0, 0], [2, 2, 2, 2, 2, 2, 2, 2, 2, 2, 2, 2, 2, 2, 2, 2, 2, 2, 2, 2, 2, 2, 2, 2, 2, 2, 2, 2, 2, 2, 2, 2, 2, 2, 2, 2, 2, 2, 2, 2, 2, 2, 2, 2, 2, 2, 2, 2, 2, 2, 2, 2, 2, -1, 2, 2, 2], [0, 0, 0, 0, 0, 0, 0, 0, 0, 0, 0, 0, 0, 0, 0, 0, 0, 0, 0, 0, 0, 0, 0, 0, 0, 0, 0, 0, 0, 0, 0, 0, 0, 0, 0, 0, 0, 0, 0, 0, 0, 0, 0, 0, 0, 0, 0, 0, 0, 0, 0, 0, 0, 0, -1, 0, 0], [2, 2, 2, 2, 2, 2, 2, 2, 2, 2, 2, 2, 2, 2, 2, 2, 2, 2, 2, 2, 2, 2, 2, 2, 2, 2, 2, 2, 2, 2, 2, 2, 2, 2, 2, 2, 2, 2, 2, 2, 2, 2, 2, 2, 2, 2, 2, 2, 2, 2, 2, 2, 2, 2, 2, -1, 2], [2, 2, 2, 2, 2, 2, 2, 2, 2, 2, 2, 2, 2, 2, 2, 2, 2, 2, 2, 2, 2, 2, 2, 2, 2, 2, 2, 2, 2, 2, 2, 2, 2, 2, 2, 2, 2, 2, 2, 2, 2, 2, 2, 2, 2, 2, 2, 2, 2, 2, 2, 2, 2, 2, 2, 2, -1]], "speed_zone_count": 73, "speed_zones": [[0.0, 15.0], [15.0, 30.0], [30.0, 45.0], [45.0, 60.0], [60.0, 75.0], [75.0, 90.0], [90.0, 105.0], [105.0, 120.0], [120.0, 135.0], [135.0, 150.0], [150.0, 165.0], [165.0, 180.0], [180.0, 195.0], [195.0, 210.0], [210.0, 225.0], [225.0, 240.0], [240.0, 255.0], [255.0, 270.0], [270.0, 285.0], [285.0, 300.0], [300.0, 315.0], [315.0, 330.0], [330.0, 345.0], [345.0, 360.0], [360.0, 375.0], [375.0, 390.0], [390.0, 405.0], [405.0, 420.0], [420.0, 435.0], [435.0, 450.0], [450.0, 465.0], [465.0, 480.0], [480.0, 495.0], [495.0, 510.0], [510.0, 525.0], [525.0, 540.0], [540.0, 555.0], [555.0, 570.0], [570.0, 585.0], [585.0, 600.0], [600.0, 615.0], [615.0, 630.0], [630.0, 645.0], [645.0, 660.0], [660.0, 675.0], [675.0, 690.0], [690.0, 705.0], [705.0, 720.0], [720.0, 735.0], [735.0, 750.0], [750.0, 765.0], [765.0, 780.0], [780.0, 795.0], [795.0, 810.0], [810.0, 825.0], [825.0, 840.0], [840.0, 855.0], [855.0, 870.0], [870.0, 885.0], [885.0, 900.0], [900.0, 915.0], [915.0, 930.0], [930.0, 945.0], [945.0, 960.0], [960.0, 975.0], [975.0, 990.0], [990.0, 1005.0], [1005.0, 1020.0], [1020.0, 1035.0], [1035.0, 1050.0], [1050.0, 1065.0], [1065.0, 1080.0], [1080.0, 5000.0]], "distances": [[0.0, 80.76, 73.88, 86.39, 81.1, 47.56, 80.61, 63.17, 98.7, 65.94, 74.13, 70.32, 71.58, 48.2, 87.14, 65.23, 75.32, 91.94, 97.9, 71.92, 81.37, 36.37, 88.29, 74.66, 68.22, 66.23, 97.92, 67.19, 52.36, 95.97, 55.96, 120.13, 53.87, 50.6, 74.14, 87.62, 48.43, 76.32, 50.44, 82.42, 62.6, 70.95, 75.1, 67.84, 61.43, 105.35, 73.31, 54.98, 69.99, 71.44, 107.32, 70.13, 69.13, 105.47, 82.27, 34.87, 0.0], [0.0, 0.0, 46.08, 32.06, 31.98, 49.15, 28.8, 27.76, 22.63, 50.93, 36.35, 61.01, 12.03, 70.69, 32.94, 57.09, 50.11, 26.53, 18.2, 12.08, 13.3, 57.45, 32.4, 37.26, 24.61, 59.21, 22.59, 27.11, 66.23, 19.1, 34.08, 43.26, 33.83, 41.0, 35.23, 6.92, 42.86, 20.88, 72.32, 29.16, 27.96, 20.51, 43.94, 22.41, 28.8, 33.45, 34.51, 33.26, 29.9, 47.64, 26.99, 39.56, 15.91, 27.38, 31.51, 59.15, 80.76], [0.0, 46.08, 0.0, 21.46, 17.13, 26.32, 19.66, 22.87, 45.08, 9.78, 9.82, 16.34, 35.81, 37.2, 21.49, 15.04, 18.58, 31.78, 50.61, 35.47, 46.0, 37.78, 23.06, 9.01, 22.81, 16.4, 43.77, 20.69, 30.84, 44.84, 24.01, 60.5, 26.92, 25.27, 10.93, 50.18, 26.88, 25.39, 37.38, 20.55, 23.17, 26.11, 13.67, 25.43, 23.36, 44.12, 11.58, 26.04, 16.65, 15.4, 58.63, 7.29, 32.48, 51.91, 18.39, 39.48, 73.88], [0.0, 32.06, 21.46, 0.0, 5.49, 41.16, 6.04, 23.93, 24.16, 30.48, 14.06, 37.65, 26.33, 57.25, 9.05, 36.34, 24.36, 10.49, 30.74, 25.82, 31.68, 52.86, 10.3, 14.11, 19.54, 37.83, 22.84, 19.73, 51.16, 24.55, 30.5, 39.31, 32.85, 35.99, 13.49, 33.78, 38.26, 13.98, 57.83, 4.36, 24.5, 19.0, 18.81, 21.11, 25.56, 22.84, 13.96, 31.71, 16.41, 24.33, 37.85, 19.22, 25.01, 30.68, 4.18, 54.74, 86.39], [0.0, 31.98, 17.13, 5.49, 0.0, 35.66, 11.54, 19.19, 27.94, 25.6, 8.76, 33.47, 24.36, 52.01, 6.11, 31.63, 20.5, 14.85, 33.66, 23.88, 31.71, 47.38, 7.44, 8.96, 15.31, 33.26, 26.64, 15.04, 45.99, 27.76, 25.34, 44.45, 27.81, 30.6, 8.09, 34.78, 32.86, 11.79, 52.67, 9.85, 19.76, 15.76, 14.5, 17.28, 20.74, 27.99, 8.49, 26.67, 11.26, 19.79, 41.51, 13.94, 22.32, 34.83, 9.67, 49.25, 81.1], [0.0, 49.15, 26.32, 41.16, 35.66, 0.0, 36.09, 22.3, 59.2, 19.02, 27.62, 26.26, 37.17, 21.86, 41.73, 20.39, 27.97, 48.94, 61.53, 37.2, 49.45, 11.84, 43.1, 27.96, 27.03, 22.16, 58.11, 24.96, 18.63, 57.46, 15.1, 78.87, 15.51, 8.21, 27.9, 55.48, 6.75, 35.0, 23.8, 37.82, 21.92, 31.11, 27.59, 28.15, 20.86, 62.74, 27.26, 15.93, 25.76, 23.95, 70.97, 23.06, 33.38, 66.5, 36.99, 13.68, 47.56], [0.0, 28.8, 19.66, 6.04, 11.54, 36.09, 0.0, 17.91, 25.65, 27.59, 10.52, 35.95, 21.43, 53.41, 6.96, 33.76, 23.22, 13.2, 30.95, 20.94, 28.53, 47.63, 7.8, 10.98, 13.51, 35.48, 24.38, 13.72, 47.53, 25.2, 24.66, 43.18, 26.92, 30.43, 9.62, 31.64, 32.73, 8.82, 54.2, 10.4, 18.49, 13.27, 17.09, 15.17, 19.56, 26.81, 9.68, 25.78, 10.68, 22.14, 39.07, 15.56, 19.62, 32.71, 10.22, 49.52, 80.61], [0.0, 27.76, 22.87, 23.93, 19.19, 22.3, 17.91, 0.0, 37.38, 24.47, 15.69, 34.92, 15.82, 43.2, 24.8, 30.23, 26.81, 28.82, 39.25, 15.71, 27.96, 32.46, 25.71, 16.67, 5.15, 32.44, 36.37, 4.19, 38.5, 35.38, 7.75, 57.91, 9.32, 14.73, 14.98, 33.66, 16.97, 13.45, 44.7, 19.68, 8.96, 8.86, 21.78, 5.85, 10.04, 42.42, 13.89, 8.23, 8.31, 23.15, 48.72, 15.6, 11.93, 44.62, 20.09, 34.32, 63.17], [0.0, 22.63, 45.08, 24.16, 27.94, 59.2, 25.65, 37.38, 0.0, 53.24, 36.17, 61.41, 27.47, 78.39, 24.47, 59.41, 48.32, 13.73, 8.46, 27.07, 21.92, 69.83, 23.06, 36.63, 32.34, 61.12, 15.76, 34.26, 72.75, 14.81, 45.12, 21.64, 46.29, 52.08, 35.23, 18.91, 54.34, 24.2, 79.38, 24.56, 37.87, 28.63, 42.44, 31.79, 39.05, 11.48, 35.17, 45.32, 33.96, 47.71, 13.69, 41.12, 29.58, 7.3, 26.69, 71.7, 98.7], [0.0, 50.93, 9.78, 30.48, 25.6, 19.02, 27.59, 24.47, 53.24, 0.0, 17.07, 10.46, 39.59, 27.42, 30.65, 6.3, 9.63, 40.45, 58.0, 39.36, 50.97, 29.57, 32.22, 16.67, 26.39, 8.31, 51.97, 23.92, 21.08, 52.59, 22.38, 69.77, 24.95, 20.77, 18.01, 55.87, 21.69, 31.35, 27.65, 28.82, 24.54, 30.42, 12.16, 28.78, 24.24, 53.32, 18.15, 24.4, 21.2, 6.7, 66.53, 12.21, 35.86, 60.3, 26.96, 31.13, 65.94], [0.0, 36.35, 9.82, 14.06, 8.76, 27.62, 10.52, 15.69, 36.17, 17.07, 0.0, 25.74, 26.47, 43.26, 14.46, 23.25, 13.78, 23.5, 41.17, 26.1, 36.24, 39.44, 15.95, 10.34, 14.07, 25.02, 34.89, 12.42, 37.24, 35.6, 19.65, 53.21, 22.46, 23.59, 11.13, 40.36, 25.71, 15.58, 43.92, 11.8, 16.13, 16.77, 7.6, 16.66, 16.73, 36.74, 11.15, 21.38, 7.86, 11.87, 49.52, 5.18, 23.4, 43.23, 10.15, 41.29, 74.13], [0.0, 61.01, 16.34, 37.65, 33.47, 26.26, 35.95, 34.92, 61.41, 10.46, 25.74, 0.0, 49.88, 25.94, 37.59, 5.91, 13.36, 48.06, 66.86, 49.63, 61.01, 34.62, 39.15, 25.08, 36.62, 4.2, 60.11, 34.19, 19.75, 61.15, 32.6, 76.23, 35.03, 30.06, 26.8, 65.68, 30.52, 40.92, 25.17, 36.88, 35.0, 40.53, 18.97, 39.07, 34.71, 60.01, 27.21, 34.58, 31.12, 13.87, 74.97, 21.58, 46.2, 68.22, 34.72, 35.81, 70.32], [0.0, 12.03, 35.81, 26.33, 24.36, 37.17, 21.43, 15.82, 27.47, 39.59, 26.47, 49.88, 0.0, 58.67, 27.32, 45.63, 39.89, 24.93, 26.46, 19.09, 12.29, 45.86, 27.34, 27.47, 13.27, 47.79, 26.85, 15.69, 54.22, 24.5, 22.08, 49.11, 21.99, 29.06, 25.4, 18.35, 30.99, 12.61, 60.29, 22.43, 15.98, 9.72, 33.96, 10.82, 16.79, 36.0, 24.52, 21.35, 19.18, 36.96, 36.02, 28.86, 16.49, 33.96, 24.35, 47.61, 71.58], [0.0, 70.69, 37.2, 57.25, 52.01, 21.86, 53.41, 43.2, 78.39, 27.42, 43.26, 25.94, 58.67, 0.0, 57.55, 23.04, 36.33, 66.6, 81.79, 58.64, 70.95, 19.34, 59.09, 43.14, 47.38, 22.79, 77.19, 45.03, 6.44, 77.12, 36.66, 96.46, 37.35, 30.04, 43.97, 76.82, 28.55, 54.64, 13.11, 54.9, 42.91, 51.65, 39.55, 48.95, 41.98, 80.0, 43.75, 37.7, 44.47, 34.11, 90.97, 38.07, 54.81, 85.65, 53.41, 19.1, 48.2], [0.0, 32.94, 21.49, 9.05, 6.11, 41.73, 6.96, 24.8, 24.47, 30.65, 14.46, 37.59, 27.32, 57.55, 0.0, 36.44, 24.27, 10.75, 31.23, 26.81, 32.56, 53.46, 10.99, 14.45, 20.47, 37.88, 23.16, 20.61, 51.42, 25.0, 31.29, 39.11, 33.67, 36.69, 13.96, 34.55, 38.95, 14.98, 58.09, 5.32, 25.38, 19.99, 18.85, 22.08, 26.42, 22.68, 14.49, 32.53, 17.19, 24.41, 38.16, 19.58, 26.01, 30.87, 4.87, 55.34, 87.14], [0.0, 57.09, 15.04, 36.34, 31.63, 20.39, 33.76, 30.23, 59.41, 6.3, 23.25, 5.91, 45.63, 23.04, 36.44, 0.0, 13.42, 46.47, 64.28, 45.42, 57.14, 29.19, 38.01, 22.78, 32.5, 10.11, 58.13, 30.01, 16.6, 58.83, 27.21, 75.51, 29.52, 24.26, 24.22, 62.12, 24.65, 37.65, 22.83, 34.92, 30.25, 36.59, 17.63, 34.82, 29.84, 59.11, 24.41, 29.13, 27.46, 12.03, 72.76, 18.49, 41.85, 66.42, 32.97, 30.48, 65.23], [0.0, 50.11, 18.58, 24.36, 20.5, 27.97, 23.22, 26.81, 48.32, 9.63, 13.78, 13.36, 39.89, 36.33, 24.27, 13.42, 0.0, 34.83, 54.14, 39.55, 50.01, 39.0, 25.82, 12.9, 26.89, 14.31, 47.01, 24.75, 29.89, 48.26, 27.43, 62.89, 30.3, 27.97, 14.89, 54.1, 29.38, 29.35, 36.23, 23.94, 27.08, 30.19, 6.24, 29.5, 27.21, 46.65, 15.59, 29.48, 20.73, 4.29, 61.95, 11.29, 36.56, 55.01, 21.67, 40.61, 75.32], [0.0, 26.53, 31.78, 10.49, 14.85, 48.94, 13.2, 28.82, 13.73, 40.45, 23.5, 48.06, 24.93, 66.6, 10.75, 46.47, 34.83, 0.0, 20.87, 24.42, 25.99, 60.27, 9.32, 23.8, 23.73, 48.06, 12.42, 24.94, 60.69, 14.54, 36.32, 30.02, 38.14, 42.71, 22.7, 26.34, 45.03, 15.71, 67.36, 11.72, 29.38, 21.26, 29.13, 24.23, 30.56, 13.81, 22.86, 37.05, 23.19, 34.56, 27.42, 28.64, 25.21, 20.19, 13.5, 62.16, 91.94], [0.0, 18.2, 50.61, 30.74, 33.66, 61.53, 30.95, 39.25, 8.46, 58.0, 41.17, 66.86, 26.46, 81.79, 31.23, 64.28, 54.14, 20.87, 0.0, 26.18, 17.49, 71.42, 29.97, 41.79, 34.57, 66.14, 9.44, 36.82, 76.49, 6.34, 46.77, 25.4, 47.44, 53.89, 40.14, 12.62, 56.05, 27.2, 83.0, 30.21, 39.65, 30.43, 48.04, 33.41, 40.76, 19.49, 39.88, 46.59, 37.53, 53.0, 9.6, 45.79, 29.45, 9.66, 32.56, 73.24, 97.9], [0.0, 12.08, 35.47, 25.82, 23.88, 37.2, 20.94, 15.71, 27.07, 39.36, 26.1, 49.63, 19.09, 58.64, 26.81, 45.42, 39.55, 24.42, 26.18, 0.0, 12.31, 45.98, 26.82, 27.1, 13.01, 47.58, 26.44, 15.45, 54.15, 24.13, 22.1, 48.7, 22.07, 29.1, 25.02, 18.3, 31.06, 12.12, 60.25, 21.93, 15.89, 9.37, 33.6, 10.59, 16.72, 35.53, 24.15, 21.42, 18.86, 36.66, 35.76, 28.55, 16.14, 33.6, 23.87, 47.74, 71.92], [0.0, 13.3, 46.0, 31.68, 31.71, 49.45, 28.53, 27.96, 21.92, 50.97, 36.24, 61.01, 12.29, 70.95, 32.56, 57.14, 50.01, 25.99, 17.49, 12.31, 0.0, 57.85, 31.99, 37.15, 24.69, 59.26, 21.88, 27.2, 66.44, 18.38, 34.37, 42.53, 34.18, 41.31, 35.12, 6.38, 43.2, 20.73, 72.56, 28.85, 28.17, 20.56, 43.83, 22.54, 29.02, 32.76, 34.42, 33.59, 29.9, 47.59, 26.31, 39.53, 16.15, 26.66, 31.21, 59.56, 81.37], [0.0, 57.45, 37.78, 52.86, 47.38, 11.84, 47.63, 32.46, 69.83, 29.57, 39.44, 34.62, 45.86, 19.34, 53.46, 29.19, 39.0, 60.27, 71.42, 45.98, 57.85, 0.0, 54.8, 39.8, 37.5, 30.44, 68.8, 35.7, 19.84, 67.83, 24.75, 90.03, 24.02, 17.76, 39.69, 64.12, 15.5, 45.73, 21.89, 49.39, 31.99, 41.29, 39.23, 38.17, 30.83, 74.08, 39.03, 24.83, 37.12, 35.21, 80.98, 34.89, 42.32, 77.08, 48.69, 25.51, 36.37], [0.0, 32.4, 23.06, 10.3, 7.44, 43.1, 7.8, 25.71, 23.06, 32.22, 15.95, 39.15, 27.34, 59.09, 10.99, 38.01, 25.82, 9.32, 29.97, 26.82, 31.99, 54.8, 0.0, 15.96, 21.23, 39.46, 21.74, 21.52, 52.97, 23.7, 32.38, 37.55, 34.69, 37.92, 15.41, 33.72, 40.19, 15.23, 59.64, 6.04, 26.29, 20.44, 20.42, 22.69, 27.36, 21.11, 15.9, 33.55, 18.3, 25.99, 36.74, 21.09, 26.24, 29.38, 6.12, 56.68, 88.29], [0.0, 37.26, 9.01, 14.11, 8.96, 27.96, 10.98, 16.67, 36.63, 16.67, 10.34, 25.08, 27.47, 43.14, 14.45, 22.78, 12.9, 23.8, 41.79, 27.1, 37.15, 39.8, 15.96, 0.0, 15.1, 24.5, 35.35, 13.44, 37.07, 36.15, 20.46, 53.36, 23.29, 24.19, 11.1, 41.2, 26.28, 16.46, 43.74, 12.15, 17.11, 17.78, 6.69, 17.69, 17.69, 36.89, 11.12, 22.22, 8.9, 11.21, 50.04, 5.16, 24.42, 43.64, 10.34, 41.64, 74.66], [0.0, 24.61, 22.81, 19.54, 15.31, 27.03, 13.51, 5.15, 32.34, 26.39, 14.07, 36.62, 13.27, 47.38, 20.47, 32.5, 26.89, 23.73, 34.57, 13.01, 24.69, 37.5, 21.23, 15.1, 0.0, 34.63, 31.3, 9.35, 42.37, 30.45, 12.87, 52.77, 14.44, 19.74, 13.12, 29.98, 22.01, 8.31, 48.73, 15.21, 5.69, 4.3, 21.19, 11.0, 6.88, 37.28, 12.09, 13.37, 6.26, 23.76, 43.96, 15.69, 9.71, 39.6, 16.0, 39.37, 68.22], [0.0, 59.21, 16.4, 37.83, 33.26, 22.16, 35.48, 32.44, 61.12, 8.31, 25.02, 4.2, 47.79, 22.79, 37.88, 10.11, 14.31, 48.06, 66.14, 47.58, 59.26, 30.44, 39.46, 24.5, 34.63, 0.0, 59.84, 32.15, 16.42, 60.62, 29.43, 76.88, 31.72, 26.36, 26.02, 64.18, 26.67, 39.63, 22.33, 36.59, 32.46, 38.7, 19.04, 36.98, 32.06, 60.52, 26.26, 31.34, 29.51, 13.51, 74.53, 20.38, 44.02, 68.09, 34.58, 31.64, 66.23], [0.0, 22.59, 43.77, 22.84, 26.64, 58.11, 24.38, 36.37, 15.76, 51.97, 34.89, 60.11, 26.85, 77.19, 23.16, 58.13, 47.01, 12.42, 9.44, 26.44, 21.88, 68.8, 21.74, 35.35, 31.3, 59.84, 0.0, 33.18, 71.54, 15.79, 44.11, 22.29, 45.33, 51.04, 33.97, 19.24, 53.3, 23.12, 78.17, 23.26, 36.86, 27.65, 41.13, 30.82, 38.04, 11.09, 33.91, 44.35, 32.79, 46.41, 15.01, 39.86, 28.83, 8.46, 25.39, 70.67, 97.92], [0.0, 27.11, 20.69, 19.73, 15.04, 24.96, 13.72, 4.19, 34.26, 23.92, 12.42, 34.19, 15.69, 45.03, 20.61, 30.01, 24.75, 24.94, 36.82, 15.45, 27.2, 35.7, 21.52, 13.44, 9.35, 32.15, 33.18, 0.0, 39.95, 32.51, 11.38, 54.37, 13.34, 17.96, 11.56, 32.46, 20.26, 10.06, 46.35, 15.5, 4.77, 6.76, 19.21, 4.9, 5.85, 38.65, 10.49, 12.21, 4.6, 21.48, 46.14, 13.48, 12.04, 41.55, 15.91, 37.58, 67.19], [0.0, 66.23, 30.84, 51.16, 45.99, 18.63, 47.53, 38.5, 72.75, 21.08, 37.24, 19.75, 54.22, 6.44, 51.42, 16.6, 29.89, 60.69, 76.49, 54.15, 66.44, 19.84, 52.97, 37.07, 42.37, 16.42, 71.54, 39.95, 0.0, 71.63, 32.53, 90.43, 33.63, 26.43, 38.0, 72.14, 25.33, 49.29, 6.68, 48.97, 38.28, 46.66, 33.23, 44.12, 37.43, 73.96, 37.85, 33.82, 38.99, 27.75, 85.54, 32.07, 50.32, 79.98, 47.38, 20.21, 52.36], [0.0, 19.1, 44.84, 24.55, 27.76, 57.46, 25.2, 35.38, 14.81, 52.59, 35.6, 61.15, 24.5, 77.12, 25.0, 58.83, 48.26, 14.54, 6.34, 24.13, 18.38, 67.83, 23.7, 36.15, 30.45, 60.62, 15.79, 32.51, 71.63, 0.0, 43.08, 24.77, 44.07, 50.12, 34.61, 15.43, 52.35, 22.56, 78.21, 24.32, 35.84, 26.54, 42.23, 29.67, 37.0, 14.9, 34.43, 43.14, 32.66, 47.34, 13.96, 40.39, 26.87, 9.51, 26.6, 69.68, 95.97], [0.0, 34.08, 24.01, 30.5, 25.34, 15.1, 24.66, 7.75, 45.12, 22.38, 19.65, 32.6, 22.08, 36.66, 31.29, 27.21, 27.43, 36.32, 46.77, 22.1, 34.37, 24.75, 32.38, 20.46, 12.87, 29.43, 44.11, 11.38, 32.53, 43.08, 0.0, 65.63, 13.66, 7.13, 19.32, 40.38, 9.29, 21.17, 38.37, 26.47, 7.26, 16.54, 23.76, 13.42, 6.08, 50.02, 18.32, 12.57, 14.1, 23.27, 56.29, 17.44, 18.28, 52.35, 26.44, 26.6, 55.96], [0.0, 43.26, 60.5, 39.31, 44.45, 78.87, 43.18, 57.91, 21.64, 69.77, 53.21, 76.23, 49.11, 96.46, 39.11, 75.51, 62.89, 30.02, 25.4, 48.7, 42.53, 90.03, 37.55, 53.36, 52.77, 76.88, 22.29, 54.37, 90.43, 24.77, 65.63, 0.0, 67.09, 72.33, 52.5, 38.02, 74.63, 44.46, 97.11, 41.61, 58.44, 49.46, 57.88, 52.63, 59.63, 16.47, 52.75, 66.07, 53.12, 63.48, 19.61, 58.39, 51.11, 15.88, 43.06, 91.92, 120.13], [0.0, 33.83, 26.92, 32.85, 27.81, 15.51, 26.92, 9.32, 46.29, 24.95, 22.46, 35.03, 21.99, 37.35, 33.67, 29.52, 30.3, 38.14, 47.44, 22.07, 34.18, 24.02, 34.69, 23.29, 14.44, 31.72, 45.33, 13.34, 33.63, 44.07, 13.66, 67.09, 0.0, 7.31, 22.09, 40.34, 9.04, 22.69, 39.21, 28.72, 8.76, 17.68, 26.68, 14.51, 7.58, 51.72, 21.06, 14.07, 16.55, 26.12, 57.01, 20.36, 18.35, 53.44, 28.85, 25.82, 53.87], [0.0, 41.0, 25.27, 35.99, 30.6, 8.21, 30.43, 14.73, 52.08, 20.77, 23.59, 30.06, 29.06, 30.04, 36.69, 24.26, 27.97, 42.71, 53.89, 29.1, 41.31, 17.76, 37.92, 24.19, 19.74, 26.36, 51.04, 17.96, 26.43, 50.12, 7.13, 72.33, 7.31, 0.0, 23.56, 47.4, 14.95, 27.97, 31.91, 32.23, 14.28, 23.58, 25.76, 20.51, 13.14, 56.5, 22.71, 7.74, 19.77, 23.68, 63.4, 20.03, 25.31, 59.33, 31.83, 19.64, 50.6], [0.0, 35.23, 10.93, 13.49, 8.09, 27.9, 9.62, 14.98, 35.23, 18.01, 11.13, 26.8, 25.4, 43.97, 13.96, 24.22, 14.89, 22.7, 40.14, 25.02, 35.12, 39.69, 15.41, 11.1, 13.12, 26.02, 33.97, 11.56, 38.0, 34.61, 19.32, 52.5, 22.09, 23.56, 0.0, 39.24, 25.72, 14.46, 44.67, 10.98, 15.45, 15.71, 8.71, 15.69, 16.11, 36.05, 11.91, 20.99, 6.98, 12.94, 48.54, 5.95, 22.37, 42.32, 9.48, 41.55, 74.14], [0.0, 6.92, 50.18, 33.78, 34.78, 55.48, 31.64, 33.66, 18.91, 55.87, 40.36, 65.68, 18.35, 76.82, 34.55, 62.12, 54.1, 26.34, 12.62, 18.3, 6.38, 64.12, 33.72, 41.2, 29.98, 64.18, 19.24, 32.46, 72.14, 15.43, 40.38, 38.02, 40.34, 47.4, 39.24, 0.0, 49.34, 24.82, 78.36, 31.62, 33.92, 25.71, 47.86, 28.04, 34.85, 30.32, 38.66, 39.7, 34.67, 52.02, 20.59, 44.1, 22.1, 22.25, 34.06, 65.85, 87.62], [0.0, 42.86, 26.88, 38.26, 32.86, 6.75, 32.73, 16.97, 54.34, 21.69, 25.71, 30.52, 30.99, 28.55, 38.95, 24.65, 29.38, 45.03, 56.05, 31.06, 43.2, 15.5, 40.19, 26.28, 22.01, 26.67, 53.3, 20.26, 25.33, 52.35, 9.29, 74.63, 9.04, 14.95, 25.72, 49.34, 0.0, 30.26, 30.53, 34.52, 16.51, 25.81, 27.53, 22.71, 15.35, 58.81, 24.89, 9.64, 22.07, 25.12, 65.58, 21.97, 27.29, 61.58, 34.09, 17.36, 48.43], [0.0, 20.88, 25.39, 13.98, 11.79, 35.0, 8.82, 13.45, 24.2, 31.35, 15.58, 40.92, 12.61, 54.64, 14.98, 37.65, 29.35, 15.71, 27.2, 12.12, 20.73, 45.73, 15.23, 16.46, 8.31, 39.63, 23.12, 10.06, 49.29, 22.56, 21.17, 44.46, 22.69, 27.97, 14.46, 24.82, 30.26, 0.0, 55.82, 9.89, 13.98, 5.61, 23.14, 8.52, 15.18, 29.06, 13.84, 21.64, 10.38, 27.21, 36.33, 19.35, 11.03, 31.49, 11.75, 47.61, 76.32], [0.0, 72.32, 37.38, 57.83, 52.67, 23.8, 54.2, 44.7, 79.38, 27.65, 43.92, 25.17, 60.29, 13.11, 58.09, 22.83, 36.23, 67.36, 83.0, 60.25, 72.56, 21.89, 59.64, 43.74, 48.73, 22.33, 78.17, 46.35, 6.68, 78.21, 38.37, 97.11, 39.21, 31.91, 44.67, 78.36, 30.53, 55.82, 0.0, 55.64, 44.44, 53.02, 39.81, 50.4, 43.54, 80.64, 44.52, 39.51, 45.56, 34.29, 92.1, 38.74, 56.42, 86.62, 54.06, 21.68, 50.44], [0.0, 29.16, 20.55, 4.36, 9.85, 37.82, 10.4, 19.68, 24.56, 28.82, 11.8, 36.88, 22.43, 54.9, 5.32, 34.92, 23.94, 11.72, 30.21, 21.93, 28.85, 49.39, 6.04, 12.15, 15.21, 36.59, 23.26, 15.5, 48.97, 24.32, 26.47, 41.61, 28.72, 32.23, 10.98, 31.62, 34.52, 9.89, 55.64, 0.0, 20.26, 14.7, 17.93, 16.76, 21.34, 25.2, 11.16, 27.58, 12.48, 23.15, 38.09, 16.92, 20.86, 31.51, 8.53, 51.28, 82.42], [0.0, 27.96, 23.17, 24.5, 19.76, 21.92, 18.49, 8.96, 37.87, 24.54, 16.13, 35.0, 15.98, 42.91, 25.38, 30.25, 27.08, 29.38, 39.65, 15.89, 28.17, 31.99, 26.29, 17.11, 5.69, 32.46, 36.86, 4.77, 38.28, 35.84, 7.26, 58.44, 8.76, 14.28, 15.45, 33.92, 16.51, 13.98, 44.44, 20.26, 0.0, 9.3, 22.12, 6.24, 10.62, 42.97, 14.36, 7.68, 8.83, 23.38, 49.14, 15.9, 12.09, 45.09, 20.66, 33.85, 62.6], [0.0, 20.51, 26.11, 19.0, 15.76, 31.11, 13.27, 8.86, 28.63, 30.42, 16.77, 40.53, 9.72, 51.65, 19.99, 36.59, 30.19, 21.26, 30.43, 9.37, 20.56, 41.29, 20.44, 17.78, 4.3, 38.7, 27.65, 6.76, 46.66, 26.54, 16.54, 49.46, 17.68, 23.58, 15.71, 25.71, 25.81, 5.61, 53.02, 14.7, 9.3, 0.0, 24.23, 11.66, 10.46, 34.4, 14.8, 16.7, 9.53, 27.36, 39.87, 19.24, 6.77, 35.83, 16.1, 43.14, 70.95], [0.0, 43.94, 13.67, 18.81, 14.5, 27.59, 17.09, 21.78, 42.44, 12.16, 7.6, 18.97, 33.96, 39.55, 18.85, 17.63, 6.24, 29.13, 48.04, 33.6, 43.83, 39.23, 20.42, 6.69, 21.19, 19.04, 41.13, 19.21, 33.23, 42.23, 23.76, 57.88, 26.68, 25.76, 8.71, 47.86, 27.53, 23.14, 39.81, 17.93, 22.12, 24.23, 0.0, 23.81, 22.44, 41.49, 9.48, 25.73, 14.94, 5.61, 56.01, 6.38, 30.75, 49.26, 15.75, 40.97, 75.1], [0.0, 22.41, 25.43, 21.11, 17.28, 28.15, 15.17, 5.85, 31.79, 28.78, 16.66, 39.07, 10.82, 48.95, 22.08, 34.82, 29.5, 24.23, 33.41, 10.59, 22.54, 38.17, 22.69, 17.69, 11.0, 36.98, 30.82, 4.9, 44.12, 29.67, 13.42, 52.63, 14.51, 20.51, 15.69, 28.04, 22.71, 8.52, 50.4, 16.76, 6.24, 11.66, 23.81, 0.0, 7.36, 37.5, 14.68, 13.53, 8.88, 26.34, 42.9, 18.29, 7.15, 38