{"digraph": {"vertex_count": 57, "arc_count": 3080, "arcs": [[0, 1, 1, 1, 1, 1, 1, 1, 1, 1, 1, 1, 1, 1, 1, 1, 1, 1, 1, 1, 1, 1, 1, 1, 1, 1, 1, 1, 1, 1, 1, 1, 1, 1, 1, 1, 1, 1, 1, 1, 1, 1, 1, 1, 1, 1, 1, 1, 1, 1, 1, 1, 1, 1, 1, 1, 1], [0, 0, 1, 1, 1, 1, 1, 1, 1, 1, 1, 1, 1, 1, 1, 1, 1, 1, 1, 1, 1, 1, 1, 1, 1, 1, 1, 1, 1, 1, 1, 1, 1, 1, 1, 1, 1, 1, 1, 1, 1, 1, 1, 1, 1, 1, 1, 1, 1, 1, 1, 1, 1, 1, 1, 1, 1], [0, 1, 0, 1, 1, 1, 1, 1, 1, 1, 1, 1, 1, 1, 1, 1, 1, 1, 1, 1, 1, 1, 1, 1, 1, 1, 1, 1, 1, 1, 1, 1, 1, 1, 1, 1, 1, 1, 1, 1, 1, 1, 1, 1, 1, 1, 1, 1, 1, 1, 1, 1, 1, 1, 1, 1, 1], [0, 1, 1, 0, 1, 1, 1, 1, 1, 1, 1, 1, 1, 1, 1, 1, 1, 1, 1, 1, 1, 1, 1, 1, 1, 1, 1, 1, 1, 1, 1, 1, 1, 1, 1, 1, 1, 1, 1, 1, 1, 1, 1, 1, 1, 1, 1, 1, 1, 1, 1, 1, 1, 1, 1, 1, 1], [0, 1, 1, 1, 0, 1, 1, 1, 1, 1, 1, 1, 1, 1, 1, 1, 1, 1, 1, 1, 1, 1, 1, 1, 1, 1, 1, 1, 1, 1, 1, 1, 1, 1, 1, 1, 1, 1, 1, 1, 1, 1, 1, 1, 1, 1, 1, 1, 1, 1, 1, 1, 1, 1, 1, 1, 1], [0, 1, 1, 1, 1, 0, 1, 1, 1, 1, 1, 1, 1, 1, 1, 1, 1, 1, 1, 1, 1, 1, 1, 1, 1, 1, 1, 1, 1, 1, 1, 1, 1, 1, 1, 1, 1, 1, 1, 1, 1, 1, 1, 1, 1, 1, 1, 1, 1, 1, 1, 1, 1, 1, 1, 1, 1], [0, 1, 1, 1, 1, 1, 0, 1, 1, 1, 1, 1, 1, 1, 1, 1, 1, 1, 1, 1, 1, 1, 1, 1, 1, 1, 1, 1, 1, 1, 1, 1, 1, 1, 1, 1, 1, 1, 1, 1, 1, 1, 1, 1, 1, 1, 1, 1, 1, 1, 1, 1, 1, 1, 1, 1, 1], [0, 1, 1, 1, 1, 1, 1, 0, 1, 1, 1, 1, 1, 1, 1, 1, 1, 1, 1, 1, 1, 1, 1, 1, 1, 1, 1, 1, 1, 1, 1, 1, 1, 1, 1, 1, 1, 1, 1, 1, 1, 1, 1, 1, 1, 1, 1, 1, 1, 1, 1, 1, 1, 1, 1, 1, 1], [0, 1, 1, 1, 1, 1, 1, 1, 0, 1, 1, 1, 1, 1, 1, 1, 1, 1, 1, 1, 1, 1, 1, 1, 1, 1, 1, 1, 1, 1, 1, 1, 1, 1, 1, 1, 1, 1, 1, 1, 1, 1, 1, 1, 1, 1, 1, 1, 1, 1, 1, 1, 1, 1, 1, 1, 1], [0, 1, 1, 1, 1, 1, 1, 1, 1, 0, 1, 1, 1, 1, 1, 1, 1, 1, 1, 1, 1, 1, 1, 1, 1, 1, 1, 1, 1, 1, 1, 1, 1, 1, 1, 1, 1, 1, 1, 1, 1, 1, 1, 1, 1, 1, 1, 1, 1, 1, 1, 1, 1, 1, 1, 1, 1], [0, 1, 1, 1, 1, 1, 1, 1, 1, 1, 0, 1, 1, 1, 1, 1, 1, 1, 1, 1, 1, 1, 1, 1, 1, 1, 1, 1, 1, 1, 1, 1, 1, 1, 1, 1, 1, 1, 1, 1, 1, 1, 1, 1, 1, 1, 1, 1, 1, 1, 1, 1, 1, 1, 1, 1, 1], [0, 1, 1, 1, 1, 1, 1, 1, 1, 1, 1, 0, 1, 1, 1, 1, 1, 1, 1, 1, 1, 1, 1, 1, 1, 1, 1, 1, 1, 1, 1, 1, 1, 1, 1, 1, 1, 1, 1, 1, 1, 1, 1, 1, 1, 1, 1, 1, 1, 1, 1, 1, 1, 1, 1, 1, 1], [0, 1, 1, 1, 1, 1, 1, 1, 1, 1, 1, 1, 0, 1, 1, 1, 1, 1, 1, 1, 1, 1, 1, 1, 1, 1, 1, 1, 1, 1, 1, 1, 1, 1, 1, 1, 1, 1, 1, 1, 1, 1, 1, 1, 1, 1, 1, 1, 1, 1, 1, 1, 1, 1, 1, 1, 1], [0, 1, 1, 1, 1, 1, 1, 1, 1, 1, 1, 1, 1, 0, 1, 1, 1, 1, 1, 1, 1, 1, 1, 1, 1, 1, 1, 1, 1, 1, 1, 1, 1, 1, 1, 1, 1, 1, 1, 1, 1, 1, 1, 1, 1, 1, 1, 1, 1, 1, 1, 1, 1, 1, 1, 1, 1], [0, 1, 1, 1, 1, 1, 1, 1, 1, 1, 1, 1, 1, 1, 0, 1, 1, 1, 1, 1, 1, 1, 1, 1, 1, 1, 1, 1, 1, 1, 1, 1, 1, 1, 1, 1, 1, 1, 1, 1, 1, 1, 1, 1, 1, 1, 1, 1, 1, 1, 1, 1, 1, 1, 1, 1, 1], [0, 1, 1, 1, 1, 1, 1, 1, 1, 1, 1, 1, 1, 1, 1, 0, 1, 1, 1, 1, 1, 1, 1, 1, 1, 1, 1, 1, 1, 1, 1, 1, 1, 1, 1, 1, 1, 1, 1, 1, 1, 1, 1, 1, 1, 1, 1, 1, 1, 1, 1, 1, 1, 1, 1, 1, 1], [0, 1, 1, 1, 1, 1, 1, 1, 1, 1, 1, 1, 1, 1, 1, 1, 0, 1, 1, 1, 1, 1, 1, 1, 1, 1, 1, 1, 1, 1, 1, 1, 1, 1, 1, 1, 1, 1, 1, 1, 1, 1, 1, 1, 1, 1, 1, 1, 1, 1, 1, 1, 1, 1, 1, 1, 1], [0, 1, 1, 1, 1, 1, 1, 1, 1, 1, 1, 1, 1, 1, 1, 1, 1, 0, 1, 1, 1, 1, 1, 1, 1, 1, 1, 1, 1, 1, 1, 1, 1, 1, 1, 1, 1, 1, 1, 1, 1, 1, 1, 1, 1, 1, 1, 1, 1, 1, 1, 1, 1, 1, 1, 1, 1], [0, 1, 1, 1, 1, 1, 1, 1, 1, 1, 1, 1, 1, 1, 1, 1, 1, 1, 0, 1, 1, 1, 1, 1, 1, 1, 1, 1, 1, 1, 1, 1, 1, 1, 1, 1, 1, 1, 1, 1, 1, 1, 1, 1, 1, 1, 1, 1, 1, 1, 1, 1, 1, 1, 1, 1, 1], [0, 1, 1, 1, 1, 1, 1, 1, 1, 1, 1, 1, 1, 1, 1, 1, 1, 1, 1, 0, 1, 1, 1, 1, 1, 1, 1, 1, 1, 1, 1, 1, 1, 1, 1, 1, 1, 1, 1, 1, 1, 1, 1, 1, 1, 1, 1, 1, 1, 1, 1, 1, 1, 1, 1, 1, 1], [0, 1, 1, 1, 1, 1, 1, 1, 1, 1, 1, 1, 1, 1, 1, 1, 1, 1, 1, 1, 0, 1, 1, 1, 1, 1, 1, 1, 1, 1, 1, 1, 1, 1, 1, 1, 1, 1, 1, 1, 1, 1, 1, 1, 1, 1, 1, 1, 1, 1, 1, 1, 1, 1, 1, 1, 1], [0, 1, 1, 1, 1, 1, 1, 1, 1, 1, 1, 1, 1, 1, 1, 1, 1, 1, 1, 1, 1, 0, 1, 1, 1, 1, 1, 1, 1, 1, 1, 1, 1, 1, 1, 1, 1, 1, 1, 1, 1, 1, 1, 1, 1, 1, 1, 1, 1, 1, 1, 1, 1, 1, 1, 1, 1], [0, 1, 1, 1, 1, 1, 1, 1, 1, 1, 1, 1, 1, 1, 1, 1, 1, 1, 1, 1, 1, 1, 0, 1, 1, 1, 1, 1, 1, 1, 1, 1, 1, 1, 1, 1, 1, 1, 1, 1, 1, 1, 1, 1, 1, 1, 1, 1, 1, 1, 1, 1, 1, 1, 1, 1, 1], [0, 1, 1, 1, 1, 1, 1, 1, 1, 1, 1, 1, 1, 1, 1, 1, 1, 1, 1, 1, 1, 1, 1, 0, 1, 1, 1, 1, 1, 1, 1, 1, 1, 1, 1, 1, 1, 1, 1, 1, 1, 1, 1, 1, 1, 1, 1, 1, 1, 1, 1, 1, 1, 1, 1, 1, 1], [0, 1, 1, 1, 1, 1, 1, 1, 1, 1, 1, 1, 1, 1, 1, 1, 1, 1, 1, 1, 1, 1, 1, 1, 0, 1, 1, 1, 1, 1, 1, 1, 1, 1, 1, 1, 1, 1, 1, 1, 1, 1, 1, 1, 1, 1, 1, 1, 1, 1, 1, 1, 1, 1, 1, 1, 1], [0, 1, 1, 1, 1, 1, 1, 1, 1, 1, 1, 1, 1, 1, 1, 1, 1, 1, 1, 1, 1, 1, 1, 1, 1, 0, 1, 1, 1, 1, 1, 1, 1, 1, 1, 1, 1, 1, 1, 1, 1, 1, 1, 1, 1, 1, 1, 1, 1, 1, 1, 1, 1, 1, 1, 1, 1], [0, 1, 1, 1, 1, 1, 1, 1, 1, 1, 1, 1, 1, 1, 1, 1, 1, 1, 1, 1, 1, 1, 1, 1, 1, 1, 0, 1, 1, 1, 1, 1, 1, 1, 1, 1, 1, 1, 1, 1, 1, 1, 1, 1, 1, 1, 1, 1, 1, 1, 1, 1, 1, 1, 1, 1, 1], [0, 1, 1, 1, 1, 1, 1, 1, 1, 1, 1, 1, 1, 1, 1, 1, 1, 1, 1, 1, 1, 1, 1, 1, 1, 1, 1, 0, 1, 1, 1, 1, 1, 1, 1, 1, 1, 1, 1, 1, 1, 1, 1, 1, 1, 1, 1, 1, 1, 1, 1, 1, 1, 1, 1, 1, 1], [0, 1, 1, 1, 1, 1, 1, 1, 1, 1, 1, 1, 1, 1, 1, 1, 1, 1, 1, 1, 1, 1, 1, 1, 1, 1, 1, 1, 0, 1, 1, 1, 1, 1, 1, 1, 1, 1, 1, 1, 1, 1, 1, 1, 1, 1, 1, 1, 1, 1, 1, 1, 1, 1, 1, 1, 1], [0, 1, 1, 1, 1, 1, 1, 1, 1, 1, 1, 1, 1, 1, 1, 1, 1, 1, 1, 1, 1, 1, 1, 1, 1, 1, 1, 1, 1, 0, 1, 1, 1, 1, 1, 1, 1, 1, 1, 1, 1, 1, 1, 1, 1, 1, 1, 1, 1, 1, 1, 1, 1, 1, 1, 1, 1], [0, 1, 1, 1, 1, 1, 1, 1, 1, 1, 1, 1, 1, 1, 1, 1, 1, 1, 1, 1, 1, 1, 1, 1, 1, 1, 1, 1, 1, 1, 0, 1, 1, 1, 1, 1, 1, 1, 1, 1, 1, 1, 1, 1, 1, 1, 1, 1, 1, 1, 1, 1, 1, 1, 1, 1, 1], [0, 1, 1, 1, 1, 1, 1, 1, 1, 1, 1, 1, 1, 1, 1, 1, 1, 1, 1, 1, 1, 1, 1, 1, 1, 1, 1, 1, 1, 1, 1, 0, 1, 1, 1, 1, 1, 1, 1, 1, 1, 1, 1, 1, 1, 1, 1, 1, 1, 1, 1, 1, 1, 1, 1, 1, 1], [0, 1, 1, 1, 1, 1, 1, 1, 1, 1, 1, 1, 1, 1, 1, 1, 1, 1, 1, 1, 1, 1, 1, 1, 1, 1, 1, 1, 1, 1, 1, 1, 0, 1, 1, 1, 1, 1, 1, 1, 1, 1, 1, 1, 1, 1, 1, 1, 1, 1, 1, 1, 1, 1, 1, 1, 1], [0, 1, 1, 1, 1, 1, 1, 1, 1, 1, 1, 1, 1, 1, 1, 1, 1, 1, 1, 1, 1, 1, 1, 1, 1, 1, 1, 1, 1, 1, 1, 1, 1, 0, 1, 1, 1, 1, 1, 1, 1, 1, 1, 1, 1, 1, 1, 1, 1, 1, 1, 1, 1, 1, 1, 1, 1], [0, 1, 1, 1, 1, 1, 1, 1, 1, 1, 1, 1, 1, 1, 1, 1, 1, 1, 1, 1, 1, 1, 1, 1, 1, 1, 1, 1, 1, 1, 1, 1, 1, 1, 0, 1, 1, 1, 1, 1, 1, 1, 1, 1, 1, 1, 1, 1, 1, 1, 1, 1, 1, 1, 1, 1, 1], [0, 1, 1, 1, 1, 1, 1, 1, 1, 1, 1, 1, 1, 1, 1, 1, 1, 1, 1, 1, 1, 1, 1, 1, 1, 1, 1, 1, 1, 1, 1, 1, 1, 1, 1, 0, 1, 1, 1, 1, 1, 1, 1, 1, 1, 1, 1, 1, 1, 1, 1, 1, 1, 1, 1, 1, 1], [0, 1, 1, 1, 1, 1, 1, 1, 1, 1, 1, 1, 1, 1, 1, 1, 1, 1, 1, 1, 1, 1, 1, 1, 1, 1, 1, 1, 1, 1, 1, 1, 1, 1, 1, 1, 0, 1, 1, 1, 1, 1, 1, 1, 1, 1, 1, 1, 1, 1, 1, 1, 1, 1, 1, 1, 1], [0, 1, 1, 1, 1, 1, 1, 1, 1, 1, 1, 1, 1, 1, 1, 1, 1, 1, 1, 1, 1, 1, 1, 1, 1, 1, 1, 1, 1, 1, 1, 1, 1, 1, 1, 1, 1, 0, 1, 1, 1, 1, 1, 1, 1, 1, 1, 1, 1, 1, 1, 1, 1, 1, 1, 1, 1], [0, 1, 1, 1, 1, 1, 1, 1, 1, 1, 1, 1, 1, 1, 1, 1, 1, 1, 1, 1, 1, 1, 1, 1, 1, 1, 1, 1, 1, 1, 1, 1, 1, 1, 1, 1, 1, 1, 0, 1, 1, 1, 1, 1, 1, 1, 1, 1, 1, 1, 1, 1, 1, 1, 1, 1, 1], [0, 1, 1, 1, 1, 1, 1, 1, 1, 1, 1, 1, 1, 1, 1, 1, 1, 1, 1, 1, 1, 1, 1, 1, 1, 1, 1, 1, 1, 1, 1, 1, 1, 1, 1, 1, 1, 1, 1, 0, 1, 1, 1, 1, 1, 1, 1, 1, 1, 1, 1, 1, 1, 1, 1, 1, 1], [0, 1, 1, 1, 1, 1, 1, 1, 1, 1, 1, 1, 1, 1, 1, 1, 1, 1, 1, 1, 1, 1, 1, 1, 1, 1, 1, 1, 1, 1, 1, 1, 1, 1, 1, 1, 1, 1, 1, 1, 0, 1, 1, 1, 1, 1, 1, 1, 1, 1, 1, 1, 1, 1, 1, 1, 1], [0, 1, 1, 1, 1, 1, 1, 1, 1, 1, 1, 1, 1, 1, 1, 1, 1, 1, 1, 1, 1, 1, 1, 1, 1, 1, 1, 1, 1, 1, 1, 1, 1, 1, 1, 1, 1, 1, 1, 1, 1, 0, 1, 1, 1, 1, 1, 1, 1, 1, 1, 1, 1, 1, 1, 1, 1], [0, 1, 1, 1, 1, 1, 1, 1, 1, 1, 1, 1, 1, 1, 1, 1, 1, 1, 1, 1, 1, 1, 1, 1, 1, 1, 1, 1, 1, 1, 1, 1, 1, 1, 1, 1, 1, 1, 1, 1, 1, 1, 0, 1, 1, 1, 1, 1, 1, 1, 1, 1, 1, 1, 1, 1, 1], [0, 1, 1, 1, 1, 1, 1, 1, 1, 1, 1, 1, 1, 1, 1, 1, 1, 1, 1, 1, 1, 1, 1, 1, 1, 1, 1, 1, 1, 1, 1, 1, 1, 1, 1, 1, 1, 1, 1, 1, 1, 1, 1, 0, 1, 1, 1, 1, 1, 1, 1, 1, 1, 1, 1, 1, 1], [0, 1, 1, 1, 1, 1, 1, 1, 1, 1, 1, 1, 1, 1, 1, 1, 1, 1, 1, 1, 1, 1, 1, 1, 1, 1, 1, 1, 1, 1, 1, 1, 1, 1, 1, 1, 1, 1, 1, 1, 1, 1, 1, 1, 0, 1, 1, 1, 1, 1, 1, 1, 1, 1, 1, 1, 1], [0, 1, 1, 1, 1, 1, 1, 1, 1, 1, 1, 1, 1, 1, 1, 1, 1, 1, 1, 1, 1, 1, 1, 1, 1, 1, 1, 1, 1, 1, 1, 1, 1, 1, 1, 1, 1, 1, 1, 1, 1, 1, 1, 1, 1, 0, 1, 1, 1, 1, 1, 1, 1, 1, 1, 1, 1], [0, 1, 1, 1, 1, 1, 1, 1, 1, 1, 1, 1, 1, 1, 1, 1, 1, 1, 1, 1, 1, 1, 1, 1, 1, 1, 1, 1, 1, 1, 1, 1, 1, 1, 1, 1, 1, 1, 1, 1, 1, 1, 1, 1, 1, 1, 0, 1, 1, 1, 1, 1, 1, 1, 1, 1, 1], [0, 1, 1, 1, 1, 1, 1, 1, 1, 1, 1, 1, 1, 1, 1, 1, 1, 1, 1, 1, 1, 1, 1, 1, 1, 1, 1, 1, 1, 1, 1, 1, 1, 1, 1, 1, 1, 1, 1, 1, 1, 1, 1, 1, 1, 1, 1, 0, 1, 1, 1, 1, 1, 1, 1, 1, 1], [0, 1, 1, 1, 1, 1, 1, 1, 1, 1, 1, 1, 1, 1, 1, 1, 1, 1, 1, 1, 1, 1, 1, 1, 1, 1, 1, 1, 1, 1, 1, 1, 1, 1, 1, 1, 1, 1, 1, 1, 1, 1, 1, 1, 1, 1, 1, 1, 0, 1, 1, 1, 1, 1, 1, 1, 1], [0, 1, 1, 1, 1, 1, 1, 1, 1, 1, 1, 1, 1, 1, 1, 1, 1, 1, 1, 1, 1, 1, 1, 1, 1, 1, 1, 1, 1, 1, 1, 1, 1, 1, 1, 1, 1, 1, 1, 1, 1, 1, 1, 1, 1, 1, 1, 1, 1, 0, 1, 1, 1, 1, 1, 1, 1], [0, 1, 1, 1, 1, 1, 1, 1, 1, 1, 1, 1, 1, 1, 1, 1, 1, 1, 1, 1, 1, 1, 1, 1, 1, 1, 1, 1, 1, 1, 1, 1, 1, 1, 1, 1, 1, 1, 1, 1, 1, 1, 1, 1, 1, 1, 1, 1, 1, 1, 0, 1, 1, 1, 1, 1, 1], [0, 1, 1, 1, 1, 1, 1, 1, 1, 1, 1, 1, 1, 1, 1, 1, 1, 1, 1, 1, 1, 1, 1, 1, 1, 1, 1, 1, 1, 1, 1, 1, 1, 1, 1, 1, 1, 1, 1, 1, 1, 1, 1, 1, 1, 1, 1, 1, 1, 1, 1, 0, 1, 1, 1, 1, 1], [0, 1, 1, 1, 1, 1, 1, 1, 1, 1, 1, 1, 1, 1, 1, 1, 1, 1, 1, 1, 1, 1, 1, 1, 1, 1, 1, 1, 1, 1, 1, 1, 1, 1, 1, 1, 1, 1, 1, 1, 1, 1, 1, 1, 1, 1, 1, 1, 1, 1, 1, 1, 0, 1, 1, 1, 1], [0, 1, 1, 1, 1, 1, 1, 1, 1, 1, 1, 1, 1, 1, 1, 1, 1, 1, 1, 1, 1, 1, 1, 1, 1, 1, 1, 1, 1, 1, 1, 1, 1, 1, 1, 1, 1, 1, 1, 1, 1, 1, 1, 1, 1, 1, 1, 1, 1, 1, 1, 1, 1, 0, 1, 1, 1], [0, 1, 1, 1, 1, 1, 1, 1, 1, 1, 1, 1, 1, 1, 1, 1, 1, 1, 1, 1, 1, 1, 1, 1, 1, 1, 1, 1, 1, 1, 1, 1, 1, 1, 1, 1, 1, 1, 1, 1, 1, 1, 1, 1, 1, 1, 1, 1, 1, 1, 1, 1, 1, 1, 0, 1, 1], [0, 1, 1, 1, 1, 1, 1, 1, 1, 1, 1, 1, 1, 1, 1, 1, 1, 1, 1, 1, 1, 1, 1, 1, 1, 1, 1, 1, 1, 1, 1, 1, 1, 1, 1, 1, 1, 1, 1, 1, 1, 1, 1, 1, 1, 1, 1, 1, 1, 1, 1, 1, 1, 1, 1, 0, 1], [0, 0, 0, 0, 0, 0, 0, 0, 0, 0, 0, 0, 0, 0, 0, 0, 0, 0, 0, 0, 0, 0, 0, 0, 0, 0, 0, 0, 0, 0, 0, 0, 0, 0, 0, 0, 0, 0, 0, 0, 0, 0, 0, 0, 0, 0, 0, 0, 0, 0, 0, 0, 0, 0, 0, 0, 0]]}, "cluster_count": 3, "cluster_speeds": [[0.8325, 0.765, 0.8325, 0.9, 0.7492500000000001, 0.6885, 0.7492500000000001, 0.81, 0.41625, 0.3825, 0.41625, 0.45, 0.27472500000000005, 0.25245, 0.27472500000000005, 0.29700000000000004, 0.333, 0.30600000000000005, 0.333, 0.36000000000000004, 0.49950000000000006, 0.459, 0.49950000000000006, 0.54, 0.6475, 0.595, 0.6475, 0.7, 0.37, 0.34, 0.37, 0.4, 0.30525, 0.2805, 0.30525, 0.33, 0.4625, 0.425, 0.4625, 0.5, 0.6475, 0.595, 0.6475, 0.7, 0.74, 0.68, 0.74, 0.8, 0.58275, 0.5355, 0.58275, 0.63, 0.41625, 0.3825, 0.41625, 0.45, 0.49950000000000006, 0.459, 0.49950000000000006, 0.54, 0.58275, 0.5355, 0.58275, 0.63, 0.7492500000000001, 0.6885, 0.7492500000000001, 0.81, 0.8325, 0.765, 0.8325, 0.9, 0.9], [0.87875, 0.8075, 0.87875, 0.95, 0.790875, 0.72675, 0.790875, 0.855, 0.439375, 0.40375, 0.439375, 0.475, 0.2899875, 0.266475, 0.2899875, 0.3135, 0.3515, 0.323, 0.3515, 0.38, 0.52725, 0.4845, 0.52725, 0.57, 0.6475, 0.595, 0.6475, 0.7, 0.37, 0.34, 0.37, 0.4, 0.30525, 0.2805, 0.30525, 0.33, 0.4625, 0.425, 0.4625, 0.5, 0.6475, 0.595, 0.6475, 0.7, 0.74, 0.68, 0.74, 0.8, 0.6151249999999999, 0.5652499999999999, 0.6151249999999999, 0.6649999999999999, 0.439375, 0.40375, 0.439375, 0.475, 0.52725, 0.4845, 0.52725, 0.57, 0.6151249999999999, 0.5652499999999999, 0.6151249999999999, 0.6649999999999999, 0.790875, 0.72675, 0.790875, 0.855, 0.87875, 0.8075, 0.87875, 0.95, 0.95], [0.925, 0.85, 0.925, 1.0, 0.8325, 0.765, 0.8325, 0.9, 0.4625, 0.425, 0.4625, 0.5, 0.30525, 0.2805, 0.30525, 0.33, 0.37, 0.34, 0.37, 0.4, 0.555, 0.51, 0.555, 0.6, 0.6475, 0.595, 0.6475, 0.7, 0.37, 0.34, 0.37, 0.4, 0.30525, 0.2805, 0.30525, 0.33, 0.4625, 0.425, 0.4625, 0.5, 0.6475, 0.595, 0.6475, 0.7, 0.74, 0.68, 0.74, 0.8, 0.6475, 0.595, 0.6475, 0.7, 0.4625, 0.425, 0.4625, 0.5, 0.555, 0.51, 0.555, 0.6, 0.6475, 0.595, 0.6475, 0.7, 0.8325, 0.765, 0.8325, 0.9, 0.925, 0.85, 0.925, 1.0, 1.0]], "clusters": [[-1, 2, 2, 2, 2, 2, 2, 2, 2, 2, 2, 2, 2, 2, 2, 2, 2, 2, 2, 2, 2, 2, 2, 2, 2, 2, 2, 2, 2, 2, 2, 2, 2, 2, 2, 2, 2, 2, 2, 2, 2, 2, 2, 2, 2, 2, 2, 2, 2, 2, 2, 2, 2, 2, 2, 2, 2], [2, -1, 2, 2, 2, 2, 2, 2, 2, 2, 2, 2, 2, 2, 2, 2, 2, 2, 2, 2, 2, 2, 2, 2, 2, 2, 2, 2, 2, 2, 2, 2, 2, 2, 2, 2, 2, 2, 2, 2, 2, 2, 2, 2, 2, 2, 2, 2, 2, 2, 2, 2, 2, 2, 2, 2, 2], [1, 1, -1, 1, 1, 1, 1, 1, 1, 1, 1, 1, 1, 1, 1, 1, 1, 1, 1, 1, 1, 1, 1, 1, 1, 1, 1, 1, 1, 1, 1, 1, 1, 1, 1, 1, 1, 1, 1, 1, 1, 1, 1, 1, 1, 1, 1, 1, 1, 1, 1, 1, 1, 1, 1, 1, 1], [1, 1, 1, -1, 1, 1, 1, 1, 1, 1, 1, 1, 1, 1, 1, 1, 1, 1, 1, 1, 1, 1, 1, 1, 1, 1, 1, 1, 1, 1, 1, 1, 1, 1, 1, 1, 1, 1, 1, 1, 1, 1, 1, 1, 1, 1, 1, 1, 1, 1, 1, 1, 1, 1, 1, 1, 1], [2, 2, 2, 2, -1, 2, 2, 2, 2, 2, 2, 2, 2, 2, 2, 2, 2, 2, 2, 2, 2, 2, 2, 2, 2, 2, 2, 2, 2, 2, 2, 2, 2, 2, 2, 2, 2, 2, 2, 2, 2, 2, 2, 2, 2, 2, 2, 2, 2, 2, 2, 2, 2, 2, 2, 2, 2], [1, 1, 1, 1, 1, -1, 1, 1, 1, 1, 1, 1, 1, 1, 1, 1, 1, 1, 1, 1, 1, 1, 1, 1, 1, 1, 1, 1, 1, 1, 1, 1, 1, 1, 1, 1, 1, 1, 1, 1, 1, 1, 1, 1, 1, 1, 1, 1, 1, 1, 1, 1, 1, 1, 1, 1, 1], [2, 2, 2, 2, 2, 2, -1, 2, 2, 2, 2, 2, 2, 2, 2, 2, 2, 2, 2, 2, 2, 2, 2, 2, 2, 2, 2, 2, 2, 2, 2, 2, 2, 2, 2, 2, 2, 2, 2, 2, 2, 2, 2, 2, 2, 2, 2, 2, 2, 2, 2, 2, 2, 2, 2, 2, 2], [2, 2, 2, 2, 2, 2, 2, -1, 2, 2, 2, 2, 2, 2, 2, 2, 2, 2, 2, 2, 2, 2, 2, 2, 2, 2, 2, 2, 2, 2, 2, 2, 2, 2, 2, 2, 2, 2, 2, 2, 2, 2, 2, 2, 2, 2, 2, 2, 2, 2, 2, 2, 2, 2, 2, 2, 2], [1, 1, 1, 1, 1, 1, 1, 1, -1, 1, 1, 1, 1, 1, 1, 1, 1, 1, 1, 1, 1, 1, 1, 1, 1, 1, 1, 1, 1, 1, 1, 1, 1, 1, 1, 1, 1, 1, 1, 1, 1, 1, 1, 1, 1, 1, 1, 1, 1, 1, 1, 1, 1, 1, 1, 1, 1], [0, 0, 0, 0, 0, 0, 0, 0, 0, -1, 0, 0, 0, 0, 0, 0, 0, 0, 0, 0, 0, 0, 0, 0, 0, 0, 0, 0, 0, 0, 0, 0, 0, 0, 0, 0, 0, 0, 0, 0, 0, 0, 0, 0, 0, 0, 0, 0, 0, 0, 0, 0, 0, 0, 0, 0, 0], [0, 0, 0, 0, 0, 0, 0, 0, 0, 0, -1, 0, 0, 0, 0, 0, 0, 0, 0, 0, 0, 0, 0, 0, 0, 0, 0, 0, 0, 0, 0, 0, 0, 0, 0, 0, 0, 0, 0, 0, 0, 0, 0, 0, 0, 0, 0, 0, 0, 0, 0, 0, 0, 0, 0, 0, 0], [2, 2, 2, 2, 2, 2, 2, 2, 2, 2, 2, -1, 2, 2, 2, 2, 2, 2, 2, 2, 2, 2, 2, 2, 2, 2, 2, 2, 2, 2, 2, 2, 2, 2, 2, 2, 2, 2, 2, 2, 2, 2, 2, 2, 2, 2, 2, 2, 2, 2, 2, 2, 2, 2, 2, 2, 2], [2, 2, 2, 2, 2, 2, 2, 2, 2, 2, 2, 2, -1, 2, 2, 2, 2, 2, 2, 2, 2, 2, 2, 2, 2, 2, 2, 2, 2, 2, 2, 2, 2, 2, 2, 2, 2, 2, 2, 2, 2, 2, 2, 2, 2, 2, 2, 2, 2, 2, 2, 2, 2, 2, 2, 2, 2], [0, 0, 0, 0, 0, 0, 0, 0, 0, 0, 0, 0, 0, -1, 0, 0, 0, 0, 0, 0, 0, 0, 0, 0, 0, 0, 0, 0, 0, 0, 0, 0, 0, 0, 0, 0, 0, 0, 0, 0, 0, 0, 0, 0, 0, 0, 0, 0, 0, 0, 0, 0, 0, 0, 0, 0, 0], [2, 2, 2, 2, 2, 2, 2, 2, 2, 2, 2, 2, 2, 2, -1, 2, 2, 2, 2, 2, 2, 2, 2, 2, 2, 2, 2, 2, 2, 2, 2, 2, 2, 2, 2, 2, 2, 2, 2, 2, 2, 2, 2, 2, 2, 2, 2, 2, 2, 2, 2, 2, 2, 2, 2, 2, 2], [2, 2, 2, 2, 2, 2, 2, 2, 2, 2, 2, 2, 2, 2, 2, -1, 2, 2, 2, 2, 2, 2, 2, 2, 2, 2, 2, 2, 2, 2, 2, 2, 2, 2, 2, 2, 2, 2, 2, 2, 2, 2, 2, 2, 2, 2, 2, 2, 2, 2, 2, 2, 2, 2, 2, 2, 2], [0, 0, 0, 0, 0, 0, 0, 0, 0, 0, 0, 0, 0, 0, 0, 0, -1, 0, 0, 0, 0, 0, 0, 0, 0, 0, 0, 0, 0, 0, 0, 0, 0, 0, 0, 0, 0, 0, 0, 0, 0, 0, 0, 0, 0, 0, 0, 0, 0, 0, 0, 0, 0, 0, 0, 0, 0], [2, 2, 2, 2, 2, 2, 2, 2, 2, 2, 2, 2, 2, 2, 2, 2, 2, -1, 2, 2, 2, 2, 2, 2, 2, 2, 2, 2, 2, 2, 2, 2, 2, 2, 2, 2, 2, 2, 2, 2, 2, 2, 2, 2, 2, 2, 2, 2, 2, 2, 2, 2, 2, 2, 2, 2, 2], [1, 1, 1, 1, 1, 1, 1, 1, 1, 1, 1, 1, 1, 1, 1, 1, 1, 1, -1, 1, 1, 1, 1, 1, 1, 1, 1, 1, 1, 1, 1, 1, 1, 1, 1, 1, 1, 1, 1, 1, 1, 1, 1, 1, 1, 1, 1, 1, 1, 1, 1, 1, 1, 1, 1, 1, 1], [1, 1, 1, 1, 1, 1, 1, 1, 1, 1, 1, 1, 1, 1, 1, 1, 1, 1, 1, -1, 1, 1, 1, 1, 1, 1, 1, 1, 1, 1, 1, 1, 1, 1, 1, 1, 1, 1, 1, 1, 1, 1, 1, 1, 1, 1, 1, 1, 1, 1, 1, 1, 1, 1, 1, 1, 1], [0, 0, 0, 0, 0, 0, 0, 0, 0, 0, 0, 0, 0, 0, 0, 0, 0, 0, 0, 0, -1, 0, 0, 0, 0, 0, 0, 0, 0, 0, 0, 0, 0, 0, 0, 0, 0, 0, 0, 0, 0, 0, 0, 0, 0, 0, 0, 0, 0, 0, 0, 0, 0, 0, 0, 0, 0], [2, 2, 2, 2, 2, 2, 2, 2, 2, 2, 2, 2, 2, 2, 2, 2, 2, 2, 2, 2, 2, -1, 2, 2, 2, 2, 2, 2, 2, 2, 2, 2, 2, 2, 2, 2, 2, 2, 2, 2, 2, 2, 2, 2, 2, 2, 2, 2, 2, 2, 2, 2, 2, 2, 2, 2, 2], [1, 1, 1, 1, 1, 1, 1, 1, 1, 1, 1, 1, 1, 1, 1, 1, 1, 1, 1, 1, 1, 1, -1, 1, 1, 1, 1, 1, 1, 1, 1, 1, 1, 1, 1, 1, 1, 1, 1, 1, 1, 1, 1, 1, 1, 1, 1, 1, 1, 1, 1, 1, 1, 1, 1, 1, 1], [0, 0, 0, 0, 0, 0, 0, 0, 0, 0, 0, 0, 0, 0, 0, 0, 0, 0, 0, 0, 0, 0, 0, -1, 0, 0, 0, 0, 0, 0, 0, 0, 0, 0, 0, 0, 0, 0, 0, 0, 0, 0, 0, 0, 0, 0, 0, 0, 0, 0, 0, 0, 0, 0, 0, 0, 0], [2, 2, 2, 2, 2, 2, 2, 2, 2, 2, 2, 2, 2, 2, 2, 2, 2, 2, 2, 2, 2, 2, 2, 2, -1, 2, 2, 2, 2, 2, 2, 2, 2, 2, 2, 2, 2, 2, 2, 2, 2, 2, 2, 2, 2, 2, 2, 2, 2, 2, 2, 2, 2, 2, 2, 2, 2], [0, 0, 0, 0, 0, 0, 0, 0, 0, 0, 0, 0, 0, 0, 0, 0, 0, 0, 0, 0, 0, 0, 0, 0, 0, -1, 0, 0, 0, 0, 0, 0, 0, 0, 0, 0, 0, 0, 0, 0, 0, 0, 0, 0, 0, 0, 0, 0, 0, 0, 0, 0, 0, 0, 0, 0, 0], [0, 0, 0, 0, 0, 0, 0, 0, 0, 0, 0, 0, 0, 0, 0, 0, 0, 0, 0, 0, 0, 0, 0, 0, 0, 0, -1, 0, 0, 0, 0, 0, 0, 0, 0, 0, 0, 0, 0, 0, 0, 0, 0, 0, 0, 0, 0, 0, 0, 0, 0, 0, 0, 0, 0, 0, 0], [0, 0, 0, 0, 0, 0, 0, 0, 0, 0, 0, 0, 0, 0, 0, 0, 0, 0, 0, 0, 0, 0, 0, 0, 0, 0, 0, -1, 0, 0, 0, 0, 0, 0, 0, 0, 0, 0, 0, 0, 0, 0, 0, 0, 0, 0, 0, 0, 0, 0, 0, 0, 0, 0, 0, 0, 0], [1, 1, 1, 1, 1, 1, 1, 1, 1, 1, 1, 1, 1, 1, 1, 1, 1, 1, 1, 1, 1, 1, 1, 1, 1, 1, 1, 1, -1, 1, 1, 1, 1, 1, 1, 1, 1, 1, 1, 1, 1, 1, 1, 1, 1, 1, 1, 1, 1, 1, 1, 1, 1, 1, 1, 1, 1], [0, 0, 0, 0, 0, 0, 0, 0, 0, 0, 0, 0, 0, 0, 0, 0, 0, 0, 0, 0, 0, 0, 0, 0, 0, 0, 0, 0, 0, -1, 0, 0, 0, 0, 0, 0, 0, 0, 0, 0, 0, 0, 0, 0, 0, 0, 0, 0, 0, 0, 0, 0, 0, 0, 0, 0, 0], [0, 0, 0, 0, 0, 0, 0, 0, 0, 0, 0, 0, 0, 0, 0, 0, 0, 0, 0, 0, 0, 0, 0, 0, 0, 0, 0, 0, 0, 0, -1, 0, 0, 0, 0, 0, 0, 0, 0, 0, 0, 0, 0, 0, 0, 0, 0, 0, 0, 0, 0, 0, 0, 0, 0, 0, 0], [2, 2, 2, 2, 2, 2, 2, 2, 2, 2, 2, 2, 2, 2, 2, 2, 2, 2, 2, 2, 2, 2, 2, 2, 2, 2, 2, 2, 2, 2, 2, -1, 2, 2, 2, 2, 2, 2, 2, 2, 2, 2, 2, 2, 2, 2, 2, 2, 2, 2, 2, 2, 2, 2, 2, 2, 2], [0, 0, 0, 0, 0, 0, 0, 0, 0, 0, 0, 0, 0, 0, 0, 0, 0, 0, 0, 0, 0, 0, 0, 0, 0, 0, 0, 0, 0, 0, 0, 0, -1, 0, 0, 0, 0, 0, 0, 0, 0, 0, 0, 0, 0, 0, 0, 0, 0, 0, 0, 0, 0, 0, 0, 0, 0], [1, 1, 1, 1, 1, 1, 1, 1, 1, 1, 1, 1, 1, 1, 1, 1, 1, 1, 1, 1, 1, 1, 1, 1, 1, 1, 1, 1, 1, 1, 1, 1, 1, -1, 1, 1, 1, 1, 1, 1, 1, 1, 1, 1, 1, 1, 1, 1, 1, 1, 1, 1, 1, 1, 1, 1, 1], [0, 0, 0, 0, 0, 0, 0, 0, 0, 0, 0, 0, 0, 0, 0, 0, 0, 0, 0, 0, 0, 0, 0, 0, 0, 0, 0, 0, 0, 0, 0, 0, 0, 0, -1, 0, 0, 0, 0, 0, 0, 0, 0, 0, 0, 0, 0, 0, 0, 0, 0, 0, 0, 0, 0, 0, 0], [1, 1, 1, 1, 1, 1, 1, 1, 1, 1, 1, 1, 1, 1, 1, 1, 1, 1, 1, 1, 1, 1, 1, 1, 1, 1, 1, 1, 1, 1, 1, 1, 1, 1, 1, -1, 1, 1, 1, 1, 1, 1, 1, 1, 1, 1, 1, 1, 1, 1, 1, 1, 1, 1, 1, 1, 1], [2, 2, 2, 2, 2, 2, 2, 2, 2, 2, 2, 2, 2, 2, 2, 2, 2, 2, 2, 2, 2, 2, 2, 2, 2, 2, 2, 2, 2, 2, 2, 2, 2, 2, 2, 2, -1, 2, 2, 2, 2, 2, 2, 2, 2, 2, 2, 2, 2, 2, 2, 2, 2, 2, 2, 2, 2], [0, 0, 0, 0, 0, 0, 0, 0, 0, 0, 0, 0, 0, 0, 0, 0, 0, 0, 0, 0, 0, 0, 0, 0, 0, 0, 0, 0, 0, 0, 0, 0, 0, 0, 0, 0, 0, -1, 0, 0, 0, 0, 0, 0, 0, 0, 0, 0, 0, 0, 0, 0, 0, 0, 0, 0, 0], [0, 0, 0, 0, 0, 0, 0, 0, 0, 0, 0, 0, 0, 0, 0, 0, 0, 0, 0, 0, 0, 0, 0, 0, 0, 0, 0, 0, 0, 0, 0, 0, 0, 0, 0, 0, 0, 0, -1, 0, 0, 0, 0, 0, 0, 0, 0, 0, 0, 0, 0, 0, 0, 0, 0, 0, 0], [2, 2, 2, 2, 2, 2, 2, 2, 2, 2, 2, 2, 2, 2, 2, 2, 2, 2, 2, 2, 2, 2, 2, 2, 2, 2, 2, 2, 2, 2, 2, 2, 2, 2, 2, 2, 2, 2, 2, -1, 2, 2, 2, 2, 2, 2, 2, 2, 2, 2, 2, 2, 2, 2, 2, 2, 2], [0, 0, 0, 0, 0, 0, 0, 0, 0, 0, 0, 0, 0, 0, 0, 0, 0, 0, 0, 0, 0, 0, 0, 0, 0, 0, 0, 0, 0, 0, 0, 0, 0, 0, 0, 0, 0, 0, 0, 0, -1, 0, 0, 0, 0, 0, 0, 0, 0, 0, 0, 0, 0, 0, 0, 0, 0], [2, 2, 2, 2, 2, 2, 2, 2, 2, 2, 2, 2, 2, 2, 2, 2, 2, 2, 2, 2, 2, 2, 2, 2, 2, 2, 2, 2, 2, 2, 2, 2, 2, 2, 2, 2, 2, 2, 2, 2, 2, -1, 2, 2, 2, 2, 2, 2, 2, 2, 2, 2, 2, 2, 2, 2, 2], [1, 1, 1, 1, 1, 1, 1, 1, 1, 1, 1, 1, 1, 1, 1, 1, 1, 1, 1, 1, 1, 1, 1, 1, 1, 1, 1, 1, 1, 1, 1, 1, 1, 1, 1, 1, 1, 1, 1, 1, 1, 1, -1, 1, 1, 1, 1, 1, 1, 1, 1, 1, 1, 1, 1, 1, 1], [1, 1, 1, 1, 1, 1, 1, 1, 1, 1, 1, 1, 1, 1, 1, 1, 1, 1, 1, 1, 1, 1, 1, 1, 1, 1, 1, 1, 1, 1, 1, 1, 1, 1, 1, 1, 1, 1, 1, 1, 1, 1, 1, -1, 1, 1, 1, 1, 1, 1, 1, 1, 1, 1, 1, 1, 1], [0, 0, 0, 0, 0, 0, 0, 0, 0, 0, 0, 0, 0, 0, 0, 0, 0, 0, 0, 0, 0, 0, 0, 0, 0, 0, 0, 0, 0, 0, 0, 0, 0, 0, 0, 0, 0, 0, 0, 0, 0, 0, 0, 0, -1, 0, 0, 0, 0, 0, 0, 0, 0, 0, 0, 0, 0], [0, 0, 0, 0, 0, 0, 0, 0, 0, 0, 0, 0, 0, 0, 0, 0, 0, 0, 0, 0, 0, 0, 0, 0, 0, 0, 0, 0, 0, 0, 0, 0, 0, 0, 0, 0, 0, 0, 0, 0, 0, 0, 0, 0, 0, -1, 0, 0, 0, 0, 0, 0, 0, 0, 0, 0, 0], [2, 2, 2, 2, 2, 2, 2, 2, 2, 2, 2, 2, 2, 2, 2, 2, 2, 2, 2, 2, 2, 2, 2, 2, 2, 2, 2, 2, 2, 2, 2, 2, 2, 2, 2, 2, 2, 2, 2, 2, 2, 2, 2, 2, 2, 2, -1, 2, 2, 2, 2, 2, 2, 2, 2, 2, 2], [0, 0, 0, 0, 0, 0, 0, 0, 0, 0, 0, 0, 0, 0, 0, 0, 0, 0, 0, 0, 0, 0, 0, 0, 0, 0, 0, 0, 0, 0, 0, 0, 0, 0, 0, 0, 0, 0, 0, 0, 0, 0, 0, 0, 0, 0, 0, -1, 0, 0, 0, 0, 0, 0, 0, 0, 0], [0, 0, 0, 0, 0, 0, 0, 0, 0, 0, 0, 0, 0, 0, 0, 0, 0, 0, 0, 0, 0, 0, 0, 0, 0, 0, 0, 0, 0, 0, 0, 0, 0, 0, 0, 0, 0, 0, 0, 0, 0, 0, 0, 0, 0, 0, 0, 0, -1, 0, 0, 0, 0, 0, 0, 0, 0], [1, 1, 1, 1, 1, 1, 1, 1, 1, 1, 1, 1, 1, 1, 1, 1, 1, 1, 1, 1, 1, 1, 1, 1, 1, 1, 1, 1, 1, 1, 1, 1, 1, 1, 1, 1, 1, 1, 1, 1, 1, 1, 1, 1, 1, 1, 1, 1, 1, -1, 1, 1, 1, 1, 1, 1, 1], [0, 0, 0, 0, 0, 0, 0, 0, 0, 0, 0, 0, 0, 0, 0, 0, 0, 0, 0, 0, 0, 0, 0, 0, 0, 0, 0, 0, 0, 0, 0, 0, 0, 0, 0, 0, 0, 0, 0, 0, 0, 0, 0, 0, 0, 0, 0, 0, 0, 0, -1, 0, 0, 0, 0, 0, 0], [0, 0, 0, 0, 0, 0, 0, 0, 0, 0, 0, 0, 0, 0, 0, 0, 0, 0, 0, 0, 0, 0, 0, 0, 0, 0, 0, 0, 0, 0, 0, 0, 0, 0, 0, 0, 0, 0, 0, 0, 0, 0, 0, 0, 0, 0, 0, 0, 0, 0, 0, -1, 0, 0, 0, 0, 0], [2, 2, 2, 2, 2, 2, 2, 2, 2, 2, 2, 2, 2, 2, 2, 2, 2, 2, 2, 2, 2, 2, 2, 2, 2, 2, 2, 2, 2, 2, 2, 2, 2, 2, 2, 2, 2, 2, 2, 2, 2, 2, 2, 2, 2, 2, 2, 2, 2, 2, 2, 2, -1, 2, 2, 2, 2], [0, 0, 0, 0, 0, 0, 0, 0, 0, 0, 0, 0, 0, 0, 0, 0, 0, 0, 0, 0, 0, 0, 0, 0, 0, 0, 0, 0, 0, 0, 0, 0, 0, 0, 0, 0, 0, 0, 0, 0, 0, 0, 0, 0, 0, 0, 0, 0, 0, 0, 0, 0, 0, -1, 0, 0, 0], [0, 0, 0, 0, 0, 0, 0, 0, 0, 0, 0, 0, 0, 0, 0, 0, 0, 0, 0, 0, 0, 0, 0, 0, 0, 0, 0, 0, 0, 0, 0, 0, 0, 0, 0, 0, 0, 0, 0, 0, 0, 0, 0, 0, 0, 0, 0, 0, 0, 0, 0, 0, 0, 0, -1, 0, 0], [2, 2, 2, 2, 2, 2, 2, 2, 2, 2, 2, 2, 2, 2, 2, 2, 2, 2, 2, 2, 2, 2, 2, 2, 2, 2, 2, 2, 2, 2, 2, 2, 2, 2, 2, 2, 2, 2, 2, 2, 2, 2, 2, 2, 2, 2, 2, 2, 2, 2, 2, 2, 2, 2, 2, -1, 2], [2, 2, 2, 2, 2, 2, 2, 2, 2, 2, 2, 2, 2, 2, 2, 2, 2, 2, 2, 2, 2, 2, 2, 2, 2, 2, 2, 2, 2, 2, 2, 2, 2, 2, 2, 2, 2, 2, 2, 2, 2, 2, 2, 2, 2, 2, 2, 2, 2, 2, 2, 2, 2, 2, 2, 2, -1]], "speed_zone_count": 73, "speed_zones": [[0.0, 15.0], [15.0, 30.0], [30.0, 45.0], [45.0, 60.0], [60.0, 75.0], [75.0, 90.0], [90.0, 105.0], [105.0, 120.0], [120.0, 135.0], [135.0, 150.0], [150.0, 165.0], [165.0, 180.0], [180.0, 195.0], [195.0, 210.0], [210.0, 225.0], [225.0, 240.0], [240.0, 255.0], [255.0, 270.0], [270.0, 285.0], [285.0, 300.0], [300.0, 315.0], [315.0, 330.0], [330.0, 345.0], [345.0, 360.0], [360.0, 375.0], [375.0, 390.0], [390.0, 405.0], [405.0, 420.0], [420.0, 435.0], [435.0, 450.0], [450.0, 465.0], [465.0, 480.0], [480.0, 495.0], [495.0, 510.0], [510.0, 525.0], [525.0, 540.0], [540.0, 555.0], [555.0, 570.0], [570.0, 585.0], [585.0, 600.0], [600.0, 615.0], [615.0, 630.0], [630.0, 645.0], [645.0, 660.0], [660.0, 675.0], [675.0, 690.0], [690.0, 705.0], [705.0, 720.0], [720.0, 735.0], [735.0, 750.0], [750.0, 765.0], [765.0, 780.0], [780.0, 795.0], [795.0, 810.0], [810.0, 825.0], [825.0, 840.0], [840.0, 855.0], [855.0, 870.0], [870.0, 885.0], [885.0, 900.0], [900.0, 915.0], [915.0, 930.0], [930.0, 945.0], [945.0, 960.0], [960.0, 975.0], [975.0, 990.0], [990.0, 1005.0], [1005.0, 1020.0], [1020.0, 1035.0], [1035.0, 1050.0], [1050.0, 1065.0], [1065.0, 1080.0], [1080.0, 5000.0]], "distances": [[0.0, 65.23, 75.32, 91.94, 97.9, 71.92, 81.37, 36.37, 88.29, 74.66, 68.22, 66.23, 97.92, 67.19, 52.36, 95.97, 55.96, 120.13, 53.87, 50.6, 74.14, 87.62, 48.43, 76.32, 50.44, 82.42, 62.6, 70.95, 75.1, 67.84, 61.43, 105.35, 73.31, 54.98, 69.99, 71.44, 107.32, 70.13, 69.13, 105.47, 82.27, 34.87, 86.2, 89.04, 75.07, 63.43, 44.59, 57.8, 83.15, 72.83, 69.85, 72.75, 106.68, 69.17, 80.39, 61.73, 0.0], [0.0, 0.0, 13.42, 46.47, 64.28, 45.42, 57.14, 29.19, 38.01, 22.78, 32.5, 25.54, 58.13, 30.01, 16.6, 58.83, 27.21, 75.51, 29.52, 24.26, 24.22, 62.12, 24.65, 37.65, 22.83, 34.92, 30.25, 36.59, 17.63, 34.82, 29.84, 59.11, 24.41, 29.13, 27.46, 12.03, 72.76, 18.49, 41.85, 66.42, 32.97, 30.48, 38.29, 40.35, 36.51, 30.11, 22.65, 23.49, 33.14, 13.49, 41.33, 25.16, 69.15, 41.28, 38.17, 25.4, 65.23], [0.0, 13.42, 0.0, 34.83, 54.14, 39.55, 50.01, 39.0, 25.82, 12.9, 26.89, 14.31, 47.01, 24.75, 29.89, 48.26, 27.43, 62.89, 30.3, 27.97, 14.89, 54.1, 29.38, 29.35, 36.23, 23.94, 27.08, 30.19, 6.24, 29.5, 27.21, 46.65, 15.59, 29.48, 20.73, 4.29, 61.95, 11.29, 36.56, 55.01, 21.67, 40.61, 26.75, 28.39, 28.53, 26.57, 30.85, 23.54, 21.57, 10.41, 35.76, 16.76, 57.92, 35.94, 28.5, 15.64, 75.32], [0.0, 46.47, 34.83, 0.0, 20.87, 24.42, 25.99, 60.27, 9.32, 23.8, 23.73, 48.06, 12.42, 24.94, 60.69, 14.54, 36.32, 30.02, 38.14, 42.71, 22.7, 26.34, 45.03, 15.71, 67.36, 11.72, 29.38, 21.26, 29.13, 24.23, 30.56, 13.81, 22.86, 37.05, 23.19, 34.56, 27.42, 28.64, 25.21, 20.19, 13.5, 62.16, 8.18, 6.58, 16.9, 28.57, 51.62, 35.45, 13.37, 33.27, 24.17, 22.58, 23.13, 24.87, 11.57, 47.05, 91.94], [0.0, 64.28, 54.14, 20.87, 0.0, 26.18, 17.49, 71.42, 29.97, 41.79, 34.57, 66.14, 9.44, 36.82, 76.49, 6.34, 46.77, 25.4, 47.44, 53.89, 40.14, 12.62, 56.05, 27.2, 83.0, 30.21, 39.65, 30.43, 48.04, 33.41, 40.76, 19.49, 39.88, 46.59, 37.53, 53.0, 9.6, 45.79, 29.45, 9.66, 32.56, 73.24, 27.91, 27.21, 28.5, 39.13, 63.69, 47.59, 32.83, 51.95, 29.0, 39.12, 9.33, 29.58, 26.11, 64.11, 97.9], [0.0, 45.42, 39.55, 24.42, 26.18, 0.0, 12.31, 45.98, 26.82, 27.1, 13.01, 47.58, 26.44, 15.45, 54.15, 24.13, 22.1, 48.7, 22.07, 29.1, 25.02, 18.3, 31.06, 12.12, 60.25, 21.93, 15.89, 9.37, 33.6, 10.59, 16.72, 35.53, 24.15, 21.42, 18.86, 36.66, 35.76, 28.55, 16.14, 33.6, 23.87, 47.74, 23.5, 25.53, 12.18, 15.74, 38.94, 24.06, 24.83, 36.27, 15.15, 22.91, 34.76, 4.28, 16.06, 44.1, 71.92], [0.0, 57.14, 50.01, 25.99, 17.49, 12.31, 0.0, 57.85, 31.99, 37.15, 24.69, 59.26, 21.88, 27.2, 66.44, 18.38, 34.37, 42.53, 34.18, 41.31, 35.12, 6.38, 43.2, 20.73, 72.56, 28.85, 28.17, 20.56, 43.83, 22.54, 29.02, 32.76, 34.42, 33.59, 29.9, 47.59, 26.31, 39.53, 16.15, 26.66, 31.21, 59.56, 28.81, 29.85, 21.48, 27.97, 51.11, 36.36, 31.97, 46.99, 16.3, 33.29, 26.81, 16.57, 22.82, 56.05, 81.37], [0.0, 29.19, 39.0, 60.27, 71.42, 45.98, 57.85, 0.0, 54.8, 39.8, 37.5, 30.44, 68.8, 35.7, 19.84, 67.83, 24.75, 90.03, 24.02, 17.76, 39.69, 64.12, 15.5, 45.73, 21.89, 49.39, 31.99, 41.29, 39.23, 38.17, 30.83, 74.08, 39.03, 24.83, 37.12, 35.21, 80.98, 34.89, 42.32, 77.08, 48.69, 19.63, 53.33, 56.1, 44.36, 32.63, 8.88, 24.85, 49.42, 36.65, 42.59, 38.75, 78.99, 42.08, 48.95, 25.63, 36.37], [0.0, 38.01, 25.82, 9.32, 29.97, 26.82, 31.99, 54.8, 0.0, 15.96, 21.23, 39.46, 21.74, 21.52, 52.97, 23.7, 32.38, 37.55, 34.69, 37.92, 15.41, 33.72, 40.19, 15.23, 59.64, 6.04, 26.29, 20.44, 20.42, 22.69, 27.36, 21.11, 15.9, 33.55, 18.3, 25.99, 36.74, 21.09, 26.24, 29.38, 6.12, 56.68, 10.62, 12.71, 15.83, 25.42, 45.96, 30.6, 5.42, 24.59, 25.11, 16.06, 32.39, 25.73, 10.82, 38.94, 88.29], [0.0, 22.78, 12.9, 23.8, 41.79, 27.1, 37.15, 39.8, 15.96, 0.0, 15.1, 24.5, 35.35, 13.44, 37.07, 36.15, 20.46, 53.36, 23.29, 24.19, 11.1, 41.2, 26.28, 16.46, 43.74, 12.15, 17.11, 17.78, 6.69, 17.69, 17.69, 36.89, 11.12, 22.22, 8.9, 11.21, 50.04, 5.16, 24.42, 43.64, 10.34, 41.64, 15.67, 17.98, 15.67, 16.38, 30.92, 17.42, 10.69, 10.22, 23.52, 4.29, 46.37, 23.79, 15.8, 23.26, 74.66], [0.0, 32.5, 26.89, 23.73, 34.57, 13.01, 24.69, 37.5, 21.23, 15.1, 0.0, 34.63, 31.3, 10.46, 42.37, 30.45, 12.87, 52.77, 14.44, 19.74, 13.12, 29.98, 22.01, 8.31, 48.73, 15.21, 5.69, 4.3, 21.19, 10.7, 6.88, 37.28, 12.09, 13.37, 6.26, 23.76, 43.96, 15.69, 9.71, 39.6, 16.0, 39.37, 18.55, 21.32, 6.97, 4.94, 29.33, 13.04, 17.04, 23.49, 9.01, 10.82, 41.61, 9.1, 12.17, 31.36, 68.22], [0.0, 25.54, 14.31, 48.06, 66.14, 47.58, 59.26, 30.44, 39.46, 24.5, 34.63, 0.0, 59.84, 32.15, 16.42, 60.62, 29.43, 76.88, 31.72, 26.36, 26.02, 64.18, 26.67, 39.63, 22.33, 36.59, 32.46, 38.7, 19.04, 36.98, 32.06, 60.52, 26.26, 31.34, 29.51, 13.51, 74.53, 20.38, 44.02, 68.09, 34.58, 31.64, 39.88, 41.86, 38.52, 32.32, 24.3, 25.72, 34.7, 14.87, 43.5, 27.06, 70.85, 43.46, 40.03, 5.27, 66.23], [0.0, 58.13, 47.01, 12.42, 9.44, 26.44, 21.88, 68.8, 21.74, 35.35, 31.3, 59.84, 0.0, 33.18, 71.54, 15.79, 44.11, 22.29, 45.33, 51.04, 33.97, 19.24, 53.3, 23.12, 78.17, 23.26, 36.86, 27.65, 41.13, 30.82, 38.04, 11.09, 33.91, 44.35, 32.79, 46.41, 15.01, 39.86, 28.83, 8.46, 25.39, 70.67, 20.27, 18.99, 24.49, 36.19, 60.55, 44.16, 25.44, 45.21, 28.08, 33.38, 11.02, 28.76, 20.61, 58.39, 97.92], [0.0, 30.01, 24.75, 24.94, 36.82, 15.45, 27.2, 35.7, 21.52, 13.44, 10.46, 32.15, 33.18, 0.0, 39.95, 32.51, 11.38, 54.37, 13.34, 17.96, 11.56, 32.46, 20.26, 10.06, 46.35, 15.5, 4.77, 6.76, 19.21, 4.9, 5.85, 38.65, 10.49, 12.21, 4.6, 21.48, 46.14, 13.48, 12.04, 41.55, 15.91, 37.58, 19.11, 21.93, 8.69, 10.66, 27.37, 10.98, 16.92, 21.28, 11.41, 9.25, 43.65, 11.44, 13.41, 28.86, 67.19], [0.0, 16.6, 29.89, 60.69, 76.49, 54.15, 66.44, 19.84, 52.97, 37.07, 42.37, 16.42, 71.54, 39.95, 0.0, 71.63, 32.53, 90.43, 33.63, 26.43, 38.0, 72.14, 25.33, 49.29, 6.68, 48.97, 38.28, 46.66, 33.23, 44.12, 37.43, 73.96, 37.85, 33.82, 38.99, 27.75, 85.54, 32.07, 50.32, 79.98, 47.38, 20.21, 52.68, 55.05, 47.98, 38.51, 18.67, 30.09, 47.76, 29.32, 50.14, 38.23, 82.47, 49.88, 50.96, 14.39, 52.36], [0.0, 58.83, 48.26, 14.54, 6.34, 24.13, 18.38, 67.83, 23.7, 36.15, 30.45, 60.62, 15.79, 32.51, 71.63, 0.0, 43.08, 24.77, 44.07, 50.12, 34.61, 15.43, 52.35, 22.56, 78.21, 24.32, 35.84, 26.54, 42.23, 29.67, 37.0, 14.9, 34.43, 43.14, 32.66, 47.34, 13.96, 40.39, 26.87, 9.51, 26.6, 69.68, 21.78, 20.94, 23.92, 35.23, 59.78, 43.47, 26.8, 46.22, 26.22, 33.78, 11.17, 26.87, 20.77, 58.85, 95.97], [0.0, 27.21, 27.43, 36.32, 46.77, 22.1, 34.37, 24.75, 32.38, 20.46, 12.87, 29.43, 44.11, 11.38, 32.53, 43.08, 0.0, 65.63, 13.66, 7.13, 19.32, 40.38, 9.29, 21.17, 38.37, 26.47, 7.26, 16.54, 23.76, 13.42, 6.08, 50.02, 18.32, 12.57, 14.1, 23.27, 56.29, 17.44, 18.28, 52.35, 26.44, 26.6, 30.24, 33.08, 19.82, 7.94, 16.98, 13.42, 27.36, 23.85, 18.33, 17.48, 54.24, 17.93, 24.78, 24.84, 55.96], [0.0, 75.51, 62.89, 30.02, 25.4, 48.7, 42.53, 90.03, 37.55, 53.36, 52.77, 76.88, 22.29, 54.37, 90.43, 24.77, 65.63, 0.0, 67.09, 72.33, 52.5, 38.02, 74.63, 44.46, 97.11, 41.61, 58.44, 49.46, 57.88, 52.63, 59.63, 16.47, 52.75, 66.07, 53.12, 63.48, 19.61, 58.39, 51.11, 15.88, 43.06, 91.92, 37.79, 35.38, 45.8, 57.71, 81.5, 65.19, 42.68, 62.04, 50.34, 52.56, 16.36, 51.03, 41.08, 76.49, 120.13], [0.0, 29.52, 30.3, 38.14, 47.44, 22.07, 34.18, 24.02, 34.69, 23.29, 14.44, 31.72, 45.33, 13.34, 33.63, 44.07, 13.66, 67.09, 0.0, 7.31, 22.09, 40.34, 9.04, 22.69, 39.21, 28.72, 8.76, 17.68, 26.68, 14.51, 7.58, 51.72, 21.06, 12.8, 16.55, 26.12, 57.01, 20.36, 18.35, 53.44, 28.85, 25.82, 32.41, 35.24, 21.39, 9.57, 16.94, 6.77, 29.8, 26.73, 18.58, 20.17, 55.21, 18.09, 26.57, 26.97, 53.87], [0.0, 24.26, 27.97, 42.71, 53.89, 29.1, 41.31, 17.76, 37.92, 24.19, 19.74, 26.36, 51.04, 17.96, 26.43, 50.12, 7.13, 72.33, 7.31, 0.0, 23.56, 47.4, 16.35, 27.97, 31.91, 32.23, 14.28, 23.58, 25.76, 20.51, 13.14, 56.5, 22.71, 7.74, 19.77, 23.68, 63.4, 20.03, 25.31, 59.33, 31.83, 19.64, 36.12, 38.93, 26.6, 14.89, 9.87, 7.34, 32.66, 24.67, 25.41, 22.16, 61.28, 24.98, 31.29, 21.27, 50.6], [0.0, 24.22, 14.89, 22.7, 40.14, 25.02, 35.12, 39.69, 15.41, 11.1, 13.12, 26.02, 33.97, 11.56, 38.0, 34.61, 19.32, 52.5, 22.09, 23.56, 0.0, 39.24, 25.72, 14.46, 44.67, 10.98, 15.45, 15.71, 8.71, 15.69, 16.11, 36.05, 11.91, 20.99, 6.98, 12.94, 48.54, 5.95, 22.37, 42.32, 9.48, 41.55, 14.71, 17.19, 13.64, 14.68, 30.81, 16.55, 10.01, 12.07, 21.45, 11.64, 44.99, 21.74, 14.06, 24.45, 74.14], [0.0, 62.12, 54.1, 26.34, 12.62, 18.3, 6.38, 64.12, 33.72, 41.2, 29.98, 64.18, 19.24, 32.46, 72.14, 15.43, 40.38, 38.02, 40.34, 47.4, 39.24, 0.0, 49.34, 24.82, 78.36, 31.62, 33.92, 25.71, 47.86, 28.04, 34.85, 30.32, 38.66, 39.7, 34.67, 52.02, 20.59, 44.1, 22.1, 22.25, 34.06, 65.85, 30.81, 31.28, 25.79, 33.64, 57.23, 42.15, 34.68, 51.28, 22.11, 37.62, 21.83, 22.46, 25.95, 61.25, 87.62], [0.0, 24.65, 29.38, 45.03, 56.05, 31.06, 43.2, 15.5, 40.19, 26.28, 22.01, 26.67, 53.3, 20.26, 25.33, 52.35, 9.29, 74.63, 9.04, 16.35, 25.72, 49.34, 0.0, 30.26, 30.53, 34.52, 16.51, 25.81, 27.53, 22.71, 15.35, 58.81, 24.89, 9.64, 22.07, 25.12, 65.58, 21.97, 27.29, 61.58, 34.09, 17.36, 38.41, 41.23, 28.89, 17.13, 7.9, 9.64, 34.92, 26.19, 27.44, 24.38, 63.51, 26.99, 33.6, 21.48, 48.43], [0.0, 37.65, 29.35, 15.71, 27.2, 12.12, 20.73, 45.73, 15.23, 16.46, 8.31, 39.63, 23.12, 10.06, 49.29, 22.56, 21.17, 44.46, 22.69, 27.97, 14.46, 24.82, 30.26, 0.0, 55.82, 9.89, 13.98, 5.61, 23.14, 8.52, 15.18, 29.06, 13.84, 21.64, 10.38, 27.21, 36.33, 19.35, 11.03, 31.49, 11.75, 47.61, 12.05, 14.51, 10.11, 13.24, 37.43, 21.04, 12.72, 26.47, 9.9, 12.8, 33.64, 10.51, 4.59, 37.15, 76.32], [0.0, 22.83, 36.23, 67.36, 83.0, 60.25, 72.56, 21.89, 59.64, 43.74, 48.73, 22.33, 78.17, 46.35, 6.68, 78.21, 38.37, 97.11, 39.21, 31.91, 44.67, 78.36, 30.53, 55.82, 0.0, 55.64, 44.44, 53.02, 39.81, 50.4, 43.54, 80.64, 44.52, 39.51, 45.56, 34.29, 92.1, 38.74, 56.42, 86.62, 54.06, 21.68, 59.36, 61.72, 54.5, 44.73, 23.19, 36.22, 54.43, 35.85, 56.29, 44.89, 89.08, 55.99, 57.58, 20.92, 50.44], [0.0, 34.92, 23.94, 11.72, 30.21, 21.93, 28.85, 49.39, 6.04, 12.15, 15.21, 36.59, 23.26, 15.5, 48.97, 24.32, 26.47, 41.61, 28.72, 32.23, 10.98, 31.62, 34.52, 9.89, 55.64, 0.0, 20.26, 14.7, 17.93, 16.76, 21.34, 25.2, 11.16, 27.58, 12.48, 23.15, 38.09, 16.92, 20.86, 31.51, 12.16, 51.28, 13.69, 6.71, 10.23, 19.39, 40.61, 24.89, 11.45, 21.96, 19.74, 10.98, 34.27, 20.31, 6.13, 35.37, 82.42], [0.0, 30.25, 27.08, 29.38, 39.65, 15.89, 28.17, 31.99, 26.29, 17.11, 5.69, 32.46, 36.86, 4.77, 38.28, 35.84, 7.26, 58.44, 8.76, 14.28, 15.45, 33.92, 16.51, 13.98, 44.44, 20.26, 0.0, 9.3, 22.12, 6.24, 10.62, 42.97, 14.36, 7.68, 8.83, 23.38, 49.14, 15.9, 12.09, 45.09, 20.66, 33.85, 23.83, 26.65, 12.66, 10.63, 24.04, 8.23, 21.66, 23.48, 11.87, 13.22, 47.01, 11.62, 17.81, 28.57, 62.6], [0.0, 36.59, 30.19, 21.26, 30.43, 9.37, 20.56, 41.29, 20.44, 17.78, 4.3, 38.7, 27.65, 6.76, 46.66, 26.54, 16.54, 49.46, 17.68, 23.58, 15.71, 25.71, 25.81, 5.61, 53.02, 14.7, 9.3, 0.0, 24.23, 11.66, 10.46, 34.4, 14.8, 16.7, 9.53, 27.36, 39.87, 19.24, 6.77, 35.83, 16.1, 43.14, 17.4, 19.98, 4.66, 8.72, 33.31, 17.17, 17.13, 26.93, 5.78, 13.56, 37.71, 6.15, 10.14, 35.57, 70.95], [0.0, 17.63, 6.24, 29.13, 48.04, 33.6, 43.83, 39.23, 20.42, 6.69, 21.19, 19.04, 41.13, 19.21, 33.23, 42.23, 23.76, 57.88, 26.68, 25.76, 8.71, 47.86, 27.53, 23.14, 39.81, 17.93, 22.12, 24.23, 0.0, 23.81, 22.44, 41.49, 9.48, 25.73, 14.94, 5.61, 56.01, 6.38, 30.75, 49.26, 15.75, 40.97, 20.97, 22.84, 22.35, 21.51, 30.58, 20.11, 15.76, 4.17, 29.9, 10.7, 52.11, 30.12, 22.28, 18.9, 75.1], [0.0, 34.82, 29.5, 24.23, 33.41, 10.59, 22.54, 38.17, 22.69, 17.69, 10.7, 36.98, 30.82, 4.9, 44.12, 29.67, 13.42, 52.63, 14.51, 20.51, 15.69, 28.04, 22.71, 8.52, 50.4, 16.76, 6.24, 11.66, 23.81, 0.0, 7.36, 37.5, 14.68, 13.53, 8.88, 26.34, 42.9, 18.29, 7.15, 38.98, 17.83, 40.02, 19.81, 22.5, 7.37, 5.76, 30.29, 14.32, 18.88, 26.09, 6.53, 13.4, 40.83, 6.55, 12.88, 33.56, 67.84], [0.0, 29.84, 27.21, 30.56, 40.76, 16.72, 29.02, 30.83, 27.36, 17.69, 6.88, 32.06, 38.04, 5.85, 37.43, 37.0, 6.08, 59.63, 7.58, 13.14, 16.11, 34.85, 15.35, 15.18, 43.54, 21.34, 10.62, 10.46, 22.44, 7.36, 0.0, 44.16, 15.02, 6.49, 9.67, 23.41, 50.26, 16.15, 12.9, 46.27, 21.68, 32.68, 24.95, 27.77, 13.85, 11.82, 22.93, 7.34, 22.67, 23.6, 12.75, 13.93, 48.17, 12.45, 18.99, 28.04, 61.43], [0.0, 59.11, 46.65, 13.81, 19.49, 35.53, 32.76, 74.08, 21.11, 36.89, 37.28, 60.52, 11.09, 38.65, 73.96, 14.9, 50.02, 16.47, 51.72, 56.5, 36.05, 30.32, 58.81, 29.06, 80.64, 25.2, 42.97, 34.4, 41.49, 37.5, 44.16, 0.0, 36.33, 50.65, 36.99, 47.08, 20.83, 41.93, 37.23, 12.49, 26.59, 75.97, 21.35, 18.91, 30.34, 42.19, 65.43, 49.25, 26.21, 45.66, 36.3, 36.18, 15.59, 37.02, 25.24, 60.03, 105.35], [0.0, 24.41, 15.59, 22.86, 39.88, 24.15, 34.42, 39.03, 15.9, 11.12, 12.09, 26.26, 33.91, 10.49, 37.85, 34.43, 18.32, 52.75, 21.06, 22.71, 11.91, 38.66, 24.89, 13.84, 44.52, 11.16, 14.36, 14.8, 9.48, 14.68, 15.02, 36.33, 0.0, 19.96, 5.91, 13.4, 48.39, 5.96, 21.42, 42.3, 9.86, 40.9, 14.98, 17.54, 12.95, 13.59, 30.16, 15.63, 10.48, 12.63, 20.52, 10.57, 44.92, 20.79, 13.76, 24.48, 73.31], [0.0, 29.13, 29.48, 37.05, 46.59, 21.42, 33.59, 24.83, 33.55, 22.22, 13.37, 31.34, 44.35, 12.21, 33.82, 43.14, 12.57, 66.07, 12.8, 7.74, 20.99, 39.7, 9.64, 21.64, 39.51, 27.58, 7.68, 16.7, 25.73, 13.53, 6.49, 50.65, 19.96, 0.0, 15.41, 25.33, 56.16, 19.39, 17.65, 52.5, 27.71, 26.65, 31.28, 34.11, 20.33, 8.48, 17.52, 6.02, 28.66, 25.9, 17.83, 19.06, 54.29, 17.36, 25.48, 26.68, 54.98], [0.0, 27.46, 20.73, 23.19, 37.53, 18.86, 29.9, 37.12, 18.3, 8.9, 6.26, 29.51, 32.79, 4.6, 38.99, 32.66, 14.1, 53.12, 16.55, 19.77, 6.98, 34.67, 22.07, 10.38, 45.56, 12.48, 8.83, 9.53, 14.94, 8.88, 9.67, 36.99, 5.91, 15.41, 0.0, 17.83, 46.54, 9.71, 15.84, 41.25, 12.34, 39.01, 16.35, 19.18, 9.14, 8.0, 28.44, 12.43, 13.27, 17.41, 15.03, 4.66, 43.6, 15.21, 12.22, 26.8, 69.99], [0.0, 12.03, 4.29, 34.56, 53.0, 36.66, 47.59, 35.21, 25.99, 11.21, 23.76, 13.51, 46.41, 21.48, 27.75, 47.34, 23.27, 63.48, 26.12, 23.68, 12.94, 52.02, 25.12, 27.21, 34.29, 23.15, 23.38, 27.36, 5.61, 26.34, 23.41, 47.08, 13.4, 25.33, 17.83, 0.0, 61.2, 8.11, 33.48, 54.62, 21.09, 36.87, 26.38, 28.36, 26.24, 22.93, 26.88, 19.35, 21.2, 9.78, 32.75, 14.4, 57.42, 32.86, 26.98, 13.37, 71.44], [0.0, 72.76, 61.95, 27.42, 9.6, 35.76, 26.31, 80.98, 36.74, 50.04, 43.96, 74.53, 15.01, 46.14, 85.54, 13.96, 56.29, 19.61, 57.01, 63.4, 48.54, 20.59, 65.58, 36.33, 92.1, 38.09, 49.14, 39.87, 56.01, 42.9, 50.26, 20.83, 48.39, 56.16, 46.54, 61.2, 0.0, 54.34, 39.05, 8.37, 40.29, 82.8, 35.25, 33.99, 37.67, 48.59, 73.18, 57.0, 40.39, 60.04, 38.6, 47.74, 5.25, 39.18, 34.72, 72.82, 107.32], [0.0, 18.49, 11.29, 28.64, 45.79, 28.55, 39.53, 34.89, 21.09, 5.16, 15.69, 20.38, 39.86, 13.48, 32.07, 40.39, 17.44, 58.39, 20.36, 20.03, 5.95, 44.1, 21.97, 19.35, 38.74, 16.92, 15.9, 19.24, 6.38, 18.29, 16.15, 41.93, 5.96, 19.39, 9.71, 8.11, 54.34, 0.0, 25.4, 48.24, 15.33, 36.71, 20.62, 23.03, 18.31, 15.35, 26.04, 13.9, 15.76, 7.8, 24.65, 6.68, 50.88, 24.79, 19.69, 18.53, 70.13], [0.0, 41.85, 36.56, 25.21, 29.45, 16.14, 16.15, 42.32, 26.24, 24.42, 9.71, 44.02, 28.83, 12.04, 50.32, 26.87, 18.28, 51.11, 18.35, 25.31, 22.37, 22.1, 27.29, 11.03, 56.42, 20.86, 12.09, 6.77, 30.75, 7.15, 12.9, 37.23, 21.42, 17.65, 15.84, 33.48, 39.05, 25.4, 0.0, 36.37, 22.52, 44.1, 23.01, 25.33, 10.66, 11.97, 35.16, 20.23, 23.54, 33.19, 12.56, 20.15, 37.75, 12.92, 15.46, 40.43, 69.13], [0.0, 66.42, 55.01, 20.19, 9.66, 33.6, 26.66, 77.08, 29.38, 43.64, 39.6, 68.09, 8.46, 41.55, 79.98, 9.51, 52.35, 15.88, 53.44, 59.33, 42.32, 22.25, 61.58, 31.49, 86.62, 31.51, 45.09, 35.83, 49.26, 38.98, 46.27, 12.49, 42.3, 52.5, 41.25, 54.62, 8.37, 48.24, 36.37, 0.0, 33.54, 78.94, 28.3, 26.7, 32.87, 44.45, 68.9, 52.53, 33.5, 53.37, 35.72, 41.8, 13.61, 36.37, 29.07, 66.77, 105.47], [0.0, 32.97, 21.67, 13.5, 32.56, 23.87, 31.21, 48.69, 6.12, 10.34, 16.0, 34.58, 25.39, 15.91, 47.38, 26.6, 26.44, 43.06, 28.85, 31.83, 9.48, 34.06, 34.09, 11.75, 54.06, 12.16, 20.66, 16.1, 15.75, 17.83, 21.68, 26.59, 9.86, 27.71, 12.34, 21.09, 40.29, 15.33, 22.52, 33.54, 0.0, 50.56, 5.34, 7.71, 11.87, 19.79, 39.84, 24.52, 10.54, 19.84, 21.42, 9.95, 36.36, 21.95, 8.41, 33.59, 82.27], [0.0, 30.48, 40.61, 62.16, 73.24, 47.74, 59.56, 19.63, 56.68, 41.64, 39.37, 31.64, 70.67, 37.58, 20.21, 69.68, 26.6, 91.92, 25.82, 19.64, 41.55, 65.85, 17.36, 47.61, 21.68, 51.28, 33.85, 43.14, 40.97, 40.02, 32.68, 75.97, 40.9, 26.65, 39.01, 36.87, 82.8, 36.71, 44.1, 78.94, 50.56, 0.0, 55.21, 57.98, 46.24, 34.49, 10.74, 26.74, 51.3, 38.32, 44.38, 40.63, 80.85, 43.87, 50.84, 26.94, 34.87], [0.0, 38.29, 26.75, 8.18, 27.91, 23.5, 28.81, 53.33, 10.62, 15.67, 18.55, 39.88, 20.27, 19.11, 52.68, 21.78, 30.24, 37.79, 32.41, 36.12, 14.71, 30.81, 38.41, 12.05, 59.36, 13.69, 23.83, 17.4, 20.97, 19.81, 24.95, 21.35, 14.98, 31.28, 16.35, 26.38, 35.25, 20.62, 23.01, 28.3, 5.34, 55.21, 0.0, 12.5, 12.75, 22.97, 44.54, 28.78, 5.2, 25.1, 21.89, 14.88, 31.18, 22.52, 7.55, 38.93, 86.2], [0.0, 40.35, 28.39, 6.58, 27.21, 25.53, 29.85, 56.1, 12.71, 17.98, 21.32, 41.86, 18.99, 21.93, 55.05, 20.94, 33.08, 35.38, 35.24, 38.93, 17.19, 31.28, 41.23, 14.51, 61.72, 6.71, 26.65, 19.98, 22.84, 22.5, 27.77, 18.91, 17.54, 34.11, 19.18, 28.36, 33.99, 23.03, 25.33, 26.7, 7.71, 57.98, 12.5, 0.0, 15.32, 25.79, 47.3, 31.59, 7.29, 27.01, 24.21, 17.53, 29.68