{"digraph": {"vertex_count": 57, "arc_count": 3080, "arcs": [[0, 1, 1, 1, 1, 1, 1, 1, 1, 1, 1, 1, 1, 1, 1, 1, 1, 1, 1, 1, 1, 1, 1, 1, 1, 1, 1, 1, 1, 1, 1, 1, 1, 1, 1, 1, 1, 1, 1, 1, 1, 1, 1, 1, 1, 1, 1, 1, 1, 1, 1, 1, 1, 1, 1, 1, 1], [0, 0, 1, 1, 1, 1, 1, 1, 1, 1, 1, 1, 1, 1, 1, 1, 1, 1, 1, 1, 1, 1, 1, 1, 1, 1, 1, 1, 1, 1, 1, 1, 1, 1, 1, 1, 1, 1, 1, 1, 1, 1, 1, 1, 1, 1, 1, 1, 1, 1, 1, 1, 1, 1, 1, 1, 1], [0, 1, 0, 1, 1, 1, 1, 1, 1, 1, 1, 1, 1, 1, 1, 1, 1, 1, 1, 1, 1, 1, 1, 1, 1, 1, 1, 1, 1, 1, 1, 1, 1, 1, 1, 1, 1, 1, 1, 1, 1, 1, 1, 1, 1, 1, 1, 1, 1, 1, 1, 1, 1, 1, 1, 1, 1], [0, 1, 1, 0, 1, 1, 1, 1, 1, 1, 1, 1, 1, 1, 1, 1, 1, 1, 1, 1, 1, 1, 1, 1, 1, 1, 1, 1, 1, 1, 1, 1, 1, 1, 1, 1, 1, 1, 1, 1, 1, 1, 1, 1, 1, 1, 1, 1, 1, 1, 1, 1, 1, 1, 1, 1, 1], [0, 1, 1, 1, 0, 1, 1, 1, 1, 1, 1, 1, 1, 1, 1, 1, 1, 1, 1, 1, 1, 1, 1, 1, 1, 1, 1, 1, 1, 1, 1, 1, 1, 1, 1, 1, 1, 1, 1, 1, 1, 1, 1, 1, 1, 1, 1, 1, 1, 1, 1, 1, 1, 1, 1, 1, 1], [0, 1, 1, 1, 1, 0, 1, 1, 1, 1, 1, 1, 1, 1, 1, 1, 1, 1, 1, 1, 1, 1, 1, 1, 1, 1, 1, 1, 1, 1, 1, 1, 1, 1, 1, 1, 1, 1, 1, 1, 1, 1, 1, 1, 1, 1, 1, 1, 1, 1, 1, 1, 1, 1, 1, 1, 1], [0, 1, 1, 1, 1, 1, 0, 1, 1, 1, 1, 1, 1, 1, 1, 1, 1, 1, 1, 1, 1, 1, 1, 1, 1, 1, 1, 1, 1, 1, 1, 1, 1, 1, 1, 1, 1, 1, 1, 1, 1, 1, 1, 1, 1, 1, 1, 1, 1, 1, 1, 1, 1, 1, 1, 1, 1], [0, 1, 1, 1, 1, 1, 1, 0, 1, 1, 1, 1, 1, 1, 1, 1, 1, 1, 1, 1, 1, 1, 1, 1, 1, 1, 1, 1, 1, 1, 1, 1, 1, 1, 1, 1, 1, 1, 1, 1, 1, 1, 1, 1, 1, 1, 1, 1, 1, 1, 1, 1, 1, 1, 1, 1, 1], [0, 1, 1, 1, 1, 1, 1, 1, 0, 1, 1, 1, 1, 1, 1, 1, 1, 1, 1, 1, 1, 1, 1, 1, 1, 1, 1, 1, 1, 1, 1, 1, 1, 1, 1, 1, 1, 1, 1, 1, 1, 1, 1, 1, 1, 1, 1, 1, 1, 1, 1, 1, 1, 1, 1, 1, 1], [0, 1, 1, 1, 1, 1, 1, 1, 1, 0, 1, 1, 1, 1, 1, 1, 1, 1, 1, 1, 1, 1, 1, 1, 1, 1, 1, 1, 1, 1, 1, 1, 1, 1, 1, 1, 1, 1, 1, 1, 1, 1, 1, 1, 1, 1, 1, 1, 1, 1, 1, 1, 1, 1, 1, 1, 1], [0, 1, 1, 1, 1, 1, 1, 1, 1, 1, 0, 1, 1, 1, 1, 1, 1, 1, 1, 1, 1, 1, 1, 1, 1, 1, 1, 1, 1, 1, 1, 1, 1, 1, 1, 1, 1, 1, 1, 1, 1, 1, 1, 1, 1, 1, 1, 1, 1, 1, 1, 1, 1, 1, 1, 1, 1], [0, 1, 1, 1, 1, 1, 1, 1, 1, 1, 1, 0, 1, 1, 1, 1, 1, 1, 1, 1, 1, 1, 1, 1, 1, 1, 1, 1, 1, 1, 1, 1, 1, 1, 1, 1, 1, 1, 1, 1, 1, 1, 1, 1, 1, 1, 1, 1, 1, 1, 1, 1, 1, 1, 1, 1, 1], [0, 1, 1, 1, 1, 1, 1, 1, 1, 1, 1, 1, 0, 1, 1, 1, 1, 1, 1, 1, 1, 1, 1, 1, 1, 1, 1, 1, 1, 1, 1, 1, 1, 1, 1, 1, 1, 1, 1, 1, 1, 1, 1, 1, 1, 1, 1, 1, 1, 1, 1, 1, 1, 1, 1, 1, 1], [0, 1, 1, 1, 1, 1, 1, 1, 1, 1, 1, 1, 1, 0, 1, 1, 1, 1, 1, 1, 1, 1, 1, 1, 1, 1, 1, 1, 1, 1, 1, 1, 1, 1, 1, 1, 1, 1, 1, 1, 1, 1, 1, 1, 1, 1, 1, 1, 1, 1, 1, 1, 1, 1, 1, 1, 1], [0, 1, 1, 1, 1, 1, 1, 1, 1, 1, 1, 1, 1, 1, 0, 1, 1, 1, 1, 1, 1, 1, 1, 1, 1, 1, 1, 1, 1, 1, 1, 1, 1, 1, 1, 1, 1, 1, 1, 1, 1, 1, 1, 1, 1, 1, 1, 1, 1, 1, 1, 1, 1, 1, 1, 1, 1], [0, 1, 1, 1, 1, 1, 1, 1, 1, 1, 1, 1, 1, 1, 1, 0, 1, 1, 1, 1, 1, 1, 1, 1, 1, 1, 1, 1, 1, 1, 1, 1, 1, 1, 1, 1, 1, 1, 1, 1, 1, 1, 1, 1, 1, 1, 1, 1, 1, 1, 1, 1, 1, 1, 1, 1, 1], [0, 1, 1, 1, 1, 1, 1, 1, 1, 1, 1, 1, 1, 1, 1, 1, 0, 1, 1, 1, 1, 1, 1, 1, 1, 1, 1, 1, 1, 1, 1, 1, 1, 1, 1, 1, 1, 1, 1, 1, 1, 1, 1, 1, 1, 1, 1, 1, 1, 1, 1, 1, 1, 1, 1, 1, 1], [0, 1, 1, 1, 1, 1, 1, 1, 1, 1, 1, 1, 1, 1, 1, 1, 1, 0, 1, 1, 1, 1, 1, 1, 1, 1, 1, 1, 1, 1, 1, 1, 1, 1, 1, 1, 1, 1, 1, 1, 1, 1, 1, 1, 1, 1, 1, 1, 1, 1, 1, 1, 1, 1, 1, 1, 1], [0, 1, 1, 1, 1, 1, 1, 1, 1, 1, 1, 1, 1, 1, 1, 1, 1, 1, 0, 1, 1, 1, 1, 1, 1, 1, 1, 1, 1, 1, 1, 1, 1, 1, 1, 1, 1, 1, 1, 1, 1, 1, 1, 1, 1, 1, 1, 1, 1, 1, 1, 1, 1, 1, 1, 1, 1], [0, 1, 1, 1, 1, 1, 1, 1, 1, 1, 1, 1, 1, 1, 1, 1, 1, 1, 1, 0, 1, 1, 1, 1, 1, 1, 1, 1, 1, 1, 1, 1, 1, 1, 1, 1, 1, 1, 1, 1, 1, 1, 1, 1, 1, 1, 1, 1, 1, 1, 1, 1, 1, 1, 1, 1, 1], [0, 1, 1, 1, 1, 1, 1, 1, 1, 1, 1, 1, 1, 1, 1, 1, 1, 1, 1, 1, 0, 1, 1, 1, 1, 1, 1, 1, 1, 1, 1, 1, 1, 1, 1, 1, 1, 1, 1, 1, 1, 1, 1, 1, 1, 1, 1, 1, 1, 1, 1, 1, 1, 1, 1, 1, 1], [0, 1, 1, 1, 1, 1, 1, 1, 1, 1, 1, 1, 1, 1, 1, 1, 1, 1, 1, 1, 1, 0, 1, 1, 1, 1, 1, 1, 1, 1, 1, 1, 1, 1, 1, 1, 1, 1, 1, 1, 1, 1, 1, 1, 1, 1, 1, 1, 1, 1, 1, 1, 1, 1, 1, 1, 1], [0, 1, 1, 1, 1, 1, 1, 1, 1, 1, 1, 1, 1, 1, 1, 1, 1, 1, 1, 1, 1, 1, 0, 1, 1, 1, 1, 1, 1, 1, 1, 1, 1, 1, 1, 1, 1, 1, 1, 1, 1, 1, 1, 1, 1, 1, 1, 1, 1, 1, 1, 1, 1, 1, 1, 1, 1], [0, 1, 1, 1, 1, 1, 1, 1, 1, 1, 1, 1, 1, 1, 1, 1, 1, 1, 1, 1, 1, 1, 1, 0, 1, 1, 1, 1, 1, 1, 1, 1, 1, 1, 1, 1, 1, 1, 1, 1, 1, 1, 1, 1, 1, 1, 1, 1, 1, 1, 1, 1, 1, 1, 1, 1, 1], [0, 1, 1, 1, 1, 1, 1, 1, 1, 1, 1, 1, 1, 1, 1, 1, 1, 1, 1, 1, 1, 1, 1, 1, 0, 1, 1, 1, 1, 1, 1, 1, 1, 1, 1, 1, 1, 1, 1, 1, 1, 1, 1, 1, 1, 1, 1, 1, 1, 1, 1, 1, 1, 1, 1, 1, 1], [0, 1, 1, 1, 1, 1, 1, 1, 1, 1, 1, 1, 1, 1, 1, 1, 1, 1, 1, 1, 1, 1, 1, 1, 1, 0, 1, 1, 1, 1, 1, 1, 1, 1, 1, 1, 1, 1, 1, 1, 1, 1, 1, 1, 1, 1, 1, 1, 1, 1, 1, 1, 1, 1, 1, 1, 1], [0, 1, 1, 1, 1, 1, 1, 1, 1, 1, 1, 1, 1, 1, 1, 1, 1, 1, 1, 1, 1, 1, 1, 1, 1, 1, 0, 1, 1, 1, 1, 1, 1, 1, 1, 1, 1, 1, 1, 1, 1, 1, 1, 1, 1, 1, 1, 1, 1, 1, 1, 1, 1, 1, 1, 1, 1], [0, 1, 1, 1, 1, 1, 1, 1, 1, 1, 1, 1, 1, 1, 1, 1, 1, 1, 1, 1, 1, 1, 1, 1, 1, 1, 1, 0, 1, 1, 1, 1, 1, 1, 1, 1, 1, 1, 1, 1, 1, 1, 1, 1, 1, 1, 1, 1, 1, 1, 1, 1, 1, 1, 1, 1, 1], [0, 1, 1, 1, 1, 1, 1, 1, 1, 1, 1, 1, 1, 1, 1, 1, 1, 1, 1, 1, 1, 1, 1, 1, 1, 1, 1, 1, 0, 1, 1, 1, 1, 1, 1, 1, 1, 1, 1, 1, 1, 1, 1, 1, 1, 1, 1, 1, 1, 1, 1, 1, 1, 1, 1, 1, 1], [0, 1, 1, 1, 1, 1, 1, 1, 1, 1, 1, 1, 1, 1, 1, 1, 1, 1, 1, 1, 1, 1, 1, 1, 1, 1, 1, 1, 1, 0, 1, 1, 1, 1, 1, 1, 1, 1, 1, 1, 1, 1, 1, 1, 1, 1, 1, 1, 1, 1, 1, 1, 1, 1, 1, 1, 1], [0, 1, 1, 1, 1, 1, 1, 1, 1, 1, 1, 1, 1, 1, 1, 1, 1, 1, 1, 1, 1, 1, 1, 1, 1, 1, 1, 1, 1, 1, 0, 1, 1, 1, 1, 1, 1, 1, 1, 1, 1, 1, 1, 1, 1, 1, 1, 1, 1, 1, 1, 1, 1, 1, 1, 1, 1], [0, 1, 1, 1, 1, 1, 1, 1, 1, 1, 1, 1, 1, 1, 1, 1, 1, 1, 1, 1, 1, 1, 1, 1, 1, 1, 1, 1, 1, 1, 1, 0, 1, 1, 1, 1, 1, 1, 1, 1, 1, 1, 1, 1, 1, 1, 1, 1, 1, 1, 1, 1, 1, 1, 1, 1, 1], [0, 1, 1, 1, 1, 1, 1, 1, 1, 1, 1, 1, 1, 1, 1, 1, 1, 1, 1, 1, 1, 1, 1, 1, 1, 1, 1, 1, 1, 1, 1, 1, 0, 1, 1, 1, 1, 1, 1, 1, 1, 1, 1, 1, 1, 1, 1, 1, 1, 1, 1, 1, 1, 1, 1, 1, 1], [0, 1, 1, 1, 1, 1, 1, 1, 1, 1, 1, 1, 1, 1, 1, 1, 1, 1, 1, 1, 1, 1, 1, 1, 1, 1, 1, 1, 1, 1, 1, 1, 1, 0, 1, 1, 1, 1, 1, 1, 1, 1, 1, 1, 1, 1, 1, 1, 1, 1, 1, 1, 1, 1, 1, 1, 1], [0, 1, 1, 1, 1, 1, 1, 1, 1, 1, 1, 1, 1, 1, 1, 1, 1, 1, 1, 1, 1, 1, 1, 1, 1, 1, 1, 1, 1, 1, 1, 1, 1, 1, 0, 1, 1, 1, 1, 1, 1, 1, 1, 1, 1, 1, 1, 1, 1, 1, 1, 1, 1, 1, 1, 1, 1], [0, 1, 1, 1, 1, 1, 1, 1, 1, 1, 1, 1, 1, 1, 1, 1, 1, 1, 1, 1, 1, 1, 1, 1, 1, 1, 1, 1, 1, 1, 1, 1, 1, 1, 1, 0, 1, 1, 1, 1, 1, 1, 1, 1, 1, 1, 1, 1, 1, 1, 1, 1, 1, 1, 1, 1, 1], [0, 1, 1, 1, 1, 1, 1, 1, 1, 1, 1, 1, 1, 1, 1, 1, 1, 1, 1, 1, 1, 1, 1, 1, 1, 1, 1, 1, 1, 1, 1, 1, 1, 1, 1, 1, 0, 1, 1, 1, 1, 1, 1, 1, 1, 1, 1, 1, 1, 1, 1, 1, 1, 1, 1, 1, 1], [0, 1, 1, 1, 1, 1, 1, 1, 1, 1, 1, 1, 1, 1, 1, 1, 1, 1, 1, 1, 1, 1, 1, 1, 1, 1, 1, 1, 1, 1, 1, 1, 1, 1, 1, 1, 1, 0, 1, 1, 1, 1, 1, 1, 1, 1, 1, 1, 1, 1, 1, 1, 1, 1, 1, 1, 1], [0, 1, 1, 1, 1, 1, 1, 1, 1, 1, 1, 1, 1, 1, 1, 1, 1, 1, 1, 1, 1, 1, 1, 1, 1, 1, 1, 1, 1, 1, 1, 1, 1, 1, 1, 1, 1, 1, 0, 1, 1, 1, 1, 1, 1, 1, 1, 1, 1, 1, 1, 1, 1, 1, 1, 1, 1], [0, 1, 1, 1, 1, 1, 1, 1, 1, 1, 1, 1, 1, 1, 1, 1, 1, 1, 1, 1, 1, 1, 1, 1, 1, 1, 1, 1, 1, 1, 1, 1, 1, 1, 1, 1, 1, 1, 1, 0, 1, 1, 1, 1, 1, 1, 1, 1, 1, 1, 1, 1, 1, 1, 1, 1, 1], [0, 1, 1, 1, 1, 1, 1, 1, 1, 1, 1, 1, 1, 1, 1, 1, 1, 1, 1, 1, 1, 1, 1, 1, 1, 1, 1, 1, 1, 1, 1, 1, 1, 1, 1, 1, 1, 1, 1, 1, 0, 1, 1, 1, 1, 1, 1, 1, 1, 1, 1, 1, 1, 1, 1, 1, 1], [0, 1, 1, 1, 1, 1, 1, 1, 1, 1, 1, 1, 1, 1, 1, 1, 1, 1, 1, 1, 1, 1, 1, 1, 1, 1, 1, 1, 1, 1, 1, 1, 1, 1, 1, 1, 1, 1, 1, 1, 1, 0, 1, 1, 1, 1, 1, 1, 1, 1, 1, 1, 1, 1, 1, 1, 1], [0, 1, 1, 1, 1, 1, 1, 1, 1, 1, 1, 1, 1, 1, 1, 1, 1, 1, 1, 1, 1, 1, 1, 1, 1, 1, 1, 1, 1, 1, 1, 1, 1, 1, 1, 1, 1, 1, 1, 1, 1, 1, 0, 1, 1, 1, 1, 1, 1, 1, 1, 1, 1, 1, 1, 1, 1], [0, 1, 1, 1, 1, 1, 1, 1, 1, 1, 1, 1, 1, 1, 1, 1, 1, 1, 1, 1, 1, 1, 1, 1, 1, 1, 1, 1, 1, 1, 1, 1, 1, 1, 1, 1, 1, 1, 1, 1, 1, 1, 1, 0, 1, 1, 1, 1, 1, 1, 1, 1, 1, 1, 1, 1, 1], [0, 1, 1, 1, 1, 1, 1, 1, 1, 1, 1, 1, 1, 1, 1, 1, 1, 1, 1, 1, 1, 1, 1, 1, 1, 1, 1, 1, 1, 1, 1, 1, 1, 1, 1, 1, 1, 1, 1, 1, 1, 1, 1, 1, 0, 1, 1, 1, 1, 1, 1, 1, 1, 1, 1, 1, 1], [0, 1, 1, 1, 1, 1, 1, 1, 1, 1, 1, 1, 1, 1, 1, 1, 1, 1, 1, 1, 1, 1, 1, 1, 1, 1, 1, 1, 1, 1, 1, 1, 1, 1, 1, 1, 1, 1, 1, 1, 1, 1, 1, 1, 1, 0, 1, 1, 1, 1, 1, 1, 1, 1, 1, 1, 1], [0, 1, 1, 1, 1, 1, 1, 1, 1, 1, 1, 1, 1, 1, 1, 1, 1, 1, 1, 1, 1, 1, 1, 1, 1, 1, 1, 1, 1, 1, 1, 1, 1, 1, 1, 1, 1, 1, 1, 1, 1, 1, 1, 1, 1, 1, 0, 1, 1, 1, 1, 1, 1, 1, 1, 1, 1], [0, 1, 1, 1, 1, 1, 1, 1, 1, 1, 1, 1, 1, 1, 1, 1, 1, 1, 1, 1, 1, 1, 1, 1, 1, 1, 1, 1, 1, 1, 1, 1, 1, 1, 1, 1, 1, 1, 1, 1, 1, 1, 1, 1, 1, 1, 1, 0, 1, 1, 1, 1, 1, 1, 1, 1, 1], [0, 1, 1, 1, 1, 1, 1, 1, 1, 1, 1, 1, 1, 1, 1, 1, 1, 1, 1, 1, 1, 1, 1, 1, 1, 1, 1, 1, 1, 1, 1, 1, 1, 1, 1, 1, 1, 1, 1, 1, 1, 1, 1, 1, 1, 1, 1, 1, 0, 1, 1, 1, 1, 1, 1, 1, 1], [0, 1, 1, 1, 1, 1, 1, 1, 1, 1, 1, 1, 1, 1, 1, 1, 1, 1, 1, 1, 1, 1, 1, 1, 1, 1, 1, 1, 1, 1, 1, 1, 1, 1, 1, 1, 1, 1, 1, 1, 1, 1, 1, 1, 1, 1, 1, 1, 1, 0, 1, 1, 1, 1, 1, 1, 1], [0, 1, 1, 1, 1, 1, 1, 1, 1, 1, 1, 1, 1, 1, 1, 1, 1, 1, 1, 1, 1, 1, 1, 1, 1, 1, 1, 1, 1, 1, 1, 1, 1, 1, 1, 1, 1, 1, 1, 1, 1, 1, 1, 1, 1, 1, 1, 1, 1, 1, 0, 1, 1, 1, 1, 1, 1], [0, 1, 1, 1, 1, 1, 1, 1, 1, 1, 1, 1, 1, 1, 1, 1, 1, 1, 1, 1, 1, 1, 1, 1, 1, 1, 1, 1, 1, 1, 1, 1, 1, 1, 1, 1, 1, 1, 1, 1, 1, 1, 1, 1, 1, 1, 1, 1, 1, 1, 1, 0, 1, 1, 1, 1, 1], [0, 1, 1, 1, 1, 1, 1, 1, 1, 1, 1, 1, 1, 1, 1, 1, 1, 1, 1, 1, 1, 1, 1, 1, 1, 1, 1, 1, 1, 1, 1, 1, 1, 1, 1, 1, 1, 1, 1, 1, 1, 1, 1, 1, 1, 1, 1, 1, 1, 1, 1, 1, 0, 1, 1, 1, 1], [0, 1, 1, 1, 1, 1, 1, 1, 1, 1, 1, 1, 1, 1, 1, 1, 1, 1, 1, 1, 1, 1, 1, 1, 1, 1, 1, 1, 1, 1, 1, 1, 1, 1, 1, 1, 1, 1, 1, 1, 1, 1, 1, 1, 1, 1, 1, 1, 1, 1, 1, 1, 1, 0, 1, 1, 1], [0, 1, 1, 1, 1, 1, 1, 1, 1, 1, 1, 1, 1, 1, 1, 1, 1, 1, 1, 1, 1, 1, 1, 1, 1, 1, 1, 1, 1, 1, 1, 1, 1, 1, 1, 1, 1, 1, 1, 1, 1, 1, 1, 1, 1, 1, 1, 1, 1, 1, 1, 1, 1, 1, 0, 1, 1], [0, 1, 1, 1, 1, 1, 1, 1, 1, 1, 1, 1, 1, 1, 1, 1, 1, 1, 1, 1, 1, 1, 1, 1, 1, 1, 1, 1, 1, 1, 1, 1, 1, 1, 1, 1, 1, 1, 1, 1, 1, 1, 1, 1, 1, 1, 1, 1, 1, 1, 1, 1, 1, 1, 1, 0, 1], [0, 0, 0, 0, 0, 0, 0, 0, 0, 0, 0, 0, 0, 0, 0, 0, 0, 0, 0, 0, 0, 0, 0, 0, 0, 0, 0, 0, 0, 0, 0, 0, 0, 0, 0, 0, 0, 0, 0, 0, 0, 0, 0, 0, 0, 0, 0, 0, 0, 0, 0, 0, 0, 0, 0, 0, 0]]}, "cluster_count": 3, "cluster_speeds": [[0.8325, 0.765, 0.8325, 0.9, 0.7492500000000001, 0.6885, 0.7492500000000001, 0.81, 0.41625, 0.3825, 0.41625, 0.45, 0.27472500000000005, 0.25245, 0.27472500000000005, 0.29700000000000004, 0.333, 0.30600000000000005, 0.333, 0.36000000000000004, 0.49950000000000006, 0.459, 0.49950000000000006, 0.54, 0.6475, 0.595, 0.6475, 0.7, 0.37, 0.34, 0.37, 0.4, 0.30525, 0.2805, 0.30525, 0.33, 0.4625, 0.425, 0.4625, 0.5, 0.6475, 0.595, 0.6475, 0.7, 0.74, 0.68, 0.74, 0.8, 0.58275, 0.5355, 0.58275, 0.63, 0.41625, 0.3825, 0.41625, 0.45, 0.49950000000000006, 0.459, 0.49950000000000006, 0.54, 0.58275, 0.5355, 0.58275, 0.63, 0.7492500000000001, 0.6885, 0.7492500000000001, 0.81, 0.8325, 0.765, 0.8325, 0.9, 0.9], [0.87875, 0.8075, 0.87875, 0.95, 0.790875, 0.72675, 0.790875, 0.855, 0.439375, 0.40375, 0.439375, 0.475, 0.2899875, 0.266475, 0.2899875, 0.3135, 0.3515, 0.323, 0.3515, 0.38, 0.52725, 0.4845, 0.52725, 0.57, 0.6475, 0.595, 0.6475, 0.7, 0.37, 0.34, 0.37, 0.4, 0.30525, 0.2805, 0.30525, 0.33, 0.4625, 0.425, 0.4625, 0.5, 0.6475, 0.595, 0.6475, 0.7, 0.74, 0.68, 0.74, 0.8, 0.6151249999999999, 0.5652499999999999, 0.6151249999999999, 0.6649999999999999, 0.439375, 0.40375, 0.439375, 0.475, 0.52725, 0.4845, 0.52725, 0.57, 0.6151249999999999, 0.5652499999999999, 0.6151249999999999, 0.6649999999999999, 0.790875, 0.72675, 0.790875, 0.855, 0.87875, 0.8075, 0.87875, 0.95, 0.95], [0.925, 0.85, 0.925, 1.0, 0.8325, 0.765, 0.8325, 0.9, 0.4625, 0.425, 0.4625, 0.5, 0.30525, 0.2805, 0.30525, 0.33, 0.37, 0.34, 0.37, 0.4, 0.555, 0.51, 0.555, 0.6, 0.6475, 0.595, 0.6475, 0.7, 0.37, 0.34, 0.37, 0.4, 0.30525, 0.2805, 0.30525, 0.33, 0.4625, 0.425, 0.4625, 0.5, 0.6475, 0.595, 0.6475, 0.7, 0.74, 0.68, 0.74, 0.8, 0.6475, 0.595, 0.6475, 0.7, 0.4625, 0.425, 0.4625, 0.5, 0.555, 0.51, 0.555, 0.6, 0.6475, 0.595, 0.6475, 0.7, 0.8325, 0.765, 0.8325, 0.9, 0.925, 0.85, 0.925, 1.0, 1.0]], "clusters": [[-1, 2, 2, 2, 2, 2, 2, 2, 2, 2, 2, 2, 2, 2, 2, 2, 2, 2, 2, 2, 2, 2, 2, 2, 2, 2, 2, 2, 2, 2, 2, 2, 2, 2, 2, 2, 2, 2, 2, 2, 2, 2, 2, 2, 2, 2, 2, 2, 2, 2, 2, 2, 2, 2, 2, 2, 2], [0, -1, 0, 0, 0, 0, 0, 0, 0, 0, 0, 0, 0, 0, 0, 0, 0, 0, 0, 0, 0, 0, 0, 0, 0, 0, 0, 0, 0, 0, 0, 0, 0, 0, 0, 0, 0, 0, 0, 0, 0, 0, 0, 0, 0, 0, 0, 0, 0, 0, 0, 0, 0, 0, 0, 0, 0], [1, 1, -1, 1, 1, 1, 1, 1, 1, 1, 1, 1, 1, 1, 1, 1, 1, 1, 1, 1, 1, 1, 1, 1, 1, 1, 1, 1, 1, 1, 1, 1, 1, 1, 1, 1, 1, 1, 1, 1, 1, 1, 1, 1, 1, 1, 1, 1, 1, 1, 1, 1, 1, 1, 1, 1, 1], [0, 0, 0, -1, 0, 0, 0, 0, 0, 0, 0, 0, 0, 0, 0, 0, 0, 0, 0, 0, 0, 0, 0, 0, 0, 0, 0, 0, 0, 0, 0, 0, 0, 0, 0, 0, 0, 0, 0, 0, 0, 0, 0, 0, 0, 0, 0, 0, 0, 0, 0, 0, 0, 0, 0, 0, 0], [0, 0, 0, 0, -1, 0, 0, 0, 0, 0, 0, 0, 0, 0, 0, 0, 0, 0, 0, 0, 0, 0, 0, 0, 0, 0, 0, 0, 0, 0, 0, 0, 0, 0, 0, 0, 0, 0, 0, 0, 0, 0, 0, 0, 0, 0, 0, 0, 0, 0, 0, 0, 0, 0, 0, 0, 0], [1, 1, 1, 1, 1, -1, 1, 1, 1, 1, 1, 1, 1, 1, 1, 1, 1, 1, 1, 1, 1, 1, 1, 1, 1, 1, 1, 1, 1, 1, 1, 1, 1, 1, 1, 1, 1, 1, 1, 1, 1, 1, 1, 1, 1, 1, 1, 1, 1, 1, 1, 1, 1, 1, 1, 1, 1], [0, 0, 0, 0, 0, 0, -1, 0, 0, 0, 0, 0, 0, 0, 0, 0, 0, 0, 0, 0, 0, 0, 0, 0, 0, 0, 0, 0, 0, 0, 0, 0, 0, 0, 0, 0, 0, 0, 0, 0, 0, 0, 0, 0, 0, 0, 0, 0, 0, 0, 0, 0, 0, 0, 0, 0, 0], [0, 0, 0, 0, 0, 0, 0, -1, 0, 0, 0, 0, 0, 0, 0, 0, 0, 0, 0, 0, 0, 0, 0, 0, 0, 0, 0, 0, 0, 0, 0, 0, 0, 0, 0, 0, 0, 0, 0, 0, 0, 0, 0, 0, 0, 0, 0, 0, 0, 0, 0, 0, 0, 0, 0, 0, 0], [0, 0, 0, 0, 0, 0, 0, 0, -1, 0, 0, 0, 0, 0, 0, 0, 0, 0, 0, 0, 0, 0, 0, 0, 0, 0, 0, 0, 0, 0, 0, 0, 0, 0, 0, 0, 0, 0, 0, 0, 0, 0, 0, 0, 0, 0, 0, 0, 0, 0, 0, 0, 0, 0, 0, 0, 0], [1, 1, 1, 1, 1, 1, 1, 1, 1, -1, 1, 1, 1, 1, 1, 1, 1, 1, 1, 1, 1, 1, 1, 1, 1, 1, 1, 1, 1, 1, 1, 1, 1, 1, 1, 1, 1, 1, 1, 1, 1, 1, 1, 1, 1, 1, 1, 1, 1, 1, 1, 1, 1, 1, 1, 1, 1], [0, 0, 0, 0, 0, 0, 0, 0, 0, 0, -1, 0, 0, 0, 0, 0, 0, 0, 0, 0, 0, 0, 0, 0, 0, 0, 0, 0, 0, 0, 0, 0, 0, 0, 0, 0, 0, 0, 0, 0, 0, 0, 0, 0, 0, 0, 0, 0, 0, 0, 0, 0, 0, 0, 0, 0, 0], [0, 0, 0, 0, 0, 0, 0, 0, 0, 0, 0, -1, 0, 0, 0, 0, 0, 0, 0, 0, 0, 0, 0, 0, 0, 0, 0, 0, 0, 0, 0, 0, 0, 0, 0, 0, 0, 0, 0, 0, 0, 0, 0, 0, 0, 0, 0, 0, 0, 0, 0, 0, 0, 0, 0, 0, 0], [1, 1, 1, 1, 1, 1, 1, 1, 1, 1, 1, 1, -1, 1, 1, 1, 1, 1, 1, 1, 1, 1, 1, 1, 1, 1, 1, 1, 1, 1, 1, 1, 1, 1, 1, 1, 1, 1, 1, 1, 1, 1, 1, 1, 1, 1, 1, 1, 1, 1, 1, 1, 1, 1, 1, 1, 1], [0, 0, 0, 0, 0, 0, 0, 0, 0, 0, 0, 0, 0, -1, 0, 0, 0, 0, 0, 0, 0, 0, 0, 0, 0, 0, 0, 0, 0, 0, 0, 0, 0, 0, 0, 0, 0, 0, 0, 0, 0, 0, 0, 0, 0, 0, 0, 0, 0, 0, 0, 0, 0, 0, 0, 0, 0], [0, 0, 0, 0, 0, 0, 0, 0, 0, 0, 0, 0, 0, 0, -1, 0, 0, 0, 0, 0, 0, 0, 0, 0, 0, 0, 0, 0, 0, 0, 0, 0, 0, 0, 0, 0, 0, 0, 0, 0, 0, 0, 0, 0, 0, 0, 0, 0, 0, 0, 0, 0, 0, 0, 0, 0, 0], [0, 0, 0, 0, 0, 0, 0, 0, 0, 0, 0, 0, 0, 0, 0, -1, 0, 0, 0, 0, 0, 0, 0, 0, 0, 0, 0, 0, 0, 0, 0, 0, 0, 0, 0, 0, 0, 0, 0, 0, 0, 0, 0, 0, 0, 0, 0, 0, 0, 0, 0, 0, 0, 0, 0, 0, 0], [0, 0, 0, 0, 0, 0, 0, 0, 0, 0, 0, 0, 0, 0, 0, 0, -1, 0, 0, 0, 0, 0, 0, 0, 0, 0, 0, 0, 0, 0, 0, 0, 0, 0, 0, 0, 0, 0, 0, 0, 0, 0, 0, 0, 0, 0, 0, 0, 0, 0, 0, 0, 0, 0, 0, 0, 0], [0, 0, 0, 0, 0, 0, 0, 0, 0, 0, 0, 0, 0, 0, 0, 0, 0, -1, 0, 0, 0, 0, 0, 0, 0, 0, 0, 0, 0, 0, 0, 0, 0, 0, 0, 0, 0, 0, 0, 0, 0, 0, 0, 0, 0, 0, 0, 0, 0, 0, 0, 0, 0, 0, 0, 0, 0], [0, 0, 0, 0, 0, 0, 0, 0, 0, 0, 0, 0, 0, 0, 0, 0, 0, 0, -1, 0, 0, 0, 0, 0, 0, 0, 0, 0, 0, 0, 0, 0, 0, 0, 0, 0, 0, 0, 0, 0, 0, 0, 0, 0, 0, 0, 0, 0, 0, 0, 0, 0, 0, 0, 0, 0, 0], [1, 1, 1, 1, 1, 1, 1, 1, 1, 1, 1, 1, 1, 1, 1, 1, 1, 1, 1, -1, 1, 1, 1, 1, 1, 1, 1, 1, 1, 1, 1, 1, 1, 1, 1, 1, 1, 1, 1, 1, 1, 1, 1, 1, 1, 1, 1, 1, 1, 1, 1, 1, 1, 1, 1, 1, 1], [0, 0, 0, 0, 0, 0, 0, 0, 0, 0, 0, 0, 0, 0, 0, 0, 0, 0, 0, 0, -1, 0, 0, 0, 0, 0, 0, 0, 0, 0, 0, 0, 0, 0, 0, 0, 0, 0, 0, 0, 0, 0, 0, 0, 0, 0, 0, 0, 0, 0, 0, 0, 0, 0, 0, 0, 0], [0, 0, 0, 0, 0, 0, 0, 0, 0, 0, 0, 0, 0, 0, 0, 0, 0, 0, 0, 0, 0, -1, 0, 0, 0, 0, 0, 0, 0, 0, 0, 0, 0, 0, 0, 0, 0, 0, 0, 0, 0, 0, 0, 0, 0, 0, 0, 0, 0, 0, 0, 0, 0, 0, 0, 0, 0], [2, 2, 2, 2, 2, 2, 2, 2, 2, 2, 2, 2, 2, 2, 2, 2, 2, 2, 2, 2, 2, 2, -1, 2, 2, 2, 2, 2, 2, 2, 2, 2, 2, 2, 2, 2, 2, 2, 2, 2, 2, 2, 2, 2, 2, 2, 2, 2, 2, 2, 2, 2, 2, 2, 2, 2, 2], [0, 0, 0, 0, 0, 0, 0, 0, 0, 0, 0, 0, 0, 0, 0, 0, 0, 0, 0, 0, 0, 0, 0, -1, 0, 0, 0, 0, 0, 0, 0, 0, 0, 0, 0, 0, 0, 0, 0, 0, 0, 0, 0, 0, 0, 0, 0, 0, 0, 0, 0, 0, 0, 0, 0, 0, 0], [0, 0, 0, 0, 0, 0, 0, 0, 0, 0, 0, 0, 0, 0, 0, 0, 0, 0, 0, 0, 0, 0, 0, 0, -1, 0, 0, 0, 0, 0, 0, 0, 0, 0, 0, 0, 0, 0, 0, 0, 0, 0, 0, 0, 0, 0, 0, 0, 0, 0, 0, 0, 0, 0, 0, 0, 0], [0, 0, 0, 0, 0, 0, 0, 0, 0, 0, 0, 0, 0, 0, 0, 0, 0, 0, 0, 0, 0, 0, 0, 0, 0, -1, 0, 0, 0, 0, 0, 0, 0, 0, 0, 0, 0, 0, 0, 0, 0, 0, 0, 0, 0, 0, 0, 0, 0, 0, 0, 0, 0, 0, 0, 0, 0], [0, 0, 0, 0, 0, 0, 0, 0, 0, 0, 0, 0, 0, 0, 0, 0, 0, 0, 0, 0, 0, 0, 0, 0, 0, 0, -1, 0, 0, 0, 0, 0, 0, 0, 0, 0, 0, 0, 0, 0, 0, 0, 0, 0, 0, 0, 0, 0, 0, 0, 0, 0, 0, 0, 0, 0, 0], [1, 1, 1, 1, 1, 1, 1, 1, 1, 1, 1, 1, 1, 1, 1, 1, 1, 1, 1, 1, 1, 1, 1, 1, 1, 1, 1, -1, 1, 1, 1, 1, 1, 1, 1, 1, 1, 1, 1, 1, 1, 1, 1, 1, 1, 1, 1, 1, 1, 1, 1, 1, 1, 1, 1, 1, 1], [0, 0, 0, 0, 0, 0, 0, 0, 0, 0, 0, 0, 0, 0, 0, 0, 0, 0, 0, 0, 0, 0, 0, 0, 0, 0, 0, 0, -1, 0, 0, 0, 0, 0, 0, 0, 0, 0, 0, 0, 0, 0, 0, 0, 0, 0, 0, 0, 0, 0, 0, 0, 0, 0, 0, 0, 0], [1, 1, 1, 1, 1, 1, 1, 1, 1, 1, 1, 1, 1, 1, 1, 1, 1, 1, 1, 1, 1, 1, 1, 1, 1, 1, 1, 1, 1, -1, 1, 1, 1, 1, 1, 1, 1, 1, 1, 1, 1, 1, 1, 1, 1, 1, 1, 1, 1, 1, 1, 1, 1, 1, 1, 1, 1], [0, 0, 0, 0, 0, 0, 0, 0, 0, 0, 0, 0, 0, 0, 0, 0, 0, 0, 0, 0, 0, 0, 0, 0, 0, 0, 0, 0, 0, 0, -1, 0, 0, 0, 0, 0, 0, 0, 0, 0, 0, 0, 0, 0, 0, 0, 0, 0, 0, 0, 0, 0, 0, 0, 0, 0, 0], [0, 0, 0, 0, 0, 0, 0, 0, 0, 0, 0, 0, 0, 0, 0, 0, 0, 0, 0, 0, 0, 0, 0, 0, 0, 0, 0, 0, 0, 0, 0, -1, 0, 0, 0, 0, 0, 0, 0, 0, 0, 0, 0, 0, 0, 0, 0, 0, 0, 0, 0, 0, 0, 0, 0, 0, 0], [0, 0, 0, 0, 0, 0, 0, 0, 0, 0, 0, 0, 0, 0, 0, 0, 0, 0, 0, 0, 0, 0, 0, 0, 0, 0, 0, 0, 0, 0, 0, 0, -1, 0, 0, 0, 0, 0, 0, 0, 0, 0, 0, 0, 0, 0, 0, 0, 0, 0, 0, 0, 0, 0, 0, 0, 0], [0, 0, 0, 0, 0, 0, 0, 0, 0, 0, 0, 0, 0, 0, 0, 0, 0, 0, 0, 0, 0, 0, 0, 0, 0, 0, 0, 0, 0, 0, 0, 0, 0, -1, 0, 0, 0, 0, 0, 0, 0, 0, 0, 0, 0, 0, 0, 0, 0, 0, 0, 0, 0, 0, 0, 0, 0], [0, 0, 0, 0, 0, 0, 0, 0, 0, 0, 0, 0, 0, 0, 0, 0, 0, 0, 0, 0, 0, 0, 0, 0, 0, 0, 0, 0, 0, 0, 0, 0, 0, 0, -1, 0, 0, 0, 0, 0, 0, 0, 0, 0, 0, 0, 0, 0, 0, 0, 0, 0, 0, 0, 0, 0, 0], [0, 0, 0, 0, 0, 0, 0, 0, 0, 0, 0, 0, 0, 0, 0, 0, 0, 0, 0, 0, 0, 0, 0, 0, 0, 0, 0, 0, 0, 0, 0, 0, 0, 0, 0, -1, 0, 0, 0, 0, 0, 0, 0, 0, 0, 0, 0, 0, 0, 0, 0, 0, 0, 0, 0, 0, 0], [0, 0, 0, 0, 0, 0, 0, 0, 0, 0, 0, 0, 0, 0, 0, 0, 0, 0, 0, 0, 0, 0, 0, 0, 0, 0, 0, 0, 0, 0, 0, 0, 0, 0, 0, 0, -1, 0, 0, 0, 0, 0, 0, 0, 0, 0, 0, 0, 0, 0, 0, 0, 0, 0, 0, 0, 0], [0, 0, 0, 0, 0, 0, 0, 0, 0, 0, 0, 0, 0, 0, 0, 0, 0, 0, 0, 0, 0, 0, 0, 0, 0, 0, 0, 0, 0, 0, 0, 0, 0, 0, 0, 0, 0, -1, 0, 0, 0, 0, 0, 0, 0, 0, 0, 0, 0, 0, 0, 0, 0, 0, 0, 0, 0], [0, 0, 0, 0, 0, 0, 0, 0, 0, 0, 0, 0, 0, 0, 0, 0, 0, 0, 0, 0, 0, 0, 0, 0, 0, 0, 0, 0, 0, 0, 0, 0, 0, 0, 0, 0, 0, 0, -1, 0, 0, 0, 0, 0, 0, 0, 0, 0, 0, 0, 0, 0, 0, 0, 0, 0, 0], [1, 1, 1, 1, 1, 1, 1, 1, 1, 1, 1, 1, 1, 1, 1, 1, 1, 1, 1, 1, 1, 1, 1, 1, 1, 1, 1, 1, 1, 1, 1, 1, 1, 1, 1, 1, 1, 1, 1, -1, 1, 1, 1, 1, 1, 1, 1, 1, 1, 1, 1, 1, 1, 1, 1, 1, 1], [0, 0, 0, 0, 0, 0, 0, 0, 0, 0, 0, 0, 0, 0, 0, 0, 0, 0, 0, 0, 0, 0, 0, 0, 0, 0, 0, 0, 0, 0, 0, 0, 0, 0, 0, 0, 0, 0, 0, 0, -1, 0, 0, 0, 0, 0, 0, 0, 0, 0, 0, 0, 0, 0, 0, 0, 0], [0, 0, 0, 0, 0, 0, 0, 0, 0, 0, 0, 0, 0, 0, 0, 0, 0, 0, 0, 0, 0, 0, 0, 0, 0, 0, 0, 0, 0, 0, 0, 0, 0, 0, 0, 0, 0, 0, 0, 0, 0, -1, 0, 0, 0, 0, 0, 0, 0, 0, 0, 0, 0, 0, 0, 0, 0], [0, 0, 0, 0, 0, 0, 0, 0, 0, 0, 0, 0, 0, 0, 0, 0, 0, 0, 0, 0, 0, 0, 0, 0, 0, 0, 0, 0, 0, 0, 0, 0, 0, 0, 0, 0, 0, 0, 0, 0, 0, 0, -1, 0, 0, 0, 0, 0, 0, 0, 0, 0, 0, 0, 0, 0, 0], [0, 0, 0, 0, 0, 0, 0, 0, 0, 0, 0, 0, 0, 0, 0, 0, 0, 0, 0, 0, 0, 0, 0, 0, 0, 0, 0, 0, 0, 0, 0, 0, 0, 0, 0, 0, 0, 0, 0, 0, 0, 0, 0, -1, 0, 0, 0, 0, 0, 0, 0, 0, 0, 0, 0, 0, 0], [0, 0, 0, 0, 0, 0, 0, 0, 0, 0, 0, 0, 0, 0, 0, 0, 0, 0, 0, 0, 0, 0, 0, 0, 0, 0, 0, 0, 0, 0, 0, 0, 0, 0, 0, 0, 0, 0, 0, 0, 0, 0, 0, 0, -1, 0, 0, 0, 0, 0, 0, 0, 0, 0, 0, 0, 0], [0, 0, 0, 0, 0, 0, 0, 0, 0, 0, 0, 0, 0, 0, 0, 0, 0, 0, 0, 0, 0, 0, 0, 0, 0, 0, 0, 0, 0, 0, 0, 0, 0, 0, 0, 0, 0, 0, 0, 0, 0, 0, 0, 0, 0, -1, 0, 0, 0, 0, 0, 0, 0, 0, 0, 0, 0], [0, 0, 0, 0, 0, 0, 0, 0, 0, 0, 0, 0, 0, 0, 0, 0, 0, 0, 0, 0, 0, 0, 0, 0, 0, 0, 0, 0, 0, 0, 0, 0, 0, 0, 0, 0, 0, 0, 0, 0, 0, 0, 0, 0, 0, 0, -1, 0, 0, 0, 0, 0, 0, 0, 0, 0, 0], [0, 0, 0, 0, 0, 0, 0, 0, 0, 0, 0, 0, 0, 0, 0, 0, 0, 0, 0, 0, 0, 0, 0, 0, 0, 0, 0, 0, 0, 0, 0, 0, 0, 0, 0, 0, 0, 0, 0, 0, 0, 0, 0, 0, 0, 0, 0, -1, 0, 0, 0, 0, 0, 0, 0, 0, 0], [0, 0, 0, 0, 0, 0, 0, 0, 0, 0, 0, 0, 0, 0, 0, 0, 0, 0, 0, 0, 0, 0, 0, 0, 0, 0, 0, 0, 0, 0, 0, 0, 0, 0, 0, 0, 0, 0, 0, 0, 0, 0, 0, 0, 0, 0, 0, 0, -1, 0, 0, 0, 0, 0, 0, 0, 0], [0, 0, 0, 0, 0, 0, 0, 0, 0, 0, 0, 0, 0, 0, 0, 0, 0, 0, 0, 0, 0, 0, 0, 0, 0, 0, 0, 0, 0, 0, 0, 0, 0, 0, 0, 0, 0, 0, 0, 0, 0, 0, 0, 0, 0, 0, 0, 0, 0, -1, 0, 0, 0, 0, 0, 0, 0], [0, 0, 0, 0, 0, 0, 0, 0, 0, 0, 0, 0, 0, 0, 0, 0, 0, 0, 0, 0, 0, 0, 0, 0, 0, 0, 0, 0, 0, 0, 0, 0, 0, 0, 0, 0, 0, 0, 0, 0, 0, 0, 0, 0, 0, 0, 0, 0, 0, 0, -1, 0, 0, 0, 0, 0, 0], [0, 0, 0, 0, 0, 0, 0, 0, 0, 0, 0, 0, 0, 0, 0, 0, 0, 0, 0, 0, 0, 0, 0, 0, 0, 0, 0, 0, 0, 0, 0, 0, 0, 0, 0, 0, 0, 0, 0, 0, 0, 0, 0, 0, 0, 0, 0, 0, 0, 0, 0, -1, 0, 0, 0, 0, 0], [0, 0, 0, 0, 0, 0, 0, 0, 0, 0, 0, 0, 0, 0, 0, 0, 0, 0, 0, 0, 0, 0, 0, 0, 0, 0, 0, 0, 0, 0, 0, 0, 0, 0, 0, 0, 0, 0, 0, 0, 0, 0, 0, 0, 0, 0, 0, 0, 0, 0, 0, 0, -1, 0, 0, 0, 0], [0, 0, 0, 0, 0, 0, 0, 0, 0, 0, 0, 0, 0, 0, 0, 0, 0, 0, 0, 0, 0, 0, 0, 0, 0, 0, 0, 0, 0, 0, 0, 0, 0, 0, 0, 0, 0, 0, 0, 0, 0, 0, 0, 0, 0, 0, 0, 0, 0, 0, 0, 0, 0, -1, 0, 0, 0], [0, 0, 0, 0, 0, 0, 0, 0, 0, 0, 0, 0, 0, 0, 0, 0, 0, 0, 0, 0, 0, 0, 0, 0, 0, 0, 0, 0, 0, 0, 0, 0, 0, 0, 0, 0, 0, 0, 0, 0, 0, 0, 0, 0, 0, 0, 0, 0, 0, 0, 0, 0, 0, 0, -1, 0, 0], [0, 0, 0, 0, 0, 0, 0, 0, 0, 0, 0, 0, 0, 0, 0, 0, 0, 0, 0, 0, 0, 0, 0, 0, 0, 0, 0, 0, 0, 0, 0, 0, 0, 0, 0, 0, 0, 0, 0, 0, 0, 0, 0, 0, 0, 0, 0, 0, 0, 0, 0, 0, 0, 0, 0, -1, 0], [2, 2, 2, 2, 2, 2, 2, 2, 2, 2, 2, 2, 2, 2, 2, 2, 2, 2, 2, 2, 2, 2, 2, 2, 2, 2, 2, 2, 2, 2, 2, 2, 2, 2, 2, 2, 2, 2, 2, 2, 2, 2, 2, 2, 2, 2, 2, 2, 2, 2, 2, 2, 2, 2, 2, 2, -1]], "speed_zone_count": 73, "speed_zones": [[0.0, 15.0], [15.0, 30.0], [30.0, 45.0], [45.0, 60.0], [60.0, 75.0], [75.0, 90.0], [90.0, 105.0], [105.0, 120.0], [120.0, 135.0], [135.0, 150.0], [150.0, 165.0], [165.0, 180.0], [180.0, 195.0], [195.0, 210.0], [210.0, 225.0], [225.0, 240.0], [240.0, 255.0], [255.0, 270.0], [270.0, 285.0], [285.0, 300.0], [300.0, 315.0], [315.0, 330.0], [330.0, 345.0], [345.0, 360.0], [360.0, 375.0], [375.0, 390.0], [390.0, 405.0], [405.0, 420.0], [420.0, 435.0], [435.0, 450.0], [450.0, 465.0], [465.0, 480.0], [480.0, 495.0], [495.0, 510.0], [510.0, 525.0], [525.0, 540.0], [540.0, 555.0], [555.0, 570.0], [570.0, 585.0], [585.0, 600.0], [600.0, 615.0], [615.0, 630.0], [630.0, 645.0], [645.0, 660.0], [660.0, 675.0], [675.0, 690.0], [690.0, 705.0], [705.0, 720.0], [720.0, 735.0], [735.0, 750.0], [750.0, 765.0], [765.0, 780.0], [780.0, 795.0], [795.0, 810.0], [810.0, 825.0], [825.0, 840.0], [840.0, 855.0], [855.0, 870.0], [870.0, 885.0], [885.0, 900.0], [900.0, 915.0], [915.0, 930.0], [930.0, 945.0], [945.0, 960.0], [960.0, 975.0], [975.0, 990.0], [990.0, 1005.0], [1005.0, 1020.0], [1020.0, 1035.0], [1035.0, 1050.0], [1050.0, 1065.0], [1065.0, 1080.0], [1080.0, 5000.0]], "distances": [[0.0, 76.3, 85.78, 69.45, 65.03, 66.64, 70.27, 70.96, 69.33, 66.81, 72.26, 70.65, 86.82, 71.28, 71.93, 68.07, 79.03, 70.38, 69.26, 78.02, 73.72, 59.45, 55.15, 70.21, 81.2, 75.43, 63.01, 53.28, 72.4, 78.57, 69.81, 65.93, 69.39, 71.04, 69.31, 72.01, 72.64, 71.74, 64.57, 91.57, 60.7, 75.23, 73.17, 84.17, 77.24, 69.06, 69.23, 72.1, 77.94, 67.06, 72.52, 66.47, 76.03, 75.9, 69.26, 63.17, 0.0], [0.0, 0.0, 15.81, 14.98, 12.49, 22.43, 11.64, 7.37, 7.96, 17.91, 10.73, 8.83, 18.67, 8.14, 4.49, 8.36, 9.36, 8.77, 8.67, 17.05, 8.88, 16.86, 29.36, 8.72, 11.0, 10.12, 13.5, 24.14, 5.84, 18.59, 6.5, 10.54, 7.02, 6.72, 10.1, 8.19, 7.19, 8.83, 11.94, 16.91, 17.46, 10.18, 5.75, 9.79, 4.39, 9.63, 9.91, 5.27, 8.83, 9.42, 7.01, 9.84, 10.72, 9.35, 9.37, 13.36, 76.3], [0.0, 15.81, 0.0, 30.79, 27.06, 38.23, 15.6, 22.98, 18.3, 33.68, 18.44, 15.93, 13.09, 23.89, 19.25, 20.54, 14.79, 16.29, 17.84, 9.35, 15.15, 28.77, 44.41, 16.52, 5.28, 15.42, 24.48, 37.27, 21.57, 9.88, 19.81, 22.14, 21.17, 22.22, 17.03, 14.62, 23.0, 24.64, 23.15, 8.45, 31.8, 15.7, 14.57, 7.29, 11.83, 25.11, 17.21, 20.79, 15.04, 21.18, 22.82, 22.47, 13.03, 16.44, 17.42, 26.67, 85.78], [0.0, 14.98, 30.79, 0.0, 8.43, 7.46, 22.22, 8.15, 16.33, 12.24, 13.07, 19.29, 33.63, 7.02, 12.21, 14.04, 16.39, 18.95, 17.48, 30.72, 16.59, 15.16, 16.47, 18.71, 25.89, 15.48, 15.75, 16.71, 9.32, 32.27, 13.08, 14.57, 11.51, 9.02, 19.61, 19.72, 7.79, 6.15, 15.19, 30.83, 9.81, 15.21, 18.0, 24.45, 19.13, 6.64, 19.27, 10.27, 15.88, 14.44, 7.97, 13.08, 18.12, 14.35, 18.55, 11.6, 69.45], [0.0, 12.49, 27.06, 8.43, 0.0, 13.79, 15.26, 5.95, 9.67, 9.18, 8.82, 12.74, 29.54, 6.29, 8.12, 7.12, 14.94, 12.35, 10.66, 24.74, 11.91, 7.1, 17.35, 12.09, 21.8, 12.19, 7.37, 11.95, 7.47, 26.22, 7.27, 6.77, 5.9, 6.16, 12.6, 13.59, 7.62, 6.93, 7.04, 29.38, 4.97, 11.92, 12.67, 22.09, 15.39, 10.77, 12.26, 7.43, 13.99, 7.05, 7.49, 5.51, 14.12, 11.93, 11.62, 9.71, 65.03], [0.0, 22.43, 38.23, 7.46, 13.79, 0.0, 28.82, 15.43, 22.99, 4.78, 20.3, 26.05, 41.06, 14.39, 19.44, 20.52, 23.82, 25.68, 24.08, 37.79, 23.83, 18.93, 11.64, 25.43, 33.3, 22.88, 20.92, 16.79, 16.71, 39.32, 19.94, 20.54, 18.35, 16.26, 26.15, 26.64, 15.24, 13.59, 20.8, 38.15, 12.31, 22.61, 25.13, 31.89, 26.53, 13.58, 25.81, 17.6, 23.33, 20.69, 15.41, 19.18, 25.48, 21.8, 25.12, 16.48, 66.64], [0.0, 11.64, 15.6, 22.22, 15.26, 28.82, 0.0, 14.47, 5.89, 24.05, 10.09, 12.44, 17.08, 15.78, 10.77, 8.29, 13.59, 12.4, 4.75, 9.95, 7.64, 14.18, 31.69, 12.36, 10.96, 10.25, 9.92, 22.83, 14.01, 11.28, 9.19, 8.65, 10.73, 13.62, 10.51, 11.85, 15.8, 16.94, 9.03, 21.66, 18.95, 10.3, 5.89, 14.72, 9.14, 15.58, 10.4, 12.84, 12.68, 8.21, 15.52, 9.76, 8.54, 11.82, 10.06, 13.46, 70.27], [0.0, 7.37, 22.98, 8.15, 5.95, 15.43, 14.47, 0.0, 8.69, 10.75, 4.92, 11.43, 25.73, 11.03, 11.4, 6.85, 9.44, 11.12, 9.85, 22.58, 8.44, 12.23, 22.05, 10.91, 17.93, 7.56, 10.54, 17.89, 10.51, 24.13, 5.33, 8.23, 11.86, 9.84, 11.98, 11.7, 10.74, 12.09, 9.36, 24.14, 10.7, 7.28, 9.87, 17.16, 11.17, 11.69, 11.65, 11.4, 8.63, 7.62, 10.47, 6.76, 10.08, 6.74, 10.92, 8.1, 70.96], [0.0, 7.96, 18.3, 16.33, 9.67, 22.99, 5.89, 8.69, 0.0, 18.21, 4.9, 9.27, 20.47, 10.0, 5.37, 9.4, 10.55, 9.22, 9.36, 15.07, 4.47, 10.57, 26.7, 9.19, 13.06, 6.71, 6.43, 18.97, 8.44, 16.55, 9.17, 9.38, 4.84, 7.87, 10.57, 8.68, 10.18, 11.18, 4.95, 22.41, 13.88, 6.6, 9.88, 14.92, 7.92, 9.69, 10.4, 7.29, 9.46, 10.47, 9.89, 4.35, 6.7, 7.85, 9.92, 8.49, 69.33], [0.0, 17.91, 33.68, 12.24, 9.18, 4.78, 24.05, 10.75, 18.21, 0.0, 15.57, 21.27, 36.46, 9.79, 14.72, 15.76, 19.51, 20.9, 19.32, 33.01, 19.1, 14.98, 13.2, 20.65, 28.67, 18.28, 16.47, 14.76, 12.11, 34.54, 15.16, 15.87, 13.57, 11.56, 21.39, 21.86, 10.77, 9.12, 16.22, 34.06, 8.73, 18.0, 20.37, 27.53, 21.91, 8.83, 21.05, 12.94, 18.93, 15.96, 10.91, 14.47, 20.82, 17.28, 20.35, 12.06, 66.81], [0.0, 10.73, 18.44, 13.07, 8.82, 20.3, 10.09, 4.92, 4.9, 15.57, 0.0, 7.0, 21.07, 6.11, 9.04, 4.5, 6.77, 6.76, 5.93, 17.68, 9.37, 12.81, 26.05, 6.6, 13.26, 9.35, 9.58, 20.19, 11.52, 19.23, 10.24, 6.64, 9.75, 10.63, 7.87, 7.0, 5.83, 7.17, 8.05, 20.64, 13.74, 9.41, 4.98, 13.29, 6.64, 6.78, 7.58, 10.48, 5.68, 5.57, 5.55, 5.81, 5.41, 9.67, 6.9, 9.36, 72.26], [0.0, 8.83, 15.93, 19.29, 12.74, 26.05, 12.44, 11.43, 9.27, 21.27, 7.0, 0.0, 17.88, 12.73, 7.68, 5.63, 11.03, 9.56, 9.7, 12.01, 4.8, 12.88, 29.65, 9.53, 10.83, 7.45, 8.57, 21.48, 10.92, 13.47, 6.21, 6.54, 7.78, 10.57, 10.9, 9.02, 12.72, 13.89, 7.32, 20.92, 16.83, 7.46, 11.6, 13.6, 7.12, 12.65, 10.73, 9.76, 10.04, 5.82, 12.43, 7.34, 6.23, 8.94, 10.22, 11.37, 70.65], [0.0, 18.67, 13.09, 33.63, 29.54, 41.06, 17.08, 25.73, 20.47, 36.46, 21.07, 17.88, 0.0, 26.69, 21.9, 22.82, 17.78, 18.26, 19.89, 9.15, 17.68, 30.76, 46.89, 18.5, 7.81, 18.19, 26.43, 39.35, 24.36, 9.19, 22.27, 24.28, 23.69, 24.94, 18.84, 16.63, 25.85, 27.48, 25.19, 10.31, 34.19, 18.46, 16.91, 10.34, 14.55, 27.81, 19.05, 23.54, 17.98, 23.38, 25.66, 24.74, 15.69, 19.29, 19.35, 28.94, 86.82], [0.0, 8.14, 23.89, 7.02, 6.29, 14.39, 15.78, 11.03, 10.0, 9.79, 6.11, 12.73, 26.69, 0.0, 5.27, 8.13, 9.96, 12.43, 11.16, 23.79, 9.6, 12.96, 21.55, 12.22, 18.91, 8.5, 11.6, 18.08, 9.45, 25.34, 6.64, 9.41, 5.26, 11.15, 13.29, 12.97, 10.33, 11.63, 10.49, 24.67, 10.75, 8.23, 11.09, 17.85, 12.15, 10.13, 12.96, 12.16, 9.25, 8.86, 10.05, 7.92, 11.11, 7.51, 12.23, 8.8, 71.28], [0.0, 4.49, 19.25, 12.21, 8.12, 19.44, 10.77, 11.4, 5.37, 14.72, 9.04, 7.68, 21.9, 5.27, 0.0, 4.54, 7.14, 7.42, 6.46, 18.53, 4.39, 12.49, 25.28, 7.25, 14.09, 10.18, 9.49, 19.65, 10.33, 20.08, 9.09, 6.6, 10.19, 10.67, 8.47, 7.77, 5.06, 6.35, 7.99, 21.27, 13.07, 10.24, 5.82, 13.97, 7.43, 5.93, 8.17, 9.76, 6.09, 5.59, 4.78, 5.6, 6.23, 8.58, 7.47, 8.88, 71.93], [0.0, 8.36, 20.54, 14.04, 7.12, 20.52, 8.29, 6.85, 9.4, 15.76, 4.5, 5.63, 22.82, 8.13, 4.54, 0.0, 11.1, 5.24, 10.43, 17.62, 5.84, 8.78, 24.2, 4.98, 15.26, 7.38, 5.14, 16.85, 7.02, 19.1, 10.19, 9.78, 11.21, 6.13, 5.63, 6.49, 8.59, 9.31, 10.47, 24.08, 11.4, 7.19, 5.98, 16.58, 9.53, 7.45, 5.28, 5.98, 9.98, 9.18, 8.3, 10.14, 8.23, 8.06, 4.59, 6.13, 68.07], [0.0, 9.36, 14.79, 16.39, 14.94, 23.82, 13.59, 9.44, 10.55, 19.51, 6.77, 11.03, 17.78, 9.96, 7.14, 11.1, 0.0, 11.03, 11.16, 17.56, 6.31, 19.58, 31.47, 11.02, 10.53, 12.18, 16.24, 26.72, 7.83, 19.05, 9.23, 13.27, 9.69, 8.93, 12.38, 10.17, 8.79, 10.42, 14.68, 14.71, 19.89, 12.24, 7.82, 8.07, 4.97, 11.74, 12.23, 7.54, 9.4, 12.16, 8.69, 12.57, 5.09, 9.35, 11.76, 16.02, 79.03], [0.0, 8.77, 16.29, 18.95, 12.35, 25.68, 12.4, 11.12, 9.22, 20.9, 6.76, 9.56, 18.26, 12.43, 7.42, 5.24, 11.03, 0.0, 9.65, 12.41, 4.76, 12.51, 29.25, 9.48, 11.17, 7.39, 8.19, 21.1, 10.66, 13.87, 5.87, 6.14, 7.43, 10.27, 10.85, 8.97, 12.45, 13.59, 6.94, 21.19, 16.43, 7.38, 11.21, 13.84, 7.27, 12.31, 10.52, 9.49, 10.02, 5.42, 12.16, 6.94, 6.32, 8.85, 9.83, 10.97, 70.38], [0.0, 8.67, 17.84, 17.48, 10.66, 24.08, 4.75, 9.85, 9.36, 19.32, 5.93, 9.7, 19.89, 11.16, 6.46, 10.43, 11.16, 9.65, 0.0, 14.12, 4.9, 10.93, 27.52, 9.62, 12.65, 7.35, 6.66, 19.47, 9.58, 15.58, 4.53, 4.43, 6.01, 9.03, 10.48, 9.11, 11.33, 12.34, 5.31, 22.36, 14.7, 7.28, 9.95, 14.91, 8.05, 10.84, 10.16, 8.42, 10.09, 11.5, 11.04, 5.22, 6.92, 8.62, 9.62, 9.25, 69.26], [0.0, 17.05, 9.35, 30.72, 24.74, 37.79, 9.95, 22.58, 15.07, 33.01, 17.68, 12.01, 9.15, 23.79, 18.53, 17.62, 17.56, 12.41, 14.12, 0.0, 14.22, 24.1, 41.57, 12.67, 8.2, 15.98, 19.86, 32.74, 21.62, 17.64, 17.86, 18.42, 19.45, 21.71, 12.39, 11.2, 23.38, 24.83, 18.94, 17.61, 28.77, 16.19, 12.72, 13.43, 12.77, 24.22, 12.7, 20.55, 17.19, 17.81, 23.12, 19.34, 13.28, 17.53, 13.25, 23.28, 78.02], [0.0, 8.88, 15.15, 16.59, 11.91, 23.83, 7.64, 8.44, 4.47, 19.1, 9.37, 4.8, 17.68, 9.6, 4.39, 5.84, 6.31, 4.76, 4.9, 14.22, 0.0, 14.61, 29.26, 4.72, 9.9, 10.36, 10.72, 22.63, 7.4, 15.78, 4.7, 7.86, 6.02, 7.58, 6.1, 4.21, 9.16, 10.62, 9.17, 18.24, 16.7, 10.14, 9.62, 10.74, 9.14, 10.3, 5.93, 6.34, 5.28, 6.75, 8.9, 7.7, 8.44, 4.18, 5.45, 11.79, 73.72], [0.0, 16.86, 28.77, 15.16, 7.1, 18.93, 14.18, 12.23, 10.57, 14.98, 12.81, 12.88, 30.76, 12.96, 12.49, 8.78, 19.58, 12.51, 10.93, 24.1, 14.61, 0.0, 18.17, 12.27, 23.57, 16.04, 4.33, 8.67, 13.4, 25.38, 10.39, 6.78, 9.97, 12.06, 11.98, 14.16, 14.13, 13.81, 5.63, 32.84, 6.68, 15.82, 14.48, 25.34, 18.28, 10.94, 11.74, 12.88, 18.49, 7.87, 13.94, 7.05, 16.99, 16.45, 11.41, 8.76, 59.45], [0.0, 29.36, 44.41, 16.47, 17.35, 11.64, 31.69, 22.05, 26.7, 13.2, 26.05, 29.65, 46.89, 21.55, 25.28, 24.2, 31.47, 29.25, 27.52, 41.57, 29.26, 18.17, 0.0, 28.98, 39.16, 29.31, 21.96, 11.05, 23.65, 42.96, 24.62, 23.15, 23.24, 22.64, 29.18, 30.67, 22.82, 21.3, 22.67, 46.18, 12.82, 29.03, 29.99, 39.14, 32.68, 19.75, 28.87, 24.09, 30.68, 23.83, 22.87, 22.35, 31.43, 28.75, 28.33, 18.29, 55.15], [0.0, 8.72, 16.52, 18.71, 12.09, 25.43, 12.36, 10.91, 9.19, 20.65, 6.6, 9.53, 18.5, 12.22, 7.25, 4.98, 11.02, 9.48, 9.62, 12.67, 4.72, 12.27, 28.98, 0.0, 11.39, 7.35, 7.96, 20.85, 10.47, 14.13, 5.65, 5.88, 7.2, 10.06, 10.61, 8.94, 12.26, 13.38, 6.69, 21.35, 16.16, 7.33, 10.95, 13.99, 7.35, 12.07, 10.26, 9.3, 10.0, 5.16, 11.97, 6.68, 6.37, 8.78, 9.57, 10.71, 70.21], [0.0, 11.0, 5.28, 25.89, 21.8, 33.3, 10.96, 17.93, 13.06, 28.67, 13.26, 10.83, 7.81, 18.91, 14.09, 15.26, 10.53, 11.17, 12.65, 8.2, 9.9, 23.57, 39.16, 11.39, 0.0, 10.42, 19.31, 32.02, 16.59, 9.44, 14.54, 16.9, 15.92, 17.14, 12.03, 9.49, 18.12, 19.74, 17.94, 10.88, 26.52, 10.68, 9.29, 5.25, 6.76, 20.0, 12.17, 15.74, 10.52, 15.92, 17.92, 17.19, 7.87, 11.6, 12.31, 21.39, 81.2], [0.0, 10.12, 15.42, 15.48, 12.19, 22.88, 10.25, 7.56, 6.71, 18.28, 9.35, 7.45, 18.19, 8.5, 10.18, 7.38, 12.18, 7.39, 7.35, 15.98, 10.36, 16.04, 29.31, 7.35, 10.42, 0.0, 12.5, 23.59, 6.17, 17.54, 5.66, 9.54, 6.46, 6.81, 8.73, 6.81, 7.73, 9.33, 10.93, 17.23, 17.14, 8.79, 4.37, 9.9, 12.77, 9.72, 8.54, 5.37, 11.22, 8.41, 7.52, 8.99, 12.0, 10.03, 8.02, 12.74, 75.43], [0.0, 13.5, 24.48, 15.75, 7.37, 20.92, 9.92, 10.54, 6.43, 16.47, 9.58, 8.57, 26.43, 11.6, 9.49, 5.14, 16.24, 8.19, 6.66, 19.86, 10.72, 4.33, 21.96, 7.96, 19.31, 12.5, 0.0, 12.98, 11.28, 21.18, 7.08, 9.29, 7.23, 10.08, 7.66, 9.85, 12.48, 12.66, 8.99, 28.83, 9.52, 12.32, 10.36, 21.34, 14.31, 10.05, 7.41, 10.47, 15.12, 10.02, 12.23, 8.64, 13.06, 13.19, 7.08, 4.43, 63.01], [0.0, 24.14, 37.27, 16.71, 11.95, 16.79, 22.83, 17.89, 18.97, 14.76, 20.19, 21.48, 39.35, 18.08, 19.65, 16.85, 26.72, 21.1, 19.47, 32.74, 22.63, 8.67, 11.05, 20.85, 32.02, 23.59, 12.98, 0.0, 19.42, 33.99, 18.05, 15.13, 17.15, 18.1, 20.64, 22.72, 19.45, 18.47, 14.16, 40.77, 7.41, 23.34, 22.79, 33.31, 26.31, 15.85, 20.38, 19.32, 25.71, 16.11, 19.35, 14.95, 25.01, 23.63, 20.02, 10.88, 53.28], [0.0, 5.84, 21.57, 9.32, 7.47, 16.71, 14.01, 10.51, 8.44, 12.11, 11.52, 10.92, 24.36, 9.45, 10.33, 7.02, 7.83, 10.66, 9.58, 21.62, 7.4, 13.4, 23.65, 10.47, 16.59, 6.17, 11.28, 19.42, 0.0, 23.18, 5.19, 8.71, 4.19, 9.7, 11.65, 11.01, 9.89, 10.63, 9.97, 22.53, 12.29, 5.9, 8.98, 15.6, 9.82, 9.06, 11.34, 9.87, 7.04, 7.93, 9.6, 7.36, 8.8, 5.21, 10.62, 9.35, 72.4], [0.0, 18.59, 9.88, 32.27, 26.22, 39.32, 11.28, 24.13, 16.55, 34.54, 19.23, 13.47, 9.19, 25.34, 20.08, 19.1, 19.05, 13.87, 15.58, 17.64, 15.78, 25.38, 42.96, 14.13, 9.44, 17.54, 21.18, 33.99, 23.18, 0.0, 19.38, 19.84, 20.97, 23.26, 13.79, 12.71, 24.94, 26.39, 20.31, 18.28, 30.18, 17.74, 14.27, 14.6, 14.3, 25.75, 14.11, 22.1, 18.7, 19.25, 24.68, 20.79, 14.83, 19.08, 14.68, 24.69, 78.57], [0.0, 6.5, 19.81, 13.08, 7.27, 19.94, 9.19, 5.33, 9.17, 15.16, 10.24, 6.21, 22.27, 6.64, 9.09, 10.19, 9.23, 5.87, 4.53, 17.86, 4.7, 10.39, 24.62, 5.65, 14.54, 5.66, 7.08, 18.05, 5.19, 19.38, 0.0, 8.96, 9.38, 4.51, 6.66, 6.7, 6.87, 7.82, 5.55, 22.72, 12.0, 5.44, 5.42, 15.27, 8.32, 6.45, 6.33, 10.53, 8.13, 10.19, 6.58, 9.75, 7.02, 6.14, 5.6, 7.17, 69.81], [0.0, 10.54, 22.14, 14.57, 6.77, 20.54, 8.65, 8.23, 9.38, 15.87, 6.64, 6.54, 24.28, 9.41, 6.6, 9.78, 13.27, 6.14, 4.43, 18.42, 7.86, 6.78, 23.15, 5.88, 16.9, 9.54, 9.29, 15.13, 8.71, 19.84, 8.96, 0.0, 4.53, 7.63, 6.05, 7.67, 10.1, 10.56, 9.41, 26.07, 10.35, 9.35, 7.71, 18.57, 11.51, 8.27, 5.73, 7.79, 12.16, 9.77, 9.83, 9.06, 10.23, 10.23, 5.19, 4.86, 65.93], [0.0, 7.02, 21.17, 11.51, 5.9, 18.35, 10.73, 11.86, 4.84, 13.57, 9.75, 7.78, 23.69, 5.26, 10.19, 11.21, 9.69, 7.43, 6.01, 19.45, 6.02, 9.97, 23.24, 7.2, 15.92, 6.46, 7.23, 17.15, 4.19, 20.97, 9.38, 4.53, 0.0, 12.06, 8.15, 8.29, 5.69, 6.44, 5.84, 23.68, 10.76, 6.2, 6.94, 16.3, 9.5, 4.87, 7.81, 9.25, 8.63, 11.67, 5.41, 9.19, 8.22, 6.56, 7.08, 6.34, 69.39], [0.0, 6.72, 22.22, 9.02, 6.16, 16.26, 13.62, 9.84, 7.87, 11.56, 10.63, 10.57, 24.94, 11.15, 10.67, 6.13, 8.93, 10.27, 9.03, 21.71, 7.58, 12.06, 22.64, 10.06, 17.14, 6.81, 10.08, 18.1, 9.7, 23.26, 4.51, 7.63, 12.06, 0.0, 11.15, 10.83, 11.38, 12.33, 8.83, 23.57, 11.03, 6.53, 9.0, 16.51, 10.39, 10.96, 10.82, 10.76, 8.06, 6.95, 11.09, 6.21, 9.27, 6.11, 10.1, 7.99, 71.04], [0.0, 10.1, 17.03, 19.61, 12.6, 26.15, 10.51, 11.98, 10.57, 21.39, 7.87, 10.9, 18.84, 13.29, 8.47, 5.63, 12.38, 10.85, 10.48, 12.39, 6.1, 11.98, 29.18, 10.61, 12.03, 8.73, 7.66, 20.64, 11.65, 13.79, 6.66, 6.05, 8.15, 11.15, 0.0, 10.31, 13.41, 14.46, 6.58, 22.28, 16.39, 8.71, 4.62, 15.0, 8.57, 12.97, 9.13, 10.49, 11.37, 5.55, 13.12, 7.1, 7.66, 10.16, 8.79, 10.9, 69.31], [0.0, 8.19, 14.62, 19.72, 13.59, 26.64, 11.85, 11.7, 8.68, 21.86, 7.0, 9.02, 16.63, 12.97, 7.77, 6.49, 10.17, 8.97, 9.11, 11.2, 4.21, 14.16, 30.67, 8.94, 9.49, 6.81, 9.85, 22.72, 11.01, 12.71, 6.7, 7.67, 8.29, 10.83, 10.31, 0.0, 12.82, 14.09, 8.56, 19.57, 17.85, 6.86, 11.18, 12.27, 5.96, 13.12, 10.14, 9.86, 9.24, 6.85, 12.54, 8.32, 5.2, 8.39, 9.66, 12.44, 72.01], [0.0, 7.19, 23.0, 7.79, 7.62, 15.24, 15.8, 10.74, 10.18, 10.77, 5.83, 12.72, 25.85, 10.33, 5.06, 8.59, 8.79, 12.45, 11.33, 23.38, 9.16, 14.13, 22.82, 12.26, 18.12, 7.73, 12.48, 19.45, 9.89, 24.94, 6.87, 10.1, 5.69, 11.38, 13.41, 12.82, 0.0, 11.41, 11.27, 23.46, 12.12, 7.47, 10.77, 16.77, 11.38, 10.57, 13.1, 11.22, 8.16, 9.43, 9.83, 8.66, 10.42, 6.56, 12.38, 9.99, 72.64], [0.0, 8.83, 24.64, 6.15, 6.93, 13.59, 16.94, 12.09, 11.18, 9.12, 7.17, 13.89, 27.48, 11.63, 6.35, 9.31, 10.42, 13.59, 12.34, 24.83, 10.62, 13.81, 21.3, 13.38, 19.74, 9.33, 12.66, 18.47, 10.63, 26.39, 7.82, 10.56, 6.44, 12.33, 14.46, 14.09, 11.41, 0.0, 11.61, 25.06, 11.07, 9.07, 12.15, 18.41, 12.98, 8.67, 14.14, 4.29, 9.81, 10.04, 11.13, 9.05, 12.0, 8.2, 13.41, 9.66, 71.74], [0.0, 11.94, 23.15, 15.19, 7.04, 20.8, 9.03, 9.36, 4.95, 16.22, 8.05, 7.32, 25.19, 10.49, 7.99, 10.47, 14.68, 6.94, 5.31, 18.94, 9.17, 5.63, 22.67, 6.69, 17.94, 10.93, 8.99, 14.16, 9.97, 20.31, 5.55, 9.41, 5.84, 8.83, 6.58, 8.56, 11.27, 11.61, 0.0, 27.33, 9.98, 10.75, 8.88, 19.83, 12.78, 9.15, 6.3, 9.09, 13.56, 10.14, 11.01, 8.76, 11.52, 11.64, 5.87, 4.55, 64.57], [0.0, 16.91, 8.45, 30.83, 29.38, 38.15, 21.66, 24.14, 22.41, 34.06, 20.64, 20.92, 10.31, 24.67, 21.27, 24.08, 14.71, 21.19, 22.36, 17.61, 18.24, 32.84, 46.18, 21.35, 10.88, 17.23, 28.83, 40.77, 22.53, 18.28, 22.72, 26.07, 23.68, 23.57, 22.28, 19.57, 23.46, 25.06, 27.33, 0.0, 34.34, 17.49, 18.49, 7.51, 14.56, 26.43, 22.35, 22.14, 15.51, 24.97, 23.38, 25.91, 15.85, 17.5, 22.31, 29.89, 91.57], [0.0, 17.46, 31.8, 9.81, 4.97, 12.31, 18.95, 10.7, 13.88, 8.73, 13.74, 16.83, 34.19, 10.75, 13.07, 11.4, 19.89, 16.43, 14.7, 28.77, 16.7, 6.68, 12.82, 16.16, 26.52, 17.14, 9.52, 7.41, 12.29, 30.18, 12.0, 10.35, 10.76, 11.03, 16.39, 17.85, 12.12, 11.07, 9.98, 34.34, 0.0, 16.87, 17.28, 27.03, 20.26, 8.55, 16.08, 12.36, 18.95, 11.01, 12.05, 9.53, 18.97, 16.9, 15.53, 5.5, 60.7], [0.0, 10.18, 15.7, 15.21, 11.92, 22.61, 10.3, 7.28, 6.6, 18.0, 9.41, 7.46, 18.46, 8.23, 10.24, 7.19, 12.24, 7.38, 7.28, 16.19, 10.14, 15.82, 29.03, 7.33, 10.68, 8.79, 12.32, 23.34, 5.9, 17.74, 5.44, 9.35, 6.2, 6.53, 8.71, 6.86, 7.47, 9.07, 10.75, 17.49, 16.87, 0.0, 4.43, 10.17, 12.82, 9.44, 8.52, 5.09, 11.28, 8.23, 7.26, 8.77, 12.06, 9.75, 7.98, 12.49, 75.23], [0.0, 5.75, 14.57, 18.0, 12.67, 25.13, 5.89, 9.87, 9.88, 20.37, 4.98, 11.6, 16.91, 11.09, 5.82, 5.98, 7.82, 11.21, 9.95, 12.72, 9.62, 14.48, 29.99, 10.95, 9.29, 4.37, 10.36, 22.79, 8.98, 14.27, 5.42, 7.71, 6.94, 9.0, 4.62, 11.18, 10.77, 12.15, 8.88, 18.49, 17.28, 4.43, 0.0, 11.02, 10.15, 11.55, 4.51, 7.87, 6.85, 6.68, 10.5, 7.9, 10.21, 5.95, 4.17, 12.1, 73.17], [0.0, 9.79, 7.29, 24.45, 22.09, 31.89, 14.72, 17.16, 14.92, 27.53, 13.29, 13.6, 10.34, 17.85, 13.97, 16.58, 8.07, 13.84, 14.91, 13.43, 10.74, 25.34, 39.14, 13.99, 5.25, 9.9, 21.34, 33.31, 15.6, 14.6, 15.27, 18.57, 16.3, 16.51, 15.0, 12.27, 16.77, 18.41, 19.83, 7.51, 27.03, 10.17, 11.02, 0.0, 7.06, 19.42, 15.04, 15.06, 8.61, 17.47, 16.64, 18.42, 8.35, 10.41, 14.94, 22.44, 84.17], [0.0, 4.39, 11.83, 19.13, 15.39, 26.53, 9.14, 11.17, 7.92, 21.91, 6.64, 7.12, 14.55, 12.15, 7.43, 9.53, 4.97, 7.27, 8.05, 12.77, 9.14, 18.28, 32.68, 7.35, 6.76, 12.77, 14.31, 26.31, 9.82, 14.3, 8.32, 11.51, 9.5, 10.39, 8.57, 5.96, 11.38, 12.98, 12.78, 14.56, 20.26, 12.82, 10.15, 7.06, 0.0, 13.28, 8.52, 8.98, 4.44, 10.41, 11.17, 11.39, 8.75, 4.96, 8.27, 15.46, 77.24], [0.0, 9.63, 25.11, 6.64, 10.77, 13.58, 15.58, 11.69, 9.69, 8.83, 6.78, 12.65, 27.81, 10.13, 5.93, 7.45, 11.74, 12.31, 10.84, 24.22, 10.3, 10.94, 19.75, 12.07, 20.0, 9.72, 10.05, 15.85, 9.06, 25.75, 6.45, 8.27, 4.87, 10.96, 12.97, 13.12, 