80
0 1.97 6.88 3.28 10.18 14.02 7.79 0.52 7.95 0.12 1 10.3 13.96 7.9 9.81 10.52 11.43 0.71 4.92 11.35 5.48 14.74 11.3 1.09 13.27 6.55 7.17 4.12 2.5 13.46 0.91 7.57 4.79 7.41 1.36 1.11 5.76 13.71 6.97 0.75 11.55 1.88 10.33 9.44 10.88 13.33 4.59 7.7 12.69 12.62 6.23 7.02 2.67 8.57 0.5 7.48 11.22 13.36 12.63 3.19 1.96 4.12 6.21 10.65 3.6 4.76 9.78 10.22 5.82 2.21 12.68 14.33 2.22 6.13 8.47 7.33 14.42 3 9.44 9.77 
1.97 0 7.99 1.9 12.08 13.5 9.38 1.58 9.6 1.89 1.12 12.18 13.49 9.54 11.77 12.33 12.86 1.4 4.66 12.82 5.63 13.66 12.8 1.03 13.38 7.45 8.44 3.29 0.72 13.41 1.22 9.06 4.42 8.82 0.74 1.02 6.12 13.45 8.13 1.37 12.91 0.12 12.19 11.42 12.57 13.39 4.09 9.25 13.27 13.25 6.92 8.21 0.97 10.44 1.6 8.92 12.76 13.39 13.25 1.76 0.02 3.28 6.89 12.42 2.41 4.38 11.74 12.11 6.21 0.32 13.27 13.56 0.33 6.75 10.31 8.69 13.58 1.45 11.41 11.73 
6.88 7.99 0 7.43 11.18 20.85 2.92 7.34 3.44 6.99 7.69 11.58 20.76 3.3 9.9 12.3 15.17 7.49 5.03 14.91 3.81 21.57 14.77 7.74 19.66 0.99 0.89 6.43 7.91 20.01 7.63 2.18 5.3 1.67 7.86 7.74 3.13 20.41 0.27 7.52 15.52 7.99 11.66 8.63 13.47 19.77 5.66 2.62 18.47 18.31 1.89 0.43 7.84 5.6 7.33 1.89 14.54 19.83 18.33 7.51 7.99 6.44 1.93 12.72 7.11 5.35 9.81 11.3 2.99 7.98 18.45 21.21 7.98 2.16 5.25 1.4 21.3 7.66 8.62 9.76 
3.28 1.9 7.43 0 13.39 15.07 9.35 3.11 9.66 3.26 2.83 13.54 15.08 9.58 12.89 13.79 14.62 3.01 3.16 14.56 4.36 14.82 14.53 2.76 15.2 6.7 8.05 1.54 1.23 15.18 2.89 8.89 2.87 8.56 2.54 2.75 4.98 15.14 7.62 2.99 14.71 2.01 13.57 12.35 14.16 15.19 2.48 9.16 15.17 15.15 6.01 7.73 0.97 10.87 3.12 8.7 14.47 15.19 15.16 0.16 1.92 1.53 5.97 13.93 0.55 2.83 12.85 13.44 5.09 1.61 15.16 14.97 1.6 5.79 10.68 8.39 14.94 0.48 12.34 12.83 
10.18 12.08 11.18 13.39 0 17.63 8.88 10.51 8.43 10.24 10.97 0.52 17.36 8.55 1.61 1.49 5.72 10.68 13.68 5.31 13.31 20.5 5.1 11.06 14.34 11.84 10.53 13.78 12.67 15.22 10.87 9.51 13.73 9.93 11.36 11.08 13.02 16.29 10.99 10.72 6.29 11.97 0.63 3.12 3.15 14.61 13.78 9.15 11.67 11.35 12.38 10.87 12.86 6.38 10.49 9.75 4.74 14.75 11.39 13.32 12.06 13.78 12.4 2.07 13.59 13.74 1.73 0.16 12.95 12.36 11.64 18.91 12.37 12.53 6.73 10.14 19.25 13.16 3.13 1.78 
14.02 13.5 20.85 15.07 17.63 0 21.11 13.6 21.07 13.92 13.36 17.29 0.38 21.08 18.59 16.63 13.31 13.49 18.14 13.67 19.13 4.37 13.85 13.34 4.33 20.57 21.01 16.6 13.96 3.24 13.4 21.12 17.88 21.09 13.31 13.34 19.58 1.84 20.91 13.47 12.82 13.45 17.22 19.38 15.42 4.01 17.52 21.12 7.46 7.8 20.22 20.94 14.17 20.66 13.62 21.11 14.15 3.83 7.76 14.91 13.49 16.59 20.2 16.22 15.62 17.84 18.66 17.52 19.66 13.68 7.49 1.87 13.69 20.1 20.76 21.07 2.39 14.61 19.39 18.69 
7.79 9.38 2.92 9.35 8.88 21.11 0 8.31 0.53 7.91 8.75 9.34 20.97 0.39 7.45 10.16 13.54 8.49 7.57 13.23 6.51 22.39 13.06 8.83 19.34 3.89 2.05 8.69 9.51 19.83 8.67 0.75 7.79 1.27 9.04 8.84 5.89 20.42 2.66 8.53 13.97 9.34 9.43 6.05 11.52 19.49 8.08 0.31 17.7 17.5 4.74 2.5 9.51 2.78 8.29 1.05 12.79 19.57 17.52 9.39 9.38 8.69 4.78 10.65 9.16 7.83 7.34 9.03 5.76 9.46 17.68 21.72 9.46 4.99 2.41 1.54 21.87 9.46 6.03 7.3 
0.52 1.58 7.34 3.11 10.51 13.6 8.31 0 8.46 0.41 0.51 10.61 13.55 8.42 10.19 10.79 11.52 0.2 5.09 11.45 5.75 14.25 11.41 0.6 12.97 6.98 7.65 4.12 2.18 13.13 0.41 8.08 4.92 7.91 0.89 0.62 6.08 13.34 7.44 0.24 11.61 1.47 10.63 9.88 11.08 13.02 4.69 8.21 12.5 12.45 6.62 7.5 2.39 9.08 0.02 7.98 11.35 13.05 12.46 3 1.56 4.12 6.6 10.89 3.49 4.9 10.17 10.54 6.14 1.85 12.5 13.88 1.86 6.51 8.98 7.83 13.95 2.77 9.87 10.16 
7.95 9.6 3.44 9.66 8.43 21.07 0.53 8.46 0 8.06 8.92 8.89 20.93 0.14 6.97 9.73 13.19 8.65 7.99 12.87 6.97 22.46 12.7 9 19.2 4.4 2.57 9.06 9.76 19.72 8.84 1.28 8.21 1.8 9.22 9.01 6.36 20.34 3.18 8.69 13.63 9.56 8.99 5.55 11.12 19.36 8.49 0.84 17.49 17.27 5.23 3.03 9.78 2.26 8.44 1.58 12.42 19.44 17.3 9.7 9.59 9.07 5.28 10.23 9.5 8.25 6.86 8.57 6.24 9.69 17.47 21.72 9.7 5.49 1.89 2.06 21.89 9.75 5.54 6.81 
0.12 1.89 6.99 3.26 10.24 13.92 7.91 0.41 8.06 0 0.9 10.35 13.85 8.02 9.88 10.56 11.43 0.6 4.97 11.35 5.55 14.62 11.3 0.99 13.19 6.65 7.28 4.14 2.44 13.38 0.8 7.68 4.83 7.52 1.26 1 5.85 13.61 7.08 0.64 11.54 1.8 10.38 9.53 10.91 13.24 4.63 7.81 12.63 12.57 6.33 7.13 2.62 8.68 0.38 7.59 11.23 13.28 12.57 3.16 1.88 4.13 6.31 10.68 3.59 4.81 9.85 10.27 5.9 2.14 12.62 14.22 2.15 6.23 8.58 7.44 14.31 2.96 9.52 9.84 
1 1.12 7.69 2.83 10.97 13.36 8.75 0.51 8.92 0.9 0 11.05 13.32 8.88 10.68 11.21 11.81 0.31 5.09 11.75 5.86 13.88 11.73 0.1 12.89 7.27 8.03 3.98 1.78 13.01 0.1 8.5 4.9 8.32 0.4 0.11 6.24 13.16 7.79 0.27 11.88 1.01 11.07 10.38 11.46 12.92 4.64 8.65 12.55 12.51 6.86 7.86 2.01 9.58 0.53 8.4 11.68 12.94 12.51 2.7 1.1 3.98 6.84 11.3 3.26 4.87 10.66 10.99 6.31 1.42 12.54 13.58 1.43 6.73 9.48 8.23 13.64 2.44 10.37 10.65 
10.3 12.18 11.58 13.54 0.52 17.29 9.34 10.61 8.89 10.35 11.05 0 17.01 9.01 2.13 0.97 5.22 10.77 13.94 4.81 13.61 20.24 4.59 11.15 13.94 12.22 10.95 13.98 12.78 14.83 10.96 9.95 13.98 10.36 11.45 11.16 13.34 15.92 11.39 10.81 5.79 12.06 0.11 3.63 2.63 14.21 14.02 9.59 11.22 10.91 12.73 11.28 12.97 6.87 10.59 10.19 4.23 14.36 10.94 13.46 12.16 13.98 12.76 1.55 13.75 13.99 2.25 0.36 13.28 12.46 11.19 18.6 12.47 12.88 7.22 10.56 18.95 13.29 3.65 2.3 
13.96 13.49 20.76 15.08 17.36 0.38 20.97 13.55 20.93 13.85 13.32 17.01 0 20.94 18.34 16.35 12.99 13.44 18.14 13.34 19.11 4.74 13.53 13.3 3.96 20.5 20.91 16.62 13.96 2.86 13.35 21 17.88 20.98 13.28 13.3 19.55 1.46 20.82 13.42 12.48 13.44 16.94 19.15 15.12 3.63 17.52 20.99 7.09 7.44 20.17 20.85 14.18 20.48 13.56 20.99 13.83 3.45 7.4 14.93 13.48 16.61 20.15 15.92 15.63 17.84 18.41 17.25 19.62 13.67 7.13 2.25 13.68 20.05 20.58 20.97 2.77 14.63 19.16 18.44 
7.9 9.54 3.3 9.58 8.55 21.08 0.39 8.42 0.14 8.02 8.88 9.01 20.94 0 7.1 9.85 13.28 8.61 7.88 12.97 6.84 22.44 12.8 8.95 19.24 4.26 2.43 8.96 9.69 19.75 8.79 1.14 8.1 1.66 9.17 8.97 6.23 20.36 3.04 8.65 13.72 9.5 9.11 5.69 11.23 19.39 8.38 0.7 17.55 17.34 5.1 2.89 9.7 2.4 8.4 1.44 12.52 19.48 17.36 9.62 9.53 8.97 5.14 10.34 9.41 8.13 6.99 8.7 6.11 9.63 17.53 21.72 9.64 5.35 2.03 1.92 21.89 9.67 5.67 6.95 
9.81 11.77 9.9 12.89 1.61 18.59 7.45 10.19 6.97 9.88 10.68 2.13 18.34 7.1 0 3.09 7.25 10.38 12.83 6.85 12.33 21.23 6.64 10.77 15.52 10.63 9.2 13.11 12.3 16.34 10.58 8.11 12.92 8.55 11.08 10.79 11.98 17.34 9.7 10.42 7.8 11.66 2.24 1.52 4.73 15.77 13.01 7.73 12.98 12.69 11.24 9.57 12.46 4.85 10.17 8.37 6.29 15.91 12.72 12.84 11.75 13.11 11.26 3.67 13.03 12.93 0.12 1.77 11.9 12.02 12.96 19.77 12.03 11.41 5.21 8.78 20.09 12.71 1.53 0.17 
10.52 12.33 12.3 13.79 1.49 16.63 10.16 10.79 9.73 10.56 11.21 0.97 16.35 9.85 3.09 0 4.28 10.94 14.39 3.86 14.14 19.71 3.64 11.3 13.17 12.89 11.7 14.33 12.97 14.09 11.12 10.75 14.42 11.14 11.6 11.32 13.91 15.21 12.12 10.97 4.85 12.22 0.86 4.58 1.67 13.45 14.42 10.41 10.38 10.06 13.37 12.02 13.17 7.76 10.77 10.98 3.28 13.6 10.09 13.7 12.31 14.32 13.39 0.59 14.04 14.42 3.2 1.33 13.85 12.63 10.35 18 12.64 13.5 8.1 11.34 18.37 13.51 4.59 3.25 
11.43 12.86 15.17 14.62 5.72 13.31 13.54 11.52 13.19 11.43 11.81 5.22 12.99 13.28 7.25 4.28 0 11.61 16.06 0.42 16.14 16.9 0.65 11.88 9.43 15.56 14.74 15.55 13.57 10.44 11.74 14.01 16 14.32 12.14 11.89 16.09 11.7 15.04 11.63 0.59 12.74 5.11 8.64 2.63 9.73 15.9 13.74 6.39 6.04 15.84 14.97 13.81 11.52 11.51 14.19 1.01 9.9 6.08 14.5 12.84 15.54 15.85 3.7 15 15.99 7.36 5.57 16.07 13.18 6.36 14.89 13.19 15.91 11.81 14.47 15.31 14.25 8.66 7.41 
0.71 1.4 7.49 3.01 10.68 13.49 8.49 0.2 8.65 0.6 0.31 10.77 13.44 8.61 10.38 10.94 11.61 0 5.11 11.55 5.81 14.09 11.52 0.4 12.91 7.11 7.82 4.08 2.03 13.06 0.21 8.26 4.93 8.09 0.7 0.42 6.16 13.24 7.59 0.04 11.7 1.3 10.79 10.07 11.21 12.96 4.69 8.4 12.49 12.45 6.73 7.65 2.25 9.28 0.22 8.16 11.46 12.98 12.45 2.9 1.39 4.08 6.71 11.04 3.41 4.9 10.35 10.71 6.23 1.69 12.49 13.74 1.7 6.61 9.18 8 13.81 2.65 10.07 10.34 
4.92 4.66 5.03 3.16 13.68 18.14 7.57 5.09 7.99 4.97 5.09 13.94 18.14 7.88 12.83 14.39 16.06 5.11 0 15.92 1.33 17.99 15.85 5.08 17.97 4.12 5.83 1.7 4.19 18.05 5.1 6.94 0.31 6.5 5 5.08 2.04 18.11 5.27 5.11 16.25 4.73 13.99 11.95 15.11 17.99 0.73 7.31 17.59 17.53 3.27 5.42 3.99 9.71 5.08 6.69 15.72 18.01 17.54 3.3 4.68 1.71 3.22 14.65 2.66 0.36 12.77 13.76 2.18 4.47 17.59 18.11 4.46 3 9.44 6.28 18.09 3.58 11.94 12.74 
11.35 12.82 14.91 14.56 5.31 13.67 13.23 11.45 12.87 11.35 11.75 4.81 13.34 12.97 6.85 3.86 0.42 11.55 15.92 0 15.97 17.2 0.22 11.83 9.82 15.32 14.46 15.45 13.52 10.82 11.68 13.71 15.87 14.03 12.09 11.84 15.9 12.07 14.78 11.57 1.01 12.7 4.7 8.26 2.21 10.12 15.78 13.43 6.8 6.45 15.62 14.7 13.76 11.17 11.44 13.9 0.59 10.29 6.49 14.44 12.8 15.45 15.64 3.28 14.93 15.86 6.96 5.16 15.88 13.14 6.77 15.22 13.15 15.7 11.47 14.18 15.64 14.19 8.27 7.01 
5.48 5.63 3.81 4.36 13.31 19.13 6.51 5.75 6.97 5.55 5.86 13.61 19.11 6.84 12.33 14.14 16.14 5.81 1.33 15.97 0 19.16 15.88 5.86 18.72 2.86 4.65 2.99 5.26 18.86 5.85 5.84 1.64 5.37 5.85 5.86 0.72 19.01 4.07 5.82 16.38 5.68 13.67 11.33 14.98 18.77 2.05 6.23 18.14 18.06 1.98 4.22 5.09 8.84 5.74 5.57 15.72 18.79 18.07 4.49 5.64 3 1.93 14.45 3.89 1.69 12.26 13.4 0.86 5.48 18.13 19.18 5.48 1.71 8.54 5.13 19.19 4.73 11.32 12.22 
14.74 13.66 21.57 14.82 20.5 4.37 22.39 14.25 22.46 14.62 13.88 20.24 4.74 22.44 21.23 19.71 16.9 14.09 17.99 17.2 19.16 0 17.36 13.83 8.59 21.09 21.9 16.32 13.92 7.53 13.94 22.26 17.69 22.14 13.71 13.82 19.72 6.18 21.67 14.06 16.46 13.64 20.18 21.78 18.71 8.28 17.29 22.34 11.56 11.89 20.58 21.74 14.07 22.47 14.27 22.19 17.62 8.1 11.85 14.69 13.66 16.31 20.55 19.37 15.33 17.65 21.27 20.42 19.82 13.74 11.59 2.51 13.75 20.41 22.5 22.06 1.99 14.43 21.78 21.29 
11.3 12.8 14.77 14.53 5.1 13.85 13.06 11.41 12.7 11.3 11.73 4.59 13.53 12.8 6.64 3.64 0.65 11.52 15.85 0.22 15.88 17.36 0 11.8 10.02 15.2 14.32 15.4 13.5 11.02 11.65 13.55 15.8 13.87 12.07 11.82 15.8 12.26 14.64 11.54 1.24 12.68 4.48 8.05 1.99 10.32 15.71 13.27 7.01 6.66 15.51 14.56 13.74 10.98 11.4 13.74 0.37 10.48 6.7 14.41 12.77 15.39 15.52 3.06 14.89 15.79 6.75 4.94 15.77 13.11 6.98 15.39 13.13 15.58 11.28 14.03 15.81 14.16 8.07 6.8 
1.09 1.03 7.74 2.76 11.06 13.34 8.83 0.6 9 0.99 0.1 11.15 13.3 8.95 10.77 11.3 11.88 0.4 5.08 11.83 5.86 13.83 11.8 0 12.9 7.31 8.09 3.94 1.7 13.01 0.2 8.57 4.88 8.39 0.3 0.02 6.25 13.15 7.84 0.36 11.95 0.92 11.16 10.47 11.54 12.93 4.61 8.72 12.58 12.54 6.89 7.91 1.94 9.67 0.62 8.47 11.76 12.95 12.55 2.63 1.01 3.93 6.87 11.39 3.2 4.85 10.75 11.09 6.33 1.34 12.57 13.54 1.35 6.76 9.56 8.29 13.6 2.37 10.47 10.74 
13.27 13.38 19.66 15.2 14.34 4.33 19.34 12.97 19.2 13.19 12.89 13.94 3.96 19.24 15.52 13.17 9.43 12.91 17.97 9.82 18.72 8.59 10.02 12.9 0 19.59 19.65 16.66 13.98 1.1 12.89 19.49 17.76 19.57 12.97 12.9 19.03 2.5 19.67 12.91 8.88 13.29 13.85 16.54 11.78 0.33 17.46 19.41 3.2 3.56 19.42 19.67 14.23 18.37 12.98 19.54 10.35 0.51 3.52 15.04 13.36 16.65 19.41 12.69 15.74 17.72 15.61 14.22 19.09 13.63 3.24 6.17 13.64 19.35 18.53 19.61 6.67 14.72 16.55 15.64 
6.55 7.45 0.99 6.7 11.84 20.57 3.89 6.98 4.4 6.65 7.27 12.22 20.5 4.26 10.63 12.89 15.56 7.11 4.12 15.32 2.86 21.09 15.2 7.31 19.59 0 1.88 5.6 7.29 19.88 7.22 3.16 4.4 2.65 7.4 7.31 2.16 20.21 1.26 7.13 15.88 7.46 12.3 9.42 13.99 19.68 4.78 3.59 18.54 18.41 0.9 1.42 7.2 6.5 6.96 2.87 14.98 19.73 18.43 6.79 7.45 5.61 0.95 13.29 6.35 4.45 10.54 11.96 2.02 7.4 18.53 20.85 7.4 1.17 6.16 2.39 20.91 6.97 9.41 10.5 
7.17 8.44 0.89 8.05 10.53 21.01 2.05 7.65 2.57 7.28 8.03 10.95 20.91 2.43 9.2 11.7 14.74 7.82 5.83 14.46 4.65 21.9 14.32 8.09 19.65 1.88 0 7.15 8.43 20.04 7.97 1.3 6.09 0.78 8.25 8.1 3.98 20.5 0.62 7.85 15.12 8.43 11.04 7.89 12.94 19.77 6.42 1.74 18.31 18.15 2.76 0.46 8.38 4.77 7.63 1 14.07 19.84 18.17 8.11 8.44 7.15 2.81 12.15 7.77 6.13 9.1 10.66 3.85 8.46 18.3 21.45 8.46 3.03 4.41 0.52 21.56 8.24 7.87 9.06 
4.12 3.29 6.43 1.54 13.78 16.6 8.69 4.12 9.06 4.14 3.98 13.98 16.62 8.96 13.11 14.33 15.55 4.08 1.7 15.45 2.99 16.32 15.4 3.94 16.66 5.6 7.15 0 2.69 16.67 4.02 8.14 1.39 7.75 3.79 3.93 3.67 16.66 6.65 4.07 15.68 3.37 14.02 12.4 14.86 16.66 0.98 8.46 16.51 16.48 4.82 6.78 2.46 10.54 4.13 7.92 15.31 16.67 16.48 1.69 3.3 0.01 4.78 14.52 1 1.35 13.06 13.84 3.8 3.03 16.5 16.5 3.02 4.57 10.3 7.55 16.47 1.99 12.39 13.03 
2.5 0.72 7.91 1.23 12.67 13.96 9.51 2.18 9.76 2.44 1.78 12.78 13.96 9.69 12.3 12.97 13.57 2.03 4.19 13.52 5.26 13.92 13.5 1.7 13.98 7.29 8.43 2.69 0 13.98 1.87 9.13 3.92 8.86 1.43 1.69 5.8 13.97 8.07 2 13.62 0.83 12.81 11.89 13.24 13.98 3.56 9.35 13.94 13.94 6.7 8.16 0.26 10.73 2.2 8.97 13.46 13.98 13.94 1.07 0.74 2.68 6.67 13.07 1.76 3.88 12.27 12.71 5.9 0.4 13.94 13.94 0.39 6.51 10.58 8.71 13.93 0.76 11.88 12.26 
13.46 13.41 20.01 15.18 15.22 3.24 19.83 13.13 19.72 13.38 13.01 14.83 2.86 19.75 16.34 14.09 10.44 13.06 18.05 10.82 18.86 7.53 11.02 13.01 1.1 19.88 20.04 16.67 13.98 0 13.02 19.95 17.82 20.01 13.05 13.01 19.21 1.4 20.03 13.05 9.91 13.33 14.75 17.3 12.73 0.78 17.5 19.89 4.3 4.65 19.67 20.04 14.22 19 13.14 19.99 11.34 0.59 4.61 15.02 13.4 16.66 19.66 13.62 15.73 17.79 16.42 15.1 19.27 13.64 4.33 5.09 13.65 19.59 19.14 20.03 5.6 14.7 17.31 16.46 
0.91 1.22 7.63 2.89 10.87 13.4 8.67 0.41 8.84 0.8 0.1 10.96 13.35 8.79 10.58 11.12 11.74 0.21 5.1 11.68 5.85 13.94 11.65 0.2 12.89 7.22 7.97 4.02 1.87 13.02 0 8.43 4.92 8.25 0.5 0.21 6.22 13.18 7.73 0.17 11.81 1.11 10.98 10.27 11.37 12.93 4.66 8.57 12.52 12.48 6.82 7.79 2.1 9.48 0.43 8.32 11.6 12.95 12.48 2.77 1.2 4.01 6.8 11.21 3.31 4.89 10.55 10.9 6.29 1.51 12.52 13.63 1.52 6.7 9.38 8.15 13.69 2.51 10.27 10.55 
7.57 9.06 2.18 8.89 9.51 21.12 0.75 8.08 1.28 7.68 8.5 9.95 21 1.14 8.11 10.75 14.01 8.26 6.94 13.71 5.84 22.26 13.55 8.57 19.49 3.16 1.3 8.14 9.13 19.95 8.43 0 7.18 0.52 8.76 8.58 5.2 20.49 1.92 8.29 14.42 9.03 10.04 6.74 12.07 19.63 7.49 0.44 17.96 17.77 4.02 1.76 9.11 3.52 8.06 0.3 13.29 19.71 17.8 8.94 9.05 8.15 4.07 11.22 8.67 7.22 8 9.65 5.07 9.11 17.95 21.66 9.11 4.28 3.15 0.79 21.8 9.03 6.72 7.96 
4.79 4.42 5.3 2.87 13.73 17.88 7.79 4.92 8.21 4.83 4.9 13.98 17.88 8.1 12.92 14.42 16 4.93 0.31 15.87 1.64 17.69 15.8 4.88 17.76 4.4 6.09 1.39 3.92 17.82 4.92 7.18 0 6.75 4.79 4.88 2.35 17.87 5.54 4.93 16.18 4.49 14.03 12.07 15.1 17.78 0.42 7.54 17.43 17.37 3.56 5.68 3.72 9.89 4.92 6.94 15.68 17.79 17.38 3.02 4.44 1.4 3.52 14.67 2.36 0.05 12.85 13.81 2.48 4.22 17.42 17.84 4.21 3.3 9.62 6.53 17.81 3.3 12.06 12.83 
7.41 8.82 1.67 8.56 9.93 21.09 1.27 7.91 1.8 7.52 8.32 10.36 20.98 1.66 8.55 11.14 14.32 8.09 6.5 14.03 5.37 22.14 13.87 8.39 19.57 2.65 0.78 7.75 8.86 20.01 8.25 0.52 6.75 0 8.56 8.4 4.72 20.51 1.4 8.12 14.71 8.79 10.45 7.2 12.43 19.71 7.07 0.96 18.12 17.94 3.52 1.24 8.83 4.02 7.89 0.22 13.62 19.78 17.96 8.62 8.82 7.76 3.57 11.6 8.32 6.79 8.45 10.06 4.59 8.86 18.1 21.6 8.86 3.79 3.66 0.27 21.72 8.72 7.19 8.41 
1.36 0.74 7.86 2.54 11.36 13.31 9.04 0.89 9.22 1.26 0.4 11.45 13.28 9.17 11.08 11.6 12.14 0.7 5 12.09 5.85 13.71 12.07 0.3 12.97 7.4 8.25 3.79 1.43 13.05 0.5 8.76 4.79 8.56 0 0.29 6.27 13.16 7.98 0.66 12.2 0.62 11.47 10.77 11.83 12.99 4.5 8.92 12.72 12.69 6.95 8.05 1.67 9.93 0.91 8.65 12.03 13.01 12.69 2.4 0.72 3.78 6.93 11.68 3 4.76 11.05 11.39 6.35 1.05 12.72 13.47 1.06 6.81 9.82 8.46 13.52 2.12 10.77 11.04 
1.11 1.02 7.74 2.75 11.08 13.34 8.84 0.62 9.01 1 0.11 11.16 13.3 8.97 10.79 11.32 11.89 0.42 5.08 11.84 5.86 13.82 11.82 0.02 12.9 7.31 8.1 3.93 1.69 13.01 0.21 8.58 4.88 8.4 0.29 0 6.26 13.15 7.85 0.38 11.96 0.9 11.18 10.49 11.56 12.93 4.61 8.74 12.58 12.55 6.9 7.92 1.92 9.68 0.64 8.48 11.77 12.95 12.55 2.62 1 3.93 6.87 11.4 3.19 4.85 10.77 11.1 6.33 1.32 12.58 13.54 1.33 6.76 9.58 8.3 13.59 2.35 10.49 10.76 
5.76 6.12 3.13 4.98 13.02 19.58 5.89 6.08 6.36 5.85 6.24 13.34 19.55 6.23 11.98 13.91 16.09 6.16 2.04 15.9 0.72 19.72 15.8 6.25 19.03 2.16 3.98 3.67 5.8 19.21 6.22 5.2 2.35 4.72 6.27 6.26 0 19.4 3.38 6.17 16.34 6.16 13.4 10.92 14.82 19.09 2.75 5.6 18.34 18.24 1.26 3.54 5.65 8.3 6.07 4.92 15.63 19.12 18.25 5.09 6.13 3.68 1.22 14.24 4.54 2.39 11.9 13.12 0.14 6 18.33 19.68 5.99 0.99 7.99 4.47 19.7 5.32 10.91 11.86 
13.71 13.45 20.41 15.14 16.29 1.84 20.42 13.34 20.34 13.61 13.16 15.92 1.46 20.36 17.34 15.21 11.7 13.24 18.11 12.07 19.01 6.18 12.26 13.15 2.5 20.21 20.5 16.66 13.97 1.4 13.18 20.49 17.87 20.51 13.16 13.15 19.4 0 20.44 13.23 11.18 13.38 15.84 18.23 13.92 2.17 17.53 20.45 5.67 6.02 19.94 20.46 14.2 19.75 13.35 20.51 12.57 1.99 5.98 14.99 13.44 16.65 19.92 14.77 15.69 17.83 17.42 16.17 19.47 13.66 5.7 3.71 13.67 19.84 19.87 20.51 4.22 14.67 18.24 17.45 
6.97 8.13 0.27 7.62 10.99 20.91 2.66 7.44 3.18 7.08 7.79 11.39 20.82 3.04 9.7 12.12 15.04 7.59 5.27 14.78 4.07 21.67 14.64 7.84 19.67 1.26 0.62 6.65 8.07 20.03 7.73 1.92 5.54 1.4 7.98 7.85 3.38 20.44 0 7.62 15.4 8.12 11.48 8.41 13.32 19.78 5.89 2.35 18.43 18.27 2.15 0.16 8 5.36 7.42 1.62 14.41 19.84 18.29 7.69 8.13 6.66 2.2 12.55 7.31 5.58 9.6 11.12 3.25 8.13 18.41 21.29 8.12 2.42 5 1.14 21.38 7.83 8.4 9.56 
0.75 1.37 7.52 2.99 10.72 13.47 8.53 0.24 8.69 0.64 0.27 10.81 13.42 8.65 10.42 10.97 11.63 0.04 5.11 11.57 5.82 14.06 11.54 0.36 12.91 7.13 7.85 4.07 2 13.05 0.17 8.29 4.93 8.12 0.66 0.38 6.17 13.23 7.62 0 11.72 1.26 10.83 10.11 11.24 12.95 4.68 8.43 12.5 12.45 6.75 7.68 2.22 9.32 0.26 8.19 11.49 12.97 12.46 2.87 1.35 4.07 6.73 11.07 3.39 4.9 10.39 10.74 6.24 1.66 12.49 13.72 1.67 6.63 9.22 8.03 13.79 2.62 10.11 10.38 
11.55 12.91 15.52 14.71 6.29 12.82 13.97 11.61 13.63 11.54 11.88 5.79 12.48 13.72 7.8 4.85 0.59 11.7 16.25 1.01 16.38 16.46 1.24 11.95 8.88 15.88 15.12 15.68 13.62 9.91 11.81 14.42 16.18 14.71 12.2 11.96 16.34 11.18 15.4 11.72 0 12.79 5.68 9.18 3.22 9.19 16.06 14.16 5.82 5.47 16.14 15.33 13.87 12 11.6 14.59 1.6 9.36 5.51 14.58 12.89 15.67 16.15 4.28 15.1 16.17 7.91 6.13 16.33 13.23 5.79 14.41 13.24 16.2 12.29 14.85 14.85 14.32 9.19 7.96 
1.88 0.12 7.99 2.01 11.97 13.45 9.34 1.47 9.56 1.8 1.01 12.06 13.44 9.5 11.66 12.22 12.74 1.3 4.73 12.7 5.68 13.64 12.68 0.92 13.29 7.46 8.43 3.37 0.83 13.33 1.11 9.03 4.49 8.79 0.62 0.9 6.16 13.38 8.12 1.26 12.79 0 12.08 11.32 12.45 13.31 4.17 9.21 13.17 13.15 6.94 8.2 1.09 10.37 1.49 8.89 12.64 13.31 13.15 1.87 0.1 3.37 6.91 12.31 2.51 4.46 11.64 12 6.25 0.44 13.16 13.53 0.45 6.78 10.24 8.67 13.55 1.57 11.32 11.63 
10.33 12.19 11.66 13.57 0.63 17.22 9.43 10.63 8.99 10.38 11.07 0.11 16.94 9.11 2.24 0.86 5.11 10.79 13.99 4.7 13.67 20.18 4.48 11.16 13.85 12.3 11.04 14.02 12.81 14.75 10.98 10.04 14.03 10.45 11.47 11.18 13.4 15.84 11.48 10.83 5.68 12.08 0 3.74 2.52 14.12 14.06 9.69 11.13 10.81 12.81 11.37 13 6.98 10.61 10.28 4.12 14.27 10.85 13.49 12.17 14.02 12.83 1.44 13.79 14.04 2.36 0.47 13.35 12.48 11.1 18.53 12.49 12.95 7.32 10.65 18.89 13.32 3.76 2.41 
9.44 11.42 8.63 12.35 3.12 19.38 6.05 9.88 5.55 9.53 10.38 3.63 19.15 5.69 1.52 4.58 8.64 10.07 11.95 8.26 11.33 21.78 8.05 10.47 16.54 9.42 7.89 12.4 11.89 17.3 10.27 6.74 12.07 7.2 10.77 10.49 10.92 18.23 8.41 10.11 9.18 11.32 3.74 0 6.18 16.77 12.2 6.34 14.14 13.86 10.09 8.28 12.02 3.37 9.85 7.01 7.71 16.89 13.89 12.31 11.4 12.4 10.12 5.15 12.43 12.08 1.4 3.28 10.83 11.64 14.12 20.46 11.65 10.28 3.74 7.44 20.75 12.22 0.02 1.35 
10.88 12.57 13.47 14.16 3.15 15.42 11.52 11.08 11.12 10.91 11.46 2.63 15.12 11.23 4.73 1.67 2.63 11.21 15.11 2.21 14.98 18.71 1.99 11.54 11.78 13.99 12.94 14.86 13.24 12.73 11.37 12.07 15.1 12.43 11.83 11.56 14.82 13.92 13.32 11.24 3.22 12.45 2.52 6.18 0 12.06 15.06 11.76 8.88 8.54 14.39 13.22 13.46 9.26 11.07 12.28 1.62 12.22 8.58 14.06 12.55 14.86 14.41 1.08 14.47 15.09 4.84 2.98 14.78 12.88 8.85 16.87 12.89 14.5 9.59 12.61 17.26 13.85 6.2 4.89 
13.33 13.39 19.77 15.19 14.61 4.01 19.49 13.02 19.36 13.24 12.92 14.21 3.63 19.39 15.77 13.45 9.73 12.96 17.99 10.12 18.77 8.28 10.32 12.93 0.33 19.68 19.77 16.66 13.98 0.78 12.93 19.63 17.78 19.71 12.99 12.93 19.09 2.17 19.78 12.95 9.19 13.31 14.12 16.77 12.06 0 17.47 19.55 3.53 3.89 19.5 19.78 14.23 18.56 13.03 19.68 10.65 0.18 3.84 15.04 13.37 16.66 19.49 12.97 15.74 17.74 15.85 14.48 19.14 13.63 3.56 5.85 13.64 19.43 18.72 19.73 6.36 14.72 16.78 15.89 
4.59 4.09 5.66 2.48 13.78 17.52 8.08 4.69 8.49 4.63 4.64 14.02 17.52 8.38 13.01 14.42 15.9 4.69 0.73 15.78 2.05 17.29 15.71 4.61 17.46 4.78 6.42 0.98 3.56 17.5 4.66 7.49 0.42 7.07 4.5 4.61 2.75 17.53 5.89 4.68 16.06 4.17 14.06 12.2 15.06 17.47 0 7.84 17.18 17.14 3.95 6.03 3.35 10.11 4.69 7.25 15.6 17.48 17.14 2.63 4.11 0.99 3.91 14.66 1.96 0.37 12.95 13.86 2.89 3.87 17.18 17.45 3.86 3.69 9.85 6.85 17.42 2.92 12.19 12.92 
7.7 9.25 2.62 9.16 9.15 21.12 0.31 8.21 0.84 7.81 8.65 9.59 20.99 0.7 7.73 10.41 13.74 8.4 7.31 13.43 6.23 22.34 13.27 8.72 19.41 3.59 1.74 8.46 9.35 19.89 8.57 0.44 7.54 0.96 8.92 8.74 5.6 20.45 2.35 8.43 14.16 9.21 9.69 6.34 11.76 19.55 7.84 0 17.81 17.62 4.44 2.2 9.35 3.09 8.19 0.74 13 19.63 17.64 9.21 9.24 8.47 4.49 10.89 8.96 7.58 7.62 9.29 5.48 9.32 17.8 21.7 9.32 4.7 2.72 1.22 21.85 9.28 6.32 7.57 
12.69 13.27 18.47 15.17 11.67 7.46 17.7 12.5 17.49 12.63 12.55 11.22 7.09 17.55 12.98 10.38 6.39 12.49 17.59 6.8 18.14 11.56 7.01 12.58 3.2 18.54 18.31 16.51 13.94 4.3 12.52 17.96 17.43 18.12 12.72 12.58 18.34 5.67 18.43 12.5 5.82 13.17 11.13 14.14 8.88 3.53 17.18 17.81 0 0.36 18.53 18.4 14.2 16.36 12.51 18.06 7.36 3.71 0.32 15.01 13.25 16.5 18.52 9.86 15.68 17.4 13.08 11.53 18.37 13.56 0.03 9.24 13.57 18.5 16.57 18.19 9.73 14.7 14.16 13.12 
12.62 13.25 18.31 15.15 11.35 7.8 17.5 12.45 17.27 12.57 12.51 10.91 7.44 17.34 12.69 10.06 6.04 12.45 17.53 6.45 18.06 11.89 6.66 12.54 3.56 18.41 18.15 16.48 13.94 4.65 12.48 17.77 17.37 17.94 12.69 12.55 18.24 6.02 18.27 12.45 5.47 13.15 10.81 13.86 8.54 3.89 17.14 17.62 0.36 0 18.41 18.24 14.2 16.12 12.45 17.87 7.01 4.07 0.04 15 13.23 16.47 18.4 9.53 15.66 17.35 12.78 11.21 18.27 13.55 0.33 9.57 13.56 18.39 16.33 18.02 10.06 14.69 13.87 12.82 
6.23 6.92 1.89 6.01 12.38 20.22 4.74 6.62 5.23 6.33 6.86 12.73 20.17 5.1 11.24 13.37 15.84 6.73 3.27 15.62 1.98 20.58 15.51 6.89 19.42 0.9 2.76 4.82 6.7 19.67 6.82 4.02 3.56 3.52 6.95 6.9 1.26 19.94 2.15 6.75 16.14 6.94 12.81 10.09 14.39 19.5 3.95 4.44 18.53 18.41 0 2.31 6.58 7.28 6.61 3.74 15.31 19.54 18.42 6.11 6.93 4.82 0.05 13.74 5.62 3.61 11.15 12.49 1.12 6.84 18.51 20.43 6.84 0.28 6.95 3.27 20.47 6.31 10.07 11.11 
7.02 8.21 0.43 7.73 10.87 20.94 2.5 7.5 3.03 7.13 7.86 11.28 20.85 2.89 9.57 12.02 14.97 7.65 5.42 14.7 4.22 21.74 14.56 7.91 19.67 1.42 0.46 6.78 8.16 20.04 7.79 1.76 5.68 1.24 8.05 7.92 3.54 20.46 0.16 7.68 15.33 8.2 11.37 8.28 13.22 19.78 6.03 2.2 18.4 18.24 2.31 0 8.1 5.21 7.48 1.46 14.32 19.84 18.26 7.8 8.21 6.79 2.36 12.45 7.43 5.73 9.47 11 3.4 8.21 18.39 21.34 8.21 2.58 4.85 0.98 21.43 7.94 8.27 9.43 
2.67 0.97 7.84 0.97 12.86 14.17 9.51 2.39 9.78 2.62 2.01 12.97 14.18 9.7 12.46 13.17 13.81 2.25 3.99 13.76 5.09 14.07 13.74 1.94 14.23 7.2 8.38 2.46 0.26 14.22 2.1 9.11 3.72 8.83 1.67 1.92 5.65 14.2 8 2.22 13.87 1.09 13 12.02 13.46 14.23 3.35 9.35 14.2 14.2 6.58 8.1 0 10.8 2.4 8.95 13.69 14.23 14.2 0.82 0.99 2.45 6.55 13.28 1.51 3.67 12.43 12.89 5.76 0.66 14.2 14.13 0.65 6.38 10.64 8.68 14.11 0.5 12.02 12.41 
8.57 10.44 5.6 10.87 6.38 20.66 2.78 9.08 2.26 8.68 9.58 6.87 20.48 2.4 4.85 7.76 11.52 9.28 9.71 11.17 8.84 22.47 10.98 9.67 18.37 6.5 4.77 10.54 10.73 19 9.48 3.52 9.89 4.02 9.93 9.68 8.3 19.75 5.36 9.32 12 10.37 6.98 3.37 9.26 18.56 10.11 3.09 16.36 16.12 7.28 5.21 10.8 0 9.06 3.81 10.67 18.67 16.15 10.88 10.42 10.54 7.32 8.3 10.81 9.92 4.73 6.54 8.19 10.59 16.34 21.49 10.6 7.51 0.38 4.28 21.71 10.87 3.35 4.68 
0.5 1.6 7.33 3.12 10.49 13.62 8.29 0.02 8.44 0.38 0.53 10.59 13.56 8.4 10.17 10.77 11.51 0.22 5.08 11.44 5.74 14.27 11.4 0.62 12.98 6.96 7.63 4.13 2.2 13.14 0.43 8.06 4.92 7.89 0.91 0.64 6.07 13.35 7.42 0.26 11.6 1.49 10.61 9.85 11.07 13.03 4.69 8.19 12.51 12.45 6.61 7.48 2.4 9.06 0 7.96 11.34 13.06 12.46 3.01 1.58 4.12 6.59 10.88 3.5 4.89 10.15 10.52 6.13 1.87 12.5 13.9 1.88 6.49 8.96 7.81 13.97 2.78 9.85 10.14 
7.48 8.92 1.89 8.7 9.75 21.11 1.05 7.98 1.58 7.59 8.4 10.19 20.99 1.44 8.37 10.98 14.19 8.16 6.69 13.9 5.57 22.19 13.74 8.47 19.54 2.87 1 7.92 8.97 19.99 8.32 0.3 6.94 0.22 8.65 8.48 4.92 20.51 1.62 8.19 14.59 8.89 10.28 7.01 12.28 19.68 7.25 0.74 18.06 17.87 3.74 1.46 8.95 3.81 7.96 0 13.48 19.75 17.89 8.76 8.92 7.93 3.78 11.44 8.47 6.97 8.26 9.89 4.79 8.97 18.04 21.63 8.97 4 3.44 0.49 21.76 8.85 6.99 8.22 
11.22 12.76 14.54 14.47 4.74 14.15 12.79 11.35 12.42 11.23 11.68 4.23 13.83 12.52 6.29 3.28 1.01 11.46 15.72 0.59 15.72 17.62 0.37 11.76 10.35 14.98 14.07 15.31 13.46 11.34 11.6 13.29 15.68 13.62 12.03 11.77 15.63 12.57 14.41 11.49 1.6 12.64 4.12 7.71 1.62 10.65 15.6 13 7.36 7.01 15.31 14.32 13.69 10.67 11.34 13.48 0 10.81 7.05 14.35 12.74 15.3 15.33 2.7 14.82 15.67 6.4 4.58 15.6 13.07 7.33 15.68 13.09 15.39 10.98 13.78 16.09 14.11 7.73 6.45 
13.36 13.39 19.83 15.19 14.75 3.83 19.57 13.05 19.44 13.28 12.94 14.36 3.45 19.48 15.91 13.6 9.9 12.98 18.01 10.29 18.79 8.1 10.48 12.95 0.51 19.73 19.84 16.67 13.98 0.59 12.95 19.71 17.79 19.78 13.01 12.95 19.12 1.99 19.84 12.97 9.36 13.31 14.27 16.89 12.22 0.18 17.48 19.63 3.71 4.07 19.54 19.84 14.23 18.67 13.06 19.75 10.81 0 4.03 15.03 13.38 16.66 19.53 13.12 15.73 17.76 15.99 14.63 19.18 13.64 3.74 5.67 13.65 19.47 18.82 19.8 6.18 14.71 16.9 16.02 
12.63 13.25 18.33 15.16 11.39 7.76 17.52 12.46 17.3 12.57 12.51 10.94 7.4 17.36 12.72 10.09 6.08 12.45 17.54 6.49 18.07 11.85 6.7 12.55 3.52 18.43 18.17 16.48 13.94 4.61 12.48 17.8 17.38 17.96 12.69 12.55 18.25 5.98 18.29 12.46 5.51 13.15 10.85 13.89 8.58 3.84 17.14 17.64 0.32 0.04 18.42 18.26 14.2 16.15 12.46 17.89 7.05 4.03 0 15.01 13.23 16.47 18.42 9.57 15.66 17.35 12.81 11.25 18.28 13.55 0.29 9.54 13.56 18.4 16.36 18.04 10.02 14.69 13.91 12.86 
3.19 1.76 7.51 0.16 13.32 14.91 9.39 3 9.7 3.16 2.7 13.46 14.93 9.62 12.84 13.7 14.5 2.9 3.3 14.44 4.49 14.69 14.41 2.63 15.04 6.79 8.11 1.69 1.07 15.02 2.77 8.94 3.02 8.62 2.4 2.62 5.09 14.99 7.69 2.87 14.58 1.87 13.49 12.31 14.06 15.04 2.63 9.21 15.01 15 6.11 7.8 0.82 10.88 3.01 8.76 14.35 15.03 15.01 0 1.78 1.68 6.08 13.84 0.71 2.97 12.8 13.36 5.21 1.46 15.01 14.83 1.45 5.9 10.69 8.45 14.8 0.32 12.31 12.78 
1.96 0.02 7.99 1.92 12.06 13.49 9.38 1.56 9.59 1.88 1.1 12.16 13.48 9.53 11.75 12.31 12.84 1.39 4.68 12.8 5.64 13.66 12.77 1.01 13.36 7.45 8.44 3.3 0.74 13.4 1.2 9.05 4.44 8.82 0.72 1 6.13 13.44 8.13 1.35 12.89 0.1 12.17 11.4 12.55 13.37 4.11 9.24 13.25 13.23 6.93 8.21 0.99 10.42 1.58 8.92 12.74 13.38 13.23 1.78 0 3.29 6.9 12.4 2.43 4.4 11.72 12.09 6.22 0.34 13.25 13.56 0.35 6.76 10.3 8.69 13.57 1.48 11.4 11.71 
4.12 3.28 6.44 1.53 13.78 16.59 8.69 4.12 9.07 4.13 3.98 13.98 16.61 8.97 13.11 14.32 15.54 4.08 1.71 15.45 3 16.31 15.39 3.93 16.65 5.61 7.15 0.01 2.68 16.66 4.01 8.15 1.4 7.76 3.78 3.93 3.68 16.65 6.66 4.07 15.67 3.37 14.02 12.4 14.86 16.66 0.99 8.47 16.5 16.47 4.82 6.79 2.45 10.54 4.12 7.93 15.3 16.66 16.47 1.68 3.29 0 4.78 14.52 0.99 1.35 13.06 13.84 3.81 3.02 16.5 16.49 3.01 4.58 10.31 7.56 16.46 1.98 12.39 13.03 
6.21 6.89 1.93 5.97 12.4 20.2 4.78 6.6 5.28 6.31 6.84 12.76 20.15 5.14 11.26 13.39 15.85 6.71 3.22 15.64 1.93 20.55 15.52 6.87 19.41 0.95 2.81 4.78 6.67 19.66 6.8 4.07 3.52 3.57 6.93 6.87 1.22 19.92 2.2 6.73 16.15 6.91 12.83 10.12 14.41 19.49 3.91 4.49 18.52 18.4 0.05 2.36 6.55 7.32 6.59 3.78 15.33 19.53 18.42 6.08 6.9 4.78 0 13.76 5.58 3.57 11.18 12.52 1.08 6.81 18.51 20.4 6.81 0.23 6.99 3.31 20.44 6.27 10.1 11.14 
10.65 12.42 12.72 13.93 2.07 16.22 10.65 10.89 10.23 10.68 11.3 1.55 15.92 10.34 3.67 0.59 3.7 11.04 14.65 3.28 14.45 19.37 3.06 11.39 12.69 13.29 12.15 14.52 13.07 13.62 11.21 11.22 14.67 11.6 11.68 11.4 14.24 14.77 12.55 11.07 4.28 12.31 1.44 5.15 1.08 12.97 14.66 10.89 9.86 9.53 13.74 12.45 13.28 8.3 10.88 11.44 2.7 13.12 9.57 13.84 12.4 14.52 13.76 0 14.2 14.67 3.78 1.91 14.19 12.72 9.83 17.62 12.73 13.86 8.63 11.79 17.99 13.64 5.16 3.83 
3.6 2.41 7.11 0.55 13.59 15.62 9.16 3.49 9.5 3.59 3.26 13.75 15.63 9.41 13.03 14.04 15 3.41 2.66 14.93 3.89 15.33 14.89 3.2 15.74 6.35 7.77 1 1.76 15.73 3.31 8.67 2.36 8.32 3 3.19 4.54 15.69 7.31 3.39 15.1 2.51 13.79 12.43 14.47 15.74 1.96 8.96 15.68 15.66 5.62 7.43 1.51 10.81 3.5 8.47 14.82 15.73 15.66 0.71 2.43 0.99 5.58 14.2 0 2.31 12.98 13.64 4.66 2.13 15.68 15.51 2.12 5.39 10.6 8.14 15.47 1.02 12.42 12.96 
4.76 4.38 5.35 2.83 13.74 17.84 7.83 4.9 8.25 4.81 4.87 13.99 17.84 8.13 12.93 14.42 15.99 4.9 0.36 15.86 1.69 17.65 15.79 4.85 17.72 4.45 6.13 1.35 3.88 17.79 4.89 7.22 0.05 6.79 4.76 4.85 2.39 17.83 5.58 4.9 16.17 4.46 14.04 12.08 15.09 17.74 0.37 7.58 17.4 17.35 3.61 5.73 3.67 9.92 4.89 6.97 15.67 17.76 17.35 2.97 4.4 1.35 3.57 14.67 2.31 0 12.87 13.82 2.53 4.17 17.39 17.79 4.17 3.35 9.65 6.57 17.77 3.25 12.07 12.84 
9.78 11.74 9.81 12.85 1.73 18.66 7.34 10.17 6.86 9.85 10.66 2.25 18.41 6.99 0.12 3.2 7.36 10.35 12.77 6.96 12.26 21.27 6.75 10.75 15.61 10.54 9.1 13.06 12.27 16.42 10.55 8 12.85 8.45 11.05 10.77 11.9 17.42 9.6 10.39 7.91 11.64 2.36 1.4 4.84 15.85 12.95 7.62 13.08 12.78 11.15 9.47 12.43 4.73 10.15 8.26 6.4 15.99 12.81 12.8 11.72 13.06 11.18 3.78 12.98 12.87 0 1.89 11.82 11.99 13.05 19.83 12 11.32 5.09 8.68 20.14 12.67 1.42 0.05 
10.22 12.11 11.3 13.44 0.16 17.52 9.03 10.54 8.57 10.27 10.99 0.36 17.25 8.7 1.77 1.33 5.57 10.71 13.76 5.16 13.4 20.42 4.94 11.09 14.22 11.96 10.66 13.84 12.71 15.1 10.9 9.65 13.81 10.06 11.39 11.1 13.12 16.17 11.12 10.74 6.13 12 0.47 3.28 2.98 14.48 13.86 9.29 11.53 11.21 12.49 11 12.89 6.54 10.52 9.89 4.58 14.63 11.25 13.36 12.09 13.84 12.52 1.91 13.64 13.82 1.89 0 13.06 12.39 11.5 18.81 12.4 12.64 6.88 10.27 19.16 13.2 3.29 1.94 
5.82 6.21 2.99 5.09 12.95 19.66 5.76 6.14 6.24 5.9 6.31 13.28 19.62 6.11 11.9 13.85 16.07 6.23 2.18 15.88 0.86 19.82 15.77 6.33 19.09 2.02 3.85 3.8 5.9 19.27 6.29 5.07 2.48 4.59 6.35 6.33 0.14 19.47 3.25 6.24 16.33 6.25 13.35 10.83 14.78 19.14 2.89 5.48 18.37 18.27 1.12 3.4 5.76 8.19 6.13 4.79 15.6 19.18 18.28 5.21 6.22 3.81 1.08 14.19 4.66 2.53 11.82 13.06 0 6.09 18.36 19.78 6.09 0.85 7.88 4.34 19.79 5.44 10.82 11.79 
2.21 0.32 7.98 1.61 12.36 13.68 9.46 1.85 9.69 2.14 1.42 12.46 13.67 9.63 12.02 12.63 13.18 1.69 4.47 13.14 5.48 13.74 13.11 1.34 13.63 7.4 8.46 3.03 0.4 13.64 1.51 9.11 4.22 8.86 1.05 1.32 6 13.66 8.13 1.66 13.23 0.44 12.48 11.64 12.88 13.63 3.87 9.32 13.56 13.55 6.84 8.21 0.66 10.59 1.87 8.97 13.07 13.64 13.55 1.46 0.34 3.02 6.81 12.72 2.13 4.17 11.99 12.39 6.09 0 13.56 13.7 0.01 6.66 10.45 8.73 13.71 1.15 11.64 11.98 
12.68 13.27 18.45 15.16 11.64 7.49 17.68 12.5 17.47 12.62 12.54 11.19 7.13 17.53 12.96 10.35 6.36 12.49 17.59 6.77 18.13 11.59 6.98 12.57 3.24 18.53 18.3 16.5 13.94 4.33 12.52 17.95 17.42 18.1 12.72 12.58 18.33 5.7 18.41 12.49 5.79 13.16 11.1 14.12 8.85 3.56 17.18 17.8 0.03 0.33 18.51 18.39 14.2 16.34 12.5 18.04 7.33 3.74 0.29 15.01 13.25 16.5 18.51 9.83 15.68 17.39 13.05 11.5 18.36 13.56 0 9.27 13.57 18.49 16.55 18.18 9.76 14.7 14.13 13.09 
14.33 13.56 21.21 14.97 18.91 1.87 21.72 13.88 21.72 14.22 13.58 18.6 2.25 21.72 19.77 18 14.89 13.74 18.11 15.22 19.18 2.51 15.39 13.54 6.17 20.85 21.45 16.5 13.94 5.09 13.63 21.66 17.84 21.6 13.47 13.54 19.68 3.71 21.29 13.72 14.41 13.53 18.53 20.46 16.87 5.85 17.45 21.7 9.24 9.57 20.43 21.34 14.13 21.49 13.9 21.63 15.68 5.67 9.54 14.83 13.56 16.49 20.4 17.62 15.51 17.79 19.83 18.81 19.78 13.7 9.27 0 13.71 20.28 21.56 21.55 0.52 14.54 20.47 19.86 
2.22 0.33 7.98 1.6 12.37 13.69 9.46 1.86 9.7 2.15 1.43 12.47 13.68 9.64 12.03 12.64 13.19 1.7 4.46 13.15 5.48 13.75 13.13 1.35 13.64 7.4 8.46 3.02 0.39 13.65 1.52 9.11 4.21 8.86 1.06 1.33 5.99 13.67 8.12 1.67 13.24 0.45 12.49 11.65 12.89 13.64 3.86 9.32 13.57 13.56 6.84 8.21 0.65 10.6 1.88 8.97 13.09 13.65 13.56 1.45 0.35 3.01 6.81 12.73 2.12 4.17 12 12.4 6.09 0.01 13.57 13.71 0 6.66 10.46 8.73 13.71 1.14 11.65 11.99 
6.13 6.75 2.16 5.79 12.53 20.1 4.99 6.51 5.49 6.23 6.73 12.88 20.05 5.35 11.41 13.5 15.91 6.61 3 15.7 1.71 20.41 15.58 6.76 19.35 1.17 3.03 4.57 6.51 19.59 6.7 4.28 3.3 3.79 6.81 6.76 0.99 19.84 2.42 6.63 16.2 6.78 12.95 10.28 14.5 19.43 3.69 4.7 18.5 18.39 0.28 2.58 6.38 7.51 6.49 4 15.39 19.47 18.4 5.9 6.76 4.58 0.23 13.86 5.39 3.35 11.32 12.64 0.85 6.66 18.49 20.28 6.66 0 7.18 3.53 20.32 6.1 10.26 11.29 
8.47 10.31 5.25 10.68 6.73 20.76 2.41 8.98 1.89 8.58 9.48 7.22 20.58 2.03 5.21 8.1 11.81 9.18 9.44 11.47 8.54 22.5 11.28 9.56 18.53 6.16 4.41 10.3 10.58 19.14 9.38 3.15 9.62 3.66 9.82 9.58 7.99 19.87 5 9.22 12.29 10.24 7.32 3.74 9.59 18.72 9.85 2.72 16.57 16.33 6.95 4.85 10.64 0.38 8.96 3.44 10.98 18.82 16.36 10.69 10.3 10.31 6.99 8.63 10.6 9.65 5.09 6.88 7.88 10.45 16.55 21.56 10.46 7.18 0 3.92 21.77 10.7 3.72 5.05 
7.33 8.69 1.4 8.39 10.14 21.07 1.54 7.83 2.06 7.44 8.23 10.56 20.97 1.92 8.78 11.34 14.47 8 6.28 14.18 5.13 22.06 14.03 8.29 19.61 2.39 0.52 7.55 8.71 20.03 8.15 0.79 6.53 0.27 8.46 8.3 4.47 20.51 1.14 8.03 14.85 8.67 10.65 7.44 12.61 19.73 6.85 1.22 18.19 18.02 3.27 0.98 8.68 4.28 7.81 0.49 13.78 19.8 18.04 8.45 8.69 7.56 3.31 11.79 8.14 6.57 8.68 10.27 4.34 8.73 18.18 21.55 8.73 3.53 3.92 0 21.67 8.56 7.42 8.63 
14.42 13.58 21.3 14.94 19.25 2.39 21.87 13.95 21.89 14.31 13.64 18.95 2.77 21.89 20.09 18.37 15.31 13.81 18.09 15.64 19.19 1.99 15.81 13.6 6.67 20.91 21.56 16.47 13.93 5.6 13.69 21.8 17.81 21.72 13.52 13.59 19.7 4.22 21.38 13.79 14.85 13.55 18.89 20.75 17.26 6.36 17.42 21.85 9.73 10.06 20.47 21.43 14.11 21.71 13.97 21.76 16.09 6.18 10.02 14.8 13.57 16.46 20.44 17.99 15.47 17.77 20.14 19.16 19.79 13.71 9.76 0.52 13.71 20.32 21.77 21.67 0 14.51 20.75 20.17 
3 1.45 7.66 0.48 13.16 14.61 9.46 2.77 9.75 2.96 2.44 13.29 14.63 9.67 12.71 13.51 14.25 2.65 3.58 14.19 4.73 14.43 14.16 2.37 14.72 6.97 8.24 1.99 0.76 14.7 2.51 9.03 3.3 8.72 2.12 2.35 5.32 14.67 7.83 2.62 14.32 1.57 13.32 12.22 13.85 14.72 2.92 9.28 14.7 14.69 6.31 7.94 0.5 10.87 2.78 8.85 14.11 14.71 14.69 0.32 1.48 1.98 6.27 13.64 1.02 3.25 12.67 13.2 5.44 1.15 14.7 14.54 1.14 6.1 10.7 8.56 14.51 0 12.21 12.66 
9.44 11.41 8.62 12.34 3.13 19.39 6.03 9.87 5.54 9.52 10.37 3.65 19.16 5.67 1.53 4.59 8.66 10.07 11.94 8.27 11.32 21.78 8.07 10.47 16.55 9.41 7.87 12.39 11.88 17.31 10.27 6.72 12.06 7.19 10.77 10.49 10.91 18.24 8.4 10.11 9.19 11.32 3.76 0.02 6.2 16.78 12.19 6.32 14.16 13.87 10.07 8.27 12.02 3.35 9.85 6.99 7.73 16.9 13.91 12.31 11.4 12.39 10.1 5.16 12.42 12.07 1.42 3.29 10.82 11.64 14.13 20.47 11.65 10.26 3.72 7.42 20.75 12.21 0 1.37 
9.77 11.73 9.76 12.83 1.78 18.69 7.3 10.16 6.81 9.84 10.65 2.3 18.44 6.95 0.17 3.25 7.41 10.34 12.74 7.01 12.22 21.29 6.8 10.74 15.64 10.5 9.06 13.03 12.26 16.46 10.55 7.96 12.83 8.41 11.04 10.76 11.86 17.45 9.56 10.38 7.96 11.63 2.41 1.35 4.89 15.89 12.92 7.57 13.12 12.82 11.11 9.43 12.41 4.68 10.14 8.22 6.45 16.02 12.86 12.78 11.71 13.03 11.14 3.83 12.96 12.84 0.05 1.94 11.79 11.98 13.09 19.86 11.99 11.29 5.05 8.63 20.17 12.66 1.37 0 
0	1700
252 442
1425 1615
248 438
1111 1301
795 985
1071 1261
953 1143
1236 1426
894 1084
515 705
610 800
1273 1463
183 373
385 575
0 145
0 61
865 1055
1001 1191
1023 1213
1422 1612
658 848
1373 1563
754 944
787 977
957 1147
1141 1331
1104 1294
1054 1244
0 20
1141 1331
0 43
911 1101
946 1136
982 1172
571 761
1000 1190
1010 1200
1217 1407
1257 1447
1173 1363
760 950
1025 1215
1210 1400
231 421
878 1068
1128 1318
919 1109
1311 1501
1303 1493
21 211
873 1063
256 446
504 694
976 1166
1106 1296
928 1118
475 665
1247 1437
782 972
1301 1491
867 1057
1367 1557
142 332
1336 1526
1070 1260
1323 1513
620 810
1213 1403
1409 1599
541 731
1180 1370
773 963
0 132
904 1094
0 54
0 100
1205 1395
1146 1336
1079 1269
C:
0 3 3 3 3 3 3 3 3 3 3 3 3 3 3 3 3 3 3 3 3 3 3 3 3 3 3 3 3 3 3 3 3 3 3 3 3 3 3 3 3 3 3 3 3 3 3 3 3 3 3 3 3 3 3 3 3 3 3 3 3 3 3 3 3 3 3 3 3 3 3 3 3 3 3 3 3 3 3 3 3 
3 0 3 3 3 3 3 3 3 3 3 3 3 3 3 3 3 3 3 3 3 3 3 3 3 3 3 3 3 3 3 3 3 3 3 3 3 3 3 3 3 3 3 3 3 3 3 3 3 3 3 3 3 3 3 3 3 3 3 3 3 3 3 3 3 3 3 3 3 3 3 3 3 3 3 3 3 3 3 3 3 
2 2 0 2 2 2 2 2 2 2 2 2 2 2 2 2 2 2 2 2 2 2 2 2 2 2 2 2 2 2 2 2 2 2 2 2 2 2 2 2 2 2 2 2 2 2 2 2 2 2 2 2 2 2 2 2 2 2 2 2 2 2 2 2 2 2 2 2 2 2 2 2 2 2 2 2 2 2 2 2 2 
2 2 2 0 2 2 2 2 2 2 2 2 2 2 2 2 2 2 2 2 2 2 2 2 2 2 2 2 2 2 2 2 2 2 2 2 2 2 2 2 2 2 2 2 2 2 2 2 2 2 2 2 2 2 2 2 2 2 2 2 2 2 2 2 2 2 2 2 2 2 2 2 2 2 2 2 2 2 2 2 2 
3 3 3 3 0 3 3 3 3 3 3 3 3 3 3 3 3 3 3 3 3 3 3 3 3 3 3 3 3 3 3 3 3 3 3 3 3 3 3 3 3 3 3 3 3 3 3 3 3 3 3 3 3 3 3 3 3 3 3 3 3 3 3 3 3 3 3 3 3 3 3 3 3 3 3 3 3 3 3 3 3 
2 2 2 2 2 0 2 2 2 2 2 2 2 2 2 2 2 2 2 2 2 2 2 2 2 2 2 2 2 2 2 2 2 2 2 2 2 2 2 2 2 2 2 2 2 2 2 2 2 2 2 2 2 2 2 2 2 2 2 2 2 2 2 2 2 2 2 2 2 2 2 2 2 2 2 2 2 2 2 2 2 
1 1 1 1 1 1 0 1 1 1 1 1 1 1 1 1 1 1 1 1 1 1 1 1 1 1 1 1 1 1 1 1 1 1 1 1 1 1 1 1 1 1 1 1 1 1 1 1 1 1 1 1 1 1 1 1 1 1 1 1 1 1 1 1 1 1 1 1 1 1 1 1 1 1 1 1 1 1 1 1 1 
1 1 1 1 1 1 1 0 1 1 1 1 1 1 1 1 1 1 1 1 1 1 1 1 1 1 1 1 1 1 1 1 1 1 1 1 1 1 1 1 1 1 1 1 1 1 1 1 1 1 1 1 1 1 1 1 1 1 1 1 1 1 1 1 1 1 1 1 1 1 1 1 1 1 1 1 1 1 1 1 1 
2 2 2 2 2 2 2 2 0 2 2 2 2 2 2 2 2 2 2 2 2 2 2 2 2 2 2 2 2 2 2 2 2 2 2 2 2 2 2 2 2 2 2 2 2 2 2 2 2 2 2 2 2 2 2 2 2 2 2 2 2 2 2 2 2 2 2 2 2 2 2 2 2 2 2 2 2 2 2 2 2 
3 3 3 3 3 3 3 3 3 0 3 3 3 3 3 3 3 3 3 3 3 3 3 3 3 3 3 3 3 3 3 3 3 3 3 3 3 3 3 3 3 3 3 3 3 3 3 3 3 3 3 3 3 3 3 3 3 3 3 3 3 3 3 3 3 3 3 3 3 3 3 3 3 3 3 3 3 3 3 3 3 
3 3 3 3 3 3 3 3 3 3 0 3 3 3 3 3 3 3 3 3 3 3 3 3 3 3 3 3 3 3 3 3 3 3 3 3 3 3 3 3 3 3 3 3 3 3 3 3 3 3 3 3 3 3 3 3 3 3 3 3 3 3 3 3 3 3 3 3 3 3 3 3 3 3 3 3 3 3 3 3 3 
3 3 3 3 3 3 3 3 3 3 3 0 3 3 3 3 3 3 3 3 3 3 3 3 3 3 3 3 3 3 3 3 3 3 3 3 3 3 3 3 3 3 3 3 3 3 3 3 3 3 3 3 3 3 3 3 3 3 3 3 3 3 3 3 3 3 3 3 3 3 3 3 3 3 3 3 3 3 3 3 3 
2 2 2 2 2 2 2 2 2 2 2 2 0 2 2 2 2 2 2 2 2 2 2 2 2 2 2 2 2 2 2 2 2 2 2 2 2 2 2 2 2 2 2 2 2 2 2 2 2 2 2 2 2 2 2 2 2 2 2 2 2 2 2 2 2 2 2 2 2 2 2 2 2 2 2 2 2 2 2 2 2 
1 1 1 1 1 1 1 1 1 1 1 1 1 0 1 1 1 1 1 1 1 1 1 1 1 1 1 1 1 1 1 1 1 1 1 1 1 1 1 1 1 1 1 1 1 1 1 1 1 1 1 1 1 1 1 1 1 1 1 1 1 1 1 1 1 1 1 1 1 1 1 1 1 1 1 1 1 1 1 1 1 
2 2 2 2 2 2 2 2 2 2 2 2 2 2 0 2 2 2 2 2 2 2 2 2 2 2 2 2 2 2 2 2 2 2 2 2 2 2 2 2 2 2 2 2 2 2 2 2 2 2 2 2 2 2 2 2 2 2 2 2 2 2 2 2 2 2 2 2 2 2 2 2 2 2 2 2 2 2 2 2 2 
3 3 3 3 3 3 3 3 3 3 3 3 3 3 3 0 3 3 3 3 3 3 3 3 3 3 3 3 3 3 3 3 3 3 3 3 3 3 3 3 3 3 3 3 3 3 3 3 3 3 3 3 3 3 3 3 3 3 3 3 3 3 3 3 3 3 3 3 3 3 3 3 3 3 3 3 3 3 3 3 3 
2 2 2 2 2 2 2 2 2 2 2 2 2 2 2 2 0 2 2 2 2 2 2 2 2 2 2 2 2 2 2 2 2 2 2 2 2 2 2 2 2 2 2 2 2 2 2 2 2 2 2 2 2 2 2 2 2 2 2 2 2 2 2 2 2 2 2 2 2 2 2 2 2 2 2 2 2 2 2 2 2 
3 3 3 3 3 3 3 3 3 3 3 3 3 3 3 3 3 0 3 3 3 3 3 3 3 3 3 3 3 3 3 3 3 3 3 3 3 3 3 3 3 3 3 3 3 3 3 3 3 3 3 3 3 3 3 3 3 3 3 3 3 3 3 3 3 3 3 3 3 3 3 3 3 3 3 3 3 3 3 3 3 
1 1 1 1 1 1 1 1 1 1 1 1 1 1 1 1 1 1 0 1 1 1 1 1 1 1 1 1 1 1 1 1 1 1 1 1 1 1 1 1 1 1 1 1 1 1 1 1 1 1 1 1 1 1 1 1 1 1 1 1 1 1 1 1 1 1 1 1 1 1 1 1 1 1 1 1 1 1 1 1 1 
1 1 1 1 1 1 1 1 1 1 1 1 1 1 1 1 1 1 1 0 1 1 1 1 1 1 1 1 1 1 1 1 1 1 1 1 1 1 1 1 1 1 1 1 1 1 1 1 1 1 1 1 1 1 1 1 1 1 1 1 1 1 1 1 1 1 1 1 1 1 1 1 1 1 1 1 1 1 1 1 1 
1 1 1 1 1 1 1 1 1 1 1 1 1 1 1 1 1 1 1 1 0 1 1 1 1 1 1 1 1 1 1 1 1 1 1 1 1 1 1 1 1 1 1 1 1 1 1 1 1 1 1 1 1 1 1 1 1 1 1 1 1 1 1 1 1 1 1 1 1 1 1 1 1 1 1 1 1 1 1 1 1 
1 1 1 1 1 1 1 1 1 1 1 1 1 1 1 1 1 1 1 1 1 0 1 1 1 1 1 1 1 1 1 1 1 1 1 1 1 1 1 1 1 1 1 1 1 1 1 1 1 1 1 1 1 1 1 1 1 1 1 1 1 1 1 1 1 1 1 1 1 1 1 1 1 1 1 1 1 1 1 1 1 
3 3 3 3 3 3 3 3 3 3 3 3 3 3 3 3 3 3 3 3 3 3 0 3 3 3 3 3 3 3 3 3 3 3 3 3 3 3 3 3 3 3 3 3 3 3 3 3 3 3 3 3 3 3 3 3 3 3 3 3 3 3 3 3 3 3 3 3 3 3 3 3 3 3 3 3 3 3 3 3 3 
1 1 1 1 1 1 1 1 1 1 1 1 1 1 1 1 1 1 1 1 1 1 1 0 1 1 1 1 1 1 1 1 1 1 1 1 1 1 1 1 1 1 1 1 1 1 1 1 1 1 1 1 1 1 1 1 1 1 1 1 1 1 1 1 1 1 1 1 1 1 1 1 1 1 1 1 1 1 1 1 1 
2 2 2 2 2 2 2 2 2 2 2 2 2 2 2 2 2 2 2 2 2 2 2 2 0 2 2 2 2 2 2 2 2 2 2 2 2 2 2 2 2 2 2 2 2 2 2 2 2 2 2 2 2 2 2 2 2 2 2 2 2 2 2 2 2 2 2 2 2 2 2 2 2 2 2 2 2 2 2 2 2 
2 2 2 2 2 2 2 2 2 2 2 2 2 2 2 2 2 2 2 2 2 2 2 2 2 0 2 2 2 2 2 2 2 2 2 2 2 2 2 2 2 2 2 2 2 2 2 2 2 2 2 2 2 2 2 2 2 2 2 2 2 2 2 2 2 2 2 2 2 2 2 2 2 2 2 2 2 2 2 2 2 
1 1 1 1 1 1 1 1 1 1 1 1 1 1 1 1 1 1 1 1 1 1 1 1 1 1 0 1 1 1 1 1 1 1 1 1 1 1 1 1 1 1 1 1 1 1 1 1 1 1 1 1 1 1 1 1 1 1 1 1 1 1 1 1 1 1 1 1 1 1 1 1 1 1 1 1 1 1 1 1 1 
3 3 3 3 3 3 3 3 3 3 3 3 3 3 3 3 3 3 3 3 3 3 3 3 3 3 3 0 3 3 3 3 3 3 3 3 3 3 3 3 3 3 3 3 3 3 3 3 3 3 3 3 3 3 3 3 3 3 3 3 3 3 3 3 3 3 3 3 3 3 3 3 3 3 3 3 3 3 3 3 3 
3 3 3 3 3 3 3 3 3 3 3 3 3 3 3 3 3 3 3 3 3 3 3 3 3 3 3 3 0 3 3 3 3 3 3 3 3 3 3 3 3 3 3 3 3 3 3 3 3 3 3 3 3 3 3 3 3 3 3 3 3 3 3 3 3 3 3 3 3 3 3 3 3 3 3 3 3 3 3 3 3 
3 3 3 3 3 3 3 3 3 3 3 3 3 3 3 3 3 3 3 3 3 3 3 3 3 3 3 3 3 0 3 3 3 3 3 3 3 3 3 3 3 3 3 3 3 3 3 3 3 3 3 3 3 3 3 3 3 3 3 3 3 3 3 3 3 3 3 3 3 3 3 3 3 3 3 3 3 3 3 3 3 
