{"cluster_count": 3, "cluster_speeds": [[0.154, 0.44, 0.154], [0.24, 0.6, 0.24], [0.415, 0.83, 0.415]], "clusters": [[-1, 2, 2, 2, 2, 2, 2, 2, 2, 2, 2, 2, 2, 2, 2, 2, 2, 2, 2, 2, 2, 2, 2, 2, 2, 2, 2], [1, -1, 1, 1, 1, 1, 1, 1, 1, 1, 1, 1, 1, 1, 1, 1, 1, 1, 1, 1, 1, 1, 1, 1, 1, 1, 1], [0, 0, -1, 0, 0, 0, 0, 0, 0, 0, 0, 0, 0, 0, 0, 0, 0, 0, 0, 0, 0, 0, 0, 0, 0, 0, 0], [1, 1, 1, -1, 1, 1, 1, 1, 1, 1, 1, 1, 1, 1, 1, 1, 1, 1, 1, 1, 1, 1, 1, 1, 1, 1, 1], [0, 0, 0, 0, -1, 0, 0, 0, 0, 0, 0, 0, 0, 0, 0, 0, 0, 0, 0, 0, 0, 0, 0, 0, 0, 0, 0], [0, 0, 0, 0, 0, -1, 0, 0, 0, 0, 0, 0, 0, 0, 0, 0, 0, 0, 0, 0, 0, 0, 0, 0, 0, 0, 0], [0, 0, 0, 0, 0, 0, -1, 0, 0, 0, 0, 0, 0, 0, 0, 0, 0, 0, 0, 0, 0, 0, 0, 0, 0, 0, 0], [1, 1, 1, 1, 1, 1, 1, -1, 1, 1, 1, 1, 1, 1, 1, 1, 1, 1, 1, 1, 1, 1, 1, 1, 1, 1, 1], [1, 1, 1, 1, 1, 1, 1, 1, -1, 1, 1, 1, 1, 1, 1, 1, 1, 1, 1, 1, 1, 1, 1, 1, 1, 1, 1], [0, 0, 0, 0, 0, 0, 0, 0, 0, -1, 0, 0, 0, 0, 0, 0, 0, 0, 0, 0, 0, 0, 0, 0, 0, 0, 0], [1, 1, 1, 1, 1, 1, 1, 1, 1, 1, -1, 1, 1, 1, 1, 1, 1, 1, 1, 1, 1, 1, 1, 1, 1, 1, 1], [0, 0, 0, 0, 0, 0, 0, 0, 0, 0, 0, -1, 0, 0, 0, 0, 0, 0, 0, 0, 0, 0, 0, 0, 0, 0, 0], [0, 0, 0, 0, 0, 0, 0, 0, 0, 0, 0, 0, -1, 0, 0, 0, 0, 0, 0, 0, 0, 0, 0, 0, 0, 0, 0], [1, 1, 1, 1, 1, 1, 1, 1, 1, 1, 1, 1, 1, -1, 1, 1, 1, 1, 1, 1, 1, 1, 1, 1, 1, 1, 1], [0, 0, 0, 0, 0, 0, 0, 0, 0, 0, 0, 0, 0, 0, -1, 0, 0, 0, 0, 0, 0, 0, 0, 0, 0, 0, 0], [1, 1, 1, 1, 1, 1, 1, 1, 1, 1, 1, 1, 1, 1, 1, -1, 1, 1, 1, 1, 1, 1, 1, 1, 1, 1, 1], [0, 0, 0, 0, 0, 0, 0, 0, 0, 0, 0, 0, 0, 0, 0, 0, -1, 0, 0, 0, 0, 0, 0, 0, 0, 0, 0], [1, 1, 1, 1, 1, 1, 1, 1, 1, 1, 1, 1, 1, 1, 1, 1, 1, -1, 1, 1, 1, 1, 1, 1, 1, 1, 1], [0, 0, 0, 0, 0, 0, 0, 0, 0, 0, 0, 0, 0, 0, 0, 0, 0, 0, -1, 0, 0, 0, 0, 0, 0, 0, 0], [2, 2, 2, 2, 2, 2, 2, 2, 2, 2, 2, 2, 2, 2, 2, 2, 2, 2, 2, -1, 2, 2, 2, 2, 2, 2, 2], [1, 1, 1, 1, 1, 1, 1, 1, 1, 1, 1, 1, 1, 1, 1, 1, 1, 1, 1, 1, -1, 1, 1, 1, 1, 1, 1], [0, 0, 0, 0, 0, 0, 0, 0, 0, 0, 0, 0, 0, 0, 0, 0, 0, 0, 0, 0, 0, -1, 0, 0, 0, 0, 0], [0, 0, 0, 0, 0, 0, 0, 0, 0, 0, 0, 0, 0, 0, 0, 0, 0, 0, 0, 0, 0, 0, -1, 0, 0, 0, 0], [2, 2, 2, 2, 2, 2, 2, 2, 2, 2, 2, 2, 2, 2, 2, 2, 2, 2, 2, 2, 2, 2, 2, -1, 2, 2, 2], [0, 0, 0, 0, 0, 0, 0, 0, 0, 0, 0, 0, 0, 0, 0, 0, 0, 0, 0, 0, 0, 0, 0, 0, -1, 0, 0], [1, 1, 1, 1, 1, 1, 1, 1, 1, 1, 1, 1, 1, 1, 1, 1, 1, 1, 1, 1, 1, 1, 1, 1, 1, -1, 1], [2, 2, 2, 2, 2, 2, 2, 2, 2, 2, 2, 2, 2, 2, 2, 2, 2, 2, 2, 2, 2, 2, 2, 2, 2, 2, -1]], "dataset_name": "cordeau_et_al_2014", "digraph": {"arc_count": 650, "arcs": [[0, 1, 1, 1, 1, 1, 1, 1, 1, 1, 1, 1, 1, 1, 1, 1, 1, 1, 1, 1, 1, 1, 1, 1, 1, 1, 0], [0, 0, 1, 1, 1, 1, 1, 1, 1, 1, 1, 1, 1, 1, 1, 1, 1, 1, 1, 1, 1, 1, 1, 1, 1, 1, 1], [0, 1, 0, 1, 1, 1, 1, 1, 1, 1, 1, 1, 1, 1, 1, 1, 1, 1, 1, 1, 1, 1, 1, 1, 1, 1, 1], [0, 1, 1, 0, 1, 1, 1, 1, 1, 1, 1, 1, 1, 1, 1, 1, 1, 1, 1, 1, 1, 1, 1, 1, 1, 1, 1], [0, 1, 1, 1, 0, 1, 1, 1, 1, 1, 1, 1, 1, 1, 1, 1, 1, 1, 1, 1, 1, 1, 1, 1, 1, 1, 1], [0, 1, 1, 1, 1, 0, 1, 1, 1, 1, 1, 1, 1, 1, 1, 1, 1, 1, 1, 1, 1, 1, 1, 1, 1, 1, 1], [0, 1, 1, 1, 1, 1, 0, 1, 1, 1, 1, 1, 1, 1, 1, 1, 1, 1, 1, 1, 1, 1, 1, 1, 1, 1, 1], [0, 1, 1, 1, 1, 1, 1, 0, 1, 1, 1, 1, 1, 1, 1, 1, 1, 1, 1, 1, 1, 1, 1, 1, 1, 1, 1], [0, 1, 1, 1, 1, 1, 1, 1, 0, 1, 1, 1, 1, 1, 1, 1, 1, 1, 1, 1, 1, 1, 1, 1, 1, 1, 1], [0, 1, 1, 1, 1, 1, 1, 1, 1, 0, 1, 1, 1, 1, 1, 1, 1, 1, 1, 1, 1, 1, 1, 1, 1, 1, 1], [0, 1, 1, 1, 1, 1, 1, 1, 1, 1, 0, 1, 1, 1, 1, 1, 1, 1, 1, 1, 1, 1, 1, 1, 1, 1, 1], [0, 1, 1, 1, 1, 1, 1, 1, 1, 1, 1, 0, 1, 1, 1, 1, 1, 1, 1, 1, 1, 1, 1, 1, 1, 1, 1], [0, 1, 1, 1, 1, 1, 1, 1, 1, 1, 1, 1, 0, 1, 1, 1, 1, 1, 1, 1, 1, 1, 1, 1, 1, 1, 1], [0, 1, 1, 1, 1, 1, 1, 1, 1, 1, 1, 1, 1, 0, 1, 1, 1, 1, 1, 1, 1, 1, 1, 1, 1, 1, 1], [0, 1, 1, 1, 1, 1, 1, 1, 1, 1, 1, 1, 1, 1, 0, 1, 1, 1, 1, 1, 1, 1, 1, 1, 1, 1, 1], [0, 1, 1, 1, 1, 1, 1, 1, 1, 1, 1, 1, 1, 1, 1, 0, 1, 1, 1, 1, 1, 1, 1, 1, 1, 1, 1], [0, 1, 1, 1, 1, 1, 1, 1, 1, 1, 1, 1, 1, 1, 1, 1, 0, 1, 1, 1, 1, 1, 1, 1, 1, 1, 1], [0, 1, 1, 1, 1, 1, 1, 1, 1, 1, 1, 1, 1, 1, 1, 1, 1, 0, 1, 1, 1, 1, 1, 1, 1, 1, 1], [0, 1, 1, 1, 1, 1, 1, 1, 1, 1, 1, 1, 1, 1, 1, 1, 1, 1, 0, 1, 1, 1, 1, 1, 1, 1, 1], [0, 1, 1, 1, 1, 1, 1, 1, 1, 1, 1, 1, 1, 1, 1, 1, 1, 1, 1, 0, 1, 1, 1, 1, 1, 1, 1], [0, 1, 1, 1, 1, 1, 1, 1, 1, 1, 1, 1, 1, 1, 1, 1, 1, 1, 1, 1, 0, 1, 1, 1, 1, 1, 1], [0, 1, 1, 1, 1, 1, 1, 1, 1, 1, 1, 1, 1, 1, 1, 1, 1, 1, 1, 1, 1, 0, 1, 1, 1, 1, 1], [0, 1, 1, 1, 1, 1, 1, 1, 1, 1, 1, 1, 1, 1, 1, 1, 1, 1, 1, 1, 1, 1, 0, 1, 1, 1, 1], [0, 1, 1, 1, 1, 1, 1, 1, 1, 1, 1, 1, 1, 1, 1, 1, 1, 1, 1, 1, 1, 1, 1, 0, 1, 1, 1], [0, 1, 1, 1, 1, 1, 1, 1, 1, 1, 1, 1, 1, 1, 1, 1, 1, 1, 1, 1, 1, 1, 1, 1, 0, 1, 1], [0, 1, 1, 1, 1, 1, 1, 1, 1, 1, 1, 1, 1, 1, 1, 1, 1, 1, 1, 1, 1, 1, 1, 1, 1, 0, 1], [0, 0, 0, 0, 0, 0, 0, 0, 0, 0, 0, 0, 0, 0, 0, 0, 0, 0, 0, 0, 0, 0, 0, 0, 0, 0, 0]], "vertex_count": 27}, "distances": [[0.0, 72.38, 57.84, 77.84, 69.48, 70.85, 82.09, 54.56, 88.04, 63.77, 87.39, 73.48, 68.5, 67.63, 69.23, 56.77, 70.73, 68.19, 73.6, 51.07, 88.75, 70.46, 69.1, 48.08, 80.02, 71.96, 96.15], [72.38, 0.0, 21.8, 36.79, 27.11, 8.21, 18.79, 19.98, 31.54, 20.14, 35.02, 11.32, 22.0, 7.67, 26.84, 17.83, 31.24, 4.56, 10.58, 25.79, 37.09, 24.82, 25.55, 24.49, 17.42, 33.42, 72.38], [57.84, 21.8, 0.0, 25.56, 14.28, 15.76, 24.42, 6.9, 30.92, 6.01, 31.38, 16.87, 11.24, 23.19, 13.93, 6.79, 17.6, 20.23, 17.25, 27.29, 33.12, 14.04, 13.18, 14.4, 22.4, 19.79, 57.84], [77.84, 36.79, 25.56, 0.0, 11.49, 28.69, 22.75, 32.33, 15.75, 20.96, 12.05, 25.59, 16.16, 42.44, 11.84, 31.54, 8.02, 38.37, 26.37, 52.33, 12.42, 12.8, 12.9, 39.94, 22.41, 6.11, 77.84], [69.48, 27.11, 14.28, 11.49, 0.0, 18.92, 18.16, 20.92, 18.8, 9.48, 17.97, 16.73, 5.17, 31.87, 8.7, 20.06, 4.19, 27.94, 17.5, 40.84, 19.47, 10.63, 9.97, 28.67, 16.84, 6.49, 69.48], [70.85, 8.21, 15.76, 28.69, 18.92, 0.0, 13.43, 16.41, 25.09, 12.65, 27.98, 19.19, 13.84, 14.11, 18.66, 14.15, 23.03, 9.98, 18.79, 28.91, 30.05, 16.61, 17.36, 23.06, 11.56, 25.21, 70.85], [82.09, 18.79, 24.42, 22.75, 18.16, 13.43, 0.0, 27.88, 12.96, 18.82, 17.03, 9.59, 15.51, 26.26, 18.13, 25.82, 20.88, 22.38, 9.88, 42.34, 19.02, 15.72, 17.26, 35.44, 17.23, 22.23, 82.09], [54.56, 19.98, 6.9, 32.33, 20.92, 16.41, 27.88, 0.0, 36.25, 11.79, 37.29, 18.94, 17.2, 19.1, 20.57, 13.69, 24.43, 17.11, 19.04, 20.41, 39.13, 20.32, 19.69, 8.04, 25.8, 26.65, 54.56], [88.04, 31.54, 30.92, 15.75, 18.8, 25.09, 12.96, 36.25, 0.0, 24.93, 4.94, 21.09, 19.74, 38.78, 19.0, 34.6, 18.86, 34.76, 21.64, 53.46, 6.55, 17.59, 18.98, 44.27, 14.12, 18.81, 88.04], [63.77, 20.14, 6.01, 20.96, 9.48, 12.65, 18.82, 11.79, 24.93, 0.0, 25.59, 12.46, 5.42, 23.49, 9.13, 10.67, 13.41, 19.85, 13.02, 31.38, 27.39, 8.56, 8.08, 19.78, 16.86, 15.73, 63.77], [87.39, 35.02, 31.38, 12.05, 17.97, 27.98, 17.03, 37.29, 4.94, 25.59, 0.0, 24.07, 20.18, 41.98, 18.24, 35.86, 16.94, 37.88, 24.71, 55.55, 11.49, 17.42, 18.55, 45.32, 17.83, 16.31, 87.39], [73.48, 11.32, 16.87, 25.59, 16.73, 19.19, 9.59, 18.94, 21.09, 12.46, 24.07, 0.0, 12.01, 17.91, 16.51, 16.76, 20.65, 13.81, 15.63, 32.84, 26.14, 14.24, 15.26, 26.15, 7.64, 22.69, 73.48], [68.5, 22.0, 11.24, 16.16, 5.17, 13.84, 15.51, 17.2, 19.74, 5.42, 20.18, 12.01, 0.0, 26.71, 4.88, 15.97, 9.36, 22.77, 12.75, 36.47, 21.97, 13.98, 13.51, 25.2, 13.81, 11.64, 68.5], [67.63, 7.67, 23.19, 42.44, 31.87, 14.11, 26.26, 19.1, 38.78, 23.49, 41.98, 17.91, 26.71, 0.0, 31.56, 17.44, 36.07, 12.23, 17.27, 18.85, 44.05, 29.88, 30.29, 21.05, 24.74, 38.35, 67.63], [69.23, 26.84, 13.93, 11.84, 8.7, 18.66, 18.13, 20.57, 19.0, 9.13, 18.24, 16.51, 4.88, 31.56, 0.0, 19.7, 4.5, 27.63, 17.28, 40.49, 19.76, 10.95, 10.28, 28.33, 16.78, 6.81, 69.23], [56.77, 17.83, 6.79, 31.54, 20.06, 14.15, 25.82, 13.69, 34.6, 10.67, 35.86, 16.76, 15.97, 17.44, 19.7, 0.0, 23.77, 15.16, 16.84, 20.84, 37.74, 19.21, 18.73, 9.74, 23.74, 26.04, 56.77], [70.73, 31.24, 17.6, 8.02, 4.19, 23.03, 20.88, 24.43, 18.86, 13.41, 16.94, 20.65, 9.36, 36.07, 4.5, 23.77, 0.0, 32.13, 21.43, 44.61, 18.09, 6.44, 5.78, 31.95, 19.83, 10.68, 70.73], [68.19, 4.56, 20.23, 38.37, 27.94, 9.98, 22.38, 17.11, 34.76, 19.85, 37.88, 13.81, 22.77, 12.23, 27.63, 15.16, 32.13, 0.0, 13.18, 21.25, 39.96, 25.88, 26.35, 20.59, 20.79, 34.4, 68.19], [73.6, 10.58, 17.25, 26.37, 17.5, 18.79, 9.88, 19.04, 21.64, 13.02, 24.71, 15.63, 12.75, 17.27, 17.28, 16.84, 21.43, 13.18, 0.0, 32.47, 26.78, 15.01, 16.03, 26.12, 7.99, 23.48, 73.6], [51.07, 25.79, 27.29, 52.33, 40.84, 28.91, 42.34, 20.41, 53.46, 31.38, 55.55, 32.84, 36.47, 18.85, 40.49, 20.84, 44.61, 21.25, 32.47, 0.0, 57.54, 39.8, 39.46, 14.65, 40.46, 46.88, 51.07], [88.75, 37.09, 33.12, 12.42, 19.47, 30.05, 19.02, 39.13, 6.55, 27.39, 11.49, 26.14, 21.97, 44.05, 19.76, 37.74, 18.09, 39.96, 26.78, 57.54, 0.0, 19.11, 20.16, 47.16, 19.87, 17.24, 88.75], [70.46, 24.82, 14.04, 12.8, 10.63, 16.61, 15.72, 20.32, 17.59, 8.56, 17.42, 14.24, 13.98, 29.88, 10.95, 19.21, 6.44, 25.88, 15.01, 39.8, 19.11, 0.0, 12.22, 28.26, 14.33, 8.6, 70.46], [69.1, 25.55, 13.18, 12.9, 9.97, 17.36, 17.26, 19.69, 18.98, 8.08, 18.55, 15.26, 13.51, 30.29, 10.28, 18.73, 5.78, 26.35, 16.03, 39.46, 20.16, 12.22, 0.0, 27.53, 15.82, 8.07, 69.1], [48.08, 24.49, 14.4, 39.94, 28.67, 23.06, 35.44, 8.04, 44.27, 19.78, 45.32, 26.15, 25.2, 21.05, 28.33, 9.74, 31.95, 20.59, 26.12, 14.65, 47.16, 28.26, 27.53, 0.0, 33.37, 34.09, 48.08], [80.02, 17.42, 22.4, 22.41, 16.84, 11.56, 17.23, 25.8, 14.12, 16.86, 17.83, 7.64, 13.81, 24.74, 16.78, 23.74, 19.83, 20.79, 7.99, 40.46, 19.87, 14.33, 15.82, 33.37, 0.0, 21.35, 80.02], [71.96, 33.42, 19.79, 6.11, 6.49, 25.21, 22.23, 26.65, 18.81, 15.73, 16.31, 22.69, 11.64, 38.35, 6.81, 26.04, 10.68, 34.4, 23.48, 46.88, 17.24, 8.6, 8.07, 34.09, 21.35, 0.0, 71.96], [96.15, 72.38, 57.84, 77.84, 69.48, 70.85, 82.09, 54.56, 88.04, 63.77, 87.39, 73.48, 68.5, 67.63, 69.23, 56.77, 70.73, 68.19, 73.6, 51.07, 88.75, 70.46, 69.1, 48.08, 80.02, 71.96, 0.0]], "end_depot": 26, "horizon": [0.0, 1637.82], "instance_name": "25_70_B_B3", "speed_zone_count": 3, "speed_zones": [[0.0, 545.94], [545.94, 1091.88], [1091.88, 1637.82]], "start_depot": 0, "vehicle_count": 25}