{"cluster_count": 3, "cluster_speeds": [[0.165, 0.44, 0.165], [0.255, 0.6, 0.255], [0.415, 0.83, 0.415]], "clusters": [[-1, 2, 2, 2, 2, 2, 2, 2, 2, 2, 2, 2, 2, 2, 2, 2, 2, 2, 2, 2, 2, 2, 2, 2, 2, 2, 2], [0, -1, 0, 0, 0, 0, 0, 0, 0, 0, 0, 0, 0, 0, 0, 0, 0, 0, 0, 0, 0, 0, 0, 0, 0, 0, 0], [0, 0, -1, 0, 0, 0, 0, 0, 0, 0, 0, 0, 0, 0, 0, 0, 0, 0, 0, 0, 0, 0, 0, 0, 0, 0, 0], [0, 0, 0, -1, 0, 0, 0, 0, 0, 0, 0, 0, 0, 0, 0, 0, 0, 0, 0, 0, 0, 0, 0, 0, 0, 0, 0], [1, 1, 1, 1, -1, 1, 1, 1, 1, 1, 1, 1, 1, 1, 1, 1, 1, 1, 1, 1, 1, 1, 1, 1, 1, 1, 1], [0, 0, 0, 0, 0, -1, 0, 0, 0, 0, 0, 0, 0, 0, 0, 0, 0, 0, 0, 0, 0, 0, 0, 0, 0, 0, 0], [0, 0, 0, 0, 0, 0, -1, 0, 0, 0, 0, 0, 0, 0, 0, 0, 0, 0, 0, 0, 0, 0, 0, 0, 0, 0, 0], [1, 1, 1, 1, 1, 1, 1, -1, 1, 1, 1, 1, 1, 1, 1, 1, 1, 1, 1, 1, 1, 1, 1, 1, 1, 1, 1], [0, 0, 0, 0, 0, 0, 0, 0, -1, 0, 0, 0, 0, 0, 0, 0, 0, 0, 0, 0, 0, 0, 0, 0, 0, 0, 0], [0, 0, 0, 0, 0, 0, 0, 0, 0, -1, 0, 0, 0, 0, 0, 0, 0, 0, 0, 0, 0, 0, 0, 0, 0, 0, 0], [0, 0, 0, 0, 0, 0, 0, 0, 0, 0, -1, 0, 0, 0, 0, 0, 0, 0, 0, 0, 0, 0, 0, 0, 0, 0, 0], [1, 1, 1, 1, 1, 1, 1, 1, 1, 1, 1, -1, 1, 1, 1, 1, 1, 1, 1, 1, 1, 1, 1, 1, 1, 1, 1], [0, 0, 0, 0, 0, 0, 0, 0, 0, 0, 0, 0, -1, 0, 0, 0, 0, 0, 0, 0, 0, 0, 0, 0, 0, 0, 0], [0, 0, 0, 0, 0, 0, 0, 0, 0, 0, 0, 0, 0, -1, 0, 0, 0, 0, 0, 0, 0, 0, 0, 0, 0, 0, 0], [1, 1, 1, 1, 1, 1, 1, 1, 1, 1, 1, 1, 1, 1, -1, 1, 1, 1, 1, 1, 1, 1, 1, 1, 1, 1, 1], [0, 0, 0, 0, 0, 0, 0, 0, 0, 0, 0, 0, 0, 0, 0, -1, 0, 0, 0, 0, 0, 0, 0, 0, 0, 0, 0], [0, 0, 0, 0, 0, 0, 0, 0, 0, 0, 0, 0, 0, 0, 0, 0, -1, 0, 0, 0, 0, 0, 0, 0, 0, 0, 0], [2, 2, 2, 2, 2, 2, 2, 2, 2, 2, 2, 2, 2, 2, 2, 2, 2, -1, 2, 2, 2, 2, 2, 2, 2, 2, 2], [0, 0, 0, 0, 0, 0, 0, 0, 0, 0, 0, 0, 0, 0, 0, 0, 0, 0, -1, 0, 0, 0, 0, 0, 0, 0, 0], [0, 0, 0, 0, 0, 0, 0, 0, 0, 0, 0, 0, 0, 0, 0, 0, 0, 0, 0, -1, 0, 0, 0, 0, 0, 0, 0], [0, 0, 0, 0, 0, 0, 0, 0, 0, 0, 0, 0, 0, 0, 0, 0, 0, 0, 0, 0, -1, 0, 0, 0, 0, 0, 0], [0, 0, 0, 0, 0, 0, 0, 0, 0, 0, 0, 0, 0, 0, 0, 0, 0, 0, 0, 0, 0, -1, 0, 0, 0, 0, 0], [0, 0, 0, 0, 0, 0, 0, 0, 0, 0, 0, 0, 0, 0, 0, 0, 0, 0, 0, 0, 0, 0, -1, 0, 0, 0, 0], [0, 0, 0, 0, 0, 0, 0, 0, 0, 0, 0, 0, 0, 0, 0, 0, 0, 0, 0, 0, 0, 0, 0, -1, 0, 0, 0], [0, 0, 0, 0, 0, 0, 0, 0, 0, 0, 0, 0, 0, 0, 0, 0, 0, 0, 0, 0, 0, 0, 0, 0, -1, 0, 0], [0, 0, 0, 0, 0, 0, 0, 0, 0, 0, 0, 0, 0, 0, 0, 0, 0, 0, 0, 0, 0, 0, 0, 0, 0, -1, 0], [2, 2, 2, 2, 2, 2, 2, 2, 2, 2, 2, 2, 2, 2, 2, 2, 2, 2, 2, 2, 2, 2, 2, 2, 2, 2, -1]], "dataset_name": "cordeau_et_al_2014", "digraph": {"arc_count": 650, "arcs": [[0, 1, 1, 1, 1, 1, 1, 1, 1, 1, 1, 1, 1, 1, 1, 1, 1, 1, 1, 1, 1, 1, 1, 1, 1, 1, 0], [0, 0, 1, 1, 1, 1, 1, 1, 1, 1, 1, 1, 1, 1, 1, 1, 1, 1, 1, 1, 1, 1, 1, 1, 1, 1, 1], [0, 1, 0, 1, 1, 1, 1, 1, 1, 1, 1, 1, 1, 1, 1, 1, 1, 1, 1, 1, 1, 1, 1, 1, 1, 1, 1], [0, 1, 1, 0, 1, 1, 1, 1, 1, 1, 1, 1, 1, 1, 1, 1, 1, 1, 1, 1, 1, 1, 1, 1, 1, 1, 1], [0, 1, 1, 1, 0, 1, 1, 1, 1, 1, 1, 1, 1, 1, 1, 1, 1, 1, 1, 1, 1, 1, 1, 1, 1, 1, 1], [0, 1, 1, 1, 1, 0, 1, 1, 1, 1, 1, 1, 1, 1, 1, 1, 1, 1, 1, 1, 1, 1, 1, 1, 1, 1, 1], [0, 1, 1, 1, 1, 1, 0, 1, 1, 1, 1, 1, 1, 1, 1, 1, 1, 1, 1, 1, 1, 1, 1, 1, 1, 1, 1], [0, 1, 1, 1, 1, 1, 1, 0, 1, 1, 1, 1, 1, 1, 1, 1, 1, 1, 1, 1, 1, 1, 1, 1, 1, 1, 1], [0, 1, 1, 1, 1, 1, 1, 1, 0, 1, 1, 1, 1, 1, 1, 1, 1, 1, 1, 1, 1, 1, 1, 1, 1, 1, 1], [0, 1, 1, 1, 1, 1, 1, 1, 1, 0, 1, 1, 1, 1, 1, 1, 1, 1, 1, 1, 1, 1, 1, 1, 1, 1, 1], [0, 1, 1, 1, 1, 1, 1, 1, 1, 1, 0, 1, 1, 1, 1, 1, 1, 1, 1, 1, 1, 1, 1, 1, 1, 1, 1], [0, 1, 1, 1, 1, 1, 1, 1, 1, 1, 1, 0, 1, 1, 1, 1, 1, 1, 1, 1, 1, 1, 1, 1, 1, 1, 1], [0, 1, 1, 1, 1, 1, 1, 1, 1, 1, 1, 1, 0, 1, 1, 1, 1, 1, 1, 1, 1, 1, 1, 1, 1, 1, 1], [0, 1, 1, 1, 1, 1, 1, 1, 1, 1, 1, 1, 1, 0, 1, 1, 1, 1, 1, 1, 1, 1, 1, 1, 1, 1, 1], [0, 1, 1, 1, 1, 1, 1, 1, 1, 1, 1, 1, 1, 1, 0, 1, 1, 1, 1, 1, 1, 1, 1, 1, 1, 1, 1], [0, 1, 1, 1, 1, 1, 1, 1, 1, 1, 1, 1, 1, 1, 1, 0, 1, 1, 1, 1, 1, 1, 1, 1, 1, 1, 1], [0, 1, 1, 1, 1, 1, 1, 1, 1, 1, 1, 1, 1, 1, 1, 1, 0, 1, 1, 1, 1, 1, 1, 1, 1, 1, 1], [0, 1, 1, 1, 1, 1, 1, 1, 1, 1, 1, 1, 1, 1, 1, 1, 1, 0, 1, 1, 1, 1, 1, 1, 1, 1, 1], [0, 1, 1, 1, 1, 1, 1, 1, 1, 1, 1, 1, 1, 1, 1, 1, 1, 1, 0, 1, 1, 1, 1, 1, 1, 1, 1], [0, 1, 1, 1, 1, 1, 1, 1, 1, 1, 1, 1, 1, 1, 1, 1, 1, 1, 1, 0, 1, 1, 1, 1, 1, 1, 1], [0, 1, 1, 1, 1, 1, 1, 1, 1, 1, 1, 1, 1, 1, 1, 1, 1, 1, 1, 1, 0, 1, 1, 1, 1, 1, 1], [0, 1, 1, 1, 1, 1, 1, 1, 1, 1, 1, 1, 1, 1, 1, 1, 1, 1, 1, 1, 1, 0, 1, 1, 1, 1, 1], [0, 1, 1, 1, 1, 1, 1, 1, 1, 1, 1, 1, 1, 1, 1, 1, 1, 1, 1, 1, 1, 1, 0, 1, 1, 1, 1], [0, 1, 1, 1, 1, 1, 1, 1, 1, 1, 1, 1, 1, 1, 1, 1, 1, 1, 1, 1, 1, 1, 1, 0, 1, 1, 1], [0, 1, 1, 1, 1, 1, 1, 1, 1, 1, 1, 1, 1, 1, 1, 1, 1, 1, 1, 1, 1, 1, 1, 1, 0, 1, 1], [0, 1, 1, 1, 1, 1, 1, 1, 1, 1, 1, 1, 1, 1, 1, 1, 1, 1, 1, 1, 1, 1, 1, 1, 1, 0, 1], [0, 0, 0, 0, 0, 0, 0, 0, 0, 0, 0, 0, 0, 0, 0, 0, 0, 0, 0, 0, 0, 0, 0, 0, 0, 0, 0]], "vertex_count": 27}, "distances": [[0.0, 73.16, 66.17, 77.49, 53.31, 56.09, 72.44, 78.16, 59.37, 72.97, 65.78, 54.73, 57.83, 75.27, 50.6, 76.18, 59.21, 98.78, 80.84, 68.58, 69.32, 71.03, 67.97, 77.1, 73.47, 59.92, 101.2], [73.16, 0.0, 9.7, 8.22, 19.92, 17.89, 5.58, 28.2, 15.04, 12.3, 8.05, 18.74, 16.6, 12.82, 24.88, 16.77, 14.61, 27.41, 13.18, 10.05, 5.09, 18.52, 6.59, 14.18, 9.32, 13.84, 73.16], [66.17, 9.7, 0.0, 11.32, 14.76, 10.1, 13.48, 22.92, 6.81, 7.84, 12.58, 14.55, 8.34, 10.49, 21.98, 13.37, 7.21, 32.64, 15.0, 15.33, 10.21, 11.94, 10.48, 12.5, 11.78, 6.65, 66.17], [77.49, 8.22, 11.32, 0.0, 25.35, 21.4, 13.61, 21.43, 18.11, 5.99, 12.16, 24.66, 19.66, 6.33, 31.58, 9.96, 18.36, 21.38, 4.97, 9.24, 13.1, 13.69, 14.47, 6.86, 10.52, 17.7, 77.49], [53.31, 19.92, 14.76, 25.35, 0.0, 6.59, 19.39, 35.46, 8.92, 20.09, 13.18, 14.29, 8.19, 25.22, 8.09, 27.74, 7.83, 46.6, 29.58, 17.81, 16.06, 24.73, 14.79, 27.23, 20.18, 8.21, 53.31], [56.09, 17.89, 10.1, 21.4, 6.59, 0.0, 19.25, 29.01, 15.51, 17.1, 9.95, 7.7, 14.77, 19.99, 14.68, 22.01, 14.41, 42.75, 25.03, 12.76, 15.53, 18.46, 14.73, 21.96, 19.01, 14.79, 56.09], [72.44, 5.58, 13.48, 13.61, 19.39, 19.25, 0.0, 33.7, 17.04, 8.49, 10.76, 17.77, 18.42, 18.38, 22.61, 22.33, 16.16, 30.88, 18.47, 14.75, 10.67, 23.73, 4.65, 19.75, 10.36, 15.41, 72.44], [78.16, 28.2, 22.92, 21.43, 35.46, 29.01, 33.7, 0.0, 26.64, 25.24, 26.14, 36.06, 27.29, 15.47, 43.49, 11.55, 27.94, 30.35, 18.42, 20.15, 31.65, 11.04, 32.5, 14.57, 30.85, 27.84, 78.16], [59.37, 15.04, 6.81, 18.11, 8.92, 15.51, 17.04, 26.64, 0.0, 13.99, 6.99, 9.43, 15.15, 16.77, 16.86, 18.96, 13.67, 39.45, 21.73, 9.48, 13.3, 15.82, 12.76, 18.75, 16.4, 12.91, 59.37], [72.97, 12.3, 7.84, 5.99, 20.09, 17.1, 8.49, 25.24, 13.99, 0.0, 7.2, 19.17, 15.59, 9.9, 25.83, 13.85, 13.86, 26.57, 10.93, 7.49, 7.21, 15.59, 8.52, 11.35, 5.63, 13.12, 72.97], [65.78, 8.05, 12.58, 12.16, 13.18, 9.95, 10.76, 26.14, 6.99, 7.2, 0.0, 12.56, 8.56, 12.89, 19.73, 16.16, 6.68, 33.45, 16.51, 6.05, 7.23, 15.22, 7.29, 14.85, 9.6, 5.93, 65.78], [54.73, 18.74, 14.55, 24.66, 14.29, 7.7, 17.77, 36.06, 9.43, 19.17, 12.56, 0.0, 9.02, 25.04, 7.51, 27.79, 8.13, 45.74, 29.07, 17.67, 14.59, 25.17, 13.24, 27.05, 18.77, 8.32, 54.73], [57.83, 16.6, 8.34, 19.66, 8.19, 14.77, 18.42, 27.29, 15.15, 15.59, 8.56, 9.02, 0.0, 18.09, 16.26, 20.11, 15.24, 40.97, 23.19, 10.9, 14.68, 16.64, 14.04, 20.07, 17.9, 14.48, 57.83], [75.27, 12.82, 10.49, 6.33, 25.22, 19.99, 18.38, 15.47, 16.77, 9.9, 12.89, 25.04, 18.09, 0.0, 32.44, 13.27, 17.51, 24.0, 6.09, 7.41, 16.77, 7.54, 17.84, 11.11, 15.45, 17.03, 75.27], [50.6, 24.88, 21.98, 31.58, 8.09, 14.68, 22.61, 43.49, 16.86, 25.83, 19.73, 7.51, 16.26, 32.44, 0.0, 35.28, 15.61, 52.26, 36.18, 25.11, 20.14, 32.66, 18.63, 34.44, 24.34, 15.83, 50.6], [76.18, 16.77, 13.37, 9.96, 27.74, 22.01, 22.33, 11.55, 18.96, 13.85, 16.16, 27.79, 20.11, 13.27, 35.28, 0.0, 19.92, 24.42, 7.96, 10.25, 20.62, 5.74, 21.63, 12.98, 19.4, 19.55, 76.18], [59.21, 14.61, 7.21, 18.36, 7.83, 14.41, 16.16, 27.94, 13.67, 13.86, 6.68, 8.13, 15.24, 17.51, 15.61, 19.92, 0.0, 39.74, 22.22, 10.12, 12.42, 17.05, 11.75, 19.51, 15.77, 12.61, 59.21], [98.78, 27.41, 32.64, 21.38, 46.6, 42.75, 30.88, 30.35, 39.45, 26.57, 33.45, 45.74, 40.97, 24.0, 52.26, 24.42, 39.74, 0.0, 18.07, 30.22, 32.35, 30.15, 33.88, 22.45, 28.38, 39.08, 98.78], [80.84, 13.18, 15.0, 4.97, 29.58, 25.03, 18.47, 18.42, 21.73, 10.93, 16.51, 29.07, 23.19, 6.09, 36.18, 7.96, 22.22, 18.07, 0.0, 12.31, 18.07, 13.2, 19.44, 5.02, 15.38, 21.63, 80.84], [68.58, 10.05, 15.33, 9.24, 17.81, 12.76, 14.75, 20.15, 9.48, 7.49, 6.05, 17.67, 10.9, 7.41, 25.11, 10.25, 10.12, 30.22, 12.31, 0.0, 11.95, 9.36, 12.55, 9.42, 12.51, 9.63, 68.58], [69.32, 5.09, 10.21, 13.1, 16.06, 15.53, 10.67, 31.65, 13.3, 7.21, 7.23, 14.59, 14.68, 16.77, 20.14, 20.62, 12.42, 32.35, 18.07, 11.95, 0.0, 21.23, 9.94, 18.39, 4.23, 11.67, 69.32], [71.03, 18.52, 11.94, 13.69, 24.73, 18.46, 23.73, 11.04, 15.82, 15.59, 15.22, 25.17, 16.64, 7.54, 32.66, 5.74, 17.05, 30.15, 13.2, 9.36, 21.23, 0.0, 21.9, 8.18, 21.15, 16.89, 71.03], [67.97, 6.59, 10.48, 14.47, 14.79, 14.73, 4.65, 32.5, 12.76, 8.52, 7.29, 13.24, 14.04, 17.84, 18.63, 21.63, 11.75, 33.88, 19.44, 12.55, 9.94, 21.9, 0.0, 19.53, 5.71, 11.02, 67.97], [77.1, 14.18, 12.5, 6.86, 27.23, 21.96, 19.75, 14.57, 18.75, 11.35, 14.85, 27.05, 20.07, 11.11, 34.44, 12.98, 19.51, 22.45, 5.02, 9.42, 18.39, 8.18, 19.53, 0.0, 16.74, 19.04, 77.1], [73.47, 9.32, 11.78, 10.52, 20.18, 19.01, 10.36, 30.85, 16.4, 5.63, 9.6, 18.77, 17.9, 15.45, 24.34, 19.4, 15.77, 28.38, 15.38, 12.51, 4.23, 21.15, 5.71, 16.74, 0.0, 14.99, 73.47], [59.92, 13.84, 6.65, 17.7, 8.21, 14.79, 15.41, 27.84, 12.91, 13.12, 5.93, 8.32, 14.48, 17.03, 15.83, 19.55, 12.61, 39.08, 21.63, 9.63, 11.67, 16.89, 11.02, 19.04, 14.99, 0.0, 59.92], [101.2, 73.16, 66.17, 77.49, 53.31, 56.09, 72.44, 78.16, 59.37, 72.97, 65.78, 54.73, 57.83, 75.27, 50.6, 76.18, 59.21, 98.78, 80.84, 68.58, 69.32, 71.03, 67.97, 77.1, 73.47, 59.92, 0.0]], "end_depot": 26, "horizon": [0.0, 1636.17], "instance_name": "25_75_B_B1", "speed_zone_count": 3, "speed_zones": [[0.0, 545.39], [545.39, 1090.78], [1090.78, 1636.17]], "start_depot": 0, "vehicle_count": 25}