{"cluster_count": 3, "cluster_speeds": [[0.154, 0.44, 0.154], [0.24, 0.6, 0.24], [0.415, 0.83, 0.415]], "clusters": [[-1, 2, 2, 2, 2, 2, 2, 2, 2, 2, 2, 2, 2, 2, 2, 2, 2, 2, 2, 2, 2, 2, 2, 2, 2, 2, 2], [0, -1, 0, 0, 0, 0, 0, 0, 0, 0, 0, 0, 0, 0, 0, 0, 0, 0, 0, 0, 0, 0, 0, 0, 0, 0, 0], [1, 1, -1, 1, 1, 1, 1, 1, 1, 1, 1, 1, 1, 1, 1, 1, 1, 1, 1, 1, 1, 1, 1, 1, 1, 1, 1], [0, 0, 0, -1, 0, 0, 0, 0, 0, 0, 0, 0, 0, 0, 0, 0, 0, 0, 0, 0, 0, 0, 0, 0, 0, 0, 0], [0, 0, 0, 0, -1, 0, 0, 0, 0, 0, 0, 0, 0, 0, 0, 0, 0, 0, 0, 0, 0, 0, 0, 0, 0, 0, 0], [2, 2, 2, 2, 2, -1, 2, 2, 2, 2, 2, 2, 2, 2, 2, 2, 2, 2, 2, 2, 2, 2, 2, 2, 2, 2, 2], [1, 1, 1, 1, 1, 1, -1, 1, 1, 1, 1, 1, 1, 1, 1, 1, 1, 1, 1, 1, 1, 1, 1, 1, 1, 1, 1], [0, 0, 0, 0, 0, 0, 0, -1, 0, 0, 0, 0, 0, 0, 0, 0, 0, 0, 0, 0, 0, 0, 0, 0, 0, 0, 0], [0, 0, 0, 0, 0, 0, 0, 0, -1, 0, 0, 0, 0, 0, 0, 0, 0, 0, 0, 0, 0, 0, 0, 0, 0, 0, 0], [0, 0, 0, 0, 0, 0, 0, 0, 0, -1, 0, 0, 0, 0, 0, 0, 0, 0, 0, 0, 0, 0, 0, 0, 0, 0, 0], [0, 0, 0, 0, 0, 0, 0, 0, 0, 0, -1, 0, 0, 0, 0, 0, 0, 0, 0, 0, 0, 0, 0, 0, 0, 0, 0], [0, 0, 0, 0, 0, 0, 0, 0, 0, 0, 0, -1, 0, 0, 0, 0, 0, 0, 0, 0, 0, 0, 0, 0, 0, 0, 0], [1, 1, 1, 1, 1, 1, 1, 1, 1, 1, 1, 1, -1, 1, 1, 1, 1, 1, 1, 1, 1, 1, 1, 1, 1, 1, 1], [0, 0, 0, 0, 0, 0, 0, 0, 0, 0, 0, 0, 0, -1, 0, 0, 0, 0, 0, 0, 0, 0, 0, 0, 0, 0, 0], [0, 0, 0, 0, 0, 0, 0, 0, 0, 0, 0, 0, 0, 0, -1, 0, 0, 0, 0, 0, 0, 0, 0, 0, 0, 0, 0], [0, 0, 0, 0, 0, 0, 0, 0, 0, 0, 0, 0, 0, 0, 0, -1, 0, 0, 0, 0, 0, 0, 0, 0, 0, 0, 0], [0, 0, 0, 0, 0, 0, 0, 0, 0, 0, 0, 0, 0, 0, 0, 0, -1, 0, 0, 0, 0, 0, 0, 0, 0, 0, 0], [0, 0, 0, 0, 0, 0, 0, 0, 0, 0, 0, 0, 0, 0, 0, 0, 0, -1, 0, 0, 0, 0, 0, 0, 0, 0, 0], [0, 0, 0, 0, 0, 0, 0, 0, 0, 0, 0, 0, 0, 0, 0, 0, 0, 0, -1, 0, 0, 0, 0, 0, 0, 0, 0], [0, 0, 0, 0, 0, 0, 0, 0, 0, 0, 0, 0, 0, 0, 0, 0, 0, 0, 0, -1, 0, 0, 0, 0, 0, 0, 0], [0, 0, 0, 0, 0, 0, 0, 0, 0, 0, 0, 0, 0, 0, 0, 0, 0, 0, 0, 0, -1, 0, 0, 0, 0, 0, 0], [0, 0, 0, 0, 0, 0, 0, 0, 0, 0, 0, 0, 0, 0, 0, 0, 0, 0, 0, 0, 0, -1, 0, 0, 0, 0, 0], [2, 2, 2, 2, 2, 2, 2, 2, 2, 2, 2, 2, 2, 2, 2, 2, 2, 2, 2, 2, 2, 2, -1, 2, 2, 2, 2], [0, 0, 0, 0, 0, 0, 0, 0, 0, 0, 0, 0, 0, 0, 0, 0, 0, 0, 0, 0, 0, 0, 0, -1, 0, 0, 0], [0, 0, 0, 0, 0, 0, 0, 0, 0, 0, 0, 0, 0, 0, 0, 0, 0, 0, 0, 0, 0, 0, 0, 0, -1, 0, 0], [0, 0, 0, 0, 0, 0, 0, 0, 0, 0, 0, 0, 0, 0, 0, 0, 0, 0, 0, 0, 0, 0, 0, 0, 0, -1, 0], [2, 2, 2, 2, 2, 2, 2, 2, 2, 2, 2, 2, 2, 2, 2, 2, 2, 2, 2, 2, 2, 2, 2, 2, 2, 2, -1]], "dataset_name": "cordeau_et_al_2014", "digraph": {"arc_count": 650, "arcs": [[0, 1, 1, 1, 1, 1, 1, 1, 1, 1, 1, 1, 1, 1, 1, 1, 1, 1, 1, 1, 1, 1, 1, 1, 1, 1, 0], [0, 0, 1, 1, 1, 1, 1, 1, 1, 1, 1, 1, 1, 1, 1, 1, 1, 1, 1, 1, 1, 1, 1, 1, 1, 1, 1], [0, 1, 0, 1, 1, 1, 1, 1, 1, 1, 1, 1, 1, 1, 1, 1, 1, 1, 1, 1, 1, 1, 1, 1, 1, 1, 1], [0, 1, 1, 0, 1, 1, 1, 1, 1, 1, 1, 1, 1, 1, 1, 1, 1, 1, 1, 1, 1, 1, 1, 1, 1, 1, 1], [0, 1, 1, 1, 0, 1, 1, 1, 1, 1, 1, 1, 1, 1, 1, 1, 1, 1, 1, 1, 1, 1, 1, 1, 1, 1, 1], [0, 1, 1, 1, 1, 0, 1, 1, 1, 1, 1, 1, 1, 1, 1, 1, 1, 1, 1, 1, 1, 1, 1, 1, 1, 1, 1], [0, 1, 1, 1, 1, 1, 0, 1, 1, 1, 1, 1, 1, 1, 1, 1, 1, 1, 1, 1, 1, 1, 1, 1, 1, 1, 1], [0, 1, 1, 1, 1, 1, 1, 0, 1, 1, 1, 1, 1, 1, 1, 1, 1, 1, 1, 1, 1, 1, 1, 1, 1, 1, 1], [0, 1, 1, 1, 1, 1, 1, 1, 0, 1, 1, 1, 1, 1, 1, 1, 1, 1, 1, 1, 1, 1, 1, 1, 1, 1, 1], [0, 1, 1, 1, 1, 1, 1, 1, 1, 0, 1, 1, 1, 1, 1, 1, 1, 1, 1, 1, 1, 1, 1, 1, 1, 1, 1], [0, 1, 1, 1, 1, 1, 1, 1, 1, 1, 0, 1, 1, 1, 1, 1, 1, 1, 1, 1, 1, 1, 1, 1, 1, 1, 1], [0, 1, 1, 1, 1, 1, 1, 1, 1, 1, 1, 0, 1, 1, 1, 1, 1, 1, 1, 1, 1, 1, 1, 1, 1, 1, 1], [0, 1, 1, 1, 1, 1, 1, 1, 1, 1, 1, 1, 0, 1, 1, 1, 1, 1, 1, 1, 1, 1, 1, 1, 1, 1, 1], [0, 1, 1, 1, 1, 1, 1, 1, 1, 1, 1, 1, 1, 0, 1, 1, 1, 1, 1, 1, 1, 1, 1, 1, 1, 1, 1], [0, 1, 1, 1, 1, 1, 1, 1, 1, 1, 1, 1, 1, 1, 0, 1, 1, 1, 1, 1, 1, 1, 1, 1, 1, 1, 1], [0, 1, 1, 1, 1, 1, 1, 1, 1, 1, 1, 1, 1, 1, 1, 0, 1, 1, 1, 1, 1, 1, 1, 1, 1, 1, 1], [0, 1, 1, 1, 1, 1, 1, 1, 1, 1, 1, 1, 1, 1, 1, 1, 0, 1, 1, 1, 1, 1, 1, 1, 1, 1, 1], [0, 1, 1, 1, 1, 1, 1, 1, 1, 1, 1, 1, 1, 1, 1, 1, 1, 0, 1, 1, 1, 1, 1, 1, 1, 1, 1], [0, 1, 1, 1, 1, 1, 1, 1, 1, 1, 1, 1, 1, 1, 1, 1, 1, 1, 0, 1, 1, 1, 1, 1, 1, 1, 1], [0, 1, 1, 1, 1, 1, 1, 1, 1, 1, 1, 1, 1, 1, 1, 1, 1, 1, 1, 0, 1, 1, 1, 1, 1, 1, 1], [0, 1, 1, 1, 1, 1, 1, 1, 1, 1, 1, 1, 1, 1, 1, 1, 1, 1, 1, 1, 0, 1, 1, 1, 1, 1, 1], [0, 1, 1, 1, 1, 1, 1, 1, 1, 1, 1, 1, 1, 1, 1, 1, 1, 1, 1, 1, 1, 0, 1, 1, 1, 1, 1], [0, 1, 1, 1, 1, 1, 1, 1, 1, 1, 1, 1, 1, 1, 1, 1, 1, 1, 1, 1, 1, 1, 0, 1, 1, 1, 1], [0, 1, 1, 1, 1, 1, 1, 1, 1, 1, 1, 1, 1, 1, 1, 1, 1, 1, 1, 1, 1, 1, 1, 0, 1, 1, 1], [0, 1, 1, 1, 1, 1, 1, 1, 1, 1, 1, 1, 1, 1, 1, 1, 1, 1, 1, 1, 1, 1, 1, 1, 0, 1, 1], [0, 1, 1, 1, 1, 1, 1, 1, 1, 1, 1, 1, 1, 1, 1, 1, 1, 1, 1, 1, 1, 1, 1, 1, 1, 0, 1], [0, 0, 0, 0, 0, 0, 0, 0, 0, 0, 0, 0, 0, 0, 0, 0, 0, 0, 0, 0, 0, 0, 0, 0, 0, 0, 0]], "vertex_count": 27}, "distances": [[0.0, 72.4, 78.13, 76.53, 75.11, 55.3, 80.17, 63.3, 71.35, 72.57, 74.33, 65.31, 89.2, 60.99, 74.42, 72.51, 73.78, 68.7, 69.65, 69.37, 67.88, 77.21, 47.88, 71.38, 69.15, 73.37, 95.76], [72.4, 0.0, 21.29, 10.69, 18.43, 26.64, 18.31, 9.41, 9.53, 13.84, 17.87, 9.07, 19.65, 12.09, 6.69, 7.02, 11.42, 4.94, 15.13, 11.35, 11.41, 5.83, 25.48, 10.42, 8.77, 8.7, 72.4], [78.13, 21.29, 0.0, 11.0, 10.42, 44.94, 4.84, 22.33, 12.55, 24.38, 4.46, 18.72, 16.49, 22.59, 14.68, 14.42, 18.27, 25.17, 23.83, 12.38, 32.25, 17.8, 38.47, 19.92, 14.69, 12.64, 78.13], [76.53, 10.69, 11.0, 0.0, 8.85, 36.31, 7.62, 14.85, 5.18, 13.66, 8.6, 11.77, 12.69, 16.31, 9.67, 4.82, 7.53, 15.14, 13.68, 7.33, 22.03, 6.83, 32.38, 9.66, 7.49, 11.72, 76.53], [75.11, 18.43, 10.42, 8.85, 0.0, 41.42, 5.57, 18.79, 9.28, 21.56, 11.72, 15.18, 17.22, 18.99, 12.04, 11.43, 15.56, 22.02, 20.74, 8.85, 29.1, 15.63, 34.87, 16.93, 11.27, 9.74, 75.11], [55.3, 26.64, 44.94, 36.31, 41.42, 0.0, 43.48, 22.64, 32.62, 24.77, 40.6, 26.24, 46.22, 22.9, 32.43, 31.57, 29.57, 21.7, 23.19, 32.57, 16.51, 32.45, 12.96, 26.96, 30.3, 33.31, 55.3], [80.17, 18.31, 4.84, 7.62, 5.57, 43.48, 0.0, 21.28, 10.97, 21.26, 6.15, 17.81, 11.87, 22.13, 11.63, 12.0, 15.15, 22.68, 21.24, 11.79, 29.63, 13.98, 38.35, 17.23, 13.42, 10.21, 80.17], [63.3, 9.41, 22.33, 14.85, 18.79, 22.64, 21.28, 0.0, 10.33, 10.69, 17.97, 12.29, 26.79, 16.78, 11.66, 10.1, 10.48, 7.64, 7.67, 9.95, 12.95, 13.92, 17.57, 8.13, 7.86, 11.55, 63.3], [71.35, 9.53, 12.55, 5.18, 9.28, 32.62, 10.97, 10.33, 0.0, 12.64, 8.6, 6.93, 17.86, 11.39, 4.49, 10.0, 7.15, 12.75, 11.5, 11.49, 19.83, 8.76, 27.61, 7.85, 10.14, 13.02, 71.35], [72.57, 13.84, 24.38, 13.66, 21.56, 24.77, 21.26, 10.69, 12.64, 0.0, 21.0, 11.27, 21.52, 13.46, 9.73, 10.14, 6.14, 10.3, 12.57, 14.36, 8.82, 8.01, 25.08, 4.82, 11.71, 11.82, 72.57], [74.33, 17.87, 4.46, 8.6, 11.72, 40.6, 6.15, 17.97, 8.6, 21.0, 0.0, 14.36, 17.61, 18.14, 11.58, 10.86, 15.06, 21.35, 20.09, 8.04, 28.43, 15.3, 34.01, 16.33, 10.51, 9.21, 74.33], [65.31, 9.07, 18.72, 11.77, 15.18, 26.24, 17.81, 12.29, 6.93, 11.27, 14.36, 0.0, 24.14, 4.54, 9.12, 7.27, 8.98, 9.25, 8.69, 6.34, 15.61, 12.2, 20.69, 7.34, 4.43, 8.45, 65.31], [89.2, 19.65, 16.49, 12.69, 17.22, 46.22, 11.87, 26.79, 17.86, 21.52, 17.61, 24.14, 0.0, 28.64, 15.14, 16.87, 16.98, 24.58, 23.12, 19.95, 30.24, 13.82, 44.29, 19.69, 20.08, 15.85, 89.2], [60.99, 12.09, 22.59, 16.31, 18.99, 22.9, 22.13, 16.78, 11.39, 13.46, 18.14, 4.54, 28.64, 0.0, 13.56, 11.78, 12.87, 10.34, 10.44, 10.4, 15.12, 16.26, 16.24, 10.7, 8.91, 12.99, 60.99], [74.42, 6.69, 14.68, 9.67, 12.04, 32.43, 11.63, 11.66, 4.49, 9.73, 11.58, 9.12, 15.14, 13.56, 0.0, 10.42, 11.64, 11.12, 9.65, 7.0, 18.0, 4.28, 29.21, 5.63, 5.65, 9.88, 74.42], [72.51, 7.02, 14.42, 4.82, 11.43, 31.57, 12.0, 10.1, 10.0, 10.14, 10.86, 7.27, 16.87, 11.78, 10.42, 0.0, 4.41, 10.8, 9.42, 5.15, 17.85, 6.14, 27.67, 5.51, 11.54, 9.89, 72.51], [73.78, 11.42, 18.27, 7.53, 15.56, 29.57, 15.15, 10.48, 7.15, 6.14, 15.06, 8.98, 16.98, 12.87, 11.64, 4.41, 0.0, 7.93, 6.43, 9.35, 14.58, 10.55, 27.52, 9.92, 7.13, 5.86, 73.78], [68.7, 4.94, 25.17, 15.14, 22.02, 21.7, 22.68, 7.64, 12.75, 10.3, 21.35, 9.25, 24.58, 10.34, 11.12, 10.8, 7.93, 0.0, 14.37, 13.87, 7.09, 10.77, 21.22, 5.48, 11.13, 12.61, 68.7], [69.65, 15.13, 23.83, 13.68, 20.74, 23.19, 21.24, 7.67, 11.5, 12.57, 20.09, 8.69, 23.12, 10.44, 9.65, 9.42, 6.43, 14.37, 0.0, 12.78, 8.43, 9.3, 22.35, 14.93, 10.05, 11.23, 69.65], [69.37, 11.35, 12.38, 7.33, 8.85, 32.57, 11.79, 9.95, 11.49, 14.36, 8.04, 6.34, 19.95, 10.4, 7.0, 5.15, 9.35, 13.87, 12.78, 0.0, 20.84, 11.25, 26.58, 9.54, 8.97, 4.74, 69.37], [67.88, 11.41, 32.25, 22.03, 29.1, 16.51, 29.63, 12.95, 19.83, 8.82, 28.43, 15.61, 30.24, 15.12, 18.0, 17.85, 14.58, 7.09, 8.43, 20.84, 0.0, 16.83, 20.08, 12.42, 18.13, 19.66, 67.88], [77.21, 5.83, 17.8, 6.83, 15.63, 32.45, 13.98, 13.92, 8.76, 8.01, 15.3, 12.2, 13.82, 16.26, 4.28, 6.14, 10.55, 10.77, 9.3, 11.25, 16.83, 0.0, 30.93, 6.06, 9.59, 6.8, 77.21], [47.88, 25.48, 38.47, 32.38, 34.87, 12.96, 38.35, 17.57, 27.61, 25.08, 34.01, 20.69, 44.29, 16.24, 29.21, 27.67, 27.52, 21.22, 22.35, 26.58, 20.08, 30.93, 0.0, 24.87, 25.11, 29.07, 47.88], [71.38, 10.42, 19.92, 9.66, 16.93, 26.96, 17.23, 8.13, 7.85, 4.82, 16.33, 7.34, 19.69, 10.7, 5.63, 5.51, 9.92, 5.48, 14.93, 9.54, 12.42, 6.06, 24.87, 0.0, 6.92, 7.28, 71.38], [69.15, 8.77, 14.69, 7.49, 11.27, 30.3, 13.42, 7.86, 10.14, 11.71, 10.51, 4.43, 20.08, 8.91, 5.65, 11.54, 7.13, 11.13, 10.05, 8.97, 18.13, 9.59, 25.11, 6.92, 0.0, 4.23, 69.15], [73.37, 8.7, 12.64, 11.72, 9.74, 33.31, 10.21, 11.55, 13.02, 11.82, 9.21, 8.45, 15.85, 12.99, 9.88, 9.89, 5.86, 12.61, 11.23, 4.74, 19.66, 6.8, 29.07, 7.28, 4.23, 0.0, 73.37], [95.76, 72.4, 78.13, 76.53, 75.11, 55.3, 80.17, 63.3, 71.35, 72.57, 74.33, 65.31, 89.2, 60.99, 74.42, 72.51, 73.78, 68.7, 69.65, 69.37, 67.88, 77.21, 47.88, 71.38, 69.15, 73.37, 0.0]], "end_depot": 26, "horizon": [0.0, 1470.81], "instance_name": "25_70_B_A6", "speed_zone_count": 3, "speed_zones": [[0.0, 490.27], [490.27, 980.54], [980.54, 1470.81]], "start_depot": 0, "vehicle_count": 25}