{"cluster_count": 3, "cluster_speeds": [[0.22, 0.44, 0.22], [0.255, 0.6, 0.255], [0.39425, 0.83, 0.39425]], "clusters": [[-1, 2, 2, 2, 2, 2, 2, 2, 2, 2, 2, 2, 2, 2, 2, 2, 2, 2, 2, 2, 2, 2, 2, 2, 2, 2, 2], [1, -1, 1, 1, 1, 1, 1, 1, 1, 1, 1, 1, 1, 1, 1, 1, 1, 1, 1, 1, 1, 1, 1, 1, 1, 1, 1], [0, 0, -1, 0, 0, 0, 0, 0, 0, 0, 0, 0, 0, 0, 0, 0, 0, 0, 0, 0, 0, 0, 0, 0, 0, 0, 0], [0, 0, 0, -1, 0, 0, 0, 0, 0, 0, 0, 0, 0, 0, 0, 0, 0, 0, 0, 0, 0, 0, 0, 0, 0, 0, 0], [0, 0, 0, 0, -1, 0, 0, 0, 0, 0, 0, 0, 0, 0, 0, 0, 0, 0, 0, 0, 0, 0, 0, 0, 0, 0, 0], [1, 1, 1, 1, 1, -1, 1, 1, 1, 1, 1, 1, 1, 1, 1, 1, 1, 1, 1, 1, 1, 1, 1, 1, 1, 1, 1], [0, 0, 0, 0, 0, 0, -1, 0, 0, 0, 0, 0, 0, 0, 0, 0, 0, 0, 0, 0, 0, 0, 0, 0, 0, 0, 0], [0, 0, 0, 0, 0, 0, 0, -1, 0, 0, 0, 0, 0, 0, 0, 0, 0, 0, 0, 0, 0, 0, 0, 0, 0, 0, 0], [1, 1, 1, 1, 1, 1, 1, 1, -1, 1, 1, 1, 1, 1, 1, 1, 1, 1, 1, 1, 1, 1, 1, 1, 1, 1, 1], [0, 0, 0, 0, 0, 0, 0, 0, 0, -1, 0, 0, 0, 0, 0, 0, 0, 0, 0, 0, 0, 0, 0, 0, 0, 0, 0], [0, 0, 0, 0, 0, 0, 0, 0, 0, 0, -1, 0, 0, 0, 0, 0, 0, 0, 0, 0, 0, 0, 0, 0, 0, 0, 0], [1, 1, 1, 1, 1, 1, 1, 1, 1, 1, 1, -1, 1, 1, 1, 1, 1, 1, 1, 1, 1, 1, 1, 1, 1, 1, 1], [0, 0, 0, 0, 0, 0, 0, 0, 0, 0, 0, 0, -1, 0, 0, 0, 0, 0, 0, 0, 0, 0, 0, 0, 0, 0, 0], [0, 0, 0, 0, 0, 0, 0, 0, 0, 0, 0, 0, 0, -1, 0, 0, 0, 0, 0, 0, 0, 0, 0, 0, 0, 0, 0], [0, 0, 0, 0, 0, 0, 0, 0, 0, 0, 0, 0, 0, 0, -1, 0, 0, 0, 0, 0, 0, 0, 0, 0, 0, 0, 0], [1, 1, 1, 1, 1, 1, 1, 1, 1, 1, 1, 1, 1, 1, 1, -1, 1, 1, 1, 1, 1, 1, 1, 1, 1, 1, 1], [0, 0, 0, 0, 0, 0, 0, 0, 0, 0, 0, 0, 0, 0, 0, 0, -1, 0, 0, 0, 0, 0, 0, 0, 0, 0, 0], [1, 1, 1, 1, 1, 1, 1, 1, 1, 1, 1, 1, 1, 1, 1, 1, 1, -1, 1, 1, 1, 1, 1, 1, 1, 1, 1], [1, 1, 1, 1, 1, 1, 1, 1, 1, 1, 1, 1, 1, 1, 1, 1, 1, 1, -1, 1, 1, 1, 1, 1, 1, 1, 1], [0, 0, 0, 0, 0, 0, 0, 0, 0, 0, 0, 0, 0, 0, 0, 0, 0, 0, 0, -1, 0, 0, 0, 0, 0, 0, 0], [1, 1, 1, 1, 1, 1, 1, 1, 1, 1, 1, 1, 1, 1, 1, 1, 1, 1, 1, 1, -1, 1, 1, 1, 1, 1, 1], [1, 1, 1, 1, 1, 1, 1, 1, 1, 1, 1, 1, 1, 1, 1, 1, 1, 1, 1, 1, 1, -1, 1, 1, 1, 1, 1], [0, 0, 0, 0, 0, 0, 0, 0, 0, 0, 0, 0, 0, 0, 0, 0, 0, 0, 0, 0, 0, 0, -1, 0, 0, 0, 0], [2, 2, 2, 2, 2, 2, 2, 2, 2, 2, 2, 2, 2, 2, 2, 2, 2, 2, 2, 2, 2, 2, 2, -1, 2, 2, 2], [0, 0, 0, 0, 0, 0, 0, 0, 0, 0, 0, 0, 0, 0, 0, 0, 0, 0, 0, 0, 0, 0, 0, 0, -1, 0, 0], [1, 1, 1, 1, 1, 1, 1, 1, 1, 1, 1, 1, 1, 1, 1, 1, 1, 1, 1, 1, 1, 1, 1, 1, 1, -1, 1], [2, 2, 2, 2, 2, 2, 2, 2, 2, 2, 2, 2, 2, 2, 2, 2, 2, 2, 2, 2, 2, 2, 2, 2, 2, 2, -1]], "dataset_name": "cordeau_et_al_2014", "digraph": {"arc_count": 650, "arcs": [[0, 1, 1, 1, 1, 1, 1, 1, 1, 1, 1, 1, 1, 1, 1, 1, 1, 1, 1, 1, 1, 1, 1, 1, 1, 1, 0], [0, 0, 1, 1, 1, 1, 1, 1, 1, 1, 1, 1, 1, 1, 1, 1, 1, 1, 1, 1, 1, 1, 1, 1, 1, 1, 1], [0, 1, 0, 1, 1, 1, 1, 1, 1, 1, 1, 1, 1, 1, 1, 1, 1, 1, 1, 1, 1, 1, 1, 1, 1, 1, 1], [0, 1, 1, 0, 1, 1, 1, 1, 1, 1, 1, 1, 1, 1, 1, 1, 1, 1, 1, 1, 1, 1, 1, 1, 1, 1, 1], [0, 1, 1, 1, 0, 1, 1, 1, 1, 1, 1, 1, 1, 1, 1, 1, 1, 1, 1, 1, 1, 1, 1, 1, 1, 1, 1], [0, 1, 1, 1, 1, 0, 1, 1, 1, 1, 1, 1, 1, 1, 1, 1, 1, 1, 1, 1, 1, 1, 1, 1, 1, 1, 1], [0, 1, 1, 1, 1, 1, 0, 1, 1, 1, 1, 1, 1, 1, 1, 1, 1, 1, 1, 1, 1, 1, 1, 1, 1, 1, 1], [0, 1, 1, 1, 1, 1, 1, 0, 1, 1, 1, 1, 1, 1, 1, 1, 1, 1, 1, 1, 1, 1, 1, 1, 1, 1, 1], [0, 1, 1, 1, 1, 1, 1, 1, 0, 1, 1, 1, 1, 1, 1, 1, 1, 1, 1, 1, 1, 1, 1, 1, 1, 1, 1], [0, 1, 1, 1, 1, 1, 1, 1, 1, 0, 1, 1, 1, 1, 1, 1, 1, 1, 1, 1, 1, 1, 1, 1, 1, 1, 1], [0, 1, 1, 1, 1, 1, 1, 1, 1, 1, 0, 1, 1, 1, 1, 1, 1, 1, 1, 1, 1, 1, 1, 1, 1, 1, 1], [0, 1, 1, 1, 1, 1, 1, 1, 1, 1, 1, 0, 1, 1, 1, 1, 1, 1, 1, 1, 1, 1, 1, 1, 1, 1, 1], [0, 1, 1, 1, 1, 1, 1, 1, 1, 1, 1, 1, 0, 1, 1, 1, 1, 1, 1, 1, 1, 1, 1, 1, 1, 1, 1], [0, 1, 1, 1, 1, 1, 1, 1, 1, 1, 1, 1, 1, 0, 1, 1, 1, 1, 1, 1, 1, 1, 1, 1, 1, 1, 1], [0, 1, 1, 1, 1, 1, 1, 1, 1, 1, 1, 1, 1, 1, 0, 1, 1, 1, 1, 1, 1, 1, 1, 1, 1, 1, 1], [0, 1, 1, 1, 1, 1, 1, 1, 1, 1, 1, 1, 1, 1, 1, 0, 1, 1, 1, 1, 1, 1, 1, 1, 1, 1, 1], [0, 1, 1, 1, 1, 1, 1, 1, 1, 1, 1, 1, 1, 1, 1, 1, 0, 1, 1, 1, 1, 1, 1, 1, 1, 1, 1], [0, 1, 1, 1, 1, 1, 1, 1, 1, 1, 1, 1, 1, 1, 1, 1, 1, 0, 1, 1, 1, 1, 1, 1, 1, 1, 1], [0, 1, 1, 1, 1, 1, 1, 1, 1, 1, 1, 1, 1, 1, 1, 1, 1, 1, 0, 1, 1, 1, 1, 1, 1, 1, 1], [0, 1, 1, 1, 1, 1, 1, 1, 1, 1, 1, 1, 1, 1, 1, 1, 1, 1, 1, 0, 1, 1, 1, 1, 1, 1, 1], [0, 1, 1, 1, 1, 1, 1, 1, 1, 1, 1, 1, 1, 1, 1, 1, 1, 1, 1, 1, 0, 1, 1, 1, 1, 1, 1], [0, 1, 1, 1, 1, 1, 1, 1, 1, 1, 1, 1, 1, 1, 1, 1, 1, 1, 1, 1, 1, 0, 1, 1, 1, 1, 1], [0, 1, 1, 1, 1, 1, 1, 1, 1, 1, 1, 1, 1, 1, 1, 1, 1, 1, 1, 1, 1, 1, 0, 1, 1, 1, 1], [0, 1, 1, 1, 1, 1, 1, 1, 1, 1, 1, 1, 1, 1, 1, 1, 1, 1, 1, 1, 1, 1, 1, 0, 1, 1, 1], [0, 1, 1, 1, 1, 1, 1, 1, 1, 1, 1, 1, 1, 1, 1, 1, 1, 1, 1, 1, 1, 1, 1, 1, 0, 1, 1], [0, 1, 1, 1, 1, 1, 1, 1, 1, 1, 1, 1, 1, 1, 1, 1, 1, 1, 1, 1, 1, 1, 1, 1, 1, 0, 1], [0, 0, 0, 0, 0, 0, 0, 0, 0, 0, 0, 0, 0, 0, 0, 0, 0, 0, 0, 0, 0, 0, 0, 0, 0, 0, 0]], "vertex_count": 27}, "distances": [[0.0, 53.29, 83.59, 67.88, 69.86, 64.2, 62.55, 61.97, 83.59, 82.79, 59.59, 90.33, 57.42, 69.09, 73.38, 81.07, 64.1, 79.46, 60.55, 73.25, 61.87, 92.79, 72.8, 81.39, 61.62, 90.12, 106.57], [53.29, 0.0, 30.33, 16.26, 16.73, 17.05, 9.83, 9.15, 34.2, 29.73, 7.16, 37.22, 4.49, 17.86, 20.34, 31.87, 11.06, 31.6, 18.21, 22.08, 18.34, 39.81, 22.01, 36.77, 9.1, 37.71, 53.29], [83.59, 30.33, 0.0, 18.85, 13.8, 26.33, 21.23, 21.74, 18.26, 14.85, 24.17, 7.31, 26.19, 17.06, 11.61, 18.16, 19.98, 21.05, 32.03, 14.61, 30.68, 10.26, 17.87, 28.23, 22.21, 10.67, 83.59], [67.88, 16.26, 18.85, 0.0, 10.93, 7.86, 12.66, 12.45, 31.03, 19.81, 14.08, 26.12, 14.07, 17.57, 7.29, 29.48, 6.44, 30.88, 13.43, 19.74, 12.2, 29.1, 5.83, 37.91, 13.39, 28.85, 67.88], [69.86, 16.73, 13.8, 10.93, 0.0, 18.36, 7.44, 7.94, 20.58, 13.0, 10.37, 20.5, 12.45, 7.02, 7.23, 18.81, 7.74, 20.0, 23.42, 8.83, 22.44, 23.09, 14.59, 26.99, 8.43, 21.22, 69.86], [64.2, 17.05, 26.33, 7.86, 18.36, 0.0, 17.86, 17.4, 38.78, 27.54, 18.13, 33.5, 16.93, 24.46, 15.01, 37.13, 11.8, 38.34, 5.71, 27.16, 4.38, 36.51, 9.55, 45.19, 18.26, 36.58, 64.2], [62.55, 9.83, 21.23, 12.66, 7.44, 17.86, 0.0, 10.03, 24.77, 20.24, 14.02, 27.79, 5.35, 8.4, 13.08, 22.56, 6.36, 22.73, 21.65, 12.45, 21.08, 30.26, 18.06, 28.72, 9.97, 27.93, 62.55], [61.97, 9.15, 21.74, 12.45, 7.94, 17.4, 10.03, 0.0, 25.49, 20.82, 13.74, 28.36, 4.68, 9.13, 13.29, 23.28, 6.07, 23.44, 21.08, 13.17, 20.54, 30.86, 17.96, 29.39, 9.3, 28.58, 61.97], [83.59, 34.2, 18.26, 31.03, 20.58, 38.78, 24.77, 25.49, 0.0, 15.21, 27.08, 17.51, 29.81, 16.39, 24.78, 20.52, 28.15, 5.02, 43.99, 12.38, 42.96, 17.35, 32.94, 10.45, 25.27, 12.41, 83.59], [82.79, 29.73, 14.85, 19.81, 13.0, 27.54, 20.24, 20.82, 15.21, 0.0, 23.2, 7.55, 25.42, 15.05, 12.54, 15.06, 19.94, 17.95, 33.21, 12.11, 31.92, 10.09, 19.68, 25.13, 21.18, 9.04, 82.79], [59.59, 7.16, 24.17, 14.08, 10.37, 18.13, 14.02, 13.74, 27.08, 23.2, 0.0, 30.74, 11.65, 10.71, 15.62, 24.78, 7.66, 24.67, 21.24, 14.92, 20.87, 33.2, 19.77, 30.23, 14.66, 30.81, 59.59], [90.33, 37.22, 7.31, 26.12, 20.5, 33.5, 27.79, 28.36, 17.51, 7.55, 30.74, 0.0, 32.94, 22.29, 18.91, 18.42, 27.15, 21.64, 39.21, 18.89, 37.83, 10.79, 24.72, 27.97, 28.72, 5.84, 90.33], [57.42, 4.49, 26.19, 14.07, 12.45, 16.93, 5.35, 4.68, 29.81, 25.42, 11.65, 32.94, 0.0, 13.43, 16.84, 27.51, 7.98, 27.39, 19.43, 17.62, 19.21, 35.48, 19.89, 32.86, 4.62, 33.27, 57.42], [69.09, 17.86, 17.06, 17.57, 7.02, 24.46, 8.4, 9.13, 16.39, 15.05, 10.71, 22.29, 13.43, 0.0, 14.08, 14.15, 12.82, 14.44, 29.03, 4.28, 28.24, 24.29, 21.59, 20.83, 8.87, 21.1, 69.09], [73.38, 20.34, 11.61, 7.29, 7.23, 15.01, 13.08, 13.29, 24.78, 12.54, 15.62, 18.91, 16.84, 14.08, 0.0, 23.53, 9.31, 25.39, 20.67, 14.81, 19.38, 21.86, 8.23, 32.71, 14.08, 21.58, 73.38], [81.07, 31.87, 18.16, 29.48, 18.81, 37.13, 22.56, 23.28, 20.52, 15.06, 24.78, 18.42, 27.51, 14.15, 23.53, 0.0, 26.23, 17.48, 42.23, 10.3, 41.25, 18.64, 31.75, 10.07, 23.01, 13.78, 81.07], [64.1, 11.06, 19.98, 6.44, 7.74, 11.8, 6.36, 6.07, 28.15, 19.94, 7.66, 27.15, 7.98, 12.82, 9.31, 26.23, 0.0, 27.05, 16.22, 15.98, 15.42, 29.94, 12.11, 33.64, 7.0, 28.61, 64.1], [79.46, 31.6, 21.05, 30.88, 20.0, 38.34, 22.73, 23.44, 5.02, 17.95, 24.67, 21.64, 27.39, 14.44, 25.39, 17.48, 27.05, 0.0, 43.23, 11.18, 42.33, 21.87, 33.62, 7.41, 23.05, 17.0, 79.46], [60.55, 18.21, 32.03, 13.43, 23.42, 5.71, 21.65, 21.08, 43.99, 33.21, 21.24, 39.21, 19.43, 29.03, 20.67, 42.23, 16.22, 43.23, 0.0, 32.08, 10.09, 42.22, 15.03, 49.86, 21.84, 42.25, 60.55], [73.25, 22.08, 14.61, 19.74, 8.83, 27.16, 12.45, 13.17, 12.38, 12.11, 14.92, 18.89, 17.62, 4.28, 14.81, 10.3, 15.98, 11.18, 32.08, 0.0, 31.16, 20.63, 22.89, 18.18, 13.02, 17.1, 73.25], [61.87, 18.34, 30.68, 12.2, 22.44, 4.38, 21.08, 20.54, 42.96, 31.92, 20.87, 37.83, 19.21, 28.24, 19.38, 41.25, 15.42, 42.33, 10.09, 31.16, 0.0, 40.84, 13.56, 49.05, 21.33, 40.95, 61.87], [92.79, 39.81, 10.26, 29.1, 23.09, 36.51, 30.26, 30.86, 17.35, 10.09, 33.2, 10.79, 35.48, 24.29, 21.86, 18.64, 29.94, 21.87, 42.22, 20.63, 40.84, 0.0, 27.73, 27.68, 31.17, 4.95, 92.79], [72.8, 22.01, 17.87, 5.83, 14.59, 9.55, 18.06, 17.96, 32.94, 19.68, 19.77, 24.72, 19.89, 21.59, 8.23, 31.75, 12.11, 33.62, 15.03, 22.89, 13.56, 27.73, 0.0, 40.91, 18.88, 28.48, 72.8], [81.39, 36.77, 28.23, 37.91, 26.99, 45.19, 28.72, 29.39, 10.45, 25.13, 30.23, 27.97, 32.86, 20.83, 32.71, 10.07, 33.64, 7.41, 49.86, 18.18, 49.05, 27.68, 40.91, 0.0, 28.86, 22.73, 81.39], [61.62, 9.1, 22.21, 13.39, 8.43, 18.26, 9.97, 9.3, 25.27, 21.18, 14.66, 28.72, 4.62, 8.87, 14.08, 23.01, 7.0, 23.05, 21.84, 13.02, 21.33, 31.17, 18.88, 28.86, 0.0, 28.77, 61.62], [90.12, 37.71, 10.67, 28.85, 21.22, 36.58, 27.93, 28.58, 12.41, 9.04, 30.81, 5.84, 33.27, 21.1, 21.58, 13.78, 28.61, 17.0, 42.25, 17.1, 40.95, 4.95, 28.48, 22.73, 28.77, 0.0, 90.12], [106.57, 53.29, 83.59, 67.88, 69.86, 64.2, 62.55, 61.97, 83.59, 82.79, 59.59, 90.33, 57.42, 69.09, 73.38, 81.07, 64.1, 79.46, 60.55, 73.25, 61.87, 92.79, 72.8, 81.39, 61.62, 90.12, 0.0]], "end_depot": 26, "horizon": [0.0, 1571.49], "instance_name": "25_85_A_B4", "speed_zone_count": 3, "speed_zones": [[0.0, 523.83], [523.83, 1047.66], [1047.66, 1571.49]], "start_depot": 0, "vehicle_count": 25}