{"cluster_count": 3, "cluster_speeds": [[0.22, 0.44, 0.22], [0.255, 0.6, 0.255], [0.39425, 0.83, 0.39425]], "clusters": [[-1, 2, 2, 2, 2, 2, 2, 2, 2, 2, 2, 2, 2, 2, 2, 2, 2, 2, 2, 2, 2, 2, 2, 2, 2, 2, 2], [1, -1, 1, 1, 1, 1, 1, 1, 1, 1, 1, 1, 1, 1, 1, 1, 1, 1, 1, 1, 1, 1, 1, 1, 1, 1, 1], [0, 0, -1, 0, 0, 0, 0, 0, 0, 0, 0, 0, 0, 0, 0, 0, 0, 0, 0, 0, 0, 0, 0, 0, 0, 0, 0], [0, 0, 0, -1, 0, 0, 0, 0, 0, 0, 0, 0, 0, 0, 0, 0, 0, 0, 0, 0, 0, 0, 0, 0, 0, 0, 0], [0, 0, 0, 0, -1, 0, 0, 0, 0, 0, 0, 0, 0, 0, 0, 0, 0, 0, 0, 0, 0, 0, 0, 0, 0, 0, 0], [0, 0, 0, 0, 0, -1, 0, 0, 0, 0, 0, 0, 0, 0, 0, 0, 0, 0, 0, 0, 0, 0, 0, 0, 0, 0, 0], [0, 0, 0, 0, 0, 0, -1, 0, 0, 0, 0, 0, 0, 0, 0, 0, 0, 0, 0, 0, 0, 0, 0, 0, 0, 0, 0], [0, 0, 0, 0, 0, 0, 0, -1, 0, 0, 0, 0, 0, 0, 0, 0, 0, 0, 0, 0, 0, 0, 0, 0, 0, 0, 0], [0, 0, 0, 0, 0, 0, 0, 0, -1, 0, 0, 0, 0, 0, 0, 0, 0, 0, 0, 0, 0, 0, 0, 0, 0, 0, 0], [0, 0, 0, 0, 0, 0, 0, 0, 0, -1, 0, 0, 0, 0, 0, 0, 0, 0, 0, 0, 0, 0, 0, 0, 0, 0, 0], [0, 0, 0, 0, 0, 0, 0, 0, 0, 0, -1, 0, 0, 0, 0, 0, 0, 0, 0, 0, 0, 0, 0, 0, 0, 0, 0], [1, 1, 1, 1, 1, 1, 1, 1, 1, 1, 1, -1, 1, 1, 1, 1, 1, 1, 1, 1, 1, 1, 1, 1, 1, 1, 1], [0, 0, 0, 0, 0, 0, 0, 0, 0, 0, 0, 0, -1, 0, 0, 0, 0, 0, 0, 0, 0, 0, 0, 0, 0, 0, 0], [0, 0, 0, 0, 0, 0, 0, 0, 0, 0, 0, 0, 0, -1, 0, 0, 0, 0, 0, 0, 0, 0, 0, 0, 0, 0, 0], [0, 0, 0, 0, 0, 0, 0, 0, 0, 0, 0, 0, 0, 0, -1, 0, 0, 0, 0, 0, 0, 0, 0, 0, 0, 0, 0], [0, 0, 0, 0, 0, 0, 0, 0, 0, 0, 0, 0, 0, 0, 0, -1, 0, 0, 0, 0, 0, 0, 0, 0, 0, 0, 0], [0, 0, 0, 0, 0, 0, 0, 0, 0, 0, 0, 0, 0, 0, 0, 0, -1, 0, 0, 0, 0, 0, 0, 0, 0, 0, 0], [0, 0, 0, 0, 0, 0, 0, 0, 0, 0, 0, 0, 0, 0, 0, 0, 0, -1, 0, 0, 0, 0, 0, 0, 0, 0, 0], [1, 1, 1, 1, 1, 1, 1, 1, 1, 1, 1, 1, 1, 1, 1, 1, 1, 1, -1, 1, 1, 1, 1, 1, 1, 1, 1], [0, 0, 0, 0, 0, 0, 0, 0, 0, 0, 0, 0, 0, 0, 0, 0, 0, 0, 0, -1, 0, 0, 0, 0, 0, 0, 0], [0, 0, 0, 0, 0, 0, 0, 0, 0, 0, 0, 0, 0, 0, 0, 0, 0, 0, 0, 0, -1, 0, 0, 0, 0, 0, 0], [0, 0, 0, 0, 0, 0, 0, 0, 0, 0, 0, 0, 0, 0, 0, 0, 0, 0, 0, 0, 0, -1, 0, 0, 0, 0, 0], [0, 0, 0, 0, 0, 0, 0, 0, 0, 0, 0, 0, 0, 0, 0, 0, 0, 0, 0, 0, 0, 0, -1, 0, 0, 0, 0], [0, 0, 0, 0, 0, 0, 0, 0, 0, 0, 0, 0, 0, 0, 0, 0, 0, 0, 0, 0, 0, 0, 0, -1, 0, 0, 0], [0, 0, 0, 0, 0, 0, 0, 0, 0, 0, 0, 0, 0, 0, 0, 0, 0, 0, 0, 0, 0, 0, 0, 0, -1, 0, 0], [0, 0, 0, 0, 0, 0, 0, 0, 0, 0, 0, 0, 0, 0, 0, 0, 0, 0, 0, 0, 0, 0, 0, 0, 0, -1, 0], [2, 2, 2, 2, 2, 2, 2, 2, 2, 2, 2, 2, 2, 2, 2, 2, 2, 2, 2, 2, 2, 2, 2, 2, 2, 2, -1]], "dataset_name": "cordeau_et_al_2014", "digraph": {"arc_count": 650, "arcs": [[0, 1, 1, 1, 1, 1, 1, 1, 1, 1, 1, 1, 1, 1, 1, 1, 1, 1, 1, 1, 1, 1, 1, 1, 1, 1, 0], [0, 0, 1, 1, 1, 1, 1, 1, 1, 1, 1, 1, 1, 1, 1, 1, 1, 1, 1, 1, 1, 1, 1, 1, 1, 1, 1], [0, 1, 0, 1, 1, 1, 1, 1, 1, 1, 1, 1, 1, 1, 1, 1, 1, 1, 1, 1, 1, 1, 1, 1, 1, 1, 1], [0, 1, 1, 0, 1, 1, 1, 1, 1, 1, 1, 1, 1, 1, 1, 1, 1, 1, 1, 1, 1, 1, 1, 1, 1, 1, 1], [0, 1, 1, 1, 0, 1, 1, 1, 1, 1, 1, 1, 1, 1, 1, 1, 1, 1, 1, 1, 1, 1, 1, 1, 1, 1, 1], [0, 1, 1, 1, 1, 0, 1, 1, 1, 1, 1, 1, 1, 1, 1, 1, 1, 1, 1, 1, 1, 1, 1, 1, 1, 1, 1], [0, 1, 1, 1, 1, 1, 0, 1, 1, 1, 1, 1, 1, 1, 1, 1, 1, 1, 1, 1, 1, 1, 1, 1, 1, 1, 1], [0, 1, 1, 1, 1, 1, 1, 0, 1, 1, 1, 1, 1, 1, 1, 1, 1, 1, 1, 1, 1, 1, 1, 1, 1, 1, 1], [0, 1, 1, 1, 1, 1, 1, 1, 0, 1, 1, 1, 1, 1, 1, 1, 1, 1, 1, 1, 1, 1, 1, 1, 1, 1, 1], [0, 1, 1, 1, 1, 1, 1, 1, 1, 0, 1, 1, 1, 1, 1, 1, 1, 1, 1, 1, 1, 1, 1, 1, 1, 1, 1], [0, 1, 1, 1, 1, 1, 1, 1, 1, 1, 0, 1, 1, 1, 1, 1, 1, 1, 1, 1, 1, 1, 1, 1, 1, 1, 1], [0, 1, 1, 1, 1, 1, 1, 1, 1, 1, 1, 0, 1, 1, 1, 1, 1, 1, 1, 1, 1, 1, 1, 1, 1, 1, 1], [0, 1, 1, 1, 1, 1, 1, 1, 1, 1, 1, 1, 0, 1, 1, 1, 1, 1, 1, 1, 1, 1, 1, 1, 1, 1, 1], [0, 1, 1, 1, 1, 1, 1, 1, 1, 1, 1, 1, 1, 0, 1, 1, 1, 1, 1, 1, 1, 1, 1, 1, 1, 1, 1], [0, 1, 1, 1, 1, 1, 1, 1, 1, 1, 1, 1, 1, 1, 0, 1, 1, 1, 1, 1, 1, 1, 1, 1, 1, 1, 1], [0, 1, 1, 1, 1, 1, 1, 1, 1, 1, 1, 1, 1, 1, 1, 0, 1, 1, 1, 1, 1, 1, 1, 1, 1, 1, 1], [0, 1, 1, 1, 1, 1, 1, 1, 1, 1, 1, 1, 1, 1, 1, 1, 0, 1, 1, 1, 1, 1, 1, 1, 1, 1, 1], [0, 1, 1, 1, 1, 1, 1, 1, 1, 1, 1, 1, 1, 1, 1, 1, 1, 0, 1, 1, 1, 1, 1, 1, 1, 1, 1], [0, 1, 1, 1, 1, 1, 1, 1, 1, 1, 1, 1, 1, 1, 1, 1, 1, 1, 0, 1, 1, 1, 1, 1, 1, 1, 1], [0, 1, 1, 1, 1, 1, 1, 1, 1, 1, 1, 1, 1, 1, 1, 1, 1, 1, 1, 0, 1, 1, 1, 1, 1, 1, 1], [0, 1, 1, 1, 1, 1, 1, 1, 1, 1, 1, 1, 1, 1, 1, 1, 1, 1, 1, 1, 0, 1, 1, 1, 1, 1, 1], [0, 1, 1, 1, 1, 1, 1, 1, 1, 1, 1, 1, 1, 1, 1, 1, 1, 1, 1, 1, 1, 0, 1, 1, 1, 1, 1], [0, 1, 1, 1, 1, 1, 1, 1, 1, 1, 1, 1, 1, 1, 1, 1, 1, 1, 1, 1, 1, 1, 0, 1, 1, 1, 1], [0, 1, 1, 1, 1, 1, 1, 1, 1, 1, 1, 1, 1, 1, 1, 1, 1, 1, 1, 1, 1, 1, 1, 0, 1, 1, 1], [0, 1, 1, 1, 1, 1, 1, 1, 1, 1, 1, 1, 1, 1, 1, 1, 1, 1, 1, 1, 1, 1, 1, 1, 0, 1, 1], [0, 1, 1, 1, 1, 1, 1, 1, 1, 1, 1, 1, 1, 1, 1, 1, 1, 1, 1, 1, 1, 1, 1, 1, 1, 0, 1], [0, 0, 0, 0, 0, 0, 0, 0, 0, 0, 0, 0, 0, 0, 0, 0, 0, 0, 0, 0, 0, 0, 0, 0, 0, 0, 0]], "vertex_count": 27}, "distances": [[0.0, 84.86, 64.1, 69.15, 70.78, 69.18, 76.62, 75.9, 56.17, 69.06, 72.2, 91.91, 72.12, 64.25, 66.6, 72.15, 66.91, 70.16, 69.92, 83.64, 69.82, 73.24, 66.87, 74.51, 75.94, 75.92, 112.34], [84.86, 0.0, 30.07, 18.69, 22.5, 19.37, 11.49, 19.32, 33.25, 21.05, 22.25, 8.01, 22.78, 24.87, 24.45, 20.88, 22.18, 16.9, 35.46, 14.63, 20.85, 19.1, 26.06, 10.54, 16.06, 10.92, 84.86], [64.1, 30.07, 0.0, 12.01, 8.14, 11.06, 18.6, 13.12, 8.52, 9.06, 9.13, 33.89, 8.83, 6.88, 5.76, 9.88, 8.53, 13.98, 10.16, 21.51, 9.22, 11.57, 11.73, 21.39, 14.89, 19.23, 64.1], [69.15, 18.69, 12.01, 0.0, 6.82, 11.06, 7.84, 8.97, 14.73, 10.18, 7.83, 23.84, 8.3, 6.19, 6.27, 6.39, 12.18, 12.72, 20.0, 14.83, 11.76, 5.93, 8.39, 9.38, 7.23, 7.82, 69.15], [70.78, 22.5, 8.14, 6.82, 0.0, 5.72, 11.05, 5.21, 14.65, 9.41, 9.69, 25.8, 9.53, 7.01, 4.24, 9.8, 5.35, 8.4, 13.63, 13.51, 9.46, 10.85, 4.24, 15.12, 6.8, 12.05, 70.78], [69.18, 19.37, 11.06, 11.06, 5.72, 0.0, 8.25, 8.22, 14.31, 9.38, 6.78, 24.23, 7.23, 5.61, 5.3, 5.39, 11.07, 11.92, 18.88, 14.59, 11.19, 5.13, 7.34, 10.35, 6.89, 8.45, 69.18], [76.62, 11.49, 18.6, 7.84, 11.05, 8.25, 0.0, 8.74, 22.54, 9.66, 10.95, 16.0, 11.5, 13.87, 13.05, 9.49, 11.05, 6.49, 24.34, 9.18, 9.38, 7.75, 14.57, 6.01, 5.17, 10.27, 76.62], [75.9, 19.32, 13.12, 8.97, 5.21, 8.22, 8.74, 0.0, 19.83, 7.21, 12.06, 21.42, 4.31, 11.77, 9.3, 13.61, 9.44, 9.61, 16.19, 8.39, 6.36, 11.46, 9.41, 14.25, 11.07, 10.28, 75.9], [56.17, 33.25, 8.52, 14.73, 14.65, 14.31, 22.54, 19.83, 0.0, 13.46, 16.04, 38.54, 15.96, 8.74, 10.57, 16.11, 11.59, 16.39, 17.64, 27.9, 14.1, 17.38, 10.71, 23.17, 20.41, 22.52, 56.17], [69.06, 21.05, 9.06, 10.18, 9.41, 9.38, 9.66, 7.21, 13.46, 0.0, 4.85, 25.38, 5.23, 4.83, 10.58, 11.1, 10.38, 5.26, 16.56, 14.6, 9.7, 4.25, 5.17, 12.51, 6.97, 10.18, 69.06], [72.2, 22.25, 9.13, 7.83, 9.69, 6.78, 10.95, 12.06, 16.04, 4.85, 0.0, 25.1, 10.08, 8.53, 5.73, 11.3, 6.79, 9.21, 13.41, 12.38, 10.67, 9.1, 5.45, 15.51, 6.25, 12.13, 72.2], [91.91, 8.01, 33.89, 23.84, 25.8, 24.23, 16.0, 21.42, 38.54, 25.38, 25.1, 0.0, 25.55, 29.83, 28.71, 24.07, 26.99, 22.36, 37.26, 14.09, 24.94, 22.33, 29.86, 17.46, 19.01, 16.25, 91.91], [72.12, 22.78, 8.83, 8.3, 9.53, 7.23, 11.5, 4.31, 15.96, 5.23, 10.08, 25.55, 0.0, 8.67, 5.8, 11.22, 7.07, 9.72, 12.85, 12.69, 4.47, 9.47, 5.29, 16.07, 6.76, 12.69, 72.12], [64.25, 24.87, 6.88, 6.19, 7.01, 5.61, 13.87, 11.77, 8.74, 4.83, 8.53, 29.83, 8.67, 0.0, 10.91, 8.06, 10.05, 8.02, 16.5, 19.42, 5.57, 8.99, 4.84, 15.29, 11.79, 14.0, 64.25], [66.6, 24.45, 5.76, 6.27, 4.24, 5.3, 13.05, 9.3, 10.57, 10.58, 5.73, 28.71, 5.8, 10.91, 0.0, 5.56, 9.59, 8.23, 14.28, 17.35, 10.27, 6.85, 8.47, 15.64, 9.99, 13.55, 66.6], [72.15, 20.88, 9.88, 6.39, 9.8, 5.39, 9.49, 13.61, 16.11, 11.1, 11.3, 24.07, 11.22, 8.06, 5.56, 0.0, 5.9, 7.66, 14.95, 11.88, 11.15, 10.52, 5.93, 13.91, 5.07, 10.6, 72.15], [66.91, 22.18, 8.53, 12.18, 5.35, 11.07, 11.05, 9.44, 11.59, 10.38, 6.79, 26.99, 7.07, 10.05, 9.59, 5.9, 0.0, 5.52, 17.15, 16.73, 10.43, 6.47, 5.21, 12.93, 9.04, 11.27, 66.91], [70.16, 16.9, 13.98, 12.72, 8.4, 11.92, 6.49, 9.61, 16.39, 5.26, 9.21, 22.36, 9.72, 8.02, 8.23, 7.66, 5.52, 0.0, 21.8, 14.38, 5.6, 6.79, 10.32, 7.42, 7.19, 6.16, 70.16], [69.92, 35.46, 10.16, 20.0, 13.63, 18.88, 24.34, 16.19, 17.64, 16.56, 13.41, 37.26, 12.85, 16.5, 14.28, 14.95, 17.15, 21.8, 0.0, 23.33, 16.22, 16.62, 11.98, 28.75, 19.41, 25.54, 69.92], [83.64, 14.63, 21.51, 14.83, 13.51, 14.59, 9.18, 8.39, 27.9, 14.6, 12.38, 14.09, 12.69, 19.42, 17.35, 11.88, 16.73, 14.38, 23.33, 0.0, 13.86, 10.51, 17.75, 14.85, 7.72, 10.82, 83.64], [69.82, 20.85, 9.22, 11.76, 9.46, 11.19, 9.38, 6.36, 14.1, 9.7, 10.67, 24.94, 4.47, 5.57, 10.27, 11.15, 10.43, 5.6, 16.22, 13.86, 0.0, 12.39, 5.22, 12.65, 6.31, 10.05, 69.82], [73.24, 19.1, 11.57, 5.93, 10.85, 5.13, 7.75, 11.46, 17.38, 4.25, 9.1, 22.33, 9.47, 8.99, 6.85, 10.52, 6.47, 6.79, 16.62, 10.51, 12.39, 0.0, 7.56, 12.44, 11.22, 8.94, 73.24], [66.87, 26.06, 11.73, 8.39, 4.24, 7.34, 14.57, 9.41, 10.71, 5.17, 5.45, 29.86, 5.29, 4.84, 8.47, 5.93, 5.21, 10.32, 11.98, 17.75, 5.22, 7.56, 0.0, 17.66, 10.88, 15.27, 66.87], [74.51, 10.54, 21.39, 9.38, 15.12, 10.35, 6.01, 14.25, 23.17, 12.51, 15.51, 17.46, 16.07, 15.29, 15.64, 13.91, 12.93, 7.42, 28.75, 14.85, 12.65, 12.44, 17.66, 0.0, 10.75, 4.25, 74.51], [75.94, 16.06, 14.89, 7.23, 6.8, 6.89, 5.17, 11.07, 20.41, 6.97, 6.25, 19.01, 6.76, 11.79, 9.99, 5.07, 9.04, 7.19, 19.41, 7.72, 6.31, 11.22, 10.88, 10.75, 0.0, 6.71, 75.94], [75.92, 10.92, 19.23, 7.82, 12.05, 8.45, 10.27, 10.28, 22.52, 10.18, 12.13, 16.25, 12.69, 14.0, 13.55, 10.6, 11.27, 6.16, 25.54, 10.82, 10.05, 8.94, 15.27, 4.25, 6.71, 0.0, 75.92], [112.34, 84.86, 64.1, 69.15, 70.78, 69.18, 76.62, 75.9, 56.17, 69.06, 72.2, 91.91, 72.12, 64.25, 66.6, 72.15, 66.91, 70.16, 69.92, 83.64, 69.82, 73.24, 66.87, 74.51, 75.94, 75.92, 0.0]], "end_depot": 26, "horizon": [0.0, 1485.69], "instance_name": "25_85_A_A3", "speed_zone_count": 3, "speed_zones": [[0.0, 495.23], [495.23, 990.46], [990.46, 1485.69]], "start_depot": 0, "vehicle_count": 25}