{"cluster_count": 3, "cluster_speeds": [[0.187, 0.44, 0.187], [0.27, 0.6, 0.27], [0.415, 0.83, 0.415]], "clusters": [[-1, 2, 2, 2, 2, 2, 2, 2, 2, 2, 2, 2, 2, 2, 2, 2, 2, 2, 2, 2, 2, 2, 2, 2, 2, 2, 2], [0, -1, 0, 0, 0, 0, 0, 0, 0, 0, 0, 0, 0, 0, 0, 0, 0, 0, 0, 0, 0, 0, 0, 0, 0, 0, 0], [0, 0, -1, 0, 0, 0, 0, 0, 0, 0, 0, 0, 0, 0, 0, 0, 0, 0, 0, 0, 0, 0, 0, 0, 0, 0, 0], [1, 1, 1, -1, 1, 1, 1, 1, 1, 1, 1, 1, 1, 1, 1, 1, 1, 1, 1, 1, 1, 1, 1, 1, 1, 1, 1], [0, 0, 0, 0, -1, 0, 0, 0, 0, 0, 0, 0, 0, 0, 0, 0, 0, 0, 0, 0, 0, 0, 0, 0, 0, 0, 0], [0, 0, 0, 0, 0, -1, 0, 0, 0, 0, 0, 0, 0, 0, 0, 0, 0, 0, 0, 0, 0, 0, 0, 0, 0, 0, 0], [1, 1, 1, 1, 1, 1, -1, 1, 1, 1, 1, 1, 1, 1, 1, 1, 1, 1, 1, 1, 1, 1, 1, 1, 1, 1, 1], [0, 0, 0, 0, 0, 0, 0, -1, 0, 0, 0, 0, 0, 0, 0, 0, 0, 0, 0, 0, 0, 0, 0, 0, 0, 0, 0], [0, 0, 0, 0, 0, 0, 0, 0, -1, 0, 0, 0, 0, 0, 0, 0, 0, 0, 0, 0, 0, 0, 0, 0, 0, 0, 0], [0, 0, 0, 0, 0, 0, 0, 0, 0, -1, 0, 0, 0, 0, 0, 0, 0, 0, 0, 0, 0, 0, 0, 0, 0, 0, 0], [0, 0, 0, 0, 0, 0, 0, 0, 0, 0, -1, 0, 0, 0, 0, 0, 0, 0, 0, 0, 0, 0, 0, 0, 0, 0, 0], [0, 0, 0, 0, 0, 0, 0, 0, 0, 0, 0, -1, 0, 0, 0, 0, 0, 0, 0, 0, 0, 0, 0, 0, 0, 0, 0], [0, 0, 0, 0, 0, 0, 0, 0, 0, 0, 0, 0, -1, 0, 0, 0, 0, 0, 0, 0, 0, 0, 0, 0, 0, 0, 0], [1, 1, 1, 1, 1, 1, 1, 1, 1, 1, 1, 1, 1, -1, 1, 1, 1, 1, 1, 1, 1, 1, 1, 1, 1, 1, 1], [0, 0, 0, 0, 0, 0, 0, 0, 0, 0, 0, 0, 0, 0, -1, 0, 0, 0, 0, 0, 0, 0, 0, 0, 0, 0, 0], [0, 0, 0, 0, 0, 0, 0, 0, 0, 0, 0, 0, 0, 0, 0, -1, 0, 0, 0, 0, 0, 0, 0, 0, 0, 0, 0], [2, 2, 2, 2, 2, 2, 2, 2, 2, 2, 2, 2, 2, 2, 2, 2, -1, 2, 2, 2, 2, 2, 2, 2, 2, 2, 2], [0, 0, 0, 0, 0, 0, 0, 0, 0, 0, 0, 0, 0, 0, 0, 0, 0, -1, 0, 0, 0, 0, 0, 0, 0, 0, 0], [0, 0, 0, 0, 0, 0, 0, 0, 0, 0, 0, 0, 0, 0, 0, 0, 0, 0, -1, 0, 0, 0, 0, 0, 0, 0, 0], [0, 0, 0, 0, 0, 0, 0, 0, 0, 0, 0, 0, 0, 0, 0, 0, 0, 0, 0, -1, 0, 0, 0, 0, 0, 0, 0], [0, 0, 0, 0, 0, 0, 0, 0, 0, 0, 0, 0, 0, 0, 0, 0, 0, 0, 0, 0, -1, 0, 0, 0, 0, 0, 0], [1, 1, 1, 1, 1, 1, 1, 1, 1, 1, 1, 1, 1, 1, 1, 1, 1, 1, 1, 1, 1, -1, 1, 1, 1, 1, 1], [0, 0, 0, 0, 0, 0, 0, 0, 0, 0, 0, 0, 0, 0, 0, 0, 0, 0, 0, 0, 0, 0, -1, 0, 0, 0, 0], [1, 1, 1, 1, 1, 1, 1, 1, 1, 1, 1, 1, 1, 1, 1, 1, 1, 1, 1, 1, 1, 1, 1, -1, 1, 1, 1], [0, 0, 0, 0, 0, 0, 0, 0, 0, 0, 0, 0, 0, 0, 0, 0, 0, 0, 0, 0, 0, 0, 0, 0, -1, 0, 0], [0, 0, 0, 0, 0, 0, 0, 0, 0, 0, 0, 0, 0, 0, 0, 0, 0, 0, 0, 0, 0, 0, 0, 0, 0, -1, 0], [2, 2, 2, 2, 2, 2, 2, 2, 2, 2, 2, 2, 2, 2, 2, 2, 2, 2, 2, 2, 2, 2, 2, 2, 2, 2, -1]], "dataset_name": "cordeau_et_al_2014", "digraph": {"arc_count": 650, "arcs": [[0, 1, 1, 1, 1, 1, 1, 1, 1, 1, 1, 1, 1, 1, 1, 1, 1, 1, 1, 1, 1, 1, 1, 1, 1, 1, 0], [0, 0, 1, 1, 1, 1, 1, 1, 1, 1, 1, 1, 1, 1, 1, 1, 1, 1, 1, 1, 1, 1, 1, 1, 1, 1, 1], [0, 1, 0, 1, 1, 1, 1, 1, 1, 1, 1, 1, 1, 1, 1, 1, 1, 1, 1, 1, 1, 1, 1, 1, 1, 1, 1], [0, 1, 1, 0, 1, 1, 1, 1, 1, 1, 1, 1, 1, 1, 1, 1, 1, 1, 1, 1, 1, 1, 1, 1, 1, 1, 1], [0, 1, 1, 1, 0, 1, 1, 1, 1, 1, 1, 1, 1, 1, 1, 1, 1, 1, 1, 1, 1, 1, 1, 1, 1, 1, 1], [0, 1, 1, 1, 1, 0, 1, 1, 1, 1, 1, 1, 1, 1, 1, 1, 1, 1, 1, 1, 1, 1, 1, 1, 1, 1, 1], [0, 1, 1, 1, 1, 1, 0, 1, 1, 1, 1, 1, 1, 1, 1, 1, 1, 1, 1, 1, 1, 1, 1, 1, 1, 1, 1], [0, 1, 1, 1, 1, 1, 1, 0, 1, 1, 1, 1, 1, 1, 1, 1, 1, 1, 1, 1, 1, 1, 1, 1, 1, 1, 1], [0, 1, 1, 1, 1, 1, 1, 1, 0, 1, 1, 1, 1, 1, 1, 1, 1, 1, 1, 1, 1, 1, 1, 1, 1, 1, 1], [0, 1, 1, 1, 1, 1, 1, 1, 1, 0, 1, 1, 1, 1, 1, 1, 1, 1, 1, 1, 1, 1, 1, 1, 1, 1, 1], [0, 1, 1, 1, 1, 1, 1, 1, 1, 1, 0, 1, 1, 1, 1, 1, 1, 1, 1, 1, 1, 1, 1, 1, 1, 1, 1], [0, 1, 1, 1, 1, 1, 1, 1, 1, 1, 1, 0, 1, 1, 1, 1, 1, 1, 1, 1, 1, 1, 1, 1, 1, 1, 1], [0, 1, 1, 1, 1, 1, 1, 1, 1, 1, 1, 1, 0, 1, 1, 1, 1, 1, 1, 1, 1, 1, 1, 1, 1, 1, 1], [0, 1, 1, 1, 1, 1, 1, 1, 1, 1, 1, 1, 1, 0, 1, 1, 1, 1, 1, 1, 1, 1, 1, 1, 1, 1, 1], [0, 1, 1, 1, 1, 1, 1, 1, 1, 1, 1, 1, 1, 1, 0, 1, 1, 1, 1, 1, 1, 1, 1, 1, 1, 1, 1], [0, 1, 1, 1, 1, 1, 1, 1, 1, 1, 1, 1, 1, 1, 1, 0, 1, 1, 1, 1, 1, 1, 1, 1, 1, 1, 1], [0, 1, 1, 1, 1, 1, 1, 1, 1, 1, 1, 1, 1, 1, 1, 1, 0, 1, 1, 1, 1, 1, 1, 1, 1, 1, 1], [0, 1, 1, 1, 1, 1, 1, 1, 1, 1, 1, 1, 1, 1, 1, 1, 1, 0, 1, 1, 1, 1, 1, 1, 1, 1, 1], [0, 1, 1, 1, 1, 1, 1, 1, 1, 1, 1, 1, 1, 1, 1, 1, 1, 1, 0, 1, 1, 1, 1, 1, 1, 1, 1], [0, 1, 1, 1, 1, 1, 1, 1, 1, 1, 1, 1, 1, 1, 1, 1, 1, 1, 1, 0, 1, 1, 1, 1, 1, 1, 1], [0, 1, 1, 1, 1, 1, 1, 1, 1, 1, 1, 1, 1, 1, 1, 1, 1, 1, 1, 1, 0, 1, 1, 1, 1, 1, 1], [0, 1, 1, 1, 1, 1, 1, 1, 1, 1, 1, 1, 1, 1, 1, 1, 1, 1, 1, 1, 1, 0, 1, 1, 1, 1, 1], [0, 1, 1, 1, 1, 1, 1, 1, 1, 1, 1, 1, 1, 1, 1, 1, 1, 1, 1, 1, 1, 1, 0, 1, 1, 1, 1], [0, 1, 1, 1, 1, 1, 1, 1, 1, 1, 1, 1, 1, 1, 1, 1, 1, 1, 1, 1, 1, 1, 1, 0, 1, 1, 1], [0, 1, 1, 1, 1, 1, 1, 1, 1, 1, 1, 1, 1, 1, 1, 1, 1, 1, 1, 1, 1, 1, 1, 1, 0, 1, 1], [0, 1, 1, 1, 1, 1, 1, 1, 1, 1, 1, 1, 1, 1, 1, 1, 1, 1, 1, 1, 1, 1, 1, 1, 1, 0, 1], [0, 0, 0, 0, 0, 0, 0, 0, 0, 0, 0, 0, 0, 0, 0, 0, 0, 0, 0, 0, 0, 0, 0, 0, 0, 0, 0]], "vertex_count": 27}, "distances": [[0.0, 70.96, 69.33, 66.81, 72.26, 70.65, 86.82, 71.28, 71.93, 68.07, 79.03, 70.38, 69.26, 78.02, 73.72, 59.45, 55.15, 70.21, 81.2, 75.43, 63.01, 53.28, 72.4, 78.57, 69.81, 65.93, 106.57], [70.96, 0.0, 8.69, 10.75, 4.92, 11.43, 25.73, 11.03, 11.4, 6.85, 9.44, 11.12, 9.85, 22.58, 8.44, 12.23, 22.05, 10.91, 17.93, 7.56, 10.54, 17.89, 10.51, 24.13, 5.33, 8.23, 70.96], [69.33, 8.69, 0.0, 18.21, 4.9, 9.27, 20.47, 10.0, 5.37, 9.4, 10.55, 9.22, 9.36, 15.07, 4.47, 10.57, 26.7, 9.19, 13.06, 6.71, 6.43, 18.97, 8.44, 16.55, 9.17, 11.54, 69.33], [66.81, 10.75, 18.21, 0.0, 15.57, 21.27, 36.46, 9.79, 14.72, 15.76, 19.51, 20.9, 19.32, 33.01, 19.1, 14.98, 13.2, 20.65, 28.67, 18.28, 16.47, 14.76, 12.11, 34.54, 15.16, 15.87, 66.81], [72.26, 4.92, 4.9, 15.57, 0.0, 7.0, 21.07, 6.11, 9.04, 4.5, 6.77, 6.76, 5.93, 17.68, 9.37, 12.81, 26.05, 6.6, 13.26, 11.61, 9.58, 20.19, 11.52, 19.23, 10.24, 6.64, 72.26], [70.65, 11.43, 9.27, 21.27, 7.0, 0.0, 17.88, 12.73, 7.68, 5.63, 11.03, 9.56, 9.7, 12.01, 4.8, 12.88, 29.65, 9.53, 10.83, 7.45, 8.57, 21.48, 10.92, 13.47, 6.21, 6.54, 70.65], [86.82, 25.73, 20.47, 36.46, 21.07, 17.88, 0.0, 26.69, 21.9, 22.82, 17.78, 18.26, 19.89, 9.15, 17.68, 30.76, 46.89, 18.5, 7.81, 18.19, 26.43, 39.35, 24.36, 9.19, 22.27, 24.28, 86.82], [71.28, 11.03, 10.0, 9.79, 6.11, 12.73, 26.69, 0.0, 5.27, 8.13, 9.96, 12.43, 11.16, 23.79, 9.6, 12.96, 21.55, 12.22, 18.91, 8.5, 11.6, 18.08, 11.82, 25.34, 6.64, 9.41, 71.28], [71.93, 11.4, 5.37, 14.72, 9.04, 7.68, 21.9, 5.27, 0.0, 4.54, 7.14, 7.42, 6.46, 18.53, 4.39, 12.49, 25.28, 7.25, 14.09, 11.92, 9.49, 19.65, 11.56, 20.08, 9.09, 6.6, 71.93], [68.07, 6.85, 9.4, 15.76, 4.5, 5.63, 22.82, 8.13, 4.54, 0.0, 11.1, 5.24, 10.43, 17.62, 5.84, 8.78, 24.2, 4.98, 15.26, 7.38, 5.14, 16.85, 7.02, 19.1, 10.54, 10.86, 68.07], [79.03, 9.44, 10.55, 19.51, 6.77, 11.03, 17.78, 9.96, 7.14, 11.1, 0.0, 11.03, 11.16, 17.56, 6.31, 19.58, 31.47, 11.02, 10.53, 14.0, 16.24, 26.72, 7.83, 19.05, 9.23, 13.27, 79.03], [70.38, 11.12, 9.22, 20.9, 6.76, 9.56, 18.26, 12.43, 7.42, 5.24, 11.03, 0.0, 9.65, 12.41, 4.76, 12.51, 29.25, 9.48, 11.17, 7.39, 8.19, 21.1, 10.66, 13.87, 5.87, 6.14, 70.38], [69.26, 9.85, 9.36, 19.32, 5.93, 9.7, 19.89, 11.16, 6.46, 10.43, 11.16, 9.65, 0.0, 14.12, 4.9, 10.93, 27.52, 9.62, 12.65, 7.35, 6.66, 19.47, 9.58, 15.58, 4.53, 4.43, 69.26], [78.02, 22.58, 15.07, 33.01, 17.68, 12.01, 9.15, 23.79, 18.53, 17.62, 17.56, 12.41, 14.12, 0.0, 14.22, 24.1, 41.57, 12.67, 8.2, 15.98, 19.86, 32.74, 21.62, 17.64, 17.86, 18.42, 78.02], [73.72, 8.44, 4.47, 19.1, 9.37, 4.8, 17.68, 9.6, 4.39, 5.84, 6.31, 4.76, 4.9, 14.22, 0.0, 14.61, 29.26, 4.72, 9.9, 10.36, 10.72, 22.63, 7.4, 15.78, 4.7, 7.86, 73.72], [59.45, 12.23, 10.57, 14.98, 12.81, 12.88, 30.76, 12.96, 12.49, 8.78, 19.58, 12.51, 10.93, 24.1, 14.61, 0.0, 18.17, 12.27, 23.57, 16.04, 4.33, 8.67, 13.4, 25.38, 10.39, 6.78, 59.45], [55.15, 22.05, 26.7, 13.2, 26.05, 29.65, 46.89, 21.55, 25.28, 24.2, 31.47, 29.25, 27.52, 41.57, 29.26, 18.17, 0.0, 28.98, 39.16, 29.31, 21.96, 11.05, 23.65, 42.96, 24.62, 23.15, 55.15], [70.21, 10.91, 9.19, 20.65, 6.6, 9.53, 18.5, 12.22, 7.25, 4.98, 11.02, 9.48, 9.62, 12.67, 4.72, 12.27, 28.98, 0.0, 11.39, 7.35, 7.96, 20.85, 10.47, 14.13, 5.65, 5.88, 70.21], [81.2, 17.93, 13.06, 28.67, 13.26, 10.83, 7.81, 18.91, 14.09, 15.26, 10.53, 11.17, 12.65, 8.2, 9.9, 23.57, 39.16, 11.39, 0.0, 10.42, 19.31, 32.02, 16.59, 9.44, 14.54, 16.9, 81.2], [75.43, 7.56, 6.71, 18.28, 11.61, 7.45, 18.19, 8.5, 11.92, 7.38, 14.0, 7.39, 7.35, 15.98, 10.36, 16.04, 29.31, 7.35, 10.42, 0.0, 12.5, 23.59, 6.17, 17.54, 5.66, 9.54, 75.43], [63.01, 10.54, 6.43, 16.47, 9.58, 8.57, 26.43, 11.6, 9.49, 5.14, 16.24, 8.19, 6.66, 19.86, 10.72, 4.33, 21.96, 7.96, 19.31, 12.5, 0.0, 12.98, 11.28, 21.18, 7.08, 11.09, 63.01], [53.28, 17.89, 18.97, 14.76, 20.19, 21.48, 39.35, 18.08, 19.65, 16.85, 26.72, 21.1, 19.47, 32.74, 22.63, 8.67, 11.05, 20.85, 32.02, 23.59, 12.98, 0.0, 19.42, 33.99, 18.05, 15.13, 53.28], [72.4, 10.51, 8.44, 12.11, 11.52, 10.92, 24.36, 11.82, 11.56, 7.02, 7.83, 10.66, 9.58, 21.62, 7.4, 13.4, 23.65, 10.47, 16.59, 6.17, 11.28, 19.42, 0.0, 23.18, 5.19, 8.71, 72.4], [78.57, 24.13, 16.55, 34.54, 19.23, 13.47, 9.19, 25.34, 20.08, 19.1, 19.05, 13.87, 15.58, 17.64, 15.78, 25.38, 42.96, 14.13, 9.44, 17.54, 21.18, 33.99, 23.18, 0.0, 19.38, 19.84, 78.57], [69.81, 5.33, 9.17, 15.16, 10.24, 6.21, 22.27, 6.64, 9.09, 10.54, 9.23, 5.87, 4.53, 17.86, 4.7, 10.39, 24.62, 5.65, 14.54, 5.66, 7.08, 18.05, 5.19, 19.38, 0.0, 8.96, 69.81], [65.93, 8.23, 11.54, 15.87, 6.64, 6.54, 24.28, 9.41, 6.6, 10.86, 13.27, 6.14, 4.43, 18.42, 7.86, 6.78, 23.15, 5.88, 16.9, 9.54, 11.09, 15.13, 8.71, 19.84, 8.96, 0.0, 65.93], [106.57, 70.96, 69.33, 66.81, 72.26, 70.65, 86.82, 71.28, 71.93, 68.07, 79.03, 70.38, 69.26, 78.02, 73.72, 59.45, 55.15, 70.21, 81.2, 75.43, 63.01, 53.28, 72.4, 78.57, 69.81, 65.93, 0.0]], "end_depot": 26, "horizon": [0.0, 1470.54], "instance_name": "25_85_B_A7", "speed_zone_count": 3, "speed_zones": [[0.0, 490.18], [490.18, 980.36], [980.36, 1470.54]], "start_depot": 0, "vehicle_count": 25}