{"cluster_count": 3, "cluster_speeds": [[0.176, 0.44, 0.176], [0.27, 0.6, 0.27], [0.415, 0.83, 0.415]], "clusters": [[-1, 2, 2, 2, 2, 2, 2, 2, 2, 2, 2, 2, 2, 2, 2, 2, 2, 2, 2, 2, 2, 2, 2, 2, 2, 2, 2], [0, -1, 0, 0, 0, 0, 0, 0, 0, 0, 0, 0, 0, 0, 0, 0, 0, 0, 0, 0, 0, 0, 0, 0, 0, 0, 0], [0, 0, -1, 0, 0, 0, 0, 0, 0, 0, 0, 0, 0, 0, 0, 0, 0, 0, 0, 0, 0, 0, 0, 0, 0, 0, 0], [0, 0, 0, -1, 0, 0, 0, 0, 0, 0, 0, 0, 0, 0, 0, 0, 0, 0, 0, 0, 0, 0, 0, 0, 0, 0, 0], [2, 2, 2, 2, -1, 2, 2, 2, 2, 2, 2, 2, 2, 2, 2, 2, 2, 2, 2, 2, 2, 2, 2, 2, 2, 2, 2], [0, 0, 0, 0, 0, -1, 0, 0, 0, 0, 0, 0, 0, 0, 0, 0, 0, 0, 0, 0, 0, 0, 0, 0, 0, 0, 0], [1, 1, 1, 1, 1, 1, -1, 1, 1, 1, 1, 1, 1, 1, 1, 1, 1, 1, 1, 1, 1, 1, 1, 1, 1, 1, 1], [0, 0, 0, 0, 0, 0, 0, -1, 0, 0, 0, 0, 0, 0, 0, 0, 0, 0, 0, 0, 0, 0, 0, 0, 0, 0, 0], [0, 0, 0, 0, 0, 0, 0, 0, -1, 0, 0, 0, 0, 0, 0, 0, 0, 0, 0, 0, 0, 0, 0, 0, 0, 0, 0], [0, 0, 0, 0, 0, 0, 0, 0, 0, -1, 0, 0, 0, 0, 0, 0, 0, 0, 0, 0, 0, 0, 0, 0, 0, 0, 0], [0, 0, 0, 0, 0, 0, 0, 0, 0, 0, -1, 0, 0, 0, 0, 0, 0, 0, 0, 0, 0, 0, 0, 0, 0, 0, 0], [1, 1, 1, 1, 1, 1, 1, 1, 1, 1, 1, -1, 1, 1, 1, 1, 1, 1, 1, 1, 1, 1, 1, 1, 1, 1, 1], [1, 1, 1, 1, 1, 1, 1, 1, 1, 1, 1, 1, -1, 1, 1, 1, 1, 1, 1, 1, 1, 1, 1, 1, 1, 1, 1], [0, 0, 0, 0, 0, 0, 0, 0, 0, 0, 0, 0, 0, -1, 0, 0, 0, 0, 0, 0, 0, 0, 0, 0, 0, 0, 0], [2, 2, 2, 2, 2, 2, 2, 2, 2, 2, 2, 2, 2, 2, -1, 2, 2, 2, 2, 2, 2, 2, 2, 2, 2, 2, 2], [1, 1, 1, 1, 1, 1, 1, 1, 1, 1, 1, 1, 1, 1, 1, -1, 1, 1, 1, 1, 1, 1, 1, 1, 1, 1, 1], [0, 0, 0, 0, 0, 0, 0, 0, 0, 0, 0, 0, 0, 0, 0, 0, -1, 0, 0, 0, 0, 0, 0, 0, 0, 0, 0], [0, 0, 0, 0, 0, 0, 0, 0, 0, 0, 0, 0, 0, 0, 0, 0, 0, -1, 0, 0, 0, 0, 0, 0, 0, 0, 0], [1, 1, 1, 1, 1, 1, 1, 1, 1, 1, 1, 1, 1, 1, 1, 1, 1, 1, -1, 1, 1, 1, 1, 1, 1, 1, 1], [1, 1, 1, 1, 1, 1, 1, 1, 1, 1, 1, 1, 1, 1, 1, 1, 1, 1, 1, -1, 1, 1, 1, 1, 1, 1, 1], [0, 0, 0, 0, 0, 0, 0, 0, 0, 0, 0, 0, 0, 0, 0, 0, 0, 0, 0, 0, -1, 0, 0, 0, 0, 0, 0], [2, 2, 2, 2, 2, 2, 2, 2, 2, 2, 2, 2, 2, 2, 2, 2, 2, 2, 2, 2, 2, -1, 2, 2, 2, 2, 2], [1, 1, 1, 1, 1, 1, 1, 1, 1, 1, 1, 1, 1, 1, 1, 1, 1, 1, 1, 1, 1, 1, -1, 1, 1, 1, 1], [1, 1, 1, 1, 1, 1, 1, 1, 1, 1, 1, 1, 1, 1, 1, 1, 1, 1, 1, 1, 1, 1, 1, -1, 1, 1, 1], [2, 2, 2, 2, 2, 2, 2, 2, 2, 2, 2, 2, 2, 2, 2, 2, 2, 2, 2, 2, 2, 2, 2, 2, -1, 2, 2], [1, 1, 1, 1, 1, 1, 1, 1, 1, 1, 1, 1, 1, 1, 1, 1, 1, 1, 1, 1, 1, 1, 1, 1, 1, -1, 1], [2, 2, 2, 2, 2, 2, 2, 2, 2, 2, 2, 2, 2, 2, 2, 2, 2, 2, 2, 2, 2, 2, 2, 2, 2, 2, -1]], "dataset_name": "cordeau_et_al_2014", "digraph": {"arc_count": 650, "arcs": [[0, 1, 1, 1, 1, 1, 1, 1, 1, 1, 1, 1, 1, 1, 1, 1, 1, 1, 1, 1, 1, 1, 1, 1, 1, 1, 0], [0, 0, 1, 1, 1, 1, 1, 1, 1, 1, 1, 1, 1, 1, 1, 1, 1, 1, 1, 1, 1, 1, 1, 1, 1, 1, 1], [0, 1, 0, 1, 1, 1, 1, 1, 1, 1, 1, 1, 1, 1, 1, 1, 1, 1, 1, 1, 1, 1, 1, 1, 1, 1, 1], [0, 1, 1, 0, 1, 1, 1, 1, 1, 1, 1, 1, 1, 1, 1, 1, 1, 1, 1, 1, 1, 1, 1, 1, 1, 1, 1], [0, 1, 1, 1, 0, 1, 1, 1, 1, 1, 1, 1, 1, 1, 1, 1, 1, 1, 1, 1, 1, 1, 1, 1, 1, 1, 1], [0, 1, 1, 1, 1, 0, 1, 1, 1, 1, 1, 1, 1, 1, 1, 1, 1, 1, 1, 1, 1, 1, 1, 1, 1, 1, 1], [0, 1, 1, 1, 1, 1, 0, 1, 1, 1, 1, 1, 1, 1, 1, 1, 1, 1, 1, 1, 1, 1, 1, 1, 1, 1, 1], [0, 1, 1, 1, 1, 1, 1, 0, 1, 1, 1, 1, 1, 1, 1, 1, 1, 1, 1, 1, 1, 1, 1, 1, 1, 1, 1], [0, 1, 1, 1, 1, 1, 1, 1, 0, 1, 1, 1, 1, 1, 1, 1, 1, 1, 1, 1, 1, 1, 1, 1, 1, 1, 1], [0, 1, 1, 1, 1, 1, 1, 1, 1, 0, 1, 1, 1, 1, 1, 1, 1, 1, 1, 1, 1, 1, 1, 1, 1, 1, 1], [0, 1, 1, 1, 1, 1, 1, 1, 1, 1, 0, 1, 1, 1, 1, 1, 1, 1, 1, 1, 1, 1, 1, 1, 1, 1, 1], [0, 1, 1, 1, 1, 1, 1, 1, 1, 1, 1, 0, 1, 1, 1, 1, 1, 1, 1, 1, 1, 1, 1, 1, 1, 1, 1], [0, 1, 1, 1, 1, 1, 1, 1, 1, 1, 1, 1, 0, 1, 1, 1, 1, 1, 1, 1, 1, 1, 1, 1, 1, 1, 1], [0, 1, 1, 1, 1, 1, 1, 1, 1, 1, 1, 1, 1, 0, 1, 1, 1, 1, 1, 1, 1, 1, 1, 1, 1, 1, 1], [0, 1, 1, 1, 1, 1, 1, 1, 1, 1, 1, 1, 1, 1, 0, 1, 1, 1, 1, 1, 1, 1, 1, 1, 1, 1, 1], [0, 1, 1, 1, 1, 1, 1, 1, 1, 1, 1, 1, 1, 1, 1, 0, 1, 1, 1, 1, 1, 1, 1, 1, 1, 1, 1], [0, 1, 1, 1, 1, 1, 1, 1, 1, 1, 1, 1, 1, 1, 1, 1, 0, 1, 1, 1, 1, 1, 1, 1, 1, 1, 1], [0, 1, 1, 1, 1, 1, 1, 1, 1, 1, 1, 1, 1, 1, 1, 1, 1, 0, 1, 1, 1, 1, 1, 1, 1, 1, 1], [0, 1, 1, 1, 1, 1, 1, 1, 1, 1, 1, 1, 1, 1, 1, 1, 1, 1, 0, 1, 1, 1, 1, 1, 1, 1, 1], [0, 1, 1, 1, 1, 1, 1, 1, 1, 1, 1, 1, 1, 1, 1, 1, 1, 1, 1, 0, 1, 1, 1, 1, 1, 1, 1], [0, 1, 1, 1, 1, 1, 1, 1, 1, 1, 1, 1, 1, 1, 1, 1, 1, 1, 1, 1, 0, 1, 1, 1, 1, 1, 1], [0, 1, 1, 1, 1, 1, 1, 1, 1, 1, 1, 1, 1, 1, 1, 1, 1, 1, 1, 1, 1, 0, 1, 1, 1, 1, 1], [0, 1, 1, 1, 1, 1, 1, 1, 1, 1, 1, 1, 1, 1, 1, 1, 1, 1, 1, 1, 1, 1, 0, 1, 1, 1, 1], [0, 1, 1, 1, 1, 1, 1, 1, 1, 1, 1, 1, 1, 1, 1, 1, 1, 1, 1, 1, 1, 1, 1, 0, 1, 1, 1], [0, 1, 1, 1, 1, 1, 1, 1, 1, 1, 1, 1, 1, 1, 1, 1, 1, 1, 1, 1, 1, 1, 1, 1, 0, 1, 1], [0, 1, 1, 1, 1, 1, 1, 1, 1, 1, 1, 1, 1, 1, 1, 1, 1, 1, 1, 1, 1, 1, 1, 1, 1, 0, 1], [0, 0, 0, 0, 0, 0, 0, 0, 0, 0, 0, 0, 0, 0, 0, 0, 0, 0, 0, 0, 0, 0, 0, 0, 0, 0, 0]], "vertex_count": 27}, "distances": [[0.0, 76.58, 68.53, 69.42, 72.03, 65.61, 50.95, 73.95, 74.04, 64.67, 79.76, 47.64, 51.23, 73.3, 82.06, 55.61, 73.72, 64.15, 49.64, 53.56, 76.97, 44.87, 78.39, 55.37, 108.18, 84.32, 89.74], [76.58, 0.0, 14.04, 16.23, 28.72, 15.15, 28.44, 5.82, 17.97, 13.39, 7.0, 29.46, 25.75, 11.16, 34.54, 21.63, 11.76, 12.5, 28.11, 23.75, 13.92, 36.72, 19.17, 21.41, 32.98, 13.55, 76.58], [68.53, 14.04, 0.0, 24.64, 16.17, 12.62, 17.73, 8.39, 9.99, 16.78, 20.89, 21.25, 22.03, 4.91, 45.83, 19.63, 13.17, 12.55, 18.97, 21.27, 26.01, 25.23, 31.15, 18.2, 45.63, 27.52, 68.53], [69.42, 16.23, 24.64, 0.0, 40.8, 23.64, 29.88, 19.74, 17.91, 8.93, 13.67, 27.43, 19.73, 24.63, 21.66, 15.66, 14.14, 13.19, 27.62, 17.19, 7.67, 37.64, 9.62, 16.99, 39.64, 15.63, 69.42], [72.03, 28.72, 16.17, 40.8, 0.0, 17.46, 23.91, 22.99, 24.95, 32.69, 35.7, 29.79, 34.43, 17.56, 61.95, 33.47, 28.69, 28.3, 27.04, 34.58, 41.85, 27.42, 47.07, 31.66, 55.92, 42.11, 72.03], [65.61, 15.15, 12.62, 23.64, 17.46, 0.0, 14.94, 9.97, 11.19, 15.26, 21.67, 18.24, 19.16, 7.71, 45.14, 17.01, 13.7, 10.85, 16.0, 18.55, 25.89, 22.68, 30.87, 15.47, 47.53, 28.28, 65.61], [50.95, 28.44, 17.73, 29.88, 23.91, 14.94, 0.0, 24.32, 24.99, 21.29, 33.78, 6.2, 13.71, 22.61, 50.78, 15.49, 26.12, 18.06, 18.36, 15.25, 35.12, 8.34, 39.11, 13.61, 61.42, 39.93, 50.95], [73.95, 5.82, 8.39, 19.74, 22.99, 9.97, 24.32, 0.0, 12.9, 14.21, 12.81, 26.34, 24.31, 5.46, 39.58, 20.7, 5.94, 11.5, 24.59, 22.73, 19.08, 32.38, 24.36, 19.96, 37.56, 19.37, 73.95], [74.04, 17.97, 9.99, 17.91, 24.95, 11.19, 24.99, 12.9, 0.0, 12.93, 10.97, 26.56, 23.86, 7.45, 37.59, 20.04, 18.77, 10.73, 24.98, 22.12, 17.08, 33.18, 22.36, 19.49, 36.55, 17.57, 74.04], [64.67, 13.39, 16.78, 8.93, 32.69, 15.26, 21.29, 14.21, 12.93, 0.0, 15.1, 19.68, 13.47, 17.98, 30.56, 9.07, 10.44, 4.44, 19.4, 11.11, 13.99, 29.32, 17.82, 9.62, 43.53, 20.02, 64.67], [79.76, 7.0, 20.89, 13.67, 35.7, 21.67, 33.78, 12.81, 10.97, 15.1, 0.0, 33.8, 28.54, 18.16, 28.56, 24.15, 8.0, 16.22, 32.88, 26.21, 8.43, 42.12, 13.27, 24.49, 28.5, 6.63, 79.76], [47.64, 29.46, 21.25, 27.43, 29.79, 18.24, 6.2, 26.34, 26.56, 19.68, 33.8, 0.0, 8.79, 25.84, 47.29, 11.9, 26.78, 17.58, 19.06, 10.93, 33.63, 10.79, 36.99, 10.43, 62.13, 39.45, 47.64], [51.23, 25.75, 22.03, 19.73, 34.43, 19.16, 13.71, 24.31, 23.86, 13.47, 28.54, 8.79, 0.0, 25.67, 38.67, 4.41, 22.8, 13.27, 10.27, 19.72, 26.65, 19.58, 29.34, 4.37, 57.0, 33.39, 51.23], [73.3, 11.16, 4.91, 24.63, 17.56, 7.71, 22.61, 5.46, 7.45, 17.98, 18.16, 25.84, 25.67, 0.0, 44.93, 22.71, 11.32, 14.34, 23.68, 24.56, 24.51, 30.14, 29.78, 21.55, 41.18, 24.63, 73.3], [82.06, 34.54, 45.83, 21.66, 61.95, 45.14, 50.78, 39.58, 37.59, 30.56, 28.56, 47.29, 38.67, 44.93, 0.0, 35.51, 33.64, 34.85, 48.07, 36.37, 20.62, 57.98, 15.39, 37.26, 40.47, 24.56, 82.06], [55.61, 21.63, 19.63, 15.66, 33.47, 17.01, 15.49, 20.7, 20.04, 9.07, 24.15, 11.9, 4.41, 22.71, 35.51, 0.0, 18.65, 9.31, 12.57, 20.18, 22.35, 22.48, 25.27, 8.79, 52.6, 28.98, 55.61], [73.72, 11.76, 13.17, 14.14, 28.69, 13.7, 26.12, 5.94, 18.77, 10.44, 8.0, 26.78, 22.8, 11.32, 33.64, 18.65, 0.0, 9.59, 25.56, 20.77, 13.19, 34.44, 18.46, 18.48, 35.43, 14.58, 73.72], [64.15, 12.5, 12.55, 13.19, 28.3, 10.85, 18.06, 11.5, 10.73, 4.44, 16.22, 17.58, 13.27, 14.34, 34.85, 9.31, 9.59, 0.0, 16.75, 11.41, 17.18, 26.32, 21.54, 8.92, 44.6, 22.02, 64.15], [49.64, 28.11, 18.97, 27.62, 27.04, 16.0, 18.36, 24.59, 24.98, 19.4, 32.88, 19.06, 10.27, 23.68, 48.07, 12.57, 25.56, 16.75, 0.0, 12.03, 33.39, 10.02, 37.05, 10.83, 60.99, 38.77, 49.64], [53.56, 23.75, 21.27, 17.19, 34.58, 18.55, 15.25, 22.73, 22.12, 11.11, 26.21, 10.93, 19.72, 24.56, 36.37, 20.18, 20.77, 11.41, 12.03, 0.0, 24.12, 21.69, 26.8, 20.33, 54.62, 30.93, 53.56], [76.97, 13.92, 26.01, 7.67, 41.85, 25.89, 35.12, 19.08, 17.08, 13.99, 8.43, 33.63, 26.65, 24.51, 20.62, 22.35, 13.19, 17.18, 33.39, 24.12, 0.0, 43.26, 5.28, 23.35, 32.0, 8.13, 76.97], [44.87, 36.72, 25.23, 37.64, 27.42, 22.68, 8.34, 32.38, 33.18, 29.32, 42.12, 10.79, 19.58, 30.14, 57.98, 22.48, 34.44, 26.32, 10.02, 21.69, 43.26, 0.0, 47.04, 20.82, 69.68, 48.25, 44.87], [78.39, 19.17, 31.15, 9.62, 47.07, 30.87, 39.11, 24.36, 22.36, 17.82, 13.27, 36.99, 29.34, 29.78, 15.39, 25.27, 18.46, 21.54, 37.05, 26.8, 5.28, 47.04, 0.0, 26.56, 32.56, 10.62, 78.39], [55.37, 21.41, 18.2, 16.99, 31.66, 15.47, 13.61, 19.96, 19.49, 9.62, 24.49, 10.43, 4.37, 21.55, 37.26, 8.79, 18.48, 8.92, 10.83, 20.33, 23.35, 20.82, 26.56, 0.0, 53.0, 29.64, 55.37], [108.18, 32.98, 45.63, 39.64, 55.92, 47.53, 61.42, 37.56, 36.55, 43.53, 28.5, 62.13, 57.0, 41.18, 40.47, 52.6, 35.43, 44.6, 60.99, 54.62, 32.0, 69.68, 32.56, 53.0, 0.0, 24.08, 108.18], [84.32, 13.55, 27.52, 15.63, 42.11, 28.28, 39.93, 19.37, 17.57, 20.02, 6.63, 39.45, 33.39, 24.63, 24.56, 28.98, 14.58, 22.02, 38.77, 30.93, 8.13, 48.25, 10.62, 29.64, 24.08, 0.0, 84.32], [89.74, 76.58, 68.53, 69.42, 72.03, 65.61, 50.95, 73.95, 74.04, 64.67, 79.76, 47.64, 51.23, 73.3, 82.06, 55.61, 73.72, 64.15, 49.64, 53.56, 76.97, 44.87, 78.39, 55.37, 108.18, 84.32, 0.0]], "end_depot": 26, "horizon": [0.0, 1900.98], "instance_name": "25_80_B_C5", "speed_zone_count": 3, "speed_zones": [[0.0, 633.66], [633.66, 1267.32], [1267.32, 1900.98]], "start_depot": 0, "vehicle_count": 25}