{"cluster_count": 3, "cluster_speeds": [[0.187, 0.44, 0.187], [0.27, 0.6, 0.27], [0.415, 0.83, 0.415]], "clusters": [[-1, 2, 2, 2, 2, 2, 2, 2, 2, 2, 2, 2, 2, 2, 2, 2, 2, 2, 2, 2, 2, 2, 2, 2, 2, 2, 2], [0, -1, 0, 0, 0, 0, 0, 0, 0, 0, 0, 0, 0, 0, 0, 0, 0, 0, 0, 0, 0, 0, 0, 0, 0, 0, 0], [2, 2, -1, 2, 2, 2, 2, 2, 2, 2, 2, 2, 2, 2, 2, 2, 2, 2, 2, 2, 2, 2, 2, 2, 2, 2, 2], [1, 1, 1, -1, 1, 1, 1, 1, 1, 1, 1, 1, 1, 1, 1, 1, 1, 1, 1, 1, 1, 1, 1, 1, 1, 1, 1], [2, 2, 2, 2, -1, 2, 2, 2, 2, 2, 2, 2, 2, 2, 2, 2, 2, 2, 2, 2, 2, 2, 2, 2, 2, 2, 2], [0, 0, 0, 0, 0, -1, 0, 0, 0, 0, 0, 0, 0, 0, 0, 0, 0, 0, 0, 0, 0, 0, 0, 0, 0, 0, 0], [2, 2, 2, 2, 2, 2, -1, 2, 2, 2, 2, 2, 2, 2, 2, 2, 2, 2, 2, 2, 2, 2, 2, 2, 2, 2, 2], [1, 1, 1, 1, 1, 1, 1, -1, 1, 1, 1, 1, 1, 1, 1, 1, 1, 1, 1, 1, 1, 1, 1, 1, 1, 1, 1], [0, 0, 0, 0, 0, 0, 0, 0, -1, 0, 0, 0, 0, 0, 0, 0, 0, 0, 0, 0, 0, 0, 0, 0, 0, 0, 0], [1, 1, 1, 1, 1, 1, 1, 1, 1, -1, 1, 1, 1, 1, 1, 1, 1, 1, 1, 1, 1, 1, 1, 1, 1, 1, 1], [2, 2, 2, 2, 2, 2, 2, 2, 2, 2, -1, 2, 2, 2, 2, 2, 2, 2, 2, 2, 2, 2, 2, 2, 2, 2, 2], [0, 0, 0, 0, 0, 0, 0, 0, 0, 0, 0, -1, 0, 0, 0, 0, 0, 0, 0, 0, 0, 0, 0, 0, 0, 0, 0], [2, 2, 2, 2, 2, 2, 2, 2, 2, 2, 2, 2, -1, 2, 2, 2, 2, 2, 2, 2, 2, 2, 2, 2, 2, 2, 2], [1, 1, 1, 1, 1, 1, 1, 1, 1, 1, 1, 1, 1, -1, 1, 1, 1, 1, 1, 1, 1, 1, 1, 1, 1, 1, 1], [0, 0, 0, 0, 0, 0, 0, 0, 0, 0, 0, 0, 0, 0, -1, 0, 0, 0, 0, 0, 0, 0, 0, 0, 0, 0, 0], [0, 0, 0, 0, 0, 0, 0, 0, 0, 0, 0, 0, 0, 0, 0, -1, 0, 0, 0, 0, 0, 0, 0, 0, 0, 0, 0], [0, 0, 0, 0, 0, 0, 0, 0, 0, 0, 0, 0, 0, 0, 0, 0, -1, 0, 0, 0, 0, 0, 0, 0, 0, 0, 0], [1, 1, 1, 1, 1, 1, 1, 1, 1, 1, 1, 1, 1, 1, 1, 1, 1, -1, 1, 1, 1, 1, 1, 1, 1, 1, 1], [0, 0, 0, 0, 0, 0, 0, 0, 0, 0, 0, 0, 0, 0, 0, 0, 0, 0, -1, 0, 0, 0, 0, 0, 0, 0, 0], [0, 0, 0, 0, 0, 0, 0, 0, 0, 0, 0, 0, 0, 0, 0, 0, 0, 0, 0, -1, 0, 0, 0, 0, 0, 0, 0], [2, 2, 2, 2, 2, 2, 2, 2, 2, 2, 2, 2, 2, 2, 2, 2, 2, 2, 2, 2, -1, 2, 2, 2, 2, 2, 2], [0, 0, 0, 0, 0, 0, 0, 0, 0, 0, 0, 0, 0, 0, 0, 0, 0, 0, 0, 0, 0, -1, 0, 0, 0, 0, 0], [2, 2, 2, 2, 2, 2, 2, 2, 2, 2, 2, 2, 2, 2, 2, 2, 2, 2, 2, 2, 2, 2, -1, 2, 2, 2, 2], [0, 0, 0, 0, 0, 0, 0, 0, 0, 0, 0, 0, 0, 0, 0, 0, 0, 0, 0, 0, 0, 0, 0, -1, 0, 0, 0], [0, 0, 0, 0, 0, 0, 0, 0, 0, 0, 0, 0, 0, 0, 0, 0, 0, 0, 0, 0, 0, 0, 0, 0, -1, 0, 0], [0, 0, 0, 0, 0, 0, 0, 0, 0, 0, 0, 0, 0, 0, 0, 0, 0, 0, 0, 0, 0, 0, 0, 0, 0, -1, 0], [2, 2, 2, 2, 2, 2, 2, 2, 2, 2, 2, 2, 2, 2, 2, 2, 2, 2, 2, 2, 2, 2, 2, 2, 2, 2, -1]], "dataset_name": "cordeau_et_al_2014", "digraph": {"arc_count": 650, "arcs": [[0, 1, 1, 1, 1, 1, 1, 1, 1, 1, 1, 1, 1, 1, 1, 1, 1, 1, 1, 1, 1, 1, 1, 1, 1, 1, 0], [0, 0, 1, 1, 1, 1, 1, 1, 1, 1, 1, 1, 1, 1, 1, 1, 1, 1, 1, 1, 1, 1, 1, 1, 1, 1, 1], [0, 1, 0, 1, 1, 1, 1, 1, 1, 1, 1, 1, 1, 1, 1, 1, 1, 1, 1, 1, 1, 1, 1, 1, 1, 1, 1], [0, 1, 1, 0, 1, 1, 1, 1, 1, 1, 1, 1, 1, 1, 1, 1, 1, 1, 1, 1, 1, 1, 1, 1, 1, 1, 1], [0, 1, 1, 1, 0, 1, 1, 1, 1, 1, 1, 1, 1, 1, 1, 1, 1, 1, 1, 1, 1, 1, 1, 1, 1, 1, 1], [0, 1, 1, 1, 1, 0, 1, 1, 1, 1, 1, 1, 1, 1, 1, 1, 1, 1, 1, 1, 1, 1, 1, 1, 1, 1, 1], [0, 1, 1, 1, 1, 1, 0, 1, 1, 1, 1, 1, 1, 1, 1, 1, 1, 1, 1, 1, 1, 1, 1, 1, 1, 1, 1], [0, 1, 1, 1, 1, 1, 1, 0, 1, 1, 1, 1, 1, 1, 1, 1, 1, 1, 1, 1, 1, 1, 1, 1, 1, 1, 1], [0, 1, 1, 1, 1, 1, 1, 1, 0, 1, 1, 1, 1, 1, 1, 1, 1, 1, 1, 1, 1, 1, 1, 1, 1, 1, 1], [0, 1, 1, 1, 1, 1, 1, 1, 1, 0, 1, 1, 1, 1, 1, 1, 1, 1, 1, 1, 1, 1, 1, 1, 1, 1, 1], [0, 1, 1, 1, 1, 1, 1, 1, 1, 1, 0, 1, 1, 1, 1, 1, 1, 1, 1, 1, 1, 1, 1, 1, 1, 1, 1], [0, 1, 1, 1, 1, 1, 1, 1, 1, 1, 1, 0, 1, 1, 1, 1, 1, 1, 1, 1, 1, 1, 1, 1, 1, 1, 1], [0, 1, 1, 1, 1, 1, 1, 1, 1, 1, 1, 1, 0, 1, 1, 1, 1, 1, 1, 1, 1, 1, 1, 1, 1, 1, 1], [0, 1, 1, 1, 1, 1, 1, 1, 1, 1, 1, 1, 1, 0, 1, 1, 1, 1, 1, 1, 1, 1, 1, 1, 1, 1, 1], [0, 1, 1, 1, 1, 1, 1, 1, 1, 1, 1, 1, 1, 1, 0, 1, 1, 1, 1, 1, 1, 1, 1, 1, 1, 1, 1], [0, 1, 1, 1, 1, 1, 1, 1, 1, 1, 1, 1, 1, 1, 1, 0, 1, 1, 1, 1, 1, 1, 1, 1, 1, 1, 1], [0, 1, 1, 1, 1, 1, 1, 1, 1, 1, 1, 1, 1, 1, 1, 1, 0, 1, 1, 1, 1, 1, 1, 1, 1, 1, 1], [0, 1, 1, 1, 1, 1, 1, 1, 1, 1, 1, 1, 1, 1, 1, 1, 1, 0, 1, 1, 1, 1, 1, 1, 1, 1, 1], [0, 1, 1, 1, 1, 1, 1, 1, 1, 1, 1, 1, 1, 1, 1, 1, 1, 1, 0, 1, 1, 1, 1, 1, 1, 1, 1], [0, 1, 1, 1, 1, 1, 1, 1, 1, 1, 1, 1, 1, 1, 1, 1, 1, 1, 1, 0, 1, 1, 1, 1, 1, 1, 1], [0, 1, 1, 1, 1, 1, 1, 1, 1, 1, 1, 1, 1, 1, 1, 1, 1, 1, 1, 1, 0, 1, 1, 1, 1, 1, 1], [0, 1, 1, 1, 1, 1, 1, 1, 1, 1, 1, 1, 1, 1, 1, 1, 1, 1, 1, 1, 1, 0, 1, 1, 1, 1, 1], [0, 1, 1, 1, 1, 1, 1, 1, 1, 1, 1, 1, 1, 1, 1, 1, 1, 1, 1, 1, 1, 1, 0, 1, 1, 1, 1], [0, 1, 1, 1, 1, 1, 1, 1, 1, 1, 1, 1, 1, 1, 1, 1, 1, 1, 1, 1, 1, 1, 1, 0, 1, 1, 1], [0, 1, 1, 1, 1, 1, 1, 1, 1, 1, 1, 1, 1, 1, 1, 1, 1, 1, 1, 1, 1, 1, 1, 1, 0, 1, 1], [0, 1, 1, 1, 1, 1, 1, 1, 1, 1, 1, 1, 1, 1, 1, 1, 1, 1, 1, 1, 1, 1, 1, 1, 1, 0, 1], [0, 0, 0, 0, 0, 0, 0, 0, 0, 0, 0, 0, 0, 0, 0, 0, 0, 0, 0, 0, 0, 0, 0, 0, 0, 0, 0]], "vertex_count": 27}, "distances": [[0.0, 74.34, 88.44, 82.68, 81.83, 81.27, 91.21, 55.96, 72.34, 75.18, 80.16, 59.95, 107.97, 51.27, 78.2, 74.4, 76.88, 67.51, 69.15, 68.67, 68.2, 83.72, 29.0, 72.16, 67.82, 76.27, 57.99], [74.34, 0.0, 42.57, 21.37, 36.87, 9.66, 36.61, 18.81, 19.06, 6.25, 35.75, 18.14, 39.31, 24.18, 13.39, 14.02, 6.36, 9.87, 6.93, 22.7, 22.81, 11.66, 50.94, 11.77, 17.53, 17.4, 74.34], [88.44, 42.57, 0.0, 22.01, 7.2, 35.58, 9.69, 44.64, 25.11, 48.75, 8.93, 37.44, 32.98, 45.17, 29.34, 28.84, 36.54, 50.32, 47.66, 24.77, 64.49, 35.58, 76.92, 39.83, 29.37, 25.27, 88.44], [82.68, 21.37, 22.01, 0.0, 17.7, 13.59, 15.24, 29.67, 10.36, 27.31, 17.19, 23.53, 25.39, 32.61, 8.05, 9.64, 15.06, 30.26, 27.35, 14.66, 44.05, 13.65, 64.74, 19.32, 14.95, 6.64, 82.68], [81.83, 36.87, 7.2, 17.7, 0.0, 30.84, 11.15, 37.56, 18.57, 43.11, 16.13, 30.36, 34.44, 37.98, 24.07, 22.88, 31.13, 44.02, 41.47, 17.7, 58.2, 31.25, 69.74, 33.86, 22.53, 19.48, 81.83], [81.27, 9.66, 35.58, 13.59, 30.84, 0.0, 28.43, 25.36, 15.95, 14.57, 30.06, 22.02, 29.79, 30.07, 7.21, 10.5, 4.45, 19.52, 16.56, 20.82, 32.09, 11.35, 59.45, 9.74, 17.14, 12.35, 81.27], [91.21, 36.61, 9.69, 15.24, 11.15, 28.43, 0.0, 42.56, 21.94, 42.52, 12.32, 35.63, 23.72, 44.27, 23.26, 24.01, 30.29, 45.35, 42.48, 23.6, 59.25, 27.94, 76.7, 34.45, 26.84, 20.42, 91.21], [55.96, 18.81, 44.64, 29.67, 37.56, 25.36, 42.56, 0.0, 20.63, 21.38, 35.93, 7.21, 53.58, 5.55, 23.33, 20.17, 20.94, 15.25, 15.34, 19.87, 25.89, 27.82, 35.14, 16.25, 15.73, 23.09, 55.96], [72.34, 19.06, 25.11, 10.36, 18.57, 15.95, 21.94, 20.63, 0.0, 25.27, 17.22, 13.84, 35.74, 22.78, 8.99, 5.56, 14.3, 25.47, 22.99, 5.07, 39.64, 17.52, 55.19, 15.69, 4.97, 4.48, 72.34], [75.18, 6.25, 48.75, 27.31, 43.11, 14.57, 42.52, 21.38, 25.27, 0.0, 42.0, 22.55, 43.05, 26.93, 19.46, 20.27, 12.27, 7.77, 6.17, 28.72, 17.64, 16.01, 50.16, 9.64, 23.42, 23.63, 75.18], [80.16, 35.75, 8.93, 17.19, 16.13, 30.06, 12.32, 35.93, 17.22, 42.0, 0.0, 28.72, 35.23, 36.28, 23.16, 21.73, 30.13, 42.69, 40.18, 16.1, 56.86, 30.59, 68.0, 32.66, 21.02, 18.42, 80.16], [59.95, 18.14, 37.44, 23.53, 30.36, 22.02, 35.63, 7.21, 13.84, 22.55, 28.72, 0.0, 48.28, 9.09, 18.25, 14.53, 17.96, 18.49, 17.38, 12.67, 31.21, 24.4, 41.37, 14.68, 8.87, 16.9, 59.95], [107.97, 39.31, 32.98, 25.39, 34.44, 29.79, 23.72, 53.58, 35.74, 43.05, 35.23, 48.28, 0.0, 57.3, 30.27, 33.75, 33.98, 49.16, 46.24, 39.91, 60.48, 27.65, 88.58, 39.39, 40.15, 31.7, 107.97], [51.27, 24.18, 45.17, 32.61, 37.98, 30.07, 44.27, 5.55, 22.78, 26.93, 36.28, 9.09, 57.3, 0.0, 27.13, 23.55, 25.74, 20.67, 20.88, 20.78, 30.24, 32.51, 32.46, 21.39, 17.83, 25.98, 51.27], [78.2, 13.39, 29.34, 8.05, 24.07, 7.21, 23.26, 23.33, 8.99, 19.46, 23.16, 18.25, 30.27, 27.13, 0.0, 14.55, 7.2, 22.23, 19.31, 14.02, 36.0, 8.54, 58.41, 11.28, 11.3, 5.14, 78.2], [74.4, 14.02, 28.84, 9.64, 22.88, 10.5, 24.01, 20.17, 5.56, 20.27, 21.73, 14.53, 33.75, 23.55, 14.55, 0.0, 8.8, 21.57, 18.83, 10.31, 35.68, 12.26, 55.31, 11.01, 7.19, 10.04, 74.4], [76.88, 6.36, 36.54, 15.06, 31.13, 4.45, 30.29, 20.94, 14.3, 12.27, 30.13, 17.96, 33.98, 25.74, 7.2, 8.8, 0.0, 15.86, 12.87, 18.7, 29.16, 6.89, 55.03, 5.41, 14.26, 11.72, 76.88], [67.51, 9.87, 50.32, 30.26, 44.02, 19.52, 45.35, 15.25, 25.47, 7.77, 42.69, 18.49, 49.16, 20.67, 22.23, 21.57, 15.86, 0.0, 13.95, 27.71, 14.18, 21.52, 42.42, 10.95, 22.25, 25.2, 67.51], [69.15, 6.93, 47.66, 27.35, 41.47, 16.56, 42.48, 15.34, 22.99, 6.17, 40.18, 17.38, 46.24, 20.88, 19.31, 18.83, 12.87, 13.95, 0.0, 25.56, 16.85, 18.59, 44.69, 8.04, 20.09, 22.45, 69.15], [68.67, 22.7, 24.77, 14.66, 17.7, 20.82, 23.6, 19.87, 5.07, 28.72, 16.1, 12.67, 39.91, 20.78, 14.02, 10.31, 18.7, 27.71, 25.56, 0.0, 41.66, 22.5, 53.13, 19.08, 5.47, 9.5, 68.67], [68.2, 22.81, 64.49, 44.05, 58.2, 32.09, 59.25, 25.89, 39.64, 17.64, 56.86, 31.21, 60.48, 30.24, 36.0, 35.68, 29.16, 14.18, 16.85, 41.66, 0.0, 33.64, 40.16, 24.83, 36.25, 39.3, 68.2], [83.72, 11.66, 35.58, 13.65, 31.25, 11.35, 27.94, 27.82, 17.52, 16.01, 30.59, 24.4, 27.65, 32.51, 8.54, 12.26, 6.89, 21.52, 18.59, 22.5, 33.64, 0.0, 61.84, 12.11, 19.15, 13.58, 83.72], [29.0, 50.94, 76.92, 64.74, 69.74, 59.45, 76.7, 35.14, 55.19, 50.16, 68.0, 41.37, 88.58, 32.46, 58.41, 55.31, 55.03, 42.42, 44.69, 53.13, 40.16, 61.84, 0.0, 49.73, 50.23, 58.12, 29.0], [72.16, 11.77, 39.83, 19.32, 33.86, 9.74, 34.45, 16.25, 15.69, 9.64, 32.66, 14.68, 39.39, 21.39, 11.28, 11.01, 5.41, 10.95, 8.04, 19.08, 24.83, 12.11, 49.73, 0.0, 13.84, 14.56, 72.16], [67.82, 17.53, 29.37, 14.95, 22.53, 17.14, 26.84, 15.73, 4.97, 23.42, 21.02, 8.87, 40.15, 17.83, 11.3, 7.19, 14.26, 22.25, 20.09, 5.47, 36.25, 19.15, 50.23, 13.84, 0.0, 8.45, 67.82], [76.27, 17.4, 25.27, 6.64, 19.48, 12.35, 20.42, 23.09, 4.48, 23.63, 18.42, 16.9, 31.7, 25.98, 5.14, 10.04, 11.72, 25.2, 22.45, 9.5, 39.3, 13.58, 58.12, 14.56, 8.45, 0.0, 76.27], [57.99, 74.34, 88.44, 82.68, 81.83, 81.27, 91.21, 55.96, 72.34, 75.18, 80.16, 59.95, 107.97, 51.27, 78.2, 74.4, 76.88, 67.51, 69.15, 68.67, 68.2, 83.72, 29.0, 72.16, 67.82, 76.27, 0.0]], "end_depot": 26, "horizon": [0.0, 1790.97], "instance_name": "25_85_B_C6", "speed_zone_count": 3, "speed_zones": [[0.0, 596.99], [596.99, 1193.98], [1193.98, 1790.97]], "start_depot": 0, "vehicle_count": 25}