{"cluster_count": 3, "cluster_speeds": [[0.22, 0.44, 0.22], [0.24, 0.6, 0.24], [0.39425, 0.83, 0.39425]], "clusters": [[-1, 2, 2, 2, 2, 2, 2, 2, 2, 2, 2, 2, 2, 2, 2, 2, 2, 2, 2, 2, 2, 2, 2, 2, 2, 2, 2], [0, -1, 0, 0, 0, 0, 0, 0, 0, 0, 0, 0, 0, 0, 0, 0, 0, 0, 0, 0, 0, 0, 0, 0, 0, 0, 0], [0, 0, -1, 0, 0, 0, 0, 0, 0, 0, 0, 0, 0, 0, 0, 0, 0, 0, 0, 0, 0, 0, 0, 0, 0, 0, 0], [1, 1, 1, -1, 1, 1, 1, 1, 1, 1, 1, 1, 1, 1, 1, 1, 1, 1, 1, 1, 1, 1, 1, 1, 1, 1, 1], [0, 0, 0, 0, -1, 0, 0, 0, 0, 0, 0, 0, 0, 0, 0, 0, 0, 0, 0, 0, 0, 0, 0, 0, 0, 0, 0], [0, 0, 0, 0, 0, -1, 0, 0, 0, 0, 0, 0, 0, 0, 0, 0, 0, 0, 0, 0, 0, 0, 0, 0, 0, 0, 0], [0, 0, 0, 0, 0, 0, -1, 0, 0, 0, 0, 0, 0, 0, 0, 0, 0, 0, 0, 0, 0, 0, 0, 0, 0, 0, 0], [0, 0, 0, 0, 0, 0, 0, -1, 0, 0, 0, 0, 0, 0, 0, 0, 0, 0, 0, 0, 0, 0, 0, 0, 0, 0, 0], [1, 1, 1, 1, 1, 1, 1, 1, -1, 1, 1, 1, 1, 1, 1, 1, 1, 1, 1, 1, 1, 1, 1, 1, 1, 1, 1], [0, 0, 0, 0, 0, 0, 0, 0, 0, -1, 0, 0, 0, 0, 0, 0, 0, 0, 0, 0, 0, 0, 0, 0, 0, 0, 0], [0, 0, 0, 0, 0, 0, 0, 0, 0, 0, -1, 0, 0, 0, 0, 0, 0, 0, 0, 0, 0, 0, 0, 0, 0, 0, 0], [0, 0, 0, 0, 0, 0, 0, 0, 0, 0, 0, -1, 0, 0, 0, 0, 0, 0, 0, 0, 0, 0, 0, 0, 0, 0, 0], [0, 0, 0, 0, 0, 0, 0, 0, 0, 0, 0, 0, -1, 0, 0, 0, 0, 0, 0, 0, 0, 0, 0, 0, 0, 0, 0], [1, 1, 1, 1, 1, 1, 1, 1, 1, 1, 1, 1, 1, -1, 1, 1, 1, 1, 1, 1, 1, 1, 1, 1, 1, 1, 1], [0, 0, 0, 0, 0, 0, 0, 0, 0, 0, 0, 0, 0, 0, -1, 0, 0, 0, 0, 0, 0, 0, 0, 0, 0, 0, 0], [0, 0, 0, 0, 0, 0, 0, 0, 0, 0, 0, 0, 0, 0, 0, -1, 0, 0, 0, 0, 0, 0, 0, 0, 0, 0, 0], [1, 1, 1, 1, 1, 1, 1, 1, 1, 1, 1, 1, 1, 1, 1, 1, -1, 1, 1, 1, 1, 1, 1, 1, 1, 1, 1], [0, 0, 0, 0, 0, 0, 0, 0, 0, 0, 0, 0, 0, 0, 0, 0, 0, -1, 0, 0, 0, 0, 0, 0, 0, 0, 0], [0, 0, 0, 0, 0, 0, 0, 0, 0, 0, 0, 0, 0, 0, 0, 0, 0, 0, -1, 0, 0, 0, 0, 0, 0, 0, 0], [0, 0, 0, 0, 0, 0, 0, 0, 0, 0, 0, 0, 0, 0, 0, 0, 0, 0, 0, -1, 0, 0, 0, 0, 0, 0, 0], [0, 0, 0, 0, 0, 0, 0, 0, 0, 0, 0, 0, 0, 0, 0, 0, 0, 0, 0, 0, -1, 0, 0, 0, 0, 0, 0], [0, 0, 0, 0, 0, 0, 0, 0, 0, 0, 0, 0, 0, 0, 0, 0, 0, 0, 0, 0, 0, -1, 0, 0, 0, 0, 0], [0, 0, 0, 0, 0, 0, 0, 0, 0, 0, 0, 0, 0, 0, 0, 0, 0, 0, 0, 0, 0, 0, -1, 0, 0, 0, 0], [1, 1, 1, 1, 1, 1, 1, 1, 1, 1, 1, 1, 1, 1, 1, 1, 1, 1, 1, 1, 1, 1, 1, -1, 1, 1, 1], [0, 0, 0, 0, 0, 0, 0, 0, 0, 0, 0, 0, 0, 0, 0, 0, 0, 0, 0, 0, 0, 0, 0, 0, -1, 0, 0], [0, 0, 0, 0, 0, 0, 0, 0, 0, 0, 0, 0, 0, 0, 0, 0, 0, 0, 0, 0, 0, 0, 0, 0, 0, -1, 0], [2, 2, 2, 2, 2, 2, 2, 2, 2, 2, 2, 2, 2, 2, 2, 2, 2, 2, 2, 2, 2, 2, 2, 2, 2, 2, -1]], "dataset_name": "cordeau_et_al_2014", "digraph": {"arc_count": 650, "arcs": [[0, 1, 1, 1, 1, 1, 1, 1, 1, 1, 1, 1, 1, 1, 1, 1, 1, 1, 1, 1, 1, 1, 1, 1, 1, 1, 0], [0, 0, 1, 1, 1, 1, 1, 1, 1, 1, 1, 1, 1, 1, 1, 1, 1, 1, 1, 1, 1, 1, 1, 1, 1, 1, 1], [0, 1, 0, 1, 1, 1, 1, 1, 1, 1, 1, 1, 1, 1, 1, 1, 1, 1, 1, 1, 1, 1, 1, 1, 1, 1, 1], [0, 1, 1, 0, 1, 1, 1, 1, 1, 1, 1, 1, 1, 1, 1, 1, 1, 1, 1, 1, 1, 1, 1, 1, 1, 1, 1], [0, 1, 1, 1, 0, 1, 1, 1, 1, 1, 1, 1, 1, 1, 1, 1, 1, 1, 1, 1, 1, 1, 1, 1, 1, 1, 1], [0, 1, 1, 1, 1, 0, 1, 1, 1, 1, 1, 1, 1, 1, 1, 1, 1, 1, 1, 1, 1, 1, 1, 1, 1, 1, 1], [0, 1, 1, 1, 1, 1, 0, 1, 1, 1, 1, 1, 1, 1, 1, 1, 1, 1, 1, 1, 1, 1, 1, 1, 1, 1, 1], [0, 1, 1, 1, 1, 1, 1, 0, 1, 1, 1, 1, 1, 1, 1, 1, 1, 1, 1, 1, 1, 1, 1, 1, 1, 1, 1], [0, 1, 1, 1, 1, 1, 1, 1, 0, 1, 1, 1, 1, 1, 1, 1, 1, 1, 1, 1, 1, 1, 1, 1, 1, 1, 1], [0, 1, 1, 1, 1, 1, 1, 1, 1, 0, 1, 1, 1, 1, 1, 1, 1, 1, 1, 1, 1, 1, 1, 1, 1, 1, 1], [0, 1, 1, 1, 1, 1, 1, 1, 1, 1, 0, 1, 1, 1, 1, 1, 1, 1, 1, 1, 1, 1, 1, 1, 1, 1, 1], [0, 1, 1, 1, 1, 1, 1, 1, 1, 1, 1, 0, 1, 1, 1, 1, 1, 1, 1, 1, 1, 1, 1, 1, 1, 1, 1], [0, 1, 1, 1, 1, 1, 1, 1, 1, 1, 1, 1, 0, 1, 1, 1, 1, 1, 1, 1, 1, 1, 1, 1, 1, 1, 1], [0, 1, 1, 1, 1, 1, 1, 1, 1, 1, 1, 1, 1, 0, 1, 1, 1, 1, 1, 1, 1, 1, 1, 1, 1, 1, 1], [0, 1, 1, 1, 1, 1, 1, 1, 1, 1, 1, 1, 1, 1, 0, 1, 1, 1, 1, 1, 1, 1, 1, 1, 1, 1, 1], [0, 1, 1, 1, 1, 1, 1, 1, 1, 1, 1, 1, 1, 1, 1, 0, 1, 1, 1, 1, 1, 1, 1, 1, 1, 1, 1], [0, 1, 1, 1, 1, 1, 1, 1, 1, 1, 1, 1, 1, 1, 1, 1, 0, 1, 1, 1, 1, 1, 1, 1, 1, 1, 1], [0, 1, 1, 1, 1, 1, 1, 1, 1, 1, 1, 1, 1, 1, 1, 1, 1, 0, 1, 1, 1, 1, 1, 1, 1, 1, 1], [0, 1, 1, 1, 1, 1, 1, 1, 1, 1, 1, 1, 1, 1, 1, 1, 1, 1, 0, 1, 1, 1, 1, 1, 1, 1, 1], [0, 1, 1, 1, 1, 1, 1, 1, 1, 1, 1, 1, 1, 1, 1, 1, 1, 1, 1, 0, 1, 1, 1, 1, 1, 1, 1], [0, 1, 1, 1, 1, 1, 1, 1, 1, 1, 1, 1, 1, 1, 1, 1, 1, 1, 1, 1, 0, 1, 1, 1, 1, 1, 1], [0, 1, 1, 1, 1, 1, 1, 1, 1, 1, 1, 1, 1, 1, 1, 1, 1, 1, 1, 1, 1, 0, 1, 1, 1, 1, 1], [0, 1, 1, 1, 1, 1, 1, 1, 1, 1, 1, 1, 1, 1, 1, 1, 1, 1, 1, 1, 1, 1, 0, 1, 1, 1, 1], [0, 1, 1, 1, 1, 1, 1, 1, 1, 1, 1, 1, 1, 1, 1, 1, 1, 1, 1, 1, 1, 1, 1, 0, 1, 1, 1], [0, 1, 1, 1, 1, 1, 1, 1, 1, 1, 1, 1, 1, 1, 1, 1, 1, 1, 1, 1, 1, 1, 1, 1, 0, 1, 1], [0, 1, 1, 1, 1, 1, 1, 1, 1, 1, 1, 1, 1, 1, 1, 1, 1, 1, 1, 1, 1, 1, 1, 1, 1, 0, 1], [0, 0, 0, 0, 0, 0, 0, 0, 0, 0, 0, 0, 0, 0, 0, 0, 0, 0, 0, 0, 0, 0, 0, 0, 0, 0, 0]], "vertex_count": 27}, "distances": [[0.0, 66.27, 76.03, 63.19, 72.28, 64.12, 85.41, 71.83, 76.89, 64.64, 83.57, 72.48, 64.58, 58.33, 72.01, 73.34, 77.1, 72.03, 80.75, 71.78, 57.21, 62.94, 76.3, 85.78, 69.45, 65.03, 114.42], [66.27, 0.0, 18.03, 10.82, 10.65, 10.29, 19.96, 8.08, 22.43, 4.66, 19.07, 6.27, 13.06, 11.77, 6.28, 7.21, 21.28, 8.17, 15.12, 5.86, 9.74, 9.6, 10.23, 23.97, 10.97, 12.11, 66.27], [76.03, 18.03, 0.0, 28.82, 7.45, 28.22, 14.58, 22.42, 4.94, 15.37, 11.33, 17.18, 17.36, 29.38, 18.96, 14.67, 18.28, 22.33, 12.97, 14.3, 25.97, 27.63, 14.12, 10.03, 27.45, 21.42, 76.03], [63.19, 10.82, 28.82, 0.0, 21.39, 10.86, 28.15, 10.02, 33.24, 14.56, 28.16, 13.63, 12.07, 5.01, 12.12, 15.95, 32.1, 10.23, 23.55, 15.36, 8.58, 9.62, 18.53, 33.92, 6.28, 7.43, 63.19], [72.28, 10.65, 7.45, 21.39, 0.0, 20.77, 13.75, 15.27, 12.12, 8.68, 11.39, 10.13, 10.27, 22.21, 11.84, 7.83, 10.83, 15.2, 9.92, 7.09, 19.19, 20.22, 8.36, 14.25, 20.11, 14.01, 72.28], [64.12, 10.29, 28.22, 10.86, 20.77, 0.0, 27.23, 9.03, 32.7, 14.22, 27.29, 12.77, 11.7, 5.85, 11.21, 15.12, 31.53, 9.25, 22.66, 14.6, 9.04, 10.45, 17.65, 33.12, 5.34, 6.93, 64.12], [85.41, 19.96, 14.58, 28.15, 13.75, 27.23, 0.0, 18.5, 18.45, 20.79, 9.7, 14.68, 21.14, 31.04, 16.05, 12.83, 16.91, 18.3, 4.84, 14.11, 29.7, 27.43, 9.87, 9.38, 23.83, 22.36, 85.41], [71.83, 8.08, 22.42, 10.02, 15.27, 9.03, 18.5, 0.0, 27.28, 12.59, 18.99, 5.25, 10.55, 13.95, 12.21, 7.82, 25.88, 10.41, 14.18, 8.18, 14.72, 9.61, 9.52, 25.33, 5.46, 7.25, 71.83], [76.89, 22.43, 4.94, 33.24, 12.12, 32.7, 18.45, 27.28, 0.0, 19.24, 15.15, 22.05, 21.46, 33.39, 23.83, 19.57, 22.13, 27.2, 17.57, 19.12, 29.63, 32.01, 19.05, 11.65, 32.23, 25.81, 76.89], [64.64, 4.66, 15.37, 14.56, 8.68, 14.22, 20.79, 12.59, 19.24, 0.0, 19.17, 9.55, 12.37, 14.15, 10.22, 9.26, 18.31, 12.65, 16.12, 7.59, 10.61, 13.24, 11.97, 22.9, 15.58, 7.45, 64.64], [83.57, 19.07, 11.33, 28.16, 11.39, 27.29, 9.7, 18.99, 15.15, 19.17, 0.0, 14.53, 19.89, 30.57, 16.12, 12.3, 13.61, 18.81, 4.86, 13.28, 28.74, 27.31, 9.65, 6.89, 24.44, 21.81, 83.57], [72.48, 6.27, 17.18, 13.63, 10.13, 12.77, 14.68, 5.25, 22.05, 9.55, 14.53, 0.0, 8.37, 16.38, 11.38, 12.86, 20.64, 5.16, 9.96, 9.42, 15.54, 12.81, 4.9, 20.48, 10.51, 7.83, 72.48], [64.58, 13.06, 17.36, 12.07, 10.27, 11.7, 21.14, 10.55, 21.46, 12.37, 19.89, 8.37, 0.0, 12.02, 8.64, 8.78, 20.44, 10.64, 16.34, 7.21, 9.02, 10.76, 11.72, 24.22, 13.14, 4.92, 64.58], [58.33, 11.77, 29.38, 5.01, 22.21, 5.85, 31.04, 13.95, 33.39, 14.15, 30.57, 16.38, 12.02, 0.0, 15.21, 18.31, 32.43, 14.17, 26.26, 17.32, 4.86, 4.6, 21.18, 35.73, 11.16, 8.77, 58.33], [72.01, 6.28, 18.96, 12.12, 11.84, 11.21, 16.05, 12.21, 23.83, 10.22, 16.12, 11.38, 8.64, 15.21, 0.0, 4.4, 22.43, 12.11, 11.44, 4.75, 14.86, 11.39, 6.48, 22.2, 8.7, 7.02, 72.01], [73.34, 7.21, 14.67, 15.95, 7.83, 15.12, 12.83, 7.82, 19.57, 9.26, 12.3, 12.86, 8.78, 18.31, 4.4, 0.0, 18.14, 7.71, 8.0, 9.15, 16.91, 15.04, 10.88, 18.01, 13.09, 9.57, 73.34], [77.1, 21.28, 18.28, 32.1, 10.83, 31.53, 16.91, 25.88, 22.13, 18.31, 13.61, 20.64, 20.44, 32.43, 22.43, 18.14, 0.0, 25.8, 15.98, 17.75, 28.81, 30.88, 17.52, 10.48, 30.89, 24.68, 77.1], [72.03, 8.17, 22.33, 10.23, 15.2, 9.25, 18.3, 10.41, 27.2, 12.65, 18.81, 5.16, 10.64, 14.17, 12.11, 7.71, 25.8, 0.0, 14.0, 8.12, 14.91, 9.83, 9.36, 25.16, 5.63, 7.42, 72.03], [80.75, 15.12, 12.97, 23.55, 9.92, 22.66, 4.84, 14.18, 17.57, 16.12, 4.86, 9.96, 16.34, 26.26, 11.44, 8.0, 15.98, 14.0, 0.0, 9.27, 24.86, 22.77, 5.08, 11.57, 19.62, 17.55, 80.75], [71.78, 5.86, 14.3, 15.36, 7.09, 14.6, 14.11, 8.18, 19.12, 7.59, 13.28, 9.42, 7.21, 17.32, 4.75, 9.15, 17.75, 8.12, 9.27, 0.0, 15.6, 14.36, 4.52, 18.59, 13.16, 8.56, 71.78], [57.21, 9.74, 25.97, 8.58, 19.19, 9.04, 29.7, 14.72, 29.63, 10.61, 28.74, 15.54, 9.02, 4.86, 14.86, 16.91, 28.81, 14.91, 24.86, 15.6, 0.0, 7.52, 19.93, 33.24, 13.68, 7.84, 57.21], [62.94, 9.6, 27.63, 9.62, 20.22, 10.45, 27.43, 9.61, 32.01, 13.24, 27.31, 12.81, 10.76, 4.6, 11.39, 15.04, 30.88, 9.83, 22.77, 14.36, 7.52, 0.0, 17.71, 32.94, 6.6, 6.21, 62.94], [76.3, 10.23, 14.12, 18.53, 8.36, 17.65, 9.87, 9.52, 19.05, 11.97, 9.65, 4.9, 11.72, 21.18, 6.48, 10.88, 17.52, 9.36, 5.08, 4.52, 19.93, 17.71, 0.0, 15.81, 14.98, 12.49, 76.3], [85.78, 23.97, 10.03, 33.92, 14.25, 33.12, 9.38, 25.33, 11.65, 22.9, 6.89, 20.48, 24.22, 35.73, 22.2, 18.01, 10.48, 25.16, 11.57, 18.59, 33.24, 32.94, 15.81, 0.0, 30.79, 27.06, 85.78], [69.45, 10.97, 27.45, 6.28, 20.11, 5.34, 23.83, 5.46, 32.23, 15.58, 24.44, 10.51, 13.14, 11.16, 8.7, 13.09, 30.89, 5.63, 19.62, 13.16, 13.68, 6.6, 14.98, 30.79, 0.0, 8.43, 69.45], [65.03, 12.11, 21.42, 7.43, 14.01, 6.93, 22.36, 7.25, 25.81, 7.45, 21.81, 7.83, 4.92, 8.77, 7.02, 9.57, 24.68, 7.42, 17.55, 8.56, 7.84, 6.21, 12.49, 27.06, 8.43, 0.0, 65.03], [114.42, 66.27, 76.03, 63.19, 72.28, 64.12, 85.41, 71.83, 76.89, 64.64, 83.57, 72.48, 64.58, 58.33, 72.01, 73.34, 77.1, 72.03, 80.75, 71.78, 57.21, 62.94, 76.3, 85.78, 69.45, 65.03, 0.0]], "end_depot": 26, "horizon": [0.0, 1495.86], "instance_name": "25_80_A_A10", "speed_zone_count": 3, "speed_zones": [[0.0, 498.62], [498.62, 997.24], [997.24, 1495.86]], "start_depot": 0, "vehicle_count": 25}