{"cluster_count": 3, "cluster_speeds": [[0.22, 0.44, 0.22], [0.24, 0.6, 0.24], [0.39425, 0.83, 0.39425]], "clusters": [[-1, 2, 2, 2, 2, 2, 2, 2, 2, 2, 2, 2, 2, 2, 2, 2, 2, 2, 2, 2, 2, 2, 2, 2, 2, 2, 2], [2, -1, 2, 2, 2, 2, 2, 2, 2, 2, 2, 2, 2, 2, 2, 2, 2, 2, 2, 2, 2, 2, 2, 2, 2, 2, 2], [1, 1, -1, 1, 1, 1, 1, 1, 1, 1, 1, 1, 1, 1, 1, 1, 1, 1, 1, 1, 1, 1, 1, 1, 1, 1, 1], [0, 0, 0, -1, 0, 0, 0, 0, 0, 0, 0, 0, 0, 0, 0, 0, 0, 0, 0, 0, 0, 0, 0, 0, 0, 0, 0], [1, 1, 1, 1, -1, 1, 1, 1, 1, 1, 1, 1, 1, 1, 1, 1, 1, 1, 1, 1, 1, 1, 1, 1, 1, 1, 1], [2, 2, 2, 2, 2, -1, 2, 2, 2, 2, 2, 2, 2, 2, 2, 2, 2, 2, 2, 2, 2, 2, 2, 2, 2, 2, 2], [0, 0, 0, 0, 0, 0, -1, 0, 0, 0, 0, 0, 0, 0, 0, 0, 0, 0, 0, 0, 0, 0, 0, 0, 0, 0, 0], [2, 2, 2, 2, 2, 2, 2, -1, 2, 2, 2, 2, 2, 2, 2, 2, 2, 2, 2, 2, 2, 2, 2, 2, 2, 2, 2], [2, 2, 2, 2, 2, 2, 2, 2, -1, 2, 2, 2, 2, 2, 2, 2, 2, 2, 2, 2, 2, 2, 2, 2, 2, 2, 2], [0, 0, 0, 0, 0, 0, 0, 0, 0, -1, 0, 0, 0, 0, 0, 0, 0, 0, 0, 0, 0, 0, 0, 0, 0, 0, 0], [0, 0, 0, 0, 0, 0, 0, 0, 0, 0, -1, 0, 0, 0, 0, 0, 0, 0, 0, 0, 0, 0, 0, 0, 0, 0, 0], [0, 0, 0, 0, 0, 0, 0, 0, 0, 0, 0, -1, 0, 0, 0, 0, 0, 0, 0, 0, 0, 0, 0, 0, 0, 0, 0], [1, 1, 1, 1, 1, 1, 1, 1, 1, 1, 1, 1, -1, 1, 1, 1, 1, 1, 1, 1, 1, 1, 1, 1, 1, 1, 1], [1, 1, 1, 1, 1, 1, 1, 1, 1, 1, 1, 1, 1, -1, 1, 1, 1, 1, 1, 1, 1, 1, 1, 1, 1, 1, 1], [0, 0, 0, 0, 0, 0, 0, 0, 0, 0, 0, 0, 0, 0, -1, 0, 0, 0, 0, 0, 0, 0, 0, 0, 0, 0, 0], [2, 2, 2, 2, 2, 2, 2, 2, 2, 2, 2, 2, 2, 2, 2, -1, 2, 2, 2, 2, 2, 2, 2, 2, 2, 2, 2], [0, 0, 0, 0, 0, 0, 0, 0, 0, 0, 0, 0, 0, 0, 0, 0, -1, 0, 0, 0, 0, 0, 0, 0, 0, 0, 0], [0, 0, 0, 0, 0, 0, 0, 0, 0, 0, 0, 0, 0, 0, 0, 0, 0, -1, 0, 0, 0, 0, 0, 0, 0, 0, 0], [0, 0, 0, 0, 0, 0, 0, 0, 0, 0, 0, 0, 0, 0, 0, 0, 0, 0, -1, 0, 0, 0, 0, 0, 0, 0, 0], [0, 0, 0, 0, 0, 0, 0, 0, 0, 0, 0, 0, 0, 0, 0, 0, 0, 0, 0, -1, 0, 0, 0, 0, 0, 0, 0], [0, 0, 0, 0, 0, 0, 0, 0, 0, 0, 0, 0, 0, 0, 0, 0, 0, 0, 0, 0, -1, 0, 0, 0, 0, 0, 0], [0, 0, 0, 0, 0, 0, 0, 0, 0, 0, 0, 0, 0, 0, 0, 0, 0, 0, 0, 0, 0, -1, 0, 0, 0, 0, 0], [1, 1, 1, 1, 1, 1, 1, 1, 1, 1, 1, 1, 1, 1, 1, 1, 1, 1, 1, 1, 1, 1, -1, 1, 1, 1, 1], [0, 0, 0, 0, 0, 0, 0, 0, 0, 0, 0, 0, 0, 0, 0, 0, 0, 0, 0, 0, 0, 0, 0, -1, 0, 0, 0], [0, 0, 0, 0, 0, 0, 0, 0, 0, 0, 0, 0, 0, 0, 0, 0, 0, 0, 0, 0, 0, 0, 0, 0, -1, 0, 0], [2, 2, 2, 2, 2, 2, 2, 2, 2, 2, 2, 2, 2, 2, 2, 2, 2, 2, 2, 2, 2, 2, 2, 2, 2, -1, 2], [2, 2, 2, 2, 2, 2, 2, 2, 2, 2, 2, 2, 2, 2, 2, 2, 2, 2, 2, 2, 2, 2, 2, 2, 2, 2, -1]], "dataset_name": "cordeau_et_al_2014", "digraph": {"arc_count": 650, "arcs": [[0, 1, 1, 1, 1, 1, 1, 1, 1, 1, 1, 1, 1, 1, 1, 1, 1, 1, 1, 1, 1, 1, 1, 1, 1, 1, 0], [0, 0, 1, 1, 1, 1, 1, 1, 1, 1, 1, 1, 1, 1, 1, 1, 1, 1, 1, 1, 1, 1, 1, 1, 1, 1, 1], [0, 1, 0, 1, 1, 1, 1, 1, 1, 1, 1, 1, 1, 1, 1, 1, 1, 1, 1, 1, 1, 1, 1, 1, 1, 1, 1], [0, 1, 1, 0, 1, 1, 1, 1, 1, 1, 1, 1, 1, 1, 1, 1, 1, 1, 1, 1, 1, 1, 1, 1, 1, 1, 1], [0, 1, 1, 1, 0, 1, 1, 1, 1, 1, 1, 1, 1, 1, 1, 1, 1, 1, 1, 1, 1, 1, 1, 1, 1, 1, 1], [0, 1, 1, 1, 1, 0, 1, 1, 1, 1, 1, 1, 1, 1, 1, 1, 1, 1, 1, 1, 1, 1, 1, 1, 1, 1, 1], [0, 1, 1, 1, 1, 1, 0, 1, 1, 1, 1, 1, 1, 1, 1, 1, 1, 1, 1, 1, 1, 1, 1, 1, 1, 1, 1], [0, 1, 1, 1, 1, 1, 1, 0, 1, 1, 1, 1, 1, 1, 1, 1, 1, 1, 1, 1, 1, 1, 1, 1, 1, 1, 1], [0, 1, 1, 1, 1, 1, 1, 1, 0, 1, 1, 1, 1, 1, 1, 1, 1, 1, 1, 1, 1, 1, 1, 1, 1, 1, 1], [0, 1, 1, 1, 1, 1, 1, 1, 1, 0, 1, 1, 1, 1, 1, 1, 1, 1, 1, 1, 1, 1, 1, 1, 1, 1, 1], [0, 1, 1, 1, 1, 1, 1, 1, 1, 1, 0, 1, 1, 1, 1, 1, 1, 1, 1, 1, 1, 1, 1, 1, 1, 1, 1], [0, 1, 1, 1, 1, 1, 1, 1, 1, 1, 1, 0, 1, 1, 1, 1, 1, 1, 1, 1, 1, 1, 1, 1, 1, 1, 1], [0, 1, 1, 1, 1, 1, 1, 1, 1, 1, 1, 1, 0, 1, 1, 1, 1, 1, 1, 1, 1, 1, 1, 1, 1, 1, 1], [0, 1, 1, 1, 1, 1, 1, 1, 1, 1, 1, 1, 1, 0, 1, 1, 1, 1, 1, 1, 1, 1, 1, 1, 1, 1, 1], [0, 1, 1, 1, 1, 1, 1, 1, 1, 1, 1, 1, 1, 1, 0, 1, 1, 1, 1, 1, 1, 1, 1, 1, 1, 1, 1], [0, 1, 1, 1, 1, 1, 1, 1, 1, 1, 1, 1, 1, 1, 1, 0, 1, 1, 1, 1, 1, 1, 1, 1, 1, 1, 1], [0, 1, 1, 1, 1, 1, 1, 1, 1, 1, 1, 1, 1, 1, 1, 1, 0, 1, 1, 1, 1, 1, 1, 1, 1, 1, 1], [0, 1, 1, 1, 1, 1, 1, 1, 1, 1, 1, 1, 1, 1, 1, 1, 1, 0, 1, 1, 1, 1, 1, 1, 1, 1, 1], [0, 1, 1, 1, 1, 1, 1, 1, 1, 1, 1, 1, 1, 1, 1, 1, 1, 1, 0, 1, 1, 1, 1, 1, 1, 1, 1], [0, 1, 1, 1, 1, 1, 1, 1, 1, 1, 1, 1, 1, 1, 1, 1, 1, 1, 1, 0, 1, 1, 1, 1, 1, 1, 1], [0, 1, 1, 1, 1, 1, 1, 1, 1, 1, 1, 1, 1, 1, 1, 1, 1, 1, 1, 1, 0, 1, 1, 1, 1, 1, 1], [0, 1, 1, 1, 1, 1, 1, 1, 1, 1, 1, 1, 1, 1, 1, 1, 1, 1, 1, 1, 1, 0, 1, 1, 1, 1, 1], [0, 1, 1, 1, 1, 1, 1, 1, 1, 1, 1, 1, 1, 1, 1, 1, 1, 1, 1, 1, 1, 1, 0, 1, 1, 1, 1], [0, 1, 1, 1, 1, 1, 1, 1, 1, 1, 1, 1, 1, 1, 1, 1, 1, 1, 1, 1, 1, 1, 1, 0, 1, 1, 1], [0, 1, 1, 1, 1, 1, 1, 1, 1, 1, 1, 1, 1, 1, 1, 1, 1, 1, 1, 1, 1, 1, 1, 1, 0, 1, 1], [0, 1, 1, 1, 1, 1, 1, 1, 1, 1, 1, 1, 1, 1, 1, 1, 1, 1, 1, 1, 1, 1, 1, 1, 1, 0, 1], [0, 0, 0, 0, 0, 0, 0, 0, 0, 0, 0, 0, 0, 0, 0, 0, 0, 0, 0, 0, 0, 0, 0, 0, 0, 0, 0]], "vertex_count": 27}, "distances": [[0.0, 72.04, 90.68, 66.26, 55.17, 57.42, 80.82, 107.49, 91.64, 73.63, 72.74, 64.97, 91.68, 68.02, 68.8, 92.9, 61.06, 68.48, 70.83, 68.47, 79.81, 78.49, 48.96, 68.24, 72.98, 103.07, 97.93], [72.04, 0.0, 44.42, 33.69, 23.78, 15.27, 33.52, 70.06, 65.42, 26.17, 26.67, 33.78, 44.81, 15.3, 35.41, 61.96, 22.75, 38.72, 29.32, 37.06, 45.38, 32.98, 32.06, 33.6, 29.0, 64.18, 72.04], [90.68, 44.42, 0.0, 24.47, 39.27, 45.6, 11.85, 25.67, 25.84, 20.69, 20.97, 25.74, 24.42, 32.23, 21.88, 20.73, 33.22, 22.57, 21.14, 22.31, 13.51, 13.56, 42.56, 22.52, 19.53, 19.81, 90.68], [66.26, 33.69, 24.47, 0.0, 17.23, 27.01, 15.17, 45.06, 34.62, 11.4, 10.27, 11.03, 25.45, 18.41, 13.55, 32.78, 12.77, 5.27, 6.74, 15.31, 15.86, 12.8, 18.35, 10.42, 8.85, 39.67, 66.26], [55.17, 23.78, 39.27, 17.23, 0.0, 11.37, 27.8, 61.96, 51.73, 19.41, 18.76, 16.44, 40.11, 13.29, 20.07, 50.01, 6.23, 22.17, 18.14, 20.98, 32.98, 25.78, 8.45, 18.51, 19.79, 56.41, 55.17], [57.42, 15.27, 45.6, 27.01, 11.37, 0.0, 33.75, 69.97, 61.51, 24.93, 24.76, 26.52, 46.29, 13.86, 29.58, 59.2, 14.25, 32.24, 25.66, 30.83, 41.95, 32.23, 18.37, 27.82, 26.56, 64.22, 57.42], [80.82, 33.52, 11.85, 15.17, 27.8, 33.75, 0.0, 36.85, 32.75, 8.84, 9.18, 16.45, 12.57, 20.48, 13.39, 28.73, 21.64, 15.62, 10.05, 14.58, 13.78, 14.06, 32.01, 13.2, 8.07, 30.99, 80.82], [107.49, 70.06, 25.67, 45.06, 61.96, 69.97, 36.85, 0.0, 18.08, 45.32, 45.32, 46.1, 25.37, 57.24, 42.15, 14.86, 56.47, 40.94, 44.39, 41.64, 29.26, 37.96, 63.03, 43.53, 43.41, 5.88, 107.49], [91.64, 65.42, 25.84, 34.62, 51.73, 61.51, 32.75, 18.08, 0.0, 39.25, 38.79, 35.3, 26.27, 50.76, 31.94, 5.61, 47.28, 29.56, 36.56, 30.8, 20.07, 32.7, 50.69, 33.69, 36.5, 16.63, 91.64], [73.63, 26.17, 20.69, 11.4, 19.41, 24.93, 8.84, 45.32, 39.25, 0.0, 14.84, 12.33, 21.4, 11.96, 11.42, 35.91, 13.18, 14.78, 4.7, 13.16, 19.21, 7.37, 24.68, 10.07, 13.36, 39.5, 73.63], [72.74, 26.67, 20.97, 10.27, 18.76, 24.76, 9.18, 45.32, 38.79, 14.84, 0.0, 11.19, 21.72, 12.14, 10.38, 35.59, 12.55, 13.76, 14.35, 12.13, 18.73, 7.47, 23.78, 8.98, 13.47, 39.52, 72.74], [64.97, 33.78, 25.74, 11.03, 16.44, 26.52, 16.45, 46.1, 35.3, 12.33, 11.19, 0.0, 26.73, 18.56, 14.56, 33.63, 12.34, 5.76, 7.75, 4.56, 16.85, 14.07, 17.17, 10.92, 9.93, 40.75, 64.97], [91.68, 44.81, 24.42, 25.45, 40.11, 46.29, 12.57, 25.37, 26.27, 21.4, 21.72, 26.73, 0.0, 32.84, 22.88, 21.07, 34.04, 23.61, 22.01, 23.33, 14.51, 14.36, 43.51, 23.49, 20.35, 19.53, 91.68], [68.02, 15.3, 32.23, 18.41, 13.29, 13.86, 20.48, 57.24, 50.76, 11.96, 12.14, 18.56, 32.84, 0.0, 20.12, 47.71, 9.07, 23.42, 14.26, 21.76, 30.71, 19.29, 21.31, 18.3, 14.34, 51.4, 68.02], [68.8, 35.41, 21.88, 13.55, 20.07, 29.58, 13.39, 42.15, 31.94, 11.42, 10.38, 14.56, 22.88, 20.12, 0.0, 29.96, 15.34, 17.05, 6.82, 15.39, 12.96, 11.08, 21.2, 12.19, 8.46, 36.76, 68.8], [92.9, 61.96, 20.73, 32.78, 50.01, 59.2, 28.73, 14.86, 5.61, 35.91, 35.59, 33.63, 21.07, 47.71, 29.96, 0.0, 45.12, 28.05, 33.75, 29.06, 17.26, 28.99, 49.89, 31.59, 33.38, 12.0, 92.9], [61.06, 22.75, 33.22, 12.77, 6.23, 14.25, 21.64, 56.47, 47.28, 13.18, 12.55, 12.34, 34.04, 9.07, 15.34, 45.12, 0.0, 18.01, 12.22, 16.58, 27.9, 19.68, 12.78, 13.6, 13.69, 50.83, 61.06], [68.48, 38.72, 22.57, 5.27, 22.17, 32.24, 15.62, 40.94, 29.56, 14.78, 13.76, 5.76, 23.61, 23.42, 17.05, 28.05, 18.01, 0.0, 10.23, 10.32, 11.76, 13.46, 22.09, 5.16, 11.75, 35.77, 68.48], [70.83, 29.32, 21.14, 6.74, 18.14, 25.66, 10.05, 44.39, 36.56, 4.7, 14.35, 7.75, 22.01, 14.26, 6.82, 33.75, 12.22, 10.23, 0.0, 8.57, 16.57, 7.81, 21.97, 5.38, 12.66, 38.69, 70.83], [68.47, 37.06, 22.31, 15.31, 20.98, 30.83, 14.58, 41.64, 30.8, 13.16, 12.13, 4.56, 23.33, 21.76, 15.39, 29.06, 16.58, 10.32, 8.57, 0.0, 12.38, 12.33, 21.45, 13.95, 10.16, 36.35, 68.47], [79.81, 45.38, 13.51, 15.86, 32.98, 41.95, 13.78, 29.26, 20.07, 19.21, 18.73, 16.85, 14.51, 30.71, 12.96, 17.26, 27.9, 11.76, 16.57, 12.38, 0.0, 13.11, 33.8, 14.47, 16.43, 24.01, 79.81], [78.49, 32.98, 13.56, 12.8, 25.78, 32.23, 14.06, 37.96, 32.7, 7.37, 7.47, 14.07, 14.36, 19.29, 11.08, 28.99, 19.68, 13.46, 7.81, 12.33, 13.11, 0.0, 29.74, 10.83, 5.99, 32.13, 78.49], [48.96, 32.06, 42.56, 18.35, 8.45, 18.37, 32.01, 63.03, 50.69, 24.68, 23.78, 17.17, 43.51, 21.31, 21.2, 49.89, 12.78, 22.09, 21.97, 21.45, 33.8, 29.74, 0.0, 20.18, 24.06, 57.8, 48.96], [68.24, 33.6, 22.52, 10.42, 18.51, 27.82, 13.2, 43.53, 33.69, 10.07, 8.98, 10.92, 23.49, 18.3, 12.19, 31.59, 13.6, 5.16, 5.38, 13.95, 14.47, 10.83, 20.18, 0.0, 7.28, 38.07, 68.24], [72.98, 29.0, 19.53, 8.85, 19.79, 26.56, 8.07, 43.41, 36.5, 13.36, 13.47, 9.93, 20.35, 14.34, 8.46, 33.38, 13.69, 11.75, 12.66, 10.16, 16.43, 5.99, 24.06, 7.28, 0.0, 37.65, 72.98], [103.07, 64.18, 19.81, 39.67, 56.41, 64.22, 30.99, 5.88, 16.63, 39.5, 39.52, 40.75, 19.53, 51.4, 36.76, 12.0, 50.83, 35.77, 38.69, 36.35, 24.01, 32.13, 57.8, 38.07, 37.65, 0.0, 103.07], [97.93, 72.04, 90.68, 66.26, 55.17, 57.42, 80.82, 107.49, 91.64, 73.63, 72.74, 64.97, 91.68, 68.02, 68.8, 92.9, 61.06, 68.48, 70.83, 68.47, 79.81, 78.49, 48.96, 68.24, 72.98, 103.07, 0.0]], "end_depot": 26, "horizon": [0.0, 1870.65], "instance_name": "25_80_A_B10", "speed_zone_count": 3, "speed_zones": [[0.0, 623.55], [623.55, 1247.1], [1247.1, 1870.65]], "start_depot": 0, "vehicle_count": 25}