{"cluster_count": 3, "cluster_speeds": [[0.22, 0.44, 0.22], [0.24, 0.6, 0.24], [0.39425, 0.83, 0.39425]], "clusters": [[-1, 2, 2, 2, 2, 2, 2, 2, 2, 2, 2, 2, 2, 2, 2, 2, 2, 2, 2, 2, 2, 2, 2, 2, 2, 2, 2], [0, -1, 0, 0, 0, 0, 0, 0, 0, 0, 0, 0, 0, 0, 0, 0, 0, 0, 0, 0, 0, 0, 0, 0, 0, 0, 0], [0, 0, -1, 0, 0, 0, 0, 0, 0, 0, 0, 0, 0, 0, 0, 0, 0, 0, 0, 0, 0, 0, 0, 0, 0, 0, 0], [0, 0, 0, -1, 0, 0, 0, 0, 0, 0, 0, 0, 0, 0, 0, 0, 0, 0, 0, 0, 0, 0, 0, 0, 0, 0, 0], [0, 0, 0, 0, -1, 0, 0, 0, 0, 0, 0, 0, 0, 0, 0, 0, 0, 0, 0, 0, 0, 0, 0, 0, 0, 0, 0], [0, 0, 0, 0, 0, -1, 0, 0, 0, 0, 0, 0, 0, 0, 0, 0, 0, 0, 0, 0, 0, 0, 0, 0, 0, 0, 0], [0, 0, 0, 0, 0, 0, -1, 0, 0, 0, 0, 0, 0, 0, 0, 0, 0, 0, 0, 0, 0, 0, 0, 0, 0, 0, 0], [0, 0, 0, 0, 0, 0, 0, -1, 0, 0, 0, 0, 0, 0, 0, 0, 0, 0, 0, 0, 0, 0, 0, 0, 0, 0, 0], [0, 0, 0, 0, 0, 0, 0, 0, -1, 0, 0, 0, 0, 0, 0, 0, 0, 0, 0, 0, 0, 0, 0, 0, 0, 0, 0], [0, 0, 0, 0, 0, 0, 0, 0, 0, -1, 0, 0, 0, 0, 0, 0, 0, 0, 0, 0, 0, 0, 0, 0, 0, 0, 0], [0, 0, 0, 0, 0, 0, 0, 0, 0, 0, -1, 0, 0, 0, 0, 0, 0, 0, 0, 0, 0, 0, 0, 0, 0, 0, 0], [0, 0, 0, 0, 0, 0, 0, 0, 0, 0, 0, -1, 0, 0, 0, 0, 0, 0, 0, 0, 0, 0, 0, 0, 0, 0, 0], [0, 0, 0, 0, 0, 0, 0, 0, 0, 0, 0, 0, -1, 0, 0, 0, 0, 0, 0, 0, 0, 0, 0, 0, 0, 0, 0], [0, 0, 0, 0, 0, 0, 0, 0, 0, 0, 0, 0, 0, -1, 0, 0, 0, 0, 0, 0, 0, 0, 0, 0, 0, 0, 0], [0, 0, 0, 0, 0, 0, 0, 0, 0, 0, 0, 0, 0, 0, -1, 0, 0, 0, 0, 0, 0, 0, 0, 0, 0, 0, 0], [0, 0, 0, 0, 0, 0, 0, 0, 0, 0, 0, 0, 0, 0, 0, -1, 0, 0, 0, 0, 0, 0, 0, 0, 0, 0, 0], [0, 0, 0, 0, 0, 0, 0, 0, 0, 0, 0, 0, 0, 0, 0, 0, -1, 0, 0, 0, 0, 0, 0, 0, 0, 0, 0], [0, 0, 0, 0, 0, 0, 0, 0, 0, 0, 0, 0, 0, 0, 0, 0, 0, -1, 0, 0, 0, 0, 0, 0, 0, 0, 0], [0, 0, 0, 0, 0, 0, 0, 0, 0, 0, 0, 0, 0, 0, 0, 0, 0, 0, -1, 0, 0, 0, 0, 0, 0, 0, 0], [0, 0, 0, 0, 0, 0, 0, 0, 0, 0, 0, 0, 0, 0, 0, 0, 0, 0, 0, -1, 0, 0, 0, 0, 0, 0, 0], [0, 0, 0, 0, 0, 0, 0, 0, 0, 0, 0, 0, 0, 0, 0, 0, 0, 0, 0, 0, -1, 0, 0, 0, 0, 0, 0], [0, 0, 0, 0, 0, 0, 0, 0, 0, 0, 0, 0, 0, 0, 0, 0, 0, 0, 0, 0, 0, -1, 0, 0, 0, 0, 0], [0, 0, 0, 0, 0, 0, 0, 0, 0, 0, 0, 0, 0, 0, 0, 0, 0, 0, 0, 0, 0, 0, -1, 0, 0, 0, 0], [0, 0, 0, 0, 0, 0, 0, 0, 0, 0, 0, 0, 0, 0, 0, 0, 0, 0, 0, 0, 0, 0, 0, -1, 0, 0, 0], [0, 0, 0, 0, 0, 0, 0, 0, 0, 0, 0, 0, 0, 0, 0, 0, 0, 0, 0, 0, 0, 0, 0, 0, -1, 0, 0], [0, 0, 0, 0, 0, 0, 0, 0, 0, 0, 0, 0, 0, 0, 0, 0, 0, 0, 0, 0, 0, 0, 0, 0, 0, -1, 0], [2, 2, 2, 2, 2, 2, 2, 2, 2, 2, 2, 2, 2, 2, 2, 2, 2, 2, 2, 2, 2, 2, 2, 2, 2, 2, -1]], "dataset_name": "cordeau_et_al_2014", "digraph": {"arc_count": 650, "arcs": [[0, 1, 1, 1, 1, 1, 1, 1, 1, 1, 1, 1, 1, 1, 1, 1, 1, 1, 1, 1, 1, 1, 1, 1, 1, 1, 0], [0, 0, 1, 1, 1, 1, 1, 1, 1, 1, 1, 1, 1, 1, 1, 1, 1, 1, 1, 1, 1, 1, 1, 1, 1, 1, 1], [0, 1, 0, 1, 1, 1, 1, 1, 1, 1, 1, 1, 1, 1, 1, 1, 1, 1, 1, 1, 1, 1, 1, 1, 1, 1, 1], [0, 1, 1, 0, 1, 1, 1, 1, 1, 1, 1, 1, 1, 1, 1, 1, 1, 1, 1, 1, 1, 1, 1, 1, 1, 1, 1], [0, 1, 1, 1, 0, 1, 1, 1, 1, 1, 1, 1, 1, 1, 1, 1, 1, 1, 1, 1, 1, 1, 1, 1, 1, 1, 1], [0, 1, 1, 1, 1, 0, 1, 1, 1, 1, 1, 1, 1, 1, 1, 1, 1, 1, 1, 1, 1, 1, 1, 1, 1, 1, 1], [0, 1, 1, 1, 1, 1, 0, 1, 1, 1, 1, 1, 1, 1, 1, 1, 1, 1, 1, 1, 1, 1, 1, 1, 1, 1, 1], [0, 1, 1, 1, 1, 1, 1, 0, 1, 1, 1, 1, 1, 1, 1, 1, 1, 1, 1, 1, 1, 1, 1, 1, 1, 1, 1], [0, 1, 1, 1, 1, 1, 1, 1, 0, 1, 1, 1, 1, 1, 1, 1, 1, 1, 1, 1, 1, 1, 1, 1, 1, 1, 1], [0, 1, 1, 1, 1, 1, 1, 1, 1, 0, 1, 1, 1, 1, 1, 1, 1, 1, 1, 1, 1, 1, 1, 1, 1, 1, 1], [0, 1, 1, 1, 1, 1, 1, 1, 1, 1, 0, 1, 1, 1, 1, 1, 1, 1, 1, 1, 1, 1, 1, 1, 1, 1, 1], [0, 1, 1, 1, 1, 1, 1, 1, 1, 1, 1, 0, 1, 1, 1, 1, 1, 1, 1, 1, 1, 1, 1, 1, 1, 1, 1], [0, 1, 1, 1, 1, 1, 1, 1, 1, 1, 1, 1, 0, 1, 1, 1, 1, 1, 1, 1, 1, 1, 1, 1, 1, 1, 1], [0, 1, 1, 1, 1, 1, 1, 1, 1, 1, 1, 1, 1, 0, 1, 1, 1, 1, 1, 1, 1, 1, 1, 1, 1, 1, 1], [0, 1, 1, 1, 1, 1, 1, 1, 1, 1, 1, 1, 1, 1, 0, 1, 1, 1, 1, 1, 1, 1, 1, 1, 1, 1, 1], [0, 1, 1, 1, 1, 1, 1, 1, 1, 1, 1, 1, 1, 1, 1, 0, 1, 1, 1, 1, 1, 1, 1, 1, 1, 1, 1], [0, 1, 1, 1, 1, 1, 1, 1, 1, 1, 1, 1, 1, 1, 1, 1, 0, 1, 1, 1, 1, 1, 1, 1, 1, 1, 1], [0, 1, 1, 1, 1, 1, 1, 1, 1, 1, 1, 1, 1, 1, 1, 1, 1, 0, 1, 1, 1, 1, 1, 1, 1, 1, 1], [0, 1, 1, 1, 1, 1, 1, 1, 1, 1, 1, 1, 1, 1, 1, 1, 1, 1, 0, 1, 1, 1, 1, 1, 1, 1, 1], [0, 1, 1, 1, 1, 1, 1, 1, 1, 1, 1, 1, 1, 1, 1, 1, 1, 1, 1, 0, 1, 1, 1, 1, 1, 1, 1], [0, 1, 1, 1, 1, 1, 1, 1, 1, 1, 1, 1, 1, 1, 1, 1, 1, 1, 1, 1, 0, 1, 1, 1, 1, 1, 1], [0, 1, 1, 1, 1, 1, 1, 1, 1, 1, 1, 1, 1, 1, 1, 1, 1, 1, 1, 1, 1, 0, 1, 1, 1, 1, 1], [0, 1, 1, 1, 1, 1, 1, 1, 1, 1, 1, 1, 1, 1, 1, 1, 1, 1, 1, 1, 1, 1, 0, 1, 1, 1, 1], [0, 1, 1, 1, 1, 1, 1, 1, 1, 1, 1, 1, 1, 1, 1, 1, 1, 1, 1, 1, 1, 1, 1, 0, 1, 1, 1], [0, 1, 1, 1, 1, 1, 1, 1, 1, 1, 1, 1, 1, 1, 1, 1, 1, 1, 1, 1, 1, 1, 1, 1, 0, 1, 1], [0, 1, 1, 1, 1, 1, 1, 1, 1, 1, 1, 1, 1, 1, 1, 1, 1, 1, 1, 1, 1, 1, 1, 1, 1, 0, 1], [0, 0, 0, 0, 0, 0, 0, 0, 0, 0, 0, 0, 0, 0, 0, 0, 0, 0, 0, 0, 0, 0, 0, 0, 0, 0, 0]], "vertex_count": 27}, "distances": [[0.0, 60.27, 72.52, 70.72, 81.43, 65.61, 66.39, 56.65, 70.44, 72.79, 71.82, 61.13, 64.09, 76.47, 76.15, 75.73, 66.04, 69.08, 69.22, 68.78, 69.34, 71.06, 78.53, 63.93, 69.27, 59.55, 113.3], [60.27, 0.0, 12.39, 12.67, 23.41, 6.71, 6.27, 12.59, 10.73, 16.51, 11.67, 10.76, 5.8, 16.54, 17.99, 22.25, 6.3, 8.85, 11.5, 10.12, 10.64, 14.24, 18.42, 4.66, 10.72, 6.4, 60.27], [72.52, 12.39, 0.0, 9.98, 15.82, 9.38, 6.15, 15.93, 6.07, 13.8, 11.9, 11.61, 10.74, 6.92, 11.89, 19.84, 6.53, 4.51, 10.42, 5.52, 8.66, 8.33, 7.61, 9.96, 8.94, 13.96, 72.52], [70.72, 12.67, 9.98, 0.0, 11.0, 5.96, 9.92, 15.86, 10.86, 4.33, 6.14, 11.75, 7.14, 7.28, 5.54, 10.6, 11.21, 6.91, 9.4, 13.69, 10.77, 17.78, 9.61, 8.01, 10.58, 17.89, 70.72], [81.43, 23.41, 15.82, 11.0, 0.0, 16.82, 19.25, 26.76, 12.95, 8.78, 13.18, 22.46, 18.12, 8.92, 5.47, 9.36, 20.38, 15.7, 12.43, 21.2, 12.82, 23.94, 9.14, 18.83, 12.79, 27.89, 81.43], [65.61, 6.71, 9.38, 5.96, 16.82, 0.0, 5.67, 9.94, 4.9, 9.88, 6.77, 5.8, 10.65, 10.91, 11.37, 15.83, 6.86, 4.87, 4.82, 10.52, 9.9, 15.08, 13.1, 10.46, 10.16, 12.26, 65.61], [66.39, 6.27, 6.15, 9.92, 19.25, 5.67, 0.0, 9.78, 6.43, 14.25, 6.27, 5.53, 6.35, 11.23, 14.22, 20.5, 10.99, 10.54, 9.42, 4.96, 7.82, 9.54, 12.77, 5.02, 8.03, 8.7, 66.39], [56.65, 12.59, 15.93, 15.86, 26.76, 9.94, 9.78, 0.0, 14.27, 19.43, 15.29, 4.54, 8.74, 20.14, 21.3, 24.83, 9.62, 12.48, 14.57, 13.1, 13.94, 16.79, 22.04, 7.93, 13.97, 6.51, 56.65], [70.44, 10.73, 6.07, 10.86, 12.95, 4.9, 6.43, 14.27, 0.0, 8.24, 11.0, 9.78, 6.46, 6.03, 7.8, 14.5, 7.66, 9.77, 4.34, 9.7, 11.81, 13.73, 8.2, 6.52, 11.81, 14.96, 70.44], [72.79, 16.51, 13.8, 4.33, 8.78, 9.88, 14.25, 19.43, 8.24, 0.0, 10.0, 15.63, 10.75, 9.25, 4.37, 6.27, 15.54, 11.2, 5.07, 17.94, 6.44, 21.88, 11.27, 11.89, 6.25, 22.06, 72.79], [71.82, 11.67, 11.9, 6.14, 13.18, 6.77, 6.27, 15.29, 11.0, 10.0, 0.0, 10.76, 8.31, 4.98, 8.57, 16.12, 7.28, 10.01, 6.67, 8.3, 4.98, 11.92, 6.75, 8.02, 5.25, 14.96, 71.82], [61.13, 10.76, 11.61, 11.75, 22.46, 5.8, 5.53, 4.54, 9.78, 15.63, 10.76, 0.0, 4.97, 15.61, 17.05, 21.42, 5.72, 7.96, 10.61, 9.68, 9.71, 13.92, 17.51, 10.55, 9.79, 6.97, 61.13], [64.09, 5.8, 10.74, 7.14, 18.12, 10.65, 6.35, 8.74, 6.46, 10.75, 8.31, 4.97, 0.0, 12.46, 12.65, 16.46, 7.4, 6.24, 5.83, 11.31, 5.35, 15.89, 14.66, 10.46, 5.34, 11.79, 64.09], [76.47, 16.54, 6.92, 7.28, 8.92, 10.91, 11.23, 20.14, 6.03, 9.25, 4.98, 15.61, 12.46, 0.0, 5.82, 14.34, 12.17, 7.82, 8.58, 12.38, 7.63, 15.04, 11.73, 12.54, 7.79, 19.88, 76.47], [76.15, 17.99, 11.89, 5.54, 5.47, 11.37, 14.22, 21.3, 7.8, 4.37, 8.57, 17.05, 12.65, 5.82, 0.0, 8.54, 15.43, 10.73, 6.99, 16.86, 7.37, 20.22, 7.4, 13.39, 7.33, 22.73, 76.15], [75.73, 22.25, 19.84, 10.6, 9.36, 15.83, 20.5, 24.83, 14.5, 6.27, 16.12, 21.42, 16.46, 14.34, 8.54, 0.0, 21.8, 17.47, 11.17, 24.19, 12.68, 28.04, 15.88, 17.76, 12.47, 28.09, 75.73], [66.04, 6.3, 6.53, 11.21, 20.38, 6.86, 10.99, 9.62, 7.66, 15.54, 7.28, 5.72, 7.4, 12.17, 15.43, 21.8, 0.0, 4.7, 10.72, 11.5, 9.12, 8.61, 13.58, 5.97, 9.33, 7.72, 66.04], [69.08, 8.85, 4.51, 6.91, 15.7, 4.87, 10.54, 12.48, 9.77, 11.2, 10.01, 7.96, 6.24, 7.82, 10.73, 17.47, 4.7, 0.0, 6.8, 6.8, 5.03, 11.06, 9.58, 5.59, 5.29, 12.23, 69.08], [69.22, 11.5, 10.42, 9.4, 12.43, 4.82, 9.42, 14.57, 4.34, 5.07, 6.67, 10.61, 5.83, 8.58, 6.99, 11.17, 10.72, 6.8, 0.0, 13.58, 11.19, 17.85, 10.93, 6.85, 11.18, 16.99, 69.22], [68.78, 10.12, 5.52, 13.69, 21.2, 10.52, 4.96, 13.1, 9.7, 17.94, 8.3, 9.68, 11.31, 12.38, 16.86, 24.19, 11.5, 6.8, 13.58, 0.0, 11.82, 4.58, 13.11, 9.97, 12.07, 9.33, 68.78], [69.34, 10.64, 8.66, 10.77, 12.82, 9.9, 7.82, 13.94, 11.81, 6.44, 4.98, 9.71, 5.35, 7.63, 7.37, 12.68, 9.12, 5.03, 11.19, 11.82, 0.0, 16.06, 9.96, 6.02, 10.23, 15.75, 69.34], [71.06, 14.24, 8.33, 17.78, 23.94, 15.08, 9.54, 16.79, 13.73, 21.88, 11.92, 13.92, 15.89, 15.04, 20.22, 28.04, 8.61, 11.06, 17.85, 4.58, 16.06, 0.0, 15.11, 14.54, 16.32, 11.74, 71.06], [78.53, 18.42, 7.61, 9.61, 9.14, 13.1, 12.77, 22.04, 8.2, 11.27, 6.75, 17.51, 14.66, 11.73, 7.4, 15.88, 13.58, 9.58, 10.93, 13.11, 9.96, 15.11, 0.0, 14.63, 10.13, 21.27, 78.53], [63.93, 4.66, 9.96, 8.01, 18.83, 10.46, 5.02, 7.93, 6.52, 11.89, 8.02, 10.55, 10.46, 12.54, 13.39, 17.76, 5.97, 5.59, 6.85, 9.97, 6.02, 14.54, 14.63, 0.0, 6.08, 10.37, 63.93], [69.27, 10.72, 8.94, 10.58, 12.79, 10.16, 8.03, 13.97, 11.81, 6.25, 5.25, 9.79, 5.34, 7.79, 7.33, 12.47, 9.33, 5.29, 11.18, 12.07, 10.23, 16.32, 10.13, 6.08, 0.0, 15.89, 69.27], [59.55, 6.4, 13.96, 17.89, 27.89, 12.26, 8.7, 6.51, 14.96, 22.06, 14.96, 6.97, 11.79, 19.88, 22.73, 28.09, 7.72, 12.23, 16.99, 9.33, 15.75, 11.74, 21.27, 10.37, 15.89, 0.0, 59.55], [113.3, 60.27, 72.52, 70.72, 81.43, 65.61, 66.39, 56.65, 70.44, 72.79, 71.82, 61.13, 64.09, 76.47, 76.15, 75.73, 66.04, 69.08, 69.22, 68.78, 69.34, 71.06, 78.53, 63.93, 69.27, 59.55, 0.0]], "end_depot": 26, "horizon": [0.0, 1342.89], "instance_name": "25_80_A_A4", "speed_zone_count": 3, "speed_zones": [[0.0, 447.63], [447.63, 895.26], [895.26, 1342.89]], "start_depot": 0, "vehicle_count": 25}