{"cluster_count": 3, "cluster_speeds": [[0.22, 0.44, 0.22], [0.24, 0.6, 0.24], [0.39425, 0.83, 0.39425]], "clusters": [[-1, 2, 2, 2, 2, 2, 2, 2, 2, 2, 2, 2, 2, 2, 2, 2, 2, 2, 2, 2, 2, 2, 2, 2, 2, 2, 2], [0, -1, 0, 0, 0, 0, 0, 0, 0, 0, 0, 0, 0, 0, 0, 0, 0, 0, 0, 0, 0, 0, 0, 0, 0, 0, 0], [0, 0, -1, 0, 0, 0, 0, 0, 0, 0, 0, 0, 0, 0, 0, 0, 0, 0, 0, 0, 0, 0, 0, 0, 0, 0, 0], [0, 0, 0, -1, 0, 0, 0, 0, 0, 0, 0, 0, 0, 0, 0, 0, 0, 0, 0, 0, 0, 0, 0, 0, 0, 0, 0], [0, 0, 0, 0, -1, 0, 0, 0, 0, 0, 0, 0, 0, 0, 0, 0, 0, 0, 0, 0, 0, 0, 0, 0, 0, 0, 0], [0, 0, 0, 0, 0, -1, 0, 0, 0, 0, 0, 0, 0, 0, 0, 0, 0, 0, 0, 0, 0, 0, 0, 0, 0, 0, 0], [0, 0, 0, 0, 0, 0, -1, 0, 0, 0, 0, 0, 0, 0, 0, 0, 0, 0, 0, 0, 0, 0, 0, 0, 0, 0, 0], [0, 0, 0, 0, 0, 0, 0, -1, 0, 0, 0, 0, 0, 0, 0, 0, 0, 0, 0, 0, 0, 0, 0, 0, 0, 0, 0], [0, 0, 0, 0, 0, 0, 0, 0, -1, 0, 0, 0, 0, 0, 0, 0, 0, 0, 0, 0, 0, 0, 0, 0, 0, 0, 0], [0, 0, 0, 0, 0, 0, 0, 0, 0, -1, 0, 0, 0, 0, 0, 0, 0, 0, 0, 0, 0, 0, 0, 0, 0, 0, 0], [0, 0, 0, 0, 0, 0, 0, 0, 0, 0, -1, 0, 0, 0, 0, 0, 0, 0, 0, 0, 0, 0, 0, 0, 0, 0, 0], [0, 0, 0, 0, 0, 0, 0, 0, 0, 0, 0, -1, 0, 0, 0, 0, 0, 0, 0, 0, 0, 0, 0, 0, 0, 0, 0], [0, 0, 0, 0, 0, 0, 0, 0, 0, 0, 0, 0, -1, 0, 0, 0, 0, 0, 0, 0, 0, 0, 0, 0, 0, 0, 0], [0, 0, 0, 0, 0, 0, 0, 0, 0, 0, 0, 0, 0, -1, 0, 0, 0, 0, 0, 0, 0, 0, 0, 0, 0, 0, 0], [0, 0, 0, 0, 0, 0, 0, 0, 0, 0, 0, 0, 0, 0, -1, 0, 0, 0, 0, 0, 0, 0, 0, 0, 0, 0, 0], [0, 0, 0, 0, 0, 0, 0, 0, 0, 0, 0, 0, 0, 0, 0, -1, 0, 0, 0, 0, 0, 0, 0, 0, 0, 0, 0], [0, 0, 0, 0, 0, 0, 0, 0, 0, 0, 0, 0, 0, 0, 0, 0, -1, 0, 0, 0, 0, 0, 0, 0, 0, 0, 0], [1, 1, 1, 1, 1, 1, 1, 1, 1, 1, 1, 1, 1, 1, 1, 1, 1, -1, 1, 1, 1, 1, 1, 1, 1, 1, 1], [0, 0, 0, 0, 0, 0, 0, 0, 0, 0, 0, 0, 0, 0, 0, 0, 0, 0, -1, 0, 0, 0, 0, 0, 0, 0, 0], [0, 0, 0, 0, 0, 0, 0, 0, 0, 0, 0, 0, 0, 0, 0, 0, 0, 0, 0, -1, 0, 0, 0, 0, 0, 0, 0], [0, 0, 0, 0, 0, 0, 0, 0, 0, 0, 0, 0, 0, 0, 0, 0, 0, 0, 0, 0, -1, 0, 0, 0, 0, 0, 0], [0, 0, 0, 0, 0, 0, 0, 0, 0, 0, 0, 0, 0, 0, 0, 0, 0, 0, 0, 0, 0, -1, 0, 0, 0, 0, 0], [0, 0, 0, 0, 0, 0, 0, 0, 0, 0, 0, 0, 0, 0, 0, 0, 0, 0, 0, 0, 0, 0, -1, 0, 0, 0, 0], [0, 0, 0, 0, 0, 0, 0, 0, 0, 0, 0, 0, 0, 0, 0, 0, 0, 0, 0, 0, 0, 0, 0, -1, 0, 0, 0], [0, 0, 0, 0, 0, 0, 0, 0, 0, 0, 0, 0, 0, 0, 0, 0, 0, 0, 0, 0, 0, 0, 0, 0, -1, 0, 0], [0, 0, 0, 0, 0, 0, 0, 0, 0, 0, 0, 0, 0, 0, 0, 0, 0, 0, 0, 0, 0, 0, 0, 0, 0, -1, 0], [2, 2, 2, 2, 2, 2, 2, 2, 2, 2, 2, 2, 2, 2, 2, 2, 2, 2, 2, 2, 2, 2, 2, 2, 2, 2, -1]], "dataset_name": "cordeau_et_al_2014", "digraph": {"arc_count": 650, "arcs": [[0, 1, 1, 1, 1, 1, 1, 1, 1, 1, 1, 1, 1, 1, 1, 1, 1, 1, 1, 1, 1, 1, 1, 1, 1, 1, 0], [0, 0, 1, 1, 1, 1, 1, 1, 1, 1, 1, 1, 1, 1, 1, 1, 1, 1, 1, 1, 1, 1, 1, 1, 1, 1, 1], [0, 1, 0, 1, 1, 1, 1, 1, 1, 1, 1, 1, 1, 1, 1, 1, 1, 1, 1, 1, 1, 1, 1, 1, 1, 1, 1], [0, 1, 1, 0, 1, 1, 1, 1, 1, 1, 1, 1, 1, 1, 1, 1, 1, 1, 1, 1, 1, 1, 1, 1, 1, 1, 1], [0, 1, 1, 1, 0, 1, 1, 1, 1, 1, 1, 1, 1, 1, 1, 1, 1, 1, 1, 1, 1, 1, 1, 1, 1, 1, 1], [0, 1, 1, 1, 1, 0, 1, 1, 1, 1, 1, 1, 1, 1, 1, 1, 1, 1, 1, 1, 1, 1, 1, 1, 1, 1, 1], [0, 1, 1, 1, 1, 1, 0, 1, 1, 1, 1, 1, 1, 1, 1, 1, 1, 1, 1, 1, 1, 1, 1, 1, 1, 1, 1], [0, 1, 1, 1, 1, 1, 1, 0, 1, 1, 1, 1, 1, 1, 1, 1, 1, 1, 1, 1, 1, 1, 1, 1, 1, 1, 1], [0, 1, 1, 1, 1, 1, 1, 1, 0, 1, 1, 1, 1, 1, 1, 1, 1, 1, 1, 1, 1, 1, 1, 1, 1, 1, 1], [0, 1, 1, 1, 1, 1, 1, 1, 1, 0, 1, 1, 1, 1, 1, 1, 1, 1, 1, 1, 1, 1, 1, 1, 1, 1, 1], [0, 1, 1, 1, 1, 1, 1, 1, 1, 1, 0, 1, 1, 1, 1, 1, 1, 1, 1, 1, 1, 1, 1, 1, 1, 1, 1], [0, 1, 1, 1, 1, 1, 1, 1, 1, 1, 1, 0, 1, 1, 1, 1, 1, 1, 1, 1, 1, 1, 1, 1, 1, 1, 1], [0, 1, 1, 1, 1, 1, 1, 1, 1, 1, 1, 1, 0, 1, 1, 1, 1, 1, 1, 1, 1, 1, 1, 1, 1, 1, 1], [0, 1, 1, 1, 1, 1, 1, 1, 1, 1, 1, 1, 1, 0, 1, 1, 1, 1, 1, 1, 1, 1, 1, 1, 1, 1, 1], [0, 1, 1, 1, 1, 1, 1, 1, 1, 1, 1, 1, 1, 1, 0, 1, 1, 1, 1, 1, 1, 1, 1, 1, 1, 1, 1], [0, 1, 1, 1, 1, 1, 1, 1, 1, 1, 1, 1, 1, 1, 1, 0, 1, 1, 1, 1, 1, 1, 1, 1, 1, 1, 1], [0, 1, 1, 1, 1, 1, 1, 1, 1, 1, 1, 1, 1, 1, 1, 1, 0, 1, 1, 1, 1, 1, 1, 1, 1, 1, 1], [0, 1, 1, 1, 1, 1, 1, 1, 1, 1, 1, 1, 1, 1, 1, 1, 1, 0, 1, 1, 1, 1, 1, 1, 1, 1, 1], [0, 1, 1, 1, 1, 1, 1, 1, 1, 1, 1, 1, 1, 1, 1, 1, 1, 1, 0, 1, 1, 1, 1, 1, 1, 1, 1], [0, 1, 1, 1, 1, 1, 1, 1, 1, 1, 1, 1, 1, 1, 1, 1, 1, 1, 1, 0, 1, 1, 1, 1, 1, 1, 1], [0, 1, 1, 1, 1, 1, 1, 1, 1, 1, 1, 1, 1, 1, 1, 1, 1, 1, 1, 1, 0, 1, 1, 1, 1, 1, 1], [0, 1, 1, 1, 1, 1, 1, 1, 1, 1, 1, 1, 1, 1, 1, 1, 1, 1, 1, 1, 1, 0, 1, 1, 1, 1, 1], [0, 1, 1, 1, 1, 1, 1, 1, 1, 1, 1, 1, 1, 1, 1, 1, 1, 1, 1, 1, 1, 1, 0, 1, 1, 1, 1], [0, 1, 1, 1, 1, 1, 1, 1, 1, 1, 1, 1, 1, 1, 1, 1, 1, 1, 1, 1, 1, 1, 1, 0, 1, 1, 1], [0, 1, 1, 1, 1, 1, 1, 1, 1, 1, 1, 1, 1, 1, 1, 1, 1, 1, 1, 1, 1, 1, 1, 1, 0, 1, 1], [0, 1, 1, 1, 1, 1, 1, 1, 1, 1, 1, 1, 1, 1, 1, 1, 1, 1, 1, 1, 1, 1, 1, 1, 1, 0, 1], [0, 0, 0, 0, 0, 0, 0, 0, 0, 0, 0, 0, 0, 0, 0, 0, 0, 0, 0, 0, 0, 0, 0, 0, 0, 0, 0]], "vertex_count": 27}, "distances": [[0.0, 68.77, 74.85, 72.48, 63.51, 79.35, 67.15, 70.6, 72.53, 72.44, 75.39, 64.19, 65.99, 71.98, 73.94, 72.62, 72.32, 54.57, 65.15, 78.14, 64.33, 72.48, 63.91, 72.17, 73.12, 69.34, 109.14], [68.77, 0.0, 13.02, 11.28, 7.35, 12.3, 6.92, 8.87, 9.07, 12.27, 8.97, 8.25, 9.88, 4.44, 7.03, 15.38, 8.92, 17.62, 7.86, 11.83, 4.49, 9.46, 5.03, 9.88, 18.45, 5.1, 68.77], [74.85, 13.02, 0.0, 11.17, 12.7, 7.38, 8.86, 21.11, 10.63, 12.52, 5.78, 11.38, 15.63, 15.26, 7.03, 4.33, 10.79, 29.25, 10.48, 5.78, 15.8, 10.24, 16.56, 13.45, 7.08, 17.71, 74.85], [72.48, 11.28, 11.17, 0.0, 10.0, 8.8, 8.06, 9.98, 11.59, 11.12, 6.04, 10.35, 6.93, 12.56, 4.25, 14.39, 11.8, 21.28, 9.67, 8.61, 8.29, 11.27, 8.84, 10.77, 17.52, 6.85, 72.48], [63.51, 7.35, 12.7, 10.0, 0.0, 15.85, 13.27, 15.27, 9.83, 10.75, 11.89, 12.83, 6.96, 11.79, 10.45, 12.84, 9.69, 17.1, 13.0, 14.71, 5.61, 9.65, 6.19, 10.85, 15.34, 11.59, 63.51], [79.35, 12.3, 7.38, 8.8, 15.85, 0.0, 12.25, 17.94, 8.42, 9.25, 13.16, 15.22, 15.46, 12.2, 5.58, 11.7, 8.66, 29.92, 14.28, 10.43, 16.46, 8.22, 17.13, 10.64, 14.26, 15.42, 79.35], [67.15, 6.92, 8.86, 8.06, 13.27, 12.25, 0.0, 15.76, 7.71, 7.06, 8.31, 14.87, 8.19, 11.04, 7.16, 9.54, 7.66, 20.56, 14.78, 11.0, 7.65, 7.41, 8.39, 9.62, 12.35, 11.96, 67.15], [70.6, 8.87, 21.11, 9.98, 15.27, 17.94, 15.76, 0.0, 10.51, 20.8, 15.94, 16.59, 8.34, 5.93, 14.22, 24.01, 10.34, 16.28, 16.42, 18.19, 9.99, 10.89, 9.74, 7.71, 27.13, 12.49, 70.6], [72.53, 9.07, 10.63, 11.59, 9.83, 8.42, 7.71, 10.51, 0.0, 10.59, 5.55, 10.09, 7.17, 4.63, 12.94, 13.86, 9.1, 21.57, 9.39, 8.17, 8.44, 9.64, 9.02, 12.12, 16.99, 7.33, 72.53], [72.44, 12.27, 12.52, 11.12, 10.75, 9.25, 7.06, 20.8, 10.59, 0.0, 6.73, 9.3, 14.54, 15.13, 7.4, 16.52, 10.7, 27.62, 8.44, 7.63, 14.44, 10.18, 15.21, 13.35, 6.4, 17.21, 72.44], [75.39, 8.97, 5.78, 6.04, 11.89, 13.16, 8.31, 15.94, 5.55, 6.73, 0.0, 11.28, 12.05, 10.01, 10.29, 9.79, 5.76, 26.44, 10.34, 11.56, 12.83, 5.23, 13.54, 8.25, 12.77, 12.88, 75.39], [64.19, 8.25, 11.38, 10.35, 12.83, 15.22, 14.87, 16.59, 10.09, 9.3, 11.28, 0.0, 8.39, 12.66, 10.07, 11.19, 9.99, 18.8, 14.61, 13.96, 7.22, 9.85, 7.84, 11.52, 13.62, 12.84, 64.19], [65.99, 9.88, 15.63, 6.93, 6.96, 15.46, 8.19, 8.34, 7.17, 14.54, 12.05, 8.39, 0.0, 6.16, 10.12, 17.46, 6.93, 14.46, 8.37, 14.95, 11.38, 7.29, 11.3, 6.18, 20.42, 4.79, 65.99], [71.98, 4.44, 15.26, 12.56, 11.79, 12.2, 11.04, 5.93, 4.63, 15.13, 10.01, 12.66, 6.16, 0.0, 8.31, 18.39, 4.48, 19.13, 12.22, 12.33, 8.01, 5.02, 8.24, 12.34, 21.52, 9.54, 71.98], [73.94, 7.03, 7.03, 4.25, 10.45, 5.58, 7.16, 14.22, 12.94, 7.4, 10.29, 10.07, 10.12, 8.31, 0.0, 10.63, 12.79, 24.53, 9.17, 4.84, 10.95, 12.75, 11.65, 6.52, 13.72, 11.05, 73.94], [72.62, 15.38, 4.33, 14.39, 12.84, 11.7, 9.54, 24.01, 13.86, 16.52, 9.79, 11.19, 17.46, 18.39, 10.63, 0.0, 13.97, 29.93, 10.48, 10.11, 17.16, 13.45, 17.91, 16.62, 11.41, 20.38, 72.62], [72.32, 8.92, 10.79, 11.8, 9.69, 8.66, 7.66, 10.34, 9.1, 10.7, 5.76, 9.99, 6.93, 4.48, 12.79, 13.97, 0.0, 21.33, 9.3, 8.4, 8.21, 9.49, 8.78, 11.91, 17.1, 7.13, 72.32], [54.57, 17.62, 29.25, 21.28, 17.1, 29.92, 20.56, 16.28, 21.57, 27.62, 26.44, 18.8, 14.46, 19.13, 24.53, 29.93, 21.33, 0.0, 19.46, 29.37, 13.65, 21.73, 12.92, 20.0, 32.42, 15.93, 54.57], [65.15, 7.86, 10.48, 9.67, 13.0, 14.28, 14.78, 16.42, 9.39, 8.44, 10.34, 14.61, 8.37, 12.22, 9.17, 10.48, 9.3, 19.46, 0.0, 13.0, 7.39, 9.12, 8.06, 10.98, 13.02, 12.64, 65.15], [78.14, 11.83, 5.78, 8.61, 14.71, 10.43, 11.0, 18.19, 8.17, 7.63, 11.56, 13.96, 14.95, 12.33, 4.84, 10.11, 8.4, 29.37, 13.0, 0.0, 15.79, 7.9, 16.49, 10.65, 12.73, 15.41, 78.14], [64.33, 4.49, 15.8, 8.29, 5.61, 16.46, 7.65, 9.99, 8.44, 14.44, 12.83, 7.22, 11.38, 8.01, 10.95, 17.16, 8.21, 13.65, 7.39, 15.79, 0.0, 8.49, 9.52, 7.87, 20.0, 6.6, 64.33], [72.48, 9.46, 10.24, 11.27, 9.65, 8.22, 7.41, 10.89, 9.64, 10.18, 5.23, 9.85, 7.29, 5.02, 12.75, 13.45, 9.49, 21.73, 9.12, 7.9, 8.49, 0.0, 9.09, 12.45, 16.59, 7.67, 72.48], [63.91, 5.03, 16.56, 8.84, 6.19, 17.13, 8.39, 9.74, 9.02, 15.21, 13.54, 7.84, 11.3, 8.24, 11.65, 17.91, 8.78, 12.92, 8.06, 16.49, 9.52, 9.09, 0.0, 8.26, 20.74, 6.52, 63.91], [72.17, 9.88, 13.45, 10.77, 10.85, 10.64, 9.62, 7.71, 12.12, 13.35, 8.25, 11.52, 6.18, 12.34, 6.52, 16.62, 11.91, 20.0, 10.98, 10.65, 7.87, 12.45, 8.26, 0.0, 19.75, 4.78, 72.17], [73.12, 18.45, 7.08, 17.52, 15.34, 14.26, 12.35, 27.13, 16.99, 6.4, 12.77, 13.62, 20.42, 21.52, 13.72, 11.41, 17.1, 32.42, 13.02, 12.73, 20.0, 16.59, 20.74, 19.75, 0.0, 23.48, 73.12], [69.34, 5.1, 17.71, 6.85, 11.59, 15.42, 11.96, 12.49, 7.33, 17.21, 12.88, 12.84, 4.79, 9.54, 11.05, 20.38, 7.13, 15.93, 12.64, 15.41, 6.6, 7.67, 6.52, 4.78, 23.48, 0.0, 69.34], [109.14, 68.77, 74.85, 72.48, 63.51, 79.35, 67.15, 70.6, 72.53, 72.44, 75.39, 64.19, 65.99, 71.98, 73.94, 72.62, 72.32, 54.57, 65.15, 78.14, 64.33, 72.48, 63.91, 72.17, 73.12, 69.34, 0.0]], "end_depot": 26, "horizon": [0.0, 1488.24], "instance_name": "25_80_A_A1", "speed_zone_count": 3, "speed_zones": [[0.0, 496.08], [496.08, 992.16], [992.16, 1488.24]], "start_depot": 0, "vehicle_count": 25}