{"cluster_count": 3, "cluster_speeds": [[0.22, 0.44, 0.22], [0.255, 0.6, 0.255], [0.39425, 0.83, 0.39425]], "clusters": [[-1, 2, 2, 2, 2, 2, 2, 2, 2, 2, 2, 2, 2, 2, 2, 2, 2, 2, 2, 2, 2, 2, 2, 2, 2, 2, 2], [0, -1, 0, 0, 0, 0, 0, 0, 0, 0, 0, 0, 0, 0, 0, 0, 0, 0, 0, 0, 0, 0, 0, 0, 0, 0, 0], [0, 0, -1, 0, 0, 0, 0, 0, 0, 0, 0, 0, 0, 0, 0, 0, 0, 0, 0, 0, 0, 0, 0, 0, 0, 0, 0], [0, 0, 0, -1, 0, 0, 0, 0, 0, 0, 0, 0, 0, 0, 0, 0, 0, 0, 0, 0, 0, 0, 0, 0, 0, 0, 0], [0, 0, 0, 0, -1, 0, 0, 0, 0, 0, 0, 0, 0, 0, 0, 0, 0, 0, 0, 0, 0, 0, 0, 0, 0, 0, 0], [0, 0, 0, 0, 0, -1, 0, 0, 0, 0, 0, 0, 0, 0, 0, 0, 0, 0, 0, 0, 0, 0, 0, 0, 0, 0, 0], [0, 0, 0, 0, 0, 0, -1, 0, 0, 0, 0, 0, 0, 0, 0, 0, 0, 0, 0, 0, 0, 0, 0, 0, 0, 0, 0], [0, 0, 0, 0, 0, 0, 0, -1, 0, 0, 0, 0, 0, 0, 0, 0, 0, 0, 0, 0, 0, 0, 0, 0, 0, 0, 0], [0, 0, 0, 0, 0, 0, 0, 0, -1, 0, 0, 0, 0, 0, 0, 0, 0, 0, 0, 0, 0, 0, 0, 0, 0, 0, 0], [0, 0, 0, 0, 0, 0, 0, 0, 0, -1, 0, 0, 0, 0, 0, 0, 0, 0, 0, 0, 0, 0, 0, 0, 0, 0, 0], [0, 0, 0, 0, 0, 0, 0, 0, 0, 0, -1, 0, 0, 0, 0, 0, 0, 0, 0, 0, 0, 0, 0, 0, 0, 0, 0], [1, 1, 1, 1, 1, 1, 1, 1, 1, 1, 1, -1, 1, 1, 1, 1, 1, 1, 1, 1, 1, 1, 1, 1, 1, 1, 1], [0, 0, 0, 0, 0, 0, 0, 0, 0, 0, 0, 0, -1, 0, 0, 0, 0, 0, 0, 0, 0, 0, 0, 0, 0, 0, 0], [0, 0, 0, 0, 0, 0, 0, 0, 0, 0, 0, 0, 0, -1, 0, 0, 0, 0, 0, 0, 0, 0, 0, 0, 0, 0, 0], [0, 0, 0, 0, 0, 0, 0, 0, 0, 0, 0, 0, 0, 0, -1, 0, 0, 0, 0, 0, 0, 0, 0, 0, 0, 0, 0], [0, 0, 0, 0, 0, 0, 0, 0, 0, 0, 0, 0, 0, 0, 0, -1, 0, 0, 0, 0, 0, 0, 0, 0, 0, 0, 0], [0, 0, 0, 0, 0, 0, 0, 0, 0, 0, 0, 0, 0, 0, 0, 0, -1, 0, 0, 0, 0, 0, 0, 0, 0, 0, 0], [0, 0, 0, 0, 0, 0, 0, 0, 0, 0, 0, 0, 0, 0, 0, 0, 0, -1, 0, 0, 0, 0, 0, 0, 0, 0, 0], [0, 0, 0, 0, 0, 0, 0, 0, 0, 0, 0, 0, 0, 0, 0, 0, 0, 0, -1, 0, 0, 0, 0, 0, 0, 0, 0], [0, 0, 0, 0, 0, 0, 0, 0, 0, 0, 0, 0, 0, 0, 0, 0, 0, 0, 0, -1, 0, 0, 0, 0, 0, 0, 0], [0, 0, 0, 0, 0, 0, 0, 0, 0, 0, 0, 0, 0, 0, 0, 0, 0, 0, 0, 0, -1, 0, 0, 0, 0, 0, 0], [2, 2, 2, 2, 2, 2, 2, 2, 2, 2, 2, 2, 2, 2, 2, 2, 2, 2, 2, 2, 2, -1, 2, 2, 2, 2, 2], [0, 0, 0, 0, 0, 0, 0, 0, 0, 0, 0, 0, 0, 0, 0, 0, 0, 0, 0, 0, 0, 0, -1, 0, 0, 0, 0], [0, 0, 0, 0, 0, 0, 0, 0, 0, 0, 0, 0, 0, 0, 0, 0, 0, 0, 0, 0, 0, 0, 0, -1, 0, 0, 0], [0, 0, 0, 0, 0, 0, 0, 0, 0, 0, 0, 0, 0, 0, 0, 0, 0, 0, 0, 0, 0, 0, 0, 0, -1, 0, 0], [0, 0, 0, 0, 0, 0, 0, 0, 0, 0, 0, 0, 0, 0, 0, 0, 0, 0, 0, 0, 0, 0, 0, 0, 0, -1, 0], [2, 2, 2, 2, 2, 2, 2, 2, 2, 2, 2, 2, 2, 2, 2, 2, 2, 2, 2, 2, 2, 2, 2, 2, 2, 2, -1]], "dataset_name": "cordeau_et_al_2014", "digraph": {"arc_count": 650, "arcs": [[0, 1, 1, 1, 1, 1, 1, 1, 1, 1, 1, 1, 1, 1, 1, 1, 1, 1, 1, 1, 1, 1, 1, 1, 1, 1, 0], [0, 0, 1, 1, 1, 1, 1, 1, 1, 1, 1, 1, 1, 1, 1, 1, 1, 1, 1, 1, 1, 1, 1, 1, 1, 1, 1], [0, 1, 0, 1, 1, 1, 1, 1, 1, 1, 1, 1, 1, 1, 1, 1, 1, 1, 1, 1, 1, 1, 1, 1, 1, 1, 1], [0, 1, 1, 0, 1, 1, 1, 1, 1, 1, 1, 1, 1, 1, 1, 1, 1, 1, 1, 1, 1, 1, 1, 1, 1, 1, 1], [0, 1, 1, 1, 0, 1, 1, 1, 1, 1, 1, 1, 1, 1, 1, 1, 1, 1, 1, 1, 1, 1, 1, 1, 1, 1, 1], [0, 1, 1, 1, 1, 0, 1, 1, 1, 1, 1, 1, 1, 1, 1, 1, 1, 1, 1, 1, 1, 1, 1, 1, 1, 1, 1], [0, 1, 1, 1, 1, 1, 0, 1, 1, 1, 1, 1, 1, 1, 1, 1, 1, 1, 1, 1, 1, 1, 1, 1, 1, 1, 1], [0, 1, 1, 1, 1, 1, 1, 0, 1, 1, 1, 1, 1, 1, 1, 1, 1, 1, 1, 1, 1, 1, 1, 1, 1, 1, 1], [0, 1, 1, 1, 1, 1, 1, 1, 0, 1, 1, 1, 1, 1, 1, 1, 1, 1, 1, 1, 1, 1, 1, 1, 1, 1, 1], [0, 1, 1, 1, 1, 1, 1, 1, 1, 0, 1, 1, 1, 1, 1, 1, 1, 1, 1, 1, 1, 1, 1, 1, 1, 1, 1], [0, 1, 1, 1, 1, 1, 1, 1, 1, 1, 0, 1, 1, 1, 1, 1, 1, 1, 1, 1, 1, 1, 1, 1, 1, 1, 1], [0, 1, 1, 1, 1, 1, 1, 1, 1, 1, 1, 0, 1, 1, 1, 1, 1, 1, 1, 1, 1, 1, 1, 1, 1, 1, 1], [0, 1, 1, 1, 1, 1, 1, 1, 1, 1, 1, 1, 0, 1, 1, 1, 1, 1, 1, 1, 1, 1, 1, 1, 1, 1, 1], [0, 1, 1, 1, 1, 1, 1, 1, 1, 1, 1, 1, 1, 0, 1, 1, 1, 1, 1, 1, 1, 1, 1, 1, 1, 1, 1], [0, 1, 1, 1, 1, 1, 1, 1, 1, 1, 1, 1, 1, 1, 0, 1, 1, 1, 1, 1, 1, 1, 1, 1, 1, 1, 1], [0, 1, 1, 1, 1, 1, 1, 1, 1, 1, 1, 1, 1, 1, 1, 0, 1, 1, 1, 1, 1, 1, 1, 1, 1, 1, 1], [0, 1, 1, 1, 1, 1, 1, 1, 1, 1, 1, 1, 1, 1, 1, 1, 0, 1, 1, 1, 1, 1, 1, 1, 1, 1, 1], [0, 1, 1, 1, 1, 1, 1, 1, 1, 1, 1, 1, 1, 1, 1, 1, 1, 0, 1, 1, 1, 1, 1, 1, 1, 1, 1], [0, 1, 1, 1, 1, 1, 1, 1, 1, 1, 1, 1, 1, 1, 1, 1, 1, 1, 0, 1, 1, 1, 1, 1, 1, 1, 1], [0, 1, 1, 1, 1, 1, 1, 1, 1, 1, 1, 1, 1, 1, 1, 1, 1, 1, 1, 0, 1, 1, 1, 1, 1, 1, 1], [0, 1, 1, 1, 1, 1, 1, 1, 1, 1, 1, 1, 1, 1, 1, 1, 1, 1, 1, 1, 0, 1, 1, 1, 1, 1, 1], [0, 1, 1, 1, 1, 1, 1, 1, 1, 1, 1, 1, 1, 1, 1, 1, 1, 1, 1, 1, 1, 0, 1, 1, 1, 1, 1], [0, 1, 1, 1, 1, 1, 1, 1, 1, 1, 1, 1, 1, 1, 1, 1, 1, 1, 1, 1, 1, 1, 0, 1, 1, 1, 1], [0, 1, 1, 1, 1, 1, 1, 1, 1, 1, 1, 1, 1, 1, 1, 1, 1, 1, 1, 1, 1, 1, 1, 0, 1, 1, 1], [0, 1, 1, 1, 1, 1, 1, 1, 1, 1, 1, 1, 1, 1, 1, 1, 1, 1, 1, 1, 1, 1, 1, 1, 0, 1, 1], [0, 1, 1, 1, 1, 1, 1, 1, 1, 1, 1, 1, 1, 1, 1, 1, 1, 1, 1, 1, 1, 1, 1, 1, 1, 0, 1], [0, 0, 0, 0, 0, 0, 0, 0, 0, 0, 0, 0, 0, 0, 0, 0, 0, 0, 0, 0, 0, 0, 0, 0, 0, 0, 0]], "vertex_count": 27}, "distances": [[0.0, 80.84, 68.58, 69.32, 71.03, 67.97, 77.1, 73.47, 59.92, 83.68, 65.37, 71.63, 73.53, 73.5, 77.73, 60.95, 63.91, 73.01, 75.56, 74.03, 73.23, 48.37, 62.37, 81.87, 61.35, 73.44, 96.75], [80.84, 0.0, 12.31, 18.07, 13.2, 19.44, 5.02, 15.38, 21.63, 6.3, 15.83, 30.22, 14.63, 8.37, 6.33, 20.08, 23.88, 21.33, 9.07, 11.4, 14.94, 45.18, 18.66, 10.79, 24.7, 14.12, 80.84], [68.58, 12.31, 0.0, 11.95, 9.36, 12.55, 9.42, 12.51, 9.63, 15.67, 12.25, 25.8, 11.84, 6.75, 10.04, 7.8, 15.38, 17.92, 9.12, 10.81, 11.87, 34.7, 6.4, 13.56, 14.99, 11.26, 68.58], [69.32, 18.07, 11.95, 0.0, 21.23, 9.94, 18.39, 4.23, 11.67, 16.92, 10.24, 13.86, 4.49, 17.48, 12.0, 12.73, 6.3, 6.36, 9.11, 22.23, 13.06, 27.97, 12.0, 16.26, 8.2, 4.65, 69.32], [71.03, 13.2, 9.36, 21.23, 0.0, 21.9, 8.18, 21.15, 16.89, 19.04, 12.41, 35.09, 20.39, 5.27, 15.34, 14.33, 24.6, 26.95, 16.07, 10.17, 20.51, 42.54, 13.39, 16.61, 23.88, 19.78, 71.03], [67.97, 19.44, 12.55, 9.94, 21.9, 0.0, 19.53, 5.71, 11.02, 18.45, 10.39, 13.31, 6.01, 18.4, 13.44, 12.37, 4.77, 6.67, 10.56, 23.06, 5.65, 26.45, 11.8, 17.75, 6.73, 6.18, 67.97], [77.1, 5.02, 9.42, 18.39, 8.18, 19.53, 0.0, 16.74, 19.04, 11.06, 13.29, 31.66, 15.94, 11.4, 8.67, 17.07, 23.44, 22.88, 10.53, 6.5, 16.18, 43.88, 15.72, 8.66, 23.69, 15.35, 77.1], [73.47, 15.38, 12.51, 4.23, 21.15, 5.71, 16.74, 0.0, 14.99, 13.2, 12.09, 14.97, 8.71, 16.68, 9.06, 15.51, 10.39, 6.14, 6.38, 21.58, 11.36, 31.93, 14.51, 12.91, 12.43, 8.87, 73.47], [59.92, 21.63, 9.63, 11.67, 16.89, 11.02, 19.04, 14.99, 0.0, 23.77, 5.83, 22.91, 14.75, 16.12, 17.82, 10.27, 10.44, 17.69, 15.67, 19.25, 14.54, 25.67, 16.03, 22.05, 8.42, 14.46, 59.92], [83.68, 6.3, 15.67, 16.92, 19.04, 18.45, 11.06, 13.2, 23.77, 0.0, 18.38, 26.91, 12.63, 13.88, 5.95, 22.83, 23.2, 18.3, 8.37, 17.56, 13.0, 44.89, 21.42, 10.41, 24.69, 12.33, 83.68], [65.37, 15.83, 12.25, 10.24, 12.41, 10.39, 13.29, 12.09, 5.83, 18.38, 0.0, 23.64, 11.59, 10.59, 12.47, 4.44, 12.29, 16.57, 10.75, 14.31, 11.5, 30.86, 18.65, 16.5, 11.48, 11.12, 65.37], [71.63, 30.22, 25.8, 13.86, 35.09, 13.31, 31.66, 14.97, 22.91, 26.91, 23.64, 0.0, 15.76, 31.2, 23.9, 24.9, 12.51, 8.89, 21.34, 36.02, 15.5, 24.43, 24.64, 27.28, 14.99, 16.34, 71.63], [73.53, 14.63, 11.84, 4.49, 20.39, 6.01, 15.94, 8.71, 14.75, 12.63, 11.59, 15.76, 0.0, 15.89, 8.31, 15.14, 10.75, 6.94, 5.61, 20.79, 11.51, 32.37, 14.09, 12.25, 12.66, 9.13, 73.53], [73.5, 8.37, 6.75, 17.48, 5.27, 18.4, 11.4, 16.68, 16.12, 13.88, 10.59, 31.2, 15.89, 0.0, 10.11, 13.94, 21.82, 22.7, 11.1, 4.9, 16.07, 41.44, 12.67, 11.45, 21.67, 15.28, 73.5], [77.73, 6.33, 10.04, 12.0, 15.34, 13.44, 8.67, 9.06, 17.82, 5.95, 12.47, 23.9, 8.31, 10.11, 0.0, 16.91, 18.06, 15.01, 11.72, 14.69, 8.64, 39.65, 15.52, 4.46, 19.24, 7.82, 77.73], [60.95, 20.08, 7.8, 12.73, 14.33, 12.37, 17.07, 15.51, 10.27, 22.83, 4.44, 24.9, 15.14, 13.94, 16.91, 0.0, 12.59, 19.0, 15.09, 16.78, 14.99, 28.21, 14.2, 20.93, 10.83, 14.77, 60.95], [63.91, 23.88, 15.38, 6.3, 24.6, 4.77, 23.44, 10.39, 10.44, 23.2, 12.29, 12.51, 10.75, 21.82, 18.06, 12.59, 0.0, 9.24, 15.19, 26.18, 10.39, 21.69, 12.55, 22.42, 11.5, 10.94, 63.91], [73.01, 21.33, 17.92, 6.36, 26.95, 6.67, 22.88, 6.14, 17.69, 18.3, 16.57, 8.89, 6.94, 22.7, 15.01, 19.0, 9.24, 0.0, 12.47, 27.58, 6.71, 28.71, 18.33, 18.48, 12.01, 7.54, 73.01], [75.56, 9.07, 9.12, 9.11, 16.07, 10.56, 10.53, 6.38, 15.67, 8.37, 10.75, 21.34, 5.61, 11.1, 11.72, 15.09, 15.19, 12.47, 0.0, 15.94, 5.9, 36.81, 13.76, 7.26, 16.44, 5.07, 75.56], [74.03, 11.4, 10.81, 22.23, 10.17, 23.06, 6.5, 21.58, 19.25, 17.56, 14.31, 36.02, 20.79, 4.9, 14.69, 16.78, 26.18, 27.58, 15.94, 0.0, 20.96, 44.9, 15.72, 15.16, 25.74, 20.18, 74.03], [73.23, 14.94, 11.87, 13.06, 20.51, 5.65, 16.18, 11.36, 14.54, 13.0, 11.5, 15.5, 11.51, 16.07, 8.64, 14.99, 10.39, 6.71, 5.9, 20.96, 0.0, 32.01, 13.96, 12.6, 12.31, 10.97, 73.23], [48.37, 45.18, 34.7, 27.97, 42.54, 26.45, 43.88, 31.93, 25.67, 44.89, 30.86, 24.43, 32.37, 41.44, 39.65, 28.21, 21.69, 28.71, 36.81, 44.9, 32.01, 0.0, 29.19, 44.07, 20.49, 32.61, 48.37], [62.37, 18.66, 6.4, 12.0, 13.39, 11.8, 15.72, 14.51, 16.03, 21.42, 18.65, 24.64, 14.09, 12.67, 15.52, 14.2, 12.55, 18.33, 13.76, 15.72, 13.96, 29.19, 0.0, 19.51, 11.08, 13.68, 62.37], [81.87, 10.79, 13.56, 16.26, 16.61, 17.75, 8.66, 12.91, 22.05, 10.41, 16.5, 27.28, 12.25, 11.45, 4.46, 20.93, 22.42, 18.48, 7.26, 15.16, 12.6, 44.07, 19.51, 0.0, 23.68, 11.85, 81.87], [61.35, 24.7, 14.99, 8.2, 23.88, 6.73, 23.69, 12.43, 8.42, 24.69, 11.48, 14.99, 12.66, 21.67, 19.24, 10.83, 11.5, 12.01, 16.44, 25.74, 12.31, 20.49, 11.08, 23.68, 0.0, 12.74, 61.35], [73.44, 14.12, 11.26, 4.65, 19.78, 6.18, 15.35, 8.87, 14.46, 12.33, 11.12, 16.34, 9.13, 15.28, 7.82, 14.77, 10.94, 7.54, 5.07, 20.18, 10.97, 32.61, 13.68, 11.85, 12.74, 0.0, 73.44], [96.75, 80.84, 68.58, 69.32, 71.03, 67.97, 77.1, 73.47, 59.92, 83.68, 65.37, 71.63, 73.53, 73.5, 77.73, 60.95, 63.91, 73.01, 75.56, 74.03, 73.23, 48.37, 62.37, 81.87, 61.35, 73.44, 0.0]], "end_depot": 26, "horizon": [0.0, 1507.65], "instance_name": "25_85_A_B8", "speed_zone_count": 3, "speed_zones": [[0.0, 502.55], [502.55, 1005.1], [1005.1, 1507.65]], "start_depot": 0, "vehicle_count": 25}