{"cluster_count": 3, "cluster_speeds": [[0.22, 0.44, 0.22], [0.294, 0.6, 0.294], [0.41085, 0.83, 0.41085]], "clusters": [[-1, 2, 2, 2, 2, 2, 2, 2, 2, 2, 2, 2, 2, 2, 2, 2, 2, 2, 2, 2, 2, 2, 2, 2, 2, 2, 2], [0, -1, 0, 0, 0, 0, 0, 0, 0, 0, 0, 0, 0, 0, 0, 0, 0, 0, 0, 0, 0, 0, 0, 0, 0, 0, 0], [0, 0, -1, 0, 0, 0, 0, 0, 0, 0, 0, 0, 0, 0, 0, 0, 0, 0, 0, 0, 0, 0, 0, 0, 0, 0, 0], [1, 1, 1, -1, 1, 1, 1, 1, 1, 1, 1, 1, 1, 1, 1, 1, 1, 1, 1, 1, 1, 1, 1, 1, 1, 1, 1], [0, 0, 0, 0, -1, 0, 0, 0, 0, 0, 0, 0, 0, 0, 0, 0, 0, 0, 0, 0, 0, 0, 0, 0, 0, 0, 0], [0, 0, 0, 0, 0, -1, 0, 0, 0, 0, 0, 0, 0, 0, 0, 0, 0, 0, 0, 0, 0, 0, 0, 0, 0, 0, 0], [1, 1, 1, 1, 1, 1, -1, 1, 1, 1, 1, 1, 1, 1, 1, 1, 1, 1, 1, 1, 1, 1, 1, 1, 1, 1, 1], [0, 0, 0, 0, 0, 0, 0, -1, 0, 0, 0, 0, 0, 0, 0, 0, 0, 0, 0, 0, 0, 0, 0, 0, 0, 0, 0], [0, 0, 0, 0, 0, 0, 0, 0, -1, 0, 0, 0, 0, 0, 0, 0, 0, 0, 0, 0, 0, 0, 0, 0, 0, 0, 0], [0, 0, 0, 0, 0, 0, 0, 0, 0, -1, 0, 0, 0, 0, 0, 0, 0, 0, 0, 0, 0, 0, 0, 0, 0, 0, 0], [0, 0, 0, 0, 0, 0, 0, 0, 0, 0, -1, 0, 0, 0, 0, 0, 0, 0, 0, 0, 0, 0, 0, 0, 0, 0, 0], [0, 0, 0, 0, 0, 0, 0, 0, 0, 0, 0, -1, 0, 0, 0, 0, 0, 0, 0, 0, 0, 0, 0, 0, 0, 0, 0], [0, 0, 0, 0, 0, 0, 0, 0, 0, 0, 0, 0, -1, 0, 0, 0, 0, 0, 0, 0, 0, 0, 0, 0, 0, 0, 0], [1, 1, 1, 1, 1, 1, 1, 1, 1, 1, 1, 1, 1, -1, 1, 1, 1, 1, 1, 1, 1, 1, 1, 1, 1, 1, 1], [0, 0, 0, 0, 0, 0, 0, 0, 0, 0, 0, 0, 0, 0, -1, 0, 0, 0, 0, 0, 0, 0, 0, 0, 0, 0, 0], [0, 0, 0, 0, 0, 0, 0, 0, 0, 0, 0, 0, 0, 0, 0, -1, 0, 0, 0, 0, 0, 0, 0, 0, 0, 0, 0], [1, 1, 1, 1, 1, 1, 1, 1, 1, 1, 1, 1, 1, 1, 1, 1, -1, 1, 1, 1, 1, 1, 1, 1, 1, 1, 1], [0, 0, 0, 0, 0, 0, 0, 0, 0, 0, 0, 0, 0, 0, 0, 0, 0, -1, 0, 0, 0, 0, 0, 0, 0, 0, 0], [0, 0, 0, 0, 0, 0, 0, 0, 0, 0, 0, 0, 0, 0, 0, 0, 0, 0, -1, 0, 0, 0, 0, 0, 0, 0, 0], [0, 0, 0, 0, 0, 0, 0, 0, 0, 0, 0, 0, 0, 0, 0, 0, 0, 0, 0, -1, 0, 0, 0, 0, 0, 0, 0], [0, 0, 0, 0, 0, 0, 0, 0, 0, 0, 0, 0, 0, 0, 0, 0, 0, 0, 0, 0, -1, 0, 0, 0, 0, 0, 0], [0, 0, 0, 0, 0, 0, 0, 0, 0, 0, 0, 0, 0, 0, 0, 0, 0, 0, 0, 0, 0, -1, 0, 0, 0, 0, 0], [0, 0, 0, 0, 0, 0, 0, 0, 0, 0, 0, 0, 0, 0, 0, 0, 0, 0, 0, 0, 0, 0, -1, 0, 0, 0, 0], [1, 1, 1, 1, 1, 1, 1, 1, 1, 1, 1, 1, 1, 1, 1, 1, 1, 1, 1, 1, 1, 1, 1, -1, 1, 1, 1], [0, 0, 0, 0, 0, 0, 0, 0, 0, 0, 0, 0, 0, 0, 0, 0, 0, 0, 0, 0, 0, 0, 0, 0, -1, 0, 0], [0, 0, 0, 0, 0, 0, 0, 0, 0, 0, 0, 0, 0, 0, 0, 0, 0, 0, 0, 0, 0, 0, 0, 0, 0, -1, 0], [2, 2, 2, 2, 2, 2, 2, 2, 2, 2, 2, 2, 2, 2, 2, 2, 2, 2, 2, 2, 2, 2, 2, 2, 2, 2, -1]], "dataset_name": "cordeau_et_al_2014", "digraph": {"arc_count": 650, "arcs": [[0, 1, 1, 1, 1, 1, 1, 1, 1, 1, 1, 1, 1, 1, 1, 1, 1, 1, 1, 1, 1, 1, 1, 1, 1, 1, 0], [0, 0, 1, 1, 1, 1, 1, 1, 1, 1, 1, 1, 1, 1, 1, 1, 1, 1, 1, 1, 1, 1, 1, 1, 1, 1, 1], [0, 1, 0, 1, 1, 1, 1, 1, 1, 1, 1, 1, 1, 1, 1, 1, 1, 1, 1, 1, 1, 1, 1, 1, 1, 1, 1], [0, 1, 1, 0, 1, 1, 1, 1, 1, 1, 1, 1, 1, 1, 1, 1, 1, 1, 1, 1, 1, 1, 1, 1, 1, 1, 1], [0, 1, 1, 1, 0, 1, 1, 1, 1, 1, 1, 1, 1, 1, 1, 1, 1, 1, 1, 1, 1, 1, 1, 1, 1, 1, 1], [0, 1, 1, 1, 1, 0, 1, 1, 1, 1, 1, 1, 1, 1, 1, 1, 1, 1, 1, 1, 1, 1, 1, 1, 1, 1, 1], [0, 1, 1, 1, 1, 1, 0, 1, 1, 1, 1, 1, 1, 1, 1, 1, 1, 1, 1, 1, 1, 1, 1, 1, 1, 1, 1], [0, 1, 1, 1, 1, 1, 1, 0, 1, 1, 1, 1, 1, 1, 1, 1, 1, 1, 1, 1, 1, 1, 1, 1, 1, 1, 1], [0, 1, 1, 1, 1, 1, 1, 1, 0, 1, 1, 1, 1, 1, 1, 1, 1, 1, 1, 1, 1, 1, 1, 1, 1, 1, 1], [0, 1, 1, 1, 1, 1, 1, 1, 1, 0, 1, 1, 1, 1, 1, 1, 1, 1, 1, 1, 1, 1, 1, 1, 1, 1, 1], [0, 1, 1, 1, 1, 1, 1, 1, 1, 1, 0, 1, 1, 1, 1, 1, 1, 1, 1, 1, 1, 1, 1, 1, 1, 1, 1], [0, 1, 1, 1, 1, 1, 1, 1, 1, 1, 1, 0, 1, 1, 1, 1, 1, 1, 1, 1, 1, 1, 1, 1, 1, 1, 1], [0, 1, 1, 1, 1, 1, 1, 1, 1, 1, 1, 1, 0, 1, 1, 1, 1, 1, 1, 1, 1, 1, 1, 1, 1, 1, 1], [0, 1, 1, 1, 1, 1, 1, 1, 1, 1, 1, 1, 1, 0, 1, 1, 1, 1, 1, 1, 1, 1, 1, 1, 1, 1, 1], [0, 1, 1, 1, 1, 1, 1, 1, 1, 1, 1, 1, 1, 1, 0, 1, 1, 1, 1, 1, 1, 1, 1, 1, 1, 1, 1], [0, 1, 1, 1, 1, 1, 1, 1, 1, 1, 1, 1, 1, 1, 1, 0, 1, 1, 1, 1, 1, 1, 1, 1, 1, 1, 1], [0, 1, 1, 1, 1, 1, 1, 1, 1, 1, 1, 1, 1, 1, 1, 1, 0, 1, 1, 1, 1, 1, 1, 1, 1, 1, 1], [0, 1, 1, 1, 1, 1, 1, 1, 1, 1, 1, 1, 1, 1, 1, 1, 1, 0, 1, 1, 1, 1, 1, 1, 1, 1, 1], [0, 1, 1, 1, 1, 1, 1, 1, 1, 1, 1, 1, 1, 1, 1, 1, 1, 1, 0, 1, 1, 1, 1, 1, 1, 1, 1], [0, 1, 1, 1, 1, 1, 1, 1, 1, 1, 1, 1, 1, 1, 1, 1, 1, 1, 1, 0, 1, 1, 1, 1, 1, 1, 1], [0, 1, 1, 1, 1, 1, 1, 1, 1, 1, 1, 1, 1, 1, 1, 1, 1, 1, 1, 1, 0, 1, 1, 1, 1, 1, 1], [0, 1, 1, 1, 1, 1, 1, 1, 1, 1, 1, 1, 1, 1, 1, 1, 1, 1, 1, 1, 1, 0, 1, 1, 1, 1, 1], [0, 1, 1, 1, 1, 1, 1, 1, 1, 1, 1, 1, 1, 1, 1, 1, 1, 1, 1, 1, 1, 1, 0, 1, 1, 1, 1], [0, 1, 1, 1, 1, 1, 1, 1, 1, 1, 1, 1, 1, 1, 1, 1, 1, 1, 1, 1, 1, 1, 1, 0, 1, 1, 1], [0, 1, 1, 1, 1, 1, 1, 1, 1, 1, 1, 1, 1, 1, 1, 1, 1, 1, 1, 1, 1, 1, 1, 1, 0, 1, 1], [0, 1, 1, 1, 1, 1, 1, 1, 1, 1, 1, 1, 1, 1, 1, 1, 1, 1, 1, 1, 1, 1, 1, 1, 1, 0, 1], [0, 0, 0, 0, 0, 0, 0, 0, 0, 0, 0, 0, 0, 0, 0, 0, 0, 0, 0, 0, 0, 0, 0, 0, 0, 0, 0]], "vertex_count": 27}, "distances": [[0.0, 66.99, 80.5, 60.16, 67.41, 69.9, 87.06, 64.73, 69.15, 71.58, 74.81, 70.75, 69.16, 60.85, 73.82, 76.77, 81.28, 72.61, 78.56, 68.21, 84.2, 79.32, 61.94, 83.97, 65.3, 63.77, 120.33], [66.99, 0.0, 15.71, 13.99, 11.84, 13.01, 20.63, 17.47, 12.65, 14.21, 13.75, 11.49, 12.72, 15.87, 9.98, 9.83, 21.15, 8.13, 12.41, 11.33, 17.29, 12.47, 5.06, 21.21, 16.93, 16.3, 66.99], [80.5, 15.71, 0.0, 29.18, 24.71, 13.2, 7.62, 17.21, 12.4, 24.63, 6.92, 22.34, 12.31, 30.71, 6.7, 10.31, 8.33, 16.74, 4.24, 14.42, 8.04, 10.81, 19.94, 6.06, 16.67, 19.35, 80.5], [60.16, 13.99, 29.18, 0.0, 7.32, 16.04, 32.61, 13.64, 17.6, 11.42, 27.72, 10.82, 17.73, 14.72, 23.94, 20.59, 35.14, 14.36, 25.36, 15.11, 28.48, 22.36, 12.22, 34.97, 13.96, 10.88, 60.16], [67.41, 11.84, 24.71, 7.32, 0.0, 12.63, 26.83, 12.82, 15.0, 4.36, 24.89, 13.87, 15.17, 7.4, 20.69, 15.0, 31.73, 8.27, 20.57, 12.46, 22.48, 16.23, 12.96, 30.74, 12.84, 10.45, 67.41], [69.9, 13.01, 13.2, 16.04, 12.63, 0.0, 17.76, 5.21, 8.93, 14.14, 12.27, 11.43, 9.02, 17.71, 8.13, 6.99, 19.31, 6.87, 9.66, 11.44, 14.37, 9.67, 7.96, 18.92, 4.66, 6.47, 69.9], [87.06, 20.63, 7.62, 32.61, 26.83, 17.76, 0.0, 22.63, 17.98, 25.49, 14.54, 23.77, 17.95, 33.72, 13.63, 12.02, 13.78, 18.59, 8.49, 19.33, 4.49, 10.66, 25.46, 9.63, 22.06, 24.22, 87.06], [64.73, 17.47, 17.21, 13.64, 12.82, 5.21, 22.63, 0.0, 4.82, 15.72, 14.32, 13.07, 4.9, 15.73, 11.0, 12.19, 21.9, 10.36, 14.25, 16.65, 19.48, 14.86, 12.41, 22.41, 9.1, 11.68, 64.73], [69.15, 12.65, 12.4, 17.6, 15.0, 8.93, 17.98, 4.82, 0.0, 16.8, 10.17, 14.08, 8.64, 19.46, 6.39, 8.63, 17.54, 9.62, 9.52, 12.05, 15.13, 11.34, 7.59, 17.71, 4.28, 7.07, 69.15], [71.58, 14.21, 24.63, 11.42, 4.36, 14.14, 25.49, 15.72, 16.8, 0.0, 26.0, 13.6, 16.97, 10.98, 21.69, 14.39, 32.26, 8.0, 20.4, 14.47, 21.01, 14.89, 16.43, 30.68, 15.6, 13.75, 71.58], [74.81, 13.75, 6.92, 27.72, 24.89, 12.27, 14.54, 14.32, 10.17, 26.0, 0.0, 23.39, 10.02, 29.62, 4.32, 13.25, 7.62, 18.09, 8.41, 12.74, 14.39, 14.95, 16.6, 9.19, 13.9, 16.96, 74.81], [70.75, 11.49, 22.34, 10.82, 13.87, 11.43, 23.77, 13.07, 14.08, 13.6, 23.39, 0.0, 14.24, 10.96, 19.08, 12.24, 29.79, 5.59, 18.12, 11.74, 19.34, 13.11, 13.95, 28.4, 12.93, 11.23, 70.75], [69.16, 12.72, 12.31, 17.73, 15.17, 9.02, 17.95, 4.9, 8.64, 16.97, 10.02, 14.24, 0.0, 19.6, 6.26, 8.7, 17.41, 9.77, 9.48, 12.16, 15.13, 11.4, 7.66, 17.6, 4.36, 7.19, 69.16], [60.85, 15.87, 30.71, 14.72, 7.4, 17.71, 33.72, 15.73, 19.46, 10.98, 29.62, 10.96, 19.6, 0.0, 25.73, 21.72, 36.95, 15.22, 26.78, 16.92, 29.48, 23.28, 14.46, 36.59, 16.01, 12.95, 60.85], [73.82, 9.98, 6.7, 23.94, 20.69, 8.13, 13.63, 11.0, 6.39, 21.69, 4.32, 19.08, 6.26, 25.73, 0.0, 9.26, 11.22, 13.78, 5.71, 8.83, 12.19, 11.28, 13.59, 11.41, 10.51, 13.44, 73.82], [76.77, 9.83, 10.31, 20.59, 15.0, 6.99, 12.02, 12.19, 8.63, 14.39, 13.25, 12.24, 8.7, 21.72, 9.26, 0.0, 18.29, 6.74, 6.09, 8.69, 7.96, 13.01, 14.88, 16.33, 11.65, 13.03, 76.77], [81.28, 21.15, 8.33, 35.14, 31.73, 19.31, 13.78, 21.9, 17.54, 32.26, 7.62, 29.79, 17.41, 36.95, 11.22, 18.29, 0.0, 24.26, 12.27, 20.04, 15.91, 19.09, 24.22, 4.4, 21.46, 24.49, 81.28], [72.61, 8.13, 16.74, 14.36, 8.27, 6.87, 18.59, 10.36, 9.62, 8.0, 18.09, 5.59, 9.77, 15.22, 13.78, 6.74, 24.26, 0.0, 12.53, 7.8, 14.28, 8.06, 12.25, 22.8, 10.0, 9.66, 72.61], [78.56, 12.41, 4.24, 25.36, 20.57, 9.66, 8.49, 14.25, 9.52, 20.4, 8.41, 18.12, 9.48, 26.78, 5.71, 6.09, 12.27, 12.53, 0.0, 11.09, 6.48, 6.92, 17.07, 10.29, 13.69, 16.06, 78.56], [68.21, 11.33, 14.42, 15.11, 12.46, 11.44, 19.33, 16.65, 12.05, 14.47, 12.74, 11.74, 12.16, 16.92, 8.83, 8.69, 20.04, 7.8, 11.09, 0.0, 16.03, 11.36, 6.27, 19.97, 16.1, 4.97, 68.21], [84.2, 17.29, 8.04, 28.48, 22.48, 14.37, 4.49, 19.48, 15.13, 21.01, 14.39, 19.34, 15.13, 29.48, 12.19, 7.96, 15.91, 14.28, 6.48, 16.03, 0.0, 6.25, 22.29, 12.37, 18.91, 20.74, 84.2], [79.32, 12.47, 10.81, 22.36, 16.23, 9.67, 10.66, 14.86, 11.34, 14.89, 14.95, 13.11, 11.4, 23.28, 11.28, 13.01, 19.09, 8.06, 6.92, 11.36, 6.25, 0.0, 17.51, 16.55, 14.32, 15.54, 79.32], [61.94, 5.06, 19.94, 12.22, 12.96, 7.96, 25.46, 12.41, 7.59, 16.43, 16.6, 13.95, 7.66, 14.46, 13.59, 14.88, 24.22, 12.25, 17.07, 6.27, 22.29, 17.51, 0.0, 24.99, 11.87, 11.24, 61.94], [83.97, 21.21, 6.06, 34.97, 30.74, 18.92, 9.63, 22.41, 17.71, 30.68, 9.19, 28.4, 17.6, 36.59, 11.41, 16.33, 4.4, 22.8, 10.29, 19.97, 12.37, 16.55, 24.99, 0.0, 21.91, 24.78, 83.97], [65.3, 16.93, 16.67, 13.96, 12.84, 4.66, 22.06, 9.1, 4.28, 15.6, 13.9, 12.93, 4.36, 16.01, 10.51, 11.65, 21.46, 10.0, 13.69, 16.1, 18.91, 14.32, 11.87, 21.91, 0.0, 11.13, 65.3], [63.77, 16.3, 19.35, 10.88, 10.45, 6.47, 24.22, 11.68, 7.07, 13.75, 16.96, 11.23, 7.19, 12.95, 13.44, 13.03, 24.49, 9.66, 16.06, 4.97, 20.74, 15.54, 11.24, 24.78, 11.13, 0.0, 63.77], [120.33, 66.99, 80.5, 60.16, 67.41, 69.9, 87.06, 64.73, 69.15, 71.58, 74.81, 70.75, 69.16, 60.85, 73.82, 76.77, 81.28, 72.61, 78.56, 68.21, 84.2, 79.32, 61.94, 83.97, 65.3, 63.77, 0.0]], "end_depot": 26, "horizon": [0.0, 1441.95], "instance_name": "25_98_A_A9", "speed_zone_count": 3, "speed_zones": [[0.0, 480.65], [480.65, 961.3], [961.3, 1441.95]], "start_depot": 0, "vehicle_count": 25}