{"cluster_count": 3, "cluster_speeds": [[0.22, 0.44, 0.22], [0.294, 0.6, 0.294], [0.41085, 0.83, 0.41085]], "clusters": [[-1, 2, 2, 2, 2, 2, 2, 2, 2, 2, 2, 2, 2, 2, 2, 2, 2, 2, 2, 2, 2, 2, 2, 2, 2, 2, 2], [2, -1, 2, 2, 2, 2, 2, 2, 2, 2, 2, 2, 2, 2, 2, 2, 2, 2, 2, 2, 2, 2, 2, 2, 2, 2, 2], [1, 1, -1, 1, 1, 1, 1, 1, 1, 1, 1, 1, 1, 1, 1, 1, 1, 1, 1, 1, 1, 1, 1, 1, 1, 1, 1], [0, 0, 0, -1, 0, 0, 0, 0, 0, 0, 0, 0, 0, 0, 0, 0, 0, 0, 0, 0, 0, 0, 0, 0, 0, 0, 0], [2, 2, 2, 2, -1, 2, 2, 2, 2, 2, 2, 2, 2, 2, 2, 2, 2, 2, 2, 2, 2, 2, 2, 2, 2, 2, 2], [1, 1, 1, 1, 1, -1, 1, 1, 1, 1, 1, 1, 1, 1, 1, 1, 1, 1, 1, 1, 1, 1, 1, 1, 1, 1, 1], [0, 0, 0, 0, 0, 0, -1, 0, 0, 0, 0, 0, 0, 0, 0, 0, 0, 0, 0, 0, 0, 0, 0, 0, 0, 0, 0], [2, 2, 2, 2, 2, 2, 2, -1, 2, 2, 2, 2, 2, 2, 2, 2, 2, 2, 2, 2, 2, 2, 2, 2, 2, 2, 2], [1, 1, 1, 1, 1, 1, 1, 1, -1, 1, 1, 1, 1, 1, 1, 1, 1, 1, 1, 1, 1, 1, 1, 1, 1, 1, 1], [1, 1, 1, 1, 1, 1, 1, 1, 1, -1, 1, 1, 1, 1, 1, 1, 1, 1, 1, 1, 1, 1, 1, 1, 1, 1, 1], [0, 0, 0, 0, 0, 0, 0, 0, 0, 0, -1, 0, 0, 0, 0, 0, 0, 0, 0, 0, 0, 0, 0, 0, 0, 0, 0], [2, 2, 2, 2, 2, 2, 2, 2, 2, 2, 2, -1, 2, 2, 2, 2, 2, 2, 2, 2, 2, 2, 2, 2, 2, 2, 2], [1, 1, 1, 1, 1, 1, 1, 1, 1, 1, 1, 1, -1, 1, 1, 1, 1, 1, 1, 1, 1, 1, 1, 1, 1, 1, 1], [1, 1, 1, 1, 1, 1, 1, 1, 1, 1, 1, 1, 1, -1, 1, 1, 1, 1, 1, 1, 1, 1, 1, 1, 1, 1, 1], [0, 0, 0, 0, 0, 0, 0, 0, 0, 0, 0, 0, 0, 0, -1, 0, 0, 0, 0, 0, 0, 0, 0, 0, 0, 0, 0], [1, 1, 1, 1, 1, 1, 1, 1, 1, 1, 1, 1, 1, 1, 1, -1, 1, 1, 1, 1, 1, 1, 1, 1, 1, 1, 1], [0, 0, 0, 0, 0, 0, 0, 0, 0, 0, 0, 0, 0, 0, 0, 0, -1, 0, 0, 0, 0, 0, 0, 0, 0, 0, 0], [0, 0, 0, 0, 0, 0, 0, 0, 0, 0, 0, 0, 0, 0, 0, 0, 0, -1, 0, 0, 0, 0, 0, 0, 0, 0, 0], [1, 1, 1, 1, 1, 1, 1, 1, 1, 1, 1, 1, 1, 1, 1, 1, 1, 1, -1, 1, 1, 1, 1, 1, 1, 1, 1], [1, 1, 1, 1, 1, 1, 1, 1, 1, 1, 1, 1, 1, 1, 1, 1, 1, 1, 1, -1, 1, 1, 1, 1, 1, 1, 1], [1, 1, 1, 1, 1, 1, 1, 1, 1, 1, 1, 1, 1, 1, 1, 1, 1, 1, 1, 1, -1, 1, 1, 1, 1, 1, 1], [0, 0, 0, 0, 0, 0, 0, 0, 0, 0, 0, 0, 0, 0, 0, 0, 0, 0, 0, 0, 0, -1, 0, 0, 0, 0, 0], [1, 1, 1, 1, 1, 1, 1, 1, 1, 1, 1, 1, 1, 1, 1, 1, 1, 1, 1, 1, 1, 1, -1, 1, 1, 1, 1], [2, 2, 2, 2, 2, 2, 2, 2, 2, 2, 2, 2, 2, 2, 2, 2, 2, 2, 2, 2, 2, 2, 2, -1, 2, 2, 2], [0, 0, 0, 0, 0, 0, 0, 0, 0, 0, 0, 0, 0, 0, 0, 0, 0, 0, 0, 0, 0, 0, 0, 0, -1, 0, 0], [2, 2, 2, 2, 2, 2, 2, 2, 2, 2, 2, 2, 2, 2, 2, 2, 2, 2, 2, 2, 2, 2, 2, 2, 2, -1, 2], [2, 2, 2, 2, 2, 2, 2, 2, 2, 2, 2, 2, 2, 2, 2, 2, 2, 2, 2, 2, 2, 2, 2, 2, 2, 2, -1]], "dataset_name": "cordeau_et_al_2014", "digraph": {"arc_count": 650, "arcs": [[0, 1, 1, 1, 1, 1, 1, 1, 1, 1, 1, 1, 1, 1, 1, 1, 1, 1, 1, 1, 1, 1, 1, 1, 1, 1, 0], [0, 0, 1, 1, 1, 1, 1, 1, 1, 1, 1, 1, 1, 1, 1, 1, 1, 1, 1, 1, 1, 1, 1, 1, 1, 1, 1], [0, 1, 0, 1, 1, 1, 1, 1, 1, 1, 1, 1, 1, 1, 1, 1, 1, 1, 1, 1, 1, 1, 1, 1, 1, 1, 1], [0, 1, 1, 0, 1, 1, 1, 1, 1, 1, 1, 1, 1, 1, 1, 1, 1, 1, 1, 1, 1, 1, 1, 1, 1, 1, 1], [0, 1, 1, 1, 0, 1, 1, 1, 1, 1, 1, 1, 1, 1, 1, 1, 1, 1, 1, 1, 1, 1, 1, 1, 1, 1, 1], [0, 1, 1, 1, 1, 0, 1, 1, 1, 1, 1, 1, 1, 1, 1, 1, 1, 1, 1, 1, 1, 1, 1, 1, 1, 1, 1], [0, 1, 1, 1, 1, 1, 0, 1, 1, 1, 1, 1, 1, 1, 1, 1, 1, 1, 1, 1, 1, 1, 1, 1, 1, 1, 1], [0, 1, 1, 1, 1, 1, 1, 0, 1, 1, 1, 1, 1, 1, 1, 1, 1, 1, 1, 1, 1, 1, 1, 1, 1, 1, 1], [0, 1, 1, 1, 1, 1, 1, 1, 0, 1, 1, 1, 1, 1, 1, 1, 1, 1, 1, 1, 1, 1, 1, 1, 1, 1, 1], [0, 1, 1, 1, 1, 1, 1, 1, 1, 0, 1, 1, 1, 1, 1, 1, 1, 1, 1, 1, 1, 1, 1, 1, 1, 1, 1], [0, 1, 1, 1, 1, 1, 1, 1, 1, 1, 0, 1, 1, 1, 1, 1, 1, 1, 1, 1, 1, 1, 1, 1, 1, 1, 1], [0, 1, 1, 1, 1, 1, 1, 1, 1, 1, 1, 0, 1, 1, 1, 1, 1, 1, 1, 1, 1, 1, 1, 1, 1, 1, 1], [0, 1, 1, 1, 1, 1, 1, 1, 1, 1, 1, 1, 0, 1, 1, 1, 1, 1, 1, 1, 1, 1, 1, 1, 1, 1, 1], [0, 1, 1, 1, 1, 1, 1, 1, 1, 1, 1, 1, 1, 0, 1, 1, 1, 1, 1, 1, 1, 1, 1, 1, 1, 1, 1], [0, 1, 1, 1, 1, 1, 1, 1, 1, 1, 1, 1, 1, 1, 0, 1, 1, 1, 1, 1, 1, 1, 1, 1, 1, 1, 1], [0, 1, 1, 1, 1, 1, 1, 1, 1, 1, 1, 1, 1, 1, 1, 0, 1, 1, 1, 1, 1, 1, 1, 1, 1, 1, 1], [0, 1, 1, 1, 1, 1, 1, 1, 1, 1, 1, 1, 1, 1, 1, 1, 0, 1, 1, 1, 1, 1, 1, 1, 1, 1, 1], [0, 1, 1, 1, 1, 1, 1, 1, 1, 1, 1, 1, 1, 1, 1, 1, 1, 0, 1, 1, 1, 1, 1, 1, 1, 1, 1], [0, 1, 1, 1, 1, 1, 1, 1, 1, 1, 1, 1, 1, 1, 1, 1, 1, 1, 0, 1, 1, 1, 1, 1, 1, 1, 1], [0, 1, 1, 1, 1, 1, 1, 1, 1, 1, 1, 1, 1, 1, 1, 1, 1, 1, 1, 0, 1, 1, 1, 1, 1, 1, 1], [0, 1, 1, 1, 1, 1, 1, 1, 1, 1, 1, 1, 1, 1, 1, 1, 1, 1, 1, 1, 0, 1, 1, 1, 1, 1, 1], [0, 1, 1, 1, 1, 1, 1, 1, 1, 1, 1, 1, 1, 1, 1, 1, 1, 1, 1, 1, 1, 0, 1, 1, 1, 1, 1], [0, 1, 1, 1, 1, 1, 1, 1, 1, 1, 1, 1, 1, 1, 1, 1, 1, 1, 1, 1, 1, 1, 0, 1, 1, 1, 1], [0, 1, 1, 1, 1, 1, 1, 1, 1, 1, 1, 1, 1, 1, 1, 1, 1, 1, 1, 1, 1, 1, 1, 0, 1, 1, 1], [0, 1, 1, 1, 1, 1, 1, 1, 1, 1, 1, 1, 1, 1, 1, 1, 1, 1, 1, 1, 1, 1, 1, 1, 0, 1, 1], [0, 1, 1, 1, 1, 1, 1, 1, 1, 1, 1, 1, 1, 1, 1, 1, 1, 1, 1, 1, 1, 1, 1, 1, 1, 0, 1], [0, 0, 0, 0, 0, 0, 0, 0, 0, 0, 0, 0, 0, 0, 0, 0, 0, 0, 0, 0, 0, 0, 0, 0, 0, 0, 0]], "vertex_count": 27}, "distances": [[0.0, 50.41, 82.36, 75.15, 99.42, 51.45, 76.05, 67.15, 71.8, 72.19, 65.93, 48.91, 87.72, 88.55, 65.01, 92.38, 66.38, 68.96, 73.63, 72.5, 65.43, 68.1, 53.25, 45.03, 80.09, 93.99, 90.06], [50.41, 0.0, 47.03, 41.25, 61.58, 11.84, 32.88, 17.14, 42.78, 23.82, 28.17, 7.49, 49.57, 44.7, 17.75, 52.79, 28.51, 31.33, 23.83, 41.94, 15.16, 32.08, 8.79, 7.07, 36.35, 55.25, 50.41], [82.36, 47.03, 0.0, 7.22, 17.08, 36.87, 17.63, 46.9, 12.38, 30.98, 19.07, 41.68, 6.64, 17.45, 31.76, 11.66, 18.68, 15.78, 36.12, 10.79, 40.44, 15.51, 38.44, 46.04, 17.19, 12.25, 82.36], [75.15, 41.25, 7.22, 0.0, 24.29, 30.53, 15.8, 43.17, 6.96, 28.16, 13.09, 35.42, 13.13, 20.6, 27.41, 18.17, 12.78, 10.12, 33.57, 4.89, 36.45, 9.18, 32.51, 39.64, 17.07, 19.21, 75.15], [99.42, 61.58, 17.08, 24.29, 0.0, 52.54, 29.06, 57.85, 28.72, 41.55, 34.92, 57.13, 12.2, 20.23, 44.68, 9.04, 34.49, 31.59, 45.71, 27.49, 52.21, 31.88, 53.45, 61.64, 26.35, 6.37, 99.42], [51.45, 11.84, 36.87, 30.53, 52.54, 0.0, 25.42, 23.38, 31.3, 21.2, 17.82, 4.93, 40.34, 37.96, 13.94, 44.17, 18.23, 21.15, 23.89, 30.64, 18.0, 21.44, 9.32, 9.16, 29.35, 46.38, 51.45], [76.05, 32.88, 17.63, 15.8, 29.06, 25.42, 0.0, 29.58, 21.93, 13.4, 11.49, 29.41, 17.63, 12.57, 15.62, 20.09, 11.13, 10.02, 18.5, 19.93, 23.44, 12.11, 25.32, 33.99, 21.18, 22.7, 76.05], [67.15, 17.14, 46.9, 43.17, 57.85, 23.38, 29.58, 0.0, 47.16, 16.36, 31.29, 21.88, 47.11, 38.27, 15.97, 48.83, 31.41, 33.4, 12.48, 45.68, 6.85, 35.07, 19.29, 23.79, 31.59, 51.6, 67.15], [71.8, 42.78, 12.38, 6.96, 28.72, 31.3, 21.93, 47.16, 0.0, 33.22, 15.9, 36.21, 18.96, 27.55, 31.19, 24.02, 15.76, 13.95, 38.68, 11.85, 40.32, 12.11, 34.01, 40.04, 23.71, 24.54, 71.8], [72.19, 23.82, 30.98, 28.16, 41.55, 21.2, 13.4, 16.36, 33.22, 0.0, 18.33, 23.29, 30.78, 22.33, 7.26, 32.51, 18.27, 19.35, 5.46, 31.45, 10.86, 21.38, 18.94, 27.4, 15.23, 35.27, 72.19], [65.93, 28.17, 19.07, 13.09, 34.92, 17.82, 11.49, 31.29, 15.9, 18.33, 0.0, 22.61, 22.73, 23.08, 15.33, 26.9, 22.62, 21.51, 23.67, 14.54, 24.44, 22.27, 19.47, 26.99, 15.27, 28.9, 65.93], [48.91, 7.49, 41.68, 35.42, 57.13, 4.93, 29.41, 21.88, 36.21, 23.29, 22.61, 0.0, 44.95, 41.82, 16.18, 48.63, 23.0, 25.92, 24.98, 35.57, 17.68, 26.3, 4.39, 4.58, 33.23, 50.91, 48.91], [87.72, 49.57, 6.64, 13.13, 12.2, 40.34, 17.63, 47.11, 18.96, 30.78, 22.73, 44.95, 0.0, 12.81, 33.05, 5.07, 22.29, 19.41, 35.46, 17.28, 41.07, 19.81, 41.33, 49.45, 15.71, 6.28, 87.72], [88.55, 44.7, 17.45, 20.6, 20.23, 37.96, 12.57, 38.27, 27.55, 22.33, 23.08, 41.82, 12.81, 0.0, 26.99, 11.75, 22.65, 20.58, 25.88, 25.49, 33.2, 22.16, 37.63, 46.38, 8.61, 14.52, 88.55], [65.01, 17.75, 31.76, 27.41, 44.68, 13.94, 15.62, 15.97, 31.19, 7.26, 15.33, 16.18, 33.05, 26.99, 0.0, 35.71, 15.44, 17.48, 10.57, 29.72, 9.14, 19.1, 11.8, 20.45, 18.78, 38.31, 65.01], [92.38, 52.79, 11.66, 18.17, 9.04, 44.17, 20.09, 48.83, 24.02, 32.51, 26.9, 48.63, 5.07, 11.75, 35.71, 0.0, 26.45, 23.66, 36.74, 22.35, 43.16, 24.3, 44.82, 53.18, 17.31, 11.36, 92.38], [66.38, 28.51, 18.68, 12.78, 34.49, 18.23, 11.13, 31.41, 15.76, 18.27, 22.62, 23.0, 22.29, 22.65, 15.44, 26.45, 0.0, 21.15, 23.63, 14.35, 24.57, 21.96, 19.82, 27.39, 14.88, 28.46, 66.38], [68.96, 31.33, 15.78, 10.12, 31.59, 21.15, 10.02, 33.4, 13.95, 19.35, 21.51, 25.92, 19.41, 20.58, 17.48, 23.66, 21.15, 0.0, 24.8, 12.32, 26.6, 19.3, 22.68, 30.31, 13.36, 25.61, 68.96], [73.63, 23.83, 36.12, 33.57, 45.71, 23.89, 18.5, 12.48, 38.68, 5.46, 23.67, 24.98, 35.46, 25.88, 10.57, 36.74, 23.63, 24.8, 0.0, 36.91, 8.95, 26.81, 20.88, 28.61, 19.76, 39.54, 73.63], [72.5, 41.94, 10.79, 4.89, 27.49, 30.64, 19.93, 45.68, 11.85, 31.45, 14.54, 35.57, 17.28, 25.49, 29.72, 22.35, 14.35, 12.32, 36.91, 0.0, 38.86, 10.63, 33.15, 39.52, 21.64, 23.03, 72.5], [65.43, 15.16, 40.44, 36.45, 52.21, 18.0, 23.44, 6.85, 40.32, 10.86, 24.44, 17.68, 41.07, 33.2, 9.14, 43.16, 24.57, 26.6, 8.95, 38.86, 0.0, 28.24, 14.22, 20.66, 25.86, 45.88, 65.43], [68.1, 32.08, 15.51, 9.18, 31.88, 21.44, 12.11, 35.07, 12.11, 21.38, 22.27, 26.3, 19.81, 22.16, 19.1, 24.3, 21.96, 19.3, 26.81, 10.63, 28.24, 0.0, 23.33, 30.58, 15.3, 26.07, 68.1], [53.25, 8.79, 38.44, 32.51, 53.45, 9.32, 25.32, 19.29, 34.01, 18.94, 19.47, 4.39, 41.33, 37.63, 11.8, 44.82, 19.82, 22.68, 20.88, 33.15, 14.22, 23.33, 0.0, 8.81, 29.07, 47.18, 53.25], [45.03, 7.07, 46.04, 39.64, 61.64, 9.16, 33.99, 23.79, 40.04, 27.4, 26.99, 4.58, 49.45, 46.38, 20.45, 53.18, 27.39, 30.31, 28.61, 39.52, 20.66, 30.58, 8.81, 0.0, 37.8, 55.44, 45.03], [80.09, 36.35, 17.19, 17.07, 26.35, 29.35, 21.18, 31.59, 23.71, 15.23, 15.27, 33.23, 15.71, 8.61, 18.78, 17.31, 14.88, 13.36, 19.76, 21.64, 25.86, 15.3, 29.07, 37.8, 0.0, 20.04, 80.09], [93.99, 55.25, 12.25, 19.21, 6.37, 46.38, 22.7, 51.6, 24.54, 35.27, 28.9, 50.91, 6.28, 14.52, 38.31, 11.36, 28.46, 25.61, 39.54, 23.03, 45.88, 26.07, 47.18, 55.44, 20.04, 0.0, 93.99], [90.06, 50.41, 82.36, 75.15, 99.42, 51.45, 76.05, 67.15, 71.8, 72.19, 65.93, 48.91, 87.72, 88.55, 65.01, 92.38, 66.38, 68.96, 73.63, 72.5, 65.43, 68.1, 53.25, 45.03, 80.09, 93.99, 0.0]], "end_depot": 26, "horizon": [0.0, 1734.78], "instance_name": "25_98_A_C10", "speed_zone_count": 3, "speed_zones": [[0.0, 578.26], [578.26, 1156.52], [1156.52, 1734.78]], "start_depot": 0, "vehicle_count": 25}