{"cluster_count": 3, "cluster_speeds": [[0.22, 0.44, 0.22], [0.285, 0.6, 0.285], [0.40255, 0.83, 0.40255]], "clusters": [[-1, 2, 2, 2, 2, 2, 2, 2, 2, 2, 2, 2, 2, 2, 2, 2, 2, 2, 2, 2, 2, 2, 2, 2, 2, 2, 2], [0, -1, 0, 0, 0, 0, 0, 0, 0, 0, 0, 0, 0, 0, 0, 0, 0, 0, 0, 0, 0, 0, 0, 0, 0, 0, 0], [0, 0, -1, 0, 0, 0, 0, 0, 0, 0, 0, 0, 0, 0, 0, 0, 0, 0, 0, 0, 0, 0, 0, 0, 0, 0, 0], [2, 2, 2, -1, 2, 2, 2, 2, 2, 2, 2, 2, 2, 2, 2, 2, 2, 2, 2, 2, 2, 2, 2, 2, 2, 2, 2], [0, 0, 0, 0, -1, 0, 0, 0, 0, 0, 0, 0, 0, 0, 0, 0, 0, 0, 0, 0, 0, 0, 0, 0, 0, 0, 0], [0, 0, 0, 0, 0, -1, 0, 0, 0, 0, 0, 0, 0, 0, 0, 0, 0, 0, 0, 0, 0, 0, 0, 0, 0, 0, 0], [0, 0, 0, 0, 0, 0, -1, 0, 0, 0, 0, 0, 0, 0, 0, 0, 0, 0, 0, 0, 0, 0, 0, 0, 0, 0, 0], [0, 0, 0, 0, 0, 0, 0, -1, 0, 0, 0, 0, 0, 0, 0, 0, 0, 0, 0, 0, 0, 0, 0, 0, 0, 0, 0], [0, 0, 0, 0, 0, 0, 0, 0, -1, 0, 0, 0, 0, 0, 0, 0, 0, 0, 0, 0, 0, 0, 0, 0, 0, 0, 0], [0, 0, 0, 0, 0, 0, 0, 0, 0, -1, 0, 0, 0, 0, 0, 0, 0, 0, 0, 0, 0, 0, 0, 0, 0, 0, 0], [1, 1, 1, 1, 1, 1, 1, 1, 1, 1, -1, 1, 1, 1, 1, 1, 1, 1, 1, 1, 1, 1, 1, 1, 1, 1, 1], [1, 1, 1, 1, 1, 1, 1, 1, 1, 1, 1, -1, 1, 1, 1, 1, 1, 1, 1, 1, 1, 1, 1, 1, 1, 1, 1], [0, 0, 0, 0, 0, 0, 0, 0, 0, 0, 0, 0, -1, 0, 0, 0, 0, 0, 0, 0, 0, 0, 0, 0, 0, 0, 0], [0, 0, 0, 0, 0, 0, 0, 0, 0, 0, 0, 0, 0, -1, 0, 0, 0, 0, 0, 0, 0, 0, 0, 0, 0, 0, 0], [0, 0, 0, 0, 0, 0, 0, 0, 0, 0, 0, 0, 0, 0, -1, 0, 0, 0, 0, 0, 0, 0, 0, 0, 0, 0, 0], [0, 0, 0, 0, 0, 0, 0, 0, 0, 0, 0, 0, 0, 0, 0, -1, 0, 0, 0, 0, 0, 0, 0, 0, 0, 0, 0], [1, 1, 1, 1, 1, 1, 1, 1, 1, 1, 1, 1, 1, 1, 1, 1, -1, 1, 1, 1, 1, 1, 1, 1, 1, 1, 1], [0, 0, 0, 0, 0, 0, 0, 0, 0, 0, 0, 0, 0, 0, 0, 0, 0, -1, 0, 0, 0, 0, 0, 0, 0, 0, 0], [1, 1, 1, 1, 1, 1, 1, 1, 1, 1, 1, 1, 1, 1, 1, 1, 1, 1, -1, 1, 1, 1, 1, 1, 1, 1, 1], [1, 1, 1, 1, 1, 1, 1, 1, 1, 1, 1, 1, 1, 1, 1, 1, 1, 1, 1, -1, 1, 1, 1, 1, 1, 1, 1], [0, 0, 0, 0, 0, 0, 0, 0, 0, 0, 0, 0, 0, 0, 0, 0, 0, 0, 0, 0, -1, 0, 0, 0, 0, 0, 0], [1, 1, 1, 1, 1, 1, 1, 1, 1, 1, 1, 1, 1, 1, 1, 1, 1, 1, 1, 1, 1, -1, 1, 1, 1, 1, 1], [0, 0, 0, 0, 0, 0, 0, 0, 0, 0, 0, 0, 0, 0, 0, 0, 0, 0, 0, 0, 0, 0, -1, 0, 0, 0, 0], [0, 0, 0, 0, 0, 0, 0, 0, 0, 0, 0, 0, 0, 0, 0, 0, 0, 0, 0, 0, 0, 0, 0, -1, 0, 0, 0], [0, 0, 0, 0, 0, 0, 0, 0, 0, 0, 0, 0, 0, 0, 0, 0, 0, 0, 0, 0, 0, 0, 0, 0, -1, 0, 0], [0, 0, 0, 0, 0, 0, 0, 0, 0, 0, 0, 0, 0, 0, 0, 0, 0, 0, 0, 0, 0, 0, 0, 0, 0, -1, 0], [2, 2, 2, 2, 2, 2, 2, 2, 2, 2, 2, 2, 2, 2, 2, 2, 2, 2, 2, 2, 2, 2, 2, 2, 2, 2, -1]], "dataset_name": "cordeau_et_al_2014", "digraph": {"arc_count": 650, "arcs": [[0, 1, 1, 1, 1, 1, 1, 1, 1, 1, 1, 1, 1, 1, 1, 1, 1, 1, 1, 1, 1, 1, 1, 1, 1, 1, 0], [0, 0, 1, 1, 1, 1, 1, 1, 1, 1, 1, 1, 1, 1, 1, 1, 1, 1, 1, 1, 1, 1, 1, 1, 1, 1, 1], [0, 1, 0, 1, 1, 1, 1, 1, 1, 1, 1, 1, 1, 1, 1, 1, 1, 1, 1, 1, 1, 1, 1, 1, 1, 1, 1], [0, 1, 1, 0, 1, 1, 1, 1, 1, 1, 1, 1, 1, 1, 1, 1, 1, 1, 1, 1, 1, 1, 1, 1, 1, 1, 1], [0, 1, 1, 1, 0, 1, 1, 1, 1, 1, 1, 1, 1, 1, 1, 1, 1, 1, 1, 1, 1, 1, 1, 1, 1, 1, 1], [0, 1, 1, 1, 1, 0, 1, 1, 1, 1, 1, 1, 1, 1, 1, 1, 1, 1, 1, 1, 1, 1, 1, 1, 1, 1, 1], [0, 1, 1, 1, 1, 1, 0, 1, 1, 1, 1, 1, 1, 1, 1, 1, 1, 1, 1, 1, 1, 1, 1, 1, 1, 1, 1], [0, 1, 1, 1, 1, 1, 1, 0, 1, 1, 1, 1, 1, 1, 1, 1, 1, 1, 1, 1, 1, 1, 1, 1, 1, 1, 1], [0, 1, 1, 1, 1, 1, 1, 1, 0, 1, 1, 1, 1, 1, 1, 1, 1, 1, 1, 1, 1, 1, 1, 1, 1, 1, 1], [0, 1, 1, 1, 1, 1, 1, 1, 1, 0, 1, 1, 1, 1, 1, 1, 1, 1, 1, 1, 1, 1, 1, 1, 1, 1, 1], [0, 1, 1, 1, 1, 1, 1, 1, 1, 1, 0, 1, 1, 1, 1, 1, 1, 1, 1, 1, 1, 1, 1, 1, 1, 1, 1], [0, 1, 1, 1, 1, 1, 1, 1, 1, 1, 1, 0, 1, 1, 1, 1, 1, 1, 1, 1, 1, 1, 1, 1, 1, 1, 1], [0, 1, 1, 1, 1, 1, 1, 1, 1, 1, 1, 1, 0, 1, 1, 1, 1, 1, 1, 1, 1, 1, 1, 1, 1, 1, 1], [0, 1, 1, 1, 1, 1, 1, 1, 1, 1, 1, 1, 1, 0, 1, 1, 1, 1, 1, 1, 1, 1, 1, 1, 1, 1, 1], [0, 1, 1, 1, 1, 1, 1, 1, 1, 1, 1, 1, 1, 1, 0, 1, 1, 1, 1, 1, 1, 1, 1, 1, 1, 1, 1], [0, 1, 1, 1, 1, 1, 1, 1, 1, 1, 1, 1, 1, 1, 1, 0, 1, 1, 1, 1, 1, 1, 1, 1, 1, 1, 1], [0, 1, 1, 1, 1, 1, 1, 1, 1, 1, 1, 1, 1, 1, 1, 1, 0, 1, 1, 1, 1, 1, 1, 1, 1, 1, 1], [0, 1, 1, 1, 1, 1, 1, 1, 1, 1, 1, 1, 1, 1, 1, 1, 1, 0, 1, 1, 1, 1, 1, 1, 1, 1, 1], [0, 1, 1, 1, 1, 1, 1, 1, 1, 1, 1, 1, 1, 1, 1, 1, 1, 1, 0, 1, 1, 1, 1, 1, 1, 1, 1], [0, 1, 1, 1, 1, 1, 1, 1, 1, 1, 1, 1, 1, 1, 1, 1, 1, 1, 1, 0, 1, 1, 1, 1, 1, 1, 1], [0, 1, 1, 1, 1, 1, 1, 1, 1, 1, 1, 1, 1, 1, 1, 1, 1, 1, 1, 1, 0, 1, 1, 1, 1, 1, 1], [0, 1, 1, 1, 1, 1, 1, 1, 1, 1, 1, 1, 1, 1, 1, 1, 1, 1, 1, 1, 1, 0, 1, 1, 1, 1, 1], [0, 1, 1, 1, 1, 1, 1, 1, 1, 1, 1, 1, 1, 1, 1, 1, 1, 1, 1, 1, 1, 1, 0, 1, 1, 1, 1], [0, 1, 1, 1, 1, 1, 1, 1, 1, 1, 1, 1, 1, 1, 1, 1, 1, 1, 1, 1, 1, 1, 1, 0, 1, 1, 1], [0, 1, 1, 1, 1, 1, 1, 1, 1, 1, 1, 1, 1, 1, 1, 1, 1, 1, 1, 1, 1, 1, 1, 1, 0, 1, 1], [0, 1, 1, 1, 1, 1, 1, 1, 1, 1, 1, 1, 1, 1, 1, 1, 1, 1, 1, 1, 1, 1, 1, 1, 1, 0, 1], [0, 0, 0, 0, 0, 0, 0, 0, 0, 0, 0, 0, 0, 0, 0, 0, 0, 0, 0, 0, 0, 0, 0, 0, 0, 0, 0]], "vertex_count": 27}, "distances": [[0.0, 74.03, 73.23, 48.37, 62.37, 81.87, 61.35, 73.44, 60.78, 73.15, 75.12, 69.27, 68.73, 68.48, 81.16, 58.22, 86.35, 68.61, 82.65, 87.56, 59.41, 68.11, 77.78, 73.59, 70.16, 69.82, 96.75], [74.03, 0.0, 20.96, 44.9, 15.72, 15.16, 25.74, 20.18, 26.88, 24.93, 4.69, 30.58, 8.49, 9.9, 18.66, 22.11, 20.75, 10.87, 9.79, 13.54, 20.27, 32.19, 17.59, 9.68, 12.14, 28.44, 74.03], [73.23, 20.96, 0.0, 32.01, 13.96, 12.6, 12.31, 11.98, 13.18, 13.53, 25.65, 10.69, 14.36, 12.94, 9.29, 15.35, 14.46, 11.79, 19.9, 27.41, 14.64, 12.65, 6.35, 11.33, 19.54, 8.46, 73.23], [48.37, 44.9, 32.01, 0.0, 29.19, 44.07, 20.49, 32.61, 19.38, 30.02, 48.63, 23.91, 36.56, 35.35, 41.29, 22.8, 46.45, 34.67, 49.23, 56.38, 24.64, 22.18, 38.16, 38.6, 41.24, 25.33, 48.37], [62.37, 15.72, 13.96, 29.19, 0.0, 19.51, 11.08, 13.68, 12.1, 16.48, 19.52, 18.97, 7.56, 6.64, 19.39, 6.39, 24.3, 6.41, 21.41, 27.9, 4.55, 19.94, 16.19, 11.34, 12.09, 17.37, 62.37], [81.87, 15.16, 12.6, 44.07, 19.51, 0.0, 23.68, 11.85, 24.74, 15.98, 19.08, 23.11, 14.26, 13.94, 4.61, 24.12, 5.72, 13.51, 8.86, 15.8, 22.67, 25.12, 6.29, 8.73, 16.39, 20.93, 81.87], [61.35, 25.74, 12.31, 20.49, 11.08, 23.68, 0.0, 12.74, 13.9, 11.81, 29.99, 9.9, 17.27, 15.84, 21.31, 6.63, 26.6, 14.94, 28.86, 36.15, 7.6, 10.07, 18.02, 18.3, 22.59, 9.34, 61.35], [73.44, 20.18, 11.98, 32.61, 13.68, 11.85, 12.74, 0.0, 13.65, 4.83, 24.86, 11.51, 13.7, 12.32, 8.68, 15.43, 13.91, 11.18, 19.07, 26.58, 14.62, 13.47, 5.63, 10.52, 18.82, 9.28, 73.44], [60.78, 26.88, 13.18, 19.38, 12.1, 24.74, 13.9, 13.65, 0.0, 12.39, 31.12, 9.78, 18.4, 16.99, 22.27, 7.27, 27.54, 16.09, 30.0, 37.3, 8.42, 9.71, 19.01, 19.46, 23.71, 9.48, 60.78], [73.15, 24.93, 13.53, 30.02, 16.48, 15.98, 11.81, 4.83, 12.39, 0.0, 29.61, 7.17, 18.03, 16.56, 12.07, 16.4, 16.81, 15.38, 23.73, 31.2, 16.12, 9.21, 9.72, 15.32, 23.35, 5.08, 73.15], [75.12, 4.69, 25.65, 48.63, 19.52, 19.08, 29.99, 24.86, 31.12, 29.61, 0.0, 35.21, 12.78, 14.27, 22.92, 25.86, 24.44, 15.32, 12.13, 13.19, 24.04, 36.8, 22.1, 14.35, 7.45, 33.09, 75.12], [69.27, 30.58, 10.69, 23.91, 18.97, 23.11, 9.9, 11.51, 9.78, 7.17, 35.21, 0.0, 22.81, 21.26, 19.24, 16.3, 23.86, 20.11, 30.57, 38.09, 16.82, 16.38, 16.83, 21.35, 28.36, 12.25, 69.27], [68.73, 8.49, 14.36, 36.56, 7.56, 14.26, 17.27, 13.7, 18.4, 18.03, 12.78, 22.81, 0.0, 10.8, 15.77, 13.86, 19.76, 10.55, 14.14, 20.37, 12.03, 24.26, 13.33, 5.57, 5.57, 20.79, 68.73], [68.48, 9.9, 12.94, 35.35, 6.64, 13.94, 15.84, 12.32, 16.99, 16.56, 14.27, 21.26, 10.8, 0.0, 15.01, 12.78, 19.28, 10.23, 14.77, 21.31, 10.97, 22.72, 12.37, 5.24, 7.11, 19.25, 68.48], [81.16, 18.66, 9.29, 41.29, 19.39, 4.61, 21.31, 8.68, 22.27, 12.07, 22.92, 19.24, 15.77, 15.01, 0.0, 22.96, 5.31, 14.26, 13.44, 20.4, 21.76, 21.28, 10.9, 10.37, 19.11, 17.14, 81.16], [58.22, 22.11, 15.35, 22.8, 6.39, 24.12, 6.63, 15.43, 7.27, 16.4, 25.86, 16.3, 13.86, 12.78, 22.96, 0.0, 28.2, 12.28, 27.31, 34.08, 10.94, 16.66, 19.57, 16.83, 18.45, 15.35, 58.22], [86.35, 20.75, 14.46, 46.45, 24.3, 5.72, 26.6, 13.91, 27.54, 16.81, 24.44, 23.86, 19.76, 19.28, 5.31, 28.2, 0.0, 18.71, 13.16, 18.83, 26.94, 25.9, 8.69, 14.2, 22.12, 21.87, 86.35], [68.61, 10.87, 11.79, 34.67, 6.41, 13.51, 14.94, 11.18, 16.09, 15.38, 15.32, 20.11, 10.55, 10.23, 14.26, 12.28, 18.71, 0.0, 15.07, 21.82, 10.51, 21.59, 11.49, 4.99, 8.25, 18.09, 68.61], [82.65, 9.79, 19.9, 49.23, 21.41, 8.86, 28.86, 19.07, 30.0, 23.73, 12.13, 30.57, 14.14, 14.77, 13.44, 27.31, 13.16, 15.07, 0.0, 7.52, 25.57, 32.49, 14.25, 10.63, 12.93, 28.34, 82.65], [87.56, 13.54, 27.41, 56.38, 27.9, 15.8, 36.15, 26.58, 37.3, 31.2, 13.19, 38.09, 20.37, 21.31, 20.4, 34.08, 18.83, 21.82, 7.52, 0.0, 32.28, 40.01, 21.62, 17.84, 17.5, 35.85, 87.56], [59.41, 20.27, 14.64, 24.64, 4.55, 22.67, 7.6, 14.62, 8.42, 16.12, 24.04, 16.82, 12.03, 10.97, 21.76, 10.94, 26.94, 10.51, 25.57, 32.28, 0.0, 17.39, 18.4, 15.16, 16.61, 15.65, 59.41], [68.11, 32.19, 12.65, 22.18, 19.94, 25.12, 10.07, 13.47, 9.71, 9.21, 36.8, 16.38, 24.26, 22.72, 21.28, 16.66, 25.9, 21.59, 32.49, 40.01, 17.39, 0.0, 18.84, 23.1, 29.83, 4.2, 68.11], [77.78, 17.59, 6.35, 38.16, 16.19, 6.29, 18.02, 5.63, 19.01, 9.72, 22.1, 16.83, 13.33, 12.37, 10.9, 19.57, 8.69, 11.49, 14.25, 21.62, 18.4, 18.84, 0.0, 8.37, 17.36, 14.64, 77.78], [73.59, 9.68, 11.33, 38.6, 11.34, 8.73, 18.3, 10.52, 19.46, 15.32, 14.35, 21.35, 5.57, 5.24, 10.37, 16.83, 14.2, 4.99, 10.63, 17.84, 15.16, 23.1, 8.37, 0.0, 8.99, 19.15, 73.59], [70.16, 12.14, 19.54, 41.24, 12.09, 16.39, 22.59, 18.82, 23.71, 23.35, 7.45, 28.36, 5.57, 7.11, 19.11, 18.45, 22.12, 8.25, 12.93, 17.5, 16.61, 29.83, 17.36, 8.99, 0.0, 26.32, 70.16], [69.82, 28.44, 8.46, 25.33, 17.37, 20.93, 9.34, 9.28, 9.48, 5.08, 33.09, 12.25, 20.79, 19.25, 17.14, 15.35, 21.87, 18.09, 28.34, 35.85, 15.65, 4.2, 14.64, 19.15, 26.32, 0.0, 69.82], [96.75, 74.03, 73.23, 48.37, 62.37, 81.87, 61.35, 73.44, 60.78, 73.15, 75.12, 69.27, 68.73, 68.48, 81.16, 58.22, 86.35, 68.61, 82.65, 87.56, 59.41, 68.11, 77.78, 73.59, 70.16, 69.82, 0.0]], "end_depot": 26, "horizon": [0.0, 1516.8], "instance_name": "25_95_A_B6", "speed_zone_count": 3, "speed_zones": [[0.0, 505.6], [505.6, 1011.2], [1011.2, 1516.8]], "start_depot": 0, "vehicle_count": 25}