{"cluster_count": 3, "cluster_speeds": [[0.22, 0.44, 0.22], [0.294, 0.6, 0.294], [0.41085, 0.83, 0.41085]], "clusters": [[-1, 2, 2, 2, 2, 2, 2, 2, 2, 2, 2, 2, 2, 2, 2, 2, 2, 2, 2, 2, 2, 2, 2, 2, 2, 2, 2], [1, -1, 1, 1, 1, 1, 1, 1, 1, 1, 1, 1, 1, 1, 1, 1, 1, 1, 1, 1, 1, 1, 1, 1, 1, 1, 1], [0, 0, -1, 0, 0, 0, 0, 0, 0, 0, 0, 0, 0, 0, 0, 0, 0, 0, 0, 0, 0, 0, 0, 0, 0, 0, 0], [0, 0, 0, -1, 0, 0, 0, 0, 0, 0, 0, 0, 0, 0, 0, 0, 0, 0, 0, 0, 0, 0, 0, 0, 0, 0, 0], [0, 0, 0, 0, -1, 0, 0, 0, 0, 0, 0, 0, 0, 0, 0, 0, 0, 0, 0, 0, 0, 0, 0, 0, 0, 0, 0], [0, 0, 0, 0, 0, -1, 0, 0, 0, 0, 0, 0, 0, 0, 0, 0, 0, 0, 0, 0, 0, 0, 0, 0, 0, 0, 0], [0, 0, 0, 0, 0, 0, -1, 0, 0, 0, 0, 0, 0, 0, 0, 0, 0, 0, 0, 0, 0, 0, 0, 0, 0, 0, 0], [0, 0, 0, 0, 0, 0, 0, -1, 0, 0, 0, 0, 0, 0, 0, 0, 0, 0, 0, 0, 0, 0, 0, 0, 0, 0, 0], [1, 1, 1, 1, 1, 1, 1, 1, -1, 1, 1, 1, 1, 1, 1, 1, 1, 1, 1, 1, 1, 1, 1, 1, 1, 1, 1], [0, 0, 0, 0, 0, 0, 0, 0, 0, -1, 0, 0, 0, 0, 0, 0, 0, 0, 0, 0, 0, 0, 0, 0, 0, 0, 0], [0, 0, 0, 0, 0, 0, 0, 0, 0, 0, -1, 0, 0, 0, 0, 0, 0, 0, 0, 0, 0, 0, 0, 0, 0, 0, 0], [0, 0, 0, 0, 0, 0, 0, 0, 0, 0, 0, -1, 0, 0, 0, 0, 0, 0, 0, 0, 0, 0, 0, 0, 0, 0, 0], [0, 0, 0, 0, 0, 0, 0, 0, 0, 0, 0, 0, -1, 0, 0, 0, 0, 0, 0, 0, 0, 0, 0, 0, 0, 0, 0], [0, 0, 0, 0, 0, 0, 0, 0, 0, 0, 0, 0, 0, -1, 0, 0, 0, 0, 0, 0, 0, 0, 0, 0, 0, 0, 0], [0, 0, 0, 0, 0, 0, 0, 0, 0, 0, 0, 0, 0, 0, -1, 0, 0, 0, 0, 0, 0, 0, 0, 0, 0, 0, 0], [1, 1, 1, 1, 1, 1, 1, 1, 1, 1, 1, 1, 1, 1, 1, -1, 1, 1, 1, 1, 1, 1, 1, 1, 1, 1, 1], [2, 2, 2, 2, 2, 2, 2, 2, 2, 2, 2, 2, 2, 2, 2, 2, -1, 2, 2, 2, 2, 2, 2, 2, 2, 2, 2], [0, 0, 0, 0, 0, 0, 0, 0, 0, 0, 0, 0, 0, 0, 0, 0, 0, -1, 0, 0, 0, 0, 0, 0, 0, 0, 0], [2, 2, 2, 2, 2, 2, 2, 2, 2, 2, 2, 2, 2, 2, 2, 2, 2, 2, -1, 2, 2, 2, 2, 2, 2, 2, 2], [0, 0, 0, 0, 0, 0, 0, 0, 0, 0, 0, 0, 0, 0, 0, 0, 0, 0, 0, -1, 0, 0, 0, 0, 0, 0, 0], [0, 0, 0, 0, 0, 0, 0, 0, 0, 0, 0, 0, 0, 0, 0, 0, 0, 0, 0, 0, -1, 0, 0, 0, 0, 0, 0], [0, 0, 0, 0, 0, 0, 0, 0, 0, 0, 0, 0, 0, 0, 0, 0, 0, 0, 0, 0, 0, -1, 0, 0, 0, 0, 0], [0, 0, 0, 0, 0, 0, 0, 0, 0, 0, 0, 0, 0, 0, 0, 0, 0, 0, 0, 0, 0, 0, -1, 0, 0, 0, 0], [0, 0, 0, 0, 0, 0, 0, 0, 0, 0, 0, 0, 0, 0, 0, 0, 0, 0, 0, 0, 0, 0, 0, -1, 0, 0, 0], [0, 0, 0, 0, 0, 0, 0, 0, 0, 0, 0, 0, 0, 0, 0, 0, 0, 0, 0, 0, 0, 0, 0, 0, -1, 0, 0], [1, 1, 1, 1, 1, 1, 1, 1, 1, 1, 1, 1, 1, 1, 1, 1, 1, 1, 1, 1, 1, 1, 1, 1, 1, -1, 1], [2, 2, 2, 2, 2, 2, 2, 2, 2, 2, 2, 2, 2, 2, 2, 2, 2, 2, 2, 2, 2, 2, 2, 2, 2, 2, -1]], "dataset_name": "cordeau_et_al_2014", "digraph": {"arc_count": 650, "arcs": [[0, 1, 1, 1, 1, 1, 1, 1, 1, 1, 1, 1, 1, 1, 1, 1, 1, 1, 1, 1, 1, 1, 1, 1, 1, 1, 0], [0, 0, 1, 1, 1, 1, 1, 1, 1, 1, 1, 1, 1, 1, 1, 1, 1, 1, 1, 1, 1, 1, 1, 1, 1, 1, 1], [0, 1, 0, 1, 1, 1, 1, 1, 1, 1, 1, 1, 1, 1, 1, 1, 1, 1, 1, 1, 1, 1, 1, 1, 1, 1, 1], [0, 1, 1, 0, 1, 1, 1, 1, 1, 1, 1, 1, 1, 1, 1, 1, 1, 1, 1, 1, 1, 1, 1, 1, 1, 1, 1], [0, 1, 1, 1, 0, 1, 1, 1, 1, 1, 1, 1, 1, 1, 1, 1, 1, 1, 1, 1, 1, 1, 1, 1, 1, 1, 1], [0, 1, 1, 1, 1, 0, 1, 1, 1, 1, 1, 1, 1, 1, 1, 1, 1, 1, 1, 1, 1, 1, 1, 1, 1, 1, 1], [0, 1, 1, 1, 1, 1, 0, 1, 1, 1, 1, 1, 1, 1, 1, 1, 1, 1, 1, 1, 1, 1, 1, 1, 1, 1, 1], [0, 1, 1, 1, 1, 1, 1, 0, 1, 1, 1, 1, 1, 1, 1, 1, 1, 1, 1, 1, 1, 1, 1, 1, 1, 1, 1], [0, 1, 1, 1, 1, 1, 1, 1, 0, 1, 1, 1, 1, 1, 1, 1, 1, 1, 1, 1, 1, 1, 1, 1, 1, 1, 1], [0, 1, 1, 1, 1, 1, 1, 1, 1, 0, 1, 1, 1, 1, 1, 1, 1, 1, 1, 1, 1, 1, 1, 1, 1, 1, 1], [0, 1, 1, 1, 1, 1, 1, 1, 1, 1, 0, 1, 1, 1, 1, 1, 1, 1, 1, 1, 1, 1, 1, 1, 1, 1, 1], [0, 1, 1, 1, 1, 1, 1, 1, 1, 1, 1, 0, 1, 1, 1, 1, 1, 1, 1, 1, 1, 1, 1, 1, 1, 1, 1], [0, 1, 1, 1, 1, 1, 1, 1, 1, 1, 1, 1, 0, 1, 1, 1, 1, 1, 1, 1, 1, 1, 1, 1, 1, 1, 1], [0, 1, 1, 1, 1, 1, 1, 1, 1, 1, 1, 1, 1, 0, 1, 1, 1, 1, 1, 1, 1, 1, 1, 1, 1, 1, 1], [0, 1, 1, 1, 1, 1, 1, 1, 1, 1, 1, 1, 1, 1, 0, 1, 1, 1, 1, 1, 1, 1, 1, 1, 1, 1, 1], [0, 1, 1, 1, 1, 1, 1, 1, 1, 1, 1, 1, 1, 1, 1, 0, 1, 1, 1, 1, 1, 1, 1, 1, 1, 1, 1], [0, 1, 1, 1, 1, 1, 1, 1, 1, 1, 1, 1, 1, 1, 1, 1, 0, 1, 1, 1, 1, 1, 1, 1, 1, 1, 1], [0, 1, 1, 1, 1, 1, 1, 1, 1, 1, 1, 1, 1, 1, 1, 1, 1, 0, 1, 1, 1, 1, 1, 1, 1, 1, 1], [0, 1, 1, 1, 1, 1, 1, 1, 1, 1, 1, 1, 1, 1, 1, 1, 1, 1, 0, 1, 1, 1, 1, 1, 1, 1, 1], [0, 1, 1, 1, 1, 1, 1, 1, 1, 1, 1, 1, 1, 1, 1, 1, 1, 1, 1, 0, 1, 1, 1, 1, 1, 1, 1], [0, 1, 1, 1, 1, 1, 1, 1, 1, 1, 1, 1, 1, 1, 1, 1, 1, 1, 1, 1, 0, 1, 1, 1, 1, 1, 1], [0, 1, 1, 1, 1, 1, 1, 1, 1, 1, 1, 1, 1, 1, 1, 1, 1, 1, 1, 1, 1, 0, 1, 1, 1, 1, 1], [0, 1, 1, 1, 1, 1, 1, 1, 1, 1, 1, 1, 1, 1, 1, 1, 1, 1, 1, 1, 1, 1, 0, 1, 1, 1, 1], [0, 1, 1, 1, 1, 1, 1, 1, 1, 1, 1, 1, 1, 1, 1, 1, 1, 1, 1, 1, 1, 1, 1, 0, 1, 1, 1], [0, 1, 1, 1, 1, 1, 1, 1, 1, 1, 1, 1, 1, 1, 1, 1, 1, 1, 1, 1, 1, 1, 1, 1, 0, 1, 1], [0, 1, 1, 1, 1, 1, 1, 1, 1, 1, 1, 1, 1, 1, 1, 1, 1, 1, 1, 1, 1, 1, 1, 1, 1, 0, 1], [0, 0, 0, 0, 0, 0, 0, 0, 0, 0, 0, 0, 0, 0, 0, 0, 0, 0, 0, 0, 0, 0, 0, 0, 0, 0, 0]], "vertex_count": 27}, "distances": [[0.0, 62.48, 69.13, 70.02, 75.02, 56.66, 78.13, 69.41, 89.18, 68.39, 71.63, 67.76, 73.63, 69.27, 69.84, 69.77, 86.3, 60.41, 94.0, 72.32, 67.67, 75.22, 59.05, 60.96, 71.7, 74.91, 113.32], [62.48, 0.0, 27.55, 27.34, 25.72, 18.73, 35.73, 25.88, 45.09, 18.73, 34.28, 22.73, 24.71, 17.72, 28.93, 11.42, 50.51, 15.33, 49.98, 22.7, 24.47, 28.17, 18.17, 22.19, 19.33, 39.74, 62.48], [69.13, 27.55, 0.0, 9.48, 8.24, 14.23, 9.84, 12.66, 21.05, 9.43, 6.76, 4.86, 7.44, 11.07, 11.08, 19.14, 23.42, 13.61, 26.19, 8.02, 14.13, 6.78, 12.47, 8.77, 11.21, 12.19, 69.13], [70.02, 27.34, 9.48, 0.0, 7.15, 14.76, 9.39, 11.57, 20.49, 8.94, 7.19, 4.61, 6.39, 10.5, 10.83, 18.58, 23.39, 13.78, 25.63, 7.11, 13.09, 5.69, 12.88, 9.41, 10.44, 12.5, 70.02], [75.02, 25.72, 8.24, 7.15, 0.0, 18.46, 10.74, 6.73, 19.39, 7.78, 12.86, 7.31, 12.0, 8.14, 8.73, 15.11, 25.62, 15.61, 24.36, 12.33, 7.89, 12.61, 16.13, 14.22, 6.42, 17.17, 75.02], [56.66, 18.73, 14.23, 14.76, 18.46, 0.0, 24.07, 13.72, 35.24, 11.85, 19.59, 11.39, 17.06, 13.01, 15.39, 16.78, 36.92, 4.84, 40.39, 15.67, 11.82, 19.09, 9.96, 5.57, 15.33, 24.81, 56.66], [78.13, 35.73, 9.84, 9.39, 10.74, 24.07, 0.0, 10.64, 11.29, 17.01, 7.01, 13.66, 11.34, 18.06, 8.73, 25.69, 14.94, 23.09, 16.39, 13.24, 12.49, 7.87, 22.26, 18.59, 16.91, 7.96, 78.13], [69.41, 25.88, 12.66, 11.57, 6.73, 13.72, 10.64, 0.0, 21.6, 7.52, 8.6, 11.3, 5.74, 9.11, 12.72, 17.19, 24.81, 12.46, 26.75, 6.09, 12.43, 5.88, 11.74, 8.56, 9.21, 13.95, 69.41], [89.18, 45.09, 21.05, 20.49, 19.39, 35.24, 11.29, 21.6, 0.0, 26.89, 17.56, 24.39, 20.5, 27.51, 20.0, 34.16, 11.3, 33.86, 5.16, 22.52, 23.49, 17.22, 33.33, 29.82, 25.76, 15.29, 89.18], [68.39, 18.73, 9.43, 8.94, 7.78, 11.85, 17.01, 7.52, 26.89, 0.0, 16.12, 4.72, 6.48, 9.55, 10.72, 9.72, 31.79, 8.14, 31.95, 4.55, 6.63, 9.68, 9.44, 9.35, 11.95, 21.43, 68.39], [71.63, 34.28, 6.76, 7.19, 12.86, 19.59, 7.01, 8.6, 17.56, 16.12, 0.0, 11.62, 12.66, 17.68, 5.41, 25.77, 17.33, 19.93, 22.4, 13.92, 9.82, 10.23, 18.27, 14.04, 17.48, 5.49, 71.63], [67.76, 22.73, 4.86, 4.61, 7.31, 11.39, 13.66, 11.3, 24.39, 4.72, 11.62, 0.0, 5.96, 6.48, 6.22, 14.42, 27.97, 9.48, 29.53, 5.21, 10.69, 7.71, 9.2, 6.92, 7.23, 17.04, 67.76], [73.63, 24.71, 7.44, 6.39, 12.0, 17.06, 11.34, 5.74, 20.5, 6.48, 12.66, 5.96, 0.0, 7.02, 8.12, 14.36, 26.27, 14.23, 25.52, 11.04, 6.69, 11.62, 14.73, 12.88, 5.58, 17.27, 73.63], [69.27, 17.72, 11.07, 10.5, 8.14, 13.01, 18.06, 9.11, 27.51, 9.55, 17.68, 6.48, 7.02, 0.0, 12.32, 8.08, 32.95, 8.87, 32.5, 5.0, 8.39, 10.45, 10.62, 11.01, 12.6, 22.91, 69.27], [69.84, 28.93, 11.08, 10.83, 8.73, 15.39, 8.73, 12.72, 20.0, 10.72, 5.41, 6.22, 8.12, 12.32, 0.0, 20.4, 22.07, 14.95, 25.12, 8.96, 4.47, 6.84, 13.71, 9.87, 12.31, 10.82, 69.84], [69.77, 11.42, 19.14, 18.58, 15.11, 16.78, 25.69, 17.19, 34.16, 9.72, 25.77, 14.42, 14.36, 8.08, 20.4, 0.0, 40.63, 11.95, 38.92, 12.47, 16.34, 17.85, 14.9, 17.22, 8.78, 30.97, 69.77], [86.3, 50.51, 23.42, 23.39, 25.62, 36.92, 14.94, 24.81, 11.3, 31.79, 17.33, 27.97, 26.27, 32.95, 22.07, 40.63, 0.0, 37.01, 12.17, 28.17, 26.46, 22.79, 35.56, 31.37, 31.85, 12.29, 86.3], [60.41, 15.33, 13.61, 13.78, 15.61, 4.84, 23.09, 12.46, 33.86, 8.14, 19.93, 9.48, 14.23, 8.87, 14.95, 11.95, 37.01, 0.0, 39.0, 12.51, 10.65, 16.9, 11.25, 6.86, 11.3, 25.39, 60.41], [94.0, 49.98, 26.19, 25.63, 24.36, 40.39, 16.39, 26.75, 5.16, 31.95, 22.4, 29.53, 25.52, 32.5, 25.12, 38.92, 12.17, 39.0, 0.0, 27.53, 28.65, 22.3, 38.49, 34.96, 30.66, 19.5, 94.0], [72.32, 22.7, 8.02, 7.11, 12.33, 15.67, 13.24, 6.09, 22.52, 4.55, 13.92, 5.21, 11.04, 5.0, 8.96, 12.47, 28.17, 12.51, 27.53, 0.0, 6.47, 5.48, 13.29, 11.94, 12.44, 18.79, 72.32], [67.67, 24.47, 14.13, 13.09, 7.89, 11.82, 12.49, 12.43, 23.49, 6.63, 9.82, 10.69, 6.69, 8.39, 4.47, 16.34, 26.46, 10.65, 28.65, 6.47, 0.0, 7.55, 9.84, 6.74, 8.98, 15.28, 67.67], [75.22, 28.17, 6.78, 5.69, 12.61, 19.09, 7.87, 5.88, 17.22, 9.68, 10.23, 7.71, 11.62, 10.45, 6.84, 17.85, 22.79, 16.9, 22.3, 5.48, 7.55, 0.0, 16.9, 14.28, 9.08, 14.29, 75.22], [59.05, 18.17, 12.47, 12.88, 16.13, 9.96, 22.26, 11.74, 33.33, 9.44, 18.27, 9.2, 14.73, 10.62, 13.71, 14.9, 35.56, 11.25, 38.49, 13.29, 9.84, 16.9, 0.0, 4.39, 12.92, 23.63, 59.05], [60.96, 22.19, 8.77, 9.41, 14.22, 5.57, 18.59, 8.56, 29.82, 9.35, 14.04, 6.92, 12.88, 11.01, 9.87, 17.22, 31.37, 6.86, 34.96, 11.94, 6.74, 14.28, 4.39, 0.0, 12.83, 19.33, 60.96], [71.7, 19.33, 11.21, 10.44, 6.42, 15.33, 16.91, 9.21, 25.76, 11.95, 17.48, 7.23, 5.58, 12.6, 12.31, 8.78, 31.85, 11.3, 30.66, 12.44, 8.98, 9.08, 12.92, 12.83, 0.0, 22.46, 71.7], [74.91, 39.74, 12.19, 12.5, 17.17, 24.81, 7.96, 13.95, 15.29, 21.43, 5.49, 17.04, 17.27, 22.91, 10.82, 30.97, 12.29, 25.39, 19.5, 18.79, 15.28, 14.29, 23.63, 19.33, 22.46, 0.0, 74.91], [113.32, 62.48, 69.13, 70.02, 75.02, 56.66, 78.13, 69.41, 89.18, 68.39, 71.63, 67.76, 73.63, 69.27, 69.84, 69.77, 86.3, 60.41, 94.0, 72.32, 67.67, 75.22, 59.05, 60.96, 71.7, 74.91, 0.0]], "end_depot": 26, "horizon": [0.0, 1522.8], "instance_name": "25_98_A_A2", "speed_zone_count": 3, "speed_zones": [[0.0, 507.6], [507.6, 1015.2], [1015.2, 1522.8]], "start_depot": 0, "vehicle_count": 25}