{"cluster_count": 3, "cluster_speeds": [[0.198, 0.44, 0.198], [0.285, 0.6, 0.285], [0.415, 0.83, 0.415]], "clusters": [[-1, 2, 2, 2, 2, 2, 2, 2, 2, 2, 2, 2, 2, 2, 2, 2, 2, 2, 2, 2, 2, 2, 2, 2, 2, 2, 2], [0, -1, 0, 0, 0, 0, 0, 0, 0, 0, 0, 0, 0, 0, 0, 0, 0, 0, 0, 0, 0, 0, 0, 0, 0, 0, 0], [2, 2, -1, 2, 2, 2, 2, 2, 2, 2, 2, 2, 2, 2, 2, 2, 2, 2, 2, 2, 2, 2, 2, 2, 2, 2, 2], [1, 1, 1, -1, 1, 1, 1, 1, 1, 1, 1, 1, 1, 1, 1, 1, 1, 1, 1, 1, 1, 1, 1, 1, 1, 1, 1], [0, 0, 0, 0, -1, 0, 0, 0, 0, 0, 0, 0, 0, 0, 0, 0, 0, 0, 0, 0, 0, 0, 0, 0, 0, 0, 0], [1, 1, 1, 1, 1, -1, 1, 1, 1, 1, 1, 1, 1, 1, 1, 1, 1, 1, 1, 1, 1, 1, 1, 1, 1, 1, 1], [1, 1, 1, 1, 1, 1, -1, 1, 1, 1, 1, 1, 1, 1, 1, 1, 1, 1, 1, 1, 1, 1, 1, 1, 1, 1, 1], [0, 0, 0, 0, 0, 0, 0, -1, 0, 0, 0, 0, 0, 0, 0, 0, 0, 0, 0, 0, 0, 0, 0, 0, 0, 0, 0], [0, 0, 0, 0, 0, 0, 0, 0, -1, 0, 0, 0, 0, 0, 0, 0, 0, 0, 0, 0, 0, 0, 0, 0, 0, 0, 0], [2, 2, 2, 2, 2, 2, 2, 2, 2, -1, 2, 2, 2, 2, 2, 2, 2, 2, 2, 2, 2, 2, 2, 2, 2, 2, 2], [0, 0, 0, 0, 0, 0, 0, 0, 0, 0, -1, 0, 0, 0, 0, 0, 0, 0, 0, 0, 0, 0, 0, 0, 0, 0, 0], [0, 0, 0, 0, 0, 0, 0, 0, 0, 0, 0, -1, 0, 0, 0, 0, 0, 0, 0, 0, 0, 0, 0, 0, 0, 0, 0], [2, 2, 2, 2, 2, 2, 2, 2, 2, 2, 2, 2, -1, 2, 2, 2, 2, 2, 2, 2, 2, 2, 2, 2, 2, 2, 2], [0, 0, 0, 0, 0, 0, 0, 0, 0, 0, 0, 0, 0, -1, 0, 0, 0, 0, 0, 0, 0, 0, 0, 0, 0, 0, 0], [1, 1, 1, 1, 1, 1, 1, 1, 1, 1, 1, 1, 1, 1, -1, 1, 1, 1, 1, 1, 1, 1, 1, 1, 1, 1, 1], [0, 0, 0, 0, 0, 0, 0, 0, 0, 0, 0, 0, 0, 0, 0, -1, 0, 0, 0, 0, 0, 0, 0, 0, 0, 0, 0], [1, 1, 1, 1, 1, 1, 1, 1, 1, 1, 1, 1, 1, 1, 1, 1, -1, 1, 1, 1, 1, 1, 1, 1, 1, 1, 1], [0, 0, 0, 0, 0, 0, 0, 0, 0, 0, 0, 0, 0, 0, 0, 0, 0, -1, 0, 0, 0, 0, 0, 0, 0, 0, 0], [0, 0, 0, 0, 0, 0, 0, 0, 0, 0, 0, 0, 0, 0, 0, 0, 0, 0, -1, 0, 0, 0, 0, 0, 0, 0, 0], [1, 1, 1, 1, 1, 1, 1, 1, 1, 1, 1, 1, 1, 1, 1, 1, 1, 1, 1, -1, 1, 1, 1, 1, 1, 1, 1], [2, 2, 2, 2, 2, 2, 2, 2, 2, 2, 2, 2, 2, 2, 2, 2, 2, 2, 2, 2, -1, 2, 2, 2, 2, 2, 2], [1, 1, 1, 1, 1, 1, 1, 1, 1, 1, 1, 1, 1, 1, 1, 1, 1, 1, 1, 1, 1, -1, 1, 1, 1, 1, 1], [0, 0, 0, 0, 0, 0, 0, 0, 0, 0, 0, 0, 0, 0, 0, 0, 0, 0, 0, 0, 0, 0, -1, 0, 0, 0, 0], [0, 0, 0, 0, 0, 0, 0, 0, 0, 0, 0, 0, 0, 0, 0, 0, 0, 0, 0, 0, 0, 0, 0, -1, 0, 0, 0], [1, 1, 1, 1, 1, 1, 1, 1, 1, 1, 1, 1, 1, 1, 1, 1, 1, 1, 1, 1, 1, 1, 1, 1, -1, 1, 1], [0, 0, 0, 0, 0, 0, 0, 0, 0, 0, 0, 0, 0, 0, 0, 0, 0, 0, 0, 0, 0, 0, 0, 0, 0, -1, 0], [2, 2, 2, 2, 2, 2, 2, 2, 2, 2, 2, 2, 2, 2, 2, 2, 2, 2, 2, 2, 2, 2, 2, 2, 2, 2, -1]], "dataset_name": "cordeau_et_al_2014", "digraph": {"arc_count": 650, "arcs": [[0, 1, 1, 1, 1, 1, 1, 1, 1, 1, 1, 1, 1, 1, 1, 1, 1, 1, 1, 1, 1, 1, 1, 1, 1, 1, 0], [0, 0, 1, 1, 1, 1, 1, 1, 1, 1, 1, 1, 1, 1, 1, 1, 1, 1, 1, 1, 1, 1, 1, 1, 1, 1, 1], [0, 1, 0, 1, 1, 1, 1, 1, 1, 1, 1, 1, 1, 1, 1, 1, 1, 1, 1, 1, 1, 1, 1, 1, 1, 1, 1], [0, 1, 1, 0, 1, 1, 1, 1, 1, 1, 1, 1, 1, 1, 1, 1, 1, 1, 1, 1, 1, 1, 1, 1, 1, 1, 1], [0, 1, 1, 1, 0, 1, 1, 1, 1, 1, 1, 1, 1, 1, 1, 1, 1, 1, 1, 1, 1, 1, 1, 1, 1, 1, 1], [0, 1, 1, 1, 1, 0, 1, 1, 1, 1, 1, 1, 1, 1, 1, 1, 1, 1, 1, 1, 1, 1, 1, 1, 1, 1, 1], [0, 1, 1, 1, 1, 1, 0, 1, 1, 1, 1, 1, 1, 1, 1, 1, 1, 1, 1, 1, 1, 1, 1, 1, 1, 1, 1], [0, 1, 1, 1, 1, 1, 1, 0, 1, 1, 1, 1, 1, 1, 1, 1, 1, 1, 1, 1, 1, 1, 1, 1, 1, 1, 1], [0, 1, 1, 1, 1, 1, 1, 1, 0, 1, 1, 1, 1, 1, 1, 1, 1, 1, 1, 1, 1, 1, 1, 1, 1, 1, 1], [0, 1, 1, 1, 1, 1, 1, 1, 1, 0, 1, 1, 1, 1, 1, 1, 1, 1, 1, 1, 1, 1, 1, 1, 1, 1, 1], [0, 1, 1, 1, 1, 1, 1, 1, 1, 1, 0, 1, 1, 1, 1, 1, 1, 1, 1, 1, 1, 1, 1, 1, 1, 1, 1], [0, 1, 1, 1, 1, 1, 1, 1, 1, 1, 1, 0, 1, 1, 1, 1, 1, 1, 1, 1, 1, 1, 1, 1, 1, 1, 1], [0, 1, 1, 1, 1, 1, 1, 1, 1, 1, 1, 1, 0, 1, 1, 1, 1, 1, 1, 1, 1, 1, 1, 1, 1, 1, 1], [0, 1, 1, 1, 1, 1, 1, 1, 1, 1, 1, 1, 1, 0, 1, 1, 1, 1, 1, 1, 1, 1, 1, 1, 1, 1, 1], [0, 1, 1, 1, 1, 1, 1, 1, 1, 1, 1, 1, 1, 1, 0, 1, 1, 1, 1, 1, 1, 1, 1, 1, 1, 1, 1], [0, 1, 1, 1, 1, 1, 1, 1, 1, 1, 1, 1, 1, 1, 1, 0, 1, 1, 1, 1, 1, 1, 1, 1, 1, 1, 1], [0, 1, 1, 1, 1, 1, 1, 1, 1, 1, 1, 1, 1, 1, 1, 1, 0, 1, 1, 1, 1, 1, 1, 1, 1, 1, 1], [0, 1, 1, 1, 1, 1, 1, 1, 1, 1, 1, 1, 1, 1, 1, 1, 1, 0, 1, 1, 1, 1, 1, 1, 1, 1, 1], [0, 1, 1, 1, 1, 1, 1, 1, 1, 1, 1, 1, 1, 1, 1, 1, 1, 1, 0, 1, 1, 1, 1, 1, 1, 1, 1], [0, 1, 1, 1, 1, 1, 1, 1, 1, 1, 1, 1, 1, 1, 1, 1, 1, 1, 1, 0, 1, 1, 1, 1, 1, 1, 1], [0, 1, 1, 1, 1, 1, 1, 1, 1, 1, 1, 1, 1, 1, 1, 1, 1, 1, 1, 1, 0, 1, 1, 1, 1, 1, 1], [0, 1, 1, 1, 1, 1, 1, 1, 1, 1, 1, 1, 1, 1, 1, 1, 1, 1, 1, 1, 1, 0, 1, 1, 1, 1, 1], [0, 1, 1, 1, 1, 1, 1, 1, 1, 1, 1, 1, 1, 1, 1, 1, 1, 1, 1, 1, 1, 1, 0, 1, 1, 1, 1], [0, 1, 1, 1, 1, 1, 1, 1, 1, 1, 1, 1, 1, 1, 1, 1, 1, 1, 1, 1, 1, 1, 1, 0, 1, 1, 1], [0, 1, 1, 1, 1, 1, 1, 1, 1, 1, 1, 1, 1, 1, 1, 1, 1, 1, 1, 1, 1, 1, 1, 1, 0, 1, 1], [0, 1, 1, 1, 1, 1, 1, 1, 1, 1, 1, 1, 1, 1, 1, 1, 1, 1, 1, 1, 1, 1, 1, 1, 1, 0, 1], [0, 0, 0, 0, 0, 0, 0, 0, 0, 0, 0, 0, 0, 0, 0, 0, 0, 0, 0, 0, 0, 0, 0, 0, 0, 0, 0]], "vertex_count": 27}, "distances": [[0.0, 64.63, 72.24, 58.98, 85.59, 47.17, 50.02, 74.72, 71.0, 92.72, 60.52, 62.43, 42.86, 70.16, 75.78, 72.96, 51.71, 57.51, 82.23, 81.99, 83.09, 61.97, 67.52, 68.01, 68.12, 68.08, 85.72], [64.63, 0.0, 17.91, 6.87, 23.3, 18.86, 14.61, 10.28, 17.52, 35.7, 10.49, 11.37, 21.81, 10.2, 26.19, 9.72, 12.98, 12.46, 19.66, 25.75, 38.73, 5.12, 4.29, 16.82, 10.7, 13.46, 64.63], [72.24, 17.91, 0.0, 17.47, 32.2, 32.89, 26.49, 15.55, 34.03, 47.05, 28.3, 17.17, 31.69, 25.93, 42.32, 22.5, 25.86, 29.86, 29.22, 39.29, 54.71, 15.25, 20.45, 34.06, 7.26, 30.51, 72.24], [58.98, 6.87, 17.47, 0.0, 30.17, 15.56, 9.65, 15.91, 23.04, 42.4, 13.07, 18.14, 16.24, 16.58, 31.62, 16.6, 8.61, 13.52, 26.53, 32.19, 44.01, 11.99, 11.06, 21.68, 10.75, 18.77, 58.98], [85.59, 23.3, 32.2, 30.17, 0.0, 38.43, 36.63, 17.11, 16.71, 15.03, 25.1, 26.09, 43.82, 15.44, 19.06, 13.6, 34.76, 28.16, 22.69, 11.06, 27.97, 27.97, 19.29, 19.54, 28.12, 18.09, 85.59], [47.17, 18.86, 32.89, 15.56, 38.43, 0.0, 6.76, 29.1, 24.7, 46.71, 13.43, 17.46, 8.1, 23.0, 31.26, 26.0, 7.04, 10.54, 35.07, 35.79, 41.7, 18.26, 20.86, 21.93, 26.31, 21.26, 47.17], [50.02, 14.61, 26.49, 9.65, 36.63, 6.76, 0.0, 24.77, 25.32, 46.81, 13.4, 12.52, 7.27, 21.44, 33.02, 23.32, 13.8, 11.59, 33.07, 35.99, 44.5, 12.59, 17.69, 23.0, 20.24, 21.29, 50.02], [74.72, 10.28, 15.55, 15.91, 17.11, 29.1, 24.77, 0.0, 19.96, 31.66, 18.77, 12.3, 31.86, 12.16, 27.61, 7.71, 23.21, 21.48, 13.86, 23.79, 39.68, 13.05, 9.02, 20.83, 11.04, 17.34, 74.72], [71.0, 17.52, 34.03, 23.04, 16.71, 24.7, 25.32, 19.96, 0.0, 22.01, 11.93, 19.81, 31.7, 8.1, 8.67, 12.26, 23.48, 14.29, 14.56, 11.1, 21.21, 22.42, 13.82, 16.78, 27.39, 4.28, 71.0], [92.72, 35.7, 47.05, 42.4, 15.03, 46.71, 46.81, 31.66, 22.01, 0.0, 33.66, 38.48, 53.51, 25.92, 17.54, 26.36, 44.92, 36.24, 17.84, 10.93, 18.72, 40.76, 31.41, 24.88, 42.42, 25.64, 92.72], [60.52, 10.49, 28.3, 13.07, 25.1, 13.43, 13.4, 18.77, 11.93, 33.66, 0.0, 11.33, 19.85, 9.8, 19.76, 13.55, 11.58, 18.75, 21.84, 22.76, 31.66, 13.73, 9.75, 9.64, 21.05, 8.03, 60.52], [62.43, 11.37, 17.17, 18.14, 26.09, 17.46, 12.52, 12.3, 19.81, 38.48, 11.33, 0.0, 19.57, 12.83, 28.48, 12.53, 11.06, 12.69, 22.45, 28.44, 40.98, 16.47, 7.08, 18.82, 9.94, 15.64, 62.43], [42.86, 21.81, 31.69, 16.24, 43.82, 8.1, 7.27, 31.86, 31.7, 53.51, 19.85, 19.57, 0.0, 28.53, 38.85, 30.58, 9.08, 17.46, 40.29, 42.61, 49.66, 19.25, 24.96, 29.13, 26.2, 27.88, 42.86], [70.16, 10.2, 25.93, 16.58, 15.44, 23.0, 21.44, 12.16, 8.1, 25.92, 9.8, 12.83, 28.53, 0.0, 16.48, 4.78, 19.55, 12.91, 12.08, 15.62, 29.0, 15.31, 6.06, 8.68, 19.4, 5.21, 70.16], [75.78, 26.19, 42.32, 31.62, 19.06, 31.26, 33.02, 27.61, 8.67, 17.54, 19.76, 28.48, 38.85, 16.48, 0.0, 20.0, 31.26, 21.51, 18.49, 8.75, 12.55, 31.09, 22.4, 10.15, 35.88, 12.87, 75.78], [72.96, 9.72, 22.5, 16.6, 13.6, 26.0, 23.32, 7.71, 12.26, 26.36, 13.55, 12.53, 30.58, 4.78, 20.0, 0.0, 21.5, 16.62, 9.96, 17.15, 32.24, 14.56, 5.71, 13.33, 16.6, 9.96, 72.96], [51.71, 12.98, 25.86, 8.61, 34.76, 7.04, 13.8, 23.21, 23.48, 44.92, 11.58, 11.06, 9.08, 19.55, 31.26, 21.5, 0.0, 9.93, 31.21, 34.11, 42.85, 11.43, 15.9, 21.2, 19.34, 19.43, 51.71], [57.51, 12.46, 29.86, 13.52, 28.16, 10.54, 11.59, 21.48, 14.29, 36.24, 18.75, 12.69, 17.46, 12.91, 21.51, 16.62, 9.93, 0.0, 24.94, 25.32, 32.93, 14.8, 12.49, 11.67, 22.62, 10.72, 57.51], [82.23, 19.66, 29.22, 26.53, 22.69, 35.07, 33.07, 13.86, 14.56, 17.84, 21.84, 22.45, 40.29, 12.08, 18.49, 9.96, 31.21, 24.94, 0.0, 11.63, 28.68, 24.35, 15.66, 17.17, 24.77, 15.25, 82.23], [81.99, 25.75, 39.29, 32.19, 11.06, 35.79, 35.99, 23.79, 11.1, 10.93, 22.76, 28.44, 42.61, 15.62, 8.75, 17.15, 34.11, 25.32, 11.63, 0.0, 17.08, 30.86, 21.48, 14.01, 33.74, 14.74, 81.99], [83.09, 38.73, 54.71, 44.01, 27.97, 41.7, 44.5, 39.68, 21.21, 18.72, 31.66, 40.98, 49.66, 29.0, 12.55, 32.24, 42.85, 32.93, 28.68, 17.08, 0.0, 43.6, 34.95, 22.35, 48.38, 25.35, 83.09], [61.97, 5.12, 15.25, 11.99, 27.97, 18.26, 12.59, 13.05, 22.42, 40.76, 13.73, 16.47, 19.25, 15.31, 31.09, 14.56, 11.43, 14.8, 24.35, 30.86, 43.6, 0.0, 9.39, 21.44, 8.21, 18.25, 61.97], [67.52, 4.29, 20.45, 11.06, 19.29, 20.86, 17.69, 9.02, 13.82, 31.41, 9.75, 7.08, 24.96, 6.06, 22.4, 5.71, 15.9, 12.49, 15.66, 21.48, 34.95, 9.39, 0.0, 13.6, 13.6, 10.07, 67.52], [68.01, 16.82, 34.06, 21.68, 19.54, 21.93, 23.0, 20.83, 16.78, 24.88, 9.64, 18.82, 29.13, 8.68, 10.15, 13.33, 21.2, 11.67, 17.17, 14.01, 22.35, 21.44, 13.6, 0.0, 27.16, 13.89, 68.01], [68.12, 10.7, 7.26, 10.75, 28.12, 26.31, 20.24, 11.04, 27.39, 42.42, 21.05, 9.94, 26.2, 19.4, 35.88, 16.6, 19.34, 22.62, 24.77, 33.74, 48.38, 8.21, 13.6, 27.16, 0.0, 23.65, 68.12], [68.08, 13.46, 30.51, 18.77, 18.09, 21.26, 21.29, 17.34, 4.28, 25.64, 8.03, 15.64, 27.88, 5.21, 12.87, 9.96, 19.43, 10.72, 15.25, 14.74, 25.35, 18.25, 10.07, 13.89, 23.65, 0.0, 68.08], [85.72, 64.63, 72.24, 58.98, 85.59, 47.17, 50.02, 74.72, 71.0, 92.72, 60.52, 62.43, 42.86, 70.16, 75.78, 72.96, 51.71, 57.51, 82.23, 81.99, 83.09, 61.97, 67.52, 68.01, 68.12, 68.08, 0.0]], "end_depot": 26, "horizon": [0.0, 1687.8], "instance_name": "25_90_B_C9", "speed_zone_count": 3, "speed_zones": [[0.0, 562.6], [562.6, 1125.2], [1125.2, 1687.8]], "start_depot": 0, "vehicle_count": 25}