{"cluster_count": 3, "cluster_speeds": [[0.22, 0.44, 0.22], [0.27, 0.6, 0.27], [0.39425, 0.83, 0.39425]], "clusters": [[-1, 2, 2, 2, 2, 2, 2, 2, 2, 2, 2, 2, 2, 2, 2, 2, 2, 2, 2, 2, 2, 2, 2, 2, 2, 2, 2], [0, -1, 0, 0, 0, 0, 0, 0, 0, 0, 0, 0, 0, 0, 0, 0, 0, 0, 0, 0, 0, 0, 0, 0, 0, 0, 0], [2, 2, -1, 2, 2, 2, 2, 2, 2, 2, 2, 2, 2, 2, 2, 2, 2, 2, 2, 2, 2, 2, 2, 2, 2, 2, 2], [1, 1, 1, -1, 1, 1, 1, 1, 1, 1, 1, 1, 1, 1, 1, 1, 1, 1, 1, 1, 1, 1, 1, 1, 1, 1, 1], [1, 1, 1, 1, -1, 1, 1, 1, 1, 1, 1, 1, 1, 1, 1, 1, 1, 1, 1, 1, 1, 1, 1, 1, 1, 1, 1], [0, 0, 0, 0, 0, -1, 0, 0, 0, 0, 0, 0, 0, 0, 0, 0, 0, 0, 0, 0, 0, 0, 0, 0, 0, 0, 0], [2, 2, 2, 2, 2, 2, -1, 2, 2, 2, 2, 2, 2, 2, 2, 2, 2, 2, 2, 2, 2, 2, 2, 2, 2, 2, 2], [2, 2, 2, 2, 2, 2, 2, -1, 2, 2, 2, 2, 2, 2, 2, 2, 2, 2, 2, 2, 2, 2, 2, 2, 2, 2, 2], [0, 0, 0, 0, 0, 0, 0, 0, -1, 0, 0, 0, 0, 0, 0, 0, 0, 0, 0, 0, 0, 0, 0, 0, 0, 0, 0], [2, 2, 2, 2, 2, 2, 2, 2, 2, -1, 2, 2, 2, 2, 2, 2, 2, 2, 2, 2, 2, 2, 2, 2, 2, 2, 2], [2, 2, 2, 2, 2, 2, 2, 2, 2, 2, -1, 2, 2, 2, 2, 2, 2, 2, 2, 2, 2, 2, 2, 2, 2, 2, 2], [1, 1, 1, 1, 1, 1, 1, 1, 1, 1, 1, -1, 1, 1, 1, 1, 1, 1, 1, 1, 1, 1, 1, 1, 1, 1, 1], [2, 2, 2, 2, 2, 2, 2, 2, 2, 2, 2, 2, -1, 2, 2, 2, 2, 2, 2, 2, 2, 2, 2, 2, 2, 2, 2], [1, 1, 1, 1, 1, 1, 1, 1, 1, 1, 1, 1, 1, -1, 1, 1, 1, 1, 1, 1, 1, 1, 1, 1, 1, 1, 1], [0, 0, 0, 0, 0, 0, 0, 0, 0, 0, 0, 0, 0, 0, -1, 0, 0, 0, 0, 0, 0, 0, 0, 0, 0, 0, 0], [0, 0, 0, 0, 0, 0, 0, 0, 0, 0, 0, 0, 0, 0, 0, -1, 0, 0, 0, 0, 0, 0, 0, 0, 0, 0, 0], [2, 2, 2, 2, 2, 2, 2, 2, 2, 2, 2, 2, 2, 2, 2, 2, -1, 2, 2, 2, 2, 2, 2, 2, 2, 2, 2], [0, 0, 0, 0, 0, 0, 0, 0, 0, 0, 0, 0, 0, 0, 0, 0, 0, -1, 0, 0, 0, 0, 0, 0, 0, 0, 0], [0, 0, 0, 0, 0, 0, 0, 0, 0, 0, 0, 0, 0, 0, 0, 0, 0, 0, -1, 0, 0, 0, 0, 0, 0, 0, 0], [2, 2, 2, 2, 2, 2, 2, 2, 2, 2, 2, 2, 2, 2, 2, 2, 2, 2, 2, -1, 2, 2, 2, 2, 2, 2, 2], [0, 0, 0, 0, 0, 0, 0, 0, 0, 0, 0, 0, 0, 0, 0, 0, 0, 0, 0, 0, -1, 0, 0, 0, 0, 0, 0], [0, 0, 0, 0, 0, 0, 0, 0, 0, 0, 0, 0, 0, 0, 0, 0, 0, 0, 0, 0, 0, -1, 0, 0, 0, 0, 0], [0, 0, 0, 0, 0, 0, 0, 0, 0, 0, 0, 0, 0, 0, 0, 0, 0, 0, 0, 0, 0, 0, -1, 0, 0, 0, 0], [1, 1, 1, 1, 1, 1, 1, 1, 1, 1, 1, 1, 1, 1, 1, 1, 1, 1, 1, 1, 1, 1, 1, -1, 1, 1, 1], [0, 0, 0, 0, 0, 0, 0, 0, 0, 0, 0, 0, 0, 0, 0, 0, 0, 0, 0, 0, 0, 0, 0, 0, -1, 0, 0], [0, 0, 0, 0, 0, 0, 0, 0, 0, 0, 0, 0, 0, 0, 0, 0, 0, 0, 0, 0, 0, 0, 0, 0, 0, -1, 0], [2, 2, 2, 2, 2, 2, 2, 2, 2, 2, 2, 2, 2, 2, 2, 2, 2, 2, 2, 2, 2, 2, 2, 2, 2, 2, -1]], "dataset_name": "cordeau_et_al_2014", "digraph": {"arc_count": 650, "arcs": [[0, 1, 1, 1, 1, 1, 1, 1, 1, 1, 1, 1, 1, 1, 1, 1, 1, 1, 1, 1, 1, 1, 1, 1, 1, 1, 0], [0, 0, 1, 1, 1, 1, 1, 1, 1, 1, 1, 1, 1, 1, 1, 1, 1, 1, 1, 1, 1, 1, 1, 1, 1, 1, 1], [0, 1, 0, 1, 1, 1, 1, 1, 1, 1, 1, 1, 1, 1, 1, 1, 1, 1, 1, 1, 1, 1, 1, 1, 1, 1, 1], [0, 1, 1, 0, 1, 1, 1, 1, 1, 1, 1, 1, 1, 1, 1, 1, 1, 1, 1, 1, 1, 1, 1, 1, 1, 1, 1], [0, 1, 1, 1, 0, 1, 1, 1, 1, 1, 1, 1, 1, 1, 1, 1, 1, 1, 1, 1, 1, 1, 1, 1, 1, 1, 1], [0, 1, 1, 1, 1, 0, 1, 1, 1, 1, 1, 1, 1, 1, 1, 1, 1, 1, 1, 1, 1, 1, 1, 1, 1, 1, 1], [0, 1, 1, 1, 1, 1, 0, 1, 1, 1, 1, 1, 1, 1, 1, 1, 1, 1, 1, 1, 1, 1, 1, 1, 1, 1, 1], [0, 1, 1, 1, 1, 1, 1, 0, 1, 1, 1, 1, 1, 1, 1, 1, 1, 1, 1, 1, 1, 1, 1, 1, 1, 1, 1], [0, 1, 1, 1, 1, 1, 1, 1, 0, 1, 1, 1, 1, 1, 1, 1, 1, 1, 1, 1, 1, 1, 1, 1, 1, 1, 1], [0, 1, 1, 1, 1, 1, 1, 1, 1, 0, 1, 1, 1, 1, 1, 1, 1, 1, 1, 1, 1, 1, 1, 1, 1, 1, 1], [0, 1, 1, 1, 1, 1, 1, 1, 1, 1, 0, 1, 1, 1, 1, 1, 1, 1, 1, 1, 1, 1, 1, 1, 1, 1, 1], [0, 1, 1, 1, 1, 1, 1, 1, 1, 1, 1, 0, 1, 1, 1, 1, 1, 1, 1, 1, 1, 1, 1, 1, 1, 1, 1], [0, 1, 1, 1, 1, 1, 1, 1, 1, 1, 1, 1, 0, 1, 1, 1, 1, 1, 1, 1, 1, 1, 1, 1, 1, 1, 1], [0, 1, 1, 1, 1, 1, 1, 1, 1, 1, 1, 1, 1, 0, 1, 1, 1, 1, 1, 1, 1, 1, 1, 1, 1, 1, 1], [0, 1, 1, 1, 1, 1, 1, 1, 1, 1, 1, 1, 1, 1, 0, 1, 1, 1, 1, 1, 1, 1, 1, 1, 1, 1, 1], [0, 1, 1, 1, 1, 1, 1, 1, 1, 1, 1, 1, 1, 1, 1, 0, 1, 1, 1, 1, 1, 1, 1, 1, 1, 1, 1], [0, 1, 1, 1, 1, 1, 1, 1, 1, 1, 1, 1, 1, 1, 1, 1, 0, 1, 1, 1, 1, 1, 1, 1, 1, 1, 1], [0, 1, 1, 1, 1, 1, 1, 1, 1, 1, 1, 1, 1, 1, 1, 1, 1, 0, 1, 1, 1, 1, 1, 1, 1, 1, 1], [0, 1, 1, 1, 1, 1, 1, 1, 1, 1, 1, 1, 1, 1, 1, 1, 1, 1, 0, 1, 1, 1, 1, 1, 1, 1, 1], [0, 1, 1, 1, 1, 1, 1, 1, 1, 1, 1, 1, 1, 1, 1, 1, 1, 1, 1, 0, 1, 1, 1, 1, 1, 1, 1], [0, 1, 1, 1, 1, 1, 1, 1, 1, 1, 1, 1, 1, 1, 1, 1, 1, 1, 1, 1, 0, 1, 1, 1, 1, 1, 1], [0, 1, 1, 1, 1, 1, 1, 1, 1, 1, 1, 1, 1, 1, 1, 1, 1, 1, 1, 1, 1, 0, 1, 1, 1, 1, 1], [0, 1, 1, 1, 1, 1, 1, 1, 1, 1, 1, 1, 1, 1, 1, 1, 1, 1, 1, 1, 1, 1, 0, 1, 1, 1, 1], [0, 1, 1, 1, 1, 1, 1, 1, 1, 1, 1, 1, 1, 1, 1, 1, 1, 1, 1, 1, 1, 1, 1, 0, 1, 1, 1], [0, 1, 1, 1, 1, 1, 1, 1, 1, 1, 1, 1, 1, 1, 1, 1, 1, 1, 1, 1, 1, 1, 1, 1, 0, 1, 1], [0, 1, 1, 1, 1, 1, 1, 1, 1, 1, 1, 1, 1, 1, 1, 1, 1, 1, 1, 1, 1, 1, 1, 1, 1, 0, 1], [0, 0, 0, 0, 0, 0, 0, 0, 0, 0, 0, 0, 0, 0, 0, 0, 0, 0, 0, 0, 0, 0, 0, 0, 0, 0, 0]], "vertex_count": 27}, "distances": [[0.0, 76.01, 86.5, 74.42, 90.82, 72.87, 44.59, 57.69, 81.89, 102.1, 70.88, 59.94, 68.84, 70.91, 71.68, 68.05, 66.58, 73.82, 71.05, 104.81, 72.53, 73.19, 65.45, 87.36, 70.47, 68.05, 89.18], [76.01, 0.0, 36.28, 15.41, 15.99, 15.03, 33.84, 30.08, 6.02, 36.01, 26.18, 19.14, 40.86, 21.55, 10.04, 11.79, 31.54, 14.1, 15.41, 41.46, 12.14, 14.99, 11.27, 11.39, 15.02, 13.71, 76.01], [86.5, 36.28, 0.0, 51.6, 31.95, 35.5, 57.63, 61.76, 35.04, 20.95, 61.79, 49.35, 75.76, 19.31, 45.59, 30.06, 66.2, 35.82, 23.88, 20.46, 48.03, 37.5, 35.13, 36.36, 24.66, 28.04, 86.5], [74.42, 15.41, 51.6, 0.0, 27.99, 16.25, 29.84, 19.67, 18.71, 50.32, 11.27, 14.85, 26.18, 35.44, 6.54, 23.92, 17.46, 15.82, 29.31, 56.06, 24.7, 14.18, 20.2, 21.58, 28.72, 26.25, 74.42], [90.82, 15.99, 31.95, 27.99, 0.0, 18.53, 49.73, 45.53, 10.18, 23.13, 39.23, 35.11, 54.12, 26.25, 24.78, 23.08, 45.41, 17.77, 22.21, 29.17, 26.08, 18.94, 25.41, 6.53, 22.44, 23.68, 90.82], [72.87, 15.03, 35.5, 16.25, 18.53, 0.0, 31.21, 28.71, 9.02, 37.16, 26.34, 17.13, 40.67, 19.48, 10.09, 8.84, 31.19, 16.89, 13.28, 42.37, 12.55, 17.0, 7.92, 14.5, 12.78, 10.95, 72.87], [44.59, 33.84, 57.63, 29.84, 49.73, 31.21, 0.0, 15.05, 39.84, 66.46, 27.36, 15.69, 30.89, 38.4, 27.6, 29.88, 24.78, 31.96, 35.2, 70.82, 28.14, 30.87, 25.49, 45.04, 34.42, 31.07, 44.59], [57.69, 30.08, 61.76, 19.67, 45.53, 28.71, 15.05, 0.0, 35.4, 65.87, 13.2, 12.41, 16.87, 42.85, 20.77, 31.74, 9.73, 29.01, 37.89, 71.05, 19.9, 27.41, 26.66, 39.65, 37.11, 33.72, 57.69], [81.89, 6.02, 35.04, 18.71, 10.18, 9.02, 39.84, 35.4, 0.0, 31.62, 29.95, 24.97, 44.84, 23.28, 14.74, 15.91, 35.83, 8.09, 17.65, 37.36, 16.27, 8.97, 16.7, 5.49, 17.52, 17.31, 81.89], [102.1, 36.01, 20.95, 50.32, 23.13, 37.16, 66.46, 65.87, 31.62, 0.0, 61.56, 54.11, 76.46, 31.19, 45.96, 36.6, 67.36, 36.87, 31.85, 6.12, 47.77, 38.5, 41.06, 29.57, 32.56, 35.65, 102.1], [70.88, 26.18, 61.79, 11.27, 39.23, 26.34, 27.36, 13.2, 29.95, 61.56, 0.0, 16.86, 14.92, 44.46, 16.29, 32.65, 6.69, 26.14, 38.58, 67.27, 14.04, 24.41, 28.09, 32.78, 37.9, 34.96, 70.88], [59.94, 19.14, 49.35, 14.85, 35.11, 17.13, 15.69, 12.41, 24.97, 54.11, 16.86, 0.0, 27.58, 30.53, 11.91, 19.33, 18.37, 17.63, 25.48, 59.09, 12.59, 16.24, 14.24, 29.89, 24.7, 21.32, 59.94], [68.84, 40.86, 75.76, 26.18, 54.12, 40.67, 30.89, 16.87, 44.84, 76.46, 14.92, 27.58, 0.0, 57.64, 30.84, 45.96, 9.56, 40.59, 52.09, 82.13, 28.78, 38.86, 41.05, 47.65, 51.36, 48.17, 68.84], [70.91, 21.55, 19.31, 35.44, 26.25, 19.48, 38.4, 42.85, 23.28, 31.19, 44.46, 30.53, 57.64, 0.0, 28.97, 11.8, 48.12, 20.17, 6.2, 34.17, 31.56, 21.57, 16.59, 27.18, 6.73, 9.51, 70.91], [71.68, 10.04, 45.59, 6.54, 24.78, 10.09, 27.6, 20.77, 14.74, 45.96, 16.29, 11.91, 30.84, 28.97, 0.0, 17.38, 21.5, 9.85, 22.87, 51.48, 18.65, 8.12, 13.72, 18.89, 22.26, 19.72, 71.68], [68.05, 11.79, 30.06, 23.92, 23.08, 8.84, 29.88, 31.74, 15.91, 36.6, 32.65, 19.33, 45.96, 11.8, 17.38, 0.0, 36.42, 9.79, 6.18, 40.97, 19.98, 10.74, 5.08, 21.11, 5.42, 10.43, 68.05], [66.58, 31.54, 66.2, 17.46, 45.41, 31.19, 24.78, 9.73, 35.83, 67.36, 6.69, 18.37, 9.56, 48.12, 21.5, 36.42, 0.0, 31.16, 42.54, 72.95, 19.59, 29.43, 31.54, 39.03, 41.81, 38.64, 66.58], [73.82, 14.1, 35.82, 15.82, 17.77, 16.89, 31.96, 29.01, 8.09, 36.87, 26.14, 17.63, 40.59, 20.17, 9.85, 9.79, 31.16, 0.0, 13.98, 42.16, 12.22, 17.06, 8.97, 13.54, 13.51, 11.84, 73.82], [71.05, 15.41, 23.88, 29.31, 22.21, 13.28, 35.2, 37.89, 17.65, 31.85, 38.58, 25.48, 52.09, 6.2, 22.87, 6.18, 42.54, 13.98, 0.0, 35.76, 25.45, 15.37, 11.25, 22.04, 11.6, 4.25, 71.05], [104.81, 41.46, 20.46, 56.06, 29.17, 42.37, 70.82, 71.05, 37.36, 6.12, 67.27, 59.09, 82.13, 34.17, 51.48, 40.97, 72.95, 42.16, 35.76, 0.0, 53.38, 43.83, 45.65, 35.57, 36.51, 39.78, 104.81], [72.53, 12.14, 48.03, 24.7, 26.08, 12.55, 28.14, 19.9, 16.27, 47.77, 14.04, 12.59, 28.78, 31.56, 18.65, 19.98, 19.59, 12.22, 25.45, 53.38, 0.0, 10.53, 16.25, 19.92, 24.84, 22.31, 72.53], [73.19, 14.99, 37.5, 14.18, 18.94, 17.0, 30.87, 27.41, 8.97, 38.5, 24.41, 16.24, 38.86, 21.57, 8.12, 10.74, 29.43, 17.06, 15.37, 43.83, 10.53, 0.0, 9.08, 14.29, 14.86, 12.92, 73.19], [65.45, 11.27, 35.13, 20.2, 25.41, 7.92, 25.49, 26.66, 16.7, 41.06, 28.09, 14.24, 41.05, 16.59, 13.72, 5.08, 31.54, 8.97, 11.25, 45.65, 16.25, 9.08, 0.0, 22.18, 10.47, 7.15, 65.45], [87.36, 11.39, 36.36, 21.58, 6.53, 14.5, 45.04, 39.65, 5.49, 29.57, 32.78, 29.89, 47.65, 27.18, 18.89, 21.11, 39.03, 13.54, 22.04, 35.57, 19.92, 14.29, 22.18, 0.0, 22.04, 22.31, 87.36], [70.47, 15.02, 24.66, 28.72, 22.44, 12.78, 34.42, 37.11, 17.52, 32.56, 37.9, 24.7, 51.36, 6.73, 22.26, 5.42, 41.81, 13.51, 11.6, 36.51, 24.84, 14.86, 10.47, 22.04, 0.0, 15.85, 70.47], [68.05, 13.71, 28.04, 26.25, 23.68, 10.95, 31.07, 33.72, 17.31, 35.65, 34.96, 21.32, 48.17, 9.51, 19.72, 10.43, 38.64, 11.84, 4.25, 39.78, 22.31, 12.92, 7.15, 22.31, 15.85, 0.0, 68.05], [89.18, 76.01, 86.5, 74.42, 90.82, 72.87, 44.59, 57.69, 81.89, 102.1, 70.88, 59.94, 68.84, 70.91, 71.68, 68.05, 66.58, 73.82, 71.05, 104.81, 72.53, 73.19, 65.45, 87.36, 70.47, 68.05, 0.0]], "end_depot": 26, "horizon": [0.0, 1878.51], "instance_name": "25_90_A_C4", "speed_zone_count": 3, "speed_zones": [[0.0, 626.17], [626.17, 1252.34], [1252.34, 1878.51]], "start_depot": 0, "vehicle_count": 25}