{"cluster_count": 3, "cluster_speeds": [[0.22, 0.44, 0.22], [0.294, 0.6, 0.294], [0.41085, 0.83, 0.41085]], "clusters": [[-1, 2, 2, 2, 2, 2, 2, 2, 2, 2, 2, 2, 2, 2, 2, 2, 2, 2, 2, 2, 2, 2, 2, 2, 2, 2, 2], [0, -1, 0, 0, 0, 0, 0, 0, 0, 0, 0, 0, 0, 0, 0, 0, 0, 0, 0, 0, 0, 0, 0, 0, 0, 0, 0], [1, 1, -1, 1, 1, 1, 1, 1, 1, 1, 1, 1, 1, 1, 1, 1, 1, 1, 1, 1, 1, 1, 1, 1, 1, 1, 1], [0, 0, 0, -1, 0, 0, 0, 0, 0, 0, 0, 0, 0, 0, 0, 0, 0, 0, 0, 0, 0, 0, 0, 0, 0, 0, 0], [0, 0, 0, 0, -1, 0, 0, 0, 0, 0, 0, 0, 0, 0, 0, 0, 0, 0, 0, 0, 0, 0, 0, 0, 0, 0, 0], [0, 0, 0, 0, 0, -1, 0, 0, 0, 0, 0, 0, 0, 0, 0, 0, 0, 0, 0, 0, 0, 0, 0, 0, 0, 0, 0], [0, 0, 0, 0, 0, 0, -1, 0, 0, 0, 0, 0, 0, 0, 0, 0, 0, 0, 0, 0, 0, 0, 0, 0, 0, 0, 0], [1, 1, 1, 1, 1, 1, 1, -1, 1, 1, 1, 1, 1, 1, 1, 1, 1, 1, 1, 1, 1, 1, 1, 1, 1, 1, 1], [0, 0, 0, 0, 0, 0, 0, 0, -1, 0, 0, 0, 0, 0, 0, 0, 0, 0, 0, 0, 0, 0, 0, 0, 0, 0, 0], [1, 1, 1, 1, 1, 1, 1, 1, 1, -1, 1, 1, 1, 1, 1, 1, 1, 1, 1, 1, 1, 1, 1, 1, 1, 1, 1], [0, 0, 0, 0, 0, 0, 0, 0, 0, 0, -1, 0, 0, 0, 0, 0, 0, 0, 0, 0, 0, 0, 0, 0, 0, 0, 0], [0, 0, 0, 0, 0, 0, 0, 0, 0, 0, 0, -1, 0, 0, 0, 0, 0, 0, 0, 0, 0, 0, 0, 0, 0, 0, 0], [0, 0, 0, 0, 0, 0, 0, 0, 0, 0, 0, 0, -1, 0, 0, 0, 0, 0, 0, 0, 0, 0, 0, 0, 0, 0, 0], [0, 0, 0, 0, 0, 0, 0, 0, 0, 0, 0, 0, 0, -1, 0, 0, 0, 0, 0, 0, 0, 0, 0, 0, 0, 0, 0], [1, 1, 1, 1, 1, 1, 1, 1, 1, 1, 1, 1, 1, 1, -1, 1, 1, 1, 1, 1, 1, 1, 1, 1, 1, 1, 1], [2, 2, 2, 2, 2, 2, 2, 2, 2, 2, 2, 2, 2, 2, 2, -1, 2, 2, 2, 2, 2, 2, 2, 2, 2, 2, 2], [1, 1, 1, 1, 1, 1, 1, 1, 1, 1, 1, 1, 1, 1, 1, 1, -1, 1, 1, 1, 1, 1, 1, 1, 1, 1, 1], [1, 1, 1, 1, 1, 1, 1, 1, 1, 1, 1, 1, 1, 1, 1, 1, 1, -1, 1, 1, 1, 1, 1, 1, 1, 1, 1], [0, 0, 0, 0, 0, 0, 0, 0, 0, 0, 0, 0, 0, 0, 0, 0, 0, 0, -1, 0, 0, 0, 0, 0, 0, 0, 0], [1, 1, 1, 1, 1, 1, 1, 1, 1, 1, 1, 1, 1, 1, 1, 1, 1, 1, 1, -1, 1, 1, 1, 1, 1, 1, 1], [0, 0, 0, 0, 0, 0, 0, 0, 0, 0, 0, 0, 0, 0, 0, 0, 0, 0, 0, 0, -1, 0, 0, 0, 0, 0, 0], [0, 0, 0, 0, 0, 0, 0, 0, 0, 0, 0, 0, 0, 0, 0, 0, 0, 0, 0, 0, 0, -1, 0, 0, 0, 0, 0], [0, 0, 0, 0, 0, 0, 0, 0, 0, 0, 0, 0, 0, 0, 0, 0, 0, 0, 0, 0, 0, 0, -1, 0, 0, 0, 0], [0, 0, 0, 0, 0, 0, 0, 0, 0, 0, 0, 0, 0, 0, 0, 0, 0, 0, 0, 0, 0, 0, 0, -1, 0, 0, 0], [1, 1, 1, 1, 1, 1, 1, 1, 1, 1, 1, 1, 1, 1, 1, 1, 1, 1, 1, 1, 1, 1, 1, 1, -1, 1, 1], [0, 0, 0, 0, 0, 0, 0, 0, 0, 0, 0, 0, 0, 0, 0, 0, 0, 0, 0, 0, 0, 0, 0, 0, 0, -1, 0], [2, 2, 2, 2, 2, 2, 2, 2, 2, 2, 2, 2, 2, 2, 2, 2, 2, 2, 2, 2, 2, 2, 2, 2, 2, 2, -1]], "dataset_name": "cordeau_et_al_2014", "digraph": {"arc_count": 650, "arcs": [[0, 1, 1, 1, 1, 1, 1, 1, 1, 1, 1, 1, 1, 1, 1, 1, 1, 1, 1, 1, 1, 1, 1, 1, 1, 1, 0], [0, 0, 1, 1, 1, 1, 1, 1, 1, 1, 1, 1, 1, 1, 1, 1, 1, 1, 1, 1, 1, 1, 1, 1, 1, 1, 1], [0, 1, 0, 1, 1, 1, 1, 1, 1, 1, 1, 1, 1, 1, 1, 1, 1, 1, 1, 1, 1, 1, 1, 1, 1, 1, 1], [0, 1, 1, 0, 1, 1, 1, 1, 1, 1, 1, 1, 1, 1, 1, 1, 1, 1, 1, 1, 1, 1, 1, 1, 1, 1, 1], [0, 1, 1, 1, 0, 1, 1, 1, 1, 1, 1, 1, 1, 1, 1, 1, 1, 1, 1, 1, 1, 1, 1, 1, 1, 1, 1], [0, 1, 1, 1, 1, 0, 1, 1, 1, 1, 1, 1, 1, 1, 1, 1, 1, 1, 1, 1, 1, 1, 1, 1, 1, 1, 1], [0, 1, 1, 1, 1, 1, 0, 1, 1, 1, 1, 1, 1, 1, 1, 1, 1, 1, 1, 1, 1, 1, 1, 1, 1, 1, 1], [0, 1, 1, 1, 1, 1, 1, 0, 1, 1, 1, 1, 1, 1, 1, 1, 1, 1, 1, 1, 1, 1, 1, 1, 1, 1, 1], [0, 1, 1, 1, 1, 1, 1, 1, 0, 1, 1, 1, 1, 1, 1, 1, 1, 1, 1, 1, 1, 1, 1, 1, 1, 1, 1], [0, 1, 1, 1, 1, 1, 1, 1, 1, 0, 1, 1, 1, 1, 1, 1, 1, 1, 1, 1, 1, 1, 1, 1, 1, 1, 1], [0, 1, 1, 1, 1, 1, 1, 1, 1, 1, 0, 1, 1, 1, 1, 1, 1, 1, 1, 1, 1, 1, 1, 1, 1, 1, 1], [0, 1, 1, 1, 1, 1, 1, 1, 1, 1, 1, 0, 1, 1, 1, 1, 1, 1, 1, 1, 1, 1, 1, 1, 1, 1, 1], [0, 1, 1, 1, 1, 1, 1, 1, 1, 1, 1, 1, 0, 1, 1, 1, 1, 1, 1, 1, 1, 1, 1, 1, 1, 1, 1], [0, 1, 1, 1, 1, 1, 1, 1, 1, 1, 1, 1, 1, 0, 1, 1, 1, 1, 1, 1, 1, 1, 1, 1, 1, 1, 1], [0, 1, 1, 1, 1, 1, 1, 1, 1, 1, 1, 1, 1, 1, 0, 1, 1, 1, 1, 1, 1, 1, 1, 1, 1, 1, 1], [0, 1, 1, 1, 1, 1, 1, 1, 1, 1, 1, 1, 1, 1, 1, 0, 1, 1, 1, 1, 1, 1, 1, 1, 1, 1, 1], [0, 1, 1, 1, 1, 1, 1, 1, 1, 1, 1, 1, 1, 1, 1, 1, 0, 1, 1, 1, 1, 1, 1, 1, 1, 1, 1], [0, 1, 1, 1, 1, 1, 1, 1, 1, 1, 1, 1, 1, 1, 1, 1, 1, 0, 1, 1, 1, 1, 1, 1, 1, 1, 1], [0, 1, 1, 1, 1, 1, 1, 1, 1, 1, 1, 1, 1, 1, 1, 1, 1, 1, 0, 1, 1, 1, 1, 1, 1, 1, 1], [0, 1, 1, 1, 1, 1, 1, 1, 1, 1, 1, 1, 1, 1, 1, 1, 1, 1, 1, 0, 1, 1, 1, 1, 1, 1, 1], [0, 1, 1, 1, 1, 1, 1, 1, 1, 1, 1, 1, 1, 1, 1, 1, 1, 1, 1, 1, 0, 1, 1, 1, 1, 1, 1], [0, 1, 1, 1, 1, 1, 1, 1, 1, 1, 1, 1, 1, 1, 1, 1, 1, 1, 1, 1, 1, 0, 1, 1, 1, 1, 1], [0, 1, 1, 1, 1, 1, 1, 1, 1, 1, 1, 1, 1, 1, 1, 1, 1, 1, 1, 1, 1, 1, 0, 1, 1, 1, 1], [0, 1, 1, 1, 1, 1, 1, 1, 1, 1, 1, 1, 1, 1, 1, 1, 1, 1, 1, 1, 1, 1, 1, 0, 1, 1, 1], [0, 1, 1, 1, 1, 1, 1, 1, 1, 1, 1, 1, 1, 1, 1, 1, 1, 1, 1, 1, 1, 1, 1, 1, 0, 1, 1], [0, 1, 1, 1, 1, 1, 1, 1, 1, 1, 1, 1, 1, 1, 1, 1, 1, 1, 1, 1, 1, 1, 1, 1, 1, 0, 1], [0, 0, 0, 0, 0, 0, 0, 0, 0, 0, 0, 0, 0, 0, 0, 0, 0, 0, 0, 0, 0, 0, 0, 0, 0, 0, 0]], "vertex_count": 27}, "distances": [[0.0, 61.63, 46.37, 85.07, 78.67, 72.05, 64.64, 54.03, 77.03, 89.92, 67.83, 68.94, 68.91, 63.1, 62.71, 68.39, 62.1, 89.33, 62.36, 57.71, 74.81, 75.16, 80.56, 72.51, 60.6, 73.62, 92.73], [61.63, 0.0, 15.36, 23.44, 21.43, 10.45, 6.05, 7.74, 15.4, 28.5, 11.44, 11.6, 17.08, 5.8, 10.9, 26.23, 11.23, 28.03, 5.12, 7.49, 14.93, 20.42, 18.94, 17.0, 12.11, 15.47, 61.63], [46.37, 15.36, 0.0, 38.77, 34.87, 25.81, 19.31, 8.15, 30.73, 43.84, 23.71, 23.37, 27.15, 17.04, 18.09, 29.93, 17.69, 43.34, 17.1, 12.01, 28.77, 32.5, 34.23, 29.25, 16.76, 28.06, 46.37], [85.07, 23.44, 38.77, 0.0, 16.31, 13.04, 21.27, 31.08, 8.04, 6.14, 20.47, 19.44, 24.12, 23.01, 25.86, 34.35, 26.61, 6.38, 23.42, 28.43, 13.33, 20.29, 4.6, 19.64, 28.4, 16.41, 85.07], [78.67, 21.43, 34.87, 16.31, 0.0, 14.69, 15.86, 26.81, 14.54, 16.31, 11.19, 25.76, 10.45, 24.91, 29.88, 43.18, 30.52, 15.19, 17.9, 28.79, 22.53, 4.58, 15.56, 6.2, 31.99, 25.67, 78.67], [72.05, 10.45, 25.81, 13.04, 14.69, 0.0, 8.84, 18.04, 5.06, 18.08, 10.41, 11.07, 16.14, 11.31, 15.66, 28.5, 16.35, 17.66, 10.75, 16.28, 8.94, 15.93, 8.65, 13.24, 17.99, 11.59, 72.05], [64.64, 6.05, 19.31, 21.27, 15.86, 8.84, 0.0, 11.16, 13.68, 25.44, 5.38, 15.37, 11.15, 11.15, 16.49, 31.58, 16.93, 24.77, 11.18, 13.52, 16.47, 14.44, 17.21, 11.01, 17.99, 18.12, 64.64], [54.03, 7.74, 8.15, 31.08, 26.81, 18.04, 11.16, 0.0, 23.06, 35.93, 15.71, 17.93, 19.73, 11.29, 14.49, 29.02, 14.42, 35.38, 8.96, 8.24, 22.33, 24.68, 26.62, 21.34, 14.32, 22.34, 54.03], [77.03, 15.4, 30.73, 8.04, 14.54, 5.06, 13.68, 23.06, 0.0, 13.43, 14.09, 12.98, 19.03, 15.31, 18.82, 29.69, 19.56, 13.17, 15.71, 20.62, 8.23, 17.13, 12.64, 15.22, 21.31, 11.53, 77.03], [89.92, 28.5, 43.84, 6.14, 16.31, 18.08, 25.44, 35.93, 13.43, 0.0, 23.49, 25.52, 25.84, 28.72, 31.86, 40.39, 32.61, 12.51, 27.69, 34.05, 19.46, 20.82, 10.42, 21.18, 34.39, 22.54, 89.92], [67.83, 11.44, 23.71, 20.47, 11.19, 10.41, 5.38, 15.71, 14.09, 23.49, 0.0, 19.59, 6.17, 16.28, 21.62, 36.45, 22.11, 22.63, 6.99, 18.9, 19.22, 9.14, 17.18, 5.72, 23.26, 21.5, 67.83], [68.94, 11.6, 23.37, 19.44, 25.76, 11.07, 15.37, 17.93, 12.98, 25.52, 19.59, 0.0, 25.76, 6.65, 6.67, 17.44, 7.41, 25.53, 15.84, 11.4, 6.39, 26.76, 15.17, 23.78, 9.18, 4.71, 68.94], [68.91, 17.08, 27.15, 24.12, 10.45, 16.14, 11.15, 19.73, 19.03, 25.84, 6.17, 25.76, 0.0, 22.28, 27.62, 42.58, 28.07, 24.81, 12.13, 24.36, 25.07, 6.32, 21.62, 4.66, 29.13, 27.52, 68.91], [63.1, 5.8, 17.04, 23.01, 24.91, 11.31, 11.15, 11.29, 15.31, 28.72, 16.28, 6.65, 22.28, 0.0, 5.34, 20.52, 5.83, 28.48, 10.79, 5.49, 11.75, 24.75, 18.43, 21.44, 7.12, 11.18, 63.1], [62.71, 10.9, 18.09, 25.86, 29.88, 15.66, 16.49, 14.49, 18.82, 31.86, 21.62, 6.67, 27.62, 5.34, 0.0, 15.35, 11.17, 31.78, 16.0, 6.45, 13.05, 29.98, 21.44, 26.7, 12.46, 11.1, 62.71], [68.39, 26.23, 29.93, 34.35, 43.18, 28.5, 31.58, 29.02, 29.69, 40.39, 36.45, 17.44, 42.58, 20.52, 15.35, 0.0, 15.11, 40.73, 31.3, 20.84, 21.62, 44.14, 30.93, 41.07, 14.76, 18.29, 68.39], [62.1, 11.23, 17.69, 26.61, 30.52, 16.35, 16.93, 14.42, 19.56, 32.61, 22.11, 7.41, 28.07, 5.83, 11.17, 15.11, 0.0, 32.53, 16.35, 6.26, 13.79, 30.55, 22.2, 27.25, 12.36, 11.79, 62.1], [89.33, 28.03, 43.34, 6.38, 15.19, 17.66, 24.77, 35.38, 13.17, 12.51, 22.63, 25.53, 24.81, 28.48, 31.78, 40.73, 32.53, 0.0, 27.03, 33.76, 19.59, 19.71, 10.37, 20.15, 34.31, 22.74, 89.33], [62.36, 5.12, 17.1, 23.42, 17.9, 10.75, 11.18, 8.96, 15.71, 27.69, 6.99, 15.84, 12.13, 10.79, 16.0, 31.3, 16.35, 27.03, 0.0, 12.23, 17.74, 16.13, 19.27, 12.72, 17.22, 19.05, 62.36], [57.71, 7.49, 12.01, 28.43, 28.79, 16.28, 13.52, 8.24, 20.62, 34.05, 18.9, 11.4, 24.36, 5.49, 6.45, 20.84, 6.26, 33.76, 12.23, 0.0, 17.11, 27.91, 23.84, 24.49, 6.1, 16.11, 57.71], [74.81, 14.93, 28.77, 13.33, 22.53, 8.94, 16.47, 22.33, 8.23, 19.46, 19.22, 6.39, 25.07, 11.75, 13.05, 21.62, 13.79, 19.59, 17.74, 17.11, 0.0, 24.53, 9.41, 22.07, 15.57, 11.1, 74.81], [75.16, 20.42, 32.5, 20.29, 4.58, 15.93, 14.44, 24.68, 17.13, 20.82, 9.14, 26.76, 6.32, 24.75, 29.98, 44.14, 30.55, 19.71, 16.13, 27.91, 24.53, 0.0, 18.85, 10.78, 31.86, 27.45, 75.16], [80.56, 18.94, 34.23, 4.6, 15.56, 8.65, 17.21, 26.62, 12.64, 10.42, 17.18, 15.17, 21.62, 18.43, 21.44, 30.93, 22.2, 10.37, 19.27, 23.84, 9.41, 18.85, 0.0, 17.47, 23.98, 12.68, 80.56], [72.51, 17.0, 29.25, 19.64, 6.2, 13.24, 11.01, 21.34, 15.22, 21.18, 5.72, 23.78, 4.66, 21.44, 26.7, 41.07, 27.25, 20.15, 12.72, 24.49, 22.07, 10.78, 17.47, 0.0, 28.53, 24.83, 72.51], [60.6, 12.11, 16.76, 28.4, 31.99, 17.99, 17.99, 14.32, 21.31, 34.39, 23.26, 9.18, 29.13, 7.12, 12.46, 14.76, 12.36, 34.31, 17.22, 6.1, 15.57, 31.86, 23.98, 28.53, 0.0, 13.49, 60.6], [73.62, 15.47, 28.06, 16.41, 25.67, 11.59, 18.12, 22.34, 11.53, 22.54, 21.5, 4.71, 27.52, 11.18, 11.1, 18.29, 11.79, 22.74, 19.05, 16.11, 11.1, 27.45, 12.68, 24.83, 13.49, 0.0, 73.62], [92.73, 61.63, 46.37, 85.07, 78.67, 72.05, 64.64, 54.03, 77.03, 89.92, 67.83, 68.94, 68.91, 63.1, 62.71, 68.39, 62.1, 89.33, 62.36, 57.71, 74.81, 75.16, 80.56, 72.51, 60.6, 73.62, 0.0]], "end_depot": 26, "horizon": [0.0, 1533.12], "instance_name": "25_98_A_C3", "speed_zone_count": 3, "speed_zones": [[0.0, 511.04], [511.04, 1022.08], [1022.08, 1533.12]], "start_depot": 0, "vehicle_count": 25}