{"cluster_count": 3, "cluster_speeds": [[0.198, 0.44, 0.198], [0.285, 0.6, 0.285], [0.415, 0.83, 0.415]], "clusters": [[-1, 2, 2, 2, 2, 2, 2, 2, 2, 2, 2, 2, 2, 2, 2, 2, 2, 2, 2, 2, 2, 2, 2, 2, 2, 2, 2], [0, -1, 0, 0, 0, 0, 0, 0, 0, 0, 0, 0, 0, 0, 0, 0, 0, 0, 0, 0, 0, 0, 0, 0, 0, 0, 0], [0, 0, -1, 0, 0, 0, 0, 0, 0, 0, 0, 0, 0, 0, 0, 0, 0, 0, 0, 0, 0, 0, 0, 0, 0, 0, 0], [1, 1, 1, -1, 1, 1, 1, 1, 1, 1, 1, 1, 1, 1, 1, 1, 1, 1, 1, 1, 1, 1, 1, 1, 1, 1, 1], [0, 0, 0, 0, -1, 0, 0, 0, 0, 0, 0, 0, 0, 0, 0, 0, 0, 0, 0, 0, 0, 0, 0, 0, 0, 0, 0], [0, 0, 0, 0, 0, -1, 0, 0, 0, 0, 0, 0, 0, 0, 0, 0, 0, 0, 0, 0, 0, 0, 0, 0, 0, 0, 0], [0, 0, 0, 0, 0, 0, -1, 0, 0, 0, 0, 0, 0, 0, 0, 0, 0, 0, 0, 0, 0, 0, 0, 0, 0, 0, 0], [0, 0, 0, 0, 0, 0, 0, -1, 0, 0, 0, 0, 0, 0, 0, 0, 0, 0, 0, 0, 0, 0, 0, 0, 0, 0, 0], [0, 0, 0, 0, 0, 0, 0, 0, -1, 0, 0, 0, 0, 0, 0, 0, 0, 0, 0, 0, 0, 0, 0, 0, 0, 0, 0], [0, 0, 0, 0, 0, 0, 0, 0, 0, -1, 0, 0, 0, 0, 0, 0, 0, 0, 0, 0, 0, 0, 0, 0, 0, 0, 0], [0, 0, 0, 0, 0, 0, 0, 0, 0, 0, -1, 0, 0, 0, 0, 0, 0, 0, 0, 0, 0, 0, 0, 0, 0, 0, 0], [0, 0, 0, 0, 0, 0, 0, 0, 0, 0, 0, -1, 0, 0, 0, 0, 0, 0, 0, 0, 0, 0, 0, 0, 0, 0, 0], [1, 1, 1, 1, 1, 1, 1, 1, 1, 1, 1, 1, -1, 1, 1, 1, 1, 1, 1, 1, 1, 1, 1, 1, 1, 1, 1], [0, 0, 0, 0, 0, 0, 0, 0, 0, 0, 0, 0, 0, -1, 0, 0, 0, 0, 0, 0, 0, 0, 0, 0, 0, 0, 0], [0, 0, 0, 0, 0, 0, 0, 0, 0, 0, 0, 0, 0, 0, -1, 0, 0, 0, 0, 0, 0, 0, 0, 0, 0, 0, 0], [0, 0, 0, 0, 0, 0, 0, 0, 0, 0, 0, 0, 0, 0, 0, -1, 0, 0, 0, 0, 0, 0, 0, 0, 0, 0, 0], [0, 0, 0, 0, 0, 0, 0, 0, 0, 0, 0, 0, 0, 0, 0, 0, -1, 0, 0, 0, 0, 0, 0, 0, 0, 0, 0], [0, 0, 0, 0, 0, 0, 0, 0, 0, 0, 0, 0, 0, 0, 0, 0, 0, -1, 0, 0, 0, 0, 0, 0, 0, 0, 0], [0, 0, 0, 0, 0, 0, 0, 0, 0, 0, 0, 0, 0, 0, 0, 0, 0, 0, -1, 0, 0, 0, 0, 0, 0, 0, 0], [0, 0, 0, 0, 0, 0, 0, 0, 0, 0, 0, 0, 0, 0, 0, 0, 0, 0, 0, -1, 0, 0, 0, 0, 0, 0, 0], [0, 0, 0, 0, 0, 0, 0, 0, 0, 0, 0, 0, 0, 0, 0, 0, 0, 0, 0, 0, -1, 0, 0, 0, 0, 0, 0], [0, 0, 0, 0, 0, 0, 0, 0, 0, 0, 0, 0, 0, 0, 0, 0, 0, 0, 0, 0, 0, -1, 0, 0, 0, 0, 0], [0, 0, 0, 0, 0, 0, 0, 0, 0, 0, 0, 0, 0, 0, 0, 0, 0, 0, 0, 0, 0, 0, -1, 0, 0, 0, 0], [0, 0, 0, 0, 0, 0, 0, 0, 0, 0, 0, 0, 0, 0, 0, 0, 0, 0, 0, 0, 0, 0, 0, -1, 0, 0, 0], [0, 0, 0, 0, 0, 0, 0, 0, 0, 0, 0, 0, 0, 0, 0, 0, 0, 0, 0, 0, 0, 0, 0, 0, -1, 0, 0], [0, 0, 0, 0, 0, 0, 0, 0, 0, 0, 0, 0, 0, 0, 0, 0, 0, 0, 0, 0, 0, 0, 0, 0, 0, -1, 0], [2, 2, 2, 2, 2, 2, 2, 2, 2, 2, 2, 2, 2, 2, 2, 2, 2, 2, 2, 2, 2, 2, 2, 2, 2, 2, -1]], "dataset_name": "cordeau_et_al_2014", "digraph": {"arc_count": 650, "arcs": [[0, 1, 1, 1, 1, 1, 1, 1, 1, 1, 1, 1, 1, 1, 1, 1, 1, 1, 1, 1, 1, 1, 1, 1, 1, 1, 0], [0, 0, 1, 1, 1, 1, 1, 1, 1, 1, 1, 1, 1, 1, 1, 1, 1, 1, 1, 1, 1, 1, 1, 1, 1, 1, 1], [0, 1, 0, 1, 1, 1, 1, 1, 1, 1, 1, 1, 1, 1, 1, 1, 1, 1, 1, 1, 1, 1, 1, 1, 1, 1, 1], [0, 1, 1, 0, 1, 1, 1, 1, 1, 1, 1, 1, 1, 1, 1, 1, 1, 1, 1, 1, 1, 1, 1, 1, 1, 1, 1], [0, 1, 1, 1, 0, 1, 1, 1, 1, 1, 1, 1, 1, 1, 1, 1, 1, 1, 1, 1, 1, 1, 1, 1, 1, 1, 1], [0, 1, 1, 1, 1, 0, 1, 1, 1, 1, 1, 1, 1, 1, 1, 1, 1, 1, 1, 1, 1, 1, 1, 1, 1, 1, 1], [0, 1, 1, 1, 1, 1, 0, 1, 1, 1, 1, 1, 1, 1, 1, 1, 1, 1, 1, 1, 1, 1, 1, 1, 1, 1, 1], [0, 1, 1, 1, 1, 1, 1, 0, 1, 1, 1, 1, 1, 1, 1, 1, 1, 1, 1, 1, 1, 1, 1, 1, 1, 1, 1], [0, 1, 1, 1, 1, 1, 1, 1, 0, 1, 1, 1, 1, 1, 1, 1, 1, 1, 1, 1, 1, 1, 1, 1, 1, 1, 1], [0, 1, 1, 1, 1, 1, 1, 1, 1, 0, 1, 1, 1, 1, 1, 1, 1, 1, 1, 1, 1, 1, 1, 1, 1, 1, 1], [0, 1, 1, 1, 1, 1, 1, 1, 1, 1, 0, 1, 1, 1, 1, 1, 1, 1, 1, 1, 1, 1, 1, 1, 1, 1, 1], [0, 1, 1, 1, 1, 1, 1, 1, 1, 1, 1, 0, 1, 1, 1, 1, 1, 1, 1, 1, 1, 1, 1, 1, 1, 1, 1], [0, 1, 1, 1, 1, 1, 1, 1, 1, 1, 1, 1, 0, 1, 1, 1, 1, 1, 1, 1, 1, 1, 1, 1, 1, 1, 1], [0, 1, 1, 1, 1, 1, 1, 1, 1, 1, 1, 1, 1, 0, 1, 1, 1, 1, 1, 1, 1, 1, 1, 1, 1, 1, 1], [0, 1, 1, 1, 1, 1, 1, 1, 1, 1, 1, 1, 1, 1, 0, 1, 1, 1, 1, 1, 1, 1, 1, 1, 1, 1, 1], [0, 1, 1, 1, 1, 1, 1, 1, 1, 1, 1, 1, 1, 1, 1, 0, 1, 1, 1, 1, 1, 1, 1, 1, 1, 1, 1], [0, 1, 1, 1, 1, 1, 1, 1, 1, 1, 1, 1, 1, 1, 1, 1, 0, 1, 1, 1, 1, 1, 1, 1, 1, 1, 1], [0, 1, 1, 1, 1, 1, 1, 1, 1, 1, 1, 1, 1, 1, 1, 1, 1, 0, 1, 1, 1, 1, 1, 1, 1, 1, 1], [0, 1, 1, 1, 1, 1, 1, 1, 1, 1, 1, 1, 1, 1, 1, 1, 1, 1, 0, 1, 1, 1, 1, 1, 1, 1, 1], [0, 1, 1, 1, 1, 1, 1, 1, 1, 1, 1, 1, 1, 1, 1, 1, 1, 1, 1, 0, 1, 1, 1, 1, 1, 1, 1], [0, 1, 1, 1, 1, 1, 1, 1, 1, 1, 1, 1, 1, 1, 1, 1, 1, 1, 1, 1, 0, 1, 1, 1, 1, 1, 1], [0, 1, 1, 1, 1, 1, 1, 1, 1, 1, 1, 1, 1, 1, 1, 1, 1, 1, 1, 1, 1, 0, 1, 1, 1, 1, 1], [0, 1, 1, 1, 1, 1, 1, 1, 1, 1, 1, 1, 1, 1, 1, 1, 1, 1, 1, 1, 1, 1, 0, 1, 1, 1, 1], [0, 1, 1, 1, 1, 1, 1, 1, 1, 1, 1, 1, 1, 1, 1, 1, 1, 1, 1, 1, 1, 1, 1, 0, 1, 1, 1], [0, 1, 1, 1, 1, 1, 1, 1, 1, 1, 1, 1, 1, 1, 1, 1, 1, 1, 1, 1, 1, 1, 1, 1, 0, 1, 1], [0, 1, 1, 1, 1, 1, 1, 1, 1, 1, 1, 1, 1, 1, 1, 1, 1, 1, 1, 1, 1, 1, 1, 1, 1, 0, 1], [0, 0, 0, 0, 0, 0, 0, 0, 0, 0, 0, 0, 0, 0, 0, 0, 0, 0, 0, 0, 0, 0, 0, 0, 0, 0, 0]], "vertex_count": 27}, "distances": [[0.0, 79.08, 70.6, 81.68, 71.24, 70.01, 72.37, 72.45, 63.14, 71.02, 60.64, 76.46, 85.99, 76.03, 60.28, 77.17, 60.0, 69.17, 67.84, 59.58, 69.92, 77.73, 80.32, 59.57, 82.27, 64.0, 119.14], [79.08, 0.0, 9.27, 12.1, 15.83, 9.39, 11.43, 8.37, 17.57, 8.19, 18.71, 5.62, 7.29, 6.42, 19.33, 5.43, 20.71, 9.91, 17.35, 22.97, 13.99, 5.55, 5.04, 19.7, 11.21, 15.27, 79.08], [70.6, 9.27, 0.0, 18.61, 9.48, 5.87, 5.46, 11.39, 8.31, 12.06, 9.97, 10.23, 16.55, 5.68, 10.37, 6.66, 11.46, 12.33, 9.44, 13.76, 6.51, 11.33, 9.76, 11.05, 11.76, 6.69, 70.6], [81.68, 12.1, 18.61, 0.0, 27.19, 14.51, 22.66, 18.89, 25.88, 16.56, 25.03, 8.39, 10.87, 18.21, 26.07, 17.41, 28.47, 16.7, 27.96, 31.57, 24.77, 7.39, 16.91, 25.67, 14.6, 21.99, 81.68], [71.24, 15.83, 9.48, 27.19, 0.0, 15.31, 4.53, 8.41, 9.66, 11.66, 13.95, 18.96, 22.14, 9.44, 13.42, 10.59, 12.05, 13.03, 10.63, 11.67, 14.31, 19.81, 12.95, 14.95, 16.04, 12.42, 71.24], [70.01, 9.39, 5.87, 14.51, 15.31, 0.0, 11.3, 7.56, 11.46, 14.59, 10.68, 6.84, 15.98, 9.79, 11.64, 10.15, 13.96, 13.15, 14.86, 17.11, 12.25, 8.15, 12.5, 11.46, 13.18, 7.5, 70.01], [72.37, 11.43, 5.46, 22.66, 4.53, 11.3, 0.0, 11.16, 9.3, 7.5, 12.79, 14.44, 18.05, 5.19, 12.66, 6.43, 12.37, 9.22, 6.1, 13.28, 11.98, 15.29, 9.22, 13.89, 12.15, 10.31, 72.37], [72.45, 8.37, 11.39, 18.89, 8.41, 7.56, 11.16, 0.0, 9.64, 11.74, 11.9, 10.58, 15.5, 12.28, 12.17, 4.72, 12.87, 5.79, 9.17, 14.75, 5.89, 11.5, 7.89, 13.0, 10.22, 8.75, 72.45], [63.14, 17.57, 8.31, 25.88, 9.66, 11.46, 9.3, 9.64, 0.0, 9.73, 4.45, 17.75, 24.85, 13.08, 8.79, 14.3, 8.81, 9.18, 6.83, 5.69, 7.22, 18.99, 17.46, 5.34, 19.85, 4.59, 63.14], [71.02, 8.19, 12.06, 16.56, 11.66, 14.59, 7.5, 11.74, 9.73, 0.0, 10.52, 8.22, 15.42, 6.37, 11.15, 7.02, 12.73, 12.73, 11.62, 15.36, 8.72, 9.38, 9.83, 11.52, 11.29, 7.09, 71.02], [60.64, 18.71, 9.97, 25.03, 13.95, 10.68, 12.79, 11.9, 4.45, 10.52, 0.0, 17.5, 25.9, 15.51, 13.24, 16.58, 4.37, 9.03, 11.27, 7.99, 11.22, 18.81, 19.72, 8.99, 21.66, 9.04, 60.64], [76.46, 5.62, 10.23, 8.39, 18.96, 6.84, 14.44, 10.58, 17.75, 8.22, 17.5, 0.0, 9.97, 10.44, 18.41, 9.94, 20.52, 8.66, 19.58, 23.43, 16.43, 11.18, 10.55, 18.29, 9.52, 14.22, 76.46], [85.99, 7.29, 16.55, 10.87, 22.14, 15.98, 18.05, 15.5, 24.85, 15.42, 25.9, 9.97, 0.0, 12.87, 26.57, 11.63, 28.0, 16.96, 24.14, 30.21, 20.79, 8.91, 9.33, 26.86, 6.21, 22.47, 85.99], [76.03, 6.42, 5.68, 18.21, 9.44, 9.79, 5.19, 12.28, 13.08, 6.37, 15.51, 10.44, 12.87, 0.0, 15.76, 11.62, 16.31, 8.66, 11.27, 17.89, 7.94, 11.01, 4.39, 16.61, 7.06, 12.34, 76.03], [60.28, 19.33, 10.37, 26.07, 13.42, 11.64, 12.66, 12.17, 8.79, 11.15, 13.24, 18.41, 26.57, 15.76, 0.0, 16.89, 10.72, 9.84, 10.56, 6.75, 10.86, 19.71, 20.05, 8.64, 22.12, 4.2, 60.28], [77.17, 5.43, 6.66, 17.41, 10.59, 10.15, 6.43, 4.72, 14.3, 7.02, 16.58, 9.94, 11.63, 11.62, 16.89, 0.0, 17.53, 9.3, 12.53, 19.16, 9.21, 10.37, 10.47, 17.68, 5.78, 13.35, 77.17], [60.0, 20.71, 11.46, 28.47, 12.05, 13.96, 12.37, 12.87, 8.81, 12.73, 4.37, 20.52, 28.0, 16.31, 10.72, 17.53, 0.0, 11.87, 8.82, 12.35, 10.05, 21.8, 20.69, 4.63, 23.08, 6.52, 60.0], [69.17, 9.91, 12.33, 16.7, 13.03, 13.15, 9.22, 5.79, 9.18, 12.73, 9.03, 8.66, 16.96, 8.66, 9.84, 9.3, 11.87, 0.0, 12.43, 14.87, 9.91, 9.94, 12.05, 9.94, 13.31, 5.64, 69.17], [67.84, 17.35, 9.44, 27.96, 10.63, 14.86, 6.1, 9.17, 6.83, 11.62, 11.27, 19.58, 24.14, 11.27, 10.56, 12.53, 8.82, 12.43, 0.0, 8.26, 14.04, 20.6, 15.28, 12.17, 18.25, 10.4, 67.84], [59.58, 22.97, 13.76, 31.57, 11.67, 17.11, 13.28, 14.75, 5.69, 15.36, 7.99, 23.43, 30.21, 17.89, 6.75, 19.16, 12.35, 14.87, 8.26, 0.0, 10.58, 24.67, 22.24, 8.17, 24.89, 9.89, 59.58], [69.92, 13.99, 6.51, 24.77, 14.31, 12.25, 11.98, 5.89, 7.22, 8.72, 11.22, 16.43, 20.79, 7.94, 10.86, 9.21, 10.05, 9.91, 14.04, 10.58, 0.0, 17.39, 12.05, 12.27, 14.96, 9.36, 69.92], [77.73, 5.55, 11.33, 7.39, 19.81, 8.15, 15.29, 11.5, 18.99, 9.38, 18.81, 11.18, 8.91, 11.01, 19.71, 10.37, 21.8, 9.94, 20.6, 24.67, 17.39, 0.0, 10.59, 19.61, 9.18, 15.52, 77.73], [80.32, 5.04, 9.76, 16.91, 12.95, 12.5, 9.22, 7.89, 17.46, 9.83, 19.72, 10.55, 9.33, 4.39, 20.05, 10.47, 20.69, 12.05, 15.28, 22.24, 12.05, 10.59, 0.0, 20.81, 11.45, 16.45, 80.32], [59.57, 19.7, 11.05, 25.67, 14.95, 11.46, 13.89, 13.0, 5.34, 11.52, 8.99, 18.29, 26.86, 16.61, 8.64, 17.68, 4.63, 9.94, 12.17, 8.17, 12.27, 19.61, 20.81, 0.0, 22.71, 4.44, 59.57], [82.27, 11.21, 11.76, 14.6, 16.04, 13.18, 12.15, 10.22, 19.85, 11.29, 21.66, 9.52, 6.21, 7.06, 22.12, 5.78, 23.08, 13.31, 18.25, 24.89, 14.96, 9.18, 11.45, 22.71, 0.0, 18.27, 82.27], [64.0, 15.27, 6.69, 21.99, 12.42, 7.5, 10.31, 8.75, 4.59, 7.09, 9.04, 14.22, 22.47, 12.34, 4.2, 13.35, 6.52, 5.64, 10.4, 9.89, 9.36, 15.52, 16.45, 4.44, 18.27, 0.0, 64.0], [119.14, 79.08, 70.6, 81.68, 71.24, 70.01, 72.37, 72.45, 63.14, 71.02, 60.64, 76.46, 85.99, 76.03, 60.28, 77.17, 60.0, 69.17, 67.84, 59.58, 69.92, 77.73, 80.32, 59.57, 82.27, 64.0, 0.0]], "end_depot": 26, "horizon": [0.0, 1419.84], "instance_name": "25_90_B_A5", "speed_zone_count": 3, "speed_zones": [[0.0, 473.28], [473.28, 946.56], [946.56, 1419.84]], "start_depot": 0, "vehicle_count": 25}