{"cluster_count": 3, "cluster_speeds": [[0.22, 0.44, 0.22], [0.285, 0.6, 0.285], [0.40255, 0.83, 0.40255]], "clusters": [[-1, 2, 2, 2, 2, 2, 2, 2, 2, 2, 2, 2, 2, 2, 2, 2, 2, 2, 2, 2, 2, 2, 2, 2, 2, 2, 2], [0, -1, 0, 0, 0, 0, 0, 0, 0, 0, 0, 0, 0, 0, 0, 0, 0, 0, 0, 0, 0, 0, 0, 0, 0, 0, 0], [0, 0, -1, 0, 0, 0, 0, 0, 0, 0, 0, 0, 0, 0, 0, 0, 0, 0, 0, 0, 0, 0, 0, 0, 0, 0, 0], [0, 0, 0, -1, 0, 0, 0, 0, 0, 0, 0, 0, 0, 0, 0, 0, 0, 0, 0, 0, 0, 0, 0, 0, 0, 0, 0], [0, 0, 0, 0, -1, 0, 0, 0, 0, 0, 0, 0, 0, 0, 0, 0, 0, 0, 0, 0, 0, 0, 0, 0, 0, 0, 0], [0, 0, 0, 0, 0, -1, 0, 0, 0, 0, 0, 0, 0, 0, 0, 0, 0, 0, 0, 0, 0, 0, 0, 0, 0, 0, 0], [0, 0, 0, 0, 0, 0, -1, 0, 0, 0, 0, 0, 0, 0, 0, 0, 0, 0, 0, 0, 0, 0, 0, 0, 0, 0, 0], [0, 0, 0, 0, 0, 0, 0, -1, 0, 0, 0, 0, 0, 0, 0, 0, 0, 0, 0, 0, 0, 0, 0, 0, 0, 0, 0], [0, 0, 0, 0, 0, 0, 0, 0, -1, 0, 0, 0, 0, 0, 0, 0, 0, 0, 0, 0, 0, 0, 0, 0, 0, 0, 0], [0, 0, 0, 0, 0, 0, 0, 0, 0, -1, 0, 0, 0, 0, 0, 0, 0, 0, 0, 0, 0, 0, 0, 0, 0, 0, 0], [0, 0, 0, 0, 0, 0, 0, 0, 0, 0, -1, 0, 0, 0, 0, 0, 0, 0, 0, 0, 0, 0, 0, 0, 0, 0, 0], [0, 0, 0, 0, 0, 0, 0, 0, 0, 0, 0, -1, 0, 0, 0, 0, 0, 0, 0, 0, 0, 0, 0, 0, 0, 0, 0], [0, 0, 0, 0, 0, 0, 0, 0, 0, 0, 0, 0, -1, 0, 0, 0, 0, 0, 0, 0, 0, 0, 0, 0, 0, 0, 0], [0, 0, 0, 0, 0, 0, 0, 0, 0, 0, 0, 0, 0, -1, 0, 0, 0, 0, 0, 0, 0, 0, 0, 0, 0, 0, 0], [0, 0, 0, 0, 0, 0, 0, 0, 0, 0, 0, 0, 0, 0, -1, 0, 0, 0, 0, 0, 0, 0, 0, 0, 0, 0, 0], [0, 0, 0, 0, 0, 0, 0, 0, 0, 0, 0, 0, 0, 0, 0, -1, 0, 0, 0, 0, 0, 0, 0, 0, 0, 0, 0], [0, 0, 0, 0, 0, 0, 0, 0, 0, 0, 0, 0, 0, 0, 0, 0, -1, 0, 0, 0, 0, 0, 0, 0, 0, 0, 0], [0, 0, 0, 0, 0, 0, 0, 0, 0, 0, 0, 0, 0, 0, 0, 0, 0, -1, 0, 0, 0, 0, 0, 0, 0, 0, 0], [0, 0, 0, 0, 0, 0, 0, 0, 0, 0, 0, 0, 0, 0, 0, 0, 0, 0, -1, 0, 0, 0, 0, 0, 0, 0, 0], [0, 0, 0, 0, 0, 0, 0, 0, 0, 0, 0, 0, 0, 0, 0, 0, 0, 0, 0, -1, 0, 0, 0, 0, 0, 0, 0], [1, 1, 1, 1, 1, 1, 1, 1, 1, 1, 1, 1, 1, 1, 1, 1, 1, 1, 1, 1, -1, 1, 1, 1, 1, 1, 1], [0, 0, 0, 0, 0, 0, 0, 0, 0, 0, 0, 0, 0, 0, 0, 0, 0, 0, 0, 0, 0, -1, 0, 0, 0, 0, 0], [0, 0, 0, 0, 0, 0, 0, 0, 0, 0, 0, 0, 0, 0, 0, 0, 0, 0, 0, 0, 0, 0, -1, 0, 0, 0, 0], [0, 0, 0, 0, 0, 0, 0, 0, 0, 0, 0, 0, 0, 0, 0, 0, 0, 0, 0, 0, 0, 0, 0, -1, 0, 0, 0], [0, 0, 0, 0, 0, 0, 0, 0, 0, 0, 0, 0, 0, 0, 0, 0, 0, 0, 0, 0, 0, 0, 0, 0, -1, 0, 0], [0, 0, 0, 0, 0, 0, 0, 0, 0, 0, 0, 0, 0, 0, 0, 0, 0, 0, 0, 0, 0, 0, 0, 0, 0, -1, 0], [2, 2, 2, 2, 2, 2, 2, 2, 2, 2, 2, 2, 2, 2, 2, 2, 2, 2, 2, 2, 2, 2, 2, 2, 2, 2, -1]], "dataset_name": "cordeau_et_al_2014", "digraph": {"arc_count": 650, "arcs": [[0, 1, 1, 1, 1, 1, 1, 1, 1, 1, 1, 1, 1, 1, 1, 1, 1, 1, 1, 1, 1, 1, 1, 1, 1, 1, 0], [0, 0, 1, 1, 1, 1, 1, 1, 1, 1, 1, 1, 1, 1, 1, 1, 1, 1, 1, 1, 1, 1, 1, 1, 1, 1, 1], [0, 1, 0, 1, 1, 1, 1, 1, 1, 1, 1, 1, 1, 1, 1, 1, 1, 1, 1, 1, 1, 1, 1, 1, 1, 1, 1], [0, 1, 1, 0, 1, 1, 1, 1, 1, 1, 1, 1, 1, 1, 1, 1, 1, 1, 1, 1, 1, 1, 1, 1, 1, 1, 1], [0, 1, 1, 1, 0, 1, 1, 1, 1, 1, 1, 1, 1, 1, 1, 1, 1, 1, 1, 1, 1, 1, 1, 1, 1, 1, 1], [0, 1, 1, 1, 1, 0, 1, 1, 1, 1, 1, 1, 1, 1, 1, 1, 1, 1, 1, 1, 1, 1, 1, 1, 1, 1, 1], [0, 1, 1, 1, 1, 1, 0, 1, 1, 1, 1, 1, 1, 1, 1, 1, 1, 1, 1, 1, 1, 1, 1, 1, 1, 1, 1], [0, 1, 1, 1, 1, 1, 1, 0, 1, 1, 1, 1, 1, 1, 1, 1, 1, 1, 1, 1, 1, 1, 1, 1, 1, 1, 1], [0, 1, 1, 1, 1, 1, 1, 1, 0, 1, 1, 1, 1, 1, 1, 1, 1, 1, 1, 1, 1, 1, 1, 1, 1, 1, 1], [0, 1, 1, 1, 1, 1, 1, 1, 1, 0, 1, 1, 1, 1, 1, 1, 1, 1, 1, 1, 1, 1, 1, 1, 1, 1, 1], [0, 1, 1, 1, 1, 1, 1, 1, 1, 1, 0, 1, 1, 1, 1, 1, 1, 1, 1, 1, 1, 1, 1, 1, 1, 1, 1], [0, 1, 1, 1, 1, 1, 1, 1, 1, 1, 1, 0, 1, 1, 1, 1, 1, 1, 1, 1, 1, 1, 1, 1, 1, 1, 1], [0, 1, 1, 1, 1, 1, 1, 1, 1, 1, 1, 1, 0, 1, 1, 1, 1, 1, 1, 1, 1, 1, 1, 1, 1, 1, 1], [0, 1, 1, 1, 1, 1, 1, 1, 1, 1, 1, 1, 1, 0, 1, 1, 1, 1, 1, 1, 1, 1, 1, 1, 1, 1, 1], [0, 1, 1, 1, 1, 1, 1, 1, 1, 1, 1, 1, 1, 1, 0, 1, 1, 1, 1, 1, 1, 1, 1, 1, 1, 1, 1], [0, 1, 1, 1, 1, 1, 1, 1, 1, 1, 1, 1, 1, 1, 1, 0, 1, 1, 1, 1, 1, 1, 1, 1, 1, 1, 1], [0, 1, 1, 1, 1, 1, 1, 1, 1, 1, 1, 1, 1, 1, 1, 1, 0, 1, 1, 1, 1, 1, 1, 1, 1, 1, 1], [0, 1, 1, 1, 1, 1, 1, 1, 1, 1, 1, 1, 1, 1, 1, 1, 1, 0, 1, 1, 1, 1, 1, 1, 1, 1, 1], [0, 1, 1, 1, 1, 1, 1, 1, 1, 1, 1, 1, 1, 1, 1, 1, 1, 1, 0, 1, 1, 1, 1, 1, 1, 1, 1], [0, 1, 1, 1, 1, 1, 1, 1, 1, 1, 1, 1, 1, 1, 1, 1, 1, 1, 1, 0, 1, 1, 1, 1, 1, 1, 1], [0, 1, 1, 1, 1, 1, 1, 1, 1, 1, 1, 1, 1, 1, 1, 1, 1, 1, 1, 1, 0, 1, 1, 1, 1, 1, 1], [0, 1, 1, 1, 1, 1, 1, 1, 1, 1, 1, 1, 1, 1, 1, 1, 1, 1, 1, 1, 1, 0, 1, 1, 1, 1, 1], [0, 1, 1, 1, 1, 1, 1, 1, 1, 1, 1, 1, 1, 1, 1, 1, 1, 1, 1, 1, 1, 1, 0, 1, 1, 1, 1], [0, 1, 1, 1, 1, 1, 1, 1, 1, 1, 1, 1, 1, 1, 1, 1, 1, 1, 1, 1, 1, 1, 1, 0, 1, 1, 1], [0, 1, 1, 1, 1, 1, 1, 1, 1, 1, 1, 1, 1, 1, 1, 1, 1, 1, 1, 1, 1, 1, 1, 1, 0, 1, 1], [0, 1, 1, 1, 1, 1, 1, 1, 1, 1, 1, 1, 1, 1, 1, 1, 1, 1, 1, 1, 1, 1, 1, 1, 1, 0, 1], [0, 0, 0, 0, 0, 0, 0, 0, 0, 0, 0, 0, 0, 0, 0, 0, 0, 0, 0, 0, 0, 0, 0, 0, 0, 0, 0]], "vertex_count": 27}, "distances": [[0.0, 77.94, 67.06, 72.52, 66.47, 76.03, 75.9, 69.26, 63.17, 75.12, 71.04, 70.69, 71.81, 70.85, 70.13, 77.29, 72.13, 81.77, 79.08, 70.6, 81.68, 71.24, 70.01, 72.37, 72.45, 63.14, 126.28], [77.94, 0.0, 11.04, 8.03, 11.47, 4.31, 8.57, 10.72, 14.97, 9.0, 8.34, 12.06, 7.53, 7.12, 12.31, 4.22, 6.18, 7.34, 5.16, 7.41, 17.24, 11.13, 10.69, 7.08, 5.5, 15.07, 77.94], [67.06, 11.04, 0.0, 9.15, 8.96, 9.12, 9.13, 4.59, 5.59, 8.48, 4.71, 7.99, 7.57, 4.48, 7.67, 10.41, 6.32, 15.21, 12.32, 9.77, 20.01, 10.9, 5.67, 7.94, 5.77, 5.87, 67.06], [72.52, 8.03, 9.15, 0.0, 8.39, 10.2, 6.39, 12.09, 9.8, 5.67, 10.28, 15.03, 10.5, 5.32, 14.98, 11.01, 14.21, 15.23, 12.65, 6.92, 24.07, 13.2, 12.77, 10.13, 5.47, 9.72, 72.52], [66.47, 11.47, 8.96, 8.39, 0.0, 10.08, 9.46, 6.14, 4.2, 8.72, 6.07, 9.54, 6.91, 4.47, 9.22, 11.37, 6.1, 16.23, 13.31, 4.17, 21.49, 9.79, 7.22, 7.35, 6.0, 4.46, 66.47], [76.03, 4.31, 9.12, 10.2, 10.08, 0.0, 4.26, 7.24, 14.15, 4.68, 5.07, 7.91, 9.07, 6.73, 8.23, 8.53, 6.98, 6.16, 9.47, 6.04, 13.88, 13.35, 6.92, 8.83, 5.35, 14.34, 76.03], [75.9, 8.57, 9.13, 6.39, 9.46, 4.26, 0.0, 9.38, 12.89, 8.94, 7.01, 11.22, 5.64, 5.06, 11.39, 4.77, 11.24, 8.86, 6.28, 5.5, 18.02, 9.55, 9.54, 5.25, 9.61, 12.98, 75.9], [69.26, 10.72, 4.59, 12.09, 6.14, 7.24, 9.38, 0.0, 10.04, 9.09, 9.3, 12.58, 10.47, 6.77, 12.26, 8.37, 8.52, 12.53, 9.95, 5.18, 15.61, 14.51, 10.26, 10.64, 7.06, 10.35, 69.26], [63.17, 14.97, 5.59, 9.8, 4.2, 14.15, 12.89, 10.04, 0.0, 12.07, 10.26, 13.34, 8.78, 7.88, 12.95, 15.42, 8.97, 20.31, 17.38, 8.12, 25.59, 9.85, 11.15, 9.33, 9.52, 8.66, 63.17], [75.12, 9.0, 8.48, 5.67, 8.72, 4.68, 8.94, 9.09, 12.07, 0.0, 6.75, 11.15, 4.83, 4.28, 11.29, 5.36, 11.66, 9.64, 6.99, 4.87, 18.55, 8.85, 9.34, 4.46, 10.04, 12.16, 75.12], [71.04, 8.34, 4.71, 10.28, 6.07, 5.07, 7.01, 9.3, 10.26, 6.75, 0.0, 4.75, 8.71, 5.07, 4.74, 6.28, 6.6, 10.79, 8.03, 10.24, 15.51, 12.96, 10.39, 8.79, 4.96, 10.52, 71.04], [70.69, 12.06, 7.99, 15.03, 9.54, 7.91, 11.22, 12.58, 13.34, 11.15, 4.75, 0.0, 13.45, 9.79, 9.5, 8.68, 11.36, 11.75, 9.72, 8.18, 12.61, 17.65, 13.67, 13.55, 9.69, 13.67, 70.69], [71.81, 7.53, 7.57, 10.5, 6.91, 9.07, 5.64, 10.47, 8.78, 4.83, 8.71, 13.45, 0.0, 9.11, 13.39, 9.99, 11.0, 14.46, 11.75, 5.31, 22.84, 4.39, 11.17, 8.92, 12.8, 8.75, 71.81], [70.85, 7.12, 4.48, 5.32, 4.47, 6.73, 5.06, 6.77, 7.88, 4.28, 5.07, 9.79, 9.11, 0.0, 9.7, 7.91, 10.57, 12.77, 9.86, 8.65, 19.89, 7.89, 7.48, 8.74, 10.04, 8.0, 70.85], [70.13, 12.31, 7.67, 14.98, 9.22, 8.23, 11.39, 12.26, 12.95, 11.29, 4.74, 9.5, 13.39, 9.7, 0.0, 9.05, 11.33, 12.25, 10.16, 8.09, 13.12, 17.54, 13.34, 13.5, 9.7, 13.27, 70.13], [77.29, 4.22, 10.41, 11.01, 11.37, 8.53, 4.77, 8.37, 15.42, 5.36, 6.28, 8.68, 9.99, 7.91, 9.05, 0.0, 7.99, 4.9, 9.38, 7.3, 13.26, 14.18, 7.95, 9.71, 6.46, 15.61, 77.29], [72.13, 6.18, 6.32, 14.21, 6.1, 6.98, 11.24, 8.52, 8.97, 11.66, 6.6, 11.36, 11.0, 10.57, 11.33, 7.99, 0.0, 12.64, 9.83, 10.27, 20.66, 6.61, 9.13, 11.14, 11.57, 9.03, 72.13], [81.77, 7.34, 15.21, 15.23, 16.23, 6.16, 8.86, 12.53, 20.31, 9.64, 10.79, 11.75, 14.46, 12.77, 12.25, 4.9, 12.64, 0.0, 12.5, 12.2, 10.85, 18.39, 11.84, 14.1, 11.25, 20.5, 81.77], [79.08, 5.16, 12.32, 12.65, 13.31, 9.47, 6.28, 9.95, 17.38, 6.99, 8.03, 9.72, 11.75, 9.86, 10.16, 9.38, 9.83, 12.5, 0.0, 9.27, 12.1, 15.83, 9.39, 11.43, 8.37, 17.57, 79.08], [70.6, 7.41, 9.77, 6.92, 4.17, 6.04, 5.5, 5.18, 8.12, 4.87, 10.24, 8.18, 5.31, 8.65, 8.09, 7.3, 10.27, 12.2, 9.27, 0.0, 18.61, 9.48, 5.87, 5.46, 10.18, 8.31, 70.6], [81.68, 17.24, 20.01, 24.07, 21.49, 13.88, 18.02, 15.61, 25.59, 18.55, 15.51, 12.61, 22.84, 19.89, 13.12, 13.26, 20.66, 10.85, 12.1, 18.61, 0.0, 27.19, 14.51, 22.66, 18.89, 25.88, 81.68], [71.24, 11.13, 10.9, 13.2, 9.79, 13.35, 9.55, 14.51, 9.85, 8.85, 12.96, 17.65, 4.39, 7.89, 17.54, 14.18, 6.61, 18.39, 15.83, 9.48, 27.19, 0.0, 15.31, 4.53, 8.41, 9.66, 71.24], [70.01, 10.69, 5.67, 12.77, 7.22, 6.92, 9.54, 10.26, 11.15, 9.34, 10.39, 13.67, 11.17, 7.48, 13.34, 7.95, 9.13, 11.84, 9.39, 5.87, 14.51, 15.31, 0.0, 11.3, 7.56, 11.46, 70.01], [72.37, 7.08, 7.94, 10.13, 7.35, 8.83, 5.25, 10.64, 9.33, 4.46, 8.79, 13.55, 8.92, 8.74, 13.5, 9.71, 11.14, 14.1, 11.43, 5.46, 22.66, 4.53, 11.3, 0.0, 12.58, 9.3, 72.37], [72.45, 5.5, 5.77, 5.47, 6.0, 5.35, 9.61, 7.06, 9.52, 10.04, 4.96, 9.69, 12.8, 10.04, 9.7, 6.46, 11.57, 11.25, 8.37, 10.18, 18.89, 8.41, 7.56, 12.58, 0.0, 9.64, 72.45], [63.14, 15.07, 5.87, 9.72, 4.46, 14.34, 12.98, 10.35, 8.66, 12.16, 10.52, 13.67, 8.75, 8.0, 13.27, 15.61, 9.03, 20.5, 17.57, 8.31, 25.88, 9.66, 11.46, 9.3, 9.64, 0.0, 63.14], [126.28, 77.94, 67.06, 72.52, 66.47, 76.03, 75.9, 69.26, 63.17, 75.12, 71.04, 70.69, 71.81, 70.85, 70.13, 77.29, 72.13, 81.77, 79.08, 70.6, 81.68, 71.24, 70.01, 72.37, 72.45, 63.14, 0.0]], "end_depot": 26, "horizon": [0.0, 1426.92], "instance_name": "25_95_A_A8", "speed_zone_count": 3, "speed_zones": [[0.0, 475.64], [475.64, 951.28], [951.28, 1426.92]], "start_depot": 0, "vehicle_count": 25}