{"cluster_count": 3, "cluster_speeds": [[0.22, 0.44, 0.22], [0.294, 0.6, 0.294], [0.41085, 0.83, 0.41085]], "clusters": [[-1, 2, 2, 2, 2, 2, 2, 2, 2, 2, 2, 2, 2, 2, 2, 2, 2, 2, 2, 2, 2, 2, 2, 2, 2, 2, 2], [0, -1, 0, 0, 0, 0, 0, 0, 0, 0, 0, 0, 0, 0, 0, 0, 0, 0, 0, 0, 0, 0, 0, 0, 0, 0, 0], [1, 1, -1, 1, 1, 1, 1, 1, 1, 1, 1, 1, 1, 1, 1, 1, 1, 1, 1, 1, 1, 1, 1, 1, 1, 1, 1], [0, 0, 0, -1, 0, 0, 0, 0, 0, 0, 0, 0, 0, 0, 0, 0, 0, 0, 0, 0, 0, 0, 0, 0, 0, 0, 0], [1, 1, 1, 1, -1, 1, 1, 1, 1, 1, 1, 1, 1, 1, 1, 1, 1, 1, 1, 1, 1, 1, 1, 1, 1, 1, 1], [0, 0, 0, 0, 0, -1, 0, 0, 0, 0, 0, 0, 0, 0, 0, 0, 0, 0, 0, 0, 0, 0, 0, 0, 0, 0, 0], [2, 2, 2, 2, 2, 2, -1, 2, 2, 2, 2, 2, 2, 2, 2, 2, 2, 2, 2, 2, 2, 2, 2, 2, 2, 2, 2], [2, 2, 2, 2, 2, 2, 2, -1, 2, 2, 2, 2, 2, 2, 2, 2, 2, 2, 2, 2, 2, 2, 2, 2, 2, 2, 2], [1, 1, 1, 1, 1, 1, 1, 1, -1, 1, 1, 1, 1, 1, 1, 1, 1, 1, 1, 1, 1, 1, 1, 1, 1, 1, 1], [1, 1, 1, 1, 1, 1, 1, 1, 1, -1, 1, 1, 1, 1, 1, 1, 1, 1, 1, 1, 1, 1, 1, 1, 1, 1, 1], [2, 2, 2, 2, 2, 2, 2, 2, 2, 2, -1, 2, 2, 2, 2, 2, 2, 2, 2, 2, 2, 2, 2, 2, 2, 2, 2], [0, 0, 0, 0, 0, 0, 0, 0, 0, 0, 0, -1, 0, 0, 0, 0, 0, 0, 0, 0, 0, 0, 0, 0, 0, 0, 0], [0, 0, 0, 0, 0, 0, 0, 0, 0, 0, 0, 0, -1, 0, 0, 0, 0, 0, 0, 0, 0, 0, 0, 0, 0, 0, 0], [1, 1, 1, 1, 1, 1, 1, 1, 1, 1, 1, 1, 1, -1, 1, 1, 1, 1, 1, 1, 1, 1, 1, 1, 1, 1, 1], [1, 1, 1, 1, 1, 1, 1, 1, 1, 1, 1, 1, 1, 1, -1, 1, 1, 1, 1, 1, 1, 1, 1, 1, 1, 1, 1], [2, 2, 2, 2, 2, 2, 2, 2, 2, 2, 2, 2, 2, 2, 2, -1, 2, 2, 2, 2, 2, 2, 2, 2, 2, 2, 2], [0, 0, 0, 0, 0, 0, 0, 0, 0, 0, 0, 0, 0, 0, 0, 0, -1, 0, 0, 0, 0, 0, 0, 0, 0, 0, 0], [2, 2, 2, 2, 2, 2, 2, 2, 2, 2, 2, 2, 2, 2, 2, 2, 2, -1, 2, 2, 2, 2, 2, 2, 2, 2, 2], [0, 0, 0, 0, 0, 0, 0, 0, 0, 0, 0, 0, 0, 0, 0, 0, 0, 0, -1, 0, 0, 0, 0, 0, 0, 0, 0], [0, 0, 0, 0, 0, 0, 0, 0, 0, 0, 0, 0, 0, 0, 0, 0, 0, 0, 0, -1, 0, 0, 0, 0, 0, 0, 0], [2, 2, 2, 2, 2, 2, 2, 2, 2, 2, 2, 2, 2, 2, 2, 2, 2, 2, 2, 2, -1, 2, 2, 2, 2, 2, 2], [0, 0, 0, 0, 0, 0, 0, 0, 0, 0, 0, 0, 0, 0, 0, 0, 0, 0, 0, 0, 0, -1, 0, 0, 0, 0, 0], [1, 1, 1, 1, 1, 1, 1, 1, 1, 1, 1, 1, 1, 1, 1, 1, 1, 1, 1, 1, 1, 1, -1, 1, 1, 1, 1], [1, 1, 1, 1, 1, 1, 1, 1, 1, 1, 1, 1, 1, 1, 1, 1, 1, 1, 1, 1, 1, 1, 1, -1, 1, 1, 1], [1, 1, 1, 1, 1, 1, 1, 1, 1, 1, 1, 1, 1, 1, 1, 1, 1, 1, 1, 1, 1, 1, 1, 1, -1, 1, 1], [0, 0, 0, 0, 0, 0, 0, 0, 0, 0, 0, 0, 0, 0, 0, 0, 0, 0, 0, 0, 0, 0, 0, 0, 0, -1, 0], [2, 2, 2, 2, 2, 2, 2, 2, 2, 2, 2, 2, 2, 2, 2, 2, 2, 2, 2, 2, 2, 2, 2, 2, 2, 2, -1]], "dataset_name": "cordeau_et_al_2014", "digraph": {"arc_count": 650, "arcs": [[0, 1, 1, 1, 1, 1, 1, 1, 1, 1, 1, 1, 1, 1, 1, 1, 1, 1, 1, 1, 1, 1, 1, 1, 1, 1, 0], [0, 0, 1, 1, 1, 1, 1, 1, 1, 1, 1, 1, 1, 1, 1, 1, 1, 1, 1, 1, 1, 1, 1, 1, 1, 1, 1], [0, 1, 0, 1, 1, 1, 1, 1, 1, 1, 1, 1, 1, 1, 1, 1, 1, 1, 1, 1, 1, 1, 1, 1, 1, 1, 1], [0, 1, 1, 0, 1, 1, 1, 1, 1, 1, 1, 1, 1, 1, 1, 1, 1, 1, 1, 1, 1, 1, 1, 1, 1, 1, 1], [0, 1, 1, 1, 0, 1, 1, 1, 1, 1, 1, 1, 1, 1, 1, 1, 1, 1, 1, 1, 1, 1, 1, 1, 1, 1, 1], [0, 1, 1, 1, 1, 0, 1, 1, 1, 1, 1, 1, 1, 1, 1, 1, 1, 1, 1, 1, 1, 1, 1, 1, 1, 1, 1], [0, 1, 1, 1, 1, 1, 0, 1, 1, 1, 1, 1, 1, 1, 1, 1, 1, 1, 1, 1, 1, 1, 1, 1, 1, 1, 1], [0, 1, 1, 1, 1, 1, 1, 0, 1, 1, 1, 1, 1, 1, 1, 1, 1, 1, 1, 1, 1, 1, 1, 1, 1, 1, 1], [0, 1, 1, 1, 1, 1, 1, 1, 0, 1, 1, 1, 1, 1, 1, 1, 1, 1, 1, 1, 1, 1, 1, 1, 1, 1, 1], [0, 1, 1, 1, 1, 1, 1, 1, 1, 0, 1, 1, 1, 1, 1, 1, 1, 1, 1, 1, 1, 1, 1, 1, 1, 1, 1], [0, 1, 1, 1, 1, 1, 1, 1, 1, 1, 0, 1, 1, 1, 1, 1, 1, 1, 1, 1, 1, 1, 1, 1, 1, 1, 1], [0, 1, 1, 1, 1, 1, 1, 1, 1, 1, 1, 0, 1, 1, 1, 1, 1, 1, 1, 1, 1, 1, 1, 1, 1, 1, 1], [0, 1, 1, 1, 1, 1, 1, 1, 1, 1, 1, 1, 0, 1, 1, 1, 1, 1, 1, 1, 1, 1, 1, 1, 1, 1, 1], [0, 1, 1, 1, 1, 1, 1, 1, 1, 1, 1, 1, 1, 0, 1, 1, 1, 1, 1, 1, 1, 1, 1, 1, 1, 1, 1], [0, 1, 1, 1, 1, 1, 1, 1, 1, 1, 1, 1, 1, 1, 0, 1, 1, 1, 1, 1, 1, 1, 1, 1, 1, 1, 1], [0, 1, 1, 1, 1, 1, 1, 1, 1, 1, 1, 1, 1, 1, 1, 0, 1, 1, 1, 1, 1, 1, 1, 1, 1, 1, 1], [0, 1, 1, 1, 1, 1, 1, 1, 1, 1, 1, 1, 1, 1, 1, 1, 0, 1, 1, 1, 1, 1, 1, 1, 1, 1, 1], [0, 1, 1, 1, 1, 1, 1, 1, 1, 1, 1, 1, 1, 1, 1, 1, 1, 0, 1, 1, 1, 1, 1, 1, 1, 1, 1], [0, 1, 1, 1, 1, 1, 1, 1, 1, 1, 1, 1, 1, 1, 1, 1, 1, 1, 0, 1, 1, 1, 1, 1, 1, 1, 1], [0, 1, 1, 1, 1, 1, 1, 1, 1, 1, 1, 1, 1, 1, 1, 1, 1, 1, 1, 0, 1, 1, 1, 1, 1, 1, 1], [0, 1, 1, 1, 1, 1, 1, 1, 1, 1, 1, 1, 1, 1, 1, 1, 1, 1, 1, 1, 0, 1, 1, 1, 1, 1, 1], [0, 1, 1, 1, 1, 1, 1, 1, 1, 1, 1, 1, 1, 1, 1, 1, 1, 1, 1, 1, 1, 0, 1, 1, 1, 1, 1], [0, 1, 1, 1, 1, 1, 1, 1, 1, 1, 1, 1, 1, 1, 1, 1, 1, 1, 1, 1, 1, 1, 0, 1, 1, 1, 1], [0, 1, 1, 1, 1, 1, 1, 1, 1, 1, 1, 1, 1, 1, 1, 1, 1, 1, 1, 1, 1, 1, 1, 0, 1, 1, 1], [0, 1, 1, 1, 1, 1, 1, 1, 1, 1, 1, 1, 1, 1, 1, 1, 1, 1, 1, 1, 1, 1, 1, 1, 0, 1, 1], [0, 1, 1, 1, 1, 1, 1, 1, 1, 1, 1, 1, 1, 1, 1, 1, 1, 1, 1, 1, 1, 1, 1, 1, 1, 0, 1], [0, 0, 0, 0, 0, 0, 0, 0, 0, 0, 0, 0, 0, 0, 0, 0, 0, 0, 0, 0, 0, 0, 0, 0, 0, 0, 0]], "vertex_count": 27}, "distances": [[0.0, 74.33, 74.27, 59.2, 91.0, 76.64, 83.93, 53.43, 73.79, 53.56, 81.18, 69.41, 71.14, 85.91, 49.32, 94.0, 61.46, 93.36, 74.52, 67.84, 68.22, 69.06, 52.31, 71.38, 68.43, 74.68, 98.65], [74.33, 0.0, 4.51, 21.95, 26.95, 11.14, 39.44, 22.39, 9.45, 24.49, 39.77, 27.52, 9.39, 16.6, 25.17, 33.05, 20.08, 37.41, 5.66, 20.94, 18.66, 27.21, 22.14, 32.88, 13.34, 4.65, 74.33], [74.27, 4.51, 0.0, 24.95, 31.0, 15.63, 43.94, 21.26, 4.97, 26.64, 44.24, 31.71, 6.59, 20.37, 25.78, 37.2, 23.31, 41.75, 10.16, 25.0, 14.64, 31.37, 22.78, 37.13, 9.62, 9.16, 74.27], [59.2, 21.95, 24.95, 0.0, 31.83, 18.6, 30.3, 21.38, 28.23, 5.96, 28.82, 13.55, 18.65, 27.49, 14.36, 35.29, 13.98, 35.9, 18.8, 9.02, 32.04, 13.08, 13.26, 18.43, 27.4, 19.48, 59.2], [91.0, 26.95, 31.0, 31.83, 0.0, 17.21, 21.36, 46.12, 35.81, 37.62, 23.71, 23.64, 27.61, 10.91, 44.0, 6.38, 29.62, 12.29, 22.27, 23.24, 45.58, 23.8, 41.6, 25.14, 40.28, 22.94, 91.0], [76.64, 11.14, 15.63, 18.6, 17.21, 0.0, 28.46, 28.99, 20.58, 23.42, 29.02, 18.56, 10.76, 9.27, 27.97, 22.81, 16.24, 26.56, 5.59, 13.23, 29.45, 18.36, 25.28, 23.37, 23.98, 6.52, 76.64], [83.93, 39.44, 43.94, 30.3, 21.36, 28.46, 0.0, 50.83, 48.83, 35.79, 23.55, 16.77, 38.19, 28.82, 44.65, 18.14, 29.21, 12.94, 33.78, 22.45, 56.77, 17.23, 43.42, 12.85, 51.31, 34.8, 83.93], [53.43, 22.39, 21.26, 21.38, 46.12, 28.99, 50.83, 0.0, 20.36, 17.77, 49.75, 34.47, 19.89, 37.47, 9.86, 51.3, 21.85, 53.83, 24.69, 28.39, 16.49, 34.01, 8.74, 39.69, 15.2, 24.4, 53.43], [73.79, 9.45, 4.97, 28.23, 35.81, 20.58, 48.83, 20.36, 0.0, 29.06, 49.06, 36.14, 10.94, 25.06, 26.63, 42.05, 26.85, 46.69, 15.08, 29.33, 10.22, 35.79, 23.77, 41.64, 6.08, 14.09, 73.79], [53.56, 24.49, 26.64, 5.96, 37.62, 23.42, 35.79, 17.77, 29.06, 0.0, 34.09, 19.04, 21.01, 32.58, 9.19, 41.23, 8.01, 41.85, 22.51, 14.99, 30.92, 18.59, 9.05, 23.47, 26.97, 22.99, 53.56], [81.18, 39.77, 44.24, 28.82, 23.71, 29.02, 23.55, 49.75, 49.06, 34.09, 0.0, 15.32, 38.26, 30.34, 43.1, 21.0, 27.95, 16.08, 34.13, 21.55, 56.59, 15.78, 42.05, 10.7, 51.17, 35.17, 81.18], [69.41, 27.52, 31.71, 13.55, 23.64, 18.56, 16.77, 34.47, 36.14, 19.04, 15.32, 0.0, 25.23, 24.23, 27.89, 25.07, 12.64, 23.96, 22.32, 6.9, 42.5, 11.58, 26.74, 5.58, 37.25, 23.33, 69.41], [71.14, 9.39, 6.59, 18.65, 27.61, 10.76, 38.19, 19.89, 10.94, 21.01, 38.26, 25.23, 0.0, 17.91, 21.88, 33.45, 16.87, 37.31, 5.34, 18.46, 18.81, 24.88, 18.86, 30.71, 13.31, 4.74, 71.14], [85.91, 16.6, 20.37, 27.49, 10.91, 9.27, 28.82, 37.47, 25.06, 32.58, 30.34, 24.23, 17.91, 0.0, 37.18, 17.27, 25.12, 22.71, 12.8, 20.7, 35.01, 24.18, 34.44, 27.84, 29.85, 13.2, 85.91], [49.32, 25.17, 25.78, 14.36, 44.0, 27.97, 44.65, 9.86, 26.63, 9.19, 43.1, 27.89, 21.88, 37.18, 0.0, 48.34, 15.72, 49.73, 25.25, 22.93, 25.47, 27.43, 18.24, 32.56, 22.81, 25.38, 49.32], [94.0, 33.05, 37.2, 35.29, 6.38, 22.81, 18.14, 51.3, 42.05, 41.23, 21.0, 25.07, 33.45, 17.27, 48.34, 0.0, 33.25, 6.59, 28.12, 26.33, 51.71, 25.33, 46.13, 25.15, 46.36, 28.87, 94.0], [61.46, 20.08, 23.31, 13.98, 29.62, 16.24, 29.21, 21.85, 26.85, 8.01, 27.95, 12.64, 16.87, 25.12, 15.72, 33.25, 0.0, 34.13, 16.64, 7.23, 31.33, 12.18, 14.22, 17.87, 26.48, 17.36, 61.46], [93.36, 37.41, 41.75, 35.9, 12.29, 26.56, 12.94, 53.83, 46.69, 41.85, 16.08, 23.96, 37.31, 22.71, 49.73, 6.59, 34.13, 0.0, 32.11, 26.92, 55.97, 24.32, 47.82, 22.59, 50.53, 32.97, 93.36], [74.52, 5.66, 10.16, 18.8, 22.27, 5.59, 33.78, 24.69, 15.08, 22.51, 34.13, 22.32, 5.34, 12.8, 25.25, 28.12, 16.64, 32.11, 0.0, 16.03, 23.87, 22.03, 22.35, 27.54, 18.41, 10.08, 74.52], [67.84, 20.94, 25.0, 9.02, 23.24, 13.23, 22.45, 28.39, 29.33, 14.99, 21.55, 6.9, 18.46, 20.7, 22.93, 26.33, 7.23, 26.92, 16.03, 0.0, 35.62, 6.5, 21.28, 12.48, 30.36, 17.0, 67.84], [68.22, 18.66, 14.64, 32.04, 45.58, 29.45, 56.77, 16.49, 10.22, 30.92, 56.59, 42.5, 18.81, 35.01, 25.47, 51.71, 31.33, 55.97, 23.87, 35.62, 0.0, 42.09, 23.25, 48.08, 5.5, 23.01, 68.22], [69.06, 27.21, 31.37, 13.08, 23.8, 18.36, 17.23, 34.01, 35.79, 18.59, 15.78, 11.58, 24.88, 24.18, 27.43, 25.33, 12.18, 24.32, 22.03, 6.5, 42.09, 0.0, 26.28, 5.99, 36.85, 23.04, 69.06], [52.31, 22.14, 22.78, 13.26, 41.6, 25.28, 43.42, 8.74, 23.77, 9.05, 42.05, 26.74, 18.86, 34.44, 18.24, 46.13, 14.22, 47.82, 22.35, 21.28, 23.25, 26.28, 0.0, 31.69, 20.22, 22.43, 52.31], [71.38, 32.88, 37.13, 18.43, 25.14, 23.37, 12.85, 39.69, 41.64, 23.47, 10.7, 5.58, 30.71, 27.84, 32.56, 25.15, 17.87, 22.59, 27.54, 12.48, 48.08, 5.99, 31.69, 0.0, 42.84, 28.57, 71.38], [68.43, 13.34, 9.62, 27.4, 40.28, 23.98, 51.31, 15.2, 6.08, 26.97, 51.17, 37.25, 13.31, 29.85, 22.81, 46.36, 26.48, 50.53, 18.41, 30.36, 5.5, 36.85, 20.22, 42.84, 0.0, 17.57, 68.43], [74.68, 4.65, 9.16, 19.48, 22.94, 6.52, 34.8, 24.4, 14.09, 22.99, 35.17, 23.33, 4.74, 13.2, 25.38, 28.87, 17.36, 32.97, 10.08, 17.0, 23.01, 23.04, 22.43, 28.57, 17.57, 0.0, 74.68], [98.65, 74.33, 74.27, 59.2, 91.0, 76.64, 83.93, 53.43, 73.79, 53.56, 81.18, 69.41, 71.14, 85.91, 49.32, 94.0, 61.46, 93.36, 74.52, 67.84, 68.22, 69.06, 52.31, 71.38, 68.43, 74.68, 0.0]], "end_depot": 26, "horizon": [0.0, 1622.1], "instance_name": "25_98_A_C7", "speed_zone_count": 3, "speed_zones": [[0.0, 540.7], [540.7, 1081.4], [1081.4, 1622.1]], "start_depot": 0, "vehicle_count": 25}