{"cluster_count": 3, "cluster_speeds": [[0.22, 0.44, 0.22], [0.225, 0.6, 0.225], [0.39425, 0.83, 0.39425]], "clusters": [[-1, 0, 0, 0, 0, 0, 0, 0, 0, 0, 0, 0, 0, 0, 0, 0, 0, 0, 0, 0, 0, 0, 0, 0, 0, 0, 0, 0, 0, 0, 0, 0, 0, 0, 0, 0, 0], [0, -1, 0, 0, 0, 0, 0, 0, 0, 0, 0, 0, 0, 0, 0, 0, 0, 0, 0, 0, 0, 0, 0, 0, 0, 0, 0, 0, 0, 0, 0, 0, 0, 0, 0, 0, 0], [0, 0, -1, 0, 0, 0, 0, 0, 0, 0, 0, 0, 0, 0, 0, 0, 0, 0, 0, 0, 0, 0, 0, 0, 0, 0, 0, 0, 0, 0, 0, 0, 0, 0, 0, 0, 0], [0, 0, 0, -1, 0, 0, 0, 0, 0, 0, 0, 0, 0, 0, 0, 0, 0, 0, 0, 0, 0, 0, 0, 0, 0, 0, 0, 0, 0, 0, 0, 0, 0, 0, 0, 0, 0], [0, 0, 0, 0, -1, 0, 0, 0, 0, 0, 0, 0, 0, 0, 0, 0, 0, 0, 0, 0, 0, 0, 0, 0, 0, 0, 0, 0, 0, 0, 0, 0, 0, 0, 0, 0, 0], [0, 0, 0, 0, 0, -1, 0, 0, 0, 0, 0, 0, 0, 0, 0, 0, 0, 0, 0, 0, 0, 0, 0, 0, 0, 0, 0, 0, 0, 0, 0, 0, 0, 0, 0, 0, 0], [0, 0, 0, 0, 0, 0, -1, 0, 0, 0, 0, 0, 0, 0, 0, 0, 0, 0, 0, 0, 0, 0, 0, 0, 0, 0, 0, 0, 0, 0, 0, 0, 0, 0, 0, 0, 0], [0, 0, 0, 0, 0, 0, 0, -1, 0, 0, 0, 0, 0, 0, 0, 0, 0, 0, 0, 0, 0, 0, 0, 0, 0, 0, 0, 0, 0, 0, 0, 0, 0, 0, 0, 0, 0], [0, 0, 0, 0, 0, 0, 0, 0, -1, 0, 0, 0, 0, 0, 0, 0, 0, 0, 0, 0, 0, 0, 0, 0, 0, 0, 0, 0, 0, 0, 0, 0, 0, 0, 0, 0, 0], [0, 0, 0, 0, 0, 0, 0, 0, 0, -1, 0, 0, 0, 0, 0, 0, 0, 0, 0, 0, 0, 0, 0, 0, 0, 0, 0, 0, 0, 0, 0, 0, 0, 0, 0, 0, 0], [0, 0, 0, 0, 0, 0, 0, 0, 0, 0, -1, 0, 0, 0, 0, 0, 0, 0, 0, 0, 0, 0, 0, 0, 0, 0, 0, 0, 0, 0, 0, 0, 0, 0, 0, 0, 0], [0, 0, 0, 0, 0, 0, 0, 0, 0, 0, 0, -1, 0, 0, 0, 0, 0, 0, 0, 0, 0, 0, 0, 0, 0, 0, 0, 0, 0, 0, 0, 0, 0, 0, 0, 0, 0], [1, 1, 1, 1, 1, 1, 1, 1, 1, 1, 1, 1, -1, 1, 1, 1, 1, 1, 1, 1, 1, 1, 1, 1, 1, 1, 1, 1, 1, 1, 1, 1, 1, 1, 1, 1, 1], [0, 0, 0, 0, 0, 0, 0, 0, 0, 0, 0, 0, 0, -1, 0, 0, 0, 0, 0, 0, 0, 0, 0, 0, 0, 0, 0, 0, 0, 0, 0, 0, 0, 0, 0, 0, 0], [0, 0, 0, 0, 0, 0, 0, 0, 0, 0, 0, 0, 0, 0, -1, 0, 0, 0, 0, 0, 0, 0, 0, 0, 0, 0, 0, 0, 0, 0, 0, 0, 0, 0, 0, 0, 0], [0, 0, 0, 0, 0, 0, 0, 0, 0, 0, 0, 0, 0, 0, 0, -1, 0, 0, 0, 0, 0, 0, 0, 0, 0, 0, 0, 0, 0, 0, 0, 0, 0, 0, 0, 0, 0], [1, 1, 1, 1, 1, 1, 1, 1, 1, 1, 1, 1, 1, 1, 1, 1, -1, 1, 1, 1, 1, 1, 1, 1, 1, 1, 1, 1, 1, 1, 1, 1, 1, 1, 1, 1, 1], [0, 0, 0, 0, 0, 0, 0, 0, 0, 0, 0, 0, 0, 0, 0, 0, 0, -1, 0, 0, 0, 0, 0, 0, 0, 0, 0, 0, 0, 0, 0, 0, 0, 0, 0, 0, 0], [0, 0, 0, 0, 0, 0, 0, 0, 0, 0, 0, 0, 0, 0, 0, 0, 0, 0, -1, 0, 0, 0, 0, 0, 0, 0, 0, 0, 0, 0, 0, 0, 0, 0, 0, 0, 0], [0, 0, 0, 0, 0, 0, 0, 0, 0, 0, 0, 0, 0, 0, 0, 0, 0, 0, 0, -1, 0, 0, 0, 0, 0, 0, 0, 0, 0, 0, 0, 0, 0, 0, 0, 0, 0], [0, 0, 0, 0, 0, 0, 0, 0, 0, 0, 0, 0, 0, 0, 0, 0, 0, 0, 0, 0, -1, 0, 0, 0, 0, 0, 0, 0, 0, 0, 0, 0, 0, 0, 0, 0, 0], [0, 0, 0, 0, 0, 0, 0, 0, 0, 0, 0, 0, 0, 0, 0, 0, 0, 0, 0, 0, 0, -1, 0, 0, 0, 0, 0, 0, 0, 0, 0, 0, 0, 0, 0, 0, 0], [0, 0, 0, 0, 0, 0, 0, 0, 0, 0, 0, 0, 0, 0, 0, 0, 0, 0, 0, 0, 0, 0, -1, 0, 0, 0, 0, 0, 0, 0, 0, 0, 0, 0, 0, 0, 0], [0, 0, 0, 0, 0, 0, 0, 0, 0, 0, 0, 0, 0, 0, 0, 0, 0, 0, 0, 0, 0, 0, 0, -1, 0, 0, 0, 0, 0, 0, 0, 0, 0, 0, 0, 0, 0], [0, 0, 0, 0, 0, 0, 0, 0, 0, 0, 0, 0, 0, 0, 0, 0, 0, 0, 0, 0, 0, 0, 0, 0, -1, 0, 0, 0, 0, 0, 0, 0, 0, 0, 0, 0, 0], [0, 0, 0, 0, 0, 0, 0, 0, 0, 0, 0, 0, 0, 0, 0, 0, 0, 0, 0, 0, 0, 0, 0, 0, 0, -1, 0, 0, 0, 0, 0, 0, 0, 0, 0, 0, 0], [0, 0, 0, 0, 0, 0, 0, 0, 0, 0, 0, 0, 0, 0, 0, 0, 0, 0, 0, 0, 0, 0, 0, 0, 0, 0, -1, 0, 0, 0, 0, 0, 0, 0, 0, 0, 0], [1, 1, 1, 1, 1, 1, 1, 1, 1, 1, 1, 1, 1, 1, 1, 1, 1, 1, 1, 1, 1, 1, 1, 1, 1, 1, 1, -1, 1, 1, 1, 1, 1, 1, 1, 1, 1], [1, 1, 1, 1, 1, 1, 1, 1, 1, 1, 1, 1, 1, 1, 1, 1, 1, 1, 1, 1, 1, 1, 1, 1, 1, 1, 1, 1, -1, 1, 1, 1, 1, 1, 1, 1, 1], [0, 0, 0, 0, 0, 0, 0, 0, 0, 0, 0, 0, 0, 0, 0, 0, 0, 0, 0, 0, 0, 0, 0, 0, 0, 0, 0, 0, 0, -1, 0, 0, 0, 0, 0, 0, 0], [1, 1, 1, 1, 1, 1, 1, 1, 1, 1, 1, 1, 1, 1, 1, 1, 1, 1, 1, 1, 1, 1, 1, 1, 1, 1, 1, 1, 1, 1, -1, 1, 1, 1, 1, 1, 1], [0, 0, 0, 0, 0, 0, 0, 0, 0, 0, 0, 0, 0, 0, 0, 0, 0, 0, 0, 0, 0, 0, 0, 0, 0, 0, 0, 0, 0, 0, 0, -1, 0, 0, 0, 0, 0], [1, 1, 1, 1, 1, 1, 1, 1, 1, 1, 1, 1, 1, 1, 1, 1, 1, 1, 1, 1, 1, 1, 1, 1, 1, 1, 1, 1, 1, 1, 1, 1, -1, 1, 1, 1, 1], [0, 0, 0, 0, 0, 0, 0, 0, 0, 0, 0, 0, 0, 0, 0, 0, 0, 0, 0, 0, 0, 0, 0, 0, 0, 0, 0, 0, 0, 0, 0, 0, 0, -1, 0, 0, 0], [0, 0, 0, 0, 0, 0, 0, 0, 0, 0, 0, 0, 0, 0, 0, 0, 0, 0, 0, 0, 0, 0, 0, 0, 0, 0, 0, 0, 0, 0, 0, 0, 0, 0, -1, 0, 0], [0, 0, 0, 0, 0, 0, 0, 0, 0, 0, 0, 0, 0, 0, 0, 0, 0, 0, 0, 0, 0, 0, 0, 0, 0, 0, 0, 0, 0, 0, 0, 0, 0, 0, 0, -1, 0], [0, 0, 0, 0, 0, 0, 0, 0, 0, 0, 0, 0, 0, 0, 0, 0, 0, 0, 0, 0, 0, 0, 0, 0, 0, 0, 0, 0, 0, 0, 0, 0, 0, 0, 0, 0, -1]], "dataset_name": "cordeau_et_al_2014", "digraph": {"arc_count": 1260, "arcs": [[0, 1, 1, 1, 1, 1, 1, 1, 1, 1, 1, 1, 1, 1, 1, 1, 1, 1, 1, 1, 1, 1, 1, 1, 1, 1, 1, 1, 1, 1, 1, 1, 1, 1, 1, 1, 0], [0, 0, 1, 1, 1, 1, 1, 1, 1, 1, 1, 1, 1, 1, 1, 1, 1, 1, 1, 1, 1, 1, 1, 1, 1, 1, 1, 1, 1, 1, 1, 1, 1, 1, 1, 1, 1], [0, 1, 0, 1, 1, 1, 1, 1, 1, 1, 1, 1, 1, 1, 1, 1, 1, 1, 1, 1, 1, 1, 1, 1, 1, 1, 1, 1, 1, 1, 1, 1, 1, 1, 1, 1, 1], [0, 1, 1, 0, 1, 1, 1, 1, 1, 1, 1, 1, 1, 1, 1, 1, 1, 1, 1, 1, 1, 1, 1, 1, 1, 1, 1, 1, 1, 1, 1, 1, 1, 1, 1, 1, 1], [0, 1, 1, 1, 0, 1, 1, 1, 1, 1, 1, 1, 1, 1, 1, 1, 1, 1, 1, 1, 1, 1, 1, 1, 1, 1, 1, 1, 1, 1, 1, 1, 1, 1, 1, 1, 1], [0, 1, 1, 1, 1, 0, 1, 1, 1, 1, 1, 1, 1, 1, 1, 1, 1, 1, 1, 1, 1, 1, 1, 1, 1, 1, 1, 1, 1, 1, 1, 1, 1, 1, 1, 1, 1], [0, 1, 1, 1, 1, 1, 0, 1, 1, 1, 1, 1, 1, 1, 1, 1, 1, 1, 1, 1, 1, 1, 1, 1, 1, 1, 1, 1, 1, 1, 1, 1, 1, 1, 1, 1, 1], [0, 1, 1, 1, 1, 1, 1, 0, 1, 1, 1, 1, 1, 1, 1, 1, 1, 1, 1, 1, 1, 1, 1, 1, 1, 1, 1, 1, 1, 1, 1, 1, 1, 1, 1, 1, 1], [0, 1, 1, 1, 1, 1, 1, 1, 0, 1, 1, 1, 1, 1, 1, 1, 1, 1, 1, 1, 1, 1, 1, 1, 1, 1, 1, 1, 1, 1, 1, 1, 1, 1, 1, 1, 1], [0, 1, 1, 1, 1, 1, 1, 1, 1, 0, 1, 1, 1, 1, 1, 1, 1, 1, 1, 1, 1, 1, 1, 1, 1, 1, 1, 1, 1, 1, 1, 1, 1, 1, 1, 1, 1], [0, 1, 1, 1, 1, 1, 1, 1, 1, 1, 0, 1, 1, 1, 1, 1, 1, 1, 1, 1, 1, 1, 1, 1, 1, 1, 1, 1, 1, 1, 1, 1, 1, 1, 1, 1, 1], [0, 1, 1, 1, 1, 1, 1, 1, 1, 1, 1, 0, 1, 1, 1, 1, 1, 1, 1, 1, 1, 1, 1, 1, 1, 1, 1, 1, 1, 1, 1, 1, 1, 1, 1, 1, 1], [0, 1, 1, 1, 1, 1, 1, 1, 1, 1, 1, 1, 0, 1, 1, 1, 1, 1, 1, 1, 1, 1, 1, 1, 1, 1, 1, 1, 1, 1, 1, 1, 1, 1, 1, 1, 1], [0, 1, 1, 1, 1, 1, 1, 1, 1, 1, 1, 1, 1, 0, 1, 1, 1, 1, 1, 1, 1, 1, 1, 1, 1, 1, 1, 1, 1, 1, 1, 1, 1, 1, 1, 1, 1], [0, 1, 1, 1, 1, 1, 1, 1, 1, 1, 1, 1, 1, 1, 0, 1, 1, 1, 1, 1, 1, 1, 1, 1, 1, 1, 1, 1, 1, 1, 1, 1, 1, 1, 1, 1, 1], [0, 1, 1, 1, 1, 1, 1, 1, 1, 1, 1, 1, 1, 1, 1, 0, 1, 1, 1, 1, 1, 1, 1, 1, 1, 1, 1, 1, 1, 1, 1, 1, 1, 1, 1, 1, 1], [0, 1, 1, 1, 1, 1, 1, 1, 1, 1, 1, 1, 1, 1, 1, 1, 0, 1, 1, 1, 1, 1, 1, 1, 1, 1, 1, 1, 1, 1, 1, 1, 1, 1, 1, 1, 1], [0, 1, 1, 1, 1, 1, 1, 1, 1, 1, 1, 1, 1, 1, 1, 1, 1, 0, 1, 1, 1, 1, 1, 1, 1, 1, 1, 1, 1, 1, 1, 1, 1, 1, 1, 1, 1], [0, 1, 1, 1, 1, 1, 1, 1, 1, 1, 1, 1, 1, 1, 1, 1, 1, 1, 0, 1, 1, 1, 1, 1, 1, 1, 1, 1, 1, 1, 1, 1, 1, 1, 1, 1, 1], [0, 1, 1, 1, 1, 1, 1, 1, 1, 1, 1, 1, 1, 1, 1, 1, 1, 1, 1, 0, 1, 1, 1, 1, 1, 1, 1, 1, 1, 1, 1, 1, 1, 1, 1, 1, 1], [0, 1, 1, 1, 1, 1, 1, 1, 1, 1, 1, 1, 1, 1, 1, 1, 1, 1, 1, 1, 0, 1, 1, 1, 1, 1, 1, 1, 1, 1, 1, 1, 1, 1, 1, 1, 1], [0, 1, 1, 1, 1, 1, 1, 1, 1, 1, 1, 1, 1, 1, 1, 1, 1, 1, 1, 1, 1, 0, 1, 1, 1, 1, 1, 1, 1, 1, 1, 1, 1, 1, 1, 1, 1], [0, 1, 1, 1, 1, 1, 1, 1, 1, 1, 1, 1, 1, 1, 1, 1, 1, 1, 1, 1, 1, 1, 0, 1, 1, 1, 1, 1, 1, 1, 1, 1, 1, 1, 1, 1, 1], [0, 1, 1, 1, 1, 1, 1, 1, 1, 1, 1, 1, 1, 1, 1, 1, 1, 1, 1, 1, 1, 1, 1, 0, 1, 1, 1, 1, 1, 1, 1, 1, 1, 1, 1, 1, 1], [0, 1, 1, 1, 1, 1, 1, 1, 1, 1, 1, 1, 1, 1, 1, 1, 1, 1, 1, 1, 1, 1, 1, 1, 0, 1, 1, 1, 1, 1, 1, 1, 1, 1, 1, 1, 1], [0, 1, 1, 1, 1, 1, 1, 1, 1, 1, 1, 1, 1, 1, 1, 1, 1, 1, 1, 1, 1, 1, 1, 1, 1, 0, 1, 1, 1, 1, 1, 1, 1, 1, 1, 1, 1], [0, 1, 1, 1, 1, 1, 1, 1, 1, 1, 1, 1, 1, 1, 1, 1, 1, 1, 1, 1, 1, 1, 1, 1, 1, 1, 0, 1, 1, 1, 1, 1, 1, 1, 1, 1, 1], [0, 1, 1, 1, 1, 1, 1, 1, 1, 1, 1, 1, 1, 1, 1, 1, 1, 1, 1, 1, 1, 1, 1, 1, 1, 1, 1, 0, 1, 1, 1, 1, 1, 1, 1, 1, 1], [0, 1, 1, 1, 1, 1, 1, 1, 1, 1, 1, 1, 1, 1, 1, 1, 1, 1, 1, 1, 1, 1, 1, 1, 1, 1, 1, 1, 0, 1, 1, 1, 1, 1, 1, 1, 1], [0, 1, 1, 1, 1, 1, 1, 1, 1, 1, 1, 1, 1, 1, 1, 1, 1, 1, 1, 1, 1, 1, 1, 1, 1, 1, 1, 1, 1, 0, 1, 1, 1, 1, 1, 1, 1], [0, 1, 1, 1, 1, 1, 1, 1, 1, 1, 1, 1, 1, 1, 1, 1, 1, 1, 1, 1, 1, 1, 1, 1, 1, 1, 1, 1, 1, 1, 0, 1, 1, 1, 1, 1, 1], [0, 1, 1, 1, 1, 1, 1, 1, 1, 1, 1, 1, 1, 1, 1, 1, 1, 1, 1, 1, 1, 1, 1, 1, 1, 1, 1, 1, 1, 1, 1, 0, 1, 1, 1, 1, 1], [0, 1, 1, 1, 1, 1, 1, 1, 1, 1, 1, 1, 1, 1, 1, 1, 1, 1, 1, 1, 1, 1, 1, 1, 1, 1, 1, 1, 1, 1, 1, 1, 0, 1, 1, 1, 1], [0, 1, 1, 1, 1, 1, 1, 1, 1, 1, 1, 1, 1, 1, 1, 1, 1, 1, 1, 1, 1, 1, 1, 1, 1, 1, 1, 1, 1, 1, 1, 1, 1, 0, 1, 1, 1], [0, 1, 1, 1, 1, 1, 1, 1, 1, 1, 1, 1, 1, 1, 1, 1, 1, 1, 1, 1, 1, 1, 1, 1, 1, 1, 1, 1, 1, 1, 1, 1, 1, 1, 0, 1, 1], [0, 1, 1, 1, 1, 1, 1, 1, 1, 1, 1, 1, 1, 1, 1, 1, 1, 1, 1, 1, 1, 1, 1, 1, 1, 1, 1, 1, 1, 1, 1, 1, 1, 1, 1, 0, 1], [0, 0, 0, 0, 0, 0, 0, 0, 0, 0, 0, 0, 0, 0, 0, 0, 0, 0, 0, 0, 0, 0, 0, 0, 0, 0, 0, 0, 0, 0, 0, 0, 0, 0, 0, 0, 0]], "vertex_count": 37}, "distances": [[0.0, 8.3, 9.0, 11.56, 11.17, 5.44, 12.14, 13.11, 10.07, 9.44, 12.1, 8.69, 23.73, 10.54, 12.18, 6.69, 18.76, 14.39, 11.03, 7.03, 13.69, 8.91, 8.8, 4.7, 13.18, 9.06, 11.85, 15.82, 15.68, 8.49, 15.59, 8.99, 17.38, 7.22, 14.17, 7.38, 9.4], [8.3, 0.0, 17.27, 9.36, 16.88, 12.32, 14.02, 11.71, 7.83, 17.47, 11.33, 16.99, 21.9, 7.32, 11.2, 14.92, 16.46, 20.06, 19.33, 15.24, 5.67, 11.83, 11.05, 12.8, 6.77, 11.35, 14.51, 23.02, 23.54, 14.38, 16.04, 11.74, 10.41, 13.16, 22.02, 12.17, 8.3], [9.0, 17.27, 0.0, 7.97, 11.34, 7.91, 14.96, 18.43, 9.57, 4.31, 20.98, 9.15, 27.59, 10.57, 17.46, 9.38, 23.64, 13.33, 11.39, 9.49, 22.47, 13.73, 17.78, 4.59, 21.31, 17.3, 15.67, 11.15, 9.08, 9.92, 18.72, 13.92, 25.5, 16.2, 7.91, 9.67, 9.0], [11.56, 9.36, 7.97, 0.0, 11.93, 6.13, 10.98, 12.5, 11.45, 9.12, 13.01, 7.8, 22.93, 11.23, 11.54, 5.6, 18.13, 15.06, 10.12, 5.9, 14.5, 10.32, 9.9, 12.21, 13.57, 9.48, 13.2, 15.9, 15.39, 9.32, 14.56, 10.41, 17.79, 8.51, 13.91, 5.94, 11.56], [11.17, 16.88, 11.34, 11.93, 0.0, 5.81, 22.81, 24.28, 10.94, 7.31, 20.66, 10.39, 34.85, 10.35, 23.34, 11.05, 29.93, 13.01, 11.36, 11.34, 22.46, 6.05, 17.1, 11.46, 23.25, 19.35, 5.81, 7.22, 9.61, 10.73, 26.47, 6.25, 27.21, 14.97, 8.46, 17.43, 11.17], [5.44, 12.32, 7.91, 6.13, 5.81, 0.0, 17.05, 18.51, 5.32, 5.77, 16.25, 7.11, 29.04, 5.1, 17.57, 6.58, 24.16, 8.97, 9.06, 6.95, 17.99, 5.84, 12.67, 6.18, 18.16, 14.11, 8.09, 10.75, 11.35, 10.52, 20.68, 6.02, 22.28, 10.65, 9.84, 11.75, 5.44], [12.14, 14.02, 14.96, 10.98, 22.81, 17.05, 0.0, 5.09, 12.67, 18.33, 15.37, 15.48, 12.64, 13.94, 4.51, 13.31, 8.97, 25.83, 17.04, 13.27, 15.75, 20.99, 14.56, 11.8, 12.4, 10.62, 23.97, 25.6, 24.02, 20.26, 9.43, 21.05, 15.43, 14.84, 22.75, 5.53, 12.14], [13.11, 11.71, 18.43, 12.5, 24.28, 18.51, 5.09, 0.0, 13.39, 21.12, 11.84, 18.77, 10.76, 14.29, 9.6, 16.41, 5.65, 27.48, 20.65, 16.48, 11.77, 21.21, 12.13, 14.49, 8.04, 7.72, 24.22, 28.24, 27.2, 21.6, 4.74, 21.22, 10.52, 13.1, 25.82, 8.83, 13.11], [10.07, 7.83, 9.57, 11.45, 10.94, 5.32, 12.67, 13.39, 0.0, 9.73, 11.69, 9.21, 24.07, 10.42, 12.48, 7.3, 19.03, 14.18, 11.55, 7.65, 13.32, 8.33, 8.3, 5.37, 13.0, 8.9, 11.3, 15.89, 15.93, 8.25, 16.05, 8.39, 17.18, 6.63, 14.41, 8.05, 10.07], [9.44, 17.47, 4.31, 9.12, 7.31, 5.77, 18.33, 21.12, 9.73, 0.0, 21.38, 11.22, 30.93, 10.18, 20.14, 5.06, 26.6, 9.04, 9.55, 5.18, 23.04, 10.94, 17.9, 6.65, 22.59, 18.47, 12.3, 7.27, 6.28, 6.5, 22.12, 11.15, 26.8, 16.0, 4.79, 12.82, 9.44], [12.1, 11.33, 20.98, 13.01, 20.66, 16.25, 15.37, 11.84, 11.69, 21.38, 0.0, 20.76, 20.87, 11.25, 11.65, 18.61, 15.53, 23.8, 23.09, 18.91, 10.52, 15.33, 9.26, 16.44, 4.56, 4.85, 17.82, 26.93, 27.47, 18.23, 16.54, 15.22, 7.08, 5.7, 25.95, 14.81, 12.1], [8.69, 16.99, 9.15, 7.8, 10.39, 7.11, 15.48, 18.77, 9.21, 11.22, 20.76, 0.0, 28.13, 10.11, 17.79, 13.4, 24.06, 12.4, 11.37, 13.7, 22.29, 12.9, 17.48, 4.56, 21.29, 17.24, 14.77, 10.38, 8.54, 9.01, 19.26, 13.09, 25.5, 15.83, 7.28, 10.1, 8.69], [23.73, 21.9, 27.59, 22.93, 34.85, 29.04, 12.64, 10.76, 24.07, 30.93, 20.87, 28.13, 0.0, 25.03, 11.61, 25.94, 5.44, 38.0, 29.64, 25.91, 20.09, 31.98, 22.21, 24.33, 16.34, 17.88, 34.98, 38.19, 36.66, 32.2, 8.87, 31.98, 16.12, 23.52, 35.4, 18.11, 23.73], [10.54, 7.32, 10.57, 11.23, 10.35, 5.1, 13.94, 14.29, 10.42, 10.18, 11.25, 10.11, 25.03, 0.0, 13.42, 8.39, 19.89, 13.61, 12.42, 8.76, 12.96, 7.08, 7.72, 6.63, 13.08, 9.07, 10.08, 15.85, 16.23, 7.67, 17.22, 7.12, 17.18, 5.84, 14.7, 9.48, 10.54], [12.18, 11.2, 17.46, 11.54, 23.34, 17.57, 4.51, 9.6, 12.48, 20.14, 11.65, 17.79, 11.61, 13.42, 0.0, 15.43, 6.59, 26.54, 19.69, 15.5, 11.72, 20.38, 11.65, 13.51, 8.12, 7.29, 23.39, 27.27, 26.22, 20.67, 4.92, 20.39, 10.93, 12.5, 24.84, 7.89, 12.18], [6.69, 14.92, 9.38, 5.6, 11.05, 6.58, 13.31, 16.41, 7.3, 5.06, 18.61, 13.4, 25.94, 8.39, 15.43, 0.0, 21.76, 13.51, 4.59, 8.96, 20.1, 12.39, 15.44, 11.39, 18.96, 14.94, 14.64, 12.33, 10.82, 9.16, 17.1, 12.56, 23.16, 13.91, 9.49, 7.84, 6.69], [18.76, 16.46, 23.64, 18.13, 29.93, 24.16, 8.97, 5.65, 19.03, 26.6, 15.53, 24.06, 5.44, 19.89, 6.59, 21.76, 0.0, 33.13, 25.81, 21.79, 14.87, 26.73, 16.77, 19.94, 11.04, 12.44, 29.72, 33.78, 32.57, 27.25, 5.85, 26.73, 11.48, 18.1, 31.23, 13.97, 18.76], [14.39, 20.06, 13.33, 15.06, 13.01, 8.97, 25.83, 27.48, 14.18, 9.04, 23.8, 12.4, 38.0, 13.61, 26.54, 13.51, 33.13, 0.0, 12.85, 13.75, 25.61, 8.78, 20.26, 14.25, 26.49, 22.61, 7.56, 5.79, 9.08, 5.95, 29.53, 8.95, 30.43, 18.13, 8.37, 20.38, 14.39], [11.03, 19.33, 11.39, 10.12, 11.36, 9.06, 17.04, 20.65, 11.55, 9.55, 23.09, 11.37, 29.64, 12.42, 19.69, 4.59, 25.81, 12.85, 0.0, 4.37, 24.62, 14.69, 19.83, 6.8, 23.54, 19.52, 16.28, 9.76, 7.21, 10.46, 20.77, 14.89, 27.75, 18.16, 6.24, 11.86, 11.03], [7.03, 15.24, 9.49, 5.9, 11.34, 6.95, 13.27, 16.48, 7.65, 5.18, 18.91, 13.7, 25.91, 8.76, 15.5, 8.96, 21.79, 13.75, 4.37, 0.0, 20.38, 12.77, 15.76, 11.18, 19.18, 15.18, 15.0, 12.41, 10.79, 9.5, 17.06, 12.94, 23.38, 14.25, 9.49, 7.84, 7.03], [13.69, 5.67, 22.47, 14.5, 22.46, 17.99, 15.75, 11.77, 13.32, 23.04, 10.52, 22.29, 20.09, 12.96, 11.72, 20.1, 14.87, 25.61, 24.62, 20.38, 0.0, 17.13, 5.38, 17.9, 9.66, 5.68, 19.59, 28.7, 29.17, 20.02, 16.51, 17.02, 5.44, 7.5, 27.64, 15.79, 13.69], [8.91, 11.83, 13.73, 10.32, 6.05, 5.84, 20.99, 21.21, 8.33, 10.94, 15.33, 12.9, 31.98, 7.08, 20.38, 12.39, 26.73, 8.78, 14.69, 12.77, 17.13, 0.0, 11.92, 11.66, 18.54, 15.0, 10.5, 13.22, 15.17, 4.68, 24.3, 9.57, 22.21, 9.84, 13.82, 16.25, 8.91], [8.8, 11.05, 17.78, 9.9, 17.1, 12.67, 14.56, 12.13, 8.3, 17.9, 9.26, 17.48, 22.21, 7.72, 11.65, 15.44, 16.77, 20.26, 19.83, 15.76, 5.38, 11.92, 0.0, 13.33, 6.82, 4.42, 14.54, 23.34, 23.94, 14.64, 16.51, 11.82, 10.29, 10.1, 22.41, 12.76, 8.8], [4.7, 12.8, 4.59, 12.21, 11.46, 6.18, 11.8, 14.49, 5.37, 6.65, 16.44, 4.56, 24.33, 6.63, 13.51, 11.39, 19.94, 14.25, 6.8, 11.18, 17.9, 11.66, 13.33, 0.0, 16.74, 12.72, 14.2, 13.87, 12.74, 9.21, 15.58, 11.8, 20.95, 11.89, 11.34, 6.27, 4.7], [13.18, 6.77, 21.31, 13.57, 23.25, 18.16, 12.4, 8.04, 13.0, 22.59, 4.56, 21.29, 16.34, 13.08, 8.12, 18.96, 11.04, 26.49, 23.54, 19.18, 9.66, 18.54, 6.82, 16.74, 0.0, 9.41, 21.27, 28.87, 28.85, 20.65, 12.76, 18.46, 4.22, 8.74, 27.34, 13.41, 13.18], [9.06, 11.35, 17.3, 9.48, 19.35, 14.11, 10.62, 7.72, 8.9, 18.47, 4.85, 17.24, 17.88, 9.07, 7.29, 14.94, 12.44, 22.61, 19.52, 15.18, 5.68, 15.0, 4.42, 12.72, 9.41, 0.0, 17.87, 24.79, 24.74, 16.71, 12.19, 14.95, 8.33, 5.68, 23.23, 10.11, 9.06], [11.85, 14.51, 15.67, 13.2, 5.81, 8.09, 23.97, 24.22, 11.3, 12.3, 17.82, 14.77, 34.98, 10.08, 23.39, 14.64, 29.72, 7.56, 16.28, 15.0, 19.59, 10.5, 14.54, 14.2, 21.27, 17.87, 0.0, 12.86, 15.43, 5.82, 27.3, 10.72, 24.81, 12.53, 14.25, 19.14, 11.85], [15.82, 23.02, 11.15, 15.9, 7.22, 10.75, 25.6, 28.24, 15.89, 7.27, 26.93, 10.38, 38.19, 15.85, 27.27, 12.33, 33.78, 5.79, 9.76, 12.41, 28.7, 13.22, 23.34, 13.87, 28.87, 24.79, 12.86, 0.0, 13.55, 8.95, 29.39, 13.42, 33.01, 21.27, 12.07, 20.08, 15.82], [15.68, 23.54, 9.08, 15.39, 9.61, 11.35, 24.02, 27.2, 15.93, 6.28, 27.47, 8.54, 36.66, 16.23, 26.22, 10.82, 32.57, 9.08, 7.21, 10.79, 29.17, 15.17, 23.94, 12.74, 28.85, 24.74, 15.43, 13.55, 0.0, 10.54, 27.79, 15.39, 33.06, 21.96, 11.08, 18.63, 15.68], [8.49, 14.38, 9.92, 9.32, 10.73, 10.52, 20.26, 21.6, 8.25, 6.5, 18.23, 9.01, 32.2, 7.67, 20.67, 9.16, 27.25, 5.95, 10.46, 9.5, 20.02, 4.68, 14.64, 9.21, 20.65, 16.71, 5.82, 8.95, 10.54, 0.0, 23.88, 4.89, 24.65, 12.53, 9.16, 14.96, 8.49], [15.59, 16.04, 18.72, 14.56, 26.47, 20.68, 9.43, 4.74, 16.05, 22.12, 16.54, 19.26, 8.87, 17.22, 4.92, 17.1, 5.85, 29.53, 20.77, 17.06, 16.51, 24.3, 16.51, 15.58, 12.76, 12.19, 27.3, 29.39, 27.79, 23.88, 0.0, 24.33, 14.89, 17.2, 26.54, 9.32, 15.59], [8.99, 11.74, 13.92, 10.41, 6.25, 6.02, 21.05, 21.22, 8.39, 11.15, 15.22, 13.09, 31.98, 7.12, 20.39, 12.56, 26.73, 8.95, 14.89, 12.94, 17.02, 9.57, 11.82, 11.8, 18.46, 14.95, 10.72, 13.42, 15.39, 4.89, 24.33, 0.0, 22.12, 9.75, 14.04, 16.34, 8.99], [17.38, 10.41, 25.5, 17.79, 27.21, 22.28, 15.43, 10.52, 17.18, 26.8, 7.08, 25.5, 16.12, 17.18, 10.93, 23.16, 11.48, 30.43, 27.75, 23.38, 5.44, 22.21, 10.29, 20.95, 4.22, 8.33, 24.81, 33.01, 33.06, 24.65, 14.89, 22.12, 0.0, 12.38, 31.55, 17.3, 17.38], [7.22, 13.16, 16.2, 8.51, 14.97, 10.65, 14.84, 13.1, 6.63, 16.0, 5.7, 15.83, 23.52, 5.84, 12.5, 13.91, 18.1, 18.13, 18.16, 14.25, 7.5, 9.84, 10.1, 11.89, 8.74, 5.68, 12.53, 21.27, 21.96, 12.53, 17.2, 9.75, 12.38, 0.0, 20.44, 12.24, 7.22], [14.17, 22.02, 7.91, 13.91, 8.46, 9.84, 22.75, 25.82, 14.41, 4.79, 25.95, 7.28, 35.4, 14.7, 24.84, 9.49, 31.23, 8.37, 6.24, 9.49, 27.64, 13.82, 22.41, 11.34, 27.34, 23.23, 14.25, 12.07, 11.08, 9.16, 26.54, 14.04, 31.55, 20.44, 0.0, 17.32, 14.17], [7.38, 12.17, 9.67, 5.94, 17.43, 11.75, 5.53, 8.83, 8.05, 12.82, 14.81, 10.1, 18.11, 9.48, 7.89, 7.84, 13.97, 20.38, 11.86, 7.84, 15.79, 16.25, 12.76, 6.27, 13.41, 10.11, 19.14, 20.08, 18.63, 14.96, 9.32, 16.34, 17.3, 12.24, 17.32, 0.0, 7.38], [9.4, 8.3, 9.0, 11.56, 11.17, 5.44, 12.14, 13.11, 10.07, 9.44, 12.1, 8.69, 23.73, 10.54, 12.18, 6.69, 18.76, 14.39, 11.03, 7.03, 13.69, 8.91, 8.8, 4.7, 13.18, 9.06, 11.85, 15.82, 15.68, 8.49, 15.59, 8.99, 17.38, 7.22, 14.17, 7.38, 0.0]], "end_depot": 36, "horizon": [0.0, 1133.28], "instance_name": "35_75_A_A5", "speed_zone_count": 3, "speed_zones": [[0.0, 377.76], [377.76, 755.52], [755.52, 1133.28]], "start_depot": 0, "vehicle_count": 35}