{"cluster_count": 3, "cluster_speeds": [[0.154, 0.44, 0.154], [0.24, 0.6, 0.24], [0.415, 0.83, 0.415]], "clusters": [[-1, 0, 0, 0, 0, 0, 0, 0, 0, 0, 0, 0, 0, 0, 0, 0, 0, 0, 0, 0, 0, 0, 0, 0, 0, 0, 0, 0, 0, 0, 0, 0, 0, 0, 0, 0, 0], [0, -1, 0, 0, 0, 0, 0, 0, 0, 0, 0, 0, 0, 0, 0, 0, 0, 0, 0, 0, 0, 0, 0, 0, 0, 0, 0, 0, 0, 0, 0, 0, 0, 0, 0, 0, 0], [1, 1, -1, 1, 1, 1, 1, 1, 1, 1, 1, 1, 1, 1, 1, 1, 1, 1, 1, 1, 1, 1, 1, 1, 1, 1, 1, 1, 1, 1, 1, 1, 1, 1, 1, 1, 1], [0, 0, 0, -1, 0, 0, 0, 0, 0, 0, 0, 0, 0, 0, 0, 0, 0, 0, 0, 0, 0, 0, 0, 0, 0, 0, 0, 0, 0, 0, 0, 0, 0, 0, 0, 0, 0], [1, 1, 1, 1, -1, 1, 1, 1, 1, 1, 1, 1, 1, 1, 1, 1, 1, 1, 1, 1, 1, 1, 1, 1, 1, 1, 1, 1, 1, 1, 1, 1, 1, 1, 1, 1, 1], [0, 0, 0, 0, 0, -1, 0, 0, 0, 0, 0, 0, 0, 0, 0, 0, 0, 0, 0, 0, 0, 0, 0, 0, 0, 0, 0, 0, 0, 0, 0, 0, 0, 0, 0, 0, 0], [0, 0, 0, 0, 0, 0, -1, 0, 0, 0, 0, 0, 0, 0, 0, 0, 0, 0, 0, 0, 0, 0, 0, 0, 0, 0, 0, 0, 0, 0, 0, 0, 0, 0, 0, 0, 0], [0, 0, 0, 0, 0, 0, 0, -1, 0, 0, 0, 0, 0, 0, 0, 0, 0, 0, 0, 0, 0, 0, 0, 0, 0, 0, 0, 0, 0, 0, 0, 0, 0, 0, 0, 0, 0], [0, 0, 0, 0, 0, 0, 0, 0, -1, 0, 0, 0, 0, 0, 0, 0, 0, 0, 0, 0, 0, 0, 0, 0, 0, 0, 0, 0, 0, 0, 0, 0, 0, 0, 0, 0, 0], [1, 1, 1, 1, 1, 1, 1, 1, 1, -1, 1, 1, 1, 1, 1, 1, 1, 1, 1, 1, 1, 1, 1, 1, 1, 1, 1, 1, 1, 1, 1, 1, 1, 1, 1, 1, 1], [2, 2, 2, 2, 2, 2, 2, 2, 2, 2, -1, 2, 2, 2, 2, 2, 2, 2, 2, 2, 2, 2, 2, 2, 2, 2, 2, 2, 2, 2, 2, 2, 2, 2, 2, 2, 2], [1, 1, 1, 1, 1, 1, 1, 1, 1, 1, 1, -1, 1, 1, 1, 1, 1, 1, 1, 1, 1, 1, 1, 1, 1, 1, 1, 1, 1, 1, 1, 1, 1, 1, 1, 1, 1], [1, 1, 1, 1, 1, 1, 1, 1, 1, 1, 1, 1, -1, 1, 1, 1, 1, 1, 1, 1, 1, 1, 1, 1, 1, 1, 1, 1, 1, 1, 1, 1, 1, 1, 1, 1, 1], [0, 0, 0, 0, 0, 0, 0, 0, 0, 0, 0, 0, 0, -1, 0, 0, 0, 0, 0, 0, 0, 0, 0, 0, 0, 0, 0, 0, 0, 0, 0, 0, 0, 0, 0, 0, 0], [1, 1, 1, 1, 1, 1, 1, 1, 1, 1, 1, 1, 1, 1, -1, 1, 1, 1, 1, 1, 1, 1, 1, 1, 1, 1, 1, 1, 1, 1, 1, 1, 1, 1, 1, 1, 1], [0, 0, 0, 0, 0, 0, 0, 0, 0, 0, 0, 0, 0, 0, 0, -1, 0, 0, 0, 0, 0, 0, 0, 0, 0, 0, 0, 0, 0, 0, 0, 0, 0, 0, 0, 0, 0], [0, 0, 0, 0, 0, 0, 0, 0, 0, 0, 0, 0, 0, 0, 0, 0, -1, 0, 0, 0, 0, 0, 0, 0, 0, 0, 0, 0, 0, 0, 0, 0, 0, 0, 0, 0, 0], [0, 0, 0, 0, 0, 0, 0, 0, 0, 0, 0, 0, 0, 0, 0, 0, 0, -1, 0, 0, 0, 0, 0, 0, 0, 0, 0, 0, 0, 0, 0, 0, 0, 0, 0, 0, 0], [0, 0, 0, 0, 0, 0, 0, 0, 0, 0, 0, 0, 0, 0, 0, 0, 0, 0, -1, 0, 0, 0, 0, 0, 0, 0, 0, 0, 0, 0, 0, 0, 0, 0, 0, 0, 0], [1, 1, 1, 1, 1, 1, 1, 1, 1, 1, 1, 1, 1, 1, 1, 1, 1, 1, 1, -1, 1, 1, 1, 1, 1, 1, 1, 1, 1, 1, 1, 1, 1, 1, 1, 1, 1], [0, 0, 0, 0, 0, 0, 0, 0, 0, 0, 0, 0, 0, 0, 0, 0, 0, 0, 0, 0, -1, 0, 0, 0, 0, 0, 0, 0, 0, 0, 0, 0, 0, 0, 0, 0, 0], [1, 1, 1, 1, 1, 1, 1, 1, 1, 1, 1, 1, 1, 1, 1, 1, 1, 1, 1, 1, 1, -1, 1, 1, 1, 1, 1, 1, 1, 1, 1, 1, 1, 1, 1, 1, 1], [1, 1, 1, 1, 1, 1, 1, 1, 1, 1, 1, 1, 1, 1, 1, 1, 1, 1, 1, 1, 1, 1, -1, 1, 1, 1, 1, 1, 1, 1, 1, 1, 1, 1, 1, 1, 1], [0, 0, 0, 0, 0, 0, 0, 0, 0, 0, 0, 0, 0, 0, 0, 0, 0, 0, 0, 0, 0, 0, 0, -1, 0, 0, 0, 0, 0, 0, 0, 0, 0, 0, 0, 0, 0], [0, 0, 0, 0, 0, 0, 0, 0, 0, 0, 0, 0, 0, 0, 0, 0, 0, 0, 0, 0, 0, 0, 0, 0, -1, 0, 0, 0, 0, 0, 0, 0, 0, 0, 0, 0, 0], [0, 0, 0, 0, 0, 0, 0, 0, 0, 0, 0, 0, 0, 0, 0, 0, 0, 0, 0, 0, 0, 0, 0, 0, 0, -1, 0, 0, 0, 0, 0, 0, 0, 0, 0, 0, 0], [1, 1, 1, 1, 1, 1, 1, 1, 1, 1, 1, 1, 1, 1, 1, 1, 1, 1, 1, 1, 1, 1, 1, 1, 1, 1, -1, 1, 1, 1, 1, 1, 1, 1, 1, 1, 1], [0, 0, 0, 0, 0, 0, 0, 0, 0, 0, 0, 0, 0, 0, 0, 0, 0, 0, 0, 0, 0, 0, 0, 0, 0, 0, 0, -1, 0, 0, 0, 0, 0, 0, 0, 0, 0], [1, 1, 1, 1, 1, 1, 1, 1, 1, 1, 1, 1, 1, 1, 1, 1, 1, 1, 1, 1, 1, 1, 1, 1, 1, 1, 1, 1, -1, 1, 1, 1, 1, 1, 1, 1, 1], [1, 1, 1, 1, 1, 1, 1, 1, 1, 1, 1, 1, 1, 1, 1, 1, 1, 1, 1, 1, 1, 1, 1, 1, 1, 1, 1, 1, 1, -1, 1, 1, 1, 1, 1, 1, 1], [2, 2, 2, 2, 2, 2, 2, 2, 2, 2, 2, 2, 2, 2, 2, 2, 2, 2, 2, 2, 2, 2, 2, 2, 2, 2, 2, 2, 2, 2, -1, 2, 2, 2, 2, 2, 2], [0, 0, 0, 0, 0, 0, 0, 0, 0, 0, 0, 0, 0, 0, 0, 0, 0, 0, 0, 0, 0, 0, 0, 0, 0, 0, 0, 0, 0, 0, 0, -1, 0, 0, 0, 0, 0], [1, 1, 1, 1, 1, 1, 1, 1, 1, 1, 1, 1, 1, 1, 1, 1, 1, 1, 1, 1, 1, 1, 1, 1, 1, 1, 1, 1, 1, 1, 1, 1, -1, 1, 1, 1, 1], [0, 0, 0, 0, 0, 0, 0, 0, 0, 0, 0, 0, 0, 0, 0, 0, 0, 0, 0, 0, 0, 0, 0, 0, 0, 0, 0, 0, 0, 0, 0, 0, 0, -1, 0, 0, 0], [2, 2, 2, 2, 2, 2, 2, 2, 2, 2, 2, 2, 2, 2, 2, 2, 2, 2, 2, 2, 2, 2, 2, 2, 2, 2, 2, 2, 2, 2, 2, 2, 2, 2, -1, 2, 2], [1, 1, 1, 1, 1, 1, 1, 1, 1, 1, 1, 1, 1, 1, 1, 1, 1, 1, 1, 1, 1, 1, 1, 1, 1, 1, 1, 1, 1, 1, 1, 1, 1, 1, 1, -1, 1], [0, 0, 0, 0, 0, 0, 0, 0, 0, 0, 0, 0, 0, 0, 0, 0, 0, 0, 0, 0, 0, 0, 0, 0, 0, 0, 0, 0, 0, 0, 0, 0, 0, 0, 0, 0, -1]], "dataset_name": "cordeau_et_al_2014", "digraph": {"arc_count": 1260, "arcs": [[0, 1, 1, 1, 1, 1, 1, 1, 1, 1, 1, 1, 1, 1, 1, 1, 1, 1, 1, 1, 1, 1, 1, 1, 1, 1, 1, 1, 1, 1, 1, 1, 1, 1, 1, 1, 0], [0, 0, 1, 1, 1, 1, 1, 1, 1, 1, 1, 1, 1, 1, 1, 1, 1, 1, 1, 1, 1, 1, 1, 1, 1, 1, 1, 1, 1, 1, 1, 1, 1, 1, 1, 1, 1], [0, 1, 0, 1, 1, 1, 1, 1, 1, 1, 1, 1, 1, 1, 1, 1, 1, 1, 1, 1, 1, 1, 1, 1, 1, 1, 1, 1, 1, 1, 1, 1, 1, 1, 1, 1, 1], [0, 1, 1, 0, 1, 1, 1, 1, 1, 1, 1, 1, 1, 1, 1, 1, 1, 1, 1, 1, 1, 1, 1, 1, 1, 1, 1, 1, 1, 1, 1, 1, 1, 1, 1, 1, 1], [0, 1, 1, 1, 0, 1, 1, 1, 1, 1, 1, 1, 1, 1, 1, 1, 1, 1, 1, 1, 1, 1, 1, 1, 1, 1, 1, 1, 1, 1, 1, 1, 1, 1, 1, 1, 1], [0, 1, 1, 1, 1, 0, 1, 1, 1, 1, 1, 1, 1, 1, 1, 1, 1, 1, 1, 1, 1, 1, 1, 1, 1, 1, 1, 1, 1, 1, 1, 1, 1, 1, 1, 1, 1], [0, 1, 1, 1, 1, 1, 0, 1, 1, 1, 1, 1, 1, 1, 1, 1, 1, 1, 1, 1, 1, 1, 1, 1, 1, 1, 1, 1, 1, 1, 1, 1, 1, 1, 1, 1, 1], [0, 1, 1, 1, 1, 1, 1, 0, 1, 1, 1, 1, 1, 1, 1, 1, 1, 1, 1, 1, 1, 1, 1, 1, 1, 1, 1, 1, 1, 1, 1, 1, 1, 1, 1, 1, 1], [0, 1, 1, 1, 1, 1, 1, 1, 0, 1, 1, 1, 1, 1, 1, 1, 1, 1, 1, 1, 1, 1, 1, 1, 1, 1, 1, 1, 1, 1, 1, 1, 1, 1, 1, 1, 1], [0, 1, 1, 1, 1, 1, 1, 1, 1, 0, 1, 1, 1, 1, 1, 1, 1, 1, 1, 1, 1, 1, 1, 1, 1, 1, 1, 1, 1, 1, 1, 1, 1, 1, 1, 1, 1], [0, 1, 1, 1, 1, 1, 1, 1, 1, 1, 0, 1, 1, 1, 1, 1, 1, 1, 1, 1, 1, 1, 1, 1, 1, 1, 1, 1, 1, 1, 1, 1, 1, 1, 1, 1, 1], [0, 1, 1, 1, 1, 1, 1, 1, 1, 1, 1, 0, 1, 1, 1, 1, 1, 1, 1, 1, 1, 1, 1, 1, 1, 1, 1, 1, 1, 1, 1, 1, 1, 1, 1, 1, 1], [0, 1, 1, 1, 1, 1, 1, 1, 1, 1, 1, 1, 0, 1, 1, 1, 1, 1, 1, 1, 1, 1, 1, 1, 1, 1, 1, 1, 1, 1, 1, 1, 1, 1, 1, 1, 1], [0, 1, 1, 1, 1, 1, 1, 1, 1, 1, 1, 1, 1, 0, 1, 1, 1, 1, 1, 1, 1, 1, 1, 1, 1, 1, 1, 1, 1, 1, 1, 1, 1, 1, 1, 1, 1], [0, 1, 1, 1, 1, 1, 1, 1, 1, 1, 1, 1, 1, 1, 0, 1, 1, 1, 1, 1, 1, 1, 1, 1, 1, 1, 1, 1, 1, 1, 1, 1, 1, 1, 1, 1, 1], [0, 1, 1, 1, 1, 1, 1, 1, 1, 1, 1, 1, 1, 1, 1, 0, 1, 1, 1, 1, 1, 1, 1, 1, 1, 1, 1, 1, 1, 1, 1, 1, 1, 1, 1, 1, 1], [0, 1, 1, 1, 1, 1, 1, 1, 1, 1, 1, 1, 1, 1, 1, 1, 0, 1, 1, 1, 1, 1, 1, 1, 1, 1, 1, 1, 1, 1, 1, 1, 1, 1, 1, 1, 1], [0, 1, 1, 1, 1, 1, 1, 1, 1, 1, 1, 1, 1, 1, 1, 1, 1, 0, 1, 1, 1, 1, 1, 1, 1, 1, 1, 1, 1, 1, 1, 1, 1, 1, 1, 1, 1], [0, 1, 1, 1, 1, 1, 1, 1, 1, 1, 1, 1, 1, 1, 1, 1, 1, 1, 0, 1, 1, 1, 1, 1, 1, 1, 1, 1, 1, 1, 1, 1, 1, 1, 1, 1, 1], [0, 1, 1, 1, 1, 1, 1, 1, 1, 1, 1, 1, 1, 1, 1, 1, 1, 1, 1, 0, 1, 1, 1, 1, 1, 1, 1, 1, 1, 1, 1, 1, 1, 1, 1, 1, 1], [0, 1, 1, 1, 1, 1, 1, 1, 1, 1, 1, 1, 1, 1, 1, 1, 1, 1, 1, 1, 0, 1, 1, 1, 1, 1, 1, 1, 1, 1, 1, 1, 1, 1, 1, 1, 1], [0, 1, 1, 1, 1, 1, 1, 1, 1, 1, 1, 1, 1, 1, 1, 1, 1, 1, 1, 1, 1, 0, 1, 1, 1, 1, 1, 1, 1, 1, 1, 1, 1, 1, 1, 1, 1], [0, 1, 1, 1, 1, 1, 1, 1, 1, 1, 1, 1, 1, 1, 1, 1, 1, 1, 1, 1, 1, 1, 0, 1, 1, 1, 1, 1, 1, 1, 1, 1, 1, 1, 1, 1, 1], [0, 1, 1, 1, 1, 1, 1, 1, 1, 1, 1, 1, 1, 1, 1, 1, 1, 1, 1, 1, 1, 1, 1, 0, 1, 1, 1, 1, 1, 1, 1, 1, 1, 1, 1, 1, 1], [0, 1, 1, 1, 1, 1, 1, 1, 1, 1, 1, 1, 1, 1, 1, 1, 1, 1, 1, 1, 1, 1, 1, 1, 0, 1, 1, 1, 1, 1, 1, 1, 1, 1, 1, 1, 1], [0, 1, 1, 1, 1, 1, 1, 1, 1, 1, 1, 1, 1, 1, 1, 1, 1, 1, 1, 1, 1, 1, 1, 1, 1, 0, 1, 1, 1, 1, 1, 1, 1, 1, 1, 1, 1], [0, 1, 1, 1, 1, 1, 1, 1, 1, 1, 1, 1, 1, 1, 1, 1, 1, 1, 1, 1, 1, 1, 1, 1, 1, 1, 0, 1, 1, 1, 1, 1, 1, 1, 1, 1, 1], [0, 1, 1, 1, 1, 1, 1, 1, 1, 1, 1, 1, 1, 1, 1, 1, 1, 1, 1, 1, 1, 1, 1, 1, 1, 1, 1, 0, 1, 1, 1, 1, 1, 1, 1, 1, 1], [0, 1, 1, 1, 1, 1, 1, 1, 1, 1, 1, 1, 1, 1, 1, 1, 1, 1, 1, 1, 1, 1, 1, 1, 1, 1, 1, 1, 0, 1, 1, 1, 1, 1, 1, 1, 1], [0, 1, 1, 1, 1, 1, 1, 1, 1, 1, 1, 1, 1, 1, 1, 1, 1, 1, 1, 1, 1, 1, 1, 1, 1, 1, 1, 1, 1, 0, 1, 1, 1, 1, 1, 1, 1], [0, 1, 1, 1, 1, 1, 1, 1, 1, 1, 1, 1, 1, 1, 1, 1, 1, 1, 1, 1, 1, 1, 1, 1, 1, 1, 1, 1, 1, 1, 0, 1, 1, 1, 1, 1, 1], [0, 1, 1, 1, 1, 1, 1, 1, 1, 1, 1, 1, 1, 1, 1, 1, 1, 1, 1, 1, 1, 1, 1, 1, 1, 1, 1, 1, 1, 1, 1, 0, 1, 1, 1, 1, 1], [0, 1, 1, 1, 1, 1, 1, 1, 1, 1, 1, 1, 1, 1, 1, 1, 1, 1, 1, 1, 1, 1, 1, 1, 1, 1, 1, 1, 1, 1, 1, 1, 0, 1, 1, 1, 1], [0, 1, 1, 1, 1, 1, 1, 1, 1, 1, 1, 1, 1, 1, 1, 1, 1, 1, 1, 1, 1, 1, 1, 1, 1, 1, 1, 1, 1, 1, 1, 1, 1, 0, 1, 1, 1], [0, 1, 1, 1, 1, 1, 1, 1, 1, 1, 1, 1, 1, 1, 1, 1, 1, 1, 1, 1, 1, 1, 1, 1, 1, 1, 1, 1, 1, 1, 1, 1, 1, 1, 0, 1, 1], [0, 1, 1, 1, 1, 1, 1, 1, 1, 1, 1, 1, 1, 1, 1, 1, 1, 1, 1, 1, 1, 1, 1, 1, 1, 1, 1, 1, 1, 1, 1, 1, 1, 1, 1, 0, 1], [0, 0, 0, 0, 0, 0, 0, 0, 0, 0, 0, 0, 0, 0, 0, 0, 0, 0, 0, 0, 0, 0, 0, 0, 0, 0, 0, 0, 0, 0, 0, 0, 0, 0, 0, 0, 0]], "vertex_count": 37}, "distances": [[0.0, 6.88, 16.7, 6.81, 19.23, 8.37, 12.23, 14.23, 11.3, 16.08, 29.63, 16.73, 18.71, 8.91, 15.86, 10.87, 14.53, 10.36, 11.63, 18.27, 13.33, 20.72, 20.78, 9.79, 14.8, 13.39, 16.47, 7.99, 20.35, 20.43, 27.78, 13.66, 22.97, 9.99, 40.82, 16.02, 13.62], [6.88, 0.0, 11.16, 13.68, 25.44, 5.38, 15.37, 11.15, 11.15, 16.49, 31.58, 16.93, 24.77, 11.49, 13.52, 16.47, 14.44, 17.21, 11.01, 17.99, 18.12, 24.42, 19.96, 15.44, 10.62, 6.88, 22.31, 13.46, 14.51, 19.28, 22.12, 18.56, 25.36, 7.0, 37.07, 22.68, 6.88], [16.7, 11.16, 0.0, 23.06, 35.93, 15.71, 17.93, 19.73, 11.29, 14.49, 29.02, 14.42, 35.38, 8.96, 8.24, 22.33, 24.68, 26.62, 21.34, 14.32, 22.34, 25.72, 29.29, 21.6, 19.85, 5.18, 33.06, 24.29, 13.08, 13.75, 11.1, 29.63, 24.32, 16.79, 26.48, 32.57, 16.7], [6.81, 13.68, 23.06, 0.0, 13.43, 14.09, 12.98, 19.03, 15.31, 18.82, 29.69, 19.56, 13.17, 15.71, 20.62, 8.23, 17.13, 13.04, 15.22, 21.31, 11.53, 19.38, 23.21, 7.39, 12.75, 20.14, 11.46, 5.95, 26.77, 23.97, 34.01, 10.63, 22.99, 15.37, 45.59, 9.55, 6.81], [19.23, 25.44, 35.93, 13.43, 0.0, 23.49, 25.52, 25.84, 28.72, 31.86, 40.39, 32.61, 10.2, 27.69, 34.05, 19.46, 20.82, 10.42, 21.18, 34.39, 22.54, 29.46, 24.84, 19.14, 16.41, 32.3, 10.58, 12.1, 39.56, 37.17, 47.01, 8.78, 34.08, 23.96, 59.0, 4.88, 19.23], [8.37, 5.38, 15.71, 14.09, 23.49, 0.0, 19.59, 6.17, 16.28, 21.62, 36.45, 22.11, 22.63, 6.99, 18.9, 19.22, 9.14, 17.18, 5.72, 23.26, 21.5, 28.51, 14.58, 18.14, 11.72, 10.73, 20.0, 11.53, 18.62, 24.65, 26.17, 15.54, 30.03, 10.32, 42.05, 21.69, 8.37], [12.23, 15.37, 17.93, 12.98, 25.52, 19.59, 0.0, 25.76, 6.65, 6.67, 17.44, 7.41, 25.53, 15.84, 11.4, 6.39, 26.76, 15.17, 23.78, 9.18, 4.71, 9.05, 33.0, 6.43, 11.42, 18.16, 24.23, 18.2, 21.29, 12.13, 26.89, 23.51, 10.75, 21.37, 34.4, 20.86, 12.23], [14.23, 11.15, 19.73, 19.03, 25.84, 6.17, 25.76, 0.0, 22.28, 27.62, 42.58, 28.07, 24.81, 12.13, 24.36, 25.07, 6.32, 21.62, 4.66, 29.13, 27.52, 34.65, 9.57, 23.99, 17.18, 14.55, 22.13, 14.96, 21.94, 30.3, 29.07, 17.16, 36.2, 4.4, 46.15, 25.11, 14.23], [11.3, 11.15, 11.29, 15.31, 28.72, 16.28, 6.65, 22.28, 0.0, 5.34, 20.52, 5.83, 28.48, 10.79, 5.49, 11.75, 24.75, 18.43, 21.44, 7.12, 11.18, 14.81, 30.7, 11.26, 12.59, 12.04, 26.66, 19.0, 14.65, 9.13, 20.54, 24.69, 14.57, 18.02, 30.28, 24.52, 11.3], [16.08, 16.49, 14.49, 18.82, 31.86, 21.62, 6.67, 27.62, 5.34, 0.0, 15.35, 10.19, 31.78, 16.0, 6.45, 13.05, 29.98, 21.44, 26.7, 12.46, 11.1, 11.55, 35.99, 13.01, 16.6, 16.58, 30.26, 23.32, 17.18, 5.46, 21.54, 28.91, 9.89, 23.36, 27.73, 27.32, 16.08], [29.63, 31.58, 29.02, 29.69, 40.39, 36.45, 17.44, 42.58, 20.52, 15.35, 0.0, 15.11, 40.73, 31.3, 20.84, 21.62, 44.14, 30.93, 41.07, 14.76, 18.29, 10.94, 50.34, 22.33, 28.71, 31.83, 40.05, 35.34, 30.91, 15.53, 32.83, 40.31, 6.74, 38.22, 30.07, 35.51, 29.63], [16.73, 16.93, 14.42, 19.56, 32.61, 22.11, 7.41, 28.07, 5.83, 10.19, 15.11, 0.0, 32.53, 16.35, 6.26, 13.79, 30.55, 22.2, 27.25, 12.36, 11.79, 11.9, 36.52, 13.75, 17.31, 16.74, 31.01, 24.03, 16.99, 4.73, 21.11, 29.63, 9.9, 23.83, 26.99, 28.07, 16.73], [18.71, 24.77, 35.38, 13.17, 10.2, 22.63, 25.53, 24.81, 28.48, 31.78, 40.73, 32.53, 0.0, 27.03, 33.76, 19.59, 19.71, 10.37, 20.15, 34.31, 22.74, 29.82, 23.66, 19.21, 16.04, 31.64, 11.01, 11.35, 38.99, 37.05, 46.47, 7.69, 34.35, 23.04, 58.76, 5.32, 18.71], [8.91, 11.49, 8.96, 15.71, 27.69, 6.99, 15.84, 12.13, 10.79, 16.0, 31.3, 16.35, 27.03, 0.0, 12.23, 17.74, 16.13, 19.27, 12.72, 17.22, 19.05, 24.84, 21.34, 16.76, 12.57, 4.61, 24.59, 15.74, 12.24, 18.2, 19.86, 20.84, 25.3, 8.37, 35.1, 24.85, 8.91], [15.86, 13.52, 8.24, 20.62, 34.05, 18.9, 11.4, 24.36, 5.49, 6.45, 20.84, 6.26, 33.76, 12.23, 0.0, 17.11, 27.91, 23.84, 24.49, 6.1, 16.11, 17.96, 33.46, 16.69, 17.75, 11.31, 31.84, 23.81, 10.74, 6.09, 15.52, 29.5, 16.13, 20.47, 25.06, 29.95, 15.86], [10.87, 16.47, 22.33, 8.23, 19.46, 19.22, 6.39, 25.07, 11.75, 13.05, 21.62, 13.79, 19.59, 17.74, 17.11, 0.0, 24.53, 9.41, 22.07, 15.57, 11.1, 11.15, 30.78, 12.82, 8.21, 21.21, 18.59, 14.11, 25.95, 18.52, 32.26, 18.74, 14.99, 20.86, 40.78, 14.69, 10.87], [14.53, 14.44, 24.68, 17.13, 20.82, 9.14, 26.76, 6.32, 24.75, 29.98, 44.14, 30.55, 19.71, 16.13, 27.91, 24.53, 0.0, 18.85, 10.98, 31.86, 27.45, 35.11, 6.28, 23.49, 16.32, 19.57, 17.1, 11.76, 27.33, 33.5, 34.71, 12.06, 37.5, 7.89, 51.12, 21.01, 14.53], [10.36, 17.21, 26.62, 13.04, 10.42, 17.18, 15.17, 21.62, 18.43, 21.44, 30.93, 22.2, 10.37, 19.27, 23.84, 9.41, 18.85, 0.0, 17.47, 23.98, 12.68, 20.21, 24.62, 8.91, 6.81, 23.72, 9.18, 7.1, 30.34, 26.76, 37.53, 9.95, 24.37, 18.3, 48.66, 6.11, 10.36], [11.63, 11.01, 21.34, 15.22, 21.18, 5.72, 23.78, 4.66, 21.44, 26.7, 41.07, 27.25, 20.15, 12.72, 24.49, 22.07, 10.98, 17.47, 0.0, 28.53, 24.83, 32.34, 9.3, 21.0, 13.9, 16.27, 17.47, 10.57, 24.1, 30.11, 31.56, 12.5, 34.48, 4.6, 47.75, 20.57, 11.63], [18.27, 17.99, 14.32, 21.31, 34.39, 23.26, 9.18, 29.13, 7.12, 12.46, 14.76, 12.36, 34.31, 17.22, 6.1, 15.57, 31.86, 23.98, 28.53, 0.0, 13.49, 12.92, 37.76, 15.54, 19.01, 17.15, 32.76, 25.68, 16.56, 12.19, 20.11, 31.31, 10.23, 24.96, 25.24, 29.86, 18.27], [13.33, 18.12, 22.34, 11.53, 22.54, 21.5, 4.71, 27.52, 11.18, 11.1, 18.29, 11.79, 22.74, 19.05, 16.11, 11.1, 27.45, 12.68, 24.83, 13.49, 0.0, 7.87, 33.72, 11.14, 11.18, 22.0, 21.84, 17.37, 25.8, 16.47, 31.58, 22.07, 11.7, 23.21, 38.68, 17.7, 13.33], [20.72, 24.42, 25.72, 19.38, 29.46, 28.51, 9.05, 34.65, 14.81, 11.55, 10.94, 11.9, 29.82, 24.84, 17.96, 11.15, 35.11, 20.21, 32.34, 12.92, 7.87, 0.0, 41.39, 12.02, 18.97, 26.81, 29.23, 25.24, 28.65, 15.47, 32.98, 29.85, 5.23, 30.27, 36.08, 24.58, 20.72], [20.78, 19.96, 29.29, 23.21, 24.84, 14.58, 33.0, 9.57, 30.7, 35.99, 50.34, 36.52, 23.66, 21.34, 33.46, 30.78, 6.28, 24.62, 9.3, 37.76, 33.72, 41.39, 0.0, 29.74, 22.57, 24.11, 21.28, 17.58, 31.5, 39.23, 38.52, 16.52, 43.73, 13.0, 55.72, 25.95, 20.78], [9.79, 15.44, 21.6, 7.39, 19.14, 18.14, 6.43, 23.99, 11.26, 13.01, 22.33, 13.75, 19.21, 16.76, 16.69, 12.82, 23.49, 8.91, 21.0, 15.54, 11.14, 12.02, 29.74, 0.0, 7.17, 20.32, 18.08, 13.22, 25.25, 18.45, 31.69, 17.99, 15.65, 19.78, 40.67, 14.44, 9.79], [14.8, 10.62, 19.85, 12.75, 16.41, 11.72, 11.42, 17.18, 12.59, 16.6, 28.71, 17.31, 16.04, 12.57, 17.75, 8.21, 16.32, 6.81, 13.9, 19.01, 11.18, 18.97, 22.57, 7.17, 0.0, 16.95, 14.1, 6.81, 23.56, 21.51, 30.82, 12.32, 21.97, 13.19, 42.79, 12.73, 14.8], [13.39, 6.88, 5.18, 20.14, 32.3, 10.73, 18.16, 14.55, 12.04, 16.58, 31.83, 16.74, 31.64, 4.61, 11.31, 21.21, 19.57, 23.72, 16.27, 17.15, 22.0, 26.81, 24.11, 20.32, 16.95, 0.0, 29.19, 20.34, 7.9, 17.36, 15.49, 25.37, 26.4, 11.69, 31.64, 29.39, 13.39], [16.47, 22.31, 33.06, 11.46, 10.58, 20.0, 24.23, 22.13, 26.66, 30.26, 40.05, 31.01, 11.01, 24.59, 31.84, 18.59, 17.1, 9.18, 17.47, 32.76, 21.84, 29.23, 21.28, 18.08, 14.1, 29.19, 0.0, 8.85, 36.64, 35.42, 44.16, 5.04, 33.53, 20.37, 56.89, 5.7, 16.47], [7.99, 13.46, 24.29, 5.95, 12.1, 11.53, 18.2, 14.96, 19.0, 23.32, 35.34, 24.03, 11.35, 15.74, 23.81, 14.11, 11.76, 7.1, 10.57, 25.68, 17.37, 25.24, 17.58, 13.22, 6.81, 20.34, 8.85, 0.0, 27.83, 28.07, 35.39, 5.7, 28.61, 12.23, 48.8, 10.27, 7.99], [20.35, 14.51, 13.08, 26.77, 39.56, 18.62, 21.29, 21.94, 14.65, 17.18, 30.91, 16.99, 38.99, 12.24, 10.74, 25.95, 27.33, 30.34, 24.1, 16.56, 25.8, 28.65, 31.5, 25.25, 23.56, 7.9, 36.64, 27.83, 0.0, 15.38, 7.62, 33.07, 26.77, 19.5, 24.35, 36.27, 20.35], [20.43, 19.28, 13.75, 23.97, 37.17, 24.65, 12.13, 30.3, 9.13, 5.46, 15.53, 4.73, 37.05, 18.2, 6.09, 18.52, 33.5, 26.76, 30.11, 12.19, 16.47, 15.47, 39.23, 18.45, 21.51, 17.36, 35.42, 28.07, 15.38, 0.0, 17.95, 33.74, 12.12, 26.28, 22.27, 32.7, 20.43], [27.78, 22.12, 11.1, 34.01, 47.01, 26.17, 26.89, 29.07, 20.54, 21.54, 32.83, 21.11, 46.47, 19.86, 15.52, 32.26, 34.71, 37.53, 31.56, 20.11, 31.58, 32.98, 38.52, 31.69, 30.82, 15.49, 44.16, 35.39, 7.62, 17.95, 0.0, 40.67, 30.06, 26.96, 18.45, 43.55, 27.78], [13.66, 18.56, 29.63, 10.63, 8.78, 15.54, 23.51, 17.16, 24.69, 28.91, 40.31, 29.63, 7.69, 20.84, 29.5, 18.74, 12.06, 9.95, 12.5, 31.31, 22.07, 29.85, 16.52, 17.99, 12.32, 25.37, 5.04, 5.7, 33.07, 33.74, 40.67, 0.0, 33.62, 15.7, 54.47, 9.49, 13.66], [22.97, 25.36, 24.32, 22.99, 34.08, 30.03, 10.75, 36.2, 14.57, 9.89, 6.74, 9.9, 34.35, 25.3, 16.13, 14.99, 37.5, 24.37, 34.48, 10.23, 11.7, 5.23, 43.73, 15.65, 21.97, 26.4, 33.53, 28.61, 26.77, 12.12, 30.06, 33.62, 0.0, 31.81, 31.27, 29.21, 22.97], [9.99, 7.0, 16.79, 15.37, 23.96, 10.32, 21.37, 4.4, 18.02, 23.36, 38.22, 23.83, 23.04, 8.37, 20.47, 20.86, 7.89, 18.3, 4.6, 24.96, 23.21, 30.27, 13.0, 19.78, 13.19, 11.69, 20.37, 12.23, 19.5, 26.28, 26.96, 15.7, 31.81, 0.0, 43.24, 22.49, 9.99], [40.82, 37.07, 26.48, 45.59, 59.0, 42.05, 34.4, 46.15, 30.28, 27.73, 30.07, 26.99, 58.76, 35.1, 25.06, 40.78, 51.12, 48.66, 47.75, 25.24, 38.68, 36.08, 55.72, 40.67, 42.79, 31.64, 56.89, 48.8, 24.35, 22.27, 18.45, 54.47, 31.27, 43.24, 0.0, 54.71, 40.82], [16.02, 22.68, 32.57, 9.55, 4.88, 21.69, 20.86, 25.11, 24.52, 27.32, 35.51, 28.07, 5.32, 24.85, 29.95, 14.69, 21.01, 6.11, 20.57, 29.86, 17.7, 24.58, 25.95, 14.44, 12.73, 29.39, 5.7, 10.27, 36.27, 32.7, 43.55, 9.49, 29.21, 22.49, 54.71, 0.0, 16.02], [13.62, 6.88, 16.7, 6.81, 19.23, 8.37, 12.23, 14.23, 11.3, 16.08, 29.63, 16.73, 18.71, 8.91, 15.86, 10.87, 14.53, 10.36, 11.63, 18.27, 13.33, 20.72, 20.78, 9.79, 14.8, 13.39, 16.47, 7.99, 20.35, 20.43, 27.78, 13.66, 22.97, 9.99, 40.82, 16.02, 0.0]], "end_depot": 36, "horizon": [0.0, 1467.69], "instance_name": "35_70_B_C1", "speed_zone_count": 3, "speed_zones": [[0.0, 489.23], [489.23, 978.46], [978.46, 1467.69]], "start_depot": 0, "vehicle_count": 35}