{"cluster_count": 3, "cluster_speeds": [[0.22, 0.44, 0.22], [0.225, 0.6, 0.225], [0.39425, 0.83, 0.39425]], "clusters": [[-1, 0, 0, 0, 0, 0, 0, 0, 0, 0, 0, 0, 0, 0, 0, 0, 0, 0, 0, 0, 0, 0, 0, 0, 0, 0, 0, 0, 0, 0, 0, 0, 0, 0, 0, 0, 0], [0, -1, 0, 0, 0, 0, 0, 0, 0, 0, 0, 0, 0, 0, 0, 0, 0, 0, 0, 0, 0, 0, 0, 0, 0, 0, 0, 0, 0, 0, 0, 0, 0, 0, 0, 0, 0], [0, 0, -1, 0, 0, 0, 0, 0, 0, 0, 0, 0, 0, 0, 0, 0, 0, 0, 0, 0, 0, 0, 0, 0, 0, 0, 0, 0, 0, 0, 0, 0, 0, 0, 0, 0, 0], [0, 0, 0, -1, 0, 0, 0, 0, 0, 0, 0, 0, 0, 0, 0, 0, 0, 0, 0, 0, 0, 0, 0, 0, 0, 0, 0, 0, 0, 0, 0, 0, 0, 0, 0, 0, 0], [1, 1, 1, 1, -1, 1, 1, 1, 1, 1, 1, 1, 1, 1, 1, 1, 1, 1, 1, 1, 1, 1, 1, 1, 1, 1, 1, 1, 1, 1, 1, 1, 1, 1, 1, 1, 1], [0, 0, 0, 0, 0, -1, 0, 0, 0, 0, 0, 0, 0, 0, 0, 0, 0, 0, 0, 0, 0, 0, 0, 0, 0, 0, 0, 0, 0, 0, 0, 0, 0, 0, 0, 0, 0], [2, 2, 2, 2, 2, 2, -1, 2, 2, 2, 2, 2, 2, 2, 2, 2, 2, 2, 2, 2, 2, 2, 2, 2, 2, 2, 2, 2, 2, 2, 2, 2, 2, 2, 2, 2, 2], [2, 2, 2, 2, 2, 2, 2, -1, 2, 2, 2, 2, 2, 2, 2, 2, 2, 2, 2, 2, 2, 2, 2, 2, 2, 2, 2, 2, 2, 2, 2, 2, 2, 2, 2, 2, 2], [0, 0, 0, 0, 0, 0, 0, 0, -1, 0, 0, 0, 0, 0, 0, 0, 0, 0, 0, 0, 0, 0, 0, 0, 0, 0, 0, 0, 0, 0, 0, 0, 0, 0, 0, 0, 0], [0, 0, 0, 0, 0, 0, 0, 0, 0, -1, 0, 0, 0, 0, 0, 0, 0, 0, 0, 0, 0, 0, 0, 0, 0, 0, 0, 0, 0, 0, 0, 0, 0, 0, 0, 0, 0], [2, 2, 2, 2, 2, 2, 2, 2, 2, 2, -1, 2, 2, 2, 2, 2, 2, 2, 2, 2, 2, 2, 2, 2, 2, 2, 2, 2, 2, 2, 2, 2, 2, 2, 2, 2, 2], [0, 0, 0, 0, 0, 0, 0, 0, 0, 0, 0, -1, 0, 0, 0, 0, 0, 0, 0, 0, 0, 0, 0, 0, 0, 0, 0, 0, 0, 0, 0, 0, 0, 0, 0, 0, 0], [0, 0, 0, 0, 0, 0, 0, 0, 0, 0, 0, 0, -1, 0, 0, 0, 0, 0, 0, 0, 0, 0, 0, 0, 0, 0, 0, 0, 0, 0, 0, 0, 0, 0, 0, 0, 0], [0, 0, 0, 0, 0, 0, 0, 0, 0, 0, 0, 0, 0, -1, 0, 0, 0, 0, 0, 0, 0, 0, 0, 0, 0, 0, 0, 0, 0, 0, 0, 0, 0, 0, 0, 0, 0], [0, 0, 0, 0, 0, 0, 0, 0, 0, 0, 0, 0, 0, 0, -1, 0, 0, 0, 0, 0, 0, 0, 0, 0, 0, 0, 0, 0, 0, 0, 0, 0, 0, 0, 0, 0, 0], [0, 0, 0, 0, 0, 0, 0, 0, 0, 0, 0, 0, 0, 0, 0, -1, 0, 0, 0, 0, 0, 0, 0, 0, 0, 0, 0, 0, 0, 0, 0, 0, 0, 0, 0, 0, 0], [0, 0, 0, 0, 0, 0, 0, 0, 0, 0, 0, 0, 0, 0, 0, 0, -1, 0, 0, 0, 0, 0, 0, 0, 0, 0, 0, 0, 0, 0, 0, 0, 0, 0, 0, 0, 0], [0, 0, 0, 0, 0, 0, 0, 0, 0, 0, 0, 0, 0, 0, 0, 0, 0, -1, 0, 0, 0, 0, 0, 0, 0, 0, 0, 0, 0, 0, 0, 0, 0, 0, 0, 0, 0], [0, 0, 0, 0, 0, 0, 0, 0, 0, 0, 0, 0, 0, 0, 0, 0, 0, 0, -1, 0, 0, 0, 0, 0, 0, 0, 0, 0, 0, 0, 0, 0, 0, 0, 0, 0, 0], [0, 0, 0, 0, 0, 0, 0, 0, 0, 0, 0, 0, 0, 0, 0, 0, 0, 0, 0, -1, 0, 0, 0, 0, 0, 0, 0, 0, 0, 0, 0, 0, 0, 0, 0, 0, 0], [0, 0, 0, 0, 0, 0, 0, 0, 0, 0, 0, 0, 0, 0, 0, 0, 0, 0, 0, 0, -1, 0, 0, 0, 0, 0, 0, 0, 0, 0, 0, 0, 0, 0, 0, 0, 0], [0, 0, 0, 0, 0, 0, 0, 0, 0, 0, 0, 0, 0, 0, 0, 0, 0, 0, 0, 0, 0, -1, 0, 0, 0, 0, 0, 0, 0, 0, 0, 0, 0, 0, 0, 0, 0], [1, 1, 1, 1, 1, 1, 1, 1, 1, 1, 1, 1, 1, 1, 1, 1, 1, 1, 1, 1, 1, 1, -1, 1, 1, 1, 1, 1, 1, 1, 1, 1, 1, 1, 1, 1, 1], [0, 0, 0, 0, 0, 0, 0, 0, 0, 0, 0, 0, 0, 0, 0, 0, 0, 0, 0, 0, 0, 0, 0, -1, 0, 0, 0, 0, 0, 0, 0, 0, 0, 0, 0, 0, 0], [0, 0, 0, 0, 0, 0, 0, 0, 0, 0, 0, 0, 0, 0, 0, 0, 0, 0, 0, 0, 0, 0, 0, 0, -1, 0, 0, 0, 0, 0, 0, 0, 0, 0, 0, 0, 0], [1, 1, 1, 1, 1, 1, 1, 1, 1, 1, 1, 1, 1, 1, 1, 1, 1, 1, 1, 1, 1, 1, 1, 1, 1, -1, 1, 1, 1, 1, 1, 1, 1, 1, 1, 1, 1], [0, 0, 0, 0, 0, 0, 0, 0, 0, 0, 0, 0, 0, 0, 0, 0, 0, 0, 0, 0, 0, 0, 0, 0, 0, 0, -1, 0, 0, 0, 0, 0, 0, 0, 0, 0, 0], [0, 0, 0, 0, 0, 0, 0, 0, 0, 0, 0, 0, 0, 0, 0, 0, 0, 0, 0, 0, 0, 0, 0, 0, 0, 0, 0, -1, 0, 0, 0, 0, 0, 0, 0, 0, 0], [1, 1, 1, 1, 1, 1, 1, 1, 1, 1, 1, 1, 1, 1, 1, 1, 1, 1, 1, 1, 1, 1, 1, 1, 1, 1, 1, 1, -1, 1, 1, 1, 1, 1, 1, 1, 1], [0, 0, 0, 0, 0, 0, 0, 0, 0, 0, 0, 0, 0, 0, 0, 0, 0, 0, 0, 0, 0, 0, 0, 0, 0, 0, 0, 0, 0, -1, 0, 0, 0, 0, 0, 0, 0], [0, 0, 0, 0, 0, 0, 0, 0, 0, 0, 0, 0, 0, 0, 0, 0, 0, 0, 0, 0, 0, 0, 0, 0, 0, 0, 0, 0, 0, 0, -1, 0, 0, 0, 0, 0, 0], [1, 1, 1, 1, 1, 1, 1, 1, 1, 1, 1, 1, 1, 1, 1, 1, 1, 1, 1, 1, 1, 1, 1, 1, 1, 1, 1, 1, 1, 1, 1, -1, 1, 1, 1, 1, 1], [1, 1, 1, 1, 1, 1, 1, 1, 1, 1, 1, 1, 1, 1, 1, 1, 1, 1, 1, 1, 1, 1, 1, 1, 1, 1, 1, 1, 1, 1, 1, 1, -1, 1, 1, 1, 1], [0, 0, 0, 0, 0, 0, 0, 0, 0, 0, 0, 0, 0, 0, 0, 0, 0, 0, 0, 0, 0, 0, 0, 0, 0, 0, 0, 0, 0, 0, 0, 0, 0, -1, 0, 0, 0], [2, 2, 2, 2, 2, 2, 2, 2, 2, 2, 2, 2, 2, 2, 2, 2, 2, 2, 2, 2, 2, 2, 2, 2, 2, 2, 2, 2, 2, 2, 2, 2, 2, 2, -1, 2, 2], [1, 1, 1, 1, 1, 1, 1, 1, 1, 1, 1, 1, 1, 1, 1, 1, 1, 1, 1, 1, 1, 1, 1, 1, 1, 1, 1, 1, 1, 1, 1, 1, 1, 1, 1, -1, 1], [0, 0, 0, 0, 0, 0, 0, 0, 0, 0, 0, 0, 0, 0, 0, 0, 0, 0, 0, 0, 0, 0, 0, 0, 0, 0, 0, 0, 0, 0, 0, 0, 0, 0, 0, 0, -1]], "dataset_name": "cordeau_et_al_2014", "digraph": {"arc_count": 1260, "arcs": [[0, 1, 1, 1, 1, 1, 1, 1, 1, 1, 1, 1, 1, 1, 1, 1, 1, 1, 1, 1, 1, 1, 1, 1, 1, 1, 1, 1, 1, 1, 1, 1, 1, 1, 1, 1, 0], [0, 0, 1, 1, 1, 1, 1, 1, 1, 1, 1, 1, 1, 1, 1, 1, 1, 1, 1, 1, 1, 1, 1, 1, 1, 1, 1, 1, 1, 1, 1, 1, 1, 1, 1, 1, 1], [0, 1, 0, 1, 1, 1, 1, 1, 1, 1, 1, 1, 1, 1, 1, 1, 1, 1, 1, 1, 1, 1, 1, 1, 1, 1, 1, 1, 1, 1, 1, 1, 1, 1, 1, 1, 1], [0, 1, 1, 0, 1, 1, 1, 1, 1, 1, 1, 1, 1, 1, 1, 1, 1, 1, 1, 1, 1, 1, 1, 1, 1, 1, 1, 1, 1, 1, 1, 1, 1, 1, 1, 1, 1], [0, 1, 1, 1, 0, 1, 1, 1, 1, 1, 1, 1, 1, 1, 1, 1, 1, 1, 1, 1, 1, 1, 1, 1, 1, 1, 1, 1, 1, 1, 1, 1, 1, 1, 1, 1, 1], [0, 1, 1, 1, 1, 0, 1, 1, 1, 1, 1, 1, 1, 1, 1, 1, 1, 1, 1, 1, 1, 1, 1, 1, 1, 1, 1, 1, 1, 1, 1, 1, 1, 1, 1, 1, 1], [0, 1, 1, 1, 1, 1, 0, 1, 1, 1, 1, 1, 1, 1, 1, 1, 1, 1, 1, 1, 1, 1, 1, 1, 1, 1, 1, 1, 1, 1, 1, 1, 1, 1, 1, 1, 1], [0, 1, 1, 1, 1, 1, 1, 0, 1, 1, 1, 1, 1, 1, 1, 1, 1, 1, 1, 1, 1, 1, 1, 1, 1, 1, 1, 1, 1, 1, 1, 1, 1, 1, 1, 1, 1], [0, 1, 1, 1, 1, 1, 1, 1, 0, 1, 1, 1, 1, 1, 1, 1, 1, 1, 1, 1, 1, 1, 1, 1, 1, 1, 1, 1, 1, 1, 1, 1, 1, 1, 1, 1, 1], [0, 1, 1, 1, 1, 1, 1, 1, 1, 0, 1, 1, 1, 1, 1, 1, 1, 1, 1, 1, 1, 1, 1, 1, 1, 1, 1, 1, 1, 1, 1, 1, 1, 1, 1, 1, 1], [0, 1, 1, 1, 1, 1, 1, 1, 1, 1, 0, 1, 1, 1, 1, 1, 1, 1, 1, 1, 1, 1, 1, 1, 1, 1, 1, 1, 1, 1, 1, 1, 1, 1, 1, 1, 1], [0, 1, 1, 1, 1, 1, 1, 1, 1, 1, 1, 0, 1, 1, 1, 1, 1, 1, 1, 1, 1, 1, 1, 1, 1, 1, 1, 1, 1, 1, 1, 1, 1, 1, 1, 1, 1], [0, 1, 1, 1, 1, 1, 1, 1, 1, 1, 1, 1, 0, 1, 1, 1, 1, 1, 1, 1, 1, 1, 1, 1, 1, 1, 1, 1, 1, 1, 1, 1, 1, 1, 1, 1, 1], [0, 1, 1, 1, 1, 1, 1, 1, 1, 1, 1, 1, 1, 0, 1, 1, 1, 1, 1, 1, 1, 1, 1, 1, 1, 1, 1, 1, 1, 1, 1, 1, 1, 1, 1, 1, 1], [0, 1, 1, 1, 1, 1, 1, 1, 1, 1, 1, 1, 1, 1, 0, 1, 1, 1, 1, 1, 1, 1, 1, 1, 1, 1, 1, 1, 1, 1, 1, 1, 1, 1, 1, 1, 1], [0, 1, 1, 1, 1, 1, 1, 1, 1, 1, 1, 1, 1, 1, 1, 0, 1, 1, 1, 1, 1, 1, 1, 1, 1, 1, 1, 1, 1, 1, 1, 1, 1, 1, 1, 1, 1], [0, 1, 1, 1, 1, 1, 1, 1, 1, 1, 1, 1, 1, 1, 1, 1, 0, 1, 1, 1, 1, 1, 1, 1, 1, 1, 1, 1, 1, 1, 1, 1, 1, 1, 1, 1, 1], [0, 1, 1, 1, 1, 1, 1, 1, 1, 1, 1, 1, 1, 1, 1, 1, 1, 0, 1, 1, 1, 1, 1, 1, 1, 1, 1, 1, 1, 1, 1, 1, 1, 1, 1, 1, 1], [0, 1, 1, 1, 1, 1, 1, 1, 1, 1, 1, 1, 1, 1, 1, 1, 1, 1, 0, 1, 1, 1, 1, 1, 1, 1, 1, 1, 1, 1, 1, 1, 1, 1, 1, 1, 1], [0, 1, 1, 1, 1, 1, 1, 1, 1, 1, 1, 1, 1, 1, 1, 1, 1, 1, 1, 0, 1, 1, 1, 1, 1, 1, 1, 1, 1, 1, 1, 1, 1, 1, 1, 1, 1], [0, 1, 1, 1, 1, 1, 1, 1, 1, 1, 1, 1, 1, 1, 1, 1, 1, 1, 1, 1, 0, 1, 1, 1, 1, 1, 1, 1, 1, 1, 1, 1, 1, 1, 1, 1, 1], [0, 1, 1, 1, 1, 1, 1, 1, 1, 1, 1, 1, 1, 1, 1, 1, 1, 1, 1, 1, 1, 0, 1, 1, 1, 1, 1, 1, 1, 1, 1, 1, 1, 1, 1, 1, 1], [0, 1, 1, 1, 1, 1, 1, 1, 1, 1, 1, 1, 1, 1, 1, 1, 1, 1, 1, 1, 1, 1, 0, 1, 1, 1, 1, 1, 1, 1, 1, 1, 1, 1, 1, 1, 1], [0, 1, 1, 1, 1, 1, 1, 1, 1, 1, 1, 1, 1, 1, 1, 1, 1, 1, 1, 1, 1, 1, 1, 0, 1, 1, 1, 1, 1, 1, 1, 1, 1, 1, 1, 1, 1], [0, 1, 1, 1, 1, 1, 1, 1, 1, 1, 1, 1, 1, 1, 1, 1, 1, 1, 1, 1, 1, 1, 1, 1, 0, 1, 1, 1, 1, 1, 1, 1, 1, 1, 1, 1, 1], [0, 1, 1, 1, 1, 1, 1, 1, 1, 1, 1, 1, 1, 1, 1, 1, 1, 1, 1, 1, 1, 1, 1, 1, 1, 0, 1, 1, 1, 1, 1, 1, 1, 1, 1, 1, 1], [0, 1, 1, 1, 1, 1, 1, 1, 1, 1, 1, 1, 1, 1, 1, 1, 1, 1, 1, 1, 1, 1, 1, 1, 1, 1, 0, 1, 1, 1, 1, 1, 1, 1, 1, 1, 1], [0, 1, 1, 1, 1, 1, 1, 1, 1, 1, 1, 1, 1, 1, 1, 1, 1, 1, 1, 1, 1, 1, 1, 1, 1, 1, 1, 0, 1, 1, 1, 1, 1, 1, 1, 1, 1], [0, 1, 1, 1, 1, 1, 1, 1, 1, 1, 1, 1, 1, 1, 1, 1, 1, 1, 1, 1, 1, 1, 1, 1, 1, 1, 1, 1, 0, 1, 1, 1, 1, 1, 1, 1, 1], [0, 1, 1, 1, 1, 1, 1, 1, 1, 1, 1, 1, 1, 1, 1, 1, 1, 1, 1, 1, 1, 1, 1, 1, 1, 1, 1, 1, 1, 0, 1, 1, 1, 1, 1, 1, 1], [0, 1, 1, 1, 1, 1, 1, 1, 1, 1, 1, 1, 1, 1, 1, 1, 1, 1, 1, 1, 1, 1, 1, 1, 1, 1, 1, 1, 1, 1, 0, 1, 1, 1, 1, 1, 1], [0, 1, 1, 1, 1, 1, 1, 1, 1, 1, 1, 1, 1, 1, 1, 1, 1, 1, 1, 1, 1, 1, 1, 1, 1, 1, 1, 1, 1, 1, 1, 0, 1, 1, 1, 1, 1], [0, 1, 1, 1, 1, 1, 1, 1, 1, 1, 1, 1, 1, 1, 1, 1, 1, 1, 1, 1, 1, 1, 1, 1, 1, 1, 1, 1, 1, 1, 1, 1, 0, 1, 1, 1, 1], [0, 1, 1, 1, 1, 1, 1, 1, 1, 1, 1, 1, 1, 1, 1, 1, 1, 1, 1, 1, 1, 1, 1, 1, 1, 1, 1, 1, 1, 1, 1, 1, 1, 0, 1, 1, 1], [0, 1, 1, 1, 1, 1, 1, 1, 1, 1, 1, 1, 1, 1, 1, 1, 1, 1, 1, 1, 1, 1, 1, 1, 1, 1, 1, 1, 1, 1, 1, 1, 1, 1, 0, 1, 1], [0, 1, 1, 1, 1, 1, 1, 1, 1, 1, 1, 1, 1, 1, 1, 1, 1, 1, 1, 1, 1, 1, 1, 1, 1, 1, 1, 1, 1, 1, 1, 1, 1, 1, 1, 0, 1], [0, 0, 0, 0, 0, 0, 0, 0, 0, 0, 0, 0, 0, 0, 0, 0, 0, 0, 0, 0, 0, 0, 0, 0, 0, 0, 0, 0, 0, 0, 0, 0, 0, 0, 0, 0, 0]], "vertex_count": 37}, "distances": [[0.0, 12.68, 12.03, 14.15, 16.37, 12.58, 43.42, 26.02, 9.03, 9.02, 28.5, 14.59, 14.26, 12.08, 8.28, 14.58, 7.55, 13.55, 8.56, 11.99, 10.71, 10.64, 16.36, 9.45, 7.19, 16.61, 10.34, 13.73, 16.45, 14.5, 6.44, 24.3, 18.44, 13.18, 37.32, 18.73, 12.88], [12.68, 0.0, 5.47, 26.82, 28.91, 13.16, 44.55, 32.78, 17.4, 9.23, 30.0, 17.12, 25.93, 9.19, 20.96, 22.74, 11.1, 26.23, 14.19, 15.3, 20.3, 10.56, 21.77, 19.83, 6.34, 4.93, 23.0, 15.6, 4.26, 17.38, 19.06, 25.14, 20.27, 12.4, 29.81, 31.12, 12.68], [12.03, 5.47, 0.0, 25.65, 28.2, 17.13, 39.12, 35.71, 13.72, 4.89, 24.53, 11.91, 26.25, 5.58, 19.73, 18.5, 13.73, 25.08, 16.65, 10.38, 16.77, 5.66, 24.88, 16.69, 4.94, 5.68, 22.02, 14.91, 6.14, 12.2, 17.69, 19.68, 14.87, 11.85, 26.34, 30.65, 12.03], [14.15, 26.82, 25.65, 0.0, 12.93, 22.57, 46.92, 24.25, 14.96, 21.53, 33.53, 22.76, 7.19, 26.22, 5.94, 16.33, 18.85, 11.3, 17.34, 20.86, 13.14, 24.77, 19.99, 11.74, 21.13, 30.65, 12.39, 11.23, 30.56, 22.42, 7.96, 30.81, 25.69, 14.42, 48.61, 5.99, 14.15], [16.37, 28.91, 28.2, 12.93, 0.0, 23.21, 50.12, 22.12, 18.15, 24.3, 36.83, 25.98, 5.74, 28.28, 8.58, 19.62, 20.05, 12.75, 18.1, 24.01, 16.43, 26.82, 19.31, 15.0, 23.52, 32.98, 6.2, 13.41, 32.8, 25.65, 10.62, 34.11, 28.96, 16.61, 51.72, 12.05, 16.37], [12.58, 13.16, 17.13, 22.57, 23.21, 0.0, 54.65, 19.97, 21.5, 17.76, 39.65, 25.56, 18.3, 12.6, 18.2, 27.14, 5.05, 22.02, 5.24, 23.05, 23.29, 11.75, 9.1, 21.95, 13.59, 17.97, 19.06, 13.72, 17.09, 25.61, 17.24, 35.05, 29.37, 12.3, 42.94, 24.54, 12.58], [43.42, 44.55, 39.12, 46.92, 50.12, 54.65, 0.0, 68.67, 34.98, 36.99, 15.01, 29.12, 52.86, 44.7, 44.27, 31.01, 49.94, 46.75, 51.83, 31.69, 34.98, 44.62, 59.77, 36.69, 41.23, 42.29, 46.06, 44.23, 43.36, 29.11, 43.17, 19.65, 25.29, 43.58, 29.12, 52.6, 43.42], [26.02, 32.78, 35.71, 24.25, 22.12, 19.97, 68.67, 0.0, 33.73, 34.54, 54.05, 40.52, 17.09, 32.16, 24.72, 37.9, 22.01, 24.1, 19.06, 37.95, 33.79, 31.05, 11.01, 32.08, 31.15, 37.69, 23.41, 24.6, 36.9, 40.38, 25.57, 50.14, 44.3, 25.97, 62.05, 21.08, 26.02], [9.03, 17.4, 13.72, 14.96, 18.15, 21.5, 34.98, 33.73, 0.0, 8.84, 20.34, 7.84, 18.89, 17.03, 10.19, 5.75, 16.45, 14.52, 17.56, 5.95, 9.93, 15.94, 24.98, 11.61, 11.16, 19.39, 12.46, 9.28, 19.75, 7.53, 8.59, 16.71, 11.1, 9.27, 33.72, 20.86, 9.03], [9.02, 9.23, 4.89, 21.53, 24.3, 17.76, 36.99, 34.54, 8.84, 0.0, 22.04, 8.25, 23.09, 9.03, 15.72, 13.71, 13.36, 20.98, 15.81, 6.14, 11.89, 8.34, 24.18, 11.88, 4.25, 10.56, 18.1, 11.55, 10.97, 8.43, 13.68, 17.34, 11.83, 8.96, 28.3, 26.87, 9.02], [28.5, 30.0, 24.53, 33.53, 36.83, 39.65, 15.01, 54.05, 20.34, 22.04, 0.0, 14.11, 38.84, 30.08, 30.1, 17.21, 34.93, 33.27, 36.85, 16.69, 20.81, 29.88, 44.86, 22.47, 26.29, 28.32, 32.1, 29.48, 29.33, 14.11, 28.78, 4.86, 10.28, 28.64, 23.4, 39.45, 28.5], [14.59, 17.12, 11.91, 22.76, 25.98, 25.56, 29.12, 40.52, 7.84, 8.25, 14.11, 0.0, 26.56, 17.04, 17.96, 8.89, 20.81, 22.34, 22.78, 13.79, 9.9, 16.52, 30.91, 11.06, 12.42, 17.0, 20.28, 15.99, 17.76, 15.37, 16.23, 9.72, 15.58, 14.7, 26.13, 28.69, 14.59], [14.26, 25.93, 26.25, 7.19, 5.74, 18.3, 52.86, 17.09, 18.89, 23.09, 38.84, 26.56, 0.0, 25.27, 8.76, 21.86, 15.91, 7.01, 13.48, 24.26, 18.03, 23.83, 13.6, 16.37, 21.34, 30.42, 6.8, 11.54, 30.06, 26.31, 10.33, 35.54, 29.99, 14.41, 51.28, 6.31, 14.26], [12.08, 9.19, 5.58, 26.22, 28.28, 12.6, 44.7, 32.16, 17.03, 9.03, 30.08, 17.04, 25.27, 0.0, 20.36, 22.44, 10.45, 25.62, 13.54, 15.14, 19.9, 10.69, 21.16, 19.39, 5.91, 5.57, 22.38, 14.99, 4.93, 17.28, 18.47, 25.23, 20.27, 11.8, 30.35, 30.48, 12.08], [8.28, 20.96, 19.73, 5.94, 8.58, 18.2, 44.27, 24.72, 10.19, 15.72, 30.1, 17.96, 8.76, 20.36, 0.0, 13.28, 13.87, 5.36, 13.03, 15.79, 9.32, 18.93, 17.87, 7.64, 15.2, 24.72, 12.85, 5.45, 24.63, 17.68, 12.74, 26.79, 21.28, 8.57, 43.29, 11.19, 8.28], [14.58, 22.74, 18.5, 16.33, 19.62, 27.14, 31.01, 37.9, 5.75, 13.71, 17.21, 8.89, 21.86, 22.44, 13.28, 0.0, 22.09, 16.06, 22.97, 8.64, 4.17, 21.45, 29.94, 5.86, 16.67, 24.13, 15.06, 14.25, 24.64, 8.44, 12.35, 14.7, 10.34, 14.85, 34.5, 22.26, 14.58], [7.55, 11.1, 13.73, 18.85, 20.05, 5.05, 49.94, 22.01, 16.45, 13.36, 34.93, 20.81, 15.91, 10.45, 13.87, 22.09, 0.0, 18.27, 10.3, 18.25, 18.26, 9.19, 11.16, 16.96, 9.44, 16.01, 15.12, 8.95, 15.36, 20.83, 12.65, 30.42, 24.66, 7.26, 40.04, 21.79, 7.55], [13.55, 26.23, 25.08, 11.3, 12.75, 22.02, 46.75, 24.1, 14.52, 20.98, 33.27, 22.34, 7.01, 25.62, 5.36, 16.06, 18.27, 0.0, 16.79, 20.41, 12.78, 24.17, 19.6, 11.34, 20.55, 30.07, 11.82, 10.63, 29.97, 22.01, 7.39, 30.48, 25.31, 13.83, 48.14, 6.36, 13.55], [8.56, 14.19, 16.65, 17.34, 18.1, 5.24, 51.83, 19.06, 17.56, 15.81, 36.85, 22.78, 13.48, 13.54, 13.03, 22.97, 10.3, 16.79, 0.0, 20.18, 18.93, 12.28, 8.39, 17.46, 12.14, 19.1, 13.82, 8.95, 18.45, 22.75, 12.22, 32.48, 26.65, 8.35, 42.99, 19.59, 8.56], [11.99, 15.3, 10.38, 20.86, 24.01, 23.05, 31.69, 37.95, 5.95, 6.14, 16.69, 13.79, 24.26, 15.14, 15.79, 8.64, 18.25, 20.41, 20.18, 0.0, 8.52, 14.48, 28.3, 9.38, 10.13, 15.82, 18.15, 13.48, 16.45, 13.48, 13.97, 12.32, 6.47, 12.1, 27.77, 26.72, 11.99], [10.71, 20.3, 16.77, 13.14, 16.43, 23.29, 34.98, 33.79, 9.93, 11.89, 20.81, 9.9, 18.03, 19.9, 9.32, 4.17, 18.26, 12.78, 18.93, 8.52, 0.0, 18.76, 25.78, 10.03, 14.0, 22.43, 11.3, 10.12, 22.78, 9.52, 8.23, 17.73, 12.56, 11.0, 36.03, 19.13, 10.71], [10.64, 10.56, 5.66, 24.77, 26.82, 11.75, 44.62, 31.05, 15.94, 8.34, 29.88, 16.52, 23.83, 10.69, 18.93, 21.45, 9.19, 24.17, 12.28, 14.48, 18.76, 0.0, 20.07, 18.17, 4.79, 6.84, 20.93, 13.54, 6.3, 16.73, 17.05, 25.05, 19.9, 10.36, 31.23, 29.02, 10.64], [16.36, 21.77, 24.88, 19.99, 19.31, 9.1, 59.77, 11.01, 24.98, 24.18, 44.86, 30.91, 13.6, 21.16, 17.87, 29.94, 11.16, 19.6, 8.39, 28.3, 25.78, 20.07, 0.0, 24.14, 20.51, 26.69, 17.55, 15.75, 25.89, 30.84, 17.94, 40.62, 34.77, 16.22, 51.17, 19.69, 16.36], [9.45, 19.83, 16.69, 11.74, 15.0, 21.95, 36.69, 32.08, 11.61, 11.88, 22.47, 11.06, 16.37, 19.39, 7.64, 5.86, 16.96, 11.34, 17.46, 9.38, 10.03, 18.17, 24.14, 0.0, 13.49, 22.31, 9.67, 8.57, 22.57, 10.71, 6.52, 19.28, 13.98, 9.75, 37.1, 17.71, 9.45], [7.19, 6.34, 4.94, 21.13, 23.52, 13.59, 41.23, 31.15, 11.16, 4.25, 26.29, 12.42, 21.34, 5.91, 15.2, 16.67, 9.44, 20.55, 12.14, 10.13, 14.0, 4.79, 20.51, 13.49, 0.0, 9.52, 17.4, 10.13, 9.5, 12.56, 13.2, 21.58, 16.07, 6.99, 31.03, 25.91, 7.19], [16.61, 4.93, 5.68, 30.65, 32.98, 17.97, 42.29, 37.69, 19.39, 10.56, 28.32, 17.0, 30.42, 5.57, 24.72, 24.13, 16.01, 30.07, 19.1, 15.82, 22.43, 6.84, 26.69, 22.31, 9.52, 0.0, 26.91, 19.57, 9.2, 17.35, 22.72, 23.5, 19.44, 16.37, 25.22, 35.32, 16.61], [10.34, 23.0, 22.02, 12.39, 6.2, 19.06, 46.06, 23.41, 12.46, 18.1, 32.1, 20.28, 6.8, 22.38, 12.85, 15.06, 15.12, 11.82, 13.82, 18.15, 11.3, 20.93, 17.55, 9.67, 17.4, 26.91, 0.0, 7.4, 26.78, 19.98, 4.43, 28.94, 23.51, 10.61, 45.7, 8.78, 10.34], [13.73, 15.6, 14.91, 11.23, 13.41, 13.72, 44.23, 24.6, 9.28, 11.55, 29.48, 15.99, 11.54, 14.99, 5.45, 14.25, 8.95, 10.63, 8.95, 13.48, 10.12, 13.54, 15.75, 8.57, 10.13, 19.57, 7.4, 0.0, 19.4, 15.83, 11.83, 25.55, 19.73, 14.02, 39.79, 15.78, 13.73], [16.45, 4.26, 6.14, 30.56, 32.8, 17.09, 43.36, 36.9, 19.75, 10.97, 29.33, 17.76, 30.06, 4.93, 24.63, 24.64, 15.36, 29.97, 18.45, 16.45, 22.78, 6.3, 25.89, 22.57, 9.5, 9.2, 26.78, 19.4, 0.0, 18.1, 22.67, 24.49, 20.32, 16.19, 26.25, 35.09, 16.45], [14.5, 17.38, 12.2, 22.42, 25.65, 25.61, 29.11, 40.38, 7.53, 8.43, 14.11, 15.37, 26.31, 17.28, 17.68, 8.44, 20.83, 22.01, 22.75, 13.48, 9.52, 16.73, 30.84, 10.71, 12.56, 17.35, 19.98, 15.83, 18.1, 0.0, 15.98, 9.8, 15.66, 14.62, 26.53, 28.37, 14.5], [6.44, 19.06, 17.69, 7.96, 10.62, 17.24, 43.17, 25.57, 8.59, 13.68, 28.78, 16.23, 10.33, 18.47, 12.74, 12.35, 12.65, 7.39, 12.22, 13.97, 8.23, 17.05, 17.94, 6.52, 13.2, 22.72, 4.43, 11.83, 22.67, 15.98, 0.0, 25.29, 19.67, 6.75, 41.34, 13.21, 6.44], [24.3, 25.14, 19.68, 30.81, 34.11, 35.05, 19.65, 50.14, 16.71, 17.34, 4.86, 9.72, 35.54, 25.23, 26.79, 14.7, 30.42, 30.48, 32.48, 12.32, 17.73, 25.05, 40.62, 19.28, 21.58, 23.5, 28.94, 25.55, 24.49, 9.8, 25.29, 0.0, 5.86, 24.42, 21.7, 36.79, 24.3], [18.44, 20.27, 14.87, 25.69, 28.96, 29.37, 25.29, 44.3, 11.1, 11.83, 10.28, 15.58, 29.99, 20.27, 21.28, 10.34, 24.66, 25.31, 26.65, 6.47, 12.56, 19.9, 34.77, 13.98, 16.07, 19.44, 23.51, 19.73, 20.32, 15.66, 19.67, 5.86, 0.0, 18.56, 24.21, 31.67, 18.44], [13.18, 12.4, 11.85, 14.42, 16.61, 12.3, 43.58, 25.97, 9.27, 8.96, 28.64, 14.7, 14.41, 11.8, 8.57, 14.85, 7.26, 13.83, 8.35, 12.1, 11.0, 10.36, 16.22, 9.75, 6.99, 16.37, 10.61, 14.02, 16.19, 14.62, 6.75, 24.42, 18.56, 0.0, 37.25, 18.95, 13.18], [37.32, 29.81, 26.34, 48.61, 51.72, 42.94, 29.12, 62.05, 33.72, 28.3, 23.4, 26.13, 51.28, 30.35, 43.29, 34.5, 40.04, 48.14, 42.99, 27.77, 36.03, 31.23, 51.17, 37.1, 31.03, 25.22, 45.7, 39.79, 26.25, 26.53, 41.34, 21.7, 24.21, 37.25, 0.0, 54.4, 37.32], [18.73, 31.12, 30.65, 5.99, 12.05, 24.54, 52.6, 21.08, 20.86, 26.87, 39.45, 28.69, 6.31, 30.48, 11.19, 22.26, 21.79, 6.36, 19.59, 26.72, 19.13, 29.02, 19.69, 17.71, 25.91, 35.32, 8.78, 15.78, 35.09, 28.37, 13.21, 36.79, 31.67, 18.95, 54.4, 0.0, 18.73], [12.88, 12.68, 12.03, 14.15, 16.37, 12.58, 43.42, 26.02, 9.03, 9.02, 28.5, 14.59, 14.26, 12.08, 8.28, 14.58, 7.55, 13.55, 8.56, 11.99, 10.71, 10.64, 16.36, 9.45, 7.19, 16.61, 10.34, 13.73, 16.45, 14.5, 6.44, 24.3, 18.44, 13.18, 37.32, 18.73, 0.0]], "end_depot": 36, "horizon": [0.0, 1552.68], "instance_name": "35_75_A_C7", "speed_zone_count": 3, "speed_zones": [[0.0, 517.56], [517.56, 1035.12], [1035.12, 1552.68]], "start_depot": 0, "vehicle_count": 35}