{"cluster_count": 3, "cluster_speeds": [[0.22, 0.44, 0.22], [0.225, 0.6, 0.225], [0.39425, 0.83, 0.39425]], "clusters": [[-1, 0, 0, 0, 0, 0, 0, 0, 0, 0, 0, 0, 0, 0, 0, 0, 0, 0, 0, 0, 0, 0, 0, 0, 0, 0, 0, 0, 0, 0, 0, 0, 0, 0, 0, 0, 0], [0, -1, 0, 0, 0, 0, 0, 0, 0, 0, 0, 0, 0, 0, 0, 0, 0, 0, 0, 0, 0, 0, 0, 0, 0, 0, 0, 0, 0, 0, 0, 0, 0, 0, 0, 0, 0], [0, 0, -1, 0, 0, 0, 0, 0, 0, 0, 0, 0, 0, 0, 0, 0, 0, 0, 0, 0, 0, 0, 0, 0, 0, 0, 0, 0, 0, 0, 0, 0, 0, 0, 0, 0, 0], [0, 0, 0, -1, 0, 0, 0, 0, 0, 0, 0, 0, 0, 0, 0, 0, 0, 0, 0, 0, 0, 0, 0, 0, 0, 0, 0, 0, 0, 0, 0, 0, 0, 0, 0, 0, 0], [0, 0, 0, 0, -1, 0, 0, 0, 0, 0, 0, 0, 0, 0, 0, 0, 0, 0, 0, 0, 0, 0, 0, 0, 0, 0, 0, 0, 0, 0, 0, 0, 0, 0, 0, 0, 0], [0, 0, 0, 0, 0, -1, 0, 0, 0, 0, 0, 0, 0, 0, 0, 0, 0, 0, 0, 0, 0, 0, 0, 0, 0, 0, 0, 0, 0, 0, 0, 0, 0, 0, 0, 0, 0], [0, 0, 0, 0, 0, 0, -1, 0, 0, 0, 0, 0, 0, 0, 0, 0, 0, 0, 0, 0, 0, 0, 0, 0, 0, 0, 0, 0, 0, 0, 0, 0, 0, 0, 0, 0, 0], [0, 0, 0, 0, 0, 0, 0, -1, 0, 0, 0, 0, 0, 0, 0, 0, 0, 0, 0, 0, 0, 0, 0, 0, 0, 0, 0, 0, 0, 0, 0, 0, 0, 0, 0, 0, 0], [0, 0, 0, 0, 0, 0, 0, 0, -1, 0, 0, 0, 0, 0, 0, 0, 0, 0, 0, 0, 0, 0, 0, 0, 0, 0, 0, 0, 0, 0, 0, 0, 0, 0, 0, 0, 0], [0, 0, 0, 0, 0, 0, 0, 0, 0, -1, 0, 0, 0, 0, 0, 0, 0, 0, 0, 0, 0, 0, 0, 0, 0, 0, 0, 0, 0, 0, 0, 0, 0, 0, 0, 0, 0], [0, 0, 0, 0, 0, 0, 0, 0, 0, 0, -1, 0, 0, 0, 0, 0, 0, 0, 0, 0, 0, 0, 0, 0, 0, 0, 0, 0, 0, 0, 0, 0, 0, 0, 0, 0, 0], [0, 0, 0, 0, 0, 0, 0, 0, 0, 0, 0, -1, 0, 0, 0, 0, 0, 0, 0, 0, 0, 0, 0, 0, 0, 0, 0, 0, 0, 0, 0, 0, 0, 0, 0, 0, 0], [2, 2, 2, 2, 2, 2, 2, 2, 2, 2, 2, 2, -1, 2, 2, 2, 2, 2, 2, 2, 2, 2, 2, 2, 2, 2, 2, 2, 2, 2, 2, 2, 2, 2, 2, 2, 2], [0, 0, 0, 0, 0, 0, 0, 0, 0, 0, 0, 0, 0, -1, 0, 0, 0, 0, 0, 0, 0, 0, 0, 0, 0, 0, 0, 0, 0, 0, 0, 0, 0, 0, 0, 0, 0], [0, 0, 0, 0, 0, 0, 0, 0, 0, 0, 0, 0, 0, 0, -1, 0, 0, 0, 0, 0, 0, 0, 0, 0, 0, 0, 0, 0, 0, 0, 0, 0, 0, 0, 0, 0, 0], [1, 1, 1, 1, 1, 1, 1, 1, 1, 1, 1, 1, 1, 1, 1, -1, 1, 1, 1, 1, 1, 1, 1, 1, 1, 1, 1, 1, 1, 1, 1, 1, 1, 1, 1, 1, 1], [0, 0, 0, 0, 0, 0, 0, 0, 0, 0, 0, 0, 0, 0, 0, 0, -1, 0, 0, 0, 0, 0, 0, 0, 0, 0, 0, 0, 0, 0, 0, 0, 0, 0, 0, 0, 0], [0, 0, 0, 0, 0, 0, 0, 0, 0, 0, 0, 0, 0, 0, 0, 0, 0, -1, 0, 0, 0, 0, 0, 0, 0, 0, 0, 0, 0, 0, 0, 0, 0, 0, 0, 0, 0], [0, 0, 0, 0, 0, 0, 0, 0, 0, 0, 0, 0, 0, 0, 0, 0, 0, 0, -1, 0, 0, 0, 0, 0, 0, 0, 0, 0, 0, 0, 0, 0, 0, 0, 0, 0, 0], [0, 0, 0, 0, 0, 0, 0, 0, 0, 0, 0, 0, 0, 0, 0, 0, 0, 0, 0, -1, 0, 0, 0, 0, 0, 0, 0, 0, 0, 0, 0, 0, 0, 0, 0, 0, 0], [0, 0, 0, 0, 0, 0, 0, 0, 0, 0, 0, 0, 0, 0, 0, 0, 0, 0, 0, 0, -1, 0, 0, 0, 0, 0, 0, 0, 0, 0, 0, 0, 0, 0, 0, 0, 0], [0, 0, 0, 0, 0, 0, 0, 0, 0, 0, 0, 0, 0, 0, 0, 0, 0, 0, 0, 0, 0, -1, 0, 0, 0, 0, 0, 0, 0, 0, 0, 0, 0, 0, 0, 0, 0], [1, 1, 1, 1, 1, 1, 1, 1, 1, 1, 1, 1, 1, 1, 1, 1, 1, 1, 1, 1, 1, 1, -1, 1, 1, 1, 1, 1, 1, 1, 1, 1, 1, 1, 1, 1, 1], [0, 0, 0, 0, 0, 0, 0, 0, 0, 0, 0, 0, 0, 0, 0, 0, 0, 0, 0, 0, 0, 0, 0, -1, 0, 0, 0, 0, 0, 0, 0, 0, 0, 0, 0, 0, 0], [0, 0, 0, 0, 0, 0, 0, 0, 0, 0, 0, 0, 0, 0, 0, 0, 0, 0, 0, 0, 0, 0, 0, 0, -1, 0, 0, 0, 0, 0, 0, 0, 0, 0, 0, 0, 0], [0, 0, 0, 0, 0, 0, 0, 0, 0, 0, 0, 0, 0, 0, 0, 0, 0, 0, 0, 0, 0, 0, 0, 0, 0, -1, 0, 0, 0, 0, 0, 0, 0, 0, 0, 0, 0], [0, 0, 0, 0, 0, 0, 0, 0, 0, 0, 0, 0, 0, 0, 0, 0, 0, 0, 0, 0, 0, 0, 0, 0, 0, 0, -1, 0, 0, 0, 0, 0, 0, 0, 0, 0, 0], [0, 0, 0, 0, 0, 0, 0, 0, 0, 0, 0, 0, 0, 0, 0, 0, 0, 0, 0, 0, 0, 0, 0, 0, 0, 0, 0, -1, 0, 0, 0, 0, 0, 0, 0, 0, 0], [1, 1, 1, 1, 1, 1, 1, 1, 1, 1, 1, 1, 1, 1, 1, 1, 1, 1, 1, 1, 1, 1, 1, 1, 1, 1, 1, 1, -1, 1, 1, 1, 1, 1, 1, 1, 1], [0, 0, 0, 0, 0, 0, 0, 0, 0, 0, 0, 0, 0, 0, 0, 0, 0, 0, 0, 0, 0, 0, 0, 0, 0, 0, 0, 0, 0, -1, 0, 0, 0, 0, 0, 0, 0], [0, 0, 0, 0, 0, 0, 0, 0, 0, 0, 0, 0, 0, 0, 0, 0, 0, 0, 0, 0, 0, 0, 0, 0, 0, 0, 0, 0, 0, 0, -1, 0, 0, 0, 0, 0, 0], [0, 0, 0, 0, 0, 0, 0, 0, 0, 0, 0, 0, 0, 0, 0, 0, 0, 0, 0, 0, 0, 0, 0, 0, 0, 0, 0, 0, 0, 0, 0, -1, 0, 0, 0, 0, 0], [0, 0, 0, 0, 0, 0, 0, 0, 0, 0, 0, 0, 0, 0, 0, 0, 0, 0, 0, 0, 0, 0, 0, 0, 0, 0, 0, 0, 0, 0, 0, 0, -1, 0, 0, 0, 0], [1, 1, 1, 1, 1, 1, 1, 1, 1, 1, 1, 1, 1, 1, 1, 1, 1, 1, 1, 1, 1, 1, 1, 1, 1, 1, 1, 1, 1, 1, 1, 1, 1, -1, 1, 1, 1], [0, 0, 0, 0, 0, 0, 0, 0, 0, 0, 0, 0, 0, 0, 0, 0, 0, 0, 0, 0, 0, 0, 0, 0, 0, 0, 0, 0, 0, 0, 0, 0, 0, 0, -1, 0, 0], [0, 0, 0, 0, 0, 0, 0, 0, 0, 0, 0, 0, 0, 0, 0, 0, 0, 0, 0, 0, 0, 0, 0, 0, 0, 0, 0, 0, 0, 0, 0, 0, 0, 0, 0, -1, 0], [0, 0, 0, 0, 0, 0, 0, 0, 0, 0, 0, 0, 0, 0, 0, 0, 0, 0, 0, 0, 0, 0, 0, 0, 0, 0, 0, 0, 0, 0, 0, 0, 0, 0, 0, 0, -1]], "dataset_name": "cordeau_et_al_2014", "digraph": {"arc_count": 1260, "arcs": [[0, 1, 1, 1, 1, 1, 1, 1, 1, 1, 1, 1, 1, 1, 1, 1, 1, 1, 1, 1, 1, 1, 1, 1, 1, 1, 1, 1, 1, 1, 1, 1, 1, 1, 1, 1, 0], [0, 0, 1, 1, 1, 1, 1, 1, 1, 1, 1, 1, 1, 1, 1, 1, 1, 1, 1, 1, 1, 1, 1, 1, 1, 1, 1, 1, 1, 1, 1, 1, 1, 1, 1, 1, 1], [0, 1, 0, 1, 1, 1, 1, 1, 1, 1, 1, 1, 1, 1, 1, 1, 1, 1, 1, 1, 1, 1, 1, 1, 1, 1, 1, 1, 1, 1, 1, 1, 1, 1, 1, 1, 1], [0, 1, 1, 0, 1, 1, 1, 1, 1, 1, 1, 1, 1, 1, 1, 1, 1, 1, 1, 1, 1, 1, 1, 1, 1, 1, 1, 1, 1, 1, 1, 1, 1, 1, 1, 1, 1], [0, 1, 1, 1, 0, 1, 1, 1, 1, 1, 1, 1, 1, 1, 1, 1, 1, 1, 1, 1, 1, 1, 1, 1, 1, 1, 1, 1, 1, 1, 1, 1, 1, 1, 1, 1, 1], [0, 1, 1, 1, 1, 0, 1, 1, 1, 1, 1, 1, 1, 1, 1, 1, 1, 1, 1, 1, 1, 1, 1, 1, 1, 1, 1, 1, 1, 1, 1, 1, 1, 1, 1, 1, 1], [0, 1, 1, 1, 1, 1, 0, 1, 1, 1, 1, 1, 1, 1, 1, 1, 1, 1, 1, 1, 1, 1, 1, 1, 1, 1, 1, 1, 1, 1, 1, 1, 1, 1, 1, 1, 1], [0, 1, 1, 1, 1, 1, 1, 0, 1, 1, 1, 1, 1, 1, 1, 1, 1, 1, 1, 1, 1, 1, 1, 1, 1, 1, 1, 1, 1, 1, 1, 1, 1, 1, 1, 1, 1], [0, 1, 1, 1, 1, 1, 1, 1, 0, 1, 1, 1, 1, 1, 1, 1, 1, 1, 1, 1, 1, 1, 1, 1, 1, 1, 1, 1, 1, 1, 1, 1, 1, 1, 1, 1, 1], [0, 1, 1, 1, 1, 1, 1, 1, 1, 0, 1, 1, 1, 1, 1, 1, 1, 1, 1, 1, 1, 1, 1, 1, 1, 1, 1, 1, 1, 1, 1, 1, 1, 1, 1, 1, 1], [0, 1, 1, 1, 1, 1, 1, 1, 1, 1, 0, 1, 1, 1, 1, 1, 1, 1, 1, 1, 1, 1, 1, 1, 1, 1, 1, 1, 1, 1, 1, 1, 1, 1, 1, 1, 1], [0, 1, 1, 1, 1, 1, 1, 1, 1, 1, 1, 0, 1, 1, 1, 1, 1, 1, 1, 1, 1, 1, 1, 1, 1, 1, 1, 1, 1, 1, 1, 1, 1, 1, 1, 1, 1], [0, 1, 1, 1, 1, 1, 1, 1, 1, 1, 1, 1, 0, 1, 1, 1, 1, 1, 1, 1, 1, 1, 1, 1, 1, 1, 1, 1, 1, 1, 1, 1, 1, 1, 1, 1, 1], [0, 1, 1, 1, 1, 1, 1, 1, 1, 1, 1, 1, 1, 0, 1, 1, 1, 1, 1, 1, 1, 1, 1, 1, 1, 1, 1, 1, 1, 1, 1, 1, 1, 1, 1, 1, 1], [0, 1, 1, 1, 1, 1, 1, 1, 1, 1, 1, 1, 1, 1, 0, 1, 1, 1, 1, 1, 1, 1, 1, 1, 1, 1, 1, 1, 1, 1, 1, 1, 1, 1, 1, 1, 1], [0, 1, 1, 1, 1, 1, 1, 1, 1, 1, 1, 1, 1, 1, 1, 0, 1, 1, 1, 1, 1, 1, 1, 1, 1, 1, 1, 1, 1, 1, 1, 1, 1, 1, 1, 1, 1], [0, 1, 1, 1, 1, 1, 1, 1, 1, 1, 1, 1, 1, 1, 1, 1, 0, 1, 1, 1, 1, 1, 1, 1, 1, 1, 1, 1, 1, 1, 1, 1, 1, 1, 1, 1, 1], [0, 1, 1, 1, 1, 1, 1, 1, 1, 1, 1, 1, 1, 1, 1, 1, 1, 0, 1, 1, 1, 1, 1, 1, 1, 1, 1, 1, 1, 1, 1, 1, 1, 1, 1, 1, 1], [0, 1, 1, 1, 1, 1, 1, 1, 1, 1, 1, 1, 1, 1, 1, 1, 1, 1, 0, 1, 1, 1, 1, 1, 1, 1, 1, 1, 1, 1, 1, 1, 1, 1, 1, 1, 1], [0, 1, 1, 1, 1, 1, 1, 1, 1, 1, 1, 1, 1, 1, 1, 1, 1, 1, 1, 0, 1, 1, 1, 1, 1, 1, 1, 1, 1, 1, 1, 1, 1, 1, 1, 1, 1], [0, 1, 1, 1, 1, 1, 1, 1, 1, 1, 1, 1, 1, 1, 1, 1, 1, 1, 1, 1, 0, 1, 1, 1, 1, 1, 1, 1, 1, 1, 1, 1, 1, 1, 1, 1, 1], [0, 1, 1, 1, 1, 1, 1, 1, 1, 1, 1, 1, 1, 1, 1, 1, 1, 1, 1, 1, 1, 0, 1, 1, 1, 1, 1, 1, 1, 1, 1, 1, 1, 1, 1, 1, 1], [0, 1, 1, 1, 1, 1, 1, 1, 1, 1, 1, 1, 1, 1, 1, 1, 1, 1, 1, 1, 1, 1, 0, 1, 1, 1, 1, 1, 1, 1, 1, 1, 1, 1, 1, 1, 1], [0, 1, 1, 1, 1, 1, 1, 1, 1, 1, 1, 1, 1, 1, 1, 1, 1, 1, 1, 1, 1, 1, 1, 0, 1, 1, 1, 1, 1, 1, 1, 1, 1, 1, 1, 1, 1], [0, 1, 1, 1, 1, 1, 1, 1, 1, 1, 1, 1, 1, 1, 1, 1, 1, 1, 1, 1, 1, 1, 1, 1, 0, 1, 1, 1, 1, 1, 1, 1, 1, 1, 1, 1, 1], [0, 1, 1, 1, 1, 1, 1, 1, 1, 1, 1, 1, 1, 1, 1, 1, 1, 1, 1, 1, 1, 1, 1, 1, 1, 0, 1, 1, 1, 1, 1, 1, 1, 1, 1, 1, 1], [0, 1, 1, 1, 1, 1, 1, 1, 1, 1, 1, 1, 1, 1, 1, 1, 1, 1, 1, 1, 1, 1, 1, 1, 1, 1, 0, 1, 1, 1, 1, 1, 1, 1, 1, 1, 1], [0, 1, 1, 1, 1, 1, 1, 1, 1, 1, 1, 1, 1, 1, 1, 1, 1, 1, 1, 1, 1, 1, 1, 1, 1, 1, 1, 0, 1, 1, 1, 1, 1, 1, 1, 1, 1], [0, 1, 1, 1, 1, 1, 1, 1, 1, 1, 1, 1, 1, 1, 1, 1, 1, 1, 1, 1, 1, 1, 1, 1, 1, 1, 1, 1, 0, 1, 1, 1, 1, 1, 1, 1, 1], [0, 1, 1, 1, 1, 1, 1, 1, 1, 1, 1, 1, 1, 1, 1, 1, 1, 1, 1, 1, 1, 1, 1, 1, 1, 1, 1, 1, 1, 0, 1, 1, 1, 1, 1, 1, 1], [0, 1, 1, 1, 1, 1, 1, 1, 1, 1, 1, 1, 1, 1, 1, 1, 1, 1, 1, 1, 1, 1, 1, 1, 1, 1, 1, 1, 1, 1, 0, 1, 1, 1, 1, 1, 1], [0, 1, 1, 1, 1, 1, 1, 1, 1, 1, 1, 1, 1, 1, 1, 1, 1, 1, 1, 1, 1, 1, 1, 1, 1, 1, 1, 1, 1, 1, 1, 0, 1, 1, 1, 1, 1], [0, 1, 1, 1, 1, 1, 1, 1, 1, 1, 1, 1, 1, 1, 1, 1, 1, 1, 1, 1, 1, 1, 1, 1, 1, 1, 1, 1, 1, 1, 1, 1, 0, 1, 1, 1, 1], [0, 1, 1, 1, 1, 1, 1, 1, 1, 1, 1, 1, 1, 1, 1, 1, 1, 1, 1, 1, 1, 1, 1, 1, 1, 1, 1, 1, 1, 1, 1, 1, 1, 0, 1, 1, 1], [0, 1, 1, 1, 1, 1, 1, 1, 1, 1, 1, 1, 1, 1, 1, 1, 1, 1, 1, 1, 1, 1, 1, 1, 1, 1, 1, 1, 1, 1, 1, 1, 1, 1, 0, 1, 1], [0, 1, 1, 1, 1, 1, 1, 1, 1, 1, 1, 1, 1, 1, 1, 1, 1, 1, 1, 1, 1, 1, 1, 1, 1, 1, 1, 1, 1, 1, 1, 1, 1, 1, 1, 0, 1], [0, 0, 0, 0, 0, 0, 0, 0, 0, 0, 0, 0, 0, 0, 0, 0, 0, 0, 0, 0, 0, 0, 0, 0, 0, 0, 0, 0, 0, 0, 0, 0, 0, 0, 0, 0, 0]], "vertex_count": 37}, "distances": [[0.0, 9.64, 11.17, 11.66, 6.82, 8.93, 5.54, 10.31, 11.55, 14.21, 12.49, 10.84, 27.41, 12.96, 6.92, 20.99, 7.17, 11.17, 5.77, 10.46, 13.69, 7.06, 17.52, 14.41, 6.82, 4.48, 8.95, 11.97, 24.55, 11.9, 14.98, 13.77, 9.87, 16.12, 6.53, 9.65, 8.95], [9.64, 0.0, 20.81, 16.95, 16.45, 13.87, 9.07, 12.17, 8.39, 22.82, 19.57, 20.22, 21.61, 15.1, 10.29, 13.03, 16.77, 4.28, 9.17, 16.07, 21.51, 11.12, 25.21, 18.84, 13.3, 10.91, 9.15, 21.27, 19.84, 14.86, 11.38, 17.85, 10.51, 20.8, 10.82, 17.26, 9.64], [11.17, 20.81, 0.0, 22.71, 4.44, 13.6, 14.18, 17.16, 13.02, 7.89, 11.03, 9.67, 36.34, 18.33, 14.5, 31.46, 4.24, 21.96, 14.3, 21.47, 9.85, 13.92, 12.4, 16.24, 11.42, 11.66, 20.1, 10.86, 32.94, 16.94, 23.9, 16.34, 10.39, 16.9, 17.63, 20.76, 11.17], [11.66, 16.95, 22.71, 0.0, 18.27, 13.88, 12.03, 11.4, 11.01, 25.42, 22.46, 22.48, 18.5, 14.07, 13.33, 9.98, 18.53, 12.67, 12.15, 11.37, 24.3, 14.14, 28.04, 21.95, 13.88, 13.65, 17.54, 23.58, 16.84, 14.12, 8.91, 20.97, 12.32, 23.91, 6.13, 18.78, 11.66], [6.82, 16.45, 4.44, 18.27, 0.0, 10.09, 10.6, 13.31, 9.0, 9.96, 10.99, 5.3, 32.26, 14.91, 11.27, 27.06, 8.68, 17.52, 10.76, 17.03, 10.83, 10.86, 14.23, 15.26, 7.67, 8.23, 15.77, 6.52, 28.98, 13.55, 19.74, 15.07, 5.97, 16.39, 13.34, 16.35, 6.82], [8.93, 13.87, 13.6, 13.88, 10.09, 0.0, 14.33, 17.68, 11.72, 20.02, 20.15, 15.37, 23.04, 4.83, 15.81, 19.88, 9.94, 12.28, 14.56, 12.71, 20.58, 15.98, 24.17, 23.08, 12.11, 13.35, 13.63, 16.57, 19.48, 18.08, 11.05, 22.53, 7.97, 24.65, 12.41, 12.86, 8.93], [5.54, 9.07, 14.18, 12.03, 10.6, 14.33, 0.0, 15.08, 10.95, 14.16, 10.51, 12.56, 29.9, 17.96, 12.46, 22.01, 11.07, 12.42, 11.3, 11.16, 12.55, 12.59, 16.17, 10.3, 12.34, 10.01, 8.25, 13.38, 27.56, 17.05, 18.15, 9.43, 6.71, 12.21, 5.92, 9.92, 5.54], [10.31, 12.17, 17.16, 11.4, 13.31, 17.68, 15.08, 0.0, 12.55, 23.05, 22.5, 18.6, 19.27, 13.02, 16.67, 16.22, 13.25, 9.6, 15.31, 10.39, 23.27, 17.04, 26.99, 24.72, 5.73, 14.73, 12.16, 19.82, 15.79, 11.7, 7.23, 24.04, 9.71, 26.43, 11.64, 10.89, 10.31], [11.55, 8.39, 13.02, 11.01, 9.0, 11.72, 10.95, 12.55, 0.0, 14.45, 11.63, 11.97, 28.17, 15.39, 12.28, 20.84, 9.43, 11.02, 11.09, 9.96, 13.32, 4.49, 17.1, 12.42, 9.77, 9.64, 7.59, 12.96, 25.62, 14.46, 16.11, 11.64, 4.24, 14.26, 5.03, 8.87, 11.55], [14.21, 22.82, 7.89, 25.42, 9.96, 20.02, 14.16, 23.05, 14.45, 0.0, 5.3, 4.89, 41.49, 24.85, 13.59, 35.11, 10.17, 25.24, 14.15, 24.33, 11.47, 12.74, 4.52, 10.76, 17.57, 11.95, 22.01, 12.82, 38.43, 23.5, 28.95, 11.3, 14.1, 10.65, 19.46, 23.29, 14.21], [12.49, 19.57, 11.03, 22.46, 10.99, 20.15, 10.51, 22.5, 11.63, 5.3, 0.0, 7.77, 39.72, 24.8, 9.51, 32.4, 11.39, 22.63, 10.43, 21.5, 13.45, 8.63, 5.7, 5.57, 17.65, 8.89, 18.74, 7.53, 37.0, 23.55, 27.43, 6.02, 12.84, 5.89, 16.33, 20.32, 12.49], [10.84, 20.22, 9.67, 22.48, 5.3, 15.37, 12.56, 18.6, 11.97, 4.89, 7.77, 0.0, 37.44, 20.19, 12.55, 31.76, 5.42, 22.0, 12.63, 21.29, 6.58, 11.85, 9.38, 13.1, 12.97, 10.05, 19.46, 11.82, 34.22, 18.82, 24.89, 13.28, 10.39, 13.66, 16.91, 20.42, 10.84], [27.41, 21.61, 36.34, 18.5, 32.26, 23.04, 29.9, 19.27, 28.17, 41.49, 39.72, 37.44, 0.0, 18.96, 31.38, 10.0, 32.28, 17.59, 30.07, 19.0, 41.1, 32.1, 44.93, 40.15, 24.96, 30.9, 22.33, 38.66, 20.19, 20.22, 12.56, 39.21, 27.4, 42.09, 24.11, 20.33, 27.41], [12.96, 15.1, 18.33, 14.07, 14.91, 4.83, 17.96, 13.02, 15.39, 24.85, 24.8, 20.19, 18.96, 0.0, 19.53, 17.53, 14.76, 12.21, 18.19, 13.16, 25.34, 19.85, 28.97, 27.36, 7.29, 17.43, 15.13, 21.38, 15.22, 13.26, 8.17, 26.73, 12.21, 29.02, 14.67, 13.77, 12.96], [6.92, 10.29, 14.5, 13.33, 11.27, 15.81, 12.46, 16.67, 12.28, 13.59, 9.51, 12.55, 31.38, 19.53, 0.0, 23.3, 11.76, 13.84, 12.69, 12.53, 11.72, 13.98, 15.21, 8.78, 13.74, 11.4, 9.47, 13.26, 29.09, 18.59, 19.72, 7.88, 8.03, 10.71, 7.3, 11.25, 6.92], [20.99, 13.03, 31.46, 9.98, 27.06, 19.88, 22.01, 16.22, 20.84, 35.11, 32.4, 31.76, 10.0, 17.53, 23.3, 0.0, 27.22, 9.87, 22.13, 10.9, 34.16, 24.12, 37.94, 31.86, 20.97, 23.55, 13.84, 32.92, 10.19, 18.33, 9.36, 30.85, 21.37, 33.82, 16.1, 12.1, 20.99], [7.17, 16.77, 4.24, 18.53, 8.68, 9.94, 11.07, 13.25, 9.43, 10.17, 11.39, 5.42, 32.28, 14.76, 11.76, 27.22, 0.0, 17.74, 11.23, 17.29, 11.15, 11.36, 14.49, 15.73, 7.57, 8.71, 16.1, 6.62, 28.96, 13.4, 19.78, 15.55, 6.26, 16.84, 13.69, 16.63, 7.17], [11.17, 4.28, 21.96, 12.67, 17.52, 12.28, 12.42, 9.6, 11.02, 25.24, 22.63, 22.0, 17.59, 12.21, 13.84, 9.87, 17.74, 0.0, 12.57, 11.79, 24.32, 14.6, 28.11, 22.59, 12.51, 13.75, 4.87, 23.14, 15.62, 12.31, 7.18, 21.64, 11.66, 24.54, 6.54, 17.05, 11.17], [5.77, 9.17, 14.3, 12.15, 10.76, 14.56, 11.3, 15.31, 11.09, 14.15, 10.43, 12.63, 30.07, 18.19, 12.69, 22.13, 11.23, 12.57, 0.0, 11.3, 12.5, 12.82, 16.1, 10.12, 12.57, 10.24, 8.35, 13.44, 27.74, 17.28, 18.35, 9.24, 6.93, 12.04, 6.06, 10.05, 5.77], [10.46, 16.07, 21.47, 11.37, 17.03, 12.71, 11.16, 10.39, 9.96, 24.33, 21.5, 21.29, 19.0, 13.16, 12.53, 10.9, 17.29, 11.79, 11.3, 0.0, 23.28, 13.32, 27.05, 21.24, 12.64, 12.65, 16.65, 22.41, 17.11, 13.12, 8.67, 20.27, 11.08, 23.19, 5.24, 18.53, 10.46], [13.69, 21.51, 9.85, 24.3, 10.83, 20.58, 12.55, 23.27, 13.32, 11.47, 13.45, 6.58, 41.1, 25.34, 11.72, 34.16, 11.15, 24.32, 12.5, 23.28, 0.0, 10.84, 14.4, 7.87, 18.08, 10.64, 20.69, 5.98, 38.22, 24.04, 28.66, 8.46, 13.83, 7.77, 18.21, 22.15, 13.69], [7.06, 11.12, 13.92, 14.14, 10.86, 15.98, 12.59, 17.04, 4.49, 12.74, 8.63, 11.85, 32.1, 19.85, 13.98, 24.12, 11.36, 14.6, 12.82, 13.32, 10.84, 0.0, 14.33, 8.1, 13.84, 11.53, 10.3, 12.51, 29.76, 18.87, 20.35, 7.24, 8.1, 10.01, 8.08, 12.05, 7.06], [17.52, 25.21, 12.4, 28.04, 14.23, 24.17, 16.17, 26.99, 17.1, 4.52, 5.7, 9.38, 44.93, 28.97, 15.21, 37.94, 14.49, 28.11, 16.1, 27.05, 14.4, 14.33, 0.0, 9.53, 21.68, 14.4, 24.38, 8.43, 42.04, 27.65, 32.48, 10.4, 17.63, 8.61, 21.93, 25.9, 17.52], [14.41, 18.84, 16.24, 21.95, 15.26, 23.08, 10.3, 24.72, 12.42, 10.76, 5.57, 13.1, 40.15, 27.36, 8.78, 31.86, 15.73, 22.59, 10.12, 21.24, 7.87, 8.1, 9.53, 0.0, 20.7, 9.99, 18.05, 13.02, 37.86, 26.26, 28.44, 11.6, 15.17, 11.47, 16.04, 19.93, 14.41], [6.82, 13.3, 11.42, 13.88, 7.67, 12.11, 12.34, 5.73, 9.77, 17.57, 17.65, 12.97, 24.96, 7.29, 13.74, 20.97, 7.57, 12.51, 12.57, 12.64, 18.08, 13.84, 21.68, 20.7, 0.0, 11.13, 12.93, 14.18, 21.52, 5.97, 12.65, 20.18, 5.74, 22.23, 11.3, 12.52, 6.82], [4.48, 10.91, 11.66, 13.65, 8.23, 13.35, 10.01, 14.73, 9.64, 11.95, 8.89, 10.05, 30.9, 17.43, 11.4, 23.55, 8.71, 13.75, 10.24, 12.65, 10.64, 11.53, 14.4, 9.99, 11.13, 0.0, 10.09, 10.91, 28.31, 16.38, 18.76, 9.31, 5.4, 11.76, 7.58, 11.51, 4.48], [8.95, 9.15, 20.1, 17.54, 15.77, 13.63, 8.25, 12.16, 7.59, 22.01, 18.74, 19.46, 22.33, 15.13, 9.47, 13.84, 16.1, 4.87, 8.35, 16.65, 20.69, 10.3, 24.38, 18.05, 12.93, 10.09, 0.0, 20.5, 20.48, 14.81, 11.85, 17.06, 9.86, 20.01, 11.41, 16.46, 8.95], [11.97, 21.27, 10.86, 23.58, 6.52, 16.57, 13.38, 19.82, 12.96, 12.82, 7.53, 11.82, 38.66, 21.38, 13.26, 32.92, 6.62, 23.14, 13.44, 22.41, 5.98, 12.51, 8.43, 13.02, 14.18, 10.91, 20.5, 0.0, 35.44, 20.01, 26.11, 13.29, 11.56, 13.4, 17.94, 21.51, 11.97], [24.55, 19.84, 32.94, 16.84, 28.98, 19.48, 27.56, 15.79, 25.62, 38.43, 37.0, 34.22, 20.19, 15.22, 29.09, 10.19, 28.96, 15.62, 27.74, 17.11, 38.22, 29.76, 42.04, 37.86, 21.52, 28.31, 20.48, 35.44, 0.0, 16.52, 9.58, 36.97, 24.42, 39.77, 21.97, 18.44, 24.55], [11.9, 14.86, 16.94, 14.12, 13.55, 18.08, 17.05, 11.7, 14.46, 23.5, 23.55, 18.82, 20.22, 13.26, 18.59, 18.33, 13.4, 12.31, 17.28, 13.12, 24.04, 18.87, 27.65, 26.26, 5.97, 16.38, 14.81, 20.01, 16.52, 0.0, 9.04, 25.66, 11.09, 27.89, 14.13, 13.61, 11.9], [14.98, 11.38, 23.9, 8.91, 19.74, 11.05, 18.15, 7.23, 16.11, 28.95, 27.43, 24.89, 12.56, 8.17, 19.72, 9.36, 19.78, 7.18, 18.35, 8.67, 28.66, 20.35, 32.48, 28.44, 12.65, 18.76, 11.85, 26.11, 9.58, 9.04, 0.0, 27.59, 14.88, 30.33, 12.85, 9.87, 14.98], [13.77, 17.85, 16.34, 20.97, 15.07, 22.53, 9.43, 24.04, 11.64, 11.3, 6.02, 13.28, 39.21, 26.73, 7.88, 30.85, 15.55, 21.64, 9.24, 20.27, 8.46, 7.24, 10.4, 11.6, 20.18, 9.31, 17.06, 13.29, 36.97, 25.66, 27.59, 0.0, 14.58, 11.92, 15.1, 18.96, 13.77], [9.87, 10.51, 10.39, 12.32, 5.97, 7.97, 6.71, 9.71, 4.24, 14.1, 12.84, 10.39, 27.4, 12.21, 8.03, 21.37, 6.26, 11.66, 6.93, 11.08, 13.83, 8.1, 17.63, 15.17, 5.74, 5.4, 9.86, 11.56, 24.42, 11.09, 14.88, 14.58, 0.0, 16.81, 7.53, 10.38, 9.87], [16.12, 20.8, 16.9, 23.91, 16.39, 24.65, 12.21, 26.43, 14.26, 10.65, 5.89, 13.66, 42.09, 29.02, 10.71, 33.82, 16.84, 24.54, 12.04, 23.19, 7.77, 10.01, 8.61, 11.47, 22.23, 11.76, 20.01, 13.4, 39.77, 27.89, 30.33, 11.92, 16.81, 0.0, 17.99, 21.89, 16.12], [6.53, 10.82, 17.63, 6.13, 13.34, 12.41, 5.92, 11.64, 5.03, 19.46, 16.33, 16.91, 24.11, 14.67, 7.3, 16.1, 13.69, 6.54, 6.06, 5.24, 18.21, 8.08, 21.93, 16.04, 11.3, 7.58, 11.41, 17.94, 21.97, 14.13, 12.85, 15.1, 7.53, 17.99, 0.0, 13.9, 6.53], [9.65, 17.26, 20.76, 18.78, 16.35, 12.86, 9.92, 10.89, 8.87, 23.29, 20.32, 20.42, 20.33, 13.77, 11.25, 12.1, 16.63, 17.05, 10.05, 18.53, 22.15, 12.05, 25.9, 19.93, 12.52, 11.51, 16.46, 21.51, 18.44, 13.61, 9.87, 18.96, 10.38, 21.89, 13.9, 0.0, 9.65], [8.95, 9.64, 11.17, 11.66, 6.82, 8.93, 5.54, 10.31, 11.55, 14.21, 12.49, 10.84, 27.41, 12.96, 6.92, 20.99, 7.17, 11.17, 5.77, 10.46, 13.69, 7.06, 17.52, 14.41, 6.82, 4.48, 8.95, 11.97, 24.55, 11.9, 14.98, 13.77, 9.87, 16.12, 6.53, 9.65, 0.0]], "end_depot": 36, "horizon": [0.0, 1380.36], "instance_name": "35_75_A_A3", "speed_zone_count": 3, "speed_zones": [[0.0, 460.12], [460.12, 920.24], [920.24, 1380.36]], "start_depot": 0, "vehicle_count": 35}