{"cluster_count": 3, "cluster_speeds": [[0.22, 0.44, 0.22], [0.225, 0.6, 0.225], [0.39425, 0.83, 0.39425]], "clusters": [[-1, 0, 0, 0, 0, 0, 0, 0, 0, 0, 0, 0, 0, 0, 0, 0, 0, 0, 0, 0, 0, 0, 0, 0, 0, 0, 0, 0, 0, 0, 0, 0, 0, 0, 0, 0, 0], [0, -1, 0, 0, 0, 0, 0, 0, 0, 0, 0, 0, 0, 0, 0, 0, 0, 0, 0, 0, 0, 0, 0, 0, 0, 0, 0, 0, 0, 0, 0, 0, 0, 0, 0, 0, 0], [0, 0, -1, 0, 0, 0, 0, 0, 0, 0, 0, 0, 0, 0, 0, 0, 0, 0, 0, 0, 0, 0, 0, 0, 0, 0, 0, 0, 0, 0, 0, 0, 0, 0, 0, 0, 0], [1, 1, 1, -1, 1, 1, 1, 1, 1, 1, 1, 1, 1, 1, 1, 1, 1, 1, 1, 1, 1, 1, 1, 1, 1, 1, 1, 1, 1, 1, 1, 1, 1, 1, 1, 1, 1], [0, 0, 0, 0, -1, 0, 0, 0, 0, 0, 0, 0, 0, 0, 0, 0, 0, 0, 0, 0, 0, 0, 0, 0, 0, 0, 0, 0, 0, 0, 0, 0, 0, 0, 0, 0, 0], [0, 0, 0, 0, 0, -1, 0, 0, 0, 0, 0, 0, 0, 0, 0, 0, 0, 0, 0, 0, 0, 0, 0, 0, 0, 0, 0, 0, 0, 0, 0, 0, 0, 0, 0, 0, 0], [0, 0, 0, 0, 0, 0, -1, 0, 0, 0, 0, 0, 0, 0, 0, 0, 0, 0, 0, 0, 0, 0, 0, 0, 0, 0, 0, 0, 0, 0, 0, 0, 0, 0, 0, 0, 0], [0, 0, 0, 0, 0, 0, 0, -1, 0, 0, 0, 0, 0, 0, 0, 0, 0, 0, 0, 0, 0, 0, 0, 0, 0, 0, 0, 0, 0, 0, 0, 0, 0, 0, 0, 0, 0], [0, 0, 0, 0, 0, 0, 0, 0, -1, 0, 0, 0, 0, 0, 0, 0, 0, 0, 0, 0, 0, 0, 0, 0, 0, 0, 0, 0, 0, 0, 0, 0, 0, 0, 0, 0, 0], [0, 0, 0, 0, 0, 0, 0, 0, 0, -1, 0, 0, 0, 0, 0, 0, 0, 0, 0, 0, 0, 0, 0, 0, 0, 0, 0, 0, 0, 0, 0, 0, 0, 0, 0, 0, 0], [0, 0, 0, 0, 0, 0, 0, 0, 0, 0, -1, 0, 0, 0, 0, 0, 0, 0, 0, 0, 0, 0, 0, 0, 0, 0, 0, 0, 0, 0, 0, 0, 0, 0, 0, 0, 0], [0, 0, 0, 0, 0, 0, 0, 0, 0, 0, 0, -1, 0, 0, 0, 0, 0, 0, 0, 0, 0, 0, 0, 0, 0, 0, 0, 0, 0, 0, 0, 0, 0, 0, 0, 0, 0], [0, 0, 0, 0, 0, 0, 0, 0, 0, 0, 0, 0, -1, 0, 0, 0, 0, 0, 0, 0, 0, 0, 0, 0, 0, 0, 0, 0, 0, 0, 0, 0, 0, 0, 0, 0, 0], [1, 1, 1, 1, 1, 1, 1, 1, 1, 1, 1, 1, 1, -1, 1, 1, 1, 1, 1, 1, 1, 1, 1, 1, 1, 1, 1, 1, 1, 1, 1, 1, 1, 1, 1, 1, 1], [0, 0, 0, 0, 0, 0, 0, 0, 0, 0, 0, 0, 0, 0, -1, 0, 0, 0, 0, 0, 0, 0, 0, 0, 0, 0, 0, 0, 0, 0, 0, 0, 0, 0, 0, 0, 0], [1, 1, 1, 1, 1, 1, 1, 1, 1, 1, 1, 1, 1, 1, 1, -1, 1, 1, 1, 1, 1, 1, 1, 1, 1, 1, 1, 1, 1, 1, 1, 1, 1, 1, 1, 1, 1], [1, 1, 1, 1, 1, 1, 1, 1, 1, 1, 1, 1, 1, 1, 1, 1, -1, 1, 1, 1, 1, 1, 1, 1, 1, 1, 1, 1, 1, 1, 1, 1, 1, 1, 1, 1, 1], [0, 0, 0, 0, 0, 0, 0, 0, 0, 0, 0, 0, 0, 0, 0, 0, 0, -1, 0, 0, 0, 0, 0, 0, 0, 0, 0, 0, 0, 0, 0, 0, 0, 0, 0, 0, 0], [0, 0, 0, 0, 0, 0, 0, 0, 0, 0, 0, 0, 0, 0, 0, 0, 0, 0, -1, 0, 0, 0, 0, 0, 0, 0, 0, 0, 0, 0, 0, 0, 0, 0, 0, 0, 0], [0, 0, 0, 0, 0, 0, 0, 0, 0, 0, 0, 0, 0, 0, 0, 0, 0, 0, 0, -1, 0, 0, 0, 0, 0, 0, 0, 0, 0, 0, 0, 0, 0, 0, 0, 0, 0], [1, 1, 1, 1, 1, 1, 1, 1, 1, 1, 1, 1, 1, 1, 1, 1, 1, 1, 1, 1, -1, 1, 1, 1, 1, 1, 1, 1, 1, 1, 1, 1, 1, 1, 1, 1, 1], [0, 0, 0, 0, 0, 0, 0, 0, 0, 0, 0, 0, 0, 0, 0, 0, 0, 0, 0, 0, 0, -1, 0, 0, 0, 0, 0, 0, 0, 0, 0, 0, 0, 0, 0, 0, 0], [0, 0, 0, 0, 0, 0, 0, 0, 0, 0, 0, 0, 0, 0, 0, 0, 0, 0, 0, 0, 0, 0, -1, 0, 0, 0, 0, 0, 0, 0, 0, 0, 0, 0, 0, 0, 0], [1, 1, 1, 1, 1, 1, 1, 1, 1, 1, 1, 1, 1, 1, 1, 1, 1, 1, 1, 1, 1, 1, 1, -1, 1, 1, 1, 1, 1, 1, 1, 1, 1, 1, 1, 1, 1], [1, 1, 1, 1, 1, 1, 1, 1, 1, 1, 1, 1, 1, 1, 1, 1, 1, 1, 1, 1, 1, 1, 1, 1, -1, 1, 1, 1, 1, 1, 1, 1, 1, 1, 1, 1, 1], [0, 0, 0, 0, 0, 0, 0, 0, 0, 0, 0, 0, 0, 0, 0, 0, 0, 0, 0, 0, 0, 0, 0, 0, 0, -1, 0, 0, 0, 0, 0, 0, 0, 0, 0, 0, 0], [1, 1, 1, 1, 1, 1, 1, 1, 1, 1, 1, 1, 1, 1, 1, 1, 1, 1, 1, 1, 1, 1, 1, 1, 1, 1, -1, 1, 1, 1, 1, 1, 1, 1, 1, 1, 1], [0, 0, 0, 0, 0, 0, 0, 0, 0, 0, 0, 0, 0, 0, 0, 0, 0, 0, 0, 0, 0, 0, 0, 0, 0, 0, 0, -1, 0, 0, 0, 0, 0, 0, 0, 0, 0], [0, 0, 0, 0, 0, 0, 0, 0, 0, 0, 0, 0, 0, 0, 0, 0, 0, 0, 0, 0, 0, 0, 0, 0, 0, 0, 0, 0, -1, 0, 0, 0, 0, 0, 0, 0, 0], [0, 0, 0, 0, 0, 0, 0, 0, 0, 0, 0, 0, 0, 0, 0, 0, 0, 0, 0, 0, 0, 0, 0, 0, 0, 0, 0, 0, 0, -1, 0, 0, 0, 0, 0, 0, 0], [1, 1, 1, 1, 1, 1, 1, 1, 1, 1, 1, 1, 1, 1, 1, 1, 1, 1, 1, 1, 1, 1, 1, 1, 1, 1, 1, 1, 1, 1, -1, 1, 1, 1, 1, 1, 1], [0, 0, 0, 0, 0, 0, 0, 0, 0, 0, 0, 0, 0, 0, 0, 0, 0, 0, 0, 0, 0, 0, 0, 0, 0, 0, 0, 0, 0, 0, 0, -1, 0, 0, 0, 0, 0], [0, 0, 0, 0, 0, 0, 0, 0, 0, 0, 0, 0, 0, 0, 0, 0, 0, 0, 0, 0, 0, 0, 0, 0, 0, 0, 0, 0, 0, 0, 0, 0, -1, 0, 0, 0, 0], [1, 1, 1, 1, 1, 1, 1, 1, 1, 1, 1, 1, 1, 1, 1, 1, 1, 1, 1, 1, 1, 1, 1, 1, 1, 1, 1, 1, 1, 1, 1, 1, 1, -1, 1, 1, 1], [0, 0, 0, 0, 0, 0, 0, 0, 0, 0, 0, 0, 0, 0, 0, 0, 0, 0, 0, 0, 0, 0, 0, 0, 0, 0, 0, 0, 0, 0, 0, 0, 0, 0, -1, 0, 0], [0, 0, 0, 0, 0, 0, 0, 0, 0, 0, 0, 0, 0, 0, 0, 0, 0, 0, 0, 0, 0, 0, 0, 0, 0, 0, 0, 0, 0, 0, 0, 0, 0, 0, 0, -1, 0], [0, 0, 0, 0, 0, 0, 0, 0, 0, 0, 0, 0, 0, 0, 0, 0, 0, 0, 0, 0, 0, 0, 0, 0, 0, 0, 0, 0, 0, 0, 0, 0, 0, 0, 0, 0, -1]], "dataset_name": "cordeau_et_al_2014", "digraph": {"arc_count": 1260, "arcs": [[0, 1, 1, 1, 1, 1, 1, 1, 1, 1, 1, 1, 1, 1, 1, 1, 1, 1, 1, 1, 1, 1, 1, 1, 1, 1, 1, 1, 1, 1, 1, 1, 1, 1, 1, 1, 0], [0, 0, 1, 1, 1, 1, 1, 1, 1, 1, 1, 1, 1, 1, 1, 1, 1, 1, 1, 1, 1, 1, 1, 1, 1, 1, 1, 1, 1, 1, 1, 1, 1, 1, 1, 1, 1], [0, 1, 0, 1, 1, 1, 1, 1, 1, 1, 1, 1, 1, 1, 1, 1, 1, 1, 1, 1, 1, 1, 1, 1, 1, 1, 1, 1, 1, 1, 1, 1, 1, 1, 1, 1, 1], [0, 1, 1, 0, 1, 1, 1, 1, 1, 1, 1, 1, 1, 1, 1, 1, 1, 1, 1, 1, 1, 1, 1, 1, 1, 1, 1, 1, 1, 1, 1, 1, 1, 1, 1, 1, 1], [0, 1, 1, 1, 0, 1, 1, 1, 1, 1, 1, 1, 1, 1, 1, 1, 1, 1, 1, 1, 1, 1, 1, 1, 1, 1, 1, 1, 1, 1, 1, 1, 1, 1, 1, 1, 1], [0, 1, 1, 1, 1, 0, 1, 1, 1, 1, 1, 1, 1, 1, 1, 1, 1, 1, 1, 1, 1, 1, 1, 1, 1, 1, 1, 1, 1, 1, 1, 1, 1, 1, 1, 1, 1], [0, 1, 1, 1, 1, 1, 0, 1, 1, 1, 1, 1, 1, 1, 1, 1, 1, 1, 1, 1, 1, 1, 1, 1, 1, 1, 1, 1, 1, 1, 1, 1, 1, 1, 1, 1, 1], [0, 1, 1, 1, 1, 1, 1, 0, 1, 1, 1, 1, 1, 1, 1, 1, 1, 1, 1, 1, 1, 1, 1, 1, 1, 1, 1, 1, 1, 1, 1, 1, 1, 1, 1, 1, 1], [0, 1, 1, 1, 1, 1, 1, 1, 0, 1, 1, 1, 1, 1, 1, 1, 1, 1, 1, 1, 1, 1, 1, 1, 1, 1, 1, 1, 1, 1, 1, 1, 1, 1, 1, 1, 1], [0, 1, 1, 1, 1, 1, 1, 1, 1, 0, 1, 1, 1, 1, 1, 1, 1, 1, 1, 1, 1, 1, 1, 1, 1, 1, 1, 1, 1, 1, 1, 1, 1, 1, 1, 1, 1], [0, 1, 1, 1, 1, 1, 1, 1, 1, 1, 0, 1, 1, 1, 1, 1, 1, 1, 1, 1, 1, 1, 1, 1, 1, 1, 1, 1, 1, 1, 1, 1, 1, 1, 1, 1, 1], [0, 1, 1, 1, 1, 1, 1, 1, 1, 1, 1, 0, 1, 1, 1, 1, 1, 1, 1, 1, 1, 1, 1, 1, 1, 1, 1, 1, 1, 1, 1, 1, 1, 1, 1, 1, 1], [0, 1, 1, 1, 1, 1, 1, 1, 1, 1, 1, 1, 0, 1, 1, 1, 1, 1, 1, 1, 1, 1, 1, 1, 1, 1, 1, 1, 1, 1, 1, 1, 1, 1, 1, 1, 1], [0, 1, 1, 1, 1, 1, 1, 1, 1, 1, 1, 1, 1, 0, 1, 1, 1, 1, 1, 1, 1, 1, 1, 1, 1, 1, 1, 1, 1, 1, 1, 1, 1, 1, 1, 1, 1], [0, 1, 1, 1, 1, 1, 1, 1, 1, 1, 1, 1, 1, 1, 0, 1, 1, 1, 1, 1, 1, 1, 1, 1, 1, 1, 1, 1, 1, 1, 1, 1, 1, 1, 1, 1, 1], [0, 1, 1, 1, 1, 1, 1, 1, 1, 1, 1, 1, 1, 1, 1, 0, 1, 1, 1, 1, 1, 1, 1, 1, 1, 1, 1, 1, 1, 1, 1, 1, 1, 1, 1, 1, 1], [0, 1, 1, 1, 1, 1, 1, 1, 1, 1, 1, 1, 1, 1, 1, 1, 0, 1, 1, 1, 1, 1, 1, 1, 1, 1, 1, 1, 1, 1, 1, 1, 1, 1, 1, 1, 1], [0, 1, 1, 1, 1, 1, 1, 1, 1, 1, 1, 1, 1, 1, 1, 1, 1, 0, 1, 1, 1, 1, 1, 1, 1, 1, 1, 1, 1, 1, 1, 1, 1, 1, 1, 1, 1], [0, 1, 1, 1, 1, 1, 1, 1, 1, 1, 1, 1, 1, 1, 1, 1, 1, 1, 0, 1, 1, 1, 1, 1, 1, 1, 1, 1, 1, 1, 1, 1, 1, 1, 1, 1, 1], [0, 1, 1, 1, 1, 1, 1, 1, 1, 1, 1, 1, 1, 1, 1, 1, 1, 1, 1, 0, 1, 1, 1, 1, 1, 1, 1, 1, 1, 1, 1, 1, 1, 1, 1, 1, 1], [0, 1, 1, 1, 1, 1, 1, 1, 1, 1, 1, 1, 1, 1, 1, 1, 1, 1, 1, 1, 0, 1, 1, 1, 1, 1, 1, 1, 1, 1, 1, 1, 1, 1, 1, 1, 1], [0, 1, 1, 1, 1, 1, 1, 1, 1, 1, 1, 1, 1, 1, 1, 1, 1, 1, 1, 1, 1, 0, 1, 1, 1, 1, 1, 1, 1, 1, 1, 1, 1, 1, 1, 1, 1], [0, 1, 1, 1, 1, 1, 1, 1, 1, 1, 1, 1, 1, 1, 1, 1, 1, 1, 1, 1, 1, 1, 0, 1, 1, 1, 1, 1, 1, 1, 1, 1, 1, 1, 1, 1, 1], [0, 1, 1, 1, 1, 1, 1, 1, 1, 1, 1, 1, 1, 1, 1, 1, 1, 1, 1, 1, 1, 1, 1, 0, 1, 1, 1, 1, 1, 1, 1, 1, 1, 1, 1, 1, 1], [0, 1, 1, 1, 1, 1, 1, 1, 1, 1, 1, 1, 1, 1, 1, 1, 1, 1, 1, 1, 1, 1, 1, 1, 0, 1, 1, 1, 1, 1, 1, 1, 1, 1, 1, 1, 1], [0, 1, 1, 1, 1, 1, 1, 1, 1, 1, 1, 1, 1, 1, 1, 1, 1, 1, 1, 1, 1, 1, 1, 1, 1, 0, 1, 1, 1, 1, 1, 1, 1, 1, 1, 1, 1], [0, 1, 1, 1, 1, 1, 1, 1, 1, 1, 1, 1, 1, 1, 1, 1, 1, 1, 1, 1, 1, 1, 1, 1, 1, 1, 0, 1, 1, 1, 1, 1, 1, 1, 1, 1, 1], [0, 1, 1, 1, 1, 1, 1, 1, 1, 1, 1, 1, 1, 1, 1, 1, 1, 1, 1, 1, 1, 1, 1, 1, 1, 1, 1, 0, 1, 1, 1, 1, 1, 1, 1, 1, 1], [0, 1, 1, 1, 1, 1, 1, 1, 1, 1, 1, 1, 1, 1, 1, 1, 1, 1, 1, 1, 1, 1, 1, 1, 1, 1, 1, 1, 0, 1, 1, 1, 1, 1, 1, 1, 1], [0, 1, 1, 1, 1, 1, 1, 1, 1, 1, 1, 1, 1, 1, 1, 1, 1, 1, 1, 1, 1, 1, 1, 1, 1, 1, 1, 1, 1, 0, 1, 1, 1, 1, 1, 1, 1], [0, 1, 1, 1, 1, 1, 1, 1, 1, 1, 1, 1, 1, 1, 1, 1, 1, 1, 1, 1, 1, 1, 1, 1, 1, 1, 1, 1, 1, 1, 0, 1, 1, 1, 1, 1, 1], [0, 1, 1, 1, 1, 1, 1, 1, 1, 1, 1, 1, 1, 1, 1, 1, 1, 1, 1, 1, 1, 1, 1, 1, 1, 1, 1, 1, 1, 1, 1, 0, 1, 1, 1, 1, 1], [0, 1, 1, 1, 1, 1, 1, 1, 1, 1, 1, 1, 1, 1, 1, 1, 1, 1, 1, 1, 1, 1, 1, 1, 1, 1, 1, 1, 1, 1, 1, 1, 0, 1, 1, 1, 1], [0, 1, 1, 1, 1, 1, 1, 1, 1, 1, 1, 1, 1, 1, 1, 1, 1, 1, 1, 1, 1, 1, 1, 1, 1, 1, 1, 1, 1, 1, 1, 1, 1, 0, 1, 1, 1], [0, 1, 1, 1, 1, 1, 1, 1, 1, 1, 1, 1, 1, 1, 1, 1, 1, 1, 1, 1, 1, 1, 1, 1, 1, 1, 1, 1, 1, 1, 1, 1, 1, 1, 0, 1, 1], [0, 1, 1, 1, 1, 1, 1, 1, 1, 1, 1, 1, 1, 1, 1, 1, 1, 1, 1, 1, 1, 1, 1, 1, 1, 1, 1, 1, 1, 1, 1, 1, 1, 1, 1, 0, 1], [0, 0, 0, 0, 0, 0, 0, 0, 0, 0, 0, 0, 0, 0, 0, 0, 0, 0, 0, 0, 0, 0, 0, 0, 0, 0, 0, 0, 0, 0, 0, 0, 0, 0, 0, 0, 0]], "vertex_count": 37}, "distances": [[0.0, 4.58, 7.63, 15.4, 11.5, 7.62, 12.84, 10.84, 13.03, 6.48, 14.75, 13.19, 9.66, 17.09, 12.88, 19.28, 15.21, 11.2, 10.04, 6.47, 16.02, 11.75, 11.69, 19.18, 15.89, 11.55, 19.38, 11.45, 11.39, 10.49, 17.44, 14.02, 6.52, 22.16, 11.85, 13.7, 9.16], [4.58, 0.0, 6.51, 12.65, 8.29, 5.93, 17.14, 7.02, 11.92, 9.83, 16.46, 12.08, 5.4, 17.0, 11.77, 18.56, 19.37, 15.48, 14.5, 11.0, 15.75, 7.39, 15.98, 20.64, 12.66, 8.47, 15.76, 15.76, 13.69, 5.91, 14.91, 16.79, 9.02, 25.02, 16.21, 13.51, 4.58], [7.63, 6.51, 0.0, 18.78, 10.29, 12.44, 15.82, 12.62, 5.41, 14.11, 10.87, 5.57, 10.55, 23.41, 5.26, 25.07, 17.44, 14.3, 14.19, 11.61, 22.2, 10.9, 14.77, 14.67, 18.48, 10.41, 21.04, 14.64, 18.93, 8.71, 21.1, 12.4, 14.04, 20.28, 15.24, 7.01, 7.63], [15.4, 12.65, 18.78, 0.0, 17.98, 7.84, 27.73, 6.37, 16.19, 15.48, 29.1, 15.3, 8.52, 9.98, 15.38, 9.3, 30.25, 26.16, 24.6, 21.04, 8.84, 15.81, 26.61, 33.26, 12.23, 18.15, 5.46, 26.35, 14.74, 16.07, 11.09, 29.2, 13.57, 37.42, 26.63, 25.69, 15.4], [11.5, 8.29, 10.29, 17.98, 0.0, 10.17, 9.76, 14.15, 5.29, 5.02, 14.65, 5.77, 13.19, 17.72, 6.04, 20.3, 12.28, 8.19, 6.69, 12.13, 16.84, 10.81, 8.64, 19.09, 18.73, 10.08, 22.4, 8.38, 10.34, 10.49, 19.8, 12.9, 6.14, 20.61, 8.67, 15.21, 11.5], [7.62, 5.93, 12.44, 7.84, 10.17, 0.0, 19.93, 5.08, 8.71, 8.48, 21.89, 7.89, 5.56, 11.17, 8.05, 12.63, 22.43, 18.35, 16.84, 13.25, 9.9, 8.09, 18.81, 26.21, 8.57, 10.35, 12.33, 18.55, 10.0, 8.23, 9.81, 21.58, 6.75, 29.76, 18.84, 19.42, 7.62], [12.84, 17.14, 15.82, 27.73, 9.76, 19.93, 0.0, 23.68, 13.23, 13.28, 12.3, 14.09, 22.45, 26.34, 14.22, 29.19, 15.92, 11.84, 16.09, 6.69, 25.68, 11.95, 12.27, 15.61, 28.48, 9.58, 32.11, 12.01, 17.63, 11.84, 29.51, 8.4, 15.04, 13.17, 12.28, 16.75, 12.84], [10.84, 7.02, 12.62, 6.37, 14.15, 5.08, 23.68, 0.0, 10.96, 13.42, 23.24, 10.02, 10.64, 14.06, 10.02, 14.51, 26.05, 22.04, 20.79, 17.17, 12.74, 12.42, 22.52, 27.25, 5.86, 14.34, 8.74, 22.29, 14.97, 11.88, 8.72, 23.8, 11.78, 32.02, 22.67, 19.42, 10.84], [13.03, 11.92, 5.41, 16.19, 5.29, 8.71, 13.23, 10.96, 0.0, 8.7, 13.2, 10.97, 9.42, 18.9, 10.66, 20.92, 15.4, 11.57, 10.76, 7.45, 17.77, 5.51, 12.07, 17.56, 16.43, 5.44, 19.68, 11.87, 13.6, 12.75, 18.35, 13.01, 8.71, 21.24, 12.35, 11.58, 13.03], [6.48, 9.83, 14.11, 15.48, 5.02, 8.48, 13.28, 13.42, 8.7, 0.0, 19.67, 8.67, 13.23, 13.14, 8.99, 15.93, 15.87, 11.96, 10.05, 7.12, 12.42, 12.4, 12.31, 24.1, 16.66, 5.07, 20.54, 12.04, 5.32, 5.47, 16.9, 17.8, 10.22, 25.26, 12.11, 19.84, 6.48], [14.75, 16.46, 10.87, 29.1, 14.65, 21.89, 12.3, 23.24, 13.2, 19.67, 0.0, 14.0, 21.27, 31.8, 13.85, 34.02, 12.2, 11.7, 13.13, 13.38, 30.76, 16.66, 11.92, 4.46, 29.05, 14.61, 31.82, 12.0, 24.99, 14.89, 31.35, 11.73, 20.6, 9.78, 12.59, 6.44, 14.75], [13.19, 12.08, 5.57, 15.3, 5.77, 7.89, 14.09, 10.02, 10.97, 8.67, 14.0, 0.0, 8.49, 18.28, 10.82, 20.22, 16.29, 12.43, 11.55, 8.16, 17.12, 5.62, 12.93, 18.34, 15.51, 5.94, 18.75, 12.72, 13.37, 13.46, 17.47, 13.92, 8.48, 22.15, 13.19, 12.07, 13.19], [9.66, 5.4, 10.55, 8.52, 13.19, 5.56, 22.45, 10.64, 9.42, 13.23, 21.27, 8.49, 0.0, 15.71, 8.44, 16.41, 24.74, 20.8, 19.7, 16.11, 14.39, 11.73, 21.29, 25.22, 7.97, 13.39, 10.57, 21.06, 15.52, 10.83, 10.87, 22.02, 11.79, 30.21, 21.49, 17.29, 9.66], [17.09, 17.0, 23.41, 9.98, 17.72, 11.17, 26.34, 14.06, 18.9, 13.14, 31.8, 18.28, 15.71, 0.0, 18.52, 17.22, 28.92, 25.08, 23.13, 20.23, 17.64, 15.43, 25.42, 36.25, 11.89, 17.83, 14.9, 25.14, 9.1, 16.94, 9.29, 30.58, 11.6, 38.3, 25.18, 30.28, 17.09], [12.88, 11.77, 5.26, 15.38, 6.04, 8.05, 14.22, 10.02, 10.66, 8.99, 13.85, 10.82, 8.44, 18.52, 0.0, 20.43, 16.4, 12.57, 11.73, 8.37, 17.36, 5.94, 13.07, 18.17, 15.55, 6.2, 18.75, 12.86, 13.68, 13.67, 17.57, 13.86, 8.79, 22.1, 13.34, 11.8, 12.88], [19.28, 18.56, 25.07, 9.3, 20.3, 12.63, 29.19, 14.51, 20.92, 15.93, 34.02, 20.22, 16.41, 17.22, 20.43, 0.0, 31.78, 27.89, 25.96, 22.94, 16.28, 17.97, 28.24, 38.44, 11.1, 20.42, 13.48, 27.96, 12.16, 19.29, 7.93, 33.04, 14.27, 40.9, 28.03, 32.04, 19.28], [15.21, 19.37, 17.44, 30.25, 12.28, 22.43, 15.92, 26.05, 15.4, 15.87, 12.2, 16.29, 24.74, 28.92, 16.4, 31.78, 0.0, 14.38, 5.83, 9.23, 28.27, 14.5, 14.81, 14.89, 30.96, 12.1, 34.56, 14.55, 20.17, 14.28, 32.06, 8.08, 17.63, 11.19, 14.82, 17.41, 15.21], [11.2, 15.48, 14.3, 26.16, 8.19, 18.35, 11.84, 22.04, 11.57, 11.96, 11.7, 12.43, 20.8, 25.08, 12.57, 27.89, 14.38, 0.0, 14.52, 5.15, 24.38, 10.43, 10.73, 15.34, 26.88, 8.01, 30.5, 10.46, 16.54, 10.22, 27.98, 8.08, 13.66, 13.83, 10.74, 15.66, 11.2], [10.04, 14.5, 14.19, 24.6, 6.69, 16.84, 16.09, 20.79, 10.76, 10.05, 13.13, 11.55, 19.7, 23.13, 11.73, 25.96, 5.83, 14.52, 0.0, 14.07, 22.45, 8.79, 14.97, 17.0, 25.41, 6.51, 29.1, 14.71, 14.52, 8.92, 26.34, 9.78, 11.8, 15.87, 14.99, 16.46, 10.04], [6.47, 11.0, 11.61, 21.04, 12.13, 13.25, 6.69, 17.17, 7.45, 7.12, 13.38, 8.16, 16.11, 20.23, 8.37, 22.94, 9.23, 5.15, 14.07, 0.0, 19.44, 5.28, 5.58, 17.66, 21.81, 12.19, 25.48, 5.32, 12.13, 5.3, 22.83, 10.91, 8.66, 18.14, 5.59, 15.24, 6.47], [16.02, 15.75, 22.2, 8.84, 16.84, 9.9, 25.68, 12.74, 17.77, 12.42, 30.76, 17.12, 14.39, 17.64, 17.36, 16.28, 28.27, 24.38, 22.45, 19.44, 0.0, 14.53, 24.73, 35.2, 10.75, 16.96, 13.91, 24.45, 8.79, 15.94, 8.35, 29.64, 10.78, 37.45, 24.52, 29.09, 16.02], [11.75, 7.39, 10.9, 15.81, 10.81, 8.09, 11.95, 12.42, 5.51, 12.4, 16.66, 5.62, 11.73, 15.43, 5.94, 17.97, 14.5, 10.43, 8.79, 5.28, 14.53, 0.0, 10.86, 21.12, 16.66, 10.96, 20.41, 10.59, 8.5, 10.58, 17.56, 15.15, 13.4, 22.93, 10.83, 16.57, 11.75], [11.69, 15.98, 14.77, 26.61, 8.64, 18.81, 12.27, 22.52, 12.07, 12.31, 11.92, 12.93, 21.29, 25.42, 13.07, 28.24, 14.81, 10.73, 14.97, 5.58, 24.73, 10.86, 0.0, 15.46, 27.34, 8.46, 30.97, 10.9, 16.82, 10.7, 28.42, 8.2, 14.03, 13.67, 11.17, 16.03, 11.69], [19.18, 20.64, 14.67, 33.26, 19.09, 26.21, 15.61, 27.25, 17.56, 24.1, 4.46, 18.34, 25.22, 36.25, 18.17, 38.44, 14.89, 15.34, 17.0, 17.66, 35.2, 21.12, 15.46, 0.0, 33.1, 19.04, 35.7, 15.6, 29.42, 19.35, 35.54, 7.27, 25.06, 8.42, 16.12, 8.73, 19.18], [15.89, 12.66, 18.48, 12.23, 18.73, 8.57, 28.48, 5.86, 16.43, 16.66, 29.05, 15.51, 7.97, 11.89, 15.55, 11.1, 30.96, 26.88, 25.41, 21.81, 10.75, 16.66, 27.34, 33.1, 0.0, 18.91, 14.6, 27.09, 16.36, 16.69, 14.58, 29.42, 14.78, 37.65, 27.4, 25.26, 15.89], [11.55, 8.47, 10.41, 18.15, 10.08, 10.35, 9.58, 14.34, 5.44, 5.07, 14.61, 5.94, 13.39, 17.83, 6.2, 20.42, 12.1, 8.01, 6.51, 12.19, 16.96, 10.96, 8.46, 19.04, 18.91, 0.0, 22.59, 8.2, 10.38, 10.54, 19.97, 12.81, 6.24, 20.49, 8.49, 15.25, 11.55], [19.38, 15.76, 21.04, 5.46, 22.4, 12.33, 32.11, 8.74, 19.68, 20.54, 31.82, 18.75, 10.57, 14.9, 18.75, 13.48, 34.56, 30.5, 29.1, 25.48, 13.91, 20.41, 30.97, 35.7, 14.6, 22.59, 0.0, 30.72, 20.18, 20.28, 5.63, 32.53, 18.66, 40.75, 31.06, 27.51, 19.38], [11.45, 15.76, 14.64, 26.35, 8.38, 18.55, 12.01, 22.29, 11.87, 12.04, 12.0, 12.72, 21.06, 25.14, 12.86, 27.96, 14.55, 10.46, 14.71, 5.32, 24.45, 10.59, 10.9, 15.6, 27.09, 8.2, 30.72, 0.0, 16.55, 10.45, 28.15, 8.33, 13.76, 13.91, 10.91, 16.02, 11.45], [11.39, 13.69, 18.93, 14.74, 10.34, 10.0, 17.63, 14.97, 13.6, 5.32, 24.99, 13.37, 15.52, 9.1, 13.68, 12.16, 20.17, 16.54, 14.52, 12.13, 8.79, 8.5, 16.82, 29.42, 16.36, 10.38, 20.18, 16.55, 0.0, 10.61, 15.46, 22.99, 4.9, 30.2, 16.49, 25.02, 11.39], [10.49, 5.91, 8.71, 16.07, 10.49, 8.23, 11.84, 11.88, 12.75, 5.47, 14.89, 13.46, 10.83, 16.94, 13.67, 19.29, 14.28, 10.22, 8.92, 5.3, 15.94, 10.58, 10.7, 19.35, 16.69, 10.54, 20.28, 10.45, 10.61, 0.0, 18.01, 13.78, 5.85, 21.8, 10.81, 14.42, 10.49], [17.44, 14.91, 21.1, 11.09, 19.8, 9.81, 29.51, 8.72, 18.35, 16.9, 31.35, 17.47, 10.87, 9.29, 17.57, 7.93, 32.06, 27.98, 26.34, 22.83, 8.35, 17.56, 28.42, 35.54, 14.58, 19.97, 5.63, 28.15, 15.46, 18.01, 0.0, 31.34, 14.97, 39.54, 28.39, 28.02, 17.44], [14.02, 16.79, 12.4, 29.2, 12.9, 21.58, 8.4, 23.8, 13.01, 17.8, 11.73, 13.92, 22.02, 30.58, 13.86, 33.04, 8.08, 8.08, 9.78, 10.91, 29.64, 15.15, 8.2, 7.27, 29.42, 12.81, 32.53, 8.33, 22.99, 13.78, 31.34, 0.0, 19.04, 8.23, 8.86, 9.96, 14.02], [6.52, 9.02, 14.04, 13.57, 6.14, 6.75, 15.04, 11.78, 8.71, 10.22, 20.6, 8.48, 11.79, 11.6, 8.79, 14.27, 17.63, 13.66, 11.8, 8.66, 10.78, 13.4, 14.03, 25.06, 14.78, 6.24, 18.66, 13.76, 4.9, 5.85, 14.97, 19.04, 0.0, 26.7, 13.88, 20.2, 6.52], [22.16, 25.02, 20.28, 37.42, 20.61, 29.76, 13.17, 32.02, 21.24, 25.26, 9.78, 22.15, 30.21, 38.3, 22.1, 40.9, 11.19, 13.83, 15.87, 18.14, 37.45, 22.93, 13.67, 8.42, 37.65, 20.49, 40.75, 13.91, 30.2, 21.8, 39.54, 8.23, 26.7, 0.0, 14.16, 16.07, 22.16], [11.85, 16.21, 15.24, 26.63, 8.67, 18.84, 12.28, 22.67, 12.35, 12.11, 12.59, 13.19, 21.49, 25.18, 13.34, 28.03, 14.82, 10.74, 14.99, 5.59, 24.52, 10.83, 11.17, 16.12, 27.4, 8.49, 31.06, 10.91, 16.49, 10.81, 28.39, 8.86, 13.88, 14.16, 0.0, 16.66, 11.85], [13.7, 13.51, 7.01, 25.69, 15.21, 19.42, 16.75, 19.42, 11.58, 19.84, 6.44, 12.07, 17.29, 30.28, 11.8, 32.04, 17.41, 15.66, 16.46, 15.24, 29.09, 16.57, 16.03, 8.73, 25.26, 15.25, 27.51, 16.02, 25.02, 14.42, 28.02, 9.96, 20.2, 16.07, 16.66, 0.0, 13.7], [9.16, 4.58, 7.63, 15.4, 11.5, 7.62, 12.84, 10.84, 13.03, 6.48, 14.75, 13.19, 9.66, 17.09, 12.88, 19.28, 15.21, 11.2, 10.04, 6.47, 16.02, 11.75, 11.69, 19.18, 15.89, 11.55, 19.38, 11.45, 11.39, 10.49, 17.44, 14.02, 6.52, 22.16, 11.85, 13.7, 0.0]], "end_depot": 36, "horizon": [0.0, 1384.98], "instance_name": "35_75_A_A7", "speed_zone_count": 3, "speed_zones": [[0.0, 461.66], [461.66, 923.32], [923.32, 1384.98]], "start_depot": 0, "vehicle_count": 35}