{"cluster_count": 3, "cluster_speeds": [[0.22, 0.44, 0.22], [0.21, 0.6, 0.21], [0.39425, 0.83, 0.39425]], "clusters": [[-1, 0, 0, 0, 0, 0, 0, 0, 0, 0, 0, 0, 0, 0, 0, 0, 0, 0, 0, 0, 0, 0, 0, 0, 0, 0, 0, 0, 0, 0, 0, 0, 0, 0, 0, 0, 0], [0, -1, 0, 0, 0, 0, 0, 0, 0, 0, 0, 0, 0, 0, 0, 0, 0, 0, 0, 0, 0, 0, 0, 0, 0, 0, 0, 0, 0, 0, 0, 0, 0, 0, 0, 0, 0], [0, 0, -1, 0, 0, 0, 0, 0, 0, 0, 0, 0, 0, 0, 0, 0, 0, 0, 0, 0, 0, 0, 0, 0, 0, 0, 0, 0, 0, 0, 0, 0, 0, 0, 0, 0, 0], [1, 1, 1, -1, 1, 1, 1, 1, 1, 1, 1, 1, 1, 1, 1, 1, 1, 1, 1, 1, 1, 1, 1, 1, 1, 1, 1, 1, 1, 1, 1, 1, 1, 1, 1, 1, 1], [0, 0, 0, 0, -1, 0, 0, 0, 0, 0, 0, 0, 0, 0, 0, 0, 0, 0, 0, 0, 0, 0, 0, 0, 0, 0, 0, 0, 0, 0, 0, 0, 0, 0, 0, 0, 0], [0, 0, 0, 0, 0, -1, 0, 0, 0, 0, 0, 0, 0, 0, 0, 0, 0, 0, 0, 0, 0, 0, 0, 0, 0, 0, 0, 0, 0, 0, 0, 0, 0, 0, 0, 0, 0], [1, 1, 1, 1, 1, 1, -1, 1, 1, 1, 1, 1, 1, 1, 1, 1, 1, 1, 1, 1, 1, 1, 1, 1, 1, 1, 1, 1, 1, 1, 1, 1, 1, 1, 1, 1, 1], [0, 0, 0, 0, 0, 0, 0, -1, 0, 0, 0, 0, 0, 0, 0, 0, 0, 0, 0, 0, 0, 0, 0, 0, 0, 0, 0, 0, 0, 0, 0, 0, 0, 0, 0, 0, 0], [0, 0, 0, 0, 0, 0, 0, 0, -1, 0, 0, 0, 0, 0, 0, 0, 0, 0, 0, 0, 0, 0, 0, 0, 0, 0, 0, 0, 0, 0, 0, 0, 0, 0, 0, 0, 0], [1, 1, 1, 1, 1, 1, 1, 1, 1, -1, 1, 1, 1, 1, 1, 1, 1, 1, 1, 1, 1, 1, 1, 1, 1, 1, 1, 1, 1, 1, 1, 1, 1, 1, 1, 1, 1], [0, 0, 0, 0, 0, 0, 0, 0, 0, 0, -1, 0, 0, 0, 0, 0, 0, 0, 0, 0, 0, 0, 0, 0, 0, 0, 0, 0, 0, 0, 0, 0, 0, 0, 0, 0, 0], [1, 1, 1, 1, 1, 1, 1, 1, 1, 1, 1, -1, 1, 1, 1, 1, 1, 1, 1, 1, 1, 1, 1, 1, 1, 1, 1, 1, 1, 1, 1, 1, 1, 1, 1, 1, 1], [0, 0, 0, 0, 0, 0, 0, 0, 0, 0, 0, 0, -1, 0, 0, 0, 0, 0, 0, 0, 0, 0, 0, 0, 0, 0, 0, 0, 0, 0, 0, 0, 0, 0, 0, 0, 0], [1, 1, 1, 1, 1, 1, 1, 1, 1, 1, 1, 1, 1, -1, 1, 1, 1, 1, 1, 1, 1, 1, 1, 1, 1, 1, 1, 1, 1, 1, 1, 1, 1, 1, 1, 1, 1], [0, 0, 0, 0, 0, 0, 0, 0, 0, 0, 0, 0, 0, 0, -1, 0, 0, 0, 0, 0, 0, 0, 0, 0, 0, 0, 0, 0, 0, 0, 0, 0, 0, 0, 0, 0, 0], [0, 0, 0, 0, 0, 0, 0, 0, 0, 0, 0, 0, 0, 0, 0, -1, 0, 0, 0, 0, 0, 0, 0, 0, 0, 0, 0, 0, 0, 0, 0, 0, 0, 0, 0, 0, 0], [1, 1, 1, 1, 1, 1, 1, 1, 1, 1, 1, 1, 1, 1, 1, 1, -1, 1, 1, 1, 1, 1, 1, 1, 1, 1, 1, 1, 1, 1, 1, 1, 1, 1, 1, 1, 1], [0, 0, 0, 0, 0, 0, 0, 0, 0, 0, 0, 0, 0, 0, 0, 0, 0, -1, 0, 0, 0, 0, 0, 0, 0, 0, 0, 0, 0, 0, 0, 0, 0, 0, 0, 0, 0], [1, 1, 1, 1, 1, 1, 1, 1, 1, 1, 1, 1, 1, 1, 1, 1, 1, 1, -1, 1, 1, 1, 1, 1, 1, 1, 1, 1, 1, 1, 1, 1, 1, 1, 1, 1, 1], [0, 0, 0, 0, 0, 0, 0, 0, 0, 0, 0, 0, 0, 0, 0, 0, 0, 0, 0, -1, 0, 0, 0, 0, 0, 0, 0, 0, 0, 0, 0, 0, 0, 0, 0, 0, 0], [0, 0, 0, 0, 0, 0, 0, 0, 0, 0, 0, 0, 0, 0, 0, 0, 0, 0, 0, 0, -1, 0, 0, 0, 0, 0, 0, 0, 0, 0, 0, 0, 0, 0, 0, 0, 0], [0, 0, 0, 0, 0, 0, 0, 0, 0, 0, 0, 0, 0, 0, 0, 0, 0, 0, 0, 0, 0, -1, 0, 0, 0, 0, 0, 0, 0, 0, 0, 0, 0, 0, 0, 0, 0], [0, 0, 0, 0, 0, 0, 0, 0, 0, 0, 0, 0, 0, 0, 0, 0, 0, 0, 0, 0, 0, 0, -1, 0, 0, 0, 0, 0, 0, 0, 0, 0, 0, 0, 0, 0, 0], [1, 1, 1, 1, 1, 1, 1, 1, 1, 1, 1, 1, 1, 1, 1, 1, 1, 1, 1, 1, 1, 1, 1, -1, 1, 1, 1, 1, 1, 1, 1, 1, 1, 1, 1, 1, 1], [0, 0, 0, 0, 0, 0, 0, 0, 0, 0, 0, 0, 0, 0, 0, 0, 0, 0, 0, 0, 0, 0, 0, 0, -1, 0, 0, 0, 0, 0, 0, 0, 0, 0, 0, 0, 0], [0, 0, 0, 0, 0, 0, 0, 0, 0, 0, 0, 0, 0, 0, 0, 0, 0, 0, 0, 0, 0, 0, 0, 0, 0, -1, 0, 0, 0, 0, 0, 0, 0, 0, 0, 0, 0], [0, 0, 0, 0, 0, 0, 0, 0, 0, 0, 0, 0, 0, 0, 0, 0, 0, 0, 0, 0, 0, 0, 0, 0, 0, 0, -1, 0, 0, 0, 0, 0, 0, 0, 0, 0, 0], [0, 0, 0, 0, 0, 0, 0, 0, 0, 0, 0, 0, 0, 0, 0, 0, 0, 0, 0, 0, 0, 0, 0, 0, 0, 0, 0, -1, 0, 0, 0, 0, 0, 0, 0, 0, 0], [2, 2, 2, 2, 2, 2, 2, 2, 2, 2, 2, 2, 2, 2, 2, 2, 2, 2, 2, 2, 2, 2, 2, 2, 2, 2, 2, 2, -1, 2, 2, 2, 2, 2, 2, 2, 2], [0, 0, 0, 0, 0, 0, 0, 0, 0, 0, 0, 0, 0, 0, 0, 0, 0, 0, 0, 0, 0, 0, 0, 0, 0, 0, 0, 0, 0, -1, 0, 0, 0, 0, 0, 0, 0], [0, 0, 0, 0, 0, 0, 0, 0, 0, 0, 0, 0, 0, 0, 0, 0, 0, 0, 0, 0, 0, 0, 0, 0, 0, 0, 0, 0, 0, 0, -1, 0, 0, 0, 0, 0, 0], [0, 0, 0, 0, 0, 0, 0, 0, 0, 0, 0, 0, 0, 0, 0, 0, 0, 0, 0, 0, 0, 0, 0, 0, 0, 0, 0, 0, 0, 0, 0, -1, 0, 0, 0, 0, 0], [0, 0, 0, 0, 0, 0, 0, 0, 0, 0, 0, 0, 0, 0, 0, 0, 0, 0, 0, 0, 0, 0, 0, 0, 0, 0, 0, 0, 0, 0, 0, 0, -1, 0, 0, 0, 0], [1, 1, 1, 1, 1, 1, 1, 1, 1, 1, 1, 1, 1, 1, 1, 1, 1, 1, 1, 1, 1, 1, 1, 1, 1, 1, 1, 1, 1, 1, 1, 1, 1, -1, 1, 1, 1], [0, 0, 0, 0, 0, 0, 0, 0, 0, 0, 0, 0, 0, 0, 0, 0, 0, 0, 0, 0, 0, 0, 0, 0, 0, 0, 0, 0, 0, 0, 0, 0, 0, 0, -1, 0, 0], [0, 0, 0, 0, 0, 0, 0, 0, 0, 0, 0, 0, 0, 0, 0, 0, 0, 0, 0, 0, 0, 0, 0, 0, 0, 0, 0, 0, 0, 0, 0, 0, 0, 0, 0, -1, 0], [0, 0, 0, 0, 0, 0, 0, 0, 0, 0, 0, 0, 0, 0, 0, 0, 0, 0, 0, 0, 0, 0, 0, 0, 0, 0, 0, 0, 0, 0, 0, 0, 0, 0, 0, 0, -1]], "dataset_name": "cordeau_et_al_2014", "digraph": {"arc_count": 1260, "arcs": [[0, 1, 1, 1, 1, 1, 1, 1, 1, 1, 1, 1, 1, 1, 1, 1, 1, 1, 1, 1, 1, 1, 1, 1, 1, 1, 1, 1, 1, 1, 1, 1, 1, 1, 1, 1, 0], [0, 0, 1, 1, 1, 1, 1, 1, 1, 1, 1, 1, 1, 1, 1, 1, 1, 1, 1, 1, 1, 1, 1, 1, 1, 1, 1, 1, 1, 1, 1, 1, 1, 1, 1, 1, 1], [0, 1, 0, 1, 1, 1, 1, 1, 1, 1, 1, 1, 1, 1, 1, 1, 1, 1, 1, 1, 1, 1, 1, 1, 1, 1, 1, 1, 1, 1, 1, 1, 1, 1, 1, 1, 1], [0, 1, 1, 0, 1, 1, 1, 1, 1, 1, 1, 1, 1, 1, 1, 1, 1, 1, 1, 1, 1, 1, 1, 1, 1, 1, 1, 1, 1, 1, 1, 1, 1, 1, 1, 1, 1], [0, 1, 1, 1, 0, 1, 1, 1, 1, 1, 1, 1, 1, 1, 1, 1, 1, 1, 1, 1, 1, 1, 1, 1, 1, 1, 1, 1, 1, 1, 1, 1, 1, 1, 1, 1, 1], [0, 1, 1, 1, 1, 0, 1, 1, 1, 1, 1, 1, 1, 1, 1, 1, 1, 1, 1, 1, 1, 1, 1, 1, 1, 1, 1, 1, 1, 1, 1, 1, 1, 1, 1, 1, 1], [0, 1, 1, 1, 1, 1, 0, 1, 1, 1, 1, 1, 1, 1, 1, 1, 1, 1, 1, 1, 1, 1, 1, 1, 1, 1, 1, 1, 1, 1, 1, 1, 1, 1, 1, 1, 1], [0, 1, 1, 1, 1, 1, 1, 0, 1, 1, 1, 1, 1, 1, 1, 1, 1, 1, 1, 1, 1, 1, 1, 1, 1, 1, 1, 1, 1, 1, 1, 1, 1, 1, 1, 1, 1], [0, 1, 1, 1, 1, 1, 1, 1, 0, 1, 1, 1, 1, 1, 1, 1, 1, 1, 1, 1, 1, 1, 1, 1, 1, 1, 1, 1, 1, 1, 1, 1, 1, 1, 1, 1, 1], [0, 1, 1, 1, 1, 1, 1, 1, 1, 0, 1, 1, 1, 1, 1, 1, 1, 1, 1, 1, 1, 1, 1, 1, 1, 1, 1, 1, 1, 1, 1, 1, 1, 1, 1, 1, 1], [0, 1, 1, 1, 1, 1, 1, 1, 1, 1, 0, 1, 1, 1, 1, 1, 1, 1, 1, 1, 1, 1, 1, 1, 1, 1, 1, 1, 1, 1, 1, 1, 1, 1, 1, 1, 1], [0, 1, 1, 1, 1, 1, 1, 1, 1, 1, 1, 0, 1, 1, 1, 1, 1, 1, 1, 1, 1, 1, 1, 1, 1, 1, 1, 1, 1, 1, 1, 1, 1, 1, 1, 1, 1], [0, 1, 1, 1, 1, 1, 1, 1, 1, 1, 1, 1, 0, 1, 1, 1, 1, 1, 1, 1, 1, 1, 1, 1, 1, 1, 1, 1, 1, 1, 1, 1, 1, 1, 1, 1, 1], [0, 1, 1, 1, 1, 1, 1, 1, 1, 1, 1, 1, 1, 0, 1, 1, 1, 1, 1, 1, 1, 1, 1, 1, 1, 1, 1, 1, 1, 1, 1, 1, 1, 1, 1, 1, 1], [0, 1, 1, 1, 1, 1, 1, 1, 1, 1, 1, 1, 1, 1, 0, 1, 1, 1, 1, 1, 1, 1, 1, 1, 1, 1, 1, 1, 1, 1, 1, 1, 1, 1, 1, 1, 1], [0, 1, 1, 1, 1, 1, 1, 1, 1, 1, 1, 1, 1, 1, 1, 0, 1, 1, 1, 1, 1, 1, 1, 1, 1, 1, 1, 1, 1, 1, 1, 1, 1, 1, 1, 1, 1], [0, 1, 1, 1, 1, 1, 1, 1, 1, 1, 1, 1, 1, 1, 1, 1, 0, 1, 1, 1, 1, 1, 1, 1, 1, 1, 1, 1, 1, 1, 1, 1, 1, 1, 1, 1, 1], [0, 1, 1, 1, 1, 1, 1, 1, 1, 1, 1, 1, 1, 1, 1, 1, 1, 0, 1, 1, 1, 1, 1, 1, 1, 1, 1, 1, 1, 1, 1, 1, 1, 1, 1, 1, 1], [0, 1, 1, 1, 1, 1, 1, 1, 1, 1, 1, 1, 1, 1, 1, 1, 1, 1, 0, 1, 1, 1, 1, 1, 1, 1, 1, 1, 1, 1, 1, 1, 1, 1, 1, 1, 1], [0, 1, 1, 1, 1, 1, 1, 1, 1, 1, 1, 1, 1, 1, 1, 1, 1, 1, 1, 0, 1, 1, 1, 1, 1, 1, 1, 1, 1, 1, 1, 1, 1, 1, 1, 1, 1], [0, 1, 1, 1, 1, 1, 1, 1, 1, 1, 1, 1, 1, 1, 1, 1, 1, 1, 1, 1, 0, 1, 1, 1, 1, 1, 1, 1, 1, 1, 1, 1, 1, 1, 1, 1, 1], [0, 1, 1, 1, 1, 1, 1, 1, 1, 1, 1, 1, 1, 1, 1, 1, 1, 1, 1, 1, 1, 0, 1, 1, 1, 1, 1, 1, 1, 1, 1, 1, 1, 1, 1, 1, 1], [0, 1, 1, 1, 1, 1, 1, 1, 1, 1, 1, 1, 1, 1, 1, 1, 1, 1, 1, 1, 1, 1, 0, 1, 1, 1, 1, 1, 1, 1, 1, 1, 1, 1, 1, 1, 1], [0, 1, 1, 1, 1, 1, 1, 1, 1, 1, 1, 1, 1, 1, 1, 1, 1, 1, 1, 1, 1, 1, 1, 0, 1, 1, 1, 1, 1, 1, 1, 1, 1, 1, 1, 1, 1], [0, 1, 1, 1, 1, 1, 1, 1, 1, 1, 1, 1, 1, 1, 1, 1, 1, 1, 1, 1, 1, 1, 1, 1, 0, 1, 1, 1, 1, 1, 1, 1, 1, 1, 1, 1, 1], [0, 1, 1, 1, 1, 1, 1, 1, 1, 1, 1, 1, 1, 1, 1, 1, 1, 1, 1, 1, 1, 1, 1, 1, 1, 0, 1, 1, 1, 1, 1, 1, 1, 1, 1, 1, 1], [0, 1, 1, 1, 1, 1, 1, 1, 1, 1, 1, 1, 1, 1, 1, 1, 1, 1, 1, 1, 1, 1, 1, 1, 1, 1, 0, 1, 1, 1, 1, 1, 1, 1, 1, 1, 1], [0, 1, 1, 1, 1, 1, 1, 1, 1, 1, 1, 1, 1, 1, 1, 1, 1, 1, 1, 1, 1, 1, 1, 1, 1, 1, 1, 0, 1, 1, 1, 1, 1, 1, 1, 1, 1], [0, 1, 1, 1, 1, 1, 1, 1, 1, 1, 1, 1, 1, 1, 1, 1, 1, 1, 1, 1, 1, 1, 1, 1, 1, 1, 1, 1, 0, 1, 1, 1, 1, 1, 1, 1, 1], [0, 1, 1, 1, 1, 1, 1, 1, 1, 1, 1, 1, 1, 1, 1, 1, 1, 1, 1, 1, 1, 1, 1, 1, 1, 1, 1, 1, 1, 0, 1, 1, 1, 1, 1, 1, 1], [0, 1, 1, 1, 1, 1, 1, 1, 1, 1, 1, 1, 1, 1, 1, 1, 1, 1, 1, 1, 1, 1, 1, 1, 1, 1, 1, 1, 1, 1, 0, 1, 1, 1, 1, 1, 1], [0, 1, 1, 1, 1, 1, 1, 1, 1, 1, 1, 1, 1, 1, 1, 1, 1, 1, 1, 1, 1, 1, 1, 1, 1, 1, 1, 1, 1, 1, 1, 0, 1, 1, 1, 1, 1], [0, 1, 1, 1, 1, 1, 1, 1, 1, 1, 1, 1, 1, 1, 1, 1, 1, 1, 1, 1, 1, 1, 1, 1, 1, 1, 1, 1, 1, 1, 1, 1, 0, 1, 1, 1, 1], [0, 1, 1, 1, 1, 1, 1, 1, 1, 1, 1, 1, 1, 1, 1, 1, 1, 1, 1, 1, 1, 1, 1, 1, 1, 1, 1, 1, 1, 1, 1, 1, 1, 0, 1, 1, 1], [0, 1, 1, 1, 1, 1, 1, 1, 1, 1, 1, 1, 1, 1, 1, 1, 1, 1, 1, 1, 1, 1, 1, 1, 1, 1, 1, 1, 1, 1, 1, 1, 1, 1, 0, 1, 1], [0, 1, 1, 1, 1, 1, 1, 1, 1, 1, 1, 1, 1, 1, 1, 1, 1, 1, 1, 1, 1, 1, 1, 1, 1, 1, 1, 1, 1, 1, 1, 1, 1, 1, 1, 0, 1], [0, 0, 0, 0, 0, 0, 0, 0, 0, 0, 0, 0, 0, 0, 0, 0, 0, 0, 0, 0, 0, 0, 0, 0, 0, 0, 0, 0, 0, 0, 0, 0, 0, 0, 0, 0, 0]], "vertex_count": 37}, "distances": [[0.0, 10.99, 9.06, 16.42, 10.47, 7.26, 19.96, 10.43, 5.27, 23.22, 11.49, 15.54, 9.9, 17.91, 12.34, 11.58, 23.46, 7.8, 17.54, 4.33, 11.6, 8.39, 10.83, 19.77, 11.09, 13.98, 8.57, 9.45, 28.37, 5.66, 11.63, 4.61, 10.84, 22.76, 12.76, 4.21, 8.42], [10.99, 0.0, 12.65, 11.1, 8.29, 13.77, 29.27, 11.78, 12.07, 12.23, 22.32, 22.26, 10.57, 26.91, 7.07, 13.95, 16.05, 16.68, 28.34, 14.95, 13.52, 12.5, 11.96, 28.55, 8.12, 12.93, 9.69, 20.08, 20.67, 13.44, 13.46, 6.45, 8.4, 33.64, 10.22, 11.42, 10.99], [9.06, 12.65, 0.0, 18.92, 4.43, 5.21, 17.51, 4.26, 9.62, 24.78, 10.8, 13.07, 9.64, 15.41, 14.76, 4.72, 25.9, 5.26, 15.69, 4.73, 12.72, 10.76, 4.97, 17.25, 4.8, 15.9, 9.43, 9.17, 30.81, 9.7, 14.06, 6.23, 4.52, 21.01, 15.3, 10.52, 9.06], [16.42, 11.1, 18.92, 0.0, 15.11, 22.36, 36.38, 15.58, 20.26, 15.76, 24.74, 31.22, 17.22, 34.33, 4.5, 17.18, 7.29, 24.08, 32.92, 18.32, 14.11, 10.93, 15.2, 36.18, 16.23, 8.78, 15.44, 22.25, 12.1, 21.32, 8.75, 13.89, 16.42, 37.68, 4.19, 19.26, 16.42], [10.47, 8.29, 4.43, 15.11, 0.0, 7.33, 21.7, 4.4, 5.2, 20.49, 14.34, 16.15, 9.6, 19.5, 10.75, 6.38, 21.84, 9.12, 20.07, 7.14, 8.75, 9.09, 4.93, 21.28, 9.22, 11.48, 10.66, 12.29, 26.74, 6.21, 11.91, 10.23, 8.95, 25.36, 11.89, 10.77, 10.47], [7.26, 13.77, 5.21, 22.36, 7.33, 0.0, 15.62, 9.32, 12.53, 24.97, 14.43, 8.86, 5.68, 13.21, 17.92, 9.92, 28.86, 10.47, 16.58, 9.78, 12.64, 15.64, 10.05, 14.79, 6.16, 17.41, 7.57, 13.4, 33.72, 9.92, 18.81, 8.49, 5.96, 21.93, 19.22, 11.47, 7.26], [19.96, 29.27, 17.51, 36.38, 21.7, 15.62, 0.0, 20.95, 17.19, 40.56, 16.11, 9.38, 19.38, 16.41, 32.27, 19.8, 43.41, 12.65, 8.79, 18.79, 28.26, 27.0, 21.45, 17.12, 21.24, 32.83, 21.02, 17.56, 48.32, 15.83, 30.38, 23.34, 20.98, 11.35, 32.59, 17.9, 19.96], [10.43, 11.78, 4.26, 15.58, 4.4, 9.32, 20.95, 0.0, 7.4, 23.93, 10.58, 17.29, 11.89, 19.04, 11.81, 8.98, 22.78, 9.35, 17.6, 8.99, 12.86, 6.52, 9.23, 20.94, 6.05, 14.37, 10.73, 8.3, 27.65, 7.65, 9.87, 5.82, 5.91, 22.64, 11.66, 6.37, 10.43], [5.27, 12.07, 9.62, 20.26, 5.2, 12.53, 17.19, 7.4, 0.0, 23.64, 13.85, 10.96, 11.54, 14.85, 15.85, 8.27, 26.85, 4.67, 17.2, 8.32, 11.29, 13.59, 8.13, 16.53, 13.27, 15.65, 5.46, 12.5, 31.72, 10.93, 16.71, 6.44, 13.01, 22.59, 17.08, 9.48, 5.27], [23.22, 12.23, 24.78, 15.76, 20.49, 24.97, 40.56, 23.93, 23.64, 0.0, 34.5, 32.51, 22.72, 38.11, 14.93, 26.1, 14.87, 28.31, 40.46, 27.13, 12.36, 23.21, 24.04, 39.57, 20.08, 9.8, 21.92, 32.21, 17.26, 25.06, 22.82, 18.66, 20.36, 45.79, 18.09, 23.2, 23.22], [11.49, 22.32, 10.8, 24.74, 14.34, 14.43, 16.11, 10.58, 13.85, 34.5, 0.0, 17.81, 12.53, 15.34, 21.72, 8.42, 32.01, 11.43, 9.1, 7.37, 23.09, 13.87, 10.53, 17.12, 15.38, 24.93, 12.75, 12.54, 36.71, 12.9, 16.79, 16.08, 15.13, 13.1, 20.55, 13.46, 11.49], [15.54, 22.26, 13.07, 31.22, 16.15, 8.86, 9.38, 17.29, 10.96, 32.51, 17.81, 0.0, 14.25, 7.02, 26.78, 17.12, 37.69, 8.03, 14.93, 16.52, 20.61, 23.81, 17.98, 7.74, 15.02, 25.94, 16.15, 18.01, 42.53, 10.01, 27.13, 17.35, 14.82, 19.37, 28.0, 11.98, 15.54], [9.9, 10.57, 9.64, 17.22, 9.6, 5.68, 19.38, 11.89, 11.54, 22.72, 12.53, 14.25, 0.0, 17.21, 12.95, 5.32, 24.08, 6.86, 17.77, 5.76, 10.73, 9.98, 4.67, 19.01, 9.67, 13.84, 10.03, 10.68, 28.99, 4.24, 13.12, 10.89, 9.42, 23.08, 13.78, 11.77, 9.9], [17.91, 26.91, 15.41, 34.33, 19.5, 13.21, 16.41, 19.04, 14.85, 38.11, 15.34, 7.02, 17.21, 0.0, 30.15, 18.07, 41.29, 10.39, 9.3, 17.12, 25.83, 25.26, 19.59, 14.76, 18.94, 30.5, 18.91, 16.49, 46.19, 13.52, 28.66, 21.09, 18.69, 12.84, 30.63, 15.6, 17.91], [12.34, 7.07, 14.76, 4.5, 10.75, 17.92, 32.27, 11.81, 15.85, 14.93, 21.72, 26.78, 12.95, 30.15, 0.0, 13.66, 11.14, 19.81, 29.4, 14.81, 10.11, 8.64, 11.56, 31.96, 11.78, 5.86, 11.25, 19.25, 16.05, 16.95, 7.89, 9.44, 11.97, 34.35, 8.69, 14.87, 12.34], [11.58, 13.95, 4.72, 17.18, 6.38, 9.92, 19.8, 8.98, 8.27, 26.1, 8.42, 17.12, 5.32, 18.07, 13.66, 0.0, 24.44, 9.09, 15.78, 9.45, 14.99, 7.2, 9.69, 19.98, 7.85, 16.51, 4.71, 6.12, 29.28, 8.14, 10.59, 7.93, 7.66, 20.7, 13.12, 7.37, 11.58], [23.46, 16.05, 25.9, 7.29, 21.84, 28.86, 43.41, 22.78, 26.85, 14.87, 32.01, 37.69, 24.08, 41.29, 11.14, 24.44, 0.0, 30.94, 40.2, 25.59, 18.67, 18.16, 22.43, 43.09, 22.71, 12.65, 22.39, 29.53, 4.91, 28.01, 15.68, 20.41, 22.92, 44.97, 11.46, 25.92, 23.46], [7.8, 16.68, 5.26, 24.08, 9.12, 10.47, 12.65, 9.35, 4.67, 28.31, 11.43, 8.03, 6.86, 10.39, 19.81, 9.09, 30.94, 0.0, 12.85, 8.53, 15.95, 15.86, 10.01, 12.16, 8.6, 20.21, 8.65, 10.87, 35.84, 11.11, 19.22, 10.7, 8.34, 18.21, 20.54, 5.27, 7.8], [17.54, 28.34, 15.69, 32.92, 20.07, 16.58, 8.79, 17.6, 17.2, 40.46, 9.1, 14.93, 17.77, 9.3, 29.4, 15.78, 40.2, 12.85, 0.0, 14.62, 28.26, 22.39, 17.84, 10.49, 20.38, 31.5, 18.83, 11.27, 45.02, 15.83, 25.53, 21.9, 20.1, 5.39, 28.81, 17.41, 17.54], [4.33, 14.95, 4.73, 18.32, 7.14, 9.78, 18.79, 8.99, 8.32, 27.13, 7.37, 16.52, 5.76, 17.12, 14.81, 9.45, 25.59, 8.53, 14.62, 0.0, 15.85, 8.21, 9.7, 19.04, 8.46, 17.59, 5.49, 5.17, 30.43, 7.99, 11.59, 8.79, 8.25, 19.55, 14.26, 7.52, 4.33], [11.6, 13.52, 12.72, 14.11, 8.75, 12.64, 28.26, 12.86, 11.29, 12.36, 23.09, 20.61, 10.73, 25.83, 10.11, 14.99, 18.67, 15.95, 28.26, 15.85, 0.0, 14.81, 13.2, 27.36, 7.93, 6.03, 10.37, 21.01, 23.14, 12.71, 16.16, 7.06, 8.2, 33.63, 13.21, 10.89, 11.6], [8.39, 12.5, 10.76, 10.93, 9.09, 15.64, 27.0, 6.52, 13.59, 23.21, 13.87, 23.81, 9.98, 25.26, 8.64, 7.2, 18.16, 15.86, 22.39, 8.21, 14.81, 0.0, 5.85, 27.17, 10.92, 13.5, 8.18, 11.4, 22.84, 14.05, 11.67, 9.32, 10.92, 26.92, 6.74, 12.49, 8.39], [10.83, 11.96, 4.97, 15.2, 4.93, 10.05, 21.45, 9.23, 8.13, 24.04, 10.53, 17.98, 4.67, 19.59, 11.56, 9.69, 22.43, 10.01, 17.84, 9.7, 13.2, 5.85, 0.0, 21.49, 6.65, 14.4, 11.46, 8.18, 27.29, 8.37, 9.22, 6.22, 6.52, 22.81, 11.22, 7.1, 10.83], [19.77, 28.55, 17.25, 36.18, 21.28, 14.79, 17.12, 20.94, 16.53, 39.57, 17.12, 7.74, 19.01, 14.76, 31.96, 19.98, 43.09, 12.16, 10.49, 19.04, 27.36, 27.17, 21.49, 0.0, 20.65, 32.17, 20.74, 18.35, 48.0, 15.22, 30.58, 22.83, 20.4, 13.37, 32.5, 17.32, 19.77], [11.09, 8.12, 4.8, 16.23, 9.22, 6.16, 21.24, 6.05, 13.27, 20.08, 15.38, 15.02, 9.67, 18.94, 11.78, 7.85, 22.71, 8.6, 20.38, 8.46, 7.93, 10.92, 6.65, 20.65, 0.0, 11.61, 11.58, 13.49, 27.57, 5.43, 13.67, 11.03, 9.32, 25.74, 13.29, 12.42, 11.09], [13.98, 12.93, 15.9, 8.78, 11.48, 17.41, 32.83, 14.37, 15.65, 9.8, 24.93, 25.94, 13.84, 30.5, 5.86, 16.51, 12.65, 20.21, 31.5, 17.59, 6.03, 13.5, 14.4, 32.17, 11.61, 0.0, 12.69, 22.57, 17.14, 17.0, 13.54, 9.68, 11.87, 36.74, 9.29, 14.94, 13.98], [8.57, 9.69, 9.43, 15.44, 10.66, 7.57, 21.02, 10.73, 5.46, 21.92, 12.75, 16.15, 10.03, 18.91, 11.25, 4.71, 22.39, 8.65, 18.83, 5.49, 10.37, 8.18, 11.46, 20.74, 11.58, 12.69, 0.0, 10.65, 27.29, 6.15, 11.25, 9.89, 11.33, 24.06, 11.91, 4.36, 8.57], [9.45, 20.08, 9.17, 22.25, 12.29, 13.4, 17.56, 8.3, 12.5, 32.21, 12.54, 18.01, 10.68, 16.49, 19.25, 6.12, 29.53, 10.87, 11.27, 5.17, 21.01, 11.4, 8.18, 18.35, 13.49, 22.57, 10.65, 0.0, 34.24, 11.74, 14.37, 13.96, 13.26, 15.53, 18.07, 11.95, 9.45], [28.37, 20.67, 30.81, 12.1, 26.74, 33.72, 48.32, 27.65, 31.72, 17.26, 36.71, 42.53, 28.99, 46.19, 16.05, 29.28, 4.91, 35.84, 45.02, 30.43, 23.14, 22.84, 27.29, 48.0, 27.57, 17.14, 27.29, 34.24, 0.0, 32.9, 20.15, 25.28, 27.79, 49.72, 16.22, 30.8, 28.37], [5.66, 13.44, 9.7, 21.32, 6.21, 9.92, 15.83, 7.65, 10.93, 25.06, 12.9, 10.01, 4.24, 13.52, 16.95, 8.14, 28.01, 11.11, 15.83, 7.99, 12.71, 14.05, 8.37, 15.22, 5.43, 17.0, 6.15, 11.74, 32.9, 0.0, 17.28, 7.63, 5.18, 21.21, 18.0, 9.87, 5.66], [11.63, 13.46, 14.06, 8.75, 11.91, 18.81, 30.38, 9.87, 16.71, 22.82, 16.79, 27.13, 13.12, 28.66, 7.89, 10.59, 15.68, 19.22, 25.53, 11.59, 16.16, 11.67, 9.22, 30.58, 13.67, 13.54, 11.25, 14.37, 20.15, 17.28, 0.0, 11.78, 13.71, 29.89, 4.92, 15.61, 11.63], [4.61, 6.45, 6.23, 13.89, 10.23, 8.49, 23.34, 5.82, 6.44, 18.66, 16.08, 17.35, 10.89, 21.09, 9.44, 7.93, 20.41, 10.7, 21.9, 8.79, 7.06, 9.32, 6.22, 22.83, 11.03, 9.68, 9.89, 13.96, 25.28, 7.63, 11.78, 0.0, 10.76, 27.19, 11.01, 5.53, 4.61], [10.84, 8.4, 4.52, 16.42, 8.95, 5.96, 20.98, 5.91, 13.01, 20.36, 15.13, 14.82, 9.42, 18.69, 11.97, 7.66, 22.92, 8.34, 20.1, 8.25, 8.2, 10.92, 6.52, 20.4, 9.32, 11.87, 11.33, 13.26, 27.79, 5.18, 13.71, 10.76, 0.0, 25.46, 13.43, 12.27, 10.84], [22.76, 33.64, 21.01, 37.68, 25.36, 21.93, 11.35, 22.64, 22.59, 45.79, 13.1, 19.37, 23.08, 12.84, 34.35, 20.7, 44.97, 18.21, 5.39, 19.55, 33.63, 26.92, 22.81, 13.37, 25.74, 36.74, 24.06, 15.53, 49.72, 21.21, 29.89, 27.19, 25.46, 0.0, 33.52, 22.79, 22.76], [12.76, 10.22, 15.3, 4.19, 11.89, 19.22, 32.59, 11.66, 17.08, 18.09, 20.55, 28.0, 13.78, 30.63, 8.69, 13.12, 11.46, 20.54, 28.81, 14.26, 13.21, 6.74, 11.22, 32.5, 13.29, 9.29, 11.91, 18.07, 16.22, 18.0, 4.92, 11.01, 13.43, 33.52, 0.0, 16.03, 12.76], [4.21, 11.42, 10.52, 19.26, 10.77, 11.47, 17.9, 6.37, 9.48, 23.2, 13.46, 11.98, 11.77, 15.6, 14.87, 7.37, 25.92, 5.27, 17.41, 7.52, 10.89, 12.49, 7.1, 17.32, 12.42, 14.94, 4.36, 11.95, 30.8, 9.87, 15.61, 5.53, 12.27, 22.79, 16.03, 0.0, 4.21], [8.42, 10.99, 9.06, 16.42, 10.47, 7.26, 19.96, 10.43, 5.27, 23.22, 11.49, 15.54, 9.9, 17.91, 12.34, 11.58, 23.46, 7.8, 17.54, 4.33, 11.6, 8.39, 10.83, 19.77, 11.09, 13.98, 8.57, 9.45, 28.37, 5.66, 11.63, 4.61, 10.84, 22.76, 12.76, 4.21, 0.0]], "end_depot": 36, "horizon": [0.0, 1300.53], "instance_name": "35_70_A_A10", "speed_zone_count": 3, "speed_zones": [[0.0, 433.51], [433.51, 867.02], [867.02, 1300.53]], "start_depot": 0, "vehicle_count": 35}