{"cluster_count": 3, "cluster_speeds": [[0.22, 0.44, 0.22], [0.24, 0.6, 0.24], [0.39425, 0.83, 0.39425]], "clusters": [[-1, 0, 0, 0, 0, 0, 0, 0, 0, 0, 0, 0, 0, 0, 0, 0, 0, 0, 0, 0, 0, 0, 0, 0, 0, 0, 0, 0, 0, 0, 0, 0, 0, 0, 0, 0, 0], [0, -1, 0, 0, 0, 0, 0, 0, 0, 0, 0, 0, 0, 0, 0, 0, 0, 0, 0, 0, 0, 0, 0, 0, 0, 0, 0, 0, 0, 0, 0, 0, 0, 0, 0, 0, 0], [0, 0, -1, 0, 0, 0, 0, 0, 0, 0, 0, 0, 0, 0, 0, 0, 0, 0, 0, 0, 0, 0, 0, 0, 0, 0, 0, 0, 0, 0, 0, 0, 0, 0, 0, 0, 0], [2, 2, 2, -1, 2, 2, 2, 2, 2, 2, 2, 2, 2, 2, 2, 2, 2, 2, 2, 2, 2, 2, 2, 2, 2, 2, 2, 2, 2, 2, 2, 2, 2, 2, 2, 2, 2], [1, 1, 1, 1, -1, 1, 1, 1, 1, 1, 1, 1, 1, 1, 1, 1, 1, 1, 1, 1, 1, 1, 1, 1, 1, 1, 1, 1, 1, 1, 1, 1, 1, 1, 1, 1, 1], [0, 0, 0, 0, 0, -1, 0, 0, 0, 0, 0, 0, 0, 0, 0, 0, 0, 0, 0, 0, 0, 0, 0, 0, 0, 0, 0, 0, 0, 0, 0, 0, 0, 0, 0, 0, 0], [2, 2, 2, 2, 2, 2, -1, 2, 2, 2, 2, 2, 2, 2, 2, 2, 2, 2, 2, 2, 2, 2, 2, 2, 2, 2, 2, 2, 2, 2, 2, 2, 2, 2, 2, 2, 2], [1, 1, 1, 1, 1, 1, 1, -1, 1, 1, 1, 1, 1, 1, 1, 1, 1, 1, 1, 1, 1, 1, 1, 1, 1, 1, 1, 1, 1, 1, 1, 1, 1, 1, 1, 1, 1], [0, 0, 0, 0, 0, 0, 0, 0, -1, 0, 0, 0, 0, 0, 0, 0, 0, 0, 0, 0, 0, 0, 0, 0, 0, 0, 0, 0, 0, 0, 0, 0, 0, 0, 0, 0, 0], [2, 2, 2, 2, 2, 2, 2, 2, 2, -1, 2, 2, 2, 2, 2, 2, 2, 2, 2, 2, 2, 2, 2, 2, 2, 2, 2, 2, 2, 2, 2, 2, 2, 2, 2, 2, 2], [1, 1, 1, 1, 1, 1, 1, 1, 1, 1, -1, 1, 1, 1, 1, 1, 1, 1, 1, 1, 1, 1, 1, 1, 1, 1, 1, 1, 1, 1, 1, 1, 1, 1, 1, 1, 1], [1, 1, 1, 1, 1, 1, 1, 1, 1, 1, 1, -1, 1, 1, 1, 1, 1, 1, 1, 1, 1, 1, 1, 1, 1, 1, 1, 1, 1, 1, 1, 1, 1, 1, 1, 1, 1], [0, 0, 0, 0, 0, 0, 0, 0, 0, 0, 0, 0, -1, 0, 0, 0, 0, 0, 0, 0, 0, 0, 0, 0, 0, 0, 0, 0, 0, 0, 0, 0, 0, 0, 0, 0, 0], [2, 2, 2, 2, 2, 2, 2, 2, 2, 2, 2, 2, 2, -1, 2, 2, 2, 2, 2, 2, 2, 2, 2, 2, 2, 2, 2, 2, 2, 2, 2, 2, 2, 2, 2, 2, 2], [1, 1, 1, 1, 1, 1, 1, 1, 1, 1, 1, 1, 1, 1, -1, 1, 1, 1, 1, 1, 1, 1, 1, 1, 1, 1, 1, 1, 1, 1, 1, 1, 1, 1, 1, 1, 1], [1, 1, 1, 1, 1, 1, 1, 1, 1, 1, 1, 1, 1, 1, 1, -1, 1, 1, 1, 1, 1, 1, 1, 1, 1, 1, 1, 1, 1, 1, 1, 1, 1, 1, 1, 1, 1], [0, 0, 0, 0, 0, 0, 0, 0, 0, 0, 0, 0, 0, 0, 0, 0, -1, 0, 0, 0, 0, 0, 0, 0, 0, 0, 0, 0, 0, 0, 0, 0, 0, 0, 0, 0, 0], [1, 1, 1, 1, 1, 1, 1, 1, 1, 1, 1, 1, 1, 1, 1, 1, 1, -1, 1, 1, 1, 1, 1, 1, 1, 1, 1, 1, 1, 1, 1, 1, 1, 1, 1, 1, 1], [0, 0, 0, 0, 0, 0, 0, 0, 0, 0, 0, 0, 0, 0, 0, 0, 0, 0, -1, 0, 0, 0, 0, 0, 0, 0, 0, 0, 0, 0, 0, 0, 0, 0, 0, 0, 0], [0, 0, 0, 0, 0, 0, 0, 0, 0, 0, 0, 0, 0, 0, 0, 0, 0, 0, 0, -1, 0, 0, 0, 0, 0, 0, 0, 0, 0, 0, 0, 0, 0, 0, 0, 0, 0], [1, 1, 1, 1, 1, 1, 1, 1, 1, 1, 1, 1, 1, 1, 1, 1, 1, 1, 1, 1, -1, 1, 1, 1, 1, 1, 1, 1, 1, 1, 1, 1, 1, 1, 1, 1, 1], [1, 1, 1, 1, 1, 1, 1, 1, 1, 1, 1, 1, 1, 1, 1, 1, 1, 1, 1, 1, 1, -1, 1, 1, 1, 1, 1, 1, 1, 1, 1, 1, 1, 1, 1, 1, 1], [1, 1, 1, 1, 1, 1, 1, 1, 1, 1, 1, 1, 1, 1, 1, 1, 1, 1, 1, 1, 1, 1, -1, 1, 1, 1, 1, 1, 1, 1, 1, 1, 1, 1, 1, 1, 1], [0, 0, 0, 0, 0, 0, 0, 0, 0, 0, 0, 0, 0, 0, 0, 0, 0, 0, 0, 0, 0, 0, 0, -1, 0, 0, 0, 0, 0, 0, 0, 0, 0, 0, 0, 0, 0], [1, 1, 1, 1, 1, 1, 1, 1, 1, 1, 1, 1, 1, 1, 1, 1, 1, 1, 1, 1, 1, 1, 1, 1, -1, 1, 1, 1, 1, 1, 1, 1, 1, 1, 1, 1, 1], [2, 2, 2, 2, 2, 2, 2, 2, 2, 2, 2, 2, 2, 2, 2, 2, 2, 2, 2, 2, 2, 2, 2, 2, 2, -1, 2, 2, 2, 2, 2, 2, 2, 2, 2, 2, 2], [0, 0, 0, 0, 0, 0, 0, 0, 0, 0, 0, 0, 0, 0, 0, 0, 0, 0, 0, 0, 0, 0, 0, 0, 0, 0, -1, 0, 0, 0, 0, 0, 0, 0, 0, 0, 0], [2, 2, 2, 2, 2, 2, 2, 2, 2, 2, 2, 2, 2, 2, 2, 2, 2, 2, 2, 2, 2, 2, 2, 2, 2, 2, 2, -1, 2, 2, 2, 2, 2, 2, 2, 2, 2], [0, 0, 0, 0, 0, 0, 0, 0, 0, 0, 0, 0, 0, 0, 0, 0, 0, 0, 0, 0, 0, 0, 0, 0, 0, 0, 0, 0, -1, 0, 0, 0, 0, 0, 0, 0, 0], [1, 1, 1, 1, 1, 1, 1, 1, 1, 1, 1, 1, 1, 1, 1, 1, 1, 1, 1, 1, 1, 1, 1, 1, 1, 1, 1, 1, 1, -1, 1, 1, 1, 1, 1, 1, 1], [1, 1, 1, 1, 1, 1, 1, 1, 1, 1, 1, 1, 1, 1, 1, 1, 1, 1, 1, 1, 1, 1, 1, 1, 1, 1, 1, 1, 1, 1, -1, 1, 1, 1, 1, 1, 1], [1, 1, 1, 1, 1, 1, 1, 1, 1, 1, 1, 1, 1, 1, 1, 1, 1, 1, 1, 1, 1, 1, 1, 1, 1, 1, 1, 1, 1, 1, 1, -1, 1, 1, 1, 1, 1], [0, 0, 0, 0, 0, 0, 0, 0, 0, 0, 0, 0, 0, 0, 0, 0, 0, 0, 0, 0, 0, 0, 0, 0, 0, 0, 0, 0, 0, 0, 0, 0, -1, 0, 0, 0, 0], [0, 0, 0, 0, 0, 0, 0, 0, 0, 0, 0, 0, 0, 0, 0, 0, 0, 0, 0, 0, 0, 0, 0, 0, 0, 0, 0, 0, 0, 0, 0, 0, 0, -1, 0, 0, 0], [1, 1, 1, 1, 1, 1, 1, 1, 1, 1, 1, 1, 1, 1, 1, 1, 1, 1, 1, 1, 1, 1, 1, 1, 1, 1, 1, 1, 1, 1, 1, 1, 1, 1, -1, 1, 1], [0, 0, 0, 0, 0, 0, 0, 0, 0, 0, 0, 0, 0, 0, 0, 0, 0, 0, 0, 0, 0, 0, 0, 0, 0, 0, 0, 0, 0, 0, 0, 0, 0, 0, 0, -1, 0], [0, 0, 0, 0, 0, 0, 0, 0, 0, 0, 0, 0, 0, 0, 0, 0, 0, 0, 0, 0, 0, 0, 0, 0, 0, 0, 0, 0, 0, 0, 0, 0, 0, 0, 0, 0, -1]], "dataset_name": "cordeau_et_al_2014", "digraph": {"arc_count": 1260, "arcs": [[0, 1, 1, 1, 1, 1, 1, 1, 1, 1, 1, 1, 1, 1, 1, 1, 1, 1, 1, 1, 1, 1, 1, 1, 1, 1, 1, 1, 1, 1, 1, 1, 1, 1, 1, 1, 0], [0, 0, 1, 1, 1, 1, 1, 1, 1, 1, 1, 1, 1, 1, 1, 1, 1, 1, 1, 1, 1, 1, 1, 1, 1, 1, 1, 1, 1, 1, 1, 1, 1, 1, 1, 1, 1], [0, 1, 0, 1, 1, 1, 1, 1, 1, 1, 1, 1, 1, 1, 1, 1, 1, 1, 1, 1, 1, 1, 1, 1, 1, 1, 1, 1, 1, 1, 1, 1, 1, 1, 1, 1, 1], [0, 1, 1, 0, 1, 1, 1, 1, 1, 1, 1, 1, 1, 1, 1, 1, 1, 1, 1, 1, 1, 1, 1, 1, 1, 1, 1, 1, 1, 1, 1, 1, 1, 1, 1, 1, 1], [0, 1, 1, 1, 0, 1, 1, 1, 1, 1, 1, 1, 1, 1, 1, 1, 1, 1, 1, 1, 1, 1, 1, 1, 1, 1, 1, 1, 1, 1, 1, 1, 1, 1, 1, 1, 1], [0, 1, 1, 1, 1, 0, 1, 1, 1, 1, 1, 1, 1, 1, 1, 1, 1, 1, 1, 1, 1, 1, 1, 1, 1, 1, 1, 1, 1, 1, 1, 1, 1, 1, 1, 1, 1], [0, 1, 1, 1, 1, 1, 0, 1, 1, 1, 1, 1, 1, 1, 1, 1, 1, 1, 1, 1, 1, 1, 1, 1, 1, 1, 1, 1, 1, 1, 1, 1, 1, 1, 1, 1, 1], [0, 1, 1, 1, 1, 1, 1, 0, 1, 1, 1, 1, 1, 1, 1, 1, 1, 1, 1, 1, 1, 1, 1, 1, 1, 1, 1, 1, 1, 1, 1, 1, 1, 1, 1, 1, 1], [0, 1, 1, 1, 1, 1, 1, 1, 0, 1, 1, 1, 1, 1, 1, 1, 1, 1, 1, 1, 1, 1, 1, 1, 1, 1, 1, 1, 1, 1, 1, 1, 1, 1, 1, 1, 1], [0, 1, 1, 1, 1, 1, 1, 1, 1, 0, 1, 1, 1, 1, 1, 1, 1, 1, 1, 1, 1, 1, 1, 1, 1, 1, 1, 1, 1, 1, 1, 1, 1, 1, 1, 1, 1], [0, 1, 1, 1, 1, 1, 1, 1, 1, 1, 0, 1, 1, 1, 1, 1, 1, 1, 1, 1, 1, 1, 1, 1, 1, 1, 1, 1, 1, 1, 1, 1, 1, 1, 1, 1, 1], [0, 1, 1, 1, 1, 1, 1, 1, 1, 1, 1, 0, 1, 1, 1, 1, 1, 1, 1, 1, 1, 1, 1, 1, 1, 1, 1, 1, 1, 1, 1, 1, 1, 1, 1, 1, 1], [0, 1, 1, 1, 1, 1, 1, 1, 1, 1, 1, 1, 0, 1, 1, 1, 1, 1, 1, 1, 1, 1, 1, 1, 1, 1, 1, 1, 1, 1, 1, 1, 1, 1, 1, 1, 1], [0, 1, 1, 1, 1, 1, 1, 1, 1, 1, 1, 1, 1, 0, 1, 1, 1, 1, 1, 1, 1, 1, 1, 1, 1, 1, 1, 1, 1, 1, 1, 1, 1, 1, 1, 1, 1], [0, 1, 1, 1, 1, 1, 1, 1, 1, 1, 1, 1, 1, 1, 0, 1, 1, 1, 1, 1, 1, 1, 1, 1, 1, 1, 1, 1, 1, 1, 1, 1, 1, 1, 1, 1, 1], [0, 1, 1, 1, 1, 1, 1, 1, 1, 1, 1, 1, 1, 1, 1, 0, 1, 1, 1, 1, 1, 1, 1, 1, 1, 1, 1, 1, 1, 1, 1, 1, 1, 1, 1, 1, 1], [0, 1, 1, 1, 1, 1, 1, 1, 1, 1, 1, 1, 1, 1, 1, 1, 0, 1, 1, 1, 1, 1, 1, 1, 1, 1, 1, 1, 1, 1, 1, 1, 1, 1, 1, 1, 1], [0, 1, 1, 1, 1, 1, 1, 1, 1, 1, 1, 1, 1, 1, 1, 1, 1, 0, 1, 1, 1, 1, 1, 1, 1, 1, 1, 1, 1, 1, 1, 1, 1, 1, 1, 1, 1], [0, 1, 1, 1, 1, 1, 1, 1, 1, 1, 1, 1, 1, 1, 1, 1, 1, 1, 0, 1, 1, 1, 1, 1, 1, 1, 1, 1, 1, 1, 1, 1, 1, 1, 1, 1, 1], [0, 1, 1, 1, 1, 1, 1, 1, 1, 1, 1, 1, 1, 1, 1, 1, 1, 1, 1, 0, 1, 1, 1, 1, 1, 1, 1, 1, 1, 1, 1, 1, 1, 1, 1, 1, 1], [0, 1, 1, 1, 1, 1, 1, 1, 1, 1, 1, 1, 1, 1, 1, 1, 1, 1, 1, 1, 0, 1, 1, 1, 1, 1, 1, 1, 1, 1, 1, 1, 1, 1, 1, 1, 1], [0, 1, 1, 1, 1, 1, 1, 1, 1, 1, 1, 1, 1, 1, 1, 1, 1, 1, 1, 1, 1, 0, 1, 1, 1, 1, 1, 1, 1, 1, 1, 1, 1, 1, 1, 1, 1], [0, 1, 1, 1, 1, 1, 1, 1, 1, 1, 1, 1, 1, 1, 1, 1, 1, 1, 1, 1, 1, 1, 0, 1, 1, 1, 1, 1, 1, 1, 1, 1, 1, 1, 1, 1, 1], [0, 1, 1, 1, 1, 1, 1, 1, 1, 1, 1, 1, 1, 1, 1, 1, 1, 1, 1, 1, 1, 1, 1, 0, 1, 1, 1, 1, 1, 1, 1, 1, 1, 1, 1, 1, 1], [0, 1, 1, 1, 1, 1, 1, 1, 1, 1, 1, 1, 1, 1, 1, 1, 1, 1, 1, 1, 1, 1, 1, 1, 0, 1, 1, 1, 1, 1, 1, 1, 1, 1, 1, 1, 1], [0, 1, 1, 1, 1, 1, 1, 1, 1, 1, 1, 1, 1, 1, 1, 1, 1, 1, 1, 1, 1, 1, 1, 1, 1, 0, 1, 1, 1, 1, 1, 1, 1, 1, 1, 1, 1], [0, 1, 1, 1, 1, 1, 1, 1, 1, 1, 1, 1, 1, 1, 1, 1, 1, 1, 1, 1, 1, 1, 1, 1, 1, 1, 0, 1, 1, 1, 1, 1, 1, 1, 1, 1, 1], [0, 1, 1, 1, 1, 1, 1, 1, 1, 1, 1, 1, 1, 1, 1, 1, 1, 1, 1, 1, 1, 1, 1, 1, 1, 1, 1, 0, 1, 1, 1, 1, 1, 1, 1, 1, 1], [0, 1, 1, 1, 1, 1, 1, 1, 1, 1, 1, 1, 1, 1, 1, 1, 1, 1, 1, 1, 1, 1, 1, 1, 1, 1, 1, 1, 0, 1, 1, 1, 1, 1, 1, 1, 1], [0, 1, 1, 1, 1, 1, 1, 1, 1, 1, 1, 1, 1, 1, 1, 1, 1, 1, 1, 1, 1, 1, 1, 1, 1, 1, 1, 1, 1, 0, 1, 1, 1, 1, 1, 1, 1], [0, 1, 1, 1, 1, 1, 1, 1, 1, 1, 1, 1, 1, 1, 1, 1, 1, 1, 1, 1, 1, 1, 1, 1, 1, 1, 1, 1, 1, 1, 0, 1, 1, 1, 1, 1, 1], [0, 1, 1, 1, 1, 1, 1, 1, 1, 1, 1, 1, 1, 1, 1, 1, 1, 1, 1, 1, 1, 1, 1, 1, 1, 1, 1, 1, 1, 1, 1, 0, 1, 1, 1, 1, 1], [0, 1, 1, 1, 1, 1, 1, 1, 1, 1, 1, 1, 1, 1, 1, 1, 1, 1, 1, 1, 1, 1, 1, 1, 1, 1, 1, 1, 1, 1, 1, 1, 0, 1, 1, 1, 1], [0, 1, 1, 1, 1, 1, 1, 1, 1, 1, 1, 1, 1, 1, 1, 1, 1, 1, 1, 1, 1, 1, 1, 1, 1, 1, 1, 1, 1, 1, 1, 1, 1, 0, 1, 1, 1], [0, 1, 1, 1, 1, 1, 1, 1, 1, 1, 1, 1, 1, 1, 1, 1, 1, 1, 1, 1, 1, 1, 1, 1, 1, 1, 1, 1, 1, 1, 1, 1, 1, 1, 0, 1, 1], [0, 1, 1, 1, 1, 1, 1, 1, 1, 1, 1, 1, 1, 1, 1, 1, 1, 1, 1, 1, 1, 1, 1, 1, 1, 1, 1, 1, 1, 1, 1, 1, 1, 1, 1, 0, 1], [0, 0, 0, 0, 0, 0, 0, 0, 0, 0, 0, 0, 0, 0, 0, 0, 0, 0, 0, 0, 0, 0, 0, 0, 0, 0, 0, 0, 0, 0, 0, 0, 0, 0, 0, 0, 0]], "vertex_count": 37}, "distances": [[0.0, 13.56, 6.52, 29.98, 17.46, 13.24, 31.73, 21.02, 6.02, 29.96, 18.11, 15.13, 5.48, 25.45, 19.62, 17.91, 14.38, 23.18, 5.11, 4.54, 20.59, 16.32, 23.29, 6.72, 21.72, 29.99, 9.84, 25.48, 12.03, 18.52, 23.3, 17.19, 13.59, 11.32, 23.76, 11.31, 9.08], [13.56, 0.0, 12.14, 20.76, 27.9, 21.34, 44.06, 9.3, 19.04, 28.34, 22.05, 20.08, 9.17, 14.23, 31.88, 31.42, 14.05, 36.06, 9.61, 12.47, 24.47, 21.34, 21.81, 12.39, 12.05, 18.32, 23.07, 38.07, 15.5, 27.74, 9.78, 30.75, 15.38, 12.52, 20.82, 15.28, 13.56], [6.52, 12.14, 0.0, 31.79, 15.76, 9.46, 32.08, 21.17, 11.99, 34.77, 12.4, 21.12, 12.0, 26.03, 19.99, 22.18, 18.81, 24.46, 11.64, 11.07, 26.55, 10.93, 27.94, 9.8, 23.05, 30.32, 15.24, 26.25, 9.49, 15.76, 21.55, 21.1, 18.63, 4.79, 27.95, 8.44, 6.52], [29.98, 20.76, 31.79, 0.0, 47.03, 41.25, 61.58, 11.84, 32.88, 17.14, 42.78, 23.82, 28.17, 7.49, 49.57, 44.7, 17.75, 52.79, 28.51, 31.33, 23.83, 41.94, 15.16, 32.08, 8.79, 7.07, 36.35, 55.25, 30.07, 47.47, 16.73, 44.69, 19.85, 29.96, 12.73, 24.77, 29.98], [17.46, 27.9, 15.76, 47.03, 0.0, 7.22, 17.08, 36.87, 17.63, 46.9, 12.38, 30.98, 19.07, 41.68, 6.64, 17.45, 31.76, 11.66, 18.68, 15.78, 36.12, 10.79, 40.44, 15.51, 38.44, 46.04, 17.19, 12.25, 18.54, 13.63, 37.13, 15.83, 30.73, 17.13, 41.11, 24.09, 17.46], [13.24, 21.34, 9.46, 41.25, 7.22, 0.0, 24.29, 30.53, 15.8, 43.17, 6.96, 28.16, 13.09, 35.42, 13.13, 20.6, 27.41, 18.17, 12.78, 10.12, 33.57, 4.89, 36.45, 9.18, 32.51, 39.64, 17.07, 19.21, 15.3, 6.42, 30.23, 19.11, 26.8, 12.29, 36.75, 17.38, 13.24], [31.73, 44.06, 32.08, 61.58, 17.08, 24.29, 0.0, 52.54, 29.06, 57.85, 28.72, 41.55, 34.92, 57.13, 12.2, 20.23, 44.68, 9.04, 34.49, 31.59, 45.71, 27.49, 52.21, 31.88, 53.45, 61.64, 26.35, 6.37, 31.54, 18.74, 53.62, 19.27, 43.08, 32.08, 53.46, 40.52, 31.73], [21.02, 9.3, 21.17, 11.84, 36.87, 30.53, 52.54, 0.0, 25.42, 23.38, 31.3, 21.2, 17.82, 4.93, 40.34, 37.96, 13.94, 44.17, 18.23, 21.15, 23.89, 30.64, 18.0, 21.44, 9.32, 9.16, 29.35, 46.38, 22.06, 36.91, 6.57, 37.57, 16.1, 20.48, 16.17, 13.38, 21.02], [6.02, 19.04, 11.99, 32.88, 17.63, 15.8, 29.06, 25.42, 0.0, 29.58, 21.93, 13.4, 11.49, 29.41, 17.63, 12.57, 15.62, 20.09, 11.13, 10.02, 18.5, 19.93, 23.44, 12.11, 25.32, 33.99, 15.86, 22.7, 12.49, 19.53, 28.57, 12.16, 14.04, 7.71, 24.49, 17.22, 6.02], [29.96, 28.34, 34.77, 17.14, 46.9, 43.17, 57.85, 23.38, 29.58, 0.0, 47.16, 16.36, 31.29, 21.88, 47.11, 38.27, 15.97, 48.83, 31.41, 33.4, 12.48, 45.68, 6.85, 35.07, 19.29, 23.79, 31.59, 51.6, 28.38, 48.35, 29.91, 38.87, 16.37, 30.92, 7.54, 31.22, 29.96], [18.11, 22.05, 12.4, 42.78, 12.38, 6.96, 28.72, 31.3, 21.93, 47.16, 0.0, 33.22, 15.9, 36.21, 18.96, 27.55, 31.19, 24.02, 15.76, 13.95, 38.68, 11.85, 40.32, 12.11, 34.01, 40.04, 23.71, 24.54, 20.69, 10.05, 29.52, 26.04, 31.02, 16.69, 40.25, 18.01, 18.11], [15.13, 20.08, 21.12, 23.82, 30.98, 28.16, 41.55, 21.2, 13.4, 16.36, 33.22, 0.0, 18.33, 23.29, 30.78, 22.33, 7.26, 32.51, 18.27, 19.35, 5.46, 31.45, 10.86, 21.38, 18.94, 27.4, 15.23, 35.27, 12.87, 32.7, 26.8, 22.76, 5.13, 16.54, 12.56, 21.02, 15.13], [5.48, 9.17, 12.0, 28.17, 19.07, 13.09, 34.92, 17.82, 11.49, 31.29, 15.9, 18.33, 0.0, 22.61, 22.73, 23.08, 15.33, 26.9, 10.59, 10.02, 23.67, 14.54, 24.44, 12.19, 19.47, 26.99, 15.27, 28.9, 8.28, 19.3, 18.89, 22.21, 15.35, 13.06, 24.36, 6.11, 5.48], [25.45, 14.23, 26.03, 7.49, 41.68, 35.42, 57.13, 4.93, 29.41, 21.88, 36.21, 23.29, 22.61, 0.0, 44.95, 41.82, 16.18, 48.63, 23.0, 25.92, 24.98, 35.57, 17.68, 26.3, 4.39, 4.58, 33.23, 50.91, 26.2, 41.78, 9.27, 41.55, 18.44, 25.06, 15.46, 18.31, 25.45], [19.62, 31.88, 19.99, 49.57, 6.64, 13.13, 12.2, 40.34, 17.63, 47.11, 18.96, 30.78, 22.73, 44.95, 0.0, 12.81, 33.05, 5.07, 22.29, 19.41, 35.46, 17.28, 41.07, 19.81, 41.33, 49.45, 15.71, 6.28, 19.7, 9.41, 41.49, 11.27, 31.63, 19.89, 42.1, 28.4, 19.62], [17.91, 31.42, 22.18, 44.7, 17.45, 20.6, 20.23, 37.96, 12.57, 38.27, 27.55, 22.33, 23.08, 41.82, 12.81, 0.0, 26.99, 11.75, 22.65, 20.58, 25.88, 25.49, 33.2, 22.16, 37.63, 46.38, 8.61, 14.52, 16.05, 20.37, 41.07, 16.97, 25.01, 19.23, 34.79, 29.14, 17.91], [14.38, 14.05, 18.81, 17.75, 31.76, 27.41, 44.68, 13.94, 15.62, 15.97, 31.19, 7.26, 15.33, 16.18, 33.05, 26.99, 0.0, 35.71, 15.44, 17.48, 10.57, 29.72, 9.14, 19.1, 11.8, 20.45, 18.78, 38.31, 13.41, 32.9, 19.69, 27.04, 12.38, 15.12, 9.38, 16.01, 14.38], [23.18, 36.06, 24.46, 52.79, 11.66, 18.17, 9.04, 44.17, 20.09, 48.83, 24.02, 32.51, 26.9, 48.63, 5.07, 11.75, 35.71, 0.0, 26.45, 23.66, 36.74, 22.35, 43.16, 24.3, 44.82, 53.18, 17.31, 11.36, 22.72, 14.3, 45.78, 10.56, 34.07, 23.74, 44.43, 32.77, 23.18], [5.11, 9.61, 11.64, 28.51, 18.68, 12.78, 34.49, 18.23, 11.13, 31.41, 15.76, 18.27, 10.59, 23.0, 22.29, 22.65, 15.44, 26.45, 0.0, 9.65, 23.63, 14.35, 24.57, 11.83, 19.82, 27.39, 14.88, 28.46, 7.96, 18.96, 19.33, 21.77, 15.4, 12.74, 24.53, 6.55, 5.11], [4.54, 12.47, 11.07, 31.33, 15.78, 10.12, 31.59, 21.15, 10.02, 33.4, 13.95, 19.35, 10.02, 25.92, 19.41, 20.58, 17.48, 23.66, 9.65, 0.0, 24.8, 12.32, 26.6, 11.26, 22.68, 30.31, 13.36, 25.61, 7.49, 16.15, 22.13, 19.58, 17.13, 12.27, 26.75, 9.14, 4.54], [20.59, 24.47, 26.55, 23.83, 36.12, 33.57, 45.71, 23.89, 18.5, 12.48, 38.68, 5.46, 23.67, 24.98, 35.46, 25.88, 10.57, 36.74, 23.63, 24.8, 0.0, 36.91, 8.95, 26.81, 20.88, 28.61, 19.76, 39.54, 18.28, 37.96, 30.02, 26.56, 9.11, 21.99, 11.27, 25.9, 20.59], [16.32, 21.34, 10.93, 41.94, 10.79, 4.89, 27.49, 30.64, 19.93, 45.68, 11.85, 31.45, 14.54, 35.57, 17.28, 25.49, 29.72, 22.35, 14.35, 12.32, 36.91, 0.0, 38.86, 10.63, 33.15, 39.52, 21.64, 23.03, 18.82, 8.75, 29.29, 23.99, 29.45, 14.99, 38.88, 17.27, 16.32], [23.29, 21.81, 27.94, 15.16, 40.44, 36.45, 52.21, 18.0, 23.44, 6.85, 40.32, 10.86, 24.44, 17.68, 41.07, 33.2, 9.14, 43.16, 24.57, 26.6, 8.95, 38.86, 0.0, 28.24, 14.22, 20.66, 25.86, 45.88, 21.9, 41.77, 24.55, 33.6, 9.73, 24.17, 14.39, 24.5, 23.29], [6.72, 12.39, 9.8, 32.08, 15.51, 9.18, 31.88, 21.44, 12.11, 35.07, 12.11, 21.38, 12.19, 26.3, 19.81, 22.16, 19.1, 24.3, 11.83, 11.26, 26.81, 10.63, 28.24, 0.0, 23.33, 30.58, 15.3, 26.07, 9.67, 15.49, 21.75, 21.07, 18.92, 5.01, 28.25, 8.65, 6.72], [21.72, 12.05, 23.05, 8.79, 38.44, 32.51, 53.45, 9.32, 25.32, 19.29, 34.01, 18.94, 19.47, 4.39, 41.33, 37.63, 11.8, 44.82, 19.82, 22.68, 20.88, 33.15, 14.22, 23.33, 0.0, 8.81, 29.07, 47.18, 22.21, 38.77, 10.61, 37.41, 14.06, 21.51, 12.23, 16.02, 21.72], [29.99, 18.32, 30.32, 7.07, 46.04, 39.64, 61.64, 9.16, 33.99, 23.79, 40.04, 27.4, 26.99, 4.58, 49.45, 46.38, 20.45, 53.18, 27.39, 30.31, 28.61, 39.52, 20.66, 30.58, 8.81, 0.0, 37.8, 55.44, 30.78, 46.03, 11.43, 46.12, 22.71, 29.56, 18.28, 22.36, 29.99], [9.84, 23.07, 15.24, 36.35, 17.19, 17.07, 26.35, 29.35, 15.86, 31.59, 23.71, 15.23, 15.27, 33.23, 15.71, 8.61, 18.78, 17.31, 14.88, 13.36, 19.76, 21.64, 25.86, 15.3, 29.07, 37.8, 0.0, 20.04, 7.57, 19.55, 32.6, 8.36, 16.96, 11.4, 27.18, 21.14, 9.84], [25.48, 38.07, 26.25, 55.25, 12.25, 19.21, 6.37, 46.38, 22.7, 51.6, 24.54, 35.27, 28.9, 50.91, 6.28, 14.52, 38.31, 11.36, 28.46, 25.61, 39.54, 23.03, 45.88, 26.07, 47.18, 55.44, 20.04, 0.0, 25.2, 14.55, 47.72, 13.36, 36.71, 25.91, 47.11, 34.65, 25.48], [12.03, 15.5, 9.49, 30.07, 18.54, 15.3, 31.54, 22.06, 12.49, 28.38, 20.69, 12.87, 8.28, 26.2, 19.7, 16.05, 13.41, 22.72, 7.96, 7.49, 18.28, 18.82, 21.9, 9.67, 22.21, 30.78, 7.57, 25.2, 0.0, 20.0, 25.05, 15.54, 12.21, 4.78, 22.65, 13.78, 12.03], [18.52, 27.74, 15.76, 47.47, 13.63, 6.42, 18.74, 36.91, 19.53, 48.35, 10.05, 32.7, 19.3, 41.78, 9.41, 20.37, 32.9, 14.3, 18.96, 16.15, 37.96, 8.75, 41.77, 15.49, 38.77, 46.03, 19.55, 14.55, 20.0, 0.0, 36.63, 18.75, 32.04, 17.93, 42.28, 23.79, 18.52], [23.3, 9.78, 21.55, 16.73, 37.13, 30.23, 53.62, 6.57, 28.57, 29.91, 29.52, 26.8, 18.89, 9.27, 41.49, 41.07, 19.69, 45.78, 19.33, 22.13, 30.02, 29.29, 24.55, 21.75, 10.61, 11.43, 32.6, 47.72, 25.05, 36.63, 0.0, 40.45, 21.68, 22.3, 22.73, 13.11, 23.3], [17.19, 30.75, 21.1, 44.69, 15.83, 19.11, 19.27, 37.57, 12.16, 38.87, 26.04, 22.76, 22.21, 41.55, 11.27, 16.97, 27.04, 10.56, 21.77, 19.58, 26.56, 23.99, 33.6, 21.07, 37.41, 46.12, 8.36, 13.36, 15.54, 18.75, 40.45, 0.0, 25.13, 18.41, 35.11, 28.3, 17.19], [13.59, 15.38, 18.63, 19.85, 30.73, 26.8, 43.08, 16.1, 14.04, 16.37, 31.02, 5.13, 15.35, 18.44, 31.63, 25.01, 12.38, 34.07, 15.4, 17.13, 9.11, 29.45, 9.73, 18.92, 14.06, 22.71, 16.96, 36.71, 12.21, 32.04, 21.68, 25.13, 0.0, 14.57, 10.49, 16.87, 13.59], [11.32, 12.52, 4.79, 29.96, 17.13, 12.29, 32.08, 20.48, 7.71, 30.92, 16.69, 16.54, 13.06, 25.06, 19.89, 19.23, 15.12, 23.74, 12.74, 12.27, 21.99, 14.99, 24.17, 5.01, 21.51, 29.56, 11.4, 25.91, 4.78, 17.93, 22.3, 18.41, 14.57, 0.0, 24.48, 9.9, 11.32], [23.76, 20.82, 27.95, 12.73, 41.11, 36.75, 53.46, 16.17, 24.49, 7.54, 40.25, 12.56, 24.36, 15.46, 42.1, 34.79, 9.38, 44.43, 24.53, 26.75, 11.27, 38.88, 14.39, 28.25, 12.23, 18.28, 27.18, 47.11, 22.65, 42.28, 22.73, 35.11, 10.49, 24.48, 0.0, 23.81, 23.76], [11.31, 15.28, 8.44, 24.77, 24.09, 17.38, 40.52, 13.38, 17.22, 31.22, 18.01, 21.02, 6.11, 18.31, 28.4, 29.14, 16.01, 32.77, 6.55, 9.14, 25.9, 17.27, 24.5, 8.65, 16.02, 22.36, 21.14, 34.65, 13.78, 23.79, 13.11, 28.3, 16.87, 9.9, 23.81, 0.0, 11.31], [9.08, 13.56, 6.52, 29.98, 17.46, 13.24, 31.73, 21.02, 6.02, 29.96, 18.11, 15.13, 5.48, 25.45, 19.62, 17.91, 14.38, 23.18, 5.11, 4.54, 20.59, 16.32, 23.29, 6.72, 21.72, 29.99, 9.84, 25.48, 12.03, 18.52, 23.3, 17.19, 13.59, 11.32, 23.76, 11.31, 0.0]], "end_depot": 36, "horizon": [0.0, 1490.76], "instance_name": "35_80_A_C3", "speed_zone_count": 3, "speed_zones": [[0.0, 496.92], [496.92, 993.84], [993.84, 1490.76]], "start_depot": 0, "vehicle_count": 35}