{"cluster_count": 3, "cluster_speeds": [[0.22, 0.44, 0.22], [0.255, 0.6, 0.255], [0.39425, 0.83, 0.39425]], "clusters": [[-1, 0, 0, 0, 0, 0, 0, 0, 0, 0, 0, 0, 0, 0, 0, 0, 0, 0, 0, 0, 0, 0, 0, 0, 0, 0, 0, 0, 0, 0, 0, 0, 0, 0, 0, 0, 0], [1, -1, 1, 1, 1, 1, 1, 1, 1, 1, 1, 1, 1, 1, 1, 1, 1, 1, 1, 1, 1, 1, 1, 1, 1, 1, 1, 1, 1, 1, 1, 1, 1, 1, 1, 1, 1], [1, 1, -1, 1, 1, 1, 1, 1, 1, 1, 1, 1, 1, 1, 1, 1, 1, 1, 1, 1, 1, 1, 1, 1, 1, 1, 1, 1, 1, 1, 1, 1, 1, 1, 1, 1, 1], [0, 0, 0, -1, 0, 0, 0, 0, 0, 0, 0, 0, 0, 0, 0, 0, 0, 0, 0, 0, 0, 0, 0, 0, 0, 0, 0, 0, 0, 0, 0, 0, 0, 0, 0, 0, 0], [2, 2, 2, 2, -1, 2, 2, 2, 2, 2, 2, 2, 2, 2, 2, 2, 2, 2, 2, 2, 2, 2, 2, 2, 2, 2, 2, 2, 2, 2, 2, 2, 2, 2, 2, 2, 2], [1, 1, 1, 1, 1, -1, 1, 1, 1, 1, 1, 1, 1, 1, 1, 1, 1, 1, 1, 1, 1, 1, 1, 1, 1, 1, 1, 1, 1, 1, 1, 1, 1, 1, 1, 1, 1], [0, 0, 0, 0, 0, 0, -1, 0, 0, 0, 0, 0, 0, 0, 0, 0, 0, 0, 0, 0, 0, 0, 0, 0, 0, 0, 0, 0, 0, 0, 0, 0, 0, 0, 0, 0, 0], [0, 0, 0, 0, 0, 0, 0, -1, 0, 0, 0, 0, 0, 0, 0, 0, 0, 0, 0, 0, 0, 0, 0, 0, 0, 0, 0, 0, 0, 0, 0, 0, 0, 0, 0, 0, 0], [1, 1, 1, 1, 1, 1, 1, 1, -1, 1, 1, 1, 1, 1, 1, 1, 1, 1, 1, 1, 1, 1, 1, 1, 1, 1, 1, 1, 1, 1, 1, 1, 1, 1, 1, 1, 1], [1, 1, 1, 1, 1, 1, 1, 1, 1, -1, 1, 1, 1, 1, 1, 1, 1, 1, 1, 1, 1, 1, 1, 1, 1, 1, 1, 1, 1, 1, 1, 1, 1, 1, 1, 1, 1], [0, 0, 0, 0, 0, 0, 0, 0, 0, 0, -1, 0, 0, 0, 0, 0, 0, 0, 0, 0, 0, 0, 0, 0, 0, 0, 0, 0, 0, 0, 0, 0, 0, 0, 0, 0, 0], [2, 2, 2, 2, 2, 2, 2, 2, 2, 2, 2, -1, 2, 2, 2, 2, 2, 2, 2, 2, 2, 2, 2, 2, 2, 2, 2, 2, 2, 2, 2, 2, 2, 2, 2, 2, 2], [1, 1, 1, 1, 1, 1, 1, 1, 1, 1, 1, 1, -1, 1, 1, 1, 1, 1, 1, 1, 1, 1, 1, 1, 1, 1, 1, 1, 1, 1, 1, 1, 1, 1, 1, 1, 1], [1, 1, 1, 1, 1, 1, 1, 1, 1, 1, 1, 1, 1, -1, 1, 1, 1, 1, 1, 1, 1, 1, 1, 1, 1, 1, 1, 1, 1, 1, 1, 1, 1, 1, 1, 1, 1], [2, 2, 2, 2, 2, 2, 2, 2, 2, 2, 2, 2, 2, 2, -1, 2, 2, 2, 2, 2, 2, 2, 2, 2, 2, 2, 2, 2, 2, 2, 2, 2, 2, 2, 2, 2, 2], [1, 1, 1, 1, 1, 1, 1, 1, 1, 1, 1, 1, 1, 1, 1, -1, 1, 1, 1, 1, 1, 1, 1, 1, 1, 1, 1, 1, 1, 1, 1, 1, 1, 1, 1, 1, 1], [0, 0, 0, 0, 0, 0, 0, 0, 0, 0, 0, 0, 0, 0, 0, 0, -1, 0, 0, 0, 0, 0, 0, 0, 0, 0, 0, 0, 0, 0, 0, 0, 0, 0, 0, 0, 0], [0, 0, 0, 0, 0, 0, 0, 0, 0, 0, 0, 0, 0, 0, 0, 0, 0, -1, 0, 0, 0, 0, 0, 0, 0, 0, 0, 0, 0, 0, 0, 0, 0, 0, 0, 0, 0], [1, 1, 1, 1, 1, 1, 1, 1, 1, 1, 1, 1, 1, 1, 1, 1, 1, 1, -1, 1, 1, 1, 1, 1, 1, 1, 1, 1, 1, 1, 1, 1, 1, 1, 1, 1, 1], [0, 0, 0, 0, 0, 0, 0, 0, 0, 0, 0, 0, 0, 0, 0, 0, 0, 0, 0, -1, 0, 0, 0, 0, 0, 0, 0, 0, 0, 0, 0, 0, 0, 0, 0, 0, 0], [0, 0, 0, 0, 0, 0, 0, 0, 0, 0, 0, 0, 0, 0, 0, 0, 0, 0, 0, 0, -1, 0, 0, 0, 0, 0, 0, 0, 0, 0, 0, 0, 0, 0, 0, 0, 0], [0, 0, 0, 0, 0, 0, 0, 0, 0, 0, 0, 0, 0, 0, 0, 0, 0, 0, 0, 0, 0, -1, 0, 0, 0, 0, 0, 0, 0, 0, 0, 0, 0, 0, 0, 0, 0], [0, 0, 0, 0, 0, 0, 0, 0, 0, 0, 0, 0, 0, 0, 0, 0, 0, 0, 0, 0, 0, 0, -1, 0, 0, 0, 0, 0, 0, 0, 0, 0, 0, 0, 0, 0, 0], [1, 1, 1, 1, 1, 1, 1, 1, 1, 1, 1, 1, 1, 1, 1, 1, 1, 1, 1, 1, 1, 1, 1, -1, 1, 1, 1, 1, 1, 1, 1, 1, 1, 1, 1, 1, 1], [0, 0, 0, 0, 0, 0, 0, 0, 0, 0, 0, 0, 0, 0, 0, 0, 0, 0, 0, 0, 0, 0, 0, 0, -1, 0, 0, 0, 0, 0, 0, 0, 0, 0, 0, 0, 0], [2, 2, 2, 2, 2, 2, 2, 2, 2, 2, 2, 2, 2, 2, 2, 2, 2, 2, 2, 2, 2, 2, 2, 2, 2, -1, 2, 2, 2, 2, 2, 2, 2, 2, 2, 2, 2], [0, 0, 0, 0, 0, 0, 0, 0, 0, 0, 0, 0, 0, 0, 0, 0, 0, 0, 0, 0, 0, 0, 0, 0, 0, 0, -1, 0, 0, 0, 0, 0, 0, 0, 0, 0, 0], [0, 0, 0, 0, 0, 0, 0, 0, 0, 0, 0, 0, 0, 0, 0, 0, 0, 0, 0, 0, 0, 0, 0, 0, 0, 0, 0, -1, 0, 0, 0, 0, 0, 0, 0, 0, 0], [0, 0, 0, 0, 0, 0, 0, 0, 0, 0, 0, 0, 0, 0, 0, 0, 0, 0, 0, 0, 0, 0, 0, 0, 0, 0, 0, 0, -1, 0, 0, 0, 0, 0, 0, 0, 0], [0, 0, 0, 0, 0, 0, 0, 0, 0, 0, 0, 0, 0, 0, 0, 0, 0, 0, 0, 0, 0, 0, 0, 0, 0, 0, 0, 0, 0, -1, 0, 0, 0, 0, 0, 0, 0], [1, 1, 1, 1, 1, 1, 1, 1, 1, 1, 1, 1, 1, 1, 1, 1, 1, 1, 1, 1, 1, 1, 1, 1, 1, 1, 1, 1, 1, 1, -1, 1, 1, 1, 1, 1, 1], [1, 1, 1, 1, 1, 1, 1, 1, 1, 1, 1, 1, 1, 1, 1, 1, 1, 1, 1, 1, 1, 1, 1, 1, 1, 1, 1, 1, 1, 1, 1, -1, 1, 1, 1, 1, 1], [0, 0, 0, 0, 0, 0, 0, 0, 0, 0, 0, 0, 0, 0, 0, 0, 0, 0, 0, 0, 0, 0, 0, 0, 0, 0, 0, 0, 0, 0, 0, 0, -1, 0, 0, 0, 0], [1, 1, 1, 1, 1, 1, 1, 1, 1, 1, 1, 1, 1, 1, 1, 1, 1, 1, 1, 1, 1, 1, 1, 1, 1, 1, 1, 1, 1, 1, 1, 1, 1, -1, 1, 1, 1], [0, 0, 0, 0, 0, 0, 0, 0, 0, 0, 0, 0, 0, 0, 0, 0, 0, 0, 0, 0, 0, 0, 0, 0, 0, 0, 0, 0, 0, 0, 0, 0, 0, 0, -1, 0, 0], [2, 2, 2, 2, 2, 2, 2, 2, 2, 2, 2, 2, 2, 2, 2, 2, 2, 2, 2, 2, 2, 2, 2, 2, 2, 2, 2, 2, 2, 2, 2, 2, 2, 2, 2, -1, 2], [0, 0, 0, 0, 0, 0, 0, 0, 0, 0, 0, 0, 0, 0, 0, 0, 0, 0, 0, 0, 0, 0, 0, 0, 0, 0, 0, 0, 0, 0, 0, 0, 0, 0, 0, 0, -1]], "dataset_name": "cordeau_et_al_2014", "digraph": {"arc_count": 1260, "arcs": [[0, 1, 1, 1, 1, 1, 1, 1, 1, 1, 1, 1, 1, 1, 1, 1, 1, 1, 1, 1, 1, 1, 1, 1, 1, 1, 1, 1, 1, 1, 1, 1, 1, 1, 1, 1, 0], [0, 0, 1, 1, 1, 1, 1, 1, 1, 1, 1, 1, 1, 1, 1, 1, 1, 1, 1, 1, 1, 1, 1, 1, 1, 1, 1, 1, 1, 1, 1, 1, 1, 1, 1, 1, 1], [0, 1, 0, 1, 1, 1, 1, 1, 1, 1, 1, 1, 1, 1, 1, 1, 1, 1, 1, 1, 1, 1, 1, 1, 1, 1, 1, 1, 1, 1, 1, 1, 1, 1, 1, 1, 1], [0, 1, 1, 0, 1, 1, 1, 1, 1, 1, 1, 1, 1, 1, 1, 1, 1, 1, 1, 1, 1, 1, 1, 1, 1, 1, 1, 1, 1, 1, 1, 1, 1, 1, 1, 1, 1], [0, 1, 1, 1, 0, 1, 1, 1, 1, 1, 1, 1, 1, 1, 1, 1, 1, 1, 1, 1, 1, 1, 1, 1, 1, 1, 1, 1, 1, 1, 1, 1, 1, 1, 1, 1, 1], [0, 1, 1, 1, 1, 0, 1, 1, 1, 1, 1, 1, 1, 1, 1, 1, 1, 1, 1, 1, 1, 1, 1, 1, 1, 1, 1, 1, 1, 1, 1, 1, 1, 1, 1, 1, 1], [0, 1, 1, 1, 1, 1, 0, 1, 1, 1, 1, 1, 1, 1, 1, 1, 1, 1, 1, 1, 1, 1, 1, 1, 1, 1, 1, 1, 1, 1, 1, 1, 1, 1, 1, 1, 1], [0, 1, 1, 1, 1, 1, 1, 0, 1, 1, 1, 1, 1, 1, 1, 1, 1, 1, 1, 1, 1, 1, 1, 1, 1, 1, 1, 1, 1, 1, 1, 1, 1, 1, 1, 1, 1], [0, 1, 1, 1, 1, 1, 1, 1, 0, 1, 1, 1, 1, 1, 1, 1, 1, 1, 1, 1, 1, 1, 1, 1, 1, 1, 1, 1, 1, 1, 1, 1, 1, 1, 1, 1, 1], [0, 1, 1, 1, 1, 1, 1, 1, 1, 0, 1, 1, 1, 1, 1, 1, 1, 1, 1, 1, 1, 1, 1, 1, 1, 1, 1, 1, 1, 1, 1, 1, 1, 1, 1, 1, 1], [0, 1, 1, 1, 1, 1, 1, 1, 1, 1, 0, 1, 1, 1, 1, 1, 1, 1, 1, 1, 1, 1, 1, 1, 1, 1, 1, 1, 1, 1, 1, 1, 1, 1, 1, 1, 1], [0, 1, 1, 1, 1, 1, 1, 1, 1, 1, 1, 0, 1, 1, 1, 1, 1, 1, 1, 1, 1, 1, 1, 1, 1, 1, 1, 1, 1, 1, 1, 1, 1, 1, 1, 1, 1], [0, 1, 1, 1, 1, 1, 1, 1, 1, 1, 1, 1, 0, 1, 1, 1, 1, 1, 1, 1, 1, 1, 1, 1, 1, 1, 1, 1, 1, 1, 1, 1, 1, 1, 1, 1, 1], [0, 1, 1, 1, 1, 1, 1, 1, 1, 1, 1, 1, 1, 0, 1, 1, 1, 1, 1, 1, 1, 1, 1, 1, 1, 1, 1, 1, 1, 1, 1, 1, 1, 1, 1, 1, 1], [0, 1, 1, 1, 1, 1, 1, 1, 1, 1, 1, 1, 1, 1, 0, 1, 1, 1, 1, 1, 1, 1, 1, 1, 1, 1, 1, 1, 1, 1, 1, 1, 1, 1, 1, 1, 1], [0, 1, 1, 1, 1, 1, 1, 1, 1, 1, 1, 1, 1, 1, 1, 0, 1, 1, 1, 1, 1, 1, 1, 1, 1, 1, 1, 1, 1, 1, 1, 1, 1, 1, 1, 1, 1], [0, 1, 1, 1, 1, 1, 1, 1, 1, 1, 1, 1, 1, 1, 1, 1, 0, 1, 1, 1, 1, 1, 1, 1, 1, 1, 1, 1, 1, 1, 1, 1, 1, 1, 1, 1, 1], [0, 1, 1, 1, 1, 1, 1, 1, 1, 1, 1, 1, 1, 1, 1, 1, 1, 0, 1, 1, 1, 1, 1, 1, 1, 1, 1, 1, 1, 1, 1, 1, 1, 1, 1, 1, 1], [0, 1, 1, 1, 1, 1, 1, 1, 1, 1, 1, 1, 1, 1, 1, 1, 1, 1, 0, 1, 1, 1, 1, 1, 1, 1, 1, 1, 1, 1, 1, 1, 1, 1, 1, 1, 1], [0, 1, 1, 1, 1, 1, 1, 1, 1, 1, 1, 1, 1, 1, 1, 1, 1, 1, 1, 0, 1, 1, 1, 1, 1, 1, 1, 1, 1, 1, 1, 1, 1, 1, 1, 1, 1], [0, 1, 1, 1, 1, 1, 1, 1, 1, 1, 1, 1, 1, 1, 1, 1, 1, 1, 1, 1, 0, 1, 1, 1, 1, 1, 1, 1, 1, 1, 1, 1, 1, 1, 1, 1, 1], [0, 1, 1, 1, 1, 1, 1, 1, 1, 1, 1, 1, 1, 1, 1, 1, 1, 1, 1, 1, 1, 0, 1, 1, 1, 1, 1, 1, 1, 1, 1, 1, 1, 1, 1, 1, 1], [0, 1, 1, 1, 1, 1, 1, 1, 1, 1, 1, 1, 1, 1, 1, 1, 1, 1, 1, 1, 1, 1, 0, 1, 1, 1, 1, 1, 1, 1, 1, 1, 1, 1, 1, 1, 1], [0, 1, 1, 1, 1, 1, 1, 1, 1, 1, 1, 1, 1, 1, 1, 1, 1, 1, 1, 1, 1, 1, 1, 0, 1, 1, 1, 1, 1, 1, 1, 1, 1, 1, 1, 1, 1], [0, 1, 1, 1, 1, 1, 1, 1, 1, 1, 1, 1, 1, 1, 1, 1, 1, 1, 1, 1, 1, 1, 1, 1, 0, 1, 1, 1, 1, 1, 1, 1, 1, 1, 1, 1, 1], [0, 1, 1, 1, 1, 1, 1, 1, 1, 1, 1, 1, 1, 1, 1, 1, 1, 1, 1, 1, 1, 1, 1, 1, 1, 0, 1, 1, 1, 1, 1, 1, 1, 1, 1, 1, 1], [0, 1, 1, 1, 1, 1, 1, 1, 1, 1, 1, 1, 1, 1, 1, 1, 1, 1, 1, 1, 1, 1, 1, 1, 1, 1, 0, 1, 1, 1, 1, 1, 1, 1, 1, 1, 1], [0, 1, 1, 1, 1, 1, 1, 1, 1, 1, 1, 1, 1, 1, 1, 1, 1, 1, 1, 1, 1, 1, 1, 1, 1, 1, 1, 0, 1, 1, 1, 1, 1, 1, 1, 1, 1], [0, 1, 1, 1, 1, 1, 1, 1, 1, 1, 1, 1, 1, 1, 1, 1, 1, 1, 1, 1, 1, 1, 1, 1, 1, 1, 1, 1, 0, 1, 1, 1, 1, 1, 1, 1, 1], [0, 1, 1, 1, 1, 1, 1, 1, 1, 1, 1, 1, 1, 1, 1, 1, 1, 1, 1, 1, 1, 1, 1, 1, 1, 1, 1, 1, 1, 0, 1, 1, 1, 1, 1, 1, 1], [0, 1, 1, 1, 1, 1, 1, 1, 1, 1, 1, 1, 1, 1, 1, 1, 1, 1, 1, 1, 1, 1, 1, 1, 1, 1, 1, 1, 1, 1, 0, 1, 1, 1, 1, 1, 1], [0, 1, 1, 1, 1, 1, 1, 1, 1, 1, 1, 1, 1, 1, 1, 1, 1, 1, 1, 1, 1, 1, 1, 1, 1, 1, 1, 1, 1, 1, 1, 0, 1, 1, 1, 1, 1], [0, 1, 1, 1, 1, 1, 1, 1, 1, 1, 1, 1, 1, 1, 1, 1, 1, 1, 1, 1, 1, 1, 1, 1, 1, 1, 1, 1, 1, 1, 1, 1, 0, 1, 1, 1, 1], [0, 1, 1, 1, 1, 1, 1, 1, 1, 1, 1, 1, 1, 1, 1, 1, 1, 1, 1, 1, 1, 1, 1, 1, 1, 1, 1, 1, 1, 1, 1, 1, 1, 0, 1, 1, 1], [0, 1, 1, 1, 1, 1, 1, 1, 1, 1, 1, 1, 1, 1, 1, 1, 1, 1, 1, 1, 1, 1, 1, 1, 1, 1, 1, 1, 1, 1, 1, 1, 1, 1, 0, 1, 1], [0, 1, 1, 1, 1, 1, 1, 1, 1, 1, 1, 1, 1, 1, 1, 1, 1, 1, 1, 1, 1, 1, 1, 1, 1, 1, 1, 1, 1, 1, 1, 1, 1, 1, 1, 0, 1], [0, 0, 0, 0, 0, 0, 0, 0, 0, 0, 0, 0, 0, 0, 0, 0, 0, 0, 0, 0, 0, 0, 0, 0, 0, 0, 0, 0, 0, 0, 0, 0, 0, 0, 0, 0, 0]], "vertex_count": 37}, "distances": [[0.0, 24.28, 19.58, 13.36, 31.9, 15.32, 15.63, 6.71, 23.34, 17.44, 12.18, 32.67, 17.21, 15.34, 37.89, 15.61, 6.61, 10.32, 18.29, 11.63, 14.53, 10.11, 14.4, 17.31, 7.67, 28.68, 9.17, 12.98, 9.39, 13.46, 16.75, 17.65, 6.67, 19.34, 9.25, 44.68, 13.23], [24.28, 0.0, 8.79, 25.84, 47.29, 11.9, 26.78, 17.58, 19.06, 10.93, 33.63, 10.79, 36.99, 10.43, 62.13, 39.45, 23.75, 21.42, 32.97, 19.72, 36.31, 26.9, 10.94, 41.39, 18.61, 30.19, 26.96, 32.43, 33.57, 13.99, 15.15, 27.41, 30.25, 36.34, 26.56, 24.03, 24.28], [19.58, 8.79, 0.0, 25.67, 38.67, 4.41, 22.8, 13.27, 10.27, 19.72, 26.65, 19.58, 29.34, 4.37, 57.0, 33.39, 17.01, 20.71, 24.6, 19.65, 29.29, 25.34, 5.4, 36.8, 12.4, 34.31, 25.04, 24.98, 28.88, 6.6, 17.69, 28.45, 26.17, 28.17, 24.76, 32.8, 19.58], [13.36, 25.84, 25.67, 0.0, 44.93, 22.71, 11.32, 14.34, 23.68, 24.56, 24.51, 30.14, 29.78, 21.55, 41.18, 24.63, 19.66, 4.98, 31.65, 6.2, 26.35, 10.62, 20.55, 21.37, 18.17, 15.88, 5.16, 25.98, 16.2, 21.89, 11.49, 4.31, 12.63, 32.48, 4.79, 39.47, 13.36], [31.9, 47.29, 38.67, 44.93, 0.0, 35.51, 33.64, 34.85, 48.07, 36.37, 20.62, 57.98, 15.39, 37.26, 40.47, 24.56, 26.87, 42.2, 14.72, 43.32, 19.41, 41.12, 37.12, 32.86, 31.24, 60.56, 40.06, 18.97, 30.98, 33.65, 47.34, 49.22, 33.24, 12.58, 40.31, 71.21, 31.9], [15.32, 11.9, 4.41, 22.71, 35.51, 0.0, 18.65, 9.31, 12.57, 18.05, 22.35, 22.48, 25.27, 8.79, 52.6, 28.98, 12.63, 17.73, 21.09, 17.0, 25.0, 21.87, 9.81, 32.45, 8.0, 33.06, 21.45, 20.81, 24.55, 11.02, 16.43, 25.9, 21.96, 24.45, 21.22, 35.69, 15.32], [15.63, 26.78, 22.8, 11.32, 33.64, 18.65, 0.0, 9.59, 25.56, 20.77, 13.19, 34.44, 18.46, 18.48, 35.43, 14.58, 9.97, 9.61, 20.78, 11.37, 15.13, 7.51, 17.49, 14.62, 11.24, 27.13, 6.46, 14.73, 7.0, 16.9, 17.28, 15.59, 13.93, 21.25, 6.68, 45.94, 15.63], [6.71, 17.58, 13.27, 14.34, 34.85, 9.31, 9.59, 0.0, 16.75, 11.41, 17.18, 26.32, 21.54, 8.92, 44.6, 22.02, 8.05, 9.63, 20.28, 9.72, 19.8, 12.79, 7.92, 23.97, 13.23, 27.37, 12.27, 16.92, 16.08, 7.92, 12.5, 18.11, 13.02, 22.46, 12.07, 38.72, 6.71], [23.34, 19.06, 10.27, 23.68, 48.07, 12.57, 25.56, 16.75, 0.0, 12.03, 33.39, 10.02, 37.05, 10.83, 60.99, 38.77, 23.56, 19.45, 33.56, 17.65, 36.06, 25.03, 11.09, 40.18, 18.38, 27.45, 25.17, 32.43, 32.47, 14.45, 12.69, 25.0, 29.0, 36.75, 24.75, 23.15, 23.34], [17.44, 10.93, 19.72, 24.56, 36.37, 18.05, 20.77, 11.41, 12.03, 0.0, 24.12, 21.69, 26.8, 18.58, 54.62, 30.93, 14.52, 19.57, 22.17, 18.73, 26.75, 23.87, 17.84, 34.54, 10.06, 34.29, 23.48, 22.43, 26.64, 15.99, 17.6, 27.62, 24.08, 25.69, 23.23, 34.93, 17.44], [12.18, 33.63, 26.65, 24.51, 20.62, 22.35, 13.19, 17.18, 33.39, 24.12, 0.0, 43.26, 5.28, 23.35, 32.0, 8.13, 9.88, 22.36, 10.06, 23.79, 9.52, 20.59, 22.72, 15.39, 15.03, 40.32, 19.52, 9.94, 10.78, 20.11, 28.81, 28.75, 12.63, 8.8, 19.8, 55.87, 12.18], [32.67, 10.79, 19.58, 30.14, 57.98, 22.48, 34.44, 26.32, 10.02, 21.69, 43.26, 0.0, 47.04, 20.82, 69.68, 48.25, 33.48, 26.86, 43.54, 24.85, 45.92, 32.45, 21.11, 48.87, 28.31, 28.59, 32.83, 42.41, 41.44, 24.44, 18.7, 30.18, 37.78, 46.77, 32.37, 13.24, 32.67], [17.21, 36.99, 29.34, 29.78, 15.39, 25.27, 18.46, 21.54, 37.05, 26.8, 5.28, 47.04, 0.0, 26.56, 32.56, 10.62, 13.67, 27.49, 7.66, 28.84, 4.24, 25.87, 26.08, 18.88, 18.77, 45.56, 24.8, 4.66, 15.68, 23.08, 33.6, 34.03, 17.85, 4.61, 25.08, 59.91, 17.21], [15.34, 10.43, 4.37, 21.55, 37.26, 8.79, 18.48, 8.92, 10.83, 18.58, 23.35, 20.82, 26.56, 0.0, 53.0, 29.64, 13.5, 16.57, 22.73, 15.67, 26.02, 21.03, 9.78, 32.63, 8.53, 31.31, 20.7, 22.02, 24.7, 10.98, 14.63, 24.55, 21.87, 25.98, 20.43, 33.98, 15.34], [37.89, 62.13, 57.0, 41.18, 40.47, 52.6, 35.43, 44.6, 60.99, 54.62, 32.0, 69.68, 32.56, 53.0, 0.0, 24.08, 40.29, 43.14, 40.22, 45.18, 29.94, 37.84, 52.12, 20.83, 44.6, 53.73, 37.23, 34.81, 28.56, 50.47, 51.52, 43.39, 32.0, 36.79, 37.71, 80.39, 37.89], [15.61, 39.45, 33.39, 24.63, 24.56, 28.98, 14.58, 22.02, 38.77, 30.93, 8.13, 48.25, 10.62, 29.64, 24.08, 0.0, 16.42, 24.1, 17.62, 25.93, 6.71, 20.51, 28.86, 8.39, 21.11, 40.29, 19.5, 11.17, 8.44, 26.79, 31.83, 28.45, 12.1, 15.21, 19.92, 60.25, 15.61], [6.61, 23.75, 17.01, 19.66, 26.87, 12.63, 9.97, 8.05, 23.56, 14.52, 9.88, 33.48, 13.67, 13.5, 40.29, 16.42, 0.0, 15.93, 12.48, 16.73, 12.56, 16.68, 12.84, 20.89, 5.18, 34.39, 15.77, 9.01, 13.38, 10.41, 20.49, 23.89, 12.14, 14.41, 15.82, 46.26, 6.61], [10.32, 21.42, 20.71, 4.98, 42.2, 17.73, 9.61, 9.63, 19.45, 19.57, 22.36, 26.86, 27.49, 16.57, 43.14, 24.1, 15.93, 0.0, 28.3, 11.18, 24.53, 5.63, 15.57, 22.57, 13.65, 18.48, 5.98, 23.3, 16.0, 16.97, 8.39, 8.48, 12.15, 29.63, 5.52, 37.3, 10.32], [18.29, 32.97, 24.6, 31.65, 14.72, 21.09, 20.78, 20.28, 33.56, 22.17, 10.06, 43.54, 7.66, 22.73, 40.22, 17.62, 12.48, 28.3, 0.0, 29.2, 10.91, 28.2, 22.52, 25.4, 16.54, 46.79, 27.19, 7.03, 20.46, 19.11, 32.78, 35.95, 21.43, 12.27, 27.35, 56.71, 18.29], [11.63, 19.72, 19.65, 6.2, 43.32, 17.0, 11.37, 9.72, 17.65, 18.73, 23.79, 24.85, 28.84, 15.67, 45.18, 25.93, 16.73, 11.18, 29.2, 0.0, 26.05, 7.61, 14.71, 24.59, 13.85, 17.74, 8.01, 24.54, 17.93, 16.49, 6.35, 8.9, 14.07, 30.74, 7.54, 35.26, 11.63], [14.53, 36.31, 29.29, 26.35, 19.41, 25.0, 15.13, 19.8, 36.06, 26.75, 9.52, 45.92, 4.24, 26.02, 29.94, 6.71, 12.56, 24.53, 10.91, 26.05, 0.0, 22.34, 25.4, 14.75, 17.72, 42.22, 21.26, 4.89, 11.57, 22.77, 31.25, 30.53, 14.06, 8.66, 21.58, 58.51, 14.53], [10.11, 26.9, 25.34, 10.62, 41.12, 21.87, 7.51, 12.79, 25.03, 23.87, 20.59, 32.45, 25.87, 21.03, 37.84, 20.51, 16.68, 5.63, 28.2, 7.61, 22.34, 0.0, 19.99, 17.6, 16.12, 19.95, 11.61, 22.24, 12.08, 20.68, 13.84, 8.19, 8.51, 28.77, 11.15, 42.56, 10.11], [14.4, 10.94, 5.4, 20.55, 37.12, 9.81, 17.49, 7.92, 11.09, 17.84, 22.72, 21.11, 26.08, 9.78, 52.12, 28.86, 12.84, 15.57, 22.52, 14.71, 25.4, 19.99, 0.0, 31.7, 7.78, 30.55, 19.67, 21.5, 23.77, 12.01, 13.91, 23.6, 20.9, 25.66, 19.39, 34.21, 14.4], [17.31, 41.39, 36.8, 21.37, 32.86, 32.45, 14.62, 23.97, 40.18, 34.54, 15.39, 48.87, 18.88, 32.63, 20.83, 8.39, 20.89, 22.57, 25.4, 24.59, 14.75, 17.6, 31.7, 0.0, 24.51, 35.87, 16.85, 18.51, 7.93, 30.44, 30.92, 24.41, 11.17, 23.41, 17.32, 59.85, 17.31], [7.67, 18.61, 12.4, 18.17, 31.24, 8.0, 11.24, 13.23, 18.38, 10.06, 15.03, 28.31, 18.77, 8.53, 44.6, 21.11, 5.18, 13.65, 16.54, 13.85, 17.72, 16.12, 7.78, 24.51, 0.0, 31.52, 15.44, 14.12, 16.63, 5.93, 16.37, 22.09, 14.32, 19.07, 15.33, 41.14, 7.67], [28.68, 30.19, 34.31, 15.88, 60.56, 33.06, 27.13, 27.37, 27.45, 34.29, 40.32, 28.59, 45.56, 31.31, 53.73, 40.29, 34.39, 18.48, 46.79, 17.74, 42.22, 19.95, 30.55, 35.87, 31.52, 0.0, 21.02, 41.6, 31.87, 33.19, 16.69, 11.84, 28.45, 48.02, 20.67, 32.58, 28.68], [9.17, 26.96, 25.04, 5.16, 40.06, 21.45, 6.46, 12.27, 25.17, 23.48, 19.52, 32.83, 24.8, 20.7, 37.23, 19.5, 15.77, 5.98, 27.19, 8.01, 21.26, 11.61, 19.67, 16.85, 15.44, 21.02, 0.0, 21.18, 11.09, 20.19, 14.33, 9.27, 7.47, 27.71, 9.96, 43.16, 9.17], [12.98, 32.43, 24.98, 25.98, 18.97, 20.81, 14.73, 16.92, 32.43, 22.43, 9.94, 42.41, 4.66, 22.02, 34.81, 11.17, 9.01, 23.3, 7.03, 24.54, 4.89, 22.24, 21.5, 18.51, 14.12, 41.6, 21.18, 0.0, 13.48, 18.6, 29.08, 30.28, 14.8, 6.53, 21.41, 55.25, 12.98], [9.39, 33.57, 28.88, 16.2, 30.98, 24.55, 7.0, 16.08, 32.47, 26.64, 10.78, 41.44, 15.68, 24.7, 28.56, 8.44, 13.38, 16.0, 20.46, 17.93, 11.57, 12.08, 23.77, 7.93, 16.63, 31.87, 11.09, 13.48, 0.0, 22.56, 24.07, 20.03, 16.06, 19.58, 11.51, 52.87, 9.39], [13.46, 13.99, 6.6, 21.89, 33.65, 11.02, 16.9, 7.92, 14.45, 15.99, 20.11, 24.44, 23.08, 10.98, 50.47, 26.79, 10.41, 16.97, 19.11, 16.49, 22.77, 20.68, 12.01, 30.44, 5.93, 33.19, 20.19, 18.6, 22.56, 0.0, 16.77, 25.33, 20.12, 22.37, 19.98, 37.6, 13.46], [16.75, 15.15, 17.69, 11.49, 47.34, 16.43, 17.28, 12.5, 12.69, 17.6, 28.81, 18.7, 33.6, 14.63, 51.52, 31.83, 20.49, 8.39, 32.78, 6.35, 31.25, 13.84, 13.91, 30.92, 16.37, 16.69, 14.33, 29.08, 24.07, 16.77, 0.0, 12.32, 20.23, 34.89, 13.86, 28.93, 16.75], [17.65, 27.41, 28.45, 4.31, 49.22, 25.9, 15.59, 18.11, 25.0, 27.62, 28.75, 30.18, 34.03, 24.55, 43.39, 28.45, 23.89, 8.48, 35.95, 8.9, 30.53, 8.19, 23.6, 24.41, 22.09, 11.84, 9.27, 30.28, 20.03, 25.33, 12.32, 0.0, 16.64, 36.78, 8.96, 38.28, 17.65], [6.67, 30.25, 26.17, 12.63, 33.24, 21.96, 13.93, 13.02, 29.0, 24.08, 12.63, 37.78, 17.85, 21.87, 32.0, 12.1, 12.14, 12.15, 21.43, 14.07, 14.06, 8.51, 20.9, 11.17, 14.32, 28.45, 7.47, 14.8, 16.06, 20.12, 20.23, 16.64, 0.0, 21.25, 7.86, 49.07, 6.67], [19.34, 36.34, 28.17, 32.48, 12.58, 24.45, 21.25, 22.46, 36.75, 25.69, 8.8, 46.77, 4.61, 25.98, 36.79, 15.21, 14.41, 29.63, 12.27, 30.74, 8.66, 28.77, 25.66, 23.41, 19.07, 48.02, 27.71, 6.53, 19.58, 22.37, 34.89, 36.78, 21.25, 0.0, 27.93, 59.86, 19.34], [9.25, 26.56, 24.76, 4.79, 40.31, 21.22, 6.68, 12.07, 24.75, 23.23, 19.8, 32.37, 25.08, 20.43, 37.71, 19.92, 15.82, 5.52, 27.35, 7.54, 21.58, 11.15, 19.39, 17.32, 15.33, 20.67, 9.96, 21.41, 11.51, 19.98, 13.86, 8.96, 7.86, 27.93, 0.0, 42.68, 9.25], [44.68, 24.03, 32.8, 39.47, 71.21, 35.69, 45.94, 38.72, 23.15, 34.93, 55.87, 13.24, 59.91, 33.98, 80.39, 60.25, 46.26, 37.3, 56.71, 35.26, 58.51, 42.56, 34.21, 59.85, 41.14, 32.58, 43.16, 55.25, 52.87, 37.6, 28.93, 38.28, 49.07, 59.86, 42.68, 0.0, 44.68], [13.23, 24.28, 19.58, 13.36, 31.9, 15.32, 15.63, 6.71, 23.34, 17.44, 12.18, 32.67, 17.21, 15.34, 37.89, 15.61, 6.61, 10.32, 18.29, 11.63, 14.53, 10.11, 14.4, 17.31, 7.67, 28.68, 9.17, 12.98, 9.39, 13.46, 16.75, 17.65, 6.67, 19.34, 9.25, 44.68, 0.0]], "end_depot": 36, "horizon": [0.0, 1793.79], "instance_name": "35_85_A_C9", "speed_zone_count": 3, "speed_zones": [[0.0, 597.93], [597.93, 1195.86], [1195.86, 1793.79]], "start_depot": 0, "vehicle_count": 35}