{"cluster_count": 3, "cluster_speeds": [[0.22, 0.44, 0.22], [0.255, 0.6, 0.255], [0.39425, 0.83, 0.39425]], "clusters": [[-1, 0, 0, 0, 0, 0, 0, 0, 0, 0, 0, 0, 0, 0, 0, 0, 0, 0, 0, 0, 0, 0, 0, 0, 0, 0, 0, 0, 0, 0, 0, 0, 0, 0, 0, 0, 0], [1, -1, 1, 1, 1, 1, 1, 1, 1, 1, 1, 1, 1, 1, 1, 1, 1, 1, 1, 1, 1, 1, 1, 1, 1, 1, 1, 1, 1, 1, 1, 1, 1, 1, 1, 1, 1], [0, 0, -1, 0, 0, 0, 0, 0, 0, 0, 0, 0, 0, 0, 0, 0, 0, 0, 0, 0, 0, 0, 0, 0, 0, 0, 0, 0, 0, 0, 0, 0, 0, 0, 0, 0, 0], [0, 0, 0, -1, 0, 0, 0, 0, 0, 0, 0, 0, 0, 0, 0, 0, 0, 0, 0, 0, 0, 0, 0, 0, 0, 0, 0, 0, 0, 0, 0, 0, 0, 0, 0, 0, 0], [0, 0, 0, 0, -1, 0, 0, 0, 0, 0, 0, 0, 0, 0, 0, 0, 0, 0, 0, 0, 0, 0, 0, 0, 0, 0, 0, 0, 0, 0, 0, 0, 0, 0, 0, 0, 0], [0, 0, 0, 0, 0, -1, 0, 0, 0, 0, 0, 0, 0, 0, 0, 0, 0, 0, 0, 0, 0, 0, 0, 0, 0, 0, 0, 0, 0, 0, 0, 0, 0, 0, 0, 0, 0], [0, 0, 0, 0, 0, 0, -1, 0, 0, 0, 0, 0, 0, 0, 0, 0, 0, 0, 0, 0, 0, 0, 0, 0, 0, 0, 0, 0, 0, 0, 0, 0, 0, 0, 0, 0, 0], [0, 0, 0, 0, 0, 0, 0, -1, 0, 0, 0, 0, 0, 0, 0, 0, 0, 0, 0, 0, 0, 0, 0, 0, 0, 0, 0, 0, 0, 0, 0, 0, 0, 0, 0, 0, 0], [0, 0, 0, 0, 0, 0, 0, 0, -1, 0, 0, 0, 0, 0, 0, 0, 0, 0, 0, 0, 0, 0, 0, 0, 0, 0, 0, 0, 0, 0, 0, 0, 0, 0, 0, 0, 0], [0, 0, 0, 0, 0, 0, 0, 0, 0, -1, 0, 0, 0, 0, 0, 0, 0, 0, 0, 0, 0, 0, 0, 0, 0, 0, 0, 0, 0, 0, 0, 0, 0, 0, 0, 0, 0], [0, 0, 0, 0, 0, 0, 0, 0, 0, 0, -1, 0, 0, 0, 0, 0, 0, 0, 0, 0, 0, 0, 0, 0, 0, 0, 0, 0, 0, 0, 0, 0, 0, 0, 0, 0, 0], [1, 1, 1, 1, 1, 1, 1, 1, 1, 1, 1, -1, 1, 1, 1, 1, 1, 1, 1, 1, 1, 1, 1, 1, 1, 1, 1, 1, 1, 1, 1, 1, 1, 1, 1, 1, 1], [0, 0, 0, 0, 0, 0, 0, 0, 0, 0, 0, 0, -1, 0, 0, 0, 0, 0, 0, 0, 0, 0, 0, 0, 0, 0, 0, 0, 0, 0, 0, 0, 0, 0, 0, 0, 0], [0, 0, 0, 0, 0, 0, 0, 0, 0, 0, 0, 0, 0, -1, 0, 0, 0, 0, 0, 0, 0, 0, 0, 0, 0, 0, 0, 0, 0, 0, 0, 0, 0, 0, 0, 0, 0], [0, 0, 0, 0, 0, 0, 0, 0, 0, 0, 0, 0, 0, 0, -1, 0, 0, 0, 0, 0, 0, 0, 0, 0, 0, 0, 0, 0, 0, 0, 0, 0, 0, 0, 0, 0, 0], [0, 0, 0, 0, 0, 0, 0, 0, 0, 0, 0, 0, 0, 0, 0, -1, 0, 0, 0, 0, 0, 0, 0, 0, 0, 0, 0, 0, 0, 0, 0, 0, 0, 0, 0, 0, 0], [0, 0, 0, 0, 0, 0, 0, 0, 0, 0, 0, 0, 0, 0, 0, 0, -1, 0, 0, 0, 0, 0, 0, 0, 0, 0, 0, 0, 0, 0, 0, 0, 0, 0, 0, 0, 0], [0, 0, 0, 0, 0, 0, 0, 0, 0, 0, 0, 0, 0, 0, 0, 0, 0, -1, 0, 0, 0, 0, 0, 0, 0, 0, 0, 0, 0, 0, 0, 0, 0, 0, 0, 0, 0], [1, 1, 1, 1, 1, 1, 1, 1, 1, 1, 1, 1, 1, 1, 1, 1, 1, 1, -1, 1, 1, 1, 1, 1, 1, 1, 1, 1, 1, 1, 1, 1, 1, 1, 1, 1, 1], [0, 0, 0, 0, 0, 0, 0, 0, 0, 0, 0, 0, 0, 0, 0, 0, 0, 0, 0, -1, 0, 0, 0, 0, 0, 0, 0, 0, 0, 0, 0, 0, 0, 0, 0, 0, 0], [0, 0, 0, 0, 0, 0, 0, 0, 0, 0, 0, 0, 0, 0, 0, 0, 0, 0, 0, 0, -1, 0, 0, 0, 0, 0, 0, 0, 0, 0, 0, 0, 0, 0, 0, 0, 0], [0, 0, 0, 0, 0, 0, 0, 0, 0, 0, 0, 0, 0, 0, 0, 0, 0, 0, 0, 0, 0, -1, 0, 0, 0, 0, 0, 0, 0, 0, 0, 0, 0, 0, 0, 0, 0], [0, 0, 0, 0, 0, 0, 0, 0, 0, 0, 0, 0, 0, 0, 0, 0, 0, 0, 0, 0, 0, 0, -1, 0, 0, 0, 0, 0, 0, 0, 0, 0, 0, 0, 0, 0, 0], [0, 0, 0, 0, 0, 0, 0, 0, 0, 0, 0, 0, 0, 0, 0, 0, 0, 0, 0, 0, 0, 0, 0, -1, 0, 0, 0, 0, 0, 0, 0, 0, 0, 0, 0, 0, 0], [0, 0, 0, 0, 0, 0, 0, 0, 0, 0, 0, 0, 0, 0, 0, 0, 0, 0, 0, 0, 0, 0, 0, 0, -1, 0, 0, 0, 0, 0, 0, 0, 0, 0, 0, 0, 0], [0, 0, 0, 0, 0, 0, 0, 0, 0, 0, 0, 0, 0, 0, 0, 0, 0, 0, 0, 0, 0, 0, 0, 0, 0, -1, 0, 0, 0, 0, 0, 0, 0, 0, 0, 0, 0], [0, 0, 0, 0, 0, 0, 0, 0, 0, 0, 0, 0, 0, 0, 0, 0, 0, 0, 0, 0, 0, 0, 0, 0, 0, 0, -1, 0, 0, 0, 0, 0, 0, 0, 0, 0, 0], [0, 0, 0, 0, 0, 0, 0, 0, 0, 0, 0, 0, 0, 0, 0, 0, 0, 0, 0, 0, 0, 0, 0, 0, 0, 0, 0, -1, 0, 0, 0, 0, 0, 0, 0, 0, 0], [1, 1, 1, 1, 1, 1, 1, 1, 1, 1, 1, 1, 1, 1, 1, 1, 1, 1, 1, 1, 1, 1, 1, 1, 1, 1, 1, 1, -1, 1, 1, 1, 1, 1, 1, 1, 1], [1, 1, 1, 1, 1, 1, 1, 1, 1, 1, 1, 1, 1, 1, 1, 1, 1, 1, 1, 1, 1, 1, 1, 1, 1, 1, 1, 1, 1, -1, 1, 1, 1, 1, 1, 1, 1], [0, 0, 0, 0, 0, 0, 0, 0, 0, 0, 0, 0, 0, 0, 0, 0, 0, 0, 0, 0, 0, 0, 0, 0, 0, 0, 0, 0, 0, 0, -1, 0, 0, 0, 0, 0, 0], [0, 0, 0, 0, 0, 0, 0, 0, 0, 0, 0, 0, 0, 0, 0, 0, 0, 0, 0, 0, 0, 0, 0, 0, 0, 0, 0, 0, 0, 0, 0, -1, 0, 0, 0, 0, 0], [0, 0, 0, 0, 0, 0, 0, 0, 0, 0, 0, 0, 0, 0, 0, 0, 0, 0, 0, 0, 0, 0, 0, 0, 0, 0, 0, 0, 0, 0, 0, 0, -1, 0, 0, 0, 0], [0, 0, 0, 0, 0, 0, 0, 0, 0, 0, 0, 0, 0, 0, 0, 0, 0, 0, 0, 0, 0, 0, 0, 0, 0, 0, 0, 0, 0, 0, 0, 0, 0, -1, 0, 0, 0], [0, 0, 0, 0, 0, 0, 0, 0, 0, 0, 0, 0, 0, 0, 0, 0, 0, 0, 0, 0, 0, 0, 0, 0, 0, 0, 0, 0, 0, 0, 0, 0, 0, 0, -1, 0, 0], [0, 0, 0, 0, 0, 0, 0, 0, 0, 0, 0, 0, 0, 0, 0, 0, 0, 0, 0, 0, 0, 0, 0, 0, 0, 0, 0, 0, 0, 0, 0, 0, 0, 0, 0, -1, 0], [0, 0, 0, 0, 0, 0, 0, 0, 0, 0, 0, 0, 0, 0, 0, 0, 0, 0, 0, 0, 0, 0, 0, 0, 0, 0, 0, 0, 0, 0, 0, 0, 0, 0, 0, 0, -1]], "dataset_name": "cordeau_et_al_2014", "digraph": {"arc_count": 1260, "arcs": [[0, 1, 1, 1, 1, 1, 1, 1, 1, 1, 1, 1, 1, 1, 1, 1, 1, 1, 1, 1, 1, 1, 1, 1, 1, 1, 1, 1, 1, 1, 1, 1, 1, 1, 1, 1, 0], [0, 0, 1, 1, 1, 1, 1, 1, 1, 1, 1, 1, 1, 1, 1, 1, 1, 1, 1, 1, 1, 1, 1, 1, 1, 1, 1, 1, 1, 1, 1, 1, 1, 1, 1, 1, 1], [0, 1, 0, 1, 1, 1, 1, 1, 1, 1, 1, 1, 1, 1, 1, 1, 1, 1, 1, 1, 1, 1, 1, 1, 1, 1, 1, 1, 1, 1, 1, 1, 1, 1, 1, 1, 1], [0, 1, 1, 0, 1, 1, 1, 1, 1, 1, 1, 1, 1, 1, 1, 1, 1, 1, 1, 1, 1, 1, 1, 1, 1, 1, 1, 1, 1, 1, 1, 1, 1, 1, 1, 1, 1], [0, 1, 1, 1, 0, 1, 1, 1, 1, 1, 1, 1, 1, 1, 1, 1, 1, 1, 1, 1, 1, 1, 1, 1, 1, 1, 1, 1, 1, 1, 1, 1, 1, 1, 1, 1, 1], [0, 1, 1, 1, 1, 0, 1, 1, 1, 1, 1, 1, 1, 1, 1, 1, 1, 1, 1, 1, 1, 1, 1, 1, 1, 1, 1, 1, 1, 1, 1, 1, 1, 1, 1, 1, 1], [0, 1, 1, 1, 1, 1, 0, 1, 1, 1, 1, 1, 1, 1, 1, 1, 1, 1, 1, 1, 1, 1, 1, 1, 1, 1, 1, 1, 1, 1, 1, 1, 1, 1, 1, 1, 1], [0, 1, 1, 1, 1, 1, 1, 0, 1, 1, 1, 1, 1, 1, 1, 1, 1, 1, 1, 1, 1, 1, 1, 1, 1, 1, 1, 1, 1, 1, 1, 1, 1, 1, 1, 1, 1], [0, 1, 1, 1, 1, 1, 1, 1, 0, 1, 1, 1, 1, 1, 1, 1, 1, 1, 1, 1, 1, 1, 1, 1, 1, 1, 1, 1, 1, 1, 1, 1, 1, 1, 1, 1, 1], [0, 1, 1, 1, 1, 1, 1, 1, 1, 0, 1, 1, 1, 1, 1, 1, 1, 1, 1, 1, 1, 1, 1, 1, 1, 1, 1, 1, 1, 1, 1, 1, 1, 1, 1, 1, 1], [0, 1, 1, 1, 1, 1, 1, 1, 1, 1, 0, 1, 1, 1, 1, 1, 1, 1, 1, 1, 1, 1, 1, 1, 1, 1, 1, 1, 1, 1, 1, 1, 1, 1, 1, 1, 1], [0, 1, 1, 1, 1, 1, 1, 1, 1, 1, 1, 0, 1, 1, 1, 1, 1, 1, 1, 1, 1, 1, 1, 1, 1, 1, 1, 1, 1, 1, 1, 1, 1, 1, 1, 1, 1], [0, 1, 1, 1, 1, 1, 1, 1, 1, 1, 1, 1, 0, 1, 1, 1, 1, 1, 1, 1, 1, 1, 1, 1, 1, 1, 1, 1, 1, 1, 1, 1, 1, 1, 1, 1, 1], [0, 1, 1, 1, 1, 1, 1, 1, 1, 1, 1, 1, 1, 0, 1, 1, 1, 1, 1, 1, 1, 1, 1, 1, 1, 1, 1, 1, 1, 1, 1, 1, 1, 1, 1, 1, 1], [0, 1, 1, 1, 1, 1, 1, 1, 1, 1, 1, 1, 1, 1, 0, 1, 1, 1, 1, 1, 1, 1, 1, 1, 1, 1, 1, 1, 1, 1, 1, 1, 1, 1, 1, 1, 1], [0, 1, 1, 1, 1, 1, 1, 1, 1, 1, 1, 1, 1, 1, 1, 0, 1, 1, 1, 1, 1, 1, 1, 1, 1, 1, 1, 1, 1, 1, 1, 1, 1, 1, 1, 1, 1], [0, 1, 1, 1, 1, 1, 1, 1, 1, 1, 1, 1, 1, 1, 1, 1, 0, 1, 1, 1, 1, 1, 1, 1, 1, 1, 1, 1, 1, 1, 1, 1, 1, 1, 1, 1, 1], [0, 1, 1, 1, 1, 1, 1, 1, 1, 1, 1, 1, 1, 1, 1, 1, 1, 0, 1, 1, 1, 1, 1, 1, 1, 1, 1, 1, 1, 1, 1, 1, 1, 1, 1, 1, 1], [0, 1, 1, 1, 1, 1, 1, 1, 1, 1, 1, 1, 1, 1, 1, 1, 1, 1, 0, 1, 1, 1, 1, 1, 1, 1, 1, 1, 1, 1, 1, 1, 1, 1, 1, 1, 1], [0, 1, 1, 1, 1, 1, 1, 1, 1, 1, 1, 1, 1, 1, 1, 1, 1, 1, 1, 0, 1, 1, 1, 1, 1, 1, 1, 1, 1, 1, 1, 1, 1, 1, 1, 1, 1], [0, 1, 1, 1, 1, 1, 1, 1, 1, 1, 1, 1, 1, 1, 1, 1, 1, 1, 1, 1, 0, 1, 1, 1, 1, 1, 1, 1, 1, 1, 1, 1, 1, 1, 1, 1, 1], [0, 1, 1, 1, 1, 1, 1, 1, 1, 1, 1, 1, 1, 1, 1, 1, 1, 1, 1, 1, 1, 0, 1, 1, 1, 1, 1, 1, 1, 1, 1, 1, 1, 1, 1, 1, 1], [0, 1, 1, 1, 1, 1, 1, 1, 1, 1, 1, 1, 1, 1, 1, 1, 1, 1, 1, 1, 1, 1, 0, 1, 1, 1, 1, 1, 1, 1, 1, 1, 1, 1, 1, 1, 1], [0, 1, 1, 1, 1, 1, 1, 1, 1, 1, 1, 1, 1, 1, 1, 1, 1, 1, 1, 1, 1, 1, 1, 0, 1, 1, 1, 1, 1, 1, 1, 1, 1, 1, 1, 1, 1], [0, 1, 1, 1, 1, 1, 1, 1, 1, 1, 1, 1, 1, 1, 1, 1, 1, 1, 1, 1, 1, 1, 1, 1, 0, 1, 1, 1, 1, 1, 1, 1, 1, 1, 1, 1, 1], [0, 1, 1, 1, 1, 1, 1, 1, 1, 1, 1, 1, 1, 1, 1, 1, 1, 1, 1, 1, 1, 1, 1, 1, 1, 0, 1, 1, 1, 1, 1, 1, 1, 1, 1, 1, 1], [0, 1, 1, 1, 1, 1, 1, 1, 1, 1, 1, 1, 1, 1, 1, 1, 1, 1, 1, 1, 1, 1, 1, 1, 1, 1, 0, 1, 1, 1, 1, 1, 1, 1, 1, 1, 1], [0, 1, 1, 1, 1, 1, 1, 1, 1, 1, 1, 1, 1, 1, 1, 1, 1, 1, 1, 1, 1, 1, 1, 1, 1, 1, 1, 0, 1, 1, 1, 1, 1, 1, 1, 1, 1], [0, 1, 1, 1, 1, 1, 1, 1, 1, 1, 1, 1, 1, 1, 1, 1, 1, 1, 1, 1, 1, 1, 1, 1, 1, 1, 1, 1, 0, 1, 1, 1, 1, 1, 1, 1, 1], [0, 1, 1, 1, 1, 1, 1, 1, 1, 1, 1, 1, 1, 1, 1, 1, 1, 1, 1, 1, 1, 1, 1, 1, 1, 1, 1, 1, 1, 0, 1, 1, 1, 1, 1, 1, 1], [0, 1, 1, 1, 1, 1, 1, 1, 1, 1, 1, 1, 1, 1, 1, 1, 1, 1, 1, 1, 1, 1, 1, 1, 1, 1, 1, 1, 1, 1, 0, 1, 1, 1, 1, 1, 1], [0, 1, 1, 1, 1, 1, 1, 1, 1, 1, 1, 1, 1, 1, 1, 1, 1, 1, 1, 1, 1, 1, 1, 1, 1, 1, 1, 1, 1, 1, 1, 0, 1, 1, 1, 1, 1], [0, 1, 1, 1, 1, 1, 1, 1, 1, 1, 1, 1, 1, 1, 1, 1, 1, 1, 1, 1, 1, 1, 1, 1, 1, 1, 1, 1, 1, 1, 1, 1, 0, 1, 1, 1, 1], [0, 1, 1, 1, 1, 1, 1, 1, 1, 1, 1, 1, 1, 1, 1, 1, 1, 1, 1, 1, 1, 1, 1, 1, 1, 1, 1, 1, 1, 1, 1, 1, 1, 0, 1, 1, 1], [0, 1, 1, 1, 1, 1, 1, 1, 1, 1, 1, 1, 1, 1, 1, 1, 1, 1, 1, 1, 1, 1, 1, 1, 1, 1, 1, 1, 1, 1, 1, 1, 1, 1, 0, 1, 1], [0, 1, 1, 1, 1, 1, 1, 1, 1, 1, 1, 1, 1, 1, 1, 1, 1, 1, 1, 1, 1, 1, 1, 1, 1, 1, 1, 1, 1, 1, 1, 1, 1, 1, 1, 0, 1], [0, 0, 0, 0, 0, 0, 0, 0, 0, 0, 0, 0, 0, 0, 0, 0, 0, 0, 0, 0, 0, 0, 0, 0, 0, 0, 0, 0, 0, 0, 0, 0, 0, 0, 0, 0, 0]], "vertex_count": 37}, "distances": [[0.0, 20.85, 9.34, 4.86, 8.54, 9.6, 9.36, 5.31, 14.83, 10.46, 10.04, 24.6, 9.62, 6.49, 4.3, 9.87, 4.17, 6.36, 15.63, 13.07, 10.51, 10.63, 5.29, 13.12, 5.71, 10.21, 7.0, 7.36, 17.32, 21.22, 10.37, 4.68, 12.32, 7.29, 6.91, 9.1, 8.33], [20.85, 0.0, 30.07, 18.69, 22.5, 19.37, 11.49, 19.32, 33.25, 21.05, 22.25, 8.01, 22.78, 24.87, 24.45, 20.88, 22.18, 16.9, 35.46, 14.63, 20.85, 19.1, 26.06, 10.54, 16.06, 10.92, 24.47, 26.95, 9.63, 6.87, 20.68, 24.64, 30.71, 18.82, 14.0, 21.13, 20.85], [9.34, 30.07, 0.0, 12.01, 8.14, 11.06, 18.6, 13.12, 8.52, 9.06, 9.13, 33.89, 8.83, 6.88, 5.76, 9.88, 8.53, 13.98, 10.16, 21.51, 9.22, 11.57, 11.73, 21.39, 14.89, 19.23, 7.91, 7.34, 25.33, 29.69, 10.6, 5.7, 7.11, 14.92, 16.08, 9.34, 9.34], [4.86, 18.69, 12.01, 0.0, 6.82, 10.68, 7.84, 8.97, 14.73, 10.18, 7.83, 23.84, 8.3, 6.19, 6.27, 6.39, 9.03, 9.8, 20.0, 14.83, 11.76, 5.93, 8.39, 9.38, 7.23, 7.82, 5.87, 12.08, 13.34, 17.68, 7.3, 6.32, 12.15, 10.66, 5.42, 5.87, 4.86], [8.54, 22.5, 8.14, 6.82, 0.0, 5.72, 11.05, 5.21, 14.65, 9.41, 9.69, 25.8, 9.53, 7.01, 4.24, 9.8, 5.35, 8.4, 13.63, 13.51, 9.46, 10.85, 4.24, 15.12, 6.8, 12.05, 7.77, 5.32, 19.34, 23.16, 10.86, 4.69, 12.27, 7.16, 8.72, 9.03, 8.54], [9.6, 19.37, 11.06, 10.68, 5.72, 0.0, 8.25, 8.22, 14.31, 9.38, 6.78, 24.23, 7.23, 5.61, 5.3, 5.39, 9.93, 10.11, 18.88, 14.59, 11.19, 5.13, 7.34, 10.35, 6.89, 8.45, 5.48, 10.96, 14.37, 18.64, 6.35, 5.39, 11.71, 10.0, 5.73, 4.81, 9.6], [9.36, 11.49, 18.6, 7.84, 11.05, 8.25, 0.0, 8.74, 22.54, 9.66, 10.95, 16.0, 11.5, 13.87, 13.05, 9.49, 11.05, 6.49, 24.34, 9.18, 9.38, 7.75, 14.57, 6.01, 5.17, 10.27, 13.68, 15.78, 9.9, 12.67, 9.45, 13.28, 19.95, 9.04, 10.87, 9.68, 9.36], [5.31, 19.32, 13.12, 8.97, 5.21, 8.22, 8.74, 0.0, 19.83, 7.21, 12.06, 21.42, 4.31, 11.77, 9.3, 13.61, 9.44, 9.61, 16.19, 8.39, 6.36, 11.46, 9.41, 14.25, 10.08, 10.28, 12.31, 7.84, 18.42, 21.41, 12.07, 9.73, 17.41, 10.41, 7.32, 4.53, 5.31], [14.83, 33.25, 8.52, 14.73, 14.65, 14.31, 22.54, 19.83, 0.0, 13.46, 16.04, 38.54, 15.96, 8.74, 10.57, 16.11, 11.59, 16.39, 17.64, 27.9, 14.1, 17.38, 10.71, 23.17, 20.41, 22.52, 8.87, 15.69, 26.31, 31.08, 17.14, 10.16, 14.88, 21.8, 20.04, 15.36, 14.83], [10.46, 21.05, 9.06, 10.18, 9.41, 9.38, 9.66, 7.21, 13.46, 0.0, 4.85, 25.38, 5.23, 4.83, 10.58, 11.1, 10.38, 5.26, 16.56, 14.6, 9.7, 4.25, 5.17, 12.51, 6.97, 10.18, 5.17, 8.7, 16.6, 20.76, 4.86, 11.04, 10.89, 9.16, 7.09, 10.51, 10.46], [10.04, 22.25, 9.13, 7.83, 9.69, 6.78, 10.95, 12.06, 16.04, 4.85, 0.0, 25.1, 9.17, 8.53, 5.73, 11.3, 6.79, 9.21, 13.41, 12.38, 10.67, 9.1, 5.45, 15.51, 6.25, 12.13, 9.28, 4.86, 19.75, 23.36, 9.71, 6.19, 13.71, 5.86, 8.81, 10.53, 10.04], [24.6, 8.01, 33.89, 23.84, 25.8, 24.23, 16.0, 21.42, 38.54, 25.38, 25.1, 0.0, 25.55, 29.83, 28.71, 24.07, 26.99, 22.36, 37.26, 14.09, 24.94, 22.33, 29.86, 17.46, 19.01, 16.25, 29.68, 29.23, 17.47, 14.79, 23.51, 29.0, 35.94, 20.21, 18.5, 24.55, 24.6], [9.62, 22.78, 8.83, 8.3, 9.53, 7.23, 11.5, 4.31, 15.96, 5.23, 9.17, 25.55, 0.0, 8.67, 5.8, 10.74, 7.07, 9.72, 12.85, 12.69, 4.47, 9.47, 5.29, 16.07, 6.76, 12.69, 9.46, 4.3, 20.31, 23.92, 10.09, 6.25, 13.67, 6.1, 9.37, 8.85, 9.62], [6.49, 24.87, 6.88, 6.19, 7.01, 5.61, 13.87, 11.77, 8.74, 4.83, 8.53, 29.83, 8.67, 0.0, 10.79, 8.06, 10.05, 8.02, 16.5, 19.42, 5.57, 8.99, 4.84, 15.29, 11.79, 14.0, 10.0, 10.46, 18.95, 23.52, 9.18, 11.0, 6.14, 13.76, 11.33, 7.26, 6.49], [4.3, 24.45, 5.76, 6.27, 4.24, 5.3, 13.05, 9.3, 10.57, 10.58, 5.73, 28.71, 5.8, 10.79, 0.0, 5.56, 8.47, 8.23, 14.28, 17.35, 10.27, 6.85, 8.47, 15.64, 9.99, 13.55, 10.78, 7.57, 19.61, 23.93, 6.62, 8.92, 8.11, 11.29, 10.5, 4.8, 4.3], [9.87, 20.88, 9.88, 6.39, 9.8, 5.39, 9.49, 13.61, 16.11, 11.1, 11.3, 24.07, 10.74, 8.06, 5.56, 0.0, 5.9, 7.66, 14.95, 11.88, 11.15, 10.52, 5.93, 13.91, 5.07, 10.6, 8.65, 6.44, 18.15, 21.8, 9.72, 5.99, 13.67, 5.74, 7.27, 10.2, 9.87], [4.17, 22.18, 8.53, 9.03, 5.35, 9.93, 11.05, 9.44, 11.59, 10.38, 6.79, 26.99, 7.07, 10.05, 8.47, 5.9, 0.0, 5.52, 17.15, 16.73, 10.43, 6.47, 5.21, 12.93, 9.04, 11.27, 11.12, 9.93, 16.8, 21.22, 7.02, 8.85, 9.0, 11.39, 8.5, 5.12, 4.17], [6.36, 16.9, 13.98, 9.8, 8.4, 10.11, 6.49, 9.61, 16.39, 5.26, 9.21, 22.36, 9.72, 8.02, 8.23, 7.66, 5.52, 0.0, 21.8, 14.38, 5.6, 6.79, 10.32, 7.42, 7.19, 6.16, 7.58, 13.71, 11.4, 15.72, 8.4, 8.28, 13.83, 11.07, 4.38, 7.28, 6.36], [15.63, 35.46, 10.16, 20.0, 13.63, 18.88, 24.34, 16.19, 17.64, 16.56, 13.41, 37.26, 12.85, 16.5, 14.28, 14.95, 17.15, 21.8, 0.0, 23.33, 16.22, 16.62, 11.98, 28.75, 19.41, 25.54, 17.6, 8.57, 32.96, 36.74, 14.89, 14.48, 16.95, 17.09, 22.21, 14.96, 15.63], [13.07, 14.63, 21.51, 14.83, 13.51, 14.59, 9.18, 8.39, 27.9, 14.6, 12.38, 14.09, 12.69, 19.42, 17.35, 11.88, 16.73, 14.38, 23.33, 0.0, 13.86, 10.51, 17.75, 14.85, 7.72, 10.82, 19.71, 15.71, 18.06, 19.18, 10.97, 17.74, 25.39, 6.68, 10.15, 12.58, 13.07], [10.51, 20.85, 9.22, 11.76, 9.46, 11.19, 9.38, 6.36, 14.1, 9.7, 10.67, 24.94, 4.47, 5.57, 10.27, 11.15, 10.43, 5.6, 16.22, 13.86, 0.0, 12.39, 5.22, 12.65, 6.31, 10.05, 5.98, 8.15, 16.8, 20.85, 10.97, 10.73, 11.55, 8.31, 6.85, 10.56, 10.51], [10.63, 19.1, 11.57, 5.93, 10.85, 5.13, 7.75, 11.46, 17.38, 4.25, 9.1, 22.33, 9.47, 8.99, 6.85, 10.52, 6.47, 6.79, 16.62, 10.51, 12.39, 0.0, 7.56, 12.44, 9.19, 8.94, 9.41, 8.06, 16.68, 20.18, 9.11, 7.23, 14.88, 4.96, 5.63, 9.95, 10.63], [5.29, 26.06, 11.73, 8.39, 4.24, 7.34, 14.57, 9.41, 10.71, 5.17, 5.45, 29.86, 5.29, 4.84, 8.47, 5.93, 5.21, 10.32, 11.98, 17.75, 5.22, 7.56, 0.0, 17.66, 10.88, 15.27, 5.92, 5.73, 21.71, 25.93, 6.77, 8.93, 8.53, 11.31, 12.07, 5.34, 5.29], [13.12, 10.54, 21.39, 9.38, 15.12, 10.35, 6.01, 14.25, 23.17, 12.51, 15.51, 17.46, 16.07, 15.29, 15.64, 13.91, 12.93, 7.42, 28.75, 14.85, 12.65, 12.44, 17.66, 0.0, 10.75, 4.25, 14.68, 20.33, 4.25, 8.3, 14.25, 15.7, 20.71, 14.88, 6.95, 13.8, 13.12], [5.71, 16.06, 14.89, 7.23, 6.8, 6.89, 5.17, 10.08, 20.41, 6.97, 6.25, 19.01, 6.76, 11.79, 9.99, 5.07, 9.04, 7.19, 19.41, 7.72, 6.31, 9.19, 10.88, 10.75, 0.0, 6.71, 12.02, 10.88, 14.88, 17.84, 4.66, 10.35, 17.85, 4.23, 11.56, 5.55, 5.71], [10.21, 10.92, 19.23, 7.82, 12.05, 8.45, 10.27, 10.28, 22.52, 10.18, 12.13, 16.25, 12.69, 14.0, 13.55, 10.6, 11.27, 6.16, 25.54, 10.82, 10.05, 8.94, 15.27, 4.25, 6.71, 0.0, 13.67, 16.99, 8.2, 11.26, 10.71, 13.73, 19.95, 10.72, 10.54, 10.67, 10.21], [7.0, 24.47, 7.91, 5.87, 7.77, 5.48, 13.68, 12.31, 8.87, 5.17, 9.28, 29.68, 9.46, 10.0, 10.78, 8.65, 11.12, 7.58, 17.6, 19.71, 5.98, 9.41, 5.92, 14.68, 12.02, 13.67, 0.0, 11.48, 18.22, 22.85, 9.79, 10.87, 6.28, 14.28, 11.19, 7.85, 7.0], [7.36, 26.95, 7.34, 12.08, 5.32, 10.96, 15.78, 7.84, 15.69, 8.7, 4.86, 29.23, 4.3, 10.46, 7.57, 6.44, 9.93, 13.71, 8.57, 15.71, 8.15, 8.06, 5.73, 20.33, 10.88, 16.99, 11.48, 0.0, 24.57, 28.22, 6.33, 7.95, 13.85, 9.09, 13.68, 6.55, 7.36], [17.32, 9.63, 25.33, 13.34, 19.34, 14.37, 9.9, 18.42, 26.31, 16.6, 19.75, 17.47, 20.31, 18.95, 19.61, 18.15, 16.8, 11.4, 32.96, 18.06, 16.8, 16.68, 21.71, 4.25, 14.88, 8.2, 18.22, 24.57, 0.0, 4.82, 18.49, 19.63, 23.97, 18.93, 11.16, 18.03, 17.32], [21.22, 6.87, 29.69, 17.68, 23.16, 18.64, 12.67, 21.41, 31.08, 20.76, 23.36, 14.79, 23.92, 23.52, 23.93, 21.8, 21.22, 15.72, 36.74, 19.18, 20.85, 20.18, 25.93, 8.3, 17.84, 11.26, 22.85, 28.22, 4.82, 0.0, 21.96, 24.0, 28.71, 21.53, 14.55, 21.8, 21.22], [10.37, 20.68, 10.6, 7.3, 10.86, 6.35, 9.45, 12.07, 17.14, 4.86, 9.71, 23.51, 10.09, 9.18, 6.62, 9.72, 7.02, 8.4, 14.89, 10.97, 10.97, 9.11, 6.77, 14.25, 4.66, 10.71, 9.79, 6.33, 18.49, 21.96, 0.0, 7.06, 14.72, 4.67, 7.43, 10.21, 10.37], [4.68, 24.64, 5.7, 6.32, 4.69, 5.39, 13.28, 9.73, 10.16, 11.04, 6.19, 29.0, 6.25, 11.0, 8.92, 5.99, 8.85, 8.28, 14.48, 17.74, 10.73, 7.23, 8.93, 15.7, 10.35, 13.73, 10.87, 7.95, 19.63, 24.0, 7.06, 0.0, 7.69, 11.72, 10.72, 5.22, 4.68], [12.32, 30.71, 7.11, 12.15, 12.27, 11.71, 19.95, 17.41, 14.88, 10.89, 13.71, 35.94, 13.67, 6.14, 8.11, 13.67, 9.0, 13.83, 16.95, 25.39, 11.55, 14.88, 8.53, 20.71, 17.85, 19.95, 6.28, 13.85, 23.97, 28.71, 14.72, 7.69, 0.0, 19.39, 17.44, 12.9, 12.32], [7.29, 18.82, 14.92, 10.66, 7.16, 10.0, 9.04, 10.41, 21.8, 9.16, 5.86, 20.21, 6.1, 13.76, 11.29, 5.74, 11.39, 11.07, 17.09, 6.68, 8.31, 4.96, 11.31, 14.88, 4.23, 10.72, 14.28, 9.09, 18.93, 21.53, 4.67, 11.72, 19.39, 0.0, 8.15, 6.53, 7.29], [6.91, 14.0, 16.08, 5.42, 8.72, 5.73, 10.87, 7.32, 20.04, 7.09, 8.81, 18.5, 9.37, 11.33, 10.5, 7.27, 8.5, 4.38, 22.21, 10.15, 6.85, 5.63, 12.07, 6.95, 11.56, 10.54, 11.19, 13.68, 11.16, 14.55, 7.43, 10.72, 17.44, 8.15, 0.0, 7.34, 6.91], [9.1, 21.13, 9.34, 5.87, 9.03, 4.81, 9.68, 4.53, 15.36, 10.51, 10.53, 24.55, 8.85, 7.26, 4.8, 10.2, 5.12, 7.28, 14.96, 12.58, 10.56, 9.95, 5.34, 13.8, 5.55, 10.67, 7.85, 6.55, 18.03, 21.8, 10.21, 5.22, 12.9, 6.53, 7.34, 0.0, 9.1], [8.33, 20.85, 9.34, 4.86, 8.54, 9.6, 9.36, 5.31, 14.83, 10.46, 10.04, 24.6, 9.62, 6.49, 4.3, 9.87, 4.17, 6.36, 15.63, 13.07, 10.51, 10.63, 5.29, 13.12, 5.71, 10.21, 7.0, 7.36, 17.32, 21.22, 10.37, 4.68, 12.32, 7.29, 6.91, 9.1, 0.0]], "end_depot": 36, "horizon": [0.0, 1127.94], "instance_name": "35_85_A_A2", "speed_zone_count": 3, "speed_zones": [[0.0, 375.98], [375.98, 751.96], [751.96, 1127.94]], "start_depot": 0, "vehicle_count": 35}