{"cluster_count": 3, "cluster_speeds": [[0.22, 0.44, 0.22], [0.24, 0.6, 0.24], [0.39425, 0.83, 0.39425]], "clusters": [[-1, 0, 0, 0, 0, 0, 0, 0, 0, 0, 0, 0, 0, 0, 0, 0, 0, 0, 0, 0, 0, 0, 0, 0, 0, 0, 0, 0, 0, 0, 0, 0, 0, 0, 0, 0, 0], [0, -1, 0, 0, 0, 0, 0, 0, 0, 0, 0, 0, 0, 0, 0, 0, 0, 0, 0, 0, 0, 0, 0, 0, 0, 0, 0, 0, 0, 0, 0, 0, 0, 0, 0, 0, 0], [0, 0, -1, 0, 0, 0, 0, 0, 0, 0, 0, 0, 0, 0, 0, 0, 0, 0, 0, 0, 0, 0, 0, 0, 0, 0, 0, 0, 0, 0, 0, 0, 0, 0, 0, 0, 0], [0, 0, 0, -1, 0, 0, 0, 0, 0, 0, 0, 0, 0, 0, 0, 0, 0, 0, 0, 0, 0, 0, 0, 0, 0, 0, 0, 0, 0, 0, 0, 0, 0, 0, 0, 0, 0], [0, 0, 0, 0, -1, 0, 0, 0, 0, 0, 0, 0, 0, 0, 0, 0, 0, 0, 0, 0, 0, 0, 0, 0, 0, 0, 0, 0, 0, 0, 0, 0, 0, 0, 0, 0, 0], [0, 0, 0, 0, 0, -1, 0, 0, 0, 0, 0, 0, 0, 0, 0, 0, 0, 0, 0, 0, 0, 0, 0, 0, 0, 0, 0, 0, 0, 0, 0, 0, 0, 0, 0, 0, 0], [0, 0, 0, 0, 0, 0, -1, 0, 0, 0, 0, 0, 0, 0, 0, 0, 0, 0, 0, 0, 0, 0, 0, 0, 0, 0, 0, 0, 0, 0, 0, 0, 0, 0, 0, 0, 0], [0, 0, 0, 0, 0, 0, 0, -1, 0, 0, 0, 0, 0, 0, 0, 0, 0, 0, 0, 0, 0, 0, 0, 0, 0, 0, 0, 0, 0, 0, 0, 0, 0, 0, 0, 0, 0], [0, 0, 0, 0, 0, 0, 0, 0, -1, 0, 0, 0, 0, 0, 0, 0, 0, 0, 0, 0, 0, 0, 0, 0, 0, 0, 0, 0, 0, 0, 0, 0, 0, 0, 0, 0, 0], [0, 0, 0, 0, 0, 0, 0, 0, 0, -1, 0, 0, 0, 0, 0, 0, 0, 0, 0, 0, 0, 0, 0, 0, 0, 0, 0, 0, 0, 0, 0, 0, 0, 0, 0, 0, 0], [1, 1, 1, 1, 1, 1, 1, 1, 1, 1, -1, 1, 1, 1, 1, 1, 1, 1, 1, 1, 1, 1, 1, 1, 1, 1, 1, 1, 1, 1, 1, 1, 1, 1, 1, 1, 1], [0, 0, 0, 0, 0, 0, 0, 0, 0, 0, 0, -1, 0, 0, 0, 0, 0, 0, 0, 0, 0, 0, 0, 0, 0, 0, 0, 0, 0, 0, 0, 0, 0, 0, 0, 0, 0], [0, 0, 0, 0, 0, 0, 0, 0, 0, 0, 0, 0, -1, 0, 0, 0, 0, 0, 0, 0, 0, 0, 0, 0, 0, 0, 0, 0, 0, 0, 0, 0, 0, 0, 0, 0, 0], [0, 0, 0, 0, 0, 0, 0, 0, 0, 0, 0, 0, 0, -1, 0, 0, 0, 0, 0, 0, 0, 0, 0, 0, 0, 0, 0, 0, 0, 0, 0, 0, 0, 0, 0, 0, 0], [0, 0, 0, 0, 0, 0, 0, 0, 0, 0, 0, 0, 0, 0, -1, 0, 0, 0, 0, 0, 0, 0, 0, 0, 0, 0, 0, 0, 0, 0, 0, 0, 0, 0, 0, 0, 0], [0, 0, 0, 0, 0, 0, 0, 0, 0, 0, 0, 0, 0, 0, 0, -1, 0, 0, 0, 0, 0, 0, 0, 0, 0, 0, 0, 0, 0, 0, 0, 0, 0, 0, 0, 0, 0], [0, 0, 0, 0, 0, 0, 0, 0, 0, 0, 0, 0, 0, 0, 0, 0, -1, 0, 0, 0, 0, 0, 0, 0, 0, 0, 0, 0, 0, 0, 0, 0, 0, 0, 0, 0, 0], [1, 1, 1, 1, 1, 1, 1, 1, 1, 1, 1, 1, 1, 1, 1, 1, 1, -1, 1, 1, 1, 1, 1, 1, 1, 1, 1, 1, 1, 1, 1, 1, 1, 1, 1, 1, 1], [0, 0, 0, 0, 0, 0, 0, 0, 0, 0, 0, 0, 0, 0, 0, 0, 0, 0, -1, 0, 0, 0, 0, 0, 0, 0, 0, 0, 0, 0, 0, 0, 0, 0, 0, 0, 0], [0, 0, 0, 0, 0, 0, 0, 0, 0, 0, 0, 0, 0, 0, 0, 0, 0, 0, 0, -1, 0, 0, 0, 0, 0, 0, 0, 0, 0, 0, 0, 0, 0, 0, 0, 0, 0], [0, 0, 0, 0, 0, 0, 0, 0, 0, 0, 0, 0, 0, 0, 0, 0, 0, 0, 0, 0, -1, 0, 0, 0, 0, 0, 0, 0, 0, 0, 0, 0, 0, 0, 0, 0, 0], [0, 0, 0, 0, 0, 0, 0, 0, 0, 0, 0, 0, 0, 0, 0, 0, 0, 0, 0, 0, 0, -1, 0, 0, 0, 0, 0, 0, 0, 0, 0, 0, 0, 0, 0, 0, 0], [0, 0, 0, 0, 0, 0, 0, 0, 0, 0, 0, 0, 0, 0, 0, 0, 0, 0, 0, 0, 0, 0, -1, 0, 0, 0, 0, 0, 0, 0, 0, 0, 0, 0, 0, 0, 0], [0, 0, 0, 0, 0, 0, 0, 0, 0, 0, 0, 0, 0, 0, 0, 0, 0, 0, 0, 0, 0, 0, 0, -1, 0, 0, 0, 0, 0, 0, 0, 0, 0, 0, 0, 0, 0], [0, 0, 0, 0, 0, 0, 0, 0, 0, 0, 0, 0, 0, 0, 0, 0, 0, 0, 0, 0, 0, 0, 0, 0, -1, 0, 0, 0, 0, 0, 0, 0, 0, 0, 0, 0, 0], [0, 0, 0, 0, 0, 0, 0, 0, 0, 0, 0, 0, 0, 0, 0, 0, 0, 0, 0, 0, 0, 0, 0, 0, 0, -1, 0, 0, 0, 0, 0, 0, 0, 0, 0, 0, 0], [0, 0, 0, 0, 0, 0, 0, 0, 0, 0, 0, 0, 0, 0, 0, 0, 0, 0, 0, 0, 0, 0, 0, 0, 0, 0, -1, 0, 0, 0, 0, 0, 0, 0, 0, 0, 0], [0, 0, 0, 0, 0, 0, 0, 0, 0, 0, 0, 0, 0, 0, 0, 0, 0, 0, 0, 0, 0, 0, 0, 0, 0, 0, 0, -1, 0, 0, 0, 0, 0, 0, 0, 0, 0], [0, 0, 0, 0, 0, 0, 0, 0, 0, 0, 0, 0, 0, 0, 0, 0, 0, 0, 0, 0, 0, 0, 0, 0, 0, 0, 0, 0, -1, 0, 0, 0, 0, 0, 0, 0, 0], [0, 0, 0, 0, 0, 0, 0, 0, 0, 0, 0, 0, 0, 0, 0, 0, 0, 0, 0, 0, 0, 0, 0, 0, 0, 0, 0, 0, 0, -1, 0, 0, 0, 0, 0, 0, 0], [0, 0, 0, 0, 0, 0, 0, 0, 0, 0, 0, 0, 0, 0, 0, 0, 0, 0, 0, 0, 0, 0, 0, 0, 0, 0, 0, 0, 0, 0, -1, 0, 0, 0, 0, 0, 0], [0, 0, 0, 0, 0, 0, 0, 0, 0, 0, 0, 0, 0, 0, 0, 0, 0, 0, 0, 0, 0, 0, 0, 0, 0, 0, 0, 0, 0, 0, 0, -1, 0, 0, 0, 0, 0], [0, 0, 0, 0, 0, 0, 0, 0, 0, 0, 0, 0, 0, 0, 0, 0, 0, 0, 0, 0, 0, 0, 0, 0, 0, 0, 0, 0, 0, 0, 0, 0, -1, 0, 0, 0, 0], [0, 0, 0, 0, 0, 0, 0, 0, 0, 0, 0, 0, 0, 0, 0, 0, 0, 0, 0, 0, 0, 0, 0, 0, 0, 0, 0, 0, 0, 0, 0, 0, 0, -1, 0, 0, 0], [0, 0, 0, 0, 0, 0, 0, 0, 0, 0, 0, 0, 0, 0, 0, 0, 0, 0, 0, 0, 0, 0, 0, 0, 0, 0, 0, 0, 0, 0, 0, 0, 0, 0, -1, 0, 0], [0, 0, 0, 0, 0, 0, 0, 0, 0, 0, 0, 0, 0, 0, 0, 0, 0, 0, 0, 0, 0, 0, 0, 0, 0, 0, 0, 0, 0, 0, 0, 0, 0, 0, 0, -1, 0], [0, 0, 0, 0, 0, 0, 0, 0, 0, 0, 0, 0, 0, 0, 0, 0, 0, 0, 0, 0, 0, 0, 0, 0, 0, 0, 0, 0, 0, 0, 0, 0, 0, 0, 0, 0, -1]], "dataset_name": "cordeau_et_al_2014", "digraph": {"arc_count": 1260, "arcs": [[0, 1, 1, 1, 1, 1, 1, 1, 1, 1, 1, 1, 1, 1, 1, 1, 1, 1, 1, 1, 1, 1, 1, 1, 1, 1, 1, 1, 1, 1, 1, 1, 1, 1, 1, 1, 0], [0, 0, 1, 1, 1, 1, 1, 1, 1, 1, 1, 1, 1, 1, 1, 1, 1, 1, 1, 1, 1, 1, 1, 1, 1, 1, 1, 1, 1, 1, 1, 1, 1, 1, 1, 1, 1], [0, 1, 0, 1, 1, 1, 1, 1, 1, 1, 1, 1, 1, 1, 1, 1, 1, 1, 1, 1, 1, 1, 1, 1, 1, 1, 1, 1, 1, 1, 1, 1, 1, 1, 1, 1, 1], [0, 1, 1, 0, 1, 1, 1, 1, 1, 1, 1, 1, 1, 1, 1, 1, 1, 1, 1, 1, 1, 1, 1, 1, 1, 1, 1, 1, 1, 1, 1, 1, 1, 1, 1, 1, 1], [0, 1, 1, 1, 0, 1, 1, 1, 1, 1, 1, 1, 1, 1, 1, 1, 1, 1, 1, 1, 1, 1, 1, 1, 1, 1, 1, 1, 1, 1, 1, 1, 1, 1, 1, 1, 1], [0, 1, 1, 1, 1, 0, 1, 1, 1, 1, 1, 1, 1, 1, 1, 1, 1, 1, 1, 1, 1, 1, 1, 1, 1, 1, 1, 1, 1, 1, 1, 1, 1, 1, 1, 1, 1], [0, 1, 1, 1, 1, 1, 0, 1, 1, 1, 1, 1, 1, 1, 1, 1, 1, 1, 1, 1, 1, 1, 1, 1, 1, 1, 1, 1, 1, 1, 1, 1, 1, 1, 1, 1, 1], [0, 1, 1, 1, 1, 1, 1, 0, 1, 1, 1, 1, 1, 1, 1, 1, 1, 1, 1, 1, 1, 1, 1, 1, 1, 1, 1, 1, 1, 1, 1, 1, 1, 1, 1, 1, 1], [0, 1, 1, 1, 1, 1, 1, 1, 0, 1, 1, 1, 1, 1, 1, 1, 1, 1, 1, 1, 1, 1, 1, 1, 1, 1, 1, 1, 1, 1, 1, 1, 1, 1, 1, 1, 1], [0, 1, 1, 1, 1, 1, 1, 1, 1, 0, 1, 1, 1, 1, 1, 1, 1, 1, 1, 1, 1, 1, 1, 1, 1, 1, 1, 1, 1, 1, 1, 1, 1, 1, 1, 1, 1], [0, 1, 1, 1, 1, 1, 1, 1, 1, 1, 0, 1, 1, 1, 1, 1, 1, 1, 1, 1, 1, 1, 1, 1, 1, 1, 1, 1, 1, 1, 1, 1, 1, 1, 1, 1, 1], [0, 1, 1, 1, 1, 1, 1, 1, 1, 1, 1, 0, 1, 1, 1, 1, 1, 1, 1, 1, 1, 1, 1, 1, 1, 1, 1, 1, 1, 1, 1, 1, 1, 1, 1, 1, 1], [0, 1, 1, 1, 1, 1, 1, 1, 1, 1, 1, 1, 0, 1, 1, 1, 1, 1, 1, 1, 1, 1, 1, 1, 1, 1, 1, 1, 1, 1, 1, 1, 1, 1, 1, 1, 1], [0, 1, 1, 1, 1, 1, 1, 1, 1, 1, 1, 1, 1, 0, 1, 1, 1, 1, 1, 1, 1, 1, 1, 1, 1, 1, 1, 1, 1, 1, 1, 1, 1, 1, 1, 1, 1], [0, 1, 1, 1, 1, 1, 1, 1, 1, 1, 1, 1, 1, 1, 0, 1, 1, 1, 1, 1, 1, 1, 1, 1, 1, 1, 1, 1, 1, 1, 1, 1, 1, 1, 1, 1, 1], [0, 1, 1, 1, 1, 1, 1, 1, 1, 1, 1, 1, 1, 1, 1, 0, 1, 1, 1, 1, 1, 1, 1, 1, 1, 1, 1, 1, 1, 1, 1, 1, 1, 1, 1, 1, 1], [0, 1, 1, 1, 1, 1, 1, 1, 1, 1, 1, 1, 1, 1, 1, 1, 0, 1, 1, 1, 1, 1, 1, 1, 1, 1, 1, 1, 1, 1, 1, 1, 1, 1, 1, 1, 1], [0, 1, 1, 1, 1, 1, 1, 1, 1, 1, 1, 1, 1, 1, 1, 1, 1, 0, 1, 1, 1, 1, 1, 1, 1, 1, 1, 1, 1, 1, 1, 1, 1, 1, 1, 1, 1], [0, 1, 1, 1, 1, 1, 1, 1, 1, 1, 1, 1, 1, 1, 1, 1, 1, 1, 0, 1, 1, 1, 1, 1, 1, 1, 1, 1, 1, 1, 1, 1, 1, 1, 1, 1, 1], [0, 1, 1, 1, 1, 1, 1, 1, 1, 1, 1, 1, 1, 1, 1, 1, 1, 1, 1, 0, 1, 1, 1, 1, 1, 1, 1, 1, 1, 1, 1, 1, 1, 1, 1, 1, 1], [0, 1, 1, 1, 1, 1, 1, 1, 1, 1, 1, 1, 1, 1, 1, 1, 1, 1, 1, 1, 0, 1, 1, 1, 1, 1, 1, 1, 1, 1, 1, 1, 1, 1, 1, 1, 1], [0, 1, 1, 1, 1, 1, 1, 1, 1, 1, 1, 1, 1, 1, 1, 1, 1, 1, 1, 1, 1, 0, 1, 1, 1, 1, 1, 1, 1, 1, 1, 1, 1, 1, 1, 1, 1], [0, 1, 1, 1, 1, 1, 1, 1, 1, 1, 1, 1, 1, 1, 1, 1, 1, 1, 1, 1, 1, 1, 0, 1, 1, 1, 1, 1, 1, 1, 1, 1, 1, 1, 1, 1, 1], [0, 1, 1, 1, 1, 1, 1, 1, 1, 1, 1, 1, 1, 1, 1, 1, 1, 1, 1, 1, 1, 1, 1, 0, 1, 1, 1, 1, 1, 1, 1, 1, 1, 1, 1, 1, 1], [0, 1, 1, 1, 1, 1, 1, 1, 1, 1, 1, 1, 1, 1, 1, 1, 1, 1, 1, 1, 1, 1, 1, 1, 0, 1, 1, 1, 1, 1, 1, 1, 1, 1, 1, 1, 1], [0, 1, 1, 1, 1, 1, 1, 1, 1, 1, 1, 1, 1, 1, 1, 1, 1, 1, 1, 1, 1, 1, 1, 1, 1, 0, 1, 1, 1, 1, 1, 1, 1, 1, 1, 1, 1], [0, 1, 1, 1, 1, 1, 1, 1, 1, 1, 1, 1, 1, 1, 1, 1, 1, 1, 1, 1, 1, 1, 1, 1, 1, 1, 0, 1, 1, 1, 1, 1, 1, 1, 1, 1, 1], [0, 1, 1, 1, 1, 1, 1, 1, 1, 1, 1, 1, 1, 1, 1, 1, 1, 1, 1, 1, 1, 1, 1, 1, 1, 1, 1, 0, 1, 1, 1, 1, 1, 1, 1, 1, 1], [0, 1, 1, 1, 1, 1, 1, 1, 1, 1, 1, 1, 1, 1, 1, 1, 1, 1, 1, 1, 1, 1, 1, 1, 1, 1, 1, 1, 0, 1, 1, 1, 1, 1, 1, 1, 1], [0, 1, 1, 1, 1, 1, 1, 1, 1, 1, 1, 1, 1, 1, 1, 1, 1, 1, 1, 1, 1, 1, 1, 1, 1, 1, 1, 1, 1, 0, 1, 1, 1, 1, 1, 1, 1], [0, 1, 1, 1, 1, 1, 1, 1, 1, 1, 1, 1, 1, 1, 1, 1, 1, 1, 1, 1, 1, 1, 1, 1, 1, 1, 1, 1, 1, 1, 0, 1, 1, 1, 1, 1, 1], [0, 1, 1, 1, 1, 1, 1, 1, 1, 1, 1, 1, 1, 1, 1, 1, 1, 1, 1, 1, 1, 1, 1, 1, 1, 1, 1, 1, 1, 1, 1, 0, 1, 1, 1, 1, 1], [0, 1, 1, 1, 1, 1, 1, 1, 1, 1, 1, 1, 1, 1, 1, 1, 1, 1, 1, 1, 1, 1, 1, 1, 1, 1, 1, 1, 1, 1, 1, 1, 0, 1, 1, 1, 1], [0, 1, 1, 1, 1, 1, 1, 1, 1, 1, 1, 1, 1, 1, 1, 1, 1, 1, 1, 1, 1, 1, 1, 1, 1, 1, 1, 1, 1, 1, 1, 1, 1, 0, 1, 1, 1], [0, 1, 1, 1, 1, 1, 1, 1, 1, 1, 1, 1, 1, 1, 1, 1, 1, 1, 1, 1, 1, 1, 1, 1, 1, 1, 1, 1, 1, 1, 1, 1, 1, 1, 0, 1, 1], [0, 1, 1, 1, 1, 1, 1, 1, 1, 1, 1, 1, 1, 1, 1, 1, 1, 1, 1, 1, 1, 1, 1, 1, 1, 1, 1, 1, 1, 1, 1, 1, 1, 1, 1, 0, 1], [0, 0, 0, 0, 0, 0, 0, 0, 0, 0, 0, 0, 0, 0, 0, 0, 0, 0, 0, 0, 0, 0, 0, 0, 0, 0, 0, 0, 0, 0, 0, 0, 0, 0, 0, 0, 0]], "vertex_count": 37}, "distances": [[0.0, 10.52, 8.69, 5.38, 4.75, 10.6, 6.44, 10.78, 10.84, 6.63, 17.86, 4.45, 9.68, 7.39, 6.23, 11.7, 7.68, 17.72, 12.05, 6.86, 8.99, 6.05, 10.59, 11.17, 13.49, 12.85, 11.27, 8.61, 13.39, 6.89, 5.8, 7.7, 11.43, 12.89, 4.86, 14.07, 8.9], [10.52, 0.0, 10.56, 6.63, 9.43, 9.63, 4.9, 9.92, 12.23, 5.32, 18.92, 7.18, 8.24, 9.43, 5.91, 13.05, 7.2, 18.97, 10.1, 9.48, 11.51, 4.48, 11.45, 5.78, 11.93, 13.56, 13.69, 7.42, 11.56, 4.4, 8.24, 9.73, 11.13, 13.2, 10.71, 13.74, 10.52], [8.69, 10.56, 0.0, 4.22, 12.55, 19.23, 15.09, 9.56, 16.83, 9.6, 23.88, 6.4, 18.36, 12.48, 7.36, 10.67, 7.88, 9.49, 20.6, 4.74, 4.18, 9.98, 17.61, 9.08, 22.16, 6.54, 4.55, 10.05, 22.0, 14.91, 10.03, 12.76, 8.86, 20.48, 9.48, 22.28, 8.69], [5.38, 6.63, 4.22, 0.0, 8.51, 15.89, 11.41, 5.4, 15.39, 5.58, 22.55, 5.52, 14.75, 11.3, 11.59, 6.44, 4.5, 12.42, 16.73, 5.81, 6.85, 5.84, 15.6, 7.13, 18.5, 7.51, 8.29, 6.5, 18.19, 10.85, 11.18, 11.62, 7.13, 18.14, 5.26, 19.45, 5.38], [4.75, 9.43, 12.55, 8.51, 0.0, 8.6, 11.19, 13.4, 12.91, 5.91, 19.2, 9.2, 6.89, 10.7, 7.15, 14.85, 8.23, 20.68, 8.31, 11.56, 13.61, 4.96, 11.75, 7.51, 10.38, 15.06, 15.78, 7.89, 9.83, 10.57, 10.33, 10.97, 12.08, 13.03, 4.25, 13.06, 4.75], [10.6, 9.63, 19.23, 15.89, 8.6, 0.0, 4.83, 11.5, 9.45, 14.51, 13.06, 13.68, 11.66, 10.58, 15.52, 22.29, 16.73, 28.3, 4.63, 16.36, 18.62, 13.56, 7.11, 10.81, 11.22, 23.15, 21.09, 16.49, 4.76, 7.29, 15.91, 10.63, 20.63, 6.17, 12.77, 4.75, 10.6], [6.44, 4.9, 15.09, 11.41, 11.19, 4.83, 0.0, 6.7, 10.48, 9.68, 16.06, 10.34, 13.14, 9.5, 10.72, 17.86, 11.91, 23.82, 5.67, 12.99, 15.21, 8.73, 8.82, 7.81, 7.1, 18.47, 17.59, 11.68, 6.96, 9.3, 12.17, 9.69, 15.8, 9.55, 7.94, 9.29, 6.44], [10.78, 9.92, 9.56, 5.4, 13.4, 11.5, 6.7, 0.0, 13.95, 10.98, 20.76, 7.47, 9.98, 10.83, 14.46, 11.64, 5.26, 17.44, 11.54, 9.39, 11.2, 11.24, 13.31, 6.81, 13.57, 11.85, 13.17, 5.51, 13.06, 5.52, 7.9, 11.14, 9.18, 15.15, 10.66, 15.68, 10.78], [10.84, 12.23, 16.83, 15.39, 12.91, 9.45, 10.48, 13.95, 0.0, 17.32, 7.17, 10.47, 10.84, 4.36, 17.05, 20.56, 18.51, 26.25, 13.92, 12.39, 14.24, 16.6, 9.97, 8.26, 13.1, 22.68, 16.55, 19.37, 14.21, 13.37, 13.01, 12.89, 22.15, 5.31, 15.44, 8.48, 10.84], [6.63, 5.32, 9.6, 5.58, 5.91, 14.51, 9.68, 10.98, 17.32, 0.0, 24.17, 9.73, 12.78, 14.01, 11.24, 10.55, 10.08, 15.83, 13.78, 11.0, 12.36, 9.8, 16.73, 9.81, 16.11, 9.83, 13.86, 10.81, 15.36, 7.73, 9.3, 14.33, 6.22, 18.52, 10.16, 18.89, 6.63], [17.86, 18.92, 23.88, 22.55, 19.2, 13.06, 16.06, 20.76, 7.17, 24.17, 0.0, 17.58, 15.09, 11.43, 24.1, 27.64, 25.54, 33.22, 17.58, 19.32, 20.98, 23.38, 7.48, 15.42, 15.73, 29.83, 23.13, 26.25, 17.23, 19.09, 20.09, 11.14, 29.26, 6.89, 22.26, 9.33, 17.86], [4.45, 7.18, 6.4, 5.52, 9.2, 13.68, 10.34, 7.47, 10.47, 9.73, 17.58, 0.0, 13.28, 6.15, 8.36, 10.1, 9.68, 15.88, 16.0, 11.14, 4.95, 9.49, 11.22, 10.45, 17.03, 12.3, 7.41, 11.31, 17.2, 11.29, 10.25, 6.44, 12.65, 14.16, 8.41, 16.17, 4.45], [9.68, 8.24, 18.36, 14.75, 6.89, 11.66, 13.14, 9.98, 10.84, 12.78, 15.09, 13.28, 0.0, 11.18, 13.99, 21.19, 15.12, 27.16, 11.38, 15.97, 18.22, 11.82, 8.67, 10.54, 13.38, 21.79, 20.65, 14.69, 12.94, 5.28, 15.3, 11.29, 18.97, 8.21, 11.13, 6.91, 9.68], [7.39, 9.43, 12.48, 11.3, 10.7, 10.58, 9.5, 10.83, 4.36, 14.01, 11.43, 6.15, 11.18, 0.0, 13.37, 16.22, 14.81, 21.89, 14.34, 8.05, 9.96, 13.42, 5.61, 4.31, 14.35, 18.43, 12.33, 15.96, 15.07, 11.87, 8.66, 8.94, 18.26, 8.78, 12.23, 11.44, 7.39], [6.23, 5.91, 7.36, 11.59, 7.15, 15.52, 10.72, 14.46, 17.05, 11.24, 24.1, 8.36, 13.99, 13.37, 0.0, 8.35, 13.11, 13.81, 15.37, 9.21, 10.35, 10.39, 16.78, 9.06, 17.52, 7.97, 11.71, 9.87, 16.92, 9.27, 7.47, 13.69, 5.28, 18.89, 11.09, 19.63, 6.23], [11.7, 13.05, 10.67, 6.44, 14.85, 22.29, 17.86, 11.64, 20.56, 10.55, 27.64, 10.1, 21.19, 16.22, 8.35, 0.0, 8.19, 6.02, 23.13, 8.49, 7.56, 11.21, 21.24, 12.64, 24.95, 12.13, 6.87, 10.23, 24.61, 17.16, 7.56, 16.5, 7.36, 24.03, 11.1, 25.64, 11.7], [7.68, 7.2, 7.88, 4.5, 8.23, 16.73, 11.91, 5.26, 18.51, 10.08, 25.54, 9.68, 15.12, 14.81, 13.11, 8.19, 0.0, 13.27, 16.3, 10.31, 11.25, 10.34, 18.21, 10.5, 18.56, 7.25, 12.37, 10.77, 17.87, 10.21, 8.57, 15.13, 11.63, 20.28, 9.77, 20.94, 7.68], [17.72, 18.97, 9.49, 12.42, 20.68, 28.3, 23.82, 17.44, 26.25, 15.83, 33.22, 15.88, 27.16, 21.89, 13.81, 6.02, 13.27, 0.0, 28.98, 13.91, 12.4, 16.62, 27.1, 18.56, 30.89, 6.11, 10.72, 14.98, 30.49, 22.94, 13.3, 22.16, 10.91, 29.96, 16.72, 31.65, 17.72], [12.05, 10.1, 20.6, 16.73, 8.31, 4.63, 5.67, 11.54, 13.92, 13.78, 17.58, 16.0, 11.38, 14.34, 15.37, 23.13, 16.3, 28.98, 0.0, 18.66, 20.89, 12.84, 11.66, 13.4, 12.77, 23.33, 23.26, 15.47, 9.39, 6.1, 17.82, 14.46, 19.98, 10.72, 12.42, 8.65, 12.05], [6.86, 9.48, 4.74, 5.81, 11.56, 16.36, 12.99, 9.39, 12.39, 11.0, 19.32, 11.14, 15.97, 8.05, 9.21, 8.49, 10.31, 13.91, 18.66, 0.0, 8.92, 10.97, 13.47, 5.56, 19.72, 11.2, 4.73, 12.24, 19.88, 13.76, 10.21, 8.29, 12.59, 16.52, 10.03, 18.7, 6.86], [8.99, 11.51, 4.18, 6.85, 13.61, 18.62, 15.21, 11.2, 14.24, 12.36, 20.98, 4.95, 18.22, 9.96, 10.35, 7.56, 11.25, 12.4, 20.89, 8.92, 0.0, 12.47, 15.5, 7.81, 21.98, 10.64, 8.74, 13.32, 22.12, 15.85, 13.18, 10.18, 12.9, 18.6, 11.65, 20.87, 8.99], [6.05, 4.48, 9.98, 5.84, 4.96, 13.56, 8.73, 11.24, 16.6, 9.8, 23.38, 9.49, 11.82, 13.42, 10.39, 11.21, 10.34, 16.62, 12.84, 10.97, 12.47, 0.0, 15.92, 9.3, 15.15, 10.68, 14.11, 11.77, 14.41, 6.77, 9.31, 13.74, 7.18, 17.64, 9.21, 17.95, 6.05], [10.59, 11.45, 17.61, 15.6, 11.75, 7.11, 8.82, 13.31, 9.97, 16.73, 7.48, 11.22, 8.67, 5.61, 16.78, 21.24, 18.21, 27.1, 11.66, 13.47, 15.5, 15.92, 0.0, 8.61, 10.69, 23.06, 17.91, 18.81, 11.85, 11.83, 13.8, 5.45, 22.01, 13.28, 14.81, 6.15, 10.59], [11.17, 5.78, 9.08, 7.13, 7.51, 10.81, 7.81, 6.81, 8.26, 9.81, 15.42, 10.45, 10.54, 4.31, 9.06, 12.64, 10.5, 18.56, 13.4, 5.56, 7.81, 9.3, 8.61, 0.0, 14.24, 14.49, 10.29, 11.71, 14.51, 9.28, 5.37, 4.63, 13.98, 11.4, 8.11, 13.28, 11.17], [13.49, 11.93, 22.16, 18.5, 10.38, 11.22, 7.1, 13.57, 13.1, 16.11, 15.73, 17.03, 13.38, 14.35, 17.52, 24.95, 18.56, 30.89, 12.77, 19.72, 21.98, 15.15, 10.69, 14.24, 0.0, 25.42, 24.42, 17.9, 14.06, 8.39, 19.09, 14.41, 22.33, 9.07, 14.61, 6.47, 13.49], [12.85, 13.56, 6.54, 7.51, 15.06, 23.15, 18.47, 11.85, 22.68, 9.83, 29.83, 12.3, 21.79, 18.43, 7.97, 12.13, 7.25, 6.11, 23.33, 11.2, 10.64, 10.68, 23.06, 14.49, 25.42, 0.0, 10.18, 8.88, 24.87, 17.23, 9.95, 18.73, 4.93, 25.65, 10.92, 26.91, 12.85], [11.27, 13.69, 4.55, 8.29, 15.78, 21.09, 17.59, 13.17, 16.55, 13.86, 23.13, 7.41, 20.65, 12.33, 11.71, 6.87, 12.37, 10.72, 23.26, 4.73, 8.74, 14.11, 17.91, 10.29, 24.42, 10.18, 0.0, 14.53, 24.53, 18.07, 5.48, 12.53, 13.32, 21.03, 13.42, 23.35, 11.27], [8.61, 7.42, 10.05, 6.5, 7.89, 16.49, 11.68, 5.51, 19.37, 10.81, 26.25, 11.31, 14.69, 15.96, 9.87, 10.23, 10.77, 14.98, 15.47, 12.24, 13.32, 11.77, 18.81, 11.71, 17.9, 8.88, 14.53, 0.0, 17.05, 9.52, 10.5, 16.28, 4.59, 20.61, 11.76, 20.92, 8.61], [13.39, 11.56, 22.0, 18.19, 9.83, 4.76, 6.96, 13.06, 14.21, 15.36, 17.23, 17.2, 12.94, 15.07, 16.92, 24.61, 17.87, 30.49, 9.39, 19.88, 22.12, 14.41, 11.85, 14.51, 14.06, 24.87, 24.53, 17.05, 0.0, 7.66, 19.12, 15.16, 21.55, 10.49, 13.97, 8.03, 13.39], [6.89, 4.4, 14.91, 10.85, 10.57, 7.29, 9.3, 5.52, 13.37, 7.73, 19.09, 11.29, 5.28, 11.87, 9.27, 17.16, 10.21, 22.94, 6.1, 13.76, 15.85, 6.77, 11.83, 9.28, 8.39, 17.23, 18.07, 9.52, 7.66, 0.0, 12.6, 12.11, 13.94, 12.53, 6.32, 11.98, 6.89], [5.8, 8.24, 10.03, 11.18, 10.33, 15.91, 12.17, 7.9, 13.01, 9.3, 20.09, 10.25, 15.3, 8.66, 7.47, 7.56, 8.57, 13.3, 17.82, 10.21, 13.18, 9.31, 13.8, 5.37, 19.09, 9.95, 5.48, 10.5, 19.12, 12.6, 0.0, 8.95, 10.94, 16.72, 8.43, 18.65, 5.8], [7.7, 9.73, 12.76, 11.62, 10.97, 10.63, 9.69, 11.14, 12.89, 14.33, 11.14, 6.44, 11.29, 8.94, 13.69, 16.5, 15.13, 22.16, 14.46, 8.29, 10.18, 13.74, 5.45, 4.63, 14.41, 18.73, 12.53, 16.28, 15.16, 12.11, 8.95, 0.0, 18.59, 8.64, 12.55, 11.35, 7.7], [11.43, 11.13, 8.86, 7.13, 12.08, 20.63, 15.8, 9.18, 22.15, 6.22, 29.26, 12.65, 18.97, 18.26, 5.28, 7.36, 11.63, 10.91, 19.98, 12.59, 12.9, 7.18, 22.01, 13.98, 22.33, 4.93, 13.32, 4.59, 21.55, 13.94, 10.94, 18.59, 0.0, 24.17, 7.86, 24.86, 11.43], [12.89, 13.2, 20.48, 18.14, 13.03, 6.17, 9.55, 15.15, 5.31, 18.52, 6.89, 14.16, 8.21, 8.78, 18.89, 24.03, 20.28, 29.96, 10.72, 16.52, 18.6, 17.64, 13.28, 11.4, 9.07, 25.65, 21.03, 20.61, 10.49, 12.53, 16.72, 8.64, 24.17, 0.0, 16.62, 10.92, 12.89], [4.86, 10.71, 9.48, 5.26, 4.25, 12.77, 7.94, 10.66, 15.44, 10.16, 22.26, 8.41, 11.13, 12.23, 11.09, 11.1, 9.77, 16.72, 12.42, 10.03, 11.65, 9.21, 14.81, 8.11, 14.61, 10.92, 13.42, 11.76, 13.97, 6.32, 8.43, 12.55, 7.86, 16.62, 0.0, 17.06, 4.86], [14.07, 13.74, 22.28, 19.45, 13.06, 4.75, 9.29, 15.68, 8.48, 18.89, 9.33, 16.17, 6.91, 11.44, 19.63, 25.64, 20.94, 31.65, 8.65, 18.7, 20.87, 17.95, 6.15, 13.28, 6.47, 26.91, 23.35, 20.92, 8.03, 11.98, 18.65, 11.35, 24.86, 10.92, 17.06, 0.0, 14.07], [8.9, 10.52, 8.69, 5.38, 4.75, 10.6, 6.44, 10.78, 10.84, 6.63, 17.86, 4.45, 9.68, 7.39, 6.23, 11.7, 7.68, 17.72, 12.05, 6.86, 8.99, 6.05, 10.59, 11.17, 13.49, 12.85, 11.27, 8.61, 13.39, 6.89, 5.8, 7.7, 11.43, 12.89, 4.86, 14.07, 0.0]], "end_depot": 36, "horizon": [0.0, 1069.02], "instance_name": "35_80_A_A1", "speed_zone_count": 3, "speed_zones": [[0.0, 356.34], [356.34, 712.68], [712.68, 1069.02]], "start_depot": 0, "vehicle_count": 35}