{"cluster_count": 3, "cluster_speeds": [[0.209, 0.44, 0.209], [0.291, 0.6, 0.291], [0.415, 0.83, 0.415]], "clusters": [[-1, 0, 0, 0, 0, 0, 0, 0, 0, 0, 0, 0, 0, 0, 0, 0, 0, 0, 0, 0, 0, 0, 0, 0, 0, 0, 0, 0, 0, 0, 0, 0, 0, 0, 0, 0, 0], [0, -1, 0, 0, 0, 0, 0, 0, 0, 0, 0, 0, 0, 0, 0, 0, 0, 0, 0, 0, 0, 0, 0, 0, 0, 0, 0, 0, 0, 0, 0, 0, 0, 0, 0, 0, 0], [0, 0, -1, 0, 0, 0, 0, 0, 0, 0, 0, 0, 0, 0, 0, 0, 0, 0, 0, 0, 0, 0, 0, 0, 0, 0, 0, 0, 0, 0, 0, 0, 0, 0, 0, 0, 0], [0, 0, 0, -1, 0, 0, 0, 0, 0, 0, 0, 0, 0, 0, 0, 0, 0, 0, 0, 0, 0, 0, 0, 0, 0, 0, 0, 0, 0, 0, 0, 0, 0, 0, 0, 0, 0], [0, 0, 0, 0, -1, 0, 0, 0, 0, 0, 0, 0, 0, 0, 0, 0, 0, 0, 0, 0, 0, 0, 0, 0, 0, 0, 0, 0, 0, 0, 0, 0, 0, 0, 0, 0, 0], [0, 0, 0, 0, 0, -1, 0, 0, 0, 0, 0, 0, 0, 0, 0, 0, 0, 0, 0, 0, 0, 0, 0, 0, 0, 0, 0, 0, 0, 0, 0, 0, 0, 0, 0, 0, 0], [0, 0, 0, 0, 0, 0, -1, 0, 0, 0, 0, 0, 0, 0, 0, 0, 0, 0, 0, 0, 0, 0, 0, 0, 0, 0, 0, 0, 0, 0, 0, 0, 0, 0, 0, 0, 0], [0, 0, 0, 0, 0, 0, 0, -1, 0, 0, 0, 0, 0, 0, 0, 0, 0, 0, 0, 0, 0, 0, 0, 0, 0, 0, 0, 0, 0, 0, 0, 0, 0, 0, 0, 0, 0], [0, 0, 0, 0, 0, 0, 0, 0, -1, 0, 0, 0, 0, 0, 0, 0, 0, 0, 0, 0, 0, 0, 0, 0, 0, 0, 0, 0, 0, 0, 0, 0, 0, 0, 0, 0, 0], [0, 0, 0, 0, 0, 0, 0, 0, 0, -1, 0, 0, 0, 0, 0, 0, 0, 0, 0, 0, 0, 0, 0, 0, 0, 0, 0, 0, 0, 0, 0, 0, 0, 0, 0, 0, 0], [0, 0, 0, 0, 0, 0, 0, 0, 0, 0, -1, 0, 0, 0, 0, 0, 0, 0, 0, 0, 0, 0, 0, 0, 0, 0, 0, 0, 0, 0, 0, 0, 0, 0, 0, 0, 0], [0, 0, 0, 0, 0, 0, 0, 0, 0, 0, 0, -1, 0, 0, 0, 0, 0, 0, 0, 0, 0, 0, 0, 0, 0, 0, 0, 0, 0, 0, 0, 0, 0, 0, 0, 0, 0], [0, 0, 0, 0, 0, 0, 0, 0, 0, 0, 0, 0, -1, 0, 0, 0, 0, 0, 0, 0, 0, 0, 0, 0, 0, 0, 0, 0, 0, 0, 0, 0, 0, 0, 0, 0, 0], [0, 0, 0, 0, 0, 0, 0, 0, 0, 0, 0, 0, 0, -1, 0, 0, 0, 0, 0, 0, 0, 0, 0, 0, 0, 0, 0, 0, 0, 0, 0, 0, 0, 0, 0, 0, 0], [0, 0, 0, 0, 0, 0, 0, 0, 0, 0, 0, 0, 0, 0, -1, 0, 0, 0, 0, 0, 0, 0, 0, 0, 0, 0, 0, 0, 0, 0, 0, 0, 0, 0, 0, 0, 0], [1, 1, 1, 1, 1, 1, 1, 1, 1, 1, 1, 1, 1, 1, 1, -1, 1, 1, 1, 1, 1, 1, 1, 1, 1, 1, 1, 1, 1, 1, 1, 1, 1, 1, 1, 1, 1], [1, 1, 1, 1, 1, 1, 1, 1, 1, 1, 1, 1, 1, 1, 1, 1, -1, 1, 1, 1, 1, 1, 1, 1, 1, 1, 1, 1, 1, 1, 1, 1, 1, 1, 1, 1, 1], [0, 0, 0, 0, 0, 0, 0, 0, 0, 0, 0, 0, 0, 0, 0, 0, 0, -1, 0, 0, 0, 0, 0, 0, 0, 0, 0, 0, 0, 0, 0, 0, 0, 0, 0, 0, 0], [0, 0, 0, 0, 0, 0, 0, 0, 0, 0, 0, 0, 0, 0, 0, 0, 0, 0, -1, 0, 0, 0, 0, 0, 0, 0, 0, 0, 0, 0, 0, 0, 0, 0, 0, 0, 0], [1, 1, 1, 1, 1, 1, 1, 1, 1, 1, 1, 1, 1, 1, 1, 1, 1, 1, 1, -1, 1, 1, 1, 1, 1, 1, 1, 1, 1, 1, 1, 1, 1, 1, 1, 1, 1], [0, 0, 0, 0, 0, 0, 0, 0, 0, 0, 0, 0, 0, 0, 0, 0, 0, 0, 0, 0, -1, 0, 0, 0, 0, 0, 0, 0, 0, 0, 0, 0, 0, 0, 0, 0, 0], [0, 0, 0, 0, 0, 0, 0, 0, 0, 0, 0, 0, 0, 0, 0, 0, 0, 0, 0, 0, 0, -1, 0, 0, 0, 0, 0, 0, 0, 0, 0, 0, 0, 0, 0, 0, 0], [0, 0, 0, 0, 0, 0, 0, 0, 0, 0, 0, 0, 0, 0, 0, 0, 0, 0, 0, 0, 0, 0, -1, 0, 0, 0, 0, 0, 0, 0, 0, 0, 0, 0, 0, 0, 0], [0, 0, 0, 0, 0, 0, 0, 0, 0, 0, 0, 0, 0, 0, 0, 0, 0, 0, 0, 0, 0, 0, 0, -1, 0, 0, 0, 0, 0, 0, 0, 0, 0, 0, 0, 0, 0], [0, 0, 0, 0, 0, 0, 0, 0, 0, 0, 0, 0, 0, 0, 0, 0, 0, 0, 0, 0, 0, 0, 0, 0, -1, 0, 0, 0, 0, 0, 0, 0, 0, 0, 0, 0, 0], [0, 0, 0, 0, 0, 0, 0, 0, 0, 0, 0, 0, 0, 0, 0, 0, 0, 0, 0, 0, 0, 0, 0, 0, 0, -1, 0, 0, 0, 0, 0, 0, 0, 0, 0, 0, 0], [1, 1, 1, 1, 1, 1, 1, 1, 1, 1, 1, 1, 1, 1, 1, 1, 1, 1, 1, 1, 1, 1, 1, 1, 1, 1, -1, 1, 1, 1, 1, 1, 1, 1, 1, 1, 1], [0, 0, 0, 0, 0, 0, 0, 0, 0, 0, 0, 0, 0, 0, 0, 0, 0, 0, 0, 0, 0, 0, 0, 0, 0, 0, 0, -1, 0, 0, 0, 0, 0, 0, 0, 0, 0], [1, 1, 1, 1, 1, 1, 1, 1, 1, 1, 1, 1, 1, 1, 1, 1, 1, 1, 1, 1, 1, 1, 1, 1, 1, 1, 1, 1, -1, 1, 1, 1, 1, 1, 1, 1, 1], [1, 1, 1, 1, 1, 1, 1, 1, 1, 1, 1, 1, 1, 1, 1, 1, 1, 1, 1, 1, 1, 1, 1, 1, 1, 1, 1, 1, 1, -1, 1, 1, 1, 1, 1, 1, 1], [0, 0, 0, 0, 0, 0, 0, 0, 0, 0, 0, 0, 0, 0, 0, 0, 0, 0, 0, 0, 0, 0, 0, 0, 0, 0, 0, 0, 0, 0, -1, 0, 0, 0, 0, 0, 0], [1, 1, 1, 1, 1, 1, 1, 1, 1, 1, 1, 1, 1, 1, 1, 1, 1, 1, 1, 1, 1, 1, 1, 1, 1, 1, 1, 1, 1, 1, 1, -1, 1, 1, 1, 1, 1], [1, 1, 1, 1, 1, 1, 1, 1, 1, 1, 1, 1, 1, 1, 1, 1, 1, 1, 1, 1, 1, 1, 1, 1, 1, 1, 1, 1, 1, 1, 1, 1, -1, 1, 1, 1, 1], [0, 0, 0, 0, 0, 0, 0, 0, 0, 0, 0, 0, 0, 0, 0, 0, 0, 0, 0, 0, 0, 0, 0, 0, 0, 0, 0, 0, 0, 0, 0, 0, 0, -1, 0, 0, 0], [0, 0, 0, 0, 0, 0, 0, 0, 0, 0, 0, 0, 0, 0, 0, 0, 0, 0, 0, 0, 0, 0, 0, 0, 0, 0, 0, 0, 0, 0, 0, 0, 0, 0, -1, 0, 0], [0, 0, 0, 0, 0, 0, 0, 0, 0, 0, 0, 0, 0, 0, 0, 0, 0, 0, 0, 0, 0, 0, 0, 0, 0, 0, 0, 0, 0, 0, 0, 0, 0, 0, 0, -1, 0], [0, 0, 0, 0, 0, 0, 0, 0, 0, 0, 0, 0, 0, 0, 0, 0, 0, 0, 0, 0, 0, 0, 0, 0, 0, 0, 0, 0, 0, 0, 0, 0, 0, 0, 0, 0, -1]], "dataset_name": "cordeau_et_al_2014", "digraph": {"arc_count": 1260, "arcs": [[0, 1, 1, 1, 1, 1, 1, 1, 1, 1, 1, 1, 1, 1, 1, 1, 1, 1, 1, 1, 1, 1, 1, 1, 1, 1, 1, 1, 1, 1, 1, 1, 1, 1, 1, 1, 0], [0, 0, 1, 1, 1, 1, 1, 1, 1, 1, 1, 1, 1, 1, 1, 1, 1, 1, 1, 1, 1, 1, 1, 1, 1, 1, 1, 1, 1, 1, 1, 1, 1, 1, 1, 1, 1], [0, 1, 0, 1, 1, 1, 1, 1, 1, 1, 1, 1, 1, 1, 1, 1, 1, 1, 1, 1, 1, 1, 1, 1, 1, 1, 1, 1, 1, 1, 1, 1, 1, 1, 1, 1, 1], [0, 1, 1, 0, 1, 1, 1, 1, 1, 1, 1, 1, 1, 1, 1, 1, 1, 1, 1, 1, 1, 1, 1, 1, 1, 1, 1, 1, 1, 1, 1, 1, 1, 1, 1, 1, 1], [0, 1, 1, 1, 0, 1, 1, 1, 1, 1, 1, 1, 1, 1, 1, 1, 1, 1, 1, 1, 1, 1, 1, 1, 1, 1, 1, 1, 1, 1, 1, 1, 1, 1, 1, 1, 1], [0, 1, 1, 1, 1, 0, 1, 1, 1, 1, 1, 1, 1, 1, 1, 1, 1, 1, 1, 1, 1, 1, 1, 1, 1, 1, 1, 1, 1, 1, 1, 1, 1, 1, 1, 1, 1], [0, 1, 1, 1, 1, 1, 0, 1, 1, 1, 1, 1, 1, 1, 1, 1, 1, 1, 1, 1, 1, 1, 1, 1, 1, 1, 1, 1, 1, 1, 1, 1, 1, 1, 1, 1, 1], [0, 1, 1, 1, 1, 1, 1, 0, 1, 1, 1, 1, 1, 1, 1, 1, 1, 1, 1, 1, 1, 1, 1, 1, 1, 1, 1, 1, 1, 1, 1, 1, 1, 1, 1, 1, 1], [0, 1, 1, 1, 1, 1, 1, 1, 0, 1, 1, 1, 1, 1, 1, 1, 1, 1, 1, 1, 1, 1, 1, 1, 1, 1, 1, 1, 1, 1, 1, 1, 1, 1, 1, 1, 1], [0, 1, 1, 1, 1, 1, 1, 1, 1, 0, 1, 1, 1, 1, 1, 1, 1, 1, 1, 1, 1, 1, 1, 1, 1, 1, 1, 1, 1, 1, 1, 1, 1, 1, 1, 1, 1], [0, 1, 1, 1, 1, 1, 1, 1, 1, 1, 0, 1, 1, 1, 1, 1, 1, 1, 1, 1, 1, 1, 1, 1, 1, 1, 1, 1, 1, 1, 1, 1, 1, 1, 1, 1, 1], [0, 1, 1, 1, 1, 1, 1, 1, 1, 1, 1, 0, 1, 1, 1, 1, 1, 1, 1, 1, 1, 1, 1, 1, 1, 1, 1, 1, 1, 1, 1, 1, 1, 1, 1, 1, 1], [0, 1, 1, 1, 1, 1, 1, 1, 1, 1, 1, 1, 0, 1, 1, 1, 1, 1, 1, 1, 1, 1, 1, 1, 1, 1, 1, 1, 1, 1, 1, 1, 1, 1, 1, 1, 1], [0, 1, 1, 1, 1, 1, 1, 1, 1, 1, 1, 1, 1, 0, 1, 1, 1, 1, 1, 1, 1, 1, 1, 1, 1, 1, 1, 1, 1, 1, 1, 1, 1, 1, 1, 1, 1], [0, 1, 1, 1, 1, 1, 1, 1, 1, 1, 1, 1, 1, 1, 0, 1, 1, 1, 1, 1, 1, 1, 1, 1, 1, 1, 1, 1, 1, 1, 1, 1, 1, 1, 1, 1, 1], [0, 1, 1, 1, 1, 1, 1, 1, 1, 1, 1, 1, 1, 1, 1, 0, 1, 1, 1, 1, 1, 1, 1, 1, 1, 1, 1, 1, 1, 1, 1, 1, 1, 1, 1, 1, 1], [0, 1, 1, 1, 1, 1, 1, 1, 1, 1, 1, 1, 1, 1, 1, 1, 0, 1, 1, 1, 1, 1, 1, 1, 1, 1, 1, 1, 1, 1, 1, 1, 1, 1, 1, 1, 1], [0, 1, 1, 1, 1, 1, 1, 1, 1, 1, 1, 1, 1, 1, 1, 1, 1, 0, 1, 1, 1, 1, 1, 1, 1, 1, 1, 1, 1, 1, 1, 1, 1, 1, 1, 1, 1], [0, 1, 1, 1, 1, 1, 1, 1, 1, 1, 1, 1, 1, 1, 1, 1, 1, 1, 0, 1, 1, 1, 1, 1, 1, 1, 1, 1, 1, 1, 1, 1, 1, 1, 1, 1, 1], [0, 1, 1, 1, 1, 1, 1, 1, 1, 1, 1, 1, 1, 1, 1, 1, 1, 1, 1, 0, 1, 1, 1, 1, 1, 1, 1, 1, 1, 1, 1, 1, 1, 1, 1, 1, 1], [0, 1, 1, 1, 1, 1, 1, 1, 1, 1, 1, 1, 1, 1, 1, 1, 1, 1, 1, 1, 0, 1, 1, 1, 1, 1, 1, 1, 1, 1, 1, 1, 1, 1, 1, 1, 1], [0, 1, 1, 1, 1, 1, 1, 1, 1, 1, 1, 1, 1, 1, 1, 1, 1, 1, 1, 1, 1, 0, 1, 1, 1, 1, 1, 1, 1, 1, 1, 1, 1, 1, 1, 1, 1], [0, 1, 1, 1, 1, 1, 1, 1, 1, 1, 1, 1, 1, 1, 1, 1, 1, 1, 1, 1, 1, 1, 0, 1, 1, 1, 1, 1, 1, 1, 1, 1, 1, 1, 1, 1, 1], [0, 1, 1, 1, 1, 1, 1, 1, 1, 1, 1, 1, 1, 1, 1, 1, 1, 1, 1, 1, 1, 1, 1, 0, 1, 1, 1, 1, 1, 1, 1, 1, 1, 1, 1, 1, 1], [0, 1, 1, 1, 1, 1, 1, 1, 1, 1, 1, 1, 1, 1, 1, 1, 1, 1, 1, 1, 1, 1, 1, 1, 0, 1, 1, 1, 1, 1, 1, 1, 1, 1, 1, 1, 1], [0, 1, 1, 1, 1, 1, 1, 1, 1, 1, 1, 1, 1, 1, 1, 1, 1, 1, 1, 1, 1, 1, 1, 1, 1, 0, 1, 1, 1, 1, 1, 1, 1, 1, 1, 1, 1], [0, 1, 1, 1, 1, 1, 1, 1, 1, 1, 1, 1, 1, 1, 1, 1, 1, 1, 1, 1, 1, 1, 1, 1, 1, 1, 0, 1, 1, 1, 1, 1, 1, 1, 1, 1, 1], [0, 1, 1, 1, 1, 1, 1, 1, 1, 1, 1, 1, 1, 1, 1, 1, 1, 1, 1, 1, 1, 1, 1, 1, 1, 1, 1, 0, 1, 1, 1, 1, 1, 1, 1, 1, 1], [0, 1, 1, 1, 1, 1, 1, 1, 1, 1, 1, 1, 1, 1, 1, 1, 1, 1, 1, 1, 1, 1, 1, 1, 1, 1, 1, 1, 0, 1, 1, 1, 1, 1, 1, 1, 1], [0, 1, 1, 1, 1, 1, 1, 1, 1, 1, 1, 1, 1, 1, 1, 1, 1, 1, 1, 1, 1, 1, 1, 1, 1, 1, 1, 1, 1, 0, 1, 1, 1, 1, 1, 1, 1], [0, 1, 1, 1, 1, 1, 1, 1, 1, 1, 1, 1, 1, 1, 1, 1, 1, 1, 1, 1, 1, 1, 1, 1, 1, 1, 1, 1, 1, 1, 0, 1, 1, 1, 1, 1, 1], [0, 1, 1, 1, 1, 1, 1, 1, 1, 1, 1, 1, 1, 1, 1, 1, 1, 1, 1, 1, 1, 1, 1, 1, 1, 1, 1, 1, 1, 1, 1, 0, 1, 1, 1, 1, 1], [0, 1, 1, 1, 1, 1, 1, 1, 1, 1, 1, 1, 1, 1, 1, 1, 1, 1, 1, 1, 1, 1, 1, 1, 1, 1, 1, 1, 1, 1, 1, 1, 0, 1, 1, 1, 1], [0, 1, 1, 1, 1, 1, 1, 1, 1, 1, 1, 1, 1, 1, 1, 1, 1, 1, 1, 1, 1, 1, 1, 1, 1, 1, 1, 1, 1, 1, 1, 1, 1, 0, 1, 1, 1], [0, 1, 1, 1, 1, 1, 1, 1, 1, 1, 1, 1, 1, 1, 1, 1, 1, 1, 1, 1, 1, 1, 1, 1, 1, 1, 1, 1, 1, 1, 1, 1, 1, 1, 0, 1, 1], [0, 1, 1, 1, 1, 1, 1, 1, 1, 1, 1, 1, 1, 1, 1, 1, 1, 1, 1, 1, 1, 1, 1, 1, 1, 1, 1, 1, 1, 1, 1, 1, 1, 1, 1, 0, 1], [0, 0, 0, 0, 0, 0, 0, 0, 0, 0, 0, 0, 0, 0, 0, 0, 0, 0, 0, 0, 0, 0, 0, 0, 0, 0, 0, 0, 0, 0, 0, 0, 0, 0, 0, 0, 0]], "vertex_count": 37}, "distances": [[0.0, 5.8, 7.7, 11.43, 12.89, 4.86, 14.07, 4.31, 9.22, 14.91, 6.74, 10.23, 9.59, 12.19, 4.81, 22.97, 15.4, 5.3, 5.89, 16.72, 6.38, 11.02, 12.01, 12.9, 8.45, 5.0, 16.88, 6.63, 15.56, 19.02, 5.81, 16.56, 21.54, 13.56, 10.02, 13.01, 8.62], [5.8, 0.0, 8.95, 10.94, 16.72, 8.43, 18.65, 10.11, 9.23, 9.41, 12.42, 9.44, 15.35, 6.66, 10.6, 19.28, 20.02, 11.07, 11.56, 15.38, 7.69, 16.8, 6.23, 18.62, 12.62, 8.05, 13.51, 12.22, 13.95, 22.25, 9.16, 13.52, 15.82, 16.06, 7.58, 10.82, 5.8], [7.7, 8.95, 0.0, 18.59, 8.64, 12.55, 11.35, 6.39, 10.34, 17.5, 12.08, 17.22, 13.92, 14.91, 6.59, 28.23, 12.68, 10.48, 11.5, 23.63, 11.47, 14.82, 12.93, 14.69, 5.83, 12.7, 22.44, 9.0, 22.31, 13.47, 13.49, 22.39, 22.86, 7.16, 10.91, 19.37, 7.7], [11.43, 10.94, 18.59, 0.0, 24.17, 7.86, 24.86, 12.63, 11.47, 12.74, 13.71, 9.81, 16.29, 11.41, 12.69, 13.61, 26.09, 13.55, 13.12, 5.36, 17.2, 17.77, 14.02, 21.16, 19.73, 7.25, 8.02, 16.52, 4.45, 30.38, 7.35, 7.18, 19.1, 24.96, 9.18, 10.1, 11.43], [12.89, 16.72, 8.64, 24.17, 0.0, 16.62, 10.49, 14.05, 13.15, 25.85, 12.66, 23.07, 12.57, 23.17, 14.42, 35.64, 4.37, 11.72, 12.65, 29.52, 9.41, 12.53, 21.48, 10.2, 4.45, 17.09, 29.62, 8.56, 28.42, 6.3, 17.4, 29.37, 31.47, 10.63, 15.08, 25.9, 12.89], [4.86, 8.43, 12.55, 7.86, 16.62, 0.0, 17.06, 8.31, 13.72, 15.67, 6.08, 7.12, 8.94, 13.24, 8.68, 20.92, 18.26, 5.7, 5.39, 13.19, 11.24, 10.49, 14.22, 13.55, 12.25, 9.86, 14.9, 8.67, 12.3, 22.9, 10.67, 14.32, 22.57, 17.96, 10.09, 10.48, 4.86], [14.07, 18.65, 11.35, 24.86, 10.49, 17.06, 0.0, 16.05, 13.45, 27.98, 12.16, 23.91, 11.29, 25.25, 16.47, 37.04, 13.47, 11.61, 12.37, 30.22, 11.89, 10.87, 23.86, 7.85, 6.04, 17.63, 30.95, 8.43, 29.24, 7.21, 17.73, 30.61, 33.9, 7.26, 15.68, 26.97, 14.07], [4.31, 10.11, 6.39, 12.63, 14.05, 8.31, 16.05, 0.0, 8.01, 11.94, 11.0, 11.18, 13.77, 9.21, 9.12, 21.9, 17.43, 9.49, 10.17, 17.44, 5.08, 15.13, 8.2, 16.55, 10.01, 8.14, 16.05, 10.09, 16.07, 19.59, 9.19, 16.0, 18.12, 13.44, 7.03, 13.05, 4.31], [9.22, 9.23, 10.34, 11.47, 13.15, 13.72, 13.45, 8.01, 0.0, 17.82, 10.68, 10.65, 6.24, 15.18, 8.5, 24.32, 14.65, 10.52, 10.06, 16.81, 9.2, 7.76, 15.44, 10.31, 8.89, 4.22, 18.24, 5.05, 15.9, 19.45, 4.29, 17.73, 24.61, 14.85, 12.46, 13.93, 9.22], [14.91, 9.41, 17.5, 12.74, 25.85, 15.67, 27.98, 11.94, 17.82, 0.0, 21.04, 11.63, 24.05, 16.07, 11.51, 12.58, 29.37, 19.92, 20.19, 14.04, 16.49, 25.57, 5.0, 27.8, 21.94, 15.03, 8.85, 21.52, 12.61, 30.96, 15.99, 9.59, 6.9, 24.59, 15.6, 9.9, 14.91], [6.74, 12.42, 12.08, 13.71, 12.66, 6.08, 12.16, 11.0, 10.68, 21.04, 0.0, 13.14, 12.49, 18.42, 11.51, 26.99, 13.17, 10.24, 9.93, 18.89, 11.18, 4.55, 18.65, 7.48, 8.97, 6.78, 20.99, 10.36, 18.16, 18.83, 6.38, 20.39, 27.85, 15.15, 5.51, 16.55, 6.74], [10.23, 9.44, 17.22, 9.81, 23.07, 7.12, 23.91, 11.18, 10.65, 11.63, 13.14, 0.0, 15.85, 10.12, 11.23, 13.89, 25.17, 12.81, 12.48, 6.49, 15.83, 17.37, 12.61, 20.61, 18.62, 6.45, 8.01, 15.66, 5.35, 29.24, 6.76, 7.31, 18.18, 23.71, 8.26, 11.23, 10.23], [9.59, 15.35, 13.92, 16.29, 12.57, 8.94, 11.29, 13.77, 6.24, 24.05, 12.49, 15.85, 0.0, 21.42, 14.29, 29.74, 12.06, 4.3, 13.18, 21.31, 13.22, 10.03, 21.58, 5.01, 9.7, 9.65, 23.79, 5.0, 20.7, 18.37, 9.11, 23.15, 30.86, 15.68, 8.51, 19.3, 9.59], [12.19, 6.66, 14.91, 11.41, 23.17, 13.24, 25.25, 9.21, 15.18, 16.07, 18.42, 10.12, 21.42, 0.0, 8.79, 14.18, 26.64, 17.25, 17.56, 13.74, 13.85, 22.94, 12.89, 25.09, 19.21, 12.63, 9.46, 18.78, 12.24, 28.39, 13.64, 9.95, 9.43, 22.05, 13.04, 9.17, 12.19], [4.81, 10.6, 6.59, 12.69, 14.42, 8.68, 16.47, 9.12, 8.5, 11.51, 11.51, 11.23, 14.29, 8.79, 0.0, 21.65, 17.86, 10.01, 10.68, 17.42, 5.32, 15.65, 7.69, 17.07, 10.43, 8.48, 15.85, 10.61, 16.03, 19.89, 9.54, 15.83, 17.63, 13.69, 7.45, 12.97, 4.81], [22.97, 19.28, 28.23, 13.61, 35.64, 20.92, 37.04, 21.9, 24.32, 12.58, 26.99, 13.89, 29.74, 14.18, 21.65, 0.0, 38.37, 26.54, 26.31, 9.77, 26.97, 31.26, 17.34, 34.47, 31.29, 20.23, 6.1, 29.16, 9.6, 41.45, 20.64, 6.6, 14.0, 35.34, 21.84, 10.45, 22.97], [15.4, 20.02, 12.68, 26.09, 4.37, 18.26, 13.47, 17.43, 14.65, 29.37, 13.17, 25.17, 12.06, 26.64, 17.86, 38.37, 0.0, 12.74, 13.44, 31.44, 13.25, 11.49, 25.24, 8.17, 7.43, 18.84, 32.27, 9.6, 30.49, 6.93, 18.91, 31.92, 35.28, 8.14, 16.92, 28.26, 15.4], [5.3, 11.07, 10.48, 13.55, 11.72, 5.7, 11.61, 9.49, 10.52, 19.92, 10.24, 12.81, 4.3, 17.25, 10.01, 26.54, 12.74, 0.0, 9.43, 18.84, 9.55, 5.73, 17.29, 8.07, 7.75, 6.36, 20.47, 9.3, 18.0, 17.98, 6.23, 19.95, 26.67, 13.91, 4.73, 16.13, 5.3], [5.89, 11.56, 11.5, 13.12, 12.65, 5.39, 12.37, 10.17, 10.06, 20.19, 9.93, 12.48, 13.18, 17.56, 10.68, 26.31, 13.44, 9.43, 0.0, 18.35, 10.54, 5.39, 17.79, 8.17, 8.77, 6.08, 20.28, 11.2, 17.58, 18.88, 5.77, 19.71, 27.0, 14.94, 4.7, 15.87, 5.89], [16.72, 15.38, 23.63, 5.36, 29.52, 13.19, 30.22, 17.44, 16.81, 14.04, 18.89, 6.49, 21.31, 13.74, 17.42, 9.77, 31.44, 18.84, 18.35, 0.0, 22.24, 22.73, 16.88, 26.26, 25.07, 12.6, 6.06, 21.86, 9.82, 35.71, 12.61, 5.03, 19.17, 30.2, 14.54, 4.74, 16.72], [6.38, 7.69, 11.47, 17.2, 9.41, 11.24, 11.89, 5.08, 9.2, 16.49, 11.18, 15.83, 13.22, 13.85, 5.32, 26.97, 13.25, 9.55, 10.54, 22.24, 0.0, 14.23, 12.07, 14.45, 6.04, 11.37, 21.14, 8.44, 20.93, 14.59, 12.18, 21.07, 22.08, 8.37, 9.61, 18.01, 6.38], [11.02, 16.8, 14.82, 17.77, 12.53, 10.49, 10.87, 15.13, 7.76, 25.57, 4.55, 17.37, 10.03, 22.94, 15.65, 31.26, 11.49, 5.73, 5.39, 22.73, 14.23, 0.0, 23.02, 12.03, 10.16, 11.2, 25.32, 5.82, 22.16, 18.06, 10.64, 24.67, 32.37, 15.91, 10.06, 20.82, 11.02], [12.01, 6.23, 12.93, 14.02, 21.48, 14.22, 23.86, 8.2, 15.44, 5.0, 18.65, 12.61, 21.58, 12.89, 7.69, 17.34, 25.24, 17.29, 17.79, 16.88, 12.07, 23.02, 0.0, 24.72, 17.86, 13.72, 12.78, 18.27, 15.37, 26.27, 14.81, 13.27, 10.04, 19.88, 13.64, 12.22, 12.01], [12.9, 18.62, 14.69, 21.16, 10.2, 13.55, 7.85, 16.55, 10.31, 27.8, 7.48, 20.61, 5.01, 25.09, 17.07, 34.47, 8.17, 8.07, 8.17, 26.26, 14.45, 12.03, 24.72, 0.0, 9.17, 14.24, 28.44, 6.46, 25.6, 15.02, 13.86, 27.87, 34.43, 14.01, 12.78, 24.02, 12.9], [8.45, 12.62, 5.83, 19.73, 4.45, 12.25, 6.04, 10.01, 8.89, 21.94, 8.97, 18.62, 9.7, 19.21, 10.43, 31.29, 7.43, 7.75, 8.77, 25.07, 6.04, 10.16, 17.86, 9.17, 0.0, 12.7, 25.24, 4.9, 23.97, 10.68, 13.07, 24.97, 27.89, 6.18, 10.68, 21.46, 8.45], [5.0, 8.05, 12.7, 7.25, 17.09, 9.86, 17.63, 8.14, 4.22, 15.03, 6.78, 6.45, 9.65, 12.63, 8.48, 20.23, 18.84, 6.36, 6.08, 12.6, 11.37, 11.2, 13.72, 14.24, 12.7, 0.0, 14.21, 9.27, 11.68, 23.37, 8.52, 13.63, 21.93, 18.31, 10.78, 9.8, 5.0], [16.88, 13.51, 22.44, 8.02, 29.62, 14.9, 30.95, 16.05, 18.24, 8.85, 20.99, 8.01, 23.79, 9.46, 15.85, 6.1, 32.27, 20.47, 20.28, 6.06, 21.14, 25.32, 12.78, 28.44, 25.24, 14.21, 0.0, 23.06, 5.05, 35.5, 14.69, 11.09, 13.19, 29.48, 15.76, 4.55, 16.88], [6.63, 12.22, 9.0, 16.52, 8.56, 8.67, 8.43, 10.09, 5.05, 21.52, 10.36, 15.66, 5.0, 18.78, 10.61, 29.16, 9.6, 9.3, 11.2, 21.86, 8.44, 5.82, 18.27, 6.46, 4.9, 9.27, 23.06, 0.0, 20.94, 14.79, 9.31, 22.61, 28.04, 11.06, 7.4, 18.87, 6.63], [15.56, 13.95, 22.31, 4.45, 28.42, 12.3, 29.24, 16.07, 15.9, 12.61, 18.16, 5.35, 20.7, 12.24, 16.03, 9.6, 30.49, 18.0, 17.58, 9.82, 20.93, 22.16, 15.37, 25.6, 23.97, 11.68, 5.05, 20.94, 0.0, 34.58, 11.81, 11.63, 17.95, 28.97, 13.57, 9.6, 15.56], [19.02, 22.25, 13.47, 30.38, 6.3, 22.9, 7.21, 19.59, 19.45, 30.96, 18.83, 29.24, 18.37, 28.39, 19.89, 41.45, 6.93, 17.98, 18.88, 35.71, 14.59, 18.06, 26.27, 15.02, 10.68, 23.37, 35.5, 14.79, 34.58, 0.0, 23.7, 35.33, 36.01, 6.4, 21.35, 31.96, 19.02], [5.81, 9.16, 13.49, 7.35, 17.4, 10.67, 17.73, 9.19, 4.29, 15.99, 6.38, 6.76, 9.11, 13.64, 9.54, 20.64, 18.91, 6.23, 5.77, 12.61, 12.18, 10.64, 14.81, 13.86, 13.07, 8.52, 14.69, 9.31, 11.81, 23.7, 0.0, 14.05, 22.89, 18.84, 10.47, 10.2, 5.81], [16.56, 13.52, 22.39, 7.18, 29.37, 14.32, 30.61, 16.0, 17.73, 9.59, 20.39, 7.31, 23.15, 9.95, 15.83, 6.6, 31.92, 19.95, 19.71, 5.03, 21.07, 24.67, 13.27, 27.87, 24.97, 13.63, 11.09, 22.61, 11.63, 35.33, 14.05, 0.0, 14.19, 29.38, 15.26, 9.77, 16.56], [21.54, 15.82, 22.86, 19.1, 31.47, 22.57, 33.9, 18.12, 24.61, 6.9, 27.85, 18.18, 30.86, 9.43, 17.63, 14.0, 35.28, 26.67, 27.0, 19.17, 22.08, 32.37, 10.04, 34.43, 27.89, 21.93, 13.19, 28.04, 17.95, 36.01, 22.89, 14.19, 0.0, 29.62, 22.46, 15.85, 21.54], [13.56, 16.06, 7.16, 24.96, 10.63, 17.96, 7.26, 13.44, 14.85, 24.59, 15.15, 23.71, 15.68, 22.05, 13.69, 35.34, 8.14, 13.91, 14.94, 30.2, 8.37, 15.91, 19.88, 14.01, 6.18, 18.31, 29.48, 11.06, 28.97, 6.4, 18.84, 29.38, 29.62, 0.0, 16.32, 26.18, 13.56], [10.02, 7.58, 10.91, 9.18, 15.08, 10.09, 15.68, 7.03, 12.46, 15.6, 5.51, 8.26, 8.51, 13.04, 7.45, 21.84, 16.92, 4.73, 4.7, 14.54, 9.61, 10.06, 13.64, 12.78, 10.68, 10.78, 15.76, 7.4, 13.57, 21.35, 10.47, 15.26, 22.46, 16.32, 0.0, 11.48, 10.02], [13.01, 10.82, 19.37, 10.1, 25.9, 10.48, 26.97, 13.05, 13.93, 9.9, 16.55, 11.23, 19.3, 9.17, 12.97, 10.45, 28.26, 16.13, 15.87, 4.74, 18.01, 20.82, 12.22, 24.02, 21.46, 9.8, 4.55, 18.87, 9.6, 31.96, 10.2, 9.77, 15.85, 26.18, 11.48, 0.0, 13.01], [8.62, 5.8, 7.7, 11.43, 12.89, 4.86, 14.07, 4.31, 9.22, 14.91, 6.74, 10.23, 9.59, 12.19, 4.81, 22.97, 15.4, 5.3, 5.89, 16.72, 6.38, 11.02, 12.01, 12.9, 8.45, 5.0, 16.88, 6.63, 15.56, 19.02, 5.81, 16.56, 21.54, 13.56, 10.02, 13.01, 0.0]], "end_depot": 36, "horizon": [0.0, 1098.57], "instance_name": "35_95_B_A6", "speed_zone_count": 3, "speed_zones": [[0.0, 366.19], [366.19, 732.38], [732.38, 1098.57]], "start_depot": 0, "vehicle_count": 35}