{"cluster_count": 3, "cluster_speeds": [[0.22, 0.44, 0.22], [0.27, 0.6, 0.27], [0.39425, 0.83, 0.39425]], "clusters": [[-1, 0, 0, 0, 0, 0, 0, 0, 0, 0, 0, 0, 0, 0, 0, 0, 0, 0, 0, 0, 0, 0, 0, 0, 0, 0, 0, 0, 0, 0, 0, 0, 0, 0, 0, 0, 0], [0, -1, 0, 0, 0, 0, 0, 0, 0, 0, 0, 0, 0, 0, 0, 0, 0, 0, 0, 0, 0, 0, 0, 0, 0, 0, 0, 0, 0, 0, 0, 0, 0, 0, 0, 0, 0], [0, 0, -1, 0, 0, 0, 0, 0, 0, 0, 0, 0, 0, 0, 0, 0, 0, 0, 0, 0, 0, 0, 0, 0, 0, 0, 0, 0, 0, 0, 0, 0, 0, 0, 0, 0, 0], [1, 1, 1, -1, 1, 1, 1, 1, 1, 1, 1, 1, 1, 1, 1, 1, 1, 1, 1, 1, 1, 1, 1, 1, 1, 1, 1, 1, 1, 1, 1, 1, 1, 1, 1, 1, 1], [0, 0, 0, 0, -1, 0, 0, 0, 0, 0, 0, 0, 0, 0, 0, 0, 0, 0, 0, 0, 0, 0, 0, 0, 0, 0, 0, 0, 0, 0, 0, 0, 0, 0, 0, 0, 0], [0, 0, 0, 0, 0, -1, 0, 0, 0, 0, 0, 0, 0, 0, 0, 0, 0, 0, 0, 0, 0, 0, 0, 0, 0, 0, 0, 0, 0, 0, 0, 0, 0, 0, 0, 0, 0], [1, 1, 1, 1, 1, 1, -1, 1, 1, 1, 1, 1, 1, 1, 1, 1, 1, 1, 1, 1, 1, 1, 1, 1, 1, 1, 1, 1, 1, 1, 1, 1, 1, 1, 1, 1, 1], [0, 0, 0, 0, 0, 0, 0, -1, 0, 0, 0, 0, 0, 0, 0, 0, 0, 0, 0, 0, 0, 0, 0, 0, 0, 0, 0, 0, 0, 0, 0, 0, 0, 0, 0, 0, 0], [2, 2, 2, 2, 2, 2, 2, 2, -1, 2, 2, 2, 2, 2, 2, 2, 2, 2, 2, 2, 2, 2, 2, 2, 2, 2, 2, 2, 2, 2, 2, 2, 2, 2, 2, 2, 2], [0, 0, 0, 0, 0, 0, 0, 0, 0, -1, 0, 0, 0, 0, 0, 0, 0, 0, 0, 0, 0, 0, 0, 0, 0, 0, 0, 0, 0, 0, 0, 0, 0, 0, 0, 0, 0], [0, 0, 0, 0, 0, 0, 0, 0, 0, 0, -1, 0, 0, 0, 0, 0, 0, 0, 0, 0, 0, 0, 0, 0, 0, 0, 0, 0, 0, 0, 0, 0, 0, 0, 0, 0, 0], [0, 0, 0, 0, 0, 0, 0, 0, 0, 0, 0, -1, 0, 0, 0, 0, 0, 0, 0, 0, 0, 0, 0, 0, 0, 0, 0, 0, 0, 0, 0, 0, 0, 0, 0, 0, 0], [0, 0, 0, 0, 0, 0, 0, 0, 0, 0, 0, 0, -1, 0, 0, 0, 0, 0, 0, 0, 0, 0, 0, 0, 0, 0, 0, 0, 0, 0, 0, 0, 0, 0, 0, 0, 0], [1, 1, 1, 1, 1, 1, 1, 1, 1, 1, 1, 1, 1, -1, 1, 1, 1, 1, 1, 1, 1, 1, 1, 1, 1, 1, 1, 1, 1, 1, 1, 1, 1, 1, 1, 1, 1], [0, 0, 0, 0, 0, 0, 0, 0, 0, 0, 0, 0, 0, 0, -1, 0, 0, 0, 0, 0, 0, 0, 0, 0, 0, 0, 0, 0, 0, 0, 0, 0, 0, 0, 0, 0, 0], [2, 2, 2, 2, 2, 2, 2, 2, 2, 2, 2, 2, 2, 2, 2, -1, 2, 2, 2, 2, 2, 2, 2, 2, 2, 2, 2, 2, 2, 2, 2, 2, 2, 2, 2, 2, 2], [1, 1, 1, 1, 1, 1, 1, 1, 1, 1, 1, 1, 1, 1, 1, 1, -1, 1, 1, 1, 1, 1, 1, 1, 1, 1, 1, 1, 1, 1, 1, 1, 1, 1, 1, 1, 1], [0, 0, 0, 0, 0, 0, 0, 0, 0, 0, 0, 0, 0, 0, 0, 0, 0, -1, 0, 0, 0, 0, 0, 0, 0, 0, 0, 0, 0, 0, 0, 0, 0, 0, 0, 0, 0], [0, 0, 0, 0, 0, 0, 0, 0, 0, 0, 0, 0, 0, 0, 0, 0, 0, 0, -1, 0, 0, 0, 0, 0, 0, 0, 0, 0, 0, 0, 0, 0, 0, 0, 0, 0, 0], [0, 0, 0, 0, 0, 0, 0, 0, 0, 0, 0, 0, 0, 0, 0, 0, 0, 0, 0, -1, 0, 0, 0, 0, 0, 0, 0, 0, 0, 0, 0, 0, 0, 0, 0, 0, 0], [1, 1, 1, 1, 1, 1, 1, 1, 1, 1, 1, 1, 1, 1, 1, 1, 1, 1, 1, 1, -1, 1, 1, 1, 1, 1, 1, 1, 1, 1, 1, 1, 1, 1, 1, 1, 1], [0, 0, 0, 0, 0, 0, 0, 0, 0, 0, 0, 0, 0, 0, 0, 0, 0, 0, 0, 0, 0, -1, 0, 0, 0, 0, 0, 0, 0, 0, 0, 0, 0, 0, 0, 0, 0], [1, 1, 1, 1, 1, 1, 1, 1, 1, 1, 1, 1, 1, 1, 1, 1, 1, 1, 1, 1, 1, 1, -1, 1, 1, 1, 1, 1, 1, 1, 1, 1, 1, 1, 1, 1, 1], [1, 1, 1, 1, 1, 1, 1, 1, 1, 1, 1, 1, 1, 1, 1, 1, 1, 1, 1, 1, 1, 1, 1, -1, 1, 1, 1, 1, 1, 1, 1, 1, 1, 1, 1, 1, 1], [1, 1, 1, 1, 1, 1, 1, 1, 1, 1, 1, 1, 1, 1, 1, 1, 1, 1, 1, 1, 1, 1, 1, 1, -1, 1, 1, 1, 1, 1, 1, 1, 1, 1, 1, 1, 1], [0, 0, 0, 0, 0, 0, 0, 0, 0, 0, 0, 0, 0, 0, 0, 0, 0, 0, 0, 0, 0, 0, 0, 0, 0, -1, 0, 0, 0, 0, 0, 0, 0, 0, 0, 0, 0], [1, 1, 1, 1, 1, 1, 1, 1, 1, 1, 1, 1, 1, 1, 1, 1, 1, 1, 1, 1, 1, 1, 1, 1, 1, 1, -1, 1, 1, 1, 1, 1, 1, 1, 1, 1, 1], [0, 0, 0, 0, 0, 0, 0, 0, 0, 0, 0, 0, 0, 0, 0, 0, 0, 0, 0, 0, 0, 0, 0, 0, 0, 0, 0, -1, 0, 0, 0, 0, 0, 0, 0, 0, 0], [0, 0, 0, 0, 0, 0, 0, 0, 0, 0, 0, 0, 0, 0, 0, 0, 0, 0, 0, 0, 0, 0, 0, 0, 0, 0, 0, 0, -1, 0, 0, 0, 0, 0, 0, 0, 0], [0, 0, 0, 0, 0, 0, 0, 0, 0, 0, 0, 0, 0, 0, 0, 0, 0, 0, 0, 0, 0, 0, 0, 0, 0, 0, 0, 0, 0, -1, 0, 0, 0, 0, 0, 0, 0], [1, 1, 1, 1, 1, 1, 1, 1, 1, 1, 1, 1, 1, 1, 1, 1, 1, 1, 1, 1, 1, 1, 1, 1, 1, 1, 1, 1, 1, 1, -1, 1, 1, 1, 1, 1, 1], [1, 1, 1, 1, 1, 1, 1, 1, 1, 1, 1, 1, 1, 1, 1, 1, 1, 1, 1, 1, 1, 1, 1, 1, 1, 1, 1, 1, 1, 1, 1, -1, 1, 1, 1, 1, 1], [0, 0, 0, 0, 0, 0, 0, 0, 0, 0, 0, 0, 0, 0, 0, 0, 0, 0, 0, 0, 0, 0, 0, 0, 0, 0, 0, 0, 0, 0, 0, 0, -1, 0, 0, 0, 0], [1, 1, 1, 1, 1, 1, 1, 1, 1, 1, 1, 1, 1, 1, 1, 1, 1, 1, 1, 1, 1, 1, 1, 1, 1, 1, 1, 1, 1, 1, 1, 1, 1, -1, 1, 1, 1], [0, 0, 0, 0, 0, 0, 0, 0, 0, 0, 0, 0, 0, 0, 0, 0, 0, 0, 0, 0, 0, 0, 0, 0, 0, 0, 0, 0, 0, 0, 0, 0, 0, 0, -1, 0, 0], [0, 0, 0, 0, 0, 0, 0, 0, 0, 0, 0, 0, 0, 0, 0, 0, 0, 0, 0, 0, 0, 0, 0, 0, 0, 0, 0, 0, 0, 0, 0, 0, 0, 0, 0, -1, 0], [0, 0, 0, 0, 0, 0, 0, 0, 0, 0, 0, 0, 0, 0, 0, 0, 0, 0, 0, 0, 0, 0, 0, 0, 0, 0, 0, 0, 0, 0, 0, 0, 0, 0, 0, 0, -1]], "dataset_name": "cordeau_et_al_2014", "digraph": {"arc_count": 1260, "arcs": [[0, 1, 1, 1, 1, 1, 1, 1, 1, 1, 1, 1, 1, 1, 1, 1, 1, 1, 1, 1, 1, 1, 1, 1, 1, 1, 1, 1, 1, 1, 1, 1, 1, 1, 1, 1, 0], [0, 0, 1, 1, 1, 1, 1, 1, 1, 1, 1, 1, 1, 1, 1, 1, 1, 1, 1, 1, 1, 1, 1, 1, 1, 1, 1, 1, 1, 1, 1, 1, 1, 1, 1, 1, 1], [0, 1, 0, 1, 1, 1, 1, 1, 1, 1, 1, 1, 1, 1, 1, 1, 1, 1, 1, 1, 1, 1, 1, 1, 1, 1, 1, 1, 1, 1, 1, 1, 1, 1, 1, 1, 1], [0, 1, 1, 0, 1, 1, 1, 1, 1, 1, 1, 1, 1, 1, 1, 1, 1, 1, 1, 1, 1, 1, 1, 1, 1, 1, 1, 1, 1, 1, 1, 1, 1, 1, 1, 1, 1], [0, 1, 1, 1, 0, 1, 1, 1, 1, 1, 1, 1, 1, 1, 1, 1, 1, 1, 1, 1, 1, 1, 1, 1, 1, 1, 1, 1, 1, 1, 1, 1, 1, 1, 1, 1, 1], [0, 1, 1, 1, 1, 0, 1, 1, 1, 1, 1, 1, 1, 1, 1, 1, 1, 1, 1, 1, 1, 1, 1, 1, 1, 1, 1, 1, 1, 1, 1, 1, 1, 1, 1, 1, 1], [0, 1, 1, 1, 1, 1, 0, 1, 1, 1, 1, 1, 1, 1, 1, 1, 1, 1, 1, 1, 1, 1, 1, 1, 1, 1, 1, 1, 1, 1, 1, 1, 1, 1, 1, 1, 1], [0, 1, 1, 1, 1, 1, 1, 0, 1, 1, 1, 1, 1, 1, 1, 1, 1, 1, 1, 1, 1, 1, 1, 1, 1, 1, 1, 1, 1, 1, 1, 1, 1, 1, 1, 1, 1], [0, 1, 1, 1, 1, 1, 1, 1, 0, 1, 1, 1, 1, 1, 1, 1, 1, 1, 1, 1, 1, 1, 1, 1, 1, 1, 1, 1, 1, 1, 1, 1, 1, 1, 1, 1, 1], [0, 1, 1, 1, 1, 1, 1, 1, 1, 0, 1, 1, 1, 1, 1, 1, 1, 1, 1, 1, 1, 1, 1, 1, 1, 1, 1, 1, 1, 1, 1, 1, 1, 1, 1, 1, 1], [0, 1, 1, 1, 1, 1, 1, 1, 1, 1, 0, 1, 1, 1, 1, 1, 1, 1, 1, 1, 1, 1, 1, 1, 1, 1, 1, 1, 1, 1, 1, 1, 1, 1, 1, 1, 1], [0, 1, 1, 1, 1, 1, 1, 1, 1, 1, 1, 0, 1, 1, 1, 1, 1, 1, 1, 1, 1, 1, 1, 1, 1, 1, 1, 1, 1, 1, 1, 1, 1, 1, 1, 1, 1], [0, 1, 1, 1, 1, 1, 1, 1, 1, 1, 1, 1, 0, 1, 1, 1, 1, 1, 1, 1, 1, 1, 1, 1, 1, 1, 1, 1, 1, 1, 1, 1, 1, 1, 1, 1, 1], [0, 1, 1, 1, 1, 1, 1, 1, 1, 1, 1, 1, 1, 0, 1, 1, 1, 1, 1, 1, 1, 1, 1, 1, 1, 1, 1, 1, 1, 1, 1, 1, 1, 1, 1, 1, 1], [0, 1, 1, 1, 1, 1, 1, 1, 1, 1, 1, 1, 1, 1, 0, 1, 1, 1, 1, 1, 1, 1, 1, 1, 1, 1, 1, 1, 1, 1, 1, 1, 1, 1, 1, 1, 1], [0, 1, 1, 1, 1, 1, 1, 1, 1, 1, 1, 1, 1, 1, 1, 0, 1, 1, 1, 1, 1, 1, 1, 1, 1, 1, 1, 1, 1, 1, 1, 1, 1, 1, 1, 1, 1], [0, 1, 1, 1, 1, 1, 1, 1, 1, 1, 1, 1, 1, 1, 1, 1, 0, 1, 1, 1, 1, 1, 1, 1, 1, 1, 1, 1, 1, 1, 1, 1, 1, 1, 1, 1, 1], [0, 1, 1, 1, 1, 1, 1, 1, 1, 1, 1, 1, 1, 1, 1, 1, 1, 0, 1, 1, 1, 1, 1, 1, 1, 1, 1, 1, 1, 1, 1, 1, 1, 1, 1, 1, 1], [0, 1, 1, 1, 1, 1, 1, 1, 1, 1, 1, 1, 1, 1, 1, 1, 1, 1, 0, 1, 1, 1, 1, 1, 1, 1, 1, 1, 1, 1, 1, 1, 1, 1, 1, 1, 1], [0, 1, 1, 1, 1, 1, 1, 1, 1, 1, 1, 1, 1, 1, 1, 1, 1, 1, 1, 0, 1, 1, 1, 1, 1, 1, 1, 1, 1, 1, 1, 1, 1, 1, 1, 1, 1], [0, 1, 1, 1, 1, 1, 1, 1, 1, 1, 1, 1, 1, 1, 1, 1, 1, 1, 1, 1, 0, 1, 1, 1, 1, 1, 1, 1, 1, 1, 1, 1, 1, 1, 1, 1, 1], [0, 1, 1, 1, 1, 1, 1, 1, 1, 1, 1, 1, 1, 1, 1, 1, 1, 1, 1, 1, 1, 0, 1, 1, 1, 1, 1, 1, 1, 1, 1, 1, 1, 1, 1, 1, 1], [0, 1, 1, 1, 1, 1, 1, 1, 1, 1, 1, 1, 1, 1, 1, 1, 1, 1, 1, 1, 1, 1, 0, 1, 1, 1, 1, 1, 1, 1, 1, 1, 1, 1, 1, 1, 1], [0, 1, 1, 1, 1, 1, 1, 1, 1, 1, 1, 1, 1, 1, 1, 1, 1, 1, 1, 1, 1, 1, 1, 0, 1, 1, 1, 1, 1, 1, 1, 1, 1, 1, 1, 1, 1], [0, 1, 1, 1, 1, 1, 1, 1, 1, 1, 1, 1, 1, 1, 1, 1, 1, 1, 1, 1, 1, 1, 1, 1, 0, 1, 1, 1, 1, 1, 1, 1, 1, 1, 1, 1, 1], [0, 1, 1, 1, 1, 1, 1, 1, 1, 1, 1, 1, 1, 1, 1, 1, 1, 1, 1, 1, 1, 1, 1, 1, 1, 0, 1, 1, 1, 1, 1, 1, 1, 1, 1, 1, 1], [0, 1, 1, 1, 1, 1, 1, 1, 1, 1, 1, 1, 1, 1, 1, 1, 1, 1, 1, 1, 1, 1, 1, 1, 1, 1, 0, 1, 1, 1, 1, 1, 1, 1, 1, 1, 1], [0, 1, 1, 1, 1, 1, 1, 1, 1, 1, 1, 1, 1, 1, 1, 1, 1, 1, 1, 1, 1, 1, 1, 1, 1, 1, 1, 0, 1, 1, 1, 1, 1, 1, 1, 1, 1], [0, 1, 1, 1, 1, 1, 1, 1, 1, 1, 1, 1, 1, 1, 1, 1, 1, 1, 1, 1, 1, 1, 1, 1, 1, 1, 1, 1, 0, 1, 1, 1, 1, 1, 1, 1, 1], [0, 1, 1, 1, 1, 1, 1, 1, 1, 1, 1, 1, 1, 1, 1, 1, 1, 1, 1, 1, 1, 1, 1, 1, 1, 1, 1, 1, 1, 0, 1, 1, 1, 1, 1, 1, 1], [0, 1, 1, 1, 1, 1, 1, 1, 1, 1, 1, 1, 1, 1, 1, 1, 1, 1, 1, 1, 1, 1, 1, 1, 1, 1, 1, 1, 1, 1, 0, 1, 1, 1, 1, 1, 1], [0, 1, 1, 1, 1, 1, 1, 1, 1, 1, 1, 1, 1, 1, 1, 1, 1, 1, 1, 1, 1, 1, 1, 1, 1, 1, 1, 1, 1, 1, 1, 0, 1, 1, 1, 1, 1], [0, 1, 1, 1, 1, 1, 1, 1, 1, 1, 1, 1, 1, 1, 1, 1, 1, 1, 1, 1, 1, 1, 1, 1, 1, 1, 1, 1, 1, 1, 1, 1, 0, 1, 1, 1, 1], [0, 1, 1, 1, 1, 1, 1, 1, 1, 1, 1, 1, 1, 1, 1, 1, 1, 1, 1, 1, 1, 1, 1, 1, 1, 1, 1, 1, 1, 1, 1, 1, 1, 0, 1, 1, 1], [0, 1, 1, 1, 1, 1, 1, 1, 1, 1, 1, 1, 1, 1, 1, 1, 1, 1, 1, 1, 1, 1, 1, 1, 1, 1, 1, 1, 1, 1, 1, 1, 1, 1, 0, 1, 1], [0, 1, 1, 1, 1, 1, 1, 1, 1, 1, 1, 1, 1, 1, 1, 1, 1, 1, 1, 1, 1, 1, 1, 1, 1, 1, 1, 1, 1, 1, 1, 1, 1, 1, 1, 0, 1], [0, 0, 0, 0, 0, 0, 0, 0, 0, 0, 0, 0, 0, 0, 0, 0, 0, 0, 0, 0, 0, 0, 0, 0, 0, 0, 0, 0, 0, 0, 0, 0, 0, 0, 0, 0, 0]], "vertex_count": 37}, "distances": [[0.0, 8.07, 7.13, 15.9, 9.65, 5.28, 16.25, 9.95, 26.79, 6.68, 14.52, 11.08, 9.35, 17.54, 11.52, 26.58, 18.08, 10.3, 13.47, 9.08, 15.88, 4.93, 20.22, 19.27, 16.91, 12.91, 20.09, 10.35, 8.71, 11.56, 17.13, 19.34, 7.29, 21.11, 6.47, 5.54, 9.86], [8.07, 0.0, 12.76, 23.83, 17.11, 8.09, 23.08, 8.37, 33.83, 8.28, 22.12, 16.95, 5.26, 9.66, 6.75, 18.64, 25.08, 8.72, 10.26, 8.76, 23.4, 10.71, 27.75, 11.26, 12.44, 9.75, 27.28, 16.28, 6.11, 17.43, 10.68, 27.21, 7.89, 29.17, 8.26, 11.2, 8.07], [7.13, 12.76, 0.0, 12.9, 5.68, 4.86, 19.37, 8.87, 28.81, 13.81, 10.33, 16.05, 10.71, 22.27, 12.34, 31.01, 12.46, 17.35, 20.41, 7.42, 17.62, 11.26, 15.57, 22.58, 23.67, 11.83, 14.75, 10.22, 15.51, 16.46, 18.12, 19.56, 6.37, 19.59, 13.59, 11.79, 7.13], [15.9, 23.83, 12.9, 0.0, 7.25, 17.25, 14.17, 21.77, 19.58, 20.52, 11.39, 15.85, 23.27, 33.42, 25.1, 42.44, 6.94, 24.54, 27.92, 20.33, 10.65, 16.2, 5.68, 34.71, 31.63, 24.72, 7.15, 10.92, 23.87, 15.94, 30.94, 9.26, 19.15, 7.12, 20.31, 13.75, 15.9], [9.65, 17.11, 5.68, 7.25, 0.0, 10.05, 15.71, 14.53, 24.09, 15.51, 5.01, 14.23, 16.08, 26.78, 17.86, 35.73, 8.52, 19.48, 22.81, 13.09, 13.23, 11.7, 10.65, 27.69, 26.38, 17.51, 10.45, 4.54, 18.25, 14.53, 23.7, 14.33, 11.91, 13.94, 15.28, 6.52, 9.65], [5.28, 8.09, 4.86, 17.25, 10.05, 0.0, 20.92, 5.14, 31.13, 11.2, 14.97, 16.24, 6.03, 17.45, 7.89, 26.16, 17.32, 14.07, 16.79, 10.33, 19.96, 10.21, 20.36, 17.76, 19.74, 8.26, 19.6, 8.29, 11.85, 16.71, 13.77, 22.73, 10.45, 23.52, 11.02, 10.83, 5.28], [16.25, 23.08, 19.37, 14.17, 15.71, 20.92, 0.0, 25.99, 10.75, 15.7, 16.25, 6.53, 25.58, 30.83, 27.75, 39.37, 20.88, 18.58, 21.36, 24.9, 12.76, 12.37, 19.64, 34.0, 24.81, 29.06, 21.32, 20.06, 19.52, 6.14, 33.22, 7.97, 23.16, 12.73, 15.6, 18.87, 16.25], [9.95, 8.37, 8.87, 21.77, 14.53, 5.14, 25.99, 0.0, 36.27, 14.61, 19.17, 21.03, 11.16, 15.82, 13.03, 23.74, 20.68, 16.51, 18.54, 14.94, 25.1, 14.73, 24.17, 14.75, 20.8, 13.4, 23.04, 11.6, 13.96, 21.51, 9.32, 27.79, 13.59, 28.33, 14.48, 8.16, 9.95], [26.79, 33.83, 28.81, 19.58, 24.09, 31.13, 10.75, 36.27, 0.0, 26.37, 22.63, 17.14, 36.14, 41.45, 38.31, 49.83, 26.37, 28.97, 31.47, 35.07, 11.22, 23.12, 23.58, 44.74, 34.68, 39.38, 25.85, 28.63, 30.13, 16.71, 43.88, 10.33, 33.39, 14.0, 26.28, 28.65, 26.79], [6.68, 8.28, 13.81, 20.52, 15.51, 11.2, 15.7, 14.61, 26.37, 0.0, 19.92, 9.23, 12.55, 15.13, 14.52, 23.81, 24.01, 12.73, 7.41, 14.24, 16.84, 4.38, 25.55, 18.45, 11.11, 16.98, 25.82, 16.95, 12.36, 9.67, 18.97, 21.25, 12.62, 24.26, 8.56, 12.22, 6.68], [14.52, 22.12, 10.33, 11.39, 5.01, 14.97, 16.25, 19.17, 22.63, 19.92, 0.0, 16.75, 20.97, 31.78, 22.67, 40.74, 4.77, 23.95, 27.32, 17.71, 12.99, 15.8, 5.71, 32.68, 30.97, 22.02, 6.0, 7.91, 22.95, 16.93, 28.45, 12.32, 16.7, 10.37, 19.7, 11.42, 14.52], [11.08, 16.95, 16.05, 15.85, 14.23, 16.24, 6.53, 21.03, 17.14, 9.23, 16.75, 0.0, 20.05, 24.33, 22.21, 32.85, 21.49, 12.08, 14.95, 20.13, 8.41, 6.46, 21.51, 27.64, 18.5, 23.94, 22.6, 17.8, 13.01, 12.67, 27.39, 13.16, 18.35, 17.15, 9.15, 15.08, 11.08], [9.35, 5.26, 10.71, 23.27, 16.08, 6.03, 25.58, 11.16, 36.14, 12.55, 20.97, 20.05, 0.0, 12.53, 9.54, 20.72, 23.05, 13.82, 15.53, 4.3, 25.16, 13.6, 26.28, 11.96, 17.57, 4.55, 25.38, 13.9, 11.21, 20.54, 7.91, 28.34, 4.42, 29.45, 12.45, 9.56, 9.35], [17.54, 9.66, 22.27, 33.42, 26.78, 17.45, 30.83, 15.82, 41.45, 15.13, 31.78, 24.33, 12.53, 0.0, 12.29, 9.04, 34.68, 12.73, 11.33, 16.83, 31.85, 18.97, 37.41, 5.0, 10.31, 15.36, 36.91, 25.74, 11.32, 24.75, 11.04, 36.05, 16.64, 38.46, 15.24, 20.77, 17.54], [11.52, 6.75, 12.34, 25.1, 17.86, 7.89, 27.75, 13.03, 38.31, 14.52, 22.67, 22.21, 9.54, 12.29, 0.0, 19.9, 24.45, 15.46, 16.86, 5.23, 27.31, 15.76, 27.84, 10.86, 18.56, 9.7, 26.81, 15.32, 12.85, 22.7, 5.88, 30.43, 5.97, 31.41, 14.44, 11.35, 11.52], [26.58, 18.64, 31.01, 42.44, 35.73, 26.16, 39.37, 23.74, 49.83, 23.81, 40.74, 32.85, 20.72, 9.04, 19.9, 0.0, 43.47, 20.86, 18.59, 24.95, 40.64, 27.84, 46.34, 9.17, 16.09, 22.49, 45.74, 34.42, 19.94, 33.24, 16.37, 44.95, 25.07, 47.47, 23.95, 29.58, 26.58], [18.08, 25.08, 12.46, 6.94, 8.52, 17.32, 20.88, 20.68, 26.37, 24.01, 4.77, 21.49, 23.05, 34.68, 24.45, 43.47, 0.0, 27.99, 31.32, 19.26, 17.49, 20.09, 10.48, 34.99, 34.89, 23.19, 10.77, 9.15, 26.74, 21.68, 29.96, 16.08, 18.63, 12.97, 23.78, 13.92, 18.08], [10.3, 8.72, 17.35, 24.54, 19.48, 14.07, 18.58, 16.51, 28.97, 12.73, 23.95, 12.08, 13.82, 12.73, 15.46, 20.86, 27.99, 0.0, 11.89, 16.46, 20.21, 8.35, 29.58, 16.79, 7.09, 18.37, 29.83, 20.64, 14.84, 12.44, 18.88, 24.78, 15.05, 28.05, 4.25, 15.71, 10.3], [13.47, 10.26, 20.41, 27.92, 22.81, 16.79, 21.36, 18.54, 31.47, 7.41, 27.32, 14.95, 15.53, 11.33, 16.86, 18.59, 31.32, 11.89, 0.0, 18.71, 23.25, 11.72, 32.96, 15.94, 13.15, 19.98, 33.18, 23.78, 4.94, 15.27, 19.33, 27.9, 17.47, 31.31, 7.63, 18.75, 13.47], [9.08, 8.76, 7.42, 20.33, 13.09, 10.33, 24.9, 14.94, 35.07, 14.24, 17.71, 20.13, 4.3, 16.83, 5.23, 24.95, 19.26, 16.46, 18.71, 0.0, 23.88, 13.95, 22.73, 16.03, 21.18, 4.47, 21.62, 10.16, 13.98, 20.61, 10.77, 26.47, 8.73, 26.92, 14.09, 6.77, 9.08], [15.88, 23.4, 17.62, 10.65, 13.23, 19.96, 12.76, 25.1, 11.22, 16.84, 12.99, 8.41, 25.16, 31.85, 27.31, 40.64, 17.49, 20.21, 23.25, 23.88, 0.0, 12.91, 16.02, 34.58, 26.86, 28.22, 17.78, 17.73, 20.71, 8.18, 33.01, 4.78, 22.21, 9.22, 16.7, 17.42, 15.88], [4.93, 10.71, 11.26, 16.2, 11.7, 10.21, 12.37, 14.73, 23.12, 4.38, 15.8, 6.46, 13.6, 18.97, 15.76, 27.84, 20.09, 8.35, 11.72, 13.95, 12.91, 0.0, 21.35, 21.74, 15.44, 17.56, 21.77, 13.92, 8.07, 6.94, 20.98, 17.11, 12.17, 19.92, 4.18, 9.91, 4.93], [20.22, 27.75, 15.57, 5.68, 10.65, 20.36, 19.64, 24.17, 23.58, 25.55, 5.71, 21.51, 26.28, 37.41, 27.84, 46.34, 10.48, 29.58, 32.96, 22.73, 16.02, 21.35, 0.0, 38.12, 36.62, 26.84, 11.72, 12.58, 28.64, 21.61, 33.49, 13.6, 21.91, 9.69, 25.33, 16.84, 20.22], [19.27, 11.26, 22.58, 34.71, 27.69, 17.76, 34.0, 14.75, 44.74, 18.45, 32.68, 27.64, 11.96, 5.0, 10.86, 9.17, 34.99, 16.79, 15.94, 16.03, 34.58, 21.74, 38.12, 0.0, 15.27, 13.32, 37.31, 25.85, 14.91, 28.09, 7.39, 38.47, 16.38, 40.36, 18.51, 21.29, 19.27], [16.91, 12.44, 23.67, 31.63, 26.38, 19.74, 24.81, 20.8, 34.68, 11.11, 30.97, 18.5, 17.57, 10.31, 18.56, 16.09, 34.89, 7.09, 13.15, 21.18, 26.86, 15.44, 36.62, 15.27, 0.0, 21.8, 36.79, 27.11, 8.21, 18.79, 19.98, 31.54, 20.14, 35.02, 11.32, 22.0, 16.91], [12.91, 9.75, 11.83, 24.72, 17.51, 8.26, 29.06, 13.4, 39.38, 16.98, 22.02, 23.94, 4.55, 15.36, 9.7, 22.49, 23.19, 18.37, 19.98, 4.47, 28.22, 17.56, 26.84, 13.32, 21.8, 0.0, 25.56, 14.28, 15.76, 24.42, 6.9, 30.92, 6.01, 31.38, 16.87, 11.24, 12.91], [20.09, 27.28, 14.75, 7.15, 10.45, 19.6, 21.32, 23.04, 25.85, 25.82, 6.0, 22.6, 25.38, 36.91, 26.81, 45.74, 10.77, 29.83, 33.18, 21.62, 17.78, 21.77, 11.72, 37.31, 36.79, 25.56, 0.0, 11.49, 28.69, 22.75, 32.33, 15.75, 20.96, 12.05, 25.59, 16.16, 20.09], [10.35, 16.28, 10.22, 10.92, 4.54, 8.29, 20.06, 11.6, 28.63, 16.95, 7.91, 17.8, 13.9, 25.74, 15.32, 34.42, 9.15, 20.64, 23.78, 10.16, 17.73, 13.92, 12.58, 25.85, 27.11, 14.28, 11.49, 0.0, 18.92, 18.16, 20.92, 18.8, 9.48, 17.97, 16.73, 5.17, 10.35], [8.71, 6.11, 15.51, 23.87, 18.25, 11.85, 19.52, 13.96, 30.13, 12.36, 22.95, 13.01, 11.21, 11.32, 12.85, 19.94, 26.74, 14.84, 4.94, 13.98, 20.71, 8.07, 28.64, 14.91, 8.21, 15.76, 28.69, 18.92, 0.0, 13.43, 16.41, 25.09, 12.65, 27.98, 12.25, 13.84, 8.71], [11.56, 17.43, 16.46, 15.94, 14.53, 16.71, 6.14, 21.51, 16.71, 9.67, 16.93, 12.67, 20.54, 24.75, 22.7, 33.24, 21.68, 12.44, 15.27, 20.61, 8.18, 6.94, 21.61, 28.09, 18.79, 24.42, 22.75, 18.16, 13.43, 0.0, 27.88, 12.96, 18.82, 17.03, 9.59, 15.51, 11.56], [17.13, 10.68, 18.12, 30.94, 23.7, 13.77, 33.22, 9.32, 43.88, 18.97, 28.45, 27.39, 7.91, 11.04, 5.88, 16.37, 29.96, 18.88, 19.33, 10.77, 33.01, 20.98, 33.49, 7.39, 19.98, 6.9, 32.33, 20.92, 16.41, 27.88, 0.0, 36.25, 11.79, 37.29, 18.94, 17.2, 17.13], [19.34, 27.21, 19.56, 9.26, 14.33, 22.73, 7.97, 27.79, 10.33, 21.25, 12.32, 13.16, 28.34, 36.05, 30.43, 44.95, 16.08, 24.78, 27.9, 26.47, 4.78, 17.11, 13.6, 38.47, 31.54, 30.92, 15.75, 18.8, 25.09, 12.96, 36.25, 0.0, 24.93, 4.94, 21.09, 19.74, 19.34], [7.29, 7.89, 6.37, 19.15, 11.91, 10.45, 23.16, 13.59, 33.39, 12.62, 16.7, 18.35, 4.42, 16.64, 5.97, 25.07, 18.63, 15.05, 17.47, 8.73, 22.21, 12.17, 21.91, 16.38, 20.14, 6.01, 20.96, 9.48, 12.65, 18.82, 11.79, 24.93, 0.0, 25.59, 12.46, 5.42, 7.29], [21.11, 29.17, 19.59, 7.12, 13.94, 23.52, 12.73, 28.33, 14.0, 24.26, 10.37, 17.15, 29.45, 38.46, 31.41, 47.47, 12.97, 28.05, 31.31, 26.92, 9.22, 19.92, 9.69, 40.36, 35.02, 31.38, 12.05, 17.97, 27.98, 17.03, 37.29, 4.94, 25.59, 0.0, 24.07, 20.18, 21.11], [6.47, 8.26, 13.59, 20.31, 15.28, 11.02, 15.6, 14.48, 26.28, 8.56, 19.7, 9.15, 12.45, 15.24, 14.44, 23.95, 23.78, 4.25, 7.63, 14.09, 16.7, 4.18, 25.33, 18.51, 11.32, 16.87, 25.59, 16.73, 12.25, 9.59, 18.94, 21.09, 12.46, 24.07, 0.0, 12.01, 6.47], [5.54, 11.2, 11.79, 13.75, 6.52, 10.83, 18.87, 8.16, 28.65, 12.22, 11.42, 15.08, 9.56, 20.77, 11.35, 29.58, 13.92, 15.71, 18.75, 6.77, 17.42, 9.91, 16.84, 21.29, 22.0, 11.24, 16.16, 5.17, 13.84, 15.51, 17.2, 19.74, 5.42, 20.18, 12.01, 0.0, 5.54], [9.86, 8.07, 7.13, 15.9, 9.65, 5.28, 16.25, 9.95, 26.79, 6.68, 14.52, 11.08, 9.35, 17.54, 11.52, 26.58, 18.08, 10.3, 13.47, 9.08, 15.88, 4.93, 20.22, 19.27, 16.91, 12.91, 20.09, 10.35, 8.71, 11.56, 17.13, 19.34, 7.29, 21.11, 6.47, 5.54, 0.0]], "end_depot": 36, "horizon": [0.0, 1258.2], "instance_name": "35_90_A_B10", "speed_zone_count": 3, "speed_zones": [[0.0, 419.4], [419.4, 838.8], [838.8, 1258.2]], "start_depot": 0, "vehicle_count": 35}