{"cluster_count": 3, "cluster_speeds": [[0.198, 0.44, 0.198], [0.285, 0.6, 0.285], [0.415, 0.83, 0.415]], "clusters": [[-1, 0, 0, 0, 0, 0, 0, 0, 0, 0, 0, 0, 0, 0, 0, 0, 0, 0, 0, 0, 0, 0, 0, 0, 0, 0, 0, 0, 0, 0, 0, 0, 0, 0, 0, 0, 0], [0, -1, 0, 0, 0, 0, 0, 0, 0, 0, 0, 0, 0, 0, 0, 0, 0, 0, 0, 0, 0, 0, 0, 0, 0, 0, 0, 0, 0, 0, 0, 0, 0, 0, 0, 0, 0], [1, 1, -1, 1, 1, 1, 1, 1, 1, 1, 1, 1, 1, 1, 1, 1, 1, 1, 1, 1, 1, 1, 1, 1, 1, 1, 1, 1, 1, 1, 1, 1, 1, 1, 1, 1, 1], [0, 0, 0, -1, 0, 0, 0, 0, 0, 0, 0, 0, 0, 0, 0, 0, 0, 0, 0, 0, 0, 0, 0, 0, 0, 0, 0, 0, 0, 0, 0, 0, 0, 0, 0, 0, 0], [0, 0, 0, 0, -1, 0, 0, 0, 0, 0, 0, 0, 0, 0, 0, 0, 0, 0, 0, 0, 0, 0, 0, 0, 0, 0, 0, 0, 0, 0, 0, 0, 0, 0, 0, 0, 0], [0, 0, 0, 0, 0, -1, 0, 0, 0, 0, 0, 0, 0, 0, 0, 0, 0, 0, 0, 0, 0, 0, 0, 0, 0, 0, 0, 0, 0, 0, 0, 0, 0, 0, 0, 0, 0], [0, 0, 0, 0, 0, 0, -1, 0, 0, 0, 0, 0, 0, 0, 0, 0, 0, 0, 0, 0, 0, 0, 0, 0, 0, 0, 0, 0, 0, 0, 0, 0, 0, 0, 0, 0, 0], [0, 0, 0, 0, 0, 0, 0, -1, 0, 0, 0, 0, 0, 0, 0, 0, 0, 0, 0, 0, 0, 0, 0, 0, 0, 0, 0, 0, 0, 0, 0, 0, 0, 0, 0, 0, 0], [0, 0, 0, 0, 0, 0, 0, 0, -1, 0, 0, 0, 0, 0, 0, 0, 0, 0, 0, 0, 0, 0, 0, 0, 0, 0, 0, 0, 0, 0, 0, 0, 0, 0, 0, 0, 0], [0, 0, 0, 0, 0, 0, 0, 0, 0, -1, 0, 0, 0, 0, 0, 0, 0, 0, 0, 0, 0, 0, 0, 0, 0, 0, 0, 0, 0, 0, 0, 0, 0, 0, 0, 0, 0], [0, 0, 0, 0, 0, 0, 0, 0, 0, 0, -1, 0, 0, 0, 0, 0, 0, 0, 0, 0, 0, 0, 0, 0, 0, 0, 0, 0, 0, 0, 0, 0, 0, 0, 0, 0, 0], [0, 0, 0, 0, 0, 0, 0, 0, 0, 0, 0, -1, 0, 0, 0, 0, 0, 0, 0, 0, 0, 0, 0, 0, 0, 0, 0, 0, 0, 0, 0, 0, 0, 0, 0, 0, 0], [0, 0, 0, 0, 0, 0, 0, 0, 0, 0, 0, 0, -1, 0, 0, 0, 0, 0, 0, 0, 0, 0, 0, 0, 0, 0, 0, 0, 0, 0, 0, 0, 0, 0, 0, 0, 0], [0, 0, 0, 0, 0, 0, 0, 0, 0, 0, 0, 0, 0, -1, 0, 0, 0, 0, 0, 0, 0, 0, 0, 0, 0, 0, 0, 0, 0, 0, 0, 0, 0, 0, 0, 0, 0], [0, 0, 0, 0, 0, 0, 0, 0, 0, 0, 0, 0, 0, 0, -1, 0, 0, 0, 0, 0, 0, 0, 0, 0, 0, 0, 0, 0, 0, 0, 0, 0, 0, 0, 0, 0, 0], [0, 0, 0, 0, 0, 0, 0, 0, 0, 0, 0, 0, 0, 0, 0, -1, 0, 0, 0, 0, 0, 0, 0, 0, 0, 0, 0, 0, 0, 0, 0, 0, 0, 0, 0, 0, 0], [0, 0, 0, 0, 0, 0, 0, 0, 0, 0, 0, 0, 0, 0, 0, 0, -1, 0, 0, 0, 0, 0, 0, 0, 0, 0, 0, 0, 0, 0, 0, 0, 0, 0, 0, 0, 0], [0, 0, 0, 0, 0, 0, 0, 0, 0, 0, 0, 0, 0, 0, 0, 0, 0, -1, 0, 0, 0, 0, 0, 0, 0, 0, 0, 0, 0, 0, 0, 0, 0, 0, 0, 0, 0], [0, 0, 0, 0, 0, 0, 0, 0, 0, 0, 0, 0, 0, 0, 0, 0, 0, 0, -1, 0, 0, 0, 0, 0, 0, 0, 0, 0, 0, 0, 0, 0, 0, 0, 0, 0, 0], [0, 0, 0, 0, 0, 0, 0, 0, 0, 0, 0, 0, 0, 0, 0, 0, 0, 0, 0, -1, 0, 0, 0, 0, 0, 0, 0, 0, 0, 0, 0, 0, 0, 0, 0, 0, 0], [0, 0, 0, 0, 0, 0, 0, 0, 0, 0, 0, 0, 0, 0, 0, 0, 0, 0, 0, 0, -1, 0, 0, 0, 0, 0, 0, 0, 0, 0, 0, 0, 0, 0, 0, 0, 0], [0, 0, 0, 0, 0, 0, 0, 0, 0, 0, 0, 0, 0, 0, 0, 0, 0, 0, 0, 0, 0, -1, 0, 0, 0, 0, 0, 0, 0, 0, 0, 0, 0, 0, 0, 0, 0], [0, 0, 0, 0, 0, 0, 0, 0, 0, 0, 0, 0, 0, 0, 0, 0, 0, 0, 0, 0, 0, 0, -1, 0, 0, 0, 0, 0, 0, 0, 0, 0, 0, 0, 0, 0, 0], [1, 1, 1, 1, 1, 1, 1, 1, 1, 1, 1, 1, 1, 1, 1, 1, 1, 1, 1, 1, 1, 1, 1, -1, 1, 1, 1, 1, 1, 1, 1, 1, 1, 1, 1, 1, 1], [0, 0, 0, 0, 0, 0, 0, 0, 0, 0, 0, 0, 0, 0, 0, 0, 0, 0, 0, 0, 0, 0, 0, 0, -1, 0, 0, 0, 0, 0, 0, 0, 0, 0, 0, 0, 0], [0, 0, 0, 0, 0, 0, 0, 0, 0, 0, 0, 0, 0, 0, 0, 0, 0, 0, 0, 0, 0, 0, 0, 0, 0, -1, 0, 0, 0, 0, 0, 0, 0, 0, 0, 0, 0], [2, 2, 2, 2, 2, 2, 2, 2, 2, 2, 2, 2, 2, 2, 2, 2, 2, 2, 2, 2, 2, 2, 2, 2, 2, 2, -1, 2, 2, 2, 2, 2, 2, 2, 2, 2, 2], [0, 0, 0, 0, 0, 0, 0, 0, 0, 0, 0, 0, 0, 0, 0, 0, 0, 0, 0, 0, 0, 0, 0, 0, 0, 0, 0, -1, 0, 0, 0, 0, 0, 0, 0, 0, 0], [0, 0, 0, 0, 0, 0, 0, 0, 0, 0, 0, 0, 0, 0, 0, 0, 0, 0, 0, 0, 0, 0, 0, 0, 0, 0, 0, 0, -1, 0, 0, 0, 0, 0, 0, 0, 0], [0, 0, 0, 0, 0, 0, 0, 0, 0, 0, 0, 0, 0, 0, 0, 0, 0, 0, 0, 0, 0, 0, 0, 0, 0, 0, 0, 0, 0, -1, 0, 0, 0, 0, 0, 0, 0], [0, 0, 0, 0, 0, 0, 0, 0, 0, 0, 0, 0, 0, 0, 0, 0, 0, 0, 0, 0, 0, 0, 0, 0, 0, 0, 0, 0, 0, 0, -1, 0, 0, 0, 0, 0, 0], [0, 0, 0, 0, 0, 0, 0, 0, 0, 0, 0, 0, 0, 0, 0, 0, 0, 0, 0, 0, 0, 0, 0, 0, 0, 0, 0, 0, 0, 0, 0, -1, 0, 0, 0, 0, 0], [0, 0, 0, 0, 0, 0, 0, 0, 0, 0, 0, 0, 0, 0, 0, 0, 0, 0, 0, 0, 0, 0, 0, 0, 0, 0, 0, 0, 0, 0, 0, 0, -1, 0, 0, 0, 0], [1, 1, 1, 1, 1, 1, 1, 1, 1, 1, 1, 1, 1, 1, 1, 1, 1, 1, 1, 1, 1, 1, 1, 1, 1, 1, 1, 1, 1, 1, 1, 1, 1, -1, 1, 1, 1], [1, 1, 1, 1, 1, 1, 1, 1, 1, 1, 1, 1, 1, 1, 1, 1, 1, 1, 1, 1, 1, 1, 1, 1, 1, 1, 1, 1, 1, 1, 1, 1, 1, 1, -1, 1, 1], [1, 1, 1, 1, 1, 1, 1, 1, 1, 1, 1, 1, 1, 1, 1, 1, 1, 1, 1, 1, 1, 1, 1, 1, 1, 1, 1, 1, 1, 1, 1, 1, 1, 1, 1, -1, 1], [0, 0, 0, 0, 0, 0, 0, 0, 0, 0, 0, 0, 0, 0, 0, 0, 0, 0, 0, 0, 0, 0, 0, 0, 0, 0, 0, 0, 0, 0, 0, 0, 0, 0, 0, 0, -1]], "dataset_name": "cordeau_et_al_2014", "digraph": {"arc_count": 1260, "arcs": [[0, 1, 1, 1, 1, 1, 1, 1, 1, 1, 1, 1, 1, 1, 1, 1, 1, 1, 1, 1, 1, 1, 1, 1, 1, 1, 1, 1, 1, 1, 1, 1, 1, 1, 1, 1, 0], [0, 0, 1, 1, 1, 1, 1, 1, 1, 1, 1, 1, 1, 1, 1, 1, 1, 1, 1, 1, 1, 1, 1, 1, 1, 1, 1, 1, 1, 1, 1, 1, 1, 1, 1, 1, 1], [0, 1, 0, 1, 1, 1, 1, 1, 1, 1, 1, 1, 1, 1, 1, 1, 1, 1, 1, 1, 1, 1, 1, 1, 1, 1, 1, 1, 1, 1, 1, 1, 1, 1, 1, 1, 1], [0, 1, 1, 0, 1, 1, 1, 1, 1, 1, 1, 1, 1, 1, 1, 1, 1, 1, 1, 1, 1, 1, 1, 1, 1, 1, 1, 1, 1, 1, 1, 1, 1, 1, 1, 1, 1], [0, 1, 1, 1, 0, 1, 1, 1, 1, 1, 1, 1, 1, 1, 1, 1, 1, 1, 1, 1, 1, 1, 1, 1, 1, 1, 1, 1, 1, 1, 1, 1, 1, 1, 1, 1, 1], [0, 1, 1, 1, 1, 0, 1, 1, 1, 1, 1, 1, 1, 1, 1, 1, 1, 1, 1, 1, 1, 1, 1, 1, 1, 1, 1, 1, 1, 1, 1, 1, 1, 1, 1, 1, 1], [0, 1, 1, 1, 1, 1, 0, 1, 1, 1, 1, 1, 1, 1, 1, 1, 1, 1, 1, 1, 1, 1, 1, 1, 1, 1, 1, 1, 1, 1, 1, 1, 1, 1, 1, 1, 1], [0, 1, 1, 1, 1, 1, 1, 0, 1, 1, 1, 1, 1, 1, 1, 1, 1, 1, 1, 1, 1, 1, 1, 1, 1, 1, 1, 1, 1, 1, 1, 1, 1, 1, 1, 1, 1], [0, 1, 1, 1, 1, 1, 1, 1, 0, 1, 1, 1, 1, 1, 1, 1, 1, 1, 1, 1, 1, 1, 1, 1, 1, 1, 1, 1, 1, 1, 1, 1, 1, 1, 1, 1, 1], [0, 1, 1, 1, 1, 1, 1, 1, 1, 0, 1, 1, 1, 1, 1, 1, 1, 1, 1, 1, 1, 1, 1, 1, 1, 1, 1, 1, 1, 1, 1, 1, 1, 1, 1, 1, 1], [0, 1, 1, 1, 1, 1, 1, 1, 1, 1, 0, 1, 1, 1, 1, 1, 1, 1, 1, 1, 1, 1, 1, 1, 1, 1, 1, 1, 1, 1, 1, 1, 1, 1, 1, 1, 1], [0, 1, 1, 1, 1, 1, 1, 1, 1, 1, 1, 0, 1, 1, 1, 1, 1, 1, 1, 1, 1, 1, 1, 1, 1, 1, 1, 1, 1, 1, 1, 1, 1, 1, 1, 1, 1], [0, 1, 1, 1, 1, 1, 1, 1, 1, 1, 1, 1, 0, 1, 1, 1, 1, 1, 1, 1, 1, 1, 1, 1, 1, 1, 1, 1, 1, 1, 1, 1, 1, 1, 1, 1, 1], [0, 1, 1, 1, 1, 1, 1, 1, 1, 1, 1, 1, 1, 0, 1, 1, 1, 1, 1, 1, 1, 1, 1, 1, 1, 1, 1, 1, 1, 1, 1, 1, 1, 1, 1, 1, 1], [0, 1, 1, 1, 1, 1, 1, 1, 1, 1, 1, 1, 1, 1, 0, 1, 1, 1, 1, 1, 1, 1, 1, 1, 1, 1, 1, 1, 1, 1, 1, 1, 1, 1, 1, 1, 1], [0, 1, 1, 1, 1, 1, 1, 1, 1, 1, 1, 1, 1, 1, 1, 0, 1, 1, 1, 1, 1, 1, 1, 1, 1, 1, 1, 1, 1, 1, 1, 1, 1, 1, 1, 1, 1], [0, 1, 1, 1, 1, 1, 1, 1, 1, 1, 1, 1, 1, 1, 1, 1, 0, 1, 1, 1, 1, 1, 1, 1, 1, 1, 1, 1, 1, 1, 1, 1, 1, 1, 1, 1, 1], [0, 1, 1, 1, 1, 1, 1, 1, 1, 1, 1, 1, 1, 1, 1, 1, 1, 0, 1, 1, 1, 1, 1, 1, 1, 1, 1, 1, 1, 1, 1, 1, 1, 1, 1, 1, 1], [0, 1, 1, 1, 1, 1, 1, 1, 1, 1, 1, 1, 1, 1, 1, 1, 1, 1, 0, 1, 1, 1, 1, 1, 1, 1, 1, 1, 1, 1, 1, 1, 1, 1, 1, 1, 1], [0, 1, 1, 1, 1, 1, 1, 1, 1, 1, 1, 1, 1, 1, 1, 1, 1, 1, 1, 0, 1, 1, 1, 1, 1, 1, 1, 1, 1, 1, 1, 1, 1, 1, 1, 1, 1], [0, 1, 1, 1, 1, 1, 1, 1, 1, 1, 1, 1, 1, 1, 1, 1, 1, 1, 1, 1, 0, 1, 1, 1, 1, 1, 1, 1, 1, 1, 1, 1, 1, 1, 1, 1, 1], [0, 1, 1, 1, 1, 1, 1, 1, 1, 1, 1, 1, 1, 1, 1, 1, 1, 1, 1, 1, 1, 0, 1, 1, 1, 1, 1, 1, 1, 1, 1, 1, 1, 1, 1, 1, 1], [0, 1, 1, 1, 1, 1, 1, 1, 1, 1, 1, 1, 1, 1, 1, 1, 1, 1, 1, 1, 1, 1, 0, 1, 1, 1, 1, 1, 1, 1, 1, 1, 1, 1, 1, 1, 1], [0, 1, 1, 1, 1, 1, 1, 1, 1, 1, 1, 1, 1, 1, 1, 1, 1, 1, 1, 1, 1, 1, 1, 0, 1, 1, 1, 1, 1, 1, 1, 1, 1, 1, 1, 1, 1], [0, 1, 1, 1, 1, 1, 1, 1, 1, 1, 1, 1, 1, 1, 1, 1, 1, 1, 1, 1, 1, 1, 1, 1, 0, 1, 1, 1, 1, 1, 1, 1, 1, 1, 1, 1, 1], [0, 1, 1, 1, 1, 1, 1, 1, 1, 1, 1, 1, 1, 1, 1, 1, 1, 1, 1, 1, 1, 1, 1, 1, 1, 0, 1, 1, 1, 1, 1, 1, 1, 1, 1, 1, 1], [0, 1, 1, 1, 1, 1, 1, 1, 1, 1, 1, 1, 1, 1, 1, 1, 1, 1, 1, 1, 1, 1, 1, 1, 1, 1, 0, 1, 1, 1, 1, 1, 1, 1, 1, 1, 1], [0, 1, 1, 1, 1, 1, 1, 1, 1, 1, 1, 1, 1, 1, 1, 1, 1, 1, 1, 1, 1, 1, 1, 1, 1, 1, 1, 0, 1, 1, 1, 1, 1, 1, 1, 1, 1], [0, 1, 1, 1, 1, 1, 1, 1, 1, 1, 1, 1, 1, 1, 1, 1, 1, 1, 1, 1, 1, 1, 1, 1, 1, 1, 1, 1, 0, 1, 1, 1, 1, 1, 1, 1, 1], [0, 1, 1, 1, 1, 1, 1, 1, 1, 1, 1, 1, 1, 1, 1, 1, 1, 1, 1, 1, 1, 1, 1, 1, 1, 1, 1, 1, 1, 0, 1, 1, 1, 1, 1, 1, 1], [0, 1, 1, 1, 1, 1, 1, 1, 1, 1, 1, 1, 1, 1, 1, 1, 1, 1, 1, 1, 1, 1, 1, 1, 1, 1, 1, 1, 1, 1, 0, 1, 1, 1, 1, 1, 1], [0, 1, 1, 1, 1, 1, 1, 1, 1, 1, 1, 1, 1, 1, 1, 1, 1, 1, 1, 1, 1, 1, 1, 1, 1, 1, 1, 1, 1, 1, 1, 0, 1, 1, 1, 1, 1], [0, 1, 1, 1, 1, 1, 1, 1, 1, 1, 1, 1, 1, 1, 1, 1, 1, 1, 1, 1, 1, 1, 1, 1, 1, 1, 1, 1, 1, 1, 1, 1, 0, 1, 1, 1, 1], [0, 1, 1, 1, 1, 1, 1, 1, 1, 1, 1, 1, 1, 1, 1, 1, 1, 1, 1, 1, 1, 1, 1, 1, 1, 1, 1, 1, 1, 1, 1, 1, 1, 0, 1, 1, 1], [0, 1, 1, 1, 1, 1, 1, 1, 1, 1, 1, 1, 1, 1, 1, 1, 1, 1, 1, 1, 1, 1, 1, 1, 1, 1, 1, 1, 1, 1, 1, 1, 1, 1, 0, 1, 1], [0, 1, 1, 1, 1, 1, 1, 1, 1, 1, 1, 1, 1, 1, 1, 1, 1, 1, 1, 1, 1, 1, 1, 1, 1, 1, 1, 1, 1, 1, 1, 1, 1, 1, 1, 0, 1], [0, 0, 0, 0, 0, 0, 0, 0, 0, 0, 0, 0, 0, 0, 0, 0, 0, 0, 0, 0, 0, 0, 0, 0, 0, 0, 0, 0, 0, 0, 0, 0, 0, 0, 0, 0, 0]], "vertex_count": 37}, "distances": [[0.0, 6.77, 21.38, 10.94, 10.69, 9.06, 6.21, 10.93, 5.66, 10.17, 6.41, 8.99, 8.04, 7.98, 12.27, 7.09, 5.39, 12.46, 7.76, 12.38, 12.34, 10.88, 4.82, 18.22, 13.83, 9.88, 27.99, 14.04, 9.0, 7.98, 10.45, 12.55, 11.89, 15.14, 15.41, 24.73, 9.64], [6.77, 0.0, 16.53, 6.18, 17.31, 6.77, 11.79, 10.28, 10.02, 15.75, 11.85, 4.6, 8.93, 6.26, 18.14, 8.92, 11.2, 7.92, 13.59, 8.66, 8.24, 6.32, 10.26, 13.01, 8.87, 6.72, 21.22, 20.15, 5.85, 13.51, 7.55, 18.51, 11.3, 19.37, 8.64, 19.5, 6.77], [21.38, 16.53, 0.0, 10.59, 29.12, 22.56, 22.58, 12.91, 26.2, 24.96, 27.64, 12.52, 15.61, 22.41, 33.65, 16.86, 19.72, 21.24, 24.08, 22.11, 22.0, 10.58, 21.59, 12.11, 7.71, 21.48, 17.55, 29.58, 21.4, 23.46, 19.74, 33.92, 20.01, 35.79, 13.3, 18.63, 21.38], [10.94, 6.18, 10.59, 0.0, 19.91, 12.77, 13.47, 6.66, 15.61, 16.76, 17.08, 10.78, 7.43, 12.39, 23.18, 8.3, 9.32, 12.75, 15.21, 11.99, 13.32, 12.5, 12.17, 7.3, 11.69, 11.01, 19.6, 21.51, 11.72, 14.8, 9.83, 23.47, 9.43, 25.21, 8.34, 13.83, 10.94], [10.69, 17.31, 29.12, 19.91, 0.0, 18.95, 6.56, 16.39, 11.92, 5.26, 10.1, 18.19, 13.51, 17.86, 10.2, 12.27, 16.0, 22.81, 5.09, 8.65, 22.54, 19.73, 7.74, 26.65, 22.48, 10.81, 38.45, 4.73, 19.21, 5.81, 10.21, 9.97, 14.11, 16.26, 25.9, 32.73, 10.69], [9.06, 6.77, 22.56, 12.77, 18.95, 0.0, 15.27, 16.82, 7.84, 19.22, 10.16, 11.35, 14.93, 9.31, 15.87, 14.55, 4.43, 4.18, 16.79, 11.24, 11.55, 12.96, 13.85, 18.92, 15.2, 8.84, 22.75, 22.85, 11.78, 17.05, 11.61, 16.36, 6.04, 14.94, 11.41, 25.14, 9.06], [6.21, 11.79, 22.58, 13.47, 6.56, 15.27, 0.0, 9.96, 10.4, 11.82, 9.76, 11.84, 6.99, 14.19, 13.4, 5.72, 11.39, 18.54, 10.3, 12.15, 18.48, 13.26, 10.61, 20.09, 15.96, 6.43, 32.47, 8.39, 15.16, 10.22, 4.25, 13.43, 9.46, 18.23, 20.06, 26.18, 6.21], [10.93, 10.28, 12.91, 6.66, 16.39, 16.82, 9.96, 0.0, 16.57, 12.05, 17.22, 6.48, 12.87, 16.08, 22.45, 4.39, 12.51, 18.09, 11.3, 10.68, 18.48, 6.33, 9.27, 11.02, 7.75, 11.13, 25.87, 16.69, 16.04, 10.63, 8.25, 22.61, 11.53, 26.04, 15.0, 16.54, 10.93], [5.66, 10.02, 26.2, 15.61, 11.92, 7.84, 10.4, 16.57, 0.0, 13.72, 11.71, 13.69, 13.7, 6.89, 8.37, 12.72, 7.07, 12.01, 11.35, 6.72, 11.52, 15.63, 9.48, 22.82, 18.5, 5.45, 30.03, 16.34, 8.52, 11.9, 8.65, 8.81, 6.23, 9.67, 17.85, 29.36, 5.66], [10.17, 15.75, 24.96, 16.76, 5.26, 19.22, 11.82, 12.05, 13.72, 0.0, 12.6, 15.31, 9.58, 18.14, 14.7, 8.51, 15.42, 22.56, 10.35, 7.98, 22.49, 16.51, 5.56, 22.86, 18.99, 10.39, 36.11, 4.76, 19.17, 11.07, 8.22, 14.59, 13.49, 20.3, 23.84, 28.59, 10.17], [6.41, 11.85, 27.64, 17.08, 10.1, 10.16, 9.76, 17.22, 11.71, 12.6, 0.0, 15.13, 14.2, 9.21, 6.29, 13.09, 9.1, 14.33, 10.37, 6.71, 13.84, 17.06, 9.16, 24.36, 19.99, 6.26, 32.24, 14.68, 10.83, 11.03, 9.01, 6.69, 7.95, 8.85, 19.96, 30.9, 6.41], [8.99, 4.6, 12.52, 10.78, 18.19, 11.35, 11.84, 6.48, 13.69, 15.31, 15.13, 0.0, 6.39, 10.86, 21.23, 7.04, 7.61, 11.87, 13.61, 10.1, 12.35, 10.92, 10.47, 9.25, 4.86, 9.07, 20.83, 20.03, 10.38, 13.26, 8.03, 21.52, 7.55, 23.32, 8.94, 15.78, 8.99], [8.04, 8.93, 15.61, 7.43, 13.51, 14.93, 6.99, 12.87, 13.7, 9.58, 14.2, 6.39, 0.0, 14.08, 19.33, 11.05, 10.51, 16.83, 8.47, 7.59, 17.1, 7.15, 6.17, 13.3, 9.43, 8.25, 27.03, 14.33, 14.31, 7.88, 5.19, 19.48, 9.2, 23.04, 15.33, 19.22, 8.04], [7.98, 6.26, 22.41, 12.39, 17.86, 9.31, 14.19, 16.08, 6.89, 18.14, 9.21, 10.86, 14.08, 0.0, 15.06, 13.63, 11.86, 5.13, 15.71, 10.16, 4.73, 12.55, 12.78, 18.79, 14.93, 7.76, 23.42, 21.76, 10.79, 15.97, 10.59, 15.53, 5.04, 14.49, 11.77, 25.1, 7.98], [12.27, 18.14, 33.65, 23.18, 10.2, 15.87, 13.4, 22.45, 8.37, 14.7, 6.29, 21.23, 19.33, 15.06, 0.0, 18.1, 15.38, 20.02, 13.16, 11.82, 19.43, 23.13, 13.45, 30.47, 26.08, 12.17, 38.38, 14.76, 16.71, 13.99, 14.28, 12.96, 14.23, 6.28, 26.21, 36.99, 12.27], [7.09, 8.92, 16.86, 8.3, 12.27, 14.55, 5.72, 4.39, 12.72, 8.51, 13.09, 7.04, 11.05, 13.63, 18.1, 0.0, 10.13, 16.74, 7.25, 6.43, 16.94, 8.04, 4.88, 14.47, 10.49, 7.32, 27.83, 13.26, 14.01, 6.7, 9.97, 18.24, 8.65, 21.94, 15.9, 20.46, 7.09], [5.39, 11.2, 19.72, 9.32, 16.0, 4.43, 11.39, 12.51, 7.07, 15.42, 9.1, 7.61, 10.51, 11.86, 15.38, 10.13, 0.0, 7.14, 13.06, 7.6, 7.13, 9.43, 9.89, 16.2, 12.06, 5.23, 23.28, 19.42, 14.03, 13.18, 7.43, 15.78, 10.46, 16.22, 10.87, 22.67, 5.39], [12.46, 7.92, 21.24, 12.75, 22.81, 4.18, 18.54, 18.09, 12.01, 22.56, 14.33, 11.87, 16.83, 5.13, 20.02, 16.74, 7.14, 0.0, 20.19, 14.68, 9.86, 13.02, 17.04, 17.63, 14.59, 12.27, 18.91, 26.48, 13.77, 20.33, 14.54, 20.51, 9.07, 18.64, 8.66, 23.36, 12.46], [7.76, 13.59, 24.08, 15.21, 5.09, 16.79, 10.3, 11.3, 11.35, 10.35, 10.37, 13.61, 8.47, 15.71, 13.16, 7.25, 13.06, 20.19, 0.0, 5.55, 20.09, 14.99, 12.14, 21.71, 17.64, 7.97, 34.28, 6.57, 16.76, 10.9, 6.05, 13.12, 11.12, 18.42, 21.87, 27.69, 7.76], [12.38, 8.66, 22.11, 11.99, 8.65, 11.24, 12.15, 10.68, 6.72, 7.98, 6.71, 10.1, 7.59, 10.16, 11.82, 6.43, 7.6, 14.68, 5.55, 0.0, 14.56, 11.87, 11.31, 19.16, 14.8, 12.17, 29.84, 11.83, 11.22, 5.83, 11.25, 12.01, 5.65, 15.55, 17.27, 25.58, 12.38], [12.34, 8.24, 22.0, 13.32, 22.54, 11.55, 18.48, 18.48, 11.52, 22.49, 13.84, 12.35, 17.1, 4.73, 19.43, 16.94, 7.13, 9.86, 20.09, 14.56, 0.0, 13.58, 17.0, 18.38, 15.25, 12.14, 19.68, 26.32, 14.08, 20.27, 14.56, 19.92, 9.02, 17.89, 9.49, 24.16, 12.34], [10.88, 6.32, 10.58, 12.5, 19.73, 12.96, 13.26, 6.33, 15.63, 16.51, 17.06, 10.92, 7.15, 12.55, 23.13, 8.04, 9.43, 13.02, 14.99, 11.87, 13.58, 0.0, 11.98, 7.35, 11.74, 10.96, 19.9, 21.26, 11.92, 14.57, 9.68, 23.42, 9.47, 25.25, 8.68, 13.86, 10.88], [4.82, 10.26, 21.59, 12.17, 7.74, 13.85, 10.61, 9.27, 9.48, 5.56, 9.16, 10.47, 6.17, 12.78, 13.45, 4.88, 9.89, 17.04, 12.14, 11.31, 17.0, 11.98, 0.0, 18.96, 14.75, 5.06, 31.0, 9.91, 13.7, 11.58, 11.36, 13.54, 7.98, 17.86, 18.56, 25.16, 4.82], [18.22, 13.01, 12.11, 7.3, 26.65, 18.92, 20.09, 11.02, 22.82, 22.86, 24.36, 9.25, 13.3, 18.79, 30.47, 14.47, 16.2, 17.63, 21.71, 19.16, 18.38, 7.35, 18.96, 0.0, 4.4, 18.31, 16.28, 27.58, 17.77, 21.16, 16.88, 30.76, 16.6, 32.34, 9.91, 6.54, 18.22], [13.83, 8.87, 7.71, 11.69, 22.48, 15.2, 15.96, 7.75, 18.5, 18.99, 19.99, 4.86, 9.43, 14.93, 26.08, 10.49, 12.06, 14.59, 17.64, 14.8, 15.25, 11.74, 14.75, 4.4, 0.0, 13.91, 18.16, 23.74, 14.09, 17.15, 12.56, 26.37, 12.3, 28.08, 8.44, 10.92, 13.83], [9.88, 6.72, 21.48, 11.01, 10.81, 8.84, 6.43, 11.13, 5.45, 10.39, 6.26, 9.07, 8.25, 7.76, 12.17, 7.32, 5.23, 12.27, 7.97, 12.17, 12.14, 10.96, 5.06, 18.31, 13.91, 0.0, 27.93, 14.21, 8.8, 8.2, 10.68, 12.46, 11.68, 14.95, 15.35, 24.82, 9.88], [27.99, 21.22, 17.55, 19.6, 38.45, 22.75, 32.47, 25.87, 30.03, 36.11, 32.24, 20.83, 27.03, 23.42, 38.38, 27.83, 23.28, 18.91, 34.28, 29.84, 19.68, 19.9, 31.0, 16.28, 18.16, 27.93, 0.0, 40.79, 21.77, 34.01, 28.34, 38.83, 24.86, 37.55, 12.58, 16.31, 27.99], [14.04, 20.15, 29.58, 21.51, 4.73, 22.85, 8.39, 16.69, 16.34, 4.76, 14.68, 20.03, 14.33, 21.76, 14.76, 13.26, 19.42, 26.48, 6.57, 11.83, 26.32, 21.26, 9.91, 27.58, 23.74, 14.21, 40.79, 0.0, 22.96, 6.78, 12.62, 14.49, 17.48, 20.92, 28.44, 33.21, 14.04], [9.0, 5.85, 21.4, 11.72, 19.21, 11.78, 15.16, 16.04, 8.52, 19.17, 10.83, 10.38, 14.31, 10.79, 16.71, 14.01, 14.03, 13.77, 16.76, 11.22, 14.08, 11.92, 13.7, 17.77, 14.09, 8.8, 21.77, 22.96, 0.0, 16.95, 11.33, 17.19, 5.75, 16.04, 10.26, 23.96, 9.0], [7.98, 13.51, 23.46, 14.8, 5.81, 17.05, 10.22, 10.63, 11.9, 11.07, 11.03, 13.26, 7.88, 15.97, 13.99, 6.7, 13.18, 20.33, 10.9, 5.83, 20.27, 14.57, 11.58, 21.16, 17.15, 8.2, 34.01, 6.78, 16.95, 0.0, 5.97, 13.95, 11.26, 19.19, 21.67, 27.08, 7.98], [10.45, 7.55, 19.74, 9.83, 10.21, 11.61, 4.25, 8.25, 8.65, 8.22, 9.01, 8.03, 5.19, 10.59, 14.28, 9.97, 7.43, 14.54, 6.05, 11.25, 14.56, 9.68, 11.36, 16.88, 12.56, 10.68, 28.34, 12.62, 11.33, 5.97, 0.0, 14.47, 5.6, 17.86, 15.87, 23.24, 10.45], [12.55, 18.51, 33.92, 23.47, 9.97, 16.36, 13.43, 22.61, 8.81, 14.59, 6.69, 21.52, 19.48, 15.53, 12.96, 18.24, 15.78, 20.51, 13.12, 12.01, 19.92, 23.42, 13.54, 30.76, 26.37, 12.46, 38.83, 14.49, 17.19, 13.95, 14.47, 0.0, 14.6, 6.68, 26.63, 37.28, 12.55], [11.89, 11.3, 20.01, 9.43, 14.11, 6.04, 9.46, 11.53, 6.23, 13.49, 7.95, 7.55, 9.2, 5.04, 14.23, 8.65, 10.46, 9.07, 11.12, 5.65, 9.02, 9.47, 7.98, 16.6, 12.3, 11.68, 24.86, 17.48, 5.75, 11.26, 5.6, 14.6, 0.0, 15.79, 12.33, 23.14, 11.89], [15.14, 19.37, 35.79, 25.21, 16.26, 14.94, 18.23, 26.04, 9.67, 20.3, 8.85, 23.32, 23.04, 14.49, 6.28, 21.94, 16.22, 18.64, 18.42, 15.55, 17.89, 25.25, 17.86, 32.34, 28.08, 14.95, 37.55, 20.92, 16.04, 19.19, 17.86, 6.68, 15.79, 0.0, 26.26, 38.86, 15.14], [15.41, 8.64, 13.3, 8.34, 25.9, 11.41, 20.06, 15.0, 17.85, 23.84, 19.96, 8.94, 15.33, 11.77, 26.21, 15.9, 10.87, 8.66, 21.87, 17.27, 9.49, 8.68, 18.56, 9.91, 8.44, 15.35, 12.58, 28.44, 10.26, 21.67, 15.87, 26.63, 12.33, 26.26, 0.0, 14.94, 15.41], [24.73, 19.5, 18.63, 13.83, 32.73, 25.14, 26.18, 16.54, 29.36, 28.59, 30.9, 15.78, 19.22, 25.1, 36.99, 20.46, 22.67, 23.36, 27.69, 25.58, 24.16, 13.86, 25.16, 6.54, 10.92, 24.82, 16.31, 33.21, 23.96, 27.08, 23.24, 37.28, 23.14, 38.86, 14.94, 0.0, 24.73], [9.64, 6.77, 21.38, 10.94, 10.69, 9.06, 6.21, 10.93, 5.66, 10.17, 6.41, 8.99, 8.04, 7.98, 12.27, 7.09, 5.39, 12.46, 7.76, 12.38, 12.34, 10.88, 4.82, 18.22, 13.83, 9.88, 27.99, 14.04, 9.0, 7.98, 10.45, 12.55, 11.89, 15.14, 15.41, 24.73, 0.0]], "end_depot": 36, "horizon": [0.0, 1232.1], "instance_name": "35_90_B_B6", "speed_zone_count": 3, "speed_zones": [[0.0, 410.7], [410.7, 821.4], [821.4, 1232.1]], "start_depot": 0, "vehicle_count": 35}