{"cluster_count": 3, "cluster_speeds": [[0.198, 0.44, 0.198], [0.285, 0.6, 0.285], [0.415, 0.83, 0.415]], "clusters": [[-1, 0, 0, 0, 0, 0, 0, 0, 0, 0, 0, 0, 0, 0, 0, 0, 0, 0, 0, 0, 0, 0, 0, 0, 0, 0, 0, 0, 0, 0, 0, 0, 0, 0, 0, 0, 0], [2, -1, 2, 2, 2, 2, 2, 2, 2, 2, 2, 2, 2, 2, 2, 2, 2, 2, 2, 2, 2, 2, 2, 2, 2, 2, 2, 2, 2, 2, 2, 2, 2, 2, 2, 2, 2], [1, 1, -1, 1, 1, 1, 1, 1, 1, 1, 1, 1, 1, 1, 1, 1, 1, 1, 1, 1, 1, 1, 1, 1, 1, 1, 1, 1, 1, 1, 1, 1, 1, 1, 1, 1, 1], [0, 0, 0, -1, 0, 0, 0, 0, 0, 0, 0, 0, 0, 0, 0, 0, 0, 0, 0, 0, 0, 0, 0, 0, 0, 0, 0, 0, 0, 0, 0, 0, 0, 0, 0, 0, 0], [0, 0, 0, 0, -1, 0, 0, 0, 0, 0, 0, 0, 0, 0, 0, 0, 0, 0, 0, 0, 0, 0, 0, 0, 0, 0, 0, 0, 0, 0, 0, 0, 0, 0, 0, 0, 0], [0, 0, 0, 0, 0, -1, 0, 0, 0, 0, 0, 0, 0, 0, 0, 0, 0, 0, 0, 0, 0, 0, 0, 0, 0, 0, 0, 0, 0, 0, 0, 0, 0, 0, 0, 0, 0], [1, 1, 1, 1, 1, 1, -1, 1, 1, 1, 1, 1, 1, 1, 1, 1, 1, 1, 1, 1, 1, 1, 1, 1, 1, 1, 1, 1, 1, 1, 1, 1, 1, 1, 1, 1, 1], [0, 0, 0, 0, 0, 0, 0, -1, 0, 0, 0, 0, 0, 0, 0, 0, 0, 0, 0, 0, 0, 0, 0, 0, 0, 0, 0, 0, 0, 0, 0, 0, 0, 0, 0, 0, 0], [2, 2, 2, 2, 2, 2, 2, 2, -1, 2, 2, 2, 2, 2, 2, 2, 2, 2, 2, 2, 2, 2, 2, 2, 2, 2, 2, 2, 2, 2, 2, 2, 2, 2, 2, 2, 2], [0, 0, 0, 0, 0, 0, 0, 0, 0, -1, 0, 0, 0, 0, 0, 0, 0, 0, 0, 0, 0, 0, 0, 0, 0, 0, 0, 0, 0, 0, 0, 0, 0, 0, 0, 0, 0], [0, 0, 0, 0, 0, 0, 0, 0, 0, 0, -1, 0, 0, 0, 0, 0, 0, 0, 0, 0, 0, 0, 0, 0, 0, 0, 0, 0, 0, 0, 0, 0, 0, 0, 0, 0, 0], [2, 2, 2, 2, 2, 2, 2, 2, 2, 2, 2, -1, 2, 2, 2, 2, 2, 2, 2, 2, 2, 2, 2, 2, 2, 2, 2, 2, 2, 2, 2, 2, 2, 2, 2, 2, 2], [0, 0, 0, 0, 0, 0, 0, 0, 0, 0, 0, 0, -1, 0, 0, 0, 0, 0, 0, 0, 0, 0, 0, 0, 0, 0, 0, 0, 0, 0, 0, 0, 0, 0, 0, 0, 0], [0, 0, 0, 0, 0, 0, 0, 0, 0, 0, 0, 0, 0, -1, 0, 0, 0, 0, 0, 0, 0, 0, 0, 0, 0, 0, 0, 0, 0, 0, 0, 0, 0, 0, 0, 0, 0], [0, 0, 0, 0, 0, 0, 0, 0, 0, 0, 0, 0, 0, 0, -1, 0, 0, 0, 0, 0, 0, 0, 0, 0, 0, 0, 0, 0, 0, 0, 0, 0, 0, 0, 0, 0, 0], [0, 0, 0, 0, 0, 0, 0, 0, 0, 0, 0, 0, 0, 0, 0, -1, 0, 0, 0, 0, 0, 0, 0, 0, 0, 0, 0, 0, 0, 0, 0, 0, 0, 0, 0, 0, 0], [0, 0, 0, 0, 0, 0, 0, 0, 0, 0, 0, 0, 0, 0, 0, 0, -1, 0, 0, 0, 0, 0, 0, 0, 0, 0, 0, 0, 0, 0, 0, 0, 0, 0, 0, 0, 0], [0, 0, 0, 0, 0, 0, 0, 0, 0, 0, 0, 0, 0, 0, 0, 0, 0, -1, 0, 0, 0, 0, 0, 0, 0, 0, 0, 0, 0, 0, 0, 0, 0, 0, 0, 0, 0], [2, 2, 2, 2, 2, 2, 2, 2, 2, 2, 2, 2, 2, 2, 2, 2, 2, 2, -1, 2, 2, 2, 2, 2, 2, 2, 2, 2, 2, 2, 2, 2, 2, 2, 2, 2, 2], [2, 2, 2, 2, 2, 2, 2, 2, 2, 2, 2, 2, 2, 2, 2, 2, 2, 2, 2, -1, 2, 2, 2, 2, 2, 2, 2, 2, 2, 2, 2, 2, 2, 2, 2, 2, 2], [0, 0, 0, 0, 0, 0, 0, 0, 0, 0, 0, 0, 0, 0, 0, 0, 0, 0, 0, 0, -1, 0, 0, 0, 0, 0, 0, 0, 0, 0, 0, 0, 0, 0, 0, 0, 0], [0, 0, 0, 0, 0, 0, 0, 0, 0, 0, 0, 0, 0, 0, 0, 0, 0, 0, 0, 0, 0, -1, 0, 0, 0, 0, 0, 0, 0, 0, 0, 0, 0, 0, 0, 0, 0], [0, 0, 0, 0, 0, 0, 0, 0, 0, 0, 0, 0, 0, 0, 0, 0, 0, 0, 0, 0, 0, 0, -1, 0, 0, 0, 0, 0, 0, 0, 0, 0, 0, 0, 0, 0, 0], [2, 2, 2, 2, 2, 2, 2, 2, 2, 2, 2, 2, 2, 2, 2, 2, 2, 2, 2, 2, 2, 2, 2, -1, 2, 2, 2, 2, 2, 2, 2, 2, 2, 2, 2, 2, 2], [0, 0, 0, 0, 0, 0, 0, 0, 0, 0, 0, 0, 0, 0, 0, 0, 0, 0, 0, 0, 0, 0, 0, 0, -1, 0, 0, 0, 0, 0, 0, 0, 0, 0, 0, 0, 0], [1, 1, 1, 1, 1, 1, 1, 1, 1, 1, 1, 1, 1, 1, 1, 1, 1, 1, 1, 1, 1, 1, 1, 1, 1, -1, 1, 1, 1, 1, 1, 1, 1, 1, 1, 1, 1], [0, 0, 0, 0, 0, 0, 0, 0, 0, 0, 0, 0, 0, 0, 0, 0, 0, 0, 0, 0, 0, 0, 0, 0, 0, 0, -1, 0, 0, 0, 0, 0, 0, 0, 0, 0, 0], [0, 0, 0, 0, 0, 0, 0, 0, 0, 0, 0, 0, 0, 0, 0, 0, 0, 0, 0, 0, 0, 0, 0, 0, 0, 0, 0, -1, 0, 0, 0, 0, 0, 0, 0, 0, 0], [2, 2, 2, 2, 2, 2, 2, 2, 2, 2, 2, 2, 2, 2, 2, 2, 2, 2, 2, 2, 2, 2, 2, 2, 2, 2, 2, 2, -1, 2, 2, 2, 2, 2, 2, 2, 2], [2, 2, 2, 2, 2, 2, 2, 2, 2, 2, 2, 2, 2, 2, 2, 2, 2, 2, 2, 2, 2, 2, 2, 2, 2, 2, 2, 2, 2, -1, 2, 2, 2, 2, 2, 2, 2], [0, 0, 0, 0, 0, 0, 0, 0, 0, 0, 0, 0, 0, 0, 0, 0, 0, 0, 0, 0, 0, 0, 0, 0, 0, 0, 0, 0, 0, 0, -1, 0, 0, 0, 0, 0, 0], [0, 0, 0, 0, 0, 0, 0, 0, 0, 0, 0, 0, 0, 0, 0, 0, 0, 0, 0, 0, 0, 0, 0, 0, 0, 0, 0, 0, 0, 0, 0, -1, 0, 0, 0, 0, 0], [1, 1, 1, 1, 1, 1, 1, 1, 1, 1, 1, 1, 1, 1, 1, 1, 1, 1, 1, 1, 1, 1, 1, 1, 1, 1, 1, 1, 1, 1, 1, 1, -1, 1, 1, 1, 1], [0, 0, 0, 0, 0, 0, 0, 0, 0, 0, 0, 0, 0, 0, 0, 0, 0, 0, 0, 0, 0, 0, 0, 0, 0, 0, 0, 0, 0, 0, 0, 0, 0, -1, 0, 0, 0], [0, 0, 0, 0, 0, 0, 0, 0, 0, 0, 0, 0, 0, 0, 0, 0, 0, 0, 0, 0, 0, 0, 0, 0, 0, 0, 0, 0, 0, 0, 0, 0, 0, 0, -1, 0, 0], [0, 0, 0, 0, 0, 0, 0, 0, 0, 0, 0, 0, 0, 0, 0, 0, 0, 0, 0, 0, 0, 0, 0, 0, 0, 0, 0, 0, 0, 0, 0, 0, 0, 0, 0, -1, 0], [0, 0, 0, 0, 0, 0, 0, 0, 0, 0, 0, 0, 0, 0, 0, 0, 0, 0, 0, 0, 0, 0, 0, 0, 0, 0, 0, 0, 0, 0, 0, 0, 0, 0, 0, 0, -1]], "dataset_name": "cordeau_et_al_2014", "digraph": {"arc_count": 1260, "arcs": [[0, 1, 1, 1, 1, 1, 1, 1, 1, 1, 1, 1, 1, 1, 1, 1, 1, 1, 1, 1, 1, 1, 1, 1, 1, 1, 1, 1, 1, 1, 1, 1, 1, 1, 1, 1, 0], [0, 0, 1, 1, 1, 1, 1, 1, 1, 1, 1, 1, 1, 1, 1, 1, 1, 1, 1, 1, 1, 1, 1, 1, 1, 1, 1, 1, 1, 1, 1, 1, 1, 1, 1, 1, 1], [0, 1, 0, 1, 1, 1, 1, 1, 1, 1, 1, 1, 1, 1, 1, 1, 1, 1, 1, 1, 1, 1, 1, 1, 1, 1, 1, 1, 1, 1, 1, 1, 1, 1, 1, 1, 1], [0, 1, 1, 0, 1, 1, 1, 1, 1, 1, 1, 1, 1, 1, 1, 1, 1, 1, 1, 1, 1, 1, 1, 1, 1, 1, 1, 1, 1, 1, 1, 1, 1, 1, 1, 1, 1], [0, 1, 1, 1, 0, 1, 1, 1, 1, 1, 1, 1, 1, 1, 1, 1, 1, 1, 1, 1, 1, 1, 1, 1, 1, 1, 1, 1, 1, 1, 1, 1, 1, 1, 1, 1, 1], [0, 1, 1, 1, 1, 0, 1, 1, 1, 1, 1, 1, 1, 1, 1, 1, 1, 1, 1, 1, 1, 1, 1, 1, 1, 1, 1, 1, 1, 1, 1, 1, 1, 1, 1, 1, 1], [0, 1, 1, 1, 1, 1, 0, 1, 1, 1, 1, 1, 1, 1, 1, 1, 1, 1, 1, 1, 1, 1, 1, 1, 1, 1, 1, 1, 1, 1, 1, 1, 1, 1, 1, 1, 1], [0, 1, 1, 1, 1, 1, 1, 0, 1, 1, 1, 1, 1, 1, 1, 1, 1, 1, 1, 1, 1, 1, 1, 1, 1, 1, 1, 1, 1, 1, 1, 1, 1, 1, 1, 1, 1], [0, 1, 1, 1, 1, 1, 1, 1, 0, 1, 1, 1, 1, 1, 1, 1, 1, 1, 1, 1, 1, 1, 1, 1, 1, 1, 1, 1, 1, 1, 1, 1, 1, 1, 1, 1, 1], [0, 1, 1, 1, 1, 1, 1, 1, 1, 0, 1, 1, 1, 1, 1, 1, 1, 1, 1, 1, 1, 1, 1, 1, 1, 1, 1, 1, 1, 1, 1, 1, 1, 1, 1, 1, 1], [0, 1, 1, 1, 1, 1, 1, 1, 1, 1, 0, 1, 1, 1, 1, 1, 1, 1, 1, 1, 1, 1, 1, 1, 1, 1, 1, 1, 1, 1, 1, 1, 1, 1, 1, 1, 1], [0, 1, 1, 1, 1, 1, 1, 1, 1, 1, 1, 0, 1, 1, 1, 1, 1, 1, 1, 1, 1, 1, 1, 1, 1, 1, 1, 1, 1, 1, 1, 1, 1, 1, 1, 1, 1], [0, 1, 1, 1, 1, 1, 1, 1, 1, 1, 1, 1, 0, 1, 1, 1, 1, 1, 1, 1, 1, 1, 1, 1, 1, 1, 1, 1, 1, 1, 1, 1, 1, 1, 1, 1, 1], [0, 1, 1, 1, 1, 1, 1, 1, 1, 1, 1, 1, 1, 0, 1, 1, 1, 1, 1, 1, 1, 1, 1, 1, 1, 1, 1, 1, 1, 1, 1, 1, 1, 1, 1, 1, 1], [0, 1, 1, 1, 1, 1, 1, 1, 1, 1, 1, 1, 1, 1, 0, 1, 1, 1, 1, 1, 1, 1, 1, 1, 1, 1, 1, 1, 1, 1, 1, 1, 1, 1, 1, 1, 1], [0, 1, 1, 1, 1, 1, 1, 1, 1, 1, 1, 1, 1, 1, 1, 0, 1, 1, 1, 1, 1, 1, 1, 1, 1, 1, 1, 1, 1, 1, 1, 1, 1, 1, 1, 1, 1], [0, 1, 1, 1, 1, 1, 1, 1, 1, 1, 1, 1, 1, 1, 1, 1, 0, 1, 1, 1, 1, 1, 1, 1, 1, 1, 1, 1, 1, 1, 1, 1, 1, 1, 1, 1, 1], [0, 1, 1, 1, 1, 1, 1, 1, 1, 1, 1, 1, 1, 1, 1, 1, 1, 0, 1, 1, 1, 1, 1, 1, 1, 1, 1, 1, 1, 1, 1, 1, 1, 1, 1, 1, 1], [0, 1, 1, 1, 1, 1, 1, 1, 1, 1, 1, 1, 1, 1, 1, 1, 1, 1, 0, 1, 1, 1, 1, 1, 1, 1, 1, 1, 1, 1, 1, 1, 1, 1, 1, 1, 1], [0, 1, 1, 1, 1, 1, 1, 1, 1, 1, 1, 1, 1, 1, 1, 1, 1, 1, 1, 0, 1, 1, 1, 1, 1, 1, 1, 1, 1, 1, 1, 1, 1, 1, 1, 1, 1], [0, 1, 1, 1, 1, 1, 1, 1, 1, 1, 1, 1, 1, 1, 1, 1, 1, 1, 1, 1, 0, 1, 1, 1, 1, 1, 1, 1, 1, 1, 1, 1, 1, 1, 1, 1, 1], [0, 1, 1, 1, 1, 1, 1, 1, 1, 1, 1, 1, 1, 1, 1, 1, 1, 1, 1, 1, 1, 0, 1, 1, 1, 1, 1, 1, 1, 1, 1, 1, 1, 1, 1, 1, 1], [0, 1, 1, 1, 1, 1, 1, 1, 1, 1, 1, 1, 1, 1, 1, 1, 1, 1, 1, 1, 1, 1, 0, 1, 1, 1, 1, 1, 1, 1, 1, 1, 1, 1, 1, 1, 1], [0, 1, 1, 1, 1, 1, 1, 1, 1, 1, 1, 1, 1, 1, 1, 1, 1, 1, 1, 1, 1, 1, 1, 0, 1, 1, 1, 1, 1, 1, 1, 1, 1, 1, 1, 1, 1], [0, 1, 1, 1, 1, 1, 1, 1, 1, 1, 1, 1, 1, 1, 1, 1, 1, 1, 1, 1, 1, 1, 1, 1, 0, 1, 1, 1, 1, 1, 1, 1, 1, 1, 1, 1, 1], [0, 1, 1, 1, 1, 1, 1, 1, 1, 1, 1, 1, 1, 1, 1, 1, 1, 1, 1, 1, 1, 1, 1, 1, 1, 0, 1, 1, 1, 1, 1, 1, 1, 1, 1, 1, 1], [0, 1, 1, 1, 1, 1, 1, 1, 1, 1, 1, 1, 1, 1, 1, 1, 1, 1, 1, 1, 1, 1, 1, 1, 1, 1, 0, 1, 1, 1, 1, 1, 1, 1, 1, 1, 1], [0, 1, 1, 1, 1, 1, 1, 1, 1, 1, 1, 1, 1, 1, 1, 1, 1, 1, 1, 1, 1, 1, 1, 1, 1, 1, 1, 0, 1, 1, 1, 1, 1, 1, 1, 1, 1], [0, 1, 1, 1, 1, 1, 1, 1, 1, 1, 1, 1, 1, 1, 1, 1, 1, 1, 1, 1, 1, 1, 1, 1, 1, 1, 1, 1, 0, 1, 1, 1, 1, 1, 1, 1, 1], [0, 1, 1, 1, 1, 1, 1, 1, 1, 1, 1, 1, 1, 1, 1, 1, 1, 1, 1, 1, 1, 1, 1, 1, 1, 1, 1, 1, 1, 0, 1, 1, 1, 1, 1, 1, 1], [0, 1, 1, 1, 1, 1, 1, 1, 1, 1, 1, 1, 1, 1, 1, 1, 1, 1, 1, 1, 1, 1, 1, 1, 1, 1, 1, 1, 1, 1, 0, 1, 1, 1, 1, 1, 1], [0, 1, 1, 1, 1, 1, 1, 1, 1, 1, 1, 1, 1, 1, 1, 1, 1, 1, 1, 1, 1, 1, 1, 1, 1, 1, 1, 1, 1, 1, 1, 0, 1, 1, 1, 1, 1], [0, 1, 1, 1, 1, 1, 1, 1, 1, 1, 1, 1, 1, 1, 1, 1, 1, 1, 1, 1, 1, 1, 1, 1, 1, 1, 1, 1, 1, 1, 1, 1, 0, 1, 1, 1, 1], [0, 1, 1, 1, 1, 1, 1, 1, 1, 1, 1, 1, 1, 1, 1, 1, 1, 1, 1, 1, 1, 1, 1, 1, 1, 1, 1, 1, 1, 1, 1, 1, 1, 0, 1, 1, 1], [0, 1, 1, 1, 1, 1, 1, 1, 1, 1, 1, 1, 1, 1, 1, 1, 1, 1, 1, 1, 1, 1, 1, 1, 1, 1, 1, 1, 1, 1, 1, 1, 1, 1, 0, 1, 1], [0, 1, 1, 1, 1, 1, 1, 1, 1, 1, 1, 1, 1, 1, 1, 1, 1, 1, 1, 1, 1, 1, 1, 1, 1, 1, 1, 1, 1, 1, 1, 1, 1, 1, 1, 0, 1], [0, 0, 0, 0, 0, 0, 0, 0, 0, 0, 0, 0, 0, 0, 0, 0, 0, 0, 0, 0, 0, 0, 0, 0, 0, 0, 0, 0, 0, 0, 0, 0, 0, 0, 0, 0, 0]], "vertex_count": 37}, "distances": [[0.0, 41.72, 18.68, 9.73, 10.82, 7.59, 18.71, 10.62, 29.65, 12.23, 5.97, 49.19, 6.89, 12.98, 8.61, 11.23, 8.34, 12.73, 31.25, 26.15, 11.95, 5.1, 10.57, 26.23, 11.42, 20.42, 13.99, 14.72, 34.64, 42.43, 5.74, 9.37, 24.64, 14.57, 13.83, 9.54, 10.2], [41.72, 0.0, 60.16, 37.39, 45.0, 38.74, 23.01, 38.65, 66.51, 42.12, 44.5, 16.0, 45.58, 49.75, 48.91, 41.76, 44.37, 33.8, 70.91, 29.27, 41.71, 38.22, 52.13, 21.08, 32.14, 21.84, 48.96, 53.9, 19.26, 13.75, 41.37, 49.28, 61.43, 37.65, 28.0, 42.28, 41.72], [18.68, 60.16, 0.0, 24.02, 16.29, 22.12, 37.2, 26.25, 17.04, 18.13, 18.27, 67.78, 17.65, 13.76, 11.52, 19.75, 17.06, 27.96, 20.31, 43.03, 18.45, 23.12, 8.11, 42.78, 29.77, 38.48, 15.83, 14.68, 50.65, 59.38, 21.2, 11.4, 14.22, 29.83, 32.16, 18.68, 18.68], [9.73, 37.39, 24.02, 0.0, 13.64, 11.51, 15.68, 17.93, 29.45, 6.87, 15.66, 47.68, 16.62, 12.36, 12.54, 12.78, 7.13, 17.4, 39.98, 29.66, 7.85, 11.85, 16.77, 18.77, 14.47, 15.66, 11.72, 24.16, 26.69, 35.37, 14.6, 12.62, 24.28, 21.32, 10.85, 11.74, 9.73], [10.82, 45.0, 16.29, 13.64, 0.0, 11.44, 22.09, 10.41, 29.29, 7.17, 13.36, 51.59, 9.3, 14.03, 8.48, 11.6, 10.71, 16.79, 27.25, 27.02, 5.81, 6.96, 8.48, 30.22, 13.58, 24.09, 15.54, 10.64, 38.66, 46.31, 5.08, 9.39, 24.54, 14.31, 17.43, 10.17, 10.82], [7.59, 38.74, 22.12, 11.51, 11.44, 0.0, 16.49, 16.43, 28.61, 4.64, 13.55, 48.45, 14.48, 11.23, 10.6, 10.78, 5.65, 5.97, 37.75, 29.18, 5.63, 10.25, 14.69, 20.69, 13.76, 16.9, 10.98, 21.93, 28.73, 37.27, 12.71, 10.78, 23.42, 19.99, 11.45, 9.64, 7.59], [18.71, 23.01, 37.2, 15.68, 22.09, 16.49, 0.0, 17.48, 45.06, 19.3, 21.9, 32.01, 23.02, 27.72, 26.1, 18.97, 22.09, 12.96, 48.67, 18.38, 18.76, 15.5, 29.14, 12.01, 10.34, 11.79, 27.35, 31.55, 19.8, 25.34, 18.91, 26.55, 39.87, 18.09, 5.12, 19.35, 18.71], [10.62, 38.65, 26.25, 17.93, 10.41, 16.43, 17.48, 0.0, 39.65, 14.44, 7.99, 42.84, 8.63, 23.55, 18.6, 7.49, 18.88, 19.22, 32.36, 16.78, 12.72, 6.2, 18.81, 28.49, 7.15, 20.56, 24.62, 15.67, 36.83, 42.81, 5.37, 19.47, 34.8, 14.69, 14.64, 9.06, 10.62], [29.65, 66.51, 17.04, 29.45, 29.29, 28.61, 45.06, 39.65, 0.0, 26.9, 32.09, 77.06, 31.91, 17.46, 21.12, 32.22, 23.17, 32.77, 35.27, 55.79, 28.19, 34.75, 21.43, 46.33, 40.8, 45.05, 17.73, 31.37, 52.6, 62.15, 34.28, 20.3, 5.19, 43.58, 40.06, 30.72, 29.65], [12.23, 42.12, 18.13, 6.87, 7.17, 4.64, 19.3, 14.44, 26.9, 0.0, 9.71, 50.77, 10.48, 9.65, 6.8, 7.52, 4.46, 10.53, 33.12, 29.21, 10.27, 8.48, 10.35, 25.01, 13.94, 20.36, 10.33, 17.4, 33.2, 41.53, 9.74, 7.27, 21.77, 18.33, 14.19, 6.05, 12.23], [5.97, 44.5, 18.27, 15.66, 13.36, 13.55, 21.9, 7.99, 32.09, 9.71, 0.0, 50.2, 12.87, 17.07, 11.47, 13.92, 13.58, 18.42, 26.82, 24.76, 8.13, 6.4, 10.91, 31.0, 12.49, 24.26, 18.56, 9.74, 39.49, 46.71, 11.71, 12.39, 27.42, 11.7, 17.62, 10.84, 5.97], [49.19, 16.0, 67.78, 47.68, 51.59, 48.45, 32.01, 42.84, 77.06, 50.77, 50.2, 0.0, 51.11, 59.67, 57.42, 48.13, 53.98, 44.71, 74.51, 28.18, 49.88, 44.67, 59.71, 34.91, 38.02, 32.49, 59.36, 58.45, 34.92, 29.58, 47.02, 58.0, 71.87, 40.44, 37.0, 49.1, 49.19], [6.89, 45.58, 17.65, 16.62, 9.3, 14.48, 23.02, 8.63, 31.91, 10.48, 12.87, 51.11, 0.0, 17.34, 11.6, 4.33, 14.17, 19.46, 25.68, 25.4, 8.97, 7.53, 10.57, 32.14, 13.52, 25.4, 18.93, 8.6, 40.63, 47.85, 4.22, 12.52, 27.33, 12.19, 18.76, 4.91, 6.89], [12.98, 49.75, 13.76, 12.36, 14.03, 11.23, 27.72, 23.55, 17.46, 9.65, 17.07, 59.67, 17.34, 0.0, 5.94, 16.12, 5.71, 16.05, 32.99, 38.85, 11.14, 17.96, 9.7, 30.57, 23.57, 28.0, 11.67, 20.92, 37.89, 47.04, 18.37, 5.08, 12.28, 27.52, 22.67, 14.52, 12.98], [8.61, 48.91, 11.52, 12.54, 8.48, 10.6, 26.1, 18.6, 21.12, 6.8, 11.47, 57.42, 11.6, 5.94, 0.0, 11.12, 5.85, 16.47, 28.55, 34.7, 7.54, 13.68, 4.62, 31.27, 19.98, 27.12, 7.86, 15.14, 39.22, 47.86, 13.25, 9.69, 16.21, 22.56, 20.99, 9.6, 8.61], [11.23, 41.76, 19.75, 12.78, 11.6, 10.78, 18.97, 7.49, 32.22, 7.52, 13.92, 48.13, 4.33, 16.12, 11.12, 0.0, 11.81, 15.33, 29.89, 23.76, 5.79, 11.86, 11.86, 27.81, 10.12, 21.19, 17.31, 12.87, 36.3, 43.6, 8.55, 11.99, 27.34, 11.47, 14.53, 9.24, 11.23], [8.34, 44.37, 17.06, 7.13, 10.71, 5.65, 22.09, 18.88, 23.17, 4.46, 13.58, 53.98, 14.17, 5.71, 5.85, 11.81, 0.0, 11.04, 34.29, 33.47, 6.16, 12.93, 10.42, 25.85, 18.07, 22.54, 5.96, 19.88, 33.6, 42.44, 14.07, 5.71, 17.98, 22.78, 17.01, 10.26, 8.34], [12.73, 33.8, 27.96, 17.4, 16.79, 5.97, 12.96, 19.22, 32.77, 10.53, 18.42, 44.71, 19.46, 16.05, 16.47, 15.33, 11.04, 0.0, 43.6, 28.76, 11.2, 13.58, 20.65, 14.83, 14.37, 12.32, 15.16, 27.43, 22.78, 31.43, 16.82, 16.56, 27.66, 22.14, 8.75, 14.56, 12.73], [31.25, 70.91, 20.31, 39.98, 27.25, 37.75, 48.67, 32.36, 35.27, 33.12, 26.82, 74.51, 25.68, 32.99, 28.55, 29.89, 34.29, 43.6, 0.0, 46.64, 32.43, 33.21, 23.93, 57.47, 38.81, 51.07, 35.18, 17.12, 65.89, 73.47, 29.76, 28.96, 33.89, 34.15, 44.42, 29.89, 31.25], [26.15, 29.27, 43.03, 29.66, 27.02, 29.18, 18.38, 16.78, 55.79, 29.21, 24.76, 28.18, 25.4, 38.85, 34.7, 23.76, 33.47, 28.76, 46.64, 0.0, 27.74, 21.05, 35.49, 29.69, 15.46, 21.63, 39.43, 31.42, 36.11, 38.37, 21.95, 35.5, 50.77, 13.38, 20.3, 25.16, 26.15], [11.95, 41.71, 18.45, 7.85, 5.81, 5.63, 18.76, 12.72, 28.19, 10.27, 8.13, 49.88, 8.97, 11.14, 7.54, 5.79, 6.16, 11.2, 32.43, 27.74, 0.0, 6.85, 10.44, 25.29, 12.62, 20.1, 11.96, 16.32, 33.6, 41.69, 8.0, 8.16, 23.09, 16.63, 13.71, 4.36, 11.95], [5.1, 38.22, 23.12, 11.85, 6.96, 10.25, 15.5, 6.2, 34.75, 8.48, 6.4, 44.67, 7.53, 17.96, 13.68, 11.86, 12.93, 13.58, 33.21, 21.05, 6.85, 0.0, 15.11, 24.87, 6.65, 17.88, 18.8, 16.11, 33.36, 40.36, 10.84, 14.46, 29.73, 9.93, 11.27, 4.44, 5.1], [10.57, 52.13, 8.11, 16.77, 8.48, 14.69, 29.14, 18.81, 21.43, 10.35, 10.91, 59.71, 10.57, 9.7, 4.62, 11.86, 10.42, 20.65, 23.93, 35.49, 10.44, 15.11, 0.0, 35.33, 21.74, 30.54, 11.85, 11.45, 43.42, 51.86, 13.54, 5.07, 17.07, 22.6, 24.13, 10.67, 10.57], [26.23, 21.08, 42.78, 18.77, 30.22, 20.69, 12.01, 28.49, 46.33, 25.01, 31.0, 34.91, 32.14, 30.57, 31.27, 27.81, 25.85, 14.83, 57.47, 29.69, 25.29, 24.87, 35.33, 0.0, 21.49, 8.5, 29.36, 40.66, 8.49, 16.6, 28.5, 31.39, 41.42, 29.76, 13.88, 27.61, 26.23], [11.42, 32.14, 29.77, 14.47, 13.58, 13.76, 10.34, 7.15, 40.8, 13.94, 12.49, 38.02, 13.52, 23.57, 19.98, 10.12, 18.07, 14.37, 38.81, 15.46, 12.62, 6.65, 21.74, 21.49, 0.0, 13.42, 24.02, 21.76, 29.75, 35.68, 9.3, 20.69, 35.69, 8.46, 7.85, 11.09, 11.42], [20.42, 21.84, 38.48, 15.66, 24.09, 16.9, 11.79, 20.56, 45.05, 20.36, 24.26, 32.49, 25.4, 28.0, 27.12, 21.19, 22.54, 12.32, 51.07, 21.63, 20.1, 17.88, 30.54, 8.5, 13.42, 0.0, 27.35, 33.99, 16.4, 22.51, 21.43, 27.46, 39.9, 21.45, 6.67, 21.36, 20.42], [13.99, 48.96, 15.83, 11.72, 15.54, 10.98, 27.35, 24.62, 17.73, 10.33, 18.56, 59.36, 18.93, 11.67, 7.86, 17.31, 5.96, 15.16, 35.18, 39.43, 11.96, 18.8, 11.85, 29.36, 24.02, 27.35, 0.0, 22.97, 36.44, 45.71, 19.58, 7.06, 12.56, 28.56, 22.38, 15.72, 13.99], [14.72, 53.9, 14.68, 24.16, 10.64, 21.93, 31.55, 15.67, 31.37, 17.4, 9.74, 58.45, 8.6, 20.92, 15.14, 12.87, 19.88, 27.43, 17.12, 31.42, 16.32, 16.11, 11.45, 40.66, 21.76, 33.99, 22.97, 0.0, 49.13, 56.45, 12.65, 15.91, 27.69, 18.17, 27.36, 13.09, 14.72], [34.64, 19.26, 50.65, 26.69, 38.66, 28.73, 19.8, 36.83, 52.6, 33.2, 39.49, 34.92, 40.63, 37.89, 39.22, 36.3, 33.6, 22.78, 65.89, 36.11, 33.6, 33.36, 43.42, 8.49, 29.75, 16.4, 36.44, 49.13, 0.0, 9.64, 36.99, 39.25, 47.93, 37.85, 22.31, 36.07, 34.64], [42.43, 13.75, 59.38, 35.37, 46.31, 37.27, 25.34, 42.81, 62.15, 41.53, 46.71, 29.58, 47.85, 47.04, 47.86, 43.6, 42.44, 31.43, 73.47, 38.37, 41.69, 40.36, 51.86, 16.6, 35.68, 22.51, 45.71, 56.45, 9.64, 0.0, 43.93, 47.99, 57.42, 43.07, 29.1, 43.61, 42.43], [5.74, 41.37, 21.2, 14.6, 5.08, 12.71, 18.91, 5.37, 34.28, 9.74, 11.71, 47.02, 4.22, 18.37, 13.25, 8.55, 14.07, 16.82, 29.76, 21.95, 8.0, 10.84, 13.54, 28.5, 9.3, 21.43, 19.58, 12.65, 36.99, 43.93, 0.0, 14.13, 29.44, 9.32, 14.86, 9.13, 5.74], [9.37, 49.28, 11.4, 12.62, 9.39, 10.78, 26.55, 19.47, 20.3, 7.27, 12.39, 58.0, 12.52, 5.08, 9.69, 11.99, 5.71, 16.56, 28.96, 35.5, 8.16, 14.46, 5.07, 31.39, 20.69, 27.46, 7.06, 15.91, 39.25, 47.99, 14.13, 0.0, 15.36, 23.44, 21.43, 10.45, 9.37], [24.64, 61.43, 14.22, 24.28, 24.54, 23.42, 39.87, 34.8, 5.19, 21.77, 27.42, 71.87, 27.33, 12.28, 16.21, 27.34, 17.98, 27.66, 33.89, 50.77, 23.09, 29.73, 17.07, 41.42, 35.69, 39.9, 12.56, 27.69, 47.93, 57.42, 29.44, 15.36, 0.0, 38.77, 34.87, 25.81, 24.64], [14.57, 37.65, 29.83, 21.32, 14.31, 19.99, 18.09, 14.69, 43.58, 18.33, 11.7, 40.44, 12.19, 27.52, 22.56, 11.47, 22.78, 22.14, 34.15, 13.38, 16.63, 9.93, 22.6, 29.76, 8.46, 21.45, 28.56, 18.17, 37.85, 43.07, 9.32, 23.44, 38.77, 0.0, 16.31, 13.04, 14.57], [13.83, 28.0, 32.16, 10.85, 17.43, 11.45, 5.12, 14.64, 40.06, 14.19, 17.62, 37.0, 18.76, 22.67, 20.99, 14.53, 17.01, 8.75, 44.42, 20.3, 13.71, 11.27, 24.13, 13.88, 7.85, 6.67, 22.38, 27.36, 22.31, 29.1, 14.86, 21.43, 34.87, 16.31, 0.0, 14.69, 13.83], [9.54, 42.28, 18.68, 11.74, 10.17, 9.64, 19.35, 9.06, 30.72, 6.05, 10.84, 49.1, 4.91, 14.52, 9.6, 9.24, 10.26, 14.56, 29.89, 25.16, 4.36, 4.44, 10.67, 27.61, 11.09, 21.36, 15.72, 13.09, 36.07, 43.61, 9.13, 10.45, 25.81, 13.04, 14.69, 0.0, 9.54], [10.2, 41.72, 18.68, 9.73, 10.82, 7.59, 18.71, 10.62, 29.65, 12.23, 5.97, 49.19, 6.89, 12.98, 8.61, 11.23, 8.34, 12.73, 31.25, 26.15, 11.95, 5.1, 10.57, 26.23, 11.42, 20.42, 13.99, 14.72, 34.64, 42.43, 5.74, 9.37, 24.64, 14.57, 13.83, 9.54, 0.0]], "end_depot": 36, "horizon": [0.0, 1700.82], "instance_name": "35_90_B_C10", "speed_zone_count": 3, "speed_zones": [[0.0, 566.94], [566.94, 1133.88], [1133.88, 1700.82]], "start_depot": 0, "vehicle_count": 35}