{"cluster_count": 3, "cluster_speeds": [[0.22, 0.44, 0.22], [0.285, 0.6, 0.285], [0.40255, 0.83, 0.40255]], "clusters": [[-1, 0, 0, 0, 0, 0, 0, 0, 0, 0, 0, 0, 0, 0, 0, 0, 0, 0, 0, 0, 0, 0, 0, 0, 0, 0, 0, 0, 0, 0, 0, 0, 0, 0, 0, 0, 0], [2, -1, 2, 2, 2, 2, 2, 2, 2, 2, 2, 2, 2, 2, 2, 2, 2, 2, 2, 2, 2, 2, 2, 2, 2, 2, 2, 2, 2, 2, 2, 2, 2, 2, 2, 2, 2], [2, 2, -1, 2, 2, 2, 2, 2, 2, 2, 2, 2, 2, 2, 2, 2, 2, 2, 2, 2, 2, 2, 2, 2, 2, 2, 2, 2, 2, 2, 2, 2, 2, 2, 2, 2, 2], [1, 1, 1, -1, 1, 1, 1, 1, 1, 1, 1, 1, 1, 1, 1, 1, 1, 1, 1, 1, 1, 1, 1, 1, 1, 1, 1, 1, 1, 1, 1, 1, 1, 1, 1, 1, 1], [1, 1, 1, 1, -1, 1, 1, 1, 1, 1, 1, 1, 1, 1, 1, 1, 1, 1, 1, 1, 1, 1, 1, 1, 1, 1, 1, 1, 1, 1, 1, 1, 1, 1, 1, 1, 1], [0, 0, 0, 0, 0, -1, 0, 0, 0, 0, 0, 0, 0, 0, 0, 0, 0, 0, 0, 0, 0, 0, 0, 0, 0, 0, 0, 0, 0, 0, 0, 0, 0, 0, 0, 0, 0], [2, 2, 2, 2, 2, 2, -1, 2, 2, 2, 2, 2, 2, 2, 2, 2, 2, 2, 2, 2, 2, 2, 2, 2, 2, 2, 2, 2, 2, 2, 2, 2, 2, 2, 2, 2, 2], [0, 0, 0, 0, 0, 0, 0, -1, 0, 0, 0, 0, 0, 0, 0, 0, 0, 0, 0, 0, 0, 0, 0, 0, 0, 0, 0, 0, 0, 0, 0, 0, 0, 0, 0, 0, 0], [1, 1, 1, 1, 1, 1, 1, 1, -1, 1, 1, 1, 1, 1, 1, 1, 1, 1, 1, 1, 1, 1, 1, 1, 1, 1, 1, 1, 1, 1, 1, 1, 1, 1, 1, 1, 1], [2, 2, 2, 2, 2, 2, 2, 2, 2, -1, 2, 2, 2, 2, 2, 2, 2, 2, 2, 2, 2, 2, 2, 2, 2, 2, 2, 2, 2, 2, 2, 2, 2, 2, 2, 2, 2], [2, 2, 2, 2, 2, 2, 2, 2, 2, 2, -1, 2, 2, 2, 2, 2, 2, 2, 2, 2, 2, 2, 2, 2, 2, 2, 2, 2, 2, 2, 2, 2, 2, 2, 2, 2, 2], [0, 0, 0, 0, 0, 0, 0, 0, 0, 0, 0, -1, 0, 0, 0, 0, 0, 0, 0, 0, 0, 0, 0, 0, 0, 0, 0, 0, 0, 0, 0, 0, 0, 0, 0, 0, 0], [2, 2, 2, 2, 2, 2, 2, 2, 2, 2, 2, 2, -1, 2, 2, 2, 2, 2, 2, 2, 2, 2, 2, 2, 2, 2, 2, 2, 2, 2, 2, 2, 2, 2, 2, 2, 2], [1, 1, 1, 1, 1, 1, 1, 1, 1, 1, 1, 1, 1, -1, 1, 1, 1, 1, 1, 1, 1, 1, 1, 1, 1, 1, 1, 1, 1, 1, 1, 1, 1, 1, 1, 1, 1], [1, 1, 1, 1, 1, 1, 1, 1, 1, 1, 1, 1, 1, 1, -1, 1, 1, 1, 1, 1, 1, 1, 1, 1, 1, 1, 1, 1, 1, 1, 1, 1, 1, 1, 1, 1, 1], [0, 0, 0, 0, 0, 0, 0, 0, 0, 0, 0, 0, 0, 0, 0, -1, 0, 0, 0, 0, 0, 0, 0, 0, 0, 0, 0, 0, 0, 0, 0, 0, 0, 0, 0, 0, 0], [2, 2, 2, 2, 2, 2, 2, 2, 2, 2, 2, 2, 2, 2, 2, 2, -1, 2, 2, 2, 2, 2, 2, 2, 2, 2, 2, 2, 2, 2, 2, 2, 2, 2, 2, 2, 2], [2, 2, 2, 2, 2, 2, 2, 2, 2, 2, 2, 2, 2, 2, 2, 2, 2, -1, 2, 2, 2, 2, 2, 2, 2, 2, 2, 2, 2, 2, 2, 2, 2, 2, 2, 2, 2], [0, 0, 0, 0, 0, 0, 0, 0, 0, 0, 0, 0, 0, 0, 0, 0, 0, 0, -1, 0, 0, 0, 0, 0, 0, 0, 0, 0, 0, 0, 0, 0, 0, 0, 0, 0, 0], [2, 2, 2, 2, 2, 2, 2, 2, 2, 2, 2, 2, 2, 2, 2, 2, 2, 2, 2, -1, 2, 2, 2, 2, 2, 2, 2, 2, 2, 2, 2, 2, 2, 2, 2, 2, 2], [1, 1, 1, 1, 1, 1, 1, 1, 1, 1, 1, 1, 1, 1, 1, 1, 1, 1, 1, 1, -1, 1, 1, 1, 1, 1, 1, 1, 1, 1, 1, 1, 1, 1, 1, 1, 1], [2, 2, 2, 2, 2, 2, 2, 2, 2, 2, 2, 2, 2, 2, 2, 2, 2, 2, 2, 2, 2, -1, 2, 2, 2, 2, 2, 2, 2, 2, 2, 2, 2, 2, 2, 2, 2], [0, 0, 0, 0, 0, 0, 0, 0, 0, 0, 0, 0, 0, 0, 0, 0, 0, 0, 0, 0, 0, 0, -1, 0, 0, 0, 0, 0, 0, 0, 0, 0, 0, 0, 0, 0, 0], [1, 1, 1, 1, 1, 1, 1, 1, 1, 1, 1, 1, 1, 1, 1, 1, 1, 1, 1, 1, 1, 1, 1, -1, 1, 1, 1, 1, 1, 1, 1, 1, 1, 1, 1, 1, 1], [1, 1, 1, 1, 1, 1, 1, 1, 1, 1, 1, 1, 1, 1, 1, 1, 1, 1, 1, 1, 1, 1, 1, 1, -1, 1, 1, 1, 1, 1, 1, 1, 1, 1, 1, 1, 1], [0, 0, 0, 0, 0, 0, 0, 0, 0, 0, 0, 0, 0, 0, 0, 0, 0, 0, 0, 0, 0, 0, 0, 0, 0, -1, 0, 0, 0, 0, 0, 0, 0, 0, 0, 0, 0], [2, 2, 2, 2, 2, 2, 2, 2, 2, 2, 2, 2, 2, 2, 2, 2, 2, 2, 2, 2, 2, 2, 2, 2, 2, 2, -1, 2, 2, 2, 2, 2, 2, 2, 2, 2, 2], [0, 0, 0, 0, 0, 0, 0, 0, 0, 0, 0, 0, 0, 0, 0, 0, 0, 0, 0, 0, 0, 0, 0, 0, 0, 0, 0, -1, 0, 0, 0, 0, 0, 0, 0, 0, 0], [2, 2, 2, 2, 2, 2, 2, 2, 2, 2, 2, 2, 2, 2, 2, 2, 2, 2, 2, 2, 2, 2, 2, 2, 2, 2, 2, 2, -1, 2, 2, 2, 2, 2, 2, 2, 2], [2, 2, 2, 2, 2, 2, 2, 2, 2, 2, 2, 2, 2, 2, 2, 2, 2, 2, 2, 2, 2, 2, 2, 2, 2, 2, 2, 2, 2, -1, 2, 2, 2, 2, 2, 2, 2], [0, 0, 0, 0, 0, 0, 0, 0, 0, 0, 0, 0, 0, 0, 0, 0, 0, 0, 0, 0, 0, 0, 0, 0, 0, 0, 0, 0, 0, 0, -1, 0, 0, 0, 0, 0, 0], [1, 1, 1, 1, 1, 1, 1, 1, 1, 1, 1, 1, 1, 1, 1, 1, 1, 1, 1, 1, 1, 1, 1, 1, 1, 1, 1, 1, 1, 1, 1, -1, 1, 1, 1, 1, 1], [0, 0, 0, 0, 0, 0, 0, 0, 0, 0, 0, 0, 0, 0, 0, 0, 0, 0, 0, 0, 0, 0, 0, 0, 0, 0, 0, 0, 0, 0, 0, 0, -1, 0, 0, 0, 0], [1, 1, 1, 1, 1, 1, 1, 1, 1, 1, 1, 1, 1, 1, 1, 1, 1, 1, 1, 1, 1, 1, 1, 1, 1, 1, 1, 1, 1, 1, 1, 1, 1, -1, 1, 1, 1], [2, 2, 2, 2, 2, 2, 2, 2, 2, 2, 2, 2, 2, 2, 2, 2, 2, 2, 2, 2, 2, 2, 2, 2, 2, 2, 2, 2, 2, 2, 2, 2, 2, 2, -1, 2, 2], [0, 0, 0, 0, 0, 0, 0, 0, 0, 0, 0, 0, 0, 0, 0, 0, 0, 0, 0, 0, 0, 0, 0, 0, 0, 0, 0, 0, 0, 0, 0, 0, 0, 0, 0, -1, 0], [0, 0, 0, 0, 0, 0, 0, 0, 0, 0, 0, 0, 0, 0, 0, 0, 0, 0, 0, 0, 0, 0, 0, 0, 0, 0, 0, 0, 0, 0, 0, 0, 0, 0, 0, 0, -1]], "dataset_name": "cordeau_et_al_2014", "digraph": {"arc_count": 1260, "arcs": [[0, 1, 1, 1, 1, 1, 1, 1, 1, 1, 1, 1, 1, 1, 1, 1, 1, 1, 1, 1, 1, 1, 1, 1, 1, 1, 1, 1, 1, 1, 1, 1, 1, 1, 1, 1, 0], [0, 0, 1, 1, 1, 1, 1, 1, 1, 1, 1, 1, 1, 1, 1, 1, 1, 1, 1, 1, 1, 1, 1, 1, 1, 1, 1, 1, 1, 1, 1, 1, 1, 1, 1, 1, 1], [0, 1, 0, 1, 1, 1, 1, 1, 1, 1, 1, 1, 1, 1, 1, 1, 1, 1, 1, 1, 1, 1, 1, 1, 1, 1, 1, 1, 1, 1, 1, 1, 1, 1, 1, 1, 1], [0, 1, 1, 0, 1, 1, 1, 1, 1, 1, 1, 1, 1, 1, 1, 1, 1, 1, 1, 1, 1, 1, 1, 1, 1, 1, 1, 1, 1, 1, 1, 1, 1, 1, 1, 1, 1], [0, 1, 1, 1, 0, 1, 1, 1, 1, 1, 1, 1, 1, 1, 1, 1, 1, 1, 1, 1, 1, 1, 1, 1, 1, 1, 1, 1, 1, 1, 1, 1, 1, 1, 1, 1, 1], [0, 1, 1, 1, 1, 0, 1, 1, 1, 1, 1, 1, 1, 1, 1, 1, 1, 1, 1, 1, 1, 1, 1, 1, 1, 1, 1, 1, 1, 1, 1, 1, 1, 1, 1, 1, 1], [0, 1, 1, 1, 1, 1, 0, 1, 1, 1, 1, 1, 1, 1, 1, 1, 1, 1, 1, 1, 1, 1, 1, 1, 1, 1, 1, 1, 1, 1, 1, 1, 1, 1, 1, 1, 1], [0, 1, 1, 1, 1, 1, 1, 0, 1, 1, 1, 1, 1, 1, 1, 1, 1, 1, 1, 1, 1, 1, 1, 1, 1, 1, 1, 1, 1, 1, 1, 1, 1, 1, 1, 1, 1], [0, 1, 1, 1, 1, 1, 1, 1, 0, 1, 1, 1, 1, 1, 1, 1, 1, 1, 1, 1, 1, 1, 1, 1, 1, 1, 1, 1, 1, 1, 1, 1, 1, 1, 1, 1, 1], [0, 1, 1, 1, 1, 1, 1, 1, 1, 0, 1, 1, 1, 1, 1, 1, 1, 1, 1, 1, 1, 1, 1, 1, 1, 1, 1, 1, 1, 1, 1, 1, 1, 1, 1, 1, 1], [0, 1, 1, 1, 1, 1, 1, 1, 1, 1, 0, 1, 1, 1, 1, 1, 1, 1, 1, 1, 1, 1, 1, 1, 1, 1, 1, 1, 1, 1, 1, 1, 1, 1, 1, 1, 1], [0, 1, 1, 1, 1, 1, 1, 1, 1, 1, 1, 0, 1, 1, 1, 1, 1, 1, 1, 1, 1, 1, 1, 1, 1, 1, 1, 1, 1, 1, 1, 1, 1, 1, 1, 1, 1], [0, 1, 1, 1, 1, 1, 1, 1, 1, 1, 1, 1, 0, 1, 1, 1, 1, 1, 1, 1, 1, 1, 1, 1, 1, 1, 1, 1, 1, 1, 1, 1, 1, 1, 1, 1, 1], [0, 1, 1, 1, 1, 1, 1, 1, 1, 1, 1, 1, 1, 0, 1, 1, 1, 1, 1, 1, 1, 1, 1, 1, 1, 1, 1, 1, 1, 1, 1, 1, 1, 1, 1, 1, 1], [0, 1, 1, 1, 1, 1, 1, 1, 1, 1, 1, 1, 1, 1, 0, 1, 1, 1, 1, 1, 1, 1, 1, 1, 1, 1, 1, 1, 1, 1, 1, 1, 1, 1, 1, 1, 1], [0, 1, 1, 1, 1, 1, 1, 1, 1, 1, 1, 1, 1, 1, 1, 0, 1, 1, 1, 1, 1, 1, 1, 1, 1, 1, 1, 1, 1, 1, 1, 1, 1, 1, 1, 1, 1], [0, 1, 1, 1, 1, 1, 1, 1, 1, 1, 1, 1, 1, 1, 1, 1, 0, 1, 1, 1, 1, 1, 1, 1, 1, 1, 1, 1, 1, 1, 1, 1, 1, 1, 1, 1, 1], [0, 1, 1, 1, 1, 1, 1, 1, 1, 1, 1, 1, 1, 1, 1, 1, 1, 0, 1, 1, 1, 1, 1, 1, 1, 1, 1, 1, 1, 1, 1, 1, 1, 1, 1, 1, 1], [0, 1, 1, 1, 1, 1, 1, 1, 1, 1, 1, 1, 1, 1, 1, 1, 1, 1, 0, 1, 1, 1, 1, 1, 1, 1, 1, 1, 1, 1, 1, 1, 1, 1, 1, 1, 1], [0, 1, 1, 1, 1, 1, 1, 1, 1, 1, 1, 1, 1, 1, 1, 1, 1, 1, 1, 0, 1, 1, 1, 1, 1, 1, 1, 1, 1, 1, 1, 1, 1, 1, 1, 1, 1], [0, 1, 1, 1, 1, 1, 1, 1, 1, 1, 1, 1, 1, 1, 1, 1, 1, 1, 1, 1, 0, 1, 1, 1, 1, 1, 1, 1, 1, 1, 1, 1, 1, 1, 1, 1, 1], [0, 1, 1, 1, 1, 1, 1, 1, 1, 1, 1, 1, 1, 1, 1, 1, 1, 1, 1, 1, 1, 0, 1, 1, 1, 1, 1, 1, 1, 1, 1, 1, 1, 1, 1, 1, 1], [0, 1, 1, 1, 1, 1, 1, 1, 1, 1, 1, 1, 1, 1, 1, 1, 1, 1, 1, 1, 1, 1, 0, 1, 1, 1, 1, 1, 1, 1, 1, 1, 1, 1, 1, 1, 1], [0, 1, 1, 1, 1, 1, 1, 1, 1, 1, 1, 1, 1, 1, 1, 1, 1, 1, 1, 1, 1, 1, 1, 0, 1, 1, 1, 1, 1, 1, 1, 1, 1, 1, 1, 1, 1], [0, 1, 1, 1, 1, 1, 1, 1, 1, 1, 1, 1, 1, 1, 1, 1, 1, 1, 1, 1, 1, 1, 1, 1, 0, 1, 1, 1, 1, 1, 1, 1, 1, 1, 1, 1, 1], [0, 1, 1, 1, 1, 1, 1, 1, 1, 1, 1, 1, 1, 1, 1, 1, 1, 1, 1, 1, 1, 1, 1, 1, 1, 0, 1, 1, 1, 1, 1, 1, 1, 1, 1, 1, 1], [0, 1, 1, 1, 1, 1, 1, 1, 1, 1, 1, 1, 1, 1, 1, 1, 1, 1, 1, 1, 1, 1, 1, 1, 1, 1, 0, 1, 1, 1, 1, 1, 1, 1, 1, 1, 1], [0, 1, 1, 1, 1, 1, 1, 1, 1, 1, 1, 1, 1, 1, 1, 1, 1, 1, 1, 1, 1, 1, 1, 1, 1, 1, 1, 0, 1, 1, 1, 1, 1, 1, 1, 1, 1], [0, 1, 1, 1, 1, 1, 1, 1, 1, 1, 1, 1, 1, 1, 1, 1, 1, 1, 1, 1, 1, 1, 1, 1, 1, 1, 1, 1, 0, 1, 1, 1, 1, 1, 1, 1, 1], [0, 1, 1, 1, 1, 1, 1, 1, 1, 1, 1, 1, 1, 1, 1, 1, 1, 1, 1, 1, 1, 1, 1, 1, 1, 1, 1, 1, 1, 0, 1, 1, 1, 1, 1, 1, 1], [0, 1, 1, 1, 1, 1, 1, 1, 1, 1, 1, 1, 1, 1, 1, 1, 1, 1, 1, 1, 1, 1, 1, 1, 1, 1, 1, 1, 1, 1, 0, 1, 1, 1, 1, 1, 1], [0, 1, 1, 1, 1, 1, 1, 1, 1, 1, 1, 1, 1, 1, 1, 1, 1, 1, 1, 1, 1, 1, 1, 1, 1, 1, 1, 1, 1, 1, 1, 0, 1, 1, 1, 1, 1], [0, 1, 1, 1, 1, 1, 1, 1, 1, 1, 1, 1, 1, 1, 1, 1, 1, 1, 1, 1, 1, 1, 1, 1, 1, 1, 1, 1, 1, 1, 1, 1, 0, 1, 1, 1, 1], [0, 1, 1, 1, 1, 1, 1, 1, 1, 1, 1, 1, 1, 1, 1, 1, 1, 1, 1, 1, 1, 1, 1, 1, 1, 1, 1, 1, 1, 1, 1, 1, 1, 0, 1, 1, 1], [0, 1, 1, 1, 1, 1, 1, 1, 1, 1, 1, 1, 1, 1, 1, 1, 1, 1, 1, 1, 1, 1, 1, 1, 1, 1, 1, 1, 1, 1, 1, 1, 1, 1, 0, 1, 1], [0, 1, 1, 1, 1, 1, 1, 1, 1, 1, 1, 1, 1, 1, 1, 1, 1, 1, 1, 1, 1, 1, 1, 1, 1, 1, 1, 1, 1, 1, 1, 1, 1, 1, 1, 0, 1], [0, 0, 0, 0, 0, 0, 0, 0, 0, 0, 0, 0, 0, 0, 0, 0, 0, 0, 0, 0, 0, 0, 0, 0, 0, 0, 0, 0, 0, 0, 0, 0, 0, 0, 0, 0, 0]], "vertex_count": 37}, "distances": [[0.0, 38.56, 30.43, 22.41, 20.07, 12.94, 32.04, 6.72, 23.38, 38.37, 31.77, 7.8, 38.76, 22.9, 22.77, 11.16, 34.87, 28.05, 13.03, 44.32, 23.71, 27.39, 7.59, 23.19, 19.68, 5.1, 38.29, 12.15, 25.17, 32.64, 10.92, 20.83, 10.59, 23.29, 39.33, 7.25, 10.21], [38.56, 0.0, 63.55, 55.77, 51.93, 45.88, 7.01, 35.94, 56.48, 76.89, 22.22, 40.83, 26.95, 55.93, 24.32, 38.59, 15.85, 66.1, 28.56, 81.81, 56.06, 64.08, 34.29, 59.22, 24.22, 38.44, 74.88, 39.49, 61.24, 13.5, 43.88, 18.17, 46.97, 23.72, 25.03, 37.93, 38.56], [30.43, 63.55, 0.0, 8.17, 11.66, 18.45, 56.54, 29.0, 7.28, 29.79, 61.91, 24.2, 69.11, 7.83, 40.32, 28.56, 64.12, 16.18, 35.25, 22.4, 7.5, 34.83, 30.43, 34.96, 39.5, 34.55, 14.29, 31.91, 35.57, 61.4, 20.66, 45.84, 31.88, 41.0, 69.56, 36.69, 30.43], [22.41, 55.77, 8.17, 0.0, 17.54, 10.29, 48.77, 20.85, 15.45, 30.69, 53.76, 16.04, 61.0, 15.99, 33.07, 20.45, 55.96, 16.18, 27.31, 27.66, 15.67, 31.34, 22.3, 30.38, 31.93, 26.73, 19.87, 24.05, 31.39, 53.26, 12.5, 37.9, 25.03, 33.76, 61.42, 28.9, 22.41], [20.07, 51.93, 11.66, 17.54, 0.0, 7.25, 44.92, 17.58, 4.61, 34.0, 50.82, 13.02, 58.2, 17.88, 29.02, 17.83, 52.68, 19.58, 23.59, 31.74, 18.44, 32.91, 18.93, 31.36, 27.97, 24.75, 23.96, 22.07, 32.58, 49.88, 9.45, 34.18, 24.35, 29.72, 58.51, 26.96, 20.07], [12.94, 45.88, 18.45, 10.29, 7.25, 0.0, 38.9, 10.56, 11.17, 35.33, 43.62, 5.8, 50.96, 10.63, 24.25, 10.61, 45.67, 21.83, 17.32, 36.29, 11.19, 30.48, 12.02, 27.94, 22.56, 17.78, 29.05, 15.12, 29.48, 42.96, 16.7, 27.83, 18.74, 24.94, 51.3, 20.0, 12.94], [32.04, 7.01, 56.54, 48.77, 44.92, 38.9, 0.0, 29.07, 49.47, 70.41, 21.52, 33.92, 27.82, 48.92, 17.6, 31.9, 16.7, 59.31, 21.59, 74.91, 49.05, 58.19, 27.41, 53.43, 17.26, 32.37, 67.92, 33.18, 55.46, 13.42, 36.92, 11.34, 40.94, 17.03, 26.3, 32.09, 32.04], [6.72, 35.94, 29.0, 20.85, 17.58, 10.56, 29.07, 0.0, 21.72, 42.24, 33.33, 4.96, 40.82, 21.18, 16.99, 4.44, 35.13, 30.31, 7.88, 45.87, 21.67, 33.14, 10.12, 29.28, 14.29, 11.36, 39.06, 9.53, 31.19, 32.4, 8.36, 17.77, 17.05, 17.58, 41.02, 13.21, 6.72], [23.38, 56.48, 7.28, 15.45, 4.61, 11.17, 49.47, 21.72, 0.0, 30.92, 54.69, 16.94, 61.95, 15.11, 33.63, 21.4, 56.84, 16.41, 28.07, 27.32, 14.78, 32.05, 23.15, 31.2, 32.57, 27.72, 19.45, 25.05, 32.17, 54.12, 13.39, 38.66, 26.01, 34.32, 62.36, 29.9, 23.38], [38.37, 76.89, 29.79, 30.69, 34.0, 35.33, 70.41, 42.24, 30.92, 0.0, 66.2, 38.1, 71.41, 31.2, 58.82, 38.7, 71.09, 14.52, 50.12, 16.82, 32.24, 17.47, 43.87, 21.82, 56.46, 38.84, 19.56, 37.46, 20.51, 69.56, 36.37, 59.16, 30.78, 59.47, 72.77, 39.88, 38.37], [31.77, 22.22, 61.91, 53.76, 50.82, 43.62, 21.52, 33.33, 54.69, 66.2, 0.0, 37.82, 7.79, 54.18, 32.71, 33.37, 7.05, 58.83, 29.57, 75.29, 54.8, 50.51, 32.17, 45.5, 30.19, 28.74, 69.83, 31.0, 47.34, 8.72, 41.4, 21.9, 35.65, 32.5, 7.7, 27.08, 31.77], [7.8, 40.83, 24.2, 16.04, 13.02, 5.8, 33.92, 4.96, 16.94, 38.1, 37.82, 0.0, 45.18, 16.41, 20.73, 5.17, 39.93, 25.64, 12.46, 40.99, 16.99, 30.52, 6.56, 27.16, 18.45, 12.89, 34.11, 10.39, 28.94, 37.28, 13.32, 22.67, 16.03, 21.37, 45.5, 15.05, 7.8], [38.76, 26.95, 69.11, 61.0, 58.2, 50.96, 27.82, 40.82, 61.95, 71.41, 7.79, 45.18, 0.0, 61.44, 40.36, 40.55, 11.26, 65.07, 37.33, 81.5, 62.12, 55.03, 39.73, 50.1, 37.92, 35.27, 76.4, 37.7, 51.82, 14.4, 48.75, 29.58, 41.44, 40.12, 15.49, 33.42, 38.76], [22.9, 55.93, 7.83, 15.99, 17.88, 10.63, 48.92, 21.18, 15.11, 31.2, 54.18, 16.41, 61.44, 0.0, 33.08, 20.9, 56.3, 16.68, 27.51, 27.82, 15.33, 32.03, 22.6, 31.09, 32.02, 27.28, 19.96, 24.6, 32.09, 53.57, 12.85, 38.1, 25.69, 33.77, 61.84, 29.46, 22.9], [22.77, 24.32, 40.32, 33.07, 29.02, 24.25, 17.6, 16.99, 33.63, 58.82, 32.71, 20.73, 40.36, 33.08, 0.0, 21.21, 30.92, 45.98, 9.78, 60.38, 32.98, 50.02, 15.54, 45.95, 16.44, 25.79, 52.85, 25.12, 47.92, 27.46, 22.74, 10.82, 33.33, 20.06, 39.59, 26.76, 22.77], [11.16, 38.59, 28.56, 20.45, 17.83, 10.61, 31.9, 4.44, 21.4, 38.7, 33.37, 5.17, 40.55, 20.9, 21.21, 0.0, 36.03, 27.56, 11.7, 43.59, 21.62, 28.82, 5.68, 24.87, 18.32, 7.83, 37.22, 5.53, 26.8, 33.6, 8.49, 20.57, 12.62, 21.78, 41.01, 9.94, 11.16], [34.87, 15.85, 64.12, 55.96, 52.68, 45.67, 16.7, 35.13, 56.84, 71.09, 7.05, 39.93, 11.26, 56.3, 30.92, 36.03, 0.0, 62.68, 29.96, 79.08, 56.79, 56.05, 33.76, 51.03, 29.0, 32.67, 73.15, 34.63, 52.94, 15.77, 43.46, 20.56, 40.32, 30.58, 9.61, 31.33, 34.87], [28.05, 66.1, 16.18, 16.18, 19.58, 21.83, 59.31, 30.31, 16.41, 14.52, 58.83, 25.64, 65.07, 16.68, 45.98, 27.56, 62.68, 0.0, 38.08, 16.46, 17.73, 19.91, 31.97, 21.44, 44.01, 30.13, 12.21, 28.06, 21.44, 60.62, 23.25, 47.97, 23.85, 46.66, 66.05, 31.76, 28.05], [13.03, 28.56, 35.25, 27.31, 23.59, 17.32, 21.59, 7.88, 28.07, 50.12, 29.57, 12.46, 37.33, 27.51, 9.78, 11.7, 29.96, 38.08, 0.0, 53.39, 27.75, 40.39, 6.25, 36.22, 6.65, 16.08, 46.33, 15.33, 38.2, 26.87, 15.34, 10.59, 23.56, 10.28, 37.12, 17.2, 13.03], [44.32, 81.81, 22.4, 27.66, 31.74, 36.29, 74.91, 45.87, 27.32, 16.82, 75.29, 40.99, 81.5, 27.82, 60.38, 43.59, 79.08, 16.46, 53.39, 0.0, 28.3, 32.14, 47.51, 35.34, 58.84, 46.58, 8.12, 44.47, 34.65, 76.95, 38.1, 63.64, 40.15, 61.07, 82.5, 48.22, 44.32], [23.71, 56.06, 7.5, 15.67, 18.44, 11.19, 49.05, 21.67, 14.78, 32.24, 54.8, 16.99, 62.12, 15.33, 32.98, 21.62, 56.79, 17.73, 27.75, 28.3, 0.0, 33.31, 23.04, 32.37, 32.05, 28.18, 20.35, 25.5, 33.38, 54.01, 13.41, 38.34, 26.83, 33.67, 62.48, 30.37, 23.71], [27.39, 64.08, 34.83, 31.34, 32.91, 30.48, 58.19, 33.14, 32.05, 17.47, 50.51, 30.52, 55.03, 32.03, 50.02, 28.82, 56.05, 19.91, 40.39, 32.14, 33.31, 0.0, 34.5, 5.02, 47.04, 25.85, 31.23, 25.46, 32.12, 54.99, 30.44, 47.53, 17.32, 50.58, 56.57, 26.15, 27.39], [7.59, 34.29, 30.43, 22.3, 18.93, 12.02, 27.41, 10.12, 23.15, 43.87, 32.17, 6.56, 39.73, 22.6, 15.54, 5.68, 33.76, 31.97, 6.25, 47.51, 23.04, 34.5, 0.0, 30.53, 12.74, 11.81, 40.67, 10.29, 32.47, 30.97, 9.86, 16.13, 18.13, 16.12, 39.86, 13.49, 7.59], [23.19, 59.22, 34.96, 30.38, 31.36, 27.94, 53.43, 29.28, 31.2, 21.82, 45.5, 27.16, 50.1, 31.09, 45.95, 24.87, 51.03, 21.44, 36.22, 35.34, 32.37, 5.02, 30.53, 0.0, 42.86, 21.2, 33.41, 21.05, 27.59, 49.99, 27.57, 42.91, 12.78, 46.48, 51.61, 21.34, 23.19], [19.68, 24.22, 39.5, 31.93, 27.97, 22.56, 17.26, 14.29, 32.57, 56.46, 30.19, 18.45, 37.92, 32.02, 16.44, 18.32, 29.0, 44.01, 6.65, 58.84, 32.05, 47.04, 12.74, 42.86, 0.0, 22.45, 51.5, 21.91, 44.84, 25.61, 20.84, 8.46, 30.17, 16.93, 37.3, 23.35, 19.68], [5.1, 38.44, 34.55, 26.73, 24.75, 17.78, 32.37, 11.36, 27.72, 38.84, 28.74, 12.89, 35.27, 27.28, 25.79, 7.83, 32.67, 30.13, 16.08, 46.58, 28.18, 25.85, 11.81, 21.2, 22.45, 0.0, 41.15, 13.36, 23.23, 30.85, 15.87, 21.71, 8.56, 26.23, 36.08, 12.35, 5.1], [38.29, 74.88, 14.29, 19.87, 23.96, 29.05, 67.92, 39.06, 19.45, 19.56, 69.83, 34.11, 76.4, 19.96, 52.85, 37.22, 73.15, 12.21, 46.33, 8.12, 20.35, 31.23, 40.67, 33.41, 51.5, 41.15, 0.0, 38.83, 33.18, 70.82, 30.99, 56.75, 35.68, 53.54, 77.23, 42.98, 38.29], [12.15, 39.49, 31.91, 24.05, 22.07, 15.12, 33.18, 9.53, 25.05, 37.46, 31.0, 10.39, 37.7, 24.6, 25.12, 5.53, 34.63, 28.06, 15.33, 44.47, 25.5, 25.46, 10.29, 21.05, 21.91, 13.36, 38.83, 0.0, 23.06, 32.63, 13.25, 22.19, 8.28, 25.61, 38.43, 4.9, 12.15], [25.17, 61.24, 35.57, 31.39, 32.58, 29.48, 55.46, 31.19, 32.17, 20.51, 47.34, 28.94, 51.82, 32.09, 47.92, 26.8, 52.94, 21.44, 38.2, 34.65, 33.38, 32.12, 32.47, 27.59, 44.84, 23.23, 33.18, 23.06, 0.0, 51.94, 29.21, 44.94, 14.81, 48.45, 53.37, 23.37, 25.17], [32.64, 13.5, 61.4, 53.26, 49.88, 42.96, 13.42, 32.4, 54.12, 69.56, 8.72, 37.28, 14.4, 53.57, 27.46, 33.6, 15.77, 60.62, 26.87, 76.95, 54.01, 54.99, 30.97, 49.99, 25.61, 30.85, 70.82, 32.63, 51.94, 0.0, 40.76, 17.21, 38.8, 27.1, 12.94, 29.68, 32.64], [10.92, 43.88, 20.66, 12.5, 9.45, 16.7, 36.92, 8.36, 13.39, 36.37, 41.4, 13.32, 48.75, 12.85, 22.74, 8.49, 43.46, 23.25, 15.34, 38.1, 13.41, 30.44, 9.86, 27.57, 20.84, 15.87, 30.99, 13.25, 29.21, 40.76, 0.0, 25.79, 17.59, 23.41, 49.08, 18.08, 10.92], [20.83, 18.17, 45.84, 37.9, 34.18, 27.83, 11.34, 17.77, 38.66, 59.16, 21.9, 22.67, 29.58, 38.1, 10.82, 20.57, 20.56, 47.97, 10.59, 63.64, 38.34, 47.53, 16.13, 42.91, 8.46, 21.71, 56.75, 22.19, 44.94, 17.21, 25.79, 0.0, 30.21, 10.63, 28.87, 21.79, 20.83], [10.59, 46.97, 31.88, 25.03, 24.35, 18.74, 40.94, 17.05, 26.01, 30.78, 35.65, 16.03, 41.44, 25.69, 33.33, 12.62, 40.32, 23.85, 23.56, 40.15, 26.83, 17.32, 18.13, 12.78, 30.17, 8.56, 35.68, 8.28, 14.81, 38.8, 17.59, 30.21, 0.0, 33.84, 42.57, 9.18, 10.59], [23.29, 23.72, 41.0, 33.76, 29.72, 24.94, 17.03, 17.58, 34.32, 59.47, 32.5, 21.37, 40.12, 33.77, 20.06, 21.78, 30.58, 46.66, 10.28, 61.07, 33.67, 50.58, 16.12, 46.48, 16.93, 26.23, 53.54, 25.61, 48.45, 27.1, 23.41, 10.63, 33.84, 0.0, 39.31, 27.16, 23.29], [39.33, 25.03, 69.56, 61.42, 58.51, 51.3, 26.3, 41.02, 62.36, 72.77, 7.7, 45.5, 15.49, 61.84, 39.59, 41.01, 9.61, 66.05, 37.12, 82.5, 62.48, 56.57, 39.86, 51.61, 37.3, 36.08, 77.23, 38.43, 53.37, 12.94, 49.08, 28.87, 42.57, 39.31, 0.0, 34.31, 39.33], [7.25, 37.93, 36.69, 28.9, 26.96, 20.0, 32.09, 13.21, 29.9, 39.88, 27.08, 15.05, 33.42, 29.46, 26.76, 9.94, 31.33, 31.76, 17.2, 48.22, 30.37, 26.15, 13.49, 21.34, 23.35, 12.35, 42.98, 4.9, 23.37, 29.68, 18.08, 21.79, 9.18, 27.16, 34.31, 0.0, 7.25], [10.21, 38.56, 30.43, 22.41, 20.07, 12.94, 32.04, 6.72, 23.38, 38.37, 31.77, 7.8, 38.76, 22.9, 22.77, 11.16, 34.87, 28.05, 13.03, 44.32, 23.71, 27.39, 7.59, 23.19, 19.68, 5.1, 38.29, 12.15, 25.17, 32.64, 10.92, 20.83, 10.59, 23.29, 39.33, 7.25, 0.0]], "end_depot": 36, "horizon": [0.0, 2058.33], "instance_name": "35_95_A_C4", "speed_zone_count": 3, "speed_zones": [[0.0, 686.11], [686.11, 1372.22], [1372.22, 2058.33]], "start_depot": 0, "vehicle_count": 35}