{"cluster_count": 3, "cluster_speeds": [[0.22, 0.44, 0.22], [0.285, 0.6, 0.285], [0.40255, 0.83, 0.40255]], "clusters": [[-1, 0, 0, 0, 0, 0, 0, 0, 0, 0, 0, 0, 0, 0, 0, 0, 0, 0, 0, 0, 0, 0, 0, 0, 0, 0, 0, 0, 0, 0, 0, 0, 0, 0, 0, 0, 0], [1, -1, 1, 1, 1, 1, 1, 1, 1, 1, 1, 1, 1, 1, 1, 1, 1, 1, 1, 1, 1, 1, 1, 1, 1, 1, 1, 1, 1, 1, 1, 1, 1, 1, 1, 1, 1], [1, 1, -1, 1, 1, 1, 1, 1, 1, 1, 1, 1, 1, 1, 1, 1, 1, 1, 1, 1, 1, 1, 1, 1, 1, 1, 1, 1, 1, 1, 1, 1, 1, 1, 1, 1, 1], [0, 0, 0, -1, 0, 0, 0, 0, 0, 0, 0, 0, 0, 0, 0, 0, 0, 0, 0, 0, 0, 0, 0, 0, 0, 0, 0, 0, 0, 0, 0, 0, 0, 0, 0, 0, 0], [1, 1, 1, 1, -1, 1, 1, 1, 1, 1, 1, 1, 1, 1, 1, 1, 1, 1, 1, 1, 1, 1, 1, 1, 1, 1, 1, 1, 1, 1, 1, 1, 1, 1, 1, 1, 1], [2, 2, 2, 2, 2, -1, 2, 2, 2, 2, 2, 2, 2, 2, 2, 2, 2, 2, 2, 2, 2, 2, 2, 2, 2, 2, 2, 2, 2, 2, 2, 2, 2, 2, 2, 2, 2], [0, 0, 0, 0, 0, 0, -1, 0, 0, 0, 0, 0, 0, 0, 0, 0, 0, 0, 0, 0, 0, 0, 0, 0, 0, 0, 0, 0, 0, 0, 0, 0, 0, 0, 0, 0, 0], [2, 2, 2, 2, 2, 2, 2, -1, 2, 2, 2, 2, 2, 2, 2, 2, 2, 2, 2, 2, 2, 2, 2, 2, 2, 2, 2, 2, 2, 2, 2, 2, 2, 2, 2, 2, 2], [0, 0, 0, 0, 0, 0, 0, 0, -1, 0, 0, 0, 0, 0, 0, 0, 0, 0, 0, 0, 0, 0, 0, 0, 0, 0, 0, 0, 0, 0, 0, 0, 0, 0, 0, 0, 0], [1, 1, 1, 1, 1, 1, 1, 1, 1, -1, 1, 1, 1, 1, 1, 1, 1, 1, 1, 1, 1, 1, 1, 1, 1, 1, 1, 1, 1, 1, 1, 1, 1, 1, 1, 1, 1], [1, 1, 1, 1, 1, 1, 1, 1, 1, 1, -1, 1, 1, 1, 1, 1, 1, 1, 1, 1, 1, 1, 1, 1, 1, 1, 1, 1, 1, 1, 1, 1, 1, 1, 1, 1, 1], [1, 1, 1, 1, 1, 1, 1, 1, 1, 1, 1, -1, 1, 1, 1, 1, 1, 1, 1, 1, 1, 1, 1, 1, 1, 1, 1, 1, 1, 1, 1, 1, 1, 1, 1, 1, 1], [0, 0, 0, 0, 0, 0, 0, 0, 0, 0, 0, 0, -1, 0, 0, 0, 0, 0, 0, 0, 0, 0, 0, 0, 0, 0, 0, 0, 0, 0, 0, 0, 0, 0, 0, 0, 0], [0, 0, 0, 0, 0, 0, 0, 0, 0, 0, 0, 0, 0, -1, 0, 0, 0, 0, 0, 0, 0, 0, 0, 0, 0, 0, 0, 0, 0, 0, 0, 0, 0, 0, 0, 0, 0], [1, 1, 1, 1, 1, 1, 1, 1, 1, 1, 1, 1, 1, 1, -1, 1, 1, 1, 1, 1, 1, 1, 1, 1, 1, 1, 1, 1, 1, 1, 1, 1, 1, 1, 1, 1, 1], [0, 0, 0, 0, 0, 0, 0, 0, 0, 0, 0, 0, 0, 0, 0, -1, 0, 0, 0, 0, 0, 0, 0, 0, 0, 0, 0, 0, 0, 0, 0, 0, 0, 0, 0, 0, 0], [0, 0, 0, 0, 0, 0, 0, 0, 0, 0, 0, 0, 0, 0, 0, 0, -1, 0, 0, 0, 0, 0, 0, 0, 0, 0, 0, 0, 0, 0, 0, 0, 0, 0, 0, 0, 0], [2, 2, 2, 2, 2, 2, 2, 2, 2, 2, 2, 2, 2, 2, 2, 2, 2, -1, 2, 2, 2, 2, 2, 2, 2, 2, 2, 2, 2, 2, 2, 2, 2, 2, 2, 2, 2], [1, 1, 1, 1, 1, 1, 1, 1, 1, 1, 1, 1, 1, 1, 1, 1, 1, 1, -1, 1, 1, 1, 1, 1, 1, 1, 1, 1, 1, 1, 1, 1, 1, 1, 1, 1, 1], [1, 1, 1, 1, 1, 1, 1, 1, 1, 1, 1, 1, 1, 1, 1, 1, 1, 1, 1, -1, 1, 1, 1, 1, 1, 1, 1, 1, 1, 1, 1, 1, 1, 1, 1, 1, 1], [2, 2, 2, 2, 2, 2, 2, 2, 2, 2, 2, 2, 2, 2, 2, 2, 2, 2, 2, 2, -1, 2, 2, 2, 2, 2, 2, 2, 2, 2, 2, 2, 2, 2, 2, 2, 2], [1, 1, 1, 1, 1, 1, 1, 1, 1, 1, 1, 1, 1, 1, 1, 1, 1, 1, 1, 1, 1, -1, 1, 1, 1, 1, 1, 1, 1, 1, 1, 1, 1, 1, 1, 1, 1], [0, 0, 0, 0, 0, 0, 0, 0, 0, 0, 0, 0, 0, 0, 0, 0, 0, 0, 0, 0, 0, 0, -1, 0, 0, 0, 0, 0, 0, 0, 0, 0, 0, 0, 0, 0, 0], [0, 0, 0, 0, 0, 0, 0, 0, 0, 0, 0, 0, 0, 0, 0, 0, 0, 0, 0, 0, 0, 0, 0, -1, 0, 0, 0, 0, 0, 0, 0, 0, 0, 0, 0, 0, 0], [2, 2, 2, 2, 2, 2, 2, 2, 2, 2, 2, 2, 2, 2, 2, 2, 2, 2, 2, 2, 2, 2, 2, 2, -1, 2, 2, 2, 2, 2, 2, 2, 2, 2, 2, 2, 2], [0, 0, 0, 0, 0, 0, 0, 0, 0, 0, 0, 0, 0, 0, 0, 0, 0, 0, 0, 0, 0, 0, 0, 0, 0, -1, 0, 0, 0, 0, 0, 0, 0, 0, 0, 0, 0], [2, 2, 2, 2, 2, 2, 2, 2, 2, 2, 2, 2, 2, 2, 2, 2, 2, 2, 2, 2, 2, 2, 2, 2, 2, 2, -1, 2, 2, 2, 2, 2, 2, 2, 2, 2, 2], [2, 2, 2, 2, 2, 2, 2, 2, 2, 2, 2, 2, 2, 2, 2, 2, 2, 2, 2, 2, 2, 2, 2, 2, 2, 2, 2, -1, 2, 2, 2, 2, 2, 2, 2, 2, 2], [0, 0, 0, 0, 0, 0, 0, 0, 0, 0, 0, 0, 0, 0, 0, 0, 0, 0, 0, 0, 0, 0, 0, 0, 0, 0, 0, 0, -1, 0, 0, 0, 0, 0, 0, 0, 0], [2, 2, 2, 2, 2, 2, 2, 2, 2, 2, 2, 2, 2, 2, 2, 2, 2, 2, 2, 2, 2, 2, 2, 2, 2, 2, 2, 2, 2, -1, 2, 2, 2, 2, 2, 2, 2], [2, 2, 2, 2, 2, 2, 2, 2, 2, 2, 2, 2, 2, 2, 2, 2, 2, 2, 2, 2, 2, 2, 2, 2, 2, 2, 2, 2, 2, 2, -1, 2, 2, 2, 2, 2, 2], [1, 1, 1, 1, 1, 1, 1, 1, 1, 1, 1, 1, 1, 1, 1, 1, 1, 1, 1, 1, 1, 1, 1, 1, 1, 1, 1, 1, 1, 1, 1, -1, 1, 1, 1, 1, 1], [2, 2, 2, 2, 2, 2, 2, 2, 2, 2, 2, 2, 2, 2, 2, 2, 2, 2, 2, 2, 2, 2, 2, 2, 2, 2, 2, 2, 2, 2, 2, 2, -1, 2, 2, 2, 2], [0, 0, 0, 0, 0, 0, 0, 0, 0, 0, 0, 0, 0, 0, 0, 0, 0, 0, 0, 0, 0, 0, 0, 0, 0, 0, 0, 0, 0, 0, 0, 0, 0, -1, 0, 0, 0], [2, 2, 2, 2, 2, 2, 2, 2, 2, 2, 2, 2, 2, 2, 2, 2, 2, 2, 2, 2, 2, 2, 2, 2, 2, 2, 2, 2, 2, 2, 2, 2, 2, 2, -1, 2, 2], [0, 0, 0, 0, 0, 0, 0, 0, 0, 0, 0, 0, 0, 0, 0, 0, 0, 0, 0, 0, 0, 0, 0, 0, 0, 0, 0, 0, 0, 0, 0, 0, 0, 0, 0, -1, 0], [0, 0, 0, 0, 0, 0, 0, 0, 0, 0, 0, 0, 0, 0, 0, 0, 0, 0, 0, 0, 0, 0, 0, 0, 0, 0, 0, 0, 0, 0, 0, 0, 0, 0, 0, 0, -1]], "dataset_name": "cordeau_et_al_2014", "digraph": {"arc_count": 1260, "arcs": [[0, 1, 1, 1, 1, 1, 1, 1, 1, 1, 1, 1, 1, 1, 1, 1, 1, 1, 1, 1, 1, 1, 1, 1, 1, 1, 1, 1, 1, 1, 1, 1, 1, 1, 1, 1, 0], [0, 0, 1, 1, 1, 1, 1, 1, 1, 1, 1, 1, 1, 1, 1, 1, 1, 1, 1, 1, 1, 1, 1, 1, 1, 1, 1, 1, 1, 1, 1, 1, 1, 1, 1, 1, 1], [0, 1, 0, 1, 1, 1, 1, 1, 1, 1, 1, 1, 1, 1, 1, 1, 1, 1, 1, 1, 1, 1, 1, 1, 1, 1, 1, 1, 1, 1, 1, 1, 1, 1, 1, 1, 1], [0, 1, 1, 0, 1, 1, 1, 1, 1, 1, 1, 1, 1, 1, 1, 1, 1, 1, 1, 1, 1, 1, 1, 1, 1, 1, 1, 1, 1, 1, 1, 1, 1, 1, 1, 1, 1], [0, 1, 1, 1, 0, 1, 1, 1, 1, 1, 1, 1, 1, 1, 1, 1, 1, 1, 1, 1, 1, 1, 1, 1, 1, 1, 1, 1, 1, 1, 1, 1, 1, 1, 1, 1, 1], [0, 1, 1, 1, 1, 0, 1, 1, 1, 1, 1, 1, 1, 1, 1, 1, 1, 1, 1, 1, 1, 1, 1, 1, 1, 1, 1, 1, 1, 1, 1, 1, 1, 1, 1, 1, 1], [0, 1, 1, 1, 1, 1, 0, 1, 1, 1, 1, 1, 1, 1, 1, 1, 1, 1, 1, 1, 1, 1, 1, 1, 1, 1, 1, 1, 1, 1, 1, 1, 1, 1, 1, 1, 1], [0, 1, 1, 1, 1, 1, 1, 0, 1, 1, 1, 1, 1, 1, 1, 1, 1, 1, 1, 1, 1, 1, 1, 1, 1, 1, 1, 1, 1, 1, 1, 1, 1, 1, 1, 1, 1], [0, 1, 1, 1, 1, 1, 1, 1, 0, 1, 1, 1, 1, 1, 1, 1, 1, 1, 1, 1, 1, 1, 1, 1, 1, 1, 1, 1, 1, 1, 1, 1, 1, 1, 1, 1, 1], [0, 1, 1, 1, 1, 1, 1, 1, 1, 0, 1, 1, 1, 1, 1, 1, 1, 1, 1, 1, 1, 1, 1, 1, 1, 1, 1, 1, 1, 1, 1, 1, 1, 1, 1, 1, 1], [0, 1, 1, 1, 1, 1, 1, 1, 1, 1, 0, 1, 1, 1, 1, 1, 1, 1, 1, 1, 1, 1, 1, 1, 1, 1, 1, 1, 1, 1, 1, 1, 1, 1, 1, 1, 1], [0, 1, 1, 1, 1, 1, 1, 1, 1, 1, 1, 0, 1, 1, 1, 1, 1, 1, 1, 1, 1, 1, 1, 1, 1, 1, 1, 1, 1, 1, 1, 1, 1, 1, 1, 1, 1], [0, 1, 1, 1, 1, 1, 1, 1, 1, 1, 1, 1, 0, 1, 1, 1, 1, 1, 1, 1, 1, 1, 1, 1, 1, 1, 1, 1, 1, 1, 1, 1, 1, 1, 1, 1, 1], [0, 1, 1, 1, 1, 1, 1, 1, 1, 1, 1, 1, 1, 0, 1, 1, 1, 1, 1, 1, 1, 1, 1, 1, 1, 1, 1, 1, 1, 1, 1, 1, 1, 1, 1, 1, 1], [0, 1, 1, 1, 1, 1, 1, 1, 1, 1, 1, 1, 1, 1, 0, 1, 1, 1, 1, 1, 1, 1, 1, 1, 1, 1, 1, 1, 1, 1, 1, 1, 1, 1, 1, 1, 1], [0, 1, 1, 1, 1, 1, 1, 1, 1, 1, 1, 1, 1, 1, 1, 0, 1, 1, 1, 1, 1, 1, 1, 1, 1, 1, 1, 1, 1, 1, 1, 1, 1, 1, 1, 1, 1], [0, 1, 1, 1, 1, 1, 1, 1, 1, 1, 1, 1, 1, 1, 1, 1, 0, 1, 1, 1, 1, 1, 1, 1, 1, 1, 1, 1, 1, 1, 1, 1, 1, 1, 1, 1, 1], [0, 1, 1, 1, 1, 1, 1, 1, 1, 1, 1, 1, 1, 1, 1, 1, 1, 0, 1, 1, 1, 1, 1, 1, 1, 1, 1, 1, 1, 1, 1, 1, 1, 1, 1, 1, 1], [0, 1, 1, 1, 1, 1, 1, 1, 1, 1, 1, 1, 1, 1, 1, 1, 1, 1, 0, 1, 1, 1, 1, 1, 1, 1, 1, 1, 1, 1, 1, 1, 1, 1, 1, 1, 1], [0, 1, 1, 1, 1, 1, 1, 1, 1, 1, 1, 1, 1, 1, 1, 1, 1, 1, 1, 0, 1, 1, 1, 1, 1, 1, 1, 1, 1, 1, 1, 1, 1, 1, 1, 1, 1], [0, 1, 1, 1, 1, 1, 1, 1, 1, 1, 1, 1, 1, 1, 1, 1, 1, 1, 1, 1, 0, 1, 1, 1, 1, 1, 1, 1, 1, 1, 1, 1, 1, 1, 1, 1, 1], [0, 1, 1, 1, 1, 1, 1, 1, 1, 1, 1, 1, 1, 1, 1, 1, 1, 1, 1, 1, 1, 0, 1, 1, 1, 1, 1, 1, 1, 1, 1, 1, 1, 1, 1, 1, 1], [0, 1, 1, 1, 1, 1, 1, 1, 1, 1, 1, 1, 1, 1, 1, 1, 1, 1, 1, 1, 1, 1, 0, 1, 1, 1, 1, 1, 1, 1, 1, 1, 1, 1, 1, 1, 1], [0, 1, 1, 1, 1, 1, 1, 1, 1, 1, 1, 1, 1, 1, 1, 1, 1, 1, 1, 1, 1, 1, 1, 0, 1, 1, 1, 1, 1, 1, 1, 1, 1, 1, 1, 1, 1], [0, 1, 1, 1, 1, 1, 1, 1, 1, 1, 1, 1, 1, 1, 1, 1, 1, 1, 1, 1, 1, 1, 1, 1, 0, 1, 1, 1, 1, 1, 1, 1, 1, 1, 1, 1, 1], [0, 1, 1, 1, 1, 1, 1, 1, 1, 1, 1, 1, 1, 1, 1, 1, 1, 1, 1, 1, 1, 1, 1, 1, 1, 0, 1, 1, 1, 1, 1, 1, 1, 1, 1, 1, 1], [0, 1, 1, 1, 1, 1, 1, 1, 1, 1, 1, 1, 1, 1, 1, 1, 1, 1, 1, 1, 1, 1, 1, 1, 1, 1, 0, 1, 1, 1, 1, 1, 1, 1, 1, 1, 1], [0, 1, 1, 1, 1, 1, 1, 1, 1, 1, 1, 1, 1, 1, 1, 1, 1, 1, 1, 1, 1, 1, 1, 1, 1, 1, 1, 0, 1, 1, 1, 1, 1, 1, 1, 1, 1], [0, 1, 1, 1, 1, 1, 1, 1, 1, 1, 1, 1, 1, 1, 1, 1, 1, 1, 1, 1, 1, 1, 1, 1, 1, 1, 1, 1, 0, 1, 1, 1, 1, 1, 1, 1, 1], [0, 1, 1, 1, 1, 1, 1, 1, 1, 1, 1, 1, 1, 1, 1, 1, 1, 1, 1, 1, 1, 1, 1, 1, 1, 1, 1, 1, 1, 0, 1, 1, 1, 1, 1, 1, 1], [0, 1, 1, 1, 1, 1, 1, 1, 1, 1, 1, 1, 1, 1, 1, 1, 1, 1, 1, 1, 1, 1, 1, 1, 1, 1, 1, 1, 1, 1, 0, 1, 1, 1, 1, 1, 1], [0, 1, 1, 1, 1, 1, 1, 1, 1, 1, 1, 1, 1, 1, 1, 1, 1, 1, 1, 1, 1, 1, 1, 1, 1, 1, 1, 1, 1, 1, 1, 0, 1, 1, 1, 1, 1], [0, 1, 1, 1, 1, 1, 1, 1, 1, 1, 1, 1, 1, 1, 1, 1, 1, 1, 1, 1, 1, 1, 1, 1, 1, 1, 1, 1, 1, 1, 1, 1, 0, 1, 1, 1, 1], [0, 1, 1, 1, 1, 1, 1, 1, 1, 1, 1, 1, 1, 1, 1, 1, 1, 1, 1, 1, 1, 1, 1, 1, 1, 1, 1, 1, 1, 1, 1, 1, 1, 0, 1, 1, 1], [0, 1, 1, 1, 1, 1, 1, 1, 1, 1, 1, 1, 1, 1, 1, 1, 1, 1, 1, 1, 1, 1, 1, 1, 1, 1, 1, 1, 1, 1, 1, 1, 1, 1, 0, 1, 1], [0, 1, 1, 1, 1, 1, 1, 1, 1, 1, 1, 1, 1, 1, 1, 1, 1, 1, 1, 1, 1, 1, 1, 1, 1, 1, 1, 1, 1, 1, 1, 1, 1, 1, 1, 0, 1], [0, 0, 0, 0, 0, 0, 0, 0, 0, 0, 0, 0, 0, 0, 0, 0, 0, 0, 0, 0, 0, 0, 0, 0, 0, 0, 0, 0, 0, 0, 0, 0, 0, 0, 0, 0, 0]], "vertex_count": 37}, "distances": [[0.0, 16.32, 23.29, 6.72, 21.72, 29.99, 9.84, 25.48, 12.93, 18.52, 23.3, 17.19, 13.59, 11.73, 23.76, 11.31, 11.9, 27.97, 16.45, 15.16, 26.34, 17.73, 10.94, 7.91, 25.75, 10.45, 27.59, 30.73, 12.81, 29.32, 29.9, 17.98, 37.04, 12.66, 27.74, 8.4, 13.44], [16.32, 0.0, 38.86, 10.63, 33.15, 39.52, 21.64, 23.03, 18.82, 8.75, 29.29, 23.99, 29.45, 14.99, 38.88, 17.27, 18.21, 16.49, 20.52, 19.91, 29.13, 23.56, 6.34, 23.75, 13.27, 23.42, 13.06, 45.06, 4.62, 43.97, 31.13, 34.29, 21.43, 17.7, 25.91, 24.27, 16.32], [23.29, 38.86, 0.0, 28.24, 14.22, 20.66, 25.86, 45.88, 21.9, 41.77, 24.55, 33.6, 9.73, 24.17, 13.31, 24.5, 23.97, 51.1, 35.43, 25.23, 43.06, 23.9, 32.68, 18.82, 49.02, 16.18, 50.83, 9.41, 35.95, 7.47, 47.08, 10.64, 60.11, 25.15, 47.43, 18.46, 23.29], [6.72, 10.63, 28.24, 0.0, 23.33, 30.58, 15.3, 26.07, 9.67, 15.49, 21.75, 21.07, 18.92, 5.01, 28.25, 8.65, 9.57, 24.94, 19.09, 12.37, 29.1, 15.77, 4.52, 14.62, 22.2, 12.94, 23.14, 34.55, 8.48, 33.4, 32.18, 24.34, 32.01, 9.67, 28.71, 15.11, 6.72], [21.72, 33.15, 14.22, 23.33, 0.0, 8.81, 29.07, 47.18, 22.21, 38.77, 10.61, 37.41, 14.06, 21.51, 12.23, 16.02, 15.13, 48.27, 37.7, 14.64, 47.09, 11.89, 26.9, 22.28, 45.52, 11.26, 46.15, 14.1, 31.81, 14.0, 50.9, 20.88, 54.3, 15.93, 49.37, 22.24, 21.72], [29.99, 39.52, 20.66, 30.58, 8.81, 0.0, 37.8, 55.44, 30.78, 46.03, 11.43, 46.12, 22.71, 29.56, 18.28, 22.36, 21.4, 55.37, 46.24, 19.72, 55.77, 16.16, 33.56, 31.08, 52.43, 19.65, 52.56, 16.24, 38.89, 17.21, 59.54, 29.05, 59.98, 21.82, 57.74, 31.05, 29.99], [9.84, 21.64, 25.86, 15.3, 29.07, 37.8, 0.0, 20.04, 7.57, 19.55, 32.6, 8.36, 16.96, 11.4, 27.18, 21.14, 21.69, 27.54, 9.57, 24.95, 18.08, 27.31, 18.32, 7.24, 26.39, 18.43, 29.48, 34.76, 17.1, 33.01, 21.98, 16.9, 39.35, 22.49, 21.59, 7.5, 9.84], [25.48, 23.03, 45.88, 26.07, 47.18, 55.44, 20.04, 0.0, 25.2, 14.55, 47.72, 13.36, 36.71, 25.91, 47.11, 34.65, 35.53, 14.35, 10.51, 38.44, 9.09, 41.77, 25.34, 27.1, 15.88, 35.92, 20.2, 54.63, 19.95, 52.94, 8.98, 36.74, 28.26, 35.74, 15.59, 27.43, 25.48], [12.93, 18.82, 21.9, 9.67, 22.21, 30.78, 7.57, 25.2, 0.0, 20.0, 25.05, 15.54, 12.21, 4.78, 22.65, 13.78, 14.26, 29.22, 15.49, 17.5, 25.04, 19.75, 13.77, 5.02, 27.26, 11.16, 29.44, 29.91, 14.97, 28.37, 28.77, 15.56, 39.06, 15.14, 27.25, 5.53, 12.93], [18.52, 8.75, 41.77, 15.49, 38.77, 46.03, 19.55, 14.55, 20.0, 0.0, 36.63, 18.75, 32.04, 17.93, 42.28, 23.79, 24.75, 9.54, 14.72, 27.07, 21.64, 30.7, 12.84, 24.16, 7.27, 27.99, 9.93, 49.17, 7.19, 47.81, 23.08, 35.14, 19.8, 24.56, 17.42, 24.66, 18.52], [23.3, 29.29, 24.55, 21.75, 10.61, 11.43, 32.6, 47.72, 25.05, 36.63, 0.0, 40.45, 21.68, 22.3, 22.73, 13.11, 12.2, 45.6, 39.64, 9.56, 49.62, 5.99, 23.81, 27.12, 42.49, 14.75, 42.14, 24.29, 29.45, 24.45, 53.09, 29.34, 49.02, 12.14, 50.27, 27.28, 23.3], [17.19, 23.99, 33.6, 21.07, 37.41, 46.12, 8.36, 13.36, 15.54, 18.75, 40.45, 0.0, 25.13, 18.41, 35.11, 28.3, 28.98, 24.34, 17.93, 32.22, 9.73, 34.92, 22.76, 15.49, 24.21, 26.64, 28.07, 42.73, 19.48, 40.92, 13.67, 23.83, 37.64, 29.61, 14.21, 15.68, 17.19], [13.59, 29.45, 9.73, 18.92, 14.06, 22.71, 16.96, 36.71, 12.21, 32.04, 21.68, 25.13, 0.0, 14.57, 10.49, 16.87, 16.61, 41.38, 26.42, 18.77, 34.83, 18.75, 23.43, 9.72, 39.3, 8.59, 41.17, 17.92, 26.33, 16.28, 38.8, 7.76, 50.54, 17.85, 38.46, 9.47, 13.59], [11.73, 14.99, 24.17, 5.01, 21.51, 29.56, 11.4, 25.91, 4.78, 17.93, 22.3, 18.41, 14.57, 0.0, 24.48, 9.9, 10.58, 27.45, 17.34, 13.81, 27.34, 16.59, 9.36, 9.64, 25.08, 10.32, 26.67, 31.24, 11.78, 29.92, 30.79, 19.45, 35.97, 11.23, 28.28, 10.13, 11.73], [23.76, 38.88, 13.31, 28.25, 12.23, 18.28, 27.18, 47.11, 22.65, 42.28, 22.73, 35.11, 10.49, 24.48, 0.0, 23.81, 23.2, 51.7, 36.72, 24.17, 44.67, 22.56, 32.62, 20.01, 49.5, 15.74, 51.12, 7.62, 36.21, 5.84, 48.68, 12.73, 60.24, 24.35, 48.76, 19.7, 23.76], [11.31, 17.27, 24.5, 8.65, 16.02, 22.36, 21.14, 34.65, 13.78, 23.79, 13.11, 28.3, 16.87, 9.9, 23.81, 0.0, 13.38, 33.03, 26.99, 18.66, 37.04, 7.13, 11.2, 17.44, 30.07, 8.46, 30.32, 28.88, 16.61, 28.11, 40.35, 24.07, 38.29, 13.29, 37.23, 17.78, 11.31], [11.9, 18.21, 23.97, 9.57, 15.13, 21.4, 21.69, 35.53, 14.26, 24.75, 12.2, 28.98, 16.61, 10.58, 23.2, 13.38, 0.0, 33.99, 27.76, 18.29, 37.81, 6.24, 12.17, 17.72, 31.04, 8.09, 31.27, 28.12, 17.57, 27.39, 41.14, 23.94, 39.19, 12.4, 38.1, 18.04, 11.9], [27.97, 16.49, 51.1, 24.94, 48.27, 55.37, 27.54, 14.35, 29.22, 9.54, 45.6, 24.34, 41.38, 27.45, 51.7, 33.03, 33.99, 0.0, 20.28, 36.1, 23.35, 39.75, 21.86, 33.04, 11.03, 37.53, 6.7, 58.67, 16.5, 57.28, 23.13, 43.92, 13.94, 33.69, 16.53, 33.51, 27.97], [16.45, 20.52, 35.43, 19.09, 37.7, 46.24, 9.57, 10.51, 15.49, 14.72, 39.64, 17.93, 26.42, 17.34, 36.72, 26.99, 27.76, 20.28, 0.0, 30.92, 10.06, 33.9, 20.08, 16.73, 20.08, 26.59, 23.94, 44.29, 16.15, 42.56, 13.45, 26.24, 33.51, 28.24, 12.05, 17.03, 16.45], [15.16, 19.91, 25.23, 12.37, 14.64, 19.72, 24.95, 38.44, 17.5, 27.07, 9.56, 32.22, 18.77, 13.81, 24.17, 18.66, 18.29, 36.1, 30.92, 0.0, 40.97, 15.54, 14.27, 20.82, 33.03, 10.2, 32.89, 28.33, 19.89, 27.82, 44.26, 26.34, 40.3, 19.53, 41.05, 21.12, 15.16], [26.34, 29.13, 43.06, 29.1, 47.09, 55.77, 18.08, 9.09, 25.04, 21.64, 49.62, 9.73, 34.83, 27.34, 44.67, 37.04, 37.81, 23.35, 10.06, 40.97, 0.0, 43.92, 29.73, 25.21, 24.56, 36.2, 28.86, 52.29, 25.18, 50.44, 14.4, 32.96, 37.29, 38.3, 7.79, 25.39, 26.34], [17.73, 23.56, 23.9, 15.77, 11.89, 16.16, 27.31, 41.77, 19.75, 30.7, 5.99, 34.92, 18.75, 16.59, 22.56, 7.13, 6.24, 39.75, 33.9, 15.54, 43.92, 0.0, 17.91, 22.44, 36.69, 10.62, 36.53, 25.91, 23.51, 25.61, 47.31, 26.5, 43.82, 6.16, 44.34, 22.68, 17.73], [10.94, 6.34, 32.68, 4.52, 26.9, 33.56, 18.32, 25.34, 13.77, 12.84, 23.81, 22.76, 23.43, 9.36, 32.62, 11.2, 12.17, 21.86, 20.08, 14.27, 29.73, 17.91, 0.0, 18.78, 18.87, 17.09, 19.25, 38.73, 5.71, 37.65, 32.4, 28.79, 27.76, 11.83, 28.13, 19.29, 10.94], [7.91, 23.75, 18.82, 14.62, 22.28, 31.08, 7.24, 27.1, 5.02, 24.16, 27.12, 15.49, 9.72, 9.64, 20.01, 17.44, 17.72, 33.04, 16.73, 20.82, 25.21, 22.44, 18.78, 0.0, 31.37, 12.41, 33.86, 27.56, 19.75, 25.85, 29.16, 10.97, 43.61, 18.77, 28.77, 10.55, 7.91], [25.75, 13.27, 49.02, 22.2, 45.52, 52.43, 26.39, 15.88, 27.26, 7.27, 42.49, 24.21, 39.3, 25.08, 49.5, 30.07, 31.04, 11.03, 20.08, 33.03, 24.56, 36.69, 18.87, 31.37, 0.0, 34.97, 4.32, 56.31, 13.72, 55.0, 24.85, 42.33, 13.42, 30.68, 18.36, 31.86, 25.75], [10.45, 23.42, 16.18, 12.94, 11.26, 19.65, 18.43, 35.92, 11.16, 27.99, 14.75, 26.64, 8.59, 10.32, 15.74, 8.46, 8.09, 37.53, 26.59, 10.2, 36.2, 10.62, 17.09, 12.41, 34.97, 0.0, 36.07, 21.64, 21.3, 20.57, 39.92, 16.15, 44.85, 9.33, 38.14, 12.55, 10.45], [27.59, 13.06, 50.83, 23.14, 46.15, 52.56, 29.48, 20.2, 29.44, 9.93, 42.14, 28.07, 41.17, 26.67, 51.12, 30.32, 31.27, 6.7, 23.94, 32.89, 28.86, 36.53, 19.25, 33.86, 4.32, 36.07, 0.0, 57.65, 14.91, 56.45, 29.16, 44.83, 9.87, 30.74, 22.66, 34.37, 27.59], [30.73, 45.06, 9.41, 34.55, 14.1, 16.24, 34.76, 54.63, 29.91, 49.17, 24.29, 42.73, 17.92, 31.24, 7.62, 28.88, 28.12, 58.67, 44.29, 28.33, 52.29, 25.91, 38.73, 27.56, 56.31, 21.64, 57.65, 0.0, 42.79, 13.46, 56.3, 20.04, 66.49, 29.13, 56.33, 27.27, 30.73], [12.81, 4.62, 35.95, 8.48, 31.81, 38.89, 17.1, 19.95, 14.97, 7.19, 29.45, 19.48, 26.33, 11.78, 36.21, 16.61, 17.57, 16.5, 16.15, 19.89, 25.18, 23.51, 5.71, 19.75, 13.72, 21.3, 14.91, 42.79, 0.0, 41.56, 27.5, 30.53, 24.23, 17.37, 22.79, 20.27, 12.81], [29.32, 43.97, 7.47, 33.4, 14.0, 17.21, 33.01, 52.94, 28.37, 47.81, 24.45, 40.92, 16.28, 29.92, 5.84, 28.11, 27.39, 57.28, 42.56, 27.82, 50.44, 25.61, 37.65, 25.85, 55.0, 20.57, 56.45, 13.46, 41.56, 0.0, 54.46, 18.08, 65.4, 28.44, 54.6, 25.53, 29.32], [29.9, 31.13, 47.08, 32.18, 50.9, 59.54, 21.98, 8.98, 28.77, 23.08, 53.09, 13.67, 38.8, 30.79, 48.68, 40.35, 41.14, 23.13, 13.45, 44.26, 14.4, 47.31, 32.4, 29.16, 24.85, 39.92, 29.16, 56.3, 27.5, 54.46, 0.0, 36.98, 36.9, 41.57, 6.61, 29.35, 29.9], [17.98, 34.29, 10.64, 24.34, 20.88, 29.05, 16.9, 36.74, 15.56, 35.14, 29.34, 23.83, 7.76, 19.45, 12.73, 24.07, 23.94, 43.92, 26.24, 26.34, 32.96, 26.5, 28.79, 10.97, 42.33, 16.15, 44.83, 20.04, 30.53, 18.08, 36.98, 0.0, 54.54, 25.17, 37.97, 10.48, 17.98], [37.04, 21.43, 60.11, 32.01, 54.3, 59.98, 39.35, 28.26, 39.06, 19.8, 49.02, 37.64, 50.54, 35.97, 60.24, 38.29, 39.19, 13.94, 33.51, 40.3, 37.29, 43.82, 27.76, 43.61, 13.42, 44.85, 9.87, 66.49, 24.23, 65.4, 36.9, 54.54, 0.0, 38.48, 30.3, 44.11, 37.04], [12.66, 17.7, 25.15, 9.67, 15.93, 21.82, 22.49, 35.74, 15.14, 24.56, 12.14, 29.61, 17.85, 11.23, 24.35, 13.29, 12.4, 33.69, 28.24, 19.53, 38.3, 6.16, 11.83, 18.77, 30.68, 9.33, 30.74, 29.13, 17.37, 28.44, 41.57, 25.17, 38.48, 0.0, 38.35, 19.1, 12.66], [27.74, 25.91, 47.43, 28.71, 49.37, 57.74, 21.59, 15.59, 27.25, 17.42, 50.27, 14.21, 38.46, 28.28, 48.76, 37.23, 38.1, 16.53, 12.05, 41.05, 7.79, 44.34, 28.13, 28.77, 18.36, 38.14, 22.66, 56.33, 22.79, 54.6, 6.61, 37.97, 30.3, 38.35, 0.0, 29.07, 27.74], [8.4, 24.27, 18.46, 15.11, 22.24, 31.05, 7.5, 27.43, 5.53, 24.66, 27.28, 15.68, 9.47, 10.13, 19.7, 17.78, 18.04, 33.51, 17.03, 21.12, 25.39, 22.68, 19.29, 10.55, 31.86, 12.55, 34.37, 27.27, 20.27, 25.53, 29.35, 10.48, 44.11, 19.1, 29.07, 0.0, 8.4], [13.44, 16.32, 23.29, 6.72, 21.72, 29.99, 9.84, 25.48, 12.93, 18.52, 23.3, 17.19, 13.59, 11.73, 23.76, 11.31, 11.9, 27.97, 16.45, 15.16, 26.34, 17.73, 10.94, 7.91, 25.75, 10.45, 27.59, 30.73, 12.81, 29.32, 29.9, 17.98, 37.04, 12.66, 27.74, 8.4, 0.0]], "end_depot": 36, "horizon": [0.0, 1628.73], "instance_name": "35_95_A_C5", "speed_zone_count": 3, "speed_zones": [[0.0, 542.91], [542.91, 1085.82], [1085.82, 1628.73]], "start_depot": 0, "vehicle_count": 35}