{"cluster_count": 3, "cluster_speeds": [[0.22, 0.44, 0.22], [0.285, 0.6, 0.285], [0.40255, 0.83, 0.40255]], "clusters": [[-1, 0, 0, 0, 0, 0, 0, 0, 0, 0, 0, 0, 0, 0, 0, 0, 0, 0, 0, 0, 0, 0, 0, 0, 0, 0, 0, 0, 0, 0, 0, 0, 0, 0, 0, 0, 0], [0, -1, 0, 0, 0, 0, 0, 0, 0, 0, 0, 0, 0, 0, 0, 0, 0, 0, 0, 0, 0, 0, 0, 0, 0, 0, 0, 0, 0, 0, 0, 0, 0, 0, 0, 0, 0], [0, 0, -1, 0, 0, 0, 0, 0, 0, 0, 0, 0, 0, 0, 0, 0, 0, 0, 0, 0, 0, 0, 0, 0, 0, 0, 0, 0, 0, 0, 0, 0, 0, 0, 0, 0, 0], [0, 0, 0, -1, 0, 0, 0, 0, 0, 0, 0, 0, 0, 0, 0, 0, 0, 0, 0, 0, 0, 0, 0, 0, 0, 0, 0, 0, 0, 0, 0, 0, 0, 0, 0, 0, 0], [0, 0, 0, 0, -1, 0, 0, 0, 0, 0, 0, 0, 0, 0, 0, 0, 0, 0, 0, 0, 0, 0, 0, 0, 0, 0, 0, 0, 0, 0, 0, 0, 0, 0, 0, 0, 0], [1, 1, 1, 1, 1, -1, 1, 1, 1, 1, 1, 1, 1, 1, 1, 1, 1, 1, 1, 1, 1, 1, 1, 1, 1, 1, 1, 1, 1, 1, 1, 1, 1, 1, 1, 1, 1], [0, 0, 0, 0, 0, 0, -1, 0, 0, 0, 0, 0, 0, 0, 0, 0, 0, 0, 0, 0, 0, 0, 0, 0, 0, 0, 0, 0, 0, 0, 0, 0, 0, 0, 0, 0, 0], [0, 0, 0, 0, 0, 0, 0, -1, 0, 0, 0, 0, 0, 0, 0, 0, 0, 0, 0, 0, 0, 0, 0, 0, 0, 0, 0, 0, 0, 0, 0, 0, 0, 0, 0, 0, 0], [1, 1, 1, 1, 1, 1, 1, 1, -1, 1, 1, 1, 1, 1, 1, 1, 1, 1, 1, 1, 1, 1, 1, 1, 1, 1, 1, 1, 1, 1, 1, 1, 1, 1, 1, 1, 1], [0, 0, 0, 0, 0, 0, 0, 0, 0, -1, 0, 0, 0, 0, 0, 0, 0, 0, 0, 0, 0, 0, 0, 0, 0, 0, 0, 0, 0, 0, 0, 0, 0, 0, 0, 0, 0], [0, 0, 0, 0, 0, 0, 0, 0, 0, 0, -1, 0, 0, 0, 0, 0, 0, 0, 0, 0, 0, 0, 0, 0, 0, 0, 0, 0, 0, 0, 0, 0, 0, 0, 0, 0, 0], [0, 0, 0, 0, 0, 0, 0, 0, 0, 0, 0, -1, 0, 0, 0, 0, 0, 0, 0, 0, 0, 0, 0, 0, 0, 0, 0, 0, 0, 0, 0, 0, 0, 0, 0, 0, 0], [1, 1, 1, 1, 1, 1, 1, 1, 1, 1, 1, 1, -1, 1, 1, 1, 1, 1, 1, 1, 1, 1, 1, 1, 1, 1, 1, 1, 1, 1, 1, 1, 1, 1, 1, 1, 1], [0, 0, 0, 0, 0, 0, 0, 0, 0, 0, 0, 0, 0, -1, 0, 0, 0, 0, 0, 0, 0, 0, 0, 0, 0, 0, 0, 0, 0, 0, 0, 0, 0, 0, 0, 0, 0], [0, 0, 0, 0, 0, 0, 0, 0, 0, 0, 0, 0, 0, 0, -1, 0, 0, 0, 0, 0, 0, 0, 0, 0, 0, 0, 0, 0, 0, 0, 0, 0, 0, 0, 0, 0, 0], [1, 1, 1, 1, 1, 1, 1, 1, 1, 1, 1, 1, 1, 1, 1, -1, 1, 1, 1, 1, 1, 1, 1, 1, 1, 1, 1, 1, 1, 1, 1, 1, 1, 1, 1, 1, 1], [0, 0, 0, 0, 0, 0, 0, 0, 0, 0, 0, 0, 0, 0, 0, 0, -1, 0, 0, 0, 0, 0, 0, 0, 0, 0, 0, 0, 0, 0, 0, 0, 0, 0, 0, 0, 0], [0, 0, 0, 0, 0, 0, 0, 0, 0, 0, 0, 0, 0, 0, 0, 0, 0, -1, 0, 0, 0, 0, 0, 0, 0, 0, 0, 0, 0, 0, 0, 0, 0, 0, 0, 0, 0], [0, 0, 0, 0, 0, 0, 0, 0, 0, 0, 0, 0, 0, 0, 0, 0, 0, 0, -1, 0, 0, 0, 0, 0, 0, 0, 0, 0, 0, 0, 0, 0, 0, 0, 0, 0, 0], [0, 0, 0, 0, 0, 0, 0, 0, 0, 0, 0, 0, 0, 0, 0, 0, 0, 0, 0, -1, 0, 0, 0, 0, 0, 0, 0, 0, 0, 0, 0, 0, 0, 0, 0, 0, 0], [0, 0, 0, 0, 0, 0, 0, 0, 0, 0, 0, 0, 0, 0, 0, 0, 0, 0, 0, 0, -1, 0, 0, 0, 0, 0, 0, 0, 0, 0, 0, 0, 0, 0, 0, 0, 0], [0, 0, 0, 0, 0, 0, 0, 0, 0, 0, 0, 0, 0, 0, 0, 0, 0, 0, 0, 0, 0, -1, 0, 0, 0, 0, 0, 0, 0, 0, 0, 0, 0, 0, 0, 0, 0], [1, 1, 1, 1, 1, 1, 1, 1, 1, 1, 1, 1, 1, 1, 1, 1, 1, 1, 1, 1, 1, 1, -1, 1, 1, 1, 1, 1, 1, 1, 1, 1, 1, 1, 1, 1, 1], [0, 0, 0, 0, 0, 0, 0, 0, 0, 0, 0, 0, 0, 0, 0, 0, 0, 0, 0, 0, 0, 0, 0, -1, 0, 0, 0, 0, 0, 0, 0, 0, 0, 0, 0, 0, 0], [0, 0, 0, 0, 0, 0, 0, 0, 0, 0, 0, 0, 0, 0, 0, 0, 0, 0, 0, 0, 0, 0, 0, 0, -1, 0, 0, 0, 0, 0, 0, 0, 0, 0, 0, 0, 0], [2, 2, 2, 2, 2, 2, 2, 2, 2, 2, 2, 2, 2, 2, 2, 2, 2, 2, 2, 2, 2, 2, 2, 2, 2, -1, 2, 2, 2, 2, 2, 2, 2, 2, 2, 2, 2], [0, 0, 0, 0, 0, 0, 0, 0, 0, 0, 0, 0, 0, 0, 0, 0, 0, 0, 0, 0, 0, 0, 0, 0, 0, 0, -1, 0, 0, 0, 0, 0, 0, 0, 0, 0, 0], [0, 0, 0, 0, 0, 0, 0, 0, 0, 0, 0, 0, 0, 0, 0, 0, 0, 0, 0, 0, 0, 0, 0, 0, 0, 0, 0, -1, 0, 0, 0, 0, 0, 0, 0, 0, 0], [0, 0, 0, 0, 0, 0, 0, 0, 0, 0, 0, 0, 0, 0, 0, 0, 0, 0, 0, 0, 0, 0, 0, 0, 0, 0, 0, 0, -1, 0, 0, 0, 0, 0, 0, 0, 0], [0, 0, 0, 0, 0, 0, 0, 0, 0, 0, 0, 0, 0, 0, 0, 0, 0, 0, 0, 0, 0, 0, 0, 0, 0, 0, 0, 0, 0, -1, 0, 0, 0, 0, 0, 0, 0], [1, 1, 1, 1, 1, 1, 1, 1, 1, 1, 1, 1, 1, 1, 1, 1, 1, 1, 1, 1, 1, 1, 1, 1, 1, 1, 1, 1, 1, 1, -1, 1, 1, 1, 1, 1, 1], [0, 0, 0, 0, 0, 0, 0, 0, 0, 0, 0, 0, 0, 0, 0, 0, 0, 0, 0, 0, 0, 0, 0, 0, 0, 0, 0, 0, 0, 0, 0, -1, 0, 0, 0, 0, 0], [1, 1, 1, 1, 1, 1, 1, 1, 1, 1, 1, 1, 1, 1, 1, 1, 1, 1, 1, 1, 1, 1, 1, 1, 1, 1, 1, 1, 1, 1, 1, 1, -1, 1, 1, 1, 1], [0, 0, 0, 0, 0, 0, 0, 0, 0, 0, 0, 0, 0, 0, 0, 0, 0, 0, 0, 0, 0, 0, 0, 0, 0, 0, 0, 0, 0, 0, 0, 0, 0, -1, 0, 0, 0], [0, 0, 0, 0, 0, 0, 0, 0, 0, 0, 0, 0, 0, 0, 0, 0, 0, 0, 0, 0, 0, 0, 0, 0, 0, 0, 0, 0, 0, 0, 0, 0, 0, 0, -1, 0, 0], [0, 0, 0, 0, 0, 0, 0, 0, 0, 0, 0, 0, 0, 0, 0, 0, 0, 0, 0, 0, 0, 0, 0, 0, 0, 0, 0, 0, 0, 0, 0, 0, 0, 0, 0, -1, 0], [0, 0, 0, 0, 0, 0, 0, 0, 0, 0, 0, 0, 0, 0, 0, 0, 0, 0, 0, 0, 0, 0, 0, 0, 0, 0, 0, 0, 0, 0, 0, 0, 0, 0, 0, 0, -1]], "dataset_name": "cordeau_et_al_2014", "digraph": {"arc_count": 1260, "arcs": [[0, 1, 1, 1, 1, 1, 1, 1, 1, 1, 1, 1, 1, 1, 1, 1, 1, 1, 1, 1, 1, 1, 1, 1, 1, 1, 1, 1, 1, 1, 1, 1, 1, 1, 1, 1, 0], [0, 0, 1, 1, 1, 1, 1, 1, 1, 1, 1, 1, 1, 1, 1, 1, 1, 1, 1, 1, 1, 1, 1, 1, 1, 1, 1, 1, 1, 1, 1, 1, 1, 1, 1, 1, 1], [0, 1, 0, 1, 1, 1, 1, 1, 1, 1, 1, 1, 1, 1, 1, 1, 1, 1, 1, 1, 1, 1, 1, 1, 1, 1, 1, 1, 1, 1, 1, 1, 1, 1, 1, 1, 1], [0, 1, 1, 0, 1, 1, 1, 1, 1, 1, 1, 1, 1, 1, 1, 1, 1, 1, 1, 1, 1, 1, 1, 1, 1, 1, 1, 1, 1, 1, 1, 1, 1, 1, 1, 1, 1], [0, 1, 1, 1, 0, 1, 1, 1, 1, 1, 1, 1, 1, 1, 1, 1, 1, 1, 1, 1, 1, 1, 1, 1, 1, 1, 1, 1, 1, 1, 1, 1, 1, 1, 1, 1, 1], [0, 1, 1, 1, 1, 0, 1, 1, 1, 1, 1, 1, 1, 1, 1, 1, 1, 1, 1, 1, 1, 1, 1, 1, 1, 1, 1, 1, 1, 1, 1, 1, 1, 1, 1, 1, 1], [0, 1, 1, 1, 1, 1, 0, 1, 1, 1, 1, 1, 1, 1, 1, 1, 1, 1, 1, 1, 1, 1, 1, 1, 1, 1, 1, 1, 1, 1, 1, 1, 1, 1, 1, 1, 1], [0, 1, 1, 1, 1, 1, 1, 0, 1, 1, 1, 1, 1, 1, 1, 1, 1, 1, 1, 1, 1, 1, 1, 1, 1, 1, 1, 1, 1, 1, 1, 1, 1, 1, 1, 1, 1], [0, 1, 1, 1, 1, 1, 1, 1, 0, 1, 1, 1, 1, 1, 1, 1, 1, 1, 1, 1, 1, 1, 1, 1, 1, 1, 1, 1, 1, 1, 1, 1, 1, 1, 1, 1, 1], [0, 1, 1, 1, 1, 1, 1, 1, 1, 0, 1, 1, 1, 1, 1, 1, 1, 1, 1, 1, 1, 1, 1, 1, 1, 1, 1, 1, 1, 1, 1, 1, 1, 1, 1, 1, 1], [0, 1, 1, 1, 1, 1, 1, 1, 1, 1, 0, 1, 1, 1, 1, 1, 1, 1, 1, 1, 1, 1, 1, 1, 1, 1, 1, 1, 1, 1, 1, 1, 1, 1, 1, 1, 1], [0, 1, 1, 1, 1, 1, 1, 1, 1, 1, 1, 0, 1, 1, 1, 1, 1, 1, 1, 1, 1, 1, 1, 1, 1, 1, 1, 1, 1, 1, 1, 1, 1, 1, 1, 1, 1], [0, 1, 1, 1, 1, 1, 1, 1, 1, 1, 1, 1, 0, 1, 1, 1, 1, 1, 1, 1, 1, 1, 1, 1, 1, 1, 1, 1, 1, 1, 1, 1, 1, 1, 1, 1, 1], [0, 1, 1, 1, 1, 1, 1, 1, 1, 1, 1, 1, 1, 0, 1, 1, 1, 1, 1, 1, 1, 1, 1, 1, 1, 1, 1, 1, 1, 1, 1, 1, 1, 1, 1, 1, 1], [0, 1, 1, 1, 1, 1, 1, 1, 1, 1, 1, 1, 1, 1, 0, 1, 1, 1, 1, 1, 1, 1, 1, 1, 1, 1, 1, 1, 1, 1, 1, 1, 1, 1, 1, 1, 1], [0, 1, 1, 1, 1, 1, 1, 1, 1, 1, 1, 1, 1, 1, 1, 0, 1, 1, 1, 1, 1, 1, 1, 1, 1, 1, 1, 1, 1, 1, 1, 1, 1, 1, 1, 1, 1], [0, 1, 1, 1, 1, 1, 1, 1, 1, 1, 1, 1, 1, 1, 1, 1, 0, 1, 1, 1, 1, 1, 1, 1, 1, 1, 1, 1, 1, 1, 1, 1, 1, 1, 1, 1, 1], [0, 1, 1, 1, 1, 1, 1, 1, 1, 1, 1, 1, 1, 1, 1, 1, 1, 0, 1, 1, 1, 1, 1, 1, 1, 1, 1, 1, 1, 1, 1, 1, 1, 1, 1, 1, 1], [0, 1, 1, 1, 1, 1, 1, 1, 1, 1, 1, 1, 1, 1, 1, 1, 1, 1, 0, 1, 1, 1, 1, 1, 1, 1, 1, 1, 1, 1, 1, 1, 1, 1, 1, 1, 1], [0, 1, 1, 1, 1, 1, 1, 1, 1, 1, 1, 1, 1, 1, 1, 1, 1, 1, 1, 0, 1, 1, 1, 1, 1, 1, 1, 1, 1, 1, 1, 1, 1, 1, 1, 1, 1], [0, 1, 1, 1, 1, 1, 1, 1, 1, 1, 1, 1, 1, 1, 1, 1, 1, 1, 1, 1, 0, 1, 1, 1, 1, 1, 1, 1, 1, 1, 1, 1, 1, 1, 1, 1, 1], [0, 1, 1, 1, 1, 1, 1, 1, 1, 1, 1, 1, 1, 1, 1, 1, 1, 1, 1, 1, 1, 0, 1, 1, 1, 1, 1, 1, 1, 1, 1, 1, 1, 1, 1, 1, 1], [0, 1, 1, 1, 1, 1, 1, 1, 1, 1, 1, 1, 1, 1, 1, 1, 1, 1, 1, 1, 1, 1, 0, 1, 1, 1, 1, 1, 1, 1, 1, 1, 1, 1, 1, 1, 1], [0, 1, 1, 1, 1, 1, 1, 1, 1, 1, 1, 1, 1, 1, 1, 1, 1, 1, 1, 1, 1, 1, 1, 0, 1, 1, 1, 1, 1, 1, 1, 1, 1, 1, 1, 1, 1], [0, 1, 1, 1, 1, 1, 1, 1, 1, 1, 1, 1, 1, 1, 1, 1, 1, 1, 1, 1, 1, 1, 1, 1, 0, 1, 1, 1, 1, 1, 1, 1, 1, 1, 1, 1, 1], [0, 1, 1, 1, 1, 1, 1, 1, 1, 1, 1, 1, 1, 1, 1, 1, 1, 1, 1, 1, 1, 1, 1, 1, 1, 0, 1, 1, 1, 1, 1, 1, 1, 1, 1, 1, 1], [0, 1, 1, 1, 1, 1, 1, 1, 1, 1, 1, 1, 1, 1, 1, 1, 1, 1, 1, 1, 1, 1, 1, 1, 1, 1, 0, 1, 1, 1, 1, 1, 1, 1, 1, 1, 1], [0, 1, 1, 1, 1, 1, 1, 1, 1, 1, 1, 1, 1, 1, 1, 1, 1, 1, 1, 1, 1, 1, 1, 1, 1, 1, 1, 0, 1, 1, 1, 1, 1, 1, 1, 1, 1], [0, 1, 1, 1, 1, 1, 1, 1, 1, 1, 1, 1, 1, 1, 1, 1, 1, 1, 1, 1, 1, 1, 1, 1, 1, 1, 1, 1, 0, 1, 1, 1, 1, 1, 1, 1, 1], [0, 1, 1, 1, 1, 1, 1, 1, 1, 1, 1, 1, 1, 1, 1, 1, 1, 1, 1, 1, 1, 1, 1, 1, 1, 1, 1, 1, 1, 0, 1, 1, 1, 1, 1, 1, 1], [0, 1, 1, 1, 1, 1, 1, 1, 1, 1, 1, 1, 1, 1, 1, 1, 1, 1, 1, 1, 1, 1, 1, 1, 1, 1, 1, 1, 1, 1, 0, 1, 1, 1, 1, 1, 1], [0, 1, 1, 1, 1, 1, 1, 1, 1, 1, 1, 1, 1, 1, 1, 1, 1, 1, 1, 1, 1, 1, 1, 1, 1, 1, 1, 1, 1, 1, 1, 0, 1, 1, 1, 1, 1], [0, 1, 1, 1, 1, 1, 1, 1, 1, 1, 1, 1, 1, 1, 1, 1, 1, 1, 1, 1, 1, 1, 1, 1, 1, 1, 1, 1, 1, 1, 1, 1, 0, 1, 1, 1, 1], [0, 1, 1, 1, 1, 1, 1, 1, 1, 1, 1, 1, 1, 1, 1, 1, 1, 1, 1, 1, 1, 1, 1, 1, 1, 1, 1, 1, 1, 1, 1, 1, 1, 0, 1, 1, 1], [0, 1, 1, 1, 1, 1, 1, 1, 1, 1, 1, 1, 1, 1, 1, 1, 1, 1, 1, 1, 1, 1, 1, 1, 1, 1, 1, 1, 1, 1, 1, 1, 1, 1, 0, 1, 1], [0, 1, 1, 1, 1, 1, 1, 1, 1, 1, 1, 1, 1, 1, 1, 1, 1, 1, 1, 1, 1, 1, 1, 1, 1, 1, 1, 1, 1, 1, 1, 1, 1, 1, 1, 0, 1], [0, 0, 0, 0, 0, 0, 0, 0, 0, 0, 0, 0, 0, 0, 0, 0, 0, 0, 0, 0, 0, 0, 0, 0, 0, 0, 0, 0, 0, 0, 0, 0, 0, 0, 0, 0, 0]], "vertex_count": 37}, "distances": [[0.0, 9.6, 14.87, 14.28, 5.66, 18.81, 13.71, 8.25, 20.69, 8.76, 5.73, 11.44, 15.92, 10.22, 5.7, 21.29, 7.03, 10.15, 10.18, 8.4, 5.4, 4.29, 17.09, 9.18, 11.32, 25.61, 5.2, 13.55, 4.73, 7.84, 19.06, 5.3, 18.63, 8.81, 4.88, 9.41, 8.57], [9.6, 0.0, 15.6, 14.36, 4.52, 18.59, 13.16, 8.56, 20.33, 9.74, 5.03, 4.42, 15.58, 9.32, 6.65, 21.18, 6.27, 9.01, 11.2, 7.25, 6.39, 5.48, 17.56, 8.89, 12.34, 25.85, 6.22, 13.38, 10.47, 9.06, 19.81, 4.29, 19.11, 9.48, 6.11, 8.49, 9.6], [14.87, 15.6, 0.0, 7.52, 19.93, 33.24, 13.68, 7.84, 15.44, 19.2, 13.8, 14.95, 12.38, 15.98, 17.6, 35.4, 14.07, 15.44, 12.74, 22.52, 17.2, 15.53, 29.15, 18.47, 5.21, 12.99, 16.95, 27.97, 19.39, 9.29, 4.21, 15.29, 30.46, 13.86, 11.12, 12.93, 14.87], [14.28, 14.36, 7.52, 0.0, 17.71, 32.94, 6.6, 6.21, 8.43, 21.43, 10.39, 15.88, 4.86, 14.51, 18.95, 35.53, 9.95, 13.72, 13.33, 19.83, 18.56, 16.86, 30.95, 17.85, 10.5, 11.66, 18.3, 27.74, 17.7, 12.72, 10.14, 12.0, 32.43, 13.35, 12.83, 11.86, 14.28], [5.66, 4.52, 19.93, 17.71, 0.0, 15.81, 14.98, 12.49, 22.43, 11.64, 7.37, 7.96, 17.91, 12.28, 8.83, 18.67, 8.14, 4.49, 8.36, 11.63, 8.77, 8.67, 17.05, 8.88, 16.86, 29.36, 8.72, 11.0, 10.39, 13.5, 24.14, 5.84, 18.59, 6.5, 10.54, 7.02, 5.66], [18.81, 18.59, 33.24, 32.94, 15.81, 0.0, 30.79, 27.06, 38.23, 15.6, 22.98, 18.3, 33.68, 18.44, 15.93, 13.09, 23.89, 19.25, 20.54, 14.79, 16.29, 17.84, 9.35, 15.15, 28.77, 44.41, 16.52, 5.28, 15.42, 24.48, 37.27, 21.57, 9.88, 19.81, 22.14, 21.17, 18.81], [13.71, 13.16, 13.68, 6.6, 14.98, 30.79, 0.0, 8.43, 7.46, 22.22, 8.15, 16.33, 11.46, 13.07, 19.29, 33.63, 7.02, 12.21, 14.04, 16.39, 18.95, 17.48, 30.72, 16.59, 15.16, 16.47, 18.71, 25.89, 15.48, 15.75, 16.71, 9.32, 32.27, 13.08, 14.57, 11.51, 13.71], [8.25, 8.56, 7.84, 6.21, 12.49, 27.06, 8.43, 0.0, 13.79, 15.26, 5.95, 9.67, 9.18, 8.82, 12.74, 29.54, 6.29, 8.12, 7.12, 14.94, 12.35, 10.66, 24.74, 11.91, 7.1, 17.35, 12.09, 21.8, 12.19, 7.37, 11.95, 7.47, 26.22, 7.27, 6.77, 5.9, 8.25], [20.69, 20.33, 15.44, 8.43, 22.43, 38.23, 7.46, 13.79, 0.0, 28.82, 15.43, 22.99, 4.78, 20.3, 26.05, 41.06, 14.39, 19.44, 20.52, 23.82, 25.68, 24.08, 37.79, 23.83, 18.93, 11.64, 25.43, 33.3, 22.88, 20.92, 16.79, 16.71, 39.32, 19.94, 20.54, 18.35, 20.69], [8.76, 9.74, 19.2, 21.43, 11.64, 15.6, 22.22, 15.26, 28.82, 0.0, 14.47, 5.89, 24.05, 10.09, 12.44, 17.08, 15.78, 10.77, 8.29, 13.59, 12.4, 4.75, 9.95, 7.64, 14.18, 31.69, 12.36, 10.96, 10.25, 9.92, 22.83, 14.01, 11.28, 9.19, 8.65, 10.73, 8.76], [5.73, 5.03, 13.8, 10.39, 7.37, 22.98, 8.15, 5.95, 15.43, 14.47, 0.0, 8.69, 10.75, 4.92, 11.43, 25.73, 11.03, 11.4, 6.85, 9.44, 11.12, 9.85, 22.58, 8.44, 12.23, 22.05, 10.91, 17.93, 7.56, 10.54, 17.89, 9.32, 24.13, 5.33, 8.23, 11.86, 5.73], [11.44, 4.42, 14.95, 15.88, 7.96, 18.3, 16.33, 9.67, 22.99, 5.89, 8.69, 0.0, 18.21, 4.9, 9.27, 20.47, 10.0, 5.37, 9.4, 10.55, 9.22, 9.36, 15.07, 4.47, 10.57, 26.7, 9.19, 13.06, 6.71, 6.43, 18.97, 8.44, 16.55, 9.17, 9.38, 4.84, 11.44], [15.92, 15.58, 12.38, 4.86, 17.91, 33.68, 11.46, 9.18, 4.78, 24.05, 10.75, 18.21, 0.0, 15.57, 21.27, 36.46, 9.79, 14.72, 15.76, 19.51, 20.9, 19.32, 33.01, 19.1, 14.98, 13.2, 20.65, 28.67, 18.28, 16.47, 14.76, 12.11, 34.54, 15.16, 15.87, 13.57, 15.92], [10.22, 9.32, 15.98, 14.51, 12.28, 18.44, 13.07, 8.82, 20.3, 10.09, 4.92, 4.9, 15.57, 0.0, 7.0, 21.07, 6.11, 9.04, 4.5, 6.77, 6.76, 5.93, 17.68, 9.37, 12.81, 26.05, 6.6, 13.26, 11.61, 9.58, 20.19, 11.52, 19.23, 10.24, 6.64, 9.75, 10.22], [5.7, 6.65, 17.6, 18.95, 8.83, 15.93, 19.29, 12.74, 26.05, 12.44, 11.43, 9.27, 21.27, 7.0, 0.0, 17.88, 12.73, 7.68, 5.63, 11.03, 9.56, 9.7, 12.01, 4.8, 12.88, 29.65, 9.53, 10.83, 7.45, 8.57, 21.48, 10.92, 13.47, 6.21, 6.54, 7.78, 5.7], [21.29, 21.18, 35.4, 35.53, 18.67, 13.09, 33.63, 29.54, 41.06, 17.08, 25.73, 20.47, 36.46, 21.07, 17.88, 0.0, 26.69, 21.9, 22.82, 17.78, 18.26, 19.89, 9.15, 17.68, 30.76, 46.89, 18.5, 7.81, 18.19, 26.43, 39.35, 24.36, 9.19, 22.27, 24.28, 23.69, 21.29], [7.03, 6.27, 14.07, 9.95, 8.14, 23.89, 7.02, 6.29, 14.39, 15.78, 11.03, 10.0, 9.79, 6.11, 12.73, 26.69, 0.0, 5.27, 8.13, 9.96, 12.43, 11.16, 23.79, 9.6, 12.96, 21.55, 12.22, 18.91, 8.5, 11.6, 18.08, 9.45, 25.34, 6.64, 9.41, 5.26, 7.03], [10.15, 9.01, 15.44, 13.72, 4.49, 19.25, 12.21, 8.12, 19.44, 10.77, 11.4, 5.37, 14.72, 9.04, 7.68, 21.9, 5.27, 0.0, 4.54, 7.14, 7.42, 6.46, 18.53, 4.39, 12.49, 25.28, 7.25, 14.09, 11.92, 9.49, 19.65, 10.33, 20.08, 9.09, 6.6, 10.21, 10.15], [10.18, 11.2, 12.74, 13.33, 8.36, 20.54, 14.04, 7.12, 20.52, 8.29, 6.85, 9.4, 15.76, 4.5, 5.63, 22.82, 8.13, 4.54, 0.0, 11.1, 5.24, 10.43, 17.62, 5.84, 8.78, 24.2, 4.98, 15.26, 7.38, 5.14, 16.85, 7.02, 19.1, 10.54, 10.86, 11.21, 10.18], [8.4, 7.25, 22.52, 19.83, 11.63, 14.79, 16.39, 14.94, 23.82, 13.59, 9.44, 10.55, 19.51, 6.77, 11.03, 17.78, 9.96, 7.14, 11.1, 0.0, 11.03, 11.16, 17.56, 6.31, 19.58, 31.47, 11.02, 10.53, 13.12, 16.24, 26.72, 7.83, 19.05, 9.23, 13.27, 9.69, 8.4], [5.4, 6.39, 17.2, 18.56, 8.77, 16.29, 18.95, 12.35, 25.68, 12.4, 11.12, 9.22, 20.9, 6.76, 9.56, 18.26, 12.43, 7.42, 5.24, 11.03, 0.0, 9.65, 12.41, 4.76, 12.51, 29.25, 9.48, 11.17, 7.39, 8.19, 21.1, 10.66, 13.87, 5.87, 6.14, 7.43, 5.4], [4.29, 5.48, 15.53, 16.86, 8.67, 17.84, 17.48, 10.66, 24.08, 4.75, 9.85, 9.36, 19.32, 5.93, 9.7, 19.89, 11.16, 6.46, 10.43, 11.16, 9.65, 0.0, 14.12, 4.9, 10.93, 27.52, 9.49, 12.65, 7.35, 6.66, 19.47, 9.58, 15.58, 4.53, 4.43, 6.01, 4.29], [17.09, 17.56, 29.15, 30.95, 17.05, 9.35, 30.72, 24.74, 37.79, 9.95, 22.58, 15.07, 33.01, 17.68, 12.01, 9.15, 23.79, 18.53, 17.62, 17.56, 12.41, 14.12, 0.0, 14.22, 24.1, 41.57, 12.67, 8.2, 15.98, 19.86, 32.74, 21.62, 17.64, 17.86, 18.42, 19.45, 17.09], [9.18, 8.89, 18.47, 17.85, 8.88, 15.15, 16.59, 11.91, 23.83, 7.64, 8.44, 4.47, 19.1, 9.37, 4.8, 17.68, 9.6, 4.39, 5.84, 6.31, 4.76, 4.9, 14.22, 0.0, 14.61, 29.26, 4.72, 9.9, 10.36, 10.72, 22.63, 7.4, 15.78, 4.7, 7.86, 6.02, 9.18], [11.32, 12.34, 5.21, 10.5, 16.86, 28.77, 15.16, 7.1, 18.93, 14.18, 12.23, 10.57, 14.98, 12.81, 12.88, 30.76, 12.96, 12.49, 8.78, 19.58, 12.51, 10.93, 24.1, 14.61, 0.0, 18.17, 12.27, 23.57, 16.04, 4.33, 8.67, 13.4, 25.38, 10.39, 6.78, 9.97, 11.32], [25.61, 25.85, 12.99, 11.66, 29.36, 44.41, 16.47, 17.35, 11.64, 31.69, 22.05, 26.7, 13.2, 26.05, 29.65, 46.89, 21.55, 25.28, 24.2, 31.47, 29.25, 27.52, 41.57, 29.26, 18.17, 0.0, 28.98, 39.16, 29.31, 21.96, 11.05, 23.65, 42.96, 24.62, 23.15, 23.24, 25.61], [5.2, 6.22, 16.95, 18.3, 8.72, 16.52, 18.71, 12.09, 25.43, 12.36, 10.91, 9.19, 20.65, 6.6, 9.53, 18.5, 12.22, 7.25, 4.98, 11.02, 9.48, 9.49, 12.67, 4.72, 12.27, 28.98, 0.0, 11.39, 7.35, 7.96, 20.85, 10.47, 14.13, 5.65, 5.88, 7.2, 5.2], [13.55, 13.38, 27.97, 27.74, 11.0, 5.28, 25.89, 21.8, 33.3, 10.96, 17.93, 13.06, 28.67, 13.26, 10.83, 7.81, 18.91, 14.09, 15.26, 10.53, 11.17, 12.65, 8.2, 9.9, 23.57, 39.16, 11.39, 0.0, 10.42, 19.31, 32.02, 16.59, 9.44, 14.54, 16.9, 15.92, 13.55], [4.73, 10.47, 19.39, 17.7, 10.39, 15.42, 15.48, 12.19, 22.88, 10.25, 7.56, 6.71, 18.28, 11.61, 7.45, 18.19, 8.5, 11.92, 7.38, 13.12, 7.39, 7.35, 15.98, 10.36, 16.04, 29.31, 7.35, 10.42, 0.0, 12.5, 23.59, 6.17, 17.54, 5.66, 9.54, 6.46, 4.73], [7.84, 9.06, 9.29, 12.72, 13.5, 24.48, 15.75, 7.37, 20.92, 9.92, 10.54, 6.43, 16.47, 9.58, 8.57, 26.43, 11.6, 9.49, 5.14, 16.24, 8.19, 6.66, 19.86, 10.72, 4.33, 21.96, 7.96, 19.31, 12.5, 0.0, 12.98, 11.28, 21.18, 7.08, 11.09, 7.23, 7.84], [19.06, 19.81, 4.21, 10.14, 24.14, 37.27, 16.71, 11.95, 16.79, 22.83, 17.89, 18.97, 14.76, 20.19, 21.48, 39.35, 18.08, 19.65, 16.85, 26.72, 21.1, 19.47, 32.74, 22.63, 8.67, 11.05, 20.85, 32.02, 23.59, 12.98, 0.0, 19.42, 33.99, 18.05, 15.13, 17.15, 19.06], [5.3, 4.29, 15.29, 12.0, 5.84, 21.57, 9.32, 7.47, 16.71, 14.01, 9.32, 8.44, 12.11, 11.52, 10.92, 24.36, 9.45, 10.33, 7.02, 7.83, 10.66, 9.58, 21.62, 7.4, 13.4, 23.65, 10.47, 16.59, 6.17, 11.28, 19.42, 0.0, 23.18, 5.19, 8.71, 4.19, 5.3], [18.63, 19.11, 30.46, 32.43, 18.59, 9.88, 32.27, 26.22, 39.32, 11.28, 24.13, 16.55, 34.54, 19.23, 13.47, 9.19, 25.34, 20.08, 19.1, 19.05, 13.87, 15.58, 17.64, 15.78, 25.38, 42.96, 14.13, 9.44, 17.54, 21.18, 33.99, 23.18, 0.0, 19.38, 19.84, 20.97, 18.63], [8.81, 9.48, 13.86, 13.35, 6.5, 19.81, 13.08, 7.27, 19.94, 9.19, 5.33, 9.17, 15.16, 10.24, 6.21, 22.27, 6.64, 9.09, 10.54, 9.23, 5.87, 4.53, 17.86, 4.7, 10.39, 24.62, 5.65, 14.54, 5.66, 7.08, 18.05, 5.19, 19.38, 0.0, 8.96, 9.38, 8.81], [4.88, 6.11, 11.12, 12.83, 10.54, 22.14, 14.57, 6.77, 20.54, 8.65, 8.23, 9.38, 15.87, 6.64, 6.54, 24.28, 9.41, 6.6, 10.86, 13.27, 6.14, 4.43, 18.42, 7.86, 6.78, 23.15, 5.88, 16.9, 9.54, 11.09, 15.13, 8.71, 19.84, 8.96, 0.0, 4.53, 4.88], [9.41, 8.49, 12.93, 11.86, 7.02, 21.17, 11.51, 5.9, 18.35, 10.73, 11.86, 4.84, 13.57, 9.75, 7.78, 23.69, 5.26, 10.21, 11.21, 9.69, 7.43, 6.01, 19.45, 6.02, 9.97, 23.24, 7.2, 15.92, 6.46, 7.23, 17.15, 4.19, 20.97, 9.38, 4.53, 0.0, 9.41], [8.57, 9.6, 14.87, 14.28, 5.66, 18.81, 13.71, 8.25, 20.69, 8.76, 5.73, 11.44, 15.92, 10.22, 5.7, 21.29, 7.03, 10.15, 10.18, 8.4, 5.4, 4.29, 17.09, 9.18, 11.32, 25.61, 5.2, 13.55, 4.73, 7.84, 19.06, 5.3, 18.63, 8.81, 4.88, 9.41, 0.0]], "end_depot": 36, "horizon": [0.0, 1179.75], "instance_name": "35_95_A_A9", "speed_zone_count": 3, "speed_zones": [[0.0, 393.25], [393.25, 786.5], [786.5, 1179.75]], "start_depot": 0, "vehicle_count": 35}