{"cluster_count": 3, "cluster_speeds": [[0.209, 0.44, 0.209], [0.291, 0.6, 0.291], [0.415, 0.83, 0.415]], "clusters": [[-1, 0, 0, 0, 0, 0, 0, 0, 0, 0, 0, 0, 0, 0, 0, 0, 0, 0, 0, 0, 0, 0, 0, 0, 0, 0, 0, 0, 0, 0, 0, 0, 0, 0, 0, 0, 0], [1, -1, 1, 1, 1, 1, 1, 1, 1, 1, 1, 1, 1, 1, 1, 1, 1, 1, 1, 1, 1, 1, 1, 1, 1, 1, 1, 1, 1, 1, 1, 1, 1, 1, 1, 1, 1], [0, 0, -1, 0, 0, 0, 0, 0, 0, 0, 0, 0, 0, 0, 0, 0, 0, 0, 0, 0, 0, 0, 0, 0, 0, 0, 0, 0, 0, 0, 0, 0, 0, 0, 0, 0, 0], [0, 0, 0, -1, 0, 0, 0, 0, 0, 0, 0, 0, 0, 0, 0, 0, 0, 0, 0, 0, 0, 0, 0, 0, 0, 0, 0, 0, 0, 0, 0, 0, 0, 0, 0, 0, 0], [1, 1, 1, 1, -1, 1, 1, 1, 1, 1, 1, 1, 1, 1, 1, 1, 1, 1, 1, 1, 1, 1, 1, 1, 1, 1, 1, 1, 1, 1, 1, 1, 1, 1, 1, 1, 1], [1, 1, 1, 1, 1, -1, 1, 1, 1, 1, 1, 1, 1, 1, 1, 1, 1, 1, 1, 1, 1, 1, 1, 1, 1, 1, 1, 1, 1, 1, 1, 1, 1, 1, 1, 1, 1], [2, 2, 2, 2, 2, 2, -1, 2, 2, 2, 2, 2, 2, 2, 2, 2, 2, 2, 2, 2, 2, 2, 2, 2, 2, 2, 2, 2, 2, 2, 2, 2, 2, 2, 2, 2, 2], [1, 1, 1, 1, 1, 1, 1, -1, 1, 1, 1, 1, 1, 1, 1, 1, 1, 1, 1, 1, 1, 1, 1, 1, 1, 1, 1, 1, 1, 1, 1, 1, 1, 1, 1, 1, 1], [0, 0, 0, 0, 0, 0, 0, 0, -1, 0, 0, 0, 0, 0, 0, 0, 0, 0, 0, 0, 0, 0, 0, 0, 0, 0, 0, 0, 0, 0, 0, 0, 0, 0, 0, 0, 0], [2, 2, 2, 2, 2, 2, 2, 2, 2, -1, 2, 2, 2, 2, 2, 2, 2, 2, 2, 2, 2, 2, 2, 2, 2, 2, 2, 2, 2, 2, 2, 2, 2, 2, 2, 2, 2], [0, 0, 0, 0, 0, 0, 0, 0, 0, 0, -1, 0, 0, 0, 0, 0, 0, 0, 0, 0, 0, 0, 0, 0, 0, 0, 0, 0, 0, 0, 0, 0, 0, 0, 0, 0, 0], [1, 1, 1, 1, 1, 1, 1, 1, 1, 1, 1, -1, 1, 1, 1, 1, 1, 1, 1, 1, 1, 1, 1, 1, 1, 1, 1, 1, 1, 1, 1, 1, 1, 1, 1, 1, 1], [1, 1, 1, 1, 1, 1, 1, 1, 1, 1, 1, 1, -1, 1, 1, 1, 1, 1, 1, 1, 1, 1, 1, 1, 1, 1, 1, 1, 1, 1, 1, 1, 1, 1, 1, 1, 1], [1, 1, 1, 1, 1, 1, 1, 1, 1, 1, 1, 1, 1, -1, 1, 1, 1, 1, 1, 1, 1, 1, 1, 1, 1, 1, 1, 1, 1, 1, 1, 1, 1, 1, 1, 1, 1], [2, 2, 2, 2, 2, 2, 2, 2, 2, 2, 2, 2, 2, 2, -1, 2, 2, 2, 2, 2, 2, 2, 2, 2, 2, 2, 2, 2, 2, 2, 2, 2, 2, 2, 2, 2, 2], [0, 0, 0, 0, 0, 0, 0, 0, 0, 0, 0, 0, 0, 0, 0, -1, 0, 0, 0, 0, 0, 0, 0, 0, 0, 0, 0, 0, 0, 0, 0, 0, 0, 0, 0, 0, 0], [1, 1, 1, 1, 1, 1, 1, 1, 1, 1, 1, 1, 1, 1, 1, 1, -1, 1, 1, 1, 1, 1, 1, 1, 1, 1, 1, 1, 1, 1, 1, 1, 1, 1, 1, 1, 1], [2, 2, 2, 2, 2, 2, 2, 2, 2, 2, 2, 2, 2, 2, 2, 2, 2, -1, 2, 2, 2, 2, 2, 2, 2, 2, 2, 2, 2, 2, 2, 2, 2, 2, 2, 2, 2], [0, 0, 0, 0, 0, 0, 0, 0, 0, 0, 0, 0, 0, 0, 0, 0, 0, 0, -1, 0, 0, 0, 0, 0, 0, 0, 0, 0, 0, 0, 0, 0, 0, 0, 0, 0, 0], [0, 0, 0, 0, 0, 0, 0, 0, 0, 0, 0, 0, 0, 0, 0, 0, 0, 0, 0, -1, 0, 0, 0, 0, 0, 0, 0, 0, 0, 0, 0, 0, 0, 0, 0, 0, 0], [0, 0, 0, 0, 0, 0, 0, 0, 0, 0, 0, 0, 0, 0, 0, 0, 0, 0, 0, 0, -1, 0, 0, 0, 0, 0, 0, 0, 0, 0, 0, 0, 0, 0, 0, 0, 0], [1, 1, 1, 1, 1, 1, 1, 1, 1, 1, 1, 1, 1, 1, 1, 1, 1, 1, 1, 1, 1, -1, 1, 1, 1, 1, 1, 1, 1, 1, 1, 1, 1, 1, 1, 1, 1], [2, 2, 2, 2, 2, 2, 2, 2, 2, 2, 2, 2, 2, 2, 2, 2, 2, 2, 2, 2, 2, 2, -1, 2, 2, 2, 2, 2, 2, 2, 2, 2, 2, 2, 2, 2, 2], [0, 0, 0, 0, 0, 0, 0, 0, 0, 0, 0, 0, 0, 0, 0, 0, 0, 0, 0, 0, 0, 0, 0, -1, 0, 0, 0, 0, 0, 0, 0, 0, 0, 0, 0, 0, 0], [2, 2, 2, 2, 2, 2, 2, 2, 2, 2, 2, 2, 2, 2, 2, 2, 2, 2, 2, 2, 2, 2, 2, 2, -1, 2, 2, 2, 2, 2, 2, 2, 2, 2, 2, 2, 2], [1, 1, 1, 1, 1, 1, 1, 1, 1, 1, 1, 1, 1, 1, 1, 1, 1, 1, 1, 1, 1, 1, 1, 1, 1, -1, 1, 1, 1, 1, 1, 1, 1, 1, 1, 1, 1], [0, 0, 0, 0, 0, 0, 0, 0, 0, 0, 0, 0, 0, 0, 0, 0, 0, 0, 0, 0, 0, 0, 0, 0, 0, 0, -1, 0, 0, 0, 0, 0, 0, 0, 0, 0, 0], [2, 2, 2, 2, 2, 2, 2, 2, 2, 2, 2, 2, 2, 2, 2, 2, 2, 2, 2, 2, 2, 2, 2, 2, 2, 2, 2, -1, 2, 2, 2, 2, 2, 2, 2, 2, 2], [0, 0, 0, 0, 0, 0, 0, 0, 0, 0, 0, 0, 0, 0, 0, 0, 0, 0, 0, 0, 0, 0, 0, 0, 0, 0, 0, 0, -1, 0, 0, 0, 0, 0, 0, 0, 0], [1, 1, 1, 1, 1, 1, 1, 1, 1, 1, 1, 1, 1, 1, 1, 1, 1, 1, 1, 1, 1, 1, 1, 1, 1, 1, 1, 1, 1, -1, 1, 1, 1, 1, 1, 1, 1], [0, 0, 0, 0, 0, 0, 0, 0, 0, 0, 0, 0, 0, 0, 0, 0, 0, 0, 0, 0, 0, 0, 0, 0, 0, 0, 0, 0, 0, 0, -1, 0, 0, 0, 0, 0, 0], [1, 1, 1, 1, 1, 1, 1, 1, 1, 1, 1, 1, 1, 1, 1, 1, 1, 1, 1, 1, 1, 1, 1, 1, 1, 1, 1, 1, 1, 1, 1, -1, 1, 1, 1, 1, 1], [1, 1, 1, 1, 1, 1, 1, 1, 1, 1, 1, 1, 1, 1, 1, 1, 1, 1, 1, 1, 1, 1, 1, 1, 1, 1, 1, 1, 1, 1, 1, 1, -1, 1, 1, 1, 1], [0, 0, 0, 0, 0, 0, 0, 0, 0, 0, 0, 0, 0, 0, 0, 0, 0, 0, 0, 0, 0, 0, 0, 0, 0, 0, 0, 0, 0, 0, 0, 0, 0, -1, 0, 0, 0], [2, 2, 2, 2, 2, 2, 2, 2, 2, 2, 2, 2, 2, 2, 2, 2, 2, 2, 2, 2, 2, 2, 2, 2, 2, 2, 2, 2, 2, 2, 2, 2, 2, 2, -1, 2, 2], [0, 0, 0, 0, 0, 0, 0, 0, 0, 0, 0, 0, 0, 0, 0, 0, 0, 0, 0, 0, 0, 0, 0, 0, 0, 0, 0, 0, 0, 0, 0, 0, 0, 0, 0, -1, 0], [0, 0, 0, 0, 0, 0, 0, 0, 0, 0, 0, 0, 0, 0, 0, 0, 0, 0, 0, 0, 0, 0, 0, 0, 0, 0, 0, 0, 0, 0, 0, 0, 0, 0, 0, 0, -1]], "dataset_name": "cordeau_et_al_2014", "digraph": {"arc_count": 1260, "arcs": [[0, 1, 1, 1, 1, 1, 1, 1, 1, 1, 1, 1, 1, 1, 1, 1, 1, 1, 1, 1, 1, 1, 1, 1, 1, 1, 1, 1, 1, 1, 1, 1, 1, 1, 1, 1, 0], [0, 0, 1, 1, 1, 1, 1, 1, 1, 1, 1, 1, 1, 1, 1, 1, 1, 1, 1, 1, 1, 1, 1, 1, 1, 1, 1, 1, 1, 1, 1, 1, 1, 1, 1, 1, 1], [0, 1, 0, 1, 1, 1, 1, 1, 1, 1, 1, 1, 1, 1, 1, 1, 1, 1, 1, 1, 1, 1, 1, 1, 1, 1, 1, 1, 1, 1, 1, 1, 1, 1, 1, 1, 1], [0, 1, 1, 0, 1, 1, 1, 1, 1, 1, 1, 1, 1, 1, 1, 1, 1, 1, 1, 1, 1, 1, 1, 1, 1, 1, 1, 1, 1, 1, 1, 1, 1, 1, 1, 1, 1], [0, 1, 1, 1, 0, 1, 1, 1, 1, 1, 1, 1, 1, 1, 1, 1, 1, 1, 1, 1, 1, 1, 1, 1, 1, 1, 1, 1, 1, 1, 1, 1, 1, 1, 1, 1, 1], [0, 1, 1, 1, 1, 0, 1, 1, 1, 1, 1, 1, 1, 1, 1, 1, 1, 1, 1, 1, 1, 1, 1, 1, 1, 1, 1, 1, 1, 1, 1, 1, 1, 1, 1, 1, 1], [0, 1, 1, 1, 1, 1, 0, 1, 1, 1, 1, 1, 1, 1, 1, 1, 1, 1, 1, 1, 1, 1, 1, 1, 1, 1, 1, 1, 1, 1, 1, 1, 1, 1, 1, 1, 1], [0, 1, 1, 1, 1, 1, 1, 0, 1, 1, 1, 1, 1, 1, 1, 1, 1, 1, 1, 1, 1, 1, 1, 1, 1, 1, 1, 1, 1, 1, 1, 1, 1, 1, 1, 1, 1], [0, 1, 1, 1, 1, 1, 1, 1, 0, 1, 1, 1, 1, 1, 1, 1, 1, 1, 1, 1, 1, 1, 1, 1, 1, 1, 1, 1, 1, 1, 1, 1, 1, 1, 1, 1, 1], [0, 1, 1, 1, 1, 1, 1, 1, 1, 0, 1, 1, 1, 1, 1, 1, 1, 1, 1, 1, 1, 1, 1, 1, 1, 1, 1, 1, 1, 1, 1, 1, 1, 1, 1, 1, 1], [0, 1, 1, 1, 1, 1, 1, 1, 1, 1, 0, 1, 1, 1, 1, 1, 1, 1, 1, 1, 1, 1, 1, 1, 1, 1, 1, 1, 1, 1, 1, 1, 1, 1, 1, 1, 1], [0, 1, 1, 1, 1, 1, 1, 1, 1, 1, 1, 0, 1, 1, 1, 1, 1, 1, 1, 1, 1, 1, 1, 1, 1, 1, 1, 1, 1, 1, 1, 1, 1, 1, 1, 1, 1], [0, 1, 1, 1, 1, 1, 1, 1, 1, 1, 1, 1, 0, 1, 1, 1, 1, 1, 1, 1, 1, 1, 1, 1, 1, 1, 1, 1, 1, 1, 1, 1, 1, 1, 1, 1, 1], [0, 1, 1, 1, 1, 1, 1, 1, 1, 1, 1, 1, 1, 0, 1, 1, 1, 1, 1, 1, 1, 1, 1, 1, 1, 1, 1, 1, 1, 1, 1, 1, 1, 1, 1, 1, 1], [0, 1, 1, 1, 1, 1, 1, 1, 1, 1, 1, 1, 1, 1, 0, 1, 1, 1, 1, 1, 1, 1, 1, 1, 1, 1, 1, 1, 1, 1, 1, 1, 1, 1, 1, 1, 1], [0, 1, 1, 1, 1, 1, 1, 1, 1, 1, 1, 1, 1, 1, 1, 0, 1, 1, 1, 1, 1, 1, 1, 1, 1, 1, 1, 1, 1, 1, 1, 1, 1, 1, 1, 1, 1], [0, 1, 1, 1, 1, 1, 1, 1, 1, 1, 1, 1, 1, 1, 1, 1, 0, 1, 1, 1, 1, 1, 1, 1, 1, 1, 1, 1, 1, 1, 1, 1, 1, 1, 1, 1, 1], [0, 1, 1, 1, 1, 1, 1, 1, 1, 1, 1, 1, 1, 1, 1, 1, 1, 0, 1, 1, 1, 1, 1, 1, 1, 1, 1, 1, 1, 1, 1, 1, 1, 1, 1, 1, 1], [0, 1, 1, 1, 1, 1, 1, 1, 1, 1, 1, 1, 1, 1, 1, 1, 1, 1, 0, 1, 1, 1, 1, 1, 1, 1, 1, 1, 1, 1, 1, 1, 1, 1, 1, 1, 1], [0, 1, 1, 1, 1, 1, 1, 1, 1, 1, 1, 1, 1, 1, 1, 1, 1, 1, 1, 0, 1, 1, 1, 1, 1, 1, 1, 1, 1, 1, 1, 1, 1, 1, 1, 1, 1], [0, 1, 1, 1, 1, 1, 1, 1, 1, 1, 1, 1, 1, 1, 1, 1, 1, 1, 1, 1, 0, 1, 1, 1, 1, 1, 1, 1, 1, 1, 1, 1, 1, 1, 1, 1, 1], [0, 1, 1, 1, 1, 1, 1, 1, 1, 1, 1, 1, 1, 1, 1, 1, 1, 1, 1, 1, 1, 0, 1, 1, 1, 1, 1, 1, 1, 1, 1, 1, 1, 1, 1, 1, 1], [0, 1, 1, 1, 1, 1, 1, 1, 1, 1, 1, 1, 1, 1, 1, 1, 1, 1, 1, 1, 1, 1, 0, 1, 1, 1, 1, 1, 1, 1, 1, 1, 1, 1, 1, 1, 1], [0, 1, 1, 1, 1, 1, 1, 1, 1, 1, 1, 1, 1, 1, 1, 1, 1, 1, 1, 1, 1, 1, 1, 0, 1, 1, 1, 1, 1, 1, 1, 1, 1, 1, 1, 1, 1], [0, 1, 1, 1, 1, 1, 1, 1, 1, 1, 1, 1, 1, 1, 1, 1, 1, 1, 1, 1, 1, 1, 1, 1, 0, 1, 1, 1, 1, 1, 1, 1, 1, 1, 1, 1, 1], [0, 1, 1, 1, 1, 1, 1, 1, 1, 1, 1, 1, 1, 1, 1, 1, 1, 1, 1, 1, 1, 1, 1, 1, 1, 0, 1, 1, 1, 1, 1, 1, 1, 1, 1, 1, 1], [0, 1, 1, 1, 1, 1, 1, 1, 1, 1, 1, 1, 1, 1, 1, 1, 1, 1, 1, 1, 1, 1, 1, 1, 1, 1, 0, 1, 1, 1, 1, 1, 1, 1, 1, 1, 1], [0, 1, 1, 1, 1, 1, 1, 1, 1, 1, 1, 1, 1, 1, 1, 1, 1, 1, 1, 1, 1, 1, 1, 1, 1, 1, 1, 0, 1, 1, 1, 1, 1, 1, 1, 1, 1], [0, 1, 1, 1, 1, 1, 1, 1, 1, 1, 1, 1, 1, 1, 1, 1, 1, 1, 1, 1, 1, 1, 1, 1, 1, 1, 1, 1, 0, 1, 1, 1, 1, 1, 1, 1, 1], [0, 1, 1, 1, 1, 1, 1, 1, 1, 1, 1, 1, 1, 1, 1, 1, 1, 1, 1, 1, 1, 1, 1, 1, 1, 1, 1, 1, 1, 0, 1, 1, 1, 1, 1, 1, 1], [0, 1, 1, 1, 1, 1, 1, 1, 1, 1, 1, 1, 1, 1, 1, 1, 1, 1, 1, 1, 1, 1, 1, 1, 1, 1, 1, 1, 1, 1, 0, 1, 1, 1, 1, 1, 1], [0, 1, 1, 1, 1, 1, 1, 1, 1, 1, 1, 1, 1, 1, 1, 1, 1, 1, 1, 1, 1, 1, 1, 1, 1, 1, 1, 1, 1, 1, 1, 0, 1, 1, 1, 1, 1], [0, 1, 1, 1, 1, 1, 1, 1, 1, 1, 1, 1, 1, 1, 1, 1, 1, 1, 1, 1, 1, 1, 1, 1, 1, 1, 1, 1, 1, 1, 1, 1, 0, 1, 1, 1, 1], [0, 1, 1, 1, 1, 1, 1, 1, 1, 1, 1, 1, 1, 1, 1, 1, 1, 1, 1, 1, 1, 1, 1, 1, 1, 1, 1, 1, 1, 1, 1, 1, 1, 0, 1, 1, 1], [0, 1, 1, 1, 1, 1, 1, 1, 1, 1, 1, 1, 1, 1, 1, 1, 1, 1, 1, 1, 1, 1, 1, 1, 1, 1, 1, 1, 1, 1, 1, 1, 1, 1, 0, 1, 1], [0, 1, 1, 1, 1, 1, 1, 1, 1, 1, 1, 1, 1, 1, 1, 1, 1, 1, 1, 1, 1, 1, 1, 1, 1, 1, 1, 1, 1, 1, 1, 1, 1, 1, 1, 0, 1], [0, 0, 0, 0, 0, 0, 0, 0, 0, 0, 0, 0, 0, 0, 0, 0, 0, 0, 0, 0, 0, 0, 0, 0, 0, 0, 0, 0, 0, 0, 0, 0, 0, 0, 0, 0, 0]], "vertex_count": 37}, "distances": [[0.0, 20.22, 7.43, 6.24, 24.44, 17.02, 43.46, 24.41, 13.45, 34.42, 12.48, 21.71, 16.48, 16.55, 27.05, 13.19, 21.36, 28.66, 13.24, 7.34, 12.9, 23.24, 37.93, 14.21, 30.33, 23.43, 11.06, 38.94, 12.78, 15.54, 5.83, 24.9, 17.27, 6.67, 35.25, 8.79, 11.66], [20.22, 0.0, 27.07, 16.72, 44.4, 14.28, 61.72, 19.7, 27.88, 16.4, 31.3, 15.29, 20.99, 36.71, 46.15, 27.9, 37.09, 8.88, 32.33, 20.98, 20.27, 16.63, 56.7, 18.72, 13.97, 43.1, 11.33, 59.16, 11.64, 6.16, 20.92, 41.61, 5.06, 26.25, 17.85, 28.37, 20.22], [7.43, 27.07, 0.0, 13.43, 19.24, 20.7, 39.94, 26.96, 16.07, 40.06, 5.22, 25.31, 17.41, 9.9, 23.21, 15.71, 21.41, 35.73, 5.85, 8.23, 10.14, 26.61, 34.05, 10.29, 35.64, 18.9, 18.49, 32.38, 20.18, 22.83, 7.22, 23.73, 24.55, 6.61, 40.65, 10.37, 7.43], [6.24, 16.72, 13.43, 0.0, 28.04, 18.36, 45.07, 26.18, 11.87, 32.4, 18.6, 22.67, 20.11, 21.61, 29.44, 11.79, 20.97, 24.35, 19.28, 12.5, 15.45, 24.33, 39.99, 14.34, 28.87, 26.54, 5.81, 43.44, 6.99, 11.05, 11.23, 25.24, 12.73, 10.09, 33.52, 14.76, 6.24], [24.44, 44.4, 19.24, 28.04, 0.0, 39.93, 21.68, 46.05, 20.6, 58.79, 18.34, 44.55, 36.23, 10.3, 6.35, 20.3, 16.44, 52.38, 17.29, 27.47, 24.26, 45.84, 15.56, 25.69, 54.56, 11.1, 33.84, 16.23, 34.71, 39.06, 26.43, 14.18, 40.75, 18.15, 59.53, 18.41, 24.44], [17.02, 14.28, 20.7, 18.36, 39.93, 0.0, 60.14, 7.84, 29.71, 20.57, 23.0, 4.72, 7.22, 30.34, 43.51, 29.53, 38.24, 22.19, 24.17, 12.51, 19.79, 6.23, 54.43, 17.95, 15.81, 39.45, 16.79, 52.33, 18.72, 15.59, 13.5, 41.91, 16.28, 23.52, 20.74, 21.61, 17.02], [43.46, 61.72, 39.94, 45.07, 21.68, 60.14, 0.0, 66.86, 34.09, 77.4, 39.89, 64.85, 57.33, 31.92, 16.73, 34.01, 25.23, 68.49, 38.88, 48.06, 41.88, 66.28, 6.13, 43.65, 73.6, 21.19, 50.42, 23.09, 50.55, 55.74, 46.81, 20.46, 57.26, 36.8, 78.42, 39.37, 43.46], [24.41, 19.7, 26.96, 26.18, 46.05, 7.84, 66.86, 0.0, 37.41, 19.46, 28.2, 4.43, 10.02, 36.04, 50.14, 37.22, 45.76, 25.96, 29.36, 18.81, 27.46, 14.07, 61.01, 25.64, 14.81, 45.86, 24.45, 57.17, 26.27, 22.54, 20.1, 49.25, 22.89, 30.68, 18.88, 27.66, 24.41], [13.45, 27.88, 16.07, 11.87, 20.6, 29.71, 34.09, 37.41, 0.0, 44.01, 20.49, 34.22, 29.93, 18.71, 19.85, 18.45, 9.22, 34.4, 20.5, 20.61, 9.96, 35.85, 29.53, 11.77, 40.66, 18.38, 16.56, 36.83, 16.49, 21.8, 19.06, 13.76, 23.24, 9.47, 45.22, 16.83, 13.45], [34.42, 16.4, 40.06, 32.4, 58.79, 20.57, 77.4, 19.46, 44.01, 0.0, 43.17, 17.28, 27.25, 49.95, 61.35, 43.99, 53.22, 14.51, 44.32, 32.36, 35.53, 17.09, 72.13, 33.78, 4.83, 57.85, 27.5, 72.35, 28.02, 22.53, 32.97, 57.62, 21.42, 40.98, 9.85, 41.18, 34.42], [12.48, 31.3, 5.22, 18.6, 18.34, 23.0, 39.89, 28.2, 20.49, 43.17, 0.0, 27.33, 18.21, 8.05, 23.41, 20.11, 24.42, 40.1, 11.07, 10.83, 15.36, 28.42, 33.81, 15.45, 38.57, 18.74, 23.47, 29.33, 25.25, 27.52, 10.48, 25.91, 29.22, 11.22, 43.57, 15.59, 12.48], [21.71, 15.29, 25.31, 22.67, 44.55, 4.72, 64.85, 4.43, 34.22, 17.28, 27.33, 0.0, 10.07, 34.85, 48.21, 34.07, 42.86, 21.89, 28.5, 17.09, 24.37, 10.95, 59.13, 22.51, 12.45, 44.12, 20.41, 56.63, 22.14, 18.19, 18.16, 46.59, 18.49, 28.23, 17.12, 26.18, 21.71], [16.48, 20.99, 17.41, 20.11, 36.23, 7.22, 57.33, 10.02, 29.93, 27.25, 18.21, 10.07, 0.0, 26.11, 40.6, 29.67, 37.51, 29.26, 19.36, 9.68, 20.17, 10.73, 51.39, 18.56, 22.42, 36.2, 20.58, 47.16, 22.73, 20.98, 11.17, 40.57, 22.04, 22.01, 27.18, 17.96, 16.48], [16.55, 36.71, 9.9, 21.61, 10.3, 30.34, 31.92, 36.04, 18.71, 49.95, 8.05, 34.85, 26.11, 0.0, 15.66, 18.32, 19.5, 45.21, 6.99, 17.84, 17.8, 36.04, 25.82, 18.71, 45.51, 10.92, 27.24, 22.52, 28.6, 32.04, 17.03, 19.76, 33.77, 11.78, 50.52, 8.79, 16.55], [27.05, 46.15, 23.21, 29.44, 6.35, 43.51, 16.73, 50.14, 19.85, 61.35, 23.41, 48.21, 40.6, 15.66, 0.0, 19.64, 13.13, 53.57, 22.47, 31.34, 25.94, 49.6, 10.92, 27.61, 57.36, 4.75, 35.08, 19.04, 35.57, 40.42, 30.11, 9.48, 42.04, 20.4, 62.25, 22.66, 27.05], [13.19, 27.9, 15.71, 11.79, 20.3, 29.53, 34.01, 37.22, 18.45, 43.99, 20.11, 34.07, 29.67, 18.32, 19.64, 0.0, 9.23, 34.49, 20.12, 20.33, 9.76, 35.69, 29.39, 11.59, 40.61, 18.1, 16.57, 36.53, 16.55, 21.83, 18.77, 13.72, 23.29, 9.1, 45.19, 16.45, 13.19], [21.36, 37.09, 21.41, 20.97, 16.44, 38.24, 25.23, 45.76, 9.22, 53.22, 24.42, 42.86, 37.51, 19.5, 13.13, 9.23, 0.0, 43.4, 24.0, 27.87, 18.53, 44.45, 21.18, 20.4, 49.83, 13.79, 25.78, 31.91, 25.63, 30.99, 26.35, 4.78, 32.41, 15.56, 54.42, 21.65, 21.36], [28.66, 8.88, 35.73, 24.35, 52.38, 22.19, 68.49, 25.96, 34.4, 14.51, 40.1, 21.89, 29.26, 45.21, 53.57, 34.49, 43.4, 0.0, 41.1, 29.86, 28.12, 22.83, 63.81, 26.78, 14.87, 50.88, 18.57, 67.52, 18.02, 13.33, 29.77, 48.1, 11.62, 34.3, 16.41, 37.05, 28.66], [13.24, 32.33, 5.85, 19.28, 17.29, 24.17, 38.88, 29.36, 20.5, 44.32, 11.07, 28.5, 19.36, 6.99, 22.47, 20.12, 24.0, 41.1, 0.0, 11.97, 15.92, 29.59, 32.79, 16.14, 39.72, 17.78, 24.28, 28.16, 26.01, 28.44, 11.56, 25.29, 30.14, 11.41, 44.73, 4.52, 13.24], [7.34, 20.98, 8.23, 12.5, 27.47, 12.51, 48.06, 18.81, 20.61, 32.36, 10.83, 17.09, 9.68, 17.84, 31.34, 20.33, 27.87, 29.86, 11.97, 0.0, 11.33, 18.38, 42.22, 10.08, 27.8, 27.11, 15.35, 40.02, 17.47, 18.15, 13.17, 30.89, 19.71, 12.33, 32.81, 9.1, 7.34], [12.9, 20.27, 10.14, 15.45, 24.26, 19.79, 41.88, 27.46, 9.96, 35.53, 15.36, 24.37, 20.17, 17.8, 25.94, 9.76, 18.53, 28.12, 15.92, 11.33, 0.0, 25.98, 36.62, 13.78, 31.76, 22.85, 9.64, 39.58, 10.82, 14.8, 9.84, 22.48, 16.5, 6.24, 36.55, 11.41, 12.9], [23.24, 16.63, 26.61, 24.33, 45.84, 6.23, 66.28, 14.07, 35.85, 17.09, 28.42, 10.95, 10.73, 36.04, 49.6, 35.69, 44.45, 22.83, 29.59, 18.38, 25.98, 0.0, 60.52, 24.12, 12.31, 45.47, 22.07, 57.66, 23.79, 19.77, 19.51, 48.14, 20.01, 29.72, 16.75, 27.44, 23.24], [37.93, 56.7, 34.05, 39.99, 15.56, 54.43, 6.13, 61.01, 29.53, 72.13, 33.81, 59.13, 51.39, 25.82, 10.92, 29.39, 21.18, 63.81, 32.79, 42.22, 36.62, 60.52, 0.0, 38.35, 68.21, 15.19, 45.49, 18.75, 45.8, 50.84, 41.02, 16.45, 52.41, 31.27, 73.08, 33.43, 37.93], [14.21, 18.72, 10.29, 14.34, 25.69, 17.95, 43.65, 25.64, 11.77, 33.78, 15.45, 22.51, 18.56, 18.71, 27.61, 11.59, 20.4, 26.78, 16.14, 10.08, 13.78, 24.12, 38.35, 0.0, 29.96, 24.39, 8.53, 40.78, 10.0, 13.47, 8.67, 24.34, 15.2, 7.54, 34.76, 11.62, 14.21], [30.33, 13.97, 35.64, 28.87, 54.56, 15.81, 73.6, 14.81, 40.66, 4.83, 38.57, 12.45, 22.42, 45.51, 57.36, 40.61, 49.83, 14.87, 39.72, 27.8, 31.76, 12.31, 68.21, 29.96, 0.0, 53.72, 24.39, 67.82, 25.22, 19.82, 28.49, 54.1, 18.99, 36.96, 5.01, 36.72, 30.33], [23.43, 43.1, 18.9, 26.54, 11.1, 39.45, 21.19, 45.86, 18.38, 57.85, 18.74, 44.12, 36.2, 10.92, 4.75, 18.1, 13.79, 50.88, 17.78, 27.11, 22.85, 45.47, 15.19, 24.39, 53.72, 0.0, 32.31, 18.58, 33.05, 37.59, 25.97, 11.57, 39.26, 16.92, 58.66, 18.24, 23.43], [11.06, 11.33, 18.49, 5.81, 33.84, 16.79, 50.42, 24.45, 16.56, 27.5, 23.47, 20.41, 20.58, 27.24, 35.08, 16.57, 25.78, 18.57, 24.28, 15.35, 9.64, 22.07, 45.49, 8.53, 24.39, 32.31, 0.0, 49.22, 10.84, 5.35, 14.48, 30.28, 6.97, 15.87, 28.78, 19.85, 11.06], [38.94, 59.16, 32.38, 43.44, 16.23, 52.33, 23.09, 57.17, 36.83, 72.35, 29.33, 56.63, 47.16, 22.52, 19.04, 36.53, 31.91, 67.52, 28.16, 40.02, 39.58, 57.66, 18.75, 40.78, 67.82, 18.58, 49.22, 0.0, 50.32, 54.25, 39.38, 28.52, 55.97, 33.35, 72.83, 31.2, 38.94], [12.78, 11.64, 20.18, 6.99, 34.71, 18.72, 50.55, 26.27, 16.49, 28.02, 25.25, 22.14, 22.73, 28.6, 35.57, 16.55, 25.63, 18.02, 26.01, 17.47, 10.82, 23.79, 45.8, 10.0, 25.22, 33.05, 10.84, 50.32, 0.0, 5.49, 16.56, 30.24, 6.78, 17.02, 29.41, 21.54, 12.78], [15.54, 6.16, 22.83, 11.05, 39.06, 15.59, 55.74, 22.54, 21.8, 22.53, 27.52, 18.19, 20.98, 32.04, 40.42, 21.83, 30.99, 13.33, 28.44, 18.15, 14.8, 19.77, 50.84, 13.47, 19.82, 37.59, 5.35, 54.25, 5.49, 0.0, 17.67, 35.55, 11.21, 20.98, 23.93, 24.17, 15.54], [5.83, 20.92, 7.22, 11.23, 26.43, 13.5, 46.81, 20.1, 19.06, 32.97, 10.48, 18.16, 11.17, 17.03, 30.11, 18.77, 26.35, 29.77, 11.56, 13.17, 9.84, 19.51, 41.02, 8.67, 28.49, 25.97, 14.48, 39.38, 16.56, 17.67, 0.0, 29.43, 19.28, 10.84, 33.5, 8.24, 5.83], [24.9, 41.61, 23.73, 25.24, 14.18, 41.91, 20.46, 49.25, 13.76, 57.62, 25.91, 46.59, 40.57, 19.76, 9.48, 13.72, 4.78, 48.1, 25.29, 30.89, 22.48, 48.14, 16.45, 24.34, 54.1, 11.57, 30.28, 28.52, 30.24, 35.55, 29.43, 0.0, 37.0, 18.61, 58.77, 23.71, 24.9], [17.27, 5.06, 24.55, 12.73, 40.75, 16.28, 57.26, 22.89, 23.24, 21.42, 29.22, 18.49, 22.04, 33.77, 42.04, 23.29, 32.41, 11.62, 30.14, 19.71, 16.5, 20.01, 52.41, 15.2, 18.99, 39.26, 6.97, 55.97, 6.78, 11.21, 19.28, 37.0, 0.0, 22.69, 22.9, 25.89, 17.27], [6.67, 26.25, 6.61, 10.09, 18.15, 23.52, 36.8, 30.68, 9.47, 40.98, 11.22, 28.23, 22.01, 11.78, 20.4, 9.1, 15.56, 34.3, 11.41, 12.33, 6.24, 29.72, 31.27, 7.54, 36.96, 16.92, 15.87, 33.35, 17.02, 20.98, 10.84, 18.61, 22.69, 0.0, 41.86, 7.41, 6.67], [35.25, 17.85, 40.65, 33.52, 59.53, 20.74, 78.42, 18.88, 45.22, 9.85, 43.57, 17.12, 27.18, 50.52, 62.25, 45.19, 54.42, 16.41, 44.73, 32.81, 36.55, 16.75, 73.08, 34.76, 5.01, 58.66, 28.78, 72.83, 29.41, 23.93, 33.5, 58.77, 22.9, 41.86, 0.0, 41.73, 35.25], [8.79, 28.37, 10.37, 14.76, 18.41, 21.61, 39.37, 27.66, 16.83, 41.18, 15.59, 26.18, 17.96, 8.79, 22.66, 16.45, 21.65, 37.05, 4.52, 9.1, 11.41, 27.44, 33.43, 11.62, 36.72, 18.24, 19.85, 31.2, 21.54, 24.17, 8.24, 23.71, 25.89, 7.41, 41.73, 0.0, 8.79], [11.66, 20.22, 7.43, 6.24, 24.44, 17.02, 43.46, 24.41, 13.45, 34.42, 12.48, 21.71, 16.48, 16.55, 27.05, 13.19, 21.36, 28.66, 13.24, 7.34, 12.9, 23.24, 37.93, 14.21, 30.33, 23.43, 11.06, 38.94, 12.78, 15.54, 5.83, 24.9, 17.27, 6.67, 35.25, 8.79, 0.0]], "end_depot": 36, "horizon": [0.0, 1596.63], "instance_name": "35_95_B_B1", "speed_zone_count": 3, "speed_zones": [[0.0, 532.21], [532.21, 1064.42], [1064.42, 1596.63]], "start_depot": 0, "vehicle_count": 35}