{"cluster_count": 3, "cluster_speeds": [[0.22, 0.44, 0.22], [0.294, 0.6, 0.294], [0.41085, 0.83, 0.41085]], "clusters": [[-1, 0, 0, 0, 0, 0, 0, 0, 0, 0, 0, 0, 0, 0, 0, 0, 0, 0, 0, 0, 0, 0, 0, 0, 0, 0, 0, 0, 0, 0, 0, 0, 0, 0, 0, 0, 0], [0, -1, 0, 0, 0, 0, 0, 0, 0, 0, 0, 0, 0, 0, 0, 0, 0, 0, 0, 0, 0, 0, 0, 0, 0, 0, 0, 0, 0, 0, 0, 0, 0, 0, 0, 0, 0], [1, 1, -1, 1, 1, 1, 1, 1, 1, 1, 1, 1, 1, 1, 1, 1, 1, 1, 1, 1, 1, 1, 1, 1, 1, 1, 1, 1, 1, 1, 1, 1, 1, 1, 1, 1, 1], [2, 2, 2, -1, 2, 2, 2, 2, 2, 2, 2, 2, 2, 2, 2, 2, 2, 2, 2, 2, 2, 2, 2, 2, 2, 2, 2, 2, 2, 2, 2, 2, 2, 2, 2, 2, 2], [1, 1, 1, 1, -1, 1, 1, 1, 1, 1, 1, 1, 1, 1, 1, 1, 1, 1, 1, 1, 1, 1, 1, 1, 1, 1, 1, 1, 1, 1, 1, 1, 1, 1, 1, 1, 1], [0, 0, 0, 0, 0, -1, 0, 0, 0, 0, 0, 0, 0, 0, 0, 0, 0, 0, 0, 0, 0, 0, 0, 0, 0, 0, 0, 0, 0, 0, 0, 0, 0, 0, 0, 0, 0], [0, 0, 0, 0, 0, 0, -1, 0, 0, 0, 0, 0, 0, 0, 0, 0, 0, 0, 0, 0, 0, 0, 0, 0, 0, 0, 0, 0, 0, 0, 0, 0, 0, 0, 0, 0, 0], [1, 1, 1, 1, 1, 1, 1, -1, 1, 1, 1, 1, 1, 1, 1, 1, 1, 1, 1, 1, 1, 1, 1, 1, 1, 1, 1, 1, 1, 1, 1, 1, 1, 1, 1, 1, 1], [0, 0, 0, 0, 0, 0, 0, 0, -1, 0, 0, 0, 0, 0, 0, 0, 0, 0, 0, 0, 0, 0, 0, 0, 0, 0, 0, 0, 0, 0, 0, 0, 0, 0, 0, 0, 0], [2, 2, 2, 2, 2, 2, 2, 2, 2, -1, 2, 2, 2, 2, 2, 2, 2, 2, 2, 2, 2, 2, 2, 2, 2, 2, 2, 2, 2, 2, 2, 2, 2, 2, 2, 2, 2], [0, 0, 0, 0, 0, 0, 0, 0, 0, 0, -1, 0, 0, 0, 0, 0, 0, 0, 0, 0, 0, 0, 0, 0, 0, 0, 0, 0, 0, 0, 0, 0, 0, 0, 0, 0, 0], [1, 1, 1, 1, 1, 1, 1, 1, 1, 1, 1, -1, 1, 1, 1, 1, 1, 1, 1, 1, 1, 1, 1, 1, 1, 1, 1, 1, 1, 1, 1, 1, 1, 1, 1, 1, 1], [0, 0, 0, 0, 0, 0, 0, 0, 0, 0, 0, 0, -1, 0, 0, 0, 0, 0, 0, 0, 0, 0, 0, 0, 0, 0, 0, 0, 0, 0, 0, 0, 0, 0, 0, 0, 0], [2, 2, 2, 2, 2, 2, 2, 2, 2, 2, 2, 2, 2, -1, 2, 2, 2, 2, 2, 2, 2, 2, 2, 2, 2, 2, 2, 2, 2, 2, 2, 2, 2, 2, 2, 2, 2], [1, 1, 1, 1, 1, 1, 1, 1, 1, 1, 1, 1, 1, 1, -1, 1, 1, 1, 1, 1, 1, 1, 1, 1, 1, 1, 1, 1, 1, 1, 1, 1, 1, 1, 1, 1, 1], [1, 1, 1, 1, 1, 1, 1, 1, 1, 1, 1, 1, 1, 1, 1, -1, 1, 1, 1, 1, 1, 1, 1, 1, 1, 1, 1, 1, 1, 1, 1, 1, 1, 1, 1, 1, 1], [2, 2, 2, 2, 2, 2, 2, 2, 2, 2, 2, 2, 2, 2, 2, 2, -1, 2, 2, 2, 2, 2, 2, 2, 2, 2, 2, 2, 2, 2, 2, 2, 2, 2, 2, 2, 2], [1, 1, 1, 1, 1, 1, 1, 1, 1, 1, 1, 1, 1, 1, 1, 1, 1, -1, 1, 1, 1, 1, 1, 1, 1, 1, 1, 1, 1, 1, 1, 1, 1, 1, 1, 1, 1], [0, 0, 0, 0, 0, 0, 0, 0, 0, 0, 0, 0, 0, 0, 0, 0, 0, 0, -1, 0, 0, 0, 0, 0, 0, 0, 0, 0, 0, 0, 0, 0, 0, 0, 0, 0, 0], [1, 1, 1, 1, 1, 1, 1, 1, 1, 1, 1, 1, 1, 1, 1, 1, 1, 1, 1, -1, 1, 1, 1, 1, 1, 1, 1, 1, 1, 1, 1, 1, 1, 1, 1, 1, 1], [0, 0, 0, 0, 0, 0, 0, 0, 0, 0, 0, 0, 0, 0, 0, 0, 0, 0, 0, 0, -1, 0, 0, 0, 0, 0, 0, 0, 0, 0, 0, 0, 0, 0, 0, 0, 0], [1, 1, 1, 1, 1, 1, 1, 1, 1, 1, 1, 1, 1, 1, 1, 1, 1, 1, 1, 1, 1, -1, 1, 1, 1, 1, 1, 1, 1, 1, 1, 1, 1, 1, 1, 1, 1], [0, 0, 0, 0, 0, 0, 0, 0, 0, 0, 0, 0, 0, 0, 0, 0, 0, 0, 0, 0, 0, 0, -1, 0, 0, 0, 0, 0, 0, 0, 0, 0, 0, 0, 0, 0, 0], [2, 2, 2, 2, 2, 2, 2, 2, 2, 2, 2, 2, 2, 2, 2, 2, 2, 2, 2, 2, 2, 2, 2, -1, 2, 2, 2, 2, 2, 2, 2, 2, 2, 2, 2, 2, 2], [1, 1, 1, 1, 1, 1, 1, 1, 1, 1, 1, 1, 1, 1, 1, 1, 1, 1, 1, 1, 1, 1, 1, 1, -1, 1, 1, 1, 1, 1, 1, 1, 1, 1, 1, 1, 1], [0, 0, 0, 0, 0, 0, 0, 0, 0, 0, 0, 0, 0, 0, 0, 0, 0, 0, 0, 0, 0, 0, 0, 0, 0, -1, 0, 0, 0, 0, 0, 0, 0, 0, 0, 0, 0], [0, 0, 0, 0, 0, 0, 0, 0, 0, 0, 0, 0, 0, 0, 0, 0, 0, 0, 0, 0, 0, 0, 0, 0, 0, 0, -1, 0, 0, 0, 0, 0, 0, 0, 0, 0, 0], [1, 1, 1, 1, 1, 1, 1, 1, 1, 1, 1, 1, 1, 1, 1, 1, 1, 1, 1, 1, 1, 1, 1, 1, 1, 1, 1, -1, 1, 1, 1, 1, 1, 1, 1, 1, 1], [0, 0, 0, 0, 0, 0, 0, 0, 0, 0, 0, 0, 0, 0, 0, 0, 0, 0, 0, 0, 0, 0, 0, 0, 0, 0, 0, 0, -1, 0, 0, 0, 0, 0, 0, 0, 0], [2, 2, 2, 2, 2, 2, 2, 2, 2, 2, 2, 2, 2, 2, 2, 2, 2, 2, 2, 2, 2, 2, 2, 2, 2, 2, 2, 2, 2, -1, 2, 2, 2, 2, 2, 2, 2], [0, 0, 0, 0, 0, 0, 0, 0, 0, 0, 0, 0, 0, 0, 0, 0, 0, 0, 0, 0, 0, 0, 0, 0, 0, 0, 0, 0, 0, 0, -1, 0, 0, 0, 0, 0, 0], [1, 1, 1, 1, 1, 1, 1, 1, 1, 1, 1, 1, 1, 1, 1, 1, 1, 1, 1, 1, 1, 1, 1, 1, 1, 1, 1, 1, 1, 1, 1, -1, 1, 1, 1, 1, 1], [1, 1, 1, 1, 1, 1, 1, 1, 1, 1, 1, 1, 1, 1, 1, 1, 1, 1, 1, 1, 1, 1, 1, 1, 1, 1, 1, 1, 1, 1, 1, 1, -1, 1, 1, 1, 1], [0, 0, 0, 0, 0, 0, 0, 0, 0, 0, 0, 0, 0, 0, 0, 0, 0, 0, 0, 0, 0, 0, 0, 0, 0, 0, 0, 0, 0, 0, 0, 0, 0, -1, 0, 0, 0], [1, 1, 1, 1, 1, 1, 1, 1, 1, 1, 1, 1, 1, 1, 1, 1, 1, 1, 1, 1, 1, 1, 1, 1, 1, 1, 1, 1, 1, 1, 1, 1, 1, 1, -1, 1, 1], [1, 1, 1, 1, 1, 1, 1, 1, 1, 1, 1, 1, 1, 1, 1, 1, 1, 1, 1, 1, 1, 1, 1, 1, 1, 1, 1, 1, 1, 1, 1, 1, 1, 1, 1, -1, 1], [0, 0, 0, 0, 0, 0, 0, 0, 0, 0, 0, 0, 0, 0, 0, 0, 0, 0, 0, 0, 0, 0, 0, 0, 0, 0, 0, 0, 0, 0, 0, 0, 0, 0, 0, 0, -1]], "dataset_name": "cordeau_et_al_2014", "digraph": {"arc_count": 1260, "arcs": [[0, 1, 1, 1, 1, 1, 1, 1, 1, 1, 1, 1, 1, 1, 1, 1, 1, 1, 1, 1, 1, 1, 1, 1, 1, 1, 1, 1, 1, 1, 1, 1, 1, 1, 1, 1, 0], [0, 0, 1, 1, 1, 1, 1, 1, 1, 1, 1, 1, 1, 1, 1, 1, 1, 1, 1, 1, 1, 1, 1, 1, 1, 1, 1, 1, 1, 1, 1, 1, 1, 1, 1, 1, 1], [0, 1, 0, 1, 1, 1, 1, 1, 1, 1, 1, 1, 1, 1, 1, 1, 1, 1, 1, 1, 1, 1, 1, 1, 1, 1, 1, 1, 1, 1, 1, 1, 1, 1, 1, 1, 1], [0, 1, 1, 0, 1, 1, 1, 1, 1, 1, 1, 1, 1, 1, 1, 1, 1, 1, 1, 1, 1, 1, 1, 1, 1, 1, 1, 1, 1, 1, 1, 1, 1, 1, 1, 1, 1], [0, 1, 1, 1, 0, 1, 1, 1, 1, 1, 1, 1, 1, 1, 1, 1, 1, 1, 1, 1, 1, 1, 1, 1, 1, 1, 1, 1, 1, 1, 1, 1, 1, 1, 1, 1, 1], [0, 1, 1, 1, 1, 0, 1, 1, 1, 1, 1, 1, 1, 1, 1, 1, 1, 1, 1, 1, 1, 1, 1, 1, 1, 1, 1, 1, 1, 1, 1, 1, 1, 1, 1, 1, 1], [0, 1, 1, 1, 1, 1, 0, 1, 1, 1, 1, 1, 1, 1, 1, 1, 1, 1, 1, 1, 1, 1, 1, 1, 1, 1, 1, 1, 1, 1, 1, 1, 1, 1, 1, 1, 1], [0, 1, 1, 1, 1, 1, 1, 0, 1, 1, 1, 1, 1, 1, 1, 1, 1, 1, 1, 1, 1, 1, 1, 1, 1, 1, 1, 1, 1, 1, 1, 1, 1, 1, 1, 1, 1], [0, 1, 1, 1, 1, 1, 1, 1, 0, 1, 1, 1, 1, 1, 1, 1, 1, 1, 1, 1, 1, 1, 1, 1, 1, 1, 1, 1, 1, 1, 1, 1, 1, 1, 1, 1, 1], [0, 1, 1, 1, 1, 1, 1, 1, 1, 0, 1, 1, 1, 1, 1, 1, 1, 1, 1, 1, 1, 1, 1, 1, 1, 1, 1, 1, 1, 1, 1, 1, 1, 1, 1, 1, 1], [0, 1, 1, 1, 1, 1, 1, 1, 1, 1, 0, 1, 1, 1, 1, 1, 1, 1, 1, 1, 1, 1, 1, 1, 1, 1, 1, 1, 1, 1, 1, 1, 1, 1, 1, 1, 1], [0, 1, 1, 1, 1, 1, 1, 1, 1, 1, 1, 0, 1, 1, 1, 1, 1, 1, 1, 1, 1, 1, 1, 1, 1, 1, 1, 1, 1, 1, 1, 1, 1, 1, 1, 1, 1], [0, 1, 1, 1, 1, 1, 1, 1, 1, 1, 1, 1, 0, 1, 1, 1, 1, 1, 1, 1, 1, 1, 1, 1, 1, 1, 1, 1, 1, 1, 1, 1, 1, 1, 1, 1, 1], [0, 1, 1, 1, 1, 1, 1, 1, 1, 1, 1, 1, 1, 0, 1, 1, 1, 1, 1, 1, 1, 1, 1, 1, 1, 1, 1, 1, 1, 1, 1, 1, 1, 1, 1, 1, 1], [0, 1, 1, 1, 1, 1, 1, 1, 1, 1, 1, 1, 1, 1, 0, 1, 1, 1, 1, 1, 1, 1, 1, 1, 1, 1, 1, 1, 1, 1, 1, 1, 1, 1, 1, 1, 1], [0, 1, 1, 1, 1, 1, 1, 1, 1, 1, 1, 1, 1, 1, 1, 0, 1, 1, 1, 1, 1, 1, 1, 1, 1, 1, 1, 1, 1, 1, 1, 1, 1, 1, 1, 1, 1], [0, 1, 1, 1, 1, 1, 1, 1, 1, 1, 1, 1, 1, 1, 1, 1, 0, 1, 1, 1, 1, 1, 1, 1, 1, 1, 1, 1, 1, 1, 1, 1, 1, 1, 1, 1, 1], [0, 1, 1, 1, 1, 1, 1, 1, 1, 1, 1, 1, 1, 1, 1, 1, 1, 0, 1, 1, 1, 1, 1, 1, 1, 1, 1, 1, 1, 1, 1, 1, 1, 1, 1, 1, 1], [0, 1, 1, 1, 1, 1, 1, 1, 1, 1, 1, 1, 1, 1, 1, 1, 1, 1, 0, 1, 1, 1, 1, 1, 1, 1, 1, 1, 1, 1, 1, 1, 1, 1, 1, 1, 1], [0, 1, 1, 1, 1, 1, 1, 1, 1, 1, 1, 1, 1, 1, 1, 1, 1, 1, 1, 0, 1, 1, 1, 1, 1, 1, 1, 1, 1, 1, 1, 1, 1, 1, 1, 1, 1], [0, 1, 1, 1, 1, 1, 1, 1, 1, 1, 1, 1, 1, 1, 1, 1, 1, 1, 1, 1, 0, 1, 1, 1, 1, 1, 1, 1, 1, 1, 1, 1, 1, 1, 1, 1, 1], [0, 1, 1, 1, 1, 1, 1, 1, 1, 1, 1, 1, 1, 1, 1, 1, 1, 1, 1, 1, 1, 0, 1, 1, 1, 1, 1, 1, 1, 1, 1, 1, 1, 1, 1, 1, 1], [0, 1, 1, 1, 1, 1, 1, 1, 1, 1, 1, 1, 1, 1, 1, 1, 1, 1, 1, 1, 1, 1, 0, 1, 1, 1, 1, 1, 1, 1, 1, 1, 1, 1, 1, 1, 1], [0, 1, 1, 1, 1, 1, 1, 1, 1, 1, 1, 1, 1, 1, 1, 1, 1, 1, 1, 1, 1, 1, 1, 0, 1, 1, 1, 1, 1, 1, 1, 1, 1, 1, 1, 1, 1], [0, 1, 1, 1, 1, 1, 1, 1, 1, 1, 1, 1, 1, 1, 1, 1, 1, 1, 1, 1, 1, 1, 1, 1, 0, 1, 1, 1, 1, 1, 1, 1, 1, 1, 1, 1, 1], [0, 1, 1, 1, 1, 1, 1, 1, 1, 1, 1, 1, 1, 1, 1, 1, 1, 1, 1, 1, 1, 1, 1, 1, 1, 0, 1, 1, 1, 1, 1, 1, 1, 1, 1, 1, 1], [0, 1, 1, 1, 1, 1, 1, 1, 1, 1, 1, 1, 1, 1, 1, 1, 1, 1, 1, 1, 1, 1, 1, 1, 1, 1, 0, 1, 1, 1, 1, 1, 1, 1, 1, 1, 1], [0, 1, 1, 1, 1, 1, 1, 1, 1, 1, 1, 1, 1, 1, 1, 1, 1, 1, 1, 1, 1, 1, 1, 1, 1, 1, 1, 0, 1, 1, 1, 1, 1, 1, 1, 1, 1], [0, 1, 1, 1, 1, 1, 1, 1, 1, 1, 1, 1, 1, 1, 1, 1, 1, 1, 1, 1, 1, 1, 1, 1, 1, 1, 1, 1, 0, 1, 1, 1, 1, 1, 1, 1, 1], [0, 1, 1, 1, 1, 1, 1, 1, 1, 1, 1, 1, 1, 1, 1, 1, 1, 1, 1, 1, 1, 1, 1, 1, 1, 1, 1, 1, 1, 0, 1, 1, 1, 1, 1, 1, 1], [0, 1, 1, 1, 1, 1, 1, 1, 1, 1, 1, 1, 1, 1, 1, 1, 1, 1, 1, 1, 1, 1, 1, 1, 1, 1, 1, 1, 1, 1, 0, 1, 1, 1, 1, 1, 1], [0, 1, 1, 1, 1, 1, 1, 1, 1, 1, 1, 1, 1, 1, 1, 1, 1, 1, 1, 1, 1, 1, 1, 1, 1, 1, 1, 1, 1, 1, 1, 0, 1, 1, 1, 1, 1], [0, 1, 1, 1, 1, 1, 1, 1, 1, 1, 1, 1, 1, 1, 1, 1, 1, 1, 1, 1, 1, 1, 1, 1, 1, 1, 1, 1, 1, 1, 1, 1, 0, 1, 1, 1, 1], [0, 1, 1, 1, 1, 1, 1, 1, 1, 1, 1, 1, 1, 1, 1, 1, 1, 1, 1, 1, 1, 1, 1, 1, 1, 1, 1, 1, 1, 1, 1, 1, 1, 0, 1, 1, 1], [0, 1, 1, 1, 1, 1, 1, 1, 1, 1, 1, 1, 1, 1, 1, 1, 1, 1, 1, 1, 1, 1, 1, 1, 1, 1, 1, 1, 1, 1, 1, 1, 1, 1, 0, 1, 1], [0, 1, 1, 1, 1, 1, 1, 1, 1, 1, 1, 1, 1, 1, 1, 1, 1, 1, 1, 1, 1, 1, 1, 1, 1, 1, 1, 1, 1, 1, 1, 1, 1, 1, 1, 0, 1], [0, 0, 0, 0, 0, 0, 0, 0, 0, 0, 0, 0, 0, 0, 0, 0, 0, 0, 0, 0, 0, 0, 0, 0, 0, 0, 0, 0, 0, 0, 0, 0, 0, 0, 0, 0, 0]], "vertex_count": 37}, "distances": [[0.0, 13.56, 17.0, 37.12, 17.63, 11.92, 13.13, 17.92, 11.43, 25.28, 10.89, 15.89, 14.28, 38.14, 19.72, 15.72, 34.3, 20.1, 12.68, 20.22, 6.67, 17.99, 9.54, 28.67, 21.87, 14.3, 13.01, 22.41, 13.44, 35.49, 9.94, 19.92, 24.91, 6.38, 24.09, 18.08, 12.76], [13.56, 0.0, 30.45, 50.5, 31.18, 13.99, 8.82, 8.66, 23.75, 14.5, 13.28, 10.0, 8.64, 50.2, 31.88, 16.74, 45.71, 32.96, 8.15, 16.87, 15.15, 29.61, 18.02, 18.2, 12.15, 17.09, 16.73, 32.01, 15.99, 49.05, 9.98, 33.43, 38.34, 11.14, 11.01, 31.23, 13.56], [17.0, 30.45, 0.0, 22.13, 13.83, 16.97, 27.52, 33.04, 12.3, 40.22, 17.22, 31.87, 28.81, 23.19, 8.08, 32.57, 20.99, 11.18, 27.37, 34.3, 19.27, 9.38, 16.23, 45.03, 38.29, 26.35, 24.98, 16.24, 26.07, 19.05, 23.9, 6.1, 10.7, 20.58, 41.09, 8.72, 17.0], [37.12, 50.5, 22.13, 0.0, 19.9, 36.53, 49.16, 54.54, 27.22, 61.85, 38.02, 48.9, 50.44, 27.44, 27.1, 52.66, 30.08, 18.05, 48.92, 48.72, 36.37, 29.68, 38.34, 61.69, 55.5, 40.52, 39.51, 35.21, 40.83, 6.77, 45.54, 17.33, 12.22, 42.0, 60.2, 19.34, 37.12], [17.63, 31.18, 13.83, 19.9, 0.0, 17.28, 29.26, 34.66, 10.39, 41.96, 18.27, 31.41, 30.54, 25.45, 11.76, 33.34, 23.87, 7.48, 29.03, 33.12, 18.56, 13.09, 18.7, 44.6, 37.98, 24.94, 23.62, 19.96, 24.81, 17.87, 25.64, 9.44, 7.85, 22.12, 41.48, 5.11, 17.63], [11.92, 13.99, 16.97, 36.53, 17.28, 0.0, 14.32, 18.92, 10.35, 26.25, 12.27, 15.33, 15.43, 38.61, 20.27, 16.15, 34.94, 19.24, 13.83, 19.27, 5.25, 18.71, 10.89, 28.3, 21.51, 13.03, 11.71, 23.42, 12.21, 35.15, 11.24, 19.45, 24.35, 7.76, 24.23, 17.34, 11.92], [13.13, 8.82, 27.52, 49.16, 29.26, 14.32, 0.0, 5.58, 24.56, 12.71, 11.56, 18.24, 9.89, 44.37, 26.78, 9.6, 39.4, 32.97, 11.25, 24.93, 18.08, 24.14, 12.17, 26.77, 20.95, 23.03, 22.23, 25.03, 21.92, 46.57, 14.75, 31.84, 37.0, 7.21, 18.31, 30.75, 13.13], [17.92, 8.66, 33.04, 54.54, 34.66, 18.92, 5.58, 0.0, 29.27, 7.37, 16.63, 18.61, 4.31, 49.73, 32.32, 8.08, 44.65, 37.99, 5.67, 25.48, 21.87, 29.65, 17.72, 24.34, 19.48, 25.38, 24.84, 30.13, 24.26, 52.1, 9.16, 37.21, 42.34, 12.55, 14.86, 35.88, 17.92], [11.43, 23.75, 12.3, 27.22, 10.39, 10.35, 24.56, 29.27, 0.0, 36.59, 13.1, 21.84, 25.71, 35.46, 19.17, 25.9, 33.19, 9.28, 24.1, 22.85, 9.16, 19.07, 17.74, 34.88, 28.47, 14.59, 13.31, 25.6, 14.54, 27.02, 21.27, 11.47, 15.5, 17.61, 33.01, 7.99, 11.43], [25.28, 14.5, 40.22, 61.85, 41.96, 26.25, 12.71, 7.37, 36.59, 0.0, 24.0, 23.6, 11.42, 55.75, 38.94, 13.04, 50.45, 45.36, 12.93, 30.24, 28.93, 36.18, 24.5, 25.72, 22.53, 31.59, 31.23, 35.81, 30.49, 59.27, 16.34, 44.52, 49.67, 19.86, 15.67, 43.25, 25.28], [10.89, 13.28, 17.22, 38.02, 18.27, 12.27, 11.56, 16.63, 13.1, 24.0, 0.0, 16.95, 12.77, 37.49, 19.03, 15.37, 33.42, 21.42, 11.18, 21.74, 8.76, 17.07, 7.63, 29.38, 22.6, 16.24, 14.98, 20.99, 15.33, 36.03, 8.18, 20.71, 25.8, 4.51, 24.11, 19.26, 10.89], [15.89, 10.0, 31.87, 48.9, 31.41, 15.33, 18.24, 18.61, 21.84, 23.6, 16.95, 0.0, 18.36, 53.95, 35.58, 10.73, 50.2, 30.85, 17.51, 6.87, 12.87, 33.88, 23.99, 13.19, 6.63, 9.68, 10.09, 37.87, 8.87, 48.81, 18.13, 33.07, 37.34, 17.45, 12.64, 29.83, 15.89], [14.28, 8.64, 28.81, 50.44, 30.54, 15.43, 9.89, 4.31, 25.71, 11.42, 12.77, 18.36, 0.0, 45.54, 28.02, 9.14, 40.53, 34.19, 9.98, 25.13, 19.01, 25.37, 13.42, 26.29, 20.66, 23.65, 22.9, 26.11, 22.53, 47.87, 4.92, 33.12, 38.28, 8.47, 17.56, 31.99, 14.28], [38.14, 50.2, 23.19, 27.44, 25.45, 38.61, 44.37, 49.73, 35.46, 55.75, 37.49, 53.95, 45.54, 0.0, 18.46, 52.08, 5.8, 31.42, 44.55, 57.18, 41.98, 20.6, 32.44, 66.8, 60.0, 49.43, 48.04, 20.07, 49.08, 20.67, 41.25, 25.68, 25.65, 39.11, 61.21, 29.97, 38.14], [19.72, 31.88, 8.08, 27.1, 11.76, 20.27, 26.78, 32.32, 19.17, 38.94, 19.03, 35.58, 28.02, 18.46, 0.0, 33.82, 14.73, 19.23, 26.85, 39.21, 24.05, 15.45, 14.61, 48.35, 41.56, 31.86, 30.44, 8.53, 31.36, 22.33, 23.41, 13.79, 17.45, 20.89, 42.88, 16.8, 19.72], [15.72, 16.74, 32.57, 52.66, 33.34, 16.15, 9.6, 8.08, 25.9, 13.04, 15.37, 10.73, 9.14, 52.08, 33.82, 0.0, 47.5, 35.12, 9.02, 17.55, 17.22, 31.49, 19.77, 17.18, 11.62, 18.64, 18.39, 33.63, 17.56, 51.21, 11.38, 35.59, 40.51, 12.97, 9.19, 33.4, 15.72], [34.3, 45.71, 20.99, 30.08, 23.87, 34.94, 39.4, 44.65, 33.19, 50.45, 33.42, 50.2, 40.53, 5.8, 14.73, 47.5, 0.0, 30.64, 39.63, 53.94, 38.77, 16.34, 27.74, 62.79, 56.02, 46.51, 45.1, 14.64, 46.05, 23.46, 36.43, 24.71, 25.85, 34.57, 56.68, 28.79, 34.3], [20.1, 32.96, 11.18, 18.05, 7.48, 19.24, 32.97, 37.99, 9.28, 45.36, 21.42, 30.85, 34.19, 31.42, 19.23, 35.12, 30.64, 0.0, 32.6, 30.97, 18.4, 20.47, 24.07, 43.69, 37.45, 22.68, 21.59, 27.37, 22.9, 18.72, 29.48, 5.94, 7.16, 25.79, 42.27, 10.26, 20.1], [12.68, 8.15, 27.37, 48.92, 29.03, 13.83, 11.25, 5.67, 24.1, 12.93, 11.18, 17.51, 9.98, 44.55, 26.85, 9.02, 39.63, 32.6, 0.0, 24.2, 17.48, 24.25, 12.24, 26.17, 20.29, 22.33, 21.54, 25.33, 21.21, 46.43, 14.83, 31.59, 36.74, 6.92, 17.84, 30.41, 12.68], [20.22, 16.87, 34.3, 48.72, 33.12, 19.27, 24.93, 25.48, 22.85, 30.24, 21.74, 6.87, 25.13, 57.18, 39.21, 17.55, 53.94, 30.97, 24.2, 0.0, 15.21, 37.89, 29.24, 13.73, 9.59, 8.32, 9.53, 42.63, 8.31, 49.58, 24.45, 34.3, 37.93, 23.21, 17.54, 30.53, 20.22], [6.67, 15.15, 19.27, 36.37, 18.56, 5.25, 18.08, 21.87, 9.16, 28.93, 8.76, 12.87, 19.01, 41.98, 24.05, 17.22, 38.77, 18.4, 17.48, 15.21, 0.0, 22.89, 16.13, 26.05, 19.47, 8.04, 6.65, 28.17, 7.38, 35.97, 15.53, 20.2, 24.58, 12.44, 23.88, 17.11, 6.67], [17.99, 29.61, 9.38, 29.68, 13.09, 18.71, 24.14, 29.65, 19.07, 36.18, 17.07, 33.88, 25.37, 20.6, 15.45, 31.49, 16.34, 20.47, 24.25, 37.89, 22.89, 0.0, 12.01, 46.46, 39.68, 30.85, 29.44, 6.92, 30.27, 25.1, 20.84, 15.42, 19.53, 18.52, 40.61, 17.9, 17.99], [9.54, 18.02, 16.23, 38.34, 18.7, 10.89, 12.17, 17.72, 17.74, 24.5, 7.63, 23.99, 13.42, 32.44, 14.61, 19.77, 27.74, 24.07, 12.24, 29.24, 16.13, 12.01, 0.0, 35.66, 29.03, 23.84, 22.55, 14.1, 22.95, 35.06, 8.84, 21.43, 26.54, 6.94, 28.96, 21.52, 9.54], [28.67, 18.2, 45.03, 61.69, 44.6, 28.3, 26.77, 24.34, 34.88, 25.72, 29.38, 13.19, 26.29, 66.8, 48.35, 17.18, 62.79, 43.69, 26.17, 13.73, 26.05, 46.46, 35.66, 0.0, 6.8, 21.31, 22.21, 49.76, 20.9, 61.9, 28.15, 46.21, 50.36, 28.74, 10.06, 42.85, 28.67], [21.87, 12.15, 38.29, 55.5, 37.98, 21.51, 20.95, 19.48, 28.47, 22.53, 22.6, 6.63, 20.66, 60.0, 41.56, 11.62, 56.02, 37.45, 20.29, 9.59, 19.47, 39.68, 29.03, 6.8, 0.0, 15.69, 16.36, 43.11, 15.07, 55.43, 21.89, 39.68, 43.96, 22.16, 8.14, 36.46, 21.87], [14.3, 17.09, 26.35, 40.52, 24.94, 13.03, 23.03, 25.38, 14.59, 31.59, 16.24, 9.68, 23.65, 49.43, 31.86, 18.64, 46.51, 22.68, 22.33, 8.32, 8.04, 30.85, 23.84, 21.31, 15.69, 0.0, 14.69, 36.21, 15.42, 41.26, 21.39, 26.02, 29.62, 19.05, 22.32, 22.22, 14.3], [13.01, 16.73, 24.98, 39.51, 23.62, 11.71, 22.23, 24.84, 13.31, 31.23, 14.98, 10.09, 22.9, 48.04, 30.44, 18.39, 45.1, 21.59, 21.54, 9.53, 6.65, 29.44, 22.55, 22.21, 16.36, 14.69, 0.0, 34.82, 14.03, 40.1, 20.42, 24.77, 28.47, 17.94, 22.64, 21.02, 13.01], [22.41, 32.01, 16.24, 35.21, 19.96, 23.42, 25.03, 30.13, 25.6, 35.81, 20.99, 37.87, 26.11, 20.07, 8.53, 33.63, 14.64, 27.37, 25.33, 42.63, 28.17, 6.92, 14.1, 49.76, 43.11, 36.21, 34.82, 0.0, 35.51, 29.91, 22.32, 22.19, 25.98, 21.03, 42.81, 24.82, 22.41], [13.44, 15.99, 26.07, 40.83, 24.81, 12.21, 21.92, 24.26, 14.54, 30.49, 15.33, 8.87, 22.53, 49.08, 31.36, 17.56, 46.05, 22.9, 21.21, 8.31, 7.38, 30.27, 22.95, 20.9, 15.07, 15.42, 14.03, 35.51, 0.0, 41.38, 20.3, 26.01, 29.75, 18.02, 21.47, 22.3, 13.44], [35.49, 49.05, 19.05, 6.77, 17.87, 35.15, 46.57, 52.1, 27.02, 59.27, 36.03, 48.81, 47.87, 20.67, 22.33, 51.21, 23.46, 18.72, 46.43, 49.58, 35.97, 25.1, 35.06, 61.9, 55.43, 41.26, 40.1, 29.91, 41.38, 0.0, 42.95, 15.81, 11.64, 39.61, 59.31, 19.09, 35.49], [9.94, 9.98, 23.9, 45.54, 25.64, 11.24, 14.75, 9.16, 21.27, 16.34, 8.18, 18.13, 4.92, 41.25, 23.41, 11.38, 36.43, 29.48, 14.83, 24.45, 15.53, 20.84, 8.84, 28.15, 21.89, 21.39, 20.42, 22.32, 20.3, 42.95, 0.0, 28.23, 33.39, 12.68, 20.52, 27.22, 9.94], [19.92, 33.43, 6.1, 17.33, 9.44, 19.45, 31.84, 37.21, 11.47, 44.52, 20.71, 33.07, 33.12, 25.68, 13.79, 35.59, 24.71, 5.94, 31.59, 34.3, 20.2, 15.42, 21.43, 46.21, 39.68, 26.02, 24.77, 22.19, 26.01, 15.81, 28.23, 0.0, 5.17, 24.67, 43.53, 4.33, 19.92], [24.91, 38.34, 10.7, 12.22, 7.85, 24.35, 37.0, 42.34, 15.5, 49.67, 25.8, 37.34, 38.28, 25.65, 17.45, 40.51, 25.85, 7.16, 36.74, 37.93, 24.58, 19.53, 26.54, 50.36, 43.96, 29.62, 28.47, 25.98, 29.75, 11.64, 33.39, 5.17, 0.0, 29.82, 48.23, 7.51, 24.91], [6.38, 11.14, 20.58, 42.0, 22.12, 7.76, 7.21, 12.55, 17.61, 19.86, 4.51, 17.45, 8.47, 39.11, 20.89, 12.97, 34.57, 25.79, 6.92, 23.21, 12.44, 18.52, 6.94, 28.74, 22.16, 19.05, 17.94, 21.03, 18.02, 39.61, 12.68, 24.67, 29.82, 0.0, 22.12, 23.55, 6.38], [24.09, 11.01, 41.09, 60.2, 41.48, 24.23, 18.31, 14.86, 33.01, 15.67, 24.11, 12.64, 17.56, 61.21, 42.88, 9.19, 56.68, 42.27, 17.84, 17.54, 23.88, 40.61, 28.96, 10.06, 8.14, 22.32, 22.64, 42.81, 21.47, 59.31, 20.52, 43.53, 48.23, 22.12, 0.0, 40.87, 24.09], [18.08, 31.23, 8.72, 19.34, 5.11, 17.34, 30.75, 35.88, 7.99, 43.25, 19.26, 29.83, 31.99, 29.97, 16.8, 33.4, 28.79, 10.26, 30.41, 30.53, 17.11, 17.9, 21.52, 42.85, 36.46, 22.22, 21.02, 24.82, 22.3, 19.09, 27.22, 4.33, 7.51, 23.55, 40.87, 0.0, 18.08], [12.76, 13.56, 17.0, 37.12, 17.63, 11.92, 13.13, 17.92, 11.43, 25.28, 10.89, 15.89, 14.28, 38.14, 19.72, 15.72, 34.3, 20.1, 12.68, 20.22, 6.67, 17.99, 9.54, 28.67, 21.87, 14.3, 13.01, 22.41, 13.44, 35.49, 9.94, 19.92, 24.91, 6.38, 24.09, 18.08, 0.0]], "end_depot": 36, "horizon": [0.0, 1637.88], "instance_name": "35_98_A_C8", "speed_zone_count": 3, "speed_zones": [[0.0, 545.96], [545.96, 1091.92], [1091.92, 1637.88]], "start_depot": 0, "vehicle_count": 35}