{"cluster_count": 3, "cluster_speeds": [[0.209, 0.44, 0.209], [0.291, 0.6, 0.291], [0.415, 0.83, 0.415]], "clusters": [[-1, 0, 0, 0, 0, 0, 0, 0, 0, 0, 0, 0, 0, 0, 0, 0, 0, 0, 0, 0, 0, 0, 0, 0, 0, 0, 0, 0, 0, 0, 0, 0, 0, 0, 0, 0, 0], [0, -1, 0, 0, 0, 0, 0, 0, 0, 0, 0, 0, 0, 0, 0, 0, 0, 0, 0, 0, 0, 0, 0, 0, 0, 0, 0, 0, 0, 0, 0, 0, 0, 0, 0, 0, 0], [0, 0, -1, 0, 0, 0, 0, 0, 0, 0, 0, 0, 0, 0, 0, 0, 0, 0, 0, 0, 0, 0, 0, 0, 0, 0, 0, 0, 0, 0, 0, 0, 0, 0, 0, 0, 0], [0, 0, 0, -1, 0, 0, 0, 0, 0, 0, 0, 0, 0, 0, 0, 0, 0, 0, 0, 0, 0, 0, 0, 0, 0, 0, 0, 0, 0, 0, 0, 0, 0, 0, 0, 0, 0], [0, 0, 0, 0, -1, 0, 0, 0, 0, 0, 0, 0, 0, 0, 0, 0, 0, 0, 0, 0, 0, 0, 0, 0, 0, 0, 0, 0, 0, 0, 0, 0, 0, 0, 0, 0, 0], [0, 0, 0, 0, 0, -1, 0, 0, 0, 0, 0, 0, 0, 0, 0, 0, 0, 0, 0, 0, 0, 0, 0, 0, 0, 0, 0, 0, 0, 0, 0, 0, 0, 0, 0, 0, 0], [1, 1, 1, 1, 1, 1, -1, 1, 1, 1, 1, 1, 1, 1, 1, 1, 1, 1, 1, 1, 1, 1, 1, 1, 1, 1, 1, 1, 1, 1, 1, 1, 1, 1, 1, 1, 1], [0, 0, 0, 0, 0, 0, 0, -1, 0, 0, 0, 0, 0, 0, 0, 0, 0, 0, 0, 0, 0, 0, 0, 0, 0, 0, 0, 0, 0, 0, 0, 0, 0, 0, 0, 0, 0], [0, 0, 0, 0, 0, 0, 0, 0, -1, 0, 0, 0, 0, 0, 0, 0, 0, 0, 0, 0, 0, 0, 0, 0, 0, 0, 0, 0, 0, 0, 0, 0, 0, 0, 0, 0, 0], [0, 0, 0, 0, 0, 0, 0, 0, 0, -1, 0, 0, 0, 0, 0, 0, 0, 0, 0, 0, 0, 0, 0, 0, 0, 0, 0, 0, 0, 0, 0, 0, 0, 0, 0, 0, 0], [1, 1, 1, 1, 1, 1, 1, 1, 1, 1, -1, 1, 1, 1, 1, 1, 1, 1, 1, 1, 1, 1, 1, 1, 1, 1, 1, 1, 1, 1, 1, 1, 1, 1, 1, 1, 1], [0, 0, 0, 0, 0, 0, 0, 0, 0, 0, 0, -1, 0, 0, 0, 0, 0, 0, 0, 0, 0, 0, 0, 0, 0, 0, 0, 0, 0, 0, 0, 0, 0, 0, 0, 0, 0], [0, 0, 0, 0, 0, 0, 0, 0, 0, 0, 0, 0, -1, 0, 0, 0, 0, 0, 0, 0, 0, 0, 0, 0, 0, 0, 0, 0, 0, 0, 0, 0, 0, 0, 0, 0, 0], [0, 0, 0, 0, 0, 0, 0, 0, 0, 0, 0, 0, 0, -1, 0, 0, 0, 0, 0, 0, 0, 0, 0, 0, 0, 0, 0, 0, 0, 0, 0, 0, 0, 0, 0, 0, 0], [0, 0, 0, 0, 0, 0, 0, 0, 0, 0, 0, 0, 0, 0, -1, 0, 0, 0, 0, 0, 0, 0, 0, 0, 0, 0, 0, 0, 0, 0, 0, 0, 0, 0, 0, 0, 0], [0, 0, 0, 0, 0, 0, 0, 0, 0, 0, 0, 0, 0, 0, 0, -1, 0, 0, 0, 0, 0, 0, 0, 0, 0, 0, 0, 0, 0, 0, 0, 0, 0, 0, 0, 0, 0], [0, 0, 0, 0, 0, 0, 0, 0, 0, 0, 0, 0, 0, 0, 0, 0, -1, 0, 0, 0, 0, 0, 0, 0, 0, 0, 0, 0, 0, 0, 0, 0, 0, 0, 0, 0, 0], [0, 0, 0, 0, 0, 0, 0, 0, 0, 0, 0, 0, 0, 0, 0, 0, 0, -1, 0, 0, 0, 0, 0, 0, 0, 0, 0, 0, 0, 0, 0, 0, 0, 0, 0, 0, 0], [0, 0, 0, 0, 0, 0, 0, 0, 0, 0, 0, 0, 0, 0, 0, 0, 0, 0, -1, 0, 0, 0, 0, 0, 0, 0, 0, 0, 0, 0, 0, 0, 0, 0, 0, 0, 0], [0, 0, 0, 0, 0, 0, 0, 0, 0, 0, 0, 0, 0, 0, 0, 0, 0, 0, 0, -1, 0, 0, 0, 0, 0, 0, 0, 0, 0, 0, 0, 0, 0, 0, 0, 0, 0], [0, 0, 0, 0, 0, 0, 0, 0, 0, 0, 0, 0, 0, 0, 0, 0, 0, 0, 0, 0, -1, 0, 0, 0, 0, 0, 0, 0, 0, 0, 0, 0, 0, 0, 0, 0, 0], [1, 1, 1, 1, 1, 1, 1, 1, 1, 1, 1, 1, 1, 1, 1, 1, 1, 1, 1, 1, 1, -1, 1, 1, 1, 1, 1, 1, 1, 1, 1, 1, 1, 1, 1, 1, 1], [1, 1, 1, 1, 1, 1, 1, 1, 1, 1, 1, 1, 1, 1, 1, 1, 1, 1, 1, 1, 1, 1, -1, 1, 1, 1, 1, 1, 1, 1, 1, 1, 1, 1, 1, 1, 1], [0, 0, 0, 0, 0, 0, 0, 0, 0, 0, 0, 0, 0, 0, 0, 0, 0, 0, 0, 0, 0, 0, 0, -1, 0, 0, 0, 0, 0, 0, 0, 0, 0, 0, 0, 0, 0], [1, 1, 1, 1, 1, 1, 1, 1, 1, 1, 1, 1, 1, 1, 1, 1, 1, 1, 1, 1, 1, 1, 1, 1, -1, 1, 1, 1, 1, 1, 1, 1, 1, 1, 1, 1, 1], [0, 0, 0, 0, 0, 0, 0, 0, 0, 0, 0, 0, 0, 0, 0, 0, 0, 0, 0, 0, 0, 0, 0, 0, 0, -1, 0, 0, 0, 0, 0, 0, 0, 0, 0, 0, 0], [1, 1, 1, 1, 1, 1, 1, 1, 1, 1, 1, 1, 1, 1, 1, 1, 1, 1, 1, 1, 1, 1, 1, 1, 1, 1, -1, 1, 1, 1, 1, 1, 1, 1, 1, 1, 1], [0, 0, 0, 0, 0, 0, 0, 0, 0, 0, 0, 0, 0, 0, 0, 0, 0, 0, 0, 0, 0, 0, 0, 0, 0, 0, 0, -1, 0, 0, 0, 0, 0, 0, 0, 0, 0], [0, 0, 0, 0, 0, 0, 0, 0, 0, 0, 0, 0, 0, 0, 0, 0, 0, 0, 0, 0, 0, 0, 0, 0, 0, 0, 0, 0, -1, 0, 0, 0, 0, 0, 0, 0, 0], [0, 0, 0, 0, 0, 0, 0, 0, 0, 0, 0, 0, 0, 0, 0, 0, 0, 0, 0, 0, 0, 0, 0, 0, 0, 0, 0, 0, 0, -1, 0, 0, 0, 0, 0, 0, 0], [0, 0, 0, 0, 0, 0, 0, 0, 0, 0, 0, 0, 0, 0, 0, 0, 0, 0, 0, 0, 0, 0, 0, 0, 0, 0, 0, 0, 0, 0, -1, 0, 0, 0, 0, 0, 0], [1, 1, 1, 1, 1, 1, 1, 1, 1, 1, 1, 1, 1, 1, 1, 1, 1, 1, 1, 1, 1, 1, 1, 1, 1, 1, 1, 1, 1, 1, 1, -1, 1, 1, 1, 1, 1], [0, 0, 0, 0, 0, 0, 0, 0, 0, 0, 0, 0, 0, 0, 0, 0, 0, 0, 0, 0, 0, 0, 0, 0, 0, 0, 0, 0, 0, 0, 0, 0, -1, 0, 0, 0, 0], [0, 0, 0, 0, 0, 0, 0, 0, 0, 0, 0, 0, 0, 0, 0, 0, 0, 0, 0, 0, 0, 0, 0, 0, 0, 0, 0, 0, 0, 0, 0, 0, 0, -1, 0, 0, 0], [1, 1, 1, 1, 1, 1, 1, 1, 1, 1, 1, 1, 1, 1, 1, 1, 1, 1, 1, 1, 1, 1, 1, 1, 1, 1, 1, 1, 1, 1, 1, 1, 1, 1, -1, 1, 1], [0, 0, 0, 0, 0, 0, 0, 0, 0, 0, 0, 0, 0, 0, 0, 0, 0, 0, 0, 0, 0, 0, 0, 0, 0, 0, 0, 0, 0, 0, 0, 0, 0, 0, 0, -1, 0], [0, 0, 0, 0, 0, 0, 0, 0, 0, 0, 0, 0, 0, 0, 0, 0, 0, 0, 0, 0, 0, 0, 0, 0, 0, 0, 0, 0, 0, 0, 0, 0, 0, 0, 0, 0, -1]], "dataset_name": "cordeau_et_al_2014", "digraph": {"arc_count": 1260, "arcs": [[0, 1, 1, 1, 1, 1, 1, 1, 1, 1, 1, 1, 1, 1, 1, 1, 1, 1, 1, 1, 1, 1, 1, 1, 1, 1, 1, 1, 1, 1, 1, 1, 1, 1, 1, 1, 0], [0, 0, 1, 1, 1, 1, 1, 1, 1, 1, 1, 1, 1, 1, 1, 1, 1, 1, 1, 1, 1, 1, 1, 1, 1, 1, 1, 1, 1, 1, 1, 1, 1, 1, 1, 1, 1], [0, 1, 0, 1, 1, 1, 1, 1, 1, 1, 1, 1, 1, 1, 1, 1, 1, 1, 1, 1, 1, 1, 1, 1, 1, 1, 1, 1, 1, 1, 1, 1, 1, 1, 1, 1, 1], [0, 1, 1, 0, 1, 1, 1, 1, 1, 1, 1, 1, 1, 1, 1, 1, 1, 1, 1, 1, 1, 1, 1, 1, 1, 1, 1, 1, 1, 1, 1, 1, 1, 1, 1, 1, 1], [0, 1, 1, 1, 0, 1, 1, 1, 1, 1, 1, 1, 1, 1, 1, 1, 1, 1, 1, 1, 1, 1, 1, 1, 1, 1, 1, 1, 1, 1, 1, 1, 1, 1, 1, 1, 1], [0, 1, 1, 1, 1, 0, 1, 1, 1, 1, 1, 1, 1, 1, 1, 1, 1, 1, 1, 1, 1, 1, 1, 1, 1, 1, 1, 1, 1, 1, 1, 1, 1, 1, 1, 1, 1], [0, 1, 1, 1, 1, 1, 0, 1, 1, 1, 1, 1, 1, 1, 1, 1, 1, 1, 1, 1, 1, 1, 1, 1, 1, 1, 1, 1, 1, 1, 1, 1, 1, 1, 1, 1, 1], [0, 1, 1, 1, 1, 1, 1, 0, 1, 1, 1, 1, 1, 1, 1, 1, 1, 1, 1, 1, 1, 1, 1, 1, 1, 1, 1, 1, 1, 1, 1, 1, 1, 1, 1, 1, 1], [0, 1, 1, 1, 1, 1, 1, 1, 0, 1, 1, 1, 1, 1, 1, 1, 1, 1, 1, 1, 1, 1, 1, 1, 1, 1, 1, 1, 1, 1, 1, 1, 1, 1, 1, 1, 1], [0, 1, 1, 1, 1, 1, 1, 1, 1, 0, 1, 1, 1, 1, 1, 1, 1, 1, 1, 1, 1, 1, 1, 1, 1, 1, 1, 1, 1, 1, 1, 1, 1, 1, 1, 1, 1], [0, 1, 1, 1, 1, 1, 1, 1, 1, 1, 0, 1, 1, 1, 1, 1, 1, 1, 1, 1, 1, 1, 1, 1, 1, 1, 1, 1, 1, 1, 1, 1, 1, 1, 1, 1, 1], [0, 1, 1, 1, 1, 1, 1, 1, 1, 1, 1, 0, 1, 1, 1, 1, 1, 1, 1, 1, 1, 1, 1, 1, 1, 1, 1, 1, 1, 1, 1, 1, 1, 1, 1, 1, 1], [0, 1, 1, 1, 1, 1, 1, 1, 1, 1, 1, 1, 0, 1, 1, 1, 1, 1, 1, 1, 1, 1, 1, 1, 1, 1, 1, 1, 1, 1, 1, 1, 1, 1, 1, 1, 1], [0, 1, 1, 1, 1, 1, 1, 1, 1, 1, 1, 1, 1, 0, 1, 1, 1, 1, 1, 1, 1, 1, 1, 1, 1, 1, 1, 1, 1, 1, 1, 1, 1, 1, 1, 1, 1], [0, 1, 1, 1, 1, 1, 1, 1, 1, 1, 1, 1, 1, 1, 0, 1, 1, 1, 1, 1, 1, 1, 1, 1, 1, 1, 1, 1, 1, 1, 1, 1, 1, 1, 1, 1, 1], [0, 1, 1, 1, 1, 1, 1, 1, 1, 1, 1, 1, 1, 1, 1, 0, 1, 1, 1, 1, 1, 1, 1, 1, 1, 1, 1, 1, 1, 1, 1, 1, 1, 1, 1, 1, 1], [0, 1, 1, 1, 1, 1, 1, 1, 1, 1, 1, 1, 1, 1, 1, 1, 0, 1, 1, 1, 1, 1, 1, 1, 1, 1, 1, 1, 1, 1, 1, 1, 1, 1, 1, 1, 1], [0, 1, 1, 1, 1, 1, 1, 1, 1, 1, 1, 1, 1, 1, 1, 1, 1, 0, 1, 1, 1, 1, 1, 1, 1, 1, 1, 1, 1, 1, 1, 1, 1, 1, 1, 1, 1], [0, 1, 1, 1, 1, 1, 1, 1, 1, 1, 1, 1, 1, 1, 1, 1, 1, 1, 0, 1, 1, 1, 1, 1, 1, 1, 1, 1, 1, 1, 1, 1, 1, 1, 1, 1, 1], [0, 1, 1, 1, 1, 1, 1, 1, 1, 1, 1, 1, 1, 1, 1, 1, 1, 1, 1, 0, 1, 1, 1, 1, 1, 1, 1, 1, 1, 1, 1, 1, 1, 1, 1, 1, 1], [0, 1, 1, 1, 1, 1, 1, 1, 1, 1, 1, 1, 1, 1, 1, 1, 1, 1, 1, 1, 0, 1, 1, 1, 1, 1, 1, 1, 1, 1, 1, 1, 1, 1, 1, 1, 1], [0, 1, 1, 1, 1, 1, 1, 1, 1, 1, 1, 1, 1, 1, 1, 1, 1, 1, 1, 1, 1, 0, 1, 1, 1, 1, 1, 1, 1, 1, 1, 1, 1, 1, 1, 1, 1], [0, 1, 1, 1, 1, 1, 1, 1, 1, 1, 1, 1, 1, 1, 1, 1, 1, 1, 1, 1, 1, 1, 0, 1, 1, 1, 1, 1, 1, 1, 1, 1, 1, 1, 1, 1, 1], [0, 1, 1, 1, 1, 1, 1, 1, 1, 1, 1, 1, 1, 1, 1, 1, 1, 1, 1, 1, 1, 1, 1, 0, 1, 1, 1, 1, 1, 1, 1, 1, 1, 1, 1, 1, 1], [0, 1, 1, 1, 1, 1, 1, 1, 1, 1, 1, 1, 1, 1, 1, 1, 1, 1, 1, 1, 1, 1, 1, 1, 0, 1, 1, 1, 1, 1, 1, 1, 1, 1, 1, 1, 1], [0, 1, 1, 1, 1, 1, 1, 1, 1, 1, 1, 1, 1, 1, 1, 1, 1, 1, 1, 1, 1, 1, 1, 1, 1, 0, 1, 1, 1, 1, 1, 1, 1, 1, 1, 1, 1], [0, 1, 1, 1, 1, 1, 1, 1, 1, 1, 1, 1, 1, 1, 1, 1, 1, 1, 1, 1, 1, 1, 1, 1, 1, 1, 0, 1, 1, 1, 1, 1, 1, 1, 1, 1, 1], [0, 1, 1, 1, 1, 1, 1, 1, 1, 1, 1, 1, 1, 1, 1, 1, 1, 1, 1, 1, 1, 1, 1, 1, 1, 1, 1, 0, 1, 1, 1, 1, 1, 1, 1, 1, 1], [0, 1, 1, 1, 1, 1, 1, 1, 1, 1, 1, 1, 1, 1, 1, 1, 1, 1, 1, 1, 1, 1, 1, 1, 1, 1, 1, 1, 0, 1, 1, 1, 1, 1, 1, 1, 1], [0, 1, 1, 1, 1, 1, 1, 1, 1, 1, 1, 1, 1, 1, 1, 1, 1, 1, 1, 1, 1, 1, 1, 1, 1, 1, 1, 1, 1, 0, 1, 1, 1, 1, 1, 1, 1], [0, 1, 1, 1, 1, 1, 1, 1, 1, 1, 1, 1, 1, 1, 1, 1, 1, 1, 1, 1, 1, 1, 1, 1, 1, 1, 1, 1, 1, 1, 0, 1, 1, 1, 1, 1, 1], [0, 1, 1, 1, 1, 1, 1, 1, 1, 1, 1, 1, 1, 1, 1, 1, 1, 1, 1, 1, 1, 1, 1, 1, 1, 1, 1, 1, 1, 1, 1, 0, 1, 1, 1, 1, 1], [0, 1, 1, 1, 1, 1, 1, 1, 1, 1, 1, 1, 1, 1, 1, 1, 1, 1, 1, 1, 1, 1, 1, 1, 1, 1, 1, 1, 1, 1, 1, 1, 0, 1, 1, 1, 1], [0, 1, 1, 1, 1, 1, 1, 1, 1, 1, 1, 1, 1, 1, 1, 1, 1, 1, 1, 1, 1, 1, 1, 1, 1, 1, 1, 1, 1, 1, 1, 1, 1, 0, 1, 1, 1], [0, 1, 1, 1, 1, 1, 1, 1, 1, 1, 1, 1, 1, 1, 1, 1, 1, 1, 1, 1, 1, 1, 1, 1, 1, 1, 1, 1, 1, 1, 1, 1, 1, 1, 0, 1, 1], [0, 1, 1, 1, 1, 1, 1, 1, 1, 1, 1, 1, 1, 1, 1, 1, 1, 1, 1, 1, 1, 1, 1, 1, 1, 1, 1, 1, 1, 1, 1, 1, 1, 1, 1, 0, 1], [0, 0, 0, 0, 0, 0, 0, 0, 0, 0, 0, 0, 0, 0, 0, 0, 0, 0, 0, 0, 0, 0, 0, 0, 0, 0, 0, 0, 0, 0, 0, 0, 0, 0, 0, 0, 0]], "vertex_count": 37}, "distances": [[0.0, 13.11, 10.07, 9.44, 12.1, 8.69, 23.73, 11.33, 12.18, 6.69, 18.76, 14.39, 11.03, 7.03, 13.69, 8.91, 8.8, 4.7, 13.18, 9.06, 11.85, 15.82, 15.68, 8.49, 15.59, 8.99, 17.38, 7.22, 14.17, 7.38, 5.83, 17.46, 6.03, 4.57, 18.08, 8.9, 9.14], [13.11, 0.0, 13.39, 21.12, 11.84, 18.77, 10.76, 14.29, 9.65, 16.41, 5.65, 27.48, 20.65, 16.48, 11.77, 21.21, 12.13, 14.49, 8.04, 7.72, 24.22, 28.24, 27.2, 21.6, 4.74, 21.22, 10.52, 13.1, 25.82, 8.83, 7.7, 7.21, 18.05, 13.3, 31.02, 7.65, 13.11], [10.07, 13.39, 0.0, 9.73, 11.69, 9.21, 24.07, 12.0, 12.48, 7.3, 19.03, 14.18, 11.55, 7.65, 13.32, 8.33, 8.3, 5.37, 13.0, 8.9, 11.3, 15.89, 15.93, 8.25, 16.05, 8.39, 17.18, 6.63, 14.41, 8.05, 6.31, 17.46, 5.37, 10.49, 17.69, 9.53, 10.07], [9.44, 21.12, 9.73, 0.0, 21.38, 11.22, 30.93, 10.18, 20.14, 5.06, 26.6, 9.04, 9.55, 5.18, 23.04, 10.94, 17.9, 6.65, 22.59, 18.47, 12.3, 7.27, 6.28, 6.5, 22.12, 11.15, 26.8, 16.0, 4.79, 12.82, 13.46, 26.54, 10.59, 13.24, 14.63, 14.46, 9.44], [12.1, 11.84, 11.69, 21.38, 0.0, 20.76, 20.87, 11.25, 11.65, 18.61, 15.53, 23.8, 23.09, 18.91, 10.52, 15.33, 9.26, 16.44, 4.56, 4.85, 17.82, 26.93, 27.47, 18.23, 16.54, 15.22, 7.08, 5.7, 25.95, 14.81, 11.75, 10.05, 12.78, 8.27, 25.23, 15.06, 12.1], [8.69, 18.77, 9.21, 11.22, 20.76, 0.0, 28.13, 10.11, 17.79, 15.38, 24.06, 12.4, 11.37, 15.72, 22.29, 12.9, 17.48, 4.56, 21.29, 17.24, 14.77, 10.38, 8.54, 9.01, 19.26, 13.09, 25.5, 15.83, 7.28, 10.1, 11.33, 24.71, 11.74, 13.08, 17.9, 11.65, 8.69], [23.73, 10.76, 24.07, 30.93, 20.87, 28.13, 0.0, 25.03, 11.61, 25.94, 5.44, 38.0, 29.64, 25.91, 20.09, 31.98, 22.21, 24.33, 16.34, 17.88, 34.98, 38.19, 36.66, 32.2, 8.87, 31.98, 16.12, 23.52, 35.4, 18.11, 18.04, 11.54, 28.81, 24.01, 41.74, 16.49, 23.73], [11.33, 14.29, 12.0, 10.18, 11.25, 10.11, 25.03, 0.0, 13.42, 8.39, 19.89, 13.61, 12.42, 8.76, 12.96, 7.08, 7.72, 6.63, 13.08, 9.07, 10.08, 15.85, 16.23, 7.67, 17.22, 7.12, 17.18, 5.84, 14.7, 9.48, 7.56, 17.84, 12.95, 12.43, 16.73, 10.92, 11.33], [12.18, 9.65, 12.48, 20.14, 11.65, 17.79, 11.61, 13.42, 0.0, 15.43, 6.59, 26.54, 19.69, 15.5, 11.72, 20.38, 11.65, 13.51, 8.12, 7.29, 23.39, 27.27, 26.22, 20.67, 4.92, 20.39, 10.93, 12.5, 24.84, 7.89, 6.73, 7.92, 17.22, 12.54, 30.13, 6.76, 12.18], [6.69, 16.41, 7.3, 5.06, 18.61, 15.38, 25.94, 8.39, 15.43, 0.0, 21.76, 13.51, 4.59, 8.96, 20.1, 12.39, 15.44, 11.39, 18.96, 14.94, 14.64, 12.33, 10.82, 9.16, 17.1, 12.56, 23.16, 13.91, 9.49, 7.84, 8.94, 22.31, 10.69, 11.22, 18.7, 9.45, 6.69], [18.76, 5.65, 19.03, 26.6, 15.53, 24.06, 5.44, 19.89, 6.59, 21.76, 0.0, 33.13, 25.81, 21.79, 14.87, 26.73, 16.77, 19.94, 11.04, 12.44, 29.72, 33.78, 32.57, 27.25, 5.85, 26.73, 11.48, 18.1, 31.23, 13.97, 13.29, 6.88, 23.57, 18.68, 36.62, 12.52, 18.76], [14.39, 27.48, 14.18, 9.04, 23.8, 12.4, 38.0, 13.61, 26.54, 13.51, 33.13, 0.0, 12.85, 13.75, 25.61, 8.78, 20.26, 14.25, 26.49, 22.61, 7.56, 5.79, 9.08, 5.95, 29.53, 8.95, 30.43, 18.13, 8.37, 20.38, 19.96, 31.45, 11.02, 15.92, 5.78, 22.09, 14.39], [11.03, 20.65, 11.55, 9.55, 23.09, 11.37, 29.64, 12.42, 19.69, 4.59, 25.81, 12.85, 0.0, 4.37, 24.62, 14.69, 19.83, 6.8, 23.54, 19.52, 16.28, 9.76, 7.21, 10.46, 20.77, 14.89, 27.75, 18.16, 6.24, 11.86, 13.41, 26.81, 13.82, 15.41, 18.55, 13.3, 11.03], [7.03, 16.48, 7.65, 5.18, 18.91, 15.72, 25.91, 8.76, 15.5, 8.96, 21.79, 13.75, 4.37, 0.0, 20.38, 12.77, 15.76, 11.18, 19.18, 15.18, 15.0, 12.41, 10.79, 9.5, 17.06, 12.94, 23.38, 14.25, 9.49, 7.84, 9.07, 22.46, 11.08, 11.57, 18.99, 9.42, 7.03], [13.69, 11.77, 13.32, 23.04, 10.52, 22.29, 20.09, 12.96, 11.72, 20.1, 14.87, 25.61, 24.62, 20.38, 0.0, 17.13, 5.38, 17.9, 9.66, 5.68, 19.59, 28.7, 29.17, 20.02, 16.51, 17.02, 5.44, 7.5, 27.64, 15.79, 12.78, 8.89, 14.58, 10.02, 27.0, 15.87, 13.69], [8.91, 21.21, 8.33, 10.94, 15.33, 12.9, 31.98, 7.08, 20.38, 12.39, 26.73, 8.78, 14.69, 12.77, 17.13, 0.0, 11.92, 11.66, 18.54, 15.0, 10.5, 13.22, 15.17, 4.68, 24.3, 9.57, 22.21, 9.84, 13.82, 16.25, 14.62, 23.86, 10.28, 8.19, 10.12, 17.81, 8.91], [8.8, 12.13, 8.3, 17.9, 9.26, 17.48, 22.21, 7.72, 11.65, 15.44, 16.77, 20.26, 19.83, 15.76, 5.38, 11.92, 0.0, 13.33, 6.82, 4.42, 14.54, 23.34, 23.94, 14.64, 16.51, 11.82, 10.29, 10.1, 22.41, 12.76, 9.7, 12.38, 9.24, 4.7, 21.95, 13.37, 8.8], [4.7, 14.49, 5.37, 6.65, 16.44, 4.56, 24.33, 6.63, 13.51, 11.39, 19.94, 14.25, 6.8, 11.18, 17.9, 11.66, 13.33, 0.0, 16.74, 12.72, 14.2, 13.87, 12.74, 9.21, 15.58, 11.8, 20.95, 11.89, 11.34, 6.27, 6.88, 20.18, 9.5, 9.27, 19.06, 7.96, 4.7], [13.18, 8.04, 13.0, 22.59, 4.56, 21.29, 16.34, 13.08, 8.12, 18.96, 11.04, 26.49, 23.54, 19.18, 9.66, 18.54, 6.82, 16.74, 0.0, 9.41, 21.27, 28.87, 28.85, 20.65, 12.76, 18.46, 4.22, 8.74, 27.34, 13.41, 10.66, 5.62, 15.63, 10.58, 28.64, 13.15, 13.18], [9.06, 7.72, 8.9, 18.47, 4.85, 17.24, 17.88, 9.07, 7.29, 14.94, 12.44, 22.61, 19.52, 15.18, 5.68, 15.0, 4.42, 12.72, 9.41, 0.0, 17.87, 24.79, 24.74, 16.71, 12.19, 14.95, 8.33, 5.68, 23.23, 10.11, 7.12, 8.89, 11.96, 6.84, 25.12, 10.25, 9.06], [11.85, 24.22, 11.3, 12.3, 17.82, 14.77, 34.98, 10.08, 23.39, 14.64, 29.72, 7.56, 16.28, 15.0, 19.59, 10.5, 14.54, 14.2, 21.27, 17.87, 0.0, 12.86, 15.43, 5.82, 27.3, 10.72, 24.81, 12.53, 14.25, 19.14, 17.6, 26.68, 6.17, 11.11, 7.42, 20.72, 11.85], [15.82, 28.24, 15.89, 7.27, 26.93, 10.38, 38.19, 15.85, 27.27, 12.33, 33.78, 5.79, 9.76, 12.41, 28.7, 13.22, 23.34, 13.87, 28.87, 24.79, 12.86, 0.0, 13.55, 8.95, 29.39, 13.42, 33.01, 21.27, 12.07, 20.08, 20.54, 33.27, 14.54, 18.68, 11.04, 21.74, 15.82], [15.68, 27.2, 15.93, 6.28, 27.47, 8.54, 36.66, 16.23, 26.22, 10.82, 32.57, 9.08, 7.21, 10.79, 29.17, 15.17, 23.94, 12.74, 28.85, 24.74, 15.43, 13.55, 0.0, 10.54, 27.79, 15.39, 33.06, 21.96, 11.08, 18.63, 19.62, 32.8, 15.82, 19.24, 14.61, 20.19, 15.68], [8.49, 21.6, 8.25, 6.5, 18.23, 9.01, 32.2, 7.67, 20.67, 9.16, 27.25, 5.95, 10.46, 9.5, 20.02, 4.68, 14.64, 9.21, 20.65, 16.71, 5.82, 8.95, 10.54, 0.0, 23.88, 4.89, 24.65, 12.53, 9.16, 14.96, 14.19, 25.52, 5.61, 10.12, 9.91, 16.64, 8.49], [15.59, 4.74, 16.05, 22.12, 16.54, 19.26, 8.87, 17.22, 4.92, 17.1, 5.85, 29.53, 20.77, 17.06, 16.51, 24.3, 16.51, 15.58, 12.76, 12.19, 27.3, 29.39, 27.79, 23.88, 0.0, 24.33, 14.89, 17.2, 26.54, 9.32, 9.76, 10.93, 21.18, 16.89, 33.65, 7.66, 15.59], [8.99, 21.22, 8.39, 11.15, 15.22, 13.09, 31.98, 7.12, 20.39, 12.56, 26.73, 8.95, 14.89, 12.94, 17.02, 9.57, 11.82, 11.8, 18.46, 14.95, 10.72, 13.42, 15.39, 4.89, 24.33, 0.0, 22.12, 9.75, 14.04, 16.34, 14.67, 23.8, 10.5, 8.15, 10.19, 17.89, 8.99], [17.38, 10.52, 17.18, 26.8, 7.08, 25.5, 16.12, 17.18, 10.93, 23.16, 11.48, 30.43, 27.75, 23.38, 5.44, 22.21, 10.29, 20.95, 4.22, 8.33, 24.81, 33.01, 33.06, 24.65, 14.89, 22.12, 0.0, 12.38, 31.55, 17.3, 14.71, 4.63, 19.46, 14.53, 32.22, 16.84, 17.38], [7.22, 13.1, 6.63, 16.0, 5.7, 15.83, 23.52, 5.84, 12.5, 13.91, 18.1, 18.13, 18.16, 14.25, 7.5, 9.84, 10.1, 11.89, 8.74, 5.68, 12.53, 21.27, 21.96, 12.53, 17.2, 9.75, 12.38, 0.0, 20.44, 12.24, 9.32, 14.22, 7.11, 11.79, 19.91, 13.11, 7.22], [14.17, 25.82, 14.41, 4.79, 25.95, 7.28, 35.4, 14.7, 24.84, 9.49, 31.23, 8.37, 6.24, 9.49, 27.64, 13.82, 22.41, 11.34, 27.34, 23.23, 14.25, 12.07, 11.08, 9.16, 26.54, 14.04, 31.55, 20.44, 0.0, 17.32, 18.2, 31.34, 14.35, 17.71, 14.06, 18.91, 14.17], [7.38, 8.83, 8.05, 12.82, 14.81, 10.1, 18.11, 9.48, 7.89, 7.84, 13.97, 20.38, 11.86, 7.84, 15.79, 16.25, 12.76, 6.27, 13.41, 10.11, 19.14, 20.08, 18.63, 14.96, 9.32, 16.34, 17.3, 12.24, 17.32, 0.0, 13.15, 15.42, 13.41, 10.56, 24.86, 14.23, 7.38], [5.83, 7.7, 6.31, 13.46, 11.75, 11.33, 18.04, 7.56, 6.73, 8.94, 13.29, 19.96, 13.41, 9.07, 12.78, 14.62, 9.7, 6.88, 10.66, 7.12, 17.6, 20.54, 19.62, 14.19, 9.76, 14.67, 14.71, 9.32, 18.2, 13.15, 0.0, 13.4, 11.57, 7.95, 23.9, 13.49, 5.83], [17.46, 7.21, 17.46, 26.54, 10.05, 24.71, 11.54, 17.84, 7.92, 22.31, 6.88, 31.45, 26.81, 22.46, 8.89, 23.86, 12.38, 20.18, 5.62, 8.89, 26.68, 33.27, 32.8, 25.52, 10.93, 23.8, 4.63, 14.22, 31.34, 15.42, 13.4, 0.0, 20.84, 15.72, 33.98, 14.55, 17.46], [6.03, 18.05, 5.37, 10.59, 12.78, 11.74, 28.81, 12.95, 17.22, 10.69, 23.57, 11.02, 13.82, 11.08, 14.58, 10.28, 9.24, 9.5, 15.63, 11.96, 6.17, 14.54, 15.82, 5.61, 21.18, 10.5, 19.46, 7.11, 14.35, 13.41, 11.57, 20.84, 0.0, 5.12, 13.18, 14.9, 6.03], [4.57, 13.3, 10.49, 13.24, 8.27, 13.08, 24.01, 12.43, 12.54, 11.22, 18.68, 15.92, 15.41, 11.57, 10.02, 8.19, 4.7, 9.27, 10.58, 6.84, 11.11, 18.68, 19.24, 10.12, 16.89, 8.15, 14.53, 11.79, 17.71, 10.56, 7.95, 15.72, 5.12, 0.0, 18.29, 11.7, 4.57], [18.08, 31.02, 17.69, 14.63, 25.23, 17.9, 41.74, 16.73, 30.13, 18.7, 36.62, 5.78, 18.55, 18.99, 27.0, 10.12, 21.95, 19.06, 28.64, 25.12, 7.42, 11.04, 14.61, 9.91, 33.65, 10.19, 32.22, 19.91, 14.06, 24.86, 23.9, 33.98, 13.18, 18.29, 0.0, 26.54, 18.08], [8.9, 7.65, 9.53, 14.46, 15.06, 11.65, 16.49, 10.92, 6.76, 9.45, 12.52, 22.09, 13.3, 9.42, 15.87, 17.81, 13.37, 7.96, 13.15, 10.25, 20.72, 21.74, 20.19, 16.64, 7.66, 17.89, 16.84, 13.11, 18.91, 14.23, 13.49, 14.55, 14.9, 11.7, 26.54, 0.0, 8.9], [9.14, 13.11, 10.07, 9.44, 12.1, 8.69, 23.73, 11.33, 12.18, 6.69, 18.76, 14.39, 11.03, 7.03, 13.69, 8.91, 8.8, 4.7, 13.18, 9.06, 11.85, 15.82, 15.68, 8.49, 15.59, 8.99, 17.38, 7.22, 14.17, 7.38, 5.83, 17.46, 6.03, 4.57, 18.08, 8.9, 0.0]], "end_depot": 36, "horizon": [0.0, 1172.19], "instance_name": "35_95_B_A4", "speed_zone_count": 3, "speed_zones": [[0.0, 390.73], [390.73, 781.46], [781.46, 1172.19]], "start_depot": 0, "vehicle_count": 35}