{"digraph": {"vertex_count": 36, "arc_count": 1190, "arcs": [[0, 1, 1, 1, 1, 1, 1, 1, 1, 1, 1, 1, 1, 1, 1, 1, 1, 1, 1, 1, 1, 1, 1, 1, 1, 1, 1, 1, 1, 1, 1, 1, 1, 1, 1, 1], [0, 0, 1, 1, 1, 1, 1, 1, 1, 1, 1, 1, 1, 1, 1, 1, 1, 1, 1, 1, 1, 1, 1, 1, 1, 1, 1, 1, 1, 1, 1, 1, 1, 1, 1, 1], [0, 1, 0, 1, 1, 1, 1, 1, 1, 1, 1, 1, 1, 1, 1, 1, 1, 1, 1, 1, 1, 1, 1, 1, 1, 1, 1, 1, 1, 1, 1, 1, 1, 1, 1, 1], [0, 1, 1, 0, 1, 1, 1, 1, 1, 1, 1, 1, 1, 1, 1, 1, 1, 1, 1, 1, 1, 1, 1, 1, 1, 1, 1, 1, 1, 1, 1, 1, 1, 1, 1, 1], [0, 1, 1, 1, 0, 1, 1, 1, 1, 1, 1, 1, 1, 1, 1, 1, 1, 1, 1, 1, 1, 1, 1, 1, 1, 1, 1, 1, 1, 1, 1, 1, 1, 1, 1, 1], [0, 1, 1, 1, 1, 0, 1, 1, 1, 1, 1, 1, 1, 1, 1, 1, 1, 1, 1, 1, 1, 1, 1, 1, 1, 1, 1, 1, 1, 1, 1, 1, 1, 1, 1, 1], [0, 1, 1, 1, 1, 1, 0, 1, 1, 1, 1, 1, 1, 1, 1, 1, 1, 1, 1, 1, 1, 1, 1, 1, 1, 1, 1, 1, 1, 1, 1, 1, 1, 1, 1, 1], [0, 1, 1, 1, 1, 1, 1, 0, 1, 1, 1, 1, 1, 1, 1, 1, 1, 1, 1, 1, 1, 1, 1, 1, 1, 1, 1, 1, 1, 1, 1, 1, 1, 1, 1, 1], [0, 1, 1, 1, 1, 1, 1, 1, 0, 1, 1, 1, 1, 1, 1, 1, 1, 1, 1, 1, 1, 1, 1, 1, 1, 1, 1, 1, 1, 1, 1, 1, 1, 1, 1, 1], [0, 1, 1, 1, 1, 1, 1, 1, 1, 0, 1, 1, 1, 1, 1, 1, 1, 1, 1, 1, 1, 1, 1, 1, 1, 1, 1, 1, 1, 1, 1, 1, 1, 1, 1, 1], [0, 1, 1, 1, 1, 1, 1, 1, 1, 1, 0, 1, 1, 1, 1, 1, 1, 1, 1, 1, 1, 1, 1, 1, 1, 1, 1, 1, 1, 1, 1, 1, 1, 1, 1, 1], [0, 1, 1, 1, 1, 1, 1, 1, 1, 1, 1, 0, 1, 1, 1, 1, 1, 1, 1, 1, 1, 1, 1, 1, 1, 1, 1, 1, 1, 1, 1, 1, 1, 1, 1, 1], [0, 1, 1, 1, 1, 1, 1, 1, 1, 1, 1, 1, 0, 1, 1, 1, 1, 1, 1, 1, 1, 1, 1, 1, 1, 1, 1, 1, 1, 1, 1, 1, 1, 1, 1, 1], [0, 1, 1, 1, 1, 1, 1, 1, 1, 1, 1, 1, 1, 0, 1, 1, 1, 1, 1, 1, 1, 1, 1, 1, 1, 1, 1, 1, 1, 1, 1, 1, 1, 1, 1, 1], [0, 1, 1, 1, 1, 1, 1, 1, 1, 1, 1, 1, 1, 1, 0, 1, 1, 1, 1, 1, 1, 1, 1, 1, 1, 1, 1, 1, 1, 1, 1, 1, 1, 1, 1, 1], [0, 1, 1, 1, 1, 1, 1, 1, 1, 1, 1, 1, 1, 1, 1, 0, 1, 1, 1, 1, 1, 1, 1, 1, 1, 1, 1, 1, 1, 1, 1, 1, 1, 1, 1, 1], [0, 1, 1, 1, 1, 1, 1, 1, 1, 1, 1, 1, 1, 1, 1, 1, 0, 1, 1, 1, 1, 1, 1, 1, 1, 1, 1, 1, 1, 1, 1, 1, 1, 1, 1, 1], [0, 1, 1, 1, 1, 1, 1, 1, 1, 1, 1, 1, 1, 1, 1, 1, 1, 0, 1, 1, 1, 1, 1, 1, 1, 1, 1, 1, 1, 1, 1, 1, 1, 1, 1, 1], [0, 1, 1, 1, 1, 1, 1, 1, 1, 1, 1, 1, 1, 1, 1, 1, 1, 1, 0, 1, 1, 1, 1, 1, 1, 1, 1, 1, 1, 1, 1, 1, 1, 1, 1, 1], [0, 1, 1, 1, 1, 1, 1, 1, 1, 1, 1, 1, 1, 1, 1, 1, 1, 1, 1, 0, 1, 1, 1, 1, 1, 1, 1, 1, 1, 1, 1, 1, 1, 1, 1, 1], [0, 1, 1, 1, 1, 1, 1, 1, 1, 1, 1, 1, 1, 1, 1, 1, 1, 1, 1, 1, 0, 1, 1, 1, 1, 1, 1, 1, 1, 1, 1, 1, 1, 1, 1, 1], [0, 1, 1, 1, 1, 1, 1, 1, 1, 1, 1, 1, 1, 1, 1, 1, 1, 1, 1, 1, 1, 0, 1, 1, 1, 1, 1, 1, 1, 1, 1, 1, 1, 1, 1, 1], [0, 1, 1, 1, 1, 1, 1, 1, 1, 1, 1, 1, 1, 1, 1, 1, 1, 1, 1, 1, 1, 1, 0, 1, 1, 1, 1, 1, 1, 1, 1, 1, 1, 1, 1, 1], [0, 1, 1, 1, 1, 1, 1, 1, 1, 1, 1, 1, 1, 1, 1, 1, 1, 1, 1, 1, 1, 1, 1, 0, 1, 1, 1, 1, 1, 1, 1, 1, 1, 1, 1, 1], [0, 1, 1, 1, 1, 1, 1, 1, 1, 1, 1, 1, 1, 1, 1, 1, 1, 1, 1, 1, 1, 1, 1, 1, 0, 1, 1, 1, 1, 1, 1, 1, 1, 1, 1, 1], [0, 1, 1, 1, 1, 1, 1, 1, 1, 1, 1, 1, 1, 1, 1, 1, 1, 1, 1, 1, 1, 1, 1, 1, 1, 0, 1, 1, 1, 1, 1, 1, 1, 1, 1, 1], [0, 1, 1, 1, 1, 1, 1, 1, 1, 1, 1, 1, 1, 1, 1, 1, 1, 1, 1, 1, 1, 1, 1, 1, 1, 1, 0, 1, 1, 1, 1, 1, 1, 1, 1, 1], [0, 1, 1, 1, 1, 1, 1, 1, 1, 1, 1, 1, 1, 1, 1, 1, 1, 1, 1, 1, 1, 1, 1, 1, 1, 1, 1, 0, 1, 1, 1, 1, 1, 1, 1, 1], [0, 1, 1, 1, 1, 1, 1, 1, 1, 1, 1, 1, 1, 1, 1, 1, 1, 1, 1, 1, 1, 1, 1, 1, 1, 1, 1, 1, 0, 1, 1, 1, 1, 1, 1, 1], [0, 1, 1, 1, 1, 1, 1, 1, 1, 1, 1, 1, 1, 1, 1, 1, 1, 1, 1, 1, 1, 1, 1, 1, 1, 1, 1, 1, 1, 0, 1, 1, 1, 1, 1, 1], [0, 1, 1, 1, 1, 1, 1, 1, 1, 1, 1, 1, 1, 1, 1, 1, 1, 1, 1, 1, 1, 1, 1, 1, 1, 1, 1, 1, 1, 1, 0, 1, 1, 1, 1, 1], [0, 1, 1, 1, 1, 1, 1, 1, 1, 1, 1, 1, 1, 1, 1, 1, 1, 1, 1, 1, 1, 1, 1, 1, 1, 1, 1, 1, 1, 1, 1, 0, 1, 1, 1, 1], [0, 1, 1, 1, 1, 1, 1, 1, 1, 1, 1, 1, 1, 1, 1, 1, 1, 1, 1, 1, 1, 1, 1, 1, 1, 1, 1, 1, 1, 1, 1, 1, 0, 1, 1, 1], [0, 1, 1, 1, 1, 1, 1, 1, 1, 1, 1, 1, 1, 1, 1, 1, 1, 1, 1, 1, 1, 1, 1, 1, 1, 1, 1, 1, 1, 1, 1, 1, 1, 0, 1, 1], [0, 1, 1, 1, 1, 1, 1, 1, 1, 1, 1, 1, 1, 1, 1, 1, 1, 1, 1, 1, 1, 1, 1, 1, 1, 1, 1, 1, 1, 1, 1, 1, 1, 1, 0, 1], [0, 0, 0, 0, 0, 0, 0, 0, 0, 0, 0, 0, 0, 0, 0, 0, 0, 0, 0, 0, 0, 0, 0, 0, 0, 0, 0, 0, 0, 0, 0, 0, 0, 0, 0, 0]], "coordinates": [[40.0, 50.0], [25.0, 85.0], [22.0, 75.0], [22.0, 85.0], [20.0, 85.0], [18.0, 75.0], [15.0, 75.0], [15.0, 80.0], [8.0, 45.0], [5.0, 45.0], [38.0, 15.0], [35.0, 5.0], [95.0, 30.0], [87.0, 30.0], [85.0, 35.0], [18.0, 80.0], [2.0, 45.0], [42.0, 5.0], [72.0, 35.0], [25.0, 30.0], [55.0, 60.0], [15.0, 10.0], [45.0, 30.0], [35.0, 40.0], [2.0, 60.0], [23.0, 3.0], [8.0, 56.0], [6.0, 68.0], [27.0, 43.0], [37.0, 31.0], [24.0, 58.0], [67.0, 5.0], [55.0, 54.0], [26.0, 52.0], [31.0, 67.0], [40.0, 50.0]]}, "cluster_count": 3, "cluster_speeds": [[1.5, 1.0, 1.67, 1.17, 1.33], [1.17, 0.67, 1.33, 0.83, 1.0], [1.0, 0.33, 0.67, 0.5, 0.83]], "clusters": [[1, 0, 2, 0, 2, 2, 0, 0, 2, 2, 1, 2, 0, 2, 1, 0, 0, 0, 0, 1, 1, 1, 0, 2, 1, 0, 0, 2, 1, 0, 2, 0, 2, 1, 1, 2], [0, 2, 1, 1, 1, 1, 1, 0, 0, 0, 1, 2, 2, 2, 2, 2, 2, 2, 0, 2, 2, 0, 1, 0, 0, 1, 2, 2, 0, 1, 2, 0, 2, 1, 2, 2], [2, 1, 0, 2, 0, 1, 0, 2, 2, 0, 0, 1, 0, 0, 2, 1, 0, 0, 0, 2, 0, 0, 1, 2, 0, 2, 2, 0, 1, 0, 2, 2, 0, 2, 2, 0], [0, 2, 0, 1, 2, 2, 0, 2, 0, 1, 2, 2, 2, 2, 0, 1, 1, 2, 2, 0, 0, 1, 1, 0, 1, 0, 0, 2, 1, 0, 1, 1, 1, 2, 0, 0], [0, 0, 1, 2, 0, 0, 2, 1, 1, 0, 1, 0, 2, 0, 0, 1, 1, 0, 2, 1, 1, 1, 0, 0, 2, 1, 1, 2, 1, 1, 2, 2, 2, 1, 2, 2], [1, 1, 0, 2, 1, 2, 1, 1, 1, 1, 2, 0, 0, 1, 1, 2, 2, 1, 2, 1, 0, 1, 0, 0, 0, 1, 0, 0, 1, 0, 2, 0, 2, 2, 0, 1], [0, 1, 2, 0, 1, 1, 0, 2, 2, 0, 2, 2, 2, 2, 1, 2, 0, 1, 0, 0, 1, 0, 0, 0, 1, 0, 0, 2, 1, 0, 1, 1, 0, 0, 1, 0], [1, 2, 1, 0, 1, 2, 0, 0, 2, 0, 0, 0, 0, 0, 0, 1, 0, 1, 0, 0, 2, 0, 2, 0, 2, 0, 0, 1, 2, 2, 0, 2, 1, 0, 0, 2], [0, 2, 0, 1, 1, 1, 2, 2, 0, 2, 0, 2, 1, 1, 0, 0, 0, 1, 1, 2, 2, 1, 1, 2, 2, 0, 2, 2, 1, 1, 1, 2, 1, 1, 2, 1], [2, 0, 1, 2, 1, 2, 0, 1, 0, 1, 2, 1, 1, 2, 1, 0, 1, 0, 0, 0, 0, 1, 0, 1, 1, 1, 1, 1, 0, 2, 2, 2, 0, 0, 1, 1], [1, 0, 1, 0, 1, 2, 1, 1, 0, 0, 0, 2, 0, 1, 1, 2, 1, 1, 2, 1, 2, 1, 1, 2, 1, 1, 1, 1, 0, 1, 2, 1, 0, 0, 1, 1], [1, 2, 2, 1, 0, 0, 2, 1, 2, 1, 2, 1, 0, 2, 2, 0, 0, 2, 2, 0, 0, 2, 1, 0, 1, 2, 2, 2, 0, 0, 1, 0, 1, 0, 2, 0], [0, 1, 2, 0, 1, 2, 2, 1, 0, 0, 2, 0, 1, 0, 1, 2, 0, 0, 1, 2, 0, 0, 1, 1, 1, 2, 2, 2, 1, 2, 0, 0, 2, 2, 2, 1], [1, 0, 0, 1, 1, 1, 1, 0, 0, 2, 0, 2, 0, 0, 2, 2, 1, 0, 2, 1, 1, 1, 0, 2, 2, 1, 0, 1, 2, 2, 2, 0, 2, 1, 1, 1], [1, 0, 2, 2, 1, 1, 0, 0, 1, 0, 2, 1, 2, 1, 2, 2, 0, 2, 1, 2, 1, 1, 2, 2, 0, 0, 2, 1, 1, 2, 0, 1, 0, 1, 1, 2], [2, 1, 1, 1, 0, 2, 1, 2, 2, 0, 0, 0, 1, 2, 0, 2, 0, 0, 2, 2, 0, 2, 2, 2, 2, 0, 2, 1, 0, 2, 2, 0, 2, 2, 2, 2], [2, 1, 1, 2, 1, 0, 1, 0, 1, 1, 0, 2, 2, 2, 2, 0, 1, 1, 0, 1, 2, 0, 2, 1, 2, 2, 0, 2, 1, 2, 1, 0, 1, 1, 2, 2], [0, 2, 2, 1, 0, 2, 1, 0, 2, 2, 0, 0, 2, 1, 2, 1, 1, 0, 2, 2, 2, 1, 0, 0, 2, 0, 2, 2, 1, 1, 0, 2, 1, 2, 0, 0], [2, 1, 0, 1, 0, 1, 0, 0, 2, 1, 0, 0, 2, 0, 1, 0, 0, 1, 0, 1, 0, 2, 0, 2, 1, 1, 0, 1, 1, 2, 1, 0, 2, 2, 2, 1], [2, 1, 2, 2, 2, 0, 0, 2, 0, 1, 1, 1, 1, 1, 1, 1, 1, 1, 2, 0, 2, 1, 0, 1, 1, 2, 1, 0, 0, 2, 0, 1, 0, 0, 2, 1], [2, 0, 0, 1, 1, 1, 0, 0, 0, 0, 0, 1, 1, 1, 2, 1, 0, 2, 0, 2, 1, 0, 0, 2, 1, 2, 1, 1, 1, 1, 2, 1, 1, 0, 0, 2], [2, 0, 2, 2, 0, 0, 0, 2, 2, 2, 1, 2, 0, 0, 0, 2, 2, 0, 2, 0, 2, 2, 2, 2, 1, 2, 2, 1, 1, 2, 1, 1, 0, 0, 2, 0], [0, 1, 1, 2, 2, 0, 2, 2, 1, 1, 2, 0, 1, 0, 1, 1, 2, 0, 1, 2, 0, 2, 0, 2, 2, 0, 0, 0, 0, 0, 2, 2, 0, 1, 0, 0], [1, 1, 2, 1, 0, 2, 0, 0, 0, 0, 1, 0, 1, 1, 2, 2, 1, 0, 2, 1, 1, 1, 2, 0, 2, 2, 0, 1, 1, 0, 2, 1, 0, 2, 1, 1], [2, 2, 1, 0, 0, 0, 0, 1, 1, 0, 2, 2, 2, 2, 0, 2, 1, 0, 1, 1, 2, 0, 2, 0, 2, 0, 1, 2, 0, 2, 0, 0, 1, 0, 0, 0], [2, 1, 0, 1, 2, 2, 1, 0, 1, 2, 2, 0, 0, 0, 2, 1, 0, 2, 0, 2, 1, 2, 0, 0, 0, 1, 2, 1, 2, 1, 0, 1, 0, 1, 2, 1], [0, 0, 1, 1, 1, 1, 0, 0, 1, 2, 2, 2, 1, 2, 0, 0, 1, 1, 0, 1, 0, 2, 1, 1, 1, 1, 0, 2, 1, 2, 2, 1, 2, 2, 0, 2], [0, 2, 0, 2, 1, 0, 0, 2, 2, 0, 2, 1, 1, 2, 2, 2, 1, 2, 0, 0, 0, 2, 2, 0, 1, 0, 1, 0, 0, 0, 1, 0, 1, 0, 1, 2], [2, 0, 2, 2, 0, 2, 0, 1, 0, 1, 2, 1, 1, 2, 0, 2, 2, 0, 2, 1, 1, 0, 0, 1, 1, 1, 1, 0, 0, 1, 0, 0, 2, 1, 0, 2], [0, 2, 1, 0, 1, 0, 1, 0, 1, 1, 0, 0, 1, 0, 1, 2, 1, 1, 2, 1, 2, 1, 0, 1, 2, 1, 2, 1, 1, 1, 1, 2, 0, 1, 0, 0], [2, 0, 0, 2, 0, 1, 0, 0, 1, 2, 0, 1, 2, 0, 0, 0, 1, 1, 0, 1, 2, 2, 1, 2, 2, 0, 0, 1, 0, 1, 1, 2, 0, 0, 0, 2], [2, 1, 1, 1, 1, 2, 2, 2, 2, 2, 2, 0, 1, 1, 0, 1, 2, 2, 1, 1, 0, 0, 0, 1, 0, 1, 0, 2, 2, 0, 1, 0, 2, 2, 1, 0], [1, 2, 0, 0, 2, 2, 1, 0, 0, 0, 2, 0, 1, 2, 1, 2, 2, 0, 2, 1, 1, 0, 2, 1, 0, 0, 1, 0, 1, 2, 0, 1, 1, 0, 2, 0], [0, 1, 0, 0, 0, 0, 2, 1, 1, 1, 2, 2, 1, 0, 2, 0, 2, 0, 1, 1, 0, 1, 1, 1, 0, 2, 2, 2, 1, 2, 1, 0, 1, 1, 0, 1], [0, 1, 2, 1, 0, 2, 1, 2, 1, 2, 1, 0, 2, 0, 1, 2, 2, 2, 1, 2, 0, 2, 0, 2, 0, 1, 0, 1, 1, 0, 2, 2, 2, 2, 1, 0], [1, 1, 1, 1, 0, 2, 2, 2, 2, 2, 2, 2, 1, 1, 1, 2, 1, 1, 2, 2, 2, 0, 2, 0, 0, 0, 2, 0, 0, 1, 0, 0, 1, 0, 1, 1]], "speed_zone_count": 5, "speed_zones": [[0.0, 19200.0], [19200.0, 28800.0], [28800.0, 67200.0], [67200.0, 76800.0], [76800.0, 96000.0]], "distances": [[0, 3807, 3080, 3935, 4031, 3330, 3535, 3905, 3238, 3535, 3505, 4527, 5852, 5107, 4743, 3720, 3832, 4504, 3534, 2500, 1802, 4716, 2061, 1118, 3929, 4997, 3255, 3847, 1476, 1923, 1788, 5247, 1552, 1414, 1923, 0], [4807, 1000, 2044, 1300, 1500, 2220, 2414, 2118, 5346, 5472, 8119, 9062, 9902, 9287, 8810, 1860, 5614, 9178, 7862, 6500, 4905, 8566, 6852, 5609, 4397, 9202, 4361, 3549, 5204, 6531, 3701, 10035, 5313, 4301, 2897, 4807], [4080, 2044, 1000, 2000, 2019, 1400, 1700, 1860, 4310, 4448, 7209, 8119, 9575, 8905, 8462, 1640, 4605, 8280, 7403, 5509, 4624, 7537, 6053, 4733, 3500, 8200, 3360, 2746, 4238, 5648, 2711, 9321, 4911, 3334, 2204, 4080], [4935, 1300, 2000, 1000, 1200, 2077, 2220, 1860, 5237, 5346, 8180, 9104, 10140, 9514, 9043, 1640, 5472, 9246, 8071, 6508, 5140, 8532, 6961, 5684, 4201, 9200, 4220, 3334, 5229, 6604, 3707, 10178, 5527, 4324, 3012, 4935], [5031, 1500, 2019, 1200, 1000, 2019, 2118, 1707, 5176, 5272, 8227, 9139, 10300, 9668, 9200, 1538, 5386, 9296, 8213, 6522, 5301, 8516, 7041, 5743, 4080, 9205, 4138, 3202, 5257, 6661, 3729, 10278, 5675, 4354, 3109, 5031], [4330, 2220, 1400, 2077, 2019, 1000, 1300, 1583, 4162, 4269, 7324, 8203, 9918, 9237, 8803, 1500, 4400, 8400, 7720, 5554, 4992, 7506, 6247, 4891, 3193, 8217, 3147, 2389, 4324, 5792, 2802, 9544, 5254, 3435, 2526, 4330], [4535, 2414, 1700, 2220, 2118, 1300, 1000, 1500, 4080, 4162, 7425, 8280, 10178, 9490, 9062, 1583, 4269, 8502, 7963, 5609, 5272, 7500, 6408, 5031, 2984, 8244, 3024, 2140, 4417, 5919, 2923, 9720, 5517, 3549, 2788, 4535], [4905, 2118, 1860, 1860, 1707, 1583, 1500, 1000, 4569, 4640, 7894, 8762, 10433, 9765, 9321, 1300, 4733, 8971, 8262, 6099, 5472, 8000, 6830, 5472, 3385, 8741, 3500, 2500, 4889, 6371, 3376, 10126, 5770, 4008, 3061, 4905], [4238, 5346, 4310, 5237, 5176, 4162, 4080, 4569, 1000, 1300, 5242, 5825, 9828, 9041, 8764, 4640, 1600, 6249, 7477, 3267, 5933, 4569, 4992, 3745, 2615, 5459, 2100, 3308, 2910, 4220, 3061, 8128, 5785, 2931, 4182, 4238], [4535, 5472, 4448, 5346, 5272, 4269, 4162, 4640, 1300, 1000, 5459, 6000, 10124, 9336, 9062, 4733, 1300, 6448, 7774, 3500, 6220, 4640, 5272, 4041, 2529, 5569, 2140, 3302, 3209, 4492, 3302, 8378, 6080, 3213, 4405, 4535], [4505, 8119, 7209, 8180, 8227, 7324, 7425, 7894, 5242, 5459, 1000, 2044, 6894, 6124, 6107, 7800, 5686, 2077, 4944, 2984, 5810, 3353, 2655, 3517, 6762, 2920, 6080, 7191, 4008, 2603, 5522, 4067, 5254, 4889, 6246, 4505], [5527, 9062, 8119, 9104, 9139, 8203, 8280, 8762, 5825, 6000, 2044, 1000, 7500, 6769, 6830, 8690, 6185, 1700, 5763, 3692, 6852, 3061, 3692, 4500, 7414, 2216, 6770, 7935, 4883, 3607, 6412, 4200, 6292, 5785, 7212, 5527], [6852, 9902, 9575, 10140, 10300, 9918, 10178, 10433, 9828, 10124, 6894, 7500, 1000, 1800, 2118, 10180, 10420, 6860, 3353, 8000, 6000, 9246, 6000, 7082, 10771, 8689, 10080, 10677, 7923, 6800, 8632, 4753, 5664, 8242, 8392, 6852], [6107, 9287, 8905, 9514, 9668, 9237, 9490, 9765, 9041, 9336, 6124, 6769, 1800, 1000, 1538, 9521, 9631, 6147, 2581, 7200, 5386, 8472, 5200, 6295, 10013, 7946, 9316, 9947, 7139, 6000, 7894, 4201, 5000, 7484, 7711, 6107], [5743, 8810, 8462, 9043, 9200, 8803, 9062, 9321, 8764, 9062, 6107, 6830, 2118, 1538, 1000, 9070, 9360, 6243, 2300, 7020, 4905, 8433, 5031, 6024, 9668, 7977, 8981, 9561, 6854, 5816, 7519, 4498, 4551, 7140, 7276, 5743], [4720, 1860, 1640, 1640, 1538, 1500, 1583, 1300, 4640, 4733, 7800, 8690, 10180, 9521, 9070, 1000, 4848, 8874, 8029, 6048, 5205, 8006, 6682, 5346, 3561, 8716, 3600, 2697, 4807, 6255, 3280, 9958, 5522, 3912, 2838, 4720], [4832, 5614, 4605, 5472, 5386, 4400, 4269, 4733, 1600, 1300, 5686, 6185, 10420, 9631, 9360, 4848, 1000, 6656, 8071, 3745, 6508, 4733, 5554, 4337, 2500, 5695, 2252, 3334, 3507, 4769, 3555, 8632, 6375, 3500, 4640, 4832], [5504, 9178, 8280, 9246, 9296, 8400, 8502, 8971, 6249, 6448, 2077, 1700, 6860, 6147, 6243, 8874, 6656, 1000, 5242, 4023, 6651, 3745, 3517, 4569, 7800, 2910, 7129, 8256, 5085, 3647, 6597, 3500, 6069, 5964, 7296, 5504], [4534, 7862, 7403, 8071, 8213, 7720, 7963, 8262, 7477, 7774, 4944, 5763, 3353, 2581, 2300, 8029, 8071, 5242, 1000, 5726, 4023, 7224, 3745, 4733, 8433, 6852, 7735, 8379, 5570, 4522, 6322, 4041, 3549, 5904, 6200, 4534], [3500, 6500, 5509, 6508, 6522, 5554, 5609, 6099, 3267, 3500, 2984, 3692, 8000, 7200, 7020, 6048, 3745, 4023, 5726, 1000, 5242, 3236, 3000, 2414, 4780, 3707, 4106, 5248, 2315, 2204, 3801, 5887, 4841, 3202, 4748, 3500], [2802, 4905, 4624, 5140, 5301, 4992, 5272, 5472, 5933, 6220, 5810, 6852, 6000, 5386, 4905, 5205, 6508, 6651, 4023, 5242, 1000, 7403, 4162, 3828, 6300, 7536, 5716, 5964, 4275, 4413, 4106, 6629, 1600, 4008, 3500, 2802], [5716, 8566, 7537, 8532, 8516, 7506, 7500, 8000, 4569, 4640, 3353, 3061, 9246, 8472, 8433, 8006, 4733, 3745, 7224, 3236, 7403, 1000, 4605, 4605, 6166, 2063, 5652, 6869, 4511, 4041, 5883, 6223, 6946, 5341, 6920, 5716], [3061, 6852, 6053, 6961, 7041, 6247, 6408, 6830, 4992, 5272, 2655, 3692, 6000, 5200, 5031, 6682, 5554, 3517, 3745, 3000, 4162, 4605, 1000, 2414, 6243, 4482, 5522, 6445, 3220, 1806, 4500, 4330, 3600, 3906, 4956, 3061], [2118, 5609, 4733, 5684, 5743, 4891, 5031, 5472, 3745, 4041, 3517, 4500, 7082, 6295, 6024, 5346, 4337, 4569, 4733, 2414, 3828, 4605, 2414, 1000, 4858, 4889, 4138, 5031, 1854, 1921, 3109, 5742, 3441, 2500, 3729, 2118], [4929, 4397, 3500, 4201, 4080, 3193, 2984, 3385, 2615, 2529, 6762, 7414, 10771, 10013, 9668, 3561, 2500, 7800, 8433, 4780, 6300, 6166, 6243, 4858, 1000, 7074, 1721, 1894, 4023, 5545, 3209, 9514, 6333, 3529, 3983, 4929], [5997, 9202, 8200, 9200, 9205, 8217, 8244, 8741, 5459, 5569, 2920, 2216, 8689, 7946, 7977, 8716, 5695, 2910, 6852, 3707, 7536, 2063, 4482, 4889, 7074, 1000, 6508, 7718, 5019, 4130, 6500, 5404, 7020, 5909, 7449, 5997], [4255, 4361, 3360, 4220, 4138, 3147, 3024, 3500, 2100, 2140, 6080, 6770, 10080, 9316, 8981, 3600, 2252, 7129, 7735, 4106, 5716, 5652, 5522, 4138, 1721, 6508, 1000, 2216, 3302, 4828, 2612, 8798, 5704, 2843, 3549, 4255], [4847, 3549, 2746, 3334, 3202, 2389, 2140, 2500, 3308, 3302, 7191, 7935, 10677, 9947, 9561, 2697, 3334, 8256, 8379, 5248, 5964, 6869, 6445, 5031, 1894, 7718, 2216, 1000, 4264, 5827, 3059, 9769, 6096, 3561, 3501, 4847], [2476, 5204, 4238, 5229, 5257, 4324, 4417, 4889, 2910, 3209, 4008, 4883, 7923, 7139, 6854, 4807, 3507, 5085, 5570, 2315, 4275, 4511, 3220, 1854, 4023, 5019, 3302, 4264, 1000, 2562, 2529, 6517, 4008, 1905, 3433, 2476], [2923, 6531, 5648, 6604, 6661, 5792, 5919, 6371, 4220, 4492, 2603, 3607, 6800, 6000, 5816, 6255, 4769, 3647, 4522, 2204, 4413, 4041, 1806, 1921, 5545, 4130, 4828, 5827, 2562, 1000, 3996, 4969, 3920, 3370, 4649, 2923], [2788, 3701, 2711, 3707, 3729, 2802, 2923, 3376, 3061, 3302, 5522, 6412, 8632, 7894, 7519, 3280, 3555, 6597, 6322, 3801, 4106, 5883, 4500, 3109, 3209, 6500, 2612, 3059, 2529, 3996, 1000, 7824, 4125, 1632, 2140, 2788], [6247, 10035, 9321, 10178, 10278, 9544, 9720, 10126, 8128, 8378, 4067, 4200, 4753, 4201, 4498, 9958, 8632, 3500, 4041, 5887, 6629, 6223, 4330, 5742, 9514, 5404, 8798, 9769, 6517, 4969, 7824, 1000, 6044, 7236, 8169, 6247], [2552, 5313, 4911, 5527, 5675, 5254, 5517, 5770, 5785, 6080, 5254, 6292, 5664, 5000, 4551, 5522, 6375, 6069, 3549, 4841, 1600, 6946, 3600, 3441, 6333, 7020, 5704, 6096, 4008, 3920, 4125, 6044, 1000, 3906, 3729, 2552], [2414, 4301, 3334, 4324, 4354, 3435, 3549, 4008, 2931, 3213, 4889, 5785, 8242, 7484, 7140, 3912, 3500, 5964, 5904, 3202, 4008, 5341, 3906, 2500, 3529, 5909, 2843, 3561, 1905, 3370, 1632, 7236, 3906, 1000, 2581, 2414], [2923, 2897, 2204, 3012, 3109, 2526, 2788, 3061, 4182, 4405, 6246, 7212, 8392, 7711, 7276, 2838, 4640, 7296, 6200, 4748, 3500, 6920, 4956, 3729, 3983, 7449, 3549, 3501, 3433, 4649, 2140, 8169, 3729, 2581, 1000, 2923], [0, 3807, 3080, 3935, 4031, 3330, 3535, 3905, 3238, 3535, 3505, 4527, 5852, 5107, 4743, 3720, 3832, 4504, 3534, 2500, 1802, 4716, 2061, 1118, 3929, 4997, 3255, 3847, 1476, 1923, 1788, 5247, 1552, 1414, 1923, 0]], "time_windows": [[0.0, 96000.0], [43100.0, 91100.0], [3000.0, 51000.0], [29100.0, 77100.0], [4000.0, 52000.0], [39300.0, 50200.0], [12000.0, 60000.0], [39700.0, 45700.0], [4300.0, 52300.0], [3500.0, 36600.0], [60900.0, 87200.0], [82100.0, 88100.0], [34900.0, 82900.0], [56200.0, 79900.0], [30700.0, 78700.0], [43200.0, 66500.0], [3800.0, 32200.0], [42400.0, 90400.0], [32700.0, 80700.0], [2500.0, 50500.0], [55400.0, 76700.0], [84200.0, 90200.0], [19100.0, 31000.0], [1100.0, 14000.0], [24000.0, 45100.0], [79400.0, 85400.0], [36600.0, 48300.0], [38200.0, 44200.0], [1400.0, 49400.0], [1900.0, 49900.0], [26200.0, 37700.0], [61100.0, 89700.0], [38200.0, 86200.0], [1400.0, 49400.0], [87000.0, 93000.0], [0.0, 96000.0]], "start_depot": 0, "end_depot": 35, "horizon": [0.0, 96000.0]}