{"digraph": {"vertex_count": 30, "arc_count": 812, "arcs": [[0, 1, 1, 1, 1, 1, 1, 1, 1, 1, 1, 1, 1, 1, 1, 1, 1, 1, 1, 1, 1, 1, 1, 1, 1, 1, 1, 1, 1, 1], [0, 0, 1, 1, 1, 1, 1, 1, 1, 1, 1, 1, 1, 1, 1, 1, 1, 1, 1, 1, 1, 1, 1, 1, 1, 1, 1, 1, 1, 1], [0, 1, 0, 1, 1, 1, 1, 1, 1, 1, 1, 1, 1, 1, 1, 1, 1, 1, 1, 1, 1, 1, 1, 1, 1, 1, 1, 1, 1, 1], [0, 1, 1, 0, 1, 1, 1, 1, 1, 1, 1, 1, 1, 1, 1, 1, 1, 1, 1, 1, 1, 1, 1, 1, 1, 1, 1, 1, 1, 1], [0, 1, 1, 1, 0, 1, 1, 1, 1, 1, 1, 1, 1, 1, 1, 1, 1, 1, 1, 1, 1, 1, 1, 1, 1, 1, 1, 1, 1, 1], [0, 1, 1, 1, 1, 0, 1, 1, 1, 1, 1, 1, 1, 1, 1, 1, 1, 1, 1, 1, 1, 1, 1, 1, 1, 1, 1, 1, 1, 1], [0, 1, 1, 1, 1, 1, 0, 1, 1, 1, 1, 1, 1, 1, 1, 1, 1, 1, 1, 1, 1, 1, 1, 1, 1, 1, 1, 1, 1, 1], [0, 1, 1, 1, 1, 1, 1, 0, 1, 1, 1, 1, 1, 1, 1, 1, 1, 1, 1, 1, 1, 1, 1, 1, 1, 1, 1, 1, 1, 1], [0, 1, 1, 1, 1, 1, 1, 1, 0, 1, 1, 1, 1, 1, 1, 1, 1, 1, 1, 1, 1, 1, 1, 1, 1, 1, 1, 1, 1, 1], [0, 1, 1, 1, 1, 1, 1, 1, 1, 0, 1, 1, 1, 1, 1, 1, 1, 1, 1, 1, 1, 1, 1, 1, 1, 1, 1, 1, 1, 1], [0, 1, 1, 1, 1, 1, 1, 1, 1, 1, 0, 1, 1, 1, 1, 1, 1, 1, 1, 1, 1, 1, 1, 1, 1, 1, 1, 1, 1, 1], [0, 1, 1, 1, 1, 1, 1, 1, 1, 1, 1, 0, 1, 1, 1, 1, 1, 1, 1, 1, 1, 1, 1, 1, 1, 1, 1, 1, 1, 1], [0, 1, 1, 1, 1, 1, 1, 1, 1, 1, 1, 1, 0, 1, 1, 1, 1, 1, 1, 1, 1, 1, 1, 1, 1, 1, 1, 1, 1, 1], [0, 1, 1, 1, 1, 1, 1, 1, 1, 1, 1, 1, 1, 0, 1, 1, 1, 1, 1, 1, 1, 1, 1, 1, 1, 1, 1, 1, 1, 1], [0, 1, 1, 1, 1, 1, 1, 1, 1, 1, 1, 1, 1, 1, 0, 1, 1, 1, 1, 1, 1, 1, 1, 1, 1, 1, 1, 1, 1, 1], [0, 1, 1, 1, 1, 1, 1, 1, 1, 1, 1, 1, 1, 1, 1, 0, 1, 1, 1, 1, 1, 1, 1, 1, 1, 1, 1, 1, 1, 1], [0, 1, 1, 1, 1, 1, 1, 1, 1, 1, 1, 1, 1, 1, 1, 1, 0, 1, 1, 1, 1, 1, 1, 1, 1, 1, 1, 1, 1, 1], [0, 1, 1, 1, 1, 1, 1, 1, 1, 1, 1, 1, 1, 1, 1, 1, 1, 0, 1, 1, 1, 1, 1, 1, 1, 1, 1, 1, 1, 1], [0, 1, 1, 1, 1, 1, 1, 1, 1, 1, 1, 1, 1, 1, 1, 1, 1, 1, 0, 1, 1, 1, 1, 1, 1, 1, 1, 1, 1, 1], [0, 1, 1, 1, 1, 1, 1, 1, 1, 1, 1, 1, 1, 1, 1, 1, 1, 1, 1, 0, 1, 1, 1, 1, 1, 1, 1, 1, 1, 1], [0, 1, 1, 1, 1, 1, 1, 1, 1, 1, 1, 1, 1, 1, 1, 1, 1, 1, 1, 1, 0, 1, 1, 1, 1, 1, 1, 1, 1, 1], [0, 1, 1, 1, 1, 1, 1, 1, 1, 1, 1, 1, 1, 1, 1, 1, 1, 1, 1, 1, 1, 0, 1, 1, 1, 1, 1, 1, 1, 1], [0, 1, 1, 1, 1, 1, 1, 1, 1, 1, 1, 1, 1, 1, 1, 1, 1, 1, 1, 1, 1, 1, 0, 1, 1, 1, 1, 1, 1, 1], [0, 1, 1, 1, 1, 1, 1, 1, 1, 1, 1, 1, 1, 1, 1, 1, 1, 1, 1, 1, 1, 1, 1, 0, 1, 1, 1, 1, 1, 1], [0, 1, 1, 1, 1, 1, 1, 1, 1, 1, 1, 1, 1, 1, 1, 1, 1, 1, 1, 1, 1, 1, 1, 1, 0, 1, 1, 1, 1, 1], [0, 1, 1, 1, 1, 1, 1, 1, 1, 1, 1, 1, 1, 1, 1, 1, 1, 1, 1, 1, 1, 1, 1, 1, 1, 0, 1, 1, 1, 1], [0, 1, 1, 1, 1, 1, 1, 1, 1, 1, 1, 1, 1, 1, 1, 1, 1, 1, 1, 1, 1, 1, 1, 1, 1, 1, 0, 1, 1, 1], [0, 1, 1, 1, 1, 1, 1, 1, 1, 1, 1, 1, 1, 1, 1, 1, 1, 1, 1, 1, 1, 1, 1, 1, 1, 1, 1, 0, 1, 1], [0, 1, 1, 1, 1, 1, 1, 1, 1, 1, 1, 1, 1, 1, 1, 1, 1, 1, 1, 1, 1, 1, 1, 1, 1, 1, 1, 1, 0, 1], [0, 0, 0, 0, 0, 0, 0, 0, 0, 0, 0, 0, 0, 0, 0, 0, 0, 0, 0, 0, 0, 0, 0, 0, 0, 0, 0, 0, 0, 0]], "coordinates": [[40.0, 50.0], [95.0, 35.0], [90.0, 35.0], [88.0, 35.0], [85.0, 25.0], [67.0, 85.0], [65.0, 85.0], [65.0, 82.0], [62.0, 80.0], [60.0, 80.0], [60.0, 85.0], [58.0, 75.0], [55.0, 80.0], [55.0, 85.0], [55.0, 82.0], [55.0, 60.0], [45.0, 65.0], [65.0, 35.0], [45.0, 30.0], [35.0, 40.0], [65.0, 55.0], [63.0, 65.0], [47.0, 47.0], [49.0, 58.0], [37.0, 31.0], [37.0, 47.0], [61.0, 52.0], [57.0, 48.0], [55.0, 54.0], [40.0, 50.0]]}, "cluster_count": 3, "cluster_speeds": [[1.5, 1.0, 1.67, 1.17, 1.33], [1.17, 0.67, 1.33, 0.83, 1.0], [1.0, 0.33, 0.67, 0.5, 0.83]], "clusters": [[2, 2, 2, 0, 1, 0, 2, 1, 2, 0, 1, 1, 2, 2, 2, 1, 2, 1, 1, 0, 2, 0, 0, 0, 1, 1, 2, 1, 0, 2], [1, 0, 2, 2, 2, 2, 2, 0, 1, 2, 0, 0, 1, 0, 0, 0, 0, 2, 2, 1, 0, 2, 2, 1, 1, 1, 1, 1, 0, 2], [2, 1, 2, 0, 0, 0, 0, 1, 1, 0, 1, 0, 0, 2, 0, 2, 0, 0, 0, 2, 1, 2, 2, 1, 1, 2, 1, 2, 1, 1], [1, 1, 2, 1, 1, 0, 2, 1, 2, 2, 2, 2, 1, 0, 1, 0, 2, 1, 0, 0, 1, 0, 1, 1, 1, 0, 0, 0, 2, 2], [0, 2, 0, 1, 2, 2, 2, 2, 2, 0, 0, 2, 2, 1, 0, 2, 1, 0, 0, 2, 0, 1, 1, 2, 0, 1, 2, 1, 2, 1], [2, 2, 0, 1, 2, 1, 0, 0, 2, 2, 0, 1, 1, 1, 1, 1, 0, 1, 2, 0, 1, 2, 2, 0, 2, 2, 0, 1, 1, 1], [2, 1, 2, 0, 1, 2, 1, 1, 1, 1, 2, 2, 1, 0, 2, 1, 0, 1, 1, 0, 2, 1, 0, 0, 1, 0, 2, 2, 0, 2], [1, 2, 0, 0, 1, 2, 0, 0, 1, 0, 0, 1, 1, 0, 0, 0, 1, 1, 1, 1, 2, 0, 2, 1, 2, 0, 1, 2, 2, 2], [0, 0, 2, 2, 1, 1, 1, 2, 0, 1, 0, 2, 2, 1, 1, 1, 1, 1, 0, 2, 0, 2, 2, 1, 1, 0, 1, 1, 2, 2], [1, 2, 0, 0, 0, 1, 0, 0, 0, 2, 1, 1, 2, 0, 2, 0, 0, 1, 0, 1, 2, 2, 2, 0, 2, 0, 1, 2, 1, 2], [2, 2, 1, 1, 1, 1, 0, 0, 2, 2, 1, 1, 2, 1, 1, 1, 0, 0, 0, 1, 0, 1, 0, 1, 1, 0, 0, 2, 0, 2], [2, 2, 0, 2, 1, 2, 2, 0, 0, 1, 1, 0, 2, 0, 0, 2, 0, 0, 1, 1, 2, 1, 0, 1, 1, 1, 0, 1, 2, 1], [1, 0, 1, 0, 0, 2, 1, 2, 2, 1, 2, 2, 2, 2, 2, 2, 1, 1, 0, 0, 1, 1, 0, 2, 2, 0, 2, 1, 2, 2], [1, 0, 1, 2, 0, 2, 2, 0, 0, 1, 2, 2, 1, 0, 0, 2, 0, 1, 2, 0, 0, 0, 1, 2, 1, 2, 2, 0, 2, 1], [1, 0, 1, 0, 1, 2, 1, 0, 1, 1, 2, 2, 2, 0, 1, 0, 0, 2, 0, 2, 1, 1, 0, 1, 1, 1, 1, 1, 1, 1], [1, 2, 1, 0, 0, 1, 0, 1, 1, 2, 2, 2, 2, 2, 2, 2, 1, 2, 2, 2, 2, 2, 2, 2, 2, 2, 1, 2, 1, 0], [1, 2, 2, 1, 1, 0, 0, 0, 2, 0, 2, 1, 2, 2, 0, 1, 2, 2, 0, 0, 0, 1, 1, 0, 1, 0, 0, 0, 1, 2], [2, 0, 1, 0, 2, 0, 2, 1, 1, 2, 2, 2, 1, 2, 1, 0, 0, 0, 2, 1, 2, 1, 0, 1, 0, 1, 0, 2, 2, 2], [0, 0, 0, 1, 2, 0, 0, 1, 1, 0, 1, 0, 0, 0, 2, 0, 0, 1, 0, 1, 1, 0, 0, 2, 1, 0, 0, 0, 1, 2], [0, 0, 2, 1, 0, 0, 2, 2, 1, 0, 1, 2, 2, 2, 0, 0, 2, 1, 2, 2, 0, 1, 2, 0, 1, 2, 0, 0, 1, 0], [2, 0, 2, 2, 2, 1, 1, 2, 0, 0, 0, 0, 1, 1, 2, 2, 1, 0, 1, 0, 2, 0, 1, 0, 0, 2, 0, 0, 2, 0], [0, 1, 0, 0, 2, 0, 2, 1, 0, 1, 0, 0, 0, 0, 0, 1, 0, 2, 1, 0, 2, 0, 1, 2, 2, 2, 0, 2, 0, 0], [0, 1, 0, 2, 1, 0, 1, 2, 2, 2, 0, 2, 2, 2, 0, 0, 1, 1, 2, 1, 2, 1, 2, 2, 0, 2, 2, 1, 0, 1], [1, 0, 2, 1, 2, 0, 0, 0, 1, 2, 2, 0, 0, 2, 2, 0, 1, 2, 0, 1, 2, 1, 0, 2, 0, 1, 2, 1, 2, 0], [1, 1, 1, 1, 1, 0, 0, 0, 1, 0, 0, 0, 2, 0, 0, 0, 2, 2, 2, 0, 2, 1, 0, 2, 0, 1, 1, 2, 0, 1], [0, 1, 1, 1, 1, 2, 0, 0, 0, 0, 0, 2, 1, 1, 2, 2, 1, 0, 1, 0, 2, 1, 2, 0, 1, 1, 1, 2, 0, 2], [1, 2, 2, 1, 1, 1, 0, 2, 0, 1, 2, 2, 0, 0, 2, 2, 1, 1, 0, 2, 2, 0, 1, 2, 1, 2, 1, 0, 2, 1], [0, 1, 2, 0, 0, 2, 0, 0, 1, 0, 2, 1, 1, 0, 0, 2, 1, 0, 2, 2, 2, 1, 0, 0, 2, 2, 2, 0, 2, 1], [2, 2, 1, 0, 1, 0, 1, 1, 2, 0, 1, 0, 1, 1, 1, 2, 2, 1, 2, 0, 1, 1, 2, 2, 1, 2, 1, 1, 0, 0], [2, 1, 1, 1, 0, 2, 0, 1, 2, 0, 0, 0, 0, 1, 0, 1, 2, 0, 1, 1, 0, 2, 2, 0, 1, 1, 1, 0, 1, 1]], "speed_zone_count": 5, "speed_zones": [[0.0, 19200.0], [19200.0, 28800.0], [28800.0, 67200.0], [67200.0, 76800.0], [76800.0, 96000.0]], "distances": [[0, 5700, 5220, 5028, 5147, 4420, 4301, 4060, 3720, 3605, 4031, 3080, 3354, 3807, 3534, 1802, 1581, 2915, 2061, 1118, 2549, 2745, 761, 1204, 1923, 424, 2109, 1711, 1552, 0], [6700, 1000, 1500, 1700, 2414, 6730, 6830, 6575, 6580, 6700, 7103, 6448, 7020, 7403, 7171, 5716, 6830, 4000, 6024, 7020, 4605, 5386, 5947, 6142, 6813, 6922, 4801, 5016, 5428, 6700], [6220, 1500, 1000, 1200, 2118, 6503, 6590, 6323, 6300, 6408, 6830, 6122, 6700, 7103, 6860, 5301, 6408, 3500, 5527, 6522, 4201, 5036, 5464, 5701, 6315, 6434, 4361, 4546, 4982, 6220], [6028, 1700, 1200, 1000, 2044, 6423, 6503, 6232, 6197, 6300, 6730, 6000, 6580, 6990, 6742, 5140, 6243, 3300, 5328, 6323, 4047, 4905, 5272, 5527, 6115, 6239, 4190, 4361, 4807, 6028], [6147, 2414, 2118, 2044, 1000, 7264, 7324, 7040, 6961, 7041, 7500, 6682, 7264, 7708, 7441, 5609, 6656, 3236, 5031, 6220, 4605, 5565, 5390, 5883, 5837, 6280, 4612, 4623, 5172, 6147], [5420, 6730, 6503, 6423, 7264, 1000, 1200, 1360, 1707, 1860, 1700, 2345, 2300, 2200, 2236, 3773, 3973, 6003, 6923, 6521, 4006, 3039, 5294, 4244, 7177, 5841, 4354, 4832, 4324, 5420], [5301, 6830, 6590, 6503, 7324, 1200, 1000, 1300, 1583, 1707, 1500, 2220, 2118, 2000, 2044, 3692, 3828, 6000, 6852, 6408, 4000, 3009, 5204, 4138, 7082, 5720, 4324, 4785, 4257, 5301], [5060, 6575, 6323, 6232, 7040, 1360, 1300, 1000, 1360, 1538, 1583, 1989, 2019, 2044, 2000, 3416, 3624, 5700, 6571, 6161, 3700, 2711, 4935, 3884, 6818, 5482, 4026, 4492, 3973, 5060], [4720, 6580, 6300, 6197, 6961, 1707, 1583, 1360, 1000, 1200, 1538, 1640, 1700, 1860, 1728, 3118, 3267, 5509, 6281, 5825, 3517, 2503, 4624, 3555, 6500, 5140, 3801, 4238, 3692, 4720], [4605, 6700, 6408, 6300, 7041, 1860, 1707, 1538, 1200, 1000, 1500, 1538, 1500, 1707, 1538, 3061, 3121, 5527, 6220, 5716, 3549, 2529, 4546, 3459, 6412, 5022, 3801, 4214, 3647, 4605], [5031, 7103, 6830, 6730, 7500, 1700, 1500, 1583, 1538, 1500, 1000, 2019, 1707, 1500, 1583, 3549, 3500, 6024, 6700, 6147, 4041, 3022, 5016, 3915, 6869, 5441, 4301, 4712, 4140, 5031], [4080, 6448, 6122, 6000, 6682, 2345, 2220, 1989, 1640, 1538, 2019, 1000, 1583, 2044, 1761, 2529, 2640, 5060, 5684, 5188, 3118, 2118, 4008, 2923, 5875, 4500, 3319, 3701, 3121, 4080], [4354, 7020, 6700, 6580, 7264, 2300, 2118, 2019, 1700, 1500, 1707, 1583, 1000, 1500, 1200, 3000, 2802, 5609, 6099, 5472, 3692, 2700, 4395, 3280, 6220, 4758, 3863, 4206, 3600, 4354], [4807, 7403, 7103, 6990, 7708, 2200, 2000, 2044, 1860, 1707, 1500, 2044, 1500, 1000, 1300, 3500, 3236, 6099, 6590, 5924, 4162, 3154, 4883, 3765, 6692, 5204, 4354, 4705, 4100, 4807], [4534, 7171, 6860, 6742, 7441, 2236, 2044, 2000, 1728, 1538, 1583, 1761, 1200, 1300, 1000, 3200, 2972, 5805, 6295, 5651, 3879, 2878, 4590, 3473, 6408, 4935, 4059, 4405, 3800, 4534], [2802, 5716, 5301, 5140, 5609, 3773, 3692, 3416, 3118, 3061, 3549, 2529, 3000, 3500, 3200, 1000, 2118, 3692, 4162, 3828, 2118, 1943, 2526, 1632, 4413, 3220, 2000, 2216, 1600, 2802], [2581, 6830, 6408, 6243, 6656, 3973, 3828, 3624, 3267, 3121, 3500, 2640, 2802, 3236, 2972, 2118, 1000, 4605, 4500, 3692, 3236, 2800, 2811, 1806, 4492, 2969, 3061, 3080, 2486, 2581], [3915, 4000, 3500, 3300, 3236, 6003, 6000, 5700, 5509, 5527, 6024, 5060, 5609, 6099, 5805, 3692, 4605, 1000, 3061, 4041, 3000, 4006, 3163, 3801, 3828, 4046, 2746, 2526, 3147, 3915], [3061, 6024, 5527, 5328, 5031, 6923, 6852, 6571, 6281, 6220, 6700, 5684, 6099, 6590, 6295, 4162, 4500, 3061, 1000, 2414, 4201, 4935, 2711, 3828, 1806, 2878, 3720, 3163, 3600, 3061], [2118, 7020, 6522, 6323, 6220, 6521, 6408, 6161, 5825, 5716, 6147, 5188, 5472, 5924, 5651, 3828, 3692, 4041, 2414, 1000, 4354, 4753, 2389, 3280, 1921, 1728, 3863, 3340, 3441, 2118], [3549, 4605, 4201, 4047, 4605, 4006, 4000, 3700, 3517, 3549, 4041, 3118, 3692, 4162, 3879, 2118, 3236, 3000, 4201, 4354, 1000, 2019, 2969, 2627, 4687, 3912, 1500, 2063, 2004, 3549], [3745, 5386, 5036, 4905, 5565, 3039, 3009, 2711, 2503, 2529, 3022, 2118, 2700, 3154, 2878, 1943, 2800, 4006, 4935, 4753, 2019, 1000, 3408, 2565, 5280, 4162, 2315, 2802, 2360, 3745], [1761, 5947, 5464, 5272, 5390, 5294, 5204, 4935, 4624, 4546, 5016, 4008, 4395, 4883, 4590, 2526, 2811, 3163, 2711, 2389, 2969, 3408, 1000, 2118, 2886, 2000, 2486, 2004, 2063, 1761], [2204, 6142, 5701, 5527, 5883, 4244, 4138, 3884, 3555, 3459, 3915, 2923, 3280, 3765, 3473, 1632, 1806, 3801, 3828, 3280, 2627, 2565, 2118, 1000, 3954, 2627, 2341, 2280, 1721, 2204], [2923, 6813, 6315, 6115, 5837, 7177, 7082, 6818, 6500, 6412, 6869, 5875, 6220, 6692, 6408, 4413, 4492, 3828, 1806, 1921, 4687, 5280, 2886, 3954, 1000, 2600, 4189, 3624, 3920, 2923], [1424, 6922, 6434, 6239, 6280, 5841, 5720, 5482, 5140, 5022, 5441, 4500, 4758, 5204, 4935, 3220, 2969, 4046, 2878, 1728, 3912, 4162, 2000, 2627, 2600, 1000, 3451, 3002, 2931, 1424], [3109, 4801, 4361, 4190, 4612, 4354, 4324, 4026, 3801, 3801, 4301, 3319, 3863, 4354, 4059, 2000, 3061, 2746, 3720, 3863, 1500, 2315, 2486, 2341, 4189, 3451, 1000, 1565, 1632, 3109], [2711, 5016, 4546, 4361, 4623, 4832, 4785, 4492, 4238, 4214, 4712, 3701, 4206, 4705, 4405, 2216, 3080, 2526, 3163, 3340, 2063, 2802, 2004, 2280, 3624, 3002, 1565, 1000, 1632, 2711], [2552, 5428, 4982, 4807, 5172, 4324, 4257, 3973, 3692, 3647, 4140, 3121, 3600, 4100, 3800, 1600, 2486, 3147, 3600, 3441, 2004, 2360, 2063, 1721, 3920, 2931, 1632, 1632, 1000, 2552], [0, 5700, 5220, 5028, 5147, 4420, 4301, 4060, 3720, 3605, 4031, 3080, 3354, 3807, 3534, 1802, 1581, 2915, 2061, 1118, 2549, 2745, 761, 1204, 1923, 424, 2109, 1711, 1552, 0]], "time_windows": [[0.0, 96000.0], [5700.0, 60000.0], [5200.0, 53600.0], [5000.0, 53400.0], [5100.0, 60200.0], [41000.0, 90500.0], [4300.0, 61700.0], [41000.0, 82300.0], [11400.0, 56100.0], [3600.0, 65800.0], [19100.0, 58600.0], [20100.0, 67000.0], [3300.0, 56800.0], [42900.0, 83800.0], [4900.0, 50400.0], [44800.0, 87300.0], [11000.0, 52500.0], [2900.0, 54800.0], [2000.0, 49800.0], [1100.0, 53000.0], [8100.0, 52000.0], [2700.0, 62200.0], [44400.0, 94200.0], [24900.0, 58000.0], [1900.0, 56600.0], [20400.0, 63300.0], [37300.0, 92800.0], [26500.0, 63800.0], [41800.0, 82500.0], [0.0, 96000.0]], "start_depot": 0, "end_depot": 29, "horizon": [0.0, 96000.0]}