{"digraph": {"vertex_count": 26, "arc_count": 300, "arcs": [[0, 1, 1, 1, 1, 1, 1, 1, 1, 1, 1, 1, 1, 1, 1, 1, 1, 1, 1, 1, 1, 1, 1, 1, 1, 1], [0, 0, 1, 1, 1, 1, 1, 1, 1, 1, 1, 1, 1, 1, 1, 1, 1, 1, 1, 1, 1, 1, 1, 1, 1, 1], [0, 1, 0, 1, 1, 1, 1, 1, 1, 1, 1, 1, 1, 1, 1, 1, 1, 1, 1, 1, 1, 1, 1, 1, 1, 1], [0, 1, 1, 0, 1, 1, 1, 1, 1, 1, 1, 1, 1, 1, 1, 1, 1, 1, 1, 1, 1, 1, 1, 1, 1, 1], [0, 1, 1, 1, 0, 1, 1, 1, 1, 1, 1, 1, 1, 1, 1, 1, 1, 1, 1, 1, 1, 1, 1, 1, 1, 1], [0, 1, 1, 1, 1, 0, 1, 1, 1, 1, 1, 1, 1, 1, 1, 1, 1, 1, 1, 1, 1, 1, 1, 1, 1, 1], [0, 1, 1, 1, 1, 1, 0, 1, 1, 1, 1, 1, 1, 1, 1, 1, 1, 1, 1, 1, 1, 1, 1, 1, 1, 1], [0, 1, 1, 1, 1, 1, 1, 0, 1, 1, 1, 1, 1, 1, 1, 1, 1, 1, 1, 1, 1, 1, 1, 1, 1, 1], [0, 1, 1, 1, 1, 1, 1, 1, 0, 1, 1, 1, 1, 1, 1, 1, 1, 1, 1, 1, 1, 1, 1, 1, 1, 1], [0, 1, 1, 1, 1, 1, 1, 1, 1, 0, 1, 1, 1, 1, 1, 1, 1, 1, 1, 1, 1, 1, 1, 1, 1, 1], [0, 1, 1, 1, 1, 1, 1, 1, 1, 1, 0, 1, 1, 1, 1, 1, 1, 1, 1, 1, 1, 1, 1, 1, 1, 1], [0, 1, 1, 1, 1, 1, 1, 1, 1, 1, 1, 0, 1, 1, 1, 1, 1, 1, 1, 1, 1, 1, 1, 1, 1, 1], [0, 1, 1, 1, 1, 1, 1, 1, 1, 1, 1, 1, 0, 1, 1, 1, 1, 1, 1, 1, 1, 1, 1, 1, 1, 1], [0, 1, 1, 1, 1, 1, 1, 1, 1, 1, 1, 1, 1, 0, 1, 1, 1, 1, 1, 1, 1, 1, 1, 1, 1, 1], [0, 1, 1, 1, 1, 1, 1, 1, 1, 1, 1, 1, 1, 1, 0, 1, 1, 1, 1, 1, 1, 1, 1, 1, 1, 1], [0, 1, 1, 1, 1, 1, 1, 1, 1, 1, 1, 1, 1, 1, 1, 0, 1, 1, 1, 1, 1, 1, 1, 1, 1, 1], [0, 1, 1, 1, 1, 1, 1, 1, 1, 1, 1, 1, 1, 1, 1, 1, 0, 1, 1, 1, 1, 1, 1, 1, 1, 1], [0, 1, 1, 1, 1, 1, 1, 1, 1, 1, 1, 1, 1, 1, 1, 1, 1, 0, 1, 1, 1, 1, 1, 1, 1, 1], [0, 1, 1, 1, 1, 1, 1, 1, 1, 1, 1, 1, 1, 1, 1, 1, 1, 1, 0, 1, 1, 1, 1, 1, 1, 1], [0, 1, 1, 1, 1, 1, 1, 1, 1, 1, 1, 1, 1, 1, 1, 1, 1, 1, 1, 0, 1, 1, 1, 1, 1, 1], [0, 1, 1, 1, 1, 1, 1, 1, 1, 1, 1, 1, 1, 1, 1, 1, 1, 1, 1, 1, 0, 1, 1, 1, 1, 1], [0, 1, 1, 1, 1, 1, 1, 1, 1, 1, 1, 1, 1, 1, 1, 1, 1, 1, 1, 1, 1, 0, 1, 1, 1, 1], [0, 1, 1, 1, 1, 1, 1, 1, 1, 1, 1, 1, 1, 1, 1, 1, 1, 1, 1, 1, 1, 1, 0, 1, 1, 1], [0, 1, 1, 1, 1, 1, 1, 1, 1, 1, 1, 1, 1, 1, 1, 1, 1, 1, 1, 1, 1, 1, 1, 0, 1, 1], [0, 1, 1, 1, 1, 1, 1, 1, 1, 1, 1, 1, 1, 1, 1, 1, 1, 1, 1, 1, 1, 1, 1, 1, 0, 1], [0, 0, 0, 0, 0, 0, 0, 0, 0, 0, 0, 0, 0, 0, 0, 0, 0, 0, 0, 0, 0, 0, 0, 0, 0, 0]], "coordinates": [[40.0, 50.0], [95.0, 30.0], [95.0, 35.0], [92.0, 30.0], [90.0, 35.0], [88.0, 30.0], [88.0, 35.0], [87.0, 30.0], [85.0, 25.0], [85.0, 35.0], [62.0, 80.0], [60.0, 85.0], [58.0, 75.0], [55.0, 82.0], [72.0, 35.0], [50.0, 35.0], [45.0, 65.0], [65.0, 35.0], [65.0, 20.0], [41.0, 37.0], [64.0, 42.0], [65.0, 55.0], [63.0, 65.0], [49.0, 58.0], [57.0, 48.0], [40.0, 50.0]]}, "cluster_count": 3, "cluster_speeds": [[1.5, 1.0, 1.67, 1.17, 1.33], [1.17, 0.67, 1.33, 0.83, 1.0], [1.0, 0.33, 0.67, 0.5, 0.83]], "clusters": [[0, 1, 2, 2, 1, 2, 2, 1, 0, 2, 0, 1, 2, 1, 0, 2, 0, 0, 1, 0, 2, 1, 1, 1, 2, 2], [1, 0, 2, 0, 1, 1, 1, 1, 0, 1, 2, 0, 0, 0, 1, 2, 0, 0, 2, 2, 0, 2, 0, 2, 0, 1], [1, 2, 1, 0, 1, 0, 0, 0, 0, 2, 2, 2, 0, 2, 2, 1, 1, 1, 2, 0, 1, 2, 2, 2, 1, 2], [0, 0, 0, 2, 0, 2, 1, 1, 0, 0, 2, 1, 2, 1, 1, 0, 2, 1, 0, 1, 1, 2, 2, 2, 0, 1], [0, 2, 2, 1, 0, 2, 1, 2, 2, 0, 2, 2, 1, 1, 1, 0, 1, 2, 0, 1, 2, 2, 1, 2, 2, 2], [1, 2, 2, 2, 0, 1, 0, 2, 1, 2, 0, 1, 2, 1, 2, 2, 0, 1, 0, 0, 2, 0, 2, 0, 1, 0], [1, 0, 1, 0, 2, 1, 1, 1, 0, 0, 2, 1, 1, 2, 1, 2, 1, 0, 0, 2, 0, 1, 0, 0, 0, 2], [2, 1, 1, 1, 2, 1, 0, 2, 2, 1, 1, 0, 2, 2, 2, 2, 1, 2, 0, 1, 2, 1, 1, 2, 2, 1], [1, 2, 1, 1, 0, 0, 0, 0, 0, 0, 2, 1, 2, 1, 2, 1, 1, 2, 1, 2, 0, 1, 0, 0, 1, 1], [2, 2, 1, 1, 0, 0, 0, 0, 2, 1, 0, 0, 2, 2, 0, 1, 0, 2, 1, 0, 2, 2, 0, 2, 0, 0], [1, 1, 1, 1, 2, 0, 1, 2, 1, 0, 0, 0, 2, 0, 2, 0, 0, 1, 1, 2, 1, 0, 0, 1, 1, 2], [2, 0, 0, 0, 0, 0, 2, 0, 2, 0, 1, 1, 2, 2, 2, 1, 1, 1, 0, 1, 0, 2, 0, 2, 0, 0], [0, 1, 0, 0, 2, 0, 0, 0, 2, 2, 1, 1, 2, 1, 0, 2, 2, 0, 0, 2, 2, 1, 0, 2, 2, 0], [0, 0, 0, 2, 1, 2, 1, 0, 1, 1, 0, 0, 1, 0, 2, 1, 2, 0, 1, 1, 2, 1, 2, 2, 1, 0], [1, 2, 2, 0, 0, 0, 0, 1, 2, 2, 2, 2, 2, 1, 1, 1, 0, 0, 0, 1, 0, 0, 0, 1, 0, 1], [2, 1, 1, 1, 1, 2, 1, 0, 2, 1, 0, 2, 2, 1, 0, 1, 1, 1, 1, 1, 1, 0, 2, 2, 0, 1], [2, 2, 0, 2, 1, 2, 2, 0, 2, 1, 0, 0, 1, 2, 0, 1, 2, 1, 1, 1, 0, 2, 0, 1, 0, 1], [2, 1, 0, 0, 2, 2, 2, 2, 2, 1, 0, 0, 1, 0, 0, 1, 1, 2, 2, 1, 1, 1, 2, 2, 2, 1], [0, 0, 0, 0, 1, 0, 0, 2, 1, 1, 1, 1, 1, 0, 1, 0, 1, 2, 2, 1, 2, 0, 2, 1, 1, 1], [1, 1, 0, 1, 1, 1, 1, 2, 0, 0, 1, 2, 1, 2, 2, 0, 1, 0, 1, 1, 2, 2, 0, 1, 1, 1], [1, 0, 2, 1, 1, 2, 2, 2, 1, 0, 0, 1, 0, 2, 2, 2, 0, 1, 0, 0, 2, 0, 0, 2, 2, 0], [2, 0, 2, 0, 1, 2, 0, 1, 0, 1, 1, 1, 1, 1, 1, 1, 0, 1, 2, 0, 1, 1, 2, 0, 0, 1], [0, 0, 1, 1, 0, 0, 0, 1, 0, 1, 2, 0, 2, 1, 0, 0, 2, 2, 0, 1, 1, 1, 0, 1, 1, 1], [1, 0, 2, 2, 0, 0, 2, 2, 1, 1, 2, 2, 2, 2, 0, 1, 0, 2, 1, 1, 2, 1, 1, 1, 1, 2], [0, 0, 0, 0, 2, 2, 1, 1, 1, 1, 0, 1, 0, 2, 0, 1, 0, 0, 2, 1, 1, 2, 0, 1, 1, 0], [1, 0, 1, 2, 1, 0, 0, 1, 2, 0, 0, 1, 0, 2, 2, 1, 2, 2, 0, 0, 0, 2, 1, 1, 2, 1]], "speed_zone_count": 5, "speed_zones": [[0.0, 192.0], [192.0, 288.0], [288.0, 672.0], [672.0, 768.0], [768.0, 960.0]], "distances": [[0, 58, 56, 55, 51, 51, 50, 50, 51, 47, 36, 40, 30, 34, 35, 18, 15, 29, 39, 13, 25, 25, 27, 12, 17, 0], [58, 0, 5, 3, 7, 7, 8, 8, 11, 11, 59, 64, 58, 65, 23, 45, 60, 30, 31, 54, 33, 38, 47, 53, 41, 58], [56, 5, 0, 5, 5, 8, 7, 9, 13, 10, 55, 60, 54, 61, 23, 45, 58, 30, 33, 54, 31, 36, 43, 51, 40, 56], [55, 3, 5, 0, 5, 4, 6, 5, 8, 8, 57, 62, 56, 63, 20, 42, 58, 27, 28, 51, 30, 36, 45, 50, 38, 55], [51, 7, 5, 5, 0, 5, 2, 5, 10, 5, 53, 58, 51, 58, 18, 40, 54, 25, 29, 49, 26, 32, 40, 47, 35, 51], [51, 7, 8, 4, 5, 0, 5, 1, 5, 5, 55, 60, 53, 60, 16, 38, 55, 23, 25, 47, 26, 33, 42, 47, 35, 51], [50, 8, 7, 6, 2, 5, 0, 5, 10, 3, 51, 56, 50, 57, 16, 38, 52, 23, 27, 47, 25, 30, 39, 45, 33, 50], [50, 8, 9, 5, 5, 1, 5, 0, 5, 5, 55, 60, 53, 60, 15, 37, 54, 22, 24, 46, 25, 33, 42, 46, 34, 50], [51, 11, 13, 8, 10, 5, 10, 5, 0, 10, 59, 64, 56, 63, 16, 36, 56, 22, 20, 45, 26, 36, 45, 47, 35, 51], [47, 11, 10, 8, 5, 5, 3, 5, 10, 0, 50, 55, 48, 55, 13, 35, 50, 20, 25, 44, 22, 28, 37, 42, 30, 47], [36, 59, 55, 57, 53, 55, 51, 55, 59, 50, 0, 5, 6, 7, 46, 46, 22, 45, 60, 47, 38, 25, 15, 25, 32, 36], [40, 64, 60, 62, 58, 60, 56, 60, 64, 55, 5, 0, 10, 5, 51, 50, 24, 50, 65, 51, 43, 30, 20, 29, 37, 39], [30, 58, 54, 56, 51, 53, 50, 53, 56, 48, 6, 10, 0, 7, 42, 40, 16, 40, 55, 41, 33, 21, 11, 19, 27, 30], [34, 65, 61, 63, 58, 60, 57, 60, 63, 55, 7, 5, 7, 0, 49, 47, 19, 47, 62, 46, 40, 28, 18, 24, 34, 34], [35, 23, 23, 20, 18, 16, 16, 15, 16, 13, 46, 51, 42, 49, 0, 22, 39, 7, 16, 31, 10, 21, 31, 31, 19, 35], [18, 45, 45, 42, 40, 38, 38, 37, 36, 35, 46, 50, 40, 47, 22, 0, 30, 15, 21, 9, 15, 24, 32, 23, 14, 18], [15, 60, 58, 58, 54, 55, 52, 54, 56, 50, 22, 24, 16, 19, 39, 30, 0, 35, 49, 28, 29, 22, 18, 8, 20, 15], [29, 30, 30, 27, 25, 23, 23, 22, 22, 20, 45, 50, 40, 47, 7, 15, 35, 0, 15, 24, 7, 20, 30, 27, 15, 29], [39, 31, 33, 28, 29, 25, 27, 24, 20, 25, 60, 65, 55, 62, 16, 21, 49, 15, 0, 29, 22, 35, 45, 41, 29, 39], [13, 54, 54, 51, 49, 47, 47, 46, 45, 44, 47, 51, 41, 46, 31, 9, 28, 24, 29, 0, 23, 29, 35, 22, 19, 13], [25, 33, 31, 30, 26, 26, 25, 25, 26, 22, 38, 43, 33, 40, 10, 15, 29, 7, 22, 23, 0, 13, 23, 21, 9, 25], [25, 38, 36, 36, 32, 33, 30, 33, 36, 28, 25, 30, 21, 28, 21, 24, 22, 20, 35, 29, 13, 0, 10, 16, 10, 25], [27, 47, 43, 45, 40, 42, 39, 42, 45, 37, 15, 20, 11, 18, 31, 32, 18, 30, 45, 35, 23, 10, 0, 15, 18, 27], [12, 53, 51, 50, 47, 47, 45, 46, 47, 42, 25, 29, 19, 24, 31, 23, 8, 27, 41, 22, 21, 16, 15, 0, 12, 12], [17, 41, 40, 38, 35, 35, 33, 34, 35, 30, 32, 37, 27, 34, 19, 14, 20, 15, 29, 19, 9, 10, 18, 12, 0, 17], [0, 58, 56, 55, 51, 51, 50, 50, 51, 47, 36, 39, 30, 34, 35, 18, 15, 29, 39, 13, 25, 25, 27, 12, 17, 0]], "time_windows": [[0.0, 960.0], [469.0, 709.0], [86.0, 326.0], [89.0, 329.0], [134.0, 374.0], [186.0, 426.0], [105.0, 345.0], [561.0, 801.0], [51.0, 291.0], [427.0, 667.0], [218.0, 458.0], [269.0, 509.0], [316.0, 556.0], [157.0, 397.0], [447.0, 687.0], [497.0, 737.0], [198.0, 438.0], [107.0, 347.0], [39.0, 279.0], [506.0, 746.0], [208.0, 448.0], [181.0, 421.0], [27.0, 267.0], [295.0, 535.0], [332.0, 572.0], [0.0, 960.0]], "start_depot": 0, "end_depot": 25, "horizon": [0.0, 960.0]}