{"digraph": {"vertex_count": 39, "arc_count": 1406, "arcs": [[0, 1, 1, 1, 1, 1, 1, 1, 1, 1, 1, 1, 1, 1, 1, 1, 1, 1, 1, 1, 1, 1, 1, 1, 1, 1, 1, 1, 1, 1, 1, 1, 1, 1, 1, 1, 1, 1, 1], [0, 0, 1, 1, 1, 1, 1, 1, 1, 1, 1, 1, 1, 1, 1, 1, 1, 1, 1, 1, 1, 1, 1, 1, 1, 1, 1, 1, 1, 1, 1, 1, 1, 1, 1, 1, 1, 1, 1], [0, 1, 0, 1, 1, 1, 1, 1, 1, 1, 1, 1, 1, 1, 1, 1, 1, 1, 1, 1, 1, 1, 1, 1, 1, 1, 1, 1, 1, 1, 1, 1, 1, 1, 1, 1, 1, 1, 1], [0, 1, 1, 0, 1, 1, 1, 1, 1, 1, 1, 1, 1, 1, 1, 1, 1, 1, 1, 1, 1, 1, 1, 1, 1, 1, 1, 1, 1, 1, 1, 1, 1, 1, 1, 1, 1, 1, 1], [0, 1, 1, 1, 0, 1, 1, 1, 1, 1, 1, 1, 1, 1, 1, 1, 1, 1, 1, 1, 1, 1, 1, 1, 1, 1, 1, 1, 1, 1, 1, 1, 1, 1, 1, 1, 1, 1, 1], [0, 1, 1, 1, 1, 0, 1, 1, 1, 1, 1, 1, 1, 1, 1, 1, 1, 1, 1, 1, 1, 1, 1, 1, 1, 1, 1, 1, 1, 1, 1, 1, 1, 1, 1, 1, 1, 1, 1], [0, 1, 1, 1, 1, 1, 0, 1, 1, 1, 1, 1, 1, 1, 1, 1, 1, 1, 1, 1, 1, 1, 1, 1, 1, 1, 1, 1, 1, 1, 1, 1, 1, 1, 1, 1, 1, 1, 1], [0, 1, 1, 1, 1, 1, 1, 0, 1, 1, 1, 1, 1, 1, 1, 1, 1, 1, 1, 1, 1, 1, 1, 1, 1, 1, 1, 1, 1, 1, 1, 1, 1, 1, 1, 1, 1, 1, 1], [0, 1, 1, 1, 1, 1, 1, 1, 0, 1, 1, 1, 1, 1, 1, 1, 1, 1, 1, 1, 1, 1, 1, 1, 1, 1, 1, 1, 1, 1, 1, 1, 1, 1, 1, 1, 1, 1, 1], [0, 1, 1, 1, 1, 1, 1, 1, 1, 0, 1, 1, 1, 1, 1, 1, 1, 1, 1, 1, 1, 1, 1, 1, 1, 1, 1, 1, 1, 1, 1, 1, 1, 1, 1, 1, 1, 1, 1], [0, 1, 1, 1, 1, 1, 1, 1, 1, 1, 0, 1, 1, 1, 1, 1, 1, 1, 1, 1, 1, 1, 1, 1, 1, 1, 1, 1, 1, 1, 1, 1, 1, 1, 1, 1, 1, 1, 1], [0, 1, 1, 1, 1, 1, 1, 1, 1, 1, 1, 0, 1, 1, 1, 1, 1, 1, 1, 1, 1, 1, 1, 1, 1, 1, 1, 1, 1, 1, 1, 1, 1, 1, 1, 1, 1, 1, 1], [0, 1, 1, 1, 1, 1, 1, 1, 1, 1, 1, 1, 0, 1, 1, 1, 1, 1, 1, 1, 1, 1, 1, 1, 1, 1, 1, 1, 1, 1, 1, 1, 1, 1, 1, 1, 1, 1, 1], [0, 1, 1, 1, 1, 1, 1, 1, 1, 1, 1, 1, 1, 0, 1, 1, 1, 1, 1, 1, 1, 1, 1, 1, 1, 1, 1, 1, 1, 1, 1, 1, 1, 1, 1, 1, 1, 1, 1], [0, 1, 1, 1, 1, 1, 1, 1, 1, 1, 1, 1, 1, 1, 0, 1, 1, 1, 1, 1, 1, 1, 1, 1, 1, 1, 1, 1, 1, 1, 1, 1, 1, 1, 1, 1, 1, 1, 1], [0, 1, 1, 1, 1, 1, 1, 1, 1, 1, 1, 1, 1, 1, 1, 0, 1, 1, 1, 1, 1, 1, 1, 1, 1, 1, 1, 1, 1, 1, 1, 1, 1, 1, 1, 1, 1, 1, 1], [0, 1, 1, 1, 1, 1, 1, 1, 1, 1, 1, 1, 1, 1, 1, 1, 0, 1, 1, 1, 1, 1, 1, 1, 1, 1, 1, 1, 1, 1, 1, 1, 1, 1, 1, 1, 1, 1, 1], [0, 1, 1, 1, 1, 1, 1, 1, 1, 1, 1, 1, 1, 1, 1, 1, 1, 0, 1, 1, 1, 1, 1, 1, 1, 1, 1, 1, 1, 1, 1, 1, 1, 1, 1, 1, 1, 1, 1], [0, 1, 1, 1, 1, 1, 1, 1, 1, 1, 1, 1, 1, 1, 1, 1, 1, 1, 0, 1, 1, 1, 1, 1, 1, 1, 1, 1, 1, 1, 1, 1, 1, 1, 1, 1, 1, 1, 1], [0, 1, 1, 1, 1, 1, 1, 1, 1, 1, 1, 1, 1, 1, 1, 1, 1, 1, 1, 0, 1, 1, 1, 1, 1, 1, 1, 1, 1, 1, 1, 1, 1, 1, 1, 1, 1, 1, 1], [0, 1, 1, 1, 1, 1, 1, 1, 1, 1, 1, 1, 1, 1, 1, 1, 1, 1, 1, 1, 0, 1, 1, 1, 1, 1, 1, 1, 1, 1, 1, 1, 1, 1, 1, 1, 1, 1, 1], [0, 1, 1, 1, 1, 1, 1, 1, 1, 1, 1, 1, 1, 1, 1, 1, 1, 1, 1, 1, 1, 0, 1, 1, 1, 1, 1, 1, 1, 1, 1, 1, 1, 1, 1, 1, 1, 1, 1], [0, 1, 1, 1, 1, 1, 1, 1, 1, 1, 1, 1, 1, 1, 1, 1, 1, 1, 1, 1, 1, 1, 0, 1, 1, 1, 1, 1, 1, 1, 1, 1, 1, 1, 1, 1, 1, 1, 1], [0, 1, 1, 1, 1, 1, 1, 1, 1, 1, 1, 1, 1, 1, 1, 1, 1, 1, 1, 1, 1, 1, 1, 0, 1, 1, 1, 1, 1, 1, 1, 1, 1, 1, 1, 1, 1, 1, 1], [0, 1, 1, 1, 1, 1, 1, 1, 1, 1, 1, 1, 1, 1, 1, 1, 1, 1, 1, 1, 1, 1, 1, 1, 0, 1, 1, 1, 1, 1, 1, 1, 1, 1, 1, 1, 1, 1, 1], [0, 1, 1, 1, 1, 1, 1, 1, 1, 1, 1, 1, 1, 1, 1, 1, 1, 1, 1, 1, 1, 1, 1, 1, 1, 0, 1, 1, 1, 1, 1, 1, 1, 1, 1, 1, 1, 1, 1], [0, 1, 1, 1, 1, 1, 1, 1, 1, 1, 1, 1, 1, 1, 1, 1, 1, 1, 1, 1, 1, 1, 1, 1, 1, 1, 0, 1, 1, 1, 1, 1, 1, 1, 1, 1, 1, 1, 1], [0, 1, 1, 1, 1, 1, 1, 1, 1, 1, 1, 1, 1, 1, 1, 1, 1, 1, 1, 1, 1, 1, 1, 1, 1, 1, 1, 0, 1, 1, 1, 1, 1, 1, 1, 1, 1, 1, 1], [0, 1, 1, 1, 1, 1, 1, 1, 1, 1, 1, 1, 1, 1, 1, 1, 1, 1, 1, 1, 1, 1, 1, 1, 1, 1, 1, 1, 0, 1, 1, 1, 1, 1, 1, 1, 1, 1, 1], [0, 1, 1, 1, 1, 1, 1, 1, 1, 1, 1, 1, 1, 1, 1, 1, 1, 1, 1, 1, 1, 1, 1, 1, 1, 1, 1, 1, 1, 0, 1, 1, 1, 1, 1, 1, 1, 1, 1], [0, 1, 1, 1, 1, 1, 1, 1, 1, 1, 1, 1, 1, 1, 1, 1, 1, 1, 1, 1, 1, 1, 1, 1, 1, 1, 1, 1, 1, 1, 0, 1, 1, 1, 1, 1, 1, 1, 1], [0, 1, 1, 1, 1, 1, 1, 1, 1, 1, 1, 1, 1, 1, 1, 1, 1, 1, 1, 1, 1, 1, 1, 1, 1, 1, 1, 1, 1, 1, 1, 0, 1, 1, 1, 1, 1, 1, 1], [0, 1, 1, 1, 1, 1, 1, 1, 1, 1, 1, 1, 1, 1, 1, 1, 1, 1, 1, 1, 1, 1, 1, 1, 1, 1, 1, 1, 1, 1, 1, 1, 0, 1, 1, 1, 1, 1, 1], [0, 1, 1, 1, 1, 1, 1, 1, 1, 1, 1, 1, 1, 1, 1, 1, 1, 1, 1, 1, 1, 1, 1, 1, 1, 1, 1, 1, 1, 1, 1, 1, 1, 0, 1, 1, 1, 1, 1], [0, 1, 1, 1, 1, 1, 1, 1, 1, 1, 1, 1, 1, 1, 1, 1, 1, 1, 1, 1, 1, 1, 1, 1, 1, 1, 1, 1, 1, 1, 1, 1, 1, 1, 0, 1, 1, 1, 1], [0, 1, 1, 1, 1, 1, 1, 1, 1, 1, 1, 1, 1, 1, 1, 1, 1, 1, 1, 1, 1, 1, 1, 1, 1, 1, 1, 1, 1, 1, 1, 1, 1, 1, 1, 0, 1, 1, 1], [0, 1, 1, 1, 1, 1, 1, 1, 1, 1, 1, 1, 1, 1, 1, 1, 1, 1, 1, 1, 1, 1, 1, 1, 1, 1, 1, 1, 1, 1, 1, 1, 1, 1, 1, 1, 0, 1, 1], [0, 1, 1, 1, 1, 1, 1, 1, 1, 1, 1, 1, 1, 1, 1, 1, 1, 1, 1, 1, 1, 1, 1, 1, 1, 1, 1, 1, 1, 1, 1, 1, 1, 1, 1, 1, 1, 0, 1], [0, 0, 0, 0, 0, 0, 0, 0, 0, 0, 0, 0, 0, 0, 0, 0, 0, 0, 0, 0, 0, 0, 0, 0, 0, 0, 0, 0, 0, 0, 0, 0, 0, 0, 0, 0, 0, 0, 0]], "coordinates": [[40.0, 50.0], [25.0, 85.0], [22.0, 75.0], [22.0, 85.0], [20.0, 80.0], [20.0, 85.0], [18.0, 75.0], [15.0, 75.0], [15.0, 80.0], [8.0, 40.0], [8.0, 45.0], [5.0, 45.0], [2.0, 40.0], [0.0, 40.0], [0.0, 45.0], [67.0, 85.0], [65.0, 82.0], [55.0, 85.0], [20.0, 82.0], [18.0, 80.0], [2.0, 45.0], [20.0, 50.0], [55.0, 60.0], [30.0, 60.0], [15.0, 60.0], [40.0, 60.0], [31.0, 52.0], [35.0, 69.0], [2.0, 60.0], [8.0, 56.0], [6.0, 68.0], [24.0, 58.0], [37.0, 47.0], [61.0, 52.0], [55.0, 54.0], [26.0, 52.0], [26.0, 35.0], [31.0, 67.0], [40.0, 50.0]]}, "cluster_count": 3, "cluster_speeds": [[1.5, 1.0, 1.67, 1.17, 1.33], [1.17, 0.67, 1.33, 0.83, 1.0], [1.0, 0.33, 0.67, 0.5, 0.83]], "clusters": [[1, 1, 0, 1, 0, 0, 2, 2, 2, 2, 0, 2, 1, 1, 0, 2, 1, 2, 2, 1, 0, 0, 2, 0, 1, 0, 1, 2, 1, 1, 0, 1, 0, 2, 0, 0, 1, 2, 1], [2, 0, 2, 1, 2, 2, 0, 0, 0, 1, 0, 2, 0, 0, 2, 1, 0, 2, 2, 1, 2, 1, 1, 2, 1, 0, 2, 0, 0, 2, 0, 2, 0, 1, 0, 1, 0, 2, 0], [0, 2, 2, 0, 1, 0, 1, 2, 0, 1, 0, 0, 0, 0, 1, 0, 0, 2, 1, 2, 0, 1, 0, 1, 1, 0, 2, 2, 1, 2, 1, 1, 0, 0, 0, 2, 0, 2, 2], [2, 1, 2, 1, 2, 2, 0, 1, 2, 0, 2, 2, 2, 2, 0, 2, 0, 0, 0, 2, 2, 0, 0, 1, 0, 1, 2, 1, 1, 0, 2, 1, 0, 2, 2, 2, 0, 0, 0], [1, 0, 2, 2, 1, 2, 2, 2, 1, 0, 1, 2, 2, 0, 2, 2, 1, 1, 0, 1, 2, 1, 0, 0, 0, 2, 0, 0, 0, 2, 1, 0, 2, 2, 2, 1, 1, 2, 1], [0, 1, 2, 2, 2, 0, 1, 0, 1, 1, 1, 2, 2, 0, 1, 1, 0, 1, 1, 0, 2, 2, 0, 1, 0, 1, 0, 2, 1, 1, 1, 1, 2, 1, 0, 1, 0, 2, 1], [1, 2, 1, 0, 2, 2, 2, 2, 1, 0, 0, 1, 1, 0, 2, 0, 2, 0, 1, 1, 0, 2, 2, 1, 2, 2, 1, 2, 2, 1, 0, 1, 2, 0, 1, 2, 1, 2, 2], [1, 2, 2, 1, 1, 1, 2, 2, 0, 1, 1, 0, 1, 2, 2, 2, 0, 0, 1, 2, 1, 2, 2, 1, 1, 2, 0, 0, 1, 2, 0, 0, 1, 1, 1, 1, 0, 1, 2], [1, 2, 1, 2, 0, 0, 0, 2, 1, 2, 1, 2, 1, 1, 2, 1, 0, 0, 0, 1, 1, 2, 1, 0, 1, 0, 1, 0, 2, 0, 2, 1, 2, 0, 0, 0, 1, 1, 2], [2, 0, 2, 1, 1, 1, 2, 2, 0, 1, 1, 1, 0, 1, 2, 0, 0, 1, 2, 1, 2, 1, 1, 2, 2, 2, 2, 2, 0, 1, 0, 2, 2, 1, 2, 1, 2, 2, 1], [1, 2, 0, 1, 1, 2, 1, 1, 2, 2, 1, 1, 0, 1, 0, 1, 0, 0, 0, 0, 2, 2, 2, 0, 1, 1, 0, 1, 2, 2, 0, 2, 0, 1, 2, 0, 2, 0, 1], [0, 2, 0, 0, 2, 1, 2, 2, 1, 0, 1, 2, 0, 2, 2, 0, 1, 1, 0, 2, 0, 0, 2, 2, 0, 0, 1, 1, 1, 1, 0, 0, 0, 0, 1, 1, 1, 0, 2], [0, 2, 2, 1, 2, 1, 2, 2, 0, 2, 1, 0, 2, 0, 2, 2, 1, 0, 1, 0, 0, 2, 2, 1, 2, 0, 1, 0, 0, 0, 0, 1, 1, 2, 0, 0, 1, 0, 1], [1, 2, 2, 1, 2, 1, 2, 1, 0, 1, 0, 1, 0, 2, 1, 1, 1, 0, 1, 1, 2, 0, 0, 2, 1, 1, 0, 2, 1, 1, 0, 2, 2, 1, 0, 1, 0, 2, 2], [0, 1, 1, 2, 0, 2, 0, 2, 1, 1, 2, 2, 2, 2, 2, 1, 1, 1, 2, 2, 2, 2, 2, 1, 1, 2, 1, 0, 0, 0, 2, 0, 1, 0, 1, 0, 2, 0, 1], [0, 2, 2, 0, 1, 0, 2, 0, 0, 0, 1, 2, 2, 0, 2, 2, 0, 2, 0, 2, 2, 0, 2, 2, 0, 2, 0, 2, 0, 2, 1, 0, 1, 0, 0, 1, 1, 0, 0], [1, 1, 2, 1, 0, 0, 0, 0, 1, 0, 2, 0, 0, 1, 1, 0, 2, 1, 2, 1, 2, 2, 2, 2, 2, 2, 2, 1, 2, 2, 0, 1, 1, 2, 2, 0, 0, 2, 2], [1, 0, 2, 0, 2, 1, 1, 2, 1, 0, 1, 0, 2, 1, 1, 0, 0, 1, 2, 1, 1, 1, 0, 0, 0, 1, 1, 2, 2, 1, 2, 1, 0, 2, 2, 0, 0, 1, 0], [1, 2, 2, 2, 2, 1, 2, 1, 2, 1, 2, 1, 2, 1, 1, 0, 0, 1, 1, 2, 2, 1, 1, 1, 1, 0, 1, 0, 0, 1, 0, 2, 1, 0, 0, 2, 2, 1, 0], [1, 0, 1, 2, 2, 0, 1, 2, 0, 2, 0, 2, 2, 0, 2, 1, 0, 0, 0, 2, 2, 0, 1, 1, 1, 2, 1, 2, 2, 0, 0, 0, 0, 2, 0, 0, 1, 2, 0], [2, 0, 1, 2, 2, 1, 0, 0, 2, 2, 1, 2, 0, 1, 2, 0, 2, 2, 2, 2, 2, 2, 1, 0, 1, 2, 0, 1, 2, 0, 2, 0, 1, 0, 2, 2, 2, 2, 2], [1, 1, 1, 0, 0, 1, 1, 2, 2, 2, 0, 2, 1, 2, 1, 1, 0, 2, 0, 0, 1, 1, 0, 0, 1, 0, 1, 2, 1, 2, 1, 2, 0, 1, 1, 1, 0, 0, 2], [1, 0, 1, 1, 2, 1, 0, 2, 2, 0, 1, 2, 2, 2, 1, 0, 0, 2, 0, 2, 1, 2, 2, 1, 0, 1, 1, 0, 2, 0, 2, 1, 0, 2, 0, 0, 1, 0, 0], [2, 0, 2, 1, 1, 0, 2, 2, 2, 0, 0, 1, 2, 2, 0, 1, 1, 2, 1, 1, 1, 0, 1, 1, 1, 0, 1, 1, 1, 0, 1, 1, 1, 2, 2, 0, 0, 2, 1], [2, 0, 2, 1, 2, 1, 0, 0, 0, 0, 2, 0, 1, 2, 1, 1, 0, 2, 1, 2, 2, 0, 2, 2, 1, 0, 1, 1, 2, 2, 0, 2, 2, 1, 2, 2, 1, 1, 2], [1, 1, 2, 2, 1, 0, 2, 1, 1, 2, 0, 0, 2, 2, 0, 0, 2, 0, 2, 0, 2, 1, 2, 1, 1, 1, 2, 1, 1, 2, 1, 0, 0, 2, 0, 1, 2, 0, 2], [1, 2, 1, 2, 2, 0, 2, 2, 2, 2, 2, 0, 1, 0, 2, 0, 0, 2, 0, 1, 2, 2, 1, 1, 2, 1, 0, 0, 2, 0, 0, 1, 2, 2, 1, 2, 0, 2, 1], [2, 0, 1, 1, 2, 1, 0, 1, 1, 2, 0, 2, 0, 1, 1, 1, 0, 2, 0, 0, 0, 0, 0, 1, 2, 0, 2, 0, 2, 1, 2, 1, 2, 0, 0, 1, 2, 2, 2], [2, 0, 2, 1, 0, 1, 0, 1, 1, 0, 1, 0, 2, 2, 0, 1, 2, 0, 1, 1, 1, 2, 1, 2, 0, 2, 1, 0, 0, 2, 0, 2, 0, 1, 2, 1, 2, 0, 0], [0, 1, 1, 1, 1, 1, 0, 1, 1, 2, 2, 2, 0, 0, 0, 2, 2, 2, 2, 0, 2, 2, 1, 1, 2, 1, 0, 1, 1, 0, 1, 0, 2, 2, 1, 0, 1, 2, 1], [2, 0, 0, 0, 2, 0, 1, 1, 2, 2, 0, 0, 1, 1, 1, 2, 1, 0, 0, 2, 2, 2, 0, 2, 2, 0, 2, 2, 0, 2, 2, 2, 0, 0, 1, 0, 1, 0, 2], [0, 0, 2, 2, 0, 1, 2, 2, 2, 2, 0, 1, 2, 1, 2, 0, 1, 2, 2, 0, 0, 1, 2, 1, 1, 1, 2, 0, 0, 0, 1, 0, 1, 1, 2, 2, 2, 0, 2], [1, 0, 2, 0, 0, 0, 1, 0, 1, 0, 2, 0, 0, 2, 1, 2, 0, 1, 0, 2, 2, 1, 1, 2, 2, 0, 0, 0, 1, 2, 0, 1, 2, 0, 1, 2, 1, 1, 1], [2, 1, 2, 0, 0, 1, 1, 1, 0, 0, 0, 1, 0, 1, 1, 1, 1, 1, 1, 2, 0, 0, 1, 1, 1, 0, 1, 1, 1, 0, 1, 1, 2, 2, 1, 0, 1, 1, 2], [2, 1, 1, 0, 1, 0, 1, 1, 2, 1, 0, 0, 1, 1, 1, 2, 1, 0, 0, 2, 1, 2, 2, 2, 0, 1, 1, 0, 1, 0, 1, 2, 0, 2, 1, 0, 0, 2, 2], [2, 0, 0, 0, 0, 1, 2, 0, 1, 0, 0, 0, 0, 0, 2, 2, 0, 0, 1, 1, 2, 2, 1, 1, 0, 0, 2, 1, 1, 1, 1, 0, 1, 0, 1, 0, 0, 1, 1], [2, 0, 2, 1, 1, 2, 0, 1, 1, 0, 0, 0, 2, 2, 1, 2, 1, 1, 2, 0, 0, 0, 1, 1, 0, 0, 0, 0, 2, 2, 1, 0, 0, 2, 1, 0, 0, 0, 0], [0, 1, 2, 1, 0, 2, 1, 2, 0, 0, 0, 0, 2, 0, 1, 2, 0, 1, 2, 2, 1, 0, 0, 2, 1, 2, 2, 2, 0, 2, 1, 1, 2, 1, 0, 0, 0, 0, 2], [2, 2, 2, 0, 0, 1, 1, 1, 2, 2, 1, 0, 0, 1, 1, 1, 0, 2, 2, 1, 2, 1, 0, 0, 0, 2, 0, 0, 0, 0, 1, 2, 0, 0, 2, 1, 0, 2, 2]], "speed_zone_count": 5, "speed_zones": [[0.0, 19200.0], [19200.0, 28800.0], [28800.0, 67200.0], [67200.0, 76800.0], [76800.0, 96000.0]], "distances": [[0, 3807, 3080, 3935, 3605, 4031, 3330, 3535, 3905, 3352, 3238, 3535, 3929, 4123, 4031, 4420, 4060, 3807, 3773, 3720, 3832, 2000, 1802, 1414, 2692, 1000, 921, 1964, 3929, 3255, 3847, 1788, 424, 2109, 1552, 1414, 2051, 1923, 0], [4807, 1000, 2044, 1300, 1707, 1500, 2220, 2414, 2118, 5810, 5346, 5472, 6053, 6147, 5716, 5200, 5011, 4000, 1583, 1860, 5614, 4535, 4905, 3549, 3692, 3915, 4354, 2886, 4397, 4361, 3549, 3701, 4984, 5883, 5313, 4301, 6000, 2897, 4807], [4080, 2044, 1000, 2000, 1538, 2019, 1400, 1700, 1860, 4769, 4310, 4448, 5031, 5134, 4720, 5609, 5356, 4448, 1728, 1640, 4605, 3507, 4624, 2700, 2655, 3343, 3469, 2431, 3500, 3360, 2746, 2711, 4176, 5527, 4911, 3334, 5019, 2204, 4080], [4935, 1300, 2000, 1000, 1538, 1200, 2077, 2220, 1860, 5712, 5237, 5346, 5924, 6008, 5565, 5500, 5310, 4300, 1360, 1640, 5472, 4505, 5140, 3624, 3596, 4080, 4420, 3061, 4201, 4220, 3334, 3707, 5085, 6108, 5527, 4324, 6015, 3012, 4935], [4605, 1707, 1538, 1538, 1000, 1500, 1538, 1707, 1500, 5176, 4700, 4807, 5386, 5472, 5031, 5726, 5504, 4535, 1200, 1200, 4935, 4000, 5031, 3236, 3061, 3828, 4008, 2860, 3690, 3683, 2843, 3236, 4712, 5964, 5360, 3863, 5539, 2702, 4605], [5031, 1500, 2019, 1200, 1500, 1000, 2019, 2118, 1707, 5657, 5176, 5272, 5846, 5924, 5472, 5700, 5509, 4500, 1300, 1538, 5386, 4500, 5301, 3692, 3549, 4201, 4478, 3193, 4080, 4138, 3202, 3729, 5162, 6263, 5675, 4354, 6035, 3109, 5031], [4330, 2220, 1400, 2077, 1538, 2019, 1000, 1300, 1583, 4640, 4162, 4269, 4848, 4935, 4498, 6000, 5751, 4832, 1728, 1500, 4400, 3507, 4992, 2920, 2529, 3662, 3641, 2802, 3193, 3147, 2389, 2802, 4383, 5876, 5254, 3435, 5079, 2526, 4330], [4535, 2414, 1700, 2220, 1707, 2118, 1300, 1000, 1500, 4569, 4080, 4162, 4733, 4807, 4354, 6295, 6048, 5123, 1860, 1583, 4269, 3549, 5272, 3121, 2500, 3915, 3801, 3088, 2984, 3024, 2140, 2923, 4560, 6142, 5517, 3549, 5148, 2788, 4535], [4905, 2118, 1860, 1860, 1500, 1707, 1583, 1500, 1000, 5060, 4569, 4640, 5205, 5272, 4807, 6223, 6003, 5031, 1538, 1300, 4733, 4041, 5472, 3500, 3000, 4201, 4224, 3282, 3385, 3500, 2500, 3376, 4966, 6385, 5770, 4008, 5632, 3061, 4905], [4352, 5810, 4769, 5712, 5176, 5657, 4640, 4569, 5060, 1000, 1500, 1583, 1600, 1800, 1943, 8420, 8080, 7506, 5368, 5123, 1781, 2562, 6107, 3973, 3118, 4773, 3594, 4962, 3088, 2600, 3807, 3408, 3983, 6434, 5904, 3163, 2868, 4546, 4352], [4238, 5346, 4310, 5237, 4700, 5176, 4162, 4080, 4569, 1500, 1000, 1300, 1781, 1943, 1800, 8128, 7795, 7171, 4889, 4640, 1600, 2300, 5933, 3662, 2655, 4534, 3404, 4612, 2615, 2100, 3308, 3061, 3906, 6346, 5785, 2931, 3059, 4182, 4238], [4535, 5472, 4448, 5346, 4807, 5272, 4269, 4162, 4640, 1583, 1300, 1000, 1583, 1707, 1500, 8378, 8049, 7403, 4992, 4733, 1300, 2581, 6220, 3915, 2802, 4807, 3692, 4841, 2529, 2140, 3302, 3302, 4206, 6643, 6080, 3213, 3325, 4405, 4535], [4929, 6053, 5031, 5924, 5386, 5846, 4848, 4733, 5205, 1600, 1781, 1583, 1000, 1200, 1538, 8905, 8571, 7952, 5569, 5308, 1500, 3059, 6664, 4440, 3385, 5294, 4138, 5393, 3000, 2708, 3828, 3842, 4569, 7020, 6481, 3683, 3451, 4962, 4929], [5123, 6147, 5134, 6008, 5472, 5924, 4935, 4807, 5272, 1800, 1943, 1707, 1200, 1000, 1500, 9070, 8738, 8106, 5651, 5386, 1538, 3236, 6852, 4605, 3500, 5472, 4324, 5545, 3009, 2788, 3863, 4000, 4765, 7216, 6675, 3863, 3647, 5110, 5123], [5031, 5716, 4720, 5565, 5031, 5472, 4498, 4354, 4807, 1943, 1800, 1500, 1538, 1500, 1000, 8803, 8479, 7800, 5205, 4935, 1200, 3061, 6700, 4354, 3121, 5272, 4178, 5243, 2513, 2360, 3376, 3729, 4705, 7140, 6573, 3692, 3785, 4801, 5031], [5420, 5200, 5609, 5500, 5726, 5700, 6000, 6295, 6223, 8420, 8128, 8378, 8905, 9070, 8803, 1000, 1360, 2200, 5709, 5925, 8632, 6860, 3773, 5465, 6769, 4679, 5883, 4577, 7964, 7574, 7332, 6077, 5841, 4354, 4324, 6263, 7466, 5024, 5420], [5060, 5011, 5356, 5310, 5504, 5509, 5751, 6048, 6003, 8080, 7795, 8049, 8571, 8738, 8479, 1360, 1000, 2044, 5500, 5704, 8306, 6521, 3416, 5134, 6462, 4330, 5534, 4269, 7673, 7264, 7063, 5750, 5482, 4026, 3973, 5920, 7107, 4716, 5060], [4807, 4000, 4448, 4300, 4535, 4500, 4832, 5123, 5031, 7506, 7171, 7403, 7952, 8106, 7800, 2200, 2044, 1000, 4512, 4733, 7640, 5949, 3500, 4535, 5716, 3915, 5080, 3561, 6860, 6522, 6186, 5110, 5204, 4354, 4100, 5393, 6780, 4000, 4807], [4773, 1583, 1728, 1360, 1200, 1300, 1728, 1860, 1538, 5368, 4889, 4992, 5569, 5651, 5205, 5709, 5500, 4512, 1000, 1282, 5114, 4200, 5134, 3416, 3256, 3973, 4195, 2984, 3842, 3863, 2979, 3433, 4891, 6080, 5482, 4059, 5738, 2860, 4773], [4720, 1860, 1640, 1640, 1200, 1538, 1500, 1583, 1300, 5123, 4640, 4733, 5308, 5386, 4935, 5925, 5704, 4733, 1282, 1000, 4848, 4006, 5205, 3332, 3022, 3973, 4087, 3024, 3561, 3600, 2697, 3280, 4807, 6131, 5522, 3912, 5570, 2838, 4720], [4832, 5614, 4605, 5472, 4935, 5386, 4400, 4269, 4733, 1781, 1600, 1300, 1500, 1538, 1200, 8632, 8306, 7640, 5114, 4848, 1000, 2868, 6508, 4176, 2984, 5085, 3983, 5080, 2500, 2252, 3334, 3555, 4505, 6941, 6375, 3500, 3600, 4640, 4832], [3000, 4535, 3507, 4505, 4000, 4500, 3507, 3549, 4041, 2562, 2300, 2581, 3059, 3236, 3061, 6860, 6521, 5949, 4200, 4006, 2868, 1000, 4640, 2414, 2118, 3236, 2118, 3420, 3059, 2341, 3280, 1894, 2726, 5104, 4522, 1632, 2615, 3024, 3000], [2802, 4905, 4624, 5140, 5031, 5301, 4992, 5272, 5472, 6107, 5933, 6220, 6664, 6852, 6700, 3773, 3416, 3500, 5134, 5205, 6508, 4640, 1000, 3500, 5000, 2500, 3529, 3193, 6300, 5716, 5964, 4106, 3220, 2000, 1600, 4008, 4828, 3500, 2802], [2414, 3549, 2700, 3624, 3236, 3692, 2920, 3121, 3500, 3973, 3662, 3915, 4440, 4605, 4354, 5465, 5134, 4535, 3416, 3332, 4176, 2414, 3500, 1000, 2500, 2000, 1806, 2029, 3800, 3236, 3529, 1632, 2476, 4201, 3570, 1894, 3531, 1707, 2414], [3692, 3692, 2655, 3596, 3061, 3549, 2529, 2500, 3000, 3118, 2655, 2802, 3385, 3500, 3121, 6769, 6462, 5716, 3256, 3022, 2984, 2118, 5000, 2500, 1000, 3500, 2788, 3193, 2300, 1806, 2204, 1921, 3555, 5669, 5044, 2360, 3731, 2746, 3692], [2000, 3915, 3343, 4080, 3828, 4201, 3662, 3915, 4201, 4773, 4534, 4807, 5294, 5472, 5272, 4679, 4330, 3915, 3973, 3973, 5085, 3236, 2500, 2000, 3500, 1000, 2204, 2029, 4800, 4224, 4492, 2612, 2334, 3247, 2615, 2612, 3865, 2140, 2000], [1921, 4354, 3469, 4420, 4008, 4478, 3641, 3801, 4224, 3594, 3404, 3692, 4138, 4324, 4178, 5883, 5534, 5080, 4195, 4087, 3983, 2118, 3529, 1806, 2788, 2204, 1000, 2746, 4008, 3334, 3968, 1921, 1781, 4000, 3408, 1500, 2772, 2500, 1921], [2964, 2886, 2431, 3061, 2860, 3193, 2802, 3088, 3282, 4962, 4612, 4841, 5393, 5545, 5243, 4577, 4269, 3561, 2984, 3024, 5080, 3420, 3193, 2029, 3193, 2029, 2746, 1000, 4420, 3996, 3901, 2555, 3209, 4106, 3500, 2923, 4517, 1447, 2964], [4929, 4397, 3500, 4201, 3690, 4080, 3193, 2984, 3385, 3088, 2615, 2529, 3000, 3009, 2513, 7964, 7673, 6860, 3842, 3561, 2500, 3059, 6300, 3800, 2300, 4800, 4008, 4420, 1000, 1721, 1894, 3209, 4733, 6953, 6333, 3529, 4465, 3983, 4929], [4255, 4361, 3360, 4220, 3683, 4138, 3147, 3024, 3500, 2600, 2100, 2140, 2708, 2788, 2360, 7574, 7264, 6522, 3863, 3600, 2252, 2341, 5716, 3236, 1806, 4224, 3334, 3996, 1721, 1000, 2216, 2612, 4036, 6315, 5704, 2843, 3765, 3549, 4255], [4847, 3549, 2746, 3334, 2843, 3202, 2389, 2140, 2500, 3807, 3308, 3302, 3828, 3863, 3376, 7332, 7063, 6186, 2979, 2697, 3334, 3280, 5964, 3529, 2204, 4492, 3968, 3901, 1894, 2216, 1000, 3059, 4744, 6728, 6096, 3561, 4858, 3501, 4847], [2788, 3701, 2711, 3707, 3236, 3729, 2802, 2923, 3376, 3408, 3061, 3302, 3842, 4000, 3729, 6077, 5750, 5110, 3433, 3280, 3555, 1894, 4106, 1632, 1921, 2612, 1921, 2555, 3209, 2612, 3059, 1000, 2702, 4748, 4125, 1632, 3308, 2140, 2788], [1424, 4984, 4176, 5085, 4712, 5162, 4383, 4560, 4966, 3983, 3906, 4206, 4569, 4765, 4705, 5841, 5482, 5204, 4891, 4807, 4505, 2726, 3220, 2476, 3555, 2334, 1781, 3209, 4733, 4036, 4744, 2702, 1000, 3451, 2931, 2208, 2627, 3088, 1424], [3109, 5883, 5527, 6108, 5964, 6263, 5876, 6142, 6385, 6434, 6346, 6643, 7020, 7216, 7140, 4354, 4026, 4354, 6080, 6131, 6941, 5104, 2000, 4201, 5669, 3247, 4000, 4106, 6953, 6315, 6728, 4748, 3451, 1000, 1632, 4500, 4891, 4354, 3109], [2552, 5313, 4911, 5527, 5360, 5675, 5254, 5517, 5770, 5904, 5785, 6080, 6481, 6675, 6573, 4324, 3973, 4100, 5482, 5522, 6375, 4522, 1600, 3570, 5044, 2615, 3408, 3500, 6333, 5704, 6096, 4125, 2931, 1632, 1000, 3906, 4466, 3729, 2552], [2414, 4301, 3334, 4324, 3863, 4354, 3435, 3549, 4008, 3163, 2931, 3213, 3683, 3863, 3692, 6263, 5920, 5393, 4059, 3912, 3500, 1632, 4008, 1894, 2360, 2612, 1500, 2923, 3529, 2843, 3561, 1632, 2208, 4500, 3906, 1000, 2700, 2581, 2414], [3051, 6000, 5019, 6015, 5539, 6035, 5079, 5148, 5632, 2868, 3059, 3325, 3451, 3647, 3785, 7466, 7107, 6780, 5738, 5570, 3600, 2615, 4828, 3531, 3731, 3865, 2772, 4517, 4465, 3765, 4858, 3308, 2627, 4891, 4466, 2700, 1000, 4238, 3051], [2923, 2897, 2204, 3012, 2702, 3109, 2526, 2788, 3061, 4546, 4182, 4405, 4962, 5110, 4801, 5024, 4716, 4000, 2860, 2838, 4640, 3024, 3500, 1707, 2746, 2140, 2500, 1447, 3983, 3549, 3501, 2140, 3088, 4354, 3729, 2581, 4238, 1000, 2923], [0, 3807, 3080, 3935, 3605, 4031, 3330, 3535, 3905, 3352, 3238, 3535, 3929, 4123, 4031, 4420, 4060, 3807, 3773, 3720, 3832, 2000, 1802, 1414, 2692, 1000, 921, 1964, 3929, 3255, 3847, 1788, 424, 2109, 1552, 1414, 2051, 1923, 0]], "time_windows": [[0.0, 96000.0], [61300.0, 85300.0], [9200.0, 33200.0], [41100.0, 65100.0], [58400.0, 82400.0], [4000.0, 28000.0], [32800.0, 56800.0], [24000.0, 48000.0], [30700.0, 54700.0], [13500.0, 37500.0], [16300.0, 40300.0], [3500.0, 27500.0], [11400.0, 35400.0], [19500.0, 43500.0], [64300.0, 88300.0], [59700.0, 83700.0], [49700.0, 73700.0], [51400.0, 75400.0], [3700.0, 27700.0], [42900.0, 66900.0], [4500.0, 28500.0], [31500.0, 55500.0], [54100.0, 78100.0], [53900.0, 77900.0], [63400.0, 87400.0], [55200.0, 79200.0], [9700.0, 33700.0], [69000.0, 93000.0], [22600.0, 46600.0], [30500.0, 54500.0], [29200.0, 53200.0], [20000.0, 44000.0], [29900.0, 53900.0], [68800.0, 92800.0], [50200.0, 74200.0], [11200.0, 35200.0], [24800.0, 48800.0], [69000.0, 93000.0], [0.0, 96000.0]], "start_depot": 0, "end_depot": 38, "horizon": [0.0, 96000.0]}