{"digraph": {"vertex_count": 21, "arc_count": 380, "arcs": [[0, 1, 1, 1, 1, 1, 1, 1, 1, 1, 1, 1, 1, 1, 1, 1, 1, 1, 1, 1, 1], [0, 0, 1, 1, 1, 1, 1, 1, 1, 1, 1, 1, 1, 1, 1, 1, 1, 1, 1, 1, 1], [0, 1, 0, 1, 1, 1, 1, 1, 1, 1, 1, 1, 1, 1, 1, 1, 1, 1, 1, 1, 1], [0, 1, 1, 0, 1, 1, 1, 1, 1, 1, 1, 1, 1, 1, 1, 1, 1, 1, 1, 1, 1], [0, 1, 1, 1, 0, 1, 1, 1, 1, 1, 1, 1, 1, 1, 1, 1, 1, 1, 1, 1, 1], [0, 1, 1, 1, 1, 0, 1, 1, 1, 1, 1, 1, 1, 1, 1, 1, 1, 1, 1, 1, 1], [0, 1, 1, 1, 1, 1, 0, 1, 1, 1, 1, 1, 1, 1, 1, 1, 1, 1, 1, 1, 1], [0, 1, 1, 1, 1, 1, 1, 0, 1, 1, 1, 1, 1, 1, 1, 1, 1, 1, 1, 1, 1], [0, 1, 1, 1, 1, 1, 1, 1, 0, 1, 1, 1, 1, 1, 1, 1, 1, 1, 1, 1, 1], [0, 1, 1, 1, 1, 1, 1, 1, 1, 0, 1, 1, 1, 1, 1, 1, 1, 1, 1, 1, 1], [0, 1, 1, 1, 1, 1, 1, 1, 1, 1, 0, 1, 1, 1, 1, 1, 1, 1, 1, 1, 1], [0, 1, 1, 1, 1, 1, 1, 1, 1, 1, 1, 0, 1, 1, 1, 1, 1, 1, 1, 1, 1], [0, 1, 1, 1, 1, 1, 1, 1, 1, 1, 1, 1, 0, 1, 1, 1, 1, 1, 1, 1, 1], [0, 1, 1, 1, 1, 1, 1, 1, 1, 1, 1, 1, 1, 0, 1, 1, 1, 1, 1, 1, 1], [0, 1, 1, 1, 1, 1, 1, 1, 1, 1, 1, 1, 1, 1, 0, 1, 1, 1, 1, 1, 1], [0, 1, 1, 1, 1, 1, 1, 1, 1, 1, 1, 1, 1, 1, 1, 0, 1, 1, 1, 1, 1], [0, 1, 1, 1, 1, 1, 1, 1, 1, 1, 1, 1, 1, 1, 1, 1, 0, 1, 1, 1, 1], [0, 1, 1, 1, 1, 1, 1, 1, 1, 1, 1, 1, 1, 1, 1, 1, 1, 0, 1, 1, 1], [0, 1, 1, 1, 1, 1, 1, 1, 1, 1, 1, 1, 1, 1, 1, 1, 1, 1, 0, 1, 1], [0, 1, 1, 1, 1, 1, 1, 1, 1, 1, 1, 1, 1, 1, 1, 1, 1, 1, 1, 0, 1], [0, 0, 0, 0, 0, 0, 0, 0, 0, 0, 0, 0, 0, 0, 0, 0, 0, 0, 0, 0, 0]], "coordinates": [[40.0, 50.0], [44.0, 5.0], [42.0, 15.0], [40.0, 15.0], [95.0, 35.0], [92.0, 30.0], [90.0, 35.0], [88.0, 30.0], [88.0, 35.0], [85.0, 25.0], [42.0, 12.0], [55.0, 20.0], [30.0, 25.0], [65.0, 20.0], [35.0, 40.0], [41.0, 37.0], [64.0, 42.0], [60.0, 12.0], [37.0, 31.0], [63.0, 23.0], [40.0, 50.0]]}, "cluster_count": 3, "cluster_speeds": [[1.5, 1.0, 1.67, 1.17, 1.33], [1.17, 0.67, 1.33, 0.83, 1.0], [1.0, 0.33, 0.67, 0.5, 0.83]], "clusters": [[0, 1, 1, 0, 0, 0, 1, 1, 1, 1, 2, 0, 2, 1, 1, 2, 2, 1, 2, 2, 1], [2, 0, 1, 2, 1, 0, 1, 0, 2, 2, 2, 2, 0, 1, 0, 2, 2, 1, 2, 0, 1], [0, 0, 2, 1, 0, 0, 0, 1, 1, 0, 0, 1, 2, 2, 0, 1, 0, 2, 2, 0, 2], [1, 0, 2, 1, 1, 0, 2, 1, 0, 1, 1, 1, 0, 0, 2, 0, 0, 2, 1, 1, 2], [0, 1, 0, 2, 0, 0, 1, 1, 0, 2, 1, 2, 1, 1, 1, 1, 2, 0, 1, 1, 1], [2, 1, 2, 2, 1, 0, 1, 2, 2, 2, 1, 2, 1, 1, 2, 1, 0, 0, 2, 1, 0], [0, 0, 1, 0, 1, 2, 0, 0, 2, 2, 1, 1, 2, 2, 1, 0, 0, 2, 1, 0, 1], [1, 0, 0, 2, 2, 0, 2, 2, 0, 1, 0, 0, 0, 2, 2, 1, 0, 0, 0, 1, 2], [0, 2, 2, 2, 2, 1, 2, 0, 1, 0, 1, 0, 0, 2, 0, 2, 1, 1, 1, 0, 0], [1, 1, 1, 1, 0, 1, 1, 2, 1, 0, 0, 2, 1, 1, 1, 2, 0, 0, 1, 2, 1], [2, 0, 2, 2, 1, 2, 0, 2, 1, 0, 0, 1, 2, 0, 0, 1, 1, 0, 2, 2, 2], [2, 0, 0, 2, 1, 1, 2, 2, 2, 0, 0, 2, 0, 1, 0, 1, 2, 1, 2, 0, 2], [2, 1, 0, 2, 1, 0, 0, 2, 1, 1, 2, 0, 0, 1, 0, 2, 1, 0, 2, 1, 0], [0, 1, 2, 1, 2, 2, 1, 0, 0, 2, 2, 2, 0, 1, 0, 2, 1, 2, 1, 0, 2], [2, 1, 2, 0, 2, 0, 0, 2, 1, 0, 1, 2, 2, 1, 0, 2, 0, 0, 1, 0, 1], [2, 1, 2, 0, 2, 1, 0, 0, 1, 0, 2, 2, 1, 2, 1, 1, 0, 0, 0, 2, 1], [0, 2, 2, 1, 2, 2, 1, 1, 0, 1, 1, 0, 2, 0, 1, 1, 2, 2, 1, 1, 0], [1, 0, 0, 2, 1, 1, 1, 2, 2, 2, 1, 2, 0, 0, 1, 2, 0, 1, 0, 1, 0], [0, 2, 2, 2, 0, 0, 1, 2, 0, 2, 2, 1, 0, 0, 0, 2, 0, 2, 2, 0, 1], [2, 0, 1, 2, 2, 1, 0, 0, 1, 0, 2, 0, 2, 0, 2, 1, 1, 1, 0, 2, 1], [2, 0, 1, 0, 0, 1, 0, 0, 2, 2, 0, 0, 2, 2, 1, 0, 1, 1, 2, 0, 1]], "speed_zone_count": 5, "speed_zones": [[0.0, 19200.0], [19200.0, 28800.0], [28800.0, 67200.0], [67200.0, 76800.0], [76800.0, 96000.0]], "distances": [[0, 4517, 3505, 3500, 5700, 5571, 5220, 5200, 5028, 5147, 3805, 3354, 2692, 3905, 1118, 1303, 2529, 4294, 1923, 3546, 0], [5517, 1000, 2019, 2077, 6916, 6412, 6491, 6060, 6325, 5561, 1728, 2860, 3441, 3580, 4613, 4214, 5205, 2746, 3692, 3617, 5517], [4505, 2019, 1000, 1200, 6664, 6220, 6200, 5838, 6015, 5414, 1300, 2392, 2562, 3353, 3596, 3202, 4482, 2824, 2676, 3247, 4505], [4500, 2077, 1200, 1000, 6852, 6412, 6385, 6028, 6200, 5609, 1360, 2581, 2414, 3549, 3549, 3202, 4612, 3022, 2627, 3435, 4500], [6700, 6916, 6664, 6852, 1000, 1583, 1500, 1860, 1700, 2414, 6777, 5272, 7576, 4354, 7020, 6403, 4178, 5188, 6813, 4417, 6700], [6571, 6412, 6220, 6412, 1583, 1000, 1538, 1400, 1640, 1860, 6314, 4832, 7220, 3879, 6787, 6147, 4046, 4671, 6500, 3983, 6571], [6220, 6491, 6200, 6385, 1500, 1538, 1000, 1538, 1200, 2118, 6322, 4807, 7082, 3915, 6522, 5904, 3692, 4780, 6315, 3954, 6220], [6200, 6060, 5838, 6028, 1860, 1400, 1538, 1000, 1500, 1583, 5939, 4448, 6821, 3507, 6393, 5751, 3683, 4328, 6100, 3596, 6200], [6028, 6325, 6015, 6200, 1700, 1640, 1200, 1500, 1000, 2044, 6142, 4624, 6885, 3745, 6323, 5704, 3500, 4623, 6115, 3773, 6028], [6147, 5561, 5414, 5609, 2414, 1860, 2118, 1583, 2044, 1000, 5492, 4041, 6500, 3061, 6220, 5560, 3701, 3817, 5837, 3209, 6147], [4805, 1728, 1300, 1360, 6777, 6314, 6322, 5939, 6142, 5492, 1000, 2526, 2769, 3435, 3886, 3501, 4720, 2800, 2964, 3370, 4805], [4354, 2860, 2392, 2581, 5272, 4832, 4807, 4448, 4624, 4041, 2526, 1000, 3549, 2000, 3828, 3202, 3376, 1943, 3109, 1854, 4354], [3692, 3441, 2562, 2414, 7576, 7220, 7082, 6821, 6885, 6500, 2769, 3549, 1000, 4535, 2581, 2627, 4801, 4269, 1921, 4306, 3692], [4905, 3580, 3353, 3549, 4354, 3879, 3915, 3507, 3745, 3061, 3435, 2000, 4535, 1000, 4605, 3941, 3202, 1943, 4008, 1360, 4905], [2118, 4613, 3596, 3549, 7020, 6787, 6522, 6393, 6323, 6220, 3886, 3828, 2581, 4605, 1000, 1670, 3906, 4753, 1921, 4275, 2118], [2303, 4214, 3202, 3202, 6403, 6147, 5904, 5751, 5704, 5560, 3501, 3202, 2627, 3941, 1670, 1000, 3353, 4140, 1721, 3607, 2303], [3529, 5205, 4482, 4612, 4178, 4046, 3692, 3683, 3500, 3701, 4720, 3376, 4801, 3202, 3906, 3353, 1000, 4026, 3915, 2902, 3529], [5294, 2746, 2824, 3022, 5188, 4671, 4780, 4328, 4623, 3817, 2800, 1943, 4269, 1943, 4753, 4140, 4026, 1000, 3983, 2140, 5294], [2923, 3692, 2676, 2627, 6813, 6500, 6315, 6100, 6115, 5837, 2964, 3109, 1921, 4008, 1921, 1721, 3915, 3983, 1000, 3720, 2923], [4546, 3617, 3247, 3435, 4417, 3983, 3954, 3596, 3773, 3209, 3370, 1854, 4306, 1360, 4275, 3607, 2902, 2140, 3720, 1000, 4546], [0, 4517, 3505, 3500, 5700, 5571, 5220, 5200, 5028, 5147, 3805, 3354, 2692, 3905, 1118, 1303, 2529, 4294, 1923, 3546, 0]], "time_windows": [[0.0, 96000.0], [33500.0, 45500.0], [53700.0, 65700.0], [37500.0, 49500.0], [14600.0, 26600.0], [14900.0, 26900.0], [19400.0, 31400.0], [24600.0, 36600.0], [16500.0, 28500.0], [8000.0, 20000.0], [44000.0, 56000.0], [32600.0, 44600.0], [39700.0, 51700.0], [3900.0, 15900.0], [1100.0, 13100.0], [56600.0, 68600.0], [26800.0, 38800.0], [26800.0, 38800.0], [10500.0, 22500.0], [34400.0, 46400.0], [0.0, 96000.0]], "start_depot": 0, "end_depot": 20, "horizon": [0.0, 96000.0]}