{"digraph": {"vertex_count": 20, "arc_count": 342, "arcs": [[0, 1, 1, 1, 1, 1, 1, 1, 1, 1, 1, 1, 1, 1, 1, 1, 1, 1, 1, 1], [0, 0, 1, 1, 1, 1, 1, 1, 1, 1, 1, 1, 1, 1, 1, 1, 1, 1, 1, 1], [0, 1, 0, 1, 1, 1, 1, 1, 1, 1, 1, 1, 1, 1, 1, 1, 1, 1, 1, 1], [0, 1, 1, 0, 1, 1, 1, 1, 1, 1, 1, 1, 1, 1, 1, 1, 1, 1, 1, 1], [0, 1, 1, 1, 0, 1, 1, 1, 1, 1, 1, 1, 1, 1, 1, 1, 1, 1, 1, 1], [0, 1, 1, 1, 1, 0, 1, 1, 1, 1, 1, 1, 1, 1, 1, 1, 1, 1, 1, 1], [0, 1, 1, 1, 1, 1, 0, 1, 1, 1, 1, 1, 1, 1, 1, 1, 1, 1, 1, 1], [0, 1, 1, 1, 1, 1, 1, 0, 1, 1, 1, 1, 1, 1, 1, 1, 1, 1, 1, 1], [0, 1, 1, 1, 1, 1, 1, 1, 0, 1, 1, 1, 1, 1, 1, 1, 1, 1, 1, 1], [0, 1, 1, 1, 1, 1, 1, 1, 1, 0, 1, 1, 1, 1, 1, 1, 1, 1, 1, 1], [0, 1, 1, 1, 1, 1, 1, 1, 1, 1, 0, 1, 1, 1, 1, 1, 1, 1, 1, 1], [0, 1, 1, 1, 1, 1, 1, 1, 1, 1, 1, 0, 1, 1, 1, 1, 1, 1, 1, 1], [0, 1, 1, 1, 1, 1, 1, 1, 1, 1, 1, 1, 0, 1, 1, 1, 1, 1, 1, 1], [0, 1, 1, 1, 1, 1, 1, 1, 1, 1, 1, 1, 1, 0, 1, 1, 1, 1, 1, 1], [0, 1, 1, 1, 1, 1, 1, 1, 1, 1, 1, 1, 1, 1, 0, 1, 1, 1, 1, 1], [0, 1, 1, 1, 1, 1, 1, 1, 1, 1, 1, 1, 1, 1, 1, 0, 1, 1, 1, 1], [0, 1, 1, 1, 1, 1, 1, 1, 1, 1, 1, 1, 1, 1, 1, 1, 0, 1, 1, 1], [0, 1, 1, 1, 1, 1, 1, 1, 1, 1, 1, 1, 1, 1, 1, 1, 1, 0, 1, 1], [0, 1, 1, 1, 1, 1, 1, 1, 1, 1, 1, 1, 1, 1, 1, 1, 1, 1, 0, 1], [0, 0, 0, 0, 0, 0, 0, 0, 0, 0, 0, 0, 0, 0, 0, 0, 0, 0, 0, 0]], "coordinates": [[40.0, 50.0], [18.0, 75.0], [15.0, 80.0], [38.0, 15.0], [62.0, 80.0], [60.0, 85.0], [58.0, 75.0], [55.0, 82.0], [30.0, 25.0], [45.0, 30.0], [35.0, 40.0], [31.0, 52.0], [21.0, 24.0], [37.0, 31.0], [24.0, 58.0], [37.0, 47.0], [49.0, 42.0], [53.0, 43.0], [26.0, 52.0], [40.0, 50.0]]}, "cluster_count": 3, "cluster_speeds": [[1.5, 1.0, 1.67, 1.17, 1.33], [1.17, 0.67, 1.33, 0.83, 1.0], [1.0, 0.33, 0.67, 0.5, 0.83]], "clusters": [[1, 1, 1, 0, 2, 0, 0, 1, 0, 1, 0, 0, 1, 1, 0, 2, 0, 2, 2, 0], [1, 0, 2, 2, 1, 0, 2, 0, 0, 0, 1, 1, 0, 0, 0, 2, 1, 0, 0, 2], [0, 1, 1, 1, 0, 0, 2, 1, 2, 2, 2, 0, 0, 0, 2, 0, 1, 1, 1, 1], [0, 1, 0, 0, 2, 0, 2, 1, 2, 1, 2, 2, 0, 2, 0, 1, 1, 2, 1, 2], [2, 0, 2, 0, 1, 2, 2, 0, 1, 1, 2, 0, 0, 2, 0, 0, 2, 1, 0, 2], [2, 2, 2, 1, 1, 2, 1, 0, 2, 0, 0, 0, 2, 0, 1, 2, 0, 2, 1, 2], [1, 1, 2, 1, 0, 0, 1, 1, 1, 2, 0, 0, 1, 0, 0, 2, 0, 1, 1, 1], [1, 2, 2, 1, 0, 0, 2, 1, 0, 1, 0, 1, 0, 2, 0, 2, 2, 0, 0, 2], [2, 2, 2, 0, 2, 2, 0, 2, 0, 0, 2, 1, 0, 0, 0, 2, 0, 1, 2, 1], [1, 2, 0, 2, 1, 0, 0, 1, 2, 1, 1, 0, 2, 0, 2, 2, 2, 0, 0, 0], [1, 1, 2, 2, 2, 2, 2, 1, 2, 2, 1, 2, 2, 0, 2, 2, 2, 2, 2, 1], [0, 0, 1, 2, 2, 0, 0, 0, 0, 0, 1, 1, 2, 1, 1, 0, 0, 1, 2, 2], [0, 2, 2, 2, 0, 2, 0, 0, 1, 1, 0, 2, 2, 0, 2, 0, 2, 1, 2, 0], [0, 2, 0, 0, 2, 1, 2, 0, 1, 0, 2, 0, 1, 1, 2, 2, 1, 2, 0, 2], [1, 2, 1, 2, 0, 1, 2, 2, 2, 2, 1, 0, 1, 2, 1, 1, 2, 2, 0, 1], [0, 1, 1, 2, 1, 1, 2, 1, 0, 2, 0, 2, 0, 0, 2, 2, 1, 1, 2, 2], [1, 1, 0, 1, 1, 0, 1, 0, 1, 1, 1, 1, 1, 2, 0, 1, 2, 0, 2, 1], [0, 2, 1, 2, 2, 2, 1, 0, 2, 2, 2, 0, 0, 1, 1, 1, 0, 2, 2, 1], [1, 2, 1, 0, 0, 1, 0, 1, 0, 1, 0, 1, 2, 1, 0, 0, 0, 1, 2, 1], [2, 0, 1, 2, 1, 2, 1, 1, 0, 0, 0, 1, 0, 1, 2, 2, 0, 1, 2, 0]], "speed_zone_count": 5, "speed_zones": [[0.0, 19200.0], [19200.0, 28800.0], [28800.0, 67200.0], [67200.0, 76800.0], [76800.0, 96000.0]], "distances": [[0, 3330, 3905, 3505, 3720, 4031, 3080, 3534, 2692, 2061, 1118, 921, 3220, 1923, 1788, 424, 1204, 1476, 1414, 0], [4330, 1000, 1583, 7324, 5428, 5317, 5000, 4765, 6141, 6247, 4891, 3641, 6108, 5792, 2802, 4383, 5527, 5742, 3435, 4330], [4905, 1583, 1000, 7894, 5700, 5527, 5328, 5004, 6700, 6830, 5472, 4224, 6632, 6371, 3376, 4966, 6099, 6303, 4008, 4905], [4505, 7324, 7894, 1000, 7928, 8337, 7324, 7912, 2280, 2655, 3517, 4765, 2923, 2603, 5522, 4201, 3915, 4176, 4889, 4505], [4720, 5428, 5700, 7928, 1000, 1538, 1640, 1728, 7363, 6281, 5825, 5177, 7940, 6500, 5390, 5140, 5016, 4807, 5560, 4720], [5031, 5317, 5527, 8337, 1538, 1000, 2019, 1583, 7708, 6700, 6147, 5393, 8240, 6869, 5500, 5441, 5438, 5257, 5738, 5031], [4080, 5000, 5328, 7324, 1640, 2019, 1000, 1761, 6730, 5684, 5188, 4546, 7300, 5875, 4801, 4500, 4420, 4238, 4940, 4080], [4534, 4765, 5004, 7912, 1728, 1583, 1761, 1000, 7224, 6295, 5651, 4841, 7723, 6408, 4920, 4935, 5044, 4905, 5172, 4534], [3692, 6141, 6700, 2280, 7363, 7708, 6730, 7224, 1000, 2581, 2581, 3701, 1905, 1921, 4354, 3308, 3549, 3920, 3729, 3692], [3061, 6247, 6830, 2655, 6281, 6700, 5684, 6295, 2581, 1000, 2414, 3607, 3473, 1806, 4500, 2878, 2264, 2526, 3906, 3061], [2118, 4891, 5472, 3517, 5825, 6147, 5188, 5651, 2581, 2414, 1000, 2264, 3126, 1921, 3109, 1728, 2414, 2824, 2500, 2118], [1921, 3641, 4224, 4765, 5177, 5393, 4546, 4841, 3701, 3607, 2264, 1000, 3973, 3184, 1921, 1781, 3059, 3376, 1500, 1921], [4220, 6108, 6632, 2923, 7940, 8240, 7300, 7723, 1905, 3473, 3126, 3973, 1000, 2746, 4413, 3801, 4328, 4721, 3844, 4220], [2923, 5792, 6371, 2603, 6500, 6869, 5875, 6408, 1921, 1806, 1921, 3184, 2746, 1000, 3996, 2600, 2627, 3000, 3370, 2923], [2788, 2802, 3376, 5522, 5390, 5500, 4801, 4920, 4354, 4500, 3109, 1921, 4413, 3996, 1000, 2702, 3968, 4264, 1632, 2788], [1424, 4383, 4966, 4201, 5140, 5441, 4500, 4935, 3308, 2878, 1728, 1781, 3801, 2600, 2702, 1000, 2300, 2649, 2208, 1424], [2204, 5527, 6099, 3915, 5016, 5438, 4420, 5044, 3549, 2264, 2414, 3059, 4328, 2627, 3968, 2300, 1000, 1412, 3507, 2204], [2476, 5742, 6303, 4176, 4807, 5257, 4238, 4905, 3920, 2526, 2824, 3376, 4721, 3000, 4264, 2649, 1412, 1000, 3846, 2476], [2414, 3435, 4008, 4889, 5560, 5738, 4940, 5172, 3729, 3906, 2500, 1500, 3844, 3370, 1632, 2208, 3507, 3846, 1000, 2414], [0, 3330, 3905, 3505, 3720, 4031, 3080, 3534, 2692, 2061, 1118, 921, 3220, 1923, 1788, 424, 1204, 1476, 1414, 0]], "time_windows": [[0.0, 96000.0], [38800.0, 50800.0], [36700.0, 48700.0], [0.0, 91400.0], [27800.0, 39800.0], [32900.0, 44900.0], [37600.0, 49600.0], [21700.0, 33700.0], [0.0, 92300.0], [19100.0, 31100.0], [1100.0, 13100.0], [15700.0, 27700.0], [0.0, 91700.0], [0.0, 93000.0], [26000.0, 38000.0], [0.0, 94500.0], [0.0, 93700.0], [1400.0, 13400.0], [0.0, 93500.0], [0.0, 96000.0]], "start_depot": 0, "end_depot": 19, "horizon": [0.0, 96000.0]}