{"digraph": {"vertex_count": 16, "arc_count": 210, "arcs": [[0, 1, 1, 1, 1, 1, 1, 1, 1, 1, 1, 1, 1, 1, 1, 1], [0, 0, 1, 1, 1, 1, 1, 1, 1, 1, 1, 1, 1, 1, 1, 1], [0, 1, 0, 1, 1, 1, 1, 1, 1, 1, 1, 1, 1, 1, 1, 1], [0, 1, 1, 0, 1, 1, 1, 1, 1, 1, 1, 1, 1, 1, 1, 1], [0, 1, 1, 1, 0, 1, 1, 1, 1, 1, 1, 1, 1, 1, 1, 1], [0, 1, 1, 1, 1, 0, 1, 1, 1, 1, 1, 1, 1, 1, 1, 1], [0, 1, 1, 1, 1, 1, 0, 1, 1, 1, 1, 1, 1, 1, 1, 1], [0, 1, 1, 1, 1, 1, 1, 0, 1, 1, 1, 1, 1, 1, 1, 1], [0, 1, 1, 1, 1, 1, 1, 1, 0, 1, 1, 1, 1, 1, 1, 1], [0, 1, 1, 1, 1, 1, 1, 1, 1, 0, 1, 1, 1, 1, 1, 1], [0, 1, 1, 1, 1, 1, 1, 1, 1, 1, 0, 1, 1, 1, 1, 1], [0, 1, 1, 1, 1, 1, 1, 1, 1, 1, 1, 0, 1, 1, 1, 1], [0, 1, 1, 1, 1, 1, 1, 1, 1, 1, 1, 1, 0, 1, 1, 1], [0, 1, 1, 1, 1, 1, 1, 1, 1, 1, 1, 1, 1, 0, 1, 1], [0, 1, 1, 1, 1, 1, 1, 1, 1, 1, 1, 1, 1, 1, 0, 1], [0, 0, 0, 0, 0, 0, 0, 0, 0, 0, 0, 0, 0, 0, 0, 0]], "coordinates": [[40.0, 50.0], [25.0, 85.0], [22.0, 85.0], [20.0, 85.0], [15.0, 75.0], [8.0, 40.0], [2.0, 40.0], [0.0, 40.0], [55.0, 85.0], [20.0, 82.0], [18.0, 80.0], [45.0, 65.0], [2.0, 60.0], [27.0, 43.0], [26.0, 35.0], [40.0, 50.0]]}, "cluster_count": 3, "cluster_speeds": [[1.5, 1.0, 1.67, 1.17, 1.33], [1.17, 0.67, 1.33, 0.83, 1.0], [1.0, 0.33, 0.67, 0.5, 0.83]], "clusters": [[0, 2, 1, 0, 1, 0, 1, 0, 0, 0, 2, 1, 0, 0, 0, 1], [2, 2, 0, 1, 0, 0, 1, 2, 0, 0, 2, 0, 2, 2, 0, 2], [2, 1, 2, 0, 2, 0, 1, 1, 1, 2, 1, 0, 0, 0, 0, 1], [0, 1, 2, 1, 2, 1, 2, 1, 0, 0, 0, 2, 1, 2, 0, 2], [0, 1, 2, 1, 1, 2, 1, 1, 2, 0, 1, 1, 0, 2, 2, 1], [1, 2, 1, 1, 0, 0, 2, 1, 0, 2, 0, 1, 0, 2, 2, 2], [1, 1, 0, 1, 0, 0, 1, 0, 1, 1, 0, 1, 0, 0, 2, 0], [1, 0, 0, 0, 2, 0, 0, 0, 2, 1, 2, 1, 2, 2, 2, 2], [0, 0, 0, 1, 1, 1, 1, 1, 0, 1, 0, 0, 0, 2, 2, 0], [2, 0, 1, 0, 2, 0, 2, 1, 1, 1, 1, 1, 2, 1, 1, 1], [1, 1, 0, 2, 2, 1, 2, 1, 0, 0, 0, 1, 1, 1, 1, 0], [1, 0, 1, 2, 2, 0, 2, 1, 0, 1, 0, 1, 0, 0, 0, 2], [1, 1, 0, 2, 0, 1, 0, 1, 2, 2, 1, 2, 2, 0, 0, 0], [2, 2, 2, 1, 0, 1, 0, 0, 2, 2, 0, 2, 2, 1, 0, 0], [2, 0, 1, 1, 2, 2, 0, 2, 0, 1, 2, 0, 2, 0, 0, 1], [0, 2, 2, 2, 1, 0, 0, 1, 1, 1, 0, 1, 1, 1, 1, 2]], "speed_zone_count": 5, "speed_zones": [[0.0, 19200.0], [19200.0, 28800.0], [28800.0, 67200.0], [67200.0, 76800.0], [76800.0, 96000.0]], "distances": [[0, 3807, 3935, 4031, 3535, 3352, 3929, 4123, 3807, 3773, 3720, 1581, 3929, 1476, 2051, 0], [4807, 1000, 1300, 1500, 2414, 5810, 6053, 6147, 4000, 1583, 1860, 3828, 4397, 5204, 6000, 4807], [4935, 1300, 1000, 1200, 2220, 5712, 5924, 6008, 4300, 1360, 1640, 4047, 4201, 5229, 6015, 4935], [5031, 1500, 1200, 1000, 2118, 5657, 5846, 5924, 4500, 1300, 1538, 4201, 4080, 5257, 6035, 5031], [4535, 2414, 2220, 2118, 1000, 4569, 4733, 4807, 5123, 1860, 1583, 4162, 2984, 4417, 5148, 4535], [4352, 5810, 5712, 5657, 4569, 1000, 1600, 1800, 7506, 5368, 5123, 5465, 3088, 2923, 2868, 4352], [4929, 6053, 5924, 5846, 4733, 1600, 1000, 1200, 7952, 5569, 5308, 5973, 3000, 3517, 3451, 4929], [5123, 6147, 6008, 5924, 4807, 1800, 1200, 1000, 8106, 5651, 5386, 6147, 3009, 3716, 3647, 5123], [4807, 4000, 4300, 4500, 5123, 7506, 7952, 8106, 1000, 4512, 4733, 3236, 6860, 6047, 6780, 4807], [4773, 1583, 1360, 1300, 1860, 5368, 5569, 5651, 4512, 1000, 1282, 4023, 3842, 4962, 5738, 4773], [4720, 1860, 1640, 1538, 1583, 5123, 5308, 5386, 4733, 1282, 1000, 4088, 3561, 4807, 5570, 4720], [2581, 3828, 4047, 4201, 4162, 5465, 5973, 6147, 3236, 4023, 4088, 1000, 5328, 3842, 4551, 2581], [4929, 4397, 4201, 4080, 2984, 3088, 3000, 3009, 6860, 3842, 3561, 5328, 1000, 4023, 4465, 4929], [2476, 5204, 5229, 5257, 4417, 2923, 3517, 3716, 6047, 4962, 4807, 3842, 4023, 1000, 1806, 2476], [3051, 6000, 6015, 6035, 5148, 2868, 3451, 3647, 6780, 5738, 5570, 4551, 4465, 1806, 1000, 3051], [0, 3807, 3935, 4031, 3535, 3352, 3929, 4123, 3807, 3773, 3720, 1581, 3929, 1476, 2051, 0]], "time_windows": [[0.0, 96000.0], [0.0, 91100.0], [0.0, 91000.0], [0.0, 90900.0], [0.0, 91400.0], [19500.0, 31500.0], [17400.0, 29400.0], [0.0, 90800.0], [0.0, 91100.0], [3700.0, 15700.0], [0.0, 91200.0], [0.0, 93400.0], [0.0, 91000.0], [0.0, 93500.0], [30800.0, 42800.0], [0.0, 96000.0]], "start_depot": 0, "end_depot": 15, "horizon": [0.0, 96000.0]}