{"digraph": {"vertex_count": 37, "arc_count": 1260, "arcs": [[0, 1, 1, 1, 1, 1, 1, 1, 1, 1, 1, 1, 1, 1, 1, 1, 1, 1, 1, 1, 1, 1, 1, 1, 1, 1, 1, 1, 1, 1, 1, 1, 1, 1, 1, 1, 1], [0, 0, 1, 1, 1, 1, 1, 1, 1, 1, 1, 1, 1, 1, 1, 1, 1, 1, 1, 1, 1, 1, 1, 1, 1, 1, 1, 1, 1, 1, 1, 1, 1, 1, 1, 1, 1], [0, 1, 0, 1, 1, 1, 1, 1, 1, 1, 1, 1, 1, 1, 1, 1, 1, 1, 1, 1, 1, 1, 1, 1, 1, 1, 1, 1, 1, 1, 1, 1, 1, 1, 1, 1, 1], [0, 1, 1, 0, 1, 1, 1, 1, 1, 1, 1, 1, 1, 1, 1, 1, 1, 1, 1, 1, 1, 1, 1, 1, 1, 1, 1, 1, 1, 1, 1, 1, 1, 1, 1, 1, 1], [0, 1, 1, 1, 0, 1, 1, 1, 1, 1, 1, 1, 1, 1, 1, 1, 1, 1, 1, 1, 1, 1, 1, 1, 1, 1, 1, 1, 1, 1, 1, 1, 1, 1, 1, 1, 1], [0, 1, 1, 1, 1, 0, 1, 1, 1, 1, 1, 1, 1, 1, 1, 1, 1, 1, 1, 1, 1, 1, 1, 1, 1, 1, 1, 1, 1, 1, 1, 1, 1, 1, 1, 1, 1], [0, 1, 1, 1, 1, 1, 0, 1, 1, 1, 1, 1, 1, 1, 1, 1, 1, 1, 1, 1, 1, 1, 1, 1, 1, 1, 1, 1, 1, 1, 1, 1, 1, 1, 1, 1, 1], [0, 1, 1, 1, 1, 1, 1, 0, 1, 1, 1, 1, 1, 1, 1, 1, 1, 1, 1, 1, 1, 1, 1, 1, 1, 1, 1, 1, 1, 1, 1, 1, 1, 1, 1, 1, 1], [0, 1, 1, 1, 1, 1, 1, 1, 0, 1, 1, 1, 1, 1, 1, 1, 1, 1, 1, 1, 1, 1, 1, 1, 1, 1, 1, 1, 1, 1, 1, 1, 1, 1, 1, 1, 1], [0, 1, 1, 1, 1, 1, 1, 1, 1, 0, 1, 1, 1, 1, 1, 1, 1, 1, 1, 1, 1, 1, 1, 1, 1, 1, 1, 1, 1, 1, 1, 1, 1, 1, 1, 1, 1], [0, 1, 1, 1, 1, 1, 1, 1, 1, 1, 0, 1, 1, 1, 1, 1, 1, 1, 1, 1, 1, 1, 1, 1, 1, 1, 1, 1, 1, 1, 1, 1, 1, 1, 1, 1, 1], [0, 1, 1, 1, 1, 1, 1, 1, 1, 1, 1, 0, 1, 1, 1, 1, 1, 1, 1, 1, 1, 1, 1, 1, 1, 1, 1, 1, 1, 1, 1, 1, 1, 1, 1, 1, 1], [0, 1, 1, 1, 1, 1, 1, 1, 1, 1, 1, 1, 0, 1, 1, 1, 1, 1, 1, 1, 1, 1, 1, 1, 1, 1, 1, 1, 1, 1, 1, 1, 1, 1, 1, 1, 1], [0, 1, 1, 1, 1, 1, 1, 1, 1, 1, 1, 1, 1, 0, 1, 1, 1, 1, 1, 1, 1, 1, 1, 1, 1, 1, 1, 1, 1, 1, 1, 1, 1, 1, 1, 1, 1], [0, 1, 1, 1, 1, 1, 1, 1, 1, 1, 1, 1, 1, 1, 0, 1, 1, 1, 1, 1, 1, 1, 1, 1, 1, 1, 1, 1, 1, 1, 1, 1, 1, 1, 1, 1, 1], [0, 1, 1, 1, 1, 1, 1, 1, 1, 1, 1, 1, 1, 1, 1, 0, 1, 1, 1, 1, 1, 1, 1, 1, 1, 1, 1, 1, 1, 1, 1, 1, 1, 1, 1, 1, 1], [0, 1, 1, 1, 1, 1, 1, 1, 1, 1, 1, 1, 1, 1, 1, 1, 0, 1, 1, 1, 1, 1, 1, 1, 1, 1, 1, 1, 1, 1, 1, 1, 1, 1, 1, 1, 1], [0, 1, 1, 1, 1, 1, 1, 1, 1, 1, 1, 1, 1, 1, 1, 1, 1, 0, 1, 1, 1, 1, 1, 1, 1, 1, 1, 1, 1, 1, 1, 1, 1, 1, 1, 1, 1], [0, 1, 1, 1, 1, 1, 1, 1, 1, 1, 1, 1, 1, 1, 1, 1, 1, 1, 0, 1, 1, 1, 1, 1, 1, 1, 1, 1, 1, 1, 1, 1, 1, 1, 1, 1, 1], [0, 1, 1, 1, 1, 1, 1, 1, 1, 1, 1, 1, 1, 1, 1, 1, 1, 1, 1, 0, 1, 1, 1, 1, 1, 1, 1, 1, 1, 1, 1, 1, 1, 1, 1, 1, 1], [0, 1, 1, 1, 1, 1, 1, 1, 1, 1, 1, 1, 1, 1, 1, 1, 1, 1, 1, 1, 0, 1, 1, 1, 1, 1, 1, 1, 1, 1, 1, 1, 1, 1, 1, 1, 1], [0, 1, 1, 1, 1, 1, 1, 1, 1, 1, 1, 1, 1, 1, 1, 1, 1, 1, 1, 1, 1, 0, 1, 1, 1, 1, 1, 1, 1, 1, 1, 1, 1, 1, 1, 1, 1], [0, 1, 1, 1, 1, 1, 1, 1, 1, 1, 1, 1, 1, 1, 1, 1, 1, 1, 1, 1, 1, 1, 0, 1, 1, 1, 1, 1, 1, 1, 1, 1, 1, 1, 1, 1, 1], [0, 1, 1, 1, 1, 1, 1, 1, 1, 1, 1, 1, 1, 1, 1, 1, 1, 1, 1, 1, 1, 1, 1, 0, 1, 1, 1, 1, 1, 1, 1, 1, 1, 1, 1, 1, 1], [0, 1, 1, 1, 1, 1, 1, 1, 1, 1, 1, 1, 1, 1, 1, 1, 1, 1, 1, 1, 1, 1, 1, 1, 0, 1, 1, 1, 1, 1, 1, 1, 1, 1, 1, 1, 1], [0, 1, 1, 1, 1, 1, 1, 1, 1, 1, 1, 1, 1, 1, 1, 1, 1, 1, 1, 1, 1, 1, 1, 1, 1, 0, 1, 1, 1, 1, 1, 1, 1, 1, 1, 1, 1], [0, 1, 1, 1, 1, 1, 1, 1, 1, 1, 1, 1, 1, 1, 1, 1, 1, 1, 1, 1, 1, 1, 1, 1, 1, 1, 0, 1, 1, 1, 1, 1, 1, 1, 1, 1, 1], [0, 1, 1, 1, 1, 1, 1, 1, 1, 1, 1, 1, 1, 1, 1, 1, 1, 1, 1, 1, 1, 1, 1, 1, 1, 1, 1, 0, 1, 1, 1, 1, 1, 1, 1, 1, 1], [0, 1, 1, 1, 1, 1, 1, 1, 1, 1, 1, 1, 1, 1, 1, 1, 1, 1, 1, 1, 1, 1, 1, 1, 1, 1, 1, 1, 0, 1, 1, 1, 1, 1, 1, 1, 1], [0, 1, 1, 1, 1, 1, 1, 1, 1, 1, 1, 1, 1, 1, 1, 1, 1, 1, 1, 1, 1, 1, 1, 1, 1, 1, 1, 1, 1, 0, 1, 1, 1, 1, 1, 1, 1], [0, 1, 1, 1, 1, 1, 1, 1, 1, 1, 1, 1, 1, 1, 1, 1, 1, 1, 1, 1, 1, 1, 1, 1, 1, 1, 1, 1, 1, 1, 0, 1, 1, 1, 1, 1, 1], [0, 1, 1, 1, 1, 1, 1, 1, 1, 1, 1, 1, 1, 1, 1, 1, 1, 1, 1, 1, 1, 1, 1, 1, 1, 1, 1, 1, 1, 1, 1, 0, 1, 1, 1, 1, 1], [0, 1, 1, 1, 1, 1, 1, 1, 1, 1, 1, 1, 1, 1, 1, 1, 1, 1, 1, 1, 1, 1, 1, 1, 1, 1, 1, 1, 1, 1, 1, 1, 0, 1, 1, 1, 1], [0, 1, 1, 1, 1, 1, 1, 1, 1, 1, 1, 1, 1, 1, 1, 1, 1, 1, 1, 1, 1, 1, 1, 1, 1, 1, 1, 1, 1, 1, 1, 1, 1, 0, 1, 1, 1], [0, 1, 1, 1, 1, 1, 1, 1, 1, 1, 1, 1, 1, 1, 1, 1, 1, 1, 1, 1, 1, 1, 1, 1, 1, 1, 1, 1, 1, 1, 1, 1, 1, 1, 0, 1, 1], [0, 1, 1, 1, 1, 1, 1, 1, 1, 1, 1, 1, 1, 1, 1, 1, 1, 1, 1, 1, 1, 1, 1, 1, 1, 1, 1, 1, 1, 1, 1, 1, 1, 1, 1, 0, 1], [0, 0, 0, 0, 0, 0, 0, 0, 0, 0, 0, 0, 0, 0, 0, 0, 0, 0, 0, 0, 0, 0, 0, 0, 0, 0, 0, 0, 0, 0, 0, 0, 0, 0, 0, 0, 0]], "coordinates": [[40.0, 50.0], [25.0, 85.0], [22.0, 75.0], [22.0, 85.0], [20.0, 80.0], [20.0, 85.0], [18.0, 75.0], [15.0, 75.0], [15.0, 80.0], [10.0, 35.0], [10.0, 40.0], [8.0, 40.0], [8.0, 45.0], [5.0, 35.0], [5.0, 45.0], [2.0, 40.0], [0.0, 40.0], [0.0, 45.0], [20.0, 82.0], [18.0, 80.0], [2.0, 45.0], [25.0, 30.0], [20.0, 50.0], [30.0, 60.0], [10.0, 20.0], [15.0, 60.0], [40.0, 60.0], [35.0, 69.0], [2.0, 60.0], [8.0, 56.0], [6.0, 68.0], [21.0, 24.0], [12.0, 24.0], [24.0, 58.0], [26.0, 35.0], [31.0, 67.0], [40.0, 50.0]]}, "cluster_count": 3, "cluster_speeds": [[1.5, 1.0, 1.67, 1.17, 1.33], [1.17, 0.67, 1.33, 0.83, 1.0], [1.0, 0.33, 0.67, 0.5, 0.83]], "clusters": [[2, 1, 0, 1, 0, 0, 0, 1, 2, 1, 1, 2, 2, 2, 0, 1, 0, 1, 1, 2, 2, 0, 1, 2, 2, 2, 0, 0, 2, 2, 2, 2, 2, 1, 2, 1, 2], [2, 1, 1, 1, 1, 2, 2, 0, 2, 0, 0, 0, 2, 0, 0, 0, 2, 1, 1, 0, 2, 0, 2, 0, 1, 0, 0, 0, 2, 0, 2, 0, 0, 1, 2, 1, 2], [2, 0, 2, 0, 0, 0, 2, 0, 2, 1, 2, 1, 1, 1, 1, 0, 1, 2, 0, 0, 2, 1, 1, 1, 0, 0, 2, 0, 1, 2, 0, 0, 2, 0, 1, 1, 1], [1, 1, 1, 0, 0, 1, 2, 1, 2, 2, 0, 0, 1, 1, 2, 0, 1, 1, 2, 1, 0, 0, 2, 1, 2, 0, 2, 2, 2, 0, 0, 0, 0, 1, 1, 0, 1], [0, 1, 1, 1, 2, 2, 2, 2, 1, 1, 0, 1, 2, 0, 0, 1, 1, 0, 0, 2, 1, 2, 2, 1, 1, 2, 1, 1, 0, 1, 2, 0, 0, 0, 1, 2, 0], [1, 0, 0, 0, 2, 2, 1, 2, 2, 1, 1, 1, 2, 1, 1, 1, 2, 1, 0, 1, 2, 0, 0, 2, 1, 2, 2, 1, 2, 1, 0, 1, 2, 2, 0, 2, 2], [0, 2, 0, 0, 1, 0, 1, 2, 2, 2, 0, 2, 2, 0, 2, 2, 1, 0, 2, 2, 2, 0, 0, 2, 0, 1, 0, 0, 2, 1, 2, 1, 0, 2, 0, 2, 0], [1, 1, 1, 1, 1, 0, 2, 1, 1, 1, 2, 2, 2, 1, 2, 1, 0, 2, 0, 1, 0, 2, 1, 1, 2, 0, 2, 0, 1, 2, 1, 0, 1, 2, 0, 0, 2], [2, 2, 1, 2, 1, 1, 2, 0, 1, 2, 0, 1, 2, 1, 2, 2, 0, 2, 1, 2, 1, 1, 1, 2, 0, 0, 0, 2, 1, 1, 1, 1, 0, 2, 1, 2, 1], [1, 1, 0, 1, 2, 0, 0, 1, 2, 1, 0, 2, 1, 2, 0, 1, 2, 2, 1, 0, 2, 1, 1, 2, 1, 1, 0, 2, 0, 0, 0, 0, 2, 2, 0, 0, 0], [2, 1, 2, 1, 2, 1, 0, 1, 2, 1, 2, 2, 2, 0, 1, 1, 0, 2, 1, 1, 1, 0, 0, 0, 2, 2, 1, 1, 1, 1, 2, 1, 2, 1, 0, 0, 2], [0, 2, 0, 1, 0, 0, 1, 1, 2, 1, 0, 0, 2, 2, 1, 0, 0, 1, 1, 0, 2, 2, 0, 2, 2, 1, 0, 0, 2, 1, 1, 2, 0, 0, 1, 1, 0], [0, 1, 1, 2, 0, 2, 1, 0, 1, 0, 1, 0, 2, 2, 1, 0, 1, 1, 0, 2, 0, 1, 1, 1, 0, 2, 2, 2, 2, 2, 1, 0, 2, 1, 2, 2, 0], [2, 1, 0, 0, 2, 2, 1, 1, 0, 0, 0, 0, 2, 2, 2, 0, 1, 1, 2, 0, 2, 1, 0, 2, 0, 0, 0, 0, 2, 2, 2, 2, 0, 0, 0, 1, 1], [1, 2, 2, 2, 1, 2, 2, 0, 0, 1, 0, 2, 0, 1, 0, 1, 1, 1, 1, 1, 2, 0, 0, 0, 1, 0, 0, 2, 1, 0, 2, 0, 2, 0, 1, 1, 1], [2, 0, 0, 0, 1, 2, 1, 2, 2, 0, 1, 1, 1, 1, 1, 2, 2, 2, 1, 1, 1, 0, 2, 2, 1, 1, 2, 0, 0, 1, 1, 2, 1, 2, 1, 0, 1], [1, 1, 2, 2, 1, 1, 2, 2, 0, 2, 0, 2, 1, 1, 2, 0, 2, 2, 0, 0, 0, 1, 2, 0, 2, 1, 1, 1, 2, 0, 2, 0, 2, 2, 1, 1, 0], [0, 1, 2, 1, 2, 0, 2, 2, 0, 0, 1, 1, 2, 2, 1, 0, 1, 1, 2, 1, 1, 2, 1, 1, 0, 2, 2, 0, 1, 2, 2, 2, 0, 0, 1, 2, 1], [2, 2, 2, 2, 0, 0, 0, 1, 0, 0, 0, 1, 0, 0, 2, 1, 0, 1, 2, 1, 1, 0, 0, 1, 2, 0, 0, 2, 1, 0, 2, 2, 0, 1, 1, 0, 1], [0, 2, 1, 2, 2, 0, 0, 0, 1, 2, 0, 0, 2, 2, 1, 1, 1, 2, 2, 0, 1, 0, 0, 2, 1, 1, 0, 0, 2, 0, 2, 1, 0, 0, 0, 0, 2], [0, 0, 0, 1, 1, 1, 1, 0, 1, 2, 2, 2, 2, 1, 2, 1, 0, 2, 1, 2, 1, 0, 1, 0, 1, 0, 2, 1, 1, 1, 0, 0, 1, 0, 0, 1, 2], [0, 2, 2, 0, 0, 2, 1, 2, 2, 2, 1, 0, 2, 1, 1, 2, 0, 2, 1, 0, 2, 0, 1, 2, 2, 0, 1, 0, 0, 2, 0, 2, 0, 2, 2, 0, 2], [1, 1, 2, 0, 2, 2, 0, 0, 1, 2, 1, 0, 0, 1, 1, 2, 1, 1, 1, 0, 1, 0, 1, 1, 2, 1, 2, 1, 1, 2, 0, 1, 0, 2, 2, 2, 2], [0, 1, 2, 1, 1, 1, 0, 2, 1, 2, 2, 2, 1, 2, 0, 1, 0, 0, 0, 1, 1, 1, 2, 2, 1, 1, 2, 0, 1, 2, 0, 0, 1, 0, 0, 1, 2], [2, 0, 2, 2, 1, 0, 0, 1, 0, 1, 2, 0, 0, 0, 1, 2, 2, 1, 2, 0, 0, 1, 0, 1, 0, 0, 2, 1, 2, 0, 0, 2, 0, 1, 2, 0, 1], [2, 1, 1, 2, 1, 0, 1, 0, 1, 2, 0, 1, 1, 2, 2, 1, 1, 0, 0, 1, 2, 2, 0, 1, 2, 1, 1, 2, 2, 1, 1, 0, 0, 0, 2, 0, 1], [0, 1, 1, 0, 0, 2, 1, 0, 0, 0, 2, 2, 0, 0, 0, 0, 2, 1, 0, 2, 2, 1, 1, 0, 2, 0, 0, 1, 0, 2, 0, 2, 2, 1, 1, 2, 0], [1, 2, 0, 0, 2, 0, 2, 1, 2, 2, 1, 1, 0, 0, 1, 2, 0, 1, 1, 2, 0, 1, 2, 0, 2, 2, 2, 0, 2, 1, 1, 0, 2, 1, 0, 2, 2], [1, 2, 2, 1, 0, 0, 0, 0, 1, 0, 2, 1, 1, 2, 2, 2, 0, 1, 0, 0, 1, 2, 2, 2, 1, 0, 0, 0, 0, 0, 1, 2, 2, 0, 2, 2, 0], [1, 0, 1, 2, 0, 1, 0, 0, 1, 2, 2, 1, 0, 1, 1, 1, 1, 1, 0, 2, 0, 1, 1, 1, 0, 0, 1, 2, 0, 1, 1, 0, 1, 0, 1, 0, 0], [2, 2, 2, 1, 1, 2, 0, 2, 1, 1, 0, 1, 2, 1, 2, 1, 2, 0, 2, 2, 0, 0, 1, 1, 0, 2, 2, 1, 0, 0, 0, 1, 0, 1, 0, 1, 2], [1, 0, 2, 2, 0, 0, 0, 1, 2, 2, 2, 2, 2, 2, 2, 0, 0, 0, 1, 1, 0, 1, 2, 1, 0, 1, 1, 2, 2, 0, 1, 2, 1, 1, 2, 1, 0], [0, 0, 0, 0, 0, 2, 1, 2, 1, 0, 0, 2, 1, 1, 0, 0, 2, 0, 1, 2, 2, 1, 1, 2, 1, 1, 2, 2, 0, 1, 0, 1, 1, 0, 2, 1, 2], [2, 1, 0, 1, 0, 0, 2, 1, 0, 1, 1, 2, 0, 1, 0, 1, 0, 0, 0, 1, 2, 0, 0, 1, 0, 0, 0, 1, 0, 2, 1, 2, 2, 1, 1, 0, 2], [2, 2, 0, 1, 0, 1, 0, 2, 1, 1, 1, 0, 0, 1, 2, 2, 1, 0, 2, 0, 1, 1, 0, 0, 0, 1, 0, 2, 2, 1, 0, 1, 1, 2, 2, 2, 2], [1, 2, 0, 2, 1, 1, 1, 2, 1, 1, 2, 0, 0, 1, 0, 1, 0, 1, 2, 2, 2, 1, 0, 2, 0, 1, 0, 1, 2, 1, 1, 0, 2, 1, 2, 0, 1], [1, 2, 2, 2, 2, 1, 2, 0, 0, 2, 2, 0, 1, 0, 2, 2, 1, 0, 0, 0, 2, 0, 1, 0, 2, 0, 1, 0, 2, 2, 1, 0, 2, 2, 1, 0, 0]], "speed_zone_count": 5, "speed_zones": [[0.0, 19200.0], [19200.0, 28800.0], [28800.0, 67200.0], [67200.0, 76800.0], [76800.0, 96000.0]], "distances": [[0, 3807, 3080, 3935, 3605, 4031, 3330, 3535, 3905, 3354, 3162, 3352, 3238, 3807, 3535, 3929, 4123, 4031, 3773, 3720, 3832, 2500, 2000, 1414, 4242, 2692, 1000, 1964, 3929, 3255, 3847, 3220, 3820, 1788, 2051, 1923, 0], [4807, 1000, 2044, 1300, 1707, 1500, 2220, 2414, 2118, 6220, 5743, 5810, 5346, 6385, 5472, 6053, 6147, 5716, 1583, 1860, 5614, 6500, 4535, 3549, 7670, 3692, 3915, 2886, 4397, 4361, 3549, 7113, 7236, 3701, 6000, 2897, 4807], [4080, 2044, 1000, 2000, 1538, 2019, 1400, 1700, 1860, 5176, 4700, 4769, 4310, 5346, 4448, 5031, 5134, 4720, 1728, 1640, 4605, 5509, 3507, 2700, 6629, 2655, 3343, 2431, 3500, 3360, 2746, 6100, 6197, 2711, 5019, 2204, 4080], [4935, 1300, 2000, 1000, 1538, 1200, 2077, 2220, 1860, 6141, 5657, 5712, 5237, 6281, 5346, 5924, 6008, 5565, 1360, 1640, 5472, 6508, 4505, 3624, 7609, 3596, 4080, 3061, 4201, 4220, 3334, 7100, 7181, 3707, 6015, 3012, 4935], [4605, 1707, 1538, 1538, 1000, 1500, 1538, 1707, 1500, 5609, 5123, 5176, 4700, 5743, 4807, 5386, 5472, 5031, 1200, 1200, 4935, 6024, 4000, 3236, 7082, 3061, 3828, 2860, 3690, 3683, 2843, 6600, 6656, 3236, 5539, 2702, 4605], [5031, 1500, 2019, 1200, 1500, 1000, 2019, 2118, 1707, 6099, 5609, 5657, 5176, 6220, 5272, 5846, 5924, 5472, 1300, 1538, 5386, 6522, 4500, 3692, 7576, 3549, 4201, 3193, 4080, 4138, 3202, 7100, 7152, 3729, 6035, 3109, 5031], [4330, 2220, 1400, 2077, 1538, 2019, 1000, 1300, 1583, 5079, 4590, 4640, 4162, 5205, 4269, 4848, 4935, 4498, 1728, 1500, 4400, 5554, 3507, 2920, 6557, 2529, 3662, 2802, 3193, 3147, 2389, 6108, 6135, 2802, 5079, 2526, 4330], [4535, 2414, 1700, 2220, 1707, 2118, 1300, 1000, 1500, 5031, 4535, 4569, 4080, 5123, 4162, 4733, 4807, 4354, 1860, 1583, 4269, 5609, 3549, 3121, 6522, 2500, 3915, 3088, 2984, 3024, 2140, 6135, 6108, 2923, 5148, 2788, 4535], [4905, 2118, 1860, 1860, 1500, 1707, 1583, 1500, 1000, 5527, 5031, 5060, 4569, 5609, 4640, 5205, 5272, 4807, 1538, 1300, 4733, 6099, 4041, 3500, 7020, 3000, 4201, 3282, 3385, 3500, 2500, 6632, 6608, 3376, 5632, 3061, 4905], [4354, 6220, 5176, 6141, 5609, 6099, 5079, 5031, 5527, 1000, 1500, 1538, 2019, 1500, 2118, 1943, 2118, 2414, 5805, 5570, 2280, 2581, 2802, 4201, 2500, 3549, 4905, 5220, 3624, 3109, 4324, 2555, 2118, 3692, 2600, 4827, 4354], [4162, 5743, 4700, 5657, 5123, 5609, 4590, 4535, 5031, 1500, 1000, 1200, 1538, 1707, 1707, 1800, 2000, 2118, 5317, 5079, 1943, 2802, 2414, 3828, 3000, 3061, 4605, 4828, 3154, 2612, 3828, 2941, 2612, 3280, 2676, 4420, 4162], [4352, 5810, 4769, 5712, 5176, 5657, 4640, 4569, 5060, 1538, 1200, 1000, 1500, 1583, 1583, 1600, 1800, 1943, 5368, 5123, 1781, 2972, 2562, 3973, 3009, 3118, 4773, 4962, 3088, 2600, 3807, 3061, 2649, 3408, 2868, 4546, 4352], [4238, 5346, 4310, 5237, 4700, 5176, 4162, 4080, 4569, 2019, 1538, 1500, 1000, 2044, 1300, 1781, 1943, 1800, 4889, 4640, 1600, 3267, 2300, 3662, 3507, 2655, 4534, 4612, 2615, 2100, 3308, 3469, 3137, 3061, 3059, 4182, 4238], [4807, 6385, 5346, 6281, 5743, 6220, 5205, 5123, 5609, 1500, 1707, 1583, 2044, 1000, 2000, 1583, 1707, 2118, 5933, 5684, 2044, 3061, 3121, 4535, 2581, 3692, 5301, 5534, 3517, 3121, 4301, 2941, 2303, 3983, 3100, 5123, 4807], [4535, 5472, 4448, 5346, 4807, 5272, 4269, 4162, 4640, 2118, 1707, 1583, 1300, 2000, 1000, 1583, 1707, 1500, 4992, 4733, 1300, 3500, 2581, 3915, 3549, 2802, 4807, 4841, 2529, 2140, 3302, 3640, 3213, 3302, 3325, 4405, 4535], [4929, 6053, 5031, 5924, 5386, 5846, 4848, 4733, 5205, 1943, 1800, 1600, 1781, 1583, 1583, 1000, 1200, 1538, 5569, 5308, 1500, 3507, 3059, 4440, 3154, 3385, 5294, 5393, 3000, 2708, 3828, 3483, 2886, 3842, 3451, 4962, 4929], [5123, 6147, 5134, 6008, 5472, 5924, 4935, 4807, 5272, 2118, 2000, 1800, 1943, 1707, 1707, 1200, 1000, 1500, 5651, 5386, 1538, 3692, 3236, 4605, 3236, 3500, 5472, 5545, 3009, 2788, 3863, 3640, 3000, 4000, 3647, 5110, 5123], [5031, 5716, 4720, 5565, 5031, 5472, 4498, 4354, 4807, 2414, 2118, 1943, 1800, 2118, 1500, 1538, 1500, 1000, 5205, 4935, 1200, 3915, 3061, 4354, 3692, 3121, 5272, 5243, 2513, 2360, 3376, 3969, 3418, 3729, 3785, 4801, 5031], [4773, 1583, 1728, 1360, 1200, 1300, 1728, 1860, 1538, 5805, 5317, 5368, 4889, 5933, 4992, 5569, 5651, 5205, 1000, 1282, 5114, 6223, 4200, 3416, 7280, 3256, 3973, 2984, 3842, 3863, 2979, 6800, 6854, 3433, 5738, 2860, 4773], [4720, 1860, 1640, 1640, 1200, 1538, 1500, 1583, 1300, 5570, 5079, 5123, 4640, 5684, 4733, 5308, 5386, 4935, 1282, 1000, 4848, 6048, 4006, 3332, 7053, 3022, 3973, 3024, 3561, 3600, 2697, 6608, 6632, 3280, 5570, 2838, 4720], [4832, 5614, 4605, 5472, 4935, 5386, 4400, 4269, 4733, 2280, 1943, 1781, 1600, 2044, 1300, 1500, 1538, 1200, 5114, 4848, 1000, 3745, 2868, 4176, 3624, 2984, 5085, 5080, 2500, 2252, 3334, 3831, 3325, 3555, 3600, 4640, 4832], [3500, 6500, 5509, 6508, 6024, 6522, 5554, 5609, 6099, 2581, 2802, 2972, 3267, 3061, 3500, 3507, 3692, 3915, 6223, 6048, 3745, 1000, 3061, 4041, 2802, 4162, 4354, 5026, 4780, 4106, 5248, 1721, 2431, 3801, 1509, 4748, 3500], [3000, 4535, 3507, 4505, 4000, 4500, 3507, 3549, 4041, 2802, 2414, 2562, 2300, 3121, 2581, 3059, 3236, 3061, 4200, 4006, 2868, 3061, 1000, 2414, 4162, 2118, 3236, 3420, 3059, 2341, 3280, 3601, 3720, 1894, 2615, 3024, 3000], [2414, 3549, 2700, 3624, 3236, 3692, 2920, 3121, 3500, 4201, 3828, 3973, 3662, 4535, 3915, 4440, 4605, 4354, 3416, 3332, 4176, 4041, 2414, 1000, 5472, 2500, 2000, 2029, 3800, 3236, 3529, 4710, 5024, 1632, 3531, 1707, 2414], [5242, 7670, 6629, 7609, 7082, 7576, 6557, 6522, 7020, 2500, 3000, 3009, 3507, 2581, 3549, 3154, 3236, 3692, 7280, 7053, 3624, 2802, 4162, 5472, 1000, 5031, 6000, 6500, 5079, 4605, 5816, 2170, 1447, 5049, 3193, 6147, 5242], [3692, 3692, 2655, 3596, 3061, 3549, 2529, 2500, 3000, 3549, 3061, 3118, 2655, 3692, 2802, 3385, 3500, 3121, 3256, 3022, 2984, 4162, 2118, 2500, 5031, 1000, 3500, 3193, 2300, 1806, 2204, 4649, 4612, 1921, 3731, 2746, 3692], [2000, 3915, 3343, 4080, 3828, 4201, 3662, 3915, 4201, 4905, 4605, 4773, 4534, 5301, 4807, 5294, 5472, 5272, 3973, 3973, 5085, 4354, 3236, 2000, 6000, 3500, 1000, 2029, 4800, 4224, 4492, 5070, 5560, 2612, 3865, 2140, 2000], [2964, 2886, 2431, 3061, 2860, 3193, 2802, 3088, 3282, 5220, 4828, 4962, 4612, 5534, 4841, 5393, 5545, 5243, 2984, 3024, 5080, 5026, 3420, 2029, 6500, 3193, 2029, 1000, 4420, 3996, 3901, 5712, 6053, 2555, 4517, 1447, 2964], [4929, 4397, 3500, 4201, 3690, 4080, 3193, 2984, 3385, 3624, 3154, 3088, 2615, 3517, 2529, 3000, 3009, 2513, 3842, 3561, 2500, 4780, 3059, 3800, 5079, 2300, 4800, 4420, 1000, 1721, 1894, 5070, 4736, 3209, 4465, 3983, 4929], [4255, 4361, 3360, 4220, 3683, 4138, 3147, 3024, 3500, 3109, 2612, 2600, 2100, 3121, 2140, 2708, 2788, 2360, 3863, 3600, 2252, 4106, 2341, 3236, 4605, 1806, 4224, 3996, 1721, 1000, 2216, 4453, 4224, 2612, 3765, 3549, 4255], [4847, 3549, 2746, 3334, 2843, 3202, 2389, 2140, 2500, 4324, 3828, 3807, 3308, 4301, 3302, 3828, 3863, 3376, 2979, 2697, 3334, 5248, 3280, 3529, 5816, 2204, 4492, 3901, 1894, 2216, 1000, 5648, 5440, 3059, 4858, 3501, 4847], [4220, 7113, 6100, 7100, 6600, 7100, 6108, 6135, 6632, 2555, 2941, 3061, 3469, 2941, 3640, 3483, 3640, 3969, 6800, 6608, 3831, 1721, 3601, 4710, 2170, 4649, 5070, 5712, 5070, 4453, 5648, 1000, 1900, 4413, 2208, 5414, 4220], [4820, 7236, 6197, 7181, 6656, 7152, 6135, 6108, 6608, 2118, 2612, 2649, 3137, 2303, 3213, 2886, 3000, 3418, 6854, 6632, 3325, 2431, 3720, 5024, 1447, 4612, 5560, 6053, 4736, 4224, 5440, 1900, 1000, 4605, 2780, 5701, 4820], [2788, 3701, 2711, 3707, 3236, 3729, 2802, 2923, 3376, 3692, 3280, 3408, 3061, 3983, 3302, 3842, 4000, 3729, 3433, 3280, 3555, 3801, 1894, 1632, 5049, 1921, 2612, 2555, 3209, 2612, 3059, 4413, 4605, 1000, 3308, 2140, 2788], [3051, 6000, 5019, 6015, 5539, 6035, 5079, 5148, 5632, 2600, 2676, 2868, 3059, 3100, 3325, 3451, 3647, 3785, 5738, 5570, 3600, 1509, 2615, 3531, 3193, 3731, 3865, 4517, 4465, 3765, 4858, 2208, 2780, 3308, 1000, 4238, 3051], [2923, 2897, 2204, 3012, 2702, 3109, 2526, 2788, 3061, 4827, 4420, 4546, 4182, 5123, 4405, 4962, 5110, 4801, 2860, 2838, 4640, 4748, 3024, 1707, 6147, 2746, 2140, 1447, 3983, 3549, 3501, 5414, 5701, 2140, 4238, 1000, 2923], [0, 3807, 3080, 3935, 3605, 4031, 3330, 3535, 3905, 3354, 3162, 3352, 3238, 3807, 3535, 3929, 4123, 4031, 3773, 3720, 3832, 2500, 2000, 1414, 4242, 2692, 1000, 1964, 3929, 3255, 3847, 3220, 3820, 1788, 2051, 1923, 0]], "time_windows": [[0.0, 96000.0], [38800.0, 91100.0], [3000.0, 54600.0], [35300.0, 70800.0], [42500.0, 91300.0], [4000.0, 63000.0], [22800.0, 66700.0], [16100.0, 55800.0], [22900.0, 62400.0], [21300.0, 64800.0], [40400.0, 75300.0], [3300.0, 51100.0], [4600.0, 51900.0], [39500.0, 91100.0], [3500.0, 69700.0], [3900.0, 52800.0], [9400.0, 53500.0], [39400.0, 90900.0], [3700.0, 59700.0], [31500.0, 78200.0], [3800.0, 60600.0], [2500.0, 51600.0], [23900.0, 63000.0], [42000.0, 89700.0], [4200.0, 70600.0], [40100.0, 92300.0], [43600.0, 90700.0], [33000.0, 93000.0], [13500.0, 55600.0], [19000.0, 65900.0], [21500.0, 60800.0], [21200.0, 60500.0], [27200.0, 56500.0], [9000.0, 54900.0], [14900.0, 58600.0], [35600.0, 93000.0], [0.0, 96000.0]], "start_depot": 0, "end_depot": 36, "horizon": [0.0, 96000.0]}