{"digraph": {"vertex_count": 35, "arc_count": 1122, "arcs": [[0, 1, 1, 1, 1, 1, 1, 1, 1, 1, 1, 1, 1, 1, 1, 1, 1, 1, 1, 1, 1, 1, 1, 1, 1, 1, 1, 1, 1, 1, 1, 1, 1, 1, 1], [0, 0, 1, 1, 1, 1, 1, 1, 1, 1, 1, 1, 1, 1, 1, 1, 1, 1, 1, 1, 1, 1, 1, 1, 1, 1, 1, 1, 1, 1, 1, 1, 1, 1, 1], [0, 1, 0, 1, 1, 1, 1, 1, 1, 1, 1, 1, 1, 1, 1, 1, 1, 1, 1, 1, 1, 1, 1, 1, 1, 1, 1, 1, 1, 1, 1, 1, 1, 1, 1], [0, 1, 1, 0, 1, 1, 1, 1, 1, 1, 1, 1, 1, 1, 1, 1, 1, 1, 1, 1, 1, 1, 1, 1, 1, 1, 1, 1, 1, 1, 1, 1, 1, 1, 1], [0, 1, 1, 1, 0, 1, 1, 1, 1, 1, 1, 1, 1, 1, 1, 1, 1, 1, 1, 1, 1, 1, 1, 1, 1, 1, 1, 1, 1, 1, 1, 1, 1, 1, 1], [0, 1, 1, 1, 1, 0, 1, 1, 1, 1, 1, 1, 1, 1, 1, 1, 1, 1, 1, 1, 1, 1, 1, 1, 1, 1, 1, 1, 1, 1, 1, 1, 1, 1, 1], [0, 1, 1, 1, 1, 1, 0, 1, 1, 1, 1, 1, 1, 1, 1, 1, 1, 1, 1, 1, 1, 1, 1, 1, 1, 1, 1, 1, 1, 1, 1, 1, 1, 1, 1], [0, 1, 1, 1, 1, 1, 1, 0, 1, 1, 1, 1, 1, 1, 1, 1, 1, 1, 1, 1, 1, 1, 1, 1, 1, 1, 1, 1, 1, 1, 1, 1, 1, 1, 1], [0, 1, 1, 1, 1, 1, 1, 1, 0, 1, 1, 1, 1, 1, 1, 1, 1, 1, 1, 1, 1, 1, 1, 1, 1, 1, 1, 1, 1, 1, 1, 1, 1, 1, 1], [0, 1, 1, 1, 1, 1, 1, 1, 1, 0, 1, 1, 1, 1, 1, 1, 1, 1, 1, 1, 1, 1, 1, 1, 1, 1, 1, 1, 1, 1, 1, 1, 1, 1, 1], [0, 1, 1, 1, 1, 1, 1, 1, 1, 1, 0, 1, 1, 1, 1, 1, 1, 1, 1, 1, 1, 1, 1, 1, 1, 1, 1, 1, 1, 1, 1, 1, 1, 1, 1], [0, 1, 1, 1, 1, 1, 1, 1, 1, 1, 1, 0, 1, 1, 1, 1, 1, 1, 1, 1, 1, 1, 1, 1, 1, 1, 1, 1, 1, 1, 1, 1, 1, 1, 1], [0, 1, 1, 1, 1, 1, 1, 1, 1, 1, 1, 1, 0, 1, 1, 1, 1, 1, 1, 1, 1, 1, 1, 1, 1, 1, 1, 1, 1, 1, 1, 1, 1, 1, 1], [0, 1, 1, 1, 1, 1, 1, 1, 1, 1, 1, 1, 1, 0, 1, 1, 1, 1, 1, 1, 1, 1, 1, 1, 1, 1, 1, 1, 1, 1, 1, 1, 1, 1, 1], [0, 1, 1, 1, 1, 1, 1, 1, 1, 1, 1, 1, 1, 1, 0, 1, 1, 1, 1, 1, 1, 1, 1, 1, 1, 1, 1, 1, 1, 1, 1, 1, 1, 1, 1], [0, 1, 1, 1, 1, 1, 1, 1, 1, 1, 1, 1, 1, 1, 1, 0, 1, 1, 1, 1, 1, 1, 1, 1, 1, 1, 1, 1, 1, 1, 1, 1, 1, 1, 1], [0, 1, 1, 1, 1, 1, 1, 1, 1, 1, 1, 1, 1, 1, 1, 1, 0, 1, 1, 1, 1, 1, 1, 1, 1, 1, 1, 1, 1, 1, 1, 1, 1, 1, 1], [0, 1, 1, 1, 1, 1, 1, 1, 1, 1, 1, 1, 1, 1, 1, 1, 1, 0, 1, 1, 1, 1, 1, 1, 1, 1, 1, 1, 1, 1, 1, 1, 1, 1, 1], [0, 1, 1, 1, 1, 1, 1, 1, 1, 1, 1, 1, 1, 1, 1, 1, 1, 1, 0, 1, 1, 1, 1, 1, 1, 1, 1, 1, 1, 1, 1, 1, 1, 1, 1], [0, 1, 1, 1, 1, 1, 1, 1, 1, 1, 1, 1, 1, 1, 1, 1, 1, 1, 1, 0, 1, 1, 1, 1, 1, 1, 1, 1, 1, 1, 1, 1, 1, 1, 1], [0, 1, 1, 1, 1, 1, 1, 1, 1, 1, 1, 1, 1, 1, 1, 1, 1, 1, 1, 1, 0, 1, 1, 1, 1, 1, 1, 1, 1, 1, 1, 1, 1, 1, 1], [0, 1, 1, 1, 1, 1, 1, 1, 1, 1, 1, 1, 1, 1, 1, 1, 1, 1, 1, 1, 1, 0, 1, 1, 1, 1, 1, 1, 1, 1, 1, 1, 1, 1, 1], [0, 1, 1, 1, 1, 1, 1, 1, 1, 1, 1, 1, 1, 1, 1, 1, 1, 1, 1, 1, 1, 1, 0, 1, 1, 1, 1, 1, 1, 1, 1, 1, 1, 1, 1], [0, 1, 1, 1, 1, 1, 1, 1, 1, 1, 1, 1, 1, 1, 1, 1, 1, 1, 1, 1, 1, 1, 1, 0, 1, 1, 1, 1, 1, 1, 1, 1, 1, 1, 1], [0, 1, 1, 1, 1, 1, 1, 1, 1, 1, 1, 1, 1, 1, 1, 1, 1, 1, 1, 1, 1, 1, 1, 1, 0, 1, 1, 1, 1, 1, 1, 1, 1, 1, 1], [0, 1, 1, 1, 1, 1, 1, 1, 1, 1, 1, 1, 1, 1, 1, 1, 1, 1, 1, 1, 1, 1, 1, 1, 1, 0, 1, 1, 1, 1, 1, 1, 1, 1, 1], [0, 1, 1, 1, 1, 1, 1, 1, 1, 1, 1, 1, 1, 1, 1, 1, 1, 1, 1, 1, 1, 1, 1, 1, 1, 1, 0, 1, 1, 1, 1, 1, 1, 1, 1], [0, 1, 1, 1, 1, 1, 1, 1, 1, 1, 1, 1, 1, 1, 1, 1, 1, 1, 1, 1, 1, 1, 1, 1, 1, 1, 1, 0, 1, 1, 1, 1, 1, 1, 1], [0, 1, 1, 1, 1, 1, 1, 1, 1, 1, 1, 1, 1, 1, 1, 1, 1, 1, 1, 1, 1, 1, 1, 1, 1, 1, 1, 1, 0, 1, 1, 1, 1, 1, 1], [0, 1, 1, 1, 1, 1, 1, 1, 1, 1, 1, 1, 1, 1, 1, 1, 1, 1, 1, 1, 1, 1, 1, 1, 1, 1, 1, 1, 1, 0, 1, 1, 1, 1, 1], [0, 1, 1, 1, 1, 1, 1, 1, 1, 1, 1, 1, 1, 1, 1, 1, 1, 1, 1, 1, 1, 1, 1, 1, 1, 1, 1, 1, 1, 1, 0, 1, 1, 1, 1], [0, 1, 1, 1, 1, 1, 1, 1, 1, 1, 1, 1, 1, 1, 1, 1, 1, 1, 1, 1, 1, 1, 1, 1, 1, 1, 1, 1, 1, 1, 1, 0, 1, 1, 1], [0, 1, 1, 1, 1, 1, 1, 1, 1, 1, 1, 1, 1, 1, 1, 1, 1, 1, 1, 1, 1, 1, 1, 1, 1, 1, 1, 1, 1, 1, 1, 1, 0, 1, 1], [0, 1, 1, 1, 1, 1, 1, 1, 1, 1, 1, 1, 1, 1, 1, 1, 1, 1, 1, 1, 1, 1, 1, 1, 1, 1, 1, 1, 1, 1, 1, 1, 1, 0, 1], [0, 0, 0, 0, 0, 0, 0, 0, 0, 0, 0, 0, 0, 0, 0, 0, 0, 0, 0, 0, 0, 0, 0, 0, 0, 0, 0, 0, 0, 0, 0, 0, 0, 0, 0]], "coordinates": [[40.0, 50.0], [44.0, 5.0], [42.0, 10.0], [42.0, 15.0], [40.0, 5.0], [40.0, 15.0], [38.0, 5.0], [38.0, 15.0], [35.0, 5.0], [95.0, 30.0], [95.0, 35.0], [92.0, 30.0], [90.0, 35.0], [88.0, 30.0], [88.0, 35.0], [87.0, 30.0], [85.0, 25.0], [85.0, 35.0], [42.0, 5.0], [42.0, 12.0], [72.0, 35.0], [55.0, 20.0], [15.0, 10.0], [15.0, 60.0], [65.0, 35.0], [65.0, 20.0], [64.0, 42.0], [60.0, 12.0], [23.0, 3.0], [57.0, 29.0], [63.0, 23.0], [67.0, 5.0], [53.0, 43.0], [56.0, 37.0], [40.0, 50.0]]}, "cluster_count": 3, "cluster_speeds": [[1.5, 1.0, 1.67, 1.17, 1.33], [1.17, 0.67, 1.33, 0.83, 1.0], [1.0, 0.33, 0.67, 0.5, 0.83]], "clusters": [[0, 1, 2, 1, 0, 2, 0, 0, 2, 0, 0, 2, 0, 0, 1, 1, 0, 0, 2, 1, 1, 0, 2, 0, 1, 2, 1, 1, 2, 1, 2, 0, 2, 0, 1], [1, 0, 2, 2, 0, 2, 0, 0, 1, 0, 2, 2, 1, 1, 1, 0, 0, 1, 1, 2, 2, 0, 2, 1, 2, 1, 1, 1, 1, 1, 1, 0, 1, 2, 2], [0, 1, 0, 0, 1, 1, 2, 2, 2, 1, 1, 1, 0, 2, 0, 1, 1, 0, 1, 1, 1, 2, 0, 0, 2, 0, 0, 1, 1, 2, 0, 2, 2, 1, 1], [2, 0, 0, 1, 1, 2, 1, 2, 0, 1, 1, 1, 1, 1, 0, 1, 0, 2, 1, 2, 1, 2, 0, 1, 2, 2, 1, 1, 2, 1, 1, 1, 0, 2, 2], [2, 0, 1, 1, 1, 2, 1, 2, 1, 0, 1, 0, 1, 0, 2, 0, 0, 1, 2, 2, 1, 2, 0, 0, 2, 2, 0, 0, 1, 1, 0, 0, 1, 1, 0], [0, 1, 0, 2, 1, 2, 2, 1, 1, 1, 1, 0, 0, 0, 1, 2, 0, 2, 1, 0, 2, 0, 1, 0, 2, 0, 0, 2, 0, 1, 0, 2, 0, 0, 2], [0, 0, 2, 2, 2, 2, 1, 1, 1, 0, 1, 2, 0, 1, 2, 2, 2, 0, 2, 0, 0, 1, 2, 0, 2, 1, 2, 0, 2, 0, 0, 2, 1, 1, 2], [2, 1, 0, 2, 1, 2, 0, 0, 0, 1, 1, 1, 2, 2, 0, 2, 2, 2, 0, 0, 1, 0, 2, 2, 1, 0, 0, 0, 1, 2, 1, 2, 2, 0, 2], [1, 0, 0, 1, 1, 2, 1, 1, 2, 2, 2, 0, 2, 1, 1, 1, 2, 0, 1, 2, 0, 0, 2, 0, 0, 0, 0, 2, 0, 2, 2, 2, 0, 0, 1], [1, 0, 1, 1, 2, 2, 1, 2, 2, 2, 1, 1, 0, 1, 1, 0, 0, 2, 2, 2, 0, 1, 2, 2, 0, 0, 0, 0, 1, 2, 2, 2, 1, 2, 1], [0, 2, 2, 0, 2, 2, 1, 1, 2, 0, 1, 2, 2, 2, 2, 0, 2, 0, 0, 0, 2, 0, 0, 1, 2, 1, 1, 1, 1, 1, 2, 0, 1, 1, 2], [1, 1, 2, 2, 0, 2, 0, 2, 2, 2, 0, 1, 0, 0, 0, 0, 1, 1, 0, 1, 2, 1, 0, 1, 1, 2, 0, 1, 0, 2, 2, 2, 1, 0, 2], [2, 0, 0, 0, 2, 0, 0, 0, 0, 1, 0, 1, 0, 0, 2, 1, 1, 2, 2, 2, 1, 2, 0, 0, 1, 0, 0, 0, 2, 2, 1, 1, 0, 0, 0], [2, 2, 1, 2, 2, 1, 1, 2, 0, 1, 1, 2, 0, 1, 2, 1, 1, 1, 2, 2, 0, 1, 2, 1, 2, 1, 2, 2, 0, 0, 2, 0, 1, 1, 0], [2, 2, 0, 0, 0, 0, 0, 1, 1, 2, 1, 1, 2, 0, 2, 0, 1, 0, 0, 2, 2, 1, 0, 1, 0, 2, 2, 1, 2, 1, 0, 0, 1, 0, 2], [2, 1, 0, 1, 0, 0, 0, 2, 1, 0, 0, 2, 0, 1, 1, 1, 1, 0, 0, 1, 2, 2, 0, 1, 0, 0, 1, 1, 2, 2, 1, 2, 0, 0, 0], [2, 1, 2, 1, 2, 2, 0, 2, 1, 1, 0, 1, 2, 1, 2, 1, 0, 0, 2, 2, 0, 1, 0, 2, 2, 1, 1, 2, 1, 0, 2, 0, 2, 0, 2], [1, 2, 1, 0, 2, 2, 0, 2, 0, 0, 1, 0, 1, 2, 2, 1, 2, 1, 1, 2, 2, 0, 0, 0, 2, 0, 1, 0, 0, 2, 0, 2, 2, 1, 1], [0, 0, 0, 0, 2, 0, 1, 0, 2, 2, 1, 0, 0, 2, 0, 2, 0, 2, 2, 0, 2, 1, 2, 2, 2, 0, 1, 2, 1, 2, 0, 0, 1, 1, 1], [1, 2, 1, 2, 2, 0, 2, 0, 2, 0, 2, 2, 1, 1, 0, 1, 1, 1, 0, 1, 2, 1, 1, 0, 2, 2, 2, 0, 0, 2, 1, 1, 1, 2, 2], [0, 2, 0, 2, 2, 2, 2, 1, 1, 1, 2, 2, 1, 0, 1, 2, 0, 0, 1, 0, 1, 1, 1, 2, 0, 2, 2, 0, 0, 1, 0, 0, 2, 1, 0], [0, 1, 2, 2, 0, 1, 1, 1, 1, 0, 0, 1, 1, 2, 2, 1, 2, 1, 1, 0, 2, 0, 1, 1, 2, 2, 1, 0, 1, 0, 1, 0, 0, 0, 0], [1, 2, 2, 1, 1, 0, 0, 2, 2, 2, 1, 1, 0, 2, 1, 0, 1, 0, 1, 2, 2, 2, 0, 2, 1, 2, 1, 0, 0, 2, 2, 2, 1, 0, 2], [2, 1, 0, 2, 0, 0, 2, 1, 2, 0, 2, 1, 1, 2, 2, 0, 1, 0, 0, 1, 2, 0, 0, 1, 0, 0, 1, 2, 2, 1, 2, 0, 0, 1, 0], [2, 1, 2, 0, 2, 0, 2, 2, 0, 0, 0, 2, 1, 1, 0, 1, 1, 2, 0, 0, 1, 2, 0, 1, 0, 1, 0, 0, 0, 1, 0, 0, 1, 1, 0], [1, 0, 0, 0, 1, 0, 0, 2, 0, 0, 1, 1, 2, 0, 2, 2, 1, 0, 1, 1, 1, 0, 2, 1, 2, 0, 1, 1, 2, 2, 0, 2, 2, 1, 2], [0, 2, 0, 1, 2, 2, 1, 2, 2, 2, 2, 2, 2, 1, 2, 0, 0, 0, 1, 0, 1, 2, 1, 2, 0, 2, 1, 0, 2, 2, 2, 2, 1, 1, 1], [0, 2, 2, 2, 0, 1, 0, 1, 0, 1, 1, 1, 2, 2, 2, 1, 2, 1, 2, 1, 1, 1, 1, 2, 2, 1, 0, 0, 1, 0, 2, 2, 2, 0, 1], [2, 0, 2, 1, 0, 2, 1, 2, 1, 0, 0, 2, 1, 0, 0, 0, 0, 1, 2, 1, 0, 0, 1, 2, 1, 1, 1, 0, 2, 2, 2, 1, 0, 2, 0], [1, 0, 2, 2, 2, 1, 0, 1, 2, 2, 1, 2, 2, 2, 0, 2, 0, 0, 2, 1, 0, 0, 2, 0, 1, 1, 0, 2, 1, 1, 0, 2, 1, 1, 2], [2, 2, 1, 2, 1, 0, 0, 0, 0, 0, 2, 0, 1, 0, 2, 1, 0, 0, 0, 2, 0, 1, 0, 2, 1, 1, 1, 1, 1, 2, 1, 1, 1, 1, 2], [2, 2, 1, 2, 2, 2, 0, 2, 0, 1, 1, 1, 1, 0, 2, 2, 0, 0, 1, 0, 1, 1, 0, 1, 1, 2, 0, 1, 1, 2, 1, 2, 2, 0, 2], [1, 2, 1, 0, 0, 2, 0, 0, 2, 2, 1, 0, 1, 1, 0, 0, 0, 1, 0, 2, 0, 1, 0, 0, 1, 2, 2, 0, 0, 0, 1, 0, 2, 0, 0], [0, 0, 1, 0, 1, 0, 2, 2, 2, 1, 2, 0, 2, 2, 0, 2, 1, 0, 1, 0, 2, 2, 1, 1, 2, 2, 1, 0, 1, 1, 1, 0, 0, 1, 1], [0, 1, 2, 2, 0, 0, 0, 1, 1, 2, 2, 2, 2, 2, 0, 1, 0, 0, 0, 0, 1, 0, 0, 2, 0, 1, 2, 2, 0, 2, 2, 2, 1, 0, 2]], "speed_zone_count": 5, "speed_zones": [[0.0, 19200.0], [19200.0, 28800.0], [28800.0, 67200.0], [67200.0, 76800.0], [76800.0, 96000.0]], "distances": [[0, 4517, 4004, 3505, 4500, 3500, 4504, 3505, 4527, 5852, 5700, 5571, 5220, 5200, 5028, 5107, 5147, 4743, 4504, 3805, 3534, 3354, 4716, 2692, 2915, 3905, 2529, 4294, 4997, 2701, 3546, 5247, 1476, 2061, 0], [5517, 1000, 1538, 2019, 1400, 2077, 1600, 2166, 1900, 6679, 6916, 6412, 6491, 6060, 6325, 5973, 5561, 6080, 1200, 1728, 5103, 2860, 3942, 7217, 4661, 3580, 5205, 2746, 3109, 3729, 3617, 3300, 4905, 4417, 5517], [5004, 1538, 1000, 1500, 1538, 1538, 1640, 1640, 1860, 6664, 6860, 6385, 6412, 6015, 6235, 5924, 5554, 5973, 1500, 1200, 4905, 2640, 3700, 6682, 4397, 3507, 4883, 2811, 3024, 3420, 3469, 3549, 4478, 4041, 5004], [4505, 2019, 1500, 1000, 2019, 1200, 2077, 1400, 2220, 6508, 6664, 6220, 6200, 5838, 6015, 5743, 5414, 5742, 2000, 1300, 4605, 2392, 3745, 6247, 4047, 3353, 4482, 2824, 3247, 3051, 3247, 3692, 4008, 3607, 4505], [5500, 1400, 1538, 2019, 1000, 2000, 1200, 2019, 1500, 7041, 7264, 6769, 6830, 6412, 6660, 6323, 5924, 6408, 1200, 1728, 5386, 3121, 3549, 7041, 4905, 3915, 5410, 3118, 2711, 3941, 3920, 3700, 5016, 4577, 5500], [4500, 2077, 1538, 1200, 2000, 1000, 2019, 1200, 2118, 6700, 6852, 6412, 6385, 6028, 6200, 5933, 5609, 5924, 2019, 1360, 4773, 2581, 3549, 6147, 4201, 3549, 4612, 3022, 3080, 3202, 3435, 3879, 4087, 3720, 4500], [5504, 1600, 1640, 2077, 1200, 2019, 1000, 2000, 1300, 7224, 7441, 6950, 7003, 6590, 6830, 6500, 6107, 6575, 1400, 1806, 5534, 3267, 3353, 6961, 5036, 4088, 5522, 3308, 2513, 4061, 4080, 3900, 5085, 4671, 5504], [4505, 2166, 1640, 1400, 2019, 1200, 2000, 1000, 2044, 6894, 7040, 6604, 6571, 6220, 6385, 6124, 5805, 6107, 2077, 1500, 4944, 2772, 3353, 6053, 4360, 3745, 4748, 3220, 2920, 3360, 3624, 4067, 4176, 3842, 4505], [5527, 1900, 1860, 2220, 1500, 2118, 1300, 2044, 1000, 7500, 7708, 7224, 7264, 6860, 7090, 6769, 6385, 6830, 1700, 1989, 5763, 3500, 3061, 6852, 5242, 4354, 5701, 3596, 2216, 4255, 4328, 4200, 5204, 4827, 5527], [6852, 6679, 6664, 6508, 7041, 6700, 7224, 6894, 7500, 1000, 1500, 1300, 1707, 1700, 1860, 1800, 2118, 2118, 6860, 6597, 3353, 5123, 9246, 9544, 4041, 4162, 4324, 4935, 8689, 4801, 4275, 4753, 5396, 4962, 6852], [6700, 6916, 6860, 6664, 7264, 6852, 7441, 7040, 7708, 1500, 1000, 1583, 1500, 1860, 1700, 1943, 2414, 2000, 7090, 6777, 3300, 5272, 9381, 9381, 4000, 4354, 4178, 5188, 8879, 4847, 4417, 5103, 5275, 4905, 6700], [6571, 6412, 6385, 6220, 6769, 6412, 6950, 6604, 7224, 1300, 1583, 1000, 1538, 1400, 1640, 1500, 1860, 1860, 6590, 6314, 3061, 4832, 8955, 9263, 3745, 3879, 4046, 4671, 8409, 4501, 3983, 4535, 5110, 4667, 6571], [6220, 6491, 6412, 6200, 6830, 6385, 7003, 6571, 7264, 1707, 1500, 1538, 1000, 1538, 1200, 1583, 2118, 1500, 6660, 6322, 2800, 4807, 8905, 8905, 3500, 3915, 3692, 4780, 8424, 4354, 3954, 4780, 4785, 4405, 6220], [6200, 6060, 6015, 5838, 6412, 6028, 6590, 6220, 6860, 1700, 1860, 1400, 1538, 1000, 1500, 1100, 1583, 1583, 6235, 5939, 2676, 4448, 8569, 8892, 3353, 3507, 3683, 4328, 8038, 4101, 3596, 4264, 4733, 4275, 6200], [6028, 6325, 6235, 6015, 6660, 6200, 6830, 6385, 7090, 1860, 1700, 1640, 1200, 1500, 1000, 1509, 2044, 1300, 6491, 6142, 2600, 4624, 8716, 8716, 3300, 3745, 3500, 4623, 8244, 4157, 3773, 4661, 4590, 4206, 6028], [6107, 5973, 5924, 5743, 6323, 5933, 6500, 6124, 6769, 1800, 1943, 1500, 1583, 1100, 1509, 1000, 1538, 1538, 6147, 5846, 2581, 4352, 8472, 8799, 3256, 3416, 3594, 4244, 7946, 4001, 3500, 4201, 4640, 4178, 6107], [6147, 5561, 5554, 5414, 5924, 5609, 6107, 5805, 6385, 2118, 2414, 1860, 2118, 1583, 2044, 1538, 1000, 2000, 5742, 5492, 2640, 4041, 8158, 8826, 3236, 3061, 3701, 3817, 7578, 3828, 3209, 3690, 4671, 4138, 6147], [5743, 6080, 5973, 5742, 6408, 5924, 6575, 6107, 6830, 2118, 2000, 1860, 1500, 1583, 1300, 1538, 2000, 1000, 6243, 5876, 2300, 4354, 8433, 8433, 3000, 3500, 3213, 4397, 7977, 3863, 3505, 4498, 4298, 3906, 5743], [5504, 1200, 1500, 2000, 1200, 2019, 1400, 2077, 1700, 6860, 7090, 6590, 6660, 6235, 6491, 6147, 5742, 6243, 1000, 1700, 5242, 2984, 3745, 7126, 4780, 3745, 5304, 2931, 2910, 3830, 3765, 3500, 4956, 4492, 5504], [4805, 1728, 1200, 1300, 1728, 1360, 1806, 1500, 1989, 6597, 6777, 6314, 6322, 5939, 6142, 5846, 5492, 5876, 1700, 1000, 4780, 2526, 3707, 6507, 4252, 3435, 4720, 2800, 3102, 3267, 3370, 3596, 4289, 3865, 4805], [4534, 5103, 4905, 4605, 5386, 4773, 5534, 4944, 5763, 3353, 3300, 3061, 2800, 2676, 2600, 2581, 2640, 2300, 5242, 4780, 1000, 3267, 7224, 7224, 1700, 2655, 2063, 3594, 6852, 2615, 2500, 4041, 3061, 2612, 4534], [4354, 2860, 2640, 2392, 3121, 2581, 3267, 2772, 3500, 5123, 5272, 4832, 4807, 4448, 4624, 4352, 4041, 4354, 2984, 2526, 3267, 1000, 5123, 6656, 2802, 2000, 3376, 1943, 4623, 1921, 1854, 2920, 3308, 2702, 4354], [5716, 3942, 3700, 3745, 3549, 3549, 3353, 3353, 3061, 9246, 9381, 8955, 8905, 8569, 8716, 8472, 8158, 8433, 3745, 3707, 7224, 5123, 1000, 6000, 6590, 6099, 6852, 5504, 2063, 5609, 5972, 6223, 6032, 5909, 5716], [3692, 7217, 6682, 6247, 7041, 6147, 6961, 6053, 6852, 9544, 9381, 9263, 8905, 8892, 8716, 8799, 8826, 8433, 7126, 6507, 7224, 6656, 6000, 1000, 6590, 7403, 6220, 7579, 6755, 6220, 7060, 8569, 5162, 5701, 3692], [3915, 4661, 4397, 4047, 4905, 4201, 5036, 4360, 5242, 4041, 4000, 3745, 3500, 3353, 3300, 3256, 3236, 3000, 4780, 4252, 1700, 2802, 6590, 6590, 1000, 2500, 1707, 3353, 6280, 2000, 2216, 4006, 2442, 1921, 3915], [4905, 3580, 3507, 3353, 3915, 3549, 4088, 3745, 4354, 4162, 4354, 3879, 3915, 3507, 3745, 3416, 3061, 3500, 3745, 3435, 2655, 2000, 6099, 7403, 2500, 1000, 3202, 1943, 5531, 2204, 1360, 2513, 3594, 2923, 4905], [3529, 5205, 4883, 4482, 5410, 4612, 5522, 4748, 5701, 4324, 4178, 4046, 3692, 3683, 3500, 3594, 3701, 3213, 5304, 4720, 2063, 3376, 6852, 6220, 1707, 3202, 1000, 4026, 6658, 2476, 2902, 4712, 2104, 1943, 3529], [5294, 2746, 2811, 2824, 3118, 3022, 3308, 3220, 3596, 4935, 5188, 4671, 4780, 4328, 4623, 4244, 3817, 4397, 2931, 2800, 3594, 1943, 5504, 7579, 3353, 1943, 4026, 1000, 4807, 2726, 2140, 1989, 4178, 3531, 5294], [5997, 3109, 3024, 3247, 2711, 3080, 2513, 2920, 2216, 8689, 8879, 8409, 8424, 8038, 8244, 7946, 7578, 7977, 2910, 3102, 6852, 4623, 2063, 6755, 6280, 5531, 6658, 4807, 1000, 5280, 5472, 5404, 6000, 5738, 5997], [3701, 3729, 3420, 3051, 3941, 3202, 4061, 3360, 4255, 4801, 4847, 4501, 4354, 4101, 4157, 4001, 3828, 3863, 3830, 3267, 2615, 1921, 5609, 6220, 2000, 2204, 2476, 2726, 5280, 1000, 1848, 3600, 2456, 1806, 3701], [4546, 3617, 3469, 3247, 3920, 3435, 4080, 3624, 4328, 4275, 4417, 3983, 3954, 3596, 3773, 3500, 3209, 3505, 3765, 3370, 2500, 1854, 5972, 7060, 2216, 1360, 2902, 2140, 5472, 1848, 1000, 2843, 3236, 2565, 4546], [6247, 3300, 3549, 3692, 3700, 3879, 3900, 4067, 4200, 4753, 5103, 4535, 4780, 4264, 4661, 4201, 3690, 4498, 3500, 3596, 4041, 2920, 6223, 8569, 4006, 2513, 4712, 1989, 5404, 3600, 2843, 1000, 5049, 4383, 6247], [2476, 4905, 4478, 4008, 5016, 4087, 5085, 4176, 5204, 5396, 5275, 5110, 4785, 4733, 4590, 4640, 4671, 4298, 4956, 4289, 3061, 3308, 6032, 5162, 2442, 3594, 2104, 4178, 6000, 2456, 3236, 5049, 1000, 1670, 2476], [3061, 4417, 4041, 3607, 4577, 3720, 4671, 3842, 4827, 4962, 4905, 4667, 4405, 4275, 4206, 4178, 4138, 3906, 4492, 3865, 2612, 2702, 5909, 5701, 1921, 2923, 1943, 3531, 5738, 1806, 2565, 4383, 1670, 1000, 3061], [0, 4517, 4004, 3505, 4500, 3500, 4504, 3505, 4527, 5852, 5700, 5571, 5220, 5200, 5028, 5107, 5147, 4743, 4504, 3805, 3534, 3354, 4716, 2692, 2915, 3905, 2529, 4294, 4997, 2701, 3546, 5247, 1476, 2061, 0]], "time_windows": [[0.0, 96000.0], [33800.0, 45100.0], [20500.0, 42200.0], [51100.0, 68200.0], [15800.0, 39100.0], [26300.0, 60600.0], [4500.0, 52200.0], [59800.0, 88300.0], [34800.0, 90400.0], [50900.0, 66800.0], [5700.0, 66400.0], [6800.0, 34900.0], [13100.0, 37600.0], [11400.0, 49700.0], [10200.0, 34700.0], [56400.0, 79700.0], [5100.0, 67300.0], [46200.0, 63100.0], [63600.0, 90400.0], [42300.0, 57600.0], [47100.0, 66200.0], [28100.0, 49000.0], [38000.0, 90200.0], [61300.0, 89400.0], [2900.0, 58700.0], [3900.0, 35300.0], [11200.0, 54300.0], [16200.0, 49300.0], [36000.0, 90000.0], [30400.0, 60500.0], [31800.0, 48900.0], [56500.0, 89700.0], [1400.0, 66900.0], [2000.0, 29900.0], [0.0, 96000.0]], "start_depot": 0, "end_depot": 34, "horizon": [0.0, 96000.0]}