{"digraph": {"vertex_count": 15, "arc_count": 91, "arcs": [[0, 1, 1, 1, 1, 1, 1, 1, 1, 1, 1, 1, 1, 1, 1], [0, 0, 1, 1, 1, 1, 1, 1, 1, 1, 1, 1, 1, 1, 1], [0, 1, 0, 1, 1, 1, 1, 1, 1, 1, 1, 1, 1, 1, 1], [0, 1, 1, 0, 1, 1, 1, 1, 1, 1, 1, 1, 1, 1, 1], [0, 1, 1, 1, 0, 1, 1, 1, 1, 1, 1, 1, 1, 1, 1], [0, 1, 1, 1, 1, 0, 1, 1, 1, 1, 1, 1, 1, 1, 1], [0, 1, 1, 1, 1, 1, 0, 1, 1, 1, 1, 1, 1, 1, 1], [0, 1, 1, 1, 1, 1, 1, 0, 1, 1, 1, 1, 1, 1, 1], [0, 1, 1, 1, 1, 1, 1, 1, 0, 1, 1, 1, 1, 1, 1], [0, 1, 1, 1, 1, 1, 1, 1, 1, 0, 1, 1, 1, 1, 1], [0, 1, 1, 1, 1, 1, 1, 1, 1, 1, 0, 1, 1, 1, 1], [0, 1, 1, 1, 1, 1, 1, 1, 1, 1, 1, 0, 1, 1, 1], [0, 1, 1, 1, 1, 1, 1, 1, 1, 1, 1, 1, 0, 1, 1], [0, 1, 1, 1, 1, 1, 1, 1, 1, 1, 1, 1, 1, 0, 1], [0, 0, 0, 0, 0, 0, 0, 0, 0, 0, 0, 0, 0, 0, 0]], "coordinates": [[40.0, 50.0], [65.0, 85.0], [62.0, 80.0], [60.0, 80.0], [60.0, 85.0], [58.0, 75.0], [55.0, 80.0], [55.0, 82.0], [45.0, 65.0], [31.0, 52.0], [65.0, 55.0], [63.0, 65.0], [53.0, 43.0], [57.0, 48.0], [40.0, 50.0]]}, "cluster_count": 3, "cluster_speeds": [[1.5, 1.0, 1.67, 1.17, 1.33], [1.17, 0.67, 1.33, 0.83, 1.0], [1.0, 0.33, 0.67, 0.5, 0.83]], "clusters": [[2, 1, 0, 1, 2, 1, 0, 0, 2, 2, 2, 0, 2, 1, 1], [2, 2, 0, 0, 2, 0, 2, 0, 0, 2, 1, 0, 2, 0, 0], [2, 2, 1, 2, 1, 1, 0, 1, 0, 1, 2, 1, 0, 0, 0], [2, 0, 0, 1, 1, 2, 2, 1, 0, 1, 0, 1, 2, 1, 0], [0, 0, 2, 1, 0, 2, 1, 0, 2, 0, 2, 0, 2, 2, 2], [1, 1, 1, 2, 1, 2, 0, 0, 2, 1, 2, 2, 2, 1, 2], [2, 0, 1, 2, 1, 0, 2, 1, 2, 1, 2, 0, 2, 2, 0], [2, 2, 2, 1, 0, 2, 0, 1, 1, 1, 1, 1, 2, 2, 0], [0, 0, 1, 0, 2, 0, 0, 2, 0, 0, 0, 1, 1, 1, 0], [0, 2, 1, 0, 0, 1, 2, 0, 0, 0, 2, 1, 2, 0, 1], [0, 2, 0, 2, 2, 2, 0, 2, 0, 2, 1, 0, 1, 1, 2], [1, 0, 2, 0, 1, 2, 2, 2, 0, 1, 0, 2, 1, 1, 2], [1, 0, 0, 2, 1, 2, 1, 1, 2, 0, 0, 1, 2, 0, 1], [1, 2, 0, 1, 0, 2, 2, 1, 1, 1, 2, 0, 1, 1, 2], [1, 1, 2, 1, 1, 1, 2, 1, 2, 0, 0, 1, 0, 0, 1]], "speed_zone_count": 5, "speed_zones": [[0.0, 192.0], [192.0, 288.0], [288.0, 672.0], [672.0, 768.0], [768.0, 960.0]], "distances": [[0, 42, 36, 35, 40, 30, 33, 34, 15, 9, 25, 27, 14, 17, 0], [42, 0, 5, 7, 5, 11, 11, 10, 27, 46, 30, 20, 43, 37, 41], [36, 5, 0, 2, 5, 6, 7, 7, 22, 41, 25, 15, 38, 32, 36], [35, 7, 2, 0, 5, 5, 5, 5, 21, 40, 25, 15, 37, 32, 35], [40, 5, 5, 5, 0, 10, 7, 5, 24, 43, 30, 20, 42, 37, 39], [30, 11, 6, 5, 10, 0, 5, 7, 16, 35, 21, 11, 32, 27, 30], [33, 11, 7, 5, 7, 5, 0, 2, 18, 36, 26, 16, 37, 32, 33], [34, 10, 7, 5, 5, 7, 2, 0, 19, 38, 28, 18, 39, 34, 34], [15, 27, 22, 21, 24, 16, 18, 19, 0, 19, 22, 18, 23, 20, 15], [9, 46, 41, 40, 43, 35, 36, 38, 19, 0, 34, 34, 23, 26, 9], [25, 30, 25, 25, 30, 21, 26, 28, 22, 34, 0, 10, 16, 10, 25], [27, 20, 15, 15, 20, 11, 16, 18, 18, 34, 10, 0, 24, 18, 27], [14, 43, 38, 37, 42, 32, 37, 39, 23, 23, 16, 24, 0, 6, 14], [17, 37, 32, 32, 37, 27, 32, 34, 20, 26, 10, 18, 6, 0, 17], [0, 41, 36, 35, 39, 30, 33, 34, 15, 9, 25, 27, 14, 17, 0]], "time_windows": [[0.0, 960.0], [43.0, 186.0], [308.0, 368.0], [46.0, 201.0], [339.0, 438.0], [377.0, 494.0], [33.0, 166.0], [247.0, 307.0], [214.0, 421.0], [187.0, 247.0], [191.0, 410.0], [27.0, 507.0], [14.0, 74.0], [212.0, 692.0], [0.0, 960.0]], "start_depot": 0, "end_depot": 14, "horizon": [0.0, 960.0]}