{"digraph": {"vertex_count": 34, "arc_count": 1056, "arcs": [[0, 1, 1, 1, 1, 1, 1, 1, 1, 1, 1, 1, 1, 1, 1, 1, 1, 1, 1, 1, 1, 1, 1, 1, 1, 1, 1, 1, 1, 1, 1, 1, 1, 1], [0, 0, 1, 1, 1, 1, 1, 1, 1, 1, 1, 1, 1, 1, 1, 1, 1, 1, 1, 1, 1, 1, 1, 1, 1, 1, 1, 1, 1, 1, 1, 1, 1, 1], [0, 1, 0, 1, 1, 1, 1, 1, 1, 1, 1, 1, 1, 1, 1, 1, 1, 1, 1, 1, 1, 1, 1, 1, 1, 1, 1, 1, 1, 1, 1, 1, 1, 1], [0, 1, 1, 0, 1, 1, 1, 1, 1, 1, 1, 1, 1, 1, 1, 1, 1, 1, 1, 1, 1, 1, 1, 1, 1, 1, 1, 1, 1, 1, 1, 1, 1, 1], [0, 1, 1, 1, 0, 1, 1, 1, 1, 1, 1, 1, 1, 1, 1, 1, 1, 1, 1, 1, 1, 1, 1, 1, 1, 1, 1, 1, 1, 1, 1, 1, 1, 1], [0, 1, 1, 1, 1, 0, 1, 1, 1, 1, 1, 1, 1, 1, 1, 1, 1, 1, 1, 1, 1, 1, 1, 1, 1, 1, 1, 1, 1, 1, 1, 1, 1, 1], [0, 1, 1, 1, 1, 1, 0, 1, 1, 1, 1, 1, 1, 1, 1, 1, 1, 1, 1, 1, 1, 1, 1, 1, 1, 1, 1, 1, 1, 1, 1, 1, 1, 1], [0, 1, 1, 1, 1, 1, 1, 0, 1, 1, 1, 1, 1, 1, 1, 1, 1, 1, 1, 1, 1, 1, 1, 1, 1, 1, 1, 1, 1, 1, 1, 1, 1, 1], [0, 1, 1, 1, 1, 1, 1, 1, 0, 1, 1, 1, 1, 1, 1, 1, 1, 1, 1, 1, 1, 1, 1, 1, 1, 1, 1, 1, 1, 1, 1, 1, 1, 1], [0, 1, 1, 1, 1, 1, 1, 1, 1, 0, 1, 1, 1, 1, 1, 1, 1, 1, 1, 1, 1, 1, 1, 1, 1, 1, 1, 1, 1, 1, 1, 1, 1, 1], [0, 1, 1, 1, 1, 1, 1, 1, 1, 1, 0, 1, 1, 1, 1, 1, 1, 1, 1, 1, 1, 1, 1, 1, 1, 1, 1, 1, 1, 1, 1, 1, 1, 1], [0, 1, 1, 1, 1, 1, 1, 1, 1, 1, 1, 0, 1, 1, 1, 1, 1, 1, 1, 1, 1, 1, 1, 1, 1, 1, 1, 1, 1, 1, 1, 1, 1, 1], [0, 1, 1, 1, 1, 1, 1, 1, 1, 1, 1, 1, 0, 1, 1, 1, 1, 1, 1, 1, 1, 1, 1, 1, 1, 1, 1, 1, 1, 1, 1, 1, 1, 1], [0, 1, 1, 1, 1, 1, 1, 1, 1, 1, 1, 1, 1, 0, 1, 1, 1, 1, 1, 1, 1, 1, 1, 1, 1, 1, 1, 1, 1, 1, 1, 1, 1, 1], [0, 1, 1, 1, 1, 1, 1, 1, 1, 1, 1, 1, 1, 1, 0, 1, 1, 1, 1, 1, 1, 1, 1, 1, 1, 1, 1, 1, 1, 1, 1, 1, 1, 1], [0, 1, 1, 1, 1, 1, 1, 1, 1, 1, 1, 1, 1, 1, 1, 0, 1, 1, 1, 1, 1, 1, 1, 1, 1, 1, 1, 1, 1, 1, 1, 1, 1, 1], [0, 1, 1, 1, 1, 1, 1, 1, 1, 1, 1, 1, 1, 1, 1, 1, 0, 1, 1, 1, 1, 1, 1, 1, 1, 1, 1, 1, 1, 1, 1, 1, 1, 1], [0, 1, 1, 1, 1, 1, 1, 1, 1, 1, 1, 1, 1, 1, 1, 1, 1, 0, 1, 1, 1, 1, 1, 1, 1, 1, 1, 1, 1, 1, 1, 1, 1, 1], [0, 1, 1, 1, 1, 1, 1, 1, 1, 1, 1, 1, 1, 1, 1, 1, 1, 1, 0, 1, 1, 1, 1, 1, 1, 1, 1, 1, 1, 1, 1, 1, 1, 1], [0, 1, 1, 1, 1, 1, 1, 1, 1, 1, 1, 1, 1, 1, 1, 1, 1, 1, 1, 0, 1, 1, 1, 1, 1, 1, 1, 1, 1, 1, 1, 1, 1, 1], [0, 1, 1, 1, 1, 1, 1, 1, 1, 1, 1, 1, 1, 1, 1, 1, 1, 1, 1, 1, 0, 1, 1, 1, 1, 1, 1, 1, 1, 1, 1, 1, 1, 1], [0, 1, 1, 1, 1, 1, 1, 1, 1, 1, 1, 1, 1, 1, 1, 1, 1, 1, 1, 1, 1, 0, 1, 1, 1, 1, 1, 1, 1, 1, 1, 1, 1, 1], [0, 1, 1, 1, 1, 1, 1, 1, 1, 1, 1, 1, 1, 1, 1, 1, 1, 1, 1, 1, 1, 1, 0, 1, 1, 1, 1, 1, 1, 1, 1, 1, 1, 1], [0, 1, 1, 1, 1, 1, 1, 1, 1, 1, 1, 1, 1, 1, 1, 1, 1, 1, 1, 1, 1, 1, 1, 0, 1, 1, 1, 1, 1, 1, 1, 1, 1, 1], [0, 1, 1, 1, 1, 1, 1, 1, 1, 1, 1, 1, 1, 1, 1, 1, 1, 1, 1, 1, 1, 1, 1, 1, 0, 1, 1, 1, 1, 1, 1, 1, 1, 1], [0, 1, 1, 1, 1, 1, 1, 1, 1, 1, 1, 1, 1, 1, 1, 1, 1, 1, 1, 1, 1, 1, 1, 1, 1, 0, 1, 1, 1, 1, 1, 1, 1, 1], [0, 1, 1, 1, 1, 1, 1, 1, 1, 1, 1, 1, 1, 1, 1, 1, 1, 1, 1, 1, 1, 1, 1, 1, 1, 1, 0, 1, 1, 1, 1, 1, 1, 1], [0, 1, 1, 1, 1, 1, 1, 1, 1, 1, 1, 1, 1, 1, 1, 1, 1, 1, 1, 1, 1, 1, 1, 1, 1, 1, 1, 0, 1, 1, 1, 1, 1, 1], [0, 1, 1, 1, 1, 1, 1, 1, 1, 1, 1, 1, 1, 1, 1, 1, 1, 1, 1, 1, 1, 1, 1, 1, 1, 1, 1, 1, 0, 1, 1, 1, 1, 1], [0, 1, 1, 1, 1, 1, 1, 1, 1, 1, 1, 1, 1, 1, 1, 1, 1, 1, 1, 1, 1, 1, 1, 1, 1, 1, 1, 1, 1, 0, 1, 1, 1, 1], [0, 1, 1, 1, 1, 1, 1, 1, 1, 1, 1, 1, 1, 1, 1, 1, 1, 1, 1, 1, 1, 1, 1, 1, 1, 1, 1, 1, 1, 1, 0, 1, 1, 1], [0, 1, 1, 1, 1, 1, 1, 1, 1, 1, 1, 1, 1, 1, 1, 1, 1, 1, 1, 1, 1, 1, 1, 1, 1, 1, 1, 1, 1, 1, 1, 0, 1, 1], [0, 1, 1, 1, 1, 1, 1, 1, 1, 1, 1, 1, 1, 1, 1, 1, 1, 1, 1, 1, 1, 1, 1, 1, 1, 1, 1, 1, 1, 1, 1, 1, 0, 1], [0, 0, 0, 0, 0, 0, 0, 0, 0, 0, 0, 0, 0, 0, 0, 0, 0, 0, 0, 0, 0, 0, 0, 0, 0, 0, 0, 0, 0, 0, 0, 0, 0, 0]], "coordinates": [[40.0, 50.0], [22.0, 75.0], [20.0, 80.0], [44.0, 5.0], [42.0, 10.0], [42.0, 15.0], [40.0, 5.0], [40.0, 15.0], [38.0, 5.0], [67.0, 85.0], [65.0, 85.0], [65.0, 82.0], [60.0, 80.0], [55.0, 80.0], [42.0, 5.0], [42.0, 12.0], [25.0, 30.0], [55.0, 60.0], [30.0, 60.0], [50.0, 35.0], [15.0, 60.0], [65.0, 20.0], [41.0, 37.0], [40.0, 60.0], [35.0, 69.0], [65.0, 55.0], [63.0, 65.0], [60.0, 12.0], [49.0, 58.0], [57.0, 29.0], [12.0, 24.0], [67.0, 5.0], [31.0, 67.0], [40.0, 50.0]]}, "cluster_count": 3, "cluster_speeds": [[1.5, 1.0, 1.67, 1.17, 1.33], [1.17, 0.67, 1.33, 0.83, 1.0], [1.0, 0.33, 0.67, 0.5, 0.83]], "clusters": [[1, 0, 0, 1, 2, 2, 0, 2, 2, 1, 0, 2, 1, 2, 2, 0, 1, 1, 0, 0, 0, 0, 2, 0, 1, 0, 2, 0, 2, 2, 1, 2, 2, 0], [2, 1, 2, 2, 0, 2, 0, 2, 1, 1, 0, 1, 2, 1, 0, 2, 1, 1, 1, 1, 0, 1, 2, 0, 1, 2, 0, 0, 2, 2, 1, 2, 0, 0], [0, 0, 2, 2, 1, 0, 2, 2, 2, 0, 0, 1, 1, 2, 0, 2, 1, 0, 0, 1, 0, 2, 2, 1, 1, 0, 0, 2, 1, 0, 1, 1, 1, 0], [0, 1, 1, 0, 1, 0, 0, 2, 0, 0, 2, 1, 0, 0, 1, 2, 2, 0, 1, 1, 2, 1, 1, 1, 0, 0, 0, 0, 0, 1, 1, 1, 2, 2], [0, 2, 2, 2, 0, 1, 2, 0, 0, 0, 1, 0, 1, 0, 0, 1, 2, 2, 2, 0, 0, 2, 1, 1, 1, 1, 1, 1, 0, 1, 1, 1, 0, 1], [0, 2, 2, 0, 0, 2, 2, 1, 0, 2, 0, 0, 1, 2, 0, 0, 2, 2, 1, 1, 0, 0, 1, 1, 0, 0, 2, 0, 0, 1, 1, 0, 2, 0], [2, 2, 2, 1, 1, 0, 1, 2, 1, 2, 1, 0, 2, 1, 0, 0, 2, 0, 1, 1, 2, 2, 2, 1, 1, 1, 0, 1, 2, 1, 1, 1, 1, 0], [2, 1, 1, 2, 2, 2, 0, 2, 1, 1, 0, 2, 0, 1, 2, 2, 0, 2, 0, 1, 2, 1, 0, 0, 1, 0, 2, 2, 0, 2, 0, 0, 2, 2], [2, 0, 0, 2, 1, 0, 0, 0, 2, 1, 2, 2, 1, 2, 2, 1, 2, 0, 1, 0, 2, 1, 2, 2, 1, 2, 0, 0, 0, 1, 0, 1, 1, 0], [2, 1, 1, 1, 0, 1, 1, 1, 1, 0, 0, 1, 1, 2, 0, 0, 1, 1, 1, 0, 2, 0, 1, 0, 0, 1, 1, 2, 0, 1, 1, 0, 2, 1], [1, 0, 2, 2, 0, 1, 2, 0, 1, 2, 1, 1, 1, 2, 0, 2, 0, 0, 2, 1, 0, 1, 2, 0, 2, 0, 0, 1, 2, 2, 2, 0, 2, 1], [1, 2, 1, 1, 1, 2, 2, 1, 0, 1, 1, 2, 0, 0, 0, 1, 1, 0, 0, 2, 0, 2, 2, 1, 1, 0, 2, 0, 2, 2, 0, 1, 2, 0], [2, 2, 1, 0, 0, 1, 2, 0, 0, 2, 1, 2, 2, 1, 1, 2, 1, 2, 2, 2, 1, 0, 0, 1, 1, 2, 0, 2, 1, 1, 1, 2, 2, 0], [0, 0, 0, 0, 2, 2, 2, 2, 2, 1, 2, 2, 2, 1, 0, 2, 2, 0, 2, 0, 1, 2, 2, 2, 0, 2, 2, 1, 2, 2, 1, 2, 1, 1], [1, 1, 2, 0, 0, 2, 1, 1, 1, 1, 0, 1, 0, 1, 0, 2, 1, 2, 1, 2, 0, 1, 0, 1, 2, 2, 1, 0, 0, 2, 0, 0, 2, 2], [0, 2, 2, 2, 2, 0, 1, 2, 2, 2, 1, 0, 2, 0, 2, 2, 2, 1, 1, 1, 0, 0, 2, 2, 2, 2, 1, 1, 1, 2, 2, 2, 2, 2], [0, 0, 2, 2, 2, 2, 0, 2, 2, 2, 2, 0, 1, 0, 1, 0, 0, 0, 2, 1, 2, 1, 2, 0, 2, 0, 0, 0, 0, 2, 0, 0, 1, 0], [2, 2, 2, 0, 0, 1, 0, 0, 0, 0, 1, 0, 2, 0, 1, 2, 1, 1, 1, 1, 0, 0, 2, 1, 2, 1, 0, 1, 0, 1, 2, 1, 0, 2], [1, 2, 2, 2, 0, 1, 0, 0, 0, 2, 1, 1, 2, 2, 0, 2, 0, 1, 2, 2, 2, 0, 0, 2, 0, 0, 1, 2, 0, 2, 2, 1, 1, 2], [0, 0, 0, 1, 1, 1, 1, 2, 1, 2, 2, 0, 2, 0, 1, 2, 2, 2, 0, 0, 1, 0, 1, 1, 0, 1, 2, 0, 1, 2, 1, 0, 1, 2], [0, 1, 1, 1, 2, 0, 2, 0, 2, 2, 2, 1, 0, 0, 0, 2, 0, 2, 2, 0, 0, 0, 0, 2, 0, 1, 0, 1, 1, 2, 0, 2, 1, 1], [2, 1, 2, 1, 1, 2, 1, 2, 2, 2, 2, 0, 1, 0, 0, 2, 2, 1, 2, 2, 2, 2, 1, 2, 1, 1, 1, 2, 0, 0, 0, 1, 1, 1], [2, 2, 1, 2, 2, 2, 2, 2, 0, 0, 2, 0, 1, 1, 2, 2, 1, 1, 0, 0, 2, 1, 0, 0, 1, 1, 2, 1, 2, 0, 0, 0, 2, 1], [0, 1, 0, 0, 1, 1, 0, 2, 2, 2, 0, 1, 1, 2, 0, 2, 2, 2, 1, 0, 0, 1, 2, 0, 0, 0, 0, 1, 2, 1, 1, 2, 1, 2], [2, 1, 1, 0, 0, 2, 1, 0, 0, 2, 1, 0, 0, 1, 1, 2, 1, 2, 0, 0, 0, 1, 0, 0, 0, 1, 0, 2, 2, 2, 1, 0, 2, 0], [1, 2, 1, 1, 0, 1, 0, 1, 1, 0, 0, 1, 2, 1, 2, 2, 2, 0, 1, 2, 0, 2, 0, 2, 2, 0, 2, 1, 0, 0, 0, 1, 1, 2], [1, 2, 0, 2, 0, 1, 2, 2, 2, 2, 2, 2, 0, 1, 1, 1, 2, 2, 0, 1, 1, 0, 2, 1, 1, 2, 0, 0, 1, 0, 0, 2, 0, 1], [0, 0, 0, 2, 0, 0, 1, 1, 0, 0, 1, 1, 0, 1, 0, 2, 0, 2, 1, 0, 1, 2, 1, 2, 1, 2, 2, 2, 1, 2, 2, 2, 0, 1], [2, 2, 2, 1, 2, 2, 1, 1, 1, 2, 0, 0, 0, 1, 2, 0, 1, 1, 0, 1, 1, 0, 2, 0, 1, 1, 0, 2, 1, 1, 1, 1, 0, 0], [1, 0, 1, 0, 2, 0, 1, 2, 2, 0, 0, 1, 2, 1, 2, 1, 0, 1, 0, 1, 0, 2, 1, 1, 1, 1, 2, 1, 0, 0, 0, 1, 0, 2], [0, 2, 2, 2, 1, 1, 2, 2, 0, 1, 1, 1, 0, 0, 1, 2, 0, 0, 0, 2, 0, 2, 1, 2, 1, 1, 0, 1, 0, 1, 2, 0, 0, 1], [1, 2, 0, 1, 0, 2, 2, 1, 1, 1, 0, 0, 1, 1, 0, 1, 2, 1, 1, 0, 1, 1, 1, 0, 2, 0, 2, 0, 2, 1, 0, 1, 0, 0], [1, 0, 1, 0, 2, 1, 0, 2, 0, 0, 0, 0, 2, 2, 1, 2, 1, 1, 2, 2, 1, 2, 2, 1, 2, 1, 2, 2, 2, 0, 1, 2, 0, 2], [0, 0, 2, 2, 2, 2, 0, 0, 0, 2, 0, 2, 2, 0, 2, 1, 0, 0, 0, 1, 0, 1, 2, 0, 2, 0, 0, 0, 2, 2, 2, 1, 2, 2]], "speed_zone_count": 5, "speed_zones": [[0.0, 19200.0], [19200.0, 28800.0], [28800.0, 67200.0], [67200.0, 76800.0], [76800.0, 96000.0]], "distances": [[0, 3080, 3605, 4517, 4004, 3505, 4500, 3500, 4504, 4420, 4301, 4060, 3605, 3354, 4504, 3805, 2500, 1802, 1414, 1802, 2692, 3905, 1303, 1000, 1964, 2549, 2745, 4294, 1204, 2701, 3820, 5247, 1923, 0], [4080, 1000, 1538, 8337, 7800, 7324, 8227, 7264, 8180, 5609, 5414, 5356, 4832, 4337, 8280, 7609, 5509, 4624, 2700, 5882, 2655, 7981, 5248, 3343, 2431, 5742, 5220, 8357, 4190, 6780, 6197, 9321, 2204, 4080], [4605, 1538, 1000, 8874, 8337, 7862, 8762, 7800, 8712, 5726, 5527, 5504, 5000, 4500, 8816, 8147, 6024, 5031, 3236, 6407, 3061, 8500, 5785, 3828, 2860, 6147, 5554, 8889, 4640, 7300, 6656, 9850, 2702, 4605], [5517, 8337, 8874, 1000, 1538, 2019, 1400, 2077, 1600, 9324, 9271, 8981, 8668, 8580, 1200, 1728, 4140, 6608, 6675, 4059, 7217, 3580, 4214, 6514, 7462, 6423, 7293, 2746, 6323, 3729, 4721, 3300, 7334, 5517], [5004, 7800, 8337, 1538, 1000, 1500, 1538, 1538, 1640, 8905, 8844, 8558, 8227, 8119, 1500, 1200, 3624, 6166, 6141, 3624, 6682, 3507, 3701, 6003, 6941, 6053, 6887, 2811, 5850, 3420, 4310, 3549, 6805, 5004], [4505, 7324, 7862, 2019, 1500, 1000, 2019, 1200, 2077, 8433, 8368, 8083, 7744, 7628, 2000, 1300, 3267, 5684, 5657, 3154, 6247, 3353, 3202, 5504, 6445, 5614, 6423, 2824, 5356, 3051, 4132, 3692, 6315, 4505], [5500, 8227, 8762, 1400, 1538, 2019, 1000, 2000, 1200, 9443, 9381, 9095, 8762, 8648, 1200, 1728, 3915, 6700, 6590, 4162, 7041, 3915, 4201, 6500, 7419, 6590, 7425, 3118, 6375, 3941, 4383, 3700, 7264, 5500], [4500, 7264, 7800, 2077, 1538, 1200, 2000, 1000, 2019, 8502, 8433, 8151, 7800, 7670, 2019, 1360, 3121, 5743, 5609, 3236, 6147, 3549, 3202, 5500, 6423, 5716, 6503, 3022, 5393, 3202, 3941, 3879, 6277, 4500], [5504, 8180, 8712, 1600, 1640, 2077, 1200, 2019, 1000, 9509, 9443, 9159, 8816, 8690, 1400, 1806, 3817, 6756, 6557, 4231, 6961, 4088, 4214, 6503, 7407, 6682, 7500, 3308, 6412, 4061, 4220, 3900, 7239, 5504], [5420, 5609, 5726, 9324, 8905, 8433, 9443, 8502, 9509, 1000, 1200, 1360, 1860, 2300, 9381, 8716, 7920, 3773, 5465, 6281, 6769, 7503, 6458, 4679, 4577, 4006, 3039, 8333, 4244, 6688, 9213, 9000, 5024, 5420], [5301, 5414, 5527, 9271, 8844, 8368, 9381, 8433, 9443, 1200, 1000, 1300, 1707, 2118, 9324, 8653, 7800, 3692, 5301, 6220, 6590, 7500, 6366, 4535, 4400, 4000, 3009, 8317, 4138, 6656, 9080, 9002, 4847, 5301], [5060, 5356, 5504, 8981, 8558, 8083, 9095, 8151, 9159, 1360, 1300, 1000, 1538, 2019, 9036, 8368, 7560, 3416, 5134, 5933, 6462, 7200, 6100, 4330, 4269, 3700, 2711, 8017, 3884, 6360, 8856, 8702, 4716, 5060], [4605, 4832, 5000, 8668, 8227, 7744, 8762, 7800, 8816, 1860, 1707, 1538, 1000, 1500, 8712, 8034, 7103, 3061, 4605, 5609, 5924, 7020, 5701, 3828, 3731, 3549, 2529, 7800, 3459, 6108, 8375, 8532, 4178, 4605], [4354, 4337, 4500, 8580, 8119, 7628, 8648, 7670, 8690, 2300, 2118, 2019, 1500, 1000, 8611, 7923, 6830, 3000, 4201, 5527, 5472, 7082, 5522, 3500, 3282, 3692, 2700, 7818, 3280, 6103, 8060, 8595, 3729, 4354], [5504, 8280, 8816, 1200, 1500, 2000, 1200, 2019, 1400, 9381, 9324, 9036, 8712, 8611, 1000, 1700, 4023, 6651, 6629, 4104, 7126, 3745, 4201, 6503, 7438, 6503, 7356, 2931, 6346, 3830, 4551, 3500, 7296, 5504], [4805, 7609, 8147, 1728, 1200, 1300, 1728, 1360, 1806, 8716, 8653, 8368, 8034, 7923, 1700, 1000, 3475, 5972, 5947, 3435, 6507, 3435, 3501, 5804, 6742, 5876, 6700, 2800, 5652, 3267, 4231, 3596, 6608, 4805], [3500, 5509, 6024, 4140, 3624, 3267, 3915, 3121, 3817, 7920, 7800, 7560, 7103, 6830, 4023, 3475, 1000, 5242, 4041, 3549, 4162, 5123, 2746, 4354, 5026, 5716, 6166, 4935, 4687, 4201, 2431, 5887, 4748, 3500], [2802, 4624, 5031, 6608, 6166, 5684, 6700, 5743, 6756, 3773, 3692, 3416, 3061, 3000, 6651, 5972, 5242, 1000, 3500, 3549, 5000, 5123, 3692, 2500, 3193, 2118, 1943, 5825, 1632, 4106, 6608, 6629, 3500, 2802], [2414, 2700, 3236, 6675, 6141, 5657, 6590, 5609, 6557, 5465, 5301, 5134, 4605, 4201, 6629, 5947, 4041, 3500, 1000, 4201, 2500, 6315, 3549, 2000, 2029, 4535, 4337, 6660, 2910, 5110, 5024, 7628, 1707, 2414], [2802, 5882, 6407, 4059, 3624, 3154, 4162, 3236, 4231, 6281, 6220, 5933, 5609, 5527, 4104, 3435, 3549, 3549, 4201, 1000, 5301, 3121, 1921, 3692, 4716, 3500, 4269, 3507, 3302, 1921, 4956, 4448, 4721, 2802], [3692, 2655, 3061, 7217, 6682, 6247, 7041, 6147, 6961, 6769, 6590, 6462, 5924, 5472, 7126, 6507, 4162, 5000, 2500, 5301, 1000, 7403, 4471, 3500, 3193, 6024, 5825, 7579, 4405, 6220, 4612, 8569, 2746, 3692], [4905, 7981, 8500, 3580, 3507, 3353, 3915, 3549, 4088, 7503, 7500, 7200, 7020, 7082, 3745, 3435, 5123, 5123, 6315, 3121, 7403, 1000, 3941, 5716, 6745, 4500, 5504, 1943, 5123, 2204, 6315, 2513, 6800, 4905], [2303, 5248, 5785, 4214, 3701, 3202, 4201, 3202, 4214, 6458, 6366, 6100, 5701, 5522, 4201, 3501, 2746, 3692, 3549, 1921, 4471, 3941, 1000, 3302, 4255, 4000, 4560, 4140, 3247, 2788, 4178, 5123, 4162, 2303], [2000, 3343, 3828, 6514, 6003, 5504, 6500, 5500, 6503, 4679, 4535, 4330, 3828, 3500, 6503, 5804, 4354, 2500, 2000, 3692, 3500, 5716, 3302, 1000, 2029, 3549, 3353, 6200, 1921, 4535, 5560, 7126, 2140, 2000], [2964, 2431, 2860, 7462, 6941, 6445, 7419, 6423, 7407, 4577, 4400, 4269, 3731, 3282, 7438, 6742, 5026, 3193, 2029, 4716, 3193, 6745, 4255, 2029, 1000, 4310, 3828, 7224, 2780, 5565, 6053, 8155, 1447, 2964], [3549, 5742, 6147, 6423, 6053, 5614, 6590, 5716, 6682, 4006, 4000, 3700, 3549, 3692, 6503, 5876, 5716, 2118, 4535, 3500, 6024, 4500, 4000, 3549, 4310, 1000, 2019, 5328, 2627, 3720, 7140, 6003, 4605, 3549], [3745, 5220, 5554, 7293, 6887, 6423, 7425, 6503, 7500, 3039, 3009, 2711, 2529, 2700, 7356, 6700, 6166, 1943, 4337, 4269, 5825, 5504, 4560, 3353, 3828, 2019, 1000, 6308, 2565, 4649, 7543, 7013, 4206, 3745], [5294, 8357, 8889, 2746, 2811, 2824, 3118, 3022, 3308, 8333, 8317, 8017, 7800, 7818, 2931, 2800, 4935, 5825, 6660, 3507, 7579, 1943, 4140, 6200, 7224, 5328, 6308, 1000, 5729, 2726, 5947, 1989, 7217, 5294], [2204, 4190, 4640, 6323, 5850, 5356, 6375, 5393, 6412, 4244, 4138, 3884, 3459, 3280, 6346, 5652, 4687, 1632, 2910, 3302, 4405, 5123, 3247, 1921, 2780, 2627, 2565, 5729, 1000, 4008, 6024, 6597, 3012, 2204], [3701, 6780, 7300, 3729, 3420, 3051, 3941, 3202, 4061, 6688, 6656, 6360, 6108, 6103, 3830, 3267, 4201, 4106, 5110, 1921, 6220, 2204, 2788, 4535, 5565, 3720, 4649, 2726, 4008, 1000, 5527, 3600, 5604, 3701], [4820, 6197, 6656, 4721, 4310, 4132, 4383, 3941, 4220, 9213, 9080, 8856, 8375, 8060, 4551, 4231, 2431, 6608, 5024, 4956, 4612, 6315, 4178, 5560, 6053, 7140, 7543, 5947, 6024, 5527, 1000, 6818, 5701, 4820], [6247, 9321, 9850, 3300, 3549, 3692, 3700, 3879, 3900, 9000, 9002, 8702, 8532, 8595, 3500, 3596, 5887, 6629, 7628, 4448, 8569, 2513, 5123, 7126, 8155, 6003, 7013, 1989, 6597, 3600, 6818, 1000, 8169, 6247], [2923, 2204, 2702, 7334, 6805, 6315, 7264, 6277, 7239, 5024, 4847, 4716, 4178, 3729, 7296, 6608, 4748, 3500, 1707, 4721, 2746, 6800, 4162, 2140, 1447, 4605, 4206, 7217, 3012, 5604, 5701, 8169, 1000, 2923], [0, 3080, 3605, 4517, 4004, 3505, 4500, 3500, 4504, 4420, 4301, 4060, 3605, 3354, 4504, 3805, 2500, 1802, 1414, 1802, 2692, 3905, 1303, 1000, 1964, 2549, 2745, 4294, 1204, 2701, 3820, 5247, 1923, 0]], "time_windows": [[0.0, 96000.0], [0.0, 91900.0], [64400.0, 76400.0], [0.0, 90400.0], [0.0, 90900.0], [0.0, 91400.0], [0.0, 90500.0], [37500.0, 49500.0], [20100.0, 32100.0], [65700.0, 77700.0], [4300.0, 16300.0], [0.0, 90900.0], [6400.0, 18400.0], [3300.0, 15300.0], [0.0, 90400.0], [44000.0, 56000.0], [0.0, 92500.0], [0.0, 93100.0], [59900.0, 71900.0], [55700.0, 67700.0], [0.0, 92300.0], [0.0, 91000.0], [56600.0, 68600.0], [61200.0, 73200.0], [81000.0, 93000.0], [0.0, 92400.0], [0.0, 92200.0], [26800.0, 38800.0], [0.0, 93700.0], [39500.0, 51500.0], [35900.0, 47900.0], [0.0, 89700.0], [81000.0, 93000.0], [0.0, 96000.0]], "start_depot": 0, "end_depot": 33, "horizon": [0.0, 96000.0]}