{"digraph": {"vertex_count": 16, "arc_count": 105, "arcs": [[0, 1, 1, 1, 1, 1, 1, 1, 1, 1, 1, 1, 1, 1, 1, 1], [0, 0, 1, 1, 1, 1, 1, 1, 1, 1, 1, 1, 1, 1, 1, 1], [0, 1, 0, 1, 1, 1, 1, 1, 1, 1, 1, 1, 1, 1, 1, 1], [0, 1, 1, 0, 1, 1, 1, 1, 1, 1, 1, 1, 1, 1, 1, 1], [0, 1, 1, 1, 0, 1, 1, 1, 1, 1, 1, 1, 1, 1, 1, 1], [0, 1, 1, 1, 1, 0, 1, 1, 1, 1, 1, 1, 1, 1, 1, 1], [0, 1, 1, 1, 1, 1, 0, 1, 1, 1, 1, 1, 1, 1, 1, 1], [0, 1, 1, 1, 1, 1, 1, 0, 1, 1, 1, 1, 1, 1, 1, 1], [0, 1, 1, 1, 1, 1, 1, 1, 0, 1, 1, 1, 1, 1, 1, 1], [0, 1, 1, 1, 1, 1, 1, 1, 1, 0, 1, 1, 1, 1, 1, 1], [0, 1, 1, 1, 1, 1, 1, 1, 1, 1, 0, 1, 1, 1, 1, 1], [0, 1, 1, 1, 1, 1, 1, 1, 1, 1, 1, 0, 1, 1, 1, 1], [0, 1, 1, 1, 1, 1, 1, 1, 1, 1, 1, 1, 0, 1, 1, 1], [0, 1, 1, 1, 1, 1, 1, 1, 1, 1, 1, 1, 1, 0, 1, 1], [0, 1, 1, 1, 1, 1, 1, 1, 1, 1, 1, 1, 1, 1, 0, 1], [0, 0, 0, 0, 0, 0, 0, 0, 0, 0, 0, 0, 0, 0, 0, 0]], "coordinates": [[40.0, 50.0], [25.0, 85.0], [22.0, 85.0], [20.0, 85.0], [15.0, 75.0], [8.0, 40.0], [2.0, 40.0], [0.0, 40.0], [55.0, 85.0], [20.0, 82.0], [18.0, 80.0], [45.0, 65.0], [2.0, 60.0], [27.0, 43.0], [26.0, 35.0], [40.0, 50.0]]}, "cluster_count": 3, "cluster_speeds": [[1.5, 1.0, 1.67, 1.17, 1.33], [1.17, 0.67, 1.33, 0.83, 1.0], [1.0, 0.33, 0.67, 0.5, 0.83]], "clusters": [[0, 1, 0, 1, 0, 2, 2, 0, 0, 1, 1, 1, 1, 1, 2, 2], [2, 1, 2, 1, 2, 2, 1, 2, 1, 0, 0, 2, 2, 2, 1, 0], [0, 0, 1, 2, 0, 0, 2, 1, 2, 0, 2, 2, 0, 0, 1, 1], [2, 0, 2, 1, 1, 1, 2, 2, 0, 0, 0, 0, 2, 1, 0, 1], [1, 1, 0, 1, 0, 2, 0, 2, 0, 1, 2, 1, 2, 0, 1, 0], [1, 0, 0, 2, 2, 1, 0, 1, 1, 2, 2, 2, 2, 1, 1, 2], [0, 0, 2, 1, 2, 1, 0, 2, 0, 0, 0, 2, 0, 1, 1, 2], [1, 1, 2, 2, 2, 0, 2, 2, 1, 0, 2, 1, 2, 0, 1, 0], [1, 0, 1, 0, 2, 0, 0, 1, 1, 2, 2, 1, 1, 2, 0, 1], [2, 2, 2, 0, 2, 1, 2, 2, 2, 2, 2, 0, 1, 1, 2, 0], [2, 0, 1, 2, 0, 1, 1, 2, 0, 0, 2, 2, 0, 2, 1, 2], [1, 2, 0, 0, 1, 1, 2, 1, 1, 0, 0, 1, 1, 0, 1, 0], [0, 1, 0, 1, 0, 1, 1, 2, 2, 1, 1, 0, 2, 2, 0, 0], [1, 2, 2, 2, 0, 2, 1, 1, 2, 2, 1, 0, 0, 2, 2, 2], [2, 2, 1, 2, 2, 2, 0, 1, 1, 1, 2, 1, 1, 2, 1, 2], [2, 1, 0, 2, 0, 0, 1, 0, 0, 0, 1, 1, 2, 0, 1, 2]], "speed_zone_count": 5, "speed_zones": [[0.0, 192.0], [192.0, 288.0], [288.0, 672.0], [672.0, 768.0], [768.0, 960.0]], "distances": [[0, 38, 39, 40, 35, 33, 39, 41, 37, 37, 37, 15, 39, 14, 20, 0], [38, 0, 3, 5, 13, 48, 50, 51, 30, 5, 7, 28, 32, 42, 50, 38], [39, 3, 0, 2, 11, 46, 48, 49, 33, 3, 5, 30, 30, 42, 50, 39], [40, 5, 2, 0, 10, 45, 47, 48, 35, 3, 5, 32, 29, 42, 50, 40], [35, 13, 11, 10, 0, 35, 37, 38, 41, 7, 5, 31, 19, 34, 41, 35], [33, 48, 46, 45, 35, 0, 6, 8, 65, 42, 40, 44, 20, 19, 18, 33], [39, 50, 48, 47, 37, 6, 0, 2, 69, 44, 42, 49, 20, 25, 24, 39], [41, 51, 49, 48, 38, 8, 2, 0, 71, 45, 43, 51, 20, 27, 26, 41], [37, 30, 33, 35, 41, 65, 69, 71, 0, 35, 37, 22, 58, 50, 57, 37], [37, 5, 3, 3, 7, 42, 44, 45, 35, 0, 2, 30, 26, 39, 47, 37], [37, 7, 5, 5, 5, 40, 42, 43, 37, 2, 0, 30, 24, 38, 45, 37], [15, 28, 30, 32, 31, 44, 49, 51, 22, 30, 30, 0, 43, 28, 35, 15], [39, 32, 30, 29, 19, 20, 20, 20, 58, 26, 24, 43, 0, 30, 34, 39], [14, 42, 42, 42, 34, 19, 25, 27, 50, 39, 38, 28, 30, 0, 8, 14], [20, 50, 50, 50, 41, 18, 24, 26, 57, 47, 45, 35, 34, 8, 0, 20], [0, 38, 39, 40, 35, 33, 39, 41, 37, 37, 37, 15, 39, 14, 20, 0]], "time_windows": [[0.0, 960.0], [0.0, 911.0], [0.0, 910.0], [0.0, 909.0], [0.0, 914.0], [195.0, 315.0], [174.0, 294.0], [0.0, 908.0], [0.0, 911.0], [37.0, 157.0], [0.0, 912.0], [0.0, 934.0], [0.0, 910.0], [0.0, 935.0], [308.0, 428.0], [0.0, 960.0]], "start_depot": 0, "end_depot": 15, "horizon": [0.0, 960.0]}