{"digraph": {"vertex_count": 29, "arc_count": 756, "arcs": [[0, 1, 1, 1, 1, 1, 1, 1, 1, 1, 1, 1, 1, 1, 1, 1, 1, 1, 1, 1, 1, 1, 1, 1, 1, 1, 1, 1, 1], [0, 0, 1, 1, 1, 1, 1, 1, 1, 1, 1, 1, 1, 1, 1, 1, 1, 1, 1, 1, 1, 1, 1, 1, 1, 1, 1, 1, 1], [0, 1, 0, 1, 1, 1, 1, 1, 1, 1, 1, 1, 1, 1, 1, 1, 1, 1, 1, 1, 1, 1, 1, 1, 1, 1, 1, 1, 1], [0, 1, 1, 0, 1, 1, 1, 1, 1, 1, 1, 1, 1, 1, 1, 1, 1, 1, 1, 1, 1, 1, 1, 1, 1, 1, 1, 1, 1], [0, 1, 1, 1, 0, 1, 1, 1, 1, 1, 1, 1, 1, 1, 1, 1, 1, 1, 1, 1, 1, 1, 1, 1, 1, 1, 1, 1, 1], [0, 1, 1, 1, 1, 0, 1, 1, 1, 1, 1, 1, 1, 1, 1, 1, 1, 1, 1, 1, 1, 1, 1, 1, 1, 1, 1, 1, 1], [0, 1, 1, 1, 1, 1, 0, 1, 1, 1, 1, 1, 1, 1, 1, 1, 1, 1, 1, 1, 1, 1, 1, 1, 1, 1, 1, 1, 1], [0, 1, 1, 1, 1, 1, 1, 0, 1, 1, 1, 1, 1, 1, 1, 1, 1, 1, 1, 1, 1, 1, 1, 1, 1, 1, 1, 1, 1], [0, 1, 1, 1, 1, 1, 1, 1, 0, 1, 1, 1, 1, 1, 1, 1, 1, 1, 1, 1, 1, 1, 1, 1, 1, 1, 1, 1, 1], [0, 1, 1, 1, 1, 1, 1, 1, 1, 0, 1, 1, 1, 1, 1, 1, 1, 1, 1, 1, 1, 1, 1, 1, 1, 1, 1, 1, 1], [0, 1, 1, 1, 1, 1, 1, 1, 1, 1, 0, 1, 1, 1, 1, 1, 1, 1, 1, 1, 1, 1, 1, 1, 1, 1, 1, 1, 1], [0, 1, 1, 1, 1, 1, 1, 1, 1, 1, 1, 0, 1, 1, 1, 1, 1, 1, 1, 1, 1, 1, 1, 1, 1, 1, 1, 1, 1], [0, 1, 1, 1, 1, 1, 1, 1, 1, 1, 1, 1, 0, 1, 1, 1, 1, 1, 1, 1, 1, 1, 1, 1, 1, 1, 1, 1, 1], [0, 1, 1, 1, 1, 1, 1, 1, 1, 1, 1, 1, 1, 0, 1, 1, 1, 1, 1, 1, 1, 1, 1, 1, 1, 1, 1, 1, 1], [0, 1, 1, 1, 1, 1, 1, 1, 1, 1, 1, 1, 1, 1, 0, 1, 1, 1, 1, 1, 1, 1, 1, 1, 1, 1, 1, 1, 1], [0, 1, 1, 1, 1, 1, 1, 1, 1, 1, 1, 1, 1, 1, 1, 0, 1, 1, 1, 1, 1, 1, 1, 1, 1, 1, 1, 1, 1], [0, 1, 1, 1, 1, 1, 1, 1, 1, 1, 1, 1, 1, 1, 1, 1, 0, 1, 1, 1, 1, 1, 1, 1, 1, 1, 1, 1, 1], [0, 1, 1, 1, 1, 1, 1, 1, 1, 1, 1, 1, 1, 1, 1, 1, 1, 0, 1, 1, 1, 1, 1, 1, 1, 1, 1, 1, 1], [0, 1, 1, 1, 1, 1, 1, 1, 1, 1, 1, 1, 1, 1, 1, 1, 1, 1, 0, 1, 1, 1, 1, 1, 1, 1, 1, 1, 1], [0, 1, 1, 1, 1, 1, 1, 1, 1, 1, 1, 1, 1, 1, 1, 1, 1, 1, 1, 0, 1, 1, 1, 1, 1, 1, 1, 1, 1], [0, 1, 1, 1, 1, 1, 1, 1, 1, 1, 1, 1, 1, 1, 1, 1, 1, 1, 1, 1, 0, 1, 1, 1, 1, 1, 1, 1, 1], [0, 1, 1, 1, 1, 1, 1, 1, 1, 1, 1, 1, 1, 1, 1, 1, 1, 1, 1, 1, 1, 0, 1, 1, 1, 1, 1, 1, 1], [0, 1, 1, 1, 1, 1, 1, 1, 1, 1, 1, 1, 1, 1, 1, 1, 1, 1, 1, 1, 1, 1, 0, 1, 1, 1, 1, 1, 1], [0, 1, 1, 1, 1, 1, 1, 1, 1, 1, 1, 1, 1, 1, 1, 1, 1, 1, 1, 1, 1, 1, 1, 0, 1, 1, 1, 1, 1], [0, 1, 1, 1, 1, 1, 1, 1, 1, 1, 1, 1, 1, 1, 1, 1, 1, 1, 1, 1, 1, 1, 1, 1, 0, 1, 1, 1, 1], [0, 1, 1, 1, 1, 1, 1, 1, 1, 1, 1, 1, 1, 1, 1, 1, 1, 1, 1, 1, 1, 1, 1, 1, 1, 0, 1, 1, 1], [0, 1, 1, 1, 1, 1, 1, 1, 1, 1, 1, 1, 1, 1, 1, 1, 1, 1, 1, 1, 1, 1, 1, 1, 1, 1, 0, 1, 1], [0, 1, 1, 1, 1, 1, 1, 1, 1, 1, 1, 1, 1, 1, 1, 1, 1, 1, 1, 1, 1, 1, 1, 1, 1, 1, 1, 0, 1], [0, 0, 0, 0, 0, 0, 0, 0, 0, 0, 0, 0, 0, 0, 0, 0, 0, 0, 0, 0, 0, 0, 0, 0, 0, 0, 0, 0, 0]], "coordinates": [[40.0, 50.0], [20.0, 80.0], [10.0, 35.0], [10.0, 40.0], [95.0, 35.0], [92.0, 30.0], [90.0, 35.0], [88.0, 30.0], [88.0, 35.0], [85.0, 25.0], [67.0, 85.0], [65.0, 82.0], [55.0, 85.0], [20.0, 50.0], [30.0, 60.0], [65.0, 35.0], [65.0, 20.0], [64.0, 42.0], [40.0, 60.0], [47.0, 47.0], [49.0, 58.0], [63.0, 23.0], [21.0, 24.0], [12.0, 24.0], [37.0, 47.0], [49.0, 42.0], [61.0, 52.0], [26.0, 35.0], [40.0, 50.0]]}, "cluster_count": 3, "cluster_speeds": [[1.5, 1.0, 1.67, 1.17, 1.33], [1.17, 0.67, 1.33, 0.83, 1.0], [1.0, 0.33, 0.67, 0.5, 0.83]], "clusters": [[0, 2, 1, 1, 1, 2, 2, 0, 1, 0, 1, 0, 0, 0, 2, 1, 2, 1, 0, 1, 1, 2, 0, 1, 2, 0, 1, 0, 1], [1, 2, 0, 1, 1, 0, 0, 2, 2, 0, 2, 0, 0, 1, 2, 2, 1, 0, 2, 2, 1, 2, 2, 0, 0, 1, 1, 0, 0], [2, 1, 0, 2, 2, 0, 2, 1, 0, 2, 2, 1, 1, 0, 1, 2, 2, 0, 1, 2, 2, 2, 0, 0, 2, 1, 2, 1, 2], [1, 2, 1, 0, 1, 1, 1, 1, 1, 2, 0, 0, 1, 0, 0, 2, 2, 0, 1, 2, 1, 2, 2, 0, 1, 0, 2, 1, 0], [1, 2, 1, 1, 2, 0, 1, 0, 1, 1, 0, 2, 1, 2, 1, 0, 2, 2, 2, 1, 0, 2, 0, 1, 2, 2, 1, 2, 0], [2, 0, 1, 2, 1, 1, 2, 0, 2, 2, 1, 2, 1, 1, 0, 1, 1, 2, 0, 1, 0, 2, 0, 1, 1, 0, 2, 2, 1], [0, 2, 2, 1, 0, 2, 2, 0, 2, 0, 1, 1, 2, 2, 2, 1, 0, 1, 1, 0, 0, 2, 1, 0, 2, 1, 2, 1, 0], [0, 2, 1, 0, 1, 1, 1, 1, 2, 1, 2, 0, 0, 2, 2, 0, 0, 2, 2, 0, 0, 0, 2, 2, 2, 2, 2, 0, 2], [0, 2, 0, 2, 0, 0, 2, 2, 1, 0, 0, 0, 0, 1, 0, 1, 1, 0, 0, 1, 2, 1, 1, 2, 1, 0, 0, 2, 2], [2, 2, 2, 0, 2, 2, 0, 2, 2, 0, 0, 0, 2, 0, 1, 1, 1, 2, 0, 2, 2, 2, 2, 1, 1, 2, 0, 2, 2], [1, 2, 2, 1, 0, 1, 2, 1, 2, 2, 2, 0, 1, 1, 2, 0, 1, 2, 1, 1, 2, 2, 1, 1, 2, 0, 1, 0, 2], [0, 2, 2, 1, 0, 0, 2, 2, 1, 2, 2, 0, 2, 0, 1, 1, 2, 1, 0, 2, 1, 1, 0, 0, 0, 0, 1, 1, 0], [1, 1, 2, 2, 0, 2, 1, 2, 2, 2, 0, 0, 1, 2, 0, 1, 2, 2, 2, 1, 2, 1, 1, 1, 2, 1, 0, 0, 1], [1, 1, 2, 1, 2, 2, 2, 2, 0, 0, 0, 0, 2, 0, 1, 2, 1, 2, 2, 0, 2, 0, 1, 1, 1, 0, 1, 2, 0], [0, 0, 0, 2, 1, 0, 0, 2, 2, 2, 2, 1, 0, 0, 2, 1, 2, 1, 1, 2, 1, 1, 1, 2, 2, 1, 2, 0, 2], [2, 1, 1, 0, 0, 1, 1, 0, 2, 1, 2, 2, 0, 1, 0, 1, 0, 2, 1, 1, 1, 2, 0, 2, 0, 1, 0, 1, 1], [0, 1, 1, 2, 2, 2, 2, 0, 0, 2, 0, 0, 2, 0, 2, 2, 2, 2, 2, 2, 0, 0, 0, 1, 0, 0, 2, 2, 2], [1, 2, 1, 1, 0, 2, 2, 1, 1, 2, 2, 2, 0, 2, 1, 2, 1, 2, 0, 2, 2, 1, 2, 2, 1, 0, 2, 0, 0], [0, 1, 0, 1, 2, 2, 2, 0, 1, 0, 2, 2, 1, 1, 0, 0, 1, 1, 2, 0, 1, 1, 1, 2, 0, 0, 1, 2, 0], [2, 2, 2, 1, 1, 0, 0, 2, 2, 0, 2, 0, 1, 1, 0, 0, 2, 2, 2, 0, 2, 0, 1, 1, 2, 1, 1, 2, 2], [0, 1, 0, 0, 1, 0, 0, 2, 0, 2, 2, 0, 1, 1, 1, 2, 2, 1, 1, 2, 0, 1, 0, 1, 2, 2, 2, 1, 0], [0, 1, 2, 0, 0, 1, 0, 2, 0, 0, 0, 2, 0, 1, 0, 2, 1, 0, 1, 1, 1, 1, 2, 2, 2, 0, 2, 0, 1], [1, 2, 1, 2, 2, 0, 0, 2, 1, 2, 2, 0, 2, 2, 2, 1, 1, 2, 1, 0, 0, 0, 1, 0, 1, 2, 1, 1, 2], [1, 2, 2, 2, 0, 2, 0, 0, 1, 1, 0, 0, 2, 0, 2, 0, 0, 2, 0, 2, 0, 0, 2, 1, 0, 2, 0, 2, 0], [2, 0, 2, 1, 1, 2, 1, 2, 2, 2, 2, 1, 0, 1, 1, 2, 2, 1, 1, 1, 0, 0, 2, 2, 0, 0, 2, 1, 2], [0, 2, 0, 0, 0, 1, 0, 2, 0, 2, 1, 2, 1, 2, 0, 0, 0, 0, 0, 2, 2, 1, 2, 2, 0, 1, 1, 0, 2], [2, 2, 2, 2, 1, 2, 2, 2, 0, 1, 1, 1, 1, 1, 0, 2, 1, 1, 2, 1, 0, 2, 1, 0, 1, 2, 0, 0, 1], [1, 1, 0, 2, 2, 0, 1, 1, 0, 0, 0, 0, 2, 2, 0, 0, 2, 2, 0, 0, 1, 1, 1, 0, 0, 2, 1, 2, 2], [2, 2, 0, 2, 0, 2, 0, 1, 2, 1, 0, 0, 1, 2, 0, 2, 0, 1, 0, 1, 1, 2, 0, 1, 1, 0, 0, 0, 0]], "speed_zone_count": 5, "speed_zones": [[0.0, 19200.0], [19200.0, 28800.0], [28800.0, 67200.0], [67200.0, 76800.0], [76800.0, 96000.0]], "distances": [[0, 3605, 3354, 3162, 5700, 5571, 5220, 5200, 5028, 5147, 4420, 4060, 3807, 2000, 1414, 2915, 3905, 2529, 1000, 761, 1204, 3546, 3220, 3820, 424, 1204, 2109, 2051, 0], [4605, 1000, 5609, 5123, 9746, 9765, 9321, 9440, 9154, 9514, 5726, 5504, 4535, 4000, 3236, 7363, 8500, 6813, 3828, 5263, 4640, 8140, 6600, 6656, 4712, 5780, 5964, 5539, 4605], [4354, 5609, 1000, 1500, 9500, 9215, 9000, 8816, 8800, 8566, 8582, 8234, 7726, 2802, 4201, 6500, 6700, 6445, 4905, 4889, 5527, 6434, 2555, 2118, 3954, 4962, 6375, 2600, 4354], [4162, 5123, 1500, 1000, 9514, 9260, 9015, 8863, 8816, 8648, 8262, 7920, 7363, 2414, 3828, 6522, 6852, 6403, 4605, 4765, 5295, 6565, 2941, 2612, 3789, 4905, 6239, 2676, 4162], [6700, 9746, 9500, 9514, 1000, 1583, 1500, 1860, 1700, 2414, 6730, 6575, 7403, 8648, 7964, 4000, 4354, 4178, 7041, 5947, 6142, 4417, 8481, 9372, 6922, 5652, 4801, 7900, 6700], [6571, 9765, 9215, 9260, 1583, 1000, 1538, 1400, 1640, 1860, 7041, 6859, 7628, 8472, 7887, 3745, 3879, 4046, 7003, 5810, 6131, 3983, 8125, 9022, 6756, 5464, 4801, 7618, 6571], [6220, 9321, 9000, 9015, 1500, 1538, 1000, 1538, 1200, 2118, 6503, 6323, 7103, 8158, 7500, 3500, 3915, 3692, 6590, 5464, 5701, 3954, 7987, 8877, 6434, 5159, 4361, 7400, 6220], [6200, 9440, 8816, 8863, 1860, 1400, 1538, 1000, 1500, 1583, 6887, 6685, 7414, 8088, 7529, 3353, 3507, 3683, 6660, 5438, 5801, 3596, 7726, 8623, 6375, 5080, 4482, 7220, 6200], [6028, 9154, 8800, 8816, 1700, 1640, 1200, 1500, 1000, 2044, 6423, 6232, 6990, 7963, 7315, 3300, 3745, 3500, 6412, 5272, 5527, 3773, 7789, 8679, 6239, 4962, 4190, 7200, 6028], [6147, 9514, 8566, 8648, 2414, 1860, 2118, 1583, 2044, 1000, 7264, 7040, 7708, 7964, 7519, 3236, 3061, 3701, 6700, 5390, 5883, 3209, 7400, 8300, 6280, 4981, 4612, 6984, 6147], [5420, 5726, 8582, 8262, 6730, 7041, 6503, 6887, 6423, 7264, 1000, 1360, 2200, 6860, 5465, 6003, 7503, 5310, 4679, 5294, 4244, 7212, 8640, 9213, 5841, 5661, 4354, 7466, 5420], [5060, 5504, 8234, 7920, 6575, 6859, 6323, 6685, 6232, 7040, 1360, 1000, 2044, 6521, 5134, 5700, 7200, 5001, 4330, 4935, 3884, 6903, 8280, 8856, 5482, 5308, 4026, 7107, 5060], [4807, 4535, 7726, 7363, 7403, 7628, 7103, 7414, 6990, 7708, 2200, 2044, 1000, 5949, 4535, 6099, 7576, 5393, 3915, 4883, 3765, 7251, 7983, 8463, 5204, 5341, 4354, 6780, 4807], [3000, 4000, 2802, 2414, 8648, 8472, 8158, 8088, 7963, 7964, 6860, 6521, 5949, 1000, 2414, 5743, 6408, 5472, 3236, 3716, 4008, 6077, 3601, 3720, 2726, 4008, 5104, 2615, 3000], [2414, 3236, 4201, 3828, 7964, 7887, 7500, 7529, 7315, 7519, 5465, 5134, 4535, 2414, 1000, 5301, 6315, 4847, 2000, 3140, 2910, 5957, 4710, 5024, 2476, 3617, 4201, 3531, 2414], [3915, 7363, 6500, 6522, 4000, 3745, 3500, 3353, 3300, 3236, 6003, 5700, 6099, 5743, 5301, 1000, 2500, 1707, 4535, 3163, 3801, 2216, 5535, 6412, 4046, 2746, 2746, 4900, 3915], [4905, 8500, 6700, 6852, 4354, 3879, 3915, 3507, 3745, 3061, 7503, 7200, 7576, 6408, 6315, 2500, 1000, 3202, 5716, 4244, 5123, 1360, 5418, 6315, 4889, 3720, 4224, 5178, 4905], [3529, 6813, 6445, 6403, 4178, 4046, 3692, 3683, 3500, 3701, 5310, 5001, 5393, 5472, 4847, 1707, 3202, 1000, 4000, 2772, 3193, 2902, 5661, 6502, 3745, 2500, 2044, 4863, 3529], [2000, 3828, 4905, 4605, 7041, 7003, 6590, 6660, 6412, 6700, 4679, 4330, 3915, 3236, 2000, 4535, 5716, 4000, 1000, 2476, 1921, 5356, 5070, 5560, 2334, 3012, 3247, 3865, 2000], [1761, 5263, 4889, 4765, 5947, 5810, 5464, 5438, 5272, 5390, 5294, 4935, 4883, 3716, 3140, 3163, 4244, 2772, 2476, 1000, 2118, 3884, 4471, 5188, 2000, 1538, 2486, 3418, 1761], [2204, 4640, 5527, 5295, 6142, 6131, 5701, 5801, 5527, 5883, 4244, 3884, 3765, 4008, 2910, 3801, 5123, 3193, 1921, 2118, 1000, 4769, 5404, 6024, 2627, 2600, 2341, 4252, 2204], [4546, 8140, 6434, 6565, 4417, 3983, 3954, 3596, 3773, 3209, 7212, 6903, 7251, 6077, 5957, 2216, 1360, 2902, 5356, 3884, 4769, 1000, 5201, 6100, 4538, 3360, 3906, 4889, 4546], [4220, 6600, 2555, 2941, 8481, 8125, 7987, 7726, 7789, 7400, 8640, 8280, 7983, 3601, 4710, 5535, 5418, 5661, 5070, 4471, 5404, 5201, 1000, 1900, 3801, 4328, 5882, 2208, 4220], [4820, 6656, 2118, 2612, 9372, 9022, 8877, 8623, 8679, 8300, 9213, 8856, 8463, 3720, 5024, 6412, 6315, 6502, 5560, 5188, 6024, 6100, 1900, 1000, 4397, 5114, 6643, 2780, 4820], [1424, 4712, 3954, 3789, 6922, 6756, 6434, 6375, 6239, 6280, 5841, 5482, 5204, 2726, 2476, 4046, 4889, 3745, 2334, 2000, 2627, 4538, 3801, 4397, 1000, 2300, 3451, 2627, 1424], [2204, 5780, 4962, 4905, 5652, 5464, 5159, 5080, 4962, 4981, 5661, 5308, 5341, 4008, 3617, 2746, 3720, 2500, 3012, 1538, 2600, 3360, 4328, 5114, 2300, 1000, 2562, 3404, 2204], [3109, 5964, 6375, 6239, 4801, 4801, 4361, 4482, 4190, 4612, 4354, 4026, 4354, 5104, 4201, 2746, 4224, 2044, 3247, 2486, 2341, 3906, 5882, 6643, 3451, 2562, 1000, 4891, 3109], [3051, 5539, 2600, 2676, 7900, 7618, 7400, 7220, 7200, 6984, 7466, 7107, 6780, 2615, 3531, 4900, 5178, 4863, 3865, 3418, 4252, 4889, 2208, 2780, 2627, 3404, 4891, 1000, 3051], [0, 3605, 3354, 3162, 5700, 5571, 5220, 5200, 5028, 5147, 4420, 4060, 3807, 2000, 1414, 2915, 3905, 2529, 1000, 761, 1204, 3546, 3220, 3820, 424, 1204, 2109, 2051, 0]], "time_windows": [[0.0, 96000.0], [67400.0, 73400.0], [40100.0, 46100.0], [53500.0, 62200.0], [13800.0, 27300.0], [7800.0, 33900.0], [13200.0, 37500.0], [25200.0, 35900.0], [5000.0, 53000.0], [7100.0, 20800.0], [65500.0, 77800.0], [37700.0, 85700.0], [53100.0, 73600.0], [40500.0, 46500.0], [62900.0, 68900.0], [19700.0, 25700.0], [3900.0, 31600.0], [29800.0, 35800.0], [61300.0, 73000.0], [81700.0, 94200.0], [33200.0, 49700.0], [16400.0, 64400.0], [31000.0, 50700.0], [38900.0, 44900.0], [31100.0, 52600.0], [45700.0, 93700.0], [78900.0, 92800.0], [33800.0, 39800.0], [0.0, 96000.0]], "start_depot": 0, "end_depot": 28, "horizon": [0.0, 96000.0]}