{"digraph": {"vertex_count": 27, "arc_count": 325, "arcs": [[0, 1, 1, 1, 1, 1, 1, 1, 1, 1, 1, 1, 1, 1, 1, 1, 1, 1, 1, 1, 1, 1, 1, 1, 1, 1, 1], [0, 0, 1, 1, 1, 1, 1, 1, 1, 1, 1, 1, 1, 1, 1, 1, 1, 1, 1, 1, 1, 1, 1, 1, 1, 1, 1], [0, 1, 0, 1, 1, 1, 1, 1, 1, 1, 1, 1, 1, 1, 1, 1, 1, 1, 1, 1, 1, 1, 1, 1, 1, 1, 1], [0, 1, 1, 0, 1, 1, 1, 1, 1, 1, 1, 1, 1, 1, 1, 1, 1, 1, 1, 1, 1, 1, 1, 1, 1, 1, 1], [0, 1, 1, 1, 0, 1, 1, 1, 1, 1, 1, 1, 1, 1, 1, 1, 1, 1, 1, 1, 1, 1, 1, 1, 1, 1, 1], [0, 1, 1, 1, 1, 0, 1, 1, 1, 1, 1, 1, 1, 1, 1, 1, 1, 1, 1, 1, 1, 1, 1, 1, 1, 1, 1], [0, 1, 1, 1, 1, 1, 0, 1, 1, 1, 1, 1, 1, 1, 1, 1, 1, 1, 1, 1, 1, 1, 1, 1, 1, 1, 1], [0, 1, 1, 1, 1, 1, 1, 0, 1, 1, 1, 1, 1, 1, 1, 1, 1, 1, 1, 1, 1, 1, 1, 1, 1, 1, 1], [0, 1, 1, 1, 1, 1, 1, 1, 0, 1, 1, 1, 1, 1, 1, 1, 1, 1, 1, 1, 1, 1, 1, 1, 1, 1, 1], [0, 1, 1, 1, 1, 1, 1, 1, 1, 0, 1, 1, 1, 1, 1, 1, 1, 1, 1, 1, 1, 1, 1, 1, 1, 1, 1], [0, 1, 1, 1, 1, 1, 1, 1, 1, 1, 0, 1, 1, 1, 1, 1, 1, 1, 1, 1, 1, 1, 1, 1, 1, 1, 1], [0, 1, 1, 1, 1, 1, 1, 1, 1, 1, 1, 0, 1, 1, 1, 1, 1, 1, 1, 1, 1, 1, 1, 1, 1, 1, 1], [0, 1, 1, 1, 1, 1, 1, 1, 1, 1, 1, 1, 0, 1, 1, 1, 1, 1, 1, 1, 1, 1, 1, 1, 1, 1, 1], [0, 1, 1, 1, 1, 1, 1, 1, 1, 1, 1, 1, 1, 0, 1, 1, 1, 1, 1, 1, 1, 1, 1, 1, 1, 1, 1], [0, 1, 1, 1, 1, 1, 1, 1, 1, 1, 1, 1, 1, 1, 0, 1, 1, 1, 1, 1, 1, 1, 1, 1, 1, 1, 1], [0, 1, 1, 1, 1, 1, 1, 1, 1, 1, 1, 1, 1, 1, 1, 0, 1, 1, 1, 1, 1, 1, 1, 1, 1, 1, 1], [0, 1, 1, 1, 1, 1, 1, 1, 1, 1, 1, 1, 1, 1, 1, 1, 0, 1, 1, 1, 1, 1, 1, 1, 1, 1, 1], [0, 1, 1, 1, 1, 1, 1, 1, 1, 1, 1, 1, 1, 1, 1, 1, 1, 0, 1, 1, 1, 1, 1, 1, 1, 1, 1], [0, 1, 1, 1, 1, 1, 1, 1, 1, 1, 1, 1, 1, 1, 1, 1, 1, 1, 0, 1, 1, 1, 1, 1, 1, 1, 1], [0, 1, 1, 1, 1, 1, 1, 1, 1, 1, 1, 1, 1, 1, 1, 1, 1, 1, 1, 0, 1, 1, 1, 1, 1, 1, 1], [0, 1, 1, 1, 1, 1, 1, 1, 1, 1, 1, 1, 1, 1, 1, 1, 1, 1, 1, 1, 0, 1, 1, 1, 1, 1, 1], [0, 1, 1, 1, 1, 1, 1, 1, 1, 1, 1, 1, 1, 1, 1, 1, 1, 1, 1, 1, 1, 0, 1, 1, 1, 1, 1], [0, 1, 1, 1, 1, 1, 1, 1, 1, 1, 1, 1, 1, 1, 1, 1, 1, 1, 1, 1, 1, 1, 0, 1, 1, 1, 1], [0, 1, 1, 1, 1, 1, 1, 1, 1, 1, 1, 1, 1, 1, 1, 1, 1, 1, 1, 1, 1, 1, 1, 0, 1, 1, 1], [0, 1, 1, 1, 1, 1, 1, 1, 1, 1, 1, 1, 1, 1, 1, 1, 1, 1, 1, 1, 1, 1, 1, 1, 0, 1, 1], [0, 1, 1, 1, 1, 1, 1, 1, 1, 1, 1, 1, 1, 1, 1, 1, 1, 1, 1, 1, 1, 1, 1, 1, 1, 0, 1], [0, 0, 0, 0, 0, 0, 0, 0, 0, 0, 0, 0, 0, 0, 0, 0, 0, 0, 0, 0, 0, 0, 0, 0, 0, 0, 0]], "coordinates": [[40.0, 50.0], [8.0, 40.0], [5.0, 45.0], [2.0, 40.0], [42.0, 10.0], [40.0, 5.0], [38.0, 5.0], [38.0, 15.0], [35.0, 5.0], [95.0, 30.0], [87.0, 30.0], [85.0, 35.0], [60.0, 85.0], [58.0, 75.0], [2.0, 45.0], [42.0, 5.0], [72.0, 35.0], [25.0, 30.0], [50.0, 35.0], [15.0, 10.0], [10.0, 20.0], [5.0, 5.0], [23.0, 3.0], [57.0, 29.0], [67.0, 5.0], [57.0, 48.0], [40.0, 50.0]]}, "cluster_count": 3, "cluster_speeds": [[1.5, 1.0, 1.67, 1.17, 1.33], [1.17, 0.67, 1.33, 0.83, 1.0], [1.0, 0.33, 0.67, 0.5, 0.83]], "clusters": [[1, 2, 0, 1, 2, 2, 1, 2, 2, 2, 1, 1, 1, 0, 1, 0, 1, 2, 0, 0, 0, 1, 0, 0, 2, 1, 0], [0, 1, 1, 2, 2, 2, 2, 1, 1, 0, 0, 2, 2, 0, 1, 0, 1, 0, 1, 2, 1, 1, 0, 0, 2, 0, 1], [1, 2, 1, 2, 1, 2, 1, 2, 0, 2, 1, 2, 0, 0, 1, 1, 0, 0, 1, 1, 0, 0, 2, 0, 0, 0, 0], [1, 1, 2, 1, 1, 0, 1, 1, 1, 1, 1, 0, 1, 2, 0, 0, 0, 2, 2, 0, 1, 2, 2, 2, 2, 1, 2], [1, 0, 2, 0, 0, 0, 0, 1, 1, 1, 1, 2, 1, 2, 1, 0, 0, 2, 0, 1, 0, 2, 0, 1, 2, 1, 2], [1, 1, 0, 2, 1, 2, 0, 0, 0, 1, 2, 2, 0, 2, 1, 0, 1, 0, 2, 2, 2, 1, 0, 1, 1, 2, 0], [2, 1, 1, 1, 2, 0, 0, 2, 0, 0, 2, 1, 2, 0, 0, 1, 2, 0, 2, 2, 2, 0, 0, 0, 0, 0, 0], [1, 1, 1, 2, 1, 0, 2, 0, 1, 2, 0, 2, 1, 2, 0, 0, 1, 2, 2, 2, 1, 1, 2, 0, 0, 0, 2], [2, 2, 0, 2, 0, 0, 2, 2, 0, 0, 0, 2, 1, 0, 2, 1, 0, 0, 2, 2, 2, 0, 2, 0, 0, 2, 0], [0, 2, 0, 1, 2, 2, 0, 1, 1, 0, 1, 0, 1, 0, 1, 1, 2, 0, 0, 0, 1, 0, 1, 0, 1, 0, 0], [2, 0, 2, 2, 0, 2, 1, 2, 2, 0, 1, 2, 0, 2, 1, 0, 1, 1, 0, 2, 0, 2, 1, 0, 1, 2, 1], [0, 0, 1, 1, 2, 0, 1, 2, 2, 1, 2, 0, 1, 0, 2, 1, 2, 0, 1, 0, 2, 2, 0, 1, 0, 0, 1], [1, 1, 1, 2, 1, 0, 2, 2, 1, 1, 2, 0, 0, 2, 0, 2, 1, 1, 1, 2, 0, 1, 0, 0, 0, 2, 0], [1, 0, 2, 1, 1, 2, 0, 1, 0, 2, 0, 0, 0, 1, 1, 2, 0, 1, 1, 1, 2, 0, 0, 1, 0, 0, 2], [1, 2, 2, 1, 1, 1, 2, 0, 2, 1, 0, 2, 0, 0, 0, 2, 2, 0, 2, 1, 0, 1, 1, 2, 2, 1, 1], [0, 1, 1, 0, 1, 2, 0, 1, 0, 0, 0, 0, 2, 0, 2, 0, 0, 1, 1, 1, 0, 2, 2, 0, 1, 1, 2], [2, 2, 2, 1, 1, 2, 1, 1, 1, 2, 1, 2, 1, 2, 2, 1, 1, 2, 0, 1, 2, 2, 1, 1, 2, 1, 1], [2, 2, 1, 0, 2, 1, 1, 0, 0, 0, 2, 0, 0, 1, 2, 1, 1, 2, 1, 1, 1, 0, 0, 0, 2, 2, 1], [1, 0, 2, 0, 0, 1, 2, 0, 2, 2, 1, 2, 2, 2, 2, 1, 2, 2, 2, 2, 2, 2, 2, 2, 0, 1, 2], [0, 1, 1, 0, 1, 2, 2, 0, 2, 2, 1, 0, 2, 1, 2, 2, 1, 0, 1, 0, 2, 2, 1, 1, 1, 0, 0], [1, 1, 2, 1, 0, 1, 2, 2, 1, 0, 0, 1, 1, 0, 2, 1, 0, 1, 1, 1, 0, 2, 2, 0, 0, 0, 1], [2, 2, 1, 0, 1, 0, 1, 1, 0, 0, 2, 2, 2, 1, 2, 2, 1, 1, 1, 0, 1, 0, 0, 2, 0, 0, 2], [1, 0, 2, 0, 2, 1, 1, 2, 2, 0, 1, 2, 2, 2, 2, 2, 1, 2, 1, 1, 2, 2, 2, 2, 2, 0, 2], [1, 2, 1, 0, 0, 2, 2, 1, 1, 2, 2, 1, 2, 1, 0, 2, 2, 2, 2, 0, 0, 0, 0, 0, 0, 1, 2], [1, 0, 1, 0, 0, 2, 1, 1, 1, 2, 1, 0, 0, 2, 0, 1, 2, 0, 2, 0, 2, 2, 2, 2, 0, 1, 2], [0, 2, 1, 1, 0, 0, 1, 2, 1, 1, 1, 0, 1, 0, 1, 2, 0, 2, 1, 1, 0, 0, 0, 2, 0, 2, 0], [2, 1, 1, 2, 2, 2, 0, 1, 0, 2, 1, 1, 2, 2, 2, 1, 0, 2, 0, 1, 0, 1, 1, 2, 1, 2, 1]], "speed_zone_count": 5, "speed_zones": [[0.0, 192.0], [192.0, 288.0], [288.0, 672.0], [672.0, 768.0], [768.0, 960.0]], "distances": [[0, 33, 35, 39, 40, 45, 45, 35, 45, 58, 50, 47, 40, 30, 38, 45, 35, 25, 18, 47, 42, 57, 49, 27, 52, 17, 0], [33, 0, 5, 6, 45, 47, 46, 38, 44, 87, 79, 77, 68, 61, 7, 48, 64, 19, 42, 30, 20, 35, 39, 50, 67, 49, 33], [35, 5, 0, 5, 50, 52, 51, 43, 49, 90, 82, 80, 68, 60, 3, 53, 67, 24, 46, 35, 25, 40, 44, 54, 72, 52, 35], [39, 6, 5, 0, 49, 51, 50, 43, 48, 93, 85, 83, 73, 65, 5, 53, 70, 25, 48, 32, 21, 35, 42, 56, 73, 55, 39], [40, 45, 50, 49, 0, 5, 6, 6, 8, 56, 49, 49, 76, 66, 52, 5, 39, 25, 26, 27, 33, 37, 20, 24, 25, 40, 40], [45, 47, 52, 51, 5, 0, 2, 10, 5, 60, 53, 54, 81, 71, 54, 2, 43, 29, 31, 25, 33, 35, 17, 29, 27, 45, 45], [45, 46, 51, 50, 6, 2, 0, 10, 3, 62, 55, 55, 82, 72, 53, 4, 45, 28, 32, 23, 31, 33, 15, 30, 29, 46, 45], [35, 38, 43, 43, 6, 10, 10, 0, 10, 58, 51, 51, 73, 63, 45, 10, 39, 19, 23, 23, 28, 34, 19, 23, 30, 37, 35], [45, 44, 49, 48, 8, 5, 3, 10, 0, 64, 57, 57, 83, 73, 51, 7, 47, 26, 33, 20, 29, 30, 12, 32, 32, 47, 45], [58, 87, 90, 93, 56, 60, 62, 58, 64, 0, 8, 11, 65, 58, 93, 58, 23, 70, 45, 81, 85, 92, 76, 38, 37, 41, 58], [50, 79, 82, 85, 49, 53, 55, 51, 57, 8, 0, 5, 60, 53, 85, 51, 15, 62, 37, 74, 77, 85, 69, 30, 32, 34, 50], [47, 77, 80, 83, 49, 54, 55, 51, 57, 11, 5, 0, 55, 48, 83, 52, 13, 60, 35, 74, 75, 85, 69, 28, 34, 30, 47], [40, 68, 68, 73, 76, 81, 82, 73, 83, 65, 60, 55, 0, 10, 70, 81, 51, 65, 50, 87, 82, 97, 89, 56, 80, 37, 40], [30, 61, 60, 65, 66, 71, 72, 63, 73, 58, 53, 48, 10, 0, 63, 71, 42, 55, 40, 77, 72, 87, 79, 46, 70, 27, 30], [38, 7, 3, 5, 52, 54, 53, 45, 51, 93, 85, 83, 70, 63, 0, 55, 70, 26, 49, 37, 26, 40, 46, 57, 74, 55, 38], [45, 48, 53, 53, 5, 2, 4, 10, 7, 58, 51, 52, 81, 71, 55, 0, 42, 29, 31, 27, 35, 37, 19, 28, 25, 45, 45], [35, 64, 67, 70, 39, 43, 45, 39, 47, 23, 15, 13, 51, 42, 70, 42, 0, 47, 22, 62, 63, 73, 58, 16, 30, 19, 35], [25, 19, 24, 25, 25, 29, 28, 19, 26, 70, 62, 60, 65, 55, 26, 29, 47, 0, 25, 22, 18, 32, 27, 32, 48, 36, 25], [18, 42, 46, 48, 26, 31, 32, 23, 33, 45, 37, 35, 50, 40, 49, 31, 22, 25, 0, 43, 42, 54, 41, 9, 34, 14, 18], [47, 30, 35, 32, 27, 25, 23, 23, 20, 81, 74, 74, 87, 77, 37, 27, 62, 22, 43, 0, 11, 11, 10, 46, 52, 56, 47], [42, 20, 25, 21, 33, 33, 31, 28, 29, 85, 77, 75, 82, 72, 26, 35, 63, 18, 42, 11, 0, 15, 21, 47, 58, 54, 42], [57, 35, 40, 35, 37, 35, 33, 34, 30, 92, 85, 85, 97, 87, 40, 37, 73, 32, 54, 11, 15, 0, 18, 57, 62, 67, 57], [49, 39, 44, 42, 20, 17, 15, 19, 12, 76, 69, 69, 89, 79, 46, 19, 58, 27, 41, 10, 21, 18, 0, 42, 44, 55, 49], [27, 50, 54, 56, 24, 29, 30, 23, 32, 38, 30, 28, 56, 46, 57, 28, 16, 32, 9, 46, 47, 57, 42, 0, 26, 19, 27], [52, 67, 72, 73, 25, 27, 29, 30, 32, 37, 32, 34, 80, 70, 74, 25, 30, 48, 34, 52, 58, 62, 44, 26, 0, 44, 52], [17, 49, 52, 55, 40, 45, 46, 37, 47, 41, 34, 30, 37, 27, 55, 45, 19, 36, 14, 56, 54, 67, 55, 19, 44, 0, 17], [0, 33, 35, 39, 40, 45, 45, 35, 45, 58, 50, 47, 40, 30, 38, 45, 35, 25, 18, 47, 42, 57, 49, 27, 52, 17, 0]], "time_windows": [[0.0, 960.0], [195.0, 315.0], [35.0, 155.0], [174.0, 294.0], [254.0, 374.0], [215.0, 335.0], [201.0, 321.0], [681.0, 801.0], [784.0, 904.0], [529.0, 649.0], [621.0, 741.0], [487.0, 607.0], [329.0, 449.0], [376.0, 496.0], [105.0, 225.0], [732.0, 852.0], [507.0, 627.0], [175.0, 295.0], [557.0, 677.0], [782.0, 902.0], [42.0, 162.0], [232.0, 352.0], [764.0, 884.0], [395.0, 515.0], [713.0, 833.0], [392.0, 512.0], [0.0, 960.0]], "start_depot": 0, "end_depot": 26, "horizon": [0.0, 960.0]}