{"digraph": {"vertex_count": 34, "arc_count": 1056, "arcs": [[0, 1, 1, 1, 1, 1, 1, 1, 1, 1, 1, 1, 1, 1, 1, 1, 1, 1, 1, 1, 1, 1, 1, 1, 1, 1, 1, 1, 1, 1, 1, 1, 1, 1], [0, 0, 1, 1, 1, 1, 1, 1, 1, 1, 1, 1, 1, 1, 1, 1, 1, 1, 1, 1, 1, 1, 1, 1, 1, 1, 1, 1, 1, 1, 1, 1, 1, 1], [0, 1, 0, 1, 1, 1, 1, 1, 1, 1, 1, 1, 1, 1, 1, 1, 1, 1, 1, 1, 1, 1, 1, 1, 1, 1, 1, 1, 1, 1, 1, 1, 1, 1], [0, 1, 1, 0, 1, 1, 1, 1, 1, 1, 1, 1, 1, 1, 1, 1, 1, 1, 1, 1, 1, 1, 1, 1, 1, 1, 1, 1, 1, 1, 1, 1, 1, 1], [0, 1, 1, 1, 0, 1, 1, 1, 1, 1, 1, 1, 1, 1, 1, 1, 1, 1, 1, 1, 1, 1, 1, 1, 1, 1, 1, 1, 1, 1, 1, 1, 1, 1], [0, 1, 1, 1, 1, 0, 1, 1, 1, 1, 1, 1, 1, 1, 1, 1, 1, 1, 1, 1, 1, 1, 1, 1, 1, 1, 1, 1, 1, 1, 1, 1, 1, 1], [0, 1, 1, 1, 1, 1, 0, 1, 1, 1, 1, 1, 1, 1, 1, 1, 1, 1, 1, 1, 1, 1, 1, 1, 1, 1, 1, 1, 1, 1, 1, 1, 1, 1], [0, 1, 1, 1, 1, 1, 1, 0, 1, 1, 1, 1, 1, 1, 1, 1, 1, 1, 1, 1, 1, 1, 1, 1, 1, 1, 1, 1, 1, 1, 1, 1, 1, 1], [0, 1, 1, 1, 1, 1, 1, 1, 0, 1, 1, 1, 1, 1, 1, 1, 1, 1, 1, 1, 1, 1, 1, 1, 1, 1, 1, 1, 1, 1, 1, 1, 1, 1], [0, 1, 1, 1, 1, 1, 1, 1, 1, 0, 1, 1, 1, 1, 1, 1, 1, 1, 1, 1, 1, 1, 1, 1, 1, 1, 1, 1, 1, 1, 1, 1, 1, 1], [0, 1, 1, 1, 1, 1, 1, 1, 1, 1, 0, 1, 1, 1, 1, 1, 1, 1, 1, 1, 1, 1, 1, 1, 1, 1, 1, 1, 1, 1, 1, 1, 1, 1], [0, 1, 1, 1, 1, 1, 1, 1, 1, 1, 1, 0, 1, 1, 1, 1, 1, 1, 1, 1, 1, 1, 1, 1, 1, 1, 1, 1, 1, 1, 1, 1, 1, 1], [0, 1, 1, 1, 1, 1, 1, 1, 1, 1, 1, 1, 0, 1, 1, 1, 1, 1, 1, 1, 1, 1, 1, 1, 1, 1, 1, 1, 1, 1, 1, 1, 1, 1], [0, 1, 1, 1, 1, 1, 1, 1, 1, 1, 1, 1, 1, 0, 1, 1, 1, 1, 1, 1, 1, 1, 1, 1, 1, 1, 1, 1, 1, 1, 1, 1, 1, 1], [0, 1, 1, 1, 1, 1, 1, 1, 1, 1, 1, 1, 1, 1, 0, 1, 1, 1, 1, 1, 1, 1, 1, 1, 1, 1, 1, 1, 1, 1, 1, 1, 1, 1], [0, 1, 1, 1, 1, 1, 1, 1, 1, 1, 1, 1, 1, 1, 1, 0, 1, 1, 1, 1, 1, 1, 1, 1, 1, 1, 1, 1, 1, 1, 1, 1, 1, 1], [0, 1, 1, 1, 1, 1, 1, 1, 1, 1, 1, 1, 1, 1, 1, 1, 0, 1, 1, 1, 1, 1, 1, 1, 1, 1, 1, 1, 1, 1, 1, 1, 1, 1], [0, 1, 1, 1, 1, 1, 1, 1, 1, 1, 1, 1, 1, 1, 1, 1, 1, 0, 1, 1, 1, 1, 1, 1, 1, 1, 1, 1, 1, 1, 1, 1, 1, 1], [0, 1, 1, 1, 1, 1, 1, 1, 1, 1, 1, 1, 1, 1, 1, 1, 1, 1, 0, 1, 1, 1, 1, 1, 1, 1, 1, 1, 1, 1, 1, 1, 1, 1], [0, 1, 1, 1, 1, 1, 1, 1, 1, 1, 1, 1, 1, 1, 1, 1, 1, 1, 1, 0, 1, 1, 1, 1, 1, 1, 1, 1, 1, 1, 1, 1, 1, 1], [0, 1, 1, 1, 1, 1, 1, 1, 1, 1, 1, 1, 1, 1, 1, 1, 1, 1, 1, 1, 0, 1, 1, 1, 1, 1, 1, 1, 1, 1, 1, 1, 1, 1], [0, 1, 1, 1, 1, 1, 1, 1, 1, 1, 1, 1, 1, 1, 1, 1, 1, 1, 1, 1, 1, 0, 1, 1, 1, 1, 1, 1, 1, 1, 1, 1, 1, 1], [0, 1, 1, 1, 1, 1, 1, 1, 1, 1, 1, 1, 1, 1, 1, 1, 1, 1, 1, 1, 1, 1, 0, 1, 1, 1, 1, 1, 1, 1, 1, 1, 1, 1], [0, 1, 1, 1, 1, 1, 1, 1, 1, 1, 1, 1, 1, 1, 1, 1, 1, 1, 1, 1, 1, 1, 1, 0, 1, 1, 1, 1, 1, 1, 1, 1, 1, 1], [0, 1, 1, 1, 1, 1, 1, 1, 1, 1, 1, 1, 1, 1, 1, 1, 1, 1, 1, 1, 1, 1, 1, 1, 0, 1, 1, 1, 1, 1, 1, 1, 1, 1], [0, 1, 1, 1, 1, 1, 1, 1, 1, 1, 1, 1, 1, 1, 1, 1, 1, 1, 1, 1, 1, 1, 1, 1, 1, 0, 1, 1, 1, 1, 1, 1, 1, 1], [0, 1, 1, 1, 1, 1, 1, 1, 1, 1, 1, 1, 1, 1, 1, 1, 1, 1, 1, 1, 1, 1, 1, 1, 1, 1, 0, 1, 1, 1, 1, 1, 1, 1], [0, 1, 1, 1, 1, 1, 1, 1, 1, 1, 1, 1, 1, 1, 1, 1, 1, 1, 1, 1, 1, 1, 1, 1, 1, 1, 1, 0, 1, 1, 1, 1, 1, 1], [0, 1, 1, 1, 1, 1, 1, 1, 1, 1, 1, 1, 1, 1, 1, 1, 1, 1, 1, 1, 1, 1, 1, 1, 1, 1, 1, 1, 0, 1, 1, 1, 1, 1], [0, 1, 1, 1, 1, 1, 1, 1, 1, 1, 1, 1, 1, 1, 1, 1, 1, 1, 1, 1, 1, 1, 1, 1, 1, 1, 1, 1, 1, 0, 1, 1, 1, 1], [0, 1, 1, 1, 1, 1, 1, 1, 1, 1, 1, 1, 1, 1, 1, 1, 1, 1, 1, 1, 1, 1, 1, 1, 1, 1, 1, 1, 1, 1, 0, 1, 1, 1], [0, 1, 1, 1, 1, 1, 1, 1, 1, 1, 1, 1, 1, 1, 1, 1, 1, 1, 1, 1, 1, 1, 1, 1, 1, 1, 1, 1, 1, 1, 1, 0, 1, 1], [0, 1, 1, 1, 1, 1, 1, 1, 1, 1, 1, 1, 1, 1, 1, 1, 1, 1, 1, 1, 1, 1, 1, 1, 1, 1, 1, 1, 1, 1, 1, 1, 0, 1], [0, 0, 0, 0, 0, 0, 0, 0, 0, 0, 0, 0, 0, 0, 0, 0, 0, 0, 0, 0, 0, 0, 0, 0, 0, 0, 0, 0, 0, 0, 0, 0, 0, 0]], "coordinates": [[40.0, 50.0], [44.0, 5.0], [42.0, 10.0], [42.0, 15.0], [40.0, 5.0], [40.0, 15.0], [95.0, 30.0], [95.0, 35.0], [92.0, 30.0], [90.0, 35.0], [88.0, 30.0], [88.0, 35.0], [87.0, 30.0], [85.0, 25.0], [85.0, 35.0], [42.0, 5.0], [42.0, 12.0], [72.0, 35.0], [55.0, 20.0], [50.0, 35.0], [30.0, 25.0], [65.0, 20.0], [41.0, 37.0], [60.0, 12.0], [47.0, 47.0], [57.0, 29.0], [63.0, 23.0], [21.0, 24.0], [12.0, 24.0], [67.0, 5.0], [53.0, 43.0], [61.0, 52.0], [56.0, 37.0], [40.0, 50.0]]}, "cluster_count": 3, "cluster_speeds": [[1.5, 1.0, 1.67, 1.17, 1.33], [1.17, 0.67, 1.33, 0.83, 1.0], [1.0, 0.33, 0.67, 0.5, 0.83]], "clusters": [[1, 1, 0, 1, 0, 0, 1, 1, 1, 0, 1, 2, 1, 0, 0, 1, 0, 2, 1, 1, 0, 0, 2, 2, 0, 0, 0, 0, 0, 0, 1, 1, 2, 0], [0, 1, 0, 1, 1, 2, 2, 0, 0, 0, 2, 1, 0, 0, 1, 2, 2, 0, 2, 0, 1, 0, 0, 0, 1, 0, 1, 1, 2, 1, 0, 1, 0, 0], [1, 0, 1, 2, 1, 2, 1, 1, 1, 2, 2, 1, 0, 1, 0, 0, 2, 0, 2, 1, 2, 1, 1, 1, 2, 0, 2, 1, 2, 0, 2, 2, 0, 0], [2, 0, 2, 1, 0, 2, 2, 2, 2, 2, 1, 0, 2, 2, 1, 2, 1, 1, 1, 2, 0, 2, 2, 2, 2, 1, 2, 1, 0, 1, 1, 0, 2, 2], [0, 2, 2, 0, 2, 1, 1, 0, 1, 2, 1, 1, 2, 1, 0, 0, 0, 1, 2, 0, 0, 0, 0, 0, 0, 2, 0, 2, 1, 2, 0, 1, 0, 2], [2, 1, 0, 0, 0, 2, 0, 1, 0, 1, 1, 2, 0, 1, 0, 0, 0, 2, 0, 0, 1, 1, 2, 1, 1, 1, 0, 0, 2, 2, 2, 1, 0, 0], [2, 0, 0, 2, 1, 1, 2, 0, 1, 0, 2, 2, 2, 0, 0, 2, 1, 2, 2, 0, 2, 1, 1, 0, 2, 2, 2, 2, 2, 2, 1, 1, 0, 2], [1, 1, 1, 0, 0, 0, 1, 1, 1, 0, 1, 0, 1, 2, 0, 1, 0, 2, 0, 1, 1, 0, 2, 0, 0, 0, 2, 1, 1, 0, 0, 2, 2, 2], [1, 0, 2, 1, 2, 0, 0, 2, 1, 0, 1, 2, 2, 2, 1, 1, 0, 2, 2, 1, 2, 2, 2, 0, 0, 1, 0, 1, 0, 1, 0, 1, 2, 0], [1, 0, 2, 0, 1, 1, 0, 1, 1, 2, 0, 1, 1, 2, 0, 2, 2, 2, 2, 0, 1, 1, 0, 2, 0, 0, 1, 1, 1, 1, 2, 2, 1, 1], [1, 1, 1, 2, 1, 2, 0, 0, 1, 1, 2, 0, 0, 0, 0, 1, 1, 2, 2, 1, 0, 0, 0, 0, 1, 1, 2, 1, 2, 0, 0, 1, 0, 1], [1, 1, 1, 1, 0, 2, 2, 0, 1, 0, 0, 0, 2, 0, 2, 2, 1, 0, 2, 1, 0, 2, 0, 1, 1, 2, 0, 1, 2, 1, 2, 2, 0, 0], [0, 2, 1, 2, 2, 2, 1, 1, 0, 0, 2, 2, 1, 1, 2, 1, 2, 1, 1, 0, 0, 0, 1, 1, 1, 0, 2, 1, 0, 1, 2, 2, 1, 2], [0, 1, 2, 0, 1, 1, 1, 1, 1, 2, 0, 0, 0, 0, 0, 0, 0, 1, 0, 2, 0, 0, 0, 2, 2, 1, 2, 0, 1, 1, 0, 2, 0, 0], [1, 1, 1, 2, 2, 2, 2, 1, 0, 2, 1, 1, 2, 0, 0, 1, 2, 2, 0, 1, 2, 2, 2, 2, 0, 0, 1, 0, 2, 2, 0, 2, 0, 0], [2, 0, 2, 2, 2, 1, 0, 0, 1, 2, 0, 2, 0, 2, 0, 2, 0, 0, 0, 1, 2, 0, 1, 2, 0, 0, 2, 0, 1, 1, 0, 1, 2, 0], [0, 2, 1, 0, 2, 1, 1, 1, 0, 1, 1, 2, 0, 0, 1, 0, 2, 2, 1, 1, 2, 1, 2, 0, 1, 0, 2, 0, 0, 2, 1, 2, 0, 2], [0, 2, 0, 1, 1, 0, 2, 0, 2, 0, 1, 0, 0, 1, 2, 1, 0, 0, 1, 0, 1, 1, 1, 1, 0, 0, 0, 1, 2, 0, 2, 1, 1, 0], [1, 2, 2, 1, 0, 2, 0, 1, 0, 2, 0, 0, 0, 0, 0, 0, 2, 0, 2, 2, 1, 2, 2, 2, 2, 2, 2, 0, 0, 0, 1, 2, 0, 2], [2, 2, 1, 2, 2, 2, 1, 2, 0, 2, 1, 0, 1, 1, 2, 0, 2, 2, 1, 2, 2, 0, 0, 1, 2, 1, 0, 0, 0, 2, 2, 0, 0, 2], [2, 0, 0, 2, 0, 1, 2, 2, 2, 1, 1, 1, 1, 1, 2, 1, 2, 2, 2, 2, 2, 0, 2, 1, 1, 0, 2, 2, 2, 0, 2, 1, 2, 0], [2, 1, 1, 2, 0, 2, 2, 2, 2, 1, 2, 2, 2, 1, 0, 0, 2, 0, 1, 2, 2, 1, 2, 0, 0, 2, 2, 2, 1, 1, 1, 1, 1, 1], [1, 0, 1, 0, 2, 0, 0, 0, 2, 0, 1, 0, 1, 2, 0, 1, 1, 2, 0, 2, 2, 0, 2, 1, 1, 1, 1, 1, 1, 2, 2, 2, 2, 2], [1, 1, 0, 2, 1, 1, 1, 2, 1, 1, 2, 1, 2, 0, 0, 1, 1, 2, 1, 2, 1, 1, 0, 0, 2, 1, 1, 1, 2, 1, 1, 0, 2, 0], [0, 1, 2, 2, 0, 0, 1, 1, 0, 2, 1, 0, 2, 1, 1, 2, 0, 1, 2, 0, 2, 0, 1, 0, 1, 2, 1, 0, 0, 0, 0, 0, 0, 1], [2, 1, 1, 0, 2, 0, 1, 1, 1, 1, 2, 0, 2, 0, 0, 1, 0, 0, 1, 2, 0, 0, 2, 2, 1, 1, 1, 2, 1, 0, 2, 1, 0, 1], [1, 0, 0, 2, 0, 1, 0, 0, 1, 0, 0, 0, 2, 0, 0, 0, 0, 0, 1, 2, 0, 0, 2, 1, 1, 0, 2, 0, 1, 2, 2, 2, 0, 2], [0, 2, 2, 0, 1, 1, 2, 2, 0, 2, 0, 1, 1, 1, 1, 2, 1, 0, 2, 1, 1, 2, 2, 1, 2, 0, 1, 2, 2, 1, 2, 0, 0, 0], [2, 0, 0, 2, 2, 1, 1, 2, 1, 1, 0, 2, 0, 0, 1, 1, 2, 0, 2, 2, 2, 2, 1, 1, 2, 1, 2, 0, 2, 2, 1, 1, 0, 2], [0, 2, 0, 0, 2, 1, 1, 1, 1, 0, 0, 1, 1, 2, 2, 2, 1, 2, 2, 0, 0, 2, 0, 1, 1, 0, 0, 2, 1, 1, 2, 0, 1, 2], [2, 2, 2, 0, 0, 1, 0, 0, 1, 0, 2, 0, 2, 0, 0, 2, 0, 0, 0, 2, 0, 2, 0, 0, 2, 1, 1, 0, 2, 0, 2, 1, 0, 1], [0, 1, 0, 1, 0, 1, 0, 1, 1, 0, 0, 2, 0, 0, 2, 2, 0, 0, 0, 2, 2, 2, 2, 0, 2, 0, 1, 1, 1, 0, 2, 0, 2, 1], [2, 2, 1, 1, 0, 0, 1, 1, 1, 1, 1, 0, 1, 0, 0, 0, 1, 0, 0, 0, 2, 1, 0, 1, 1, 2, 2, 1, 0, 0, 1, 0, 2, 1], [2, 1, 1, 1, 1, 0, 2, 2, 2, 0, 1, 0, 2, 2, 2, 2, 0, 0, 2, 0, 2, 2, 2, 2, 2, 1, 0, 2, 1, 0, 1, 1, 0, 1]], "speed_zone_count": 5, "speed_zones": [[0.0, 19200.0], [19200.0, 28800.0], [28800.0, 67200.0], [67200.0, 76800.0], [76800.0, 96000.0]], "distances": [[0, 4517, 4004, 3505, 4500, 3500, 5852, 5700, 5571, 5220, 5200, 5028, 5107, 5147, 4743, 4504, 3805, 3534, 3354, 1802, 2692, 3905, 1303, 4294, 761, 2701, 3546, 3220, 3820, 5247, 1476, 2109, 2061, 0], [5517, 1000, 1538, 2019, 1400, 2077, 6679, 6916, 6412, 6491, 6060, 6325, 5973, 5561, 6080, 1200, 1728, 5103, 2860, 4059, 3441, 3580, 4214, 2746, 5210, 3729, 3617, 3983, 4721, 3300, 4905, 5997, 4417, 5517], [5004, 1538, 1000, 1500, 1538, 1538, 6664, 6860, 6385, 6412, 6015, 6235, 5924, 5554, 5973, 1500, 1200, 4905, 2640, 3624, 2920, 3507, 3701, 2811, 4733, 3420, 3469, 3523, 4310, 3549, 4478, 5609, 4041, 5004], [4505, 2019, 1500, 1000, 2019, 1200, 6508, 6664, 6220, 6200, 5838, 6015, 5743, 5414, 5742, 2000, 1300, 4605, 2392, 3154, 2562, 3353, 3202, 2824, 4238, 3051, 3247, 3284, 4132, 3692, 4008, 5159, 3607, 4505], [5500, 1400, 1538, 2019, 1000, 2000, 7041, 7264, 6769, 6830, 6412, 6660, 6323, 5924, 6408, 1200, 1728, 5386, 3121, 4162, 3236, 3915, 4201, 3118, 5257, 3941, 3920, 3687, 4383, 3700, 5016, 6147, 4577, 5500], [4500, 2077, 1538, 1200, 2000, 1000, 6700, 6852, 6412, 6385, 6028, 6200, 5933, 5609, 5924, 2019, 1360, 4773, 2581, 3236, 2414, 3549, 3202, 3022, 4275, 3202, 3435, 3102, 3941, 3879, 4087, 5254, 3720, 4500], [6852, 6679, 6664, 6508, 7041, 6700, 1000, 1500, 1300, 1707, 1700, 1860, 1800, 2118, 2118, 6860, 6597, 3353, 5123, 5527, 7519, 4162, 6445, 4935, 6092, 4801, 4275, 8424, 9321, 4753, 5396, 5049, 4962, 6852], [6700, 6916, 6860, 6664, 7264, 6852, 1500, 1000, 1583, 1500, 1860, 1700, 1943, 2414, 2000, 7090, 6777, 3300, 5272, 5500, 7576, 4354, 6403, 5188, 5947, 4847, 4417, 8481, 9372, 5103, 5275, 4801, 4905, 6700], [6571, 6412, 6385, 6220, 6769, 6412, 1300, 1583, 1000, 1538, 1400, 1640, 1500, 1860, 1860, 6590, 6314, 3061, 4832, 5229, 7220, 3879, 6147, 4671, 5810, 4501, 3983, 8125, 9022, 4535, 5110, 4801, 4667, 6571], [6220, 6491, 6412, 6200, 6830, 6385, 1707, 1500, 1538, 1000, 1538, 1200, 1583, 2118, 1500, 6660, 6322, 2800, 4807, 5000, 7082, 3915, 5904, 4780, 5464, 4354, 3954, 7987, 8877, 4780, 4785, 4361, 4405, 6220], [6200, 6060, 6015, 5838, 6412, 6028, 1700, 1860, 1400, 1538, 1000, 1500, 1100, 1583, 1583, 6235, 5939, 2676, 4448, 4832, 6821, 3507, 5751, 4328, 5438, 4101, 3596, 7726, 8623, 4264, 4733, 4482, 4275, 6200], [6028, 6325, 6235, 6015, 6660, 6200, 1860, 1700, 1640, 1200, 1500, 1000, 1509, 2044, 1300, 6491, 6142, 2600, 4624, 4800, 6885, 3745, 5704, 4623, 5272, 4157, 3773, 7789, 8679, 4661, 4590, 4190, 4206, 6028], [6107, 5973, 5924, 5743, 6323, 5933, 1800, 1943, 1500, 1583, 1100, 1509, 1000, 1538, 1538, 6147, 5846, 2581, 4352, 4733, 6721, 3416, 5652, 4244, 5346, 4001, 3500, 7627, 8523, 4201, 4640, 4405, 4178, 6107], [6147, 5561, 5554, 5414, 5924, 5609, 2118, 2414, 1860, 2118, 1583, 2044, 1538, 1000, 2000, 5742, 5492, 2640, 4041, 4640, 6500, 3061, 5560, 3817, 5390, 3828, 3209, 7400, 8300, 3690, 4671, 4612, 4138, 6147], [5743, 6080, 5973, 5742, 6408, 5924, 2118, 2000, 1860, 1500, 1583, 1300, 1538, 2000, 1000, 6243, 5876, 2300, 4354, 4500, 6590, 3500, 5404, 4397, 4984, 3863, 3505, 7493, 8382, 4498, 4298, 3941, 3906, 5743], [5504, 1200, 1500, 2000, 1200, 2019, 6860, 7090, 6590, 6660, 6235, 6491, 6147, 5742, 6243, 1000, 1700, 5242, 2984, 4104, 3332, 3745, 4201, 2931, 5229, 3830, 3765, 3831, 4551, 3500, 4956, 6069, 4492, 5504], [4805, 1728, 1200, 1300, 1728, 1360, 6597, 6777, 6314, 6322, 5939, 6142, 5846, 5492, 5876, 1700, 1000, 4780, 2526, 3435, 2769, 3435, 3501, 2800, 4535, 3267, 3370, 3418, 4231, 3596, 4289, 5428, 3865, 4805], [4534, 5103, 4905, 4605, 5386, 4773, 3353, 3300, 3061, 2800, 2676, 2600, 2581, 2640, 2300, 5242, 4780, 1000, 3267, 3200, 5317, 2655, 4106, 3594, 3773, 2615, 2500, 6217, 7100, 4041, 3061, 3024, 2612, 4534], [4354, 2860, 2640, 2392, 3121, 2581, 5123, 5272, 4832, 4807, 4448, 4624, 4352, 4041, 4354, 2984, 2526, 3267, 1000, 2581, 3549, 2000, 3202, 1943, 3816, 1921, 1854, 4423, 5318, 2920, 3308, 4255, 2702, 4354], [2802, 4059, 3624, 3154, 4162, 3236, 5527, 5500, 5229, 5000, 4832, 4800, 4733, 4640, 4500, 4104, 3435, 3200, 2581, 1000, 3236, 3121, 1921, 3507, 2236, 1921, 2769, 4101, 4956, 4448, 1854, 3024, 1632, 2802], [3692, 3441, 2920, 2562, 3236, 2414, 7519, 7576, 7220, 7082, 6821, 6885, 6721, 6500, 6590, 3332, 2769, 5317, 3549, 3236, 1000, 4535, 2627, 4269, 3780, 3729, 4306, 1905, 2802, 5205, 3920, 5110, 3863, 3692], [4905, 3580, 3507, 3353, 3915, 3549, 4162, 4354, 3879, 3915, 3507, 3745, 3416, 3061, 3500, 3745, 3435, 2655, 2000, 3121, 4535, 1000, 3941, 1943, 4244, 2204, 1360, 5418, 6315, 2513, 3594, 4224, 2923, 4905], [2303, 4214, 3701, 3202, 4201, 3202, 6445, 6403, 6147, 5904, 5751, 5704, 5652, 5560, 5404, 4201, 3501, 4106, 3202, 1921, 2627, 3941, 1000, 4140, 2166, 2788, 3607, 3385, 4178, 5123, 2341, 3500, 2500, 2303], [5294, 2746, 2811, 2824, 3118, 3022, 4935, 5188, 4671, 4780, 4328, 4623, 4244, 3817, 4397, 2931, 2800, 3594, 1943, 3507, 4269, 1943, 4140, 1000, 4733, 2726, 2140, 5080, 5947, 1989, 4178, 5001, 3531, 5294], [1761, 5210, 4733, 4238, 5257, 4275, 6092, 5947, 5810, 5464, 5438, 5272, 5346, 5390, 4984, 5229, 4535, 3773, 3816, 2236, 3780, 4244, 2166, 4733, 1000, 3059, 3884, 4471, 5188, 5651, 1721, 2486, 2345, 1761], [3701, 3729, 3420, 3051, 3941, 3202, 4801, 4847, 4501, 4354, 4101, 4157, 4001, 3828, 3863, 3830, 3267, 2615, 1921, 1921, 3729, 2204, 2788, 2726, 3059, 1000, 1848, 4634, 5527, 3600, 2456, 3334, 1806, 3701], [4546, 3617, 3469, 3247, 3920, 3435, 4275, 4417, 3983, 3954, 3596, 3773, 3500, 3209, 3505, 3765, 3370, 2500, 1854, 2769, 4306, 1360, 3607, 2140, 3884, 1848, 1000, 5201, 6100, 2843, 3236, 3906, 2565, 4546], [4220, 3983, 3523, 3284, 3687, 3102, 8424, 8481, 8125, 7987, 7726, 7789, 7627, 7400, 7493, 3831, 3418, 6217, 4423, 4101, 1905, 5418, 3385, 5080, 4471, 4634, 5201, 1000, 1900, 5976, 4721, 5882, 4733, 4220], [4820, 4721, 4310, 4132, 4383, 3941, 9321, 9372, 9022, 8877, 8623, 8679, 8523, 8300, 8382, 4551, 4231, 7100, 5318, 4956, 2802, 6315, 4178, 5947, 5188, 5527, 6100, 1900, 1000, 6818, 5518, 6643, 5588, 4820], [6247, 3300, 3549, 3692, 3700, 3879, 4753, 5103, 4535, 4780, 4264, 4661, 4201, 3690, 4498, 3500, 3596, 4041, 2920, 4448, 5205, 2513, 5123, 1989, 5651, 3600, 2843, 5976, 6818, 1000, 5049, 5738, 4383, 6247], [2476, 4905, 4478, 4008, 5016, 4087, 5396, 5275, 5110, 4785, 4733, 4590, 4640, 4671, 4298, 4956, 4289, 3061, 3308, 1854, 3920, 3594, 2341, 4178, 1721, 2456, 3236, 4721, 5518, 5049, 1000, 2204, 1670, 2476], [3109, 5997, 5609, 5159, 6147, 5254, 5049, 4801, 4801, 4361, 4482, 4190, 4405, 4612, 3941, 6069, 5428, 3024, 4255, 3024, 5110, 4224, 3500, 5001, 2486, 3334, 3906, 5882, 6643, 5738, 2204, 1000, 2581, 3109], [3061, 4417, 4041, 3607, 4577, 3720, 4962, 4905, 4667, 4405, 4275, 4206, 4178, 4138, 3906, 4492, 3865, 2612, 2702, 1632, 3863, 2923, 2500, 3531, 2345, 1806, 2565, 4733, 5588, 4383, 1670, 2581, 1000, 3061], [0, 4517, 4004, 3505, 4500, 3500, 5852, 5700, 5571, 5220, 5200, 5028, 5107, 5147, 4743, 4504, 3805, 3534, 3354, 1802, 2692, 3905, 1303, 4294, 761, 2701, 3546, 3220, 3820, 5247, 1476, 2109, 2061, 0]], "time_windows": [[0.0, 96000.0], [33500.0, 45500.0], [25400.0, 37400.0], [53700.0, 65700.0], [0.0, 90500.0], [37500.0, 49500.0], [0.0, 89100.0], [14600.0, 26600.0], [14900.0, 26900.0], [19400.0, 31400.0], [24600.0, 36600.0], [0.0, 89900.0], [62100.0, 74100.0], [8000.0, 20000.0], [0.0, 90200.0], [0.0, 90400.0], [44000.0, 56000.0], [0.0, 91400.0], [32600.0, 44600.0], [55700.0, 67700.0], [39700.0, 51700.0], [3900.0, 15900.0], [56600.0, 68600.0], [26800.0, 38800.0], [82200.0, 94200.0], [39500.0, 51500.0], [0.0, 91400.0], [34900.0, 46900.0], [35900.0, 47900.0], [71300.0, 83300.0], [1400.0, 13400.0], [80800.0, 92800.0], [0.0, 92900.0], [0.0, 96000.0]], "start_depot": 0, "end_depot": 33, "horizon": [0.0, 96000.0]}