{"digraph": {"vertex_count": 15, "arc_count": 182, "arcs": [[0, 1, 1, 1, 1, 1, 1, 1, 1, 1, 1, 1, 1, 1, 1], [0, 0, 1, 1, 1, 1, 1, 1, 1, 1, 1, 1, 1, 1, 1], [0, 1, 0, 1, 1, 1, 1, 1, 1, 1, 1, 1, 1, 1, 1], [0, 1, 1, 0, 1, 1, 1, 1, 1, 1, 1, 1, 1, 1, 1], [0, 1, 1, 1, 0, 1, 1, 1, 1, 1, 1, 1, 1, 1, 1], [0, 1, 1, 1, 1, 0, 1, 1, 1, 1, 1, 1, 1, 1, 1], [0, 1, 1, 1, 1, 1, 0, 1, 1, 1, 1, 1, 1, 1, 1], [0, 1, 1, 1, 1, 1, 1, 0, 1, 1, 1, 1, 1, 1, 1], [0, 1, 1, 1, 1, 1, 1, 1, 0, 1, 1, 1, 1, 1, 1], [0, 1, 1, 1, 1, 1, 1, 1, 1, 0, 1, 1, 1, 1, 1], [0, 1, 1, 1, 1, 1, 1, 1, 1, 1, 0, 1, 1, 1, 1], [0, 1, 1, 1, 1, 1, 1, 1, 1, 1, 1, 0, 1, 1, 1], [0, 1, 1, 1, 1, 1, 1, 1, 1, 1, 1, 1, 0, 1, 1], [0, 1, 1, 1, 1, 1, 1, 1, 1, 1, 1, 1, 1, 0, 1], [0, 0, 0, 0, 0, 0, 0, 0, 0, 0, 0, 0, 0, 0, 0]], "coordinates": [[40.0, 50.0], [65.0, 85.0], [62.0, 80.0], [60.0, 80.0], [60.0, 85.0], [58.0, 75.0], [55.0, 80.0], [55.0, 82.0], [45.0, 65.0], [31.0, 52.0], [65.0, 55.0], [63.0, 65.0], [53.0, 43.0], [57.0, 48.0], [40.0, 50.0]]}, "cluster_count": 3, "cluster_speeds": [[1.5, 1.0, 1.67, 1.17, 1.33], [1.17, 0.67, 1.33, 0.83, 1.0], [1.0, 0.33, 0.67, 0.5, 0.83]], "clusters": [[0, 2, 1, 0, 1, 2, 2, 0, 2, 2, 0, 2, 1, 2, 2], [1, 1, 2, 0, 0, 0, 2, 1, 2, 1, 1, 0, 0, 1, 1], [0, 0, 2, 2, 0, 1, 1, 0, 1, 0, 2, 2, 2, 2, 2], [1, 1, 0, 0, 0, 1, 0, 1, 2, 2, 0, 2, 1, 0, 1], [2, 0, 1, 2, 1, 0, 1, 1, 2, 0, 2, 0, 2, 0, 0], [2, 0, 0, 2, 2, 2, 2, 2, 0, 0, 2, 0, 0, 2, 2], [2, 2, 1, 2, 2, 2, 2, 0, 2, 0, 2, 1, 1, 1, 0], [1, 0, 0, 0, 0, 0, 2, 1, 0, 2, 2, 2, 0, 0, 2], [0, 0, 1, 0, 0, 2, 2, 2, 1, 2, 0, 0, 0, 0, 0], [2, 2, 0, 1, 1, 1, 1, 0, 2, 0, 1, 0, 2, 2, 0], [1, 0, 2, 1, 1, 1, 2, 0, 2, 2, 0, 0, 2, 2, 0], [2, 2, 2, 1, 2, 2, 1, 2, 2, 1, 0, 2, 0, 2, 0], [1, 0, 0, 2, 0, 0, 1, 1, 2, 1, 1, 1, 0, 0, 2], [2, 2, 0, 1, 1, 0, 0, 1, 0, 2, 2, 2, 0, 1, 2], [0, 1, 2, 0, 2, 2, 0, 0, 1, 1, 2, 2, 1, 1, 0]], "speed_zone_count": 5, "speed_zones": [[0.0, 19200.0], [19200.0, 28800.0], [28800.0, 67200.0], [67200.0, 76800.0], [76800.0, 96000.0]], "distances": [[0, 4301, 3720, 3605, 4031, 3080, 3354, 3534, 1581, 921, 2549, 2745, 1476, 1711, 0], [5301, 1000, 1583, 1707, 1500, 2220, 2118, 2044, 3828, 5738, 4000, 3009, 5368, 4785, 5301], [4720, 1583, 1000, 1200, 1538, 1640, 1700, 1728, 3267, 5177, 3517, 2503, 4807, 4238, 4720], [4605, 1707, 1200, 1000, 1500, 1538, 1500, 1538, 3121, 5031, 3549, 2529, 4765, 4214, 4605], [5031, 1500, 1538, 1500, 1000, 2019, 1707, 1583, 3500, 5393, 4041, 3022, 5257, 4712, 5031], [4080, 2220, 1640, 1538, 2019, 1000, 1583, 1761, 2640, 4546, 3118, 2118, 4238, 3701, 4080], [4354, 2118, 1700, 1500, 1707, 1583, 1000, 1200, 2802, 4687, 3692, 2700, 4705, 4206, 4354], [4534, 2044, 1728, 1538, 1583, 1761, 1200, 1000, 2972, 4841, 3879, 2878, 4905, 4405, 4534], [2581, 3828, 3267, 3121, 3500, 2640, 2802, 2972, 1000, 2910, 3236, 2800, 3340, 3080, 2581], [1921, 5738, 5177, 5031, 5393, 4546, 4687, 4841, 2910, 1000, 4413, 4453, 3376, 3630, 1921], [3549, 4000, 3517, 3549, 4041, 3118, 3692, 3879, 3236, 4413, 1000, 2019, 2697, 2063, 3549], [3745, 3009, 2503, 2529, 3022, 2118, 2700, 2878, 2800, 4453, 2019, 1000, 3416, 2802, 3745], [2476, 5368, 4807, 4765, 5257, 4238, 4705, 4905, 3340, 3376, 2697, 3416, 1000, 1640, 2476], [2711, 4785, 4238, 4214, 4712, 3701, 4206, 4405, 3080, 3630, 2063, 2802, 1640, 1000, 2711], [0, 4301, 3720, 3605, 4031, 3080, 3354, 3534, 1581, 921, 2549, 2745, 1476, 1711, 0]], "time_windows": [[0.0, 96000.0], [4300.0, 18600.0], [30800.0, 36800.0], [4600.0, 20100.0], [33900.0, 43800.0], [37700.0, 49400.0], [3300.0, 16600.0], [24700.0, 30700.0], [21400.0, 42100.0], [18700.0, 24700.0], [19100.0, 41000.0], [2700.0, 50700.0], [1400.0, 7400.0], [21200.0, 69200.0], [0.0, 96000.0]], "start_depot": 0, "end_depot": 14, "horizon": [0.0, 96000.0]}