{"digraph": {"vertex_count": 15, "arc_count": 91, "arcs": [[0, 1, 1, 1, 1, 1, 1, 1, 1, 1, 1, 1, 1, 1, 1], [0, 0, 1, 1, 1, 1, 1, 1, 1, 1, 1, 1, 1, 1, 1], [0, 1, 0, 1, 1, 1, 1, 1, 1, 1, 1, 1, 1, 1, 1], [0, 1, 1, 0, 1, 1, 1, 1, 1, 1, 1, 1, 1, 1, 1], [0, 1, 1, 1, 0, 1, 1, 1, 1, 1, 1, 1, 1, 1, 1], [0, 1, 1, 1, 1, 0, 1, 1, 1, 1, 1, 1, 1, 1, 1], [0, 1, 1, 1, 1, 1, 0, 1, 1, 1, 1, 1, 1, 1, 1], [0, 1, 1, 1, 1, 1, 1, 0, 1, 1, 1, 1, 1, 1, 1], [0, 1, 1, 1, 1, 1, 1, 1, 0, 1, 1, 1, 1, 1, 1], [0, 1, 1, 1, 1, 1, 1, 1, 1, 0, 1, 1, 1, 1, 1], [0, 1, 1, 1, 1, 1, 1, 1, 1, 1, 0, 1, 1, 1, 1], [0, 1, 1, 1, 1, 1, 1, 1, 1, 1, 1, 0, 1, 1, 1], [0, 1, 1, 1, 1, 1, 1, 1, 1, 1, 1, 1, 0, 1, 1], [0, 1, 1, 1, 1, 1, 1, 1, 1, 1, 1, 1, 1, 0, 1], [0, 0, 0, 0, 0, 0, 0, 0, 0, 0, 0, 0, 0, 0, 0]], "coordinates": [[40.0, 50.0], [25.0, 85.0], [22.0, 75.0], [22.0, 85.0], [20.0, 85.0], [15.0, 75.0], [8.0, 40.0], [2.0, 40.0], [0.0, 40.0], [20.0, 82.0], [2.0, 45.0], [57.0, 48.0], [55.0, 54.0], [26.0, 35.0], [40.0, 50.0]]}, "cluster_count": 3, "cluster_speeds": [[1.5, 1.0, 1.67, 1.17, 1.33], [1.17, 0.67, 1.33, 0.83, 1.0], [1.0, 0.33, 0.67, 0.5, 0.83]], "clusters": [[1, 2, 0, 0, 1, 0, 1, 1, 2, 0, 1, 1, 0, 2, 0], [0, 0, 1, 1, 0, 0, 0, 1, 2, 1, 2, 0, 2, 0, 2], [2, 1, 1, 0, 2, 2, 1, 1, 1, 1, 0, 1, 0, 1, 0], [2, 0, 0, 2, 2, 2, 0, 0, 2, 2, 1, 1, 1, 2, 0], [2, 0, 0, 1, 2, 1, 0, 2, 0, 1, 1, 1, 1, 0, 1], [1, 0, 0, 0, 1, 1, 1, 2, 1, 0, 1, 1, 0, 0, 2], [0, 1, 2, 0, 2, 1, 0, 2, 2, 2, 1, 2, 1, 2, 1], [1, 2, 2, 2, 0, 1, 1, 1, 2, 0, 2, 1, 1, 0, 2], [0, 1, 0, 1, 2, 2, 0, 2, 2, 0, 1, 0, 0, 0, 1], [2, 2, 0, 2, 0, 2, 2, 0, 0, 2, 2, 1, 1, 0, 0], [1, 1, 1, 0, 0, 0, 2, 2, 0, 2, 1, 1, 0, 0, 2], [2, 2, 0, 0, 1, 2, 2, 2, 2, 0, 2, 0, 0, 0, 1], [0, 2, 1, 1, 0, 1, 0, 1, 2, 1, 0, 2, 0, 0, 1], [0, 1, 2, 2, 1, 2, 0, 2, 1, 2, 0, 0, 0, 0, 0], [0, 1, 2, 2, 0, 0, 0, 0, 2, 0, 2, 0, 1, 1, 1]], "speed_zone_count": 5, "speed_zones": [[0.0, 192.0], [192.0, 288.0], [288.0, 672.0], [672.0, 768.0], [768.0, 960.0]], "distances": [[0, 38, 30, 39, 40, 35, 33, 39, 41, 37, 38, 17, 15, 20, 0], [38, 0, 10, 3, 5, 13, 47, 50, 51, 5, 45, 48, 43, 50, 38], [30, 10, 0, 10, 10, 7, 37, 40, 41, 7, 36, 44, 39, 40, 30], [39, 3, 10, 0, 2, 11, 46, 48, 49, 3, 43, 50, 45, 50, 39], [40, 5, 10, 2, 0, 11, 46, 48, 48, 3, 43, 52, 46, 50, 40], [35, 13, 7, 11, 11, 0, 35, 37, 37, 8, 32, 49, 45, 41, 35], [33, 47, 37, 46, 46, 35, 0, 6, 8, 43, 7, 49, 48, 18, 33], [39, 50, 40, 48, 48, 37, 6, 0, 2, 45, 5, 55, 54, 24, 39], [41, 51, 41, 49, 48, 37, 8, 2, 0, 45, 5, 57, 56, 26, 41], [37, 5, 7, 3, 3, 8, 43, 45, 45, 0, 40, 50, 44, 47, 37], [38, 45, 36, 43, 43, 32, 7, 5, 5, 40, 0, 55, 53, 25, 38], [17, 48, 44, 50, 52, 49, 49, 55, 57, 50, 55, 0, 6, 33, 17], [15, 43, 39, 45, 46, 45, 48, 54, 56, 44, 53, 6, 0, 34, 15], [20, 50, 40, 50, 50, 41, 18, 24, 26, 47, 25, 33, 34, 0, 20], [0, 38, 30, 39, 40, 35, 33, 39, 41, 37, 38, 17, 15, 20, 0]], "time_windows": [[0.0, 960.0], [0.0, 911.0], [0.0, 919.0], [0.0, 910.0], [0.0, 909.0], [0.0, 914.0], [195.0, 315.0], [174.0, 294.0], [255.0, 375.0], [37.0, 157.0], [105.0, 225.0], [0.0, 932.0], [0.0, 934.0], [308.0, 428.0], [0.0, 960.0]], "start_depot": 0, "end_depot": 14, "horizon": [0.0, 960.0]}