{"digraph": {"vertex_count": 21, "arc_count": 190, "arcs": [[0, 1, 1, 1, 1, 1, 1, 1, 1, 1, 1, 1, 1, 1, 1, 1, 1, 1, 1, 1, 1], [0, 0, 1, 1, 1, 1, 1, 1, 1, 1, 1, 1, 1, 1, 1, 1, 1, 1, 1, 1, 1], [0, 1, 0, 1, 1, 1, 1, 1, 1, 1, 1, 1, 1, 1, 1, 1, 1, 1, 1, 1, 1], [0, 1, 1, 0, 1, 1, 1, 1, 1, 1, 1, 1, 1, 1, 1, 1, 1, 1, 1, 1, 1], [0, 1, 1, 1, 0, 1, 1, 1, 1, 1, 1, 1, 1, 1, 1, 1, 1, 1, 1, 1, 1], [0, 1, 1, 1, 1, 0, 1, 1, 1, 1, 1, 1, 1, 1, 1, 1, 1, 1, 1, 1, 1], [0, 1, 1, 1, 1, 1, 0, 1, 1, 1, 1, 1, 1, 1, 1, 1, 1, 1, 1, 1, 1], [0, 1, 1, 1, 1, 1, 1, 0, 1, 1, 1, 1, 1, 1, 1, 1, 1, 1, 1, 1, 1], [0, 1, 1, 1, 1, 1, 1, 1, 0, 1, 1, 1, 1, 1, 1, 1, 1, 1, 1, 1, 1], [0, 1, 1, 1, 1, 1, 1, 1, 1, 0, 1, 1, 1, 1, 1, 1, 1, 1, 1, 1, 1], [0, 1, 1, 1, 1, 1, 1, 1, 1, 1, 0, 1, 1, 1, 1, 1, 1, 1, 1, 1, 1], [0, 1, 1, 1, 1, 1, 1, 1, 1, 1, 1, 0, 1, 1, 1, 1, 1, 1, 1, 1, 1], [0, 1, 1, 1, 1, 1, 1, 1, 1, 1, 1, 1, 0, 1, 1, 1, 1, 1, 1, 1, 1], [0, 1, 1, 1, 1, 1, 1, 1, 1, 1, 1, 1, 1, 0, 1, 1, 1, 1, 1, 1, 1], [0, 1, 1, 1, 1, 1, 1, 1, 1, 1, 1, 1, 1, 1, 0, 1, 1, 1, 1, 1, 1], [0, 1, 1, 1, 1, 1, 1, 1, 1, 1, 1, 1, 1, 1, 1, 0, 1, 1, 1, 1, 1], [0, 1, 1, 1, 1, 1, 1, 1, 1, 1, 1, 1, 1, 1, 1, 1, 0, 1, 1, 1, 1], [0, 1, 1, 1, 1, 1, 1, 1, 1, 1, 1, 1, 1, 1, 1, 1, 1, 0, 1, 1, 1], [0, 1, 1, 1, 1, 1, 1, 1, 1, 1, 1, 1, 1, 1, 1, 1, 1, 1, 0, 1, 1], [0, 1, 1, 1, 1, 1, 1, 1, 1, 1, 1, 1, 1, 1, 1, 1, 1, 1, 1, 0, 1], [0, 0, 0, 0, 0, 0, 0, 0, 0, 0, 0, 0, 0, 0, 0, 0, 0, 0, 0, 0, 0]], "coordinates": [[40.0, 50.0], [44.0, 5.0], [42.0, 15.0], [40.0, 15.0], [95.0, 35.0], [92.0, 30.0], [90.0, 35.0], [88.0, 30.0], [88.0, 35.0], [85.0, 25.0], [42.0, 12.0], [55.0, 20.0], [30.0, 25.0], [65.0, 20.0], [35.0, 40.0], [41.0, 37.0], [64.0, 42.0], [60.0, 12.0], [37.0, 31.0], [63.0, 23.0], [40.0, 50.0]]}, "cluster_count": 3, "cluster_speeds": [[1.5, 1.0, 1.67, 1.17, 1.33], [1.17, 0.67, 1.33, 0.83, 1.0], [1.0, 0.33, 0.67, 0.5, 0.83]], "clusters": [[2, 0, 2, 2, 1, 1, 0, 2, 0, 0, 1, 1, 2, 0, 0, 1, 0, 0, 2, 1, 0], [2, 0, 0, 1, 2, 1, 1, 2, 1, 0, 2, 2, 2, 2, 1, 1, 1, 0, 1, 2, 0], [0, 2, 0, 2, 0, 1, 1, 0, 1, 2, 2, 1, 2, 0, 0, 0, 0, 2, 2, 0, 2], [2, 0, 2, 1, 1, 0, 0, 0, 0, 1, 1, 0, 0, 2, 2, 1, 1, 0, 2, 1, 2], [1, 0, 0, 2, 0, 2, 2, 2, 1, 0, 1, 2, 0, 0, 1, 0, 0, 1, 1, 0, 2], [1, 2, 0, 0, 2, 2, 2, 2, 0, 1, 0, 1, 2, 0, 0, 2, 1, 0, 0, 2, 2], [1, 1, 0, 2, 1, 0, 2, 0, 0, 0, 1, 0, 2, 2, 1, 2, 0, 1, 0, 2, 2], [0, 0, 0, 2, 1, 2, 0, 1, 1, 1, 2, 2, 0, 0, 0, 0, 2, 0, 2, 1, 2], [2, 1, 1, 0, 0, 0, 2, 0, 2, 1, 1, 2, 0, 0, 0, 2, 2, 0, 2, 2, 1], [0, 1, 1, 0, 1, 2, 0, 1, 1, 0, 1, 2, 0, 2, 0, 0, 2, 2, 1, 1, 2], [2, 1, 2, 2, 0, 1, 2, 0, 0, 1, 2, 1, 2, 1, 2, 2, 1, 2, 0, 1, 0], [2, 2, 1, 2, 1, 0, 0, 2, 2, 0, 2, 2, 0, 1, 0, 0, 2, 0, 2, 1, 2], [1, 2, 0, 0, 2, 2, 1, 2, 0, 2, 0, 1, 1, 0, 0, 2, 2, 1, 0, 0, 2], [0, 1, 0, 2, 0, 1, 2, 1, 2, 2, 0, 1, 0, 2, 1, 0, 0, 2, 2, 0, 1], [0, 0, 0, 2, 2, 0, 0, 1, 1, 2, 0, 2, 0, 2, 0, 0, 2, 2, 1, 2, 0], [1, 2, 2, 2, 2, 1, 1, 0, 1, 2, 1, 2, 0, 1, 0, 2, 2, 1, 1, 1, 2], [0, 0, 1, 1, 2, 0, 0, 1, 1, 2, 0, 2, 1, 1, 0, 0, 1, 1, 0, 2, 1], [0, 2, 2, 1, 2, 0, 1, 0, 1, 1, 2, 1, 2, 0, 2, 2, 2, 2, 0, 0, 2], [0, 0, 0, 0, 0, 0, 1, 1, 0, 1, 0, 0, 2, 0, 1, 1, 0, 0, 2, 1, 2], [2, 0, 1, 1, 2, 2, 1, 0, 2, 0, 2, 2, 2, 2, 2, 1, 0, 1, 2, 0, 2], [2, 0, 0, 0, 0, 2, 2, 0, 2, 1, 1, 1, 2, 2, 1, 0, 1, 2, 0, 1, 0]], "speed_zone_count": 5, "speed_zones": [[0.0, 192.0], [192.0, 288.0], [288.0, 672.0], [672.0, 768.0], [768.0, 960.0]], "distances": [[0, 45, 35, 35, 56, 55, 51, 51, 50, 51, 38, 33, 26, 38, 11, 13, 25, 42, 19, 35, 0], [45, 0, 10, 10, 58, 53, 54, 50, 52, 45, 7, 18, 24, 25, 35, 32, 41, 17, 26, 26, 45], [35, 10, 0, 2, 55, 51, 51, 47, 49, 43, 3, 13, 15, 23, 25, 22, 34, 18, 16, 21, 35], [35, 10, 2, 0, 57, 53, 53, 49, 51, 45, 3, 15, 14, 25, 25, 22, 36, 20, 16, 23, 35], [56, 58, 55, 57, 0, 5, 5, 8, 7, 13, 57, 42, 65, 33, 60, 54, 31, 41, 58, 33, 56], [55, 53, 51, 53, 5, 0, 5, 4, 6, 8, 52, 37, 62, 28, 57, 51, 30, 36, 55, 29, 55], [51, 54, 51, 53, 5, 5, 0, 5, 2, 10, 52, 37, 60, 29, 55, 49, 26, 37, 53, 29, 51], [51, 50, 47, 49, 8, 4, 5, 0, 5, 5, 48, 33, 58, 25, 53, 47, 26, 33, 51, 25, 51], [50, 52, 49, 51, 7, 6, 2, 5, 0, 10, 50, 35, 58, 27, 53, 47, 25, 36, 51, 27, 50], [51, 45, 43, 45, 13, 8, 10, 5, 10, 0, 44, 30, 55, 20, 51, 45, 27, 28, 48, 22, 51], [38, 7, 3, 3, 57, 52, 52, 48, 50, 44, 0, 15, 17, 24, 28, 25, 37, 18, 19, 23, 38], [33, 18, 13, 15, 42, 37, 37, 33, 35, 30, 15, 0, 25, 10, 28, 22, 23, 9, 21, 8, 33], [26, 24, 15, 14, 65, 62, 60, 58, 58, 55, 17, 25, 0, 35, 15, 16, 38, 32, 9, 33, 26], [38, 25, 23, 25, 33, 28, 29, 25, 27, 20, 24, 10, 35, 0, 35, 29, 22, 9, 30, 3, 38], [11, 35, 25, 25, 60, 57, 55, 53, 53, 51, 28, 28, 15, 35, 0, 6, 29, 37, 9, 32, 11], [13, 32, 22, 22, 54, 51, 49, 47, 47, 45, 25, 22, 16, 29, 6, 0, 23, 31, 7, 26, 13], [25, 41, 34, 36, 31, 30, 26, 26, 25, 27, 37, 23, 38, 22, 29, 23, 0, 30, 29, 19, 25], [42, 17, 18, 20, 41, 36, 37, 33, 36, 28, 18, 9, 32, 9, 37, 31, 30, 0, 29, 11, 42], [19, 26, 16, 16, 58, 55, 53, 51, 51, 48, 19, 21, 9, 30, 9, 7, 29, 29, 0, 27, 19], [35, 26, 21, 23, 33, 29, 29, 25, 27, 22, 23, 8, 33, 3, 32, 26, 19, 11, 27, 0, 35], [0, 45, 35, 35, 56, 55, 51, 51, 50, 51, 38, 33, 26, 38, 11, 13, 25, 42, 19, 35, 0]], "time_windows": [[0.0, 960.0], [335.0, 455.0], [537.0, 657.0], [375.0, 495.0], [146.0, 266.0], [149.0, 269.0], [194.0, 314.0], [246.0, 366.0], [165.0, 285.0], [80.0, 200.0], [440.0, 560.0], [326.0, 446.0], [397.0, 517.0], [39.0, 159.0], [11.0, 131.0], [566.0, 686.0], [268.0, 388.0], [268.0, 388.0], [105.0, 225.0], [344.0, 464.0], [0.0, 960.0]], "start_depot": 0, "end_depot": 20, "horizon": [0.0, 960.0]}