{"digraph": {"vertex_count": 28, "arc_count": 702, "arcs": [[0, 1, 1, 1, 1, 1, 1, 1, 1, 1, 1, 1, 1, 1, 1, 1, 1, 1, 1, 1, 1, 1, 1, 1, 1, 1, 1, 1], [0, 0, 1, 1, 1, 1, 1, 1, 1, 1, 1, 1, 1, 1, 1, 1, 1, 1, 1, 1, 1, 1, 1, 1, 1, 1, 1, 1], [0, 1, 0, 1, 1, 1, 1, 1, 1, 1, 1, 1, 1, 1, 1, 1, 1, 1, 1, 1, 1, 1, 1, 1, 1, 1, 1, 1], [0, 1, 1, 0, 1, 1, 1, 1, 1, 1, 1, 1, 1, 1, 1, 1, 1, 1, 1, 1, 1, 1, 1, 1, 1, 1, 1, 1], [0, 1, 1, 1, 0, 1, 1, 1, 1, 1, 1, 1, 1, 1, 1, 1, 1, 1, 1, 1, 1, 1, 1, 1, 1, 1, 1, 1], [0, 1, 1, 1, 1, 0, 1, 1, 1, 1, 1, 1, 1, 1, 1, 1, 1, 1, 1, 1, 1, 1, 1, 1, 1, 1, 1, 1], [0, 1, 1, 1, 1, 1, 0, 1, 1, 1, 1, 1, 1, 1, 1, 1, 1, 1, 1, 1, 1, 1, 1, 1, 1, 1, 1, 1], [0, 1, 1, 1, 1, 1, 1, 0, 1, 1, 1, 1, 1, 1, 1, 1, 1, 1, 1, 1, 1, 1, 1, 1, 1, 1, 1, 1], [0, 1, 1, 1, 1, 1, 1, 1, 0, 1, 1, 1, 1, 1, 1, 1, 1, 1, 1, 1, 1, 1, 1, 1, 1, 1, 1, 1], [0, 1, 1, 1, 1, 1, 1, 1, 1, 0, 1, 1, 1, 1, 1, 1, 1, 1, 1, 1, 1, 1, 1, 1, 1, 1, 1, 1], [0, 1, 1, 1, 1, 1, 1, 1, 1, 1, 0, 1, 1, 1, 1, 1, 1, 1, 1, 1, 1, 1, 1, 1, 1, 1, 1, 1], [0, 1, 1, 1, 1, 1, 1, 1, 1, 1, 1, 0, 1, 1, 1, 1, 1, 1, 1, 1, 1, 1, 1, 1, 1, 1, 1, 1], [0, 1, 1, 1, 1, 1, 1, 1, 1, 1, 1, 1, 0, 1, 1, 1, 1, 1, 1, 1, 1, 1, 1, 1, 1, 1, 1, 1], [0, 1, 1, 1, 1, 1, 1, 1, 1, 1, 1, 1, 1, 0, 1, 1, 1, 1, 1, 1, 1, 1, 1, 1, 1, 1, 1, 1], [0, 1, 1, 1, 1, 1, 1, 1, 1, 1, 1, 1, 1, 1, 0, 1, 1, 1, 1, 1, 1, 1, 1, 1, 1, 1, 1, 1], [0, 1, 1, 1, 1, 1, 1, 1, 1, 1, 1, 1, 1, 1, 1, 0, 1, 1, 1, 1, 1, 1, 1, 1, 1, 1, 1, 1], [0, 1, 1, 1, 1, 1, 1, 1, 1, 1, 1, 1, 1, 1, 1, 1, 0, 1, 1, 1, 1, 1, 1, 1, 1, 1, 1, 1], [0, 1, 1, 1, 1, 1, 1, 1, 1, 1, 1, 1, 1, 1, 1, 1, 1, 0, 1, 1, 1, 1, 1, 1, 1, 1, 1, 1], [0, 1, 1, 1, 1, 1, 1, 1, 1, 1, 1, 1, 1, 1, 1, 1, 1, 1, 0, 1, 1, 1, 1, 1, 1, 1, 1, 1], [0, 1, 1, 1, 1, 1, 1, 1, 1, 1, 1, 1, 1, 1, 1, 1, 1, 1, 1, 0, 1, 1, 1, 1, 1, 1, 1, 1], [0, 1, 1, 1, 1, 1, 1, 1, 1, 1, 1, 1, 1, 1, 1, 1, 1, 1, 1, 1, 0, 1, 1, 1, 1, 1, 1, 1], [0, 1, 1, 1, 1, 1, 1, 1, 1, 1, 1, 1, 1, 1, 1, 1, 1, 1, 1, 1, 1, 0, 1, 1, 1, 1, 1, 1], [0, 1, 1, 1, 1, 1, 1, 1, 1, 1, 1, 1, 1, 1, 1, 1, 1, 1, 1, 1, 1, 1, 0, 1, 1, 1, 1, 1], [0, 1, 1, 1, 1, 1, 1, 1, 1, 1, 1, 1, 1, 1, 1, 1, 1, 1, 1, 1, 1, 1, 1, 0, 1, 1, 1, 1], [0, 1, 1, 1, 1, 1, 1, 1, 1, 1, 1, 1, 1, 1, 1, 1, 1, 1, 1, 1, 1, 1, 1, 1, 0, 1, 1, 1], [0, 1, 1, 1, 1, 1, 1, 1, 1, 1, 1, 1, 1, 1, 1, 1, 1, 1, 1, 1, 1, 1, 1, 1, 1, 0, 1, 1], [0, 1, 1, 1, 1, 1, 1, 1, 1, 1, 1, 1, 1, 1, 1, 1, 1, 1, 1, 1, 1, 1, 1, 1, 1, 1, 0, 1], [0, 0, 0, 0, 0, 0, 0, 0, 0, 0, 0, 0, 0, 0, 0, 0, 0, 0, 0, 0, 0, 0, 0, 0, 0, 0, 0, 0]], "coordinates": [[40.0, 50.0], [8.0, 40.0], [5.0, 35.0], [2.0, 40.0], [0.0, 40.0], [0.0, 45.0], [44.0, 5.0], [42.0, 10.0], [42.0, 15.0], [40.0, 5.0], [40.0, 15.0], [38.0, 5.0], [20.0, 82.0], [42.0, 12.0], [55.0, 20.0], [50.0, 35.0], [30.0, 25.0], [10.0, 20.0], [15.0, 60.0], [41.0, 37.0], [35.0, 69.0], [20.0, 20.0], [5.0, 5.0], [60.0, 12.0], [57.0, 29.0], [56.0, 37.0], [4.0, 18.0], [40.0, 50.0]]}, "cluster_count": 3, "cluster_speeds": [[1.5, 1.0, 1.67, 1.17, 1.33], [1.17, 0.67, 1.33, 0.83, 1.0], [1.0, 0.33, 0.67, 0.5, 0.83]], "clusters": [[2, 1, 2, 0, 0, 2, 0, 1, 0, 1, 1, 0, 0, 1, 1, 2, 2, 0, 2, 0, 2, 1, 1, 2, 2, 2, 1, 2], [0, 2, 0, 2, 0, 1, 1, 0, 0, 1, 1, 1, 2, 2, 1, 2, 1, 1, 2, 1, 0, 0, 0, 2, 1, 1, 2, 1], [2, 1, 1, 2, 0, 1, 2, 1, 2, 0, 2, 1, 0, 1, 0, 1, 2, 2, 2, 2, 2, 0, 0, 2, 2, 2, 0, 2], [1, 2, 1, 2, 0, 1, 0, 0, 1, 1, 0, 0, 0, 0, 2, 2, 0, 1, 2, 0, 0, 0, 0, 2, 2, 1, 0, 2], [1, 2, 0, 0, 2, 2, 0, 0, 1, 2, 2, 0, 2, 0, 1, 1, 1, 2, 2, 2, 2, 0, 2, 1, 0, 0, 0, 1], [2, 1, 1, 0, 0, 2, 0, 1, 2, 2, 2, 0, 2, 0, 1, 2, 2, 1, 0, 2, 2, 0, 0, 1, 1, 0, 1, 1], [1, 1, 0, 0, 1, 2, 0, 1, 2, 0, 2, 1, 2, 2, 0, 1, 2, 1, 0, 0, 2, 1, 1, 1, 2, 0, 2, 1], [0, 1, 0, 1, 0, 2, 1, 0, 1, 1, 2, 2, 1, 0, 1, 1, 2, 0, 1, 1, 2, 0, 2, 2, 2, 2, 0, 0], [1, 1, 1, 2, 1, 0, 2, 1, 0, 1, 2, 1, 0, 2, 0, 0, 0, 1, 1, 0, 1, 0, 2, 1, 2, 2, 0, 1], [1, 1, 2, 0, 2, 2, 2, 1, 1, 2, 2, 1, 0, 2, 2, 0, 2, 0, 2, 1, 1, 0, 0, 1, 2, 1, 2, 2], [0, 1, 2, 2, 1, 0, 2, 2, 2, 0, 0, 2, 1, 1, 0, 2, 1, 0, 2, 0, 1, 0, 1, 1, 0, 0, 0, 0], [0, 2, 1, 2, 1, 2, 0, 2, 2, 2, 2, 2, 2, 1, 2, 2, 0, 2, 2, 1, 2, 2, 1, 0, 0, 0, 1, 2], [2, 2, 2, 1, 0, 1, 0, 2, 0, 2, 1, 1, 2, 1, 2, 0, 0, 2, 1, 0, 0, 2, 2, 2, 2, 0, 0, 0], [2, 2, 2, 1, 0, 2, 1, 1, 1, 2, 0, 1, 0, 0, 0, 0, 0, 2, 1, 1, 2, 0, 0, 2, 1, 2, 0, 0], [2, 1, 0, 1, 1, 0, 2, 2, 1, 0, 2, 0, 0, 1, 1, 1, 2, 0, 2, 0, 1, 2, 1, 0, 0, 2, 0, 2], [1, 0, 1, 1, 0, 0, 0, 2, 2, 0, 2, 1, 2, 0, 0, 1, 0, 1, 1, 1, 1, 0, 0, 0, 2, 2, 2, 2], [0, 2, 1, 0, 2, 0, 0, 2, 0, 1, 1, 0, 1, 0, 1, 0, 1, 2, 0, 1, 0, 0, 0, 0, 0, 0, 1, 1], [0, 2, 2, 0, 1, 2, 2, 2, 2, 0, 2, 0, 0, 0, 0, 0, 1, 2, 2, 2, 0, 2, 0, 0, 0, 1, 1, 1], [2, 1, 1, 1, 0, 2, 1, 0, 1, 2, 0, 0, 0, 1, 0, 2, 1, 1, 2, 1, 2, 2, 1, 2, 2, 0, 2, 1], [2, 0, 1, 2, 1, 0, 2, 2, 1, 0, 1, 1, 0, 1, 0, 2, 0, 0, 2, 0, 2, 0, 1, 1, 1, 0, 2, 2], [1, 2, 0, 2, 2, 0, 0, 2, 0, 2, 2, 0, 0, 2, 2, 0, 2, 1, 1, 2, 2, 0, 0, 0, 2, 0, 0, 1], [2, 1, 0, 2, 0, 1, 0, 1, 0, 2, 1, 0, 2, 2, 2, 0, 0, 0, 2, 2, 0, 1, 1, 1, 0, 2, 0, 0], [1, 0, 1, 0, 1, 2, 0, 1, 0, 0, 0, 1, 1, 0, 0, 1, 2, 0, 1, 2, 0, 2, 0, 1, 0, 2, 0, 0], [1, 2, 2, 2, 1, 2, 1, 2, 0, 0, 1, 1, 0, 2, 0, 0, 0, 1, 1, 1, 2, 0, 1, 1, 1, 2, 2, 1], [1, 1, 1, 0, 1, 2, 1, 1, 1, 1, 1, 0, 0, 0, 1, 0, 0, 0, 2, 2, 2, 1, 0, 0, 2, 0, 1, 2], [0, 2, 2, 0, 1, 0, 2, 0, 2, 0, 2, 2, 2, 0, 0, 0, 1, 1, 1, 1, 1, 1, 1, 0, 0, 2, 1, 0], [1, 1, 0, 2, 0, 1, 0, 1, 1, 1, 1, 2, 1, 2, 2, 2, 0, 2, 2, 1, 0, 1, 1, 2, 0, 2, 0, 2], [2, 1, 2, 2, 0, 1, 1, 0, 1, 0, 1, 0, 1, 1, 2, 1, 0, 0, 1, 1, 0, 0, 1, 2, 1, 0, 0, 2]], "speed_zone_count": 5, "speed_zones": [[0.0, 19200.0], [19200.0, 28800.0], [28800.0, 67200.0], [67200.0, 76800.0], [76800.0, 96000.0]], "distances": [[0, 3352, 3807, 3929, 4123, 4031, 4517, 4004, 3505, 4500, 3500, 4504, 3773, 3805, 3354, 1802, 2692, 4242, 2692, 1303, 1964, 3605, 5700, 4294, 2701, 2061, 4816, 0], [4352, 1000, 1583, 1600, 1800, 1943, 6020, 5534, 5220, 5742, 5060, 5609, 5368, 5404, 6107, 5229, 3662, 3009, 3118, 4313, 4962, 3332, 4512, 6905, 6021, 5809, 3236, 4352], [4807, 1583, 1000, 1583, 1707, 2118, 5920, 5465, 5205, 5609, 5031, 5459, 5933, 5356, 6220, 5500, 3692, 2581, 3692, 4605, 5534, 3121, 4000, 6961, 6234, 6103, 2702, 4807], [4929, 1600, 1583, 1000, 1200, 1538, 6467, 6000, 5716, 6166, 5548, 6020, 5569, 5882, 6664, 5825, 4176, 3154, 3385, 4911, 5393, 3690, 4512, 7440, 6608, 6408, 3209, 4929], [5123, 1800, 1707, 1200, 1000, 1500, 6622, 6161, 5887, 6315, 5716, 6166, 5651, 6047, 6852, 6024, 4354, 3236, 3500, 5110, 5545, 3828, 4535, 7621, 6805, 6608, 3236, 5123], [5031, 1943, 2118, 1538, 1500, 1000, 6946, 6467, 6161, 6656, 6000, 6517, 5205, 6341, 7041, 6099, 4605, 3692, 3121, 5177, 5243, 4201, 5031, 7847, 6920, 6656, 3729, 5031], [5517, 6020, 5920, 6467, 6622, 6946, 1000, 1538, 2019, 1400, 2077, 1600, 9065, 1728, 2860, 4059, 3441, 4716, 7217, 4214, 7462, 3830, 4900, 2746, 3729, 4417, 5205, 5517], [5004, 5534, 5465, 6000, 6161, 6467, 1538, 1000, 1500, 1538, 1538, 1640, 8528, 1200, 2640, 3624, 2920, 4352, 6682, 3701, 6941, 3416, 4733, 2811, 3420, 4041, 4883, 5004], [4505, 5220, 5205, 5716, 5887, 6161, 2019, 1500, 1000, 2019, 1200, 2077, 8051, 1300, 2392, 3154, 2562, 4238, 6247, 3202, 6445, 3256, 4832, 2824, 3051, 3607, 4811, 4505], [5500, 5742, 5609, 6166, 6315, 6656, 1400, 1538, 2019, 1000, 2000, 1200, 8955, 1728, 3121, 4162, 3236, 4354, 7041, 4201, 7419, 3500, 4500, 3118, 3941, 4577, 4827, 5500], [4500, 5060, 5031, 5548, 5716, 6000, 2077, 1538, 1200, 2000, 1000, 2019, 7992, 1360, 2581, 3236, 2414, 4041, 6147, 3202, 6423, 3061, 4640, 3022, 3202, 3720, 4612, 4500], [5504, 5609, 5459, 6020, 6166, 6517, 1600, 1640, 2077, 1200, 2019, 1000, 8907, 1806, 3267, 4231, 3154, 4176, 6961, 4214, 7407, 3343, 4300, 3308, 4061, 4671, 4640, 5504], [4773, 5368, 5933, 5569, 5651, 5205, 9065, 8528, 8051, 8955, 7992, 8907, 1000, 8337, 8119, 6575, 6787, 7280, 3256, 5965, 2984, 7200, 8844, 9062, 7463, 6762, 7596, 4773], [4805, 5404, 5356, 5882, 6047, 6341, 1728, 1200, 1300, 1728, 1360, 1806, 8337, 1000, 2526, 3435, 2769, 4298, 6507, 3501, 6742, 3340, 4765, 2800, 3267, 3865, 4847, 4805], [4354, 6107, 6220, 6664, 6852, 7041, 2860, 2640, 2392, 3121, 2581, 3267, 8119, 2526, 1000, 2581, 3549, 5500, 6656, 3202, 6292, 4500, 6220, 1943, 1921, 2702, 6103, 4354], [2802, 5229, 5500, 5825, 6024, 6099, 4059, 3624, 3154, 4162, 3236, 4231, 6575, 3435, 2581, 1000, 3236, 5272, 5301, 1921, 4716, 4354, 6408, 3507, 1921, 1632, 5904, 2802], [3692, 3662, 3692, 4176, 4354, 4605, 3441, 2920, 2562, 3236, 2414, 3154, 6787, 2769, 3549, 3236, 1000, 3061, 4807, 2627, 5428, 2118, 4201, 4269, 3729, 3863, 3692, 3692], [5242, 3009, 2581, 3154, 3236, 3692, 4716, 4352, 4238, 4354, 4041, 4176, 7280, 4298, 5500, 5272, 3061, 1000, 5031, 4535, 6500, 2000, 2581, 6063, 5785, 5904, 1632, 5242], [3692, 3118, 3692, 3385, 3500, 3121, 7217, 6682, 6247, 7041, 6147, 6961, 3256, 6507, 6656, 5301, 4807, 5031, 1000, 4471, 3193, 5031, 6590, 7579, 6220, 5701, 5341, 3692], [2303, 4313, 4605, 4911, 5110, 5177, 4214, 3701, 3202, 4201, 3202, 4214, 5965, 3501, 3202, 1921, 2627, 4535, 4471, 1000, 4255, 3701, 5816, 4140, 2788, 2500, 5159, 2303], [2964, 4962, 5534, 5393, 5545, 5243, 7462, 6941, 6445, 7419, 6423, 7407, 2984, 6742, 6292, 4716, 5428, 6500, 3193, 4255, 1000, 6124, 8068, 7224, 5565, 4827, 6968, 2964], [4605, 3332, 3121, 3690, 3828, 4201, 3830, 3416, 3256, 3500, 3061, 3343, 7200, 3340, 4500, 4354, 2118, 2000, 5031, 3701, 6124, 1000, 3121, 5079, 4807, 4981, 2612, 4605], [6700, 4512, 4000, 4512, 4535, 5031, 4900, 4733, 4832, 4500, 4640, 4300, 8844, 4765, 6220, 6408, 4201, 2581, 6590, 5816, 8068, 3121, 1000, 6544, 6727, 7020, 2303, 6700], [5294, 6905, 6961, 7440, 7621, 7847, 2746, 2811, 2824, 3118, 3022, 3308, 9062, 2800, 1943, 3507, 4269, 6063, 7579, 4140, 7224, 5079, 6544, 1000, 2726, 3531, 6632, 5294], [3701, 6021, 6234, 6608, 6805, 6920, 3729, 3420, 3051, 3941, 3202, 4061, 7463, 3267, 1921, 1921, 3729, 5785, 6220, 2788, 5565, 4807, 6727, 2726, 1000, 1806, 6412, 3701], [3061, 5809, 6103, 6408, 6608, 6656, 4417, 4041, 3607, 4577, 3720, 4671, 6762, 3865, 2702, 1632, 3863, 5904, 5701, 2500, 4827, 4981, 7020, 3531, 1806, 1000, 6536, 3061], [5816, 3236, 2702, 3209, 3236, 3729, 5205, 4883, 4811, 4827, 4612, 4640, 7596, 4847, 6103, 5904, 3692, 1632, 5341, 5159, 6968, 2612, 2303, 6632, 6412, 6536, 1000, 5816], [0, 3352, 3807, 3929, 4123, 4031, 4517, 4004, 3505, 4500, 3500, 4504, 3773, 3805, 3354, 1802, 2692, 4242, 2692, 1303, 1964, 3605, 5700, 4294, 2701, 2061, 4816, 0]], "time_windows": [[0.0, 96000.0], [22500.0, 28500.0], [68300.0, 74300.0], [20400.0, 26400.0], [20400.0, 42500.0], [69800.0, 82700.0], [30600.0, 48300.0], [19900.0, 42800.0], [49400.0, 69900.0], [4500.0, 52500.0], [38300.0, 48600.0], [23100.0, 29100.0], [3700.0, 17700.0], [46000.0, 53900.0], [27300.0, 49800.0], [56000.0, 67300.0], [34200.0, 57100.0], [4200.0, 52200.0], [62300.0, 88400.0], [57000.0, 68100.0], [78000.0, 93000.0], [67500.0, 73500.0], [5700.0, 53700.0], [29800.0, 35800.0], [42500.0, 48500.0], [2000.0, 50000.0], [51600.0, 69700.0], [0.0, 96000.0]], "start_depot": 0, "end_depot": 27, "horizon": [0.0, 96000.0]}