{"digraph": {"vertex_count": 26, "arc_count": 600, "arcs": [[0, 1, 1, 1, 1, 1, 1, 1, 1, 1, 1, 1, 1, 1, 1, 1, 1, 1, 1, 1, 1, 1, 1, 1, 1, 1], [0, 0, 1, 1, 1, 1, 1, 1, 1, 1, 1, 1, 1, 1, 1, 1, 1, 1, 1, 1, 1, 1, 1, 1, 1, 1], [0, 1, 0, 1, 1, 1, 1, 1, 1, 1, 1, 1, 1, 1, 1, 1, 1, 1, 1, 1, 1, 1, 1, 1, 1, 1], [0, 1, 1, 0, 1, 1, 1, 1, 1, 1, 1, 1, 1, 1, 1, 1, 1, 1, 1, 1, 1, 1, 1, 1, 1, 1], [0, 1, 1, 1, 0, 1, 1, 1, 1, 1, 1, 1, 1, 1, 1, 1, 1, 1, 1, 1, 1, 1, 1, 1, 1, 1], [0, 1, 1, 1, 1, 0, 1, 1, 1, 1, 1, 1, 1, 1, 1, 1, 1, 1, 1, 1, 1, 1, 1, 1, 1, 1], [0, 1, 1, 1, 1, 1, 0, 1, 1, 1, 1, 1, 1, 1, 1, 1, 1, 1, 1, 1, 1, 1, 1, 1, 1, 1], [0, 1, 1, 1, 1, 1, 1, 0, 1, 1, 1, 1, 1, 1, 1, 1, 1, 1, 1, 1, 1, 1, 1, 1, 1, 1], [0, 1, 1, 1, 1, 1, 1, 1, 0, 1, 1, 1, 1, 1, 1, 1, 1, 1, 1, 1, 1, 1, 1, 1, 1, 1], [0, 1, 1, 1, 1, 1, 1, 1, 1, 0, 1, 1, 1, 1, 1, 1, 1, 1, 1, 1, 1, 1, 1, 1, 1, 1], [0, 1, 1, 1, 1, 1, 1, 1, 1, 1, 0, 1, 1, 1, 1, 1, 1, 1, 1, 1, 1, 1, 1, 1, 1, 1], [0, 1, 1, 1, 1, 1, 1, 1, 1, 1, 1, 0, 1, 1, 1, 1, 1, 1, 1, 1, 1, 1, 1, 1, 1, 1], [0, 1, 1, 1, 1, 1, 1, 1, 1, 1, 1, 1, 0, 1, 1, 1, 1, 1, 1, 1, 1, 1, 1, 1, 1, 1], [0, 1, 1, 1, 1, 1, 1, 1, 1, 1, 1, 1, 1, 0, 1, 1, 1, 1, 1, 1, 1, 1, 1, 1, 1, 1], [0, 1, 1, 1, 1, 1, 1, 1, 1, 1, 1, 1, 1, 1, 0, 1, 1, 1, 1, 1, 1, 1, 1, 1, 1, 1], [0, 1, 1, 1, 1, 1, 1, 1, 1, 1, 1, 1, 1, 1, 1, 0, 1, 1, 1, 1, 1, 1, 1, 1, 1, 1], [0, 1, 1, 1, 1, 1, 1, 1, 1, 1, 1, 1, 1, 1, 1, 1, 0, 1, 1, 1, 1, 1, 1, 1, 1, 1], [0, 1, 1, 1, 1, 1, 1, 1, 1, 1, 1, 1, 1, 1, 1, 1, 1, 0, 1, 1, 1, 1, 1, 1, 1, 1], [0, 1, 1, 1, 1, 1, 1, 1, 1, 1, 1, 1, 1, 1, 1, 1, 1, 1, 0, 1, 1, 1, 1, 1, 1, 1], [0, 1, 1, 1, 1, 1, 1, 1, 1, 1, 1, 1, 1, 1, 1, 1, 1, 1, 1, 0, 1, 1, 1, 1, 1, 1], [0, 1, 1, 1, 1, 1, 1, 1, 1, 1, 1, 1, 1, 1, 1, 1, 1, 1, 1, 1, 0, 1, 1, 1, 1, 1], [0, 1, 1, 1, 1, 1, 1, 1, 1, 1, 1, 1, 1, 1, 1, 1, 1, 1, 1, 1, 1, 0, 1, 1, 1, 1], [0, 1, 1, 1, 1, 1, 1, 1, 1, 1, 1, 1, 1, 1, 1, 1, 1, 1, 1, 1, 1, 1, 0, 1, 1, 1], [0, 1, 1, 1, 1, 1, 1, 1, 1, 1, 1, 1, 1, 1, 1, 1, 1, 1, 1, 1, 1, 1, 1, 0, 1, 1], [0, 1, 1, 1, 1, 1, 1, 1, 1, 1, 1, 1, 1, 1, 1, 1, 1, 1, 1, 1, 1, 1, 1, 1, 0, 1], [0, 0, 0, 0, 0, 0, 0, 0, 0, 0, 0, 0, 0, 0, 0, 0, 0, 0, 0, 0, 0, 0, 0, 0, 0, 0]], "coordinates": [[40.0, 50.0], [95.0, 30.0], [95.0, 35.0], [92.0, 30.0], [90.0, 35.0], [88.0, 30.0], [88.0, 35.0], [87.0, 30.0], [85.0, 25.0], [85.0, 35.0], [62.0, 80.0], [60.0, 85.0], [58.0, 75.0], [55.0, 82.0], [72.0, 35.0], [50.0, 35.0], [45.0, 65.0], [65.0, 35.0], [65.0, 20.0], [41.0, 37.0], [64.0, 42.0], [65.0, 55.0], [63.0, 65.0], [49.0, 58.0], [57.0, 48.0], [40.0, 50.0]]}, "cluster_count": 3, "cluster_speeds": [[1.5, 1.0, 1.67, 1.17, 1.33], [1.17, 0.67, 1.33, 0.83, 1.0], [1.0, 0.33, 0.67, 0.5, 0.83]], "clusters": [[2, 2, 0, 0, 2, 1, 0, 1, 2, 1, 0, 2, 0, 1, 0, 0, 0, 1, 2, 1, 2, 0, 2, 0, 0, 2], [0, 0, 2, 2, 2, 0, 2, 2, 0, 0, 1, 2, 0, 0, 2, 1, 1, 1, 1, 2, 1, 0, 0, 1, 0, 2], [0, 0, 0, 1, 1, 0, 2, 2, 2, 1, 1, 2, 0, 1, 1, 2, 0, 1, 2, 2, 1, 0, 2, 0, 1, 1], [2, 2, 0, 0, 1, 2, 2, 2, 0, 1, 1, 0, 1, 2, 0, 0, 1, 0, 2, 2, 1, 2, 0, 2, 0, 2], [1, 0, 2, 2, 0, 1, 2, 1, 2, 1, 1, 0, 1, 0, 2, 2, 1, 2, 0, 0, 1, 2, 1, 2, 1, 0], [1, 0, 1, 1, 1, 1, 0, 0, 1, 2, 1, 1, 0, 2, 2, 1, 1, 0, 1, 2, 2, 2, 2, 2, 0, 1], [0, 0, 2, 1, 1, 0, 0, 2, 0, 0, 2, 1, 2, 0, 0, 1, 2, 0, 0, 0, 0, 2, 2, 2, 2, 2], [0, 1, 2, 2, 0, 1, 0, 1, 0, 1, 2, 0, 0, 0, 1, 0, 1, 1, 2, 1, 2, 1, 0, 1, 0, 1], [0, 0, 0, 1, 2, 1, 0, 2, 2, 0, 1, 2, 1, 0, 2, 1, 0, 0, 2, 0, 2, 2, 2, 1, 0, 0], [1, 1, 2, 0, 0, 1, 0, 1, 0, 2, 2, 1, 2, 2, 1, 1, 1, 2, 1, 0, 1, 0, 1, 0, 0, 0], [2, 2, 0, 0, 2, 2, 0, 1, 2, 0, 2, 1, 2, 1, 0, 2, 2, 0, 1, 1, 1, 0, 1, 0, 0, 2], [0, 2, 2, 0, 2, 2, 2, 2, 1, 0, 0, 2, 2, 0, 0, 2, 0, 1, 0, 2, 0, 0, 0, 1, 0, 2], [0, 0, 1, 1, 2, 2, 2, 1, 2, 2, 0, 0, 2, 2, 0, 0, 2, 0, 1, 0, 1, 0, 0, 0, 2, 1], [1, 0, 2, 1, 0, 1, 0, 0, 0, 1, 2, 2, 0, 1, 2, 1, 2, 1, 2, 2, 1, 1, 1, 0, 2, 2], [0, 0, 2, 1, 2, 1, 2, 0, 2, 1, 1, 1, 2, 2, 0, 0, 2, 1, 0, 2, 2, 2, 2, 2, 1, 2], [0, 0, 2, 2, 2, 1, 1, 2, 1, 2, 0, 2, 0, 0, 2, 1, 2, 2, 2, 1, 2, 1, 0, 1, 1, 1], [2, 1, 0, 2, 0, 1, 2, 0, 2, 2, 0, 1, 1, 0, 0, 1, 2, 2, 2, 2, 2, 1, 1, 0, 1, 1], [0, 1, 0, 0, 2, 1, 1, 0, 2, 1, 1, 2, 1, 0, 2, 2, 2, 1, 0, 1, 2, 2, 2, 2, 1, 0], [2, 2, 0, 1, 0, 1, 1, 2, 2, 2, 1, 2, 1, 1, 2, 1, 1, 2, 2, 2, 2, 1, 1, 1, 2, 1], [0, 1, 1, 2, 0, 2, 1, 1, 2, 2, 0, 2, 0, 1, 2, 2, 0, 2, 0, 0, 2, 2, 1, 1, 2, 0], [2, 1, 0, 1, 1, 1, 2, 2, 1, 0, 2, 0, 2, 2, 2, 1, 0, 1, 2, 1, 1, 2, 0, 2, 0, 2], [2, 0, 0, 1, 2, 0, 0, 0, 2, 1, 2, 0, 0, 0, 0, 1, 1, 0, 1, 0, 0, 0, 2, 0, 0, 0], [2, 1, 0, 0, 0, 1, 1, 1, 2, 0, 2, 2, 0, 0, 0, 0, 0, 0, 0, 0, 1, 0, 2, 0, 1, 0], [2, 0, 0, 0, 2, 1, 1, 1, 2, 0, 2, 0, 1, 1, 2, 1, 1, 2, 0, 2, 0, 2, 0, 0, 1, 0], [2, 1, 1, 1, 0, 2, 1, 1, 0, 0, 0, 1, 0, 1, 0, 2, 0, 1, 2, 0, 2, 1, 0, 0, 1, 1], [1, 0, 2, 2, 0, 0, 0, 0, 2, 2, 2, 0, 0, 0, 2, 0, 0, 2, 2, 2, 2, 0, 1, 1, 0, 2]], "speed_zone_count": 5, "speed_zones": [[0.0, 19200.0], [19200.0, 28800.0], [28800.0, 67200.0], [67200.0, 76800.0], [76800.0, 96000.0]], "distances": [[0, 5852, 5700, 5571, 5220, 5200, 5028, 5107, 5147, 4743, 3720, 4031, 3080, 3534, 3534, 1802, 1581, 2915, 3905, 1303, 2529, 2549, 2745, 1204, 1711, 0], [6852, 1000, 1500, 1300, 1707, 1700, 1860, 1800, 2118, 2118, 6990, 7519, 6825, 7560, 3353, 5527, 7103, 4041, 4162, 6445, 4324, 4905, 5742, 6385, 5204, 6852], [6700, 1500, 1000, 1583, 1500, 1860, 1700, 1943, 2414, 2000, 6580, 7103, 6448, 7171, 3300, 5500, 6830, 4000, 4354, 6403, 4178, 4605, 5386, 6142, 5016, 6700], [6571, 1300, 1583, 1000, 1538, 1400, 1640, 1500, 1860, 1860, 6830, 7363, 6640, 7382, 3061, 5229, 6860, 3745, 3879, 6147, 4046, 4679, 5545, 6131, 4935, 6571], [6220, 1707, 1500, 1538, 1000, 1538, 1200, 1583, 2118, 1500, 6300, 6830, 6122, 6860, 2800, 5000, 6408, 3500, 3915, 5904, 3692, 4201, 5036, 5701, 4546, 6220], [6200, 1700, 1860, 1400, 1538, 1000, 1500, 1100, 1583, 1583, 6635, 7171, 6408, 7158, 2676, 4832, 6544, 3353, 3507, 5751, 3683, 4397, 5301, 5801, 4584, 6200], [6028, 1860, 1700, 1640, 1200, 1500, 1000, 1509, 2044, 1300, 6197, 6730, 6000, 6742, 2600, 4800, 6243, 3300, 3745, 5704, 3500, 4047, 4905, 5527, 4361, 6028], [6107, 1800, 1943, 1500, 1583, 1100, 1509, 1000, 1538, 1538, 6590, 7126, 6353, 7105, 2581, 4733, 6467, 3256, 3416, 5652, 3594, 4330, 5243, 5720, 4498, 6107], [6147, 2118, 2414, 1860, 2118, 1583, 2044, 1538, 1000, 2000, 6961, 7500, 6682, 7441, 2640, 4640, 6656, 3236, 3061, 5560, 3701, 4605, 5565, 5883, 4623, 6147], [5743, 2118, 2000, 1860, 1500, 1583, 1300, 1538, 2000, 1000, 6053, 6590, 5825, 6575, 2300, 4500, 6000, 3000, 3500, 5404, 3213, 3828, 4720, 5272, 4087, 5743], [4720, 6990, 6580, 6830, 6300, 6635, 6197, 6590, 6961, 6053, 1000, 1538, 1640, 1728, 5609, 5657, 3267, 5509, 7007, 5785, 4805, 3517, 2503, 3555, 4238, 4720], [5031, 7519, 7103, 7363, 6830, 7171, 6730, 7126, 7500, 6590, 1538, 1000, 2019, 1583, 6141, 6099, 3500, 6024, 7519, 6162, 5318, 4041, 3022, 3915, 4712, 5031], [4080, 6825, 6448, 6640, 6122, 6408, 6000, 6353, 6682, 5825, 1640, 2019, 1000, 1761, 5237, 5079, 2640, 5060, 6544, 5162, 4354, 3118, 2118, 2923, 3701, 4080], [4534, 7560, 7171, 7382, 6860, 7158, 6742, 7105, 7441, 6575, 1728, 1583, 1761, 1000, 5997, 5726, 2972, 5805, 7280, 5712, 5100, 3879, 2878, 3473, 4405, 4534], [4534, 3353, 3300, 3061, 2800, 2676, 2600, 2581, 2640, 2300, 5609, 6141, 5237, 5997, 1000, 3200, 5036, 1700, 2655, 4106, 2063, 3118, 4132, 4252, 2984, 4534], [2802, 5527, 5500, 5229, 5000, 4832, 4800, 4733, 4640, 4500, 5657, 6099, 5079, 5726, 3200, 1000, 4041, 2500, 3121, 1921, 2565, 3500, 4269, 3302, 2476, 2802], [2581, 7103, 6830, 6860, 6408, 6544, 6243, 6467, 6656, 6000, 3267, 3500, 2640, 2972, 5036, 4041, 1000, 4605, 5924, 3828, 3983, 3236, 2800, 1806, 3080, 2581], [3915, 4041, 4000, 3745, 3500, 3353, 3300, 3256, 3236, 3000, 5509, 6024, 5060, 5805, 1700, 2500, 4605, 1000, 2500, 3408, 1707, 3000, 4006, 3801, 2526, 3915], [4905, 4162, 4354, 3879, 3915, 3507, 3745, 3416, 3061, 3500, 7007, 7519, 6544, 7280, 2655, 3121, 5924, 2500, 1000, 3941, 3202, 4500, 5504, 5123, 3912, 4905], [2303, 6445, 6403, 6147, 5904, 5751, 5704, 5652, 5560, 5404, 5785, 6162, 5162, 5712, 4106, 1921, 3828, 3408, 3941, 1000, 3353, 4000, 4560, 3247, 2941, 2303], [3529, 4324, 4178, 4046, 3692, 3683, 3500, 3594, 3701, 3213, 4805, 5318, 4354, 5100, 2063, 2565, 3983, 1707, 3202, 3353, 1000, 2303, 3302, 3193, 1921, 3529], [3549, 4905, 4605, 4679, 4201, 4397, 4047, 4330, 4605, 3828, 3517, 4041, 3118, 3879, 3118, 3500, 3236, 3000, 4500, 4000, 2303, 1000, 2019, 2627, 2063, 3549], [3745, 5742, 5386, 5545, 5036, 5301, 4905, 5243, 5565, 4720, 2503, 3022, 2118, 2878, 4132, 4269, 2800, 4006, 5504, 4560, 3302, 2019, 1000, 2565, 2802, 3745], [2204, 6385, 6142, 6131, 5701, 5801, 5527, 5720, 5883, 5272, 3555, 3915, 2923, 3473, 4252, 3302, 1806, 3801, 5123, 3247, 3193, 2627, 2565, 1000, 2280, 2204], [2711, 5204, 5016, 4935, 4546, 4584, 4361, 4498, 4623, 4087, 4238, 4712, 3701, 4405, 2984, 2476, 3080, 2526, 3912, 2941, 1921, 2063, 2802, 2280, 1000, 2711], [0, 5852, 5700, 5571, 5220, 5200, 5028, 5107, 5147, 4743, 3720, 4031, 3080, 3534, 3534, 1802, 1581, 2915, 3905, 1303, 2529, 2549, 2745, 1204, 1711, 0]], "time_windows": [[0.0, 96000.0], [46900.0, 70900.0], [8600.0, 32600.0], [8900.0, 32900.0], [13400.0, 37400.0], [18600.0, 42600.0], [10500.0, 34500.0], [56100.0, 80100.0], [5100.0, 29100.0], [42700.0, 66700.0], [21800.0, 45800.0], [26900.0, 50900.0], [31600.0, 55600.0], [15700.0, 39700.0], [44700.0, 68700.0], [49700.0, 73700.0], [19800.0, 43800.0], [10700.0, 34700.0], [3900.0, 27900.0], [50600.0, 74600.0], [20800.0, 44800.0], [18100.0, 42100.0], [2700.0, 26700.0], [29500.0, 53500.0], [33200.0, 57200.0], [0.0, 96000.0]], "start_depot": 0, "end_depot": 25, "horizon": [0.0, 96000.0]}