{"digraph": {"vertex_count": 33, "arc_count": 992, "arcs": [[0, 1, 1, 1, 1, 1, 1, 1, 1, 1, 1, 1, 1, 1, 1, 1, 1, 1, 1, 1, 1, 1, 1, 1, 1, 1, 1, 1, 1, 1, 1, 1, 1], [0, 0, 1, 1, 1, 1, 1, 1, 1, 1, 1, 1, 1, 1, 1, 1, 1, 1, 1, 1, 1, 1, 1, 1, 1, 1, 1, 1, 1, 1, 1, 1, 1], [0, 1, 0, 1, 1, 1, 1, 1, 1, 1, 1, 1, 1, 1, 1, 1, 1, 1, 1, 1, 1, 1, 1, 1, 1, 1, 1, 1, 1, 1, 1, 1, 1], [0, 1, 1, 0, 1, 1, 1, 1, 1, 1, 1, 1, 1, 1, 1, 1, 1, 1, 1, 1, 1, 1, 1, 1, 1, 1, 1, 1, 1, 1, 1, 1, 1], [0, 1, 1, 1, 0, 1, 1, 1, 1, 1, 1, 1, 1, 1, 1, 1, 1, 1, 1, 1, 1, 1, 1, 1, 1, 1, 1, 1, 1, 1, 1, 1, 1], [0, 1, 1, 1, 1, 0, 1, 1, 1, 1, 1, 1, 1, 1, 1, 1, 1, 1, 1, 1, 1, 1, 1, 1, 1, 1, 1, 1, 1, 1, 1, 1, 1], [0, 1, 1, 1, 1, 1, 0, 1, 1, 1, 1, 1, 1, 1, 1, 1, 1, 1, 1, 1, 1, 1, 1, 1, 1, 1, 1, 1, 1, 1, 1, 1, 1], [0, 1, 1, 1, 1, 1, 1, 0, 1, 1, 1, 1, 1, 1, 1, 1, 1, 1, 1, 1, 1, 1, 1, 1, 1, 1, 1, 1, 1, 1, 1, 1, 1], [0, 1, 1, 1, 1, 1, 1, 1, 0, 1, 1, 1, 1, 1, 1, 1, 1, 1, 1, 1, 1, 1, 1, 1, 1, 1, 1, 1, 1, 1, 1, 1, 1], [0, 1, 1, 1, 1, 1, 1, 1, 1, 0, 1, 1, 1, 1, 1, 1, 1, 1, 1, 1, 1, 1, 1, 1, 1, 1, 1, 1, 1, 1, 1, 1, 1], [0, 1, 1, 1, 1, 1, 1, 1, 1, 1, 0, 1, 1, 1, 1, 1, 1, 1, 1, 1, 1, 1, 1, 1, 1, 1, 1, 1, 1, 1, 1, 1, 1], [0, 1, 1, 1, 1, 1, 1, 1, 1, 1, 1, 0, 1, 1, 1, 1, 1, 1, 1, 1, 1, 1, 1, 1, 1, 1, 1, 1, 1, 1, 1, 1, 1], [0, 1, 1, 1, 1, 1, 1, 1, 1, 1, 1, 1, 0, 1, 1, 1, 1, 1, 1, 1, 1, 1, 1, 1, 1, 1, 1, 1, 1, 1, 1, 1, 1], [0, 1, 1, 1, 1, 1, 1, 1, 1, 1, 1, 1, 1, 0, 1, 1, 1, 1, 1, 1, 1, 1, 1, 1, 1, 1, 1, 1, 1, 1, 1, 1, 1], [0, 1, 1, 1, 1, 1, 1, 1, 1, 1, 1, 1, 1, 1, 0, 1, 1, 1, 1, 1, 1, 1, 1, 1, 1, 1, 1, 1, 1, 1, 1, 1, 1], [0, 1, 1, 1, 1, 1, 1, 1, 1, 1, 1, 1, 1, 1, 1, 0, 1, 1, 1, 1, 1, 1, 1, 1, 1, 1, 1, 1, 1, 1, 1, 1, 1], [0, 1, 1, 1, 1, 1, 1, 1, 1, 1, 1, 1, 1, 1, 1, 1, 0, 1, 1, 1, 1, 1, 1, 1, 1, 1, 1, 1, 1, 1, 1, 1, 1], [0, 1, 1, 1, 1, 1, 1, 1, 1, 1, 1, 1, 1, 1, 1, 1, 1, 0, 1, 1, 1, 1, 1, 1, 1, 1, 1, 1, 1, 1, 1, 1, 1], [0, 1, 1, 1, 1, 1, 1, 1, 1, 1, 1, 1, 1, 1, 1, 1, 1, 1, 0, 1, 1, 1, 1, 1, 1, 1, 1, 1, 1, 1, 1, 1, 1], [0, 1, 1, 1, 1, 1, 1, 1, 1, 1, 1, 1, 1, 1, 1, 1, 1, 1, 1, 0, 1, 1, 1, 1, 1, 1, 1, 1, 1, 1, 1, 1, 1], [0, 1, 1, 1, 1, 1, 1, 1, 1, 1, 1, 1, 1, 1, 1, 1, 1, 1, 1, 1, 0, 1, 1, 1, 1, 1, 1, 1, 1, 1, 1, 1, 1], [0, 1, 1, 1, 1, 1, 1, 1, 1, 1, 1, 1, 1, 1, 1, 1, 1, 1, 1, 1, 1, 0, 1, 1, 1, 1, 1, 1, 1, 1, 1, 1, 1], [0, 1, 1, 1, 1, 1, 1, 1, 1, 1, 1, 1, 1, 1, 1, 1, 1, 1, 1, 1, 1, 1, 0, 1, 1, 1, 1, 1, 1, 1, 1, 1, 1], [0, 1, 1, 1, 1, 1, 1, 1, 1, 1, 1, 1, 1, 1, 1, 1, 1, 1, 1, 1, 1, 1, 1, 0, 1, 1, 1, 1, 1, 1, 1, 1, 1], [0, 1, 1, 1, 1, 1, 1, 1, 1, 1, 1, 1, 1, 1, 1, 1, 1, 1, 1, 1, 1, 1, 1, 1, 0, 1, 1, 1, 1, 1, 1, 1, 1], [0, 1, 1, 1, 1, 1, 1, 1, 1, 1, 1, 1, 1, 1, 1, 1, 1, 1, 1, 1, 1, 1, 1, 1, 1, 0, 1, 1, 1, 1, 1, 1, 1], [0, 1, 1, 1, 1, 1, 1, 1, 1, 1, 1, 1, 1, 1, 1, 1, 1, 1, 1, 1, 1, 1, 1, 1, 1, 1, 0, 1, 1, 1, 1, 1, 1], [0, 1, 1, 1, 1, 1, 1, 1, 1, 1, 1, 1, 1, 1, 1, 1, 1, 1, 1, 1, 1, 1, 1, 1, 1, 1, 1, 0, 1, 1, 1, 1, 1], [0, 1, 1, 1, 1, 1, 1, 1, 1, 1, 1, 1, 1, 1, 1, 1, 1, 1, 1, 1, 1, 1, 1, 1, 1, 1, 1, 1, 0, 1, 1, 1, 1], [0, 1, 1, 1, 1, 1, 1, 1, 1, 1, 1, 1, 1, 1, 1, 1, 1, 1, 1, 1, 1, 1, 1, 1, 1, 1, 1, 1, 1, 0, 1, 1, 1], [0, 1, 1, 1, 1, 1, 1, 1, 1, 1, 1, 1, 1, 1, 1, 1, 1, 1, 1, 1, 1, 1, 1, 1, 1, 1, 1, 1, 1, 1, 0, 1, 1], [0, 1, 1, 1, 1, 1, 1, 1, 1, 1, 1, 1, 1, 1, 1, 1, 1, 1, 1, 1, 1, 1, 1, 1, 1, 1, 1, 1, 1, 1, 1, 0, 1], [0, 0, 0, 0, 0, 0, 0, 0, 0, 0, 0, 0, 0, 0, 0, 0, 0, 0, 0, 0, 0, 0, 0, 0, 0, 0, 0, 0, 0, 0, 0, 0, 0]], "coordinates": [[40.0, 50.0], [25.0, 85.0], [22.0, 75.0], [22.0, 85.0], [20.0, 80.0], [20.0, 85.0], [18.0, 75.0], [15.0, 75.0], [15.0, 80.0], [8.0, 45.0], [0.0, 40.0], [67.0, 85.0], [65.0, 85.0], [65.0, 82.0], [60.0, 80.0], [55.0, 80.0], [55.0, 85.0], [20.0, 82.0], [18.0, 80.0], [20.0, 50.0], [55.0, 60.0], [15.0, 60.0], [31.0, 52.0], [35.0, 69.0], [2.0, 60.0], [8.0, 56.0], [6.0, 68.0], [27.0, 43.0], [24.0, 58.0], [55.0, 54.0], [26.0, 52.0], [31.0, 67.0], [40.0, 50.0]]}, "cluster_count": 3, "cluster_speeds": [[1.5, 1.0, 1.67, 1.17, 1.33], [1.17, 0.67, 1.33, 0.83, 1.0], [1.0, 0.33, 0.67, 0.5, 0.83]], "clusters": [[1, 2, 1, 2, 0, 0, 0, 2, 1, 2, 2, 0, 1, 2, 0, 0, 0, 2, 2, 1, 2, 0, 0, 0, 0, 0, 2, 1, 2, 1, 2, 1, 0], [0, 2, 0, 0, 0, 0, 2, 2, 1, 2, 1, 2, 2, 0, 0, 0, 0, 2, 1, 2, 2, 2, 2, 0, 2, 0, 1, 1, 0, 1, 2, 2, 0], [0, 2, 2, 2, 2, 0, 2, 1, 1, 1, 0, 1, 0, 0, 0, 0, 0, 2, 1, 1, 0, 1, 1, 1, 0, 1, 1, 2, 1, 0, 0, 2, 0], [0, 2, 1, 1, 2, 1, 0, 2, 1, 0, 0, 2, 0, 1, 1, 0, 2, 1, 0, 2, 2, 2, 0, 0, 1, 2, 0, 2, 0, 1, 2, 2, 2], [2, 1, 2, 2, 2, 0, 0, 0, 0, 0, 0, 0, 0, 1, 2, 1, 0, 1, 2, 2, 1, 0, 1, 1, 0, 1, 1, 0, 1, 2, 1, 1, 1], [2, 2, 1, 1, 2, 2, 1, 2, 1, 1, 0, 1, 0, 0, 2, 1, 1, 2, 2, 1, 2, 1, 1, 0, 2, 0, 1, 2, 1, 2, 2, 2, 2], [0, 2, 2, 0, 2, 2, 2, 1, 1, 2, 2, 1, 1, 2, 2, 2, 2, 1, 0, 1, 0, 1, 2, 2, 0, 2, 1, 1, 1, 0, 1, 0, 0], [0, 2, 1, 0, 1, 1, 0, 0, 0, 1, 0, 2, 2, 2, 0, 2, 1, 0, 0, 2, 1, 0, 0, 1, 2, 2, 1, 0, 0, 0, 0, 1, 2], [0, 0, 2, 2, 1, 0, 0, 1, 0, 2, 0, 1, 1, 1, 0, 1, 2, 0, 1, 2, 1, 2, 1, 1, 2, 0, 0, 2, 2, 2, 0, 0, 2], [1, 2, 2, 1, 2, 1, 2, 1, 0, 1, 2, 0, 1, 0, 1, 1, 0, 1, 1, 0, 2, 0, 1, 0, 0, 2, 1, 2, 2, 1, 1, 1, 2], [0, 1, 1, 2, 2, 2, 2, 2, 1, 0, 1, 2, 2, 1, 1, 0, 1, 2, 2, 1, 1, 2, 1, 2, 2, 0, 2, 0, 1, 1, 2, 0, 2], [1, 1, 2, 2, 1, 2, 0, 2, 2, 1, 0, 1, 1, 0, 0, 2, 1, 1, 0, 2, 1, 0, 0, 0, 1, 0, 1, 0, 0, 2, 0, 2, 2], [1, 2, 2, 0, 1, 2, 1, 0, 1, 0, 0, 1, 2, 1, 1, 1, 1, 0, 1, 1, 0, 0, 0, 2, 0, 2, 0, 2, 0, 0, 1, 1, 2], [0, 2, 0, 2, 0, 2, 1, 1, 1, 1, 1, 0, 1, 2, 2, 0, 1, 2, 2, 2, 1, 0, 2, 2, 2, 1, 2, 1, 1, 2, 0, 1, 1], [1, 0, 1, 1, 2, 0, 2, 2, 2, 0, 0, 1, 1, 0, 1, 2, 1, 0, 1, 1, 1, 1, 0, 1, 2, 2, 1, 1, 1, 0, 0, 2, 2], [0, 0, 1, 0, 1, 1, 0, 1, 0, 2, 2, 0, 2, 1, 1, 1, 2, 2, 0, 0, 2, 2, 1, 0, 2, 1, 0, 0, 0, 2, 0, 0, 2], [2, 1, 1, 0, 1, 2, 0, 1, 1, 2, 2, 1, 1, 1, 1, 1, 0, 0, 1, 2, 1, 0, 0, 0, 2, 2, 0, 0, 2, 0, 0, 2, 1], [1, 1, 2, 0, 0, 0, 2, 0, 0, 1, 2, 1, 1, 1, 0, 0, 0, 0, 2, 0, 2, 2, 0, 2, 0, 0, 2, 0, 1, 1, 2, 2, 2], [2, 0, 0, 2, 1, 2, 0, 1, 2, 0, 2, 2, 2, 1, 1, 1, 2, 2, 2, 2, 1, 2, 2, 1, 0, 2, 0, 2, 0, 1, 0, 2, 0], [1, 2, 2, 2, 1, 1, 0, 1, 0, 2, 1, 0, 2, 1, 0, 1, 2, 1, 1, 0, 2, 1, 0, 0, 2, 0, 1, 0, 2, 0, 0, 1, 2], [2, 0, 2, 0, 1, 1, 0, 2, 1, 0, 2, 2, 0, 2, 2, 2, 2, 0, 0, 1, 1, 1, 1, 2, 2, 2, 0, 1, 2, 1, 2, 2, 1], [0, 0, 2, 1, 2, 1, 0, 0, 1, 2, 2, 1, 0, 0, 1, 1, 0, 2, 0, 2, 2, 0, 0, 2, 1, 0, 1, 1, 1, 2, 1, 0, 2], [2, 2, 2, 1, 2, 0, 2, 2, 2, 1, 0, 2, 2, 1, 1, 0, 0, 0, 0, 0, 2, 2, 2, 2, 1, 2, 1, 0, 0, 1, 1, 0, 2], [1, 0, 1, 1, 1, 0, 2, 1, 1, 2, 2, 2, 2, 1, 1, 0, 2, 1, 2, 2, 2, 1, 2, 0, 0, 2, 2, 0, 0, 0, 2, 1, 2], [1, 1, 1, 2, 1, 2, 2, 0, 1, 1, 1, 1, 0, 0, 2, 0, 2, 0, 2, 2, 1, 2, 0, 2, 2, 1, 2, 1, 0, 1, 2, 2, 1], [0, 0, 0, 0, 1, 1, 2, 2, 0, 1, 0, 2, 0, 1, 2, 0, 1, 2, 2, 2, 1, 2, 1, 2, 2, 0, 1, 1, 2, 1, 1, 2, 1], [1, 1, 2, 1, 2, 0, 1, 0, 0, 0, 0, 2, 2, 2, 2, 1, 2, 2, 1, 1, 2, 2, 0, 0, 1, 0, 1, 0, 1, 2, 1, 2, 2], [1, 0, 2, 0, 0, 2, 2, 2, 1, 2, 1, 0, 2, 0, 2, 0, 0, 1, 0, 0, 0, 1, 0, 0, 2, 1, 0, 2, 1, 0, 2, 1, 1], [0, 0, 2, 0, 0, 1, 2, 2, 1, 2, 2, 1, 1, 1, 2, 1, 0, 2, 2, 0, 2, 2, 2, 0, 0, 1, 0, 2, 1, 2, 2, 0, 0], [0, 0, 1, 2, 2, 1, 2, 2, 1, 0, 0, 0, 0, 0, 2, 2, 0, 2, 1, 1, 0, 1, 2, 1, 1, 1, 0, 0, 1, 1, 2, 0, 0], [2, 1, 0, 0, 0, 0, 1, 0, 1, 0, 2, 2, 2, 1, 2, 2, 0, 0, 0, 2, 0, 2, 0, 1, 2, 0, 1, 0, 0, 2, 1, 2, 2], [0, 1, 2, 0, 2, 0, 2, 1, 2, 0, 0, 2, 0, 2, 1, 1, 0, 2, 1, 1, 1, 1, 0, 2, 2, 1, 0, 2, 0, 2, 0, 1, 0], [2, 2, 0, 2, 2, 2, 2, 1, 1, 2, 2, 1, 2, 1, 1, 0, 2, 1, 0, 2, 2, 0, 1, 0, 2, 2, 0, 1, 2, 2, 0, 1, 0]], "speed_zone_count": 5, "speed_zones": [[0.0, 19200.0], [19200.0, 28800.0], [28800.0, 67200.0], [67200.0, 76800.0], [76800.0, 96000.0]], "distances": [[0, 3807, 3080, 3935, 3605, 4031, 3330, 3535, 3905, 3238, 4123, 4420, 4301, 4060, 3605, 3354, 3807, 3773, 3720, 2000, 1802, 2692, 921, 1964, 3929, 3255, 3847, 1476, 1788, 1552, 1414, 1923, 0], [4807, 1000, 2044, 1300, 1707, 1500, 2220, 2414, 2118, 5346, 6147, 5200, 5000, 5011, 4535, 4041, 4000, 1583, 1860, 4535, 4905, 3692, 4354, 2886, 4397, 4361, 3549, 5204, 3701, 5313, 4301, 2897, 4807], [4080, 2044, 1000, 2000, 1538, 2019, 1400, 1700, 1860, 4310, 5134, 5609, 5414, 5356, 4832, 4337, 4448, 1728, 1640, 3507, 4624, 2655, 3469, 2431, 3500, 3360, 2746, 4238, 2711, 4911, 3334, 2204, 4080], [4935, 1300, 2000, 1000, 1538, 1200, 2077, 2220, 1860, 5237, 6008, 5500, 5300, 5310, 4832, 4337, 4300, 1360, 1640, 4505, 5140, 3596, 4420, 3061, 4201, 4220, 3334, 5229, 3707, 5527, 4324, 3012, 4935], [4605, 1707, 1538, 1538, 1000, 1500, 1538, 1707, 1500, 4700, 5472, 5726, 5527, 5504, 5000, 4500, 4535, 1200, 1200, 4000, 5031, 3061, 4008, 2860, 3690, 3683, 2843, 4765, 3236, 5360, 3863, 2702, 4605], [5031, 1500, 2019, 1200, 1500, 1000, 2019, 2118, 1707, 5176, 5924, 5700, 5500, 5509, 5031, 4535, 4500, 1300, 1538, 4500, 5301, 3549, 4478, 3193, 4080, 4138, 3202, 5257, 3729, 5675, 4354, 3109, 5031], [4330, 2220, 1400, 2077, 1538, 2019, 1000, 1300, 1583, 4162, 4935, 6000, 5805, 5751, 5229, 4733, 4832, 1728, 1500, 3507, 4992, 2529, 3641, 2802, 3193, 3147, 2389, 4324, 2802, 5254, 3435, 2526, 4330], [4535, 2414, 1700, 2220, 1707, 2118, 1300, 1000, 1500, 4080, 4807, 6295, 6099, 6048, 5527, 5031, 5123, 1860, 1583, 3549, 5272, 2500, 3801, 3088, 2984, 3024, 2140, 4417, 2923, 5517, 3549, 2788, 4535], [4905, 2118, 1860, 1860, 1500, 1707, 1583, 1500, 1000, 4569, 5272, 6223, 6024, 6003, 5500, 5000, 5031, 1538, 1300, 4041, 5472, 3000, 4224, 3282, 3385, 3500, 2500, 4889, 3376, 5770, 4008, 3061, 4905], [4238, 5346, 4310, 5237, 4700, 5176, 4162, 4080, 4569, 1000, 1943, 8128, 7963, 7795, 7268, 6860, 7171, 4889, 4640, 2300, 5933, 2655, 3404, 4612, 2615, 2100, 3308, 2910, 3061, 5785, 2931, 4182, 4238], [5123, 6147, 5134, 6008, 5472, 5924, 4935, 4807, 5272, 1943, 1000, 9070, 8905, 8738, 8211, 7800, 8106, 5651, 5386, 3236, 6852, 3500, 4324, 5545, 3009, 2788, 3863, 3716, 4000, 6675, 3863, 5110, 5123], [5420, 5200, 5609, 5500, 5726, 5700, 6000, 6295, 6223, 8128, 9070, 1000, 1200, 1360, 1860, 2300, 2200, 5709, 5925, 6860, 3773, 6769, 5883, 4577, 7964, 7574, 7332, 6800, 6077, 4324, 6263, 5024, 5420], [5301, 5000, 5414, 5300, 5527, 5500, 5805, 6099, 6024, 7963, 8905, 1200, 1000, 1300, 1707, 2118, 2000, 5509, 5726, 6700, 3692, 6590, 5738, 4400, 7777, 7395, 7140, 6663, 5909, 4257, 6108, 4847, 5301], [5060, 5011, 5356, 5310, 5504, 5509, 5751, 6048, 6003, 7795, 8738, 1360, 1300, 1000, 1538, 2019, 2044, 5500, 5704, 6521, 3416, 6462, 5534, 4269, 7673, 7264, 7063, 6445, 5750, 3973, 5920, 4716, 5060], [4605, 4535, 4832, 4832, 5000, 5031, 5229, 5527, 5500, 7268, 8211, 1860, 1707, 1538, 1000, 1500, 1707, 5004, 5200, 6000, 3061, 5924, 5031, 3731, 7135, 6727, 6531, 5957, 5219, 3647, 5404, 4178, 4605], [4354, 4041, 4337, 4337, 4500, 4535, 4733, 5031, 5000, 6860, 7800, 2300, 2118, 2019, 1500, 1000, 1500, 4505, 4700, 5609, 3000, 5472, 4687, 3282, 6664, 6277, 6044, 5640, 4801, 3600, 5031, 3729, 4354], [4807, 4000, 4448, 4300, 4535, 4500, 4832, 5123, 5031, 7171, 8106, 2200, 2000, 2044, 1707, 1500, 1000, 4512, 4733, 5949, 3500, 5716, 5080, 3561, 6860, 6522, 6186, 6047, 5110, 4100, 5393, 4000, 4807], [4773, 1583, 1728, 1360, 1200, 1300, 1728, 1860, 1538, 4889, 5651, 5709, 5509, 5500, 5004, 4505, 4512, 1000, 1282, 4200, 5134, 3256, 4195, 2984, 3842, 3863, 2979, 4962, 3433, 5482, 4059, 2860, 4773], [4720, 1860, 1640, 1640, 1200, 1538, 1500, 1583, 1300, 4640, 5386, 5925, 5726, 5704, 5200, 4700, 4733, 1282, 1000, 4006, 5205, 3022, 4087, 3024, 3561, 3600, 2697, 4807, 3280, 5522, 3912, 2838, 4720], [3000, 4535, 3507, 4505, 4000, 4500, 3507, 3549, 4041, 2300, 3236, 6860, 6700, 6521, 6000, 5609, 5949, 4200, 4006, 1000, 4640, 2118, 2118, 3420, 3059, 2341, 3280, 1989, 1894, 4522, 1632, 3024, 3000], [2802, 4905, 4624, 5140, 5031, 5301, 4992, 5272, 5472, 5933, 6852, 3773, 3692, 3416, 3061, 3000, 3500, 5134, 5205, 4640, 1000, 5000, 3529, 3193, 6300, 5716, 5964, 4275, 4106, 1600, 4008, 3500, 2802], [3692, 3692, 2655, 3596, 3061, 3549, 2529, 2500, 3000, 2655, 3500, 6769, 6590, 6462, 5924, 5472, 5716, 3256, 3022, 2118, 5000, 1000, 2788, 3193, 2300, 1806, 2204, 3080, 1921, 5044, 2360, 2746, 3692], [1921, 4354, 3469, 4420, 4008, 4478, 3641, 3801, 4224, 3404, 4324, 5883, 5738, 5534, 5031, 4687, 5080, 4195, 4087, 2118, 3529, 2788, 1000, 2746, 4008, 3334, 3968, 1984, 1921, 3408, 1500, 2500, 1921], [2964, 2886, 2431, 3061, 2860, 3193, 2802, 3088, 3282, 4612, 5545, 4577, 4400, 4269, 3731, 3282, 3561, 2984, 3024, 3420, 3193, 3193, 2746, 1000, 4420, 3996, 3901, 3720, 2555, 3500, 2923, 1447, 2964], [4929, 4397, 3500, 4201, 3690, 4080, 3193, 2984, 3385, 2615, 3009, 7964, 7777, 7673, 7135, 6664, 6860, 3842, 3561, 3059, 6300, 2300, 4008, 4420, 1000, 1721, 1894, 4023, 3209, 6333, 3529, 3983, 4929], [4255, 4361, 3360, 4220, 3683, 4138, 3147, 3024, 3500, 2100, 2788, 7574, 7395, 7264, 6727, 6277, 6522, 3863, 3600, 2341, 5716, 1806, 3334, 3996, 1721, 1000, 2216, 3302, 2612, 5704, 2843, 3549, 4255], [4847, 3549, 2746, 3334, 2843, 3202, 2389, 2140, 2500, 3308, 3863, 7332, 7140, 7063, 6531, 6044, 6186, 2979, 2697, 3280, 5964, 2204, 3968, 3901, 1894, 2216, 1000, 4264, 3059, 6096, 3561, 3501, 4847], [2476, 5204, 4238, 5229, 4765, 5257, 4324, 4417, 4889, 2910, 3716, 6800, 6663, 6445, 5957, 5640, 6047, 4962, 4807, 1989, 4275, 3080, 1984, 3720, 4023, 3302, 4264, 1000, 2529, 4008, 1905, 3433, 2476], [2788, 3701, 2711, 3707, 3236, 3729, 2802, 2923, 3376, 3061, 4000, 6077, 5909, 5750, 5219, 4801, 5110, 3433, 3280, 1894, 4106, 1921, 1921, 2555, 3209, 2612, 3059, 2529, 1000, 4125, 1632, 2140, 2788], [2552, 5313, 4911, 5527, 5360, 5675, 5254, 5517, 5770, 5785, 6675, 4324, 4257, 3973, 3647, 3600, 4100, 5482, 5522, 4522, 1600, 5044, 3408, 3500, 6333, 5704, 6096, 4008, 4125, 1000, 3906, 3729, 2552], [2414, 4301, 3334, 4324, 3863, 4354, 3435, 3549, 4008, 2931, 3863, 6263, 6108, 5920, 5404, 5031, 5393, 4059, 3912, 1632, 4008, 2360, 1500, 2923, 3529, 2843, 3561, 1905, 1632, 3906, 1000, 2581, 2414], [2923, 2897, 2204, 3012, 2702, 3109, 2526, 2788, 3061, 4182, 5110, 5024, 4847, 4716, 4178, 3729, 4000, 2860, 2838, 3024, 3500, 2746, 2500, 1447, 3983, 3549, 3501, 3433, 2140, 3729, 2581, 1000, 2923], [0, 3807, 3080, 3935, 3605, 4031, 3330, 3535, 3905, 3238, 4123, 4420, 4301, 4060, 3605, 3354, 3807, 3773, 3720, 2000, 1802, 2692, 921, 1964, 3929, 3255, 3847, 1476, 1788, 1552, 1414, 1923, 0]], "time_windows": [[0.0, 96000.0], [67300.0, 79300.0], [15200.0, 27200.0], [47100.0, 59100.0], [64400.0, 76400.0], [7300.0, 19300.0], [38800.0, 50800.0], [30000.0, 42000.0], [36700.0, 48700.0], [22300.0, 34300.0], [25500.0, 37500.0], [65700.0, 77700.0], [4300.0, 16300.0], [55700.0, 67700.0], [6400.0, 18400.0], [3300.0, 15300.0], [57400.0, 69400.0], [3700.0, 15700.0], [48900.0, 60900.0], [37500.0, 49500.0], [60100.0, 72100.0], [69400.0, 81400.0], [15700.0, 27700.0], [81000.0, 93000.0], [28600.0, 40600.0], [36500.0, 48500.0], [35200.0, 47200.0], [15200.0, 27200.0], [26000.0, 38000.0], [56200.0, 68200.0], [17200.0, 29200.0], [81000.0, 93000.0], [0.0, 96000.0]], "start_depot": 0, "end_depot": 32, "horizon": [0.0, 96000.0]}