{"digraph": {"vertex_count": 29, "arc_count": 378, "arcs": [[0, 1, 1, 1, 1, 1, 1, 1, 1, 1, 1, 1, 1, 1, 1, 1, 1, 1, 1, 1, 1, 1, 1, 1, 1, 1, 1, 1, 1], [0, 0, 1, 1, 1, 1, 1, 1, 1, 1, 1, 1, 1, 1, 1, 1, 1, 1, 1, 1, 1, 1, 1, 1, 1, 1, 1, 1, 1], [0, 1, 0, 1, 1, 1, 1, 1, 1, 1, 1, 1, 1, 1, 1, 1, 1, 1, 1, 1, 1, 1, 1, 1, 1, 1, 1, 1, 1], [0, 1, 1, 0, 1, 1, 1, 1, 1, 1, 1, 1, 1, 1, 1, 1, 1, 1, 1, 1, 1, 1, 1, 1, 1, 1, 1, 1, 1], [0, 1, 1, 1, 0, 1, 1, 1, 1, 1, 1, 1, 1, 1, 1, 1, 1, 1, 1, 1, 1, 1, 1, 1, 1, 1, 1, 1, 1], [0, 1, 1, 1, 1, 0, 1, 1, 1, 1, 1, 1, 1, 1, 1, 1, 1, 1, 1, 1, 1, 1, 1, 1, 1, 1, 1, 1, 1], [0, 1, 1, 1, 1, 1, 0, 1, 1, 1, 1, 1, 1, 1, 1, 1, 1, 1, 1, 1, 1, 1, 1, 1, 1, 1, 1, 1, 1], [0, 1, 1, 1, 1, 1, 1, 0, 1, 1, 1, 1, 1, 1, 1, 1, 1, 1, 1, 1, 1, 1, 1, 1, 1, 1, 1, 1, 1], [0, 1, 1, 1, 1, 1, 1, 1, 0, 1, 1, 1, 1, 1, 1, 1, 1, 1, 1, 1, 1, 1, 1, 1, 1, 1, 1, 1, 1], [0, 1, 1, 1, 1, 1, 1, 1, 1, 0, 1, 1, 1, 1, 1, 1, 1, 1, 1, 1, 1, 1, 1, 1, 1, 1, 1, 1, 1], [0, 1, 1, 1, 1, 1, 1, 1, 1, 1, 0, 1, 1, 1, 1, 1, 1, 1, 1, 1, 1, 1, 1, 1, 1, 1, 1, 1, 1], [0, 1, 1, 1, 1, 1, 1, 1, 1, 1, 1, 0, 1, 1, 1, 1, 1, 1, 1, 1, 1, 1, 1, 1, 1, 1, 1, 1, 1], [0, 1, 1, 1, 1, 1, 1, 1, 1, 1, 1, 1, 0, 1, 1, 1, 1, 1, 1, 1, 1, 1, 1, 1, 1, 1, 1, 1, 1], [0, 1, 1, 1, 1, 1, 1, 1, 1, 1, 1, 1, 1, 0, 1, 1, 1, 1, 1, 1, 1, 1, 1, 1, 1, 1, 1, 1, 1], [0, 1, 1, 1, 1, 1, 1, 1, 1, 1, 1, 1, 1, 1, 0, 1, 1, 1, 1, 1, 1, 1, 1, 1, 1, 1, 1, 1, 1], [0, 1, 1, 1, 1, 1, 1, 1, 1, 1, 1, 1, 1, 1, 1, 0, 1, 1, 1, 1, 1, 1, 1, 1, 1, 1, 1, 1, 1], [0, 1, 1, 1, 1, 1, 1, 1, 1, 1, 1, 1, 1, 1, 1, 1, 0, 1, 1, 1, 1, 1, 1, 1, 1, 1, 1, 1, 1], [0, 1, 1, 1, 1, 1, 1, 1, 1, 1, 1, 1, 1, 1, 1, 1, 1, 0, 1, 1, 1, 1, 1, 1, 1, 1, 1, 1, 1], [0, 1, 1, 1, 1, 1, 1, 1, 1, 1, 1, 1, 1, 1, 1, 1, 1, 1, 0, 1, 1, 1, 1, 1, 1, 1, 1, 1, 1], [0, 1, 1, 1, 1, 1, 1, 1, 1, 1, 1, 1, 1, 1, 1, 1, 1, 1, 1, 0, 1, 1, 1, 1, 1, 1, 1, 1, 1], [0, 1, 1, 1, 1, 1, 1, 1, 1, 1, 1, 1, 1, 1, 1, 1, 1, 1, 1, 1, 0, 1, 1, 1, 1, 1, 1, 1, 1], [0, 1, 1, 1, 1, 1, 1, 1, 1, 1, 1, 1, 1, 1, 1, 1, 1, 1, 1, 1, 1, 0, 1, 1, 1, 1, 1, 1, 1], [0, 1, 1, 1, 1, 1, 1, 1, 1, 1, 1, 1, 1, 1, 1, 1, 1, 1, 1, 1, 1, 1, 0, 1, 1, 1, 1, 1, 1], [0, 1, 1, 1, 1, 1, 1, 1, 1, 1, 1, 1, 1, 1, 1, 1, 1, 1, 1, 1, 1, 1, 1, 0, 1, 1, 1, 1, 1], [0, 1, 1, 1, 1, 1, 1, 1, 1, 1, 1, 1, 1, 1, 1, 1, 1, 1, 1, 1, 1, 1, 1, 1, 0, 1, 1, 1, 1], [0, 1, 1, 1, 1, 1, 1, 1, 1, 1, 1, 1, 1, 1, 1, 1, 1, 1, 1, 1, 1, 1, 1, 1, 1, 0, 1, 1, 1], [0, 1, 1, 1, 1, 1, 1, 1, 1, 1, 1, 1, 1, 1, 1, 1, 1, 1, 1, 1, 1, 1, 1, 1, 1, 1, 0, 1, 1], [0, 1, 1, 1, 1, 1, 1, 1, 1, 1, 1, 1, 1, 1, 1, 1, 1, 1, 1, 1, 1, 1, 1, 1, 1, 1, 1, 0, 1], [0, 0, 0, 0, 0, 0, 0, 0, 0, 0, 0, 0, 0, 0, 0, 0, 0, 0, 0, 0, 0, 0, 0, 0, 0, 0, 0, 0, 0]], "coordinates": [[40.0, 50.0], [20.0, 80.0], [10.0, 35.0], [10.0, 40.0], [95.0, 35.0], [92.0, 30.0], [90.0, 35.0], [88.0, 30.0], [88.0, 35.0], [85.0, 25.0], [67.0, 85.0], [65.0, 82.0], [55.0, 85.0], [20.0, 50.0], [30.0, 60.0], [65.0, 35.0], [65.0, 20.0], [64.0, 42.0], [40.0, 60.0], [47.0, 47.0], [49.0, 58.0], [63.0, 23.0], [21.0, 24.0], [12.0, 24.0], [37.0, 47.0], [49.0, 42.0], [61.0, 52.0], [26.0, 35.0], [40.0, 50.0]]}, "cluster_count": 3, "cluster_speeds": [[1.5, 1.0, 1.67, 1.17, 1.33], [1.17, 0.67, 1.33, 0.83, 1.0], [1.0, 0.33, 0.67, 0.5, 0.83]], "clusters": [[0, 2, 1, 1, 2, 0, 0, 0, 2, 1, 0, 1, 2, 0, 1, 2, 0, 1, 0, 0, 1, 1, 0, 0, 0, 1, 2, 1, 0], [2, 1, 0, 2, 1, 0, 0, 1, 1, 2, 0, 1, 2, 0, 1, 1, 2, 2, 1, 0, 1, 1, 1, 2, 2, 2, 2, 1, 1], [0, 0, 1, 2, 2, 2, 2, 2, 2, 2, 2, 2, 2, 2, 1, 0, 2, 1, 2, 2, 2, 0, 0, 0, 0, 2, 0, 1, 2], [2, 2, 2, 2, 2, 2, 2, 2, 0, 0, 1, 2, 2, 1, 2, 1, 0, 0, 2, 2, 1, 1, 1, 1, 2, 1, 2, 1, 0], [0, 0, 0, 0, 1, 1, 1, 1, 1, 1, 1, 1, 1, 2, 2, 2, 1, 1, 0, 1, 2, 0, 2, 1, 2, 2, 0, 1, 1], [2, 1, 0, 0, 2, 0, 2, 1, 1, 2, 1, 2, 0, 2, 2, 0, 0, 2, 2, 0, 0, 2, 2, 2, 2, 0, 1, 1, 2], [2, 0, 2, 1, 1, 2, 0, 2, 1, 2, 1, 1, 2, 0, 1, 0, 1, 0, 1, 2, 2, 2, 2, 0, 1, 0, 2, 1, 2], [0, 0, 1, 0, 1, 0, 2, 0, 1, 0, 2, 0, 0, 2, 2, 2, 2, 1, 1, 1, 0, 2, 0, 1, 1, 1, 1, 0, 0], [1, 1, 1, 2, 0, 0, 1, 2, 0, 2, 0, 1, 1, 0, 1, 2, 1, 1, 2, 2, 2, 0, 1, 2, 2, 2, 0, 1, 2], [1, 2, 0, 1, 1, 1, 0, 2, 0, 1, 0, 2, 0, 0, 2, 2, 1, 2, 1, 1, 0, 2, 1, 2, 2, 2, 2, 1, 0], [1, 2, 1, 1, 2, 0, 2, 2, 0, 1, 2, 2, 1, 0, 2, 1, 0, 1, 2, 0, 0, 2, 0, 0, 1, 0, 1, 0, 1], [2, 2, 2, 1, 0, 2, 1, 0, 1, 2, 0, 0, 2, 1, 2, 1, 1, 1, 0, 2, 2, 2, 2, 0, 1, 0, 0, 2, 1], [0, 1, 0, 2, 1, 2, 0, 2, 1, 0, 0, 2, 1, 1, 1, 2, 0, 0, 0, 2, 2, 2, 0, 1, 1, 2, 2, 1, 0], [1, 1, 1, 2, 2, 1, 2, 0, 1, 1, 0, 1, 2, 2, 0, 2, 0, 0, 2, 2, 0, 0, 2, 0, 2, 0, 2, 0, 0], [0, 1, 1, 2, 0, 1, 2, 1, 1, 1, 1, 1, 2, 1, 2, 2, 1, 2, 1, 1, 0, 1, 2, 0, 1, 2, 2, 1, 1], [0, 0, 2, 2, 0, 0, 2, 2, 0, 1, 0, 2, 0, 2, 2, 1, 0, 1, 1, 2, 0, 2, 1, 2, 1, 0, 1, 0, 0], [0, 0, 0, 2, 2, 0, 0, 2, 1, 1, 2, 2, 2, 1, 0, 1, 1, 0, 0, 2, 2, 2, 0, 0, 2, 0, 1, 1, 1], [1, 0, 2, 0, 1, 0, 1, 0, 0, 1, 0, 1, 1, 2, 1, 1, 2, 0, 0, 1, 0, 2, 1, 1, 0, 0, 1, 2, 1], [2, 2, 2, 1, 1, 1, 1, 2, 1, 1, 0, 0, 1, 1, 1, 2, 1, 2, 2, 1, 1, 2, 0, 2, 2, 2, 0, 1, 1], [1, 2, 0, 0, 2, 2, 1, 0, 1, 0, 0, 2, 2, 2, 1, 0, 2, 2, 0, 2, 2, 1, 1, 2, 2, 0, 0, 0, 1], [0, 1, 2, 2, 0, 1, 1, 2, 0, 1, 2, 1, 2, 2, 0, 2, 0, 1, 2, 2, 2, 0, 0, 1, 1, 2, 1, 0, 1], [2, 0, 2, 1, 1, 2, 2, 2, 1, 0, 0, 0, 1, 0, 2, 1, 0, 1, 2, 2, 1, 2, 0, 1, 2, 2, 0, 1, 1], [0, 2, 2, 0, 2, 0, 1, 2, 2, 1, 0, 2, 0, 2, 0, 1, 1, 0, 1, 2, 1, 0, 0, 0, 0, 0, 2, 1, 1], [1, 0, 1, 1, 2, 0, 0, 0, 1, 0, 2, 1, 2, 0, 0, 2, 0, 2, 2, 2, 2, 0, 1, 1, 2, 1, 1, 1, 2], [2, 0, 0, 0, 2, 1, 2, 0, 0, 0, 1, 1, 0, 1, 2, 2, 1, 1, 2, 2, 2, 0, 2, 1, 1, 0, 2, 1, 0], [1, 1, 1, 0, 0, 2, 0, 2, 0, 2, 1, 0, 0, 2, 1, 2, 1, 1, 0, 0, 0, 0, 1, 0, 2, 0, 0, 1, 2], [1, 2, 1, 0, 1, 2, 2, 0, 2, 0, 1, 2, 2, 0, 2, 2, 1, 0, 2, 0, 0, 1, 2, 0, 1, 0, 1, 0, 1], [2, 2, 0, 2, 2, 2, 1, 1, 1, 0, 2, 1, 0, 2, 2, 1, 1, 2, 2, 2, 0, 2, 2, 0, 2, 2, 0, 0, 0], [1, 1, 0, 0, 0, 0, 1, 2, 1, 2, 1, 2, 1, 2, 0, 2, 0, 0, 2, 0, 0, 1, 0, 2, 0, 2, 1, 2, 0]], "speed_zone_count": 5, "speed_zones": [[0.0, 192.0], [192.0, 288.0], [288.0, 672.0], [672.0, 768.0], [768.0, 960.0]], "distances": [[0, 36, 33, 31, 56, 55, 51, 51, 49, 50, 43, 40, 38, 20, 14, 28, 38, 24, 10, 7, 12, 35, 32, 37, 4, 12, 21, 20, 0], [36, 0, 46, 41, 87, 87, 82, 83, 80, 84, 47, 45, 35, 30, 22, 63, 74, 57, 28, 42, 36, 70, 56, 56, 36, 47, 49, 45, 36], [33, 46, 0, 5, 85, 82, 80, 78, 78, 75, 75, 72, 67, 18, 32, 55, 57, 54, 39, 38, 45, 54, 15, 11, 29, 39, 52, 16, 33], [31, 41, 5, 0, 85, 82, 80, 78, 78, 75, 72, 69, 63, 14, 28, 55, 57, 54, 36, 37, 42, 54, 19, 16, 27, 39, 51, 16, 31], [56, 87, 85, 85, 0, 5, 5, 8, 7, 13, 57, 55, 64, 75, 69, 30, 33, 31, 60, 48, 51, 33, 74, 83, 58, 46, 38, 69, 55], [55, 87, 82, 82, 5, 0, 5, 4, 6, 8, 60, 58, 65, 74, 68, 27, 28, 30, 60, 47, 51, 29, 71, 80, 57, 44, 37, 66, 54], [51, 82, 80, 80, 5, 5, 0, 5, 2, 10, 55, 53, 61, 70, 64, 25, 29, 26, 55, 43, 46, 29, 69, 78, 53, 41, 33, 64, 50], [51, 83, 78, 78, 8, 4, 5, 0, 5, 5, 58, 56, 64, 70, 64, 23, 25, 26, 56, 43, 47, 25, 67, 76, 53, 40, 34, 62, 50], [49, 80, 78, 78, 7, 6, 2, 5, 0, 10, 54, 52, 59, 69, 63, 23, 27, 25, 53, 42, 44, 27, 67, 76, 52, 39, 31, 62, 49], [50, 84, 75, 75, 13, 8, 10, 5, 10, 0, 62, 60, 67, 69, 64, 22, 20, 27, 57, 43, 48, 22, 64, 73, 52, 39, 36, 59, 50], [43, 47, 75, 72, 57, 60, 55, 58, 54, 62, 0, 3, 12, 58, 44, 50, 65, 43, 36, 42, 31, 62, 75, 80, 47, 46, 33, 63, 43], [40, 45, 72, 69, 55, 58, 53, 56, 52, 60, 3, 0, 10, 55, 41, 47, 62, 40, 33, 39, 28, 59, 72, 77, 44, 43, 30, 60, 40], [38, 35, 67, 63, 64, 65, 61, 64, 59, 67, 12, 10, 0, 49, 35, 50, 65, 43, 29, 38, 27, 62, 69, 74, 42, 43, 33, 57, 38], [20, 30, 18, 14, 75, 74, 70, 70, 69, 69, 58, 55, 49, 0, 14, 47, 53, 44, 22, 27, 30, 50, 26, 27, 17, 30, 41, 16, 20], [14, 22, 32, 28, 69, 68, 64, 64, 63, 64, 44, 41, 35, 14, 0, 42, 52, 38, 10, 21, 19, 49, 37, 40, 14, 26, 32, 25, 14], [28, 63, 55, 55, 30, 27, 25, 23, 23, 22, 50, 47, 50, 47, 42, 0, 15, 7, 35, 21, 28, 12, 45, 54, 30, 17, 17, 39, 28], [38, 74, 57, 57, 33, 28, 29, 25, 27, 20, 65, 62, 65, 53, 52, 15, 0, 22, 46, 31, 40, 3, 44, 53, 38, 26, 32, 41, 38], [24, 57, 54, 54, 31, 30, 26, 26, 25, 27, 43, 40, 43, 44, 38, 7, 22, 0, 30, 17, 21, 19, 46, 55, 27, 15, 10, 38, 24], [10, 28, 39, 36, 60, 60, 55, 56, 53, 57, 36, 33, 29, 22, 10, 35, 46, 30, 0, 14, 9, 42, 40, 45, 13, 19, 22, 28, 10], [7, 42, 38, 37, 48, 47, 43, 43, 42, 43, 42, 39, 38, 27, 21, 21, 31, 17, 14, 0, 11, 28, 34, 41, 10, 5, 14, 24, 7], [12, 36, 45, 42, 51, 51, 46, 47, 44, 48, 31, 28, 27, 30, 19, 28, 40, 21, 9, 11, 0, 37, 44, 49, 16, 16, 13, 32, 12], [35, 70, 54, 54, 33, 29, 29, 25, 27, 22, 62, 59, 62, 50, 49, 12, 3, 19, 42, 28, 37, 0, 42, 51, 35, 23, 29, 38, 35], [32, 56, 15, 19, 74, 71, 69, 67, 67, 64, 75, 72, 69, 26, 37, 45, 44, 46, 40, 34, 44, 42, 0, 9, 28, 33, 48, 12, 32], [37, 56, 11, 16, 83, 80, 78, 76, 76, 73, 80, 77, 74, 27, 40, 54, 53, 55, 45, 41, 49, 51, 9, 0, 33, 41, 55, 17, 37], [4, 36, 29, 27, 58, 57, 53, 53, 52, 52, 47, 44, 42, 17, 14, 30, 38, 27, 13, 10, 16, 35, 28, 33, 0, 13, 24, 16, 4], [12, 47, 39, 39, 46, 44, 41, 40, 39, 39, 46, 43, 43, 30, 26, 17, 26, 15, 19, 5, 16, 23, 33, 41, 13, 0, 15, 24, 12], [21, 49, 52, 51, 38, 37, 33, 34, 31, 36, 33, 30, 33, 41, 32, 17, 32, 10, 22, 14, 13, 29, 48, 55, 24, 15, 0, 38, 21], [20, 45, 16, 16, 69, 66, 64, 62, 62, 59, 63, 60, 57, 16, 25, 39, 41, 38, 28, 24, 32, 38, 12, 17, 16, 24, 38, 0, 20], [0, 36, 33, 31, 55, 54, 50, 50, 49, 50, 43, 40, 38, 20, 14, 28, 38, 24, 10, 7, 12, 35, 32, 37, 4, 12, 21, 20, 0]], "time_windows": [[0.0, 960.0], [674.0, 734.0], [401.0, 461.0], [535.0, 622.0], [138.0, 273.0], [78.0, 339.0], [132.0, 375.0], [252.0, 359.0], [50.0, 530.0], [71.0, 208.0], [655.0, 778.0], [377.0, 857.0], [531.0, 736.0], [405.0, 465.0], [629.0, 689.0], [197.0, 257.0], [39.0, 316.0], [298.0, 358.0], [613.0, 730.0], [817.0, 942.0], [332.0, 497.0], [164.0, 644.0], [310.0, 507.0], [389.0, 449.0], [311.0, 526.0], [457.0, 937.0], [789.0, 928.0], [338.0, 398.0], [0.0, 960.0]], "start_depot": 0, "end_depot": 28, "horizon": [0.0, 960.0]}