{"digraph": {"vertex_count": 27, "arc_count": 650, "arcs": [[0, 1, 1, 1, 1, 1, 1, 1, 1, 1, 1, 1, 1, 1, 1, 1, 1, 1, 1, 1, 1, 1, 1, 1, 1, 1, 1], [0, 0, 1, 1, 1, 1, 1, 1, 1, 1, 1, 1, 1, 1, 1, 1, 1, 1, 1, 1, 1, 1, 1, 1, 1, 1, 1], [0, 1, 0, 1, 1, 1, 1, 1, 1, 1, 1, 1, 1, 1, 1, 1, 1, 1, 1, 1, 1, 1, 1, 1, 1, 1, 1], [0, 1, 1, 0, 1, 1, 1, 1, 1, 1, 1, 1, 1, 1, 1, 1, 1, 1, 1, 1, 1, 1, 1, 1, 1, 1, 1], [0, 1, 1, 1, 0, 1, 1, 1, 1, 1, 1, 1, 1, 1, 1, 1, 1, 1, 1, 1, 1, 1, 1, 1, 1, 1, 1], [0, 1, 1, 1, 1, 0, 1, 1, 1, 1, 1, 1, 1, 1, 1, 1, 1, 1, 1, 1, 1, 1, 1, 1, 1, 1, 1], [0, 1, 1, 1, 1, 1, 0, 1, 1, 1, 1, 1, 1, 1, 1, 1, 1, 1, 1, 1, 1, 1, 1, 1, 1, 1, 1], [0, 1, 1, 1, 1, 1, 1, 0, 1, 1, 1, 1, 1, 1, 1, 1, 1, 1, 1, 1, 1, 1, 1, 1, 1, 1, 1], [0, 1, 1, 1, 1, 1, 1, 1, 0, 1, 1, 1, 1, 1, 1, 1, 1, 1, 1, 1, 1, 1, 1, 1, 1, 1, 1], [0, 1, 1, 1, 1, 1, 1, 1, 1, 0, 1, 1, 1, 1, 1, 1, 1, 1, 1, 1, 1, 1, 1, 1, 1, 1, 1], [0, 1, 1, 1, 1, 1, 1, 1, 1, 1, 0, 1, 1, 1, 1, 1, 1, 1, 1, 1, 1, 1, 1, 1, 1, 1, 1], [0, 1, 1, 1, 1, 1, 1, 1, 1, 1, 1, 0, 1, 1, 1, 1, 1, 1, 1, 1, 1, 1, 1, 1, 1, 1, 1], [0, 1, 1, 1, 1, 1, 1, 1, 1, 1, 1, 1, 0, 1, 1, 1, 1, 1, 1, 1, 1, 1, 1, 1, 1, 1, 1], [0, 1, 1, 1, 1, 1, 1, 1, 1, 1, 1, 1, 1, 0, 1, 1, 1, 1, 1, 1, 1, 1, 1, 1, 1, 1, 1], [0, 1, 1, 1, 1, 1, 1, 1, 1, 1, 1, 1, 1, 1, 0, 1, 1, 1, 1, 1, 1, 1, 1, 1, 1, 1, 1], [0, 1, 1, 1, 1, 1, 1, 1, 1, 1, 1, 1, 1, 1, 1, 0, 1, 1, 1, 1, 1, 1, 1, 1, 1, 1, 1], [0, 1, 1, 1, 1, 1, 1, 1, 1, 1, 1, 1, 1, 1, 1, 1, 0, 1, 1, 1, 1, 1, 1, 1, 1, 1, 1], [0, 1, 1, 1, 1, 1, 1, 1, 1, 1, 1, 1, 1, 1, 1, 1, 1, 0, 1, 1, 1, 1, 1, 1, 1, 1, 1], [0, 1, 1, 1, 1, 1, 1, 1, 1, 1, 1, 1, 1, 1, 1, 1, 1, 1, 0, 1, 1, 1, 1, 1, 1, 1, 1], [0, 1, 1, 1, 1, 1, 1, 1, 1, 1, 1, 1, 1, 1, 1, 1, 1, 1, 1, 0, 1, 1, 1, 1, 1, 1, 1], [0, 1, 1, 1, 1, 1, 1, 1, 1, 1, 1, 1, 1, 1, 1, 1, 1, 1, 1, 1, 0, 1, 1, 1, 1, 1, 1], [0, 1, 1, 1, 1, 1, 1, 1, 1, 1, 1, 1, 1, 1, 1, 1, 1, 1, 1, 1, 1, 0, 1, 1, 1, 1, 1], [0, 1, 1, 1, 1, 1, 1, 1, 1, 1, 1, 1, 1, 1, 1, 1, 1, 1, 1, 1, 1, 1, 0, 1, 1, 1, 1], [0, 1, 1, 1, 1, 1, 1, 1, 1, 1, 1, 1, 1, 1, 1, 1, 1, 1, 1, 1, 1, 1, 1, 0, 1, 1, 1], [0, 1, 1, 1, 1, 1, 1, 1, 1, 1, 1, 1, 1, 1, 1, 1, 1, 1, 1, 1, 1, 1, 1, 1, 0, 1, 1], [0, 1, 1, 1, 1, 1, 1, 1, 1, 1, 1, 1, 1, 1, 1, 1, 1, 1, 1, 1, 1, 1, 1, 1, 1, 0, 1], [0, 0, 0, 0, 0, 0, 0, 0, 0, 0, 0, 0, 0, 0, 0, 0, 0, 0, 0, 0, 0, 0, 0, 0, 0, 0, 0]], "coordinates": [[40.0, 50.0], [10.0, 35.0], [10.0, 40.0], [5.0, 35.0], [0.0, 45.0], [62.0, 80.0], [55.0, 82.0], [30.0, 60.0], [45.0, 65.0], [65.0, 35.0], [45.0, 30.0], [40.0, 60.0], [65.0, 55.0], [63.0, 65.0], [20.0, 20.0], [47.0, 47.0], [49.0, 58.0], [21.0, 24.0], [12.0, 24.0], [37.0, 47.0], [49.0, 42.0], [53.0, 43.0], [61.0, 52.0], [56.0, 37.0], [4.0, 18.0], [26.0, 35.0], [40.0, 50.0]]}, "cluster_count": 3, "cluster_speeds": [[1.5, 1.0, 1.67, 1.17, 1.33], [1.17, 0.67, 1.33, 0.83, 1.0], [1.0, 0.33, 0.67, 0.5, 0.83]], "clusters": [[2, 0, 2, 0, 2, 1, 2, 1, 2, 0, 0, 2, 1, 0, 2, 1, 1, 1, 2, 2, 2, 0, 1, 0, 0, 1, 2], [2, 2, 2, 1, 1, 0, 2, 1, 1, 0, 1, 1, 0, 0, 1, 2, 0, 2, 0, 1, 2, 0, 2, 2, 2, 0, 2], [2, 0, 2, 0, 1, 0, 0, 1, 0, 2, 1, 2, 0, 2, 1, 1, 1, 0, 0, 1, 1, 1, 2, 0, 1, 1, 0], [1, 2, 0, 1, 0, 1, 2, 1, 1, 0, 0, 1, 0, 1, 2, 0, 2, 1, 1, 1, 2, 0, 0, 2, 0, 0, 1], [1, 1, 1, 2, 1, 1, 2, 1, 1, 2, 1, 2, 1, 0, 2, 0, 1, 2, 0, 1, 1, 1, 2, 1, 2, 0, 1], [2, 2, 0, 1, 2, 0, 0, 2, 1, 0, 0, 0, 2, 2, 2, 1, 2, 2, 1, 0, 0, 0, 1, 2, 0, 1, 0], [1, 1, 1, 0, 2, 1, 1, 2, 1, 2, 1, 1, 1, 1, 1, 2, 2, 1, 2, 2, 1, 2, 2, 1, 1, 1, 0], [2, 1, 0, 2, 1, 2, 0, 0, 0, 1, 2, 1, 0, 2, 2, 2, 0, 0, 2, 0, 0, 1, 0, 1, 2, 2, 0], [2, 2, 0, 2, 0, 0, 1, 1, 0, 1, 2, 1, 0, 1, 1, 1, 0, 1, 0, 2, 2, 1, 1, 2, 0, 1, 1], [0, 1, 1, 1, 1, 0, 1, 0, 1, 2, 2, 0, 1, 0, 1, 0, 0, 0, 1, 0, 0, 0, 2, 0, 1, 2, 1], [1, 1, 1, 2, 0, 1, 0, 1, 2, 1, 0, 2, 0, 2, 0, 0, 1, 2, 0, 1, 1, 1, 2, 2, 0, 1, 1], [1, 1, 0, 1, 1, 2, 0, 2, 0, 0, 0, 2, 2, 0, 1, 0, 1, 1, 0, 0, 2, 0, 2, 0, 1, 1, 1], [2, 2, 0, 2, 2, 1, 1, 1, 1, 1, 1, 2, 0, 2, 1, 1, 2, 0, 1, 2, 2, 0, 2, 0, 2, 1, 1], [0, 1, 1, 2, 1, 2, 0, 0, 2, 1, 1, 2, 2, 0, 0, 0, 1, 2, 0, 1, 2, 2, 2, 1, 2, 1, 2], [2, 0, 1, 2, 2, 2, 2, 1, 0, 0, 0, 1, 1, 1, 2, 2, 1, 2, 1, 0, 0, 2, 1, 0, 2, 2, 1], [0, 2, 0, 0, 1, 1, 0, 2, 0, 2, 1, 2, 0, 2, 2, 1, 0, 2, 2, 2, 2, 2, 0, 2, 1, 2, 1], [1, 0, 0, 1, 0, 2, 1, 1, 2, 0, 2, 1, 1, 2, 0, 1, 2, 0, 0, 2, 2, 0, 1, 2, 1, 0, 1], [1, 1, 2, 0, 1, 2, 1, 2, 2, 1, 1, 2, 1, 2, 0, 2, 0, 0, 1, 0, 2, 1, 1, 0, 1, 0, 2], [2, 1, 0, 2, 2, 2, 0, 2, 0, 2, 0, 1, 0, 2, 2, 1, 1, 0, 2, 0, 0, 0, 1, 0, 2, 0, 2], [0, 0, 2, 2, 2, 2, 0, 1, 2, 2, 0, 2, 0, 0, 0, 2, 1, 0, 1, 2, 2, 0, 0, 2, 0, 1, 0], [2, 1, 0, 1, 0, 1, 0, 2, 2, 0, 2, 2, 0, 1, 1, 2, 0, 2, 2, 2, 2, 2, 1, 1, 0, 0, 1], [2, 2, 2, 1, 2, 0, 2, 1, 2, 1, 0, 0, 0, 0, 1, 2, 0, 0, 2, 2, 0, 1, 0, 0, 2, 1, 0], [1, 0, 2, 1, 0, 0, 0, 2, 0, 0, 2, 1, 2, 2, 1, 2, 0, 2, 1, 1, 2, 2, 0, 2, 0, 0, 1], [1, 1, 0, 2, 0, 0, 2, 0, 0, 2, 0, 1, 2, 0, 1, 1, 1, 0, 1, 1, 2, 0, 1, 1, 2, 2, 0], [0, 2, 0, 2, 0, 2, 2, 2, 2, 2, 1, 2, 1, 1, 2, 2, 2, 0, 1, 1, 1, 2, 2, 1, 1, 0, 0], [0, 0, 0, 2, 1, 1, 2, 2, 0, 1, 2, 2, 0, 0, 2, 2, 2, 1, 0, 0, 0, 0, 1, 1, 0, 1, 1], [1, 1, 2, 2, 2, 0, 0, 2, 1, 2, 2, 2, 2, 0, 0, 0, 1, 0, 1, 0, 2, 1, 1, 2, 1, 0, 0]], "speed_zone_count": 5, "speed_zones": [[0.0, 19200.0], [19200.0, 28800.0], [28800.0, 67200.0], [67200.0, 76800.0], [76800.0, 96000.0]], "distances": [[0, 3354, 3162, 3807, 4031, 3720, 3534, 1414, 1581, 2915, 2061, 1000, 2549, 2745, 3605, 761, 1204, 3220, 3820, 424, 1204, 1476, 2109, 2061, 4816, 2051, 0], [4354, 1000, 1500, 1500, 2414, 7876, 7506, 4201, 5609, 6500, 4535, 4905, 6852, 7090, 2802, 4889, 5527, 2555, 2118, 3954, 4962, 5373, 6375, 5604, 2802, 2600, 4354], [4162, 1500, 1000, 1707, 2118, 7560, 7155, 3828, 5301, 6522, 4640, 4605, 6700, 6860, 3236, 4765, 5295, 2941, 2612, 3789, 4905, 5310, 6239, 5609, 3280, 2676, 4162], [4807, 1500, 1707, 1000, 2118, 8262, 7862, 4535, 6000, 7000, 5031, 5301, 7324, 7529, 3121, 5368, 5964, 2941, 2303, 4417, 5455, 5866, 6852, 6103, 2702, 3100, 4807], [5031, 2414, 2118, 2118, 1000, 8119, 7628, 4354, 5924, 7576, 5743, 5272, 7576, 7609, 4201, 5704, 6069, 3969, 3418, 4705, 5909, 6303, 7140, 6656, 3729, 3785, 5031], [4720, 7876, 7560, 8262, 8119, 1000, 1728, 4773, 3267, 5509, 6281, 3973, 3517, 2503, 8323, 4624, 3555, 7940, 8507, 5140, 5016, 4807, 3801, 5341, 9489, 6762, 4720], [4534, 7506, 7155, 7862, 7628, 1728, 1000, 4330, 2972, 5805, 6295, 3662, 3879, 2878, 8119, 4590, 3473, 7723, 8220, 4935, 5044, 4905, 4059, 5501, 9183, 6522, 4534], [2414, 4201, 3828, 4535, 4354, 4773, 4330, 1000, 2581, 5301, 4354, 2000, 4535, 4337, 5123, 3140, 2910, 4710, 5024, 2476, 3617, 3860, 4201, 4471, 5939, 3531, 2414], [2581, 5609, 5301, 6000, 5924, 3267, 2972, 2581, 1000, 4605, 4500, 1707, 3236, 2800, 6147, 2811, 1806, 5750, 6263, 2969, 3334, 3340, 3061, 4008, 7236, 4551, 2581], [3915, 6500, 6522, 7000, 7576, 5509, 5805, 5301, 4605, 1000, 3061, 4535, 3000, 4006, 5743, 3163, 3801, 5535, 6412, 4046, 2746, 2442, 2746, 1921, 7332, 4900, 3915], [3061, 4535, 4640, 5031, 5743, 6281, 6295, 4354, 4500, 3061, 1000, 4041, 4201, 4935, 3692, 2711, 3828, 3473, 4354, 2878, 2264, 2526, 3720, 2303, 5272, 2964, 3061], [2000, 4905, 4605, 5301, 5272, 3973, 3662, 2000, 1707, 4535, 4041, 1000, 3549, 3353, 5472, 2476, 1921, 5070, 5560, 2334, 3012, 3140, 3247, 3801, 6531, 3865, 2000], [3549, 6852, 6700, 7324, 7576, 3517, 3879, 4535, 3236, 3000, 4201, 3549, 1000, 2019, 6700, 2969, 2627, 6382, 7140, 3912, 3061, 2697, 1500, 3012, 8134, 5382, 3549], [3745, 7090, 6860, 7529, 7609, 2503, 2878, 4337, 2800, 4006, 4935, 3353, 2019, 1000, 7224, 3408, 2565, 6869, 7543, 4162, 3692, 3416, 2315, 3886, 8543, 5763, 3745], [4605, 2802, 3236, 3121, 4201, 8323, 8119, 5123, 6147, 5743, 3692, 5472, 6700, 7224, 1000, 4818, 5780, 1412, 1894, 4190, 4640, 5022, 6200, 4981, 2612, 2615, 4605], [1761, 4889, 4765, 5368, 5704, 4624, 4590, 3140, 2811, 3163, 2711, 2476, 2969, 3408, 4818, 1000, 2118, 4471, 5188, 2000, 1538, 1721, 2486, 2345, 6186, 3418, 1761], [2204, 5527, 5295, 5964, 6069, 3555, 3473, 2910, 1806, 3801, 3828, 1921, 2627, 2565, 5780, 2118, 1000, 5404, 6024, 2627, 2600, 2552, 2341, 3213, 7020, 4252, 2204], [4220, 2555, 2941, 2941, 3969, 7940, 7723, 4710, 5750, 5535, 3473, 5070, 6382, 6869, 1412, 4471, 5404, 1000, 1900, 3801, 4328, 4721, 5882, 4733, 2802, 2208, 4220], [4820, 2118, 2612, 2303, 3418, 8507, 8220, 5024, 6263, 6412, 4354, 5560, 7140, 7543, 1894, 5188, 6024, 1900, 1000, 4397, 5114, 5518, 6643, 5588, 2000, 2780, 4820], [1424, 3954, 3789, 4417, 4705, 5140, 4935, 2476, 2969, 4046, 2878, 2334, 3912, 4162, 4190, 2000, 2627, 3801, 4397, 1000, 2300, 2649, 3451, 3147, 5393, 2627, 1424], [2204, 4962, 4905, 5455, 5909, 5016, 5044, 3617, 3334, 2746, 2264, 3012, 3061, 3692, 4640, 1538, 2600, 4328, 5114, 2300, 1000, 1412, 2562, 1860, 6100, 3404, 2204], [2476, 5373, 5310, 5866, 6303, 4807, 4905, 3860, 3340, 2442, 2526, 3140, 2697, 3416, 5022, 1721, 2552, 4721, 5518, 2649, 1412, 1000, 2204, 1670, 6500, 3816, 2476], [3109, 6375, 6239, 6852, 7140, 3801, 4059, 4201, 3061, 2746, 3720, 3247, 1500, 2315, 6200, 2486, 2341, 5882, 6643, 3451, 2562, 2204, 1000, 2581, 7637, 4891, 3109], [3061, 5604, 5609, 6103, 6656, 5341, 5501, 4471, 4008, 1921, 2303, 3801, 3012, 3886, 4981, 2345, 3213, 4733, 5588, 3147, 1860, 1670, 2581, 1000, 6536, 4006, 3061], [5816, 2802, 3280, 2702, 3729, 9489, 9183, 5939, 7236, 7332, 5272, 6531, 8134, 8543, 2612, 6186, 7020, 2802, 2000, 5393, 6100, 6500, 7637, 6536, 1000, 3780, 5816], [3051, 2600, 2676, 3100, 3785, 6762, 6522, 3531, 4551, 4900, 2964, 3865, 5382, 5763, 2615, 3418, 4252, 2208, 2780, 2627, 3404, 3816, 4891, 4006, 3780, 1000, 3051], [0, 3354, 3162, 3807, 4031, 3720, 3534, 1414, 1581, 2915, 2061, 1000, 2549, 2745, 3605, 761, 1204, 3220, 3820, 424, 1204, 1476, 2109, 2061, 4816, 2051, 0]], "time_windows": [[0.0, 96000.0], [37100.0, 49100.0], [51900.0, 63900.0], [65300.0, 77300.0], [70300.0, 82300.0], [27800.0, 39800.0], [21700.0, 33700.0], [59900.0, 71900.0], [25800.0, 37800.0], [16700.0, 28700.0], [19100.0, 31100.0], [61200.0, 73200.0], [24100.0, 36100.0], [6000.0, 18000.0], [64500.0, 76500.0], [82200.0, 94200.0], [35500.0, 47500.0], [34900.0, 46900.0], [35900.0, 47900.0], [35900.0, 47900.0], [71900.0, 83900.0], [1400.0, 13400.0], [80800.0, 92800.0], [10000.0, 22000.0], [54700.0, 66700.0], [30800.0, 42800.0], [0.0, 96000.0]], "start_depot": 0, "end_depot": 26, "horizon": [0.0, 96000.0]}