{"digraph": {"vertex_count": 34, "arc_count": 1056, "arcs": [[0, 1, 1, 1, 1, 1, 1, 1, 1, 1, 1, 1, 1, 1, 1, 1, 1, 1, 1, 1, 1, 1, 1, 1, 1, 1, 1, 1, 1, 1, 1, 1, 1, 1], [0, 0, 1, 1, 1, 1, 1, 1, 1, 1, 1, 1, 1, 1, 1, 1, 1, 1, 1, 1, 1, 1, 1, 1, 1, 1, 1, 1, 1, 1, 1, 1, 1, 1], [0, 1, 0, 1, 1, 1, 1, 1, 1, 1, 1, 1, 1, 1, 1, 1, 1, 1, 1, 1, 1, 1, 1, 1, 1, 1, 1, 1, 1, 1, 1, 1, 1, 1], [0, 1, 1, 0, 1, 1, 1, 1, 1, 1, 1, 1, 1, 1, 1, 1, 1, 1, 1, 1, 1, 1, 1, 1, 1, 1, 1, 1, 1, 1, 1, 1, 1, 1], [0, 1, 1, 1, 0, 1, 1, 1, 1, 1, 1, 1, 1, 1, 1, 1, 1, 1, 1, 1, 1, 1, 1, 1, 1, 1, 1, 1, 1, 1, 1, 1, 1, 1], [0, 1, 1, 1, 1, 0, 1, 1, 1, 1, 1, 1, 1, 1, 1, 1, 1, 1, 1, 1, 1, 1, 1, 1, 1, 1, 1, 1, 1, 1, 1, 1, 1, 1], [0, 1, 1, 1, 1, 1, 0, 1, 1, 1, 1, 1, 1, 1, 1, 1, 1, 1, 1, 1, 1, 1, 1, 1, 1, 1, 1, 1, 1, 1, 1, 1, 1, 1], [0, 1, 1, 1, 1, 1, 1, 0, 1, 1, 1, 1, 1, 1, 1, 1, 1, 1, 1, 1, 1, 1, 1, 1, 1, 1, 1, 1, 1, 1, 1, 1, 1, 1], [0, 1, 1, 1, 1, 1, 1, 1, 0, 1, 1, 1, 1, 1, 1, 1, 1, 1, 1, 1, 1, 1, 1, 1, 1, 1, 1, 1, 1, 1, 1, 1, 1, 1], [0, 1, 1, 1, 1, 1, 1, 1, 1, 0, 1, 1, 1, 1, 1, 1, 1, 1, 1, 1, 1, 1, 1, 1, 1, 1, 1, 1, 1, 1, 1, 1, 1, 1], [0, 1, 1, 1, 1, 1, 1, 1, 1, 1, 0, 1, 1, 1, 1, 1, 1, 1, 1, 1, 1, 1, 1, 1, 1, 1, 1, 1, 1, 1, 1, 1, 1, 1], [0, 1, 1, 1, 1, 1, 1, 1, 1, 1, 1, 0, 1, 1, 1, 1, 1, 1, 1, 1, 1, 1, 1, 1, 1, 1, 1, 1, 1, 1, 1, 1, 1, 1], [0, 1, 1, 1, 1, 1, 1, 1, 1, 1, 1, 1, 0, 1, 1, 1, 1, 1, 1, 1, 1, 1, 1, 1, 1, 1, 1, 1, 1, 1, 1, 1, 1, 1], [0, 1, 1, 1, 1, 1, 1, 1, 1, 1, 1, 1, 1, 0, 1, 1, 1, 1, 1, 1, 1, 1, 1, 1, 1, 1, 1, 1, 1, 1, 1, 1, 1, 1], [0, 1, 1, 1, 1, 1, 1, 1, 1, 1, 1, 1, 1, 1, 0, 1, 1, 1, 1, 1, 1, 1, 1, 1, 1, 1, 1, 1, 1, 1, 1, 1, 1, 1], [0, 1, 1, 1, 1, 1, 1, 1, 1, 1, 1, 1, 1, 1, 1, 0, 1, 1, 1, 1, 1, 1, 1, 1, 1, 1, 1, 1, 1, 1, 1, 1, 1, 1], [0, 1, 1, 1, 1, 1, 1, 1, 1, 1, 1, 1, 1, 1, 1, 1, 0, 1, 1, 1, 1, 1, 1, 1, 1, 1, 1, 1, 1, 1, 1, 1, 1, 1], [0, 1, 1, 1, 1, 1, 1, 1, 1, 1, 1, 1, 1, 1, 1, 1, 1, 0, 1, 1, 1, 1, 1, 1, 1, 1, 1, 1, 1, 1, 1, 1, 1, 1], [0, 1, 1, 1, 1, 1, 1, 1, 1, 1, 1, 1, 1, 1, 1, 1, 1, 1, 0, 1, 1, 1, 1, 1, 1, 1, 1, 1, 1, 1, 1, 1, 1, 1], [0, 1, 1, 1, 1, 1, 1, 1, 1, 1, 1, 1, 1, 1, 1, 1, 1, 1, 1, 0, 1, 1, 1, 1, 1, 1, 1, 1, 1, 1, 1, 1, 1, 1], [0, 1, 1, 1, 1, 1, 1, 1, 1, 1, 1, 1, 1, 1, 1, 1, 1, 1, 1, 1, 0, 1, 1, 1, 1, 1, 1, 1, 1, 1, 1, 1, 1, 1], [0, 1, 1, 1, 1, 1, 1, 1, 1, 1, 1, 1, 1, 1, 1, 1, 1, 1, 1, 1, 1, 0, 1, 1, 1, 1, 1, 1, 1, 1, 1, 1, 1, 1], [0, 1, 1, 1, 1, 1, 1, 1, 1, 1, 1, 1, 1, 1, 1, 1, 1, 1, 1, 1, 1, 1, 0, 1, 1, 1, 1, 1, 1, 1, 1, 1, 1, 1], [0, 1, 1, 1, 1, 1, 1, 1, 1, 1, 1, 1, 1, 1, 1, 1, 1, 1, 1, 1, 1, 1, 1, 0, 1, 1, 1, 1, 1, 1, 1, 1, 1, 1], [0, 1, 1, 1, 1, 1, 1, 1, 1, 1, 1, 1, 1, 1, 1, 1, 1, 1, 1, 1, 1, 1, 1, 1, 0, 1, 1, 1, 1, 1, 1, 1, 1, 1], [0, 1, 1, 1, 1, 1, 1, 1, 1, 1, 1, 1, 1, 1, 1, 1, 1, 1, 1, 1, 1, 1, 1, 1, 1, 0, 1, 1, 1, 1, 1, 1, 1, 1], [0, 1, 1, 1, 1, 1, 1, 1, 1, 1, 1, 1, 1, 1, 1, 1, 1, 1, 1, 1, 1, 1, 1, 1, 1, 1, 0, 1, 1, 1, 1, 1, 1, 1], [0, 1, 1, 1, 1, 1, 1, 1, 1, 1, 1, 1, 1, 1, 1, 1, 1, 1, 1, 1, 1, 1, 1, 1, 1, 1, 1, 0, 1, 1, 1, 1, 1, 1], [0, 1, 1, 1, 1, 1, 1, 1, 1, 1, 1, 1, 1, 1, 1, 1, 1, 1, 1, 1, 1, 1, 1, 1, 1, 1, 1, 1, 0, 1, 1, 1, 1, 1], [0, 1, 1, 1, 1, 1, 1, 1, 1, 1, 1, 1, 1, 1, 1, 1, 1, 1, 1, 1, 1, 1, 1, 1, 1, 1, 1, 1, 1, 0, 1, 1, 1, 1], [0, 1, 1, 1, 1, 1, 1, 1, 1, 1, 1, 1, 1, 1, 1, 1, 1, 1, 1, 1, 1, 1, 1, 1, 1, 1, 1, 1, 1, 1, 0, 1, 1, 1], [0, 1, 1, 1, 1, 1, 1, 1, 1, 1, 1, 1, 1, 1, 1, 1, 1, 1, 1, 1, 1, 1, 1, 1, 1, 1, 1, 1, 1, 1, 1, 0, 1, 1], [0, 1, 1, 1, 1, 1, 1, 1, 1, 1, 1, 1, 1, 1, 1, 1, 1, 1, 1, 1, 1, 1, 1, 1, 1, 1, 1, 1, 1, 1, 1, 1, 0, 1], [0, 0, 0, 0, 0, 0, 0, 0, 0, 0, 0, 0, 0, 0, 0, 0, 0, 0, 0, 0, 0, 0, 0, 0, 0, 0, 0, 0, 0, 0, 0, 0, 0, 0]], "coordinates": [[40.0, 50.0], [20.0, 80.0], [10.0, 35.0], [10.0, 40.0], [8.0, 40.0], [8.0, 45.0], [2.0, 40.0], [44.0, 5.0], [42.0, 10.0], [40.0, 5.0], [38.0, 5.0], [38.0, 15.0], [42.0, 5.0], [42.0, 12.0], [25.0, 30.0], [20.0, 50.0], [30.0, 60.0], [50.0, 35.0], [30.0, 25.0], [10.0, 20.0], [45.0, 30.0], [35.0, 40.0], [41.0, 37.0], [5.0, 5.0], [27.0, 43.0], [37.0, 31.0], [21.0, 24.0], [12.0, 24.0], [24.0, 58.0], [37.0, 47.0], [4.0, 18.0], [26.0, 52.0], [26.0, 35.0], [40.0, 50.0]]}, "cluster_count": 3, "cluster_speeds": [[1.5, 1.0, 1.67, 1.17, 1.33], [1.17, 0.67, 1.33, 0.83, 1.0], [1.0, 0.33, 0.67, 0.5, 0.83]], "clusters": [[2, 2, 0, 0, 0, 1, 0, 0, 0, 1, 2, 0, 0, 0, 2, 1, 2, 1, 2, 0, 1, 0, 0, 2, 1, 2, 0, 2, 1, 1, 1, 2, 0, 1], [1, 1, 0, 1, 0, 2, 1, 2, 1, 1, 1, 0, 1, 1, 2, 0, 0, 0, 0, 0, 2, 0, 0, 2, 1, 1, 2, 2, 0, 2, 0, 2, 0, 0], [1, 0, 0, 2, 1, 1, 2, 0, 2, 1, 1, 0, 0, 0, 1, 1, 0, 2, 2, 1, 2, 2, 2, 1, 1, 2, 1, 0, 1, 0, 0, 2, 2, 2], [2, 2, 1, 1, 2, 0, 2, 2, 0, 1, 0, 2, 0, 0, 1, 1, 1, 1, 1, 0, 1, 1, 1, 0, 0, 0, 2, 1, 1, 0, 1, 2, 2, 1], [0, 1, 1, 2, 1, 2, 0, 2, 2, 0, 2, 2, 1, 2, 2, 0, 1, 0, 0, 2, 1, 1, 2, 1, 0, 1, 1, 0, 0, 1, 1, 2, 1, 1], [0, 0, 0, 0, 1, 0, 2, 2, 0, 0, 0, 0, 1, 1, 1, 0, 0, 0, 0, 0, 0, 0, 1, 0, 2, 1, 2, 0, 0, 1, 2, 2, 1, 1], [2, 0, 2, 1, 0, 1, 1, 1, 1, 1, 2, 0, 2, 0, 1, 2, 2, 1, 1, 0, 2, 0, 2, 1, 2, 0, 1, 1, 0, 2, 1, 0, 2, 1], [2, 2, 1, 1, 0, 2, 2, 0, 1, 1, 1, 0, 0, 0, 1, 1, 1, 2, 1, 0, 2, 1, 1, 2, 1, 0, 1, 2, 1, 0, 0, 0, 1, 2], [2, 0, 1, 2, 0, 0, 0, 2, 0, 0, 0, 2, 0, 0, 0, 1, 2, 2, 0, 1, 0, 0, 2, 1, 0, 1, 2, 2, 0, 1, 2, 0, 0, 1], [0, 0, 0, 0, 1, 2, 0, 0, 0, 1, 1, 0, 1, 1, 0, 1, 1, 1, 2, 0, 2, 0, 2, 1, 2, 1, 0, 2, 1, 1, 2, 0, 1, 2], [1, 2, 2, 0, 1, 0, 1, 0, 0, 0, 1, 0, 0, 1, 2, 0, 2, 0, 2, 1, 2, 2, 2, 0, 2, 0, 2, 2, 2, 1, 0, 2, 1, 2], [1, 2, 0, 2, 2, 0, 0, 1, 2, 0, 2, 0, 0, 1, 1, 0, 1, 0, 1, 0, 0, 0, 1, 1, 1, 0, 2, 1, 2, 1, 2, 0, 0, 1], [0, 2, 2, 2, 2, 2, 1, 2, 1, 0, 2, 2, 0, 0, 1, 1, 1, 1, 2, 0, 2, 2, 0, 2, 0, 2, 0, 1, 0, 0, 2, 1, 0, 1], [1, 1, 0, 1, 2, 1, 0, 2, 2, 1, 1, 2, 2, 2, 0, 0, 2, 1, 0, 1, 1, 2, 2, 1, 0, 0, 0, 0, 0, 2, 2, 2, 1, 0], [1, 0, 2, 1, 2, 1, 1, 0, 2, 0, 1, 2, 2, 1, 2, 1, 1, 0, 1, 1, 2, 2, 1, 1, 0, 2, 1, 1, 0, 2, 1, 2, 0, 0], [0, 0, 1, 0, 0, 1, 0, 0, 2, 1, 2, 2, 1, 0, 2, 0, 2, 1, 0, 1, 1, 1, 0, 2, 2, 0, 1, 2, 1, 0, 2, 2, 1, 1], [1, 1, 0, 2, 2, 1, 0, 2, 0, 2, 1, 0, 0, 1, 1, 0, 0, 1, 2, 1, 2, 2, 0, 2, 2, 0, 1, 1, 0, 0, 1, 1, 1, 0], [1, 0, 2, 0, 2, 1, 0, 2, 2, 1, 0, 0, 0, 2, 0, 1, 1, 1, 1, 1, 2, 1, 1, 0, 1, 0, 0, 0, 1, 0, 2, 2, 2, 2], [0, 2, 2, 0, 2, 0, 2, 2, 1, 0, 2, 2, 0, 1, 1, 2, 2, 1, 1, 0, 2, 0, 2, 1, 1, 2, 0, 0, 0, 0, 2, 1, 1, 1], [0, 2, 0, 1, 1, 1, 2, 2, 1, 2, 2, 0, 0, 1, 2, 2, 2, 1, 0, 2, 1, 2, 2, 0, 2, 0, 0, 1, 1, 1, 1, 1, 0, 0], [2, 0, 2, 1, 0, 1, 2, 0, 2, 2, 2, 0, 0, 2, 1, 0, 1, 1, 2, 1, 0, 0, 2, 1, 0, 2, 2, 2, 0, 1, 2, 0, 0, 0], [1, 2, 1, 1, 0, 0, 2, 1, 1, 0, 2, 2, 1, 0, 1, 0, 0, 0, 1, 2, 2, 1, 2, 2, 1, 2, 2, 1, 0, 1, 2, 1, 0, 2], [2, 1, 0, 0, 0, 2, 1, 0, 1, 2, 0, 2, 1, 0, 2, 1, 1, 0, 0, 1, 1, 1, 0, 1, 1, 2, 1, 1, 2, 1, 1, 2, 0, 2], [0, 2, 0, 0, 2, 2, 1, 2, 1, 0, 1, 1, 0, 0, 2, 0, 0, 0, 0, 0, 0, 1, 0, 1, 1, 1, 2, 1, 2, 2, 0, 0, 2, 1], [1, 0, 1, 1, 2, 0, 0, 2, 0, 0, 1, 0, 1, 0, 1, 2, 1, 1, 0, 0, 2, 0, 0, 1, 1, 1, 0, 2, 1, 2, 0, 0, 1, 0], [2, 1, 1, 0, 2, 2, 2, 2, 2, 2, 1, 0, 2, 1, 2, 0, 0, 2, 1, 2, 0, 1, 0, 2, 1, 1, 0, 2, 2, 0, 2, 2, 1, 2], [1, 2, 1, 1, 1, 2, 0, 2, 1, 2, 1, 0, 0, 2, 0, 1, 1, 1, 0, 2, 1, 1, 1, 1, 0, 0, 2, 2, 1, 1, 2, 1, 1, 0], [0, 0, 1, 2, 0, 2, 0, 0, 1, 0, 1, 0, 0, 2, 0, 2, 0, 1, 2, 2, 2, 1, 0, 1, 0, 0, 0, 0, 0, 2, 1, 1, 0, 0], [0, 1, 0, 1, 2, 2, 1, 0, 2, 0, 1, 2, 2, 2, 2, 2, 1, 2, 0, 1, 2, 2, 1, 0, 0, 2, 2, 0, 2, 1, 0, 0, 0, 2], [2, 2, 2, 1, 0, 2, 2, 0, 1, 2, 2, 2, 0, 1, 2, 0, 1, 1, 1, 1, 2, 1, 2, 2, 2, 0, 2, 2, 2, 1, 2, 0, 1, 2], [1, 1, 0, 2, 1, 0, 2, 2, 0, 1, 0, 1, 1, 1, 0, 0, 2, 1, 2, 0, 1, 1, 0, 0, 1, 1, 0, 2, 0, 1, 0, 1, 2, 2], [1, 1, 0, 2, 1, 2, 0, 2, 0, 0, 0, 1, 1, 0, 0, 2, 0, 0, 0, 0, 0, 1, 0, 1, 1, 1, 1, 1, 1, 2, 0, 0, 0, 0], [1, 0, 2, 2, 2, 2, 1, 0, 1, 2, 2, 1, 0, 0, 2, 1, 1, 0, 1, 0, 0, 1, 0, 2, 0, 0, 0, 0, 2, 2, 0, 1, 0, 1], [2, 1, 2, 1, 0, 2, 2, 1, 0, 2, 2, 0, 2, 1, 1, 0, 0, 2, 1, 2, 0, 1, 0, 0, 0, 0, 1, 1, 0, 0, 0, 2, 0, 0]], "speed_zone_count": 5, "speed_zones": [[0.0, 19200.0], [19200.0, 28800.0], [28800.0, 67200.0], [67200.0, 76800.0], [76800.0, 96000.0]], "distances": [[0, 3605, 3354, 3162, 3352, 3238, 3929, 4517, 4004, 4500, 4504, 3505, 4504, 3805, 2500, 2000, 1414, 1802, 2692, 4242, 2061, 1118, 1303, 5700, 1476, 1923, 3220, 3820, 1788, 424, 4816, 1414, 2051, 0], [4605, 1000, 5609, 5123, 5176, 4700, 5386, 8874, 8337, 8762, 8712, 7744, 8816, 8147, 6024, 4000, 3236, 6408, 6590, 7082, 6590, 5272, 5785, 8648, 4765, 6186, 6600, 6656, 3236, 4712, 7403, 3863, 5539, 4605], [4354, 5609, 1000, 1500, 1538, 2019, 1943, 5534, 5060, 5242, 5103, 4440, 5386, 4940, 2581, 2802, 4201, 5000, 3236, 2500, 4535, 3549, 4106, 4041, 2878, 3729, 2555, 2118, 3692, 3954, 2802, 3334, 2600, 4354], [4162, 5123, 1500, 1000, 1200, 1538, 1800, 5879, 5386, 5609, 5482, 4753, 5742, 5252, 2802, 2414, 3828, 5031, 3500, 3000, 4640, 3500, 4114, 4535, 2726, 3846, 2941, 2612, 3280, 3789, 3280, 3000, 2676, 4162], [4352, 5176, 1538, 1200, 1000, 1500, 1600, 6020, 5534, 5742, 5609, 4905, 5879, 5404, 2972, 2562, 3973, 5229, 3662, 3009, 4832, 3700, 4313, 4512, 2923, 4036, 3061, 2649, 3408, 3983, 3236, 3163, 2868, 4352], [4238, 4700, 2019, 1538, 1500, 1000, 1781, 6381, 5879, 6122, 6000, 5242, 6249, 5738, 3267, 2300, 3662, 5317, 3973, 3507, 4992, 3745, 4395, 5011, 2910, 4220, 3469, 3137, 3061, 3906, 3729, 2931, 3059, 4238], [4929, 5386, 1943, 1800, 1600, 1781, 1000, 6467, 6000, 6166, 6020, 5382, 6315, 5882, 3507, 3059, 4440, 5825, 4176, 3154, 5414, 4300, 4911, 4512, 3517, 4613, 3483, 2886, 3842, 4569, 3209, 3683, 3451, 4929], [5517, 8874, 5534, 5879, 6020, 6381, 6467, 1000, 1538, 1400, 1600, 2166, 1200, 1728, 4140, 6100, 6675, 4059, 3441, 4716, 3501, 4613, 4214, 4900, 5162, 3692, 3983, 4721, 6664, 5257, 5205, 6032, 4498, 5517], [5004, 8337, 5060, 5386, 5534, 5879, 6000, 1538, 1000, 1538, 1640, 1640, 1500, 1200, 3624, 5565, 6141, 3624, 2920, 4352, 3022, 4080, 3701, 4733, 4624, 3158, 3523, 4310, 6126, 4733, 4883, 5494, 3968, 5004], [5500, 8762, 5242, 5609, 5742, 6122, 6166, 1400, 1538, 1000, 1200, 2019, 1200, 1728, 3915, 5924, 6590, 4162, 3236, 4354, 3549, 4535, 4201, 4500, 5016, 3617, 3687, 4383, 6536, 5210, 4827, 5904, 4310, 5500], [5504, 8712, 5103, 5482, 5609, 6000, 6020, 1600, 1640, 1200, 1000, 2000, 1400, 1806, 3817, 5846, 6557, 4231, 3154, 4176, 3596, 4512, 4214, 4300, 4956, 3601, 3549, 4220, 6481, 5201, 4640, 5850, 4231, 5504], [4505, 7744, 4440, 4753, 4905, 5242, 5382, 2166, 1640, 2019, 2000, 1000, 2077, 1500, 2984, 4935, 5570, 3332, 2280, 3844, 2655, 3517, 3220, 4448, 4008, 2603, 2923, 3751, 5522, 4201, 4413, 4889, 3332, 4505], [5504, 8816, 5386, 5742, 5879, 6249, 6315, 1200, 1500, 1200, 1400, 2077, 1000, 1700, 4023, 6008, 6629, 4104, 3332, 4534, 3517, 4569, 4201, 4700, 5085, 3647, 3831, 4551, 6597, 5229, 5016, 5964, 4400, 5504], [4805, 8147, 4940, 5252, 5404, 5738, 5882, 1728, 1200, 1728, 1806, 1500, 1700, 1000, 3475, 5390, 5947, 3435, 2769, 4298, 2824, 3886, 3501, 4765, 4443, 2964, 3418, 4231, 5939, 4535, 4847, 5308, 3801, 4805], [3500, 6024, 2581, 2802, 2972, 3267, 3507, 4140, 3624, 3915, 3817, 2984, 4023, 3475, 1000, 3061, 4041, 3549, 1707, 2802, 3000, 2414, 2746, 4201, 2315, 2204, 1721, 2431, 3801, 3080, 3418, 3202, 1509, 3500], [3000, 4000, 2802, 2414, 2562, 2300, 3059, 6100, 5565, 5924, 5846, 4935, 6008, 5390, 3061, 1000, 2414, 4354, 3692, 4162, 4201, 2802, 3469, 5743, 1989, 3549, 3601, 3720, 1894, 2726, 4577, 1632, 2615, 3000], [2414, 3236, 4201, 3828, 3973, 3662, 4440, 6675, 6141, 6590, 6557, 5570, 6629, 5947, 4041, 2414, 1000, 4201, 4500, 5472, 4354, 3061, 3549, 7041, 2726, 3983, 4710, 5024, 1632, 2476, 5939, 1894, 3531, 2414], [2802, 6408, 5000, 5031, 5229, 5317, 5825, 4059, 3624, 4162, 4231, 3332, 4104, 3435, 3549, 4354, 4201, 1000, 3236, 5272, 1707, 2581, 1921, 6408, 3435, 2360, 4101, 4956, 4471, 2769, 5904, 3941, 3400, 2802], [3692, 6590, 3236, 3500, 3662, 3973, 4176, 3441, 2920, 3236, 3154, 2280, 3332, 2769, 1707, 3692, 4500, 3236, 1000, 3061, 2581, 2581, 2627, 4201, 2824, 1921, 1905, 2802, 4354, 3308, 3692, 3729, 2077, 3692], [5242, 7082, 2500, 3000, 3009, 3507, 3154, 4716, 4352, 4354, 4176, 3844, 4534, 4298, 2802, 4162, 5472, 5272, 3061, 1000, 4640, 4201, 4535, 2581, 3860, 3915, 2170, 1447, 5049, 4818, 1632, 4577, 3193, 5242], [3061, 6590, 4535, 4640, 4832, 4992, 5414, 3501, 3022, 3549, 3596, 2655, 3517, 2824, 3000, 4201, 4354, 1707, 2581, 4640, 1000, 2414, 1806, 5716, 3220, 1806, 3473, 4354, 4500, 2878, 5272, 3906, 2964, 3061], [2118, 5272, 3549, 3500, 3700, 3745, 4300, 4613, 4080, 4535, 4512, 3517, 4569, 3886, 2414, 2802, 3061, 2581, 2581, 4201, 2414, 1000, 1670, 5609, 1854, 1921, 3126, 3801, 3109, 1728, 4801, 2500, 2029, 2118], [2303, 5785, 4106, 4114, 4313, 4395, 4911, 4214, 3701, 4201, 4214, 3220, 4201, 3501, 2746, 3469, 3549, 1921, 2627, 4535, 1806, 1670, 1000, 5816, 2523, 1721, 3385, 4178, 3701, 2077, 5159, 3121, 2513, 2303], [6700, 8648, 4041, 4535, 4512, 5011, 4512, 4900, 4733, 4500, 4300, 4448, 4700, 4765, 4201, 5743, 7041, 6408, 4201, 2581, 5716, 5609, 5816, 1000, 5390, 5123, 3483, 3024, 6630, 6280, 2303, 6147, 4661, 6700], [2476, 4765, 2878, 2726, 2923, 2910, 3517, 5162, 4624, 5016, 4956, 4008, 5085, 4443, 2315, 1989, 2726, 3435, 2824, 3860, 3220, 1854, 2523, 5390, 1000, 2562, 2992, 3420, 2529, 2077, 4397, 1905, 1806, 2476], [2923, 6186, 3729, 3846, 4036, 4220, 4613, 3692, 3158, 3617, 3601, 2603, 3647, 2964, 2204, 3549, 3983, 2360, 1921, 3915, 1806, 1921, 1721, 5123, 2562, 1000, 2746, 3596, 3996, 2600, 4546, 3370, 2170, 2923], [4220, 6600, 2555, 2941, 3061, 3469, 3483, 3983, 3523, 3687, 3549, 2923, 3831, 3418, 1721, 3601, 4710, 4101, 1905, 2170, 3473, 3126, 3385, 3483, 2992, 2746, 1000, 1900, 4413, 3801, 2802, 3844, 2208, 4220], [4820, 6656, 2118, 2612, 2649, 3137, 2886, 4721, 4310, 4383, 4220, 3751, 4551, 4231, 2431, 3720, 5024, 4956, 2802, 1447, 4354, 3801, 4178, 3024, 3420, 3596, 1900, 1000, 4605, 4397, 2000, 4130, 2780, 4820], [2788, 3236, 3692, 3280, 3408, 3061, 3842, 6664, 6126, 6536, 6481, 5522, 6597, 5939, 3801, 1894, 1632, 4471, 4354, 5049, 4500, 3109, 3701, 6630, 2529, 3996, 4413, 4605, 1000, 2702, 5472, 1632, 3308, 2788], [1424, 4712, 3954, 3789, 3983, 3906, 4569, 5257, 4733, 5210, 5201, 4201, 5229, 4535, 3080, 2726, 2476, 2769, 3308, 4818, 2878, 1728, 2077, 6280, 2077, 2600, 3801, 4397, 2702, 1000, 5393, 2208, 2627, 1424], [5816, 7403, 2802, 3280, 3236, 3729, 3209, 5205, 4883, 4827, 4640, 4413, 5016, 4847, 3418, 4577, 5939, 5904, 3692, 1632, 5272, 4801, 5159, 2303, 4397, 4546, 2802, 2000, 5472, 5393, 1000, 5049, 3780, 5816], [2414, 3863, 3334, 3000, 3163, 2931, 3683, 6032, 5494, 5904, 5850, 4889, 5964, 5308, 3202, 1632, 1894, 3941, 3729, 4577, 3906, 2500, 3121, 6147, 1905, 3370, 3844, 4130, 1632, 2208, 5049, 1000, 2700, 2414], [3051, 5539, 2600, 2676, 2868, 3059, 3451, 4498, 3968, 4310, 4231, 3332, 4400, 3801, 1509, 2615, 3531, 3400, 2077, 3193, 2964, 2029, 2513, 4661, 1806, 2170, 2208, 2780, 3308, 2627, 3780, 2700, 1000, 3051], [0, 3605, 3354, 3162, 3352, 3238, 3929, 4517, 4004, 4500, 4504, 3505, 4504, 3805, 2500, 2000, 1414, 1802, 2692, 4242, 2061, 1118, 1303, 5700, 1476, 1923, 3220, 3820, 1788, 424, 4816, 1414, 2051, 0]], "time_windows": [[0.0, 96000.0], [64400.0, 76400.0], [37100.0, 49100.0], [0.0, 91800.0], [19500.0, 31500.0], [0.0, 91700.0], [17400.0, 29400.0], [0.0, 90400.0], [0.0, 90900.0], [0.0, 90500.0], [20100.0, 32100.0], [0.0, 91400.0], [0.0, 90400.0], [0.0, 91100.0], [0.0, 92500.0], [37500.0, 49500.0], [59900.0, 71900.0], [0.0, 93100.0], [0.0, 92300.0], [0.0, 90700.0], [0.0, 92900.0], [0.0, 93800.0], [0.0, 93600.0], [0.0, 89200.0], [0.0, 93500.0], [0.0, 93000.0], [0.0, 91700.0], [35900.0, 47900.0], [0.0, 93200.0], [0.0, 94500.0], [0.0, 90100.0], [0.0, 93500.0], [30800.0, 42800.0], [0.0, 96000.0]], "start_depot": 0, "end_depot": 33, "horizon": [0.0, 96000.0]}