{"digraph": {"vertex_count": 25, "arc_count": 552, "arcs": [[0, 1, 1, 1, 1, 1, 1, 1, 1, 1, 1, 1, 1, 1, 1, 1, 1, 1, 1, 1, 1, 1, 1, 1, 1], [0, 0, 1, 1, 1, 1, 1, 1, 1, 1, 1, 1, 1, 1, 1, 1, 1, 1, 1, 1, 1, 1, 1, 1, 1], [0, 1, 0, 1, 1, 1, 1, 1, 1, 1, 1, 1, 1, 1, 1, 1, 1, 1, 1, 1, 1, 1, 1, 1, 1], [0, 1, 1, 0, 1, 1, 1, 1, 1, 1, 1, 1, 1, 1, 1, 1, 1, 1, 1, 1, 1, 1, 1, 1, 1], [0, 1, 1, 1, 0, 1, 1, 1, 1, 1, 1, 1, 1, 1, 1, 1, 1, 1, 1, 1, 1, 1, 1, 1, 1], [0, 1, 1, 1, 1, 0, 1, 1, 1, 1, 1, 1, 1, 1, 1, 1, 1, 1, 1, 1, 1, 1, 1, 1, 1], [0, 1, 1, 1, 1, 1, 0, 1, 1, 1, 1, 1, 1, 1, 1, 1, 1, 1, 1, 1, 1, 1, 1, 1, 1], [0, 1, 1, 1, 1, 1, 1, 0, 1, 1, 1, 1, 1, 1, 1, 1, 1, 1, 1, 1, 1, 1, 1, 1, 1], [0, 1, 1, 1, 1, 1, 1, 1, 0, 1, 1, 1, 1, 1, 1, 1, 1, 1, 1, 1, 1, 1, 1, 1, 1], [0, 1, 1, 1, 1, 1, 1, 1, 1, 0, 1, 1, 1, 1, 1, 1, 1, 1, 1, 1, 1, 1, 1, 1, 1], [0, 1, 1, 1, 1, 1, 1, 1, 1, 1, 0, 1, 1, 1, 1, 1, 1, 1, 1, 1, 1, 1, 1, 1, 1], [0, 1, 1, 1, 1, 1, 1, 1, 1, 1, 1, 0, 1, 1, 1, 1, 1, 1, 1, 1, 1, 1, 1, 1, 1], [0, 1, 1, 1, 1, 1, 1, 1, 1, 1, 1, 1, 0, 1, 1, 1, 1, 1, 1, 1, 1, 1, 1, 1, 1], [0, 1, 1, 1, 1, 1, 1, 1, 1, 1, 1, 1, 1, 0, 1, 1, 1, 1, 1, 1, 1, 1, 1, 1, 1], [0, 1, 1, 1, 1, 1, 1, 1, 1, 1, 1, 1, 1, 1, 0, 1, 1, 1, 1, 1, 1, 1, 1, 1, 1], [0, 1, 1, 1, 1, 1, 1, 1, 1, 1, 1, 1, 1, 1, 1, 0, 1, 1, 1, 1, 1, 1, 1, 1, 1], [0, 1, 1, 1, 1, 1, 1, 1, 1, 1, 1, 1, 1, 1, 1, 1, 0, 1, 1, 1, 1, 1, 1, 1, 1], [0, 1, 1, 1, 1, 1, 1, 1, 1, 1, 1, 1, 1, 1, 1, 1, 1, 0, 1, 1, 1, 1, 1, 1, 1], [0, 1, 1, 1, 1, 1, 1, 1, 1, 1, 1, 1, 1, 1, 1, 1, 1, 1, 0, 1, 1, 1, 1, 1, 1], [0, 1, 1, 1, 1, 1, 1, 1, 1, 1, 1, 1, 1, 1, 1, 1, 1, 1, 1, 0, 1, 1, 1, 1, 1], [0, 1, 1, 1, 1, 1, 1, 1, 1, 1, 1, 1, 1, 1, 1, 1, 1, 1, 1, 1, 0, 1, 1, 1, 1], [0, 1, 1, 1, 1, 1, 1, 1, 1, 1, 1, 1, 1, 1, 1, 1, 1, 1, 1, 1, 1, 0, 1, 1, 1], [0, 1, 1, 1, 1, 1, 1, 1, 1, 1, 1, 1, 1, 1, 1, 1, 1, 1, 1, 1, 1, 1, 0, 1, 1], [0, 1, 1, 1, 1, 1, 1, 1, 1, 1, 1, 1, 1, 1, 1, 1, 1, 1, 1, 1, 1, 1, 1, 0, 1], [0, 0, 0, 0, 0, 0, 0, 0, 0, 0, 0, 0, 0, 0, 0, 0, 0, 0, 0, 0, 0, 0, 0, 0, 0]], "coordinates": [[40.0, 50.0], [95.0, 30.0], [95.0, 35.0], [92.0, 30.0], [90.0, 35.0], [88.0, 30.0], [88.0, 35.0], [87.0, 30.0], [85.0, 25.0], [85.0, 35.0], [72.0, 35.0], [55.0, 20.0], [65.0, 35.0], [65.0, 20.0], [64.0, 42.0], [65.0, 55.0], [63.0, 65.0], [60.0, 12.0], [57.0, 29.0], [63.0, 23.0], [67.0, 5.0], [61.0, 52.0], [57.0, 48.0], [56.0, 37.0], [40.0, 50.0]]}, "cluster_count": 3, "cluster_speeds": [[1.5, 1.0, 1.67, 1.17, 1.33], [1.17, 0.67, 1.33, 0.83, 1.0], [1.0, 0.33, 0.67, 0.5, 0.83]], "clusters": [[1, 0, 0, 0, 2, 1, 1, 1, 1, 1, 0, 0, 2, 0, 1, 1, 2, 0, 2, 0, 1, 2, 2, 1, 1], [0, 2, 1, 1, 2, 1, 1, 0, 0, 1, 2, 1, 1, 2, 2, 1, 2, 0, 1, 0, 0, 2, 2, 1, 2], [2, 1, 0, 0, 2, 0, 1, 2, 0, 2, 1, 2, 2, 0, 2, 1, 1, 2, 2, 1, 0, 2, 0, 0, 1], [0, 0, 2, 2, 2, 0, 0, 2, 1, 1, 1, 1, 1, 2, 0, 0, 1, 0, 2, 1, 0, 1, 0, 2, 0], [1, 0, 0, 0, 1, 2, 2, 1, 1, 0, 2, 1, 0, 2, 2, 0, 1, 0, 1, 2, 1, 1, 0, 2, 0], [0, 2, 0, 1, 2, 1, 0, 2, 1, 1, 2, 0, 2, 0, 2, 2, 2, 2, 0, 0, 1, 1, 2, 0, 2], [1, 0, 2, 0, 2, 1, 0, 0, 0, 0, 0, 1, 2, 2, 0, 1, 1, 0, 1, 2, 1, 2, 2, 2, 2], [1, 0, 0, 2, 0, 0, 0, 1, 2, 1, 0, 0, 2, 2, 1, 1, 1, 1, 0, 2, 2, 2, 2, 2, 0], [1, 0, 1, 0, 1, 0, 2, 0, 0, 0, 0, 0, 2, 1, 1, 2, 1, 1, 0, 0, 2, 2, 0, 1, 1], [0, 1, 0, 0, 1, 0, 0, 2, 0, 1, 2, 1, 1, 0, 1, 1, 1, 0, 1, 2, 2, 2, 0, 1, 1], [1, 1, 2, 2, 1, 2, 0, 1, 2, 2, 1, 2, 2, 0, 0, 2, 0, 2, 2, 0, 0, 1, 2, 1, 2], [1, 0, 1, 0, 1, 2, 0, 0, 2, 1, 1, 1, 1, 2, 2, 1, 2, 2, 1, 0, 0, 0, 1, 2, 0], [1, 2, 2, 0, 1, 1, 2, 2, 2, 2, 0, 2, 2, 0, 2, 2, 1, 1, 1, 2, 1, 2, 0, 2, 0], [1, 1, 2, 2, 1, 1, 0, 2, 0, 0, 1, 1, 1, 1, 0, 2, 2, 0, 2, 0, 1, 0, 0, 1, 0], [2, 0, 2, 1, 1, 1, 1, 1, 1, 0, 2, 2, 2, 0, 2, 2, 1, 1, 1, 0, 0, 1, 2, 1, 1], [1, 0, 1, 0, 2, 1, 0, 1, 0, 2, 2, 1, 1, 1, 1, 1, 1, 0, 2, 2, 1, 2, 1, 0, 2], [0, 1, 1, 1, 1, 0, 1, 0, 2, 1, 0, 2, 0, 1, 2, 2, 0, 1, 0, 1, 2, 2, 1, 1, 0], [1, 1, 0, 0, 0, 1, 1, 1, 2, 1, 0, 0, 1, 0, 1, 0, 0, 2, 1, 2, 0, 0, 1, 1, 1], [0, 1, 0, 1, 1, 2, 1, 1, 0, 2, 2, 0, 1, 0, 0, 0, 2, 2, 1, 1, 2, 1, 1, 1, 0], [2, 2, 0, 0, 1, 2, 1, 1, 0, 2, 1, 1, 1, 1, 0, 2, 2, 0, 1, 0, 1, 0, 0, 1, 0], [0, 2, 2, 1, 0, 1, 0, 1, 2, 0, 1, 0, 1, 2, 0, 0, 1, 2, 2, 0, 0, 2, 1, 2, 0], [1, 1, 0, 2, 2, 0, 1, 0, 2, 0, 1, 1, 0, 2, 2, 0, 0, 0, 0, 1, 0, 0, 0, 0, 0], [0, 0, 1, 1, 2, 0, 1, 0, 0, 2, 1, 1, 0, 2, 1, 0, 0, 2, 1, 0, 2, 2, 2, 0, 1], [2, 2, 1, 2, 0, 0, 1, 1, 0, 0, 2, 2, 2, 0, 0, 1, 0, 1, 0, 2, 1, 0, 2, 0, 1], [1, 2, 1, 2, 1, 2, 0, 2, 2, 1, 0, 2, 0, 0, 1, 2, 1, 2, 2, 0, 2, 0, 1, 2, 2]], "speed_zone_count": 5, "speed_zones": [[0.0, 19200.0], [19200.0, 28800.0], [28800.0, 67200.0], [67200.0, 76800.0], [76800.0, 96000.0]], "distances": [[0, 5852, 5700, 5571, 5220, 5200, 5028, 5107, 5147, 4743, 3534, 3354, 2915, 3905, 2529, 2549, 2745, 4294, 2701, 3546, 5247, 2109, 1711, 2061, 0], [6852, 1000, 1500, 1300, 1707, 1700, 1860, 1800, 2118, 2118, 3353, 5123, 4041, 4162, 4324, 4905, 5742, 4935, 4801, 4275, 4753, 5049, 5204, 4962, 6852], [6700, 1500, 1000, 1583, 1500, 1860, 1700, 1943, 2414, 2000, 3300, 5272, 4000, 4354, 4178, 4605, 5386, 5188, 4847, 4417, 5103, 4801, 5016, 4905, 6700], [6571, 1300, 1583, 1000, 1538, 1400, 1640, 1500, 1860, 1860, 3061, 4832, 3745, 3879, 4046, 4679, 5545, 4671, 4501, 3983, 4535, 4801, 4935, 4667, 6571], [6220, 1707, 1500, 1538, 1000, 1538, 1200, 1583, 2118, 1500, 2800, 4807, 3500, 3915, 3692, 4201, 5036, 4780, 4354, 3954, 4780, 4361, 4546, 4405, 6220], [6200, 1700, 1860, 1400, 1538, 1000, 1500, 1100, 1583, 1583, 2676, 4448, 3353, 3507, 3683, 4397, 5301, 4328, 4101, 3596, 4264, 4482, 4584, 4275, 6200], [6028, 1860, 1700, 1640, 1200, 1500, 1000, 1509, 2044, 1300, 2600, 4624, 3300, 3745, 3500, 4047, 4905, 4623, 4157, 3773, 4661, 4190, 4361, 4206, 6028], [6107, 1800, 1943, 1500, 1583, 1100, 1509, 1000, 1538, 1538, 2581, 4352, 3256, 3416, 3594, 4330, 5243, 4244, 4001, 3500, 4201, 4405, 4498, 4178, 6107], [6147, 2118, 2414, 1860, 2118, 1583, 2044, 1538, 1000, 2000, 2640, 4041, 3236, 3061, 3701, 4605, 5565, 3817, 3828, 3209, 3690, 4612, 4623, 4138, 6147], [5743, 2118, 2000, 1860, 1500, 1583, 1300, 1538, 2000, 1000, 2300, 4354, 3000, 3500, 3213, 3828, 4720, 4397, 3863, 3505, 4498, 3941, 4087, 3906, 5743], [4534, 3353, 3300, 3061, 2800, 2676, 2600, 2581, 2640, 2300, 1000, 3267, 1700, 2655, 2063, 3118, 4132, 3594, 2615, 2500, 4041, 3024, 2984, 2612, 4534], [4354, 5123, 5272, 4832, 4807, 4448, 4624, 4352, 4041, 4354, 3267, 1000, 2802, 2000, 3376, 4640, 5570, 1943, 1921, 1854, 2920, 4255, 3807, 2702, 4354], [3915, 4041, 4000, 3745, 3500, 3353, 3300, 3256, 3236, 3000, 1700, 2802, 1000, 2500, 1707, 3000, 4006, 3353, 2000, 2216, 4006, 2746, 2526, 1921, 3915], [4905, 4162, 4354, 3879, 3915, 3507, 3745, 3416, 3061, 3500, 2655, 2000, 2500, 1000, 3202, 4500, 5504, 1943, 2204, 1360, 2513, 4224, 3912, 2923, 4905], [3529, 4324, 4178, 4046, 3692, 3683, 3500, 3594, 3701, 3213, 2063, 3376, 1707, 3202, 1000, 2303, 3302, 4026, 2476, 2902, 4712, 2044, 1921, 1943, 3529], [3549, 4905, 4605, 4679, 4201, 4397, 4047, 4330, 4605, 3828, 3118, 4640, 3000, 4500, 2303, 1000, 2019, 5328, 3720, 4206, 6003, 1500, 2063, 3012, 3549], [3745, 5742, 5386, 5545, 5036, 5301, 4905, 5243, 5565, 4720, 4132, 5570, 4006, 5504, 3302, 2019, 1000, 6308, 4649, 5200, 7013, 2315, 2802, 3886, 3745], [5294, 4935, 5188, 4671, 4780, 4328, 4623, 4244, 3817, 4397, 3594, 1943, 3353, 1943, 4026, 5328, 6308, 1000, 2726, 2140, 1989, 5001, 4612, 3531, 5294], [3701, 4801, 4847, 4501, 4354, 4101, 4157, 4001, 3828, 3863, 2615, 1921, 2000, 2204, 2476, 3720, 4649, 2726, 1000, 1848, 3600, 3334, 2900, 1806, 3701], [4546, 4275, 4417, 3983, 3954, 3596, 3773, 3500, 3209, 3505, 2500, 1854, 2216, 1360, 2902, 4206, 5200, 2140, 1848, 1000, 2843, 3906, 3570, 2565, 4546], [6247, 4753, 5103, 4535, 4780, 4264, 4661, 4201, 3690, 4498, 4041, 2920, 4006, 2513, 4712, 6003, 7013, 1989, 3600, 2843, 1000, 5738, 5414, 4383, 6247], [3109, 5049, 4801, 4801, 4361, 4482, 4190, 4405, 4612, 3941, 3024, 4255, 2746, 4224, 2044, 1500, 2315, 5001, 3334, 3906, 5738, 1000, 1565, 2581, 3109], [2711, 5204, 5016, 4935, 4546, 4584, 4361, 4498, 4623, 4087, 2984, 3807, 2526, 3912, 1921, 2063, 2802, 4612, 2900, 3570, 5414, 1565, 1000, 2104, 2711], [3061, 4962, 4905, 4667, 4405, 4275, 4206, 4178, 4138, 3906, 2612, 2702, 1921, 2923, 1943, 3012, 3886, 3531, 1806, 2565, 4383, 2581, 2104, 1000, 3061], [0, 5852, 5700, 5571, 5220, 5200, 5028, 5107, 5147, 4743, 3534, 3354, 2915, 3905, 2529, 2549, 2745, 4294, 2701, 3546, 5247, 2109, 1711, 2061, 0]], "time_windows": [[0.0, 96000.0], [0.0, 89100.0], [0.0, 89200.0], [0.0, 89400.0], [0.0, 89700.0], [0.0, 89800.0], [0.0, 89900.0], [0.0, 89800.0], [0.0, 89800.0], [0.0, 90200.0], [0.0, 91400.0], [0.0, 91600.0], [16700.0, 28700.0], [0.0, 91000.0], [26800.0, 38800.0], [0.0, 92400.0], [0.0, 92200.0], [26800.0, 38800.0], [39500.0, 51500.0], [0.0, 91400.0], [0.0, 89700.0], [0.0, 92800.0], [0.0, 93200.0], [0.0, 92900.0], [0.0, 96000.0]], "start_depot": 0, "end_depot": 24, "horizon": [0.0, 96000.0]}