{"digraph": {"vertex_count": 20, "arc_count": 171, "arcs": [[0, 1, 1, 1, 1, 1, 1, 1, 1, 1, 1, 1, 1, 1, 1, 1, 1, 1, 1, 1], [0, 0, 1, 1, 1, 1, 1, 1, 1, 1, 1, 1, 1, 1, 1, 1, 1, 1, 1, 1], [0, 1, 0, 1, 1, 1, 1, 1, 1, 1, 1, 1, 1, 1, 1, 1, 1, 1, 1, 1], [0, 1, 1, 0, 1, 1, 1, 1, 1, 1, 1, 1, 1, 1, 1, 1, 1, 1, 1, 1], [0, 1, 1, 1, 0, 1, 1, 1, 1, 1, 1, 1, 1, 1, 1, 1, 1, 1, 1, 1], [0, 1, 1, 1, 1, 0, 1, 1, 1, 1, 1, 1, 1, 1, 1, 1, 1, 1, 1, 1], [0, 1, 1, 1, 1, 1, 0, 1, 1, 1, 1, 1, 1, 1, 1, 1, 1, 1, 1, 1], [0, 1, 1, 1, 1, 1, 1, 0, 1, 1, 1, 1, 1, 1, 1, 1, 1, 1, 1, 1], [0, 1, 1, 1, 1, 1, 1, 1, 0, 1, 1, 1, 1, 1, 1, 1, 1, 1, 1, 1], [0, 1, 1, 1, 1, 1, 1, 1, 1, 0, 1, 1, 1, 1, 1, 1, 1, 1, 1, 1], [0, 1, 1, 1, 1, 1, 1, 1, 1, 1, 0, 1, 1, 1, 1, 1, 1, 1, 1, 1], [0, 1, 1, 1, 1, 1, 1, 1, 1, 1, 1, 0, 1, 1, 1, 1, 1, 1, 1, 1], [0, 1, 1, 1, 1, 1, 1, 1, 1, 1, 1, 1, 0, 1, 1, 1, 1, 1, 1, 1], [0, 1, 1, 1, 1, 1, 1, 1, 1, 1, 1, 1, 1, 0, 1, 1, 1, 1, 1, 1], [0, 1, 1, 1, 1, 1, 1, 1, 1, 1, 1, 1, 1, 1, 0, 1, 1, 1, 1, 1], [0, 1, 1, 1, 1, 1, 1, 1, 1, 1, 1, 1, 1, 1, 1, 0, 1, 1, 1, 1], [0, 1, 1, 1, 1, 1, 1, 1, 1, 1, 1, 1, 1, 1, 1, 1, 0, 1, 1, 1], [0, 1, 1, 1, 1, 1, 1, 1, 1, 1, 1, 1, 1, 1, 1, 1, 1, 0, 1, 1], [0, 1, 1, 1, 1, 1, 1, 1, 1, 1, 1, 1, 1, 1, 1, 1, 1, 1, 0, 1], [0, 0, 0, 0, 0, 0, 0, 0, 0, 0, 0, 0, 0, 0, 0, 0, 0, 0, 0, 0]], "coordinates": [[40.0, 50.0], [18.0, 75.0], [15.0, 80.0], [38.0, 15.0], [62.0, 80.0], [60.0, 85.0], [58.0, 75.0], [55.0, 82.0], [30.0, 25.0], [45.0, 30.0], [35.0, 40.0], [31.0, 52.0], [21.0, 24.0], [37.0, 31.0], [24.0, 58.0], [37.0, 47.0], [49.0, 42.0], [53.0, 43.0], [26.0, 52.0], [40.0, 50.0]]}, "cluster_count": 3, "cluster_speeds": [[1.5, 1.0, 1.67, 1.17, 1.33], [1.17, 0.67, 1.33, 0.83, 1.0], [1.0, 0.33, 0.67, 0.5, 0.83]], "clusters": [[0, 2, 2, 0, 2, 0, 1, 2, 1, 2, 2, 0, 0, 0, 1, 1, 1, 2, 1, 1], [0, 0, 2, 2, 2, 0, 0, 1, 2, 1, 2, 0, 2, 2, 2, 0, 0, 0, 0, 1], [2, 1, 0, 0, 0, 0, 0, 1, 1, 2, 1, 2, 2, 2, 1, 0, 0, 2, 2, 2], [1, 0, 0, 2, 1, 2, 0, 0, 0, 1, 2, 2, 0, 0, 0, 0, 2, 0, 1, 0], [0, 2, 1, 2, 1, 2, 1, 1, 0, 2, 1, 0, 0, 1, 2, 1, 0, 1, 2, 1], [2, 2, 1, 2, 2, 1, 2, 2, 1, 1, 0, 0, 0, 1, 2, 1, 2, 1, 0, 0], [2, 0, 0, 2, 2, 1, 1, 1, 1, 1, 1, 2, 0, 2, 1, 0, 1, 2, 0, 1], [0, 2, 1, 2, 0, 2, 1, 2, 0, 0, 1, 0, 2, 2, 2, 1, 2, 2, 0, 2], [0, 2, 1, 1, 0, 2, 2, 2, 2, 0, 2, 0, 0, 0, 1, 0, 1, 1, 2, 1], [0, 2, 0, 1, 2, 2, 0, 1, 2, 0, 1, 0, 2, 0, 0, 2, 1, 1, 0, 1], [2, 1, 1, 0, 0, 2, 1, 2, 2, 2, 0, 1, 2, 1, 1, 1, 0, 0, 0, 1], [2, 2, 0, 0, 2, 0, 0, 1, 0, 0, 0, 2, 1, 2, 0, 0, 1, 0, 0, 1], [1, 0, 2, 2, 1, 2, 1, 1, 0, 1, 1, 2, 2, 1, 1, 0, 0, 0, 1, 0], [0, 0, 0, 2, 2, 2, 1, 2, 0, 2, 2, 2, 2, 2, 0, 2, 0, 1, 2, 1], [0, 1, 2, 0, 1, 0, 2, 1, 0, 2, 0, 1, 1, 2, 2, 2, 0, 2, 0, 1], [2, 0, 0, 0, 0, 0, 2, 1, 1, 1, 1, 1, 0, 1, 1, 0, 1, 2, 0, 2], [1, 0, 2, 0, 0, 2, 2, 0, 2, 0, 1, 1, 2, 0, 1, 1, 0, 2, 0, 0], [0, 0, 1, 2, 0, 0, 2, 1, 2, 2, 1, 0, 1, 1, 2, 0, 0, 2, 2, 0], [0, 1, 1, 0, 0, 2, 0, 0, 2, 2, 2, 2, 1, 0, 2, 2, 0, 2, 1, 1], [1, 1, 1, 0, 0, 2, 2, 2, 2, 0, 2, 1, 0, 0, 1, 2, 0, 1, 1, 1]], "speed_zone_count": 5, "speed_zones": [[0.0, 192.0], [192.0, 288.0], [288.0, 672.0], [672.0, 768.0], [768.0, 960.0]], "distances": [[0, 33, 38, 35, 36, 40, 30, 35, 26, 20, 11, 9, 32, 19, 17, 4, 12, 14, 14, 0], [33, 0, 5, 62, 44, 42, 40, 37, 51, 51, 38, 26, 51, 47, 18, 33, 45, 47, 24, 33], [38, 5, 0, 67, 47, 45, 43, 40, 56, 56, 43, 31, 56, 52, 23, 38, 50, 52, 29, 38], [35, 62, 67, 0, 68, 73, 62, 68, 12, 16, 25, 37, 19, 16, 44, 32, 28, 31, 38, 35], [36, 44, 47, 68, 0, 5, 6, 7, 62, 52, 47, 41, 68, 54, 43, 40, 40, 38, 45, 36], [40, 42, 45, 73, 5, 0, 10, 5, 66, 56, 51, 43, 72, 58, 44, 44, 44, 42, 46, 40], [30, 40, 43, 62, 6, 10, 0, 7, 56, 46, 41, 35, 62, 48, 38, 34, 34, 32, 39, 30], [35, 37, 40, 68, 7, 5, 7, 0, 61, 52, 46, 38, 67, 54, 39, 39, 40, 39, 41, 35], [26, 51, 56, 12, 62, 66, 56, 61, 0, 15, 15, 27, 9, 9, 33, 22, 25, 29, 27, 26], [20, 51, 56, 16, 52, 56, 46, 52, 15, 0, 14, 25, 24, 8, 34, 18, 12, 15, 29, 20], [11, 38, 43, 25, 47, 51, 41, 46, 15, 14, 0, 12, 21, 9, 21, 7, 14, 18, 15, 11], [9, 26, 31, 37, 41, 43, 35, 38, 27, 25, 12, 0, 29, 21, 9, 7, 20, 23, 5, 9], [32, 51, 56, 19, 68, 72, 62, 67, 9, 24, 21, 29, 0, 17, 34, 28, 33, 37, 28, 32], [19, 47, 52, 16, 54, 58, 48, 54, 9, 8, 9, 21, 17, 0, 29, 16, 16, 20, 23, 19], [17, 18, 23, 44, 43, 44, 38, 39, 33, 34, 21, 9, 34, 29, 0, 16, 29, 31, 6, 17], [4, 33, 38, 32, 40, 44, 34, 39, 22, 18, 7, 7, 28, 16, 16, 0, 13, 16, 12, 4], [12, 45, 50, 28, 40, 44, 34, 40, 25, 12, 14, 20, 33, 16, 29, 13, 0, 4, 25, 12], [14, 47, 52, 31, 38, 42, 32, 39, 29, 15, 18, 23, 37, 20, 31, 16, 4, 0, 28, 14], [14, 24, 29, 38, 45, 46, 39, 41, 27, 29, 15, 5, 28, 23, 6, 12, 25, 28, 0, 14], [0, 33, 38, 35, 36, 40, 30, 35, 26, 20, 11, 9, 32, 19, 17, 4, 12, 14, 14, 0]], "time_windows": [[0.0, 960.0], [388.0, 508.0], [367.0, 487.0], [0.0, 914.0], [278.0, 398.0], [329.0, 449.0], [376.0, 496.0], [217.0, 337.0], [0.0, 923.0], [191.0, 311.0], [11.0, 131.0], [157.0, 277.0], [0.0, 917.0], [0.0, 930.0], [260.0, 380.0], [0.0, 945.0], [0.0, 937.0], [14.0, 134.0], [0.0, 935.0], [0.0, 960.0]], "start_depot": 0, "end_depot": 19, "horizon": [0.0, 960.0]}