{"digraph": {"vertex_count": 30, "arc_count": 406, "arcs": [[0, 1, 1, 1, 1, 1, 1, 1, 1, 1, 1, 1, 1, 1, 1, 1, 1, 1, 1, 1, 1, 1, 1, 1, 1, 1, 1, 1, 1, 1], [0, 0, 1, 1, 1, 1, 1, 1, 1, 1, 1, 1, 1, 1, 1, 1, 1, 1, 1, 1, 1, 1, 1, 1, 1, 1, 1, 1, 1, 1], [0, 1, 0, 1, 1, 1, 1, 1, 1, 1, 1, 1, 1, 1, 1, 1, 1, 1, 1, 1, 1, 1, 1, 1, 1, 1, 1, 1, 1, 1], [0, 1, 1, 0, 1, 1, 1, 1, 1, 1, 1, 1, 1, 1, 1, 1, 1, 1, 1, 1, 1, 1, 1, 1, 1, 1, 1, 1, 1, 1], [0, 1, 1, 1, 0, 1, 1, 1, 1, 1, 1, 1, 1, 1, 1, 1, 1, 1, 1, 1, 1, 1, 1, 1, 1, 1, 1, 1, 1, 1], [0, 1, 1, 1, 1, 0, 1, 1, 1, 1, 1, 1, 1, 1, 1, 1, 1, 1, 1, 1, 1, 1, 1, 1, 1, 1, 1, 1, 1, 1], [0, 1, 1, 1, 1, 1, 0, 1, 1, 1, 1, 1, 1, 1, 1, 1, 1, 1, 1, 1, 1, 1, 1, 1, 1, 1, 1, 1, 1, 1], [0, 1, 1, 1, 1, 1, 1, 0, 1, 1, 1, 1, 1, 1, 1, 1, 1, 1, 1, 1, 1, 1, 1, 1, 1, 1, 1, 1, 1, 1], [0, 1, 1, 1, 1, 1, 1, 1, 0, 1, 1, 1, 1, 1, 1, 1, 1, 1, 1, 1, 1, 1, 1, 1, 1, 1, 1, 1, 1, 1], [0, 1, 1, 1, 1, 1, 1, 1, 1, 0, 1, 1, 1, 1, 1, 1, 1, 1, 1, 1, 1, 1, 1, 1, 1, 1, 1, 1, 1, 1], [0, 1, 1, 1, 1, 1, 1, 1, 1, 1, 0, 1, 1, 1, 1, 1, 1, 1, 1, 1, 1, 1, 1, 1, 1, 1, 1, 1, 1, 1], [0, 1, 1, 1, 1, 1, 1, 1, 1, 1, 1, 0, 1, 1, 1, 1, 1, 1, 1, 1, 1, 1, 1, 1, 1, 1, 1, 1, 1, 1], [0, 1, 1, 1, 1, 1, 1, 1, 1, 1, 1, 1, 0, 1, 1, 1, 1, 1, 1, 1, 1, 1, 1, 1, 1, 1, 1, 1, 1, 1], [0, 1, 1, 1, 1, 1, 1, 1, 1, 1, 1, 1, 1, 0, 1, 1, 1, 1, 1, 1, 1, 1, 1, 1, 1, 1, 1, 1, 1, 1], [0, 1, 1, 1, 1, 1, 1, 1, 1, 1, 1, 1, 1, 1, 0, 1, 1, 1, 1, 1, 1, 1, 1, 1, 1, 1, 1, 1, 1, 1], [0, 1, 1, 1, 1, 1, 1, 1, 1, 1, 1, 1, 1, 1, 1, 0, 1, 1, 1, 1, 1, 1, 1, 1, 1, 1, 1, 1, 1, 1], [0, 1, 1, 1, 1, 1, 1, 1, 1, 1, 1, 1, 1, 1, 1, 1, 0, 1, 1, 1, 1, 1, 1, 1, 1, 1, 1, 1, 1, 1], [0, 1, 1, 1, 1, 1, 1, 1, 1, 1, 1, 1, 1, 1, 1, 1, 1, 0, 1, 1, 1, 1, 1, 1, 1, 1, 1, 1, 1, 1], [0, 1, 1, 1, 1, 1, 1, 1, 1, 1, 1, 1, 1, 1, 1, 1, 1, 1, 0, 1, 1, 1, 1, 1, 1, 1, 1, 1, 1, 1], [0, 1, 1, 1, 1, 1, 1, 1, 1, 1, 1, 1, 1, 1, 1, 1, 1, 1, 1, 0, 1, 1, 1, 1, 1, 1, 1, 1, 1, 1], [0, 1, 1, 1, 1, 1, 1, 1, 1, 1, 1, 1, 1, 1, 1, 1, 1, 1, 1, 1, 0, 1, 1, 1, 1, 1, 1, 1, 1, 1], [0, 1, 1, 1, 1, 1, 1, 1, 1, 1, 1, 1, 1, 1, 1, 1, 1, 1, 1, 1, 1, 0, 1, 1, 1, 1, 1, 1, 1, 1], [0, 1, 1, 1, 1, 1, 1, 1, 1, 1, 1, 1, 1, 1, 1, 1, 1, 1, 1, 1, 1, 1, 0, 1, 1, 1, 1, 1, 1, 1], [0, 1, 1, 1, 1, 1, 1, 1, 1, 1, 1, 1, 1, 1, 1, 1, 1, 1, 1, 1, 1, 1, 1, 0, 1, 1, 1, 1, 1, 1], [0, 1, 1, 1, 1, 1, 1, 1, 1, 1, 1, 1, 1, 1, 1, 1, 1, 1, 1, 1, 1, 1, 1, 1, 0, 1, 1, 1, 1, 1], [0, 1, 1, 1, 1, 1, 1, 1, 1, 1, 1, 1, 1, 1, 1, 1, 1, 1, 1, 1, 1, 1, 1, 1, 1, 0, 1, 1, 1, 1], [0, 1, 1, 1, 1, 1, 1, 1, 1, 1, 1, 1, 1, 1, 1, 1, 1, 1, 1, 1, 1, 1, 1, 1, 1, 1, 0, 1, 1, 1], [0, 1, 1, 1, 1, 1, 1, 1, 1, 1, 1, 1, 1, 1, 1, 1, 1, 1, 1, 1, 1, 1, 1, 1, 1, 1, 1, 0, 1, 1], [0, 1, 1, 1, 1, 1, 1, 1, 1, 1, 1, 1, 1, 1, 1, 1, 1, 1, 1, 1, 1, 1, 1, 1, 1, 1, 1, 1, 0, 1], [0, 0, 0, 0, 0, 0, 0, 0, 0, 0, 0, 0, 0, 0, 0, 0, 0, 0, 0, 0, 0, 0, 0, 0, 0, 0, 0, 0, 0, 0]], "coordinates": [[40.0, 50.0], [18.0, 75.0], [15.0, 80.0], [5.0, 35.0], [0.0, 45.0], [38.0, 5.0], [38.0, 15.0], [35.0, 5.0], [65.0, 85.0], [65.0, 82.0], [62.0, 80.0], [60.0, 80.0], [60.0, 85.0], [58.0, 75.0], [55.0, 80.0], [55.0, 85.0], [18.0, 80.0], [30.0, 60.0], [15.0, 10.0], [65.0, 35.0], [45.0, 30.0], [35.0, 40.0], [64.0, 42.0], [40.0, 60.0], [65.0, 55.0], [63.0, 65.0], [20.0, 20.0], [23.0, 3.0], [49.0, 58.0], [40.0, 50.0]]}, "cluster_count": 3, "cluster_speeds": [[1.5, 1.0, 1.67, 1.17, 1.33], [1.17, 0.67, 1.33, 0.83, 1.0], [1.0, 0.33, 0.67, 0.5, 0.83]], "clusters": [[0, 1, 1, 1, 1, 2, 1, 0, 2, 1, 0, 1, 1, 1, 2, 0, 2, 0, 1, 1, 2, 2, 2, 0, 0, 0, 0, 0, 2, 1], [0, 0, 1, 0, 1, 1, 1, 1, 0, 2, 1, 0, 0, 0, 0, 2, 0, 0, 0, 1, 2, 1, 2, 1, 1, 0, 2, 1, 2, 2], [2, 2, 1, 0, 1, 0, 2, 1, 1, 0, 1, 0, 1, 1, 2, 2, 2, 2, 0, 2, 1, 1, 2, 2, 1, 0, 1, 0, 0, 2], [2, 0, 1, 2, 2, 0, 1, 0, 1, 1, 2, 1, 2, 2, 0, 1, 1, 1, 1, 2, 1, 0, 0, 1, 0, 0, 0, 0, 2, 0], [0, 2, 2, 0, 1, 0, 1, 1, 0, 1, 2, 0, 0, 2, 1, 2, 1, 0, 2, 2, 1, 1, 1, 1, 2, 1, 1, 0, 1, 1], [0, 1, 0, 0, 1, 1, 1, 2, 2, 1, 1, 2, 0, 2, 1, 2, 0, 0, 0, 1, 0, 1, 0, 1, 1, 0, 0, 2, 1, 1], [0, 1, 0, 2, 0, 0, 2, 2, 0, 1, 1, 1, 1, 0, 2, 2, 0, 0, 0, 0, 0, 1, 0, 1, 1, 2, 2, 1, 0, 2], [1, 0, 1, 2, 2, 2, 1, 0, 1, 2, 1, 2, 0, 2, 1, 0, 2, 2, 2, 0, 2, 1, 1, 0, 1, 2, 2, 2, 0, 2], [2, 2, 2, 0, 1, 2, 1, 2, 1, 0, 1, 0, 1, 2, 0, 0, 2, 2, 1, 0, 1, 2, 0, 0, 1, 2, 1, 2, 1, 0], [1, 0, 2, 0, 2, 2, 0, 0, 2, 2, 0, 2, 0, 2, 0, 0, 1, 2, 2, 1, 1, 1, 0, 2, 0, 0, 0, 2, 1, 1], [2, 2, 2, 1, 2, 1, 1, 0, 2, 2, 1, 0, 2, 2, 2, 0, 0, 0, 1, 1, 1, 0, 1, 1, 1, 1, 1, 2, 0, 1], [2, 1, 0, 2, 0, 0, 2, 0, 2, 2, 2, 1, 2, 2, 1, 0, 2, 0, 0, 0, 1, 2, 2, 0, 1, 1, 2, 0, 1, 0], [0, 2, 2, 2, 0, 1, 0, 1, 2, 2, 2, 1, 0, 1, 2, 2, 0, 2, 1, 2, 0, 1, 2, 2, 2, 0, 2, 1, 0, 2], [1, 1, 0, 2, 0, 2, 0, 0, 1, 1, 0, 2, 1, 0, 0, 2, 1, 0, 1, 2, 0, 1, 1, 0, 1, 2, 2, 0, 2, 2], [2, 1, 2, 1, 2, 0, 0, 0, 2, 0, 2, 0, 2, 0, 1, 0, 1, 2, 2, 2, 1, 2, 0, 1, 0, 0, 0, 2, 1, 0], [1, 0, 1, 2, 1, 0, 0, 2, 2, 1, 0, 0, 2, 1, 1, 2, 1, 2, 1, 0, 2, 2, 0, 1, 1, 0, 0, 0, 1, 0], [2, 0, 1, 1, 1, 1, 1, 1, 0, 0, 1, 1, 2, 1, 1, 2, 0, 0, 2, 2, 0, 2, 2, 1, 1, 2, 0, 0, 0, 2], [1, 1, 0, 2, 2, 2, 1, 1, 2, 1, 2, 2, 2, 2, 0, 1, 2, 2, 2, 0, 0, 1, 0, 2, 1, 0, 2, 0, 0, 0], [0, 2, 2, 0, 2, 0, 1, 0, 0, 2, 0, 0, 2, 0, 0, 0, 1, 2, 1, 1, 1, 0, 2, 0, 0, 1, 1, 0, 2, 0], [2, 0, 2, 0, 2, 0, 0, 1, 1, 0, 0, 2, 2, 1, 2, 2, 2, 2, 2, 2, 0, 1, 1, 2, 0, 1, 1, 0, 2, 0], [0, 2, 1, 0, 0, 0, 1, 1, 0, 2, 0, 0, 2, 1, 0, 1, 1, 1, 0, 1, 1, 0, 0, 0, 1, 0, 2, 2, 0, 1], [2, 0, 2, 2, 2, 0, 1, 2, 1, 0, 2, 2, 0, 1, 1, 0, 0, 2, 1, 2, 0, 2, 1, 2, 2, 2, 1, 1, 0, 0], [0, 1, 0, 0, 1, 0, 0, 0, 1, 1, 2, 2, 0, 0, 1, 2, 2, 1, 0, 0, 1, 0, 1, 2, 1, 1, 1, 2, 0, 1], [2, 0, 0, 1, 1, 0, 0, 0, 1, 1, 1, 0, 1, 1, 2, 0, 0, 0, 1, 0, 2, 0, 0, 1, 1, 1, 0, 1, 1, 1], [2, 1, 2, 0, 0, 1, 1, 2, 1, 0, 0, 2, 1, 1, 2, 1, 1, 2, 0, 1, 0, 1, 2, 1, 2, 0, 2, 1, 0, 1], [1, 2, 2, 2, 2, 1, 2, 1, 1, 2, 1, 0, 2, 1, 2, 0, 1, 2, 2, 1, 0, 2, 0, 1, 2, 1, 0, 0, 2, 0], [0, 2, 1, 0, 2, 1, 1, 2, 2, 2, 1, 2, 1, 1, 2, 0, 2, 0, 2, 2, 2, 1, 1, 0, 0, 0, 1, 1, 2, 1], [0, 0, 1, 2, 1, 2, 1, 2, 0, 2, 0, 1, 2, 0, 1, 0, 0, 0, 0, 0, 2, 0, 2, 1, 1, 1, 1, 1, 2, 1], [2, 1, 2, 1, 1, 0, 1, 0, 0, 1, 2, 1, 0, 2, 0, 2, 0, 1, 0, 2, 2, 1, 2, 1, 0, 1, 1, 1, 1, 2], [2, 2, 2, 1, 2, 2, 2, 0, 0, 1, 1, 1, 1, 2, 2, 2, 1, 0, 1, 2, 0, 1, 0, 0, 1, 1, 2, 0, 1, 1]], "speed_zone_count": 5, "speed_zones": [[0.0, 192.0], [192.0, 288.0], [288.0, 672.0], [672.0, 768.0], [768.0, 960.0]], "distances": [[0, 33, 38, 38, 40, 45, 35, 45, 42, 39, 36, 35, 40, 30, 33, 38, 37, 14, 47, 29, 20, 11, 25, 10, 25, 27, 36, 49, 12, 0], [33, 0, 5, 42, 34, 72, 63, 72, 48, 47, 44, 42, 43, 40, 37, 38, 5, 19, 65, 61, 52, 38, 56, 26, 51, 46, 55, 72, 35, 33], [38, 5, 0, 46, 38, 77, 68, 77, 50, 50, 47, 45, 45, 43, 40, 40, 3, 24, 70, 66, 57, 43, 61, 31, 55, 50, 60, 77, 40, 38], [38, 42, 46, 0, 11, 44, 38, 42, 77, 75, 72, 71, 74, 66, 67, 70, 46, 35, 26, 60, 40, 30, 59, 43, 63, 64, 21, 36, 49, 38], [40, 34, 38, 11, 0, 55, 48, 53, 76, 74, 70, 69, 72, 64, 65, 68, 39, 33, 37, 65, 47, 35, 64, 42, 65, 65, 32, 47, 50, 40], [45, 72, 77, 44, 55, 0, 10, 3, 83, 80, 77, 77, 82, 71, 75, 80, 77, 55, 23, 40, 25, 35, 45, 55, 56, 64, 23, 15, 53, 45], [35, 63, 68, 38, 48, 10, 0, 10, 74, 71, 68, 68, 73, 62, 66, 71, 68, 45, 23, 33, 16, 25, 37, 45, 48, 55, 18, 19, 44, 35], [45, 72, 77, 42, 53, 3, 10, 0, 84, 81, 78, 78, 83, 72, 76, 81, 76, 55, 20, 42, 26, 35, 47, 55, 58, 65, 21, 12, 54, 45], [42, 48, 50, 77, 76, 83, 74, 84, 0, 3, 5, 7, 5, 11, 11, 10, 47, 42, 88, 50, 57, 52, 43, 34, 30, 20, 77, 90, 30, 41], [39, 47, 50, 75, 74, 80, 71, 81, 3, 0, 3, 5, 5, 9, 10, 10, 47, 40, 86, 47, 55, 50, 40, 32, 27, 17, 75, 88, 28, 39], [36, 44, 47, 72, 70, 77, 68, 78, 5, 3, 0, 2, 5, 6, 7, 8, 44, 37, 83, 45, 52, 47, 38, 29, 25, 15, 72, 85, 25, 36], [35, 42, 45, 71, 69, 77, 68, 78, 7, 5, 2, 0, 5, 5, 5, 7, 42, 36, 82, 45, 51, 46, 38, 28, 25, 15, 71, 84, 24, 35], [40, 43, 45, 74, 72, 82, 73, 83, 5, 5, 5, 5, 0, 10, 7, 5, 42, 39, 87, 50, 56, 51, 43, 32, 30, 20, 76, 89, 29, 40], [30, 40, 43, 66, 64, 71, 62, 72, 11, 9, 6, 5, 10, 0, 5, 10, 40, 31, 77, 40, 46, 41, 33, 23, 21, 11, 66, 79, 19, 30], [33, 37, 40, 67, 65, 75, 66, 76, 11, 10, 7, 5, 7, 5, 0, 5, 37, 32, 80, 45, 50, 44, 38, 25, 26, 16, 69, 82, 22, 33], [38, 38, 40, 70, 68, 80, 71, 81, 10, 10, 8, 7, 5, 10, 5, 0, 37, 35, 84, 50, 55, 49, 43, 29, 31, 21, 73, 87, 27, 38], [37, 5, 3, 46, 39, 77, 68, 76, 47, 47, 44, 42, 42, 40, 37, 37, 0, 23, 70, 64, 56, 43, 59, 29, 53, 47, 60, 77, 38, 37], [14, 19, 24, 35, 33, 55, 45, 55, 42, 40, 37, 36, 39, 31, 32, 35, 23, 0, 52, 43, 33, 20, 38, 10, 35, 33, 41, 57, 19, 14], [47, 65, 70, 26, 37, 23, 23, 20, 88, 86, 83, 82, 87, 77, 80, 84, 70, 52, 0, 55, 36, 36, 58, 55, 67, 73, 11, 10, 58, 47], [29, 61, 66, 60, 65, 40, 33, 42, 50, 47, 45, 45, 50, 40, 45, 50, 64, 43, 55, 0, 20, 30, 7, 35, 20, 30, 46, 52, 28, 29], [20, 52, 57, 40, 47, 25, 16, 26, 57, 55, 52, 51, 56, 46, 50, 55, 56, 33, 36, 20, 0, 14, 22, 30, 32, 39, 26, 34, 28, 20], [11, 38, 43, 30, 35, 35, 25, 35, 52, 50, 47, 46, 51, 41, 44, 49, 43, 20, 36, 30, 14, 0, 29, 20, 33, 37, 25, 38, 22, 11], [25, 56, 61, 59, 64, 45, 37, 47, 43, 40, 38, 38, 43, 33, 38, 43, 59, 38, 58, 7, 22, 29, 0, 30, 13, 23, 48, 56, 21, 25], [10, 26, 31, 43, 42, 55, 45, 55, 34, 32, 29, 28, 32, 23, 25, 29, 29, 10, 55, 35, 30, 20, 30, 0, 25, 23, 44, 58, 9, 10], [25, 51, 55, 63, 65, 56, 48, 58, 30, 27, 25, 25, 30, 21, 26, 31, 53, 35, 67, 20, 32, 33, 13, 25, 0, 10, 57, 66, 16, 25], [27, 46, 50, 64, 65, 64, 55, 65, 20, 17, 15, 15, 20, 11, 16, 21, 47, 33, 73, 30, 39, 37, 23, 23, 10, 0, 62, 73, 15, 27], [36, 55, 60, 21, 32, 23, 18, 21, 77, 75, 72, 71, 76, 66, 69, 73, 60, 41, 11, 46, 26, 25, 48, 44, 57, 62, 0, 17, 47, 36], [49, 72, 77, 36, 47, 15, 19, 12, 90, 88, 85, 84, 89, 79, 82, 87, 77, 57, 10, 52, 34, 38, 56, 58, 66, 73, 17, 0, 60, 49], [12, 35, 40, 49, 50, 53, 44, 54, 30, 28, 25, 24, 29, 19, 22, 27, 38, 19, 58, 28, 28, 22, 21, 9, 16, 15, 47, 60, 0, 12], [0, 33, 38, 38, 40, 45, 35, 45, 41, 39, 36, 35, 40, 30, 33, 38, 37, 14, 47, 29, 20, 11, 25, 10, 25, 27, 36, 49, 12, 0]], "time_windows": [[0.0, 960.0], [388.0, 508.0], [367.0, 487.0], [653.0, 773.0], [703.0, 823.0], [201.0, 321.0], [681.0, 801.0], [784.0, 904.0], [43.0, 163.0], [0.0, 909.0], [278.0, 398.0], [64.0, 184.0], [329.0, 449.0], [376.0, 496.0], [33.0, 153.0], [574.0, 694.0], [489.0, 609.0], [599.0, 719.0], [782.0, 902.0], [167.0, 287.0], [191.0, 311.0], [11.0, 131.0], [268.0, 388.0], [612.0, 732.0], [241.0, 361.0], [0.0, 922.0], [645.0, 765.0], [764.0, 884.0], [355.0, 475.0], [0.0, 960.0]], "start_depot": 0, "end_depot": 29, "horizon": [0.0, 960.0]}