{"digraph": {"vertex_count": 38, "arc_count": 1332, "arcs": [[0, 1, 1, 1, 1, 1, 1, 1, 1, 1, 1, 1, 1, 1, 1, 1, 1, 1, 1, 1, 1, 1, 1, 1, 1, 1, 1, 1, 1, 1, 1, 1, 1, 1, 1, 1, 1, 1], [0, 0, 1, 1, 1, 1, 1, 1, 1, 1, 1, 1, 1, 1, 1, 1, 1, 1, 1, 1, 1, 1, 1, 1, 1, 1, 1, 1, 1, 1, 1, 1, 1, 1, 1, 1, 1, 1], [0, 1, 0, 1, 1, 1, 1, 1, 1, 1, 1, 1, 1, 1, 1, 1, 1, 1, 1, 1, 1, 1, 1, 1, 1, 1, 1, 1, 1, 1, 1, 1, 1, 1, 1, 1, 1, 1], [0, 1, 1, 0, 1, 1, 1, 1, 1, 1, 1, 1, 1, 1, 1, 1, 1, 1, 1, 1, 1, 1, 1, 1, 1, 1, 1, 1, 1, 1, 1, 1, 1, 1, 1, 1, 1, 1], [0, 1, 1, 1, 0, 1, 1, 1, 1, 1, 1, 1, 1, 1, 1, 1, 1, 1, 1, 1, 1, 1, 1, 1, 1, 1, 1, 1, 1, 1, 1, 1, 1, 1, 1, 1, 1, 1], [0, 1, 1, 1, 1, 0, 1, 1, 1, 1, 1, 1, 1, 1, 1, 1, 1, 1, 1, 1, 1, 1, 1, 1, 1, 1, 1, 1, 1, 1, 1, 1, 1, 1, 1, 1, 1, 1], [0, 1, 1, 1, 1, 1, 0, 1, 1, 1, 1, 1, 1, 1, 1, 1, 1, 1, 1, 1, 1, 1, 1, 1, 1, 1, 1, 1, 1, 1, 1, 1, 1, 1, 1, 1, 1, 1], [0, 1, 1, 1, 1, 1, 1, 0, 1, 1, 1, 1, 1, 1, 1, 1, 1, 1, 1, 1, 1, 1, 1, 1, 1, 1, 1, 1, 1, 1, 1, 1, 1, 1, 1, 1, 1, 1], [0, 1, 1, 1, 1, 1, 1, 1, 0, 1, 1, 1, 1, 1, 1, 1, 1, 1, 1, 1, 1, 1, 1, 1, 1, 1, 1, 1, 1, 1, 1, 1, 1, 1, 1, 1, 1, 1], [0, 1, 1, 1, 1, 1, 1, 1, 1, 0, 1, 1, 1, 1, 1, 1, 1, 1, 1, 1, 1, 1, 1, 1, 1, 1, 1, 1, 1, 1, 1, 1, 1, 1, 1, 1, 1, 1], [0, 1, 1, 1, 1, 1, 1, 1, 1, 1, 0, 1, 1, 1, 1, 1, 1, 1, 1, 1, 1, 1, 1, 1, 1, 1, 1, 1, 1, 1, 1, 1, 1, 1, 1, 1, 1, 1], [0, 1, 1, 1, 1, 1, 1, 1, 1, 1, 1, 0, 1, 1, 1, 1, 1, 1, 1, 1, 1, 1, 1, 1, 1, 1, 1, 1, 1, 1, 1, 1, 1, 1, 1, 1, 1, 1], [0, 1, 1, 1, 1, 1, 1, 1, 1, 1, 1, 1, 0, 1, 1, 1, 1, 1, 1, 1, 1, 1, 1, 1, 1, 1, 1, 1, 1, 1, 1, 1, 1, 1, 1, 1, 1, 1], [0, 1, 1, 1, 1, 1, 1, 1, 1, 1, 1, 1, 1, 0, 1, 1, 1, 1, 1, 1, 1, 1, 1, 1, 1, 1, 1, 1, 1, 1, 1, 1, 1, 1, 1, 1, 1, 1], [0, 1, 1, 1, 1, 1, 1, 1, 1, 1, 1, 1, 1, 1, 0, 1, 1, 1, 1, 1, 1, 1, 1, 1, 1, 1, 1, 1, 1, 1, 1, 1, 1, 1, 1, 1, 1, 1], [0, 1, 1, 1, 1, 1, 1, 1, 1, 1, 1, 1, 1, 1, 1, 0, 1, 1, 1, 1, 1, 1, 1, 1, 1, 1, 1, 1, 1, 1, 1, 1, 1, 1, 1, 1, 1, 1], [0, 1, 1, 1, 1, 1, 1, 1, 1, 1, 1, 1, 1, 1, 1, 1, 0, 1, 1, 1, 1, 1, 1, 1, 1, 1, 1, 1, 1, 1, 1, 1, 1, 1, 1, 1, 1, 1], [0, 1, 1, 1, 1, 1, 1, 1, 1, 1, 1, 1, 1, 1, 1, 1, 1, 0, 1, 1, 1, 1, 1, 1, 1, 1, 1, 1, 1, 1, 1, 1, 1, 1, 1, 1, 1, 1], [0, 1, 1, 1, 1, 1, 1, 1, 1, 1, 1, 1, 1, 1, 1, 1, 1, 1, 0, 1, 1, 1, 1, 1, 1, 1, 1, 1, 1, 1, 1, 1, 1, 1, 1, 1, 1, 1], [0, 1, 1, 1, 1, 1, 1, 1, 1, 1, 1, 1, 1, 1, 1, 1, 1, 1, 1, 0, 1, 1, 1, 1, 1, 1, 1, 1, 1, 1, 1, 1, 1, 1, 1, 1, 1, 1], [0, 1, 1, 1, 1, 1, 1, 1, 1, 1, 1, 1, 1, 1, 1, 1, 1, 1, 1, 1, 0, 1, 1, 1, 1, 1, 1, 1, 1, 1, 1, 1, 1, 1, 1, 1, 1, 1], [0, 1, 1, 1, 1, 1, 1, 1, 1, 1, 1, 1, 1, 1, 1, 1, 1, 1, 1, 1, 1, 0, 1, 1, 1, 1, 1, 1, 1, 1, 1, 1, 1, 1, 1, 1, 1, 1], [0, 1, 1, 1, 1, 1, 1, 1, 1, 1, 1, 1, 1, 1, 1, 1, 1, 1, 1, 1, 1, 1, 0, 1, 1, 1, 1, 1, 1, 1, 1, 1, 1, 1, 1, 1, 1, 1], [0, 1, 1, 1, 1, 1, 1, 1, 1, 1, 1, 1, 1, 1, 1, 1, 1, 1, 1, 1, 1, 1, 1, 0, 1, 1, 1, 1, 1, 1, 1, 1, 1, 1, 1, 1, 1, 1], [0, 1, 1, 1, 1, 1, 1, 1, 1, 1, 1, 1, 1, 1, 1, 1, 1, 1, 1, 1, 1, 1, 1, 1, 0, 1, 1, 1, 1, 1, 1, 1, 1, 1, 1, 1, 1, 1], [0, 1, 1, 1, 1, 1, 1, 1, 1, 1, 1, 1, 1, 1, 1, 1, 1, 1, 1, 1, 1, 1, 1, 1, 1, 0, 1, 1, 1, 1, 1, 1, 1, 1, 1, 1, 1, 1], [0, 1, 1, 1, 1, 1, 1, 1, 1, 1, 1, 1, 1, 1, 1, 1, 1, 1, 1, 1, 1, 1, 1, 1, 1, 1, 0, 1, 1, 1, 1, 1, 1, 1, 1, 1, 1, 1], [0, 1, 1, 1, 1, 1, 1, 1, 1, 1, 1, 1, 1, 1, 1, 1, 1, 1, 1, 1, 1, 1, 1, 1, 1, 1, 1, 0, 1, 1, 1, 1, 1, 1, 1, 1, 1, 1], [0, 1, 1, 1, 1, 1, 1, 1, 1, 1, 1, 1, 1, 1, 1, 1, 1, 1, 1, 1, 1, 1, 1, 1, 1, 1, 1, 1, 0, 1, 1, 1, 1, 1, 1, 1, 1, 1], [0, 1, 1, 1, 1, 1, 1, 1, 1, 1, 1, 1, 1, 1, 1, 1, 1, 1, 1, 1, 1, 1, 1, 1, 1, 1, 1, 1, 1, 0, 1, 1, 1, 1, 1, 1, 1, 1], [0, 1, 1, 1, 1, 1, 1, 1, 1, 1, 1, 1, 1, 1, 1, 1, 1, 1, 1, 1, 1, 1, 1, 1, 1, 1, 1, 1, 1, 1, 0, 1, 1, 1, 1, 1, 1, 1], [0, 1, 1, 1, 1, 1, 1, 1, 1, 1, 1, 1, 1, 1, 1, 1, 1, 1, 1, 1, 1, 1, 1, 1, 1, 1, 1, 1, 1, 1, 1, 0, 1, 1, 1, 1, 1, 1], [0, 1, 1, 1, 1, 1, 1, 1, 1, 1, 1, 1, 1, 1, 1, 1, 1, 1, 1, 1, 1, 1, 1, 1, 1, 1, 1, 1, 1, 1, 1, 1, 0, 1, 1, 1, 1, 1], [0, 1, 1, 1, 1, 1, 1, 1, 1, 1, 1, 1, 1, 1, 1, 1, 1, 1, 1, 1, 1, 1, 1, 1, 1, 1, 1, 1, 1, 1, 1, 1, 1, 0, 1, 1, 1, 1], [0, 1, 1, 1, 1, 1, 1, 1, 1, 1, 1, 1, 1, 1, 1, 1, 1, 1, 1, 1, 1, 1, 1, 1, 1, 1, 1, 1, 1, 1, 1, 1, 1, 1, 0, 1, 1, 1], [0, 1, 1, 1, 1, 1, 1, 1, 1, 1, 1, 1, 1, 1, 1, 1, 1, 1, 1, 1, 1, 1, 1, 1, 1, 1, 1, 1, 1, 1, 1, 1, 1, 1, 1, 0, 1, 1], [0, 1, 1, 1, 1, 1, 1, 1, 1, 1, 1, 1, 1, 1, 1, 1, 1, 1, 1, 1, 1, 1, 1, 1, 1, 1, 1, 1, 1, 1, 1, 1, 1, 1, 1, 1, 0, 1], [0, 0, 0, 0, 0, 0, 0, 0, 0, 0, 0, 0, 0, 0, 0, 0, 0, 0, 0, 0, 0, 0, 0, 0, 0, 0, 0, 0, 0, 0, 0, 0, 0, 0, 0, 0, 0, 0]], "coordinates": [[40.0, 50.0], [10.0, 35.0], [10.0, 40.0], [5.0, 35.0], [44.0, 5.0], [42.0, 10.0], [42.0, 15.0], [40.0, 5.0], [40.0, 15.0], [38.0, 5.0], [38.0, 15.0], [35.0, 5.0], [42.0, 5.0], [42.0, 12.0], [55.0, 20.0], [25.0, 30.0], [30.0, 25.0], [15.0, 10.0], [10.0, 20.0], [45.0, 30.0], [35.0, 40.0], [20.0, 20.0], [5.0, 5.0], [60.0, 12.0], [23.0, 3.0], [47.0, 47.0], [27.0, 43.0], [37.0, 31.0], [57.0, 29.0], [63.0, 23.0], [21.0, 24.0], [12.0, 24.0], [67.0, 5.0], [49.0, 42.0], [53.0, 43.0], [56.0, 37.0], [4.0, 18.0], [40.0, 50.0]]}, "cluster_count": 3, "cluster_speeds": [[1.5, 1.0, 1.67, 1.17, 1.33], [1.17, 0.67, 1.33, 0.83, 1.0], [1.0, 0.33, 0.67, 0.5, 0.83]], "clusters": [[2, 1, 1, 2, 1, 0, 1, 2, 2, 2, 2, 0, 1, 0, 1, 0, 1, 2, 1, 1, 1, 2, 1, 2, 2, 1, 1, 2, 0, 0, 0, 2, 2, 0, 0, 2, 2, 2], [2, 2, 0, 2, 2, 2, 2, 1, 1, 0, 0, 2, 2, 2, 1, 1, 0, 1, 2, 2, 2, 1, 0, 2, 2, 0, 2, 0, 2, 0, 2, 0, 2, 0, 0, 1, 2, 1], [1, 2, 1, 2, 1, 2, 1, 0, 0, 1, 1, 2, 0, 2, 0, 0, 1, 1, 0, 0, 0, 2, 2, 0, 1, 0, 1, 2, 2, 0, 2, 1, 2, 0, 2, 1, 0, 2], [1, 1, 2, 1, 2, 1, 1, 0, 2, 0, 0, 2, 2, 0, 0, 2, 1, 1, 2, 2, 1, 0, 1, 1, 0, 2, 0, 0, 2, 1, 0, 0, 1, 0, 1, 1, 0, 1], [1, 1, 0, 1, 2, 1, 0, 2, 1, 1, 1, 0, 0, 0, 2, 0, 1, 1, 0, 1, 0, 1, 2, 1, 1, 0, 2, 2, 2, 1, 0, 2, 0, 2, 1, 0, 1, 0], [1, 1, 0, 2, 2, 2, 2, 1, 0, 1, 1, 2, 1, 2, 0, 1, 1, 2, 0, 1, 1, 0, 0, 2, 0, 1, 2, 2, 1, 1, 1, 0, 2, 2, 2, 0, 1, 2], [0, 2, 2, 0, 2, 1, 2, 1, 0, 2, 2, 1, 2, 1, 2, 0, 0, 1, 1, 2, 0, 2, 1, 0, 0, 1, 1, 1, 1, 1, 0, 1, 1, 1, 0, 2, 2, 0], [0, 2, 0, 1, 2, 2, 2, 0, 2, 2, 0, 2, 2, 0, 0, 0, 2, 0, 0, 0, 0, 0, 0, 1, 1, 2, 0, 2, 0, 1, 0, 2, 1, 0, 1, 0, 2, 1], [0, 0, 2, 2, 1, 0, 0, 0, 2, 0, 2, 2, 0, 2, 0, 2, 0, 1, 2, 1, 0, 2, 0, 0, 0, 1, 2, 0, 1, 1, 1, 0, 2, 0, 0, 0, 0, 0], [1, 0, 2, 0, 0, 1, 0, 0, 1, 0, 2, 1, 2, 1, 2, 0, 2, 1, 2, 2, 0, 1, 1, 1, 2, 1, 1, 1, 0, 1, 0, 0, 1, 1, 2, 2, 2, 1], [0, 1, 1, 2, 1, 2, 2, 1, 2, 1, 2, 1, 0, 2, 1, 1, 1, 0, 2, 2, 1, 1, 1, 0, 2, 2, 2, 1, 0, 0, 0, 0, 2, 0, 2, 1, 1, 2], [2, 2, 0, 1, 1, 0, 1, 0, 2, 2, 0, 0, 1, 1, 2, 1, 0, 0, 1, 2, 0, 1, 0, 1, 0, 0, 2, 2, 0, 1, 1, 0, 0, 2, 2, 1, 2, 1], [2, 1, 0, 2, 0, 1, 0, 1, 0, 2, 1, 2, 0, 1, 2, 1, 1, 0, 2, 2, 1, 0, 0, 1, 0, 2, 2, 0, 0, 1, 0, 0, 2, 0, 2, 2, 0, 2], [0, 2, 0, 1, 2, 0, 1, 0, 0, 0, 0, 0, 2, 0, 0, 0, 0, 2, 1, 2, 0, 0, 0, 0, 1, 0, 2, 1, 1, 0, 0, 0, 0, 1, 0, 2, 1, 1], [1, 0, 0, 0, 1, 0, 0, 2, 1, 0, 0, 2, 1, 1, 1, 0, 2, 1, 2, 2, 1, 0, 0, 1, 2, 2, 1, 0, 1, 1, 0, 0, 0, 1, 2, 2, 1, 1], [0, 0, 2, 0, 2, 0, 0, 0, 1, 0, 2, 2, 2, 0, 0, 1, 1, 1, 0, 2, 1, 2, 0, 2, 2, 1, 1, 1, 1, 2, 1, 0, 1, 1, 1, 2, 0, 0], [0, 0, 2, 1, 0, 0, 0, 1, 0, 0, 0, 0, 0, 2, 2, 2, 2, 1, 2, 1, 0, 2, 0, 1, 1, 0, 1, 0, 0, 1, 1, 0, 0, 0, 1, 2, 2, 1], [2, 2, 2, 0, 1, 1, 0, 0, 1, 0, 0, 1, 2, 1, 1, 0, 2, 0, 2, 2, 2, 0, 1, 0, 1, 0, 0, 1, 1, 1, 2, 2, 0, 0, 0, 2, 2, 2], [0, 1, 1, 1, 2, 1, 2, 1, 1, 0, 0, 2, 1, 1, 0, 0, 2, 1, 1, 1, 0, 2, 0, 1, 1, 1, 0, 2, 1, 0, 1, 1, 2, 2, 0, 1, 1, 0], [2, 2, 0, 2, 2, 0, 0, 2, 2, 1, 1, 0, 0, 2, 1, 2, 1, 1, 1, 2, 0, 0, 2, 1, 1, 2, 2, 1, 2, 2, 1, 1, 0, 1, 2, 1, 1, 1], [2, 1, 1, 0, 2, 2, 1, 2, 1, 2, 2, 2, 1, 0, 0, 2, 2, 1, 2, 1, 2, 0, 2, 1, 0, 2, 1, 2, 2, 2, 2, 2, 2, 1, 2, 1, 2, 1], [0, 0, 2, 1, 2, 2, 2, 1, 2, 2, 2, 2, 2, 2, 2, 2, 1, 0, 1, 0, 2, 1, 2, 1, 0, 1, 2, 1, 2, 2, 0, 1, 2, 2, 0, 2, 1, 1], [0, 1, 2, 1, 2, 0, 2, 2, 2, 0, 2, 2, 2, 0, 0, 2, 0, 2, 0, 0, 1, 0, 1, 2, 0, 1, 0, 1, 0, 0, 0, 0, 1, 2, 1, 1, 0, 2], [2, 1, 2, 2, 2, 2, 1, 1, 1, 2, 1, 0, 0, 0, 0, 2, 0, 1, 1, 2, 1, 1, 0, 2, 0, 2, 0, 2, 2, 1, 2, 2, 2, 0, 2, 0, 2, 1], [0, 0, 1, 2, 2, 0, 2, 2, 0, 2, 0, 1, 1, 2, 2, 2, 1, 1, 2, 2, 0, 0, 2, 0, 1, 1, 1, 0, 1, 2, 2, 2, 2, 2, 0, 1, 1, 2], [1, 1, 1, 2, 0, 0, 0, 1, 2, 1, 1, 2, 0, 1, 1, 0, 2, 0, 0, 1, 0, 2, 1, 0, 1, 1, 0, 1, 2, 0, 2, 0, 0, 0, 1, 0, 1, 1], [1, 2, 2, 0, 1, 1, 2, 0, 2, 0, 2, 1, 0, 1, 0, 1, 1, 1, 2, 1, 2, 2, 0, 0, 1, 1, 1, 1, 1, 2, 0, 0, 2, 1, 2, 2, 0, 0], [1, 0, 0, 2, 0, 0, 1, 1, 1, 2, 0, 1, 1, 1, 2, 0, 2, 2, 1, 2, 2, 1, 1, 1, 1, 2, 0, 1, 0, 2, 0, 0, 0, 1, 1, 2, 1, 1], [0, 2, 0, 1, 2, 1, 1, 0, 2, 0, 1, 2, 1, 0, 1, 0, 1, 1, 1, 1, 1, 1, 2, 0, 1, 0, 2, 2, 0, 1, 0, 1, 0, 0, 1, 0, 1, 0], [1, 1, 0, 1, 0, 0, 1, 1, 1, 1, 0, 0, 2, 0, 1, 1, 0, 2, 1, 2, 1, 1, 0, 0, 2, 0, 1, 1, 0, 1, 1, 1, 1, 0, 1, 1, 1, 0], [2, 2, 2, 1, 2, 2, 2, 1, 2, 2, 1, 0, 2, 1, 1, 2, 2, 0, 2, 2, 0, 2, 0, 0, 0, 1, 1, 2, 0, 2, 0, 0, 0, 1, 1, 0, 0, 1], [0, 1, 1, 2, 0, 0, 1, 0, 0, 2, 2, 0, 2, 1, 2, 2, 2, 2, 2, 0, 2, 0, 2, 2, 1, 1, 0, 0, 1, 2, 1, 0, 2, 1, 1, 0, 1, 0], [1, 1, 1, 2, 2, 1, 0, 2, 1, 1, 2, 2, 0, 2, 2, 0, 1, 0, 1, 2, 0, 0, 1, 1, 0, 2, 2, 1, 2, 1, 2, 1, 0, 1, 1, 1, 1, 2], [0, 0, 1, 1, 0, 2, 2, 0, 0, 2, 1, 1, 1, 2, 0, 1, 1, 0, 0, 1, 2, 0, 2, 1, 2, 1, 2, 1, 1, 1, 2, 1, 1, 1, 0, 0, 2, 2], [0, 0, 2, 0, 1, 1, 2, 1, 0, 2, 2, 2, 2, 2, 0, 0, 1, 2, 0, 2, 1, 0, 0, 0, 2, 0, 1, 2, 1, 2, 2, 1, 1, 1, 0, 1, 2, 2], [0, 1, 1, 0, 0, 0, 2, 0, 0, 1, 1, 1, 2, 1, 0, 1, 1, 0, 0, 1, 2, 2, 1, 2, 0, 0, 2, 2, 2, 0, 1, 2, 2, 1, 2, 2, 0, 0], [0, 0, 1, 1, 1, 0, 2, 2, 0, 0, 2, 1, 2, 1, 1, 2, 2, 2, 1, 1, 1, 2, 1, 1, 2, 1, 0, 2, 1, 2, 0, 1, 1, 1, 2, 2, 0, 1], [2, 2, 1, 0, 0, 2, 1, 1, 1, 0, 2, 2, 2, 0, 0, 2, 0, 1, 2, 0, 0, 1, 1, 2, 0, 2, 2, 0, 2, 2, 1, 1, 1, 0, 1, 0, 2, 2]], "speed_zone_count": 5, "speed_zones": [[0.0, 19200.0], [19200.0, 28800.0], [28800.0, 67200.0], [67200.0, 76800.0], [76800.0, 96000.0]], "distances": [[0, 3354, 3162, 3807, 4517, 4004, 3505, 4500, 3500, 4504, 3505, 4527, 4504, 3805, 3354, 2500, 2692, 4716, 4242, 2061, 1118, 3605, 5700, 4294, 4997, 761, 1476, 1923, 2701, 3546, 3220, 3820, 5247, 1204, 1476, 2061, 4816, 0], [4354, 1000, 1500, 1500, 5534, 5060, 4773, 5242, 4605, 5103, 4440, 4905, 5386, 4940, 5743, 2581, 3236, 3549, 2500, 4535, 3549, 2802, 4041, 6503, 4453, 4889, 2878, 3729, 5738, 6434, 2555, 2118, 7441, 4962, 5373, 5604, 2802, 4354], [4162, 1500, 1000, 1707, 5879, 5386, 5060, 5609, 4905, 5482, 4753, 5301, 5742, 5252, 5924, 2802, 3500, 4041, 3000, 4640, 3500, 3236, 4535, 6730, 4921, 4765, 2726, 3846, 5827, 6565, 2941, 2612, 7688, 4905, 5310, 5609, 3280, 4162], [4807, 1500, 1707, 1000, 5920, 5465, 5205, 5609, 5031, 5459, 4858, 5242, 5763, 5356, 6220, 3061, 3692, 3692, 2581, 5031, 4041, 3121, 4000, 6961, 4671, 5368, 3340, 4224, 6234, 6922, 2941, 2303, 7887, 5455, 5866, 6103, 2702, 4807], [5517, 5534, 5879, 5920, 1000, 1538, 2019, 1400, 2077, 1600, 2166, 1900, 1200, 1728, 2860, 4140, 3441, 3942, 4716, 3501, 4613, 3830, 4900, 2746, 3109, 5210, 5162, 3692, 3729, 3617, 3983, 4721, 3300, 4733, 4905, 4417, 5205, 5517], [5004, 5060, 5386, 5465, 1538, 1000, 1500, 1538, 1538, 1640, 1640, 1860, 1500, 1200, 2640, 3624, 2920, 3700, 4352, 3022, 4080, 3416, 4733, 2811, 3024, 4733, 4624, 3158, 3420, 3469, 3523, 4310, 3549, 4275, 4478, 4041, 4883, 5004], [4505, 4773, 5060, 5205, 2019, 1500, 1000, 2019, 1200, 2077, 1400, 2220, 2000, 1300, 2392, 3267, 2562, 3745, 4238, 2529, 3596, 3256, 4832, 2824, 3247, 4238, 4176, 2676, 3051, 3247, 3284, 4132, 3692, 3789, 4008, 3607, 4811, 4505], [5500, 5242, 5609, 5609, 1400, 1538, 2019, 1000, 2000, 1200, 2019, 1500, 1200, 1728, 3121, 3915, 3236, 3549, 4354, 3549, 4535, 3500, 4500, 3118, 2711, 5257, 5016, 3617, 3941, 3920, 3687, 4383, 3700, 4807, 5016, 4577, 4827, 5500], [4500, 4605, 4905, 5031, 2077, 1538, 1200, 2000, 1000, 2019, 1200, 2118, 2019, 1360, 2581, 3121, 2414, 3549, 4041, 2581, 3549, 3061, 4640, 3022, 3080, 4275, 4087, 2627, 3202, 3435, 3102, 3941, 3879, 3846, 4087, 3720, 4612, 4500], [5504, 5103, 5482, 5459, 1600, 1640, 2077, 1200, 2019, 1000, 2000, 1300, 1400, 1806, 3267, 3817, 3154, 3353, 4176, 3596, 4512, 3343, 4300, 3308, 2513, 5295, 4956, 3601, 4061, 4080, 3549, 4220, 3900, 4860, 5085, 4671, 4640, 5504], [4505, 4440, 4753, 4858, 2166, 1640, 1400, 2019, 1200, 2000, 1000, 2044, 2077, 1500, 2772, 2984, 2280, 3353, 3844, 2655, 3517, 2868, 4448, 3220, 2920, 4324, 4008, 2603, 3360, 3624, 2923, 3751, 4067, 3915, 4176, 3842, 4413, 4505], [5527, 4905, 5301, 5242, 1900, 1860, 2220, 1500, 2118, 1300, 2044, 1000, 1700, 1989, 3500, 3692, 3061, 3061, 3915, 3692, 4500, 3121, 4000, 3596, 2216, 5368, 4883, 3607, 4255, 4328, 3360, 3983, 4200, 4956, 5204, 4827, 4361, 5527], [5504, 5386, 5742, 5763, 1200, 1500, 2000, 1200, 2019, 1400, 2077, 1700, 1000, 1700, 2984, 4023, 3332, 3745, 4534, 3517, 4569, 3662, 4700, 2931, 2910, 5229, 5085, 3647, 3830, 3765, 3831, 4551, 3500, 4765, 4956, 4492, 5016, 5504], [4805, 4940, 5252, 5356, 1728, 1200, 1300, 1728, 1360, 1806, 1500, 1989, 1700, 1000, 2526, 3475, 2769, 3707, 4298, 2824, 3886, 3340, 4765, 2800, 3102, 4535, 4443, 2964, 3267, 3370, 3418, 4231, 3596, 4080, 4289, 3865, 4847, 4805], [4354, 5743, 5924, 6220, 2860, 2640, 2392, 3121, 2581, 3267, 2772, 3500, 2984, 2526, 1000, 4162, 3549, 5123, 5500, 2414, 3828, 4500, 6220, 1943, 4623, 3816, 4623, 3109, 1921, 1854, 4423, 5318, 2920, 3280, 3308, 2702, 6103, 4354], [3500, 2581, 2802, 3061, 4140, 3624, 3267, 3915, 3121, 3817, 2984, 3692, 4023, 3475, 4162, 1000, 1707, 3236, 2802, 3000, 2414, 2118, 4201, 4935, 3707, 3780, 2315, 2204, 4201, 4863, 1721, 2431, 5887, 3683, 4087, 4178, 3418, 3500], [3692, 3236, 3500, 3692, 3441, 2920, 2562, 3236, 2414, 3154, 2280, 3061, 3332, 2769, 3549, 1707, 1000, 3121, 3061, 2581, 2581, 2118, 4201, 4269, 3308, 3780, 2824, 1921, 3729, 4306, 1905, 2802, 5205, 3549, 3920, 3863, 3692, 3692], [5716, 3549, 4041, 3692, 3942, 3700, 3745, 3549, 3549, 3353, 3353, 3061, 3745, 3707, 5123, 3236, 3121, 1000, 2118, 4605, 4605, 2118, 2118, 5504, 2063, 5891, 4511, 4041, 5609, 5972, 2523, 2431, 6223, 5669, 6032, 5909, 2360, 5716], [5242, 2500, 3000, 2581, 4716, 4352, 4238, 4354, 4041, 4176, 3844, 3915, 4534, 4298, 5500, 2802, 3061, 2118, 1000, 4640, 4201, 2000, 2581, 6063, 3140, 5580, 3860, 3915, 5785, 6308, 2170, 1447, 6894, 5477, 5876, 5904, 1632, 5242], [3061, 4535, 4640, 5031, 3501, 3022, 2529, 3549, 2581, 3596, 2655, 3692, 3517, 2824, 2414, 3000, 2581, 4605, 4640, 1000, 2414, 3692, 5716, 3343, 4482, 2711, 3220, 1806, 2204, 2931, 3473, 4354, 4330, 2264, 2526, 2303, 5272, 3061], [2118, 3549, 3500, 4041, 4613, 4080, 3596, 4535, 3549, 4512, 3517, 4500, 4569, 3886, 3828, 2414, 2581, 4605, 4201, 2414, 1000, 3500, 5609, 4753, 4889, 2389, 1854, 1921, 3459, 4275, 3126, 3801, 5742, 2414, 2824, 3121, 4801, 2118], [4605, 2802, 3236, 3121, 3830, 3416, 3256, 3500, 3061, 3343, 2868, 3121, 3662, 3340, 4500, 2118, 2118, 2118, 2000, 3692, 3500, 1000, 3121, 5079, 2726, 4818, 3404, 3024, 4807, 5310, 1412, 1894, 5933, 4640, 5022, 4981, 2612, 4605], [6700, 4041, 4535, 4000, 4900, 4733, 4832, 4500, 4640, 4300, 4448, 4000, 4700, 4765, 6220, 4201, 4201, 2118, 2581, 5716, 5609, 3121, 1000, 6544, 2811, 6939, 5390, 5123, 6727, 7072, 3483, 3024, 7200, 6748, 7122, 7020, 2303, 6700], [5294, 6503, 6730, 6961, 2746, 2811, 2824, 3118, 3022, 3308, 3220, 3596, 2931, 2800, 1943, 4935, 4269, 5504, 6063, 3343, 4753, 5079, 6544, 1000, 4807, 4733, 5527, 3983, 2726, 2140, 5080, 5947, 1989, 4195, 4178, 3531, 6632, 5294], [5997, 4453, 4921, 4671, 3109, 3024, 3247, 2711, 3080, 2513, 2920, 2216, 2910, 3102, 4623, 3707, 3308, 2063, 3140, 4482, 4889, 2726, 2811, 4807, 1000, 6011, 5019, 4130, 5280, 5472, 3109, 3370, 5404, 5687, 6000, 5738, 3420, 5997], [1761, 4889, 4765, 5368, 5210, 4733, 4238, 5257, 4275, 5295, 4324, 5368, 5229, 4535, 3816, 3780, 3780, 5891, 5580, 2711, 2389, 4818, 6939, 4733, 6011, 1000, 3039, 2886, 3059, 3884, 4471, 5188, 5651, 1538, 1721, 2345, 6186, 1761], [2476, 2878, 2726, 3340, 5162, 4624, 4176, 5016, 4087, 4956, 4008, 4883, 5085, 4443, 4623, 2315, 2824, 4511, 3860, 3220, 1854, 3404, 5390, 5527, 5019, 3039, 1000, 2562, 4310, 5118, 2992, 3420, 6517, 3202, 3600, 3961, 4397, 2476], [2923, 3729, 3846, 4224, 3692, 3158, 2676, 3617, 2627, 3601, 2603, 3607, 3647, 2964, 3109, 2204, 1921, 4041, 3915, 1806, 1921, 3024, 5123, 3983, 4130, 2886, 2562, 1000, 3009, 3720, 2746, 3596, 4969, 2627, 3000, 2992, 4546, 2923], [3701, 5738, 5827, 6234, 3729, 3420, 3051, 3941, 3202, 4061, 3360, 4255, 3830, 3267, 1921, 4201, 3729, 5609, 5785, 2204, 3459, 4807, 6727, 2726, 5280, 3059, 4310, 3009, 1000, 1848, 4634, 5527, 3600, 2526, 2456, 1806, 6412, 3701], [4546, 6434, 6565, 6922, 3617, 3469, 3247, 3920, 3435, 4080, 3624, 4328, 3765, 3370, 1854, 4863, 4306, 5972, 6308, 2931, 4275, 5310, 7072, 2140, 5472, 3884, 5118, 3720, 1848, 1000, 5201, 6100, 2843, 3360, 3236, 2565, 6921, 4546], [4220, 2555, 2941, 2941, 3983, 3523, 3284, 3687, 3102, 3549, 2923, 3360, 3831, 3418, 4423, 1721, 1905, 2523, 2170, 3473, 3126, 1412, 3483, 5080, 3109, 4471, 2992, 2746, 4634, 5201, 1000, 1900, 5976, 4328, 4721, 4733, 2802, 4220], [4820, 2118, 2612, 2303, 4721, 4310, 4132, 4383, 3941, 4220, 3751, 3983, 4551, 4231, 5318, 2431, 2802, 2431, 1447, 4354, 3801, 1894, 3024, 5947, 3370, 5188, 3420, 3596, 5527, 6100, 1900, 1000, 6818, 5114, 5518, 5588, 2000, 4820], [6247, 7441, 7688, 7887, 3300, 3549, 3692, 3700, 3879, 3900, 4067, 4200, 3500, 3596, 2920, 5887, 5205, 6223, 6894, 4330, 5742, 5933, 7200, 1989, 5404, 5651, 6517, 4969, 3600, 2843, 5976, 6818, 1000, 5114, 5049, 4383, 7432, 6247], [2204, 4962, 4905, 5455, 4733, 4275, 3789, 4807, 3846, 4860, 3915, 4956, 4765, 4080, 3280, 3683, 3549, 5669, 5477, 2264, 2414, 4640, 6748, 4195, 5687, 1538, 3202, 2627, 2526, 3360, 4328, 5114, 5114, 1000, 1412, 1860, 6100, 2204], [2476, 5373, 5310, 5866, 4905, 4478, 4008, 5016, 4087, 5085, 4176, 5204, 4956, 4289, 3308, 4087, 3920, 6032, 5876, 2526, 2824, 5022, 7122, 4178, 6000, 1721, 3600, 3000, 2456, 3236, 4721, 5518, 5049, 1412, 1000, 1670, 6500, 2476], [3061, 5604, 5609, 6103, 4417, 4041, 3607, 4577, 3720, 4671, 3842, 4827, 4492, 3865, 2702, 4178, 3863, 5909, 5904, 2303, 3121, 4981, 7020, 3531, 5738, 2345, 3961, 2992, 1806, 2565, 4733, 5588, 4383, 1860, 1670, 1000, 6536, 3061], [5816, 2802, 3280, 2702, 5205, 4883, 4811, 4827, 4612, 4640, 4413, 4361, 5016, 4847, 6103, 3418, 3692, 2360, 1632, 5272, 4801, 2612, 2303, 6632, 3420, 6186, 4397, 4546, 6412, 6921, 2802, 2000, 7432, 6100, 6500, 6536, 1000, 5816], [0, 3354, 3162, 3807, 4517, 4004, 3505, 4500, 3500, 4504, 3505, 4527, 4504, 3805, 3354, 2500, 2692, 4716, 4242, 2061, 1118, 3605, 5700, 4294, 4997, 761, 1476, 1923, 2701, 3546, 3220, 3820, 5247, 1204, 1476, 2061, 4816, 0]], "time_windows": [[0.0, 96000.0], [31100.0, 55100.0], [45900.0, 69900.0], [59300.0, 83300.0], [27500.0, 51500.0], [19400.0, 43400.0], [47700.0, 71700.0], [15500.0, 39500.0], [31500.0, 55500.0], [14100.0, 38100.0], [62100.0, 86100.0], [66400.0, 90400.0], [66400.0, 90400.0], [38000.0, 62000.0], [26600.0, 50600.0], [11500.0, 35500.0], [33700.0, 57700.0], [66200.0, 90200.0], [4200.0, 28200.0], [13100.0, 37100.0], [1100.0, 25100.0], [58500.0, 82500.0], [17200.0, 41200.0], [20800.0, 44800.0], [66000.0, 90000.0], [70200.0, 94200.0], [9200.0, 33200.0], [4500.0, 28500.0], [33500.0, 57500.0], [28400.0, 52400.0], [28900.0, 52900.0], [29900.0, 53900.0], [65300.0, 89300.0], [65900.0, 89900.0], [1400.0, 25400.0], [4000.0, 28000.0], [48700.0, 72700.0], [0.0, 96000.0]], "start_depot": 0, "end_depot": 37, "horizon": [0.0, 96000.0]}