{"digraph": {"vertex_count": 32, "arc_count": 930, "arcs": [[0, 1, 1, 1, 1, 1, 1, 1, 1, 1, 1, 1, 1, 1, 1, 1, 1, 1, 1, 1, 1, 1, 1, 1, 1, 1, 1, 1, 1, 1, 1, 1], [0, 0, 1, 1, 1, 1, 1, 1, 1, 1, 1, 1, 1, 1, 1, 1, 1, 1, 1, 1, 1, 1, 1, 1, 1, 1, 1, 1, 1, 1, 1, 1], [0, 1, 0, 1, 1, 1, 1, 1, 1, 1, 1, 1, 1, 1, 1, 1, 1, 1, 1, 1, 1, 1, 1, 1, 1, 1, 1, 1, 1, 1, 1, 1], [0, 1, 1, 0, 1, 1, 1, 1, 1, 1, 1, 1, 1, 1, 1, 1, 1, 1, 1, 1, 1, 1, 1, 1, 1, 1, 1, 1, 1, 1, 1, 1], [0, 1, 1, 1, 0, 1, 1, 1, 1, 1, 1, 1, 1, 1, 1, 1, 1, 1, 1, 1, 1, 1, 1, 1, 1, 1, 1, 1, 1, 1, 1, 1], [0, 1, 1, 1, 1, 0, 1, 1, 1, 1, 1, 1, 1, 1, 1, 1, 1, 1, 1, 1, 1, 1, 1, 1, 1, 1, 1, 1, 1, 1, 1, 1], [0, 1, 1, 1, 1, 1, 0, 1, 1, 1, 1, 1, 1, 1, 1, 1, 1, 1, 1, 1, 1, 1, 1, 1, 1, 1, 1, 1, 1, 1, 1, 1], [0, 1, 1, 1, 1, 1, 1, 0, 1, 1, 1, 1, 1, 1, 1, 1, 1, 1, 1, 1, 1, 1, 1, 1, 1, 1, 1, 1, 1, 1, 1, 1], [0, 1, 1, 1, 1, 1, 1, 1, 0, 1, 1, 1, 1, 1, 1, 1, 1, 1, 1, 1, 1, 1, 1, 1, 1, 1, 1, 1, 1, 1, 1, 1], [0, 1, 1, 1, 1, 1, 1, 1, 1, 0, 1, 1, 1, 1, 1, 1, 1, 1, 1, 1, 1, 1, 1, 1, 1, 1, 1, 1, 1, 1, 1, 1], [0, 1, 1, 1, 1, 1, 1, 1, 1, 1, 0, 1, 1, 1, 1, 1, 1, 1, 1, 1, 1, 1, 1, 1, 1, 1, 1, 1, 1, 1, 1, 1], [0, 1, 1, 1, 1, 1, 1, 1, 1, 1, 1, 0, 1, 1, 1, 1, 1, 1, 1, 1, 1, 1, 1, 1, 1, 1, 1, 1, 1, 1, 1, 1], [0, 1, 1, 1, 1, 1, 1, 1, 1, 1, 1, 1, 0, 1, 1, 1, 1, 1, 1, 1, 1, 1, 1, 1, 1, 1, 1, 1, 1, 1, 1, 1], [0, 1, 1, 1, 1, 1, 1, 1, 1, 1, 1, 1, 1, 0, 1, 1, 1, 1, 1, 1, 1, 1, 1, 1, 1, 1, 1, 1, 1, 1, 1, 1], [0, 1, 1, 1, 1, 1, 1, 1, 1, 1, 1, 1, 1, 1, 0, 1, 1, 1, 1, 1, 1, 1, 1, 1, 1, 1, 1, 1, 1, 1, 1, 1], [0, 1, 1, 1, 1, 1, 1, 1, 1, 1, 1, 1, 1, 1, 1, 0, 1, 1, 1, 1, 1, 1, 1, 1, 1, 1, 1, 1, 1, 1, 1, 1], [0, 1, 1, 1, 1, 1, 1, 1, 1, 1, 1, 1, 1, 1, 1, 1, 0, 1, 1, 1, 1, 1, 1, 1, 1, 1, 1, 1, 1, 1, 1, 1], [0, 1, 1, 1, 1, 1, 1, 1, 1, 1, 1, 1, 1, 1, 1, 1, 1, 0, 1, 1, 1, 1, 1, 1, 1, 1, 1, 1, 1, 1, 1, 1], [0, 1, 1, 1, 1, 1, 1, 1, 1, 1, 1, 1, 1, 1, 1, 1, 1, 1, 0, 1, 1, 1, 1, 1, 1, 1, 1, 1, 1, 1, 1, 1], [0, 1, 1, 1, 1, 1, 1, 1, 1, 1, 1, 1, 1, 1, 1, 1, 1, 1, 1, 0, 1, 1, 1, 1, 1, 1, 1, 1, 1, 1, 1, 1], [0, 1, 1, 1, 1, 1, 1, 1, 1, 1, 1, 1, 1, 1, 1, 1, 1, 1, 1, 1, 0, 1, 1, 1, 1, 1, 1, 1, 1, 1, 1, 1], [0, 1, 1, 1, 1, 1, 1, 1, 1, 1, 1, 1, 1, 1, 1, 1, 1, 1, 1, 1, 1, 0, 1, 1, 1, 1, 1, 1, 1, 1, 1, 1], [0, 1, 1, 1, 1, 1, 1, 1, 1, 1, 1, 1, 1, 1, 1, 1, 1, 1, 1, 1, 1, 1, 0, 1, 1, 1, 1, 1, 1, 1, 1, 1], [0, 1, 1, 1, 1, 1, 1, 1, 1, 1, 1, 1, 1, 1, 1, 1, 1, 1, 1, 1, 1, 1, 1, 0, 1, 1, 1, 1, 1, 1, 1, 1], [0, 1, 1, 1, 1, 1, 1, 1, 1, 1, 1, 1, 1, 1, 1, 1, 1, 1, 1, 1, 1, 1, 1, 1, 0, 1, 1, 1, 1, 1, 1, 1], [0, 1, 1, 1, 1, 1, 1, 1, 1, 1, 1, 1, 1, 1, 1, 1, 1, 1, 1, 1, 1, 1, 1, 1, 1, 0, 1, 1, 1, 1, 1, 1], [0, 1, 1, 1, 1, 1, 1, 1, 1, 1, 1, 1, 1, 1, 1, 1, 1, 1, 1, 1, 1, 1, 1, 1, 1, 1, 0, 1, 1, 1, 1, 1], [0, 1, 1, 1, 1, 1, 1, 1, 1, 1, 1, 1, 1, 1, 1, 1, 1, 1, 1, 1, 1, 1, 1, 1, 1, 1, 1, 0, 1, 1, 1, 1], [0, 1, 1, 1, 1, 1, 1, 1, 1, 1, 1, 1, 1, 1, 1, 1, 1, 1, 1, 1, 1, 1, 1, 1, 1, 1, 1, 1, 0, 1, 1, 1], [0, 1, 1, 1, 1, 1, 1, 1, 1, 1, 1, 1, 1, 1, 1, 1, 1, 1, 1, 1, 1, 1, 1, 1, 1, 1, 1, 1, 1, 0, 1, 1], [0, 1, 1, 1, 1, 1, 1, 1, 1, 1, 1, 1, 1, 1, 1, 1, 1, 1, 1, 1, 1, 1, 1, 1, 1, 1, 1, 1, 1, 1, 0, 1], [0, 0, 0, 0, 0, 0, 0, 0, 0, 0, 0, 0, 0, 0, 0, 0, 0, 0, 0, 0, 0, 0, 0, 0, 0, 0, 0, 0, 0, 0, 0, 0]], "coordinates": [[40.0, 50.0], [18.0, 75.0], [15.0, 75.0], [15.0, 80.0], [10.0, 35.0], [10.0, 40.0], [8.0, 40.0], [8.0, 45.0], [5.0, 35.0], [5.0, 45.0], [2.0, 40.0], [0.0, 40.0], [0.0, 45.0], [2.0, 45.0], [25.0, 30.0], [50.0, 35.0], [30.0, 25.0], [10.0, 20.0], [31.0, 52.0], [2.0, 60.0], [20.0, 20.0], [5.0, 5.0], [8.0, 56.0], [6.0, 68.0], [47.0, 47.0], [21.0, 24.0], [12.0, 24.0], [49.0, 42.0], [55.0, 54.0], [4.0, 18.0], [26.0, 35.0], [40.0, 50.0]]}, "cluster_count": 3, "cluster_speeds": [[1.5, 1.0, 1.67, 1.17, 1.33], [1.17, 0.67, 1.33, 0.83, 1.0], [1.0, 0.33, 0.67, 0.5, 0.83]], "clusters": [[1, 1, 0, 2, 1, 2, 0, 2, 1, 0, 0, 0, 2, 1, 0, 2, 1, 0, 1, 1, 1, 2, 2, 1, 2, 2, 1, 1, 2, 1, 2, 2], [2, 0, 0, 1, 2, 0, 0, 0, 0, 1, 2, 0, 1, 2, 0, 0, 0, 1, 1, 1, 1, 2, 0, 1, 2, 1, 2, 2, 1, 0, 2, 1], [2, 1, 1, 0, 2, 1, 2, 2, 1, 2, 2, 2, 2, 0, 0, 0, 0, 1, 0, 0, 2, 2, 2, 2, 1, 0, 1, 1, 0, 1, 2, 1], [0, 0, 2, 2, 0, 1, 1, 2, 2, 2, 0, 2, 1, 1, 2, 0, 0, 1, 0, 2, 1, 0, 1, 1, 1, 0, 0, 0, 1, 2, 0, 2], [0, 2, 0, 0, 0, 1, 0, 2, 1, 0, 2, 0, 1, 2, 2, 0, 1, 0, 0, 1, 0, 0, 0, 0, 0, 1, 1, 0, 0, 1, 2, 2], [1, 2, 2, 2, 0, 1, 1, 0, 1, 1, 1, 2, 1, 2, 2, 0, 0, 0, 0, 2, 0, 0, 0, 0, 2, 0, 2, 2, 1, 2, 2, 1], [0, 0, 0, 1, 0, 2, 2, 2, 0, 1, 2, 0, 0, 0, 0, 2, 0, 2, 0, 2, 0, 1, 1, 2, 0, 2, 2, 1, 1, 1, 1, 0], [0, 0, 1, 0, 0, 1, 1, 0, 2, 2, 1, 1, 1, 0, 0, 0, 2, 0, 0, 2, 0, 1, 2, 0, 2, 2, 1, 1, 2, 1, 0, 0], [0, 2, 1, 1, 2, 0, 2, 2, 2, 0, 0, 0, 0, 1, 0, 0, 2, 1, 2, 0, 1, 2, 0, 1, 0, 2, 0, 0, 0, 1, 1, 2], [2, 1, 2, 2, 1, 1, 2, 0, 1, 2, 1, 1, 2, 0, 2, 1, 0, 2, 1, 0, 0, 0, 2, 0, 0, 0, 0, 0, 0, 0, 1, 1], [0, 0, 1, 0, 1, 2, 2, 0, 1, 1, 1, 2, 2, 1, 0, 2, 1, 2, 0, 2, 1, 2, 0, 0, 2, 1, 1, 0, 0, 1, 1, 2], [1, 2, 2, 0, 0, 0, 0, 2, 1, 0, 1, 1, 2, 0, 2, 0, 1, 1, 2, 1, 2, 0, 2, 2, 0, 0, 2, 1, 0, 1, 1, 0], [0, 2, 1, 1, 0, 2, 2, 1, 1, 2, 1, 0, 1, 1, 1, 1, 1, 1, 1, 1, 2, 0, 1, 2, 2, 0, 2, 1, 2, 2, 1, 1], [1, 2, 2, 1, 1, 0, 2, 2, 0, 0, 2, 1, 1, 1, 2, 1, 2, 0, 2, 0, 1, 1, 0, 0, 1, 1, 2, 0, 0, 1, 1, 0], [0, 0, 0, 0, 2, 1, 2, 0, 1, 1, 0, 0, 0, 2, 2, 1, 2, 0, 1, 0, 1, 2, 0, 2, 0, 1, 2, 2, 1, 1, 1, 0], [0, 0, 0, 1, 0, 2, 0, 0, 2, 1, 2, 1, 2, 1, 2, 2, 2, 2, 2, 2, 2, 0, 1, 1, 1, 0, 2, 1, 2, 0, 1, 1], [1, 2, 2, 0, 0, 0, 2, 2, 1, 2, 0, 0, 0, 1, 1, 0, 1, 1, 2, 2, 0, 2, 0, 0, 0, 0, 2, 0, 0, 0, 0, 2], [1, 1, 0, 0, 0, 2, 1, 2, 2, 1, 1, 0, 0, 2, 0, 0, 1, 1, 0, 1, 2, 0, 2, 2, 0, 2, 2, 0, 1, 2, 0, 1], [0, 0, 2, 1, 1, 0, 1, 2, 1, 0, 2, 1, 2, 2, 0, 0, 0, 1, 2, 0, 1, 1, 1, 2, 2, 1, 0, 0, 0, 0, 0, 1], [1, 1, 2, 2, 2, 0, 2, 1, 1, 2, 0, 1, 1, 1, 2, 2, 2, 2, 2, 1, 2, 2, 0, 0, 0, 2, 1, 0, 0, 2, 2, 0], [0, 0, 0, 1, 0, 1, 2, 1, 1, 0, 0, 0, 1, 0, 1, 1, 2, 2, 1, 2, 2, 0, 1, 1, 1, 2, 0, 2, 1, 1, 2, 1], [1, 2, 2, 1, 0, 2, 1, 0, 1, 2, 2, 2, 0, 1, 0, 2, 2, 1, 0, 1, 2, 2, 1, 1, 1, 2, 0, 2, 2, 1, 1, 0], [2, 1, 2, 2, 0, 2, 1, 0, 1, 2, 0, 0, 2, 0, 1, 2, 1, 2, 2, 0, 0, 2, 2, 2, 2, 0, 1, 1, 0, 0, 2, 2], [1, 1, 2, 0, 1, 2, 2, 2, 0, 2, 0, 0, 0, 1, 0, 1, 1, 1, 0, 2, 2, 1, 1, 0, 1, 1, 0, 0, 1, 2, 1, 2], [1, 0, 2, 0, 2, 1, 0, 2, 0, 1, 1, 1, 2, 2, 1, 2, 0, 0, 0, 1, 2, 1, 1, 0, 1, 1, 0, 2, 1, 1, 0, 0], [0, 0, 2, 1, 1, 0, 1, 1, 1, 1, 1, 2, 2, 1, 1, 0, 0, 2, 2, 1, 2, 2, 2, 1, 0, 1, 1, 2, 0, 1, 2, 2], [2, 2, 1, 2, 2, 0, 0, 0, 0, 1, 1, 2, 0, 2, 1, 2, 2, 1, 0, 0, 0, 2, 2, 0, 2, 1, 2, 2, 2, 1, 2, 0], [1, 2, 1, 1, 2, 1, 1, 0, 0, 1, 1, 2, 0, 2, 2, 1, 1, 0, 1, 0, 2, 1, 1, 2, 1, 1, 0, 0, 1, 1, 2, 1], [1, 0, 2, 2, 0, 0, 1, 0, 2, 0, 0, 2, 1, 1, 0, 1, 1, 1, 1, 1, 1, 1, 2, 2, 1, 2, 2, 1, 0, 1, 2, 1], [1, 2, 1, 2, 1, 2, 2, 1, 0, 2, 2, 1, 1, 1, 0, 0, 2, 1, 1, 1, 1, 1, 0, 2, 2, 0, 1, 1, 2, 1, 0, 0], [0, 0, 2, 1, 2, 1, 1, 1, 2, 1, 2, 0, 1, 2, 0, 1, 2, 0, 0, 1, 0, 2, 1, 1, 0, 0, 0, 1, 1, 1, 0, 2], [2, 1, 2, 1, 0, 1, 1, 0, 1, 0, 0, 2, 2, 0, 2, 1, 2, 0, 0, 2, 1, 0, 1, 2, 0, 0, 0, 2, 2, 2, 0, 2]], "speed_zone_count": 5, "speed_zones": [[0.0, 19200.0], [19200.0, 28800.0], [28800.0, 67200.0], [67200.0, 76800.0], [76800.0, 96000.0]], "distances": [[0, 3330, 3535, 3905, 3354, 3162, 3352, 3238, 3807, 3535, 3929, 4123, 4031, 3832, 2500, 1802, 2692, 4242, 921, 3929, 3605, 5700, 3255, 3847, 761, 3220, 3820, 1204, 1552, 4816, 2051, 0], [4330, 1000, 1300, 1583, 5079, 4590, 4640, 4162, 5205, 4269, 4848, 4935, 4498, 4400, 5554, 6122, 6141, 6557, 3641, 3193, 6503, 8119, 3147, 2389, 5031, 6108, 6135, 5527, 5254, 6869, 5079, 4330], [4535, 1300, 1000, 1500, 5031, 4535, 4569, 4080, 5123, 4162, 4733, 4807, 4354, 4269, 5609, 6315, 6220, 6522, 3801, 2984, 6522, 8071, 3024, 2140, 5252, 6135, 6108, 5738, 5517, 6805, 5148, 4535], [4905, 1583, 1500, 1000, 5527, 5031, 5060, 4569, 5609, 4640, 5205, 5272, 4807, 4733, 6099, 6700, 6700, 7020, 4224, 3385, 7020, 8566, 3500, 2500, 5596, 6632, 6608, 6099, 5770, 7296, 5632, 4905], [4354, 5079, 5031, 5527, 1000, 1500, 1538, 2019, 1500, 2118, 1943, 2118, 2414, 2280, 2581, 5000, 3236, 2500, 3701, 3624, 2802, 4041, 3109, 4324, 4889, 2555, 2118, 4962, 5884, 2802, 2600, 4354], [4162, 4590, 4535, 5031, 1500, 1000, 1200, 1538, 1707, 1707, 1800, 2000, 2118, 1943, 2802, 5031, 3500, 3000, 3418, 3154, 3236, 4535, 2612, 3828, 4765, 2941, 2612, 4905, 5712, 3280, 2676, 4162], [4352, 4640, 4569, 5060, 1538, 1200, 1000, 1500, 1583, 1583, 1600, 1800, 1943, 1781, 2972, 5229, 3662, 3009, 3594, 3088, 3332, 4512, 2600, 3807, 4962, 3061, 2649, 5104, 5904, 3236, 2868, 4352], [4238, 4162, 4080, 4569, 2019, 1538, 1500, 1000, 2044, 1300, 1781, 1943, 1800, 1600, 3267, 5317, 3973, 3507, 3404, 2615, 3773, 5011, 2100, 3308, 4905, 3469, 3137, 5110, 5785, 3729, 3059, 4238], [4807, 5205, 5123, 5609, 1500, 1707, 1583, 2044, 1000, 2000, 1583, 1707, 2118, 2044, 3061, 5500, 3692, 2581, 4106, 3517, 3121, 4000, 3121, 4301, 5368, 2941, 2303, 5455, 6348, 2702, 3100, 4807], [4535, 4269, 4162, 4640, 2118, 1707, 1583, 1300, 2000, 1000, 1583, 1707, 1500, 1300, 3500, 5609, 4201, 3549, 3692, 2529, 3915, 5000, 2140, 3302, 5204, 3640, 3213, 5410, 6080, 3701, 3325, 4535], [4929, 4848, 4733, 5205, 1943, 1800, 1600, 1781, 1583, 1583, 1000, 1200, 1538, 1500, 3507, 5825, 4176, 3154, 4138, 3000, 3690, 4512, 2708, 3828, 5554, 3483, 2886, 5704, 6481, 3209, 3451, 4929], [5123, 4935, 4807, 5272, 2118, 2000, 1800, 1943, 1707, 1707, 1200, 1000, 1500, 1538, 3692, 6024, 4354, 3236, 4324, 3009, 3828, 4535, 2788, 3863, 5751, 3640, 3000, 5904, 6675, 3236, 3647, 5123], [5031, 4498, 4354, 4807, 2414, 2118, 1943, 1800, 2118, 1500, 1538, 1500, 1000, 1200, 3915, 6099, 4605, 3692, 4178, 2513, 4201, 5031, 2360, 3376, 5704, 3969, 3418, 5909, 6573, 3729, 3785, 5031], [4832, 4400, 4269, 4733, 2280, 1943, 1781, 1600, 2044, 1300, 1500, 1538, 1200, 1000, 3745, 5903, 4440, 3624, 3983, 2500, 4080, 5011, 2252, 3334, 5504, 3831, 3325, 5709, 6375, 3707, 3600, 4832], [3500, 5554, 5609, 6099, 2581, 2802, 2972, 3267, 3061, 3500, 3507, 3692, 3915, 3745, 1000, 3549, 1707, 2802, 3280, 4780, 2118, 4201, 4106, 5248, 3780, 1721, 2431, 3683, 4841, 3418, 1509, 3500], [2802, 6122, 6315, 6700, 5000, 5031, 5229, 5317, 5500, 5609, 5825, 6024, 6099, 5903, 3549, 1000, 3236, 5272, 3549, 6412, 4354, 6408, 5695, 6500, 2236, 4101, 4956, 1707, 2964, 5904, 3400, 2802], [3692, 6141, 6220, 6700, 3236, 3500, 3662, 3973, 3692, 4201, 4176, 4354, 4605, 4440, 1707, 3236, 1000, 3061, 3701, 5482, 2118, 4201, 4801, 5924, 3780, 1905, 2802, 3549, 4828, 3692, 2077, 3692], [5242, 6557, 6522, 7020, 2500, 3000, 3009, 3507, 2581, 3549, 3154, 3236, 3692, 3624, 2802, 5272, 3061, 1000, 4827, 5079, 2000, 2581, 4605, 5816, 5580, 2170, 1447, 5477, 6640, 1632, 3193, 5242], [1921, 3641, 3801, 4224, 3701, 3418, 3594, 3404, 4106, 3692, 4138, 4324, 4178, 3983, 3280, 3549, 3701, 4827, 1000, 4008, 4383, 6371, 3334, 3968, 2676, 3973, 4383, 3059, 3408, 5341, 2772, 1921], [4929, 3193, 2984, 3385, 3624, 3154, 3088, 2615, 3517, 2529, 3000, 3009, 2513, 2500, 4780, 6412, 5482, 5079, 4008, 1000, 5386, 6508, 1721, 1894, 5684, 5070, 4736, 6032, 6333, 5204, 4465, 4929], [4605, 6503, 6522, 7020, 2802, 3236, 3332, 3773, 3121, 3915, 3690, 3828, 4201, 4080, 2118, 4354, 2118, 2000, 4383, 5386, 1000, 3121, 4794, 6000, 4818, 1412, 1894, 4640, 5879, 2612, 2615, 4605], [6700, 8119, 8071, 8566, 4041, 4535, 4512, 5011, 4000, 5000, 4512, 4535, 5031, 5011, 4201, 6408, 4201, 2581, 6371, 6508, 3121, 1000, 6108, 7300, 6939, 3483, 3024, 6748, 8000, 2303, 4661, 6700], [4255, 3147, 3024, 3500, 3109, 2612, 2600, 2100, 3121, 2140, 2708, 2788, 2360, 2252, 4106, 5695, 4801, 4605, 3334, 1721, 4794, 6108, 1000, 2216, 5002, 4453, 4224, 5332, 5704, 4820, 3765, 4255], [4847, 2389, 2140, 2500, 4324, 3828, 3807, 3308, 4301, 3302, 3828, 3863, 3376, 3334, 5248, 6500, 5924, 5816, 3968, 1894, 6000, 7300, 2216, 1000, 5606, 5648, 5440, 6024, 6096, 6003, 4858, 4847], [1761, 5031, 5252, 5596, 4889, 4765, 4962, 4905, 5368, 5204, 5554, 5751, 5704, 5504, 3780, 2236, 3780, 5580, 2676, 5684, 4818, 6939, 5002, 5606, 1000, 4471, 5188, 1538, 2063, 6186, 3418, 1761], [4220, 6108, 6135, 6632, 2555, 2941, 3061, 3469, 2941, 3640, 3483, 3640, 3969, 3831, 1721, 4101, 1905, 2170, 3973, 5070, 1412, 3483, 4453, 5648, 4471, 1000, 1900, 4328, 5534, 2802, 2208, 4220], [4820, 6135, 6108, 6608, 2118, 2612, 2649, 3137, 2303, 3213, 2886, 3000, 3418, 3325, 2431, 4956, 2802, 1447, 4383, 4736, 1894, 3024, 4224, 5440, 5188, 1900, 1000, 5114, 6243, 2000, 2780, 4820], [2204, 5527, 5738, 6099, 4962, 4905, 5104, 5110, 5455, 5410, 5704, 5904, 5909, 5709, 3683, 1707, 3549, 5477, 3059, 6032, 4640, 6748, 5332, 6024, 1538, 4328, 5114, 1000, 2341, 6100, 3404, 2204], [2552, 5254, 5517, 5770, 5884, 5712, 5904, 5785, 6348, 6080, 6481, 6675, 6573, 6375, 4841, 2964, 4828, 6640, 3408, 6333, 5879, 8000, 5704, 6096, 2063, 5534, 6243, 2341, 1000, 7242, 4466, 2552], [5816, 6869, 6805, 7296, 2802, 3280, 3236, 3729, 2702, 3701, 3209, 3236, 3729, 3707, 3418, 5904, 3692, 1632, 5341, 5204, 2612, 2303, 4820, 6003, 6186, 2802, 2000, 6100, 7242, 1000, 3780, 5816], [3051, 5079, 5148, 5632, 2600, 2676, 2868, 3059, 3100, 3325, 3451, 3647, 3785, 3600, 1509, 3400, 2077, 3193, 2772, 4465, 2615, 4661, 3765, 4858, 3418, 2208, 2780, 3404, 4466, 3780, 1000, 3051], [0, 3330, 3535, 3905, 3354, 3162, 3352, 3238, 3807, 3535, 3929, 4123, 4031, 3832, 2500, 1802, 2692, 4242, 921, 3929, 3605, 5700, 3255, 3847, 761, 3220, 3820, 1204, 1552, 4816, 2051, 0]], "time_windows": [[0.0, 96000.0], [24900.0, 64600.0], [28100.0, 43800.0], [27200.0, 58100.0], [23600.0, 62500.0], [47000.0, 68700.0], [3300.0, 51000.0], [16600.0, 39900.0], [35900.0, 91100.0], [3500.0, 45700.0], [3900.0, 53800.0], [21400.0, 41500.0], [35900.0, 90900.0], [3800.0, 36600.0], [10900.0, 36000.0], [40400.0, 82900.0], [34700.0, 56600.0], [4200.0, 46600.0], [900.0, 53200.0], [25500.0, 43600.0], [42700.0, 91300.0], [18300.0, 40000.0], [19500.0, 65400.0], [25800.0, 56500.0], [42600.0, 94200.0], [33200.0, 48500.0], [36500.0, 47200.0], [65100.0, 90600.0], [53800.0, 70500.0], [54600.0, 66700.0], [17000.0, 56500.0], [0.0, 96000.0]], "start_depot": 0, "end_depot": 31, "horizon": [0.0, 96000.0]}