{"digraph": {"vertex_count": 27, "arc_count": 650, "arcs": [[0, 1, 1, 1, 1, 1, 1, 1, 1, 1, 1, 1, 1, 1, 1, 1, 1, 1, 1, 1, 1, 1, 1, 1, 1, 1, 1], [0, 0, 1, 1, 1, 1, 1, 1, 1, 1, 1, 1, 1, 1, 1, 1, 1, 1, 1, 1, 1, 1, 1, 1, 1, 1, 1], [0, 1, 0, 1, 1, 1, 1, 1, 1, 1, 1, 1, 1, 1, 1, 1, 1, 1, 1, 1, 1, 1, 1, 1, 1, 1, 1], [0, 1, 1, 0, 1, 1, 1, 1, 1, 1, 1, 1, 1, 1, 1, 1, 1, 1, 1, 1, 1, 1, 1, 1, 1, 1, 1], [0, 1, 1, 1, 0, 1, 1, 1, 1, 1, 1, 1, 1, 1, 1, 1, 1, 1, 1, 1, 1, 1, 1, 1, 1, 1, 1], [0, 1, 1, 1, 1, 0, 1, 1, 1, 1, 1, 1, 1, 1, 1, 1, 1, 1, 1, 1, 1, 1, 1, 1, 1, 1, 1], [0, 1, 1, 1, 1, 1, 0, 1, 1, 1, 1, 1, 1, 1, 1, 1, 1, 1, 1, 1, 1, 1, 1, 1, 1, 1, 1], [0, 1, 1, 1, 1, 1, 1, 0, 1, 1, 1, 1, 1, 1, 1, 1, 1, 1, 1, 1, 1, 1, 1, 1, 1, 1, 1], [0, 1, 1, 1, 1, 1, 1, 1, 0, 1, 1, 1, 1, 1, 1, 1, 1, 1, 1, 1, 1, 1, 1, 1, 1, 1, 1], [0, 1, 1, 1, 1, 1, 1, 1, 1, 0, 1, 1, 1, 1, 1, 1, 1, 1, 1, 1, 1, 1, 1, 1, 1, 1, 1], [0, 1, 1, 1, 1, 1, 1, 1, 1, 1, 0, 1, 1, 1, 1, 1, 1, 1, 1, 1, 1, 1, 1, 1, 1, 1, 1], [0, 1, 1, 1, 1, 1, 1, 1, 1, 1, 1, 0, 1, 1, 1, 1, 1, 1, 1, 1, 1, 1, 1, 1, 1, 1, 1], [0, 1, 1, 1, 1, 1, 1, 1, 1, 1, 1, 1, 0, 1, 1, 1, 1, 1, 1, 1, 1, 1, 1, 1, 1, 1, 1], [0, 1, 1, 1, 1, 1, 1, 1, 1, 1, 1, 1, 1, 0, 1, 1, 1, 1, 1, 1, 1, 1, 1, 1, 1, 1, 1], [0, 1, 1, 1, 1, 1, 1, 1, 1, 1, 1, 1, 1, 1, 0, 1, 1, 1, 1, 1, 1, 1, 1, 1, 1, 1, 1], [0, 1, 1, 1, 1, 1, 1, 1, 1, 1, 1, 1, 1, 1, 1, 0, 1, 1, 1, 1, 1, 1, 1, 1, 1, 1, 1], [0, 1, 1, 1, 1, 1, 1, 1, 1, 1, 1, 1, 1, 1, 1, 1, 0, 1, 1, 1, 1, 1, 1, 1, 1, 1, 1], [0, 1, 1, 1, 1, 1, 1, 1, 1, 1, 1, 1, 1, 1, 1, 1, 1, 0, 1, 1, 1, 1, 1, 1, 1, 1, 1], [0, 1, 1, 1, 1, 1, 1, 1, 1, 1, 1, 1, 1, 1, 1, 1, 1, 1, 0, 1, 1, 1, 1, 1, 1, 1, 1], [0, 1, 1, 1, 1, 1, 1, 1, 1, 1, 1, 1, 1, 1, 1, 1, 1, 1, 1, 0, 1, 1, 1, 1, 1, 1, 1], [0, 1, 1, 1, 1, 1, 1, 1, 1, 1, 1, 1, 1, 1, 1, 1, 1, 1, 1, 1, 0, 1, 1, 1, 1, 1, 1], [0, 1, 1, 1, 1, 1, 1, 1, 1, 1, 1, 1, 1, 1, 1, 1, 1, 1, 1, 1, 1, 0, 1, 1, 1, 1, 1], [0, 1, 1, 1, 1, 1, 1, 1, 1, 1, 1, 1, 1, 1, 1, 1, 1, 1, 1, 1, 1, 1, 0, 1, 1, 1, 1], [0, 1, 1, 1, 1, 1, 1, 1, 1, 1, 1, 1, 1, 1, 1, 1, 1, 1, 1, 1, 1, 1, 1, 0, 1, 1, 1], [0, 1, 1, 1, 1, 1, 1, 1, 1, 1, 1, 1, 1, 1, 1, 1, 1, 1, 1, 1, 1, 1, 1, 1, 0, 1, 1], [0, 1, 1, 1, 1, 1, 1, 1, 1, 1, 1, 1, 1, 1, 1, 1, 1, 1, 1, 1, 1, 1, 1, 1, 1, 0, 1], [0, 0, 0, 0, 0, 0, 0, 0, 0, 0, 0, 0, 0, 0, 0, 0, 0, 0, 0, 0, 0, 0, 0, 0, 0, 0, 0]], "coordinates": [[40.0, 50.0], [8.0, 40.0], [5.0, 45.0], [2.0, 40.0], [42.0, 10.0], [40.0, 5.0], [38.0, 5.0], [38.0, 15.0], [35.0, 5.0], [95.0, 30.0], [87.0, 30.0], [85.0, 35.0], [60.0, 85.0], [58.0, 75.0], [2.0, 45.0], [42.0, 5.0], [72.0, 35.0], [25.0, 30.0], [50.0, 35.0], [15.0, 10.0], [10.0, 20.0], [5.0, 5.0], [23.0, 3.0], [57.0, 29.0], [67.0, 5.0], [57.0, 48.0], [40.0, 50.0]]}, "cluster_count": 3, "cluster_speeds": [[1.5, 1.0, 1.67, 1.17, 1.33], [1.17, 0.67, 1.33, 0.83, 1.0], [1.0, 0.33, 0.67, 0.5, 0.83]], "clusters": [[1, 0, 0, 1, 1, 0, 0, 2, 1, 0, 1, 1, 1, 0, 0, 1, 0, 2, 0, 0, 2, 0, 1, 2, 0, 0, 2], [1, 2, 1, 2, 1, 1, 2, 1, 2, 1, 1, 2, 1, 0, 2, 0, 2, 1, 1, 2, 2, 0, 0, 0, 1, 1, 1], [2, 1, 0, 2, 2, 0, 1, 2, 1, 0, 0, 2, 0, 0, 1, 1, 1, 2, 1, 1, 2, 2, 0, 1, 1, 2, 2], [0, 0, 1, 1, 2, 1, 1, 0, 1, 1, 1, 0, 0, 0, 1, 0, 1, 1, 0, 1, 0, 2, 2, 0, 2, 1, 1], [0, 0, 2, 0, 2, 0, 1, 0, 1, 0, 1, 1, 1, 0, 2, 2, 2, 1, 2, 0, 2, 0, 0, 1, 1, 1, 0], [2, 0, 1, 0, 0, 0, 0, 2, 1, 1, 0, 1, 2, 0, 2, 0, 0, 2, 0, 1, 2, 0, 2, 2, 2, 0, 1], [2, 0, 2, 0, 2, 2, 0, 0, 0, 2, 2, 1, 1, 1, 0, 0, 2, 1, 0, 0, 0, 0, 1, 2, 2, 1, 0], [1, 2, 2, 0, 0, 1, 1, 2, 0, 2, 1, 0, 0, 2, 1, 0, 2, 2, 2, 2, 1, 0, 2, 1, 1, 0, 0], [1, 0, 0, 2, 2, 2, 0, 0, 0, 1, 1, 0, 2, 0, 0, 0, 0, 1, 0, 2, 0, 2, 0, 0, 1, 0, 1], [2, 0, 0, 0, 2, 1, 1, 1, 1, 2, 2, 2, 0, 0, 0, 1, 1, 2, 0, 0, 2, 1, 1, 1, 2, 2, 2], [2, 2, 2, 1, 0, 0, 2, 0, 1, 0, 0, 2, 0, 2, 2, 1, 1, 2, 1, 0, 1, 0, 0, 1, 1, 1, 0], [2, 1, 0, 2, 1, 2, 0, 1, 0, 2, 0, 1, 0, 2, 0, 2, 0, 2, 0, 0, 1, 1, 1, 2, 2, 2, 1], [0, 0, 1, 2, 0, 2, 2, 0, 1, 0, 1, 2, 1, 2, 0, 1, 1, 0, 0, 1, 2, 1, 1, 1, 2, 1, 1], [2, 0, 2, 1, 0, 0, 1, 1, 2, 1, 2, 0, 1, 0, 0, 0, 0, 0, 1, 0, 1, 2, 1, 1, 1, 2, 2], [2, 0, 2, 2, 0, 1, 1, 2, 0, 0, 0, 1, 2, 0, 2, 0, 1, 2, 0, 2, 1, 1, 0, 1, 0, 2, 2], [0, 2, 0, 1, 2, 2, 0, 2, 2, 0, 2, 2, 0, 1, 2, 0, 0, 2, 2, 1, 1, 0, 0, 1, 2, 2, 2], [1, 2, 2, 0, 1, 1, 1, 1, 0, 0, 0, 2, 0, 0, 1, 0, 1, 0, 0, 2, 2, 0, 0, 1, 0, 1, 0], [1, 1, 2, 1, 0, 1, 0, 2, 0, 1, 2, 2, 2, 2, 1, 1, 1, 2, 0, 0, 0, 2, 1, 0, 1, 2, 0], [1, 2, 0, 2, 2, 2, 2, 0, 2, 1, 0, 0, 1, 2, 0, 2, 0, 0, 0, 1, 2, 2, 1, 1, 0, 0, 1], [1, 2, 1, 1, 0, 2, 2, 1, 0, 1, 0, 1, 1, 1, 0, 0, 1, 0, 1, 1, 0, 0, 1, 2, 2, 2, 0], [0, 1, 2, 2, 1, 0, 2, 2, 1, 2, 1, 2, 0, 0, 0, 1, 0, 0, 2, 1, 1, 0, 1, 2, 2, 1, 1], [2, 0, 1, 0, 1, 0, 0, 1, 0, 1, 1, 1, 0, 1, 2, 0, 2, 2, 2, 0, 1, 2, 1, 2, 1, 2, 1], [0, 1, 1, 0, 2, 0, 0, 1, 2, 0, 2, 2, 1, 1, 2, 0, 1, 0, 1, 0, 2, 0, 0, 1, 2, 1, 1], [2, 2, 1, 0, 0, 2, 1, 0, 0, 0, 0, 2, 2, 2, 0, 0, 0, 2, 0, 2, 2, 2, 2, 2, 2, 2, 0], [1, 1, 0, 0, 1, 1, 1, 0, 1, 2, 2, 1, 2, 2, 1, 0, 2, 0, 0, 1, 0, 2, 1, 0, 2, 2, 0], [0, 2, 1, 0, 1, 0, 0, 1, 1, 1, 1, 0, 2, 1, 1, 2, 1, 2, 1, 0, 2, 1, 2, 1, 0, 0, 2], [2, 0, 1, 2, 0, 0, 0, 0, 2, 1, 2, 0, 0, 1, 1, 2, 0, 1, 2, 0, 1, 1, 1, 2, 1, 1, 0]], "speed_zone_count": 5, "speed_zones": [[0.0, 19200.0], [19200.0, 28800.0], [28800.0, 67200.0], [67200.0, 76800.0], [76800.0, 96000.0]], "distances": [[0, 3352, 3535, 3929, 4004, 4500, 4504, 3505, 4527, 5852, 5107, 4743, 4031, 3080, 3832, 4504, 3534, 2500, 1802, 4716, 4242, 5700, 4997, 2701, 5247, 1711, 0], [4352, 1000, 1583, 1600, 5534, 5742, 5609, 4905, 5420, 9757, 8963, 8716, 7876, 7103, 1781, 5879, 7419, 2972, 5229, 4080, 3009, 4512, 4992, 6021, 7860, 5964, 4352], [4535, 1583, 1000, 1583, 6093, 6315, 6185, 5459, 6000, 10124, 9336, 9062, 7800, 7090, 1300, 6448, 7774, 3500, 5609, 4640, 3549, 5000, 5569, 6440, 8378, 6208, 4535], [4929, 1600, 1583, 1000, 6000, 6166, 6020, 5382, 5810, 10353, 9558, 9315, 8340, 7603, 1500, 6315, 8017, 3507, 5825, 4269, 3154, 4512, 5254, 6608, 8382, 6557, 4929], [5004, 5534, 6093, 6000, 1000, 1538, 1640, 1640, 1860, 6664, 5924, 5973, 8712, 7694, 6315, 1500, 4905, 3624, 3624, 3700, 4352, 4733, 3024, 3420, 3549, 5085, 5004], [5500, 5742, 6315, 6166, 1538, 1000, 1200, 2019, 1500, 7041, 6323, 6408, 9246, 8227, 6517, 1200, 5386, 3915, 4162, 3549, 4354, 4500, 2711, 3941, 3700, 5623, 5500], [5504, 5609, 6185, 6020, 1640, 1200, 1000, 2000, 1300, 7224, 6500, 6575, 9296, 8280, 6381, 1400, 5534, 3817, 4231, 3353, 4176, 4300, 2513, 4061, 3900, 5701, 5504], [4505, 4905, 5459, 5382, 1640, 2019, 2000, 1000, 2044, 6894, 6124, 6107, 8337, 7324, 5686, 2077, 4944, 2984, 3332, 3353, 3844, 4448, 2920, 3360, 4067, 4807, 4505], [5527, 5420, 6000, 5810, 1860, 1500, 1300, 2044, 1000, 7500, 6769, 6830, 9381, 8368, 6185, 1700, 5763, 3692, 4354, 3061, 3915, 4000, 2216, 4255, 4200, 5830, 5527], [6852, 9757, 10124, 10353, 6664, 7041, 7224, 6894, 7500, 1000, 1800, 2118, 7519, 6825, 10420, 6860, 3353, 8000, 5527, 9246, 9558, 10340, 8689, 4801, 4753, 5204, 6852], [6107, 8963, 9336, 9558, 5924, 6323, 6500, 6124, 6769, 1800, 1000, 1538, 7126, 6353, 9631, 6147, 2581, 7200, 4733, 8472, 8764, 9572, 7946, 4001, 4201, 4498, 6107], [5743, 8716, 9062, 9315, 5973, 6408, 6575, 6107, 6830, 2118, 1538, 1000, 6590, 5825, 9360, 6243, 2300, 7020, 4500, 8433, 8648, 9544, 7977, 3863, 4498, 4087, 5743], [5031, 7876, 7800, 8340, 8712, 9246, 9296, 8337, 9381, 7519, 7126, 6590, 1000, 2019, 8045, 9200, 6141, 7519, 6099, 9746, 9200, 10708, 9996, 6608, 9030, 4712, 5031], [4080, 7103, 7090, 7603, 7694, 8227, 8280, 7324, 8368, 6825, 6353, 5825, 2019, 1000, 7352, 8180, 5237, 6580, 5079, 8793, 8300, 9780, 9005, 5601, 8057, 3701, 4080], [4832, 1781, 1300, 1500, 6315, 6517, 6381, 5686, 6185, 10420, 9631, 9360, 8045, 7352, 1000, 6656, 8071, 3745, 5903, 4733, 3624, 5011, 5695, 6728, 8632, 6508, 4832], [5504, 5879, 6448, 6315, 1500, 1200, 1400, 2077, 1700, 6860, 6147, 6243, 9200, 8180, 6656, 1000, 5242, 4023, 4104, 3745, 4534, 4700, 2910, 3830, 3500, 5554, 5504], [4534, 7419, 7774, 8017, 4905, 5386, 5534, 4944, 5763, 3353, 2581, 2300, 6141, 5237, 8071, 5242, 1000, 5726, 3200, 7224, 7378, 8340, 6852, 2615, 4041, 2984, 4534], [3500, 2972, 3500, 3507, 3624, 3915, 3817, 2984, 3692, 8000, 7200, 7020, 7519, 6580, 3745, 4023, 5726, 1000, 3549, 3236, 2802, 4201, 3707, 4201, 5887, 4671, 3500], [2802, 5229, 5609, 5825, 3624, 4162, 4231, 3332, 4354, 5527, 4733, 4500, 6099, 5079, 5903, 4104, 3200, 3549, 1000, 5301, 5272, 6408, 5186, 1921, 4448, 2476, 2802], [5716, 4080, 4640, 4269, 3700, 3549, 3353, 3353, 3061, 9246, 8472, 8433, 9746, 8793, 4733, 3745, 7224, 3236, 5301, 1000, 2118, 2118, 2063, 5609, 6223, 6663, 5716], [5242, 3009, 3549, 3154, 4352, 4354, 4176, 3844, 3915, 9558, 8764, 8648, 9200, 8300, 3624, 4534, 7378, 2802, 5272, 2118, 1000, 2581, 3140, 5785, 6894, 6470, 5242], [6700, 4512, 5000, 4512, 4733, 4500, 4300, 4448, 4000, 10340, 9572, 9544, 10708, 9780, 5011, 4700, 8340, 4201, 6408, 2118, 2581, 1000, 2811, 6727, 7200, 7747, 6700], [5997, 4992, 5569, 5254, 3024, 2711, 2513, 2920, 2216, 8689, 7946, 7977, 9996, 9005, 5695, 2910, 6852, 3707, 5186, 2063, 3140, 2811, 1000, 5280, 5404, 6640, 5997], [3701, 6021, 6440, 6608, 3420, 3941, 4061, 3360, 4255, 4801, 4001, 3863, 6608, 5601, 6728, 3830, 2615, 4201, 1921, 5609, 5785, 6727, 5280, 1000, 3600, 2900, 3701], [6247, 7860, 8378, 8382, 3549, 3700, 3900, 4067, 4200, 4753, 4201, 4498, 9030, 8057, 8632, 3500, 4041, 5887, 4448, 6223, 6894, 7200, 5404, 3600, 1000, 5414, 6247], [2711, 5964, 6208, 6557, 5085, 5623, 5701, 4807, 5830, 5204, 4498, 4087, 4712, 3701, 6508, 5554, 2984, 4671, 2476, 6663, 6470, 7747, 6640, 2900, 5414, 1000, 2711], [0, 3352, 3535, 3929, 4004, 4500, 4504, 3505, 4527, 5852, 5107, 4743, 4031, 3080, 3832, 4504, 3534, 2500, 1802, 4716, 4242, 5700, 4997, 2701, 5247, 1711, 0]], "time_windows": [[0.0, 96000.0], [19500.0, 31500.0], [3500.0, 15500.0], [17400.0, 29400.0], [25400.0, 37400.0], [21500.0, 33500.0], [20100.0, 32100.0], [68100.0, 80100.0], [78400.0, 90400.0], [52900.0, 64900.0], [62100.0, 74100.0], [48700.0, 60700.0], [32900.0, 44900.0], [37600.0, 49600.0], [10500.0, 22500.0], [73200.0, 85200.0], [50700.0, 62700.0], [17500.0, 29500.0], [55700.0, 67700.0], [78200.0, 90200.0], [4200.0, 16200.0], [23200.0, 35200.0], [76400.0, 88400.0], [39500.0, 51500.0], [71300.0, 83300.0], [39200.0, 51200.0], [0.0, 96000.0]], "start_depot": 0, "end_depot": 26, "horizon": [0.0, 96000.0]}