{"digraph": {"vertex_count": 39, "arc_count": 1406, "arcs": [[0, 1, 1, 1, 1, 1, 1, 1, 1, 1, 1, 1, 1, 1, 1, 1, 1, 1, 1, 1, 1, 1, 1, 1, 1, 1, 1, 1, 1, 1, 1, 1, 1, 1, 1, 1, 1, 1, 1], [0, 0, 1, 1, 1, 1, 1, 1, 1, 1, 1, 1, 1, 1, 1, 1, 1, 1, 1, 1, 1, 1, 1, 1, 1, 1, 1, 1, 1, 1, 1, 1, 1, 1, 1, 1, 1, 1, 1], [0, 1, 0, 1, 1, 1, 1, 1, 1, 1, 1, 1, 1, 1, 1, 1, 1, 1, 1, 1, 1, 1, 1, 1, 1, 1, 1, 1, 1, 1, 1, 1, 1, 1, 1, 1, 1, 1, 1], [0, 1, 1, 0, 1, 1, 1, 1, 1, 1, 1, 1, 1, 1, 1, 1, 1, 1, 1, 1, 1, 1, 1, 1, 1, 1, 1, 1, 1, 1, 1, 1, 1, 1, 1, 1, 1, 1, 1], [0, 1, 1, 1, 0, 1, 1, 1, 1, 1, 1, 1, 1, 1, 1, 1, 1, 1, 1, 1, 1, 1, 1, 1, 1, 1, 1, 1, 1, 1, 1, 1, 1, 1, 1, 1, 1, 1, 1], [0, 1, 1, 1, 1, 0, 1, 1, 1, 1, 1, 1, 1, 1, 1, 1, 1, 1, 1, 1, 1, 1, 1, 1, 1, 1, 1, 1, 1, 1, 1, 1, 1, 1, 1, 1, 1, 1, 1], [0, 1, 1, 1, 1, 1, 0, 1, 1, 1, 1, 1, 1, 1, 1, 1, 1, 1, 1, 1, 1, 1, 1, 1, 1, 1, 1, 1, 1, 1, 1, 1, 1, 1, 1, 1, 1, 1, 1], [0, 1, 1, 1, 1, 1, 1, 0, 1, 1, 1, 1, 1, 1, 1, 1, 1, 1, 1, 1, 1, 1, 1, 1, 1, 1, 1, 1, 1, 1, 1, 1, 1, 1, 1, 1, 1, 1, 1], [0, 1, 1, 1, 1, 1, 1, 1, 0, 1, 1, 1, 1, 1, 1, 1, 1, 1, 1, 1, 1, 1, 1, 1, 1, 1, 1, 1, 1, 1, 1, 1, 1, 1, 1, 1, 1, 1, 1], [0, 1, 1, 1, 1, 1, 1, 1, 1, 0, 1, 1, 1, 1, 1, 1, 1, 1, 1, 1, 1, 1, 1, 1, 1, 1, 1, 1, 1, 1, 1, 1, 1, 1, 1, 1, 1, 1, 1], [0, 1, 1, 1, 1, 1, 1, 1, 1, 1, 0, 1, 1, 1, 1, 1, 1, 1, 1, 1, 1, 1, 1, 1, 1, 1, 1, 1, 1, 1, 1, 1, 1, 1, 1, 1, 1, 1, 1], [0, 1, 1, 1, 1, 1, 1, 1, 1, 1, 1, 0, 1, 1, 1, 1, 1, 1, 1, 1, 1, 1, 1, 1, 1, 1, 1, 1, 1, 1, 1, 1, 1, 1, 1, 1, 1, 1, 1], [0, 1, 1, 1, 1, 1, 1, 1, 1, 1, 1, 1, 0, 1, 1, 1, 1, 1, 1, 1, 1, 1, 1, 1, 1, 1, 1, 1, 1, 1, 1, 1, 1, 1, 1, 1, 1, 1, 1], [0, 1, 1, 1, 1, 1, 1, 1, 1, 1, 1, 1, 1, 0, 1, 1, 1, 1, 1, 1, 1, 1, 1, 1, 1, 1, 1, 1, 1, 1, 1, 1, 1, 1, 1, 1, 1, 1, 1], [0, 1, 1, 1, 1, 1, 1, 1, 1, 1, 1, 1, 1, 1, 0, 1, 1, 1, 1, 1, 1, 1, 1, 1, 1, 1, 1, 1, 1, 1, 1, 1, 1, 1, 1, 1, 1, 1, 1], [0, 1, 1, 1, 1, 1, 1, 1, 1, 1, 1, 1, 1, 1, 1, 0, 1, 1, 1, 1, 1, 1, 1, 1, 1, 1, 1, 1, 1, 1, 1, 1, 1, 1, 1, 1, 1, 1, 1], [0, 1, 1, 1, 1, 1, 1, 1, 1, 1, 1, 1, 1, 1, 1, 1, 0, 1, 1, 1, 1, 1, 1, 1, 1, 1, 1, 1, 1, 1, 1, 1, 1, 1, 1, 1, 1, 1, 1], [0, 1, 1, 1, 1, 1, 1, 1, 1, 1, 1, 1, 1, 1, 1, 1, 1, 0, 1, 1, 1, 1, 1, 1, 1, 1, 1, 1, 1, 1, 1, 1, 1, 1, 1, 1, 1, 1, 1], [0, 1, 1, 1, 1, 1, 1, 1, 1, 1, 1, 1, 1, 1, 1, 1, 1, 1, 0, 1, 1, 1, 1, 1, 1, 1, 1, 1, 1, 1, 1, 1, 1, 1, 1, 1, 1, 1, 1], [0, 1, 1, 1, 1, 1, 1, 1, 1, 1, 1, 1, 1, 1, 1, 1, 1, 1, 1, 0, 1, 1, 1, 1, 1, 1, 1, 1, 1, 1, 1, 1, 1, 1, 1, 1, 1, 1, 1], [0, 1, 1, 1, 1, 1, 1, 1, 1, 1, 1, 1, 1, 1, 1, 1, 1, 1, 1, 1, 0, 1, 1, 1, 1, 1, 1, 1, 1, 1, 1, 1, 1, 1, 1, 1, 1, 1, 1], [0, 1, 1, 1, 1, 1, 1, 1, 1, 1, 1, 1, 1, 1, 1, 1, 1, 1, 1, 1, 1, 0, 1, 1, 1, 1, 1, 1, 1, 1, 1, 1, 1, 1, 1, 1, 1, 1, 1], [0, 1, 1, 1, 1, 1, 1, 1, 1, 1, 1, 1, 1, 1, 1, 1, 1, 1, 1, 1, 1, 1, 0, 1, 1, 1, 1, 1, 1, 1, 1, 1, 1, 1, 1, 1, 1, 1, 1], [0, 1, 1, 1, 1, 1, 1, 1, 1, 1, 1, 1, 1, 1, 1, 1, 1, 1, 1, 1, 1, 1, 1, 0, 1, 1, 1, 1, 1, 1, 1, 1, 1, 1, 1, 1, 1, 1, 1], [0, 1, 1, 1, 1, 1, 1, 1, 1, 1, 1, 1, 1, 1, 1, 1, 1, 1, 1, 1, 1, 1, 1, 1, 0, 1, 1, 1, 1, 1, 1, 1, 1, 1, 1, 1, 1, 1, 1], [0, 1, 1, 1, 1, 1, 1, 1, 1, 1, 1, 1, 1, 1, 1, 1, 1, 1, 1, 1, 1, 1, 1, 1, 1, 0, 1, 1, 1, 1, 1, 1, 1, 1, 1, 1, 1, 1, 1], [0, 1, 1, 1, 1, 1, 1, 1, 1, 1, 1, 1, 1, 1, 1, 1, 1, 1, 1, 1, 1, 1, 1, 1, 1, 1, 0, 1, 1, 1, 1, 1, 1, 1, 1, 1, 1, 1, 1], [0, 1, 1, 1, 1, 1, 1, 1, 1, 1, 1, 1, 1, 1, 1, 1, 1, 1, 1, 1, 1, 1, 1, 1, 1, 1, 1, 0, 1, 1, 1, 1, 1, 1, 1, 1, 1, 1, 1], [0, 1, 1, 1, 1, 1, 1, 1, 1, 1, 1, 1, 1, 1, 1, 1, 1, 1, 1, 1, 1, 1, 1, 1, 1, 1, 1, 1, 0, 1, 1, 1, 1, 1, 1, 1, 1, 1, 1], [0, 1, 1, 1, 1, 1, 1, 1, 1, 1, 1, 1, 1, 1, 1, 1, 1, 1, 1, 1, 1, 1, 1, 1, 1, 1, 1, 1, 1, 0, 1, 1, 1, 1, 1, 1, 1, 1, 1], [0, 1, 1, 1, 1, 1, 1, 1, 1, 1, 1, 1, 1, 1, 1, 1, 1, 1, 1, 1, 1, 1, 1, 1, 1, 1, 1, 1, 1, 1, 0, 1, 1, 1, 1, 1, 1, 1, 1], [0, 1, 1, 1, 1, 1, 1, 1, 1, 1, 1, 1, 1, 1, 1, 1, 1, 1, 1, 1, 1, 1, 1, 1, 1, 1, 1, 1, 1, 1, 1, 0, 1, 1, 1, 1, 1, 1, 1], [0, 1, 1, 1, 1, 1, 1, 1, 1, 1, 1, 1, 1, 1, 1, 1, 1, 1, 1, 1, 1, 1, 1, 1, 1, 1, 1, 1, 1, 1, 1, 1, 0, 1, 1, 1, 1, 1, 1], [0, 1, 1, 1, 1, 1, 1, 1, 1, 1, 1, 1, 1, 1, 1, 1, 1, 1, 1, 1, 1, 1, 1, 1, 1, 1, 1, 1, 1, 1, 1, 1, 1, 0, 1, 1, 1, 1, 1], [0, 1, 1, 1, 1, 1, 1, 1, 1, 1, 1, 1, 1, 1, 1, 1, 1, 1, 1, 1, 1, 1, 1, 1, 1, 1, 1, 1, 1, 1, 1, 1, 1, 1, 0, 1, 1, 1, 1], [0, 1, 1, 1, 1, 1, 1, 1, 1, 1, 1, 1, 1, 1, 1, 1, 1, 1, 1, 1, 1, 1, 1, 1, 1, 1, 1, 1, 1, 1, 1, 1, 1, 1, 1, 0, 1, 1, 1], [0, 1, 1, 1, 1, 1, 1, 1, 1, 1, 1, 1, 1, 1, 1, 1, 1, 1, 1, 1, 1, 1, 1, 1, 1, 1, 1, 1, 1, 1, 1, 1, 1, 1, 1, 1, 0, 1, 1], [0, 1, 1, 1, 1, 1, 1, 1, 1, 1, 1, 1, 1, 1, 1, 1, 1, 1, 1, 1, 1, 1, 1, 1, 1, 1, 1, 1, 1, 1, 1, 1, 1, 1, 1, 1, 1, 0, 1], [0, 0, 0, 0, 0, 0, 0, 0, 0, 0, 0, 0, 0, 0, 0, 0, 0, 0, 0, 0, 0, 0, 0, 0, 0, 0, 0, 0, 0, 0, 0, 0, 0, 0, 0, 0, 0, 0, 0]], "coordinates": [[40.0, 50.0], [44.0, 5.0], [42.0, 10.0], [42.0, 15.0], [40.0, 5.0], [40.0, 15.0], [38.0, 5.0], [38.0, 15.0], [35.0, 5.0], [95.0, 30.0], [92.0, 30.0], [88.0, 30.0], [87.0, 30.0], [85.0, 35.0], [42.0, 5.0], [42.0, 12.0], [72.0, 35.0], [55.0, 20.0], [50.0, 35.0], [30.0, 25.0], [15.0, 10.0], [65.0, 20.0], [41.0, 37.0], [64.0, 42.0], [31.0, 52.0], [20.0, 20.0], [5.0, 5.0], [60.0, 12.0], [23.0, 3.0], [27.0, 43.0], [57.0, 29.0], [63.0, 23.0], [67.0, 5.0], [49.0, 42.0], [53.0, 43.0], [56.0, 37.0], [4.0, 18.0], [26.0, 52.0], [40.0, 50.0]]}, "cluster_count": 3, "cluster_speeds": [[1.5, 1.0, 1.67, 1.17, 1.33], [1.17, 0.67, 1.33, 0.83, 1.0], [1.0, 0.33, 0.67, 0.5, 0.83]], "clusters": [[0, 1, 1, 0, 0, 0, 2, 2, 2, 0, 0, 2, 1, 1, 1, 2, 0, 1, 2, 1, 0, 2, 1, 0, 0, 0, 2, 0, 1, 0, 1, 1, 1, 2, 2, 0, 0, 1, 1], [0, 2, 2, 0, 1, 1, 0, 0, 1, 0, 0, 0, 1, 1, 1, 0, 0, 2, 0, 1, 2, 0, 1, 0, 2, 2, 1, 1, 2, 0, 0, 2, 1, 2, 1, 1, 0, 0, 2], [0, 1, 1, 0, 0, 0, 2, 1, 2, 1, 0, 2, 2, 1, 0, 2, 1, 1, 0, 1, 1, 1, 0, 1, 2, 1, 2, 0, 2, 2, 2, 2, 2, 0, 2, 2, 1, 0, 2], [1, 1, 2, 2, 1, 2, 0, 0, 0, 2, 1, 2, 1, 1, 1, 1, 0, 0, 2, 2, 1, 2, 1, 0, 0, 0, 0, 0, 0, 0, 0, 0, 1, 2, 2, 1, 1, 1, 2], [0, 0, 2, 2, 1, 1, 0, 0, 1, 1, 1, 0, 2, 1, 2, 1, 1, 0, 1, 2, 1, 1, 2, 1, 2, 2, 2, 2, 0, 0, 2, 2, 2, 2, 1, 0, 1, 2, 2], [1, 1, 2, 2, 0, 1, 2, 2, 2, 2, 1, 0, 2, 2, 0, 2, 0, 0, 0, 0, 1, 2, 2, 0, 1, 0, 1, 1, 0, 0, 1, 1, 1, 0, 0, 0, 2, 1, 2], [0, 1, 2, 2, 1, 2, 0, 1, 2, 1, 0, 2, 0, 1, 0, 0, 0, 0, 1, 1, 1, 0, 1, 1, 0, 2, 1, 0, 1, 2, 2, 0, 0, 2, 2, 0, 1, 1, 1], [0, 2, 0, 2, 0, 2, 1, 2, 0, 0, 1, 2, 0, 1, 2, 0, 2, 2, 0, 2, 2, 0, 2, 0, 1, 2, 1, 0, 2, 0, 1, 2, 0, 1, 1, 2, 1, 1, 2], [2, 0, 0, 1, 1, 0, 2, 0, 2, 2, 2, 1, 0, 2, 2, 2, 0, 0, 2, 2, 1, 0, 1, 0, 0, 1, 0, 2, 1, 1, 2, 2, 1, 2, 0, 1, 2, 2, 2], [0, 1, 0, 1, 0, 0, 2, 2, 1, 1, 1, 1, 2, 2, 0, 2, 2, 1, 2, 1, 2, 0, 1, 0, 0, 1, 1, 1, 2, 1, 1, 1, 1, 2, 2, 1, 0, 1, 2], [2, 2, 1, 2, 0, 2, 2, 0, 0, 2, 0, 1, 1, 2, 0, 1, 2, 1, 0, 1, 0, 2, 1, 0, 1, 0, 1, 0, 1, 1, 1, 1, 2, 2, 2, 1, 2, 2, 0], [0, 0, 0, 2, 1, 2, 1, 1, 2, 1, 2, 0, 1, 1, 2, 2, 1, 1, 0, 0, 2, 1, 1, 0, 0, 2, 1, 2, 1, 2, 0, 2, 1, 0, 0, 0, 0, 1, 2], [0, 0, 0, 2, 0, 2, 0, 0, 1, 1, 0, 2, 1, 2, 1, 1, 0, 2, 2, 2, 0, 1, 0, 0, 1, 0, 0, 1, 2, 0, 2, 0, 0, 0, 0, 2, 0, 0, 1], [0, 1, 2, 2, 1, 1, 2, 0, 1, 1, 0, 2, 2, 2, 0, 1, 2, 2, 0, 1, 1, 0, 2, 0, 0, 2, 1, 2, 0, 2, 0, 2, 2, 0, 1, 0, 2, 1, 1], [1, 0, 2, 0, 2, 0, 1, 2, 2, 2, 1, 2, 0, 2, 0, 1, 1, 2, 1, 2, 1, 1, 2, 2, 2, 1, 0, 0, 0, 1, 2, 2, 2, 2, 2, 1, 2, 1, 2], [1, 2, 0, 1, 0, 2, 2, 1, 2, 0, 0, 2, 0, 0, 1, 2, 0, 1, 0, 0, 1, 2, 2, 0, 0, 0, 2, 1, 1, 1, 2, 0, 2, 2, 2, 1, 1, 0, 0], [1, 2, 0, 1, 0, 2, 1, 2, 0, 2, 1, 1, 1, 0, 1, 0, 0, 1, 2, 1, 1, 2, 1, 2, 2, 0, 0, 1, 0, 1, 1, 0, 2, 1, 1, 0, 0, 0, 1], [2, 1, 2, 1, 0, 1, 0, 1, 1, 1, 1, 2, 1, 0, 0, 0, 2, 1, 1, 0, 1, 2, 1, 1, 1, 1, 2, 2, 0, 1, 2, 0, 1, 2, 2, 2, 0, 2, 2], [1, 0, 1, 2, 2, 2, 2, 2, 1, 0, 0, 0, 0, 1, 2, 2, 0, 2, 1, 0, 2, 0, 0, 2, 2, 1, 2, 1, 0, 1, 0, 0, 1, 0, 2, 0, 1, 1, 2], [1, 0, 1, 1, 1, 0, 2, 0, 1, 0, 1, 1, 2, 1, 2, 2, 1, 1, 1, 2, 1, 2, 1, 0, 1, 2, 1, 1, 2, 1, 2, 2, 0, 0, 2, 2, 1, 0, 2], [2, 2, 2, 1, 2, 1, 2, 1, 2, 2, 0, 2, 0, 2, 1, 0, 0, 0, 0, 0, 2, 1, 2, 1, 0, 1, 0, 2, 1, 2, 0, 0, 2, 0, 2, 1, 1, 2, 2], [1, 0, 0, 1, 1, 2, 1, 1, 1, 1, 1, 1, 2, 0, 1, 1, 0, 2, 1, 1, 0, 2, 1, 2, 1, 0, 0, 0, 1, 1, 0, 1, 0, 0, 2, 1, 1, 1, 0], [2, 1, 0, 2, 2, 2, 0, 2, 0, 0, 0, 0, 0, 2, 2, 2, 2, 1, 0, 1, 0, 2, 0, 0, 0, 0, 0, 2, 1, 0, 0, 2, 1, 2, 0, 1, 1, 2, 0], [1, 0, 2, 1, 0, 2, 1, 0, 2, 2, 0, 2, 0, 1, 0, 0, 1, 1, 1, 0, 1, 0, 0, 1, 1, 0, 0, 1, 2, 0, 2, 1, 2, 2, 0, 2, 1, 2, 2], [0, 1, 0, 0, 1, 0, 0, 2, 2, 2, 1, 2, 2, 0, 0, 1, 2, 1, 1, 0, 2, 0, 0, 2, 2, 0, 0, 0, 1, 2, 2, 1, 1, 0, 2, 2, 1, 1, 0], [0, 2, 1, 1, 0, 2, 2, 1, 2, 0, 0, 2, 1, 2, 0, 1, 0, 1, 0, 2, 2, 0, 0, 0, 2, 0, 2, 1, 0, 1, 0, 2, 1, 2, 2, 0, 1, 1, 0], [2, 2, 0, 2, 1, 0, 0, 1, 1, 2, 1, 0, 0, 2, 2, 1, 1, 2, 1, 2, 0, 2, 1, 0, 1, 1, 0, 0, 2, 1, 1, 1, 1, 1, 0, 1, 1, 1, 2], [1, 1, 1, 1, 1, 0, 0, 2, 1, 0, 0, 2, 1, 1, 1, 0, 2, 1, 2, 2, 0, 0, 1, 1, 2, 1, 1, 2, 0, 2, 1, 2, 2, 1, 2, 0, 1, 2, 1], [1, 0, 2, 2, 0, 2, 1, 1, 0, 1, 1, 2, 2, 0, 2, 1, 0, 0, 2, 1, 0, 0, 0, 0, 1, 1, 2, 0, 1, 2, 0, 1, 2, 2, 0, 2, 2, 1, 0], [1, 0, 2, 0, 1, 2, 1, 1, 2, 2, 0, 1, 1, 1, 1, 2, 1, 2, 0, 0, 2, 1, 1, 1, 2, 1, 2, 2, 1, 2, 1, 1, 1, 0, 2, 1, 2, 2, 1], [1, 1, 2, 0, 0, 0, 0, 1, 2, 0, 2, 2, 0, 0, 0, 2, 0, 2, 1, 1, 2, 0, 0, 0, 0, 0, 1, 1, 2, 2, 1, 2, 0, 0, 2, 2, 0, 0, 1], [2, 1, 2, 0, 2, 2, 0, 2, 0, 2, 1, 2, 1, 0, 2, 1, 2, 2, 2, 2, 2, 0, 1, 2, 1, 0, 2, 1, 1, 0, 1, 1, 2, 0, 0, 1, 0, 1, 2], [2, 0, 0, 1, 2, 1, 0, 1, 2, 0, 2, 0, 2, 2, 1, 2, 1, 2, 1, 1, 2, 0, 2, 0, 0, 0, 1, 1, 0, 1, 1, 0, 1, 0, 1, 1, 0, 2, 2], [0, 0, 0, 1, 1, 1, 0, 1, 0, 0, 0, 0, 2, 2, 1, 0, 0, 1, 2, 2, 0, 0, 1, 1, 2, 2, 1, 2, 1, 1, 0, 0, 2, 0, 2, 0, 1, 0, 0], [2, 0, 0, 2, 2, 0, 2, 0, 2, 0, 2, 0, 0, 2, 0, 1, 1, 1, 1, 1, 2, 2, 2, 0, 1, 1, 2, 2, 2, 2, 2, 0, 1, 0, 1, 1, 1, 2, 1], [0, 1, 0, 1, 2, 1, 1, 0, 1, 0, 2, 1, 2, 2, 2, 1, 2, 2, 2, 1, 0, 2, 2, 0, 2, 2, 1, 2, 2, 1, 0, 2, 1, 1, 0, 1, 1, 0, 1], [1, 1, 2, 0, 2, 1, 0, 2, 2, 0, 1, 2, 1, 2, 2, 1, 0, 1, 1, 1, 0, 0, 1, 1, 1, 2, 0, 0, 2, 1, 1, 1, 1, 2, 0, 1, 0, 0, 2], [1, 1, 2, 2, 0, 1, 1, 1, 2, 2, 2, 0, 0, 0, 0, 2, 2, 0, 1, 1, 2, 2, 1, 1, 1, 2, 1, 0, 0, 0, 0, 0, 0, 1, 1, 2, 0, 1, 2], [1, 1, 1, 2, 1, 2, 0, 0, 2, 0, 0, 0, 0, 2, 0, 1, 0, 1, 2, 0, 1, 1, 0, 2, 2, 1, 2, 0, 1, 2, 2, 0, 0, 1, 1, 2, 1, 0, 0]], "speed_zone_count": 5, "speed_zones": [[0.0, 19200.0], [19200.0, 28800.0], [28800.0, 67200.0], [67200.0, 76800.0], [76800.0, 96000.0]], "distances": [[0, 4517, 4004, 3505, 4500, 3500, 4504, 3505, 4527, 5852, 5571, 5200, 5107, 4743, 4504, 3805, 3534, 3354, 1802, 2692, 4716, 3905, 1303, 2529, 921, 3605, 5700, 4294, 4997, 1476, 2701, 3546, 5247, 1204, 1476, 2061, 4816, 1414, 0], [5517, 1000, 1538, 2019, 1400, 2077, 1600, 2166, 1900, 6679, 6412, 6060, 5973, 6080, 1200, 1728, 5103, 2860, 4059, 3441, 3942, 3580, 4214, 5205, 5876, 3830, 4900, 2746, 3109, 5162, 3729, 3617, 3300, 4733, 4905, 4417, 5205, 6032, 5517], [5004, 1538, 1000, 1500, 1538, 1538, 1640, 1640, 1860, 6664, 6385, 6015, 5924, 5973, 1500, 1200, 4905, 2640, 3624, 2920, 3700, 3507, 3701, 4883, 5341, 3416, 4733, 2811, 3024, 4624, 3420, 3469, 3549, 4275, 4478, 4041, 4883, 5494, 5004], [4505, 2019, 1500, 1000, 2019, 1200, 2077, 1400, 2220, 6508, 6220, 5838, 5743, 5742, 2000, 1300, 4605, 2392, 3154, 2562, 3745, 3353, 3202, 4482, 4860, 3256, 4832, 2824, 3247, 4176, 3051, 3247, 3692, 3789, 4008, 3607, 4811, 5031, 4505], [5500, 1400, 1538, 2019, 1000, 2000, 1200, 2019, 1500, 7041, 6769, 6412, 6323, 6408, 1200, 1728, 5386, 3121, 4162, 3236, 3549, 3915, 4201, 5410, 5785, 3500, 4500, 3118, 2711, 5016, 3941, 3920, 3700, 4807, 5016, 4577, 4827, 5904, 5500], [4500, 2077, 1538, 1200, 2000, 1000, 2019, 1200, 2118, 6700, 6412, 6028, 5933, 5924, 2019, 1360, 4773, 2581, 3236, 2414, 3549, 3549, 3202, 4612, 4807, 3061, 4640, 3022, 3080, 4087, 3202, 3435, 3879, 3846, 4087, 3720, 4612, 4956, 4500], [5504, 1600, 1640, 2077, 1200, 2019, 1000, 2000, 1300, 7224, 6950, 6590, 6500, 6575, 1400, 1806, 5534, 3267, 4231, 3154, 3353, 4088, 4214, 5522, 5751, 3343, 4300, 3308, 2513, 4956, 4061, 4080, 3900, 4860, 5085, 4671, 4640, 5850, 5504], [4505, 2166, 1640, 1400, 2019, 1200, 2000, 1000, 2044, 6894, 6604, 6220, 6124, 6107, 2077, 1500, 4944, 2772, 3332, 2280, 3353, 3745, 3220, 4748, 4765, 2868, 4448, 3220, 2920, 4008, 3360, 3624, 4067, 3915, 4176, 3842, 4413, 4889, 4505], [5527, 1900, 1860, 2220, 1500, 2118, 1300, 2044, 1000, 7500, 7224, 6860, 6769, 6830, 1700, 1989, 5763, 3500, 4354, 3061, 3061, 4354, 4255, 5701, 5716, 3121, 4000, 3596, 2216, 4883, 4255, 4328, 4200, 4956, 5204, 4827, 4361, 5785, 5527], [6852, 6679, 6664, 6508, 7041, 6700, 7224, 6894, 7500, 1000, 1300, 1700, 1800, 2118, 6860, 6597, 3353, 5123, 5527, 7519, 9246, 4162, 6445, 4324, 7767, 8566, 10340, 4935, 8689, 7923, 4801, 4275, 4753, 5753, 5396, 4962, 10178, 8242, 6852], [6571, 6412, 6385, 6220, 6769, 6412, 6950, 6604, 7224, 1300, 1000, 1400, 1500, 1860, 6590, 6314, 3061, 4832, 5229, 7220, 8955, 3879, 6147, 4046, 7484, 8269, 10052, 4671, 8409, 7628, 4501, 3983, 4535, 5464, 5110, 4667, 9881, 7957, 6571], [6200, 6060, 6015, 5838, 6412, 6028, 6590, 6220, 6860, 1700, 1400, 1000, 1100, 1583, 6235, 5939, 2676, 4448, 4832, 6821, 8569, 3507, 5751, 3683, 7109, 7873, 9668, 4328, 8038, 7236, 4101, 3596, 4264, 5080, 4733, 4275, 9485, 7578, 6200], [6107, 5973, 5924, 5743, 6323, 5933, 6500, 6124, 6769, 1800, 1500, 1100, 1000, 1538, 6147, 5846, 2581, 4352, 4733, 6721, 8472, 3416, 5652, 3594, 7016, 7774, 9572, 4244, 7946, 7139, 4001, 3500, 4201, 4984, 4640, 4178, 9386, 7484, 6107], [5743, 6080, 5973, 5742, 6408, 5924, 6575, 6107, 6830, 2118, 1860, 1583, 1538, 1000, 6243, 5876, 2300, 4354, 4500, 6590, 8433, 3500, 5404, 3213, 6661, 7670, 9544, 4397, 7977, 6854, 3863, 3505, 4498, 4667, 4298, 3906, 9276, 7140, 5743], [5504, 1200, 1500, 2000, 1200, 2019, 1400, 2077, 1700, 6860, 6590, 6235, 6147, 6243, 1000, 1700, 5242, 2984, 4104, 3332, 3745, 3745, 4201, 5304, 5827, 3662, 4700, 2931, 2910, 5085, 3830, 3765, 3500, 4765, 4956, 4492, 5016, 5964, 5504], [4805, 1728, 1200, 1300, 1728, 1360, 1806, 1500, 1989, 6597, 6314, 5939, 5846, 5876, 1700, 1000, 4780, 2526, 3435, 2769, 3707, 3435, 3501, 4720, 5148, 3340, 4765, 2800, 3102, 4443, 3267, 3370, 3596, 4080, 4289, 3865, 4847, 5308, 4805], [4534, 5103, 4905, 4605, 5386, 4773, 5534, 4944, 5763, 3353, 3061, 2676, 2581, 2300, 5242, 4780, 1000, 3267, 3200, 5317, 7224, 2655, 4106, 2063, 5438, 6412, 8340, 3594, 6852, 5570, 2615, 2500, 4041, 3404, 3061, 2612, 8009, 5904, 4534], [4354, 2860, 2640, 2392, 3121, 2581, 3267, 2772, 3500, 5123, 4832, 4448, 4352, 4354, 2984, 2526, 3267, 1000, 2581, 3549, 5123, 2000, 3202, 3376, 5000, 4500, 6220, 1943, 4623, 4623, 1921, 1854, 2920, 3280, 3308, 2702, 6103, 5318, 4354], [2802, 4059, 3624, 3154, 4162, 3236, 4231, 3332, 4354, 5527, 5229, 4832, 4733, 4500, 4104, 3435, 3200, 2581, 1000, 3236, 5301, 3121, 1921, 2565, 3549, 4354, 6408, 3507, 5186, 3435, 1921, 2769, 4448, 1707, 1854, 1632, 5904, 3941, 2802], [3692, 3441, 2920, 2562, 3236, 2414, 3154, 2280, 3061, 7519, 7220, 6821, 6721, 6590, 3332, 2769, 5317, 3549, 3236, 1000, 3121, 4535, 2627, 4801, 3701, 2118, 4201, 4269, 3308, 2824, 3729, 4306, 5205, 3549, 3920, 3863, 3692, 3729, 3692], [5716, 3942, 3700, 3745, 3549, 3549, 3353, 3353, 3061, 9246, 8955, 8569, 8472, 8433, 3745, 3707, 7224, 5123, 5301, 3121, 1000, 6099, 4748, 6852, 5494, 2118, 2118, 5504, 2063, 4511, 5609, 5972, 6223, 5669, 6032, 5909, 2360, 5341, 5716], [4905, 3580, 3507, 3353, 3915, 3549, 4088, 3745, 4354, 4162, 3879, 3507, 3416, 3500, 3745, 3435, 2655, 2000, 3121, 4535, 6099, 1000, 3941, 3202, 5669, 5500, 7184, 1943, 5531, 5441, 2204, 1360, 2513, 3720, 3594, 2923, 7103, 6044, 4905], [2303, 4214, 3701, 3202, 4201, 3202, 4214, 3220, 4255, 6445, 6147, 5751, 5652, 5404, 4201, 3501, 4106, 3202, 1921, 2627, 4748, 3941, 1000, 3353, 2802, 3701, 5816, 4140, 4847, 2523, 2788, 3607, 5123, 1943, 2341, 2500, 5159, 3121, 2303], [3529, 5205, 4883, 4482, 5410, 4612, 5522, 4748, 5701, 4324, 4046, 3683, 3594, 3213, 5304, 4720, 2063, 3376, 2565, 4801, 6852, 3202, 3353, 1000, 4448, 5919, 7964, 4026, 6658, 4701, 2476, 2902, 4712, 2500, 2104, 1943, 7462, 4929, 3529], [1921, 5876, 5341, 4860, 5785, 4807, 5751, 4765, 5716, 7767, 7484, 7109, 7016, 6661, 5827, 5148, 5438, 5000, 3549, 3701, 5494, 5669, 2802, 4448, 1000, 4383, 6371, 5940, 5964, 1984, 4471, 5318, 6920, 3059, 3376, 3915, 5341, 1500, 1921], [4605, 3830, 3416, 3256, 3500, 3061, 3343, 2868, 3121, 8566, 8269, 7873, 7774, 7670, 3662, 3340, 6412, 4500, 4354, 2118, 2118, 5500, 3701, 5919, 4383, 1000, 3121, 5079, 2726, 3404, 4807, 5310, 5933, 4640, 5022, 4981, 2612, 4255, 4605], [6700, 4900, 4733, 4832, 4500, 4640, 4300, 4448, 4000, 10340, 10052, 9668, 9572, 9544, 4700, 4765, 8340, 6220, 6408, 4201, 2118, 7184, 5816, 7964, 6371, 3121, 1000, 6544, 2811, 5390, 6727, 7072, 7200, 6748, 7122, 7020, 2303, 6147, 6700], [5294, 2746, 2811, 2824, 3118, 3022, 3308, 3220, 3596, 4935, 4671, 4328, 4244, 4397, 2931, 2800, 3594, 1943, 3507, 4269, 5504, 1943, 4140, 4026, 5940, 5079, 6544, 1000, 4807, 5527, 2726, 2140, 1989, 4195, 4178, 3531, 6632, 6249, 5294], [5997, 3109, 3024, 3247, 2711, 3080, 2513, 2920, 2216, 8689, 8409, 8038, 7946, 7977, 2910, 3102, 6852, 4623, 5186, 3308, 2063, 5531, 4847, 6658, 5964, 2726, 2811, 4807, 1000, 5019, 5280, 5472, 5404, 5687, 6000, 5738, 3420, 5909, 5997], [2476, 5162, 4624, 4176, 5016, 4087, 4956, 4008, 4883, 7923, 7628, 7236, 7139, 6854, 5085, 4443, 5570, 4623, 3435, 2824, 4511, 5441, 2523, 4701, 1984, 3404, 5390, 5527, 5019, 1000, 4310, 5118, 6517, 3202, 3600, 3961, 4397, 1905, 2476], [3701, 3729, 3420, 3051, 3941, 3202, 4061, 3360, 4255, 4801, 4501, 4101, 4001, 3863, 3830, 3267, 2615, 1921, 1921, 3729, 5609, 2204, 2788, 2476, 4471, 4807, 6727, 2726, 5280, 4310, 1000, 1848, 3600, 2526, 2456, 1806, 6412, 4860, 3701], [4546, 3617, 3469, 3247, 3920, 3435, 4080, 3624, 4328, 4275, 3983, 3596, 3500, 3505, 3765, 3370, 2500, 1854, 2769, 4306, 5972, 1360, 3607, 2902, 5318, 5310, 7072, 2140, 5472, 5118, 1848, 1000, 2843, 3360, 3236, 2565, 6921, 5701, 4546], [6247, 3300, 3549, 3692, 3700, 3879, 3900, 4067, 4200, 4753, 4535, 4264, 4201, 4498, 3500, 3596, 4041, 2920, 4448, 5205, 6223, 2513, 5123, 4712, 6920, 5933, 7200, 1989, 5404, 6517, 3600, 2843, 1000, 5114, 5049, 4383, 7432, 7236, 6247], [2204, 4733, 4275, 3789, 4807, 3846, 4860, 3915, 4956, 5753, 5464, 5080, 4984, 4667, 4765, 4080, 3404, 3280, 1707, 3549, 5669, 3720, 1943, 2500, 3059, 4640, 6748, 4195, 5687, 3202, 2526, 3360, 5114, 1000, 1412, 1860, 6100, 3507, 2204], [2476, 4905, 4478, 4008, 5016, 4087, 5085, 4176, 5204, 5396, 5110, 4733, 4640, 4298, 4956, 4289, 3061, 3308, 1854, 3920, 6032, 3594, 2341, 2104, 3376, 5022, 7122, 4178, 6000, 3600, 2456, 3236, 5049, 1412, 1000, 1670, 6500, 3846, 2476], [3061, 4417, 4041, 3607, 4577, 3720, 4671, 3842, 4827, 4962, 4667, 4275, 4178, 3906, 4492, 3865, 2612, 2702, 1632, 3863, 5909, 2923, 2500, 1943, 3915, 4981, 7020, 3531, 5738, 3961, 1806, 2565, 4383, 1860, 1670, 1000, 6536, 4354, 3061], [5816, 5205, 4883, 4811, 4827, 4612, 4640, 4413, 4361, 10178, 9881, 9485, 9386, 9276, 5016, 4847, 8009, 6103, 5904, 3692, 2360, 7103, 5159, 7462, 5341, 2612, 2303, 6632, 3420, 4397, 6412, 6921, 7432, 6100, 6500, 6536, 1000, 5049, 5816], [2414, 6032, 5494, 5031, 5904, 4956, 5850, 4889, 5785, 8242, 7957, 7578, 7484, 7140, 5964, 5308, 5904, 5318, 3941, 3729, 5341, 6044, 3121, 4929, 1500, 4255, 6147, 6249, 5909, 1905, 4860, 5701, 7236, 3507, 3846, 4354, 5049, 1000, 2414], [0, 4517, 4004, 3505, 4500, 3500, 4504, 3505, 4527, 5852, 5571, 5200, 5107, 4743, 4504, 3805, 3534, 3354, 1802, 2692, 4716, 3905, 1303, 2529, 921, 3605, 5700, 4294, 4997, 1476, 2701, 3546, 5247, 1204, 1476, 2061, 4816, 1414, 0]], "time_windows": [[0.0, 96000.0], [21800.0, 57100.0], [8500.0, 54200.0], [39100.0, 80200.0], [4500.0, 51700.0], [22900.0, 64000.0], [4500.0, 52300.0], [38900.0, 91400.0], [38600.0, 90400.0], [38900.0, 78800.0], [5500.0, 57500.0], [9000.0, 52100.0], [42500.0, 89800.0], [34200.0, 75100.0], [39600.0, 90400.0], [34100.0, 65800.0], [35100.0, 78200.0], [16100.0, 61000.0], [39000.0, 84300.0], [22700.0, 68600.0], [40100.0, 90200.0], [3900.0, 59300.0], [40400.0, 84700.0], [10000.0, 55500.0], [900.0, 51000.0], [43000.0, 91300.0], [6300.0, 52000.0], [12500.0, 53000.0], [39000.0, 90000.0], [1400.0, 50600.0], [25900.0, 65000.0], [19800.0, 60900.0], [32500.0, 89700.0], [44200.0, 93700.0], [1400.0, 58100.0], [2000.0, 53900.0], [42600.0, 78700.0], [1400.0, 49900.0], [0.0, 96000.0]], "start_depot": 0, "end_depot": 38, "horizon": [0.0, 96000.0]}