{"digraph": {"vertex_count": 15, "arc_count": 182, "arcs": [[0, 1, 1, 1, 1, 1, 1, 1, 1, 1, 1, 1, 1, 1, 1], [0, 0, 1, 1, 1, 1, 1, 1, 1, 1, 1, 1, 1, 1, 1], [0, 1, 0, 1, 1, 1, 1, 1, 1, 1, 1, 1, 1, 1, 1], [0, 1, 1, 0, 1, 1, 1, 1, 1, 1, 1, 1, 1, 1, 1], [0, 1, 1, 1, 0, 1, 1, 1, 1, 1, 1, 1, 1, 1, 1], [0, 1, 1, 1, 1, 0, 1, 1, 1, 1, 1, 1, 1, 1, 1], [0, 1, 1, 1, 1, 1, 0, 1, 1, 1, 1, 1, 1, 1, 1], [0, 1, 1, 1, 1, 1, 1, 0, 1, 1, 1, 1, 1, 1, 1], [0, 1, 1, 1, 1, 1, 1, 1, 0, 1, 1, 1, 1, 1, 1], [0, 1, 1, 1, 1, 1, 1, 1, 1, 0, 1, 1, 1, 1, 1], [0, 1, 1, 1, 1, 1, 1, 1, 1, 1, 0, 1, 1, 1, 1], [0, 1, 1, 1, 1, 1, 1, 1, 1, 1, 1, 0, 1, 1, 1], [0, 1, 1, 1, 1, 1, 1, 1, 1, 1, 1, 1, 0, 1, 1], [0, 1, 1, 1, 1, 1, 1, 1, 1, 1, 1, 1, 1, 0, 1], [0, 0, 0, 0, 0, 0, 0, 0, 0, 0, 0, 0, 0, 0, 0]], "coordinates": [[40.0, 50.0], [25.0, 85.0], [22.0, 75.0], [22.0, 85.0], [20.0, 85.0], [15.0, 75.0], [8.0, 40.0], [2.0, 40.0], [0.0, 40.0], [20.0, 82.0], [2.0, 45.0], [57.0, 48.0], [55.0, 54.0], [26.0, 35.0], [40.0, 50.0]]}, "cluster_count": 3, "cluster_speeds": [[1.5, 1.0, 1.67, 1.17, 1.33], [1.17, 0.67, 1.33, 0.83, 1.0], [1.0, 0.33, 0.67, 0.5, 0.83]], "clusters": [[1, 0, 1, 0, 0, 2, 2, 0, 0, 2, 0, 1, 2, 1, 2], [2, 2, 2, 0, 0, 0, 1, 1, 1, 2, 2, 0, 2, 0, 1], [1, 1, 0, 2, 0, 1, 1, 2, 2, 1, 1, 2, 2, 2, 0], [1, 2, 2, 0, 2, 2, 2, 1, 0, 1, 2, 1, 0, 1, 0], [1, 0, 0, 2, 2, 2, 0, 1, 2, 2, 2, 1, 0, 2, 0], [0, 1, 1, 2, 0, 1, 1, 2, 1, 1, 0, 0, 2, 1, 1], [1, 1, 1, 0, 1, 1, 0, 1, 0, 2, 2, 0, 1, 1, 1], [0, 2, 1, 2, 2, 1, 1, 1, 0, 2, 2, 2, 1, 1, 1], [1, 0, 0, 2, 2, 1, 1, 1, 1, 0, 0, 0, 1, 2, 1], [1, 1, 0, 1, 1, 0, 2, 1, 2, 2, 2, 2, 1, 2, 0], [1, 1, 0, 0, 1, 1, 0, 2, 2, 0, 2, 2, 2, 1, 1], [2, 2, 2, 1, 0, 1, 1, 2, 1, 2, 2, 2, 1, 1, 0], [0, 2, 1, 0, 2, 1, 0, 0, 1, 1, 2, 0, 1, 0, 1], [0, 2, 2, 2, 2, 2, 1, 1, 1, 2, 1, 0, 2, 0, 2], [1, 2, 1, 1, 1, 0, 0, 0, 0, 1, 0, 0, 0, 1, 2]], "speed_zone_count": 5, "speed_zones": [[0.0, 19200.0], [19200.0, 28800.0], [28800.0, 67200.0], [67200.0, 76800.0], [76800.0, 96000.0]], "distances": [[0, 3807, 3080, 3935, 4031, 3535, 3352, 3929, 4123, 3773, 3832, 1711, 1552, 2051, 0], [4807, 1000, 2044, 1300, 1500, 2414, 5810, 6053, 6147, 1583, 5614, 5891, 5313, 6000, 4807], [4080, 2044, 1000, 2000, 2019, 1700, 4769, 5031, 5134, 1728, 4605, 5420, 4911, 5019, 4080], [4935, 1300, 2000, 1000, 1200, 2220, 5712, 5924, 6008, 1360, 5472, 6093, 5527, 6015, 4935], [5031, 1500, 2019, 1200, 1000, 2118, 5657, 5846, 5924, 1300, 5386, 6232, 5675, 6035, 5031], [4535, 2414, 1700, 2220, 2118, 1000, 4569, 4733, 4807, 1860, 4269, 5992, 5517, 5148, 4535], [4352, 5810, 4769, 5712, 5657, 4569, 1000, 1600, 1800, 5368, 1781, 5964, 5904, 2868, 4352], [4929, 6053, 5031, 5924, 5846, 4733, 1600, 1000, 1200, 5569, 1500, 6557, 6481, 3451, 4929], [5123, 6147, 5134, 6008, 5924, 4807, 1800, 1200, 1000, 5651, 1538, 6755, 6675, 3647, 5123], [4773, 1583, 1728, 1360, 1300, 1860, 5368, 5569, 5651, 1000, 5114, 6024, 5482, 5738, 4773], [4832, 5614, 4605, 5472, 5386, 4269, 1781, 1500, 1538, 5114, 1000, 6508, 6375, 3600, 4832], [2711, 5891, 5420, 6093, 6232, 5992, 5964, 6557, 6755, 6024, 6508, 1000, 1632, 4361, 2711], [2552, 5313, 4911, 5527, 5675, 5517, 5904, 6481, 6675, 5482, 6375, 1632, 1000, 4466, 2552], [3051, 6000, 5019, 6015, 6035, 5148, 2868, 3451, 3647, 5738, 3600, 4361, 4466, 1000, 3051], [0, 3807, 3080, 3935, 4031, 3535, 3352, 3929, 4123, 3773, 3832, 1711, 1552, 2051, 0]], "time_windows": [[0.0, 96000.0], [0.0, 91100.0], [0.0, 91900.0], [0.0, 91000.0], [0.0, 90900.0], [0.0, 91400.0], [19500.0, 31500.0], [17400.0, 29400.0], [25500.0, 37500.0], [3700.0, 15700.0], [10500.0, 22500.0], [0.0, 93200.0], [0.0, 93400.0], [30800.0, 42800.0], [0.0, 96000.0]], "start_depot": 0, "end_depot": 14, "horizon": [0.0, 96000.0]}