{"digraph": {"vertex_count": 38, "arc_count": 1332, "arcs": [[0, 1, 1, 1, 1, 1, 1, 1, 1, 1, 1, 1, 1, 1, 1, 1, 1, 1, 1, 1, 1, 1, 1, 1, 1, 1, 1, 1, 1, 1, 1, 1, 1, 1, 1, 1, 1, 1], [0, 0, 1, 1, 1, 1, 1, 1, 1, 1, 1, 1, 1, 1, 1, 1, 1, 1, 1, 1, 1, 1, 1, 1, 1, 1, 1, 1, 1, 1, 1, 1, 1, 1, 1, 1, 1, 1], [0, 1, 0, 1, 1, 1, 1, 1, 1, 1, 1, 1, 1, 1, 1, 1, 1, 1, 1, 1, 1, 1, 1, 1, 1, 1, 1, 1, 1, 1, 1, 1, 1, 1, 1, 1, 1, 1], [0, 1, 1, 0, 1, 1, 1, 1, 1, 1, 1, 1, 1, 1, 1, 1, 1, 1, 1, 1, 1, 1, 1, 1, 1, 1, 1, 1, 1, 1, 1, 1, 1, 1, 1, 1, 1, 1], [0, 1, 1, 1, 0, 1, 1, 1, 1, 1, 1, 1, 1, 1, 1, 1, 1, 1, 1, 1, 1, 1, 1, 1, 1, 1, 1, 1, 1, 1, 1, 1, 1, 1, 1, 1, 1, 1], [0, 1, 1, 1, 1, 0, 1, 1, 1, 1, 1, 1, 1, 1, 1, 1, 1, 1, 1, 1, 1, 1, 1, 1, 1, 1, 1, 1, 1, 1, 1, 1, 1, 1, 1, 1, 1, 1], [0, 1, 1, 1, 1, 1, 0, 1, 1, 1, 1, 1, 1, 1, 1, 1, 1, 1, 1, 1, 1, 1, 1, 1, 1, 1, 1, 1, 1, 1, 1, 1, 1, 1, 1, 1, 1, 1], [0, 1, 1, 1, 1, 1, 1, 0, 1, 1, 1, 1, 1, 1, 1, 1, 1, 1, 1, 1, 1, 1, 1, 1, 1, 1, 1, 1, 1, 1, 1, 1, 1, 1, 1, 1, 1, 1], [0, 1, 1, 1, 1, 1, 1, 1, 0, 1, 1, 1, 1, 1, 1, 1, 1, 1, 1, 1, 1, 1, 1, 1, 1, 1, 1, 1, 1, 1, 1, 1, 1, 1, 1, 1, 1, 1], [0, 1, 1, 1, 1, 1, 1, 1, 1, 0, 1, 1, 1, 1, 1, 1, 1, 1, 1, 1, 1, 1, 1, 1, 1, 1, 1, 1, 1, 1, 1, 1, 1, 1, 1, 1, 1, 1], [0, 1, 1, 1, 1, 1, 1, 1, 1, 1, 0, 1, 1, 1, 1, 1, 1, 1, 1, 1, 1, 1, 1, 1, 1, 1, 1, 1, 1, 1, 1, 1, 1, 1, 1, 1, 1, 1], [0, 1, 1, 1, 1, 1, 1, 1, 1, 1, 1, 0, 1, 1, 1, 1, 1, 1, 1, 1, 1, 1, 1, 1, 1, 1, 1, 1, 1, 1, 1, 1, 1, 1, 1, 1, 1, 1], [0, 1, 1, 1, 1, 1, 1, 1, 1, 1, 1, 1, 0, 1, 1, 1, 1, 1, 1, 1, 1, 1, 1, 1, 1, 1, 1, 1, 1, 1, 1, 1, 1, 1, 1, 1, 1, 1], [0, 1, 1, 1, 1, 1, 1, 1, 1, 1, 1, 1, 1, 0, 1, 1, 1, 1, 1, 1, 1, 1, 1, 1, 1, 1, 1, 1, 1, 1, 1, 1, 1, 1, 1, 1, 1, 1], [0, 1, 1, 1, 1, 1, 1, 1, 1, 1, 1, 1, 1, 1, 0, 1, 1, 1, 1, 1, 1, 1, 1, 1, 1, 1, 1, 1, 1, 1, 1, 1, 1, 1, 1, 1, 1, 1], [0, 1, 1, 1, 1, 1, 1, 1, 1, 1, 1, 1, 1, 1, 1, 0, 1, 1, 1, 1, 1, 1, 1, 1, 1, 1, 1, 1, 1, 1, 1, 1, 1, 1, 1, 1, 1, 1], [0, 1, 1, 1, 1, 1, 1, 1, 1, 1, 1, 1, 1, 1, 1, 1, 0, 1, 1, 1, 1, 1, 1, 1, 1, 1, 1, 1, 1, 1, 1, 1, 1, 1, 1, 1, 1, 1], [0, 1, 1, 1, 1, 1, 1, 1, 1, 1, 1, 1, 1, 1, 1, 1, 1, 0, 1, 1, 1, 1, 1, 1, 1, 1, 1, 1, 1, 1, 1, 1, 1, 1, 1, 1, 1, 1], [0, 1, 1, 1, 1, 1, 1, 1, 1, 1, 1, 1, 1, 1, 1, 1, 1, 1, 0, 1, 1, 1, 1, 1, 1, 1, 1, 1, 1, 1, 1, 1, 1, 1, 1, 1, 1, 1], [0, 1, 1, 1, 1, 1, 1, 1, 1, 1, 1, 1, 1, 1, 1, 1, 1, 1, 1, 0, 1, 1, 1, 1, 1, 1, 1, 1, 1, 1, 1, 1, 1, 1, 1, 1, 1, 1], [0, 1, 1, 1, 1, 1, 1, 1, 1, 1, 1, 1, 1, 1, 1, 1, 1, 1, 1, 1, 0, 1, 1, 1, 1, 1, 1, 1, 1, 1, 1, 1, 1, 1, 1, 1, 1, 1], [0, 1, 1, 1, 1, 1, 1, 1, 1, 1, 1, 1, 1, 1, 1, 1, 1, 1, 1, 1, 1, 0, 1, 1, 1, 1, 1, 1, 1, 1, 1, 1, 1, 1, 1, 1, 1, 1], [0, 1, 1, 1, 1, 1, 1, 1, 1, 1, 1, 1, 1, 1, 1, 1, 1, 1, 1, 1, 1, 1, 0, 1, 1, 1, 1, 1, 1, 1, 1, 1, 1, 1, 1, 1, 1, 1], [0, 1, 1, 1, 1, 1, 1, 1, 1, 1, 1, 1, 1, 1, 1, 1, 1, 1, 1, 1, 1, 1, 1, 0, 1, 1, 1, 1, 1, 1, 1, 1, 1, 1, 1, 1, 1, 1], [0, 1, 1, 1, 1, 1, 1, 1, 1, 1, 1, 1, 1, 1, 1, 1, 1, 1, 1, 1, 1, 1, 1, 1, 0, 1, 1, 1, 1, 1, 1, 1, 1, 1, 1, 1, 1, 1], [0, 1, 1, 1, 1, 1, 1, 1, 1, 1, 1, 1, 1, 1, 1, 1, 1, 1, 1, 1, 1, 1, 1, 1, 1, 0, 1, 1, 1, 1, 1, 1, 1, 1, 1, 1, 1, 1], [0, 1, 1, 1, 1, 1, 1, 1, 1, 1, 1, 1, 1, 1, 1, 1, 1, 1, 1, 1, 1, 1, 1, 1, 1, 1, 0, 1, 1, 1, 1, 1, 1, 1, 1, 1, 1, 1], [0, 1, 1, 1, 1, 1, 1, 1, 1, 1, 1, 1, 1, 1, 1, 1, 1, 1, 1, 1, 1, 1, 1, 1, 1, 1, 1, 0, 1, 1, 1, 1, 1, 1, 1, 1, 1, 1], [0, 1, 1, 1, 1, 1, 1, 1, 1, 1, 1, 1, 1, 1, 1, 1, 1, 1, 1, 1, 1, 1, 1, 1, 1, 1, 1, 1, 0, 1, 1, 1, 1, 1, 1, 1, 1, 1], [0, 1, 1, 1, 1, 1, 1, 1, 1, 1, 1, 1, 1, 1, 1, 1, 1, 1, 1, 1, 1, 1, 1, 1, 1, 1, 1, 1, 1, 0, 1, 1, 1, 1, 1, 1, 1, 1], [0, 1, 1, 1, 1, 1, 1, 1, 1, 1, 1, 1, 1, 1, 1, 1, 1, 1, 1, 1, 1, 1, 1, 1, 1, 1, 1, 1, 1, 1, 0, 1, 1, 1, 1, 1, 1, 1], [0, 1, 1, 1, 1, 1, 1, 1, 1, 1, 1, 1, 1, 1, 1, 1, 1, 1, 1, 1, 1, 1, 1, 1, 1, 1, 1, 1, 1, 1, 1, 0, 1, 1, 1, 1, 1, 1], [0, 1, 1, 1, 1, 1, 1, 1, 1, 1, 1, 1, 1, 1, 1, 1, 1, 1, 1, 1, 1, 1, 1, 1, 1, 1, 1, 1, 1, 1, 1, 1, 0, 1, 1, 1, 1, 1], [0, 1, 1, 1, 1, 1, 1, 1, 1, 1, 1, 1, 1, 1, 1, 1, 1, 1, 1, 1, 1, 1, 1, 1, 1, 1, 1, 1, 1, 1, 1, 1, 1, 0, 1, 1, 1, 1], [0, 1, 1, 1, 1, 1, 1, 1, 1, 1, 1, 1, 1, 1, 1, 1, 1, 1, 1, 1, 1, 1, 1, 1, 1, 1, 1, 1, 1, 1, 1, 1, 1, 1, 0, 1, 1, 1], [0, 1, 1, 1, 1, 1, 1, 1, 1, 1, 1, 1, 1, 1, 1, 1, 1, 1, 1, 1, 1, 1, 1, 1, 1, 1, 1, 1, 1, 1, 1, 1, 1, 1, 1, 0, 1, 1], [0, 1, 1, 1, 1, 1, 1, 1, 1, 1, 1, 1, 1, 1, 1, 1, 1, 1, 1, 1, 1, 1, 1, 1, 1, 1, 1, 1, 1, 1, 1, 1, 1, 1, 1, 1, 0, 1], [0, 0, 0, 0, 0, 0, 0, 0, 0, 0, 0, 0, 0, 0, 0, 0, 0, 0, 0, 0, 0, 0, 0, 0, 0, 0, 0, 0, 0, 0, 0, 0, 0, 0, 0, 0, 0, 0]], "coordinates": [[40.0, 50.0], [10.0, 35.0], [10.0, 40.0], [8.0, 45.0], [5.0, 35.0], [5.0, 45.0], [0.0, 45.0], [35.0, 5.0], [95.0, 30.0], [95.0, 35.0], [92.0, 30.0], [90.0, 35.0], [88.0, 30.0], [88.0, 35.0], [87.0, 30.0], [85.0, 25.0], [85.0, 35.0], [2.0, 45.0], [72.0, 35.0], [55.0, 20.0], [20.0, 50.0], [15.0, 10.0], [10.0, 20.0], [65.0, 35.0], [64.0, 42.0], [20.0, 20.0], [5.0, 5.0], [23.0, 3.0], [8.0, 56.0], [6.0, 68.0], [47.0, 47.0], [63.0, 23.0], [61.0, 52.0], [57.0, 48.0], [56.0, 37.0], [55.0, 54.0], [4.0, 18.0], [40.0, 50.0]]}, "cluster_count": 3, "cluster_speeds": [[1.5, 1.0, 1.67, 1.17, 1.33], [1.17, 0.67, 1.33, 0.83, 1.0], [1.0, 0.33, 0.67, 0.5, 0.83]], "clusters": [[0, 0, 0, 0, 1, 2, 0, 2, 1, 1, 0, 0, 2, 2, 2, 0, 1, 2, 0, 2, 2, 1, 0, 2, 0, 1, 0, 1, 2, 1, 0, 1, 1, 2, 2, 1, 0, 1], [2, 0, 2, 1, 2, 0, 1, 0, 1, 2, 2, 0, 0, 2, 0, 1, 2, 0, 2, 0, 1, 2, 1, 1, 1, 0, 2, 2, 1, 2, 2, 0, 1, 1, 1, 1, 2, 2], [2, 2, 0, 1, 0, 0, 2, 2, 0, 2, 0, 1, 0, 1, 2, 2, 1, 2, 2, 2, 0, 2, 0, 0, 1, 0, 2, 1, 0, 2, 0, 1, 0, 1, 1, 2, 0, 0], [1, 0, 1, 0, 0, 1, 0, 0, 0, 2, 2, 0, 0, 2, 0, 0, 2, 0, 1, 0, 0, 2, 2, 0, 1, 0, 0, 2, 1, 1, 2, 0, 1, 0, 2, 2, 0, 0], [0, 1, 0, 2, 2, 1, 0, 0, 1, 1, 1, 0, 2, 2, 1, 1, 2, 2, 2, 1, 0, 0, 1, 2, 0, 0, 1, 2, 0, 2, 0, 1, 0, 1, 1, 2, 1, 2], [2, 2, 0, 1, 0, 0, 0, 2, 0, 2, 2, 2, 2, 1, 1, 0, 2, 2, 0, 2, 1, 2, 0, 2, 1, 1, 1, 0, 0, 2, 1, 0, 2, 0, 0, 0, 2, 1], [0, 0, 1, 1, 2, 0, 0, 2, 0, 1, 2, 0, 2, 1, 1, 0, 2, 2, 0, 1, 2, 0, 1, 0, 1, 1, 2, 2, 2, 2, 1, 0, 1, 1, 2, 2, 1, 1], [1, 1, 0, 0, 2, 1, 2, 2, 1, 0, 2, 0, 2, 2, 2, 2, 2, 0, 2, 2, 1, 2, 2, 0, 2, 1, 2, 2, 2, 2, 2, 0, 0, 0, 2, 2, 2, 0], [2, 2, 0, 1, 2, 2, 1, 1, 0, 1, 2, 1, 0, 1, 2, 1, 2, 2, 1, 2, 0, 2, 2, 0, 2, 2, 1, 1, 2, 1, 1, 2, 2, 2, 2, 0, 2, 2], [2, 0, 2, 2, 1, 1, 1, 2, 1, 2, 1, 2, 1, 2, 2, 1, 1, 1, 2, 0, 2, 2, 0, 0, 2, 1, 2, 0, 0, 2, 1, 1, 0, 0, 0, 1, 2, 0], [2, 0, 1, 0, 0, 1, 2, 0, 1, 2, 2, 2, 0, 1, 2, 0, 1, 1, 2, 0, 2, 0, 0, 1, 0, 0, 1, 2, 1, 0, 1, 1, 0, 2, 2, 2, 0, 0], [1, 0, 1, 0, 0, 1, 2, 2, 1, 0, 1, 0, 1, 0, 2, 2, 0, 2, 2, 2, 2, 0, 1, 2, 1, 0, 2, 2, 1, 0, 1, 0, 1, 2, 1, 0, 2, 1], [1, 2, 0, 2, 2, 1, 2, 1, 0, 0, 1, 1, 0, 0, 1, 1, 0, 2, 1, 1, 0, 1, 2, 0, 0, 2, 2, 0, 2, 2, 2, 0, 2, 1, 1, 1, 1, 0], [1, 1, 0, 2, 0, 2, 0, 1, 0, 0, 1, 2, 0, 1, 0, 2, 1, 0, 2, 0, 2, 1, 2, 1, 0, 2, 0, 2, 0, 1, 0, 2, 1, 1, 2, 0, 1, 1], [0, 0, 0, 0, 0, 0, 2, 2, 0, 0, 2, 0, 2, 1, 1, 0, 1, 1, 1, 2, 2, 0, 2, 2, 2, 1, 1, 1, 2, 2, 0, 2, 0, 0, 2, 2, 1, 2], [2, 1, 2, 0, 2, 1, 0, 1, 0, 0, 2, 1, 2, 0, 1, 0, 1, 1, 0, 0, 1, 0, 2, 1, 1, 2, 0, 2, 0, 0, 0, 1, 2, 0, 2, 2, 1, 0], [2, 0, 0, 0, 2, 2, 0, 1, 1, 2, 2, 2, 0, 1, 2, 2, 2, 1, 1, 1, 0, 2, 1, 2, 1, 2, 2, 0, 1, 0, 1, 1, 2, 0, 0, 1, 1, 1], [1, 2, 0, 0, 1, 1, 0, 2, 1, 1, 0, 2, 0, 1, 2, 1, 0, 1, 2, 0, 2, 1, 2, 0, 2, 2, 2, 2, 1, 1, 0, 0, 1, 2, 2, 1, 2, 1], [2, 2, 0, 2, 1, 0, 1, 2, 2, 0, 1, 1, 1, 1, 1, 1, 1, 0, 2, 2, 1, 2, 1, 1, 0, 1, 0, 2, 1, 0, 0, 1, 1, 0, 0, 1, 0, 2], [2, 1, 0, 2, 1, 1, 0, 2, 2, 0, 1, 2, 0, 0, 2, 1, 1, 0, 0, 1, 2, 2, 1, 1, 1, 1, 1, 0, 0, 1, 0, 0, 1, 0, 1, 2, 2, 2], [2, 2, 0, 0, 2, 2, 2, 2, 0, 0, 1, 0, 0, 1, 0, 0, 1, 2, 0, 0, 2, 0, 2, 2, 1, 2, 0, 0, 1, 1, 2, 0, 2, 0, 0, 2, 2, 2], [0, 0, 0, 2, 1, 1, 2, 2, 2, 2, 2, 1, 1, 2, 0, 1, 1, 1, 1, 2, 2, 0, 0, 1, 2, 0, 0, 2, 0, 2, 2, 2, 1, 0, 2, 1, 1, 1], [2, 1, 0, 1, 1, 2, 1, 2, 2, 0, 1, 2, 1, 2, 0, 2, 0, 2, 1, 1, 1, 1, 1, 0, 1, 0, 2, 2, 1, 1, 2, 0, 1, 2, 0, 0, 0, 0], [0, 2, 0, 2, 2, 1, 1, 1, 0, 0, 2, 0, 0, 2, 2, 0, 1, 0, 1, 0, 0, 0, 0, 0, 1, 0, 2, 0, 2, 2, 0, 0, 0, 1, 0, 2, 2, 0], [1, 1, 2, 1, 2, 2, 1, 1, 2, 2, 1, 0, 0, 2, 1, 1, 0, 2, 0, 1, 2, 0, 1, 0, 2, 2, 2, 1, 0, 1, 0, 2, 1, 1, 2, 1, 0, 1], [1, 0, 0, 1, 0, 0, 2, 1, 2, 0, 0, 1, 2, 2, 1, 1, 2, 0, 0, 1, 1, 2, 0, 0, 1, 2, 2, 0, 1, 0, 0, 1, 2, 0, 0, 0, 1, 1], [2, 0, 0, 2, 2, 0, 2, 1, 2, 1, 0, 2, 0, 2, 0, 0, 0, 0, 2, 1, 2, 0, 2, 0, 2, 2, 0, 1, 0, 0, 2, 0, 1, 0, 2, 2, 1, 1], [0, 0, 2, 1, 2, 1, 1, 2, 0, 2, 2, 2, 2, 0, 1, 1, 0, 2, 1, 2, 2, 0, 0, 0, 0, 0, 2, 1, 2, 2, 2, 0, 0, 2, 1, 1, 1, 1], [0, 1, 1, 1, 1, 1, 2, 1, 2, 1, 1, 2, 1, 1, 0, 1, 2, 2, 2, 1, 1, 2, 2, 2, 1, 0, 0, 0, 2, 2, 0, 0, 0, 0, 1, 0, 0, 1], [0, 0, 2, 0, 2, 1, 2, 1, 2, 2, 0, 2, 1, 1, 0, 1, 0, 2, 0, 2, 0, 0, 0, 1, 0, 0, 0, 1, 1, 0, 0, 0, 0, 0, 0, 0, 0, 0], [2, 0, 2, 2, 0, 1, 0, 1, 2, 2, 0, 0, 2, 0, 1, 0, 1, 1, 0, 0, 2, 0, 2, 0, 1, 2, 1, 0, 2, 0, 0, 0, 1, 1, 0, 1, 2, 2], [0, 1, 0, 1, 1, 0, 1, 1, 2, 2, 0, 0, 2, 2, 2, 0, 2, 2, 2, 0, 1, 0, 2, 1, 1, 1, 0, 0, 2, 0, 2, 1, 2, 1, 0, 1, 2, 2], [0, 1, 0, 2, 0, 0, 0, 0, 0, 1, 2, 2, 1, 2, 0, 1, 1, 2, 1, 0, 0, 2, 2, 2, 2, 2, 2, 2, 0, 2, 0, 1, 0, 2, 1, 0, 1, 1], [2, 2, 1, 2, 2, 2, 0, 2, 1, 0, 1, 1, 1, 2, 0, 0, 0, 1, 1, 1, 2, 2, 0, 0, 2, 2, 2, 2, 1, 2, 1, 0, 2, 2, 1, 2, 0, 0], [0, 1, 0, 2, 1, 2, 1, 0, 0, 0, 0, 1, 2, 0, 2, 2, 2, 0, 1, 0, 2, 2, 0, 2, 0, 2, 1, 0, 1, 1, 0, 2, 0, 1, 1, 0, 1, 0], [1, 2, 2, 0, 2, 1, 0, 2, 2, 0, 1, 1, 1, 0, 0, 2, 2, 1, 2, 0, 0, 0, 2, 2, 0, 0, 2, 2, 1, 2, 1, 1, 2, 1, 1, 2, 2, 0], [2, 1, 0, 0, 1, 0, 2, 1, 0, 1, 2, 0, 1, 0, 0, 0, 1, 2, 1, 2, 2, 1, 0, 2, 0, 1, 1, 0, 0, 0, 2, 1, 0, 0, 2, 2, 1, 1], [1, 2, 2, 0, 1, 2, 0, 1, 0, 2, 2, 2, 1, 0, 0, 2, 0, 1, 2, 0, 2, 0, 1, 1, 0, 1, 0, 0, 0, 2, 1, 2, 1, 0, 0, 1, 0, 0]], "speed_zone_count": 5, "speed_zones": [[0.0, 19200.0], [19200.0, 28800.0], [28800.0, 67200.0], [67200.0, 76800.0], [76800.0, 96000.0]], "distances": [[0, 3354, 3162, 3238, 3807, 3535, 4031, 4527, 5852, 5700, 5571, 5220, 5200, 5028, 5107, 5147, 4743, 3832, 3534, 3354, 2000, 4716, 4242, 2915, 2529, 3605, 5700, 4997, 3255, 3847, 761, 3546, 2109, 1711, 2061, 1552, 4816, 0], [4354, 1000, 1500, 2019, 1500, 2118, 2414, 4905, 9514, 9500, 9215, 9000, 8816, 8800, 8716, 8566, 8500, 2280, 7200, 5743, 2802, 3549, 2500, 6500, 6445, 2802, 4041, 4453, 3109, 4324, 4889, 6434, 6375, 5876, 5604, 5884, 2802, 4354], [4162, 1500, 1000, 1538, 1707, 1707, 2118, 5301, 9558, 9514, 9260, 9015, 8863, 8816, 8764, 8648, 8516, 1943, 7220, 5924, 2414, 4041, 3000, 6522, 6403, 3236, 4535, 4921, 2612, 3828, 4765, 6565, 6239, 5767, 5609, 5712, 3280, 4162], [4238, 2019, 1538, 1000, 2044, 1300, 1800, 5825, 9828, 9757, 9532, 9260, 9139, 9062, 9041, 8955, 8764, 1600, 7477, 6323, 2300, 4569, 3507, 6787, 6608, 3773, 5011, 5459, 2100, 3308, 4905, 6923, 6346, 5909, 5866, 5785, 3729, 4238], [4807, 1500, 1707, 2044, 1000, 2000, 2118, 5242, 10013, 10000, 9714, 9500, 9315, 9300, 9215, 9062, 9000, 2044, 7700, 6220, 3121, 3692, 2581, 7000, 6941, 3121, 4000, 4671, 3121, 4301, 5368, 6922, 6852, 6360, 6103, 6348, 2702, 4807], [4535, 2118, 1707, 1300, 2000, 1000, 1500, 6000, 10124, 10055, 9828, 9558, 9434, 9360, 9336, 9246, 9062, 1300, 7774, 6590, 2581, 4640, 3549, 7082, 6907, 3915, 5000, 5569, 2140, 3302, 5204, 7203, 6643, 6208, 6162, 6080, 3701, 4535], [5031, 2414, 2118, 1800, 2118, 1500, 1000, 6315, 10617, 10552, 10321, 10055, 9926, 9856, 9828, 9732, 9558, 1200, 8269, 7041, 3061, 4807, 3692, 7576, 7407, 4201, 5031, 5788, 2360, 3376, 5704, 7673, 7140, 6707, 6656, 6573, 3729, 5031], [5527, 4905, 5301, 5825, 5242, 6000, 6315, 1000, 7500, 7708, 7224, 7264, 6860, 7090, 6769, 6385, 6830, 6185, 5763, 3500, 5743, 3061, 3915, 5242, 5701, 3121, 4000, 2216, 6770, 7935, 5368, 4328, 6371, 5830, 4827, 6292, 4361, 5527], [6852, 9514, 9558, 9828, 10013, 10124, 10617, 7500, 1000, 1500, 1300, 1707, 1700, 1860, 1800, 2118, 2118, 10420, 3353, 5123, 8762, 9246, 9558, 4041, 4324, 8566, 10340, 8689, 10080, 10677, 6092, 4275, 5049, 5204, 4962, 5664, 10178, 6852], [6700, 9500, 9514, 9757, 10000, 10055, 10552, 7708, 1500, 1000, 1583, 1500, 1860, 1700, 1943, 2414, 2000, 10353, 3300, 5272, 8648, 9381, 9631, 4000, 4178, 8648, 10486, 8879, 9949, 10492, 5947, 4417, 4801, 5016, 4905, 5428, 10257, 6700], [6571, 9215, 9260, 9532, 9714, 9828, 10321, 7224, 1300, 1583, 1000, 1538, 1400, 1640, 1500, 1860, 1860, 10124, 3061, 4832, 8472, 8955, 9260, 3745, 4046, 8269, 10052, 8409, 9793, 10402, 5810, 3983, 4801, 4935, 4667, 5410, 9881, 6571], [6220, 9000, 9015, 9260, 9500, 9558, 10055, 7264, 1707, 1500, 1538, 1000, 1538, 1200, 1583, 2118, 1500, 9856, 2800, 4807, 8158, 8905, 9139, 3500, 3692, 8158, 10013, 8424, 9464, 10024, 5464, 3954, 4361, 4546, 4405, 4982, 9766, 6220], [6200, 8816, 8863, 9139, 9315, 9434, 9926, 6860, 1700, 1860, 1400, 1538, 1000, 1500, 1100, 1583, 1583, 9729, 2676, 4448, 8088, 8569, 8863, 3353, 3683, 7873, 9668, 8038, 9411, 10037, 5438, 3596, 4482, 4584, 4275, 5080, 9485, 6200], [6028, 8800, 8816, 9062, 9300, 9360, 9856, 7090, 1860, 1700, 1640, 1200, 1500, 1000, 1509, 2044, 1300, 9657, 2600, 4624, 7963, 8716, 8942, 3300, 3500, 7963, 9825, 8244, 9271, 9839, 5272, 3773, 4190, 4361, 4206, 4807, 9570, 6028], [6107, 8716, 8764, 9041, 9215, 9336, 9828, 6769, 1800, 1943, 1500, 1583, 1100, 1509, 1000, 1538, 1538, 9631, 2581, 4352, 7992, 8472, 8764, 3256, 3594, 7774, 9572, 7946, 9316, 9947, 5346, 3500, 4405, 4498, 4178, 5000, 9386, 6107], [6147, 8566, 8648, 8955, 9062, 9246, 9732, 6385, 2118, 2414, 1860, 2118, 1583, 2044, 1538, 1000, 2000, 9537, 2640, 4041, 7964, 8158, 8516, 3236, 3701, 7519, 9246, 7578, 9300, 9994, 5390, 3209, 4612, 4623, 4138, 5172, 9130, 6147], [5743, 8500, 8516, 8764, 9000, 9062, 9558, 6830, 2118, 2000, 1860, 1500, 1583, 1300, 1538, 2000, 1000, 9360, 2300, 4354, 7670, 8433, 8648, 3000, 3213, 7670, 9544, 7977, 8981, 9561, 4984, 3505, 3941, 4087, 3906, 4551, 9276, 5743], [4832, 2280, 1943, 1600, 2044, 1300, 1200, 6185, 10420, 10353, 10124, 9856, 9729, 9657, 9631, 9537, 9360, 1000, 8071, 6860, 2868, 4733, 3624, 7378, 7207, 4080, 5011, 5695, 2252, 3334, 5504, 7484, 6941, 6508, 6458, 6375, 3707, 4832], [4534, 7200, 7220, 7477, 7700, 7774, 8269, 5763, 3353, 3300, 3061, 2800, 2676, 2600, 2581, 2640, 2300, 8071, 1000, 3267, 6412, 7224, 7378, 1700, 2063, 6412, 8340, 6852, 7735, 8379, 3773, 2500, 3024, 2984, 2612, 3549, 8009, 4534], [4354, 5743, 5924, 6323, 6220, 6590, 7041, 3500, 5123, 5272, 4832, 4807, 4448, 4624, 4352, 4041, 4354, 6860, 3267, 1000, 5609, 5123, 5500, 2802, 3376, 4500, 6220, 4623, 6920, 7859, 3816, 1854, 4255, 3807, 2702, 4400, 6103, 4354], [3000, 2802, 2414, 2300, 3121, 2581, 3061, 5743, 8762, 8648, 8472, 8158, 8088, 7963, 7992, 7964, 7670, 2868, 6412, 5609, 1000, 5031, 4162, 5743, 5472, 4000, 5743, 5709, 2341, 3280, 3716, 6077, 5104, 4705, 4827, 4522, 4577, 3000], [5716, 3549, 4041, 4569, 3692, 4640, 4807, 3061, 9246, 9381, 8955, 8905, 8569, 8716, 8472, 8158, 8433, 4733, 7224, 5123, 5031, 1000, 2118, 6590, 6852, 2118, 2118, 2063, 5652, 6869, 5891, 5972, 7228, 6663, 5909, 6946, 2360, 5716], [5242, 2500, 3000, 3507, 2581, 3549, 3692, 3915, 9558, 9631, 9260, 9139, 8863, 8942, 8764, 8516, 8648, 3624, 7378, 5500, 4162, 2118, 1000, 6700, 6830, 2000, 2581, 3140, 4605, 5816, 5580, 6308, 7020, 6470, 5904, 6640, 1632, 5242], [3915, 6500, 6522, 6787, 7000, 7082, 7576, 5242, 4041, 4000, 3745, 3500, 3353, 3300, 3256, 3236, 3000, 7378, 1700, 2802, 5743, 6590, 6700, 1000, 1707, 5743, 7708, 6280, 7074, 7760, 3163, 2216, 2746, 2526, 1921, 3147, 7332, 3915], [3529, 6445, 6403, 6608, 6941, 6907, 7407, 5701, 4324, 4178, 4046, 3692, 3683, 3500, 3594, 3701, 3213, 7207, 2063, 3376, 5472, 6852, 6830, 1707, 1000, 5919, 7964, 6658, 6772, 7356, 2772, 2902, 2044, 1921, 1943, 2500, 7462, 3529], [4605, 2802, 3236, 3773, 3121, 3915, 4201, 3121, 8566, 8648, 8269, 8158, 7873, 7963, 7774, 7519, 7670, 4080, 6412, 4500, 4000, 2118, 2000, 5743, 5919, 1000, 3121, 2726, 4794, 6000, 4818, 5310, 6200, 5640, 4981, 5879, 2612, 4605], [6700, 4041, 4535, 5011, 4000, 5000, 5031, 4000, 10340, 10486, 10052, 10013, 9668, 9825, 9572, 9246, 9544, 5011, 8340, 6220, 5743, 2118, 2581, 7708, 7964, 3121, 1000, 2811, 6108, 7300, 6939, 7072, 8310, 7747, 7020, 8000, 2303, 6700], [5997, 4453, 4921, 5459, 4671, 5569, 5788, 2216, 8689, 8879, 8409, 8424, 8038, 8244, 7946, 7578, 7977, 5695, 6852, 4623, 5709, 2063, 3140, 6280, 6658, 2726, 2811, 1000, 6508, 7718, 6011, 5472, 7200, 6640, 5738, 7020, 3420, 5997], [4255, 3109, 2612, 2100, 3121, 2140, 2360, 6770, 10080, 9949, 9793, 9464, 9411, 9271, 9316, 9300, 8981, 2252, 7735, 6920, 2341, 5652, 4605, 7074, 6772, 4794, 6108, 6508, 1000, 2216, 5002, 7414, 6315, 5964, 6162, 5704, 4820, 4255], [4847, 4324, 3828, 3308, 4301, 3302, 3376, 7935, 10677, 10492, 10402, 10024, 10037, 9839, 9947, 9994, 9561, 3334, 8379, 7859, 3280, 6869, 5816, 7760, 7356, 6000, 7300, 7718, 2216, 1000, 5606, 8262, 6728, 6478, 6883, 6096, 6003, 4847], [1761, 4889, 4765, 4905, 5368, 5204, 5704, 5368, 6092, 5947, 5810, 5464, 5438, 5272, 5346, 5390, 4984, 5504, 3773, 3816, 3716, 5891, 5580, 3163, 2772, 4818, 6939, 6011, 5002, 5606, 1000, 3884, 2486, 2004, 2345, 2063, 6186, 1761], [4546, 6434, 6565, 6923, 6922, 7203, 7673, 4328, 4275, 4417, 3983, 3954, 3596, 3773, 3500, 3209, 3505, 7484, 2500, 1854, 6077, 5972, 6308, 2216, 2902, 5310, 7072, 5472, 7414, 8262, 3884, 1000, 3906, 3570, 2565, 4201, 6921, 4546], [3109, 6375, 6239, 6346, 6852, 6643, 7140, 6371, 5049, 4801, 4801, 4361, 4482, 4190, 4405, 4612, 3941, 6941, 3024, 4255, 5104, 7228, 7020, 2746, 2044, 6200, 8310, 7200, 6315, 6728, 2486, 3906, 1000, 1565, 2581, 1632, 7637, 3109], [2711, 5876, 5767, 5909, 6360, 6208, 6707, 5830, 5204, 5016, 4935, 4546, 4584, 4361, 4498, 4623, 4087, 6508, 2984, 3807, 4705, 6663, 6470, 2526, 1921, 5640, 7747, 6640, 5964, 6478, 2004, 3570, 1565, 1000, 2104, 1632, 7090, 2711], [3061, 5604, 5609, 5866, 6103, 6162, 6656, 4827, 4962, 4905, 4667, 4405, 4275, 4206, 4178, 4138, 3906, 6458, 2612, 2702, 4827, 5909, 5904, 1921, 1943, 4981, 7020, 5738, 6162, 6883, 2345, 2565, 2581, 2104, 1000, 2702, 6536, 3061], [2552, 5884, 5712, 5785, 6348, 6080, 6573, 6292, 5664, 5428, 5410, 4982, 5080, 4807, 5000, 5172, 4551, 6375, 3549, 4400, 4522, 6946, 6640, 3147, 2500, 5879, 8000, 7020, 5704, 6096, 2063, 4201, 1632, 1632, 2702, 1000, 7242, 2552], [5816, 2802, 3280, 3729, 2702, 3701, 3729, 4361, 10178, 10257, 9881, 9766, 9485, 9570, 9386, 9130, 9276, 3707, 8009, 6103, 4577, 2360, 1632, 7332, 7462, 2612, 2303, 3420, 4820, 6003, 6186, 6921, 7637, 7090, 6536, 7242, 1000, 5816], [0, 3354, 3162, 3238, 3807, 3535, 4031, 4527, 5852, 5700, 5571, 5220, 5200, 5028, 5107, 5147, 4743, 3832, 3534, 3354, 2000, 4716, 4242, 2915, 2529, 3605, 5700, 4997, 3255, 3847, 761, 3546, 2109, 1711, 2061, 1552, 4816, 0]], "time_windows": [[0.0, 96000.0], [37100.0, 49100.0], [51900.0, 63900.0], [0.0, 91700.0], [65300.0, 77300.0], [0.0, 91400.0], [70300.0, 82300.0], [78400.0, 90400.0], [0.0, 89100.0], [14600.0, 26600.0], [0.0, 89400.0], [0.0, 89700.0], [24600.0, 36600.0], [0.0, 89900.0], [0.0, 89800.0], [8000.0, 20000.0], [0.0, 90200.0], [0.0, 91100.0], [0.0, 91400.0], [0.0, 91600.0], [37500.0, 49500.0], [78200.0, 90200.0], [0.0, 90700.0], [16700.0, 28700.0], [26800.0, 38800.0], [64500.0, 76500.0], [0.0, 89200.0], [76400.0, 88400.0], [36500.0, 48500.0], [35200.0, 47200.0], [82200.0, 94200.0], [0.0, 91400.0], [80800.0, 92800.0], [0.0, 93200.0], [0.0, 92900.0], [0.0, 93400.0], [0.0, 90100.0], [0.0, 96000.0]], "start_depot": 0, "end_depot": 37, "horizon": [0.0, 96000.0]}