{"digraph": {"vertex_count": 61, "arc_count": 3540, "arcs": [[0, 1, 1, 1, 1, 1, 1, 1, 1, 1, 1, 1, 1, 1, 1, 1, 1, 1, 1, 1, 1, 1, 1, 1, 1, 1, 1, 1, 1, 1, 1, 1, 1, 1, 1, 1, 1, 1, 1, 1, 1, 1, 1, 1, 1, 1, 1, 1, 1, 1, 1, 1, 1, 1, 1, 1, 1, 1, 1, 1, 1], [0, 0, 1, 1, 1, 1, 1, 1, 1, 1, 1, 1, 1, 1, 1, 1, 1, 1, 1, 1, 1, 1, 1, 1, 1, 1, 1, 1, 1, 1, 1, 1, 1, 1, 1, 1, 1, 1, 1, 1, 1, 1, 1, 1, 1, 1, 1, 1, 1, 1, 1, 1, 1, 1, 1, 1, 1, 1, 1, 1, 1], [0, 1, 0, 1, 1, 1, 1, 1, 1, 1, 1, 1, 1, 1, 1, 1, 1, 1, 1, 1, 1, 1, 1, 1, 1, 1, 1, 1, 1, 1, 1, 1, 1, 1, 1, 1, 1, 1, 1, 1, 1, 1, 1, 1, 1, 1, 1, 1, 1, 1, 1, 1, 1, 1, 1, 1, 1, 1, 1, 1, 1], [0, 1, 1, 0, 1, 1, 1, 1, 1, 1, 1, 1, 1, 1, 1, 1, 1, 1, 1, 1, 1, 1, 1, 1, 1, 1, 1, 1, 1, 1, 1, 1, 1, 1, 1, 1, 1, 1, 1, 1, 1, 1, 1, 1, 1, 1, 1, 1, 1, 1, 1, 1, 1, 1, 1, 1, 1, 1, 1, 1, 1], [0, 1, 1, 1, 0, 1, 1, 1, 1, 1, 1, 1, 1, 1, 1, 1, 1, 1, 1, 1, 1, 1, 1, 1, 1, 1, 1, 1, 1, 1, 1, 1, 1, 1, 1, 1, 1, 1, 1, 1, 1, 1, 1, 1, 1, 1, 1, 1, 1, 1, 1, 1, 1, 1, 1, 1, 1, 1, 1, 1, 1], [0, 1, 1, 1, 1, 0, 1, 1, 1, 1, 1, 1, 1, 1, 1, 1, 1, 1, 1, 1, 1, 1, 1, 1, 1, 1, 1, 1, 1, 1, 1, 1, 1, 1, 1, 1, 1, 1, 1, 1, 1, 1, 1, 1, 1, 1, 1, 1, 1, 1, 1, 1, 1, 1, 1, 1, 1, 1, 1, 1, 1], [0, 1, 1, 1, 1, 1, 0, 1, 1, 1, 1, 1, 1, 1, 1, 1, 1, 1, 1, 1, 1, 1, 1, 1, 1, 1, 1, 1, 1, 1, 1, 1, 1, 1, 1, 1, 1, 1, 1, 1, 1, 1, 1, 1, 1, 1, 1, 1, 1, 1, 1, 1, 1, 1, 1, 1, 1, 1, 1, 1, 1], [0, 1, 1, 1, 1, 1, 1, 0, 1, 1, 1, 1, 1, 1, 1, 1, 1, 1, 1, 1, 1, 1, 1, 1, 1, 1, 1, 1, 1, 1, 1, 1, 1, 1, 1, 1, 1, 1, 1, 1, 1, 1, 1, 1, 1, 1, 1, 1, 1, 1, 1, 1, 1, 1, 1, 1, 1, 1, 1, 1, 1], [0, 1, 1, 1, 1, 1, 1, 1, 0, 1, 1, 1, 1, 1, 1, 1, 1, 1, 1, 1, 1, 1, 1, 1, 1, 1, 1, 1, 1, 1, 1, 1, 1, 1, 1, 1, 1, 1, 1, 1, 1, 1, 1, 1, 1, 1, 1, 1, 1, 1, 1, 1, 1, 1, 1, 1, 1, 1, 1, 1, 1], [0, 1, 1, 1, 1, 1, 1, 1, 1, 0, 1, 1, 1, 1, 1, 1, 1, 1, 1, 1, 1, 1, 1, 1, 1, 1, 1, 1, 1, 1, 1, 1, 1, 1, 1, 1, 1, 1, 1, 1, 1, 1, 1, 1, 1, 1, 1, 1, 1, 1, 1, 1, 1, 1, 1, 1, 1, 1, 1, 1, 1], [0, 1, 1, 1, 1, 1, 1, 1, 1, 1, 0, 1, 1, 1, 1, 1, 1, 1, 1, 1, 1, 1, 1, 1, 1, 1, 1, 1, 1, 1, 1, 1, 1, 1, 1, 1, 1, 1, 1, 1, 1, 1, 1, 1, 1, 1, 1, 1, 1, 1, 1, 1, 1, 1, 1, 1, 1, 1, 1, 1, 1], [0, 1, 1, 1, 1, 1, 1, 1, 1, 1, 1, 0, 1, 1, 1, 1, 1, 1, 1, 1, 1, 1, 1, 1, 1, 1, 1, 1, 1, 1, 1, 1, 1, 1, 1, 1, 1, 1, 1, 1, 1, 1, 1, 1, 1, 1, 1, 1, 1, 1, 1, 1, 1, 1, 1, 1, 1, 1, 1, 1, 1], [0, 1, 1, 1, 1, 1, 1, 1, 1, 1, 1, 1, 0, 1, 1, 1, 1, 1, 1, 1, 1, 1, 1, 1, 1, 1, 1, 1, 1, 1, 1, 1, 1, 1, 1, 1, 1, 1, 1, 1, 1, 1, 1, 1, 1, 1, 1, 1, 1, 1, 1, 1, 1, 1, 1, 1, 1, 1, 1, 1, 1], [0, 1, 1, 1, 1, 1, 1, 1, 1, 1, 1, 1, 1, 0, 1, 1, 1, 1, 1, 1, 1, 1, 1, 1, 1, 1, 1, 1, 1, 1, 1, 1, 1, 1, 1, 1, 1, 1, 1, 1, 1, 1, 1, 1, 1, 1, 1, 1, 1, 1, 1, 1, 1, 1, 1, 1, 1, 1, 1, 1, 1], [0, 1, 1, 1, 1, 1, 1, 1, 1, 1, 1, 1, 1, 1, 0, 1, 1, 1, 1, 1, 1, 1, 1, 1, 1, 1, 1, 1, 1, 1, 1, 1, 1, 1, 1, 1, 1, 1, 1, 1, 1, 1, 1, 1, 1, 1, 1, 1, 1, 1, 1, 1, 1, 1, 1, 1, 1, 1, 1, 1, 1], [0, 1, 1, 1, 1, 1, 1, 1, 1, 1, 1, 1, 1, 1, 1, 0, 1, 1, 1, 1, 1, 1, 1, 1, 1, 1, 1, 1, 1, 1, 1, 1, 1, 1, 1, 1, 1, 1, 1, 1, 1, 1, 1, 1, 1, 1, 1, 1, 1, 1, 1, 1, 1, 1, 1, 1, 1, 1, 1, 1, 1], [0, 1, 1, 1, 1, 1, 1, 1, 1, 1, 1, 1, 1, 1, 1, 1, 0, 1, 1, 1, 1, 1, 1, 1, 1, 1, 1, 1, 1, 1, 1, 1, 1, 1, 1, 1, 1, 1, 1, 1, 1, 1, 1, 1, 1, 1, 1, 1, 1, 1, 1, 1, 1, 1, 1, 1, 1, 1, 1, 1, 1], [0, 1, 1, 1, 1, 1, 1, 1, 1, 1, 1, 1, 1, 1, 1, 1, 1, 0, 1, 1, 1, 1, 1, 1, 1, 1, 1, 1, 1, 1, 1, 1, 1, 1, 1, 1, 1, 1, 1, 1, 1, 1, 1, 1, 1, 1, 1, 1, 1, 1, 1, 1, 1, 1, 1, 1, 1, 1, 1, 1, 1], [0, 1, 1, 1, 1, 1, 1, 1, 1, 1, 1, 1, 1, 1, 1, 1, 1, 1, 0, 1, 1, 1, 1, 1, 1, 1, 1, 1, 1, 1, 1, 1, 1, 1, 1, 1, 1, 1, 1, 1, 1, 1, 1, 1, 1, 1, 1, 1, 1, 1, 1, 1, 1, 1, 1, 1, 1, 1, 1, 1, 1], [0, 1, 1, 1, 1, 1, 1, 1, 1, 1, 1, 1, 1, 1, 1, 1, 1, 1, 1, 0, 1, 1, 1, 1, 1, 1, 1, 1, 1, 1, 1, 1, 1, 1, 1, 1, 1, 1, 1, 1, 1, 1, 1, 1, 1, 1, 1, 1, 1, 1, 1, 1, 1, 1, 1, 1, 1, 1, 1, 1, 1], [0, 1, 1, 1, 1, 1, 1, 1, 1, 1, 1, 1, 1, 1, 1, 1, 1, 1, 1, 1, 0, 1, 1, 1, 1, 1, 1, 1, 1, 1, 1, 1, 1, 1, 1, 1, 1, 1, 1, 1, 1, 1, 1, 1, 1, 1, 1, 1, 1, 1, 1, 1, 1, 1, 1, 1, 1, 1, 1, 1, 1], [0, 1, 1, 1, 1, 1, 1, 1, 1, 1, 1, 1, 1, 1, 1, 1, 1, 1, 1, 1, 1, 0, 1, 1, 1, 1, 1, 1, 1, 1, 1, 1, 1, 1, 1, 1, 1, 1, 1, 1, 1, 1, 1, 1, 1, 1, 1, 1, 1, 1, 1, 1, 1, 1, 1, 1, 1, 1, 1, 1, 1], [0, 1, 1, 1, 1, 1, 1, 1, 1, 1, 1, 1, 1, 1, 1, 1, 1, 1, 1, 1, 1, 1, 0, 1, 1, 1, 1, 1, 1, 1, 1, 1, 1, 1, 1, 1, 1, 1, 1, 1, 1, 1, 1, 1, 1, 1, 1, 1, 1, 1, 1, 1, 1, 1, 1, 1, 1, 1, 1, 1, 1], [0, 1, 1, 1, 1, 1, 1, 1, 1, 1, 1, 1, 1, 1, 1, 1, 1, 1, 1, 1, 1, 1, 1, 0, 1, 1, 1, 1, 1, 1, 1, 1, 1, 1, 1, 1, 1, 1, 1, 1, 1, 1, 1, 1, 1, 1, 1, 1, 1, 1, 1, 1, 1, 1, 1, 1, 1, 1, 1, 1, 1], [0, 1, 1, 1, 1, 1, 1, 1, 1, 1, 1, 1, 1, 1, 1, 1, 1, 1, 1, 1, 1, 1, 1, 1, 0, 1, 1, 1, 1, 1, 1, 1, 1, 1, 1, 1, 1, 1, 1, 1, 1, 1, 1, 1, 1, 1, 1, 1, 1, 1, 1, 1, 1, 1, 1, 1, 1, 1, 1, 1, 1], [0, 1, 1, 1, 1, 1, 1, 1, 1, 1, 1, 1, 1, 1, 1, 1, 1, 1, 1, 1, 1, 1, 1, 1, 1, 0, 1, 1, 1, 1, 1, 1, 1, 1, 1, 1, 1, 1, 1, 1, 1, 1, 1, 1, 1, 1, 1, 1, 1, 1, 1, 1, 1, 1, 1, 1, 1, 1, 1, 1, 1], [0, 1, 1, 1, 1, 1, 1, 1, 1, 1, 1, 1, 1, 1, 1, 1, 1, 1, 1, 1, 1, 1, 1, 1, 1, 1, 0, 1, 1, 1, 1, 1, 1, 1, 1, 1, 1, 1, 1, 1, 1, 1, 1, 1, 1, 1, 1, 1, 1, 1, 1, 1, 1, 1, 1, 1, 1, 1, 1, 1, 1], [0, 1, 1, 1, 1, 1, 1, 1, 1, 1, 1, 1, 1, 1, 1, 1, 1, 1, 1, 1, 1, 1, 1, 1, 1, 1, 1, 0, 1, 1, 1, 1, 1, 1, 1, 1, 1, 1, 1, 1, 1, 1, 1, 1, 1, 1, 1, 1, 1, 1, 1, 1, 1, 1, 1, 1, 1, 1, 1, 1, 1], [0, 1, 1, 1, 1, 1, 1, 1, 1, 1, 1, 1, 1, 1, 1, 1, 1, 1, 1, 1, 1, 1, 1, 1, 1, 1, 1, 1, 0, 1, 1, 1, 1, 1, 1, 1, 1, 1, 1, 1, 1, 1, 1, 1, 1, 1, 1, 1, 1, 1, 1, 1, 1, 1, 1, 1, 1, 1, 1, 1, 1], [0, 1, 1, 1, 1, 1, 1, 1, 1, 1, 1, 1, 1, 1, 1, 1, 1, 1, 1, 1, 1, 1, 1, 1, 1, 1, 1, 1, 1, 0, 1, 1, 1, 1, 1, 1, 1, 1, 1, 1, 1, 1, 1, 1, 1, 1, 1, 1, 1, 1, 1, 1, 1, 1, 1, 1, 1, 1, 1, 1, 1], [0, 1, 1, 1, 1, 1, 1, 1, 1, 1, 1, 1, 1, 1, 1, 1, 1, 1, 1, 1, 1, 1, 1, 1, 1, 1, 1, 1, 1, 1, 0, 1, 1, 1, 1, 1, 1, 1, 1, 1, 1, 1, 1, 1, 1, 1, 1, 1, 1, 1, 1, 1, 1, 1, 1, 1, 1, 1, 1, 1, 1], [0, 1, 1, 1, 1, 1, 1, 1, 1, 1, 1, 1, 1, 1, 1, 1, 1, 1, 1, 1, 1, 1, 1, 1, 1, 1, 1, 1, 1, 1, 1, 0, 1, 1, 1, 1, 1, 1, 1, 1, 1, 1, 1, 1, 1, 1, 1, 1, 1, 1, 1, 1, 1, 1, 1, 1, 1, 1, 1, 1, 1], [0, 1, 1, 1, 1, 1, 1, 1, 1, 1, 1, 1, 1, 1, 1, 1, 1, 1, 1, 1, 1, 1, 1, 1, 1, 1, 1, 1, 1, 1, 1, 1, 0, 1, 1, 1, 1, 1, 1, 1, 1, 1, 1, 1, 1, 1, 1, 1, 1, 1, 1, 1, 1, 1, 1, 1, 1, 1, 1, 1, 1], [0, 1, 1, 1, 1, 1, 1, 1, 1, 1, 1, 1, 1, 1, 1, 1, 1, 1, 1, 1, 1, 1, 1, 1, 1, 1, 1, 1, 1, 1, 1, 1, 1, 0, 1, 1, 1, 1, 1, 1, 1, 1, 1, 1, 1, 1, 1, 1, 1, 1, 1, 1, 1, 1, 1, 1, 1, 1, 1, 1, 1], [0, 1, 1, 1, 1, 1, 1, 1, 1, 1, 1, 1, 1, 1, 1, 1, 1, 1, 1, 1, 1, 1, 1, 1, 1, 1, 1, 1, 1, 1, 1, 1, 1, 1, 0, 1, 1, 1, 1, 1, 1, 1, 1, 1, 1, 1, 1, 1, 1, 1, 1, 1, 1, 1, 1, 1, 1, 1, 1, 1, 1], [0, 1, 1, 1, 1, 1, 1, 1, 1, 1, 1, 1, 1, 1, 1, 1, 1, 1, 1, 1, 1, 1, 1, 1, 1, 1, 1, 1, 1, 1, 1, 1, 1, 1, 1, 0, 1, 1, 1, 1, 1, 1, 1, 1, 1, 1, 1, 1, 1, 1, 1, 1, 1, 1, 1, 1, 1, 1, 1, 1, 1], [0, 1, 1, 1, 1, 1, 1, 1, 1, 1, 1, 1, 1, 1, 1, 1, 1, 1, 1, 1, 1, 1, 1, 1, 1, 1, 1, 1, 1, 1, 1, 1, 1, 1, 1, 1, 0, 1, 1, 1, 1, 1, 1, 1, 1, 1, 1, 1, 1, 1, 1, 1, 1, 1, 1, 1, 1, 1, 1, 1, 1], [0, 1, 1, 1, 1, 1, 1, 1, 1, 1, 1, 1, 1, 1, 1, 1, 1, 1, 1, 1, 1, 1, 1, 1, 1, 1, 1, 1, 1, 1, 1, 1, 1, 1, 1, 1, 1, 0, 1, 1, 1, 1, 1, 1, 1, 1, 1, 1, 1, 1, 1, 1, 1, 1, 1, 1, 1, 1, 1, 1, 1], [0, 1, 1, 1, 1, 1, 1, 1, 1, 1, 1, 1, 1, 1, 1, 1, 1, 1, 1, 1, 1, 1, 1, 1, 1, 1, 1, 1, 1, 1, 1, 1, 1, 1, 1, 1, 1, 1, 0, 1, 1, 1, 1, 1, 1, 1, 1, 1, 1, 1, 1, 1, 1, 1, 1, 1, 1, 1, 1, 1, 1], [0, 1, 1, 1, 1, 1, 1, 1, 1, 1, 1, 1, 1, 1, 1, 1, 1, 1, 1, 1, 1, 1, 1, 1, 1, 1, 1, 1, 1, 1, 1, 1, 1, 1, 1, 1, 1, 1, 1, 0, 1, 1, 1, 1, 1, 1, 1, 1, 1, 1, 1, 1, 1, 1, 1, 1, 1, 1, 1, 1, 1], [0, 1, 1, 1, 1, 1, 1, 1, 1, 1, 1, 1, 1, 1, 1, 1, 1, 1, 1, 1, 1, 1, 1, 1, 1, 1, 1, 1, 1, 1, 1, 1, 1, 1, 1, 1, 1, 1, 1, 1, 0, 1, 1, 1, 1, 1, 1, 1, 1, 1, 1, 1, 1, 1, 1, 1, 1, 1, 1, 1, 1], [0, 1, 1, 1, 1, 1, 1, 1, 1, 1, 1, 1, 1, 1, 1, 1, 1, 1, 1, 1, 1, 1, 1, 1, 1, 1, 1, 1, 1, 1, 1, 1, 1, 1, 1, 1, 1, 1, 1, 1, 1, 0, 1, 1, 1, 1, 1, 1, 1, 1, 1, 1, 1, 1, 1, 1, 1, 1, 1, 1, 1], [0, 1, 1, 1, 1, 1, 1, 1, 1, 1, 1, 1, 1, 1, 1, 1, 1, 1, 1, 1, 1, 1, 1, 1, 1, 1, 1, 1, 1, 1, 1, 1, 1, 1, 1, 1, 1, 1, 1, 1, 1, 1, 0, 1, 1, 1, 1, 1, 1, 1, 1, 1, 1, 1, 1, 1, 1, 1, 1, 1, 1], [0, 1, 1, 1, 1, 1, 1, 1, 1, 1, 1, 1, 1, 1, 1, 1, 1, 1, 1, 1, 1, 1, 1, 1, 1, 1, 1, 1, 1, 1, 1, 1, 1, 1, 1, 1, 1, 1, 1, 1, 1, 1, 1, 0, 1, 1, 1, 1, 1, 1, 1, 1, 1, 1, 1, 1, 1, 1, 1, 1, 1], [0, 1, 1, 1, 1, 1, 1, 1, 1, 1, 1, 1, 1, 1, 1, 1, 1, 1, 1, 1, 1, 1, 1, 1, 1, 1, 1, 1, 1, 1, 1, 1, 1, 1, 1, 1, 1, 1, 1, 1, 1, 1, 1, 1, 0, 1, 1, 1, 1, 1, 1, 1, 1, 1, 1, 1, 1, 1, 1, 1, 1], [0, 1, 1, 1, 1, 1, 1, 1, 1, 1, 1, 1, 1, 1, 1, 1, 1, 1, 1, 1, 1, 1, 1, 1, 1, 1, 1, 1, 1, 1, 1, 1, 1, 1, 1, 1, 1, 1, 1, 1, 1, 1, 1, 1, 1, 0, 1, 1, 1, 1, 1, 1, 1, 1, 1, 1, 1, 1, 1, 1, 1], [0, 1, 1, 1, 1, 1, 1, 1, 1, 1, 1, 1, 1, 1, 1, 1, 1, 1, 1, 1, 1, 1, 1, 1, 1, 1, 1, 1, 1, 1, 1, 1, 1, 1, 1, 1, 1, 1, 1, 1, 1, 1, 1, 1, 1, 1, 0, 1, 1, 1, 1, 1, 1, 1, 1, 1, 1, 1, 1, 1, 1], [0, 1, 1, 1, 1, 1, 1, 1, 1, 1, 1, 1, 1, 1, 1, 1, 1, 1, 1, 1, 1, 1, 1, 1, 1, 1, 1, 1, 1, 1, 1, 1, 1, 1, 1, 1, 1, 1, 1, 1, 1, 1, 1, 1, 1, 1, 1, 0, 1, 1, 1, 1, 1, 1, 1, 1, 1, 1, 1, 1, 1], [0, 1, 1, 1, 1, 1, 1, 1, 1, 1, 1, 1, 1, 1, 1, 1, 1, 1, 1, 1, 1, 1, 1, 1, 1, 1, 1, 1, 1, 1, 1, 1, 1, 1, 1, 1, 1, 1, 1, 1, 1, 1, 1, 1, 1, 1, 1, 1, 0, 1, 1, 1, 1, 1, 1, 1, 1, 1, 1, 1, 1], [0, 1, 1, 1, 1, 1, 1, 1, 1, 1, 1, 1, 1, 1, 1, 1, 1, 1, 1, 1, 1, 1, 1, 1, 1, 1, 1, 1, 1, 1, 1, 1, 1, 1, 1, 1, 1, 1, 1, 1, 1, 1, 1, 1, 1, 1, 1, 1, 1, 0, 1, 1, 1, 1, 1, 1, 1, 1, 1, 1, 1], [0, 1, 1, 1, 1, 1, 1, 1, 1, 1, 1, 1, 1, 1, 1, 1, 1, 1, 1, 1, 1, 1, 1, 1, 1, 1, 1, 1, 1, 1, 1, 1, 1, 1, 1, 1, 1, 1, 1, 1, 1, 1, 1, 1, 1, 1, 1, 1, 1, 1, 0, 1, 1, 1, 1, 1, 1, 1, 1, 1, 1], [0, 1, 1, 1, 1, 1, 1, 1, 1, 1, 1, 1, 1, 1, 1, 1, 1, 1, 1, 1, 1, 1, 1, 1, 1, 1, 1, 1, 1, 1, 1, 1, 1, 1, 1, 1, 1, 1, 1, 1, 1, 1, 1, 1, 1, 1, 1, 1, 1, 1, 1, 0, 1, 1, 1, 1, 1, 1, 1, 1, 1], [0, 1, 1, 1, 1, 1, 1, 1, 1, 1, 1, 1, 1, 1, 1, 1, 1, 1, 1, 1, 1, 1, 1, 1, 1, 1, 1, 1, 1, 1, 1, 1, 1, 1, 1, 1, 1, 1, 1, 1, 1, 1, 1, 1, 1, 1, 1, 1, 1, 1, 1, 1, 0, 1, 1, 1, 1, 1, 1, 1, 1], [0, 1, 1, 1, 1, 1, 1, 1, 1, 1, 1, 1, 1, 1, 1, 1, 1, 1, 1, 1, 1, 1, 1, 1, 1, 1, 1, 1, 1, 1, 1, 1, 1, 1, 1, 1, 1, 1, 1, 1, 1, 1, 1, 1, 1, 1, 1, 1, 1, 1, 1, 1, 1, 0, 1, 1, 1, 1, 1, 1, 1], [0, 1, 1, 1, 1, 1, 1, 1, 1, 1, 1, 1, 1, 1, 1, 1, 1, 1, 1, 1, 1, 1, 1, 1, 1, 1, 1, 1, 1, 1, 1, 1, 1, 1, 1, 1, 1, 1, 1, 1, 1, 1, 1, 1, 1, 1, 1, 1, 1, 1, 1, 1, 1, 1, 0, 1, 1, 1, 1, 1, 1], [0, 1, 1, 1, 1, 1, 1, 1, 1, 1, 1, 1, 1, 1, 1, 1, 1, 1, 1, 1, 1, 1, 1, 1, 1, 1, 1, 1, 1, 1, 1, 1, 1, 1, 1, 1, 1, 1, 1, 1, 1, 1, 1, 1, 1, 1, 1, 1, 1, 1, 1, 1, 1, 1, 1, 0, 1, 1, 1, 1, 1], [0, 1, 1, 1, 1, 1, 1, 1, 1, 1, 1, 1, 1, 1, 1, 1, 1, 1, 1, 1, 1, 1, 1, 1, 1, 1, 1, 1, 1, 1, 1, 1, 1, 1, 1, 1, 1, 1, 1, 1, 1, 1, 1, 1, 1, 1, 1, 1, 1, 1, 1, 1, 1, 1, 1, 1, 0, 1, 1, 1, 1], [0, 1, 1, 1, 1, 1, 1, 1, 1, 1, 1, 1, 1, 1, 1, 1, 1, 1, 1, 1, 1, 1, 1, 1, 1, 1, 1, 1, 1, 1, 1, 1, 1, 1, 1, 1, 1, 1, 1, 1, 1, 1, 1, 1, 1, 1, 1, 1, 1, 1, 1, 1, 1, 1, 1, 1, 1, 0, 1, 1, 1], [0, 1, 1, 1, 1, 1, 1, 1, 1, 1, 1, 1, 1, 1, 1, 1, 1, 1, 1, 1, 1, 1, 1, 1, 1, 1, 1, 1, 1, 1, 1, 1, 1, 1, 1, 1, 1, 1, 1, 1, 1, 1, 1, 1, 1, 1, 1, 1, 1, 1, 1, 1, 1, 1, 1, 1, 1, 1, 0, 1, 1], [0, 1, 1, 1, 1, 1, 1, 1, 1, 1, 1, 1, 1, 1, 1, 1, 1, 1, 1, 1, 1, 1, 1, 1, 1, 1, 1, 1, 1, 1, 1, 1, 1, 1, 1, 1, 1, 1, 1, 1, 1, 1, 1, 1, 1, 1, 1, 1, 1, 1, 1, 1, 1, 1, 1, 1, 1, 1, 1, 0, 1], [0, 0, 0, 0, 0, 0, 0, 0, 0, 0, 0, 0, 0, 0, 0, 0, 0, 0, 0, 0, 0, 0, 0, 0, 0, 0, 0, 0, 0, 0, 0, 0, 0, 0, 0, 0, 0, 0, 0, 0, 0, 0, 0, 0, 0, 0, 0, 0, 0, 0, 0, 0, 0, 0, 0, 0, 0, 0, 0, 0, 0]]}, "cluster_count": 3, "cluster_speeds": [[0.8370000000000001, 0.765, 0.8370000000000001, 0.9, 0.747, 0.6930000000000001, 0.747, 0.81, 0.41400000000000003, 0.378, 0.41400000000000003, 0.45, 0.279, 0.25200000000000006, 0.279, 0.29700000000000004, 0.333, 0.30600000000000005, 0.333, 0.36000000000000004, 0.5040000000000001, 0.459, 0.5040000000000001, 0.54, 0.65, 0.59, 0.65, 0.7, 0.37, 0.34, 0.37, 0.4, 0.31, 0.28, 0.31, 0.33, 0.46, 0.42, 0.46, 0.5, 0.65, 0.59, 0.65, 0.7, 0.74, 0.68, 0.74, 0.8, 0.5850000000000001, 0.531, 0.5850000000000001, 0.63, 0.41400000000000003, 0.378, 0.41400000000000003, 0.45, 0.5040000000000001, 0.459, 0.5040000000000001, 0.54, 0.5850000000000001, 0.531, 0.5850000000000001, 0.63, 0.747, 0.6930000000000001, 0.747, 0.81, 0.8370000000000001, 0.765, 0.8370000000000001, 0.9, 0.9], [0.8835, 0.8075, 0.8835, 0.95, 0.7885, 0.7314999999999999, 0.7885, 0.855, 0.437, 0.39899999999999997, 0.437, 0.475, 0.2945, 0.266, 0.2945, 0.3135, 0.3515, 0.323, 0.3515, 0.38, 0.532, 0.4845, 0.532, 0.57, 0.65, 0.59, 0.65, 0.7, 0.37, 0.34, 0.37, 0.4, 0.31, 0.28, 0.31, 0.33, 0.46, 0.42, 0.46, 0.5, 0.65, 0.59, 0.65, 0.7, 0.74, 0.68, 0.74, 0.8, 0.6174999999999999, 0.5605, 0.6174999999999999, 0.6649999999999999, 0.437, 0.39899999999999997, 0.437, 0.475, 0.532, 0.4845, 0.532, 0.57, 0.6174999999999999, 0.5605, 0.6174999999999999, 0.6649999999999999, 0.7885, 0.7314999999999999, 0.7885, 0.855, 0.8835, 0.8075, 0.8835, 0.95, 0.95], [0.93, 0.85, 0.93, 1.0, 0.83, 0.77, 0.83, 0.9, 0.46, 0.42, 0.46, 0.5, 0.31, 0.28, 0.31, 0.33, 0.37, 0.34, 0.37, 0.4, 0.56, 0.51, 0.56, 0.6, 0.65, 0.59, 0.65, 0.7, 0.37, 0.34, 0.37, 0.4, 0.31, 0.28, 0.31, 0.33, 0.46, 0.42, 0.46, 0.5, 0.65, 0.59, 0.65, 0.7, 0.74, 0.68, 0.74, 0.8, 0.65, 0.59, 0.65, 0.7, 0.46, 0.42, 0.46, 0.5, 0.56, 0.51, 0.56, 0.6, 0.65, 0.59, 0.65, 0.7, 0.83, 0.77, 0.83, 0.9, 0.93, 0.85, 0.93, 1.0, 1.0]], "clusters": [[-1, 2, 2, 2, 2, 2, 2, 2, 2, 2, 2, 2, 2, 2, 2, 2, 2, 2, 2, 2, 2, 2, 2, 2, 2, 2, 2, 2, 2, 2, 2, 2, 2, 2, 2, 2, 2, 2, 2, 2, 2, 2, 2, 2, 2, 2, 2, 2, 2, 2, 2, 2, 2, 2, 2, 2, 2, 2, 2, 2, 2], [2, -1, 2, 2, 2, 2, 2, 2, 2, 2, 2, 2, 2, 2, 2, 2, 2, 2, 2, 2, 2, 2, 2, 2, 2, 2, 2, 2, 2, 2, 2, 2, 2, 2, 2, 2, 2, 2, 2, 2, 2, 2, 2, 2, 2, 2, 2, 2, 2, 2, 2, 2, 2, 2, 2, 2, 2, 2, 2, 2, 2], [1, 1, -1, 1, 1, 1, 1, 1, 1, 1, 1, 1, 1, 1, 1, 1, 1, 1, 1, 1, 1, 1, 1, 1, 1, 1, 1, 1, 1, 1, 1, 1, 1, 1, 1, 1, 1, 1, 1, 1, 1, 1, 1, 1, 1, 1, 1, 1, 1, 1, 1, 1, 1, 1, 1, 1, 1, 1, 1, 1, 1], [1, 1, 1, -1, 1, 1, 1, 1, 1, 1, 1, 1, 1, 1, 1, 1, 1, 1, 1, 1, 1, 1, 1, 1, 1, 1, 1, 1, 1, 1, 1, 1, 1, 1, 1, 1, 1, 1, 1, 1, 1, 1, 1, 1, 1, 1, 1, 1, 1, 1, 1, 1, 1, 1, 1, 1, 1, 1, 1, 1, 1], [2, 2, 2, 2, -1, 2, 2, 2, 2, 2, 2, 2, 2, 2, 2, 2, 2, 2, 2, 2, 2, 2, 2, 2, 2, 2, 2, 2, 2, 2, 2, 2, 2, 2, 2, 2, 2, 2, 2, 2, 2, 2, 2, 2, 2, 2, 2, 2, 2, 2, 2, 2, 2, 2, 2, 2, 2, 2, 2, 2, 2], [1, 1, 1, 1, 1, -1, 1, 1, 1, 1, 1, 1, 1, 1, 1, 1, 1, 1, 1, 1, 1, 1, 1, 1, 1, 1, 1, 1, 1, 1, 1, 1, 1, 1, 1, 1, 1, 1, 1, 1, 1, 1, 1, 1, 1, 1, 1, 1, 1, 1, 1, 1, 1, 1, 1, 1, 1, 1, 1, 1, 1], [0, 0, 0, 0, 0, 0, -1, 0, 0, 0, 0, 0, 0, 0, 0, 0, 0, 0, 0, 0, 0, 0, 0, 0, 0, 0, 0, 0, 0, 0, 0, 0, 0, 0, 0, 0, 0, 0, 0, 0, 0, 0, 0, 0, 0, 0, 0, 0, 0, 0, 0, 0, 0, 0, 0, 0, 0, 0, 0, 0, 0], [0, 0, 0, 0, 0, 0, 0, -1, 0, 0, 0, 0, 0, 0, 0, 0, 0, 0, 0, 0, 0, 0, 0, 0, 0, 0, 0, 0, 0, 0, 0, 0, 0, 0, 0, 0, 0, 0, 0, 0, 0, 0, 0, 0, 0, 0, 0, 0, 0, 0, 0, 0, 0, 0, 0, 0, 0, 0, 0, 0, 0], [1, 1, 1, 1, 1, 1, 1, 1, -1, 1, 1, 1, 1, 1, 1, 1, 1, 1, 1, 1, 1, 1, 1, 1, 1, 1, 1, 1, 1, 1, 1, 1, 1, 1, 1, 1, 1, 1, 1, 1, 1, 1, 1, 1, 1, 1, 1, 1, 1, 1, 1, 1, 1, 1, 1, 1, 1, 1, 1, 1, 1], [2, 2, 2, 2, 2, 2, 2, 2, 2, -1, 2, 2, 2, 2, 2, 2, 2, 2, 2, 2, 2, 2, 2, 2, 2, 2, 2, 2, 2, 2, 2, 2, 2, 2, 2, 2, 2, 2, 2, 2, 2, 2, 2, 2, 2, 2, 2, 2, 2, 2, 2, 2, 2, 2, 2, 2, 2, 2, 2, 2, 2], [2, 2, 2, 2, 2, 2, 2, 2, 2, 2, -1, 2, 2, 2, 2, 2, 2, 2, 2, 2, 2, 2, 2, 2, 2, 2, 2, 2, 2, 2, 2, 2, 2, 2, 2, 2, 2, 2, 2, 2, 2, 2, 2, 2, 2, 2, 2, 2, 2, 2, 2, 2, 2, 2, 2, 2, 2, 2, 2, 2, 2], [2, 2, 2, 2, 2, 2, 2, 2, 2, 2, 2, -1, 2, 2, 2, 2, 2, 2, 2, 2, 2, 2, 2, 2, 2, 2, 2, 2, 2, 2, 2, 2, 2, 2, 2, 2, 2, 2, 2, 2, 2, 2, 2, 2, 2, 2, 2, 2, 2, 2, 2, 2, 2, 2, 2, 2, 2, 2, 2, 2, 2], [1, 1, 1, 1, 1, 1, 1, 1, 1, 1, 1, 1, -1, 1, 1, 1, 1, 1, 1, 1, 1, 1, 1, 1, 1, 1, 1, 1, 1, 1, 1, 1, 1, 1, 1, 1, 1, 1, 1, 1, 1, 1, 1, 1, 1, 1, 1, 1, 1, 1, 1, 1, 1, 1, 1, 1, 1, 1, 1, 1, 1], [0, 0, 0, 0, 0, 0, 0, 0, 0, 0, 0, 0, 0, -1, 0, 0, 0, 0, 0, 0, 0, 0, 0, 0, 0, 0, 0, 0, 0, 0, 0, 0, 0, 0, 0, 0, 0, 0, 0, 0, 0, 0, 0, 0, 0, 0, 0, 0, 0, 0, 0, 0, 0, 0, 0, 0, 0, 0, 0, 0, 0], [1, 1, 1, 1, 1, 1, 1, 1, 1, 1, 1, 1, 1, 1, -1, 1, 1, 1, 1, 1, 1, 1, 1, 1, 1, 1, 1, 1, 1, 1, 1, 1, 1, 1, 1, 1, 1, 1, 1, 1, 1, 1, 1, 1, 1, 1, 1, 1, 1, 1, 1, 1, 1, 1, 1, 1, 1, 1, 1, 1, 1], [2, 2, 2, 2, 2, 2, 2, 2, 2, 2, 2, 2, 2, 2, 2, -1, 2, 2, 2, 2, 2, 2, 2, 2, 2, 2, 2, 2, 2, 2, 2, 2, 2, 2, 2, 2, 2, 2, 2, 2, 2, 2, 2, 2, 2, 2, 2, 2, 2, 2, 2, 2, 2, 2, 2, 2, 2, 2, 2, 2, 2], [1, 1, 1, 1, 1, 1, 1, 1, 1, 1, 1, 1, 1, 1, 1, 1, -1, 1, 1, 1, 1, 1, 1, 1, 1, 1, 1, 1, 1, 1, 1, 1, 1, 1, 1, 1, 1, 1, 1, 1, 1, 1, 1, 1, 1, 1, 1, 1, 1, 1, 1, 1, 1, 1, 1, 1, 1, 1, 1, 1, 1], [2, 2, 2, 2, 2, 2, 2, 2, 2, 2, 2, 2, 2, 2, 2, 2, 2, -1, 2, 2, 2, 2, 2, 2, 2, 2, 2, 2, 2, 2, 2, 2, 2, 2, 2, 2, 2, 2, 2, 2, 2, 2, 2, 2, 2, 2, 2, 2, 2, 2, 2, 2, 2, 2, 2, 2, 2, 2, 2, 2, 2], [0, 0, 0, 0, 0, 0, 0, 0, 0, 0, 0, 0, 0, 0, 0, 0, 0, 0, -1, 0, 0, 0, 0, 0, 0, 0, 0, 0, 0, 0, 0, 0, 0, 0, 0, 0, 0, 0, 0, 0, 0, 0, 0, 0, 0, 0, 0, 0, 0, 0, 0, 0, 0, 0, 0, 0, 0, 0, 0, 0, 0], [0, 0, 0, 0, 0, 0, 0, 0, 0, 0, 0, 0, 0, 0, 0, 0, 0, 0, 0, -1, 0, 0, 0, 0, 0, 0, 0, 0, 0, 0, 0, 0, 0, 0, 0, 0, 0, 0, 0, 0, 0, 0, 0, 0, 0, 0, 0, 0, 0, 0, 0, 0, 0, 0, 0, 0, 0, 0, 0, 0, 0], [0, 0, 0, 0, 0, 0, 0, 0, 0, 0, 0, 0, 0, 0, 0, 0, 0, 0, 0, 0, -1, 0, 0, 0, 0, 0, 0, 0, 0, 0, 0, 0, 0, 0, 0, 0, 0, 0, 0, 0, 0, 0, 0, 0, 0, 0, 0, 0, 0, 0, 0, 0, 0, 0, 0, 0, 0, 0, 0, 0, 0], [0, 0, 0, 0, 0, 0, 0, 0, 0, 0, 0, 0, 0, 0, 0, 0, 0, 0, 0, 0, 0, -1, 0, 0, 0, 0, 0, 0, 0, 0, 0, 0, 0, 0, 0, 0, 0, 0, 0, 0, 0, 0, 0, 0, 0, 0, 0, 0, 0, 0, 0, 0, 0, 0, 0, 0, 0, 0, 0, 0, 0], [2, 2, 2, 2, 2, 2, 2, 2, 2, 2, 2, 2, 2, 2, 2, 2, 2, 2, 2, 2, 2, 2, -1, 2, 2, 2, 2, 2, 2, 2, 2, 2, 2, 2, 2, 2, 2, 2, 2, 2, 2, 2, 2, 2, 2, 2, 2, 2, 2, 2, 2, 2, 2, 2, 2, 2, 2, 2, 2, 2, 2], [0, 0, 0, 0, 0, 0, 0, 0, 0, 0, 0, 0, 0, 0, 0, 0, 0, 0, 0, 0, 0, 0, 0, -1, 0, 0, 0, 0, 0, 0, 0, 0, 0, 0, 0, 0, 0, 0, 0, 0, 0, 0, 0, 0, 0, 0, 0, 0, 0, 0, 0, 0, 0, 0, 0, 0, 0, 0, 0, 0, 0], [1, 1, 1, 1, 1, 1, 1, 1, 1, 1, 1, 1, 1, 1, 1, 1, 1, 1, 1, 1, 1, 1, 1, 1, -1, 1, 1, 1, 1, 1, 1, 1, 1, 1, 1, 1, 1, 1, 1, 1, 1, 1, 1, 1, 1, 1, 1, 1, 1, 1, 1, 1, 1, 1, 1, 1, 1, 1, 1, 1, 1], [1, 1, 1, 1, 1, 1, 1, 1, 1, 1, 1, 1, 1, 1, 1, 1, 1, 1, 1, 1, 1, 1, 1, 1, 1, -1, 1, 1, 1, 1, 1, 1, 1, 1, 1, 1, 1, 1, 1, 1, 1, 1, 1, 1, 1, 1, 1, 1, 1, 1, 1, 1, 1, 1, 1, 1, 1, 1, 1, 1, 1], [0, 0, 0, 0, 0, 0, 0, 0, 0, 0, 0, 0, 0, 0, 0, 0, 0, 0, 0, 0, 0, 0, 0, 0, 0, 0, -1, 0, 0, 0, 0, 0, 0, 0, 0, 0, 0, 0, 0, 0, 0, 0, 0, 0, 0, 0, 0, 0, 0, 0, 0, 0, 0, 0, 0, 0, 0, 0, 0, 0, 0], [2, 2, 2, 2, 2, 2, 2, 2, 2, 2, 2, 2, 2, 2, 2, 2, 2, 2, 2, 2, 2, 2, 2, 2, 2, 2, 2, -1, 2, 2, 2, 2, 2, 2, 2, 2, 2, 2, 2, 2, 2, 2, 2, 2, 2, 2, 2, 2, 2, 2, 2, 2, 2, 2, 2, 2, 2, 2, 2, 2, 2], [2, 2, 2, 2, 2, 2, 2, 2, 2, 2, 2, 2, 2, 2, 2, 2, 2, 2, 2, 2, 2, 2, 2, 2, 2, 2, 2, 2, -1, 2, 2, 2, 2, 2, 2, 2, 2, 2, 2, 2, 2, 2, 2, 2, 2, 2, 2, 2, 2, 2, 2, 2, 2, 2, 2, 2, 2, 2, 2, 2, 2], [2, 2, 2, 2, 2, 2, 2, 2, 2, 2, 2, 2, 2, 2, 2, 2, 2, 2, 2, 2, 2, 2, 2, 2, 2, 2, 2, 2, 2, -1, 2, 2, 2, 2, 2, 2, 2, 2, 2, 2, 2, 2, 2, 2, 2, 2, 2, 2, 2, 2, 2, 2, 2, 2, 2, 2, 2, 2, 2, 2, 2], [2, 2, 2, 2, 2, 2, 2, 2, 2, 2, 2, 2, 2, 2, 2, 2, 2, 2, 2, 2, 2, 2, 2, 2, 2, 2, 2, 2, 2, 2, -1, 2, 2, 2, 2, 2, 2, 2, 2, 2, 2, 2, 2, 2, 2, 2, 2, 2, 2, 2, 2, 2, 2, 2, 2, 2, 2, 2, 2, 2, 2], [0, 0, 0, 0, 0, 0, 0, 0, 0, 0, 0, 0, 0, 0, 0, 0, 0, 0, 0, 0, 0, 0, 0, 0, 0, 0, 0, 0, 0, 0, 0, -1, 0, 0, 0, 0, 0, 0, 0, 0, 0, 0, 0, 0, 0, 0, 0, 0, 0, 0, 0, 0, 0, 0, 0, 0, 0, 0, 0, 0, 0], [2, 2, 2, 2, 2, 2, 2, 2, 2, 2, 2, 2, 2, 2, 2, 2, 2, 2, 2, 2, 2, 2, 2, 2, 2, 2, 2, 2, 2, 2, 2, 2, -1, 2, 2, 2, 2, 2, 2, 2, 2, 2, 2, 2, 2, 2, 2, 2, 2, 2, 2, 2, 2, 2, 2, 2, 2, 2, 2, 2, 2], [0, 0, 0, 0, 0, 0, 0, 0, 0, 0, 0, 0, 0, 0, 0, 0, 0, 0, 0, 0, 0, 0, 0, 0, 0, 0, 0, 0, 0, 0, 0, 0, 0, -1, 0, 0, 0, 0, 0, 0, 0, 0, 0, 0, 0, 0, 0, 0, 0, 0, 0, 0, 0, 0, 0, 0, 0, 0, 0, 0, 0], [0, 0, 0, 0, 0, 0, 0, 0, 0, 0, 0, 0, 0, 0, 0, 0, 0, 0, 0, 0, 0, 0, 0, 0, 0, 0, 0, 0, 0, 0, 0, 0, 0, 0, -1, 0, 0, 0, 0, 0, 0, 0, 0, 0, 0, 0, 0, 0, 0, 0, 0, 0, 0, 0, 0, 0, 0, 0, 0, 0, 0], [1, 1, 1, 1, 1, 1, 1, 1, 1, 1, 1, 1, 1, 1, 1, 1, 1, 1, 1, 1, 1, 1, 1, 1, 1, 1, 1, 1, 1, 1, 1, 1, 1, 1, 1, -1, 1, 1, 1, 1, 1, 1, 1, 1, 1, 1, 1, 1, 1, 1, 1, 1, 1, 1, 1, 1, 1, 1, 1, 1, 1], [2, 2, 2, 2, 2, 2, 2, 2, 2, 2, 2, 2, 2, 2, 2, 2, 2, 2, 2, 2, 2, 2, 2, 2, 2, 2, 2, 2, 2, 2, 2, 2, 2, 2, 2, 2, -1, 2, 2, 2, 2, 2, 2, 2, 2, 2, 2, 2, 2, 2, 2, 2, 2, 2, 2, 2, 2, 2, 2, 2, 2], [1, 1, 1, 1, 1, 1, 1, 1, 1, 1, 1, 1, 1, 1, 1, 1, 1, 1, 1, 1, 1, 1, 1, 1, 1, 1, 1, 1, 1, 1, 1, 1, 1, 1, 1, 1, 1, -1, 1, 1, 1, 1, 1, 1, 1, 1, 1, 1, 1, 1, 1, 1, 1, 1, 1, 1, 1, 1, 1, 1, 1], [1, 1, 1, 1, 1, 1, 1, 1, 1, 1, 1, 1, 1, 1, 1, 1, 1, 1, 1, 1, 1, 1, 1, 1, 1, 1, 1, 1, 1, 1, 1, 1, 1, 1, 1, 1, 1, 1, -1, 1, 1, 1, 1, 1, 1, 1, 1, 1, 1, 1, 1, 1, 1, 1, 1, 1, 1, 1, 1, 1, 1], [0, 0, 0, 0, 0, 0, 0, 0, 0, 0, 0, 0, 0, 0, 0, 0, 0, 0, 0, 0, 0, 0, 0, 0, 0, 0, 0, 0, 0, 0, 0, 0, 0, 0, 0, 0, 0, 0, 0, -1, 0, 0, 0, 0, 0, 0, 0, 0, 0, 0, 0, 0, 0, 0, 0, 0, 0, 0, 0, 0, 0], [2, 2, 2, 2, 2, 2, 2, 2, 2, 2, 2, 2, 2, 2, 2, 2, 2, 2, 2, 2, 2, 2, 2, 2, 2, 2, 2, 2, 2, 2, 2, 2, 2, 2, 2, 2, 2, 2, 2, 2, -1, 2, 2, 2, 2, 2, 2, 2, 2, 2, 2, 2, 2, 2, 2, 2, 2, 2, 2, 2, 2], [0, 0, 0, 0, 0, 0, 0, 0, 0, 0, 0, 0, 0, 0, 0, 0, 0, 0, 0, 0, 0, 0, 0, 0, 0, 0, 0, 0, 0, 0, 0, 0, 0, 0, 0, 0, 0, 0, 0, 0, 0, -1, 0, 0, 0, 0, 0, 0, 0, 0, 0, 0, 0, 0, 0, 0, 0, 0, 0, 0, 0], [2, 2, 2, 2, 2, 2, 2, 2, 2, 2, 2, 2, 2, 2, 2, 2, 2, 2, 2, 2, 2, 2, 2, 2, 2, 2, 2, 2, 2, 2, 2, 2, 2, 2, 2, 2, 2, 2, 2, 2, 2, 2, -1, 2, 2, 2, 2, 2, 2, 2, 2, 2, 2, 2, 2, 2, 2, 2, 2, 2, 2], [0, 0, 0, 0, 0, 0, 0, 0, 0, 0, 0, 0, 0, 0, 0, 0, 0, 0, 0, 0, 0, 0, 0, 0, 0, 0, 0, 0, 0, 0, 0, 0, 0, 0, 0, 0, 0, 0, 0, 0, 0, 0, 0, -1, 0, 0, 0, 0, 0, 0, 0, 0, 0, 0, 0, 0, 0, 0, 0, 0, 0], [0, 0, 0, 0, 0, 0, 0, 0, 0, 0, 0, 0, 0, 0, 0, 0, 0, 0, 0, 0, 0, 0, 0, 0, 0, 0, 0, 0, 0, 0, 0, 0, 0, 0, 0, 0, 0, 0, 0, 0, 0, 0, 0, 0, -1, 0, 0, 0, 0, 0, 0, 0, 0, 0, 0, 0, 0, 0, 0, 0, 0], [2, 2, 2, 2, 2, 2, 2, 2, 2, 2, 2, 2, 2, 2, 2, 2, 2, 2, 2, 2, 2, 2, 2, 2, 2, 2, 2, 2, 2, 2, 2, 2, 2, 2, 2, 2, 2, 2, 2, 2, 2, 2, 2, 2, 2, -1, 2, 2, 2, 2, 2, 2, 2, 2, 2, 2, 2, 2, 2, 2, 2], [0, 0, 0, 0, 0, 0, 0, 0, 0, 0, 0, 0, 0, 0, 0, 0, 0, 0, 0, 0, 0, 0, 0, 0, 0, 0, 0, 0, 0, 0, 0, 0, 0, 0, 0, 0, 0, 0, 0, 0, 0, 0, 0, 0, 0, 0, -1, 0, 0, 0, 0, 0, 0, 0, 0, 0, 0, 0, 0, 0, 0], [1, 1, 1, 1, 1, 1, 1, 1, 1, 1, 1, 1, 1, 1, 1, 1, 1, 1, 1, 1, 1, 1, 1, 1, 1, 1, 1, 1, 1, 1, 1, 1, 1, 1, 1, 1, 1, 1, 1, 1, 1, 1, 1, 1, 1, 1, 1, -1, 1, 1, 1, 1, 1, 1, 1, 1, 1, 1, 1, 1, 1], [2, 2, 2, 2, 2, 2, 2, 2, 2, 2, 2, 2, 2, 2, 2, 2, 2, 2, 2, 2, 2, 2, 2, 2, 2, 2, 2, 2, 2, 2, 2, 2, 2, 2, 2, 2, 2, 2, 2, 2, 2, 2, 2, 2, 2, 2, 2, 2, -1, 2, 2, 2, 2, 2, 2, 2, 2, 2, 2, 2, 2], [1, 1, 1, 1, 1, 1, 1, 1, 1, 1, 1, 1, 1, 1, 1, 1, 1, 1, 1, 1, 1, 1, 1, 1, 1, 1, 1, 1, 1, 1, 1, 1, 1, 1, 1, 1, 1, 1, 1, 1, 1, 1, 1, 1, 1, 1, 1, 1, 1, -1, 1, 1, 1, 1, 1, 1, 1, 1, 1, 1, 1], [2, 2, 2, 2, 2, 2, 2, 2, 2, 2, 2, 2, 2, 2, 2, 2, 2, 2, 2, 2, 2, 2, 2, 2, 2, 2, 2, 2, 2, 2, 2, 2, 2, 2, 2, 2, 2, 2, 2, 2, 2, 2, 2, 2, 2, 2, 2, 2, 2, 2, -1, 2, 2, 2, 2, 2, 2, 2, 2, 2, 2], [2, 2, 2, 2, 2, 2, 2, 2, 2, 2, 2, 2, 2, 2, 2, 2, 2, 2, 2, 2, 2, 2, 2, 2, 2, 2, 2, 2, 2, 2, 2, 2, 2, 2, 2, 2, 2, 2, 2, 2, 2, 2, 2, 2, 2, 2, 2, 2, 2, 2, 2, -1, 2, 2, 2, 2, 2, 2, 2, 2, 2], [1, 1, 1, 1, 1, 1, 1, 1, 1, 1, 1, 1, 1, 1, 1, 1, 1, 1, 1, 1, 1, 1, 1, 1, 1, 1, 1, 1, 1, 1, 1, 1, 1, 1, 1, 1, 1, 1, 1, 1, 1, 1, 1, 1, 1, 1, 1, 1, 1, 1, 1, 1, -1, 1, 1, 1, 1, 1, 1, 1, 1], [0, 0, 0, 0, 0, 0, 0, 0, 0, 0, 0, 0, 0, 0, 0, 0, 0, 0, 0, 0, 0, 0, 0, 0, 0, 0, 0, 0, 0, 0, 0, 0, 0, 0, 0, 0, 0, 0, 0, 0, 0, 0, 0, 0, 0, 0, 0, 0, 0, 0, 0, 0, 0, -1, 0, 0, 0, 0, 0, 0, 0], [0, 0, 0, 0, 0, 0, 0, 0, 0, 0, 0, 0, 0, 0, 0, 0, 0, 0, 0, 0, 0, 0, 0, 0, 0, 0, 0, 0, 0, 0, 0, 0, 0, 0, 0, 0, 0, 0, 0, 0, 0, 0, 0, 0, 0, 0, 0, 0, 0, 0, 0, 0, 0, 0, -1, 0, 0, 0, 0, 0, 0], [1, 1, 1, 1, 1, 1, 1, 1, 1, 1, 1, 1, 1, 1, 1, 1, 1, 1, 1, 1, 1, 1, 1, 1, 1, 1, 1, 1, 1, 1, 1, 1, 1, 1, 1, 1, 1, 1, 1, 1, 1, 1, 1, 1, 1, 1, 1, 1, 1, 1, 1, 1, 1, 1, 1, -1, 1, 1, 1, 1, 1], [2, 2, 2, 2, 2, 2, 2, 2, 2, 2, 2, 2, 2, 2, 2, 2, 2, 2, 2, 2, 2, 2, 2, 2, 2, 2, 2, 2, 2, 2, 2, 2, 2, 2, 2, 2, 2, 2, 2, 2, 2, 2, 2, 2, 2, 2, 2, 2, 2, 2, 2, 2, 2, 2, 2, 2, -1, 2, 2, 2, 2], [0, 0, 0, 0, 0, 0, 0, 0, 0, 0, 0, 0, 0, 0, 0, 0, 0, 0, 0, 0, 0, 0, 0, 0, 0, 0, 0, 0, 0, 0, 0, 0, 0, 0, 0, 0, 0, 0, 0, 0, 0, 0, 0, 0, 0, 0, 0, 0, 0, 0, 0, 0, 0, 0, 0, 0, 0, -1, 0, 0, 0], [1, 1, 1, 1, 1, 1, 1, 1, 1, 1, 1, 1, 1, 1, 1, 1, 1, 1, 1, 1, 1, 1, 1, 1, 1, 1, 1, 1, 1, 1, 1, 1, 1, 1, 1, 1, 1, 1, 1, 1, 1, 1, 1, 1, 1, 1, 1, 1, 1, 1, 1, 1, 1, 1, 1, 1, 1, 1, -1, 1, 1], [1, 1, 1, 1, 1, 1, 1, 1, 1, 1, 1, 1, 1, 1, 1, 1, 1, 1, 1, 1, 1, 1, 1, 1, 1, 1, 1, 1, 1, 1, 1, 1, 1, 1, 1, 1, 1, 1, 1, 1, 1, 1, 1, 1, 1, 1, 1, 1, 1, 1, 1, 1, 1, 1, 1, 1, 1, 1, 1, -1, 1], [1, 1, 1, 1, 1, 1, 1, 1, 1, 1, 1, 1, 1, 1, 1, 1, 1, 1, 1, 1, 1, 1, 1, 1, 1, 1, 1, 1, 1, 1, 1, 1, 1, 1, 1, 1, 1, 1, 1, 1, 1, 1, 1, 1, 1, 1, 1, 1, 1, 1, 1, 1, 1, 1, 1, 1, 1, 1, 1, 1, -1]], "speed_zone_count": 73, "speed_zones": [[0.0, 15.0], [15.0, 30.0], [30.0, 45.0], [45.0, 60.0], [60.0, 75.0], [75.0, 90.0], [90.0, 105.0], [105.0, 120.0], [120.0, 135.0], [135.0, 150.0], [150.0, 165.0], [165.0, 180.0], [180.0, 195.0], [195.0, 210.0], [210.0, 225.0], [225.0, 240.0], [240.0, 255.0], [255.0, 270.0], [270.0, 285.0], [285.0, 300.0], [300.0, 315.0], [315.0, 330.0], [330.0, 345.0], [345.0, 360.0], [360.0, 375.0], [375.0, 390.0], [390.0, 405.0], [405.0, 420.0], [420.0, 435.0], [435.0, 450.0], [450.0, 465.0], [465.0, 480.0], [480.0, 495.0], [495.0, 510.0], [510.0, 525.0], [525.0, 540.0], [540.0, 555.0], [555.0, 570.0], [570.0, 585.0], [585.0, 600.0], [600.0, 615.0], [615.0, 630.0], [630.0, 645.0], [645.0, 660.0], [660.0, 675.0], [675.0, 690.0], [690.0, 705.0], [705.0, 720.0], [720.0, 735.0], [735.0, 750.0], [750.0, 765.0], [765.0, 780.0], [780.0, 795.0], [795.0, 810.0], [810.0, 825.0], [825.0, 840.0], [840.0, 855.0], [855.0, 870.0], [870.0, 885.0], [885.0, 900.0], [900.0, 915.0], [915.0, 930.0], [930.0, 945.0], [945.0, 960.0], [960.0, 975.0], [975.0, 990.0], [990.0, 1005.0], [1005.0, 1020.0], [1020.0, 1035.0], [1035.0, 1050.0], [1050.0, 1065.0], [1065.0, 1080.0], [1080.0, 1700.0]], "distances": [[0.0, 2.63, 9.17, 4.38, 13.58, 18.69, 10.39, 0.69, 10.59, 0.15, 1.34, 13.74, 18.61, 10.54, 13.08, 14.02, 15.24, 0.95, 6.56, 15.13, 7.31, 19.65, 15.07, 1.45, 17.69, 8.73, 9.55, 5.5, 3.33, 17.95, 1.21, 10.09, 6.38, 9.88, 1.81, 1.47, 7.68, 18.28, 9.29, 1.0, 15.4, 2.51, 13.77, 12.59, 14.51, 17.77, 6.13, 10.27, 16.92, 16.83, 8.31, 9.36, 3.57, 11.43, 0.66, 9.97, 14.97, 17.81, 16.84, 4.26, 0.0], [0.0, 0.0, 10.66, 2.54, 16.11, 18.0, 12.51, 2.1, 12.8, 2.52, 1.5, 16.23, 17.99, 12.72, 15.69, 16.44, 17.15, 1.87, 6.22, 17.09, 7.51, 18.21, 17.06, 1.38, 17.84, 9.93, 11.26, 4.38, 0.95, 17.88, 1.62, 12.07, 5.9, 11.76, 0.99, 1.36, 8.16, 17.93, 10.84, 1.82, 17.22, 0.16, 16.26, 15.22, 16.76, 17.85, 5.46, 12.33, 17.69, 17.67, 9.23, 10.95, 1.3, 13.91, 2.13, 11.89, 17.01, 17.86, 17.67, 2.34, 2.63], [0.0, 10.66, 0.0, 9.91, 14.9, 27.8, 3.9, 9.79, 4.59, 9.32, 10.25, 15.44, 27.69, 4.4, 13.2, 16.39, 20.22, 9.99, 6.71, 19.88, 5.09, 28.75, 19.69, 10.31, 26.22, 1.33, 1.18, 8.58, 10.55, 26.68, 10.17, 2.91, 7.07, 2.22, 10.48, 10.33, 4.17, 27.21, 0.36, 10.03, 20.69, 10.65, 15.55, 11.51, 17.96, 26.36, 7.55, 3.49, 24.62, 24.42, 2.52, 0.57, 10.45, 7.47, 9.77, 2.52, 19.39, 26.44, 24.44, 10.01, 9.17], [0.0, 2.54, 9.91, 0.0, 17.85, 20.09, 12.47, 4.15, 12.88, 4.34, 3.77, 18.05, 20.11, 12.77, 17.19, 18.38, 19.5, 4.02, 4.22, 19.41, 5.81, 19.77, 19.37, 3.68, 20.26, 8.94, 10.73, 2.05, 1.63, 20.24, 3.86, 11.86, 3.83, 11.42, 3.39, 3.67, 6.63, 20.19, 10.16, 3.99, 19.61, 2.68, 18.09, 16.46, 18.88, 20.26, 3.31, 12.22, 20.22, 20.21, 8.01, 10.31, 1.29, 14.5, 4.16, 11.6, 19.29, 20.25, 20.21, 0.21, 4.38], [0.0, 16.11, 14.9, 17.85, 0.0, 23.5, 11.84, 14.01, 11.24, 13.65, 14.62, 0.7, 23.14, 11.4, 2.15, 1.98, 7.63, 14.24, 18.24, 7.09, 17.74, 27.33, 6.8, 14.75, 19.13, 15.79, 14.04, 18.37, 16.9, 20.29, 14.49, 12.68, 18.31, 13.24, 15.15, 14.77, 17.36, 21.71, 14.65, 14.29, 8.39, 15.97, 0.85, 4.15, 4.19, 19.48, 18.38, 12.19, 15.56, 15.14, 16.51, 14.5, 17.14, 8.51, 13.99, 13.0, 6.32, 19.67, 15.19, 17.76, 13.58], [0.0, 18.0, 27.8, 20.09, 23.5, 0.0, 28.14, 18.14, 28.09, 18.56, 17.82, 23.05, 0.51, 28.11, 24.79, 22.18, 17.75, 17.98, 24.19, 18.22, 25.5, 5.82, 18.46, 17.79, 5.78, 27.42, 28.02, 22.14, 18.61, 4.32, 17.86, 28.16, 23.84, 28.13, 17.75, 17.78, 26.1, 2.46, 27.87, 17.96, 17.09, 17.93, 22.95, 25.84, 20.56, 5.34, 23.36, 28.16, 9.94, 10.41, 26.96, 27.92, 18.89, 27.55, 18.16, 28.14, 18.86, 5.1, 10.35, 19.89, 18.69], [0.0, 12.51, 3.9, 12.47, 11.84, 28.14, 0.0, 11.08, 0.71, 10.54, 11.67, 12.45, 27.96, 0.52, 9.93, 13.55, 18.05, 11.32, 10.09, 17.64, 8.67, 29.86, 17.42, 11.77, 25.78, 5.18, 2.73, 11.58, 12.68, 26.44, 11.56, 1.0, 10.39, 1.7, 12.05, 11.79, 7.85, 27.22, 3.55, 11.37, 18.62, 12.46, 12.58, 8.06, 15.37, 25.98, 10.78, 0.42, 23.6, 23.33, 6.32, 3.34, 12.68, 3.71, 11.05, 1.4, 17.05, 26.09, 23.36, 12.52, 10.39], [0.0, 2.1, 9.79, 4.15, 14.01, 18.14, 11.08, 0.0, 11.29, 0.54, 0.67, 14.15, 18.06, 11.23, 13.59, 14.38, 15.36, 0.27, 6.78, 15.27, 7.67, 19.0, 15.22, 0.8, 17.3, 9.3, 10.21, 5.5, 2.91, 17.51, 0.54, 10.77, 6.56, 10.55, 1.19, 0.82, 8.11, 17.78, 9.92, 0.32, 15.48, 1.96, 14.17, 13.17, 14.77, 17.36, 6.26, 10.95, 16.67, 16.6, 8.83, 9.99, 3.19, 12.11, 0.03, 10.64, 15.14, 17.4, 16.61, 4.0, 0.69], [0.0, 12.8, 4.59, 12.88, 11.24, 28.09, 0.71, 11.29, 0.0, 10.75, 11.9, 11.85, 27.9, 0.19, 9.29, 12.97, 17.58, 11.54, 10.66, 17.16, 9.29, 29.94, 16.93, 12.0, 25.6, 5.86, 3.43, 12.08, 13.01, 26.29, 11.78, 1.71, 10.95, 2.4, 12.3, 12.02, 8.48, 27.12, 4.24, 11.59, 18.17, 12.74, 11.98, 7.4, 14.83, 25.81, 11.32, 1.12, 23.31, 23.03, 6.98, 4.03, 13.03, 3.01, 11.25, 2.11, 16.55, 25.92, 23.07, 12.93, 10.59], [0.0, 2.52, 9.32, 4.34, 13.65, 18.56, 10.54, 0.54, 10.75, 0.0, 1.19, 13.8, 18.47, 10.69, 13.17, 14.08, 15.24, 0.8, 6.63, 15.13, 7.4, 19.5, 15.07, 1.31, 17.58, 8.87, 9.71, 5.52, 3.25, 17.83, 1.07, 10.24, 6.44, 10.03, 1.68, 1.34, 7.79, 18.15, 9.44, 0.85, 15.39, 2.4, 13.83, 12.7, 14.54, 17.66, 6.17, 10.42, 16.84, 16.75, 8.44, 9.51, 3.5, 11.57, 0.51, 10.12, 14.98, 17.7, 16.76, 4.21, 0.15], [0.0, 1.5, 10.25, 3.77, 14.62, 17.82, 11.67, 0.67, 11.9, 1.19, 0.0, 14.74, 17.76, 11.84, 14.24, 14.95, 15.74, 0.41, 6.79, 15.67, 7.81, 18.51, 15.63, 0.13, 17.18, 9.69, 10.71, 5.31, 2.38, 17.34, 0.14, 11.34, 6.54, 11.09, 0.53, 0.15, 8.32, 17.55, 10.39, 0.36, 15.84, 1.35, 14.76, 13.83, 15.28, 17.23, 6.18, 11.54, 16.73, 16.68, 9.15, 10.47, 2.69, 12.77, 0.7, 11.2, 15.57, 17.26, 16.68, 3.6, 1.34], [0.0, 16.23, 15.44, 18.05, 0.7, 23.05, 12.45, 14.15, 11.85, 13.8, 14.74, 0.0, 22.68, 12.02, 2.84, 1.29, 6.96, 14.36, 18.59, 6.41, 18.14, 26.98, 6.12, 14.86, 18.59, 16.29, 14.6, 18.64, 17.04, 19.77, 14.61, 13.27, 18.64, 13.81, 15.26, 14.88, 17.78, 21.23, 15.19, 14.41, 7.72, 16.09, 0.15, 4.84, 3.51, 18.94, 18.69, 12.79, 14.96, 14.54, 16.98, 15.04, 17.3, 9.16, 14.12, 13.58, 5.64, 19.14, 14.59, 17.95, 13.74], [0.0, 17.99, 27.69, 20.11, 23.14, 0.51, 27.96, 18.06, 27.9, 18.47, 17.76, 22.68, 0.0, 27.92, 24.46, 21.8, 17.32, 17.92, 24.19, 17.79, 25.48, 6.32, 18.04, 17.73, 5.28, 27.33, 27.89, 22.16, 18.62, 3.81, 17.8, 27.99, 23.85, 27.98, 17.71, 17.73, 26.06, 1.95, 27.76, 17.89, 16.65, 17.91, 22.58, 25.54, 20.15, 4.84, 23.37, 27.98, 9.46, 9.92, 26.89, 27.79, 18.9, 27.31, 18.08, 27.99, 18.44, 4.6, 9.87, 19.91, 18.61], [0.0, 12.72, 4.4, 12.77, 11.4, 28.11, 0.52, 11.23, 0.19, 10.69, 11.84, 12.02, 27.92, 0.0, 9.47, 13.13, 17.71, 11.48, 10.5, 17.29, 9.12, 29.92, 17.07, 11.94, 25.65, 5.68, 3.24, 11.95, 12.92, 26.34, 11.73, 1.52, 10.8, 2.21, 12.23, 11.96, 8.31, 27.15, 4.06, 11.53, 18.29, 12.67, 12.15, 7.58, 14.98, 25.86, 11.18, 0.93, 23.39, 23.12, 6.8, 3.85, 12.94, 3.2, 11.2, 1.92, 16.69, 25.97, 23.15, 12.82, 10.54], [0.0, 15.69, 13.2, 17.19, 2.15, 24.79, 9.93, 13.59, 9.29, 13.17, 14.24, 2.84, 24.46, 9.47, 0.0, 4.12, 9.67, 13.84, 17.11, 9.14, 16.44, 28.3, 8.85, 14.36, 20.7, 14.18, 12.27, 17.48, 16.4, 21.79, 14.1, 10.81, 17.22, 11.41, 14.77, 14.39, 15.97, 23.13, 12.93, 13.89, 10.4, 15.55, 2.99, 2.02, 6.3, 21.03, 17.34, 10.3, 17.31, 16.91, 14.98, 12.76, 16.61, 6.46, 13.57, 11.16, 8.39, 21.21, 16.96, 17.12, 13.08], [0.0, 16.44, 16.39, 18.38, 1.98, 22.18, 13.55, 14.38, 12.97, 14.08, 14.95, 1.29, 21.8, 13.13, 4.12, 0.0, 5.7, 14.58, 19.19, 5.15, 18.85, 26.28, 4.86, 15.07, 17.56, 17.19, 15.6, 19.1, 17.29, 18.78, 14.82, 14.33, 19.22, 14.86, 15.46, 15.09, 18.54, 20.28, 16.16, 14.63, 6.47, 16.29, 1.14, 6.1, 2.22, 17.93, 19.23, 13.88, 13.84, 13.41, 17.82, 16.02, 17.56, 10.35, 14.36, 14.64, 4.37, 18.13, 13.46, 18.27, 14.02], [0.0, 17.15, 20.22, 19.5, 7.63, 17.75, 18.05, 15.36, 17.58, 15.24, 15.74, 6.96, 17.32, 17.71, 9.67, 5.7, 0.0, 15.48, 21.42, 0.56, 21.53, 22.53, 0.86, 15.84, 12.57, 20.75, 19.65, 20.73, 18.09, 13.92, 15.65, 18.68, 21.34, 19.09, 16.18, 15.86, 21.45, 15.6, 20.06, 15.51, 0.79, 16.99, 6.81, 11.53, 3.51, 12.98, 21.2, 18.32, 8.52, 8.06, 21.12, 19.96, 18.41, 15.36, 15.34, 18.92, 1.35, 13.2, 8.11, 19.34, 15.24], [0.0, 1.87, 9.99, 4.02, 14.24, 17.98, 11.32, 0.27, 11.54, 0.8, 0.41, 14.36, 17.92, 11.48, 13.84, 14.58, 15.48, 0.0, 6.81, 15.4, 7.75, 18.78, 15.35, 0.54, 17.22, 9.48, 10.42, 5.45, 2.71, 17.41, 0.28, 11.01, 6.58, 10.78, 0.94, 0.56, 8.21, 17.66, 10.12, 0.05, 15.59, 1.73, 14.39, 13.42, 14.95, 17.28, 6.25, 11.19, 16.66, 16.6, 8.98, 10.2, 3.0, 12.37, 0.3, 10.88, 15.28, 17.31, 16.6, 3.86, 0.95], [0.0, 6.22, 6.71, 4.22, 18.24, 24.19, 10.09, 6.78, 10.66, 6.63, 6.79, 18.59, 24.19, 10.5, 17.11, 19.19, 21.42, 6.81, 0.0, 21.23, 1.77, 23.98, 21.13, 6.77, 23.96, 5.49, 7.77, 2.27, 5.58, 24.06, 6.81, 9.26, 0.42, 8.67, 6.67, 6.77, 2.72, 24.15, 7.03, 6.81, 21.66, 6.31, 18.66, 15.94, 20.14, 23.99, 0.98, 9.75, 23.45, 23.38, 4.36, 7.22, 5.32, 12.95, 6.78, 8.92, 20.96, 24.01, 23.39, 4.41, 6.56], [0.0, 17.09, 19.88, 19.41, 7.09, 18.22, 17.64, 15.27, 17.16, 15.13, 15.67, 6.41, 17.79, 17.29, 9.14, 5.15, 0.56, 15.4, 21.23, 0.0, 21.3, 22.94, 0.3, 15.77, 13.09, 20.43, 19.29, 20.6, 18.03, 14.43, 15.57, 18.28, 21.16, 18.7, 16.12, 15.79, 21.2, 16.09, 19.71, 15.43, 1.35, 16.93, 6.26, 11.01, 2.95, 13.49, 21.04, 17.91, 9.06, 8.6, 20.83, 19.6, 18.35, 14.89, 15.25, 18.53, 0.78, 13.71, 8.66, 19.26, 15.13], [0.0, 7.51, 5.09, 5.81, 17.74, 25.5, 8.67, 7.67, 9.29, 7.4, 7.81, 18.14, 25.48, 9.12, 16.44, 18.85, 21.53, 7.75, 1.77, 21.3, 0.0, 25.54, 21.17, 7.82, 24.96, 3.81, 6.2, 3.99, 7.01, 25.15, 7.8, 7.79, 2.19, 7.16, 7.8, 7.82, 0.96, 25.34, 5.42, 7.76, 21.83, 7.57, 18.23, 15.11, 19.98, 25.02, 2.73, 8.31, 24.19, 24.08, 2.64, 5.63, 6.78, 11.78, 7.66, 7.43, 20.97, 25.06, 24.09, 5.98, 7.31], [0.0, 18.21, 28.75, 19.77, 27.33, 5.82, 29.86, 19.0, 29.94, 19.5, 18.51, 26.98, 6.32, 29.92, 28.3, 26.28, 22.53, 18.78, 23.98, 22.94, 25.54, 0.0, 23.15, 18.44, 11.45, 28.13, 29.2, 21.75, 18.56, 10.05, 18.59, 29.68, 23.59, 29.51, 18.28, 18.43, 26.29, 8.24, 28.9, 18.74, 21.94, 18.19, 26.9, 29.04, 24.94, 11.04, 23.05, 29.79, 15.41, 15.85, 27.44, 28.98, 18.76, 29.96, 19.02, 29.59, 23.5, 10.8, 15.8, 19.58, 19.65], [0.0, 17.06, 19.69, 19.37, 6.8, 18.46, 17.42, 15.22, 16.93, 15.07, 15.63, 6.12, 18.04, 17.07, 8.85, 4.86, 0.86, 15.35, 21.13, 0.3, 21.17, 23.15, 0.0, 15.74, 13.36, 20.26, 19.09, 20.53, 18.0, 14.69, 15.53, 18.07, 21.07, 18.5, 16.09, 15.75, 21.06, 16.35, 19.52, 15.39, 1.65, 16.9, 5.98, 10.74, 2.65, 13.76, 20.95, 17.7, 9.35, 8.88, 20.68, 19.41, 18.32, 14.64, 15.2, 18.32, 0.49, 13.98, 8.94, 19.21, 15.07], [0.0, 1.38, 10.31, 3.68, 14.75, 17.79, 11.77, 0.8, 12.0, 1.31, 0.13, 14.86, 17.73, 11.94, 14.36, 15.07, 15.84, 0.54, 6.77, 15.77, 7.82, 18.44, 15.74, 0.0, 17.19, 9.74, 10.79, 5.26, 2.27, 17.34, 0.26, 11.43, 6.51, 11.18, 0.41, 0.02, 8.34, 17.53, 10.46, 0.48, 15.93, 1.23, 14.89, 13.96, 15.39, 17.24, 6.15, 11.63, 16.77, 16.72, 9.19, 10.55, 2.58, 12.89, 0.83, 11.29, 15.67, 17.26, 16.73, 3.51, 1.45], [0.0, 17.84, 26.22, 20.26, 19.13, 5.78, 25.78, 17.3, 25.6, 17.58, 17.18, 18.59, 5.28, 25.65, 20.7, 17.56, 12.57, 17.22, 23.96, 13.09, 24.96, 11.45, 13.36, 17.19, 0.0, 26.11, 26.2, 22.21, 18.64, 1.47, 17.18, 25.99, 23.68, 26.1, 17.29, 17.2, 25.38, 3.34, 26.22, 17.21, 11.85, 17.72, 18.47, 22.05, 15.7, 0.44, 23.27, 25.88, 4.27, 4.75, 25.9, 26.22, 18.97, 24.49, 17.31, 26.06, 13.8, 0.68, 4.69, 20.05, 17.69], [0.0, 9.93, 1.33, 8.94, 15.79, 27.42, 5.18, 9.3, 5.86, 8.87, 9.69, 16.29, 27.33, 5.68, 14.18, 17.19, 20.75, 9.48, 5.49, 20.43, 3.81, 28.13, 20.26, 9.74, 26.11, 0.0, 2.5, 7.47, 9.72, 26.51, 9.63, 4.21, 5.87, 3.53, 9.87, 9.75, 2.87, 26.95, 1.68, 9.51, 21.18, 9.94, 16.4, 12.56, 18.66, 26.24, 6.37, 4.78, 24.73, 24.55, 1.2, 1.89, 9.59, 8.67, 9.28, 3.82, 19.98, 26.3, 24.57, 9.06, 8.73], [0.0, 11.26, 1.18, 10.73, 14.04, 28.02, 2.73, 10.21, 3.43, 9.71, 10.71, 14.6, 27.89, 3.24, 12.27, 15.6, 19.65, 10.42, 7.77, 19.29, 6.2, 29.2, 19.09, 10.79, 26.2, 2.5, 0.0, 9.53, 11.24, 26.72, 10.62, 1.74, 8.11, 1.04, 10.99, 10.8, 5.31, 27.33, 0.83, 10.46, 20.15, 11.24, 14.72, 10.52, 17.26, 26.36, 8.56, 2.32, 24.42, 24.19, 3.68, 0.62, 11.17, 6.36, 10.18, 1.34, 18.76, 26.45, 24.22, 10.82, 9.55], [0.0, 4.38, 8.58, 2.05, 18.37, 22.14, 11.58, 5.5, 12.08, 5.52, 5.31, 18.64, 22.16, 11.95, 17.48, 19.1, 20.73, 5.45, 2.27, 20.6, 3.99, 21.75, 20.53, 5.26, 22.21, 7.47, 9.53, 0.0, 3.59, 22.23, 5.36, 10.86, 1.86, 10.34, 5.05, 5.24, 4.89, 22.21, 8.87, 5.43, 20.9, 4.5, 18.69, 16.53, 19.81, 22.22, 1.3, 11.29, 22.01, 21.97, 6.42, 9.04, 3.28, 14.05, 5.5, 10.56, 20.41, 22.22, 21.97, 2.25, 5.5], [0.0, 0.95, 10.55, 1.63, 16.9, 18.61, 12.68, 2.91, 13.01, 3.25, 2.38, 17.04, 18.62, 12.92, 16.4, 17.29, 18.09, 2.71, 5.58, 18.03, 7.01, 18.56, 18.0, 2.27, 18.64, 9.72, 11.24, 3.59, 0.0, 18.64, 2.49, 12.17, 5.23, 11.81, 1.91, 2.25, 7.73, 18.63, 10.76, 2.67, 18.16, 1.11, 17.07, 15.85, 17.65, 18.64, 4.75, 12.47, 18.59, 18.58, 8.93, 10.88, 0.35, 14.31, 2.93, 11.97, 17.94, 18.64, 18.58, 1.43, 3.33], [0.0, 17.88, 26.68, 20.24, 20.29, 4.32, 26.44, 17.51, 26.29, 17.83, 17.34, 19.77, 3.81, 26.34, 21.79, 18.78, 13.92, 17.41, 24.06, 14.43, 25.15, 10.05, 14.69, 17.34, 1.47, 26.51, 26.72, 22.23, 18.64, 0.0, 17.35, 26.6, 23.76, 26.68, 17.4, 17.34, 25.62, 1.87, 26.71, 17.4, 13.21, 17.78, 19.66, 23.07, 16.98, 1.04, 23.34, 26.52, 5.73, 6.2, 26.23, 26.72, 18.96, 25.33, 17.52, 26.65, 15.12, 0.79, 6.15, 20.03, 17.95], [0.0, 1.62, 10.17, 3.86, 14.49, 17.86, 11.56, 0.54, 11.78, 1.07, 0.14, 14.61, 17.8, 11.73, 14.1, 14.82, 15.65, 0.28, 6.81, 15.57, 7.8, 18.59, 15.53, 0.26, 17.18, 9.63, 10.62, 5.36, 2.49, 17.35, 0.0, 11.24, 6.56, 11.0, 0.67, 0.29, 8.29, 17.57, 10.31, 0.22, 15.75, 1.48, 14.64, 13.7, 15.16, 17.23, 6.21, 11.43, 16.69, 16.64, 9.1, 10.39, 2.79, 12.64, 0.57, 11.1, 15.47, 17.26, 16.65, 3.69, 1.21], [0.0, 12.07, 2.91, 11.86, 12.68, 28.16, 1.0, 10.77, 1.71, 10.24, 11.34, 13.27, 27.99, 1.52, 10.81, 14.33, 18.68, 11.01, 9.26, 18.28, 7.79, 29.68, 18.07, 11.43, 25.99, 4.21, 1.74, 10.86, 12.17, 26.6, 11.24, 0.0, 9.58, 0.69, 11.68, 11.44, 6.93, 27.32, 2.56, 11.05, 19.23, 12.03, 13.39, 8.98, 16.1, 26.18, 9.99, 0.59, 23.95, 23.7, 5.37, 2.35, 12.15, 4.69, 10.74, 0.4, 17.72, 26.28, 23.73, 11.92, 10.09], [0.0, 5.9, 7.07, 3.83, 18.31, 23.84, 10.39, 6.56, 10.95, 6.44, 6.54, 18.64, 23.85, 10.8, 17.22, 19.22, 21.34, 6.58, 0.42, 21.16, 2.19, 23.59, 21.07, 6.51, 23.68, 5.87, 8.11, 1.86, 5.23, 23.76, 6.56, 9.58, 0.0, 9.0, 6.39, 6.51, 3.13, 23.83, 7.39, 6.58, 21.57, 5.99, 18.71, 16.09, 20.13, 23.71, 0.56, 10.06, 23.23, 23.16, 4.75, 7.58, 4.96, 13.18, 6.56, 9.25, 20.91, 23.72, 23.17, 4.02, 6.38], [0.0, 11.76, 2.22, 11.42, 13.24, 28.13, 1.7, 10.55, 2.4, 10.03, 11.09, 13.81, 27.98, 2.21, 11.41, 14.86, 19.09, 10.78, 8.67, 18.7, 7.16, 29.51, 18.5, 11.18, 26.1, 3.53, 1.04, 10.34, 11.81, 26.68, 11.0, 0.69, 9.0, 0.0, 11.42, 11.2, 6.29, 27.35, 1.87, 10.83, 19.62, 11.73, 13.94, 9.61, 16.58, 26.27, 9.43, 1.28, 24.16, 23.92, 4.7, 1.66, 11.77, 5.37, 10.52, 0.29, 18.15, 26.37, 23.95, 11.49, 9.88], [0.0, 0.99, 10.48, 3.39, 15.15, 17.75, 12.05, 1.19, 12.3, 1.68, 0.53, 15.26, 17.71, 12.23, 14.77, 15.46, 16.18, 0.94, 6.67, 16.12, 7.8, 18.28, 16.09, 0.41, 17.29, 9.87, 10.99, 5.05, 1.91, 17.4, 0.67, 11.68, 6.39, 11.42, 0.0, 0.38, 8.36, 17.55, 10.64, 0.88, 16.27, 0.83, 15.29, 14.36, 15.77, 17.32, 6.0, 11.9, 16.96, 16.92, 9.27, 10.73, 2.23, 13.24, 1.22, 11.53, 16.03, 17.34, 16.92, 3.21, 1.81], [0.0, 1.36, 10.33, 3.67, 14.77, 17.78, 11.79, 0.82, 12.02, 1.34, 0.15, 14.88, 17.73, 11.96, 14.39, 15.09, 15.86, 0.56, 6.77, 15.79, 7.82, 18.43, 15.75, 0.02, 17.2, 9.75, 10.8, 5.24, 2.25, 17.34, 0.29, 11.44, 6.51, 11.2, 0.38, 0.0, 8.34, 17.53, 10.4